Fitness,Depth,Nodes,Generations,time_since_the_start_of_the_evolution,seed,genotype_as_str
100.0,10,18,1,1.453413963317871,10115,"Genotype(dna=[68608, 54118, 20547, 4030, 42725, 8918, 36990, 52772, 24412, 79207, 50289, 19568, 96671, 69135, 7394, 69440, 41111, 52219, 73013, 85912, 36181, 64973, 47621, 4077, 74369, 37277, 71232, 62026, 48036, 62957, 88132, 51727, 37988, 3087, 90792, 12629, 67150, 87892, 13115, 80016, 51167, 77741, 98720, 47404, 34203, 59117, 58272, 6314, 39759, 35180, 89586, 18649, 93503, 640, 98990, 38402, 75080, 42615, 6119, 8694, 32439, 32043, 35715, 84345, 20133, 24631, 8035, 28275, 10453, 30581, 84930, 34237, 82251, 9347, 24890, 58071, 80202, 13107, 88548, 35720, 96588, 24561, 43117, 17304, 24118, 68120, 83610, 80958, 50391, 23600, 74617, 43048, 94975, 37424, 76750, 36209, 64798, 45751, 13187, 65166, 27181, 52661, 60775, 54513, 88664, 12916, 79901, 51796, 80076, 67573, 15838, 20302, 35605, 69490, 80877, 26053, 1436, 98098, 56003, 59749, 64825, 88695, 64763, 62893, 41956, 32690, 59334, 90149, 345, 87627, 28747, 31205, 7391, 28397, 76453, 46529, 54087, 41147, 17327, 68231, 90232, 35047, 66442, 7325, 52578, 21835, 88088, 90186, 43075, 63007, 3577, 29733, 90052, 92766, 12825, 53852, 30138, 3978, 36085, 22734, 41635, 76913, 20746, 45856, 91986, 30738, 80352, 36892, 97953, 8493, 50071, 53573, 51006, 16021, 15435, 25133, 84568, 26663, 61854, 50864, 66687, 31866, 10337, 53349, 44557, 31549, 99665, 17072, 89681, 62868, 12363, 80532, 13231, 41451, 37724, 25551, 80995, 81514, 90417, 42688, 5579, 58029, 78312, 3150, 56451, 92083, 15393, 74675, 7432, 72536, 56957, 7804, 26825, 3213, 61260, 55652, 33470, 9094, 97222, 49922, 69438, 17349, 90302, 97233, 61272, 33128, 17826, 13750, 13065, 74806, 85388, 96511, 26971, 75552, 41884, 52833, 4285, 98176, 33003, 58655, 26415, 28627, 58376, 75541, 59604, 76216, 62460, 22635, 87953, 32001, 71138, 54742, 54897, 83422, 65619, 41262])"
100.0,10,18,2,1.9522912502288818,10115,"Genotype(dna=[68608, 54118, 20547, 4030, 42725, 8918, 36990, 52772, 24412, 79207, 50289, 19568, 96671, 69135, 7394, 69440, 41111, 52219, 73013, 85912, 36181, 64973, 47621, 4077, 74369, 37277, 71232, 62026, 48036, 62957, 88132, 51727, 37988, 3087, 90792, 12629, 67150, 87892, 13115, 80016, 51167, 77741, 98720, 47404, 34203, 59117, 58272, 6314, 39759, 35180, 89586, 18649, 93503, 640, 98990, 38402, 75080, 42615, 6119, 8694, 32439, 32043, 35715, 84345, 20133, 24631, 8035, 28275, 10453, 30581, 84930, 34237, 82251, 9347, 24890, 58071, 80202, 13107, 88548, 35720, 96588, 24561, 43117, 17304, 24118, 68120, 83610, 80958, 50391, 23600, 74617, 43048, 94975, 37424, 76750, 36209, 64798, 45751, 13187, 65166, 27181, 52661, 60775, 54513, 88664, 12916, 79901, 51796, 80076, 67573, 15838, 20302, 35605, 69490, 80877, 26053, 1436, 98098, 56003, 59749, 64825, 88695, 64763, 62893, 41956, 32690, 59334, 90149, 345, 87627, 28747, 31205, 7391, 28397, 76453, 46529, 54087, 41147, 17327, 68231, 90232, 35047, 66442, 7325, 52578, 21835, 88088, 90186, 43075, 63007, 3577, 29733, 90052, 92766, 12825, 53852, 30138, 3978, 36085, 22734, 41635, 76913, 20746, 45856, 91986, 30738, 80352, 36892, 97953, 8493, 50071, 53573, 51006, 16021, 15435, 25133, 84568, 26663, 61854, 50864, 66687, 31866, 10337, 53349, 44557, 31549, 99665, 17072, 89681, 62868, 12363, 80532, 13231, 41451, 37724, 25551, 80995, 81514, 90417, 42688, 5579, 58029, 78312, 3150, 56451, 92083, 15393, 74675, 7432, 72536, 56957, 7804, 26825, 3213, 61260, 55652, 33470, 9094, 97222, 49922, 69438, 17349, 90302, 97233, 61272, 33128, 17826, 13750, 13065, 74806, 85388, 96511, 26971, 75552, 41884, 52833, 4285, 98176, 33003, 58655, 26415, 28627, 58376, 75541, 59604, 76216, 62460, 22635, 87953, 32001, 71138, 54742, 54897, 83422, 65619, 41262])"
90.0,10,18,3,2.7018094062805176,10115,"Genotype(dna=[68608, 54118, 20547, 4030, 42725, 8918, 36990, 52772, 24412, 79207, 50289, 19568, 96671, 69135, 7394, 69440, 41111, 45423, 73013, 85912, 36181, 64973, 47621, 4077, 74369, 37277, 71232, 62026, 48036, 62957, 88132, 51727, 37988, 3087, 90792, 12629, 67150, 87892, 13115, 80016, 51167, 77741, 98720, 47404, 34203, 59117, 58272, 6314, 39759, 35180, 89586, 18649, 93503, 640, 98990, 38402, 75080, 42615, 6119, 8694, 32439, 32043, 35715, 84345, 20133, 24631, 8035, 46708, 10453, 30581, 84930, 34237, 82251, 9347, 24890, 58071, 80202, 13107, 88548, 35720, 96588, 24561, 43117, 17304, 63513, 61055, 83610, 80958, 50391, 23600, 74617, 43048, 94975, 37424, 91491, 36209, 64798, 45751, 13187, 22623, 27181, 52661, 60775, 54513, 88664, 12916, 79901, 51796, 80076, 67573, 15838, 20302, 35605, 69490, 80877, 26053, 1436, 98098, 56003, 59749, 64825, 88695, 64763, 62893, 41956, 32690, 59334, 85934, 345, 87627, 28747, 31205, 7391, 28397, 76453, 46529, 54087, 41147, 17327, 68231, 90232, 35047, 66442, 7325, 52578, 21835, 88088, 90186, 43075, 33937, 3577, 29733, 90052, 92766, 12825, 53852, 30138, 3978, 36085, 22734, 41635, 76913, 20746, 45856, 91986, 30738, 49064, 36892, 97953, 8493, 50071, 53573, 51006, 16021, 15435, 25133, 84568, 58630, 61854, 50864, 66687, 31866, 10337, 53349, 44557, 31549, 99665, 17072, 89681, 62868, 12363, 80532, 13231, 41451, 37724, 25551, 80995, 81514, 90417, 42688, 84533, 58029, 78312, 3150, 56451, 92083, 15393, 74675, 7432, 72536, 56957, 7804, 26825, 3213, 61260, 55652, 33470, 9094, 97222, 49922, 69438, 17349, 90302, 97233, 61272, 19034, 33181, 39809, 6512, 61739, 90321, 88236, 65324, 10650, 3917, 29934, 2980, 38566, 44103, 12580, 30357, 83698, 69859, 54492, 32949, 65708, 25202, 95794, 6222, 21819, 84189, 91571, 95017, 45865, 20293, 77381])"
90.0,10,18,4,3.1133532524108887,10115,"Genotype(dna=[68608, 54118, 20547, 4030, 42725, 8918, 36990, 52772, 24412, 79207, 50289, 19568, 96671, 69135, 7394, 69440, 41111, 45423, 73013, 85912, 36181, 64973, 47621, 4077, 74369, 37277, 71232, 62026, 48036, 62957, 88132, 51727, 37988, 3087, 90792, 12629, 67150, 87892, 13115, 80016, 51167, 77741, 98720, 47404, 34203, 59117, 58272, 6314, 39759, 35180, 89586, 18649, 93503, 640, 98990, 38402, 75080, 42615, 6119, 8694, 32439, 32043, 35715, 84345, 20133, 24631, 8035, 46708, 10453, 30581, 84930, 34237, 82251, 9347, 24890, 58071, 80202, 13107, 88548, 35720, 96588, 24561, 43117, 17304, 63513, 61055, 83610, 80958, 50391, 23600, 74617, 43048, 94975, 37424, 91491, 36209, 64798, 45751, 13187, 22623, 27181, 52661, 60775, 54513, 88664, 12916, 79901, 51796, 80076, 67573, 15838, 20302, 35605, 69490, 80877, 26053, 1436, 98098, 56003, 59749, 64825, 88695, 64763, 62893, 41956, 32690, 59334, 85934, 345, 87627, 28747, 31205, 7391, 28397, 76453, 46529, 54087, 41147, 17327, 68231, 90232, 35047, 66442, 7325, 52578, 21835, 88088, 90186, 43075, 33937, 3577, 29733, 90052, 92766, 12825, 53852, 30138, 3978, 36085, 22734, 41635, 76913, 20746, 45856, 91986, 30738, 49064, 36892, 97953, 8493, 50071, 53573, 51006, 16021, 15435, 25133, 84568, 58630, 61854, 50864, 66687, 31866, 10337, 53349, 44557, 31549, 99665, 17072, 89681, 62868, 12363, 80532, 13231, 41451, 37724, 25551, 80995, 81514, 90417, 42688, 84533, 58029, 78312, 3150, 56451, 92083, 15393, 74675, 7432, 72536, 56957, 7804, 26825, 3213, 61260, 55652, 33470, 9094, 97222, 49922, 69438, 17349, 90302, 97233, 61272, 19034, 33181, 39809, 6512, 61739, 90321, 88236, 65324, 10650, 3917, 29934, 2980, 38566, 44103, 12580, 30357, 83698, 69859, 54492, 32949, 65708, 25202, 95794, 6222, 21819, 84189, 91571, 95017, 45865, 20293, 77381])"
90.0,10,18,5,3.479567050933838,10115,"Genotype(dna=[68608, 54118, 20547, 4030, 42725, 8918, 36990, 52772, 24412, 79207, 50289, 19568, 96671, 69135, 7394, 69440, 41111, 45423, 73013, 85912, 36181, 64973, 47621, 4077, 74369, 37277, 71232, 62026, 48036, 62957, 88132, 51727, 37988, 3087, 90792, 12629, 67150, 87892, 13115, 80016, 51167, 77741, 98720, 47404, 34203, 59117, 58272, 6314, 39759, 35180, 89586, 18649, 93503, 640, 98990, 38402, 75080, 42615, 6119, 8694, 32439, 32043, 35715, 84345, 20133, 24631, 8035, 46708, 10453, 30581, 84930, 34237, 82251, 9347, 24890, 58071, 80202, 13107, 88548, 35720, 96588, 24561, 43117, 17304, 63513, 61055, 83610, 80958, 50391, 23600, 74617, 43048, 94975, 37424, 91491, 36209, 64798, 45751, 13187, 22623, 27181, 52661, 60775, 54513, 88664, 12916, 79901, 51796, 80076, 67573, 15838, 20302, 35605, 69490, 80877, 26053, 1436, 98098, 56003, 59749, 64825, 88695, 64763, 62893, 41956, 32690, 59334, 85934, 345, 87627, 28747, 31205, 7391, 28397, 76453, 46529, 54087, 41147, 17327, 68231, 90232, 35047, 66442, 7325, 52578, 21835, 88088, 90186, 43075, 33937, 3577, 29733, 90052, 92766, 12825, 53852, 30138, 3978, 36085, 22734, 41635, 76913, 20746, 45856, 91986, 30738, 49064, 36892, 97953, 8493, 50071, 53573, 51006, 16021, 15435, 25133, 84568, 58630, 61854, 50864, 66687, 31866, 10337, 53349, 44557, 31549, 99665, 17072, 89681, 62868, 12363, 80532, 13231, 41451, 37724, 25551, 80995, 81514, 90417, 42688, 84533, 58029, 78312, 3150, 56451, 92083, 15393, 74675, 7432, 72536, 56957, 7804, 26825, 3213, 61260, 55652, 33470, 9094, 97222, 49922, 69438, 17349, 90302, 97233, 61272, 19034, 33181, 39809, 6512, 61739, 90321, 88236, 65324, 10650, 3917, 29934, 2980, 38566, 44103, 12580, 30357, 83698, 69859, 54492, 32949, 65708, 25202, 95794, 6222, 21819, 84189, 91571, 95017, 45865, 20293, 77381])"
87.0,10,18,6,4.001896619796753,10115,"Genotype(dna=[68608, 54118, 20547, 4030, 42725, 8918, 36990, 52772, 24412, 35087, 50289, 19568, 96671, 69135, 7394, 69440, 41111, 45423, 73013, 85912, 36181, 64973, 47621, 4077, 74369, 37277, 71232, 62026, 48036, 62957, 88132, 51727, 37988, 3087, 90792, 12629, 67150, 60239, 13115, 80016, 51167, 77741, 98720, 47404, 34203, 59117, 58272, 6314, 37471, 35180, 89586, 18649, 93503, 640, 98990, 38402, 75080, 42615, 6119, 8694, 32439, 32043, 35715, 84345, 20133, 57932, 8035, 46708, 10453, 30581, 84930, 34237, 82251, 9347, 34480, 58071, 80202, 13107, 88548, 35720, 96588, 24561, 43117, 17304, 63513, 61055, 83610, 80958, 50391, 23600, 85228, 43048, 94975, 37424, 91491, 36209, 64798, 45751, 13187, 22623, 27181, 52661, 60775, 54513, 88664, 12916, 79901, 51796, 80076, 36525, 15838, 20302, 35605, 69490, 80877, 26053, 1436, 98098, 56003, 59749, 64825, 88695, 64763, 62893, 41956, 32690, 59334, 85934, 345, 87627, 28747, 31205, 7391, 28397, 76453, 46529, 54087, 76838, 17327, 68231, 90232, 35047, 66442, 7325, 52578, 21835, 50554, 90186, 43075, 33937, 3577, 29733, 90052, 92766, 12825, 53852, 30138, 3978, 36085, 22734, 41635, 76913, 20746, 45856, 91986, 57650, 49064, 36892, 97953, 8493, 50071, 53573, 51006, 16021, 15435, 25133, 84568, 58630, 61854, 50864, 66687, 31866, 10337, 53349, 44557, 31549, 99665, 17072, 89681, 62868, 12363, 80532, 13231, 41451, 37724, 25551, 80995, 81514, 90417, 42688, 84533, 58029, 78312, 3150, 56451, 92083, 15393, 74675, 7432, 72536, 56957, 7804, 26825, 3213, 61260, 55652, 33470, 9094, 97222, 49922, 69438, 17349, 90302, 97233, 61272, 19034, 33181, 39809, 6512, 61739, 90321, 66019, 65324, 10650, 3917, 42658, 2980, 38566, 44103, 12580, 30357, 39508, 69859, 54492, 32949, 65708, 25202, 95794, 6222, 21819, 84189, 91571, 95017, 45865, 20293, 77381])"
87.0,10,18,7,4.519570589065552,10115,"Genotype(dna=[68608, 54118, 20547, 4030, 42725, 8918, 36990, 52772, 24412, 35087, 50289, 19568, 96671, 69135, 7394, 69440, 41111, 45423, 73013, 85912, 36181, 64973, 47621, 4077, 74369, 37277, 71232, 62026, 48036, 62957, 88132, 51727, 37988, 3087, 90792, 12629, 67150, 60239, 13115, 80016, 51167, 77741, 98720, 47404, 34203, 59117, 58272, 6314, 37471, 35180, 89586, 18649, 93503, 640, 98990, 38402, 75080, 42615, 6119, 8694, 32439, 32043, 35715, 84345, 20133, 57932, 8035, 46708, 10453, 30581, 84930, 34237, 82251, 9347, 34480, 58071, 80202, 13107, 88548, 35720, 96588, 24561, 43117, 17304, 63513, 61055, 83610, 80958, 50391, 23600, 85228, 43048, 94975, 37424, 91491, 36209, 64798, 45751, 13187, 22623, 27181, 52661, 60775, 54513, 88664, 12916, 79901, 51796, 80076, 36525, 15838, 20302, 35605, 69490, 80877, 26053, 1436, 98098, 56003, 59749, 64825, 88695, 64763, 62893, 41956, 32690, 59334, 85934, 345, 87627, 28747, 31205, 7391, 28397, 76453, 46529, 54087, 76838, 17327, 68231, 90232, 35047, 66442, 7325, 52578, 21835, 50554, 90186, 43075, 33937, 3577, 29733, 90052, 92766, 12825, 53852, 30138, 3978, 36085, 22734, 41635, 76913, 20746, 45856, 91986, 57650, 49064, 36892, 97953, 8493, 50071, 53573, 51006, 16021, 15435, 25133, 84568, 58630, 61854, 50864, 66687, 31866, 10337, 53349, 44557, 31549, 99665, 17072, 89681, 62868, 12363, 80532, 13231, 41451, 37724, 25551, 80995, 81514, 90417, 42688, 84533, 58029, 78312, 3150, 56451, 92083, 15393, 74675, 7432, 72536, 56957, 7804, 26825, 3213, 61260, 55652, 33470, 9094, 97222, 49922, 69438, 17349, 90302, 97233, 61272, 19034, 33181, 39809, 6512, 61739, 90321, 66019, 65324, 10650, 3917, 42658, 2980, 38566, 44103, 12580, 30357, 39508, 69859, 54492, 32949, 65708, 25202, 95794, 6222, 21819, 84189, 91571, 95017, 45865, 20293, 77381])"
87.0,10,18,8,4.943812608718872,10115,"Genotype(dna=[68608, 54118, 20547, 4030, 42725, 8918, 36990, 52772, 24412, 35087, 50289, 19568, 96671, 69135, 7394, 69440, 41111, 45423, 73013, 85912, 36181, 64973, 47621, 4077, 74369, 37277, 71232, 62026, 48036, 62957, 88132, 51727, 37988, 3087, 90792, 12629, 67150, 60239, 13115, 80016, 51167, 77741, 98720, 47404, 34203, 59117, 58272, 6314, 37471, 35180, 89586, 18649, 93503, 640, 98990, 38402, 75080, 42615, 6119, 8694, 32439, 32043, 35715, 84345, 20133, 57932, 8035, 46708, 10453, 30581, 84930, 34237, 82251, 9347, 34480, 58071, 80202, 13107, 88548, 35720, 96588, 24561, 43117, 17304, 63513, 61055, 83610, 80958, 50391, 23600, 85228, 43048, 94975, 37424, 91491, 36209, 64798, 45751, 13187, 22623, 27181, 52661, 60775, 54513, 88664, 12916, 79901, 51796, 80076, 36525, 15838, 20302, 35605, 69490, 80877, 26053, 1436, 98098, 56003, 59749, 64825, 88695, 64763, 62893, 41956, 32690, 59334, 85934, 345, 87627, 28747, 31205, 7391, 28397, 76453, 46529, 54087, 76838, 17327, 68231, 90232, 35047, 66442, 7325, 52578, 21835, 50554, 90186, 43075, 33937, 3577, 29733, 90052, 92766, 12825, 53852, 30138, 3978, 36085, 22734, 41635, 76913, 20746, 45856, 91986, 57650, 49064, 36892, 97953, 8493, 50071, 53573, 51006, 16021, 15435, 25133, 84568, 58630, 61854, 50864, 66687, 31866, 10337, 53349, 44557, 31549, 99665, 17072, 89681, 62868, 12363, 80532, 13231, 41451, 37724, 25551, 80995, 81514, 90417, 42688, 84533, 58029, 78312, 3150, 56451, 92083, 15393, 74675, 7432, 72536, 56957, 7804, 26825, 3213, 61260, 55652, 33470, 9094, 97222, 49922, 69438, 17349, 90302, 97233, 61272, 19034, 33181, 39809, 6512, 61739, 90321, 66019, 65324, 10650, 3917, 42658, 2980, 38566, 44103, 12580, 30357, 39508, 69859, 54492, 32949, 65708, 25202, 95794, 6222, 21819, 84189, 91571, 95017, 45865, 20293, 77381])"
87.0,10,18,9,5.316122531890869,10115,"Genotype(dna=[68608, 54118, 20547, 4030, 42725, 8918, 36990, 52772, 24412, 35087, 50289, 19568, 96671, 69135, 7394, 69440, 41111, 45423, 73013, 85912, 36181, 64973, 47621, 4077, 74369, 37277, 71232, 62026, 48036, 62957, 88132, 51727, 37988, 3087, 90792, 12629, 67150, 60239, 13115, 80016, 51167, 77741, 98720, 47404, 34203, 59117, 58272, 6314, 37471, 35180, 89586, 18649, 93503, 640, 98990, 38402, 75080, 42615, 6119, 8694, 32439, 32043, 35715, 84345, 20133, 57932, 8035, 46708, 10453, 30581, 84930, 34237, 82251, 9347, 34480, 58071, 80202, 13107, 88548, 35720, 96588, 24561, 43117, 17304, 63513, 61055, 83610, 80958, 50391, 23600, 85228, 43048, 94975, 37424, 91491, 36209, 64798, 45751, 13187, 22623, 27181, 52661, 60775, 54513, 88664, 12916, 79901, 51796, 80076, 36525, 15838, 20302, 35605, 69490, 80877, 26053, 1436, 98098, 56003, 59749, 64825, 88695, 64763, 62893, 41956, 32690, 59334, 85934, 345, 87627, 28747, 31205, 7391, 28397, 76453, 46529, 54087, 76838, 17327, 68231, 90232, 35047, 66442, 7325, 52578, 21835, 50554, 90186, 43075, 33937, 3577, 29733, 90052, 92766, 12825, 53852, 30138, 3978, 36085, 22734, 41635, 76913, 20746, 45856, 91986, 57650, 49064, 36892, 97953, 8493, 50071, 53573, 51006, 16021, 15435, 25133, 84568, 58630, 61854, 50864, 66687, 31866, 10337, 53349, 44557, 31549, 99665, 17072, 89681, 62868, 12363, 80532, 13231, 41451, 37724, 25551, 80995, 81514, 90417, 42688, 84533, 58029, 78312, 3150, 56451, 92083, 15393, 74675, 7432, 72536, 56957, 7804, 26825, 3213, 61260, 55652, 33470, 9094, 97222, 49922, 69438, 17349, 90302, 97233, 61272, 19034, 33181, 39809, 6512, 61739, 90321, 66019, 65324, 10650, 3917, 42658, 2980, 38566, 44103, 12580, 30357, 39508, 69859, 54492, 32949, 65708, 25202, 95794, 6222, 21819, 84189, 91571, 95017, 45865, 20293, 77381])"
87.0,10,18,10,5.640548944473267,10115,"Genotype(dna=[68608, 54118, 20547, 4030, 42725, 8918, 36990, 52772, 24412, 35087, 50289, 19568, 96671, 69135, 7394, 69440, 41111, 45423, 73013, 85912, 36181, 64973, 47621, 4077, 74369, 37277, 71232, 62026, 48036, 62957, 88132, 51727, 37988, 3087, 90792, 12629, 67150, 60239, 13115, 80016, 51167, 77741, 98720, 47404, 34203, 59117, 58272, 6314, 37471, 35180, 89586, 18649, 93503, 640, 98990, 38402, 75080, 42615, 6119, 8694, 32439, 32043, 35715, 84345, 20133, 57932, 8035, 46708, 10453, 30581, 84930, 34237, 82251, 9347, 34480, 58071, 80202, 13107, 88548, 35720, 96588, 24561, 43117, 17304, 63513, 61055, 83610, 80958, 50391, 23600, 85228, 43048, 94975, 37424, 91491, 36209, 64798, 45751, 13187, 22623, 27181, 52661, 60775, 54513, 88664, 12916, 79901, 51796, 80076, 36525, 15838, 20302, 35605, 69490, 80877, 26053, 1436, 98098, 56003, 59749, 64825, 88695, 64763, 62893, 41956, 32690, 59334, 85934, 345, 87627, 28747, 31205, 7391, 28397, 76453, 46529, 54087, 76838, 17327, 68231, 90232, 35047, 66442, 7325, 52578, 21835, 50554, 90186, 43075, 33937, 3577, 29733, 90052, 92766, 12825, 53852, 30138, 3978, 36085, 22734, 41635, 76913, 20746, 45856, 91986, 57650, 49064, 36892, 97953, 8493, 50071, 53573, 51006, 16021, 15435, 25133, 84568, 58630, 61854, 50864, 66687, 31866, 10337, 53349, 44557, 31549, 99665, 17072, 89681, 62868, 12363, 80532, 13231, 41451, 37724, 25551, 80995, 81514, 90417, 42688, 84533, 58029, 78312, 3150, 56451, 92083, 15393, 74675, 7432, 72536, 56957, 7804, 26825, 3213, 61260, 55652, 33470, 9094, 97222, 49922, 69438, 17349, 90302, 97233, 61272, 19034, 33181, 39809, 6512, 61739, 90321, 66019, 65324, 10650, 3917, 42658, 2980, 38566, 44103, 12580, 30357, 39508, 69859, 54492, 32949, 65708, 25202, 95794, 6222, 21819, 84189, 91571, 95017, 45865, 20293, 77381])"
87.0,10,18,11,6.018599987030029,10115,"Genotype(dna=[68608, 54118, 20547, 4030, 42725, 8918, 36990, 52772, 24412, 35087, 50289, 19568, 96671, 69135, 7394, 69440, 41111, 45423, 73013, 85912, 36181, 64973, 47621, 4077, 74369, 37277, 71232, 62026, 48036, 62957, 88132, 51727, 37988, 3087, 90792, 12629, 67150, 60239, 13115, 80016, 51167, 77741, 98720, 47404, 34203, 59117, 58272, 6314, 37471, 35180, 89586, 18649, 93503, 640, 98990, 38402, 75080, 42615, 6119, 8694, 32439, 32043, 35715, 84345, 20133, 57932, 8035, 46708, 10453, 30581, 84930, 34237, 82251, 9347, 34480, 58071, 80202, 13107, 88548, 35720, 96588, 24561, 43117, 17304, 63513, 61055, 83610, 80958, 50391, 23600, 85228, 43048, 94975, 37424, 91491, 36209, 64798, 45751, 13187, 22623, 27181, 52661, 60775, 54513, 88664, 12916, 79901, 51796, 80076, 36525, 15838, 20302, 35605, 69490, 80877, 26053, 1436, 98098, 56003, 59749, 64825, 88695, 64763, 62893, 41956, 32690, 59334, 85934, 345, 87627, 28747, 31205, 7391, 28397, 76453, 46529, 54087, 76838, 17327, 68231, 90232, 35047, 66442, 7325, 52578, 21835, 50554, 90186, 43075, 33937, 3577, 29733, 90052, 92766, 12825, 53852, 30138, 3978, 36085, 22734, 41635, 76913, 20746, 45856, 91986, 57650, 49064, 36892, 97953, 8493, 50071, 53573, 51006, 16021, 15435, 25133, 84568, 58630, 61854, 50864, 66687, 31866, 10337, 53349, 44557, 31549, 99665, 17072, 89681, 62868, 12363, 80532, 13231, 41451, 37724, 25551, 80995, 81514, 90417, 42688, 84533, 58029, 78312, 3150, 56451, 92083, 15393, 74675, 7432, 72536, 56957, 7804, 26825, 3213, 61260, 55652, 33470, 9094, 97222, 49922, 69438, 17349, 90302, 97233, 61272, 19034, 33181, 39809, 6512, 61739, 90321, 66019, 65324, 10650, 3917, 42658, 2980, 38566, 44103, 12580, 30357, 39508, 69859, 54492, 32949, 65708, 25202, 95794, 6222, 21819, 84189, 91571, 95017, 45865, 20293, 77381])"
87.0,10,18,12,6.240169286727905,10115,"Genotype(dna=[68608, 54118, 20547, 4030, 42725, 8918, 36990, 52772, 24412, 35087, 50289, 19568, 96671, 69135, 7394, 69440, 41111, 45423, 73013, 85912, 36181, 64973, 47621, 4077, 74369, 37277, 71232, 62026, 48036, 62957, 88132, 51727, 37988, 3087, 90792, 12629, 67150, 60239, 13115, 80016, 51167, 77741, 98720, 47404, 34203, 59117, 58272, 6314, 37471, 35180, 89586, 18649, 93503, 640, 98990, 38402, 75080, 42615, 6119, 8694, 32439, 32043, 35715, 84345, 20133, 57932, 8035, 46708, 10453, 30581, 84930, 34237, 82251, 9347, 34480, 58071, 80202, 13107, 88548, 35720, 96588, 24561, 43117, 17304, 63513, 61055, 83610, 80958, 50391, 23600, 85228, 43048, 94975, 37424, 91491, 36209, 64798, 45751, 13187, 22623, 27181, 52661, 60775, 54513, 88664, 12916, 79901, 51796, 80076, 36525, 15838, 20302, 35605, 69490, 80877, 26053, 1436, 98098, 56003, 59749, 64825, 88695, 64763, 62893, 41956, 32690, 59334, 85934, 345, 87627, 28747, 31205, 7391, 28397, 76453, 46529, 54087, 76838, 17327, 68231, 90232, 35047, 66442, 7325, 52578, 21835, 50554, 90186, 43075, 33937, 3577, 29733, 90052, 92766, 12825, 53852, 30138, 3978, 36085, 22734, 41635, 76913, 20746, 45856, 91986, 57650, 49064, 36892, 97953, 8493, 50071, 53573, 51006, 16021, 15435, 25133, 84568, 58630, 61854, 50864, 66687, 31866, 10337, 53349, 44557, 31549, 99665, 17072, 89681, 62868, 12363, 80532, 13231, 41451, 37724, 25551, 80995, 81514, 90417, 42688, 84533, 58029, 78312, 3150, 56451, 92083, 15393, 74675, 7432, 72536, 56957, 7804, 26825, 3213, 61260, 55652, 33470, 9094, 97222, 49922, 69438, 17349, 90302, 97233, 61272, 19034, 33181, 39809, 6512, 61739, 90321, 66019, 65324, 10650, 3917, 42658, 2980, 38566, 44103, 12580, 30357, 39508, 69859, 54492, 32949, 65708, 25202, 95794, 6222, 21819, 84189, 91571, 95017, 45865, 20293, 77381])"
87.0,10,18,13,6.561262369155884,10115,"Genotype(dna=[68608, 54118, 20547, 4030, 42725, 8918, 36990, 52772, 24412, 35087, 50289, 19568, 96671, 69135, 7394, 69440, 41111, 45423, 73013, 85912, 36181, 64973, 47621, 4077, 74369, 37277, 71232, 62026, 48036, 62957, 88132, 51727, 37988, 3087, 90792, 12629, 67150, 60239, 13115, 80016, 51167, 77741, 98720, 47404, 34203, 59117, 58272, 6314, 37471, 35180, 89586, 18649, 93503, 640, 98990, 38402, 75080, 42615, 6119, 8694, 32439, 32043, 35715, 84345, 20133, 57932, 8035, 46708, 10453, 30581, 84930, 34237, 82251, 9347, 34480, 58071, 80202, 13107, 88548, 35720, 96588, 24561, 43117, 17304, 63513, 61055, 83610, 80958, 50391, 23600, 85228, 43048, 94975, 37424, 91491, 36209, 64798, 45751, 13187, 22623, 27181, 52661, 60775, 54513, 88664, 12916, 79901, 51796, 80076, 36525, 15838, 20302, 35605, 69490, 80877, 26053, 1436, 98098, 56003, 59749, 64825, 88695, 64763, 62893, 41956, 32690, 59334, 85934, 345, 87627, 28747, 31205, 7391, 28397, 76453, 46529, 54087, 76838, 17327, 68231, 90232, 35047, 66442, 7325, 52578, 21835, 50554, 90186, 43075, 33937, 3577, 29733, 90052, 92766, 12825, 53852, 30138, 3978, 36085, 22734, 41635, 76913, 20746, 45856, 91986, 57650, 49064, 36892, 97953, 8493, 50071, 53573, 51006, 16021, 15435, 25133, 84568, 58630, 61854, 50864, 66687, 31866, 10337, 53349, 44557, 31549, 99665, 17072, 89681, 62868, 12363, 80532, 13231, 41451, 37724, 25551, 80995, 81514, 90417, 42688, 84533, 58029, 78312, 3150, 56451, 92083, 15393, 74675, 7432, 72536, 56957, 7804, 26825, 3213, 61260, 55652, 33470, 9094, 97222, 49922, 69438, 17349, 90302, 97233, 61272, 19034, 33181, 39809, 6512, 61739, 90321, 66019, 65324, 10650, 3917, 42658, 2980, 38566, 44103, 12580, 30357, 39508, 69859, 54492, 32949, 65708, 25202, 95794, 6222, 21819, 84189, 91571, 95017, 45865, 20293, 77381])"
87.0,10,18,14,6.888935089111328,10115,"Genotype(dna=[68608, 54118, 20547, 4030, 42725, 8918, 36990, 52772, 24412, 35087, 50289, 19568, 96671, 69135, 7394, 69440, 41111, 45423, 73013, 85912, 36181, 64973, 47621, 4077, 74369, 37277, 71232, 62026, 48036, 62957, 88132, 51727, 37988, 3087, 90792, 12629, 67150, 60239, 13115, 80016, 51167, 77741, 98720, 47404, 34203, 59117, 58272, 6314, 37471, 35180, 89586, 18649, 93503, 640, 98990, 38402, 75080, 42615, 6119, 8694, 32439, 32043, 35715, 84345, 20133, 57932, 8035, 46708, 10453, 30581, 84930, 34237, 82251, 9347, 34480, 58071, 80202, 13107, 88548, 35720, 96588, 24561, 43117, 17304, 63513, 61055, 83610, 80958, 50391, 23600, 85228, 43048, 94975, 37424, 91491, 36209, 64798, 45751, 13187, 22623, 27181, 52661, 60775, 54513, 88664, 12916, 79901, 51796, 80076, 36525, 15838, 20302, 35605, 69490, 80877, 26053, 1436, 98098, 56003, 59749, 64825, 88695, 64763, 62893, 41956, 32690, 59334, 85934, 345, 87627, 28747, 31205, 7391, 28397, 76453, 46529, 54087, 76838, 17327, 68231, 90232, 35047, 66442, 7325, 52578, 21835, 50554, 90186, 43075, 33937, 3577, 29733, 90052, 92766, 12825, 53852, 30138, 3978, 36085, 22734, 41635, 76913, 20746, 45856, 91986, 57650, 49064, 36892, 97953, 8493, 50071, 53573, 51006, 16021, 15435, 25133, 84568, 58630, 61854, 50864, 66687, 31866, 10337, 53349, 44557, 31549, 99665, 17072, 89681, 62868, 12363, 80532, 13231, 41451, 37724, 25551, 80995, 81514, 90417, 42688, 84533, 58029, 78312, 3150, 56451, 92083, 15393, 74675, 7432, 72536, 56957, 7804, 26825, 3213, 61260, 55652, 33470, 9094, 97222, 49922, 69438, 17349, 90302, 97233, 61272, 19034, 33181, 39809, 6512, 61739, 90321, 66019, 65324, 10650, 3917, 42658, 2980, 38566, 44103, 12580, 30357, 39508, 69859, 54492, 32949, 65708, 25202, 95794, 6222, 21819, 84189, 91571, 95017, 45865, 20293, 77381])"
87.0,10,18,15,7.118912220001221,10115,"Genotype(dna=[68608, 54118, 20547, 4030, 42725, 8918, 36990, 52772, 24412, 35087, 50289, 19568, 96671, 69135, 7394, 69440, 41111, 45423, 73013, 85912, 36181, 64973, 47621, 4077, 74369, 37277, 71232, 62026, 48036, 62957, 88132, 51727, 37988, 3087, 90792, 12629, 67150, 60239, 13115, 80016, 51167, 77741, 98720, 47404, 34203, 59117, 58272, 6314, 37471, 35180, 89586, 18649, 93503, 640, 98990, 38402, 75080, 42615, 6119, 8694, 32439, 32043, 35715, 84345, 20133, 57932, 8035, 46708, 10453, 30581, 84930, 34237, 82251, 9347, 34480, 58071, 80202, 13107, 88548, 35720, 96588, 24561, 43117, 17304, 63513, 61055, 83610, 80958, 50391, 23600, 85228, 43048, 94975, 37424, 91491, 36209, 64798, 45751, 13187, 22623, 27181, 52661, 60775, 54513, 88664, 12916, 79901, 51796, 80076, 36525, 15838, 20302, 35605, 69490, 80877, 26053, 1436, 98098, 56003, 59749, 64825, 88695, 64763, 62893, 41956, 32690, 59334, 85934, 345, 87627, 28747, 31205, 7391, 28397, 76453, 46529, 54087, 76838, 17327, 68231, 90232, 35047, 66442, 7325, 52578, 21835, 50554, 90186, 43075, 33937, 3577, 29733, 90052, 92766, 12825, 53852, 30138, 3978, 36085, 22734, 41635, 76913, 20746, 45856, 91986, 57650, 49064, 36892, 97953, 8493, 50071, 53573, 51006, 16021, 15435, 25133, 84568, 58630, 61854, 50864, 66687, 31866, 10337, 53349, 44557, 31549, 99665, 17072, 89681, 62868, 12363, 80532, 13231, 41451, 37724, 25551, 80995, 81514, 90417, 42688, 84533, 58029, 78312, 3150, 56451, 92083, 15393, 74675, 7432, 72536, 56957, 7804, 26825, 3213, 61260, 55652, 33470, 9094, 97222, 49922, 69438, 17349, 90302, 97233, 61272, 19034, 33181, 39809, 6512, 61739, 90321, 66019, 65324, 10650, 3917, 42658, 2980, 38566, 44103, 12580, 30357, 39508, 69859, 54492, 32949, 65708, 25202, 95794, 6222, 21819, 84189, 91571, 95017, 45865, 20293, 77381])"
87.0,10,18,16,7.366894960403442,10115,"Genotype(dna=[68608, 54118, 20547, 4030, 42725, 8918, 36990, 52772, 24412, 35087, 50289, 19568, 96671, 69135, 7394, 69440, 41111, 45423, 73013, 85912, 36181, 64973, 47621, 4077, 74369, 37277, 71232, 62026, 48036, 62957, 88132, 51727, 37988, 3087, 90792, 12629, 67150, 60239, 13115, 80016, 51167, 77741, 98720, 47404, 34203, 59117, 58272, 6314, 37471, 35180, 89586, 18649, 93503, 640, 98990, 38402, 75080, 42615, 6119, 8694, 32439, 32043, 35715, 84345, 20133, 57932, 8035, 46708, 10453, 30581, 84930, 34237, 82251, 9347, 34480, 58071, 80202, 13107, 88548, 35720, 96588, 24561, 43117, 17304, 63513, 61055, 83610, 80958, 50391, 23600, 85228, 43048, 94975, 37424, 91491, 36209, 64798, 45751, 13187, 22623, 27181, 52661, 60775, 54513, 88664, 12916, 79901, 51796, 80076, 36525, 15838, 20302, 35605, 69490, 80877, 26053, 1436, 98098, 56003, 59749, 64825, 88695, 64763, 62893, 41956, 32690, 59334, 85934, 345, 87627, 28747, 31205, 7391, 28397, 76453, 46529, 54087, 76838, 17327, 68231, 90232, 35047, 66442, 7325, 52578, 21835, 50554, 90186, 43075, 33937, 3577, 29733, 90052, 92766, 12825, 53852, 30138, 3978, 36085, 22734, 41635, 76913, 20746, 45856, 91986, 57650, 49064, 36892, 97953, 8493, 50071, 53573, 51006, 16021, 15435, 25133, 84568, 58630, 61854, 50864, 66687, 31866, 10337, 53349, 44557, 31549, 99665, 17072, 89681, 62868, 12363, 80532, 13231, 41451, 37724, 25551, 80995, 81514, 90417, 42688, 84533, 58029, 78312, 3150, 56451, 92083, 15393, 74675, 7432, 72536, 56957, 7804, 26825, 3213, 61260, 55652, 33470, 9094, 97222, 49922, 69438, 17349, 90302, 97233, 61272, 19034, 33181, 39809, 6512, 61739, 90321, 66019, 65324, 10650, 3917, 42658, 2980, 38566, 44103, 12580, 30357, 39508, 69859, 54492, 32949, 65708, 25202, 95794, 6222, 21819, 84189, 91571, 95017, 45865, 20293, 77381])"
87.0,10,18,17,7.66643214225769,10115,"Genotype(dna=[68608, 54118, 20547, 4030, 42725, 8918, 36990, 52772, 24412, 35087, 50289, 19568, 96671, 69135, 7394, 69440, 41111, 45423, 73013, 85912, 36181, 64973, 47621, 4077, 74369, 37277, 71232, 62026, 48036, 62957, 88132, 51727, 37988, 3087, 90792, 12629, 67150, 60239, 13115, 80016, 51167, 77741, 98720, 47404, 34203, 59117, 58272, 6314, 37471, 35180, 89586, 18649, 93503, 640, 98990, 38402, 75080, 42615, 6119, 8694, 32439, 32043, 35715, 84345, 20133, 57932, 8035, 46708, 10453, 30581, 84930, 34237, 82251, 9347, 34480, 58071, 80202, 13107, 88548, 35720, 96588, 24561, 43117, 17304, 63513, 61055, 83610, 80958, 50391, 23600, 85228, 43048, 94975, 37424, 91491, 36209, 64798, 45751, 13187, 22623, 27181, 52661, 60775, 54513, 88664, 12916, 79901, 51796, 80076, 36525, 15838, 20302, 35605, 69490, 80877, 26053, 1436, 98098, 56003, 59749, 64825, 88695, 64763, 62893, 41956, 32690, 59334, 85934, 345, 87627, 28747, 31205, 7391, 28397, 76453, 46529, 54087, 76838, 17327, 68231, 90232, 35047, 66442, 7325, 52578, 21835, 50554, 90186, 43075, 33937, 3577, 29733, 90052, 92766, 12825, 53852, 30138, 3978, 36085, 22734, 41635, 76913, 20746, 45856, 91986, 57650, 49064, 36892, 97953, 8493, 50071, 53573, 51006, 16021, 15435, 25133, 84568, 58630, 61854, 50864, 66687, 31866, 10337, 53349, 44557, 31549, 99665, 17072, 89681, 62868, 12363, 80532, 13231, 41451, 37724, 25551, 80995, 81514, 90417, 42688, 84533, 58029, 78312, 3150, 56451, 92083, 15393, 74675, 7432, 72536, 56957, 7804, 26825, 3213, 61260, 55652, 33470, 9094, 97222, 49922, 69438, 17349, 90302, 97233, 61272, 19034, 33181, 39809, 6512, 61739, 90321, 66019, 65324, 10650, 3917, 42658, 2980, 38566, 44103, 12580, 30357, 39508, 69859, 54492, 32949, 65708, 25202, 95794, 6222, 21819, 84189, 91571, 95017, 45865, 20293, 77381])"
87.0,10,18,18,7.940042495727539,10115,"Genotype(dna=[68608, 54118, 20547, 4030, 42725, 8918, 36990, 52772, 24412, 35087, 50289, 19568, 96671, 69135, 7394, 69440, 41111, 45423, 73013, 85912, 36181, 64973, 47621, 4077, 74369, 37277, 71232, 62026, 48036, 62957, 88132, 51727, 37988, 3087, 90792, 12629, 67150, 60239, 13115, 80016, 51167, 77741, 98720, 47404, 34203, 59117, 58272, 6314, 37471, 35180, 89586, 18649, 93503, 640, 98990, 38402, 75080, 42615, 6119, 8694, 32439, 32043, 35715, 84345, 20133, 57932, 8035, 46708, 10453, 30581, 84930, 34237, 82251, 9347, 34480, 58071, 80202, 13107, 88548, 35720, 96588, 24561, 43117, 17304, 63513, 61055, 83610, 80958, 50391, 23600, 85228, 43048, 94975, 37424, 91491, 36209, 64798, 45751, 13187, 22623, 27181, 52661, 60775, 54513, 88664, 12916, 79901, 51796, 80076, 36525, 15838, 20302, 35605, 69490, 80877, 26053, 1436, 98098, 56003, 59749, 64825, 88695, 64763, 62893, 41956, 32690, 59334, 85934, 345, 87627, 28747, 31205, 7391, 28397, 76453, 46529, 54087, 76838, 17327, 68231, 90232, 35047, 66442, 7325, 52578, 21835, 50554, 90186, 43075, 33937, 3577, 29733, 90052, 92766, 12825, 53852, 30138, 3978, 36085, 22734, 41635, 76913, 20746, 45856, 91986, 57650, 49064, 36892, 97953, 8493, 50071, 53573, 51006, 16021, 15435, 25133, 84568, 58630, 61854, 50864, 66687, 31866, 10337, 53349, 44557, 31549, 99665, 17072, 89681, 62868, 12363, 80532, 13231, 41451, 37724, 25551, 80995, 81514, 90417, 42688, 84533, 58029, 78312, 3150, 56451, 92083, 15393, 74675, 7432, 72536, 56957, 7804, 26825, 3213, 61260, 55652, 33470, 9094, 97222, 49922, 69438, 17349, 90302, 97233, 61272, 19034, 33181, 39809, 6512, 61739, 90321, 66019, 65324, 10650, 3917, 42658, 2980, 38566, 44103, 12580, 30357, 39508, 69859, 54492, 32949, 65708, 25202, 95794, 6222, 21819, 84189, 91571, 95017, 45865, 20293, 77381])"
87.0,10,18,19,8.134174823760986,10115,"Genotype(dna=[68608, 54118, 20547, 4030, 42725, 8918, 36990, 52772, 24412, 35087, 50289, 19568, 96671, 69135, 7394, 69440, 41111, 45423, 73013, 85912, 36181, 64973, 47621, 4077, 74369, 37277, 71232, 62026, 48036, 62957, 88132, 51727, 37988, 3087, 90792, 12629, 67150, 60239, 13115, 80016, 51167, 77741, 98720, 47404, 34203, 59117, 58272, 6314, 37471, 35180, 89586, 18649, 93503, 640, 98990, 38402, 75080, 42615, 6119, 8694, 32439, 32043, 35715, 84345, 20133, 57932, 8035, 46708, 10453, 30581, 84930, 34237, 82251, 9347, 34480, 58071, 80202, 13107, 88548, 35720, 96588, 24561, 43117, 17304, 63513, 61055, 83610, 80958, 50391, 23600, 85228, 43048, 94975, 37424, 91491, 36209, 64798, 45751, 13187, 22623, 27181, 52661, 60775, 54513, 88664, 12916, 79901, 51796, 80076, 36525, 15838, 20302, 35605, 69490, 80877, 26053, 1436, 98098, 56003, 59749, 64825, 88695, 64763, 62893, 41956, 32690, 59334, 85934, 345, 87627, 28747, 31205, 7391, 28397, 76453, 46529, 54087, 76838, 17327, 68231, 90232, 35047, 66442, 7325, 52578, 21835, 50554, 90186, 43075, 33937, 3577, 29733, 90052, 92766, 12825, 53852, 30138, 3978, 36085, 22734, 41635, 76913, 20746, 45856, 91986, 57650, 49064, 36892, 97953, 8493, 50071, 53573, 51006, 16021, 15435, 25133, 84568, 58630, 61854, 50864, 66687, 31866, 10337, 53349, 44557, 31549, 99665, 17072, 89681, 62868, 12363, 80532, 13231, 41451, 37724, 25551, 80995, 81514, 90417, 42688, 84533, 58029, 78312, 3150, 56451, 92083, 15393, 74675, 7432, 72536, 56957, 7804, 26825, 3213, 61260, 55652, 33470, 9094, 97222, 49922, 69438, 17349, 90302, 97233, 61272, 19034, 33181, 39809, 6512, 61739, 90321, 66019, 65324, 10650, 3917, 42658, 2980, 38566, 44103, 12580, 30357, 39508, 69859, 54492, 32949, 65708, 25202, 95794, 6222, 21819, 84189, 91571, 95017, 45865, 20293, 77381])"
87.0,10,18,20,8.378121137619019,10115,"Genotype(dna=[68608, 54118, 20547, 4030, 42725, 8918, 36990, 52772, 24412, 35087, 50289, 19568, 96671, 69135, 7394, 69440, 41111, 45423, 73013, 85912, 36181, 64973, 47621, 4077, 74369, 37277, 71232, 62026, 48036, 62957, 88132, 51727, 37988, 3087, 90792, 12629, 67150, 60239, 13115, 80016, 51167, 77741, 98720, 47404, 34203, 59117, 58272, 6314, 37471, 35180, 89586, 18649, 93503, 640, 98990, 38402, 75080, 42615, 6119, 8694, 32439, 32043, 35715, 84345, 20133, 57932, 8035, 46708, 10453, 30581, 84930, 34237, 82251, 9347, 34480, 58071, 80202, 13107, 88548, 35720, 96588, 24561, 43117, 17304, 63513, 61055, 83610, 80958, 50391, 23600, 85228, 43048, 94975, 37424, 91491, 36209, 64798, 45751, 13187, 22623, 27181, 52661, 60775, 54513, 88664, 12916, 79901, 51796, 80076, 36525, 15838, 20302, 35605, 69490, 80877, 26053, 1436, 98098, 56003, 59749, 64825, 88695, 64763, 62893, 41956, 32690, 59334, 85934, 345, 87627, 28747, 31205, 7391, 28397, 76453, 46529, 54087, 76838, 17327, 68231, 90232, 35047, 66442, 7325, 52578, 21835, 50554, 90186, 43075, 33937, 3577, 29733, 90052, 92766, 12825, 53852, 30138, 3978, 36085, 22734, 41635, 76913, 20746, 45856, 91986, 57650, 49064, 36892, 97953, 8493, 50071, 53573, 51006, 16021, 15435, 25133, 84568, 58630, 61854, 50864, 66687, 31866, 10337, 53349, 44557, 31549, 99665, 17072, 89681, 62868, 12363, 80532, 13231, 41451, 37724, 25551, 80995, 81514, 90417, 42688, 84533, 58029, 78312, 3150, 56451, 92083, 15393, 74675, 7432, 72536, 56957, 7804, 26825, 3213, 61260, 55652, 33470, 9094, 97222, 49922, 69438, 17349, 90302, 97233, 61272, 19034, 33181, 39809, 6512, 61739, 90321, 66019, 65324, 10650, 3917, 42658, 2980, 38566, 44103, 12580, 30357, 39508, 69859, 54492, 32949, 65708, 25202, 95794, 6222, 21819, 84189, 91571, 95017, 45865, 20293, 77381])"
87.0,10,18,21,8.58900260925293,10115,"Genotype(dna=[68608, 54118, 20547, 4030, 42725, 8918, 36990, 52772, 24412, 35087, 50289, 19568, 96671, 69135, 7394, 69440, 41111, 45423, 73013, 85912, 36181, 64973, 47621, 4077, 74369, 37277, 71232, 62026, 48036, 62957, 88132, 51727, 37988, 3087, 90792, 12629, 67150, 60239, 13115, 80016, 51167, 77741, 98720, 47404, 34203, 59117, 58272, 6314, 37471, 35180, 89586, 18649, 93503, 640, 98990, 38402, 75080, 42615, 6119, 8694, 32439, 32043, 35715, 84345, 20133, 57932, 8035, 46708, 10453, 30581, 84930, 34237, 82251, 9347, 34480, 58071, 80202, 13107, 88548, 35720, 96588, 24561, 43117, 17304, 63513, 61055, 83610, 80958, 50391, 23600, 85228, 43048, 94975, 37424, 91491, 36209, 64798, 45751, 13187, 22623, 27181, 52661, 60775, 54513, 88664, 12916, 79901, 51796, 80076, 36525, 15838, 20302, 35605, 69490, 80877, 26053, 1436, 98098, 56003, 59749, 64825, 88695, 64763, 62893, 41956, 32690, 59334, 85934, 345, 87627, 28747, 31205, 7391, 28397, 76453, 46529, 54087, 76838, 17327, 68231, 90232, 35047, 66442, 7325, 52578, 21835, 50554, 90186, 43075, 33937, 3577, 29733, 90052, 92766, 12825, 53852, 30138, 3978, 36085, 22734, 41635, 76913, 20746, 45856, 91986, 57650, 49064, 36892, 97953, 8493, 50071, 53573, 51006, 16021, 15435, 25133, 84568, 58630, 61854, 50864, 66687, 31866, 10337, 53349, 44557, 31549, 99665, 17072, 89681, 62868, 12363, 80532, 13231, 41451, 37724, 25551, 80995, 81514, 90417, 42688, 84533, 58029, 78312, 3150, 56451, 92083, 15393, 74675, 7432, 72536, 56957, 7804, 26825, 3213, 61260, 55652, 33470, 9094, 97222, 49922, 69438, 17349, 90302, 97233, 61272, 19034, 33181, 39809, 6512, 61739, 90321, 66019, 65324, 10650, 3917, 42658, 2980, 38566, 44103, 12580, 30357, 39508, 69859, 54492, 32949, 65708, 25202, 95794, 6222, 21819, 84189, 91571, 95017, 45865, 20293, 77381])"
87.0,10,18,22,8.871577024459839,10115,"Genotype(dna=[68608, 54118, 20547, 4030, 42725, 8918, 36990, 52772, 24412, 35087, 50289, 19568, 96671, 69135, 7394, 69440, 41111, 45423, 73013, 85912, 36181, 64973, 47621, 4077, 74369, 37277, 71232, 62026, 48036, 62957, 88132, 51727, 37988, 3087, 90792, 12629, 67150, 60239, 13115, 80016, 51167, 77741, 98720, 47404, 34203, 59117, 58272, 6314, 37471, 35180, 89586, 18649, 93503, 640, 98990, 38402, 75080, 42615, 6119, 8694, 32439, 32043, 35715, 84345, 20133, 57932, 8035, 46708, 10453, 30581, 84930, 34237, 82251, 9347, 34480, 58071, 80202, 13107, 88548, 35720, 96588, 24561, 43117, 17304, 63513, 61055, 83610, 80958, 50391, 23600, 85228, 43048, 94975, 37424, 91491, 36209, 64798, 45751, 13187, 22623, 27181, 52661, 60775, 54513, 88664, 12916, 79901, 51796, 80076, 36525, 15838, 20302, 35605, 69490, 80877, 26053, 1436, 98098, 56003, 59749, 64825, 88695, 64763, 62893, 41956, 32690, 59334, 85934, 345, 87627, 28747, 31205, 7391, 28397, 76453, 46529, 54087, 76838, 17327, 68231, 90232, 35047, 66442, 7325, 52578, 21835, 50554, 90186, 43075, 33937, 3577, 29733, 90052, 92766, 12825, 53852, 30138, 3978, 36085, 22734, 41635, 76913, 20746, 45856, 91986, 57650, 49064, 36892, 97953, 8493, 50071, 53573, 51006, 16021, 15435, 25133, 84568, 58630, 61854, 50864, 66687, 31866, 10337, 53349, 44557, 31549, 99665, 17072, 89681, 62868, 12363, 80532, 13231, 41451, 37724, 25551, 80995, 81514, 90417, 42688, 84533, 58029, 78312, 3150, 56451, 92083, 15393, 74675, 7432, 72536, 56957, 7804, 26825, 3213, 61260, 55652, 33470, 9094, 97222, 49922, 69438, 17349, 90302, 97233, 61272, 19034, 33181, 39809, 6512, 61739, 90321, 66019, 65324, 10650, 3917, 42658, 2980, 38566, 44103, 12580, 30357, 39508, 69859, 54492, 32949, 65708, 25202, 95794, 6222, 21819, 84189, 91571, 95017, 45865, 20293, 77381])"
87.0,10,18,23,9.060532331466675,10115,"Genotype(dna=[68608, 54118, 20547, 4030, 42725, 8918, 36990, 52772, 24412, 35087, 50289, 19568, 96671, 69135, 7394, 69440, 41111, 45423, 73013, 85912, 36181, 64973, 47621, 4077, 74369, 37277, 71232, 62026, 48036, 62957, 88132, 51727, 37988, 3087, 90792, 12629, 67150, 60239, 13115, 80016, 51167, 77741, 98720, 47404, 34203, 59117, 58272, 6314, 37471, 35180, 89586, 18649, 93503, 640, 98990, 38402, 75080, 42615, 6119, 8694, 32439, 32043, 35715, 84345, 20133, 57932, 8035, 46708, 10453, 30581, 84930, 34237, 82251, 9347, 34480, 58071, 80202, 13107, 88548, 35720, 96588, 24561, 43117, 17304, 63513, 61055, 83610, 80958, 50391, 23600, 85228, 43048, 94975, 37424, 91491, 36209, 64798, 45751, 13187, 22623, 27181, 52661, 60775, 54513, 88664, 12916, 79901, 51796, 80076, 36525, 15838, 20302, 35605, 69490, 80877, 26053, 1436, 98098, 56003, 59749, 64825, 88695, 64763, 62893, 41956, 32690, 59334, 85934, 345, 87627, 28747, 31205, 7391, 28397, 76453, 46529, 54087, 76838, 17327, 68231, 90232, 35047, 66442, 7325, 52578, 21835, 50554, 90186, 43075, 33937, 3577, 29733, 90052, 92766, 12825, 53852, 30138, 3978, 36085, 22734, 41635, 76913, 20746, 45856, 91986, 57650, 49064, 36892, 97953, 8493, 50071, 53573, 51006, 16021, 15435, 25133, 84568, 58630, 61854, 50864, 66687, 31866, 10337, 53349, 44557, 31549, 99665, 17072, 89681, 62868, 12363, 80532, 13231, 41451, 37724, 25551, 80995, 81514, 90417, 42688, 84533, 58029, 78312, 3150, 56451, 92083, 15393, 74675, 7432, 72536, 56957, 7804, 26825, 3213, 61260, 55652, 33470, 9094, 97222, 49922, 69438, 17349, 90302, 97233, 61272, 19034, 33181, 39809, 6512, 61739, 90321, 66019, 65324, 10650, 3917, 42658, 2980, 38566, 44103, 12580, 30357, 39508, 69859, 54492, 32949, 65708, 25202, 95794, 6222, 21819, 84189, 91571, 95017, 45865, 20293, 77381])"
87.0,10,18,24,9.269728660583496,10115,"Genotype(dna=[68608, 54118, 20547, 4030, 42725, 8918, 36990, 52772, 24412, 35087, 50289, 19568, 96671, 69135, 7394, 69440, 41111, 45423, 73013, 85912, 36181, 64973, 47621, 4077, 74369, 37277, 71232, 62026, 48036, 62957, 88132, 51727, 37988, 3087, 90792, 12629, 67150, 60239, 13115, 80016, 51167, 77741, 98720, 47404, 34203, 59117, 58272, 6314, 37471, 35180, 89586, 18649, 93503, 640, 98990, 38402, 75080, 42615, 6119, 8694, 32439, 32043, 35715, 84345, 20133, 57932, 8035, 46708, 10453, 30581, 84930, 34237, 82251, 9347, 34480, 58071, 80202, 13107, 88548, 35720, 96588, 24561, 43117, 17304, 63513, 61055, 83610, 80958, 50391, 23600, 85228, 43048, 94975, 37424, 91491, 36209, 64798, 45751, 13187, 22623, 27181, 52661, 60775, 54513, 88664, 12916, 79901, 51796, 80076, 36525, 15838, 20302, 35605, 69490, 80877, 26053, 1436, 98098, 56003, 59749, 64825, 88695, 64763, 62893, 41956, 32690, 59334, 85934, 345, 87627, 28747, 31205, 7391, 28397, 76453, 46529, 54087, 76838, 17327, 68231, 90232, 35047, 66442, 7325, 52578, 21835, 50554, 90186, 43075, 33937, 3577, 29733, 90052, 92766, 12825, 53852, 30138, 3978, 36085, 22734, 41635, 76913, 20746, 45856, 91986, 57650, 49064, 36892, 97953, 8493, 50071, 53573, 51006, 16021, 15435, 25133, 84568, 58630, 61854, 50864, 66687, 31866, 10337, 53349, 44557, 31549, 99665, 17072, 89681, 62868, 12363, 80532, 13231, 41451, 37724, 25551, 80995, 81514, 90417, 42688, 84533, 58029, 78312, 3150, 56451, 92083, 15393, 74675, 7432, 72536, 56957, 7804, 26825, 3213, 61260, 55652, 33470, 9094, 97222, 49922, 69438, 17349, 90302, 97233, 61272, 19034, 33181, 39809, 6512, 61739, 90321, 66019, 65324, 10650, 3917, 42658, 2980, 38566, 44103, 12580, 30357, 39508, 69859, 54492, 32949, 65708, 25202, 95794, 6222, 21819, 84189, 91571, 95017, 45865, 20293, 77381])"
87.0,10,18,25,9.448989868164062,10115,"Genotype(dna=[68608, 54118, 20547, 4030, 42725, 8918, 36990, 52772, 24412, 35087, 50289, 19568, 96671, 69135, 7394, 69440, 41111, 45423, 73013, 85912, 36181, 64973, 47621, 4077, 74369, 37277, 71232, 62026, 48036, 62957, 88132, 51727, 37988, 3087, 90792, 12629, 67150, 60239, 13115, 80016, 51167, 77741, 98720, 47404, 34203, 59117, 58272, 6314, 37471, 35180, 89586, 18649, 93503, 640, 98990, 38402, 75080, 42615, 6119, 8694, 32439, 32043, 35715, 84345, 20133, 57932, 8035, 46708, 10453, 30581, 84930, 34237, 82251, 9347, 34480, 58071, 80202, 13107, 88548, 35720, 96588, 24561, 43117, 17304, 63513, 61055, 83610, 80958, 50391, 23600, 85228, 43048, 94975, 37424, 91491, 36209, 64798, 45751, 13187, 22623, 27181, 52661, 60775, 54513, 88664, 12916, 79901, 51796, 80076, 36525, 15838, 20302, 35605, 69490, 80877, 26053, 1436, 98098, 56003, 59749, 64825, 88695, 64763, 62893, 41956, 32690, 59334, 85934, 345, 87627, 28747, 31205, 7391, 28397, 76453, 46529, 54087, 76838, 17327, 68231, 90232, 35047, 66442, 7325, 52578, 21835, 50554, 90186, 43075, 33937, 3577, 29733, 90052, 92766, 12825, 53852, 30138, 3978, 36085, 22734, 41635, 76913, 20746, 45856, 91986, 57650, 49064, 36892, 97953, 8493, 50071, 53573, 51006, 16021, 15435, 25133, 84568, 58630, 61854, 50864, 66687, 31866, 10337, 53349, 44557, 31549, 99665, 17072, 89681, 62868, 12363, 80532, 13231, 41451, 37724, 25551, 80995, 81514, 90417, 42688, 84533, 58029, 78312, 3150, 56451, 92083, 15393, 74675, 7432, 72536, 56957, 7804, 26825, 3213, 61260, 55652, 33470, 9094, 97222, 49922, 69438, 17349, 90302, 97233, 61272, 19034, 33181, 39809, 6512, 61739, 90321, 66019, 65324, 10650, 3917, 42658, 2980, 38566, 44103, 12580, 30357, 39508, 69859, 54492, 32949, 65708, 25202, 95794, 6222, 21819, 84189, 91571, 95017, 45865, 20293, 77381])"
87.0,10,18,26,9.673554182052612,10115,"Genotype(dna=[68608, 54118, 20547, 4030, 42725, 8918, 36990, 52772, 24412, 35087, 50289, 19568, 96671, 69135, 7394, 69440, 41111, 45423, 73013, 85912, 36181, 64973, 47621, 4077, 74369, 37277, 71232, 62026, 48036, 62957, 88132, 51727, 37988, 3087, 90792, 12629, 67150, 60239, 13115, 80016, 51167, 77741, 98720, 47404, 34203, 59117, 58272, 6314, 37471, 35180, 89586, 18649, 93503, 640, 98990, 38402, 75080, 42615, 6119, 8694, 32439, 32043, 35715, 84345, 20133, 57932, 8035, 46708, 10453, 30581, 84930, 34237, 82251, 9347, 34480, 58071, 80202, 13107, 88548, 35720, 96588, 24561, 43117, 17304, 63513, 61055, 83610, 80958, 50391, 23600, 85228, 43048, 94975, 37424, 91491, 36209, 64798, 45751, 13187, 22623, 27181, 52661, 60775, 54513, 88664, 12916, 79901, 51796, 80076, 36525, 15838, 20302, 35605, 69490, 80877, 26053, 1436, 98098, 56003, 59749, 64825, 88695, 64763, 62893, 41956, 32690, 59334, 85934, 345, 87627, 28747, 31205, 7391, 28397, 76453, 46529, 54087, 76838, 17327, 68231, 90232, 35047, 66442, 7325, 52578, 21835, 50554, 90186, 43075, 33937, 3577, 29733, 90052, 92766, 12825, 53852, 30138, 3978, 36085, 22734, 41635, 76913, 20746, 45856, 91986, 57650, 49064, 36892, 97953, 8493, 50071, 53573, 51006, 16021, 15435, 25133, 84568, 58630, 61854, 50864, 66687, 31866, 10337, 53349, 44557, 31549, 99665, 17072, 89681, 62868, 12363, 80532, 13231, 41451, 37724, 25551, 80995, 81514, 90417, 42688, 84533, 58029, 78312, 3150, 56451, 92083, 15393, 74675, 7432, 72536, 56957, 7804, 26825, 3213, 61260, 55652, 33470, 9094, 97222, 49922, 69438, 17349, 90302, 97233, 61272, 19034, 33181, 39809, 6512, 61739, 90321, 66019, 65324, 10650, 3917, 42658, 2980, 38566, 44103, 12580, 30357, 39508, 69859, 54492, 32949, 65708, 25202, 95794, 6222, 21819, 84189, 91571, 95017, 45865, 20293, 77381])"
87.0,10,18,27,9.869620323181152,10115,"Genotype(dna=[68608, 54118, 20547, 4030, 42725, 8918, 36990, 52772, 24412, 35087, 50289, 19568, 96671, 69135, 7394, 69440, 41111, 45423, 73013, 85912, 36181, 64973, 47621, 4077, 74369, 37277, 71232, 62026, 48036, 62957, 88132, 51727, 37988, 3087, 90792, 12629, 67150, 60239, 13115, 80016, 51167, 77741, 98720, 47404, 34203, 59117, 58272, 6314, 37471, 35180, 89586, 18649, 93503, 640, 98990, 38402, 75080, 42615, 6119, 8694, 32439, 32043, 35715, 84345, 20133, 57932, 8035, 46708, 10453, 30581, 84930, 34237, 82251, 9347, 34480, 58071, 80202, 13107, 88548, 35720, 96588, 24561, 43117, 17304, 63513, 61055, 83610, 80958, 50391, 23600, 85228, 43048, 94975, 37424, 91491, 36209, 64798, 45751, 13187, 22623, 27181, 52661, 60775, 54513, 88664, 12916, 79901, 51796, 80076, 36525, 15838, 20302, 35605, 69490, 80877, 26053, 1436, 98098, 56003, 59749, 64825, 88695, 64763, 62893, 41956, 32690, 59334, 85934, 345, 87627, 28747, 31205, 7391, 28397, 76453, 46529, 54087, 76838, 17327, 68231, 90232, 35047, 66442, 7325, 52578, 21835, 50554, 90186, 43075, 33937, 3577, 29733, 90052, 92766, 12825, 53852, 30138, 3978, 36085, 22734, 41635, 76913, 20746, 45856, 91986, 57650, 49064, 36892, 97953, 8493, 50071, 53573, 51006, 16021, 15435, 25133, 84568, 58630, 61854, 50864, 66687, 31866, 10337, 53349, 44557, 31549, 99665, 17072, 89681, 62868, 12363, 80532, 13231, 41451, 37724, 25551, 80995, 81514, 90417, 42688, 84533, 58029, 78312, 3150, 56451, 92083, 15393, 74675, 7432, 72536, 56957, 7804, 26825, 3213, 61260, 55652, 33470, 9094, 97222, 49922, 69438, 17349, 90302, 97233, 61272, 19034, 33181, 39809, 6512, 61739, 90321, 66019, 65324, 10650, 3917, 42658, 2980, 38566, 44103, 12580, 30357, 39508, 69859, 54492, 32949, 65708, 25202, 95794, 6222, 21819, 84189, 91571, 95017, 45865, 20293, 77381])"
87.0,10,18,28,10.023540258407593,10115,"Genotype(dna=[68608, 54118, 20547, 4030, 42725, 8918, 36990, 52772, 24412, 35087, 50289, 19568, 96671, 69135, 7394, 69440, 41111, 45423, 73013, 85912, 36181, 64973, 47621, 4077, 74369, 37277, 71232, 62026, 48036, 62957, 88132, 51727, 37988, 3087, 90792, 12629, 67150, 60239, 13115, 80016, 51167, 77741, 98720, 47404, 34203, 59117, 58272, 6314, 37471, 35180, 89586, 18649, 93503, 640, 98990, 38402, 75080, 42615, 6119, 8694, 32439, 32043, 35715, 84345, 20133, 57932, 8035, 46708, 10453, 30581, 84930, 34237, 82251, 9347, 34480, 58071, 80202, 13107, 88548, 35720, 96588, 24561, 43117, 17304, 63513, 61055, 83610, 80958, 50391, 23600, 85228, 43048, 94975, 37424, 91491, 36209, 64798, 45751, 13187, 22623, 27181, 52661, 60775, 54513, 88664, 12916, 79901, 51796, 80076, 36525, 15838, 20302, 35605, 69490, 80877, 26053, 1436, 98098, 56003, 59749, 64825, 88695, 64763, 62893, 41956, 32690, 59334, 85934, 345, 87627, 28747, 31205, 7391, 28397, 76453, 46529, 54087, 76838, 17327, 68231, 90232, 35047, 66442, 7325, 52578, 21835, 50554, 90186, 43075, 33937, 3577, 29733, 90052, 92766, 12825, 53852, 30138, 3978, 36085, 22734, 41635, 76913, 20746, 45856, 91986, 57650, 49064, 36892, 97953, 8493, 50071, 53573, 51006, 16021, 15435, 25133, 84568, 58630, 61854, 50864, 66687, 31866, 10337, 53349, 44557, 31549, 99665, 17072, 89681, 62868, 12363, 80532, 13231, 41451, 37724, 25551, 80995, 81514, 90417, 42688, 84533, 58029, 78312, 3150, 56451, 92083, 15393, 74675, 7432, 72536, 56957, 7804, 26825, 3213, 61260, 55652, 33470, 9094, 97222, 49922, 69438, 17349, 90302, 97233, 61272, 19034, 33181, 39809, 6512, 61739, 90321, 66019, 65324, 10650, 3917, 42658, 2980, 38566, 44103, 12580, 30357, 39508, 69859, 54492, 32949, 65708, 25202, 95794, 6222, 21819, 84189, 91571, 95017, 45865, 20293, 77381])"
87.0,10,18,29,10.147300481796265,10115,"Genotype(dna=[68608, 54118, 20547, 4030, 42725, 8918, 36990, 52772, 24412, 35087, 50289, 19568, 96671, 69135, 7394, 69440, 41111, 45423, 73013, 85912, 36181, 64973, 47621, 4077, 74369, 37277, 71232, 62026, 48036, 62957, 88132, 51727, 37988, 3087, 90792, 12629, 67150, 60239, 13115, 80016, 51167, 77741, 98720, 47404, 34203, 59117, 58272, 6314, 37471, 35180, 89586, 18649, 93503, 640, 98990, 38402, 75080, 42615, 6119, 8694, 32439, 32043, 35715, 84345, 20133, 57932, 8035, 46708, 10453, 30581, 84930, 34237, 82251, 9347, 34480, 58071, 80202, 13107, 88548, 35720, 96588, 24561, 43117, 17304, 63513, 61055, 83610, 80958, 50391, 23600, 85228, 43048, 94975, 37424, 91491, 36209, 64798, 45751, 13187, 22623, 27181, 52661, 60775, 54513, 88664, 12916, 79901, 51796, 80076, 36525, 15838, 20302, 35605, 69490, 80877, 26053, 1436, 98098, 56003, 59749, 64825, 88695, 64763, 62893, 41956, 32690, 59334, 85934, 345, 87627, 28747, 31205, 7391, 28397, 76453, 46529, 54087, 76838, 17327, 68231, 90232, 35047, 66442, 7325, 52578, 21835, 50554, 90186, 43075, 33937, 3577, 29733, 90052, 92766, 12825, 53852, 30138, 3978, 36085, 22734, 41635, 76913, 20746, 45856, 91986, 57650, 49064, 36892, 97953, 8493, 50071, 53573, 51006, 16021, 15435, 25133, 84568, 58630, 61854, 50864, 66687, 31866, 10337, 53349, 44557, 31549, 99665, 17072, 89681, 62868, 12363, 80532, 13231, 41451, 37724, 25551, 80995, 81514, 90417, 42688, 84533, 58029, 78312, 3150, 56451, 92083, 15393, 74675, 7432, 72536, 56957, 7804, 26825, 3213, 61260, 55652, 33470, 9094, 97222, 49922, 69438, 17349, 90302, 97233, 61272, 19034, 33181, 39809, 6512, 61739, 90321, 66019, 65324, 10650, 3917, 42658, 2980, 38566, 44103, 12580, 30357, 39508, 69859, 54492, 32949, 65708, 25202, 95794, 6222, 21819, 84189, 91571, 95017, 45865, 20293, 77381])"
87.0,10,18,30,10.317047357559204,10115,"Genotype(dna=[68608, 54118, 20547, 4030, 42725, 8918, 36990, 52772, 24412, 35087, 50289, 19568, 96671, 69135, 7394, 69440, 41111, 45423, 73013, 85912, 36181, 64973, 47621, 4077, 74369, 37277, 71232, 62026, 48036, 62957, 88132, 51727, 37988, 3087, 90792, 12629, 67150, 60239, 13115, 80016, 51167, 77741, 98720, 47404, 34203, 59117, 58272, 6314, 37471, 35180, 89586, 18649, 93503, 640, 98990, 38402, 75080, 42615, 6119, 8694, 32439, 32043, 35715, 84345, 20133, 57932, 8035, 46708, 10453, 30581, 84930, 34237, 82251, 9347, 34480, 58071, 80202, 13107, 88548, 35720, 96588, 24561, 43117, 17304, 63513, 61055, 83610, 80958, 50391, 23600, 85228, 43048, 94975, 37424, 91491, 36209, 64798, 45751, 13187, 22623, 27181, 52661, 60775, 54513, 88664, 12916, 79901, 51796, 80076, 36525, 15838, 20302, 35605, 69490, 80877, 26053, 1436, 98098, 56003, 59749, 64825, 88695, 64763, 62893, 41956, 32690, 59334, 85934, 345, 87627, 28747, 31205, 7391, 28397, 76453, 46529, 54087, 76838, 17327, 68231, 90232, 35047, 66442, 7325, 52578, 21835, 50554, 90186, 43075, 33937, 3577, 29733, 90052, 92766, 12825, 53852, 30138, 3978, 36085, 22734, 41635, 76913, 20746, 45856, 91986, 57650, 49064, 36892, 97953, 8493, 50071, 53573, 51006, 16021, 15435, 25133, 84568, 58630, 61854, 50864, 66687, 31866, 10337, 53349, 44557, 31549, 99665, 17072, 89681, 62868, 12363, 80532, 13231, 41451, 37724, 25551, 80995, 81514, 90417, 42688, 84533, 58029, 78312, 3150, 56451, 92083, 15393, 74675, 7432, 72536, 56957, 7804, 26825, 3213, 61260, 55652, 33470, 9094, 97222, 49922, 69438, 17349, 90302, 97233, 61272, 19034, 33181, 39809, 6512, 61739, 90321, 66019, 65324, 10650, 3917, 42658, 2980, 38566, 44103, 12580, 30357, 39508, 69859, 54492, 32949, 65708, 25202, 95794, 6222, 21819, 84189, 91571, 95017, 45865, 20293, 77381])"
87.0,10,18,31,10.448855638504028,10115,"Genotype(dna=[68608, 54118, 20547, 4030, 42725, 8918, 36990, 52772, 24412, 35087, 50289, 19568, 96671, 69135, 7394, 69440, 41111, 45423, 73013, 85912, 36181, 64973, 47621, 4077, 74369, 37277, 71232, 62026, 48036, 62957, 88132, 51727, 37988, 3087, 90792, 12629, 67150, 60239, 13115, 80016, 51167, 77741, 98720, 47404, 34203, 59117, 58272, 6314, 37471, 35180, 89586, 18649, 93503, 640, 98990, 38402, 75080, 42615, 6119, 8694, 32439, 32043, 35715, 84345, 20133, 57932, 8035, 46708, 10453, 30581, 84930, 34237, 82251, 9347, 34480, 58071, 80202, 13107, 88548, 35720, 96588, 24561, 43117, 17304, 63513, 61055, 83610, 80958, 50391, 23600, 85228, 43048, 94975, 37424, 91491, 36209, 64798, 45751, 13187, 22623, 27181, 52661, 60775, 54513, 88664, 12916, 79901, 51796, 80076, 36525, 15838, 20302, 35605, 69490, 80877, 26053, 1436, 98098, 56003, 59749, 64825, 88695, 64763, 62893, 41956, 32690, 59334, 85934, 345, 87627, 28747, 31205, 7391, 28397, 76453, 46529, 54087, 76838, 17327, 68231, 90232, 35047, 66442, 7325, 52578, 21835, 50554, 90186, 43075, 33937, 3577, 29733, 90052, 92766, 12825, 53852, 30138, 3978, 36085, 22734, 41635, 76913, 20746, 45856, 91986, 57650, 49064, 36892, 97953, 8493, 50071, 53573, 51006, 16021, 15435, 25133, 84568, 58630, 61854, 50864, 66687, 31866, 10337, 53349, 44557, 31549, 99665, 17072, 89681, 62868, 12363, 80532, 13231, 41451, 37724, 25551, 80995, 81514, 90417, 42688, 84533, 58029, 78312, 3150, 56451, 92083, 15393, 74675, 7432, 72536, 56957, 7804, 26825, 3213, 61260, 55652, 33470, 9094, 97222, 49922, 69438, 17349, 90302, 97233, 61272, 19034, 33181, 39809, 6512, 61739, 90321, 66019, 65324, 10650, 3917, 42658, 2980, 38566, 44103, 12580, 30357, 39508, 69859, 54492, 32949, 65708, 25202, 95794, 6222, 21819, 84189, 91571, 95017, 45865, 20293, 77381])"
87.0,10,18,32,10.610642194747925,10115,"Genotype(dna=[68608, 54118, 20547, 4030, 42725, 8918, 36990, 52772, 24412, 35087, 50289, 19568, 96671, 69135, 7394, 69440, 41111, 45423, 73013, 85912, 36181, 64973, 47621, 4077, 74369, 37277, 71232, 62026, 48036, 62957, 88132, 51727, 37988, 3087, 90792, 12629, 67150, 60239, 13115, 80016, 51167, 77741, 98720, 47404, 34203, 59117, 58272, 6314, 37471, 35180, 89586, 18649, 93503, 640, 98990, 38402, 75080, 42615, 6119, 8694, 32439, 32043, 35715, 84345, 20133, 57932, 8035, 46708, 10453, 30581, 84930, 34237, 82251, 9347, 34480, 58071, 80202, 13107, 88548, 35720, 96588, 24561, 43117, 17304, 63513, 61055, 83610, 80958, 50391, 23600, 85228, 43048, 94975, 37424, 91491, 36209, 64798, 45751, 13187, 22623, 27181, 52661, 60775, 54513, 88664, 12916, 79901, 51796, 80076, 36525, 15838, 20302, 35605, 69490, 80877, 26053, 1436, 98098, 56003, 59749, 64825, 88695, 64763, 62893, 41956, 32690, 59334, 85934, 345, 87627, 28747, 31205, 7391, 28397, 76453, 46529, 54087, 76838, 17327, 68231, 90232, 35047, 66442, 7325, 52578, 21835, 50554, 90186, 43075, 33937, 3577, 29733, 90052, 92766, 12825, 53852, 30138, 3978, 36085, 22734, 41635, 76913, 20746, 45856, 91986, 57650, 49064, 36892, 97953, 8493, 50071, 53573, 51006, 16021, 15435, 25133, 84568, 58630, 61854, 50864, 66687, 31866, 10337, 53349, 44557, 31549, 99665, 17072, 89681, 62868, 12363, 80532, 13231, 41451, 37724, 25551, 80995, 81514, 90417, 42688, 84533, 58029, 78312, 3150, 56451, 92083, 15393, 74675, 7432, 72536, 56957, 7804, 26825, 3213, 61260, 55652, 33470, 9094, 97222, 49922, 69438, 17349, 90302, 97233, 61272, 19034, 33181, 39809, 6512, 61739, 90321, 66019, 65324, 10650, 3917, 42658, 2980, 38566, 44103, 12580, 30357, 39508, 69859, 54492, 32949, 65708, 25202, 95794, 6222, 21819, 84189, 91571, 95017, 45865, 20293, 77381])"
87.0,10,18,33,10.753486633300781,10115,"Genotype(dna=[68608, 54118, 20547, 4030, 42725, 8918, 36990, 52772, 24412, 35087, 50289, 19568, 96671, 69135, 7394, 69440, 41111, 45423, 73013, 85912, 36181, 64973, 47621, 4077, 74369, 37277, 71232, 62026, 48036, 62957, 88132, 51727, 37988, 3087, 90792, 12629, 67150, 60239, 13115, 80016, 51167, 77741, 98720, 47404, 34203, 59117, 58272, 6314, 37471, 35180, 89586, 18649, 93503, 640, 98990, 38402, 75080, 42615, 6119, 8694, 32439, 32043, 35715, 84345, 20133, 57932, 8035, 46708, 10453, 30581, 84930, 34237, 82251, 9347, 34480, 58071, 80202, 13107, 88548, 35720, 96588, 24561, 43117, 17304, 63513, 61055, 83610, 80958, 50391, 23600, 85228, 43048, 94975, 37424, 91491, 36209, 64798, 45751, 13187, 22623, 27181, 52661, 60775, 54513, 88664, 12916, 79901, 51796, 80076, 36525, 15838, 20302, 35605, 69490, 80877, 26053, 1436, 98098, 56003, 59749, 64825, 88695, 64763, 62893, 41956, 32690, 59334, 85934, 345, 87627, 28747, 31205, 7391, 28397, 76453, 46529, 54087, 76838, 17327, 68231, 90232, 35047, 66442, 7325, 52578, 21835, 50554, 90186, 43075, 33937, 3577, 29733, 90052, 92766, 12825, 53852, 30138, 3978, 36085, 22734, 41635, 76913, 20746, 45856, 91986, 57650, 49064, 36892, 97953, 8493, 50071, 53573, 51006, 16021, 15435, 25133, 84568, 58630, 61854, 50864, 66687, 31866, 10337, 53349, 44557, 31549, 99665, 17072, 89681, 62868, 12363, 80532, 13231, 41451, 37724, 25551, 80995, 81514, 90417, 42688, 84533, 58029, 78312, 3150, 56451, 92083, 15393, 74675, 7432, 72536, 56957, 7804, 26825, 3213, 61260, 55652, 33470, 9094, 97222, 49922, 69438, 17349, 90302, 97233, 61272, 19034, 33181, 39809, 6512, 61739, 90321, 66019, 65324, 10650, 3917, 42658, 2980, 38566, 44103, 12580, 30357, 39508, 69859, 54492, 32949, 65708, 25202, 95794, 6222, 21819, 84189, 91571, 95017, 45865, 20293, 77381])"
87.0,10,18,34,10.905603408813477,10115,"Genotype(dna=[68608, 54118, 20547, 4030, 42725, 8918, 36990, 52772, 24412, 35087, 50289, 19568, 96671, 69135, 7394, 69440, 41111, 45423, 73013, 85912, 36181, 64973, 47621, 4077, 74369, 37277, 71232, 62026, 48036, 62957, 88132, 51727, 37988, 3087, 90792, 12629, 67150, 60239, 13115, 80016, 51167, 77741, 98720, 47404, 34203, 59117, 58272, 6314, 37471, 35180, 89586, 18649, 93503, 640, 98990, 38402, 75080, 42615, 6119, 8694, 32439, 32043, 35715, 84345, 20133, 57932, 8035, 46708, 10453, 30581, 84930, 34237, 82251, 9347, 34480, 58071, 80202, 13107, 88548, 35720, 96588, 24561, 43117, 17304, 63513, 61055, 83610, 80958, 50391, 23600, 85228, 43048, 94975, 37424, 91491, 36209, 64798, 45751, 13187, 22623, 27181, 52661, 60775, 54513, 88664, 12916, 79901, 51796, 80076, 36525, 15838, 20302, 35605, 69490, 80877, 26053, 1436, 98098, 56003, 59749, 64825, 88695, 64763, 62893, 41956, 32690, 59334, 85934, 345, 87627, 28747, 31205, 7391, 28397, 76453, 46529, 54087, 76838, 17327, 68231, 90232, 35047, 66442, 7325, 52578, 21835, 50554, 90186, 43075, 33937, 3577, 29733, 90052, 92766, 12825, 53852, 30138, 3978, 36085, 22734, 41635, 76913, 20746, 45856, 91986, 57650, 49064, 36892, 97953, 8493, 50071, 53573, 51006, 16021, 15435, 25133, 84568, 58630, 61854, 50864, 66687, 31866, 10337, 53349, 44557, 31549, 99665, 17072, 89681, 62868, 12363, 80532, 13231, 41451, 37724, 25551, 80995, 81514, 90417, 42688, 84533, 58029, 78312, 3150, 56451, 92083, 15393, 74675, 7432, 72536, 56957, 7804, 26825, 3213, 61260, 55652, 33470, 9094, 97222, 49922, 69438, 17349, 90302, 97233, 61272, 19034, 33181, 39809, 6512, 61739, 90321, 66019, 65324, 10650, 3917, 42658, 2980, 38566, 44103, 12580, 30357, 39508, 69859, 54492, 32949, 65708, 25202, 95794, 6222, 21819, 84189, 91571, 95017, 45865, 20293, 77381])"
87.0,10,18,35,11.01736068725586,10115,"Genotype(dna=[68608, 54118, 20547, 4030, 42725, 8918, 36990, 52772, 24412, 35087, 50289, 19568, 96671, 69135, 7394, 69440, 41111, 45423, 73013, 85912, 36181, 64973, 47621, 4077, 74369, 37277, 71232, 62026, 48036, 62957, 88132, 51727, 37988, 3087, 90792, 12629, 67150, 60239, 13115, 80016, 51167, 77741, 98720, 47404, 34203, 59117, 58272, 6314, 37471, 35180, 89586, 18649, 93503, 640, 98990, 38402, 75080, 42615, 6119, 8694, 32439, 32043, 35715, 84345, 20133, 57932, 8035, 46708, 10453, 30581, 84930, 34237, 82251, 9347, 34480, 58071, 80202, 13107, 88548, 35720, 96588, 24561, 43117, 17304, 63513, 61055, 83610, 80958, 50391, 23600, 85228, 43048, 94975, 37424, 91491, 36209, 64798, 45751, 13187, 22623, 27181, 52661, 60775, 54513, 88664, 12916, 79901, 51796, 80076, 36525, 15838, 20302, 35605, 69490, 80877, 26053, 1436, 98098, 56003, 59749, 64825, 88695, 64763, 62893, 41956, 32690, 59334, 85934, 345, 87627, 28747, 31205, 7391, 28397, 76453, 46529, 54087, 76838, 17327, 68231, 90232, 35047, 66442, 7325, 52578, 21835, 50554, 90186, 43075, 33937, 3577, 29733, 90052, 92766, 12825, 53852, 30138, 3978, 36085, 22734, 41635, 76913, 20746, 45856, 91986, 57650, 49064, 36892, 97953, 8493, 50071, 53573, 51006, 16021, 15435, 25133, 84568, 58630, 61854, 50864, 66687, 31866, 10337, 53349, 44557, 31549, 99665, 17072, 89681, 62868, 12363, 80532, 13231, 41451, 37724, 25551, 80995, 81514, 90417, 42688, 84533, 58029, 78312, 3150, 56451, 92083, 15393, 74675, 7432, 72536, 56957, 7804, 26825, 3213, 61260, 55652, 33470, 9094, 97222, 49922, 69438, 17349, 90302, 97233, 61272, 19034, 33181, 39809, 6512, 61739, 90321, 66019, 65324, 10650, 3917, 42658, 2980, 38566, 44103, 12580, 30357, 39508, 69859, 54492, 32949, 65708, 25202, 95794, 6222, 21819, 84189, 91571, 95017, 45865, 20293, 77381])"
87.0,10,18,36,11.175295114517212,10115,"Genotype(dna=[68608, 54118, 20547, 4030, 42725, 8918, 36990, 52772, 24412, 35087, 50289, 19568, 96671, 69135, 7394, 69440, 41111, 45423, 73013, 85912, 36181, 64973, 47621, 4077, 74369, 37277, 71232, 62026, 48036, 62957, 88132, 51727, 37988, 3087, 90792, 12629, 67150, 60239, 13115, 80016, 51167, 77741, 98720, 47404, 34203, 59117, 58272, 6314, 37471, 35180, 89586, 18649, 93503, 640, 98990, 38402, 75080, 42615, 6119, 8694, 32439, 32043, 35715, 84345, 20133, 57932, 8035, 46708, 10453, 30581, 84930, 34237, 82251, 9347, 34480, 58071, 80202, 13107, 88548, 35720, 96588, 24561, 43117, 17304, 63513, 61055, 83610, 80958, 50391, 23600, 85228, 43048, 94975, 37424, 91491, 36209, 64798, 45751, 13187, 22623, 27181, 52661, 60775, 54513, 88664, 12916, 79901, 51796, 80076, 36525, 15838, 20302, 35605, 69490, 80877, 26053, 1436, 98098, 56003, 59749, 64825, 88695, 64763, 62893, 41956, 32690, 59334, 85934, 345, 87627, 28747, 31205, 7391, 28397, 76453, 46529, 54087, 76838, 17327, 68231, 90232, 35047, 66442, 7325, 52578, 21835, 50554, 90186, 43075, 33937, 3577, 29733, 90052, 92766, 12825, 53852, 30138, 3978, 36085, 22734, 41635, 76913, 20746, 45856, 91986, 57650, 49064, 36892, 97953, 8493, 50071, 53573, 51006, 16021, 15435, 25133, 84568, 58630, 61854, 50864, 66687, 31866, 10337, 53349, 44557, 31549, 99665, 17072, 89681, 62868, 12363, 80532, 13231, 41451, 37724, 25551, 80995, 81514, 90417, 42688, 84533, 58029, 78312, 3150, 56451, 92083, 15393, 74675, 7432, 72536, 56957, 7804, 26825, 3213, 61260, 55652, 33470, 9094, 97222, 49922, 69438, 17349, 90302, 97233, 61272, 19034, 33181, 39809, 6512, 61739, 90321, 66019, 65324, 10650, 3917, 42658, 2980, 38566, 44103, 12580, 30357, 39508, 69859, 54492, 32949, 65708, 25202, 95794, 6222, 21819, 84189, 91571, 95017, 45865, 20293, 77381])"
87.0,10,18,37,11.339908361434937,10115,"Genotype(dna=[68608, 54118, 20547, 4030, 42725, 8918, 36990, 52772, 24412, 35087, 50289, 19568, 96671, 69135, 7394, 69440, 41111, 45423, 73013, 85912, 36181, 64973, 47621, 4077, 74369, 37277, 71232, 62026, 48036, 62957, 88132, 51727, 37988, 3087, 90792, 12629, 67150, 60239, 13115, 80016, 51167, 77741, 98720, 47404, 34203, 59117, 58272, 6314, 37471, 35180, 89586, 18649, 93503, 640, 98990, 38402, 75080, 42615, 6119, 8694, 32439, 32043, 35715, 84345, 20133, 57932, 8035, 46708, 10453, 30581, 84930, 34237, 82251, 9347, 34480, 58071, 80202, 13107, 88548, 35720, 96588, 24561, 43117, 17304, 63513, 61055, 83610, 80958, 50391, 23600, 85228, 43048, 94975, 37424, 91491, 36209, 64798, 45751, 13187, 22623, 27181, 52661, 60775, 54513, 88664, 12916, 79901, 51796, 80076, 36525, 15838, 20302, 35605, 69490, 80877, 26053, 1436, 98098, 56003, 59749, 64825, 88695, 64763, 62893, 41956, 32690, 59334, 85934, 345, 87627, 28747, 31205, 7391, 28397, 76453, 46529, 54087, 76838, 17327, 68231, 90232, 35047, 66442, 7325, 52578, 21835, 50554, 90186, 43075, 33937, 3577, 29733, 90052, 92766, 12825, 53852, 30138, 3978, 36085, 22734, 41635, 76913, 20746, 45856, 91986, 57650, 49064, 36892, 97953, 8493, 50071, 53573, 51006, 16021, 15435, 25133, 84568, 58630, 61854, 50864, 66687, 31866, 10337, 53349, 44557, 31549, 99665, 17072, 89681, 62868, 12363, 80532, 13231, 41451, 37724, 25551, 80995, 81514, 90417, 42688, 84533, 58029, 78312, 3150, 56451, 92083, 15393, 74675, 7432, 72536, 56957, 7804, 26825, 3213, 61260, 55652, 33470, 9094, 97222, 49922, 69438, 17349, 90302, 97233, 61272, 19034, 33181, 39809, 6512, 61739, 90321, 66019, 65324, 10650, 3917, 42658, 2980, 38566, 44103, 12580, 30357, 39508, 69859, 54492, 32949, 65708, 25202, 95794, 6222, 21819, 84189, 91571, 95017, 45865, 20293, 77381])"
87.0,10,18,38,11.502589702606201,10115,"Genotype(dna=[68608, 54118, 20547, 4030, 42725, 8918, 36990, 52772, 24412, 35087, 50289, 19568, 96671, 69135, 7394, 69440, 41111, 45423, 73013, 85912, 36181, 64973, 47621, 4077, 74369, 37277, 71232, 62026, 48036, 62957, 88132, 51727, 37988, 3087, 90792, 12629, 67150, 60239, 13115, 80016, 51167, 77741, 98720, 47404, 34203, 59117, 58272, 6314, 37471, 35180, 89586, 18649, 93503, 640, 98990, 38402, 75080, 42615, 6119, 8694, 32439, 32043, 35715, 84345, 20133, 57932, 8035, 46708, 10453, 30581, 84930, 34237, 82251, 9347, 34480, 58071, 80202, 13107, 88548, 35720, 96588, 24561, 43117, 17304, 63513, 61055, 83610, 80958, 50391, 23600, 85228, 43048, 94975, 37424, 91491, 36209, 64798, 45751, 13187, 22623, 27181, 52661, 60775, 54513, 88664, 12916, 79901, 51796, 80076, 36525, 15838, 20302, 35605, 69490, 80877, 26053, 1436, 98098, 56003, 59749, 64825, 88695, 64763, 62893, 41956, 32690, 59334, 85934, 345, 87627, 28747, 31205, 7391, 28397, 76453, 46529, 54087, 76838, 17327, 68231, 90232, 35047, 66442, 7325, 52578, 21835, 50554, 90186, 43075, 33937, 3577, 29733, 90052, 92766, 12825, 53852, 30138, 3978, 36085, 22734, 41635, 76913, 20746, 45856, 91986, 57650, 49064, 36892, 97953, 8493, 50071, 53573, 51006, 16021, 15435, 25133, 84568, 58630, 61854, 50864, 66687, 31866, 10337, 53349, 44557, 31549, 99665, 17072, 89681, 62868, 12363, 80532, 13231, 41451, 37724, 25551, 80995, 81514, 90417, 42688, 84533, 58029, 78312, 3150, 56451, 92083, 15393, 74675, 7432, 72536, 56957, 7804, 26825, 3213, 61260, 55652, 33470, 9094, 97222, 49922, 69438, 17349, 90302, 97233, 61272, 19034, 33181, 39809, 6512, 61739, 90321, 66019, 65324, 10650, 3917, 42658, 2980, 38566, 44103, 12580, 30357, 39508, 69859, 54492, 32949, 65708, 25202, 95794, 6222, 21819, 84189, 91571, 95017, 45865, 20293, 77381])"
87.0,10,18,39,11.667217254638672,10115,"Genotype(dna=[68608, 54118, 20547, 4030, 42725, 8918, 36990, 52772, 24412, 35087, 50289, 19568, 96671, 69135, 7394, 69440, 41111, 45423, 73013, 85912, 36181, 64973, 47621, 4077, 74369, 37277, 71232, 62026, 48036, 62957, 88132, 51727, 37988, 3087, 90792, 12629, 67150, 60239, 13115, 80016, 51167, 77741, 98720, 47404, 34203, 59117, 58272, 6314, 37471, 35180, 89586, 18649, 93503, 640, 98990, 38402, 75080, 42615, 6119, 8694, 32439, 32043, 35715, 84345, 20133, 57932, 8035, 46708, 10453, 30581, 84930, 34237, 82251, 9347, 34480, 58071, 80202, 13107, 88548, 35720, 96588, 24561, 43117, 17304, 63513, 61055, 83610, 80958, 50391, 23600, 85228, 43048, 94975, 37424, 91491, 36209, 64798, 45751, 13187, 22623, 27181, 52661, 60775, 54513, 88664, 12916, 79901, 51796, 80076, 36525, 15838, 20302, 35605, 69490, 80877, 26053, 1436, 98098, 56003, 59749, 64825, 88695, 64763, 62893, 41956, 32690, 59334, 85934, 345, 87627, 28747, 31205, 7391, 28397, 76453, 46529, 54087, 76838, 17327, 68231, 90232, 35047, 66442, 7325, 52578, 21835, 50554, 90186, 43075, 33937, 3577, 29733, 90052, 92766, 12825, 53852, 30138, 3978, 36085, 22734, 41635, 76913, 20746, 45856, 91986, 57650, 49064, 36892, 97953, 8493, 50071, 53573, 51006, 16021, 15435, 25133, 84568, 58630, 61854, 50864, 66687, 31866, 10337, 53349, 44557, 31549, 99665, 17072, 89681, 62868, 12363, 80532, 13231, 41451, 37724, 25551, 80995, 81514, 90417, 42688, 84533, 58029, 78312, 3150, 56451, 92083, 15393, 74675, 7432, 72536, 56957, 7804, 26825, 3213, 61260, 55652, 33470, 9094, 97222, 49922, 69438, 17349, 90302, 97233, 61272, 19034, 33181, 39809, 6512, 61739, 90321, 66019, 65324, 10650, 3917, 42658, 2980, 38566, 44103, 12580, 30357, 39508, 69859, 54492, 32949, 65708, 25202, 95794, 6222, 21819, 84189, 91571, 95017, 45865, 20293, 77381])"
87.0,10,18,40,11.7737398147583,10115,"Genotype(dna=[68608, 54118, 20547, 4030, 42725, 8918, 36990, 52772, 24412, 35087, 50289, 19568, 96671, 69135, 7394, 69440, 41111, 45423, 73013, 85912, 36181, 64973, 47621, 4077, 74369, 37277, 71232, 62026, 48036, 62957, 88132, 51727, 37988, 3087, 90792, 12629, 67150, 60239, 13115, 80016, 51167, 77741, 98720, 47404, 34203, 59117, 58272, 6314, 37471, 35180, 89586, 18649, 93503, 640, 98990, 38402, 75080, 42615, 6119, 8694, 32439, 32043, 35715, 84345, 20133, 57932, 8035, 46708, 10453, 30581, 84930, 34237, 82251, 9347, 34480, 58071, 80202, 13107, 88548, 35720, 96588, 24561, 43117, 17304, 63513, 61055, 83610, 80958, 50391, 23600, 85228, 43048, 94975, 37424, 91491, 36209, 64798, 45751, 13187, 22623, 27181, 52661, 60775, 54513, 88664, 12916, 79901, 51796, 80076, 36525, 15838, 20302, 35605, 69490, 80877, 26053, 1436, 98098, 56003, 59749, 64825, 88695, 64763, 62893, 41956, 32690, 59334, 85934, 345, 87627, 28747, 31205, 7391, 28397, 76453, 46529, 54087, 76838, 17327, 68231, 90232, 35047, 66442, 7325, 52578, 21835, 50554, 90186, 43075, 33937, 3577, 29733, 90052, 92766, 12825, 53852, 30138, 3978, 36085, 22734, 41635, 76913, 20746, 45856, 91986, 57650, 49064, 36892, 97953, 8493, 50071, 53573, 51006, 16021, 15435, 25133, 84568, 58630, 61854, 50864, 66687, 31866, 10337, 53349, 44557, 31549, 99665, 17072, 89681, 62868, 12363, 80532, 13231, 41451, 37724, 25551, 80995, 81514, 90417, 42688, 84533, 58029, 78312, 3150, 56451, 92083, 15393, 74675, 7432, 72536, 56957, 7804, 26825, 3213, 61260, 55652, 33470, 9094, 97222, 49922, 69438, 17349, 90302, 97233, 61272, 19034, 33181, 39809, 6512, 61739, 90321, 66019, 65324, 10650, 3917, 42658, 2980, 38566, 44103, 12580, 30357, 39508, 69859, 54492, 32949, 65708, 25202, 95794, 6222, 21819, 84189, 91571, 95017, 45865, 20293, 77381])"
87.0,10,18,41,12.029119729995728,10115,"Genotype(dna=[68608, 54118, 20547, 4030, 42725, 8918, 36990, 52772, 24412, 35087, 50289, 19568, 96671, 69135, 7394, 69440, 41111, 45423, 73013, 85912, 36181, 64973, 47621, 4077, 74369, 37277, 71232, 62026, 48036, 62957, 88132, 51727, 37988, 3087, 90792, 12629, 67150, 60239, 13115, 80016, 51167, 77741, 98720, 47404, 34203, 59117, 58272, 6314, 37471, 35180, 89586, 18649, 93503, 640, 98990, 38402, 75080, 42615, 6119, 8694, 32439, 32043, 35715, 84345, 20133, 57932, 8035, 46708, 10453, 30581, 84930, 34237, 82251, 9347, 34480, 58071, 80202, 13107, 88548, 35720, 96588, 24561, 43117, 17304, 63513, 61055, 83610, 80958, 50391, 23600, 85228, 43048, 94975, 37424, 91491, 36209, 64798, 45751, 13187, 22623, 27181, 52661, 60775, 54513, 88664, 12916, 79901, 51796, 80076, 36525, 15838, 20302, 35605, 69490, 80877, 26053, 1436, 98098, 56003, 59749, 64825, 88695, 64763, 62893, 41956, 32690, 59334, 85934, 345, 87627, 28747, 31205, 7391, 28397, 76453, 46529, 54087, 76838, 17327, 68231, 90232, 35047, 66442, 7325, 52578, 21835, 50554, 90186, 43075, 33937, 3577, 29733, 90052, 92766, 12825, 53852, 30138, 3978, 36085, 22734, 41635, 76913, 20746, 45856, 91986, 57650, 49064, 36892, 97953, 8493, 50071, 53573, 51006, 16021, 15435, 25133, 84568, 58630, 61854, 50864, 66687, 31866, 10337, 53349, 44557, 31549, 99665, 17072, 89681, 62868, 12363, 80532, 13231, 41451, 37724, 25551, 80995, 81514, 90417, 42688, 84533, 58029, 78312, 3150, 56451, 92083, 15393, 74675, 7432, 72536, 56957, 7804, 26825, 3213, 61260, 55652, 33470, 9094, 97222, 49922, 69438, 17349, 90302, 97233, 61272, 19034, 33181, 39809, 6512, 61739, 90321, 66019, 65324, 10650, 3917, 42658, 2980, 38566, 44103, 12580, 30357, 39508, 69859, 54492, 32949, 65708, 25202, 95794, 6222, 21819, 84189, 91571, 95017, 45865, 20293, 77381])"
87.0,10,18,42,12.175704002380371,10115,"Genotype(dna=[68608, 54118, 20547, 4030, 42725, 8918, 36990, 52772, 24412, 35087, 50289, 19568, 96671, 69135, 7394, 69440, 41111, 45423, 73013, 85912, 36181, 64973, 47621, 4077, 74369, 37277, 71232, 62026, 48036, 62957, 88132, 51727, 37988, 3087, 90792, 12629, 67150, 60239, 13115, 80016, 51167, 77741, 98720, 47404, 34203, 59117, 58272, 6314, 37471, 35180, 89586, 18649, 93503, 640, 98990, 38402, 75080, 42615, 6119, 8694, 32439, 32043, 35715, 84345, 20133, 57932, 8035, 46708, 10453, 30581, 84930, 34237, 82251, 9347, 34480, 58071, 80202, 13107, 88548, 35720, 96588, 24561, 43117, 17304, 63513, 61055, 83610, 80958, 50391, 23600, 85228, 43048, 94975, 37424, 91491, 36209, 64798, 45751, 13187, 22623, 27181, 52661, 60775, 54513, 88664, 12916, 79901, 51796, 80076, 36525, 15838, 20302, 35605, 69490, 80877, 26053, 1436, 98098, 56003, 59749, 64825, 88695, 64763, 62893, 41956, 32690, 59334, 85934, 345, 87627, 28747, 31205, 7391, 28397, 76453, 46529, 54087, 76838, 17327, 68231, 90232, 35047, 66442, 7325, 52578, 21835, 50554, 90186, 43075, 33937, 3577, 29733, 90052, 92766, 12825, 53852, 30138, 3978, 36085, 22734, 41635, 76913, 20746, 45856, 91986, 57650, 49064, 36892, 97953, 8493, 50071, 53573, 51006, 16021, 15435, 25133, 84568, 58630, 61854, 50864, 66687, 31866, 10337, 53349, 44557, 31549, 99665, 17072, 89681, 62868, 12363, 80532, 13231, 41451, 37724, 25551, 80995, 81514, 90417, 42688, 84533, 58029, 78312, 3150, 56451, 92083, 15393, 74675, 7432, 72536, 56957, 7804, 26825, 3213, 61260, 55652, 33470, 9094, 97222, 49922, 69438, 17349, 90302, 97233, 61272, 19034, 33181, 39809, 6512, 61739, 90321, 66019, 65324, 10650, 3917, 42658, 2980, 38566, 44103, 12580, 30357, 39508, 69859, 54492, 32949, 65708, 25202, 95794, 6222, 21819, 84189, 91571, 95017, 45865, 20293, 77381])"
87.0,10,18,43,12.262752056121826,10115,"Genotype(dna=[68608, 54118, 20547, 4030, 42725, 8918, 36990, 52772, 24412, 35087, 50289, 19568, 96671, 69135, 7394, 69440, 41111, 45423, 73013, 85912, 36181, 64973, 47621, 4077, 74369, 37277, 71232, 62026, 48036, 62957, 88132, 51727, 37988, 3087, 90792, 12629, 67150, 60239, 13115, 80016, 51167, 77741, 98720, 47404, 34203, 59117, 58272, 6314, 37471, 35180, 89586, 18649, 93503, 640, 98990, 38402, 75080, 42615, 6119, 8694, 32439, 32043, 35715, 84345, 20133, 57932, 8035, 46708, 10453, 30581, 84930, 34237, 82251, 9347, 34480, 58071, 80202, 13107, 88548, 35720, 96588, 24561, 43117, 17304, 63513, 61055, 83610, 80958, 50391, 23600, 85228, 43048, 94975, 37424, 91491, 36209, 64798, 45751, 13187, 22623, 27181, 52661, 60775, 54513, 88664, 12916, 79901, 51796, 80076, 36525, 15838, 20302, 35605, 69490, 80877, 26053, 1436, 98098, 56003, 59749, 64825, 88695, 64763, 62893, 41956, 32690, 59334, 85934, 345, 87627, 28747, 31205, 7391, 28397, 76453, 46529, 54087, 76838, 17327, 68231, 90232, 35047, 66442, 7325, 52578, 21835, 50554, 90186, 43075, 33937, 3577, 29733, 90052, 92766, 12825, 53852, 30138, 3978, 36085, 22734, 41635, 76913, 20746, 45856, 91986, 57650, 49064, 36892, 97953, 8493, 50071, 53573, 51006, 16021, 15435, 25133, 84568, 58630, 61854, 50864, 66687, 31866, 10337, 53349, 44557, 31549, 99665, 17072, 89681, 62868, 12363, 80532, 13231, 41451, 37724, 25551, 80995, 81514, 90417, 42688, 84533, 58029, 78312, 3150, 56451, 92083, 15393, 74675, 7432, 72536, 56957, 7804, 26825, 3213, 61260, 55652, 33470, 9094, 97222, 49922, 69438, 17349, 90302, 97233, 61272, 19034, 33181, 39809, 6512, 61739, 90321, 66019, 65324, 10650, 3917, 42658, 2980, 38566, 44103, 12580, 30357, 39508, 69859, 54492, 32949, 65708, 25202, 95794, 6222, 21819, 84189, 91571, 95017, 45865, 20293, 77381])"
87.0,10,18,44,12.386290311813354,10115,"Genotype(dna=[68608, 54118, 20547, 4030, 42725, 8918, 36990, 52772, 24412, 35087, 50289, 19568, 96671, 69135, 7394, 69440, 41111, 45423, 73013, 85912, 36181, 64973, 47621, 4077, 74369, 37277, 71232, 62026, 48036, 62957, 88132, 51727, 37988, 3087, 90792, 12629, 67150, 60239, 13115, 80016, 51167, 77741, 98720, 47404, 34203, 59117, 58272, 6314, 37471, 35180, 89586, 18649, 93503, 640, 98990, 38402, 75080, 42615, 6119, 8694, 32439, 32043, 35715, 84345, 20133, 57932, 8035, 46708, 10453, 30581, 84930, 34237, 82251, 9347, 34480, 58071, 80202, 13107, 88548, 35720, 96588, 24561, 43117, 17304, 63513, 61055, 83610, 80958, 50391, 23600, 85228, 43048, 94975, 37424, 91491, 36209, 64798, 45751, 13187, 22623, 27181, 52661, 60775, 54513, 88664, 12916, 79901, 51796, 80076, 36525, 15838, 20302, 35605, 69490, 80877, 26053, 1436, 98098, 56003, 59749, 64825, 88695, 64763, 62893, 41956, 32690, 59334, 85934, 345, 87627, 28747, 31205, 7391, 28397, 76453, 46529, 54087, 76838, 17327, 68231, 90232, 35047, 66442, 7325, 52578, 21835, 50554, 90186, 43075, 33937, 3577, 29733, 90052, 92766, 12825, 53852, 30138, 3978, 36085, 22734, 41635, 76913, 20746, 45856, 91986, 57650, 49064, 36892, 97953, 8493, 50071, 53573, 51006, 16021, 15435, 25133, 84568, 58630, 61854, 50864, 66687, 31866, 10337, 53349, 44557, 31549, 99665, 17072, 89681, 62868, 12363, 80532, 13231, 41451, 37724, 25551, 80995, 81514, 90417, 42688, 84533, 58029, 78312, 3150, 56451, 92083, 15393, 74675, 7432, 72536, 56957, 7804, 26825, 3213, 61260, 55652, 33470, 9094, 97222, 49922, 69438, 17349, 90302, 97233, 61272, 19034, 33181, 39809, 6512, 61739, 90321, 66019, 65324, 10650, 3917, 42658, 2980, 38566, 44103, 12580, 30357, 39508, 69859, 54492, 32949, 65708, 25202, 95794, 6222, 21819, 84189, 91571, 95017, 45865, 20293, 77381])"
87.0,10,18,45,12.507696390151978,10115,"Genotype(dna=[68608, 54118, 20547, 4030, 42725, 8918, 36990, 52772, 24412, 35087, 50289, 19568, 96671, 69135, 7394, 69440, 41111, 45423, 73013, 85912, 36181, 64973, 47621, 4077, 74369, 37277, 71232, 62026, 48036, 62957, 88132, 51727, 37988, 3087, 90792, 12629, 67150, 60239, 13115, 80016, 51167, 77741, 98720, 47404, 34203, 59117, 58272, 6314, 37471, 35180, 89586, 18649, 93503, 640, 98990, 38402, 75080, 42615, 6119, 8694, 32439, 32043, 35715, 84345, 20133, 57932, 8035, 46708, 10453, 30581, 84930, 34237, 82251, 9347, 34480, 58071, 80202, 13107, 88548, 35720, 96588, 24561, 43117, 17304, 63513, 61055, 83610, 80958, 50391, 23600, 85228, 43048, 94975, 37424, 91491, 36209, 64798, 45751, 13187, 22623, 27181, 52661, 60775, 54513, 88664, 12916, 79901, 51796, 80076, 36525, 15838, 20302, 35605, 69490, 80877, 26053, 1436, 98098, 56003, 59749, 64825, 88695, 64763, 62893, 41956, 32690, 59334, 85934, 345, 87627, 28747, 31205, 7391, 28397, 76453, 46529, 54087, 76838, 17327, 68231, 90232, 35047, 66442, 7325, 52578, 21835, 50554, 90186, 43075, 33937, 3577, 29733, 90052, 92766, 12825, 53852, 30138, 3978, 36085, 22734, 41635, 76913, 20746, 45856, 91986, 57650, 49064, 36892, 97953, 8493, 50071, 53573, 51006, 16021, 15435, 25133, 84568, 58630, 61854, 50864, 66687, 31866, 10337, 53349, 44557, 31549, 99665, 17072, 89681, 62868, 12363, 80532, 13231, 41451, 37724, 25551, 80995, 81514, 90417, 42688, 84533, 58029, 78312, 3150, 56451, 92083, 15393, 74675, 7432, 72536, 56957, 7804, 26825, 3213, 61260, 55652, 33470, 9094, 97222, 49922, 69438, 17349, 90302, 97233, 61272, 19034, 33181, 39809, 6512, 61739, 90321, 66019, 65324, 10650, 3917, 42658, 2980, 38566, 44103, 12580, 30357, 39508, 69859, 54492, 32949, 65708, 25202, 95794, 6222, 21819, 84189, 91571, 95017, 45865, 20293, 77381])"
87.0,10,18,46,12.656434535980225,10115,"Genotype(dna=[68608, 54118, 20547, 4030, 42725, 8918, 36990, 52772, 24412, 35087, 50289, 19568, 96671, 69135, 7394, 69440, 41111, 45423, 73013, 85912, 36181, 64973, 47621, 4077, 74369, 37277, 71232, 62026, 48036, 62957, 88132, 51727, 37988, 3087, 90792, 12629, 67150, 60239, 13115, 80016, 51167, 77741, 98720, 47404, 34203, 59117, 58272, 6314, 37471, 35180, 89586, 18649, 93503, 640, 98990, 38402, 75080, 42615, 6119, 8694, 32439, 32043, 35715, 84345, 20133, 57932, 8035, 46708, 10453, 30581, 84930, 34237, 82251, 9347, 34480, 58071, 80202, 13107, 88548, 35720, 96588, 24561, 43117, 17304, 63513, 61055, 83610, 80958, 50391, 23600, 85228, 43048, 94975, 37424, 91491, 36209, 64798, 45751, 13187, 22623, 27181, 52661, 60775, 54513, 88664, 12916, 79901, 51796, 80076, 36525, 15838, 20302, 35605, 69490, 80877, 26053, 1436, 98098, 56003, 59749, 64825, 88695, 64763, 62893, 41956, 32690, 59334, 85934, 345, 87627, 28747, 31205, 7391, 28397, 76453, 46529, 54087, 76838, 17327, 68231, 90232, 35047, 66442, 7325, 52578, 21835, 50554, 90186, 43075, 33937, 3577, 29733, 90052, 92766, 12825, 53852, 30138, 3978, 36085, 22734, 41635, 76913, 20746, 45856, 91986, 57650, 49064, 36892, 97953, 8493, 50071, 53573, 51006, 16021, 15435, 25133, 84568, 58630, 61854, 50864, 66687, 31866, 10337, 53349, 44557, 31549, 99665, 17072, 89681, 62868, 12363, 80532, 13231, 41451, 37724, 25551, 80995, 81514, 90417, 42688, 84533, 58029, 78312, 3150, 56451, 92083, 15393, 74675, 7432, 72536, 56957, 7804, 26825, 3213, 61260, 55652, 33470, 9094, 97222, 49922, 69438, 17349, 90302, 97233, 61272, 19034, 33181, 39809, 6512, 61739, 90321, 66019, 65324, 10650, 3917, 42658, 2980, 38566, 44103, 12580, 30357, 39508, 69859, 54492, 32949, 65708, 25202, 95794, 6222, 21819, 84189, 91571, 95017, 45865, 20293, 77381])"
87.0,10,18,47,12.757312297821045,10115,"Genotype(dna=[68608, 54118, 20547, 4030, 42725, 8918, 36990, 52772, 24412, 35087, 50289, 19568, 96671, 69135, 7394, 69440, 41111, 45423, 73013, 85912, 36181, 64973, 47621, 4077, 74369, 37277, 71232, 62026, 48036, 62957, 88132, 51727, 37988, 3087, 90792, 12629, 67150, 60239, 13115, 80016, 51167, 77741, 98720, 47404, 34203, 59117, 58272, 6314, 37471, 35180, 89586, 18649, 93503, 640, 98990, 38402, 75080, 42615, 6119, 8694, 32439, 32043, 35715, 84345, 20133, 57932, 8035, 46708, 10453, 30581, 84930, 34237, 82251, 9347, 34480, 58071, 80202, 13107, 88548, 35720, 96588, 24561, 43117, 17304, 63513, 61055, 83610, 80958, 50391, 23600, 85228, 43048, 94975, 37424, 91491, 36209, 64798, 45751, 13187, 22623, 27181, 52661, 60775, 54513, 88664, 12916, 79901, 51796, 80076, 36525, 15838, 20302, 35605, 69490, 80877, 26053, 1436, 98098, 56003, 59749, 64825, 88695, 64763, 62893, 41956, 32690, 59334, 85934, 345, 87627, 28747, 31205, 7391, 28397, 76453, 46529, 54087, 76838, 17327, 68231, 90232, 35047, 66442, 7325, 52578, 21835, 50554, 90186, 43075, 33937, 3577, 29733, 90052, 92766, 12825, 53852, 30138, 3978, 36085, 22734, 41635, 76913, 20746, 45856, 91986, 57650, 49064, 36892, 97953, 8493, 50071, 53573, 51006, 16021, 15435, 25133, 84568, 58630, 61854, 50864, 66687, 31866, 10337, 53349, 44557, 31549, 99665, 17072, 89681, 62868, 12363, 80532, 13231, 41451, 37724, 25551, 80995, 81514, 90417, 42688, 84533, 58029, 78312, 3150, 56451, 92083, 15393, 74675, 7432, 72536, 56957, 7804, 26825, 3213, 61260, 55652, 33470, 9094, 97222, 49922, 69438, 17349, 90302, 97233, 61272, 19034, 33181, 39809, 6512, 61739, 90321, 66019, 65324, 10650, 3917, 42658, 2980, 38566, 44103, 12580, 30357, 39508, 69859, 54492, 32949, 65708, 25202, 95794, 6222, 21819, 84189, 91571, 95017, 45865, 20293, 77381])"
87.0,10,18,48,12.832780122756958,10115,"Genotype(dna=[68608, 54118, 20547, 4030, 42725, 8918, 36990, 52772, 24412, 35087, 50289, 19568, 96671, 69135, 7394, 69440, 41111, 45423, 73013, 85912, 36181, 64973, 47621, 4077, 74369, 37277, 71232, 62026, 48036, 62957, 88132, 51727, 37988, 3087, 90792, 12629, 67150, 60239, 13115, 80016, 51167, 77741, 98720, 47404, 34203, 59117, 58272, 6314, 37471, 35180, 89586, 18649, 93503, 640, 98990, 38402, 75080, 42615, 6119, 8694, 32439, 32043, 35715, 84345, 20133, 57932, 8035, 46708, 10453, 30581, 84930, 34237, 82251, 9347, 34480, 58071, 80202, 13107, 88548, 35720, 96588, 24561, 43117, 17304, 63513, 61055, 83610, 80958, 50391, 23600, 85228, 43048, 94975, 37424, 91491, 36209, 64798, 45751, 13187, 22623, 27181, 52661, 60775, 54513, 88664, 12916, 79901, 51796, 80076, 36525, 15838, 20302, 35605, 69490, 80877, 26053, 1436, 98098, 56003, 59749, 64825, 88695, 64763, 62893, 41956, 32690, 59334, 85934, 345, 87627, 28747, 31205, 7391, 28397, 76453, 46529, 54087, 76838, 17327, 68231, 90232, 35047, 66442, 7325, 52578, 21835, 50554, 90186, 43075, 33937, 3577, 29733, 90052, 92766, 12825, 53852, 30138, 3978, 36085, 22734, 41635, 76913, 20746, 45856, 91986, 57650, 49064, 36892, 97953, 8493, 50071, 53573, 51006, 16021, 15435, 25133, 84568, 58630, 61854, 50864, 66687, 31866, 10337, 53349, 44557, 31549, 99665, 17072, 89681, 62868, 12363, 80532, 13231, 41451, 37724, 25551, 80995, 81514, 90417, 42688, 84533, 58029, 78312, 3150, 56451, 92083, 15393, 74675, 7432, 72536, 56957, 7804, 26825, 3213, 61260, 55652, 33470, 9094, 97222, 49922, 69438, 17349, 90302, 97233, 61272, 19034, 33181, 39809, 6512, 61739, 90321, 66019, 65324, 10650, 3917, 42658, 2980, 38566, 44103, 12580, 30357, 39508, 69859, 54492, 32949, 65708, 25202, 95794, 6222, 21819, 84189, 91571, 95017, 45865, 20293, 77381])"
87.0,10,18,49,12.924715995788574,10115,"Genotype(dna=[68608, 54118, 20547, 4030, 42725, 8918, 36990, 52772, 24412, 35087, 50289, 19568, 96671, 69135, 7394, 69440, 41111, 45423, 73013, 85912, 36181, 64973, 47621, 4077, 74369, 37277, 71232, 62026, 48036, 62957, 88132, 51727, 37988, 3087, 90792, 12629, 67150, 60239, 13115, 80016, 51167, 77741, 98720, 47404, 34203, 59117, 58272, 6314, 37471, 35180, 89586, 18649, 93503, 640, 98990, 38402, 75080, 42615, 6119, 8694, 32439, 32043, 35715, 84345, 20133, 57932, 8035, 46708, 10453, 30581, 84930, 34237, 82251, 9347, 34480, 58071, 80202, 13107, 88548, 35720, 96588, 24561, 43117, 17304, 63513, 61055, 83610, 80958, 50391, 23600, 85228, 43048, 94975, 37424, 91491, 36209, 64798, 45751, 13187, 22623, 27181, 52661, 60775, 54513, 88664, 12916, 79901, 51796, 80076, 36525, 15838, 20302, 35605, 69490, 80877, 26053, 1436, 98098, 56003, 59749, 64825, 88695, 64763, 62893, 41956, 32690, 59334, 85934, 345, 87627, 28747, 31205, 7391, 28397, 76453, 46529, 54087, 76838, 17327, 68231, 90232, 35047, 66442, 7325, 52578, 21835, 50554, 90186, 43075, 33937, 3577, 29733, 90052, 92766, 12825, 53852, 30138, 3978, 36085, 22734, 41635, 76913, 20746, 45856, 91986, 57650, 49064, 36892, 97953, 8493, 50071, 53573, 51006, 16021, 15435, 25133, 84568, 58630, 61854, 50864, 66687, 31866, 10337, 53349, 44557, 31549, 99665, 17072, 89681, 62868, 12363, 80532, 13231, 41451, 37724, 25551, 80995, 81514, 90417, 42688, 84533, 58029, 78312, 3150, 56451, 92083, 15393, 74675, 7432, 72536, 56957, 7804, 26825, 3213, 61260, 55652, 33470, 9094, 97222, 49922, 69438, 17349, 90302, 97233, 61272, 19034, 33181, 39809, 6512, 61739, 90321, 66019, 65324, 10650, 3917, 42658, 2980, 38566, 44103, 12580, 30357, 39508, 69859, 54492, 32949, 65708, 25202, 95794, 6222, 21819, 84189, 91571, 95017, 45865, 20293, 77381])"
87.0,10,18,50,13.027302742004395,10115,"Genotype(dna=[68608, 54118, 20547, 4030, 42725, 8918, 36990, 52772, 24412, 35087, 50289, 19568, 96671, 69135, 7394, 69440, 41111, 45423, 73013, 85912, 36181, 64973, 47621, 4077, 74369, 37277, 71232, 62026, 48036, 62957, 88132, 51727, 37988, 3087, 90792, 12629, 67150, 60239, 13115, 80016, 51167, 77741, 98720, 47404, 34203, 59117, 58272, 6314, 37471, 35180, 89586, 18649, 93503, 640, 98990, 38402, 75080, 42615, 6119, 8694, 32439, 32043, 35715, 84345, 20133, 57932, 8035, 46708, 10453, 30581, 84930, 34237, 82251, 9347, 34480, 58071, 80202, 13107, 88548, 35720, 96588, 24561, 43117, 17304, 63513, 61055, 83610, 80958, 50391, 23600, 85228, 43048, 94975, 37424, 91491, 36209, 64798, 45751, 13187, 22623, 27181, 52661, 60775, 54513, 88664, 12916, 79901, 51796, 80076, 36525, 15838, 20302, 35605, 69490, 80877, 26053, 1436, 98098, 56003, 59749, 64825, 88695, 64763, 62893, 41956, 32690, 59334, 85934, 345, 87627, 28747, 31205, 7391, 28397, 76453, 46529, 54087, 76838, 17327, 68231, 90232, 35047, 66442, 7325, 52578, 21835, 50554, 90186, 43075, 33937, 3577, 29733, 90052, 92766, 12825, 53852, 30138, 3978, 36085, 22734, 41635, 76913, 20746, 45856, 91986, 57650, 49064, 36892, 97953, 8493, 50071, 53573, 51006, 16021, 15435, 25133, 84568, 58630, 61854, 50864, 66687, 31866, 10337, 53349, 44557, 31549, 99665, 17072, 89681, 62868, 12363, 80532, 13231, 41451, 37724, 25551, 80995, 81514, 90417, 42688, 84533, 58029, 78312, 3150, 56451, 92083, 15393, 74675, 7432, 72536, 56957, 7804, 26825, 3213, 61260, 55652, 33470, 9094, 97222, 49922, 69438, 17349, 90302, 97233, 61272, 19034, 33181, 39809, 6512, 61739, 90321, 66019, 65324, 10650, 3917, 42658, 2980, 38566, 44103, 12580, 30357, 39508, 69859, 54492, 32949, 65708, 25202, 95794, 6222, 21819, 84189, 91571, 95017, 45865, 20293, 77381])"
87.0,10,18,51,13.15045714378357,10115,"Genotype(dna=[68608, 54118, 20547, 4030, 42725, 8918, 36990, 52772, 24412, 35087, 50289, 19568, 96671, 69135, 7394, 69440, 41111, 45423, 73013, 85912, 36181, 64973, 47621, 4077, 74369, 37277, 71232, 62026, 48036, 62957, 88132, 51727, 37988, 3087, 90792, 12629, 67150, 60239, 13115, 80016, 51167, 77741, 98720, 47404, 34203, 59117, 58272, 6314, 37471, 35180, 89586, 18649, 93503, 640, 98990, 38402, 75080, 42615, 6119, 8694, 32439, 32043, 35715, 84345, 20133, 57932, 8035, 46708, 10453, 30581, 84930, 34237, 82251, 9347, 34480, 58071, 80202, 13107, 88548, 35720, 96588, 24561, 43117, 17304, 63513, 61055, 83610, 80958, 50391, 23600, 85228, 43048, 94975, 37424, 91491, 36209, 64798, 45751, 13187, 22623, 27181, 52661, 60775, 54513, 88664, 12916, 79901, 51796, 80076, 36525, 15838, 20302, 35605, 69490, 80877, 26053, 1436, 98098, 56003, 59749, 64825, 88695, 64763, 62893, 41956, 32690, 59334, 85934, 345, 87627, 28747, 31205, 7391, 28397, 76453, 46529, 54087, 76838, 17327, 68231, 90232, 35047, 66442, 7325, 52578, 21835, 50554, 90186, 43075, 33937, 3577, 29733, 90052, 92766, 12825, 53852, 30138, 3978, 36085, 22734, 41635, 76913, 20746, 45856, 91986, 57650, 49064, 36892, 97953, 8493, 50071, 53573, 51006, 16021, 15435, 25133, 84568, 58630, 61854, 50864, 66687, 31866, 10337, 53349, 44557, 31549, 99665, 17072, 89681, 62868, 12363, 80532, 13231, 41451, 37724, 25551, 80995, 81514, 90417, 42688, 84533, 58029, 78312, 3150, 56451, 92083, 15393, 74675, 7432, 72536, 56957, 7804, 26825, 3213, 61260, 55652, 33470, 9094, 97222, 49922, 69438, 17349, 90302, 97233, 61272, 19034, 33181, 39809, 6512, 61739, 90321, 66019, 65324, 10650, 3917, 42658, 2980, 38566, 44103, 12580, 30357, 39508, 69859, 54492, 32949, 65708, 25202, 95794, 6222, 21819, 84189, 91571, 95017, 45865, 20293, 77381])"
87.0,10,18,52,13.254815101623535,10115,"Genotype(dna=[68608, 54118, 20547, 4030, 42725, 8918, 36990, 52772, 24412, 35087, 50289, 19568, 96671, 69135, 7394, 69440, 41111, 45423, 73013, 85912, 36181, 64973, 47621, 4077, 74369, 37277, 71232, 62026, 48036, 62957, 88132, 51727, 37988, 3087, 90792, 12629, 67150, 60239, 13115, 80016, 51167, 77741, 98720, 47404, 34203, 59117, 58272, 6314, 37471, 35180, 89586, 18649, 93503, 640, 98990, 38402, 75080, 42615, 6119, 8694, 32439, 32043, 35715, 84345, 20133, 57932, 8035, 46708, 10453, 30581, 84930, 34237, 82251, 9347, 34480, 58071, 80202, 13107, 88548, 35720, 96588, 24561, 43117, 17304, 63513, 61055, 83610, 80958, 50391, 23600, 85228, 43048, 94975, 37424, 91491, 36209, 64798, 45751, 13187, 22623, 27181, 52661, 60775, 54513, 88664, 12916, 79901, 51796, 80076, 36525, 15838, 20302, 35605, 69490, 80877, 26053, 1436, 98098, 56003, 59749, 64825, 88695, 64763, 62893, 41956, 32690, 59334, 85934, 345, 87627, 28747, 31205, 7391, 28397, 76453, 46529, 54087, 76838, 17327, 68231, 90232, 35047, 66442, 7325, 52578, 21835, 50554, 90186, 43075, 33937, 3577, 29733, 90052, 92766, 12825, 53852, 30138, 3978, 36085, 22734, 41635, 76913, 20746, 45856, 91986, 57650, 49064, 36892, 97953, 8493, 50071, 53573, 51006, 16021, 15435, 25133, 84568, 58630, 61854, 50864, 66687, 31866, 10337, 53349, 44557, 31549, 99665, 17072, 89681, 62868, 12363, 80532, 13231, 41451, 37724, 25551, 80995, 81514, 90417, 42688, 84533, 58029, 78312, 3150, 56451, 92083, 15393, 74675, 7432, 72536, 56957, 7804, 26825, 3213, 61260, 55652, 33470, 9094, 97222, 49922, 69438, 17349, 90302, 97233, 61272, 19034, 33181, 39809, 6512, 61739, 90321, 66019, 65324, 10650, 3917, 42658, 2980, 38566, 44103, 12580, 30357, 39508, 69859, 54492, 32949, 65708, 25202, 95794, 6222, 21819, 84189, 91571, 95017, 45865, 20293, 77381])"
87.0,10,18,53,13.375747442245483,10115,"Genotype(dna=[68608, 54118, 20547, 4030, 42725, 8918, 36990, 52772, 24412, 35087, 50289, 19568, 96671, 69135, 7394, 69440, 41111, 45423, 73013, 85912, 36181, 64973, 47621, 4077, 74369, 37277, 71232, 62026, 48036, 62957, 88132, 51727, 37988, 3087, 90792, 12629, 67150, 60239, 13115, 80016, 51167, 77741, 98720, 47404, 34203, 59117, 58272, 6314, 37471, 35180, 89586, 18649, 93503, 640, 98990, 38402, 75080, 42615, 6119, 8694, 32439, 32043, 35715, 84345, 20133, 57932, 8035, 46708, 10453, 30581, 84930, 34237, 82251, 9347, 34480, 58071, 80202, 13107, 88548, 35720, 96588, 24561, 43117, 17304, 63513, 61055, 83610, 80958, 50391, 23600, 85228, 43048, 94975, 37424, 91491, 36209, 64798, 45751, 13187, 22623, 27181, 52661, 60775, 54513, 88664, 12916, 79901, 51796, 80076, 36525, 15838, 20302, 35605, 69490, 80877, 26053, 1436, 98098, 56003, 59749, 64825, 88695, 64763, 62893, 41956, 32690, 59334, 85934, 345, 87627, 28747, 31205, 7391, 28397, 76453, 46529, 54087, 76838, 17327, 68231, 90232, 35047, 66442, 7325, 52578, 21835, 50554, 90186, 43075, 33937, 3577, 29733, 90052, 92766, 12825, 53852, 30138, 3978, 36085, 22734, 41635, 76913, 20746, 45856, 91986, 57650, 49064, 36892, 97953, 8493, 50071, 53573, 51006, 16021, 15435, 25133, 84568, 58630, 61854, 50864, 66687, 31866, 10337, 53349, 44557, 31549, 99665, 17072, 89681, 62868, 12363, 80532, 13231, 41451, 37724, 25551, 80995, 81514, 90417, 42688, 84533, 58029, 78312, 3150, 56451, 92083, 15393, 74675, 7432, 72536, 56957, 7804, 26825, 3213, 61260, 55652, 33470, 9094, 97222, 49922, 69438, 17349, 90302, 97233, 61272, 19034, 33181, 39809, 6512, 61739, 90321, 66019, 65324, 10650, 3917, 42658, 2980, 38566, 44103, 12580, 30357, 39508, 69859, 54492, 32949, 65708, 25202, 95794, 6222, 21819, 84189, 91571, 95017, 45865, 20293, 77381])"
87.0,10,18,54,13.46202039718628,10115,"Genotype(dna=[68608, 54118, 20547, 4030, 42725, 8918, 36990, 52772, 24412, 35087, 50289, 19568, 96671, 69135, 7394, 69440, 41111, 45423, 73013, 85912, 36181, 64973, 47621, 4077, 74369, 37277, 71232, 62026, 48036, 62957, 88132, 51727, 37988, 3087, 90792, 12629, 67150, 60239, 13115, 80016, 51167, 77741, 98720, 47404, 34203, 59117, 58272, 6314, 37471, 35180, 89586, 18649, 93503, 640, 98990, 38402, 75080, 42615, 6119, 8694, 32439, 32043, 35715, 84345, 20133, 57932, 8035, 46708, 10453, 30581, 84930, 34237, 82251, 9347, 34480, 58071, 80202, 13107, 88548, 35720, 96588, 24561, 43117, 17304, 63513, 61055, 83610, 80958, 50391, 23600, 85228, 43048, 94975, 37424, 91491, 36209, 64798, 45751, 13187, 22623, 27181, 52661, 60775, 54513, 88664, 12916, 79901, 51796, 80076, 36525, 15838, 20302, 35605, 69490, 80877, 26053, 1436, 98098, 56003, 59749, 64825, 88695, 64763, 62893, 41956, 32690, 59334, 85934, 345, 87627, 28747, 31205, 7391, 28397, 76453, 46529, 54087, 76838, 17327, 68231, 90232, 35047, 66442, 7325, 52578, 21835, 50554, 90186, 43075, 33937, 3577, 29733, 90052, 92766, 12825, 53852, 30138, 3978, 36085, 22734, 41635, 76913, 20746, 45856, 91986, 57650, 49064, 36892, 97953, 8493, 50071, 53573, 51006, 16021, 15435, 25133, 84568, 58630, 61854, 50864, 66687, 31866, 10337, 53349, 44557, 31549, 99665, 17072, 89681, 62868, 12363, 80532, 13231, 41451, 37724, 25551, 80995, 81514, 90417, 42688, 84533, 58029, 78312, 3150, 56451, 92083, 15393, 74675, 7432, 72536, 56957, 7804, 26825, 3213, 61260, 55652, 33470, 9094, 97222, 49922, 69438, 17349, 90302, 97233, 61272, 19034, 33181, 39809, 6512, 61739, 90321, 66019, 65324, 10650, 3917, 42658, 2980, 38566, 44103, 12580, 30357, 39508, 69859, 54492, 32949, 65708, 25202, 95794, 6222, 21819, 84189, 91571, 95017, 45865, 20293, 77381])"
87.0,10,18,55,13.543561935424805,10115,"Genotype(dna=[68608, 54118, 20547, 4030, 42725, 8918, 36990, 52772, 24412, 35087, 50289, 19568, 96671, 69135, 7394, 69440, 41111, 45423, 73013, 85912, 36181, 64973, 47621, 4077, 74369, 37277, 71232, 62026, 48036, 62957, 88132, 51727, 37988, 3087, 90792, 12629, 67150, 60239, 13115, 80016, 51167, 77741, 98720, 47404, 34203, 59117, 58272, 6314, 37471, 35180, 89586, 18649, 93503, 640, 98990, 38402, 75080, 42615, 6119, 8694, 32439, 32043, 35715, 84345, 20133, 57932, 8035, 46708, 10453, 30581, 84930, 34237, 82251, 9347, 34480, 58071, 80202, 13107, 88548, 35720, 96588, 24561, 43117, 17304, 63513, 61055, 83610, 80958, 50391, 23600, 85228, 43048, 94975, 37424, 91491, 36209, 64798, 45751, 13187, 22623, 27181, 52661, 60775, 54513, 88664, 12916, 79901, 51796, 80076, 36525, 15838, 20302, 35605, 69490, 80877, 26053, 1436, 98098, 56003, 59749, 64825, 88695, 64763, 62893, 41956, 32690, 59334, 85934, 345, 87627, 28747, 31205, 7391, 28397, 76453, 46529, 54087, 76838, 17327, 68231, 90232, 35047, 66442, 7325, 52578, 21835, 50554, 90186, 43075, 33937, 3577, 29733, 90052, 92766, 12825, 53852, 30138, 3978, 36085, 22734, 41635, 76913, 20746, 45856, 91986, 57650, 49064, 36892, 97953, 8493, 50071, 53573, 51006, 16021, 15435, 25133, 84568, 58630, 61854, 50864, 66687, 31866, 10337, 53349, 44557, 31549, 99665, 17072, 89681, 62868, 12363, 80532, 13231, 41451, 37724, 25551, 80995, 81514, 90417, 42688, 84533, 58029, 78312, 3150, 56451, 92083, 15393, 74675, 7432, 72536, 56957, 7804, 26825, 3213, 61260, 55652, 33470, 9094, 97222, 49922, 69438, 17349, 90302, 97233, 61272, 19034, 33181, 39809, 6512, 61739, 90321, 66019, 65324, 10650, 3917, 42658, 2980, 38566, 44103, 12580, 30357, 39508, 69859, 54492, 32949, 65708, 25202, 95794, 6222, 21819, 84189, 91571, 95017, 45865, 20293, 77381])"
87.0,10,18,56,13.625997543334961,10115,"Genotype(dna=[68608, 54118, 20547, 4030, 42725, 8918, 36990, 52772, 24412, 35087, 50289, 19568, 96671, 69135, 7394, 69440, 41111, 45423, 73013, 85912, 36181, 64973, 47621, 4077, 74369, 37277, 71232, 62026, 48036, 62957, 88132, 51727, 37988, 3087, 90792, 12629, 67150, 60239, 13115, 80016, 51167, 77741, 98720, 47404, 34203, 59117, 58272, 6314, 37471, 35180, 89586, 18649, 93503, 640, 98990, 38402, 75080, 42615, 6119, 8694, 32439, 32043, 35715, 84345, 20133, 57932, 8035, 46708, 10453, 30581, 84930, 34237, 82251, 9347, 34480, 58071, 80202, 13107, 88548, 35720, 96588, 24561, 43117, 17304, 63513, 61055, 83610, 80958, 50391, 23600, 85228, 43048, 94975, 37424, 91491, 36209, 64798, 45751, 13187, 22623, 27181, 52661, 60775, 54513, 88664, 12916, 79901, 51796, 80076, 36525, 15838, 20302, 35605, 69490, 80877, 26053, 1436, 98098, 56003, 59749, 64825, 88695, 64763, 62893, 41956, 32690, 59334, 85934, 345, 87627, 28747, 31205, 7391, 28397, 76453, 46529, 54087, 76838, 17327, 68231, 90232, 35047, 66442, 7325, 52578, 21835, 50554, 90186, 43075, 33937, 3577, 29733, 90052, 92766, 12825, 53852, 30138, 3978, 36085, 22734, 41635, 76913, 20746, 45856, 91986, 57650, 49064, 36892, 97953, 8493, 50071, 53573, 51006, 16021, 15435, 25133, 84568, 58630, 61854, 50864, 66687, 31866, 10337, 53349, 44557, 31549, 99665, 17072, 89681, 62868, 12363, 80532, 13231, 41451, 37724, 25551, 80995, 81514, 90417, 42688, 84533, 58029, 78312, 3150, 56451, 92083, 15393, 74675, 7432, 72536, 56957, 7804, 26825, 3213, 61260, 55652, 33470, 9094, 97222, 49922, 69438, 17349, 90302, 97233, 61272, 19034, 33181, 39809, 6512, 61739, 90321, 66019, 65324, 10650, 3917, 42658, 2980, 38566, 44103, 12580, 30357, 39508, 69859, 54492, 32949, 65708, 25202, 95794, 6222, 21819, 84189, 91571, 95017, 45865, 20293, 77381])"
87.0,10,18,57,13.715004205703735,10115,"Genotype(dna=[68608, 54118, 20547, 4030, 42725, 8918, 36990, 52772, 24412, 35087, 50289, 19568, 96671, 69135, 7394, 69440, 41111, 45423, 73013, 85912, 36181, 64973, 47621, 4077, 74369, 37277, 71232, 62026, 48036, 62957, 88132, 51727, 37988, 3087, 90792, 12629, 67150, 60239, 13115, 80016, 51167, 77741, 98720, 47404, 34203, 59117, 58272, 6314, 37471, 35180, 89586, 18649, 93503, 640, 98990, 38402, 75080, 42615, 6119, 8694, 32439, 32043, 35715, 84345, 20133, 57932, 8035, 46708, 10453, 30581, 84930, 34237, 82251, 9347, 34480, 58071, 80202, 13107, 88548, 35720, 96588, 24561, 43117, 17304, 63513, 61055, 83610, 80958, 50391, 23600, 85228, 43048, 94975, 37424, 91491, 36209, 64798, 45751, 13187, 22623, 27181, 52661, 60775, 54513, 88664, 12916, 79901, 51796, 80076, 36525, 15838, 20302, 35605, 69490, 80877, 26053, 1436, 98098, 56003, 59749, 64825, 88695, 64763, 62893, 41956, 32690, 59334, 85934, 345, 87627, 28747, 31205, 7391, 28397, 76453, 46529, 54087, 76838, 17327, 68231, 90232, 35047, 66442, 7325, 52578, 21835, 50554, 90186, 43075, 33937, 3577, 29733, 90052, 92766, 12825, 53852, 30138, 3978, 36085, 22734, 41635, 76913, 20746, 45856, 91986, 57650, 49064, 36892, 97953, 8493, 50071, 53573, 51006, 16021, 15435, 25133, 84568, 58630, 61854, 50864, 66687, 31866, 10337, 53349, 44557, 31549, 99665, 17072, 89681, 62868, 12363, 80532, 13231, 41451, 37724, 25551, 80995, 81514, 90417, 42688, 84533, 58029, 78312, 3150, 56451, 92083, 15393, 74675, 7432, 72536, 56957, 7804, 26825, 3213, 61260, 55652, 33470, 9094, 97222, 49922, 69438, 17349, 90302, 97233, 61272, 19034, 33181, 39809, 6512, 61739, 90321, 66019, 65324, 10650, 3917, 42658, 2980, 38566, 44103, 12580, 30357, 39508, 69859, 54492, 32949, 65708, 25202, 95794, 6222, 21819, 84189, 91571, 95017, 45865, 20293, 77381])"
87.0,10,18,58,13.81615138053894,10115,"Genotype(dna=[68608, 54118, 20547, 4030, 42725, 8918, 36990, 52772, 24412, 35087, 50289, 19568, 96671, 69135, 7394, 69440, 41111, 45423, 73013, 85912, 36181, 64973, 47621, 4077, 74369, 37277, 71232, 62026, 48036, 62957, 88132, 51727, 37988, 3087, 90792, 12629, 67150, 60239, 13115, 80016, 51167, 77741, 98720, 47404, 34203, 59117, 58272, 6314, 37471, 35180, 89586, 18649, 93503, 640, 98990, 38402, 75080, 42615, 6119, 8694, 32439, 32043, 35715, 84345, 20133, 57932, 8035, 46708, 10453, 30581, 84930, 34237, 82251, 9347, 34480, 58071, 80202, 13107, 88548, 35720, 96588, 24561, 43117, 17304, 63513, 61055, 83610, 80958, 50391, 23600, 85228, 43048, 94975, 37424, 91491, 36209, 64798, 45751, 13187, 22623, 27181, 52661, 60775, 54513, 88664, 12916, 79901, 51796, 80076, 36525, 15838, 20302, 35605, 69490, 80877, 26053, 1436, 98098, 56003, 59749, 64825, 88695, 64763, 62893, 41956, 32690, 59334, 85934, 345, 87627, 28747, 31205, 7391, 28397, 76453, 46529, 54087, 76838, 17327, 68231, 90232, 35047, 66442, 7325, 52578, 21835, 50554, 90186, 43075, 33937, 3577, 29733, 90052, 92766, 12825, 53852, 30138, 3978, 36085, 22734, 41635, 76913, 20746, 45856, 91986, 57650, 49064, 36892, 97953, 8493, 50071, 53573, 51006, 16021, 15435, 25133, 84568, 58630, 61854, 50864, 66687, 31866, 10337, 53349, 44557, 31549, 99665, 17072, 89681, 62868, 12363, 80532, 13231, 41451, 37724, 25551, 80995, 81514, 90417, 42688, 84533, 58029, 78312, 3150, 56451, 92083, 15393, 74675, 7432, 72536, 56957, 7804, 26825, 3213, 61260, 55652, 33470, 9094, 97222, 49922, 69438, 17349, 90302, 97233, 61272, 19034, 33181, 39809, 6512, 61739, 90321, 66019, 65324, 10650, 3917, 42658, 2980, 38566, 44103, 12580, 30357, 39508, 69859, 54492, 32949, 65708, 25202, 95794, 6222, 21819, 84189, 91571, 95017, 45865, 20293, 77381])"
87.0,10,18,59,13.916442155838013,10115,"Genotype(dna=[68608, 54118, 20547, 4030, 42725, 8918, 36990, 52772, 24412, 35087, 50289, 19568, 96671, 69135, 7394, 69440, 41111, 45423, 73013, 85912, 36181, 64973, 47621, 4077, 74369, 37277, 71232, 62026, 48036, 62957, 88132, 51727, 37988, 3087, 90792, 12629, 67150, 60239, 13115, 80016, 51167, 77741, 98720, 47404, 34203, 59117, 58272, 6314, 37471, 35180, 89586, 18649, 93503, 640, 98990, 38402, 75080, 42615, 6119, 8694, 32439, 32043, 35715, 84345, 20133, 57932, 8035, 46708, 10453, 30581, 84930, 34237, 82251, 9347, 34480, 58071, 80202, 13107, 88548, 35720, 96588, 24561, 43117, 17304, 63513, 61055, 83610, 80958, 50391, 23600, 85228, 43048, 94975, 37424, 91491, 36209, 64798, 45751, 13187, 22623, 27181, 52661, 60775, 54513, 88664, 12916, 79901, 51796, 80076, 36525, 15838, 20302, 35605, 69490, 80877, 26053, 1436, 98098, 56003, 59749, 64825, 88695, 64763, 62893, 41956, 32690, 59334, 85934, 345, 87627, 28747, 31205, 7391, 28397, 76453, 46529, 54087, 76838, 17327, 68231, 90232, 35047, 66442, 7325, 52578, 21835, 50554, 90186, 43075, 33937, 3577, 29733, 90052, 92766, 12825, 53852, 30138, 3978, 36085, 22734, 41635, 76913, 20746, 45856, 91986, 57650, 49064, 36892, 97953, 8493, 50071, 53573, 51006, 16021, 15435, 25133, 84568, 58630, 61854, 50864, 66687, 31866, 10337, 53349, 44557, 31549, 99665, 17072, 89681, 62868, 12363, 80532, 13231, 41451, 37724, 25551, 80995, 81514, 90417, 42688, 84533, 58029, 78312, 3150, 56451, 92083, 15393, 74675, 7432, 72536, 56957, 7804, 26825, 3213, 61260, 55652, 33470, 9094, 97222, 49922, 69438, 17349, 90302, 97233, 61272, 19034, 33181, 39809, 6512, 61739, 90321, 66019, 65324, 10650, 3917, 42658, 2980, 38566, 44103, 12580, 30357, 39508, 69859, 54492, 32949, 65708, 25202, 95794, 6222, 21819, 84189, 91571, 95017, 45865, 20293, 77381])"
87.0,10,18,60,14.020128965377808,10115,"Genotype(dna=[68608, 54118, 20547, 4030, 42725, 8918, 36990, 52772, 24412, 35087, 50289, 19568, 96671, 69135, 7394, 69440, 41111, 45423, 73013, 85912, 36181, 64973, 47621, 4077, 74369, 37277, 71232, 62026, 48036, 62957, 88132, 51727, 37988, 3087, 90792, 12629, 67150, 60239, 13115, 80016, 51167, 77741, 98720, 47404, 34203, 59117, 58272, 6314, 37471, 35180, 89586, 18649, 93503, 640, 98990, 38402, 75080, 42615, 6119, 8694, 32439, 32043, 35715, 84345, 20133, 57932, 8035, 46708, 10453, 30581, 84930, 34237, 82251, 9347, 34480, 58071, 80202, 13107, 88548, 35720, 96588, 24561, 43117, 17304, 63513, 61055, 83610, 80958, 50391, 23600, 85228, 43048, 94975, 37424, 91491, 36209, 64798, 45751, 13187, 22623, 27181, 52661, 60775, 54513, 88664, 12916, 79901, 51796, 80076, 36525, 15838, 20302, 35605, 69490, 80877, 26053, 1436, 98098, 56003, 59749, 64825, 88695, 64763, 62893, 41956, 32690, 59334, 85934, 345, 87627, 28747, 31205, 7391, 28397, 76453, 46529, 54087, 76838, 17327, 68231, 90232, 35047, 66442, 7325, 52578, 21835, 50554, 90186, 43075, 33937, 3577, 29733, 90052, 92766, 12825, 53852, 30138, 3978, 36085, 22734, 41635, 76913, 20746, 45856, 91986, 57650, 49064, 36892, 97953, 8493, 50071, 53573, 51006, 16021, 15435, 25133, 84568, 58630, 61854, 50864, 66687, 31866, 10337, 53349, 44557, 31549, 99665, 17072, 89681, 62868, 12363, 80532, 13231, 41451, 37724, 25551, 80995, 81514, 90417, 42688, 84533, 58029, 78312, 3150, 56451, 92083, 15393, 74675, 7432, 72536, 56957, 7804, 26825, 3213, 61260, 55652, 33470, 9094, 97222, 49922, 69438, 17349, 90302, 97233, 61272, 19034, 33181, 39809, 6512, 61739, 90321, 66019, 65324, 10650, 3917, 42658, 2980, 38566, 44103, 12580, 30357, 39508, 69859, 54492, 32949, 65708, 25202, 95794, 6222, 21819, 84189, 91571, 95017, 45865, 20293, 77381])"
87.0,10,18,61,14.141868352890015,10115,"Genotype(dna=[68608, 54118, 20547, 4030, 42725, 8918, 36990, 52772, 24412, 35087, 50289, 19568, 96671, 69135, 7394, 69440, 41111, 45423, 73013, 85912, 36181, 64973, 47621, 4077, 74369, 37277, 71232, 62026, 48036, 62957, 88132, 51727, 37988, 3087, 90792, 12629, 67150, 60239, 13115, 80016, 51167, 77741, 98720, 47404, 34203, 59117, 58272, 6314, 37471, 35180, 89586, 18649, 93503, 640, 98990, 38402, 75080, 42615, 6119, 8694, 32439, 32043, 35715, 84345, 20133, 57932, 8035, 46708, 10453, 30581, 84930, 34237, 82251, 9347, 34480, 58071, 80202, 13107, 88548, 35720, 96588, 24561, 43117, 17304, 63513, 61055, 83610, 80958, 50391, 23600, 85228, 43048, 94975, 37424, 91491, 36209, 64798, 45751, 13187, 22623, 27181, 52661, 60775, 54513, 88664, 12916, 79901, 51796, 80076, 36525, 15838, 20302, 35605, 69490, 80877, 26053, 1436, 98098, 56003, 59749, 64825, 88695, 64763, 62893, 41956, 32690, 59334, 85934, 345, 87627, 28747, 31205, 7391, 28397, 76453, 46529, 54087, 76838, 17327, 68231, 90232, 35047, 66442, 7325, 52578, 21835, 50554, 90186, 43075, 33937, 3577, 29733, 90052, 92766, 12825, 53852, 30138, 3978, 36085, 22734, 41635, 76913, 20746, 45856, 91986, 57650, 49064, 36892, 97953, 8493, 50071, 53573, 51006, 16021, 15435, 25133, 84568, 58630, 61854, 50864, 66687, 31866, 10337, 53349, 44557, 31549, 99665, 17072, 89681, 62868, 12363, 80532, 13231, 41451, 37724, 25551, 80995, 81514, 90417, 42688, 84533, 58029, 78312, 3150, 56451, 92083, 15393, 74675, 7432, 72536, 56957, 7804, 26825, 3213, 61260, 55652, 33470, 9094, 97222, 49922, 69438, 17349, 90302, 97233, 61272, 19034, 33181, 39809, 6512, 61739, 90321, 66019, 65324, 10650, 3917, 42658, 2980, 38566, 44103, 12580, 30357, 39508, 69859, 54492, 32949, 65708, 25202, 95794, 6222, 21819, 84189, 91571, 95017, 45865, 20293, 77381])"
87.0,10,18,62,14.225464344024658,10115,"Genotype(dna=[68608, 54118, 20547, 4030, 42725, 8918, 36990, 52772, 24412, 35087, 50289, 19568, 96671, 69135, 7394, 69440, 41111, 45423, 73013, 85912, 36181, 64973, 47621, 4077, 74369, 37277, 71232, 62026, 48036, 62957, 88132, 51727, 37988, 3087, 90792, 12629, 67150, 60239, 13115, 80016, 51167, 77741, 98720, 47404, 34203, 59117, 58272, 6314, 37471, 35180, 89586, 18649, 93503, 640, 98990, 38402, 75080, 42615, 6119, 8694, 32439, 32043, 35715, 84345, 20133, 57932, 8035, 46708, 10453, 30581, 84930, 34237, 82251, 9347, 34480, 58071, 80202, 13107, 88548, 35720, 96588, 24561, 43117, 17304, 63513, 61055, 83610, 80958, 50391, 23600, 85228, 43048, 94975, 37424, 91491, 36209, 64798, 45751, 13187, 22623, 27181, 52661, 60775, 54513, 88664, 12916, 79901, 51796, 80076, 36525, 15838, 20302, 35605, 69490, 80877, 26053, 1436, 98098, 56003, 59749, 64825, 88695, 64763, 62893, 41956, 32690, 59334, 85934, 345, 87627, 28747, 31205, 7391, 28397, 76453, 46529, 54087, 76838, 17327, 68231, 90232, 35047, 66442, 7325, 52578, 21835, 50554, 90186, 43075, 33937, 3577, 29733, 90052, 92766, 12825, 53852, 30138, 3978, 36085, 22734, 41635, 76913, 20746, 45856, 91986, 57650, 49064, 36892, 97953, 8493, 50071, 53573, 51006, 16021, 15435, 25133, 84568, 58630, 61854, 50864, 66687, 31866, 10337, 53349, 44557, 31549, 99665, 17072, 89681, 62868, 12363, 80532, 13231, 41451, 37724, 25551, 80995, 81514, 90417, 42688, 84533, 58029, 78312, 3150, 56451, 92083, 15393, 74675, 7432, 72536, 56957, 7804, 26825, 3213, 61260, 55652, 33470, 9094, 97222, 49922, 69438, 17349, 90302, 97233, 61272, 19034, 33181, 39809, 6512, 61739, 90321, 66019, 65324, 10650, 3917, 42658, 2980, 38566, 44103, 12580, 30357, 39508, 69859, 54492, 32949, 65708, 25202, 95794, 6222, 21819, 84189, 91571, 95017, 45865, 20293, 77381])"
87.0,10,18,63,14.325061798095703,10115,"Genotype(dna=[68608, 54118, 20547, 4030, 42725, 8918, 36990, 52772, 24412, 35087, 50289, 19568, 96671, 69135, 7394, 69440, 41111, 45423, 73013, 85912, 36181, 64973, 47621, 4077, 74369, 37277, 71232, 62026, 48036, 62957, 88132, 51727, 37988, 3087, 90792, 12629, 67150, 60239, 13115, 80016, 51167, 77741, 98720, 47404, 34203, 59117, 58272, 6314, 37471, 35180, 89586, 18649, 93503, 640, 98990, 38402, 75080, 42615, 6119, 8694, 32439, 32043, 35715, 84345, 20133, 57932, 8035, 46708, 10453, 30581, 84930, 34237, 82251, 9347, 34480, 58071, 80202, 13107, 88548, 35720, 96588, 24561, 43117, 17304, 63513, 61055, 83610, 80958, 50391, 23600, 85228, 43048, 94975, 37424, 91491, 36209, 64798, 45751, 13187, 22623, 27181, 52661, 60775, 54513, 88664, 12916, 79901, 51796, 80076, 36525, 15838, 20302, 35605, 69490, 80877, 26053, 1436, 98098, 56003, 59749, 64825, 88695, 64763, 62893, 41956, 32690, 59334, 85934, 345, 87627, 28747, 31205, 7391, 28397, 76453, 46529, 54087, 76838, 17327, 68231, 90232, 35047, 66442, 7325, 52578, 21835, 50554, 90186, 43075, 33937, 3577, 29733, 90052, 92766, 12825, 53852, 30138, 3978, 36085, 22734, 41635, 76913, 20746, 45856, 91986, 57650, 49064, 36892, 97953, 8493, 50071, 53573, 51006, 16021, 15435, 25133, 84568, 58630, 61854, 50864, 66687, 31866, 10337, 53349, 44557, 31549, 99665, 17072, 89681, 62868, 12363, 80532, 13231, 41451, 37724, 25551, 80995, 81514, 90417, 42688, 84533, 58029, 78312, 3150, 56451, 92083, 15393, 74675, 7432, 72536, 56957, 7804, 26825, 3213, 61260, 55652, 33470, 9094, 97222, 49922, 69438, 17349, 90302, 97233, 61272, 19034, 33181, 39809, 6512, 61739, 90321, 66019, 65324, 10650, 3917, 42658, 2980, 38566, 44103, 12580, 30357, 39508, 69859, 54492, 32949, 65708, 25202, 95794, 6222, 21819, 84189, 91571, 95017, 45865, 20293, 77381])"
87.0,10,18,64,14.435722827911377,10115,"Genotype(dna=[68608, 54118, 20547, 4030, 42725, 8918, 36990, 52772, 24412, 35087, 50289, 19568, 96671, 69135, 7394, 69440, 41111, 45423, 73013, 85912, 36181, 64973, 47621, 4077, 74369, 37277, 71232, 62026, 48036, 62957, 88132, 51727, 37988, 3087, 90792, 12629, 67150, 60239, 13115, 80016, 51167, 77741, 98720, 47404, 34203, 59117, 58272, 6314, 37471, 35180, 89586, 18649, 93503, 640, 98990, 38402, 75080, 42615, 6119, 8694, 32439, 32043, 35715, 84345, 20133, 57932, 8035, 46708, 10453, 30581, 84930, 34237, 82251, 9347, 34480, 58071, 80202, 13107, 88548, 35720, 96588, 24561, 43117, 17304, 63513, 61055, 83610, 80958, 50391, 23600, 85228, 43048, 94975, 37424, 91491, 36209, 64798, 45751, 13187, 22623, 27181, 52661, 60775, 54513, 88664, 12916, 79901, 51796, 80076, 36525, 15838, 20302, 35605, 69490, 80877, 26053, 1436, 98098, 56003, 59749, 64825, 88695, 64763, 62893, 41956, 32690, 59334, 85934, 345, 87627, 28747, 31205, 7391, 28397, 76453, 46529, 54087, 76838, 17327, 68231, 90232, 35047, 66442, 7325, 52578, 21835, 50554, 90186, 43075, 33937, 3577, 29733, 90052, 92766, 12825, 53852, 30138, 3978, 36085, 22734, 41635, 76913, 20746, 45856, 91986, 57650, 49064, 36892, 97953, 8493, 50071, 53573, 51006, 16021, 15435, 25133, 84568, 58630, 61854, 50864, 66687, 31866, 10337, 53349, 44557, 31549, 99665, 17072, 89681, 62868, 12363, 80532, 13231, 41451, 37724, 25551, 80995, 81514, 90417, 42688, 84533, 58029, 78312, 3150, 56451, 92083, 15393, 74675, 7432, 72536, 56957, 7804, 26825, 3213, 61260, 55652, 33470, 9094, 97222, 49922, 69438, 17349, 90302, 97233, 61272, 19034, 33181, 39809, 6512, 61739, 90321, 66019, 65324, 10650, 3917, 42658, 2980, 38566, 44103, 12580, 30357, 39508, 69859, 54492, 32949, 65708, 25202, 95794, 6222, 21819, 84189, 91571, 95017, 45865, 20293, 77381])"
80.0,10,19,65,14.547991275787354,10115,"Genotype(dna=[68608, 54118, 20547, 4030, 42725, 8918, 36990, 52772, 24412, 35087, 50289, 19568, 96671, 69135, 7394, 69440, 41111, 45423, 73013, 85912, 36181, 64973, 47621, 4077, 74369, 37277, 71232, 62026, 48036, 62957, 88132, 51727, 37988, 3087, 90792, 12629, 67150, 60239, 13115, 80016, 51167, 77741, 98720, 47404, 34203, 59117, 58272, 34915, 37471, 35180, 89586, 18649, 93503, 640, 98990, 38402, 75080, 42615, 6119, 17511, 32439, 32043, 35715, 84345, 14959, 57932, 8035, 46708, 10453, 30581, 84930, 25797, 82251, 9347, 34480, 58071, 80202, 13107, 88548, 35720, 96588, 24561, 43117, 59855, 63513, 61055, 83610, 80958, 50391, 23600, 85228, 43048, 94975, 37424, 91491, 36209, 64798, 45751, 13187, 22623, 27181, 52661, 60775, 54513, 88664, 12916, 51088, 51796, 80076, 36525, 15838, 20302, 35605, 69490, 80877, 26053, 1436, 98098, 56003, 59749, 64825, 88695, 64763, 62893, 41956, 32690, 59334, 99669, 345, 87627, 28747, 31205, 7391, 28397, 76453, 46529, 36210, 41147, 17327, 68231, 90232, 35047, 66442, 7325, 64256, 21835, 88088, 90186, 46609, 23108, 20536, 97020, 94783, 44464, 44614, 2819, 72244, 69902, 32525, 40365, 50265, 19378, 77836, 82343, 29811, 87303, 61058, 94629, 57942, 88998, 10701, 99642, 22843, 94627, 57167, 57718, 75882, 23321, 81297, 4535, 74292, 29540, 97969, 18056, 71753, 87311, 78614, 51500, 11389, 87062, 98790, 64940, 47537, 21455, 79640, 65180, 94286, 38642, 22591, 66489, 71097, 44105, 38370, 24630, 56451, 92083, 15393, 74675, 7432, 72536, 56957, 7804, 26825, 3213, 61260, 55652, 33470, 9094, 97222, 49922, 69438, 17349, 90302, 97233, 61272, 19034, 33181, 39809, 6512, 61739, 90321, 66019, 65324, 10650, 3917, 42658, 2980, 38566, 44103, 12580, 30357, 39508, 69859, 54492, 32949, 13425, 25202, 95794, 6222, 21819, 55530, 91571, 95017, 45865, 20293, 77381])"
80.0,10,19,66,14.629851579666138,10115,"Genotype(dna=[68608, 54118, 20547, 4030, 42725, 8918, 36990, 52772, 24412, 35087, 50289, 19568, 96671, 69135, 7394, 69440, 41111, 45423, 73013, 85912, 36181, 64973, 47621, 4077, 74369, 37277, 71232, 62026, 48036, 62957, 88132, 51727, 37988, 3087, 90792, 12629, 67150, 60239, 13115, 80016, 51167, 77741, 98720, 47404, 34203, 59117, 58272, 34915, 37471, 35180, 89586, 18649, 93503, 640, 98990, 38402, 75080, 42615, 6119, 17511, 32439, 32043, 35715, 84345, 14959, 57932, 8035, 46708, 10453, 30581, 84930, 25797, 82251, 9347, 34480, 58071, 80202, 13107, 88548, 35720, 96588, 24561, 43117, 59855, 63513, 61055, 83610, 80958, 50391, 23600, 85228, 43048, 94975, 37424, 91491, 36209, 64798, 45751, 13187, 22623, 27181, 52661, 60775, 54513, 88664, 12916, 51088, 51796, 80076, 36525, 15838, 20302, 35605, 69490, 80877, 26053, 1436, 98098, 56003, 59749, 64825, 88695, 64763, 62893, 41956, 32690, 59334, 99669, 345, 87627, 28747, 31205, 7391, 28397, 76453, 46529, 36210, 41147, 17327, 68231, 90232, 35047, 66442, 7325, 64256, 21835, 88088, 90186, 46609, 23108, 20536, 97020, 94783, 44464, 44614, 2819, 72244, 69902, 32525, 40365, 50265, 19378, 77836, 82343, 29811, 87303, 61058, 94629, 57942, 88998, 10701, 99642, 22843, 94627, 57167, 57718, 75882, 23321, 81297, 4535, 74292, 29540, 97969, 18056, 71753, 87311, 78614, 51500, 11389, 87062, 98790, 64940, 47537, 21455, 79640, 65180, 94286, 38642, 22591, 66489, 71097, 44105, 38370, 24630, 56451, 92083, 15393, 74675, 7432, 72536, 56957, 7804, 26825, 3213, 61260, 55652, 33470, 9094, 97222, 49922, 69438, 17349, 90302, 97233, 61272, 19034, 33181, 39809, 6512, 61739, 90321, 66019, 65324, 10650, 3917, 42658, 2980, 38566, 44103, 12580, 30357, 39508, 69859, 54492, 32949, 13425, 25202, 95794, 6222, 21819, 55530, 91571, 95017, 45865, 20293, 77381])"
80.0,10,19,67,14.769447803497314,10115,"Genotype(dna=[68608, 54118, 20547, 4030, 42725, 8918, 36990, 52772, 24412, 35087, 50289, 19568, 96671, 69135, 7394, 69440, 41111, 45423, 73013, 85912, 36181, 64973, 47621, 4077, 74369, 37277, 71232, 62026, 48036, 62957, 88132, 51727, 37988, 3087, 90792, 12629, 67150, 60239, 13115, 80016, 51167, 77741, 98720, 47404, 34203, 59117, 58272, 34915, 37471, 35180, 89586, 18649, 93503, 640, 98990, 38402, 75080, 42615, 6119, 17511, 32439, 32043, 35715, 84345, 14959, 57932, 8035, 46708, 10453, 30581, 84930, 25797, 82251, 9347, 34480, 58071, 80202, 13107, 88548, 35720, 96588, 24561, 43117, 59855, 63513, 61055, 83610, 80958, 50391, 23600, 85228, 43048, 94975, 37424, 91491, 36209, 64798, 45751, 13187, 22623, 27181, 52661, 60775, 54513, 88664, 12916, 51088, 51796, 80076, 36525, 15838, 20302, 35605, 69490, 80877, 26053, 1436, 98098, 56003, 59749, 64825, 88695, 64763, 62893, 41956, 32690, 59334, 99669, 345, 87627, 28747, 31205, 7391, 28397, 76453, 46529, 36210, 41147, 17327, 68231, 90232, 35047, 66442, 7325, 64256, 21835, 88088, 90186, 46609, 23108, 20536, 97020, 94783, 44464, 44614, 2819, 72244, 69902, 32525, 40365, 50265, 19378, 77836, 82343, 29811, 87303, 61058, 94629, 57942, 88998, 10701, 99642, 22843, 94627, 57167, 57718, 75882, 23321, 81297, 4535, 74292, 29540, 97969, 18056, 71753, 87311, 78614, 51500, 11389, 87062, 98790, 64940, 47537, 21455, 79640, 65180, 94286, 38642, 22591, 66489, 71097, 44105, 38370, 24630, 56451, 92083, 15393, 74675, 7432, 72536, 56957, 7804, 26825, 3213, 61260, 55652, 33470, 9094, 97222, 49922, 69438, 17349, 90302, 97233, 61272, 19034, 33181, 39809, 6512, 61739, 90321, 66019, 65324, 10650, 3917, 42658, 2980, 38566, 44103, 12580, 30357, 39508, 69859, 54492, 32949, 13425, 25202, 95794, 6222, 21819, 55530, 91571, 95017, 45865, 20293, 77381])"
80.0,10,19,68,14.883697748184204,10115,"Genotype(dna=[68608, 54118, 20547, 4030, 42725, 8918, 36990, 52772, 24412, 35087, 50289, 19568, 96671, 69135, 7394, 69440, 41111, 45423, 73013, 85912, 36181, 64973, 47621, 4077, 74369, 37277, 71232, 62026, 48036, 62957, 88132, 51727, 37988, 3087, 90792, 12629, 67150, 60239, 13115, 80016, 51167, 77741, 98720, 47404, 34203, 59117, 58272, 34915, 37471, 35180, 89586, 18649, 93503, 640, 98990, 38402, 75080, 42615, 6119, 17511, 32439, 32043, 35715, 84345, 14959, 57932, 8035, 46708, 10453, 30581, 84930, 25797, 82251, 9347, 34480, 58071, 80202, 13107, 88548, 35720, 96588, 24561, 43117, 59855, 63513, 61055, 83610, 80958, 50391, 23600, 85228, 43048, 94975, 37424, 91491, 36209, 64798, 45751, 13187, 22623, 27181, 52661, 60775, 54513, 88664, 12916, 51088, 51796, 80076, 36525, 15838, 20302, 35605, 69490, 80877, 26053, 1436, 98098, 56003, 59749, 64825, 88695, 64763, 62893, 41956, 32690, 59334, 99669, 345, 87627, 28747, 31205, 7391, 28397, 76453, 46529, 36210, 41147, 17327, 68231, 90232, 35047, 66442, 7325, 64256, 21835, 88088, 90186, 46609, 23108, 20536, 97020, 94783, 44464, 44614, 2819, 72244, 69902, 32525, 40365, 50265, 19378, 77836, 82343, 29811, 87303, 61058, 94629, 57942, 88998, 10701, 99642, 22843, 94627, 57167, 57718, 75882, 23321, 81297, 4535, 74292, 29540, 97969, 18056, 71753, 87311, 78614, 51500, 11389, 87062, 98790, 64940, 47537, 21455, 79640, 65180, 94286, 38642, 22591, 66489, 71097, 44105, 38370, 24630, 56451, 92083, 15393, 74675, 7432, 72536, 56957, 7804, 26825, 3213, 61260, 55652, 33470, 9094, 97222, 49922, 69438, 17349, 90302, 97233, 61272, 19034, 33181, 39809, 6512, 61739, 90321, 66019, 65324, 10650, 3917, 42658, 2980, 38566, 44103, 12580, 30357, 39508, 69859, 54492, 32949, 13425, 25202, 95794, 6222, 21819, 55530, 91571, 95017, 45865, 20293, 77381])"
80.0,10,19,69,14.984639644622803,10115,"Genotype(dna=[68608, 54118, 20547, 4030, 42725, 8918, 36990, 52772, 24412, 35087, 50289, 19568, 96671, 69135, 7394, 69440, 41111, 45423, 73013, 85912, 36181, 64973, 47621, 4077, 74369, 37277, 71232, 62026, 48036, 62957, 88132, 51727, 37988, 3087, 90792, 12629, 67150, 60239, 13115, 80016, 51167, 77741, 98720, 47404, 34203, 59117, 58272, 34915, 37471, 35180, 89586, 18649, 93503, 640, 98990, 38402, 75080, 42615, 6119, 17511, 32439, 32043, 35715, 84345, 14959, 57932, 8035, 46708, 10453, 30581, 84930, 25797, 82251, 9347, 34480, 58071, 80202, 13107, 88548, 35720, 96588, 24561, 43117, 59855, 63513, 61055, 83610, 80958, 50391, 23600, 85228, 43048, 94975, 37424, 91491, 36209, 64798, 45751, 13187, 22623, 27181, 52661, 60775, 54513, 88664, 12916, 51088, 51796, 80076, 36525, 15838, 20302, 35605, 69490, 80877, 26053, 1436, 98098, 56003, 59749, 64825, 88695, 64763, 62893, 41956, 32690, 59334, 99669, 345, 87627, 28747, 31205, 7391, 28397, 76453, 46529, 36210, 41147, 17327, 68231, 90232, 35047, 66442, 7325, 64256, 21835, 88088, 90186, 46609, 23108, 20536, 97020, 94783, 44464, 44614, 2819, 72244, 69902, 32525, 40365, 50265, 19378, 77836, 82343, 29811, 87303, 61058, 94629, 57942, 88998, 10701, 99642, 22843, 94627, 57167, 57718, 75882, 23321, 81297, 4535, 74292, 29540, 97969, 18056, 71753, 87311, 78614, 51500, 11389, 87062, 98790, 64940, 47537, 21455, 79640, 65180, 94286, 38642, 22591, 66489, 71097, 44105, 38370, 24630, 56451, 92083, 15393, 74675, 7432, 72536, 56957, 7804, 26825, 3213, 61260, 55652, 33470, 9094, 97222, 49922, 69438, 17349, 90302, 97233, 61272, 19034, 33181, 39809, 6512, 61739, 90321, 66019, 65324, 10650, 3917, 42658, 2980, 38566, 44103, 12580, 30357, 39508, 69859, 54492, 32949, 13425, 25202, 95794, 6222, 21819, 55530, 91571, 95017, 45865, 20293, 77381])"
80.0,10,19,70,15.140977144241333,10115,"Genotype(dna=[68608, 54118, 20547, 4030, 42725, 8918, 36990, 52772, 24412, 35087, 50289, 19568, 96671, 69135, 7394, 69440, 41111, 45423, 73013, 85912, 36181, 64973, 47621, 4077, 74369, 37277, 71232, 62026, 48036, 62957, 88132, 51727, 37988, 3087, 90792, 12629, 67150, 60239, 13115, 80016, 51167, 77741, 98720, 47404, 34203, 59117, 58272, 34915, 37471, 35180, 89586, 18649, 93503, 640, 98990, 38402, 75080, 42615, 6119, 17511, 32439, 32043, 35715, 84345, 14959, 57932, 8035, 46708, 10453, 30581, 84930, 25797, 82251, 9347, 34480, 58071, 80202, 13107, 88548, 35720, 96588, 24561, 43117, 59855, 63513, 61055, 83610, 80958, 50391, 23600, 85228, 43048, 94975, 37424, 91491, 36209, 64798, 45751, 13187, 22623, 27181, 52661, 60775, 54513, 88664, 12916, 51088, 51796, 80076, 36525, 15838, 20302, 35605, 69490, 80877, 26053, 1436, 98098, 56003, 59749, 64825, 88695, 64763, 62893, 41956, 32690, 59334, 99669, 345, 87627, 28747, 31205, 7391, 28397, 76453, 46529, 36210, 41147, 17327, 68231, 90232, 35047, 66442, 7325, 64256, 21835, 88088, 90186, 46609, 23108, 20536, 97020, 94783, 44464, 44614, 2819, 72244, 69902, 32525, 40365, 50265, 19378, 77836, 82343, 29811, 87303, 61058, 94629, 57942, 88998, 10701, 99642, 22843, 94627, 57167, 57718, 75882, 23321, 81297, 4535, 74292, 29540, 97969, 18056, 71753, 87311, 78614, 51500, 11389, 87062, 98790, 64940, 47537, 21455, 79640, 65180, 94286, 38642, 22591, 66489, 71097, 44105, 38370, 24630, 56451, 92083, 15393, 74675, 7432, 72536, 56957, 7804, 26825, 3213, 61260, 55652, 33470, 9094, 97222, 49922, 69438, 17349, 90302, 97233, 61272, 19034, 33181, 39809, 6512, 61739, 90321, 66019, 65324, 10650, 3917, 42658, 2980, 38566, 44103, 12580, 30357, 39508, 69859, 54492, 32949, 13425, 25202, 95794, 6222, 21819, 55530, 91571, 95017, 45865, 20293, 77381])"
79.0,10,19,71,15.224136114120483,10115,"Genotype(dna=[68608, 54118, 20547, 4030, 42725, 8918, 36990, 52772, 24412, 35087, 50289, 19568, 96671, 69135, 7394, 69440, 41111, 62150, 73013, 85912, 36181, 64973, 47621, 91719, 74369, 37277, 34666, 62026, 48036, 50890, 88132, 51727, 37988, 3087, 90792, 12629, 67150, 60239, 13115, 80016, 51167, 77741, 98720, 47404, 34203, 59117, 58272, 34915, 37471, 35180, 72414, 18649, 93503, 640, 98990, 38402, 75080, 42615, 6119, 17511, 32439, 32043, 35715, 84345, 14959, 57932, 8035, 46708, 10453, 30581, 84930, 25797, 82251, 9347, 34480, 58071, 80202, 46612, 88548, 35720, 96588, 24561, 43117, 59855, 63513, 61055, 83610, 80958, 50391, 23600, 37606, 43048, 94975, 37424, 91491, 43914, 64798, 45751, 13187, 22623, 27181, 52661, 60775, 54513, 88664, 4564, 51088, 51796, 80076, 36525, 15838, 20302, 35605, 69490, 80877, 26053, 93516, 98098, 56003, 59749, 64825, 88695, 64763, 62893, 41956, 32690, 59334, 99669, 345, 87627, 28747, 31205, 7391, 28397, 76453, 46529, 36210, 41147, 17327, 88053, 90232, 35047, 66442, 7325, 64256, 21835, 88088, 90186, 46609, 23108, 96547, 97020, 94783, 44464, 44614, 2819, 64424, 69902, 32525, 89795, 50265, 19378, 77836, 82343, 29811, 43138, 61058, 94629, 57942, 88998, 10701, 99642, 22843, 94627, 57167, 57718, 75497, 23321, 81297, 4535, 74292, 29540, 97969, 18056, 71753, 87311, 78614, 51500, 89681, 62868, 12363, 80532, 13231, 2455, 37724, 25551, 95927, 81514, 90417, 42688, 84533, 58029, 78312, 3150, 56451, 92083, 15393, 74675, 7432, 72536, 56957, 75368, 60744, 3213, 98291, 46208, 63879, 9094, 93618, 41263, 69438, 17349, 90302, 69955, 61272, 19034, 33181, 39809, 89991, 61739, 90321, 66019, 42209, 10650, 3917, 42658, 48665, 38566, 44103, 12580, 30357, 39508, 69859, 54492, 32949, 65708, 25202, 95794, 6222, 21819, 55530, 91571, 95017, 45865, 20293, 77381])"
79.0,10,19,72,15.374157190322876,10115,"Genotype(dna=[68608, 54118, 20547, 4030, 42725, 8918, 36990, 52772, 24412, 35087, 50289, 19568, 96671, 69135, 7394, 69440, 41111, 62150, 73013, 85912, 36181, 64973, 47621, 91719, 74369, 37277, 34666, 62026, 48036, 50890, 88132, 51727, 37988, 3087, 90792, 12629, 67150, 60239, 13115, 80016, 51167, 77741, 98720, 47404, 34203, 59117, 58272, 34915, 37471, 35180, 72414, 18649, 93503, 640, 98990, 38402, 75080, 42615, 6119, 17511, 32439, 32043, 35715, 84345, 14959, 57932, 8035, 46708, 10453, 30581, 84930, 25797, 82251, 9347, 34480, 58071, 80202, 46612, 88548, 35720, 96588, 24561, 43117, 59855, 63513, 61055, 83610, 80958, 50391, 23600, 37606, 43048, 94975, 37424, 91491, 43914, 64798, 45751, 13187, 22623, 27181, 52661, 60775, 54513, 88664, 4564, 51088, 51796, 80076, 36525, 15838, 20302, 35605, 69490, 80877, 26053, 93516, 98098, 56003, 59749, 64825, 88695, 64763, 62893, 41956, 32690, 59334, 99669, 345, 87627, 28747, 31205, 7391, 28397, 76453, 46529, 36210, 41147, 17327, 88053, 90232, 35047, 66442, 7325, 64256, 21835, 88088, 90186, 46609, 23108, 96547, 97020, 94783, 44464, 44614, 2819, 64424, 69902, 32525, 89795, 50265, 19378, 77836, 82343, 29811, 43138, 61058, 94629, 57942, 88998, 10701, 99642, 22843, 94627, 57167, 57718, 75497, 23321, 81297, 4535, 74292, 29540, 97969, 18056, 71753, 87311, 78614, 51500, 89681, 62868, 12363, 80532, 13231, 2455, 37724, 25551, 95927, 81514, 90417, 42688, 84533, 58029, 78312, 3150, 56451, 92083, 15393, 74675, 7432, 72536, 56957, 75368, 60744, 3213, 98291, 46208, 63879, 9094, 93618, 41263, 69438, 17349, 90302, 69955, 61272, 19034, 33181, 39809, 89991, 61739, 90321, 66019, 42209, 10650, 3917, 42658, 48665, 38566, 44103, 12580, 30357, 39508, 69859, 54492, 32949, 65708, 25202, 95794, 6222, 21819, 55530, 91571, 95017, 45865, 20293, 77381])"
77.0,10,19,73,15.519249439239502,10115,"Genotype(dna=[68608, 54118, 20547, 4030, 42725, 8918, 36990, 52772, 24412, 35087, 50289, 19568, 96671, 69135, 7394, 69440, 41111, 62150, 73013, 85912, 36181, 64973, 47621, 91719, 74369, 37277, 34666, 62026, 48036, 50890, 88132, 51727, 37988, 3087, 90792, 12629, 67150, 60239, 13115, 80016, 51167, 77741, 98720, 47404, 34203, 59117, 58272, 48292, 70576, 97901, 72414, 18649, 93503, 640, 98990, 38402, 75080, 42615, 6119, 17511, 27646, 32043, 35715, 84345, 14959, 57932, 8035, 46708, 10453, 30581, 84930, 25797, 82251, 9347, 34480, 58071, 80202, 72433, 88548, 35720, 96588, 24561, 43117, 59855, 63513, 61055, 83610, 80958, 50391, 23600, 37606, 43048, 94975, 37424, 91491, 43914, 64798, 45751, 13187, 22623, 27181, 52661, 60775, 22476, 88664, 4564, 51088, 51796, 80076, 36525, 15838, 31886, 35605, 69490, 80877, 26053, 93516, 98098, 56003, 59749, 64825, 88695, 64763, 62893, 41956, 32690, 59334, 99669, 345, 87627, 28747, 31205, 7391, 28397, 76453, 10398, 36210, 41147, 17327, 88053, 90232, 35047, 66442, 7325, 64256, 21835, 75902, 90186, 46609, 34616, 96547, 97020, 94783, 44464, 44614, 2819, 64424, 69902, 32525, 68243, 50265, 19378, 77836, 82343, 29811, 81657, 61058, 39218, 57942, 88998, 10701, 99642, 22843, 94627, 57167, 57718, 75497, 23321, 81297, 4535, 74292, 29540, 97969, 18056, 71753, 87311, 78614, 51500, 89681, 62868, 12363, 80532, 6837, 2455, 37724, 25551, 95927, 81514, 90417, 42688, 84533, 58029, 78312, 33690, 56451, 92083, 15393, 74675, 7432, 72536, 56957, 75368, 60744, 3213, 98291, 46208, 63879, 9094, 93618, 41263, 69438, 17349, 7004, 69955, 61272, 19034, 33181, 39809, 89991, 61739, 95739, 66019, 42209, 10650, 3917, 42658, 48665, 38566, 44103, 12580, 30357, 39508, 69859, 54492, 32949, 13425, 25202, 95794, 6222, 21819, 55530, 91571, 95017, 45865, 20293, 92096])"
77.0,10,19,74,15.60753321647644,10115,"Genotype(dna=[68608, 54118, 20547, 4030, 42725, 8918, 36990, 52772, 24412, 35087, 50289, 19568, 96671, 69135, 7394, 69440, 41111, 62150, 73013, 85912, 36181, 64973, 47621, 91719, 74369, 37277, 34666, 62026, 48036, 50890, 88132, 51727, 37988, 3087, 90792, 12629, 67150, 60239, 13115, 80016, 51167, 77741, 98720, 47404, 34203, 59117, 58272, 48292, 70576, 97901, 72414, 18649, 93503, 640, 98990, 38402, 75080, 42615, 6119, 17511, 27646, 32043, 35715, 84345, 14959, 57932, 8035, 46708, 10453, 30581, 84930, 25797, 82251, 9347, 34480, 58071, 80202, 72433, 88548, 35720, 96588, 24561, 43117, 59855, 63513, 61055, 83610, 80958, 50391, 23600, 37606, 43048, 94975, 37424, 91491, 43914, 64798, 45751, 13187, 22623, 27181, 52661, 60775, 22476, 88664, 4564, 51088, 51796, 80076, 36525, 15838, 31886, 35605, 69490, 80877, 26053, 93516, 98098, 56003, 59749, 64825, 88695, 64763, 62893, 41956, 32690, 59334, 99669, 345, 87627, 28747, 31205, 7391, 28397, 76453, 10398, 36210, 41147, 17327, 88053, 90232, 35047, 66442, 7325, 64256, 21835, 75902, 90186, 46609, 34616, 96547, 97020, 94783, 44464, 44614, 2819, 64424, 69902, 32525, 68243, 50265, 19378, 77836, 82343, 29811, 81657, 61058, 39218, 57942, 88998, 10701, 99642, 22843, 94627, 57167, 57718, 75497, 23321, 81297, 4535, 74292, 29540, 97969, 18056, 71753, 87311, 78614, 51500, 89681, 62868, 12363, 80532, 6837, 2455, 37724, 25551, 95927, 81514, 90417, 42688, 84533, 58029, 78312, 33690, 56451, 92083, 15393, 74675, 7432, 72536, 56957, 75368, 60744, 3213, 98291, 46208, 63879, 9094, 93618, 41263, 69438, 17349, 7004, 69955, 61272, 19034, 33181, 39809, 89991, 61739, 95739, 66019, 42209, 10650, 3917, 42658, 48665, 38566, 44103, 12580, 30357, 39508, 69859, 54492, 32949, 13425, 25202, 95794, 6222, 21819, 55530, 91571, 95017, 45865, 20293, 92096])"
77.0,10,19,75,15.75388765335083,10115,"Genotype(dna=[68608, 54118, 20547, 4030, 42725, 8918, 36990, 52772, 24412, 35087, 50289, 19568, 96671, 69135, 7394, 69440, 41111, 62150, 73013, 85912, 36181, 64973, 47621, 91719, 74369, 37277, 34666, 62026, 48036, 50890, 88132, 51727, 37988, 3087, 90792, 12629, 67150, 60239, 13115, 80016, 51167, 77741, 98720, 47404, 34203, 59117, 58272, 48292, 70576, 97901, 72414, 18649, 93503, 640, 98990, 38402, 75080, 42615, 6119, 17511, 27646, 32043, 35715, 84345, 14959, 57932, 8035, 46708, 10453, 30581, 84930, 25797, 82251, 9347, 34480, 58071, 80202, 72433, 88548, 35720, 96588, 24561, 43117, 59855, 63513, 61055, 83610, 80958, 50391, 23600, 37606, 43048, 94975, 37424, 91491, 43914, 64798, 45751, 13187, 22623, 27181, 52661, 60775, 22476, 88664, 4564, 51088, 51796, 80076, 36525, 15838, 31886, 35605, 69490, 80877, 26053, 93516, 98098, 56003, 59749, 64825, 88695, 64763, 62893, 41956, 32690, 59334, 99669, 345, 87627, 28747, 31205, 7391, 28397, 76453, 10398, 36210, 41147, 17327, 88053, 90232, 35047, 66442, 7325, 64256, 21835, 75902, 90186, 46609, 34616, 96547, 97020, 94783, 44464, 44614, 2819, 64424, 69902, 32525, 68243, 50265, 19378, 77836, 82343, 29811, 81657, 61058, 39218, 57942, 88998, 10701, 99642, 22843, 94627, 57167, 57718, 75497, 23321, 81297, 4535, 74292, 29540, 97969, 18056, 71753, 87311, 78614, 51500, 89681, 62868, 12363, 80532, 6837, 2455, 37724, 25551, 95927, 81514, 90417, 42688, 84533, 58029, 78312, 33690, 56451, 92083, 15393, 74675, 7432, 72536, 56957, 75368, 60744, 3213, 98291, 46208, 63879, 9094, 93618, 41263, 69438, 17349, 7004, 69955, 61272, 19034, 33181, 39809, 89991, 61739, 95739, 66019, 42209, 10650, 3917, 42658, 48665, 38566, 44103, 12580, 30357, 39508, 69859, 54492, 32949, 13425, 25202, 95794, 6222, 21819, 55530, 91571, 95017, 45865, 20293, 92096])"
77.0,10,19,76,15.840314626693726,10115,"Genotype(dna=[68608, 54118, 20547, 4030, 42725, 8918, 36990, 52772, 24412, 35087, 50289, 19568, 96671, 69135, 7394, 69440, 41111, 62150, 73013, 85912, 36181, 64973, 47621, 91719, 74369, 37277, 34666, 62026, 48036, 50890, 88132, 51727, 37988, 3087, 90792, 12629, 67150, 60239, 13115, 80016, 51167, 77741, 98720, 47404, 34203, 59117, 58272, 48292, 70576, 97901, 72414, 18649, 93503, 640, 98990, 38402, 75080, 42615, 6119, 17511, 27646, 32043, 35715, 84345, 14959, 57932, 8035, 46708, 10453, 30581, 84930, 25797, 82251, 9347, 34480, 58071, 80202, 72433, 88548, 35720, 96588, 24561, 43117, 59855, 63513, 61055, 83610, 80958, 50391, 23600, 37606, 43048, 94975, 37424, 91491, 43914, 64798, 45751, 13187, 22623, 27181, 52661, 60775, 22476, 88664, 4564, 51088, 51796, 80076, 36525, 15838, 31886, 35605, 69490, 80877, 26053, 93516, 98098, 56003, 59749, 64825, 88695, 64763, 62893, 41956, 32690, 59334, 99669, 345, 87627, 28747, 31205, 7391, 28397, 76453, 10398, 36210, 41147, 17327, 88053, 90232, 35047, 66442, 7325, 64256, 21835, 75902, 90186, 46609, 34616, 96547, 97020, 94783, 44464, 44614, 2819, 64424, 69902, 32525, 68243, 50265, 19378, 77836, 82343, 29811, 81657, 61058, 39218, 57942, 88998, 10701, 99642, 22843, 94627, 57167, 57718, 75497, 23321, 81297, 4535, 74292, 29540, 97969, 18056, 71753, 87311, 78614, 51500, 89681, 62868, 12363, 80532, 6837, 2455, 37724, 25551, 95927, 81514, 90417, 42688, 84533, 58029, 78312, 33690, 56451, 92083, 15393, 74675, 7432, 72536, 56957, 75368, 60744, 3213, 98291, 46208, 63879, 9094, 93618, 41263, 69438, 17349, 7004, 69955, 61272, 19034, 33181, 39809, 89991, 61739, 95739, 66019, 42209, 10650, 3917, 42658, 48665, 38566, 44103, 12580, 30357, 39508, 69859, 54492, 32949, 13425, 25202, 95794, 6222, 21819, 55530, 91571, 95017, 45865, 20293, 92096])"
77.0,10,19,77,15.926630973815918,10115,"Genotype(dna=[68608, 54118, 20547, 4030, 42725, 8918, 36990, 52772, 24412, 35087, 50289, 19568, 96671, 69135, 7394, 69440, 41111, 62150, 73013, 85912, 36181, 64973, 47621, 91719, 74369, 37277, 34666, 62026, 48036, 50890, 88132, 51727, 37988, 3087, 90792, 12629, 67150, 60239, 13115, 80016, 51167, 77741, 98720, 47404, 34203, 59117, 58272, 48292, 70576, 97901, 72414, 18649, 93503, 640, 98990, 38402, 75080, 42615, 6119, 17511, 27646, 32043, 35715, 84345, 14959, 57932, 8035, 46708, 10453, 30581, 84930, 25797, 82251, 9347, 34480, 58071, 80202, 72433, 88548, 35720, 96588, 24561, 43117, 59855, 63513, 61055, 83610, 80958, 50391, 23600, 37606, 43048, 94975, 37424, 91491, 43914, 64798, 45751, 13187, 22623, 27181, 52661, 60775, 22476, 88664, 4564, 51088, 51796, 80076, 36525, 15838, 31886, 35605, 69490, 80877, 26053, 93516, 98098, 56003, 59749, 64825, 88695, 64763, 62893, 41956, 32690, 59334, 99669, 345, 87627, 28747, 31205, 7391, 28397, 76453, 10398, 36210, 41147, 17327, 88053, 90232, 35047, 66442, 7325, 64256, 21835, 75902, 90186, 46609, 34616, 96547, 97020, 94783, 44464, 44614, 2819, 64424, 69902, 32525, 68243, 50265, 19378, 77836, 82343, 29811, 81657, 61058, 39218, 57942, 88998, 10701, 99642, 22843, 94627, 57167, 57718, 75497, 23321, 81297, 4535, 74292, 29540, 97969, 18056, 71753, 87311, 78614, 51500, 89681, 62868, 12363, 80532, 6837, 2455, 37724, 25551, 95927, 81514, 90417, 42688, 84533, 58029, 78312, 33690, 56451, 92083, 15393, 74675, 7432, 72536, 56957, 75368, 60744, 3213, 98291, 46208, 63879, 9094, 93618, 41263, 69438, 17349, 7004, 69955, 61272, 19034, 33181, 39809, 89991, 61739, 95739, 66019, 42209, 10650, 3917, 42658, 48665, 38566, 44103, 12580, 30357, 39508, 69859, 54492, 32949, 13425, 25202, 95794, 6222, 21819, 55530, 91571, 95017, 45865, 20293, 92096])"
77.0,10,19,78,16.051318168640137,10115,"Genotype(dna=[68608, 54118, 20547, 4030, 42725, 8918, 36990, 52772, 24412, 35087, 50289, 19568, 96671, 69135, 7394, 69440, 41111, 62150, 73013, 85912, 36181, 64973, 47621, 91719, 74369, 37277, 34666, 62026, 48036, 50890, 88132, 51727, 37988, 3087, 90792, 12629, 67150, 60239, 13115, 80016, 51167, 77741, 98720, 47404, 34203, 59117, 58272, 48292, 70576, 97901, 72414, 18649, 93503, 640, 98990, 38402, 75080, 42615, 6119, 17511, 27646, 32043, 35715, 84345, 14959, 57932, 8035, 46708, 10453, 30581, 84930, 25797, 82251, 9347, 34480, 58071, 80202, 72433, 88548, 35720, 96588, 24561, 43117, 59855, 63513, 61055, 83610, 80958, 50391, 23600, 37606, 43048, 94975, 37424, 91491, 43914, 64798, 45751, 13187, 22623, 27181, 52661, 60775, 22476, 88664, 4564, 51088, 51796, 80076, 36525, 15838, 31886, 35605, 69490, 80877, 26053, 93516, 98098, 56003, 59749, 64825, 88695, 64763, 62893, 41956, 32690, 59334, 99669, 345, 87627, 28747, 31205, 7391, 28397, 76453, 10398, 36210, 41147, 17327, 88053, 90232, 35047, 66442, 7325, 64256, 21835, 75902, 90186, 46609, 34616, 96547, 97020, 94783, 44464, 44614, 2819, 64424, 69902, 32525, 68243, 50265, 19378, 77836, 82343, 29811, 81657, 61058, 39218, 57942, 88998, 10701, 99642, 22843, 94627, 57167, 57718, 75497, 23321, 81297, 4535, 74292, 29540, 97969, 18056, 71753, 87311, 78614, 51500, 89681, 62868, 12363, 80532, 6837, 2455, 37724, 25551, 95927, 81514, 90417, 42688, 84533, 58029, 78312, 33690, 56451, 92083, 15393, 74675, 7432, 72536, 56957, 75368, 60744, 3213, 98291, 46208, 63879, 9094, 93618, 41263, 69438, 17349, 7004, 69955, 61272, 19034, 33181, 39809, 89991, 61739, 95739, 66019, 42209, 10650, 3917, 42658, 48665, 38566, 44103, 12580, 30357, 39508, 69859, 54492, 32949, 13425, 25202, 95794, 6222, 21819, 55530, 91571, 95017, 45865, 20293, 92096])"
77.0,10,19,79,16.359230995178223,10115,"Genotype(dna=[68608, 54118, 20547, 4030, 42725, 8918, 36990, 52772, 24412, 35087, 50289, 19568, 96671, 69135, 7394, 69440, 41111, 62150, 73013, 85912, 36181, 64973, 47621, 91719, 74369, 37277, 34666, 62026, 48036, 50890, 88132, 51727, 37988, 3087, 90792, 12629, 67150, 60239, 13115, 80016, 51167, 77741, 98720, 47404, 34203, 59117, 58272, 48292, 70576, 97901, 72414, 18649, 93503, 640, 98990, 38402, 75080, 42615, 6119, 17511, 27646, 32043, 35715, 84345, 14959, 57932, 8035, 46708, 10453, 30581, 84930, 25797, 82251, 9347, 34480, 58071, 80202, 72433, 88548, 35720, 96588, 24561, 43117, 59855, 63513, 61055, 83610, 80958, 50391, 23600, 37606, 43048, 94975, 37424, 91491, 43914, 64798, 45751, 13187, 22623, 27181, 52661, 60775, 22476, 88664, 4564, 51088, 51796, 80076, 36525, 15838, 31886, 35605, 69490, 80877, 26053, 93516, 98098, 56003, 59749, 64825, 88695, 64763, 62893, 41956, 32690, 59334, 99669, 345, 87627, 28747, 31205, 7391, 28397, 76453, 10398, 36210, 41147, 17327, 88053, 90232, 35047, 66442, 7325, 64256, 21835, 75902, 90186, 46609, 34616, 96547, 97020, 94783, 44464, 44614, 2819, 64424, 69902, 32525, 68243, 50265, 19378, 77836, 82343, 29811, 81657, 61058, 39218, 57942, 88998, 10701, 99642, 22843, 94627, 57167, 57718, 75497, 23321, 81297, 4535, 74292, 29540, 97969, 18056, 71753, 87311, 78614, 51500, 89681, 62868, 12363, 80532, 6837, 2455, 37724, 25551, 95927, 81514, 90417, 42688, 84533, 58029, 78312, 33690, 56451, 92083, 15393, 74675, 7432, 72536, 56957, 75368, 60744, 3213, 98291, 46208, 63879, 9094, 93618, 41263, 69438, 17349, 7004, 69955, 61272, 19034, 33181, 39809, 89991, 61739, 95739, 66019, 42209, 10650, 3917, 42658, 48665, 38566, 44103, 12580, 30357, 39508, 69859, 54492, 32949, 13425, 25202, 95794, 6222, 21819, 55530, 91571, 95017, 45865, 20293, 92096])"
77.0,10,19,80,16.514495849609375,10115,"Genotype(dna=[68608, 54118, 20547, 4030, 42725, 8918, 36990, 52772, 24412, 35087, 50289, 19568, 96671, 69135, 7394, 69440, 41111, 62150, 73013, 85912, 36181, 64973, 47621, 91719, 74369, 37277, 34666, 62026, 48036, 50890, 88132, 51727, 37988, 3087, 90792, 12629, 67150, 60239, 13115, 80016, 51167, 77741, 98720, 47404, 34203, 59117, 58272, 48292, 70576, 97901, 72414, 18649, 93503, 640, 98990, 38402, 75080, 42615, 6119, 17511, 27646, 32043, 35715, 84345, 14959, 57932, 8035, 46708, 10453, 30581, 84930, 25797, 82251, 9347, 34480, 58071, 80202, 72433, 88548, 35720, 96588, 24561, 43117, 59855, 63513, 61055, 83610, 80958, 50391, 23600, 37606, 43048, 94975, 37424, 91491, 43914, 64798, 45751, 13187, 22623, 27181, 52661, 60775, 22476, 88664, 4564, 51088, 51796, 80076, 36525, 15838, 31886, 35605, 69490, 80877, 26053, 93516, 98098, 56003, 59749, 64825, 88695, 64763, 62893, 41956, 32690, 59334, 99669, 345, 87627, 28747, 31205, 7391, 28397, 76453, 10398, 36210, 41147, 17327, 88053, 90232, 35047, 66442, 7325, 64256, 21835, 75902, 90186, 46609, 34616, 96547, 97020, 94783, 44464, 44614, 2819, 64424, 69902, 32525, 68243, 50265, 19378, 77836, 82343, 29811, 81657, 61058, 39218, 57942, 88998, 10701, 99642, 22843, 94627, 57167, 57718, 75497, 23321, 81297, 4535, 74292, 29540, 97969, 18056, 71753, 87311, 78614, 51500, 89681, 62868, 12363, 80532, 6837, 2455, 37724, 25551, 95927, 81514, 90417, 42688, 84533, 58029, 78312, 33690, 56451, 92083, 15393, 74675, 7432, 72536, 56957, 75368, 60744, 3213, 98291, 46208, 63879, 9094, 93618, 41263, 69438, 17349, 7004, 69955, 61272, 19034, 33181, 39809, 89991, 61739, 95739, 66019, 42209, 10650, 3917, 42658, 48665, 38566, 44103, 12580, 30357, 39508, 69859, 54492, 32949, 13425, 25202, 95794, 6222, 21819, 55530, 91571, 95017, 45865, 20293, 92096])"
77.0,10,19,81,16.60204815864563,10115,"Genotype(dna=[68608, 54118, 20547, 4030, 42725, 8918, 36990, 52772, 24412, 35087, 50289, 19568, 96671, 69135, 7394, 69440, 41111, 62150, 73013, 85912, 36181, 64973, 47621, 91719, 74369, 37277, 34666, 62026, 48036, 50890, 88132, 51727, 37988, 3087, 90792, 12629, 67150, 60239, 13115, 80016, 51167, 77741, 98720, 47404, 34203, 59117, 58272, 48292, 70576, 97901, 72414, 18649, 93503, 640, 98990, 38402, 75080, 42615, 6119, 17511, 27646, 32043, 35715, 84345, 14959, 57932, 8035, 46708, 10453, 30581, 84930, 25797, 82251, 9347, 34480, 58071, 80202, 72433, 88548, 35720, 96588, 24561, 43117, 59855, 63513, 61055, 83610, 80958, 50391, 23600, 37606, 43048, 94975, 37424, 91491, 43914, 64798, 45751, 13187, 22623, 27181, 52661, 60775, 22476, 88664, 4564, 51088, 51796, 80076, 36525, 15838, 31886, 35605, 69490, 80877, 26053, 93516, 98098, 56003, 59749, 64825, 88695, 64763, 62893, 41956, 32690, 59334, 99669, 345, 87627, 28747, 31205, 7391, 28397, 76453, 10398, 36210, 41147, 17327, 88053, 90232, 35047, 66442, 7325, 64256, 21835, 75902, 90186, 46609, 34616, 96547, 97020, 94783, 44464, 44614, 2819, 64424, 69902, 32525, 68243, 50265, 19378, 77836, 82343, 29811, 81657, 61058, 39218, 57942, 88998, 10701, 99642, 22843, 94627, 57167, 57718, 75497, 23321, 81297, 4535, 74292, 29540, 97969, 18056, 71753, 87311, 78614, 51500, 89681, 62868, 12363, 80532, 6837, 2455, 37724, 25551, 95927, 81514, 90417, 42688, 84533, 58029, 78312, 33690, 56451, 92083, 15393, 74675, 7432, 72536, 56957, 75368, 60744, 3213, 98291, 46208, 63879, 9094, 93618, 41263, 69438, 17349, 7004, 69955, 61272, 19034, 33181, 39809, 89991, 61739, 95739, 66019, 42209, 10650, 3917, 42658, 48665, 38566, 44103, 12580, 30357, 39508, 69859, 54492, 32949, 13425, 25202, 95794, 6222, 21819, 55530, 91571, 95017, 45865, 20293, 92096])"
77.0,10,19,82,16.697580814361572,10115,"Genotype(dna=[68608, 54118, 20547, 4030, 42725, 8918, 36990, 52772, 24412, 35087, 50289, 19568, 96671, 69135, 7394, 69440, 41111, 62150, 73013, 85912, 36181, 64973, 47621, 91719, 74369, 37277, 34666, 62026, 48036, 50890, 88132, 51727, 37988, 3087, 90792, 12629, 67150, 60239, 13115, 80016, 51167, 77741, 98720, 47404, 34203, 59117, 58272, 48292, 70576, 97901, 72414, 18649, 93503, 640, 98990, 38402, 75080, 42615, 6119, 17511, 27646, 32043, 35715, 84345, 14959, 57932, 8035, 46708, 10453, 30581, 84930, 25797, 82251, 9347, 34480, 58071, 80202, 72433, 88548, 35720, 96588, 24561, 43117, 59855, 63513, 61055, 83610, 80958, 50391, 23600, 37606, 43048, 94975, 37424, 91491, 43914, 64798, 45751, 13187, 22623, 27181, 52661, 60775, 22476, 88664, 4564, 51088, 51796, 80076, 36525, 15838, 31886, 35605, 69490, 80877, 26053, 93516, 98098, 56003, 59749, 64825, 88695, 64763, 62893, 41956, 32690, 59334, 99669, 345, 87627, 28747, 31205, 7391, 28397, 76453, 10398, 36210, 41147, 17327, 88053, 90232, 35047, 66442, 7325, 64256, 21835, 75902, 90186, 46609, 34616, 96547, 97020, 94783, 44464, 44614, 2819, 64424, 69902, 32525, 68243, 50265, 19378, 77836, 82343, 29811, 81657, 61058, 39218, 57942, 88998, 10701, 99642, 22843, 94627, 57167, 57718, 75497, 23321, 81297, 4535, 74292, 29540, 97969, 18056, 71753, 87311, 78614, 51500, 89681, 62868, 12363, 80532, 6837, 2455, 37724, 25551, 95927, 81514, 90417, 42688, 84533, 58029, 78312, 33690, 56451, 92083, 15393, 74675, 7432, 72536, 56957, 75368, 60744, 3213, 98291, 46208, 63879, 9094, 93618, 41263, 69438, 17349, 7004, 69955, 61272, 19034, 33181, 39809, 89991, 61739, 95739, 66019, 42209, 10650, 3917, 42658, 48665, 38566, 44103, 12580, 30357, 39508, 69859, 54492, 32949, 13425, 25202, 95794, 6222, 21819, 55530, 91571, 95017, 45865, 20293, 92096])"
77.0,10,19,83,16.76846742630005,10115,"Genotype(dna=[68608, 54118, 20547, 4030, 42725, 8918, 36990, 52772, 24412, 35087, 50289, 19568, 96671, 69135, 7394, 69440, 41111, 62150, 73013, 85912, 36181, 64973, 47621, 91719, 74369, 37277, 34666, 62026, 48036, 50890, 88132, 51727, 37988, 3087, 90792, 12629, 67150, 60239, 13115, 80016, 51167, 77741, 98720, 47404, 34203, 59117, 58272, 48292, 70576, 97901, 72414, 18649, 93503, 640, 98990, 38402, 75080, 42615, 6119, 17511, 27646, 32043, 35715, 84345, 14959, 57932, 8035, 46708, 10453, 30581, 84930, 25797, 82251, 9347, 34480, 58071, 80202, 72433, 88548, 35720, 96588, 24561, 43117, 59855, 63513, 61055, 83610, 80958, 50391, 23600, 37606, 43048, 94975, 37424, 91491, 43914, 64798, 45751, 13187, 22623, 27181, 52661, 60775, 22476, 88664, 4564, 51088, 51796, 80076, 36525, 15838, 31886, 35605, 69490, 80877, 26053, 93516, 98098, 56003, 59749, 64825, 88695, 64763, 62893, 41956, 32690, 59334, 99669, 345, 87627, 28747, 31205, 7391, 28397, 76453, 10398, 36210, 41147, 17327, 88053, 90232, 35047, 66442, 7325, 64256, 21835, 75902, 90186, 46609, 34616, 96547, 97020, 94783, 44464, 44614, 2819, 64424, 69902, 32525, 68243, 50265, 19378, 77836, 82343, 29811, 81657, 61058, 39218, 57942, 88998, 10701, 99642, 22843, 94627, 57167, 57718, 75497, 23321, 81297, 4535, 74292, 29540, 97969, 18056, 71753, 87311, 78614, 51500, 89681, 62868, 12363, 80532, 6837, 2455, 37724, 25551, 95927, 81514, 90417, 42688, 84533, 58029, 78312, 33690, 56451, 92083, 15393, 74675, 7432, 72536, 56957, 75368, 60744, 3213, 98291, 46208, 63879, 9094, 93618, 41263, 69438, 17349, 7004, 69955, 61272, 19034, 33181, 39809, 89991, 61739, 95739, 66019, 42209, 10650, 3917, 42658, 48665, 38566, 44103, 12580, 30357, 39508, 69859, 54492, 32949, 13425, 25202, 95794, 6222, 21819, 55530, 91571, 95017, 45865, 20293, 92096])"
77.0,10,19,84,16.876113891601562,10115,"Genotype(dna=[68608, 54118, 20547, 4030, 42725, 8918, 36990, 52772, 24412, 35087, 50289, 19568, 96671, 69135, 7394, 69440, 41111, 62150, 73013, 85912, 36181, 64973, 47621, 91719, 74369, 37277, 34666, 62026, 48036, 50890, 88132, 51727, 37988, 3087, 90792, 12629, 67150, 60239, 13115, 80016, 51167, 77741, 98720, 47404, 34203, 59117, 58272, 48292, 70576, 97901, 72414, 18649, 93503, 640, 98990, 38402, 75080, 42615, 6119, 17511, 27646, 32043, 35715, 84345, 14959, 57932, 8035, 46708, 10453, 30581, 84930, 25797, 82251, 9347, 34480, 58071, 80202, 72433, 88548, 35720, 96588, 24561, 43117, 59855, 63513, 61055, 83610, 80958, 50391, 23600, 37606, 43048, 94975, 37424, 91491, 43914, 64798, 45751, 13187, 22623, 27181, 52661, 60775, 22476, 88664, 4564, 51088, 51796, 80076, 36525, 15838, 31886, 35605, 69490, 80877, 26053, 93516, 98098, 56003, 59749, 64825, 88695, 64763, 62893, 41956, 32690, 59334, 99669, 345, 87627, 28747, 31205, 7391, 28397, 76453, 10398, 36210, 41147, 17327, 88053, 90232, 35047, 66442, 7325, 64256, 21835, 75902, 90186, 46609, 34616, 96547, 97020, 94783, 44464, 44614, 2819, 64424, 69902, 32525, 68243, 50265, 19378, 77836, 82343, 29811, 81657, 61058, 39218, 57942, 88998, 10701, 99642, 22843, 94627, 57167, 57718, 75497, 23321, 81297, 4535, 74292, 29540, 97969, 18056, 71753, 87311, 78614, 51500, 89681, 62868, 12363, 80532, 6837, 2455, 37724, 25551, 95927, 81514, 90417, 42688, 84533, 58029, 78312, 33690, 56451, 92083, 15393, 74675, 7432, 72536, 56957, 75368, 60744, 3213, 98291, 46208, 63879, 9094, 93618, 41263, 69438, 17349, 7004, 69955, 61272, 19034, 33181, 39809, 89991, 61739, 95739, 66019, 42209, 10650, 3917, 42658, 48665, 38566, 44103, 12580, 30357, 39508, 69859, 54492, 32949, 13425, 25202, 95794, 6222, 21819, 55530, 91571, 95017, 45865, 20293, 92096])"
77.0,10,19,85,16.945610523223877,10115,"Genotype(dna=[68608, 54118, 20547, 4030, 42725, 8918, 36990, 52772, 24412, 35087, 50289, 19568, 96671, 69135, 7394, 69440, 41111, 62150, 73013, 85912, 36181, 64973, 47621, 91719, 74369, 37277, 34666, 62026, 48036, 50890, 88132, 51727, 37988, 3087, 90792, 12629, 67150, 60239, 13115, 80016, 51167, 77741, 98720, 47404, 34203, 59117, 58272, 48292, 70576, 97901, 72414, 18649, 93503, 640, 98990, 38402, 75080, 42615, 6119, 17511, 27646, 32043, 35715, 84345, 14959, 57932, 8035, 46708, 10453, 30581, 84930, 25797, 82251, 9347, 34480, 58071, 80202, 72433, 88548, 35720, 96588, 24561, 43117, 59855, 63513, 61055, 83610, 80958, 50391, 23600, 37606, 43048, 94975, 37424, 91491, 43914, 64798, 45751, 13187, 22623, 27181, 52661, 60775, 22476, 88664, 4564, 51088, 51796, 80076, 36525, 15838, 31886, 35605, 69490, 80877, 26053, 93516, 98098, 56003, 59749, 64825, 88695, 64763, 62893, 41956, 32690, 59334, 99669, 345, 87627, 28747, 31205, 7391, 28397, 76453, 10398, 36210, 41147, 17327, 88053, 90232, 35047, 66442, 7325, 64256, 21835, 75902, 90186, 46609, 34616, 96547, 97020, 94783, 44464, 44614, 2819, 64424, 69902, 32525, 68243, 50265, 19378, 77836, 82343, 29811, 81657, 61058, 39218, 57942, 88998, 10701, 99642, 22843, 94627, 57167, 57718, 75497, 23321, 81297, 4535, 74292, 29540, 97969, 18056, 71753, 87311, 78614, 51500, 89681, 62868, 12363, 80532, 6837, 2455, 37724, 25551, 95927, 81514, 90417, 42688, 84533, 58029, 78312, 33690, 56451, 92083, 15393, 74675, 7432, 72536, 56957, 75368, 60744, 3213, 98291, 46208, 63879, 9094, 93618, 41263, 69438, 17349, 7004, 69955, 61272, 19034, 33181, 39809, 89991, 61739, 95739, 66019, 42209, 10650, 3917, 42658, 48665, 38566, 44103, 12580, 30357, 39508, 69859, 54492, 32949, 13425, 25202, 95794, 6222, 21819, 55530, 91571, 95017, 45865, 20293, 92096])"
77.0,10,19,86,17.068678379058838,10115,"Genotype(dna=[68608, 54118, 20547, 4030, 42725, 8918, 36990, 52772, 24412, 35087, 50289, 19568, 96671, 69135, 7394, 69440, 41111, 62150, 73013, 85912, 36181, 64973, 47621, 91719, 74369, 37277, 34666, 62026, 48036, 50890, 88132, 51727, 37988, 3087, 90792, 12629, 67150, 60239, 13115, 80016, 51167, 77741, 98720, 47404, 34203, 59117, 58272, 48292, 70576, 97901, 72414, 18649, 93503, 640, 98990, 38402, 75080, 42615, 6119, 17511, 27646, 32043, 35715, 84345, 14959, 57932, 8035, 46708, 10453, 30581, 84930, 25797, 82251, 9347, 34480, 58071, 80202, 72433, 88548, 35720, 96588, 24561, 43117, 59855, 63513, 61055, 83610, 80958, 50391, 23600, 37606, 43048, 94975, 37424, 91491, 43914, 64798, 45751, 13187, 22623, 27181, 52661, 60775, 22476, 88664, 4564, 51088, 51796, 80076, 36525, 15838, 31886, 35605, 69490, 80877, 26053, 93516, 98098, 56003, 59749, 64825, 88695, 64763, 62893, 41956, 32690, 59334, 99669, 345, 87627, 28747, 31205, 7391, 28397, 76453, 10398, 36210, 41147, 17327, 88053, 90232, 35047, 66442, 7325, 64256, 21835, 75902, 90186, 46609, 34616, 96547, 97020, 94783, 44464, 44614, 2819, 64424, 69902, 32525, 68243, 50265, 19378, 77836, 82343, 29811, 81657, 61058, 39218, 57942, 88998, 10701, 99642, 22843, 94627, 57167, 57718, 75497, 23321, 81297, 4535, 74292, 29540, 97969, 18056, 71753, 87311, 78614, 51500, 89681, 62868, 12363, 80532, 6837, 2455, 37724, 25551, 95927, 81514, 90417, 42688, 84533, 58029, 78312, 33690, 56451, 92083, 15393, 74675, 7432, 72536, 56957, 75368, 60744, 3213, 98291, 46208, 63879, 9094, 93618, 41263, 69438, 17349, 7004, 69955, 61272, 19034, 33181, 39809, 89991, 61739, 95739, 66019, 42209, 10650, 3917, 42658, 48665, 38566, 44103, 12580, 30357, 39508, 69859, 54492, 32949, 13425, 25202, 95794, 6222, 21819, 55530, 91571, 95017, 45865, 20293, 92096])"
77.0,10,19,87,17.153942823410034,10115,"Genotype(dna=[68608, 54118, 20547, 4030, 42725, 8918, 36990, 52772, 24412, 35087, 50289, 19568, 96671, 69135, 7394, 69440, 41111, 62150, 73013, 85912, 36181, 64973, 47621, 91719, 74369, 37277, 34666, 62026, 48036, 50890, 88132, 51727, 37988, 3087, 90792, 12629, 67150, 60239, 13115, 80016, 51167, 77741, 98720, 47404, 34203, 59117, 58272, 48292, 70576, 97901, 72414, 18649, 93503, 640, 98990, 38402, 75080, 42615, 6119, 17511, 27646, 32043, 35715, 84345, 14959, 57932, 8035, 46708, 10453, 30581, 84930, 25797, 82251, 9347, 34480, 58071, 80202, 72433, 88548, 35720, 96588, 24561, 43117, 59855, 63513, 61055, 83610, 80958, 50391, 23600, 37606, 43048, 94975, 37424, 91491, 43914, 64798, 45751, 13187, 22623, 27181, 52661, 60775, 22476, 88664, 4564, 51088, 51796, 80076, 36525, 15838, 31886, 35605, 69490, 80877, 26053, 93516, 98098, 56003, 59749, 64825, 88695, 64763, 62893, 41956, 32690, 59334, 99669, 345, 87627, 28747, 31205, 7391, 28397, 76453, 10398, 36210, 41147, 17327, 88053, 90232, 35047, 66442, 7325, 64256, 21835, 75902, 90186, 46609, 34616, 96547, 97020, 94783, 44464, 44614, 2819, 64424, 69902, 32525, 68243, 50265, 19378, 77836, 82343, 29811, 81657, 61058, 39218, 57942, 88998, 10701, 99642, 22843, 94627, 57167, 57718, 75497, 23321, 81297, 4535, 74292, 29540, 97969, 18056, 71753, 87311, 78614, 51500, 89681, 62868, 12363, 80532, 6837, 2455, 37724, 25551, 95927, 81514, 90417, 42688, 84533, 58029, 78312, 33690, 56451, 92083, 15393, 74675, 7432, 72536, 56957, 75368, 60744, 3213, 98291, 46208, 63879, 9094, 93618, 41263, 69438, 17349, 7004, 69955, 61272, 19034, 33181, 39809, 89991, 61739, 95739, 66019, 42209, 10650, 3917, 42658, 48665, 38566, 44103, 12580, 30357, 39508, 69859, 54492, 32949, 13425, 25202, 95794, 6222, 21819, 55530, 91571, 95017, 45865, 20293, 92096])"
77.0,10,19,88,17.22700071334839,10115,"Genotype(dna=[68608, 54118, 20547, 4030, 42725, 8918, 36990, 52772, 24412, 35087, 50289, 19568, 96671, 69135, 7394, 69440, 41111, 62150, 73013, 85912, 36181, 64973, 47621, 91719, 74369, 37277, 34666, 62026, 48036, 50890, 88132, 51727, 37988, 3087, 90792, 12629, 67150, 60239, 13115, 80016, 51167, 77741, 98720, 47404, 34203, 59117, 58272, 48292, 70576, 97901, 72414, 18649, 93503, 640, 98990, 38402, 75080, 42615, 6119, 17511, 27646, 32043, 35715, 84345, 14959, 57932, 8035, 46708, 10453, 30581, 84930, 25797, 82251, 9347, 34480, 58071, 80202, 72433, 88548, 35720, 96588, 24561, 43117, 59855, 63513, 61055, 83610, 80958, 50391, 23600, 37606, 43048, 94975, 37424, 91491, 43914, 64798, 45751, 13187, 22623, 27181, 52661, 60775, 22476, 88664, 4564, 51088, 51796, 80076, 36525, 15838, 31886, 35605, 69490, 80877, 26053, 93516, 98098, 56003, 59749, 64825, 88695, 64763, 62893, 41956, 32690, 59334, 99669, 345, 87627, 28747, 31205, 7391, 28397, 76453, 10398, 36210, 41147, 17327, 88053, 90232, 35047, 66442, 7325, 64256, 21835, 75902, 90186, 46609, 34616, 96547, 97020, 94783, 44464, 44614, 2819, 64424, 69902, 32525, 68243, 50265, 19378, 77836, 82343, 29811, 81657, 61058, 39218, 57942, 88998, 10701, 99642, 22843, 94627, 57167, 57718, 75497, 23321, 81297, 4535, 74292, 29540, 97969, 18056, 71753, 87311, 78614, 51500, 89681, 62868, 12363, 80532, 6837, 2455, 37724, 25551, 95927, 81514, 90417, 42688, 84533, 58029, 78312, 33690, 56451, 92083, 15393, 74675, 7432, 72536, 56957, 75368, 60744, 3213, 98291, 46208, 63879, 9094, 93618, 41263, 69438, 17349, 7004, 69955, 61272, 19034, 33181, 39809, 89991, 61739, 95739, 66019, 42209, 10650, 3917, 42658, 48665, 38566, 44103, 12580, 30357, 39508, 69859, 54492, 32949, 13425, 25202, 95794, 6222, 21819, 55530, 91571, 95017, 45865, 20293, 92096])"
77.0,10,19,89,17.309446334838867,10115,"Genotype(dna=[68608, 54118, 20547, 4030, 42725, 8918, 36990, 52772, 24412, 35087, 50289, 19568, 96671, 69135, 7394, 69440, 41111, 62150, 73013, 85912, 36181, 64973, 47621, 91719, 74369, 37277, 34666, 62026, 48036, 50890, 88132, 51727, 37988, 3087, 90792, 12629, 67150, 60239, 13115, 80016, 51167, 77741, 98720, 47404, 34203, 59117, 58272, 48292, 70576, 97901, 72414, 18649, 93503, 640, 98990, 38402, 75080, 42615, 6119, 17511, 27646, 32043, 35715, 84345, 14959, 57932, 8035, 46708, 10453, 30581, 84930, 25797, 82251, 9347, 34480, 58071, 80202, 72433, 88548, 35720, 96588, 24561, 43117, 59855, 63513, 61055, 83610, 80958, 50391, 23600, 37606, 43048, 94975, 37424, 91491, 43914, 64798, 45751, 13187, 22623, 27181, 52661, 60775, 22476, 88664, 4564, 51088, 51796, 80076, 36525, 15838, 31886, 35605, 69490, 80877, 26053, 93516, 98098, 56003, 59749, 64825, 88695, 64763, 62893, 41956, 32690, 59334, 99669, 345, 87627, 28747, 31205, 7391, 28397, 76453, 10398, 36210, 41147, 17327, 88053, 90232, 35047, 66442, 7325, 64256, 21835, 75902, 90186, 46609, 34616, 96547, 97020, 94783, 44464, 44614, 2819, 64424, 69902, 32525, 68243, 50265, 19378, 77836, 82343, 29811, 81657, 61058, 39218, 57942, 88998, 10701, 99642, 22843, 94627, 57167, 57718, 75497, 23321, 81297, 4535, 74292, 29540, 97969, 18056, 71753, 87311, 78614, 51500, 89681, 62868, 12363, 80532, 6837, 2455, 37724, 25551, 95927, 81514, 90417, 42688, 84533, 58029, 78312, 33690, 56451, 92083, 15393, 74675, 7432, 72536, 56957, 75368, 60744, 3213, 98291, 46208, 63879, 9094, 93618, 41263, 69438, 17349, 7004, 69955, 61272, 19034, 33181, 39809, 89991, 61739, 95739, 66019, 42209, 10650, 3917, 42658, 48665, 38566, 44103, 12580, 30357, 39508, 69859, 54492, 32949, 13425, 25202, 95794, 6222, 21819, 55530, 91571, 95017, 45865, 20293, 92096])"
77.0,10,19,90,17.393200397491455,10115,"Genotype(dna=[68608, 54118, 20547, 4030, 42725, 8918, 36990, 52772, 24412, 35087, 50289, 19568, 96671, 69135, 7394, 69440, 41111, 62150, 73013, 85912, 36181, 64973, 47621, 91719, 74369, 37277, 34666, 62026, 48036, 50890, 88132, 51727, 37988, 3087, 90792, 12629, 67150, 60239, 13115, 80016, 51167, 77741, 98720, 47404, 34203, 59117, 58272, 48292, 70576, 97901, 72414, 18649, 93503, 640, 98990, 38402, 75080, 42615, 6119, 17511, 27646, 32043, 35715, 84345, 14959, 57932, 8035, 46708, 10453, 30581, 84930, 25797, 82251, 9347, 34480, 58071, 80202, 72433, 88548, 35720, 96588, 24561, 43117, 59855, 63513, 61055, 83610, 80958, 50391, 23600, 37606, 43048, 94975, 37424, 91491, 43914, 64798, 45751, 13187, 22623, 27181, 52661, 60775, 22476, 88664, 4564, 51088, 51796, 80076, 36525, 15838, 31886, 35605, 69490, 80877, 26053, 93516, 98098, 56003, 59749, 64825, 88695, 64763, 62893, 41956, 32690, 59334, 99669, 345, 87627, 28747, 31205, 7391, 28397, 76453, 10398, 36210, 41147, 17327, 88053, 90232, 35047, 66442, 7325, 64256, 21835, 75902, 90186, 46609, 34616, 96547, 97020, 94783, 44464, 44614, 2819, 64424, 69902, 32525, 68243, 50265, 19378, 77836, 82343, 29811, 81657, 61058, 39218, 57942, 88998, 10701, 99642, 22843, 94627, 57167, 57718, 75497, 23321, 81297, 4535, 74292, 29540, 97969, 18056, 71753, 87311, 78614, 51500, 89681, 62868, 12363, 80532, 6837, 2455, 37724, 25551, 95927, 81514, 90417, 42688, 84533, 58029, 78312, 33690, 56451, 92083, 15393, 74675, 7432, 72536, 56957, 75368, 60744, 3213, 98291, 46208, 63879, 9094, 93618, 41263, 69438, 17349, 7004, 69955, 61272, 19034, 33181, 39809, 89991, 61739, 95739, 66019, 42209, 10650, 3917, 42658, 48665, 38566, 44103, 12580, 30357, 39508, 69859, 54492, 32949, 13425, 25202, 95794, 6222, 21819, 55530, 91571, 95017, 45865, 20293, 92096])"
77.0,10,19,91,17.489100217819214,10115,"Genotype(dna=[68608, 54118, 20547, 4030, 42725, 8918, 36990, 52772, 24412, 35087, 50289, 19568, 96671, 69135, 7394, 69440, 41111, 62150, 73013, 85912, 36181, 64973, 47621, 91719, 74369, 37277, 34666, 62026, 48036, 50890, 88132, 51727, 37988, 3087, 90792, 12629, 67150, 60239, 13115, 80016, 51167, 77741, 98720, 47404, 34203, 59117, 58272, 48292, 70576, 97901, 72414, 18649, 93503, 640, 98990, 38402, 75080, 42615, 6119, 17511, 27646, 32043, 35715, 84345, 14959, 57932, 8035, 46708, 10453, 30581, 84930, 25797, 82251, 9347, 34480, 58071, 80202, 72433, 88548, 35720, 96588, 24561, 43117, 59855, 63513, 61055, 83610, 80958, 50391, 23600, 37606, 43048, 94975, 37424, 91491, 43914, 64798, 45751, 13187, 22623, 27181, 52661, 60775, 22476, 88664, 4564, 51088, 51796, 80076, 36525, 15838, 31886, 35605, 69490, 80877, 26053, 93516, 98098, 56003, 59749, 64825, 88695, 64763, 62893, 41956, 32690, 59334, 99669, 345, 87627, 28747, 31205, 7391, 28397, 76453, 10398, 36210, 41147, 17327, 88053, 90232, 35047, 66442, 7325, 64256, 21835, 75902, 90186, 46609, 34616, 96547, 97020, 94783, 44464, 44614, 2819, 64424, 69902, 32525, 68243, 50265, 19378, 77836, 82343, 29811, 81657, 61058, 39218, 57942, 88998, 10701, 99642, 22843, 94627, 57167, 57718, 75497, 23321, 81297, 4535, 74292, 29540, 97969, 18056, 71753, 87311, 78614, 51500, 89681, 62868, 12363, 80532, 6837, 2455, 37724, 25551, 95927, 81514, 90417, 42688, 84533, 58029, 78312, 33690, 56451, 92083, 15393, 74675, 7432, 72536, 56957, 75368, 60744, 3213, 98291, 46208, 63879, 9094, 93618, 41263, 69438, 17349, 7004, 69955, 61272, 19034, 33181, 39809, 89991, 61739, 95739, 66019, 42209, 10650, 3917, 42658, 48665, 38566, 44103, 12580, 30357, 39508, 69859, 54492, 32949, 13425, 25202, 95794, 6222, 21819, 55530, 91571, 95017, 45865, 20293, 92096])"
77.0,10,19,92,17.569306135177612,10115,"Genotype(dna=[68608, 54118, 20547, 4030, 42725, 8918, 36990, 52772, 24412, 35087, 50289, 19568, 96671, 69135, 7394, 69440, 41111, 62150, 73013, 85912, 36181, 64973, 47621, 91719, 74369, 37277, 34666, 62026, 48036, 50890, 88132, 51727, 37988, 3087, 90792, 12629, 67150, 60239, 13115, 80016, 51167, 77741, 98720, 47404, 34203, 59117, 58272, 48292, 70576, 97901, 72414, 18649, 93503, 640, 98990, 38402, 75080, 42615, 6119, 17511, 27646, 32043, 35715, 84345, 14959, 57932, 8035, 46708, 10453, 30581, 84930, 25797, 82251, 9347, 34480, 58071, 80202, 72433, 88548, 35720, 96588, 24561, 43117, 59855, 63513, 61055, 83610, 80958, 50391, 23600, 37606, 43048, 94975, 37424, 91491, 43914, 64798, 45751, 13187, 22623, 27181, 52661, 60775, 22476, 88664, 4564, 51088, 51796, 80076, 36525, 15838, 31886, 35605, 69490, 80877, 26053, 93516, 98098, 56003, 59749, 64825, 88695, 64763, 62893, 41956, 32690, 59334, 99669, 345, 87627, 28747, 31205, 7391, 28397, 76453, 10398, 36210, 41147, 17327, 88053, 90232, 35047, 66442, 7325, 64256, 21835, 75902, 90186, 46609, 34616, 96547, 97020, 94783, 44464, 44614, 2819, 64424, 69902, 32525, 68243, 50265, 19378, 77836, 82343, 29811, 81657, 61058, 39218, 57942, 88998, 10701, 99642, 22843, 94627, 57167, 57718, 75497, 23321, 81297, 4535, 74292, 29540, 97969, 18056, 71753, 87311, 78614, 51500, 89681, 62868, 12363, 80532, 6837, 2455, 37724, 25551, 95927, 81514, 90417, 42688, 84533, 58029, 78312, 33690, 56451, 92083, 15393, 74675, 7432, 72536, 56957, 75368, 60744, 3213, 98291, 46208, 63879, 9094, 93618, 41263, 69438, 17349, 7004, 69955, 61272, 19034, 33181, 39809, 89991, 61739, 95739, 66019, 42209, 10650, 3917, 42658, 48665, 38566, 44103, 12580, 30357, 39508, 69859, 54492, 32949, 13425, 25202, 95794, 6222, 21819, 55530, 91571, 95017, 45865, 20293, 92096])"
77.0,10,19,93,17.69777750968933,10115,"Genotype(dna=[68608, 54118, 20547, 4030, 42725, 8918, 36990, 52772, 24412, 35087, 50289, 19568, 96671, 69135, 7394, 69440, 41111, 62150, 73013, 85912, 36181, 64973, 47621, 91719, 74369, 37277, 34666, 62026, 48036, 50890, 88132, 51727, 37988, 3087, 90792, 12629, 67150, 60239, 13115, 80016, 51167, 77741, 98720, 47404, 34203, 59117, 58272, 48292, 70576, 97901, 72414, 18649, 93503, 640, 98990, 38402, 75080, 42615, 6119, 17511, 27646, 32043, 35715, 84345, 14959, 57932, 8035, 46708, 10453, 30581, 84930, 25797, 82251, 9347, 34480, 58071, 80202, 72433, 88548, 35720, 96588, 24561, 43117, 59855, 63513, 61055, 83610, 80958, 50391, 23600, 37606, 43048, 94975, 37424, 91491, 43914, 64798, 45751, 13187, 22623, 27181, 52661, 60775, 22476, 88664, 4564, 51088, 51796, 80076, 36525, 15838, 31886, 35605, 69490, 80877, 26053, 93516, 98098, 56003, 59749, 64825, 88695, 64763, 62893, 41956, 32690, 59334, 99669, 345, 87627, 28747, 31205, 7391, 28397, 76453, 10398, 36210, 41147, 17327, 88053, 90232, 35047, 66442, 7325, 64256, 21835, 75902, 90186, 46609, 34616, 96547, 97020, 94783, 44464, 44614, 2819, 64424, 69902, 32525, 68243, 50265, 19378, 77836, 82343, 29811, 81657, 61058, 39218, 57942, 88998, 10701, 99642, 22843, 94627, 57167, 57718, 75497, 23321, 81297, 4535, 74292, 29540, 97969, 18056, 71753, 87311, 78614, 51500, 89681, 62868, 12363, 80532, 6837, 2455, 37724, 25551, 95927, 81514, 90417, 42688, 84533, 58029, 78312, 33690, 56451, 92083, 15393, 74675, 7432, 72536, 56957, 75368, 60744, 3213, 98291, 46208, 63879, 9094, 93618, 41263, 69438, 17349, 7004, 69955, 61272, 19034, 33181, 39809, 89991, 61739, 95739, 66019, 42209, 10650, 3917, 42658, 48665, 38566, 44103, 12580, 30357, 39508, 69859, 54492, 32949, 13425, 25202, 95794, 6222, 21819, 55530, 91571, 95017, 45865, 20293, 92096])"
77.0,10,19,94,17.78109121322632,10115,"Genotype(dna=[68608, 54118, 20547, 4030, 42725, 8918, 36990, 52772, 24412, 35087, 50289, 19568, 96671, 69135, 7394, 69440, 41111, 62150, 73013, 85912, 36181, 64973, 47621, 91719, 74369, 37277, 34666, 62026, 48036, 50890, 88132, 51727, 37988, 3087, 90792, 12629, 67150, 60239, 13115, 80016, 51167, 77741, 98720, 47404, 34203, 59117, 58272, 48292, 70576, 97901, 72414, 18649, 93503, 640, 98990, 38402, 75080, 42615, 6119, 17511, 27646, 32043, 35715, 84345, 14959, 57932, 8035, 46708, 10453, 30581, 84930, 25797, 82251, 9347, 34480, 58071, 80202, 72433, 88548, 35720, 96588, 24561, 43117, 59855, 63513, 61055, 83610, 80958, 50391, 23600, 37606, 43048, 94975, 37424, 91491, 43914, 64798, 45751, 13187, 22623, 27181, 52661, 60775, 22476, 88664, 4564, 51088, 51796, 80076, 36525, 15838, 31886, 35605, 69490, 80877, 26053, 93516, 98098, 56003, 59749, 64825, 88695, 64763, 62893, 41956, 32690, 59334, 99669, 345, 87627, 28747, 31205, 7391, 28397, 76453, 10398, 36210, 41147, 17327, 88053, 90232, 35047, 66442, 7325, 64256, 21835, 75902, 90186, 46609, 34616, 96547, 97020, 94783, 44464, 44614, 2819, 64424, 69902, 32525, 68243, 50265, 19378, 77836, 82343, 29811, 81657, 61058, 39218, 57942, 88998, 10701, 99642, 22843, 94627, 57167, 57718, 75497, 23321, 81297, 4535, 74292, 29540, 97969, 18056, 71753, 87311, 78614, 51500, 89681, 62868, 12363, 80532, 6837, 2455, 37724, 25551, 95927, 81514, 90417, 42688, 84533, 58029, 78312, 33690, 56451, 92083, 15393, 74675, 7432, 72536, 56957, 75368, 60744, 3213, 98291, 46208, 63879, 9094, 93618, 41263, 69438, 17349, 7004, 69955, 61272, 19034, 33181, 39809, 89991, 61739, 95739, 66019, 42209, 10650, 3917, 42658, 48665, 38566, 44103, 12580, 30357, 39508, 69859, 54492, 32949, 13425, 25202, 95794, 6222, 21819, 55530, 91571, 95017, 45865, 20293, 92096])"
77.0,10,19,95,17.88012719154358,10115,"Genotype(dna=[68608, 54118, 20547, 4030, 42725, 8918, 36990, 52772, 24412, 35087, 50289, 19568, 96671, 69135, 7394, 69440, 41111, 62150, 73013, 85912, 36181, 64973, 47621, 91719, 74369, 37277, 34666, 62026, 48036, 50890, 88132, 51727, 37988, 3087, 90792, 12629, 67150, 60239, 13115, 80016, 51167, 77741, 98720, 47404, 34203, 59117, 58272, 48292, 70576, 97901, 72414, 18649, 93503, 640, 98990, 38402, 75080, 42615, 6119, 17511, 27646, 32043, 35715, 84345, 14959, 57932, 8035, 46708, 10453, 30581, 84930, 25797, 82251, 9347, 34480, 58071, 80202, 72433, 88548, 35720, 96588, 24561, 43117, 59855, 63513, 61055, 83610, 80958, 50391, 23600, 37606, 43048, 94975, 37424, 91491, 43914, 64798, 45751, 13187, 22623, 27181, 52661, 60775, 22476, 88664, 4564, 51088, 51796, 80076, 36525, 15838, 31886, 35605, 69490, 80877, 26053, 93516, 98098, 56003, 59749, 64825, 88695, 64763, 62893, 41956, 32690, 59334, 99669, 345, 87627, 28747, 31205, 7391, 28397, 76453, 10398, 36210, 41147, 17327, 88053, 90232, 35047, 66442, 7325, 64256, 21835, 75902, 90186, 46609, 34616, 96547, 97020, 94783, 44464, 44614, 2819, 64424, 69902, 32525, 68243, 50265, 19378, 77836, 82343, 29811, 81657, 61058, 39218, 57942, 88998, 10701, 99642, 22843, 94627, 57167, 57718, 75497, 23321, 81297, 4535, 74292, 29540, 97969, 18056, 71753, 87311, 78614, 51500, 89681, 62868, 12363, 80532, 6837, 2455, 37724, 25551, 95927, 81514, 90417, 42688, 84533, 58029, 78312, 33690, 56451, 92083, 15393, 74675, 7432, 72536, 56957, 75368, 60744, 3213, 98291, 46208, 63879, 9094, 93618, 41263, 69438, 17349, 7004, 69955, 61272, 19034, 33181, 39809, 89991, 61739, 95739, 66019, 42209, 10650, 3917, 42658, 48665, 38566, 44103, 12580, 30357, 39508, 69859, 54492, 32949, 13425, 25202, 95794, 6222, 21819, 55530, 91571, 95017, 45865, 20293, 92096])"
77.0,10,19,96,17.95500683784485,10115,"Genotype(dna=[68608, 54118, 20547, 4030, 42725, 8918, 36990, 52772, 24412, 35087, 50289, 19568, 96671, 69135, 7394, 69440, 41111, 62150, 73013, 85912, 36181, 64973, 47621, 91719, 74369, 37277, 34666, 62026, 48036, 50890, 88132, 51727, 37988, 3087, 90792, 12629, 67150, 60239, 13115, 80016, 51167, 77741, 98720, 47404, 34203, 59117, 58272, 48292, 70576, 97901, 72414, 18649, 93503, 640, 98990, 38402, 75080, 42615, 6119, 17511, 27646, 32043, 35715, 84345, 14959, 57932, 8035, 46708, 10453, 30581, 84930, 25797, 82251, 9347, 34480, 58071, 80202, 72433, 88548, 35720, 96588, 24561, 43117, 59855, 63513, 61055, 83610, 80958, 50391, 23600, 37606, 43048, 94975, 37424, 91491, 43914, 64798, 45751, 13187, 22623, 27181, 52661, 60775, 22476, 88664, 4564, 51088, 51796, 80076, 36525, 15838, 31886, 35605, 69490, 80877, 26053, 93516, 98098, 56003, 59749, 64825, 88695, 64763, 62893, 41956, 32690, 59334, 99669, 345, 87627, 28747, 31205, 7391, 28397, 76453, 10398, 36210, 41147, 17327, 88053, 90232, 35047, 66442, 7325, 64256, 21835, 75902, 90186, 46609, 34616, 96547, 97020, 94783, 44464, 44614, 2819, 64424, 69902, 32525, 68243, 50265, 19378, 77836, 82343, 29811, 81657, 61058, 39218, 57942, 88998, 10701, 99642, 22843, 94627, 57167, 57718, 75497, 23321, 81297, 4535, 74292, 29540, 97969, 18056, 71753, 87311, 78614, 51500, 89681, 62868, 12363, 80532, 6837, 2455, 37724, 25551, 95927, 81514, 90417, 42688, 84533, 58029, 78312, 33690, 56451, 92083, 15393, 74675, 7432, 72536, 56957, 75368, 60744, 3213, 98291, 46208, 63879, 9094, 93618, 41263, 69438, 17349, 7004, 69955, 61272, 19034, 33181, 39809, 89991, 61739, 95739, 66019, 42209, 10650, 3917, 42658, 48665, 38566, 44103, 12580, 30357, 39508, 69859, 54492, 32949, 13425, 25202, 95794, 6222, 21819, 55530, 91571, 95017, 45865, 20293, 92096])"
77.0,10,19,97,18.029094219207764,10115,"Genotype(dna=[68608, 54118, 20547, 4030, 42725, 8918, 36990, 52772, 24412, 35087, 50289, 19568, 96671, 69135, 7394, 69440, 41111, 62150, 73013, 85912, 36181, 64973, 47621, 91719, 74369, 37277, 34666, 62026, 48036, 50890, 88132, 51727, 37988, 3087, 90792, 12629, 67150, 60239, 13115, 80016, 51167, 77741, 98720, 47404, 34203, 59117, 58272, 48292, 70576, 97901, 72414, 18649, 93503, 640, 98990, 38402, 75080, 42615, 6119, 17511, 27646, 32043, 35715, 84345, 14959, 57932, 8035, 46708, 10453, 30581, 84930, 25797, 82251, 9347, 34480, 58071, 80202, 72433, 88548, 35720, 96588, 24561, 43117, 59855, 63513, 61055, 83610, 80958, 50391, 23600, 37606, 43048, 94975, 37424, 91491, 43914, 64798, 45751, 13187, 22623, 27181, 52661, 60775, 22476, 88664, 4564, 51088, 51796, 80076, 36525, 15838, 31886, 35605, 69490, 80877, 26053, 93516, 98098, 56003, 59749, 64825, 88695, 64763, 62893, 41956, 32690, 59334, 99669, 345, 87627, 28747, 31205, 7391, 28397, 76453, 10398, 36210, 41147, 17327, 88053, 90232, 35047, 66442, 7325, 64256, 21835, 75902, 90186, 46609, 34616, 96547, 97020, 94783, 44464, 44614, 2819, 64424, 69902, 32525, 68243, 50265, 19378, 77836, 82343, 29811, 81657, 61058, 39218, 57942, 88998, 10701, 99642, 22843, 94627, 57167, 57718, 75497, 23321, 81297, 4535, 74292, 29540, 97969, 18056, 71753, 87311, 78614, 51500, 89681, 62868, 12363, 80532, 6837, 2455, 37724, 25551, 95927, 81514, 90417, 42688, 84533, 58029, 78312, 33690, 56451, 92083, 15393, 74675, 7432, 72536, 56957, 75368, 60744, 3213, 98291, 46208, 63879, 9094, 93618, 41263, 69438, 17349, 7004, 69955, 61272, 19034, 33181, 39809, 89991, 61739, 95739, 66019, 42209, 10650, 3917, 42658, 48665, 38566, 44103, 12580, 30357, 39508, 69859, 54492, 32949, 13425, 25202, 95794, 6222, 21819, 55530, 91571, 95017, 45865, 20293, 92096])"
77.0,10,19,98,18.14481544494629,10115,"Genotype(dna=[68608, 54118, 20547, 4030, 42725, 8918, 36990, 52772, 24412, 35087, 50289, 19568, 96671, 69135, 7394, 69440, 41111, 62150, 73013, 85912, 36181, 64973, 47621, 91719, 74369, 37277, 34666, 62026, 48036, 50890, 88132, 51727, 37988, 3087, 90792, 12629, 67150, 60239, 13115, 80016, 51167, 77741, 98720, 47404, 34203, 59117, 58272, 48292, 70576, 97901, 72414, 18649, 93503, 640, 98990, 38402, 75080, 42615, 6119, 17511, 27646, 32043, 35715, 84345, 14959, 57932, 8035, 46708, 10453, 30581, 84930, 25797, 82251, 9347, 34480, 58071, 80202, 72433, 88548, 35720, 96588, 24561, 43117, 59855, 63513, 61055, 83610, 80958, 50391, 23600, 37606, 43048, 94975, 37424, 91491, 43914, 64798, 45751, 13187, 22623, 27181, 52661, 60775, 22476, 88664, 4564, 51088, 51796, 80076, 36525, 15838, 31886, 35605, 69490, 80877, 26053, 93516, 98098, 56003, 59749, 64825, 88695, 64763, 62893, 41956, 32690, 59334, 99669, 345, 87627, 28747, 31205, 7391, 28397, 76453, 10398, 36210, 41147, 17327, 88053, 90232, 35047, 66442, 7325, 64256, 21835, 75902, 90186, 46609, 34616, 96547, 97020, 94783, 44464, 44614, 2819, 64424, 69902, 32525, 68243, 50265, 19378, 77836, 82343, 29811, 81657, 61058, 39218, 57942, 88998, 10701, 99642, 22843, 94627, 57167, 57718, 75497, 23321, 81297, 4535, 74292, 29540, 97969, 18056, 71753, 87311, 78614, 51500, 89681, 62868, 12363, 80532, 6837, 2455, 37724, 25551, 95927, 81514, 90417, 42688, 84533, 58029, 78312, 33690, 56451, 92083, 15393, 74675, 7432, 72536, 56957, 75368, 60744, 3213, 98291, 46208, 63879, 9094, 93618, 41263, 69438, 17349, 7004, 69955, 61272, 19034, 33181, 39809, 89991, 61739, 95739, 66019, 42209, 10650, 3917, 42658, 48665, 38566, 44103, 12580, 30357, 39508, 69859, 54492, 32949, 13425, 25202, 95794, 6222, 21819, 55530, 91571, 95017, 45865, 20293, 92096])"
77.0,10,19,99,18.21676468849182,10115,"Genotype(dna=[68608, 54118, 20547, 4030, 42725, 8918, 36990, 52772, 24412, 35087, 50289, 19568, 96671, 69135, 7394, 69440, 41111, 62150, 73013, 85912, 36181, 64973, 47621, 91719, 74369, 37277, 34666, 62026, 48036, 50890, 88132, 51727, 37988, 3087, 90792, 12629, 67150, 60239, 13115, 80016, 51167, 77741, 98720, 47404, 34203, 59117, 58272, 48292, 70576, 97901, 72414, 18649, 93503, 640, 98990, 38402, 75080, 42615, 6119, 17511, 27646, 32043, 35715, 84345, 14959, 57932, 8035, 46708, 10453, 30581, 84930, 25797, 82251, 9347, 34480, 58071, 80202, 72433, 88548, 35720, 96588, 24561, 43117, 59855, 63513, 61055, 83610, 80958, 50391, 23600, 37606, 43048, 94975, 37424, 91491, 43914, 64798, 45751, 13187, 22623, 27181, 52661, 60775, 22476, 88664, 4564, 51088, 51796, 80076, 36525, 15838, 31886, 35605, 69490, 80877, 26053, 93516, 98098, 56003, 59749, 64825, 88695, 64763, 62893, 41956, 32690, 59334, 99669, 345, 87627, 28747, 31205, 7391, 28397, 76453, 10398, 36210, 41147, 17327, 88053, 90232, 35047, 66442, 7325, 64256, 21835, 75902, 90186, 46609, 34616, 96547, 97020, 94783, 44464, 44614, 2819, 64424, 69902, 32525, 68243, 50265, 19378, 77836, 82343, 29811, 81657, 61058, 39218, 57942, 88998, 10701, 99642, 22843, 94627, 57167, 57718, 75497, 23321, 81297, 4535, 74292, 29540, 97969, 18056, 71753, 87311, 78614, 51500, 89681, 62868, 12363, 80532, 6837, 2455, 37724, 25551, 95927, 81514, 90417, 42688, 84533, 58029, 78312, 33690, 56451, 92083, 15393, 74675, 7432, 72536, 56957, 75368, 60744, 3213, 98291, 46208, 63879, 9094, 93618, 41263, 69438, 17349, 7004, 69955, 61272, 19034, 33181, 39809, 89991, 61739, 95739, 66019, 42209, 10650, 3917, 42658, 48665, 38566, 44103, 12580, 30357, 39508, 69859, 54492, 32949, 13425, 25202, 95794, 6222, 21819, 55530, 91571, 95017, 45865, 20293, 92096])"
77.0,10,19,100,18.29941201210022,10115,"Genotype(dna=[68608, 54118, 20547, 4030, 42725, 8918, 36990, 52772, 24412, 35087, 50289, 19568, 96671, 69135, 7394, 69440, 41111, 62150, 73013, 85912, 36181, 64973, 47621, 91719, 74369, 37277, 34666, 62026, 48036, 50890, 88132, 51727, 37988, 3087, 90792, 12629, 67150, 60239, 13115, 80016, 51167, 77741, 98720, 47404, 34203, 59117, 58272, 48292, 70576, 97901, 72414, 18649, 93503, 640, 98990, 38402, 75080, 42615, 6119, 17511, 27646, 32043, 35715, 84345, 14959, 57932, 8035, 46708, 10453, 30581, 84930, 25797, 82251, 9347, 34480, 58071, 80202, 72433, 88548, 35720, 96588, 24561, 43117, 59855, 63513, 61055, 83610, 80958, 50391, 23600, 37606, 43048, 94975, 37424, 91491, 43914, 64798, 45751, 13187, 22623, 27181, 52661, 60775, 22476, 88664, 4564, 51088, 51796, 80076, 36525, 15838, 31886, 35605, 69490, 80877, 26053, 93516, 98098, 56003, 59749, 64825, 88695, 64763, 62893, 41956, 32690, 59334, 99669, 345, 87627, 28747, 31205, 7391, 28397, 76453, 10398, 36210, 41147, 17327, 88053, 90232, 35047, 66442, 7325, 64256, 21835, 75902, 90186, 46609, 34616, 96547, 97020, 94783, 44464, 44614, 2819, 64424, 69902, 32525, 68243, 50265, 19378, 77836, 82343, 29811, 81657, 61058, 39218, 57942, 88998, 10701, 99642, 22843, 94627, 57167, 57718, 75497, 23321, 81297, 4535, 74292, 29540, 97969, 18056, 71753, 87311, 78614, 51500, 89681, 62868, 12363, 80532, 6837, 2455, 37724, 25551, 95927, 81514, 90417, 42688, 84533, 58029, 78312, 33690, 56451, 92083, 15393, 74675, 7432, 72536, 56957, 75368, 60744, 3213, 98291, 46208, 63879, 9094, 93618, 41263, 69438, 17349, 7004, 69955, 61272, 19034, 33181, 39809, 89991, 61739, 95739, 66019, 42209, 10650, 3917, 42658, 48665, 38566, 44103, 12580, 30357, 39508, 69859, 54492, 32949, 13425, 25202, 95794, 6222, 21819, 55530, 91571, 95017, 45865, 20293, 92096])"
