480,synthetic_480_8_medium,"Grammar<Starting=NT_0014,Productions=[NT_0014 -> NT_0014_P_00000(__a: NT_0010, __b: NT_0003)|NT_0014_P_00001(__a: NT_0011, __b: NT_0002)|NT_0014_P_00002(__a: NT_0013, __b: NT_0009, __c: NT_0007, __d: NT_0013)|NT_0014_P_00003(__a: NT_0011, __b: bool, __c: NT_0004, __d: NT_0010)|NT_0014_P_00004(__a: NT_0005, __b: NT_0000)|NT_0014_P_00005(__a: NT_0002, __b: NT_0008, __c: NT_0002, __d: NT_0006);NT_0010 -> NT_0010_P_00000(__a: NT_0002, __b: NT_0001)|NT_0010_P_00001()|NT_0010_P_00002()|NT_0010_P_00003(__a: NT_0006)|NT_0010_P_00004(__a: NT_0009, __b: NT_0003)|NT_0010_P_00005(__a: NT_0008, __b: NT_0003)|NT_0010_P_00006(__a: int, __b: NT_0004, __c: NT_0003, __d: NT_0009)|NT_0010_P_00007(__a: NT_0008, __b: NT_0009);NT_0002 -> NT_0002_P_00000(__a: int, __b: NT_0000, __c: bool);NT_0000 -> NT_0000_P_00000(__a: bool, __b: NT_0000, __c: NT_0000)|NT_0000_P_00001(__a: int, __b: NT_0000, __c: NT_0000)|NT_0000_P_00002(__a: int)|NT_0000_P_00003(__a: int)|NT_0000_P_00004();NT_0001 -> NT_0001_P_00000(__a: int)|NT_0001_P_00001(__a: NT_0000)|NT_0001_P_00002();NT_0006 -> NT_0006_P_00000(__a: int);NT_0009 -> NT_0009_P_00000(__a: NT_0000, __b: NT_0004, __c: NT_0004)|NT_0009_P_00001();NT_0004 -> NT_0004_P_00000(__a: int, __b: NT_0000, __c: NT_0002)|NT_0004_P_00001(__a: NT_0002, __b: NT_0003, __c: NT_0002)|NT_0004_P_00002(__a: NT_0001, __b: NT_0004)|NT_0004_P_00003()|NT_0004_P_00004()|NT_0004_P_00005()|NT_0004_P_00006(__a: NT_0000, __b: NT_0000, __c: NT_0003)|NT_0004_P_00007()|NT_0004_P_00008(__a: int, __b: NT_0004, __c: bool);NT_0003 -> NT_0003_P_00000(__a: NT_0003, __b: NT_0002)|NT_0003_P_00001(__a: bool, __b: bool)|NT_0003_P_00002(__a: NT_0002)|NT_0003_P_00003(__a: NT_0000, __b: NT_0002)|NT_0003_P_00004(__a: bool, __b: bool);NT_0008 -> NT_0008_P_00000(__a: NT_0000)|NT_0008_P_00001(__a: NT_0006, __b: NT_0003, __c: NT_0007)|NT_0008_P_00002(__a: NT_0003, __b: NT_0006);NT_0007 -> NT_0007_P_00000()|NT_0007_P_00001(__a: NT_0001);NT_0011 -> NT_0011_P_00000(__a: NT_0005, __b: NT_0002, __c: int)|NT_0011_P_00001(__a: NT_0003, __b: NT_0002);NT_0005 -> NT_0005_P_00000(__a: NT_0001, __b: NT_0001)|NT_0005_P_00001(__a: NT_0002)|NT_0005_P_00002(__a: NT_0004, __b: NT_0001, __c: NT_0002, __d: NT_0000)|NT_0005_P_00003(__a: NT_0004, __b: bool, __c: NT_0004)|NT_0005_P_00004()|NT_0005_P_00005(__a: NT_0004)|NT_0005_P_00006(__a: NT_0003, __b: NT_0005, __c: NT_0001);NT_0013 -> NT_0013_P_00000(__a: NT_0003, __b: NT_0011, __c: NT_0008)|NT_0013_P_00001(__a: NT_0011, __b: NT_0003)|NT_0013_P_00002(__a: NT_0012, __b: NT_0007)|NT_0013_P_00003()|NT_0013_P_00004()|NT_0013_P_00005(__a: NT_0011, __b: bool);NT_0012 -> NT_0012_P_00000(__a: bool, __b: NT_0006, __c: NT_0012, __d: NT_0012)|NT_0012_P_00001(__a: NT_0008)]>",medium,ge,8,0,7.5276267528533936,0,25,"Genotype(dna=[69305, 23410, 48728, 51447, 19538, 55815, 93016, 75295, 58172, 35401, 13882, 67133, 90293, 27591, 98642, 74622, 77134, 31280, 7504, 69491, 14892, 80828, 85110, 4622, 30633, 90704, 89123, 18156, 74737, 65911, 38520, 39687, 6173, 59626, 66874, 2451, 45836, 77216, 75773, 76238, 38635, 99707, 44258, 4680, 83366, 98929, 92189, 46454, 60999, 250, 78505, 11362, 86631, 66987, 20679, 74162, 52294, 96469, 95455, 15286, 20153, 89126, 37957, 30885, 46263, 96852, 25059, 2691, 43136, 43396, 94078, 68952, 83845, 14177, 43379, 92900, 82482, 86999, 78082, 29652, 38245, 47310, 42706, 74512, 92047, 42163, 77647, 93359, 64024, 94194, 8135, 51862, 38176, 24560, 87617, 39778, 74836, 53920, 61546, 87560, 22883, 10712, 64939, 36207, 27313, 17693, 56474, 33694, 61123, 91122, 70686, 79753, 8572, 78998, 35397, 75901, 88497, 77078, 59549, 46976, 45999, 97807, 19615, 68896, 11832, 86929, 67342, 13709, 19233, 34089, 49531, 59424, 98291, 49680, 45163, 4798, 76089, 86153, 35456, 91951, 72367, 34373, 24847, 58843, 84709, 14674, 39496, 51515, 98669, 43864, 57332, 16326, 45081, 55503, 28933, 29779, 13837, 86102, 45917, 70408, 64490, 35943, 83773, 28806, 35374, 17108, 80990, 36739, 72213, 63647, 83408, 10527, 63117, 1282, 49052, 99015, 57769, 27978, 9558, 14645, 17475, 24418, 56368, 35730, 96004, 84441, 85953, 46074, 22014, 65583, 25, 61108, 85238, 17675, 25081, 46888, 88229, 61144, 55541, 40704, 45886, 54580, 67773, 69526, 48671, 16955, 9717, 12414, 87665, 99911, 67613, 24892, 63297, 95625, 54961, 22899, 74678, 58325, 54453, 12604, 26214, 13314, 12440, 28166, 7989, 45947, 55260, 9960, 50797, 98922, 47573, 3162, 86638, 34913, 9157, 21923, 12288, 56065, 30325, 82150, 17639, 32496, 35278, 29006, 93297, 80975, 28943, 79710, 32021, 23018, 75411, 54046, 60657, 89662, 17195, 93940])",44,4,0.9358446955074018,0.4570675271227549,4,3,2,4,15,"{1: 2, 2: 4, 3: 2, 5: 2, 6: 2, 7: 1, 8: 1, 9: 1}",7,15,9,10,4
