Fitness,Depth,Nodes,Generations,time_since_the_start_of_the_evolution,seed,genotype_as_str
0.0,3,3,1,0.3913440704345703,60236,"Genotype(dna={""<class 'abc.NT_0003'>"": [0, 30708], ""<class 'abc.NT_0003_P_00000'>"": [], ""<class 'abc.NT_0002'>"": [0, 82074], ""<class 'abc.NT_0002_P_00000'>"": [], ""<class 'abc.NT_0000'>"": [0, 13711], ""<class 'abc.NT_0000_P_00000'>"": [], ""<class 'int'>"": [21086, 71357, 94162], '$leftovers': [21166, 62709, 38091, 55515, 62589, 68367, 80795, 14851, 73349, 65383, 38768, 63592, 35644, 22167, 76099, 35518, 9767, 37533, 6365, 62693, 91598, 4245, 22802, 78267, 46506, 73733, 54801, 73917, 77883, 90039, 40601, 82862, 39994, 59680, 27954, 48374, 94635, 79098, 35876, 25604, 19130, 6324, 47410, 91245, 86131, 26883, 63088, 77477, 4135, 14309, 52715, 44227, 76921, 13349, 97972, 48954, 48632, 65189, 95001, 5654, 70844, 7023, 53024, 64205, 91215, 55550, 70563, 82222, 64602, 88930, 66527, 93314, 92305, 38714, 36380, 55732, 22946, 37311, 46166, 23188, 74828, 87065, 754, 16301, 78657, 41721, 84609, 52712, 88197, 62770, 93608, 76025, 46287, 14711, 66457, 57453, 1512, 36988, 72972, 92131, 11948, 98446, 99284, 29027, 79732, 79155, 18231, 47318, 43071, 42550, 21540, 73020, 59628, 77270, 55513, 73430, 43948, 73681, 10291, 8488, 18069, 53156, 72237, 95518, 79448, 99886, 38298, 6361, 42088, 73974, 29090, 16270, 73395, 66886, 54109, 6195, 45872, 43678, 61512, 59536, 83947, 63656, 67753, 30945, 87096, 20620, 18501, 13710, 3551, 32680, 42809, 21393, 49774, 65291, 55032, 89634, 72737, 52153, 1722, 67990, 69070, 17877, 14799, 33128, 45411, 32507, 45499, 70989, 92087, 14241, 5993, 62414, 19567, 80412, 50131, 22523, 87008, 5146, 98314, 58689, 82854, 25017, 20196, 42987, 10112, 37811, 47342, 9856, 97825, 70497, 80779, 25261, 42801, 29083, 92881, 90208, 77911, 66970, 78937, 96236, 94054, 45526, 47554, 80148, 62017, 89045, 38424, 76723, 70905, 53060, 52196, 89672, 68201, 50298, 16461, 89599, 6018, 36721, 18075, 34443, 77045, 88912, 54416, 26744, 12002, 46298, 39176, 78634, 83958, 69274, 18865, 99904, 96950, 83905, 56885, 7042, 34843, 80762, 82307, 83444, 57631, 54982, 8217, 14204, 52628, 71519, 86978, 24761, 21900, 21231, 42526, 40205, 80766, 78116, 61934, 61408, 37798, 1947, 32245, 16255, 22148, 91282, 62042, 84373, 63207, 75397, 60439, 84948, 38540, 33828, 67973, 42020, 11552, 40400, 90535, 67369, 60511, 11851, 1193, 74677, 23232, 2074, 52663, 66020, 69987, 91232, 77238, 69534, 76845, 12058, 49881, 76658, 11584, 46636, 33105, 24954, 50361, 15032, 93687, 89547, 22604, 61636, 16731, 75664, 75653, 78904, 73759, 70049, 561, 90261, 3649, 72120, 42626, 64851, 444, 90245, 4433, 44010, 19704, 29908, 98139, 80305, 1545, 87469, 19496, 58957, 29096, 90111, 40453, 9856, 49306, 13972, 59400, 24531, 41604, 47425, 17227, 24020, 85885, 95861, 46312, 10527, 83252, 7857, 14853, 19008, 51958, 52997, 12790, 76741, 76809, 19615, 78158, 7232, 91988, 48484, 3505, 20272, 77986, 52444, 13458, 77520, 69250, 36699, 3668, 60501, 36364, 77135, 40663, 94445, 74072, 67825, 76214, 1907, 3152, 50143, 7907, 42808, 57236, 99311, 14096, 19248, 40750, 96398, 96055, 54895, 45512, 41797, 27468, 23568, 32475, 85677, 92050, 36280, 30965, 3852, 94931, 66175, 85103, 30908, 93156, 82514, 28385, 2292, 71027, 33297, 3555, 53433, 23697, 51638, 16399, 25031, 53334, 10041, 31177, 50792, 46559, 97314, 65795, 6536, 35002, 54701, 66851, 94421, 51506, 67499, 74218, 86895, 49800, 80325, 91321, 48579, 44772, 82848, 55907, 59519, 86370, 61757, 56369, 18327, 33849, 65386, 41600, 79097, 14341, 59164, 65965, 37176, 84516, 72029, 62706, 77721, 75521, 76245, 64684, 92372, 52670, 6401, 88370, 2107, 20302, 59430, 26516, 4869, 17131, 28599, 74886, 96822, 13754, 9208, 13518, 77933, 51586, 8, 49972, 2715, 3714, 37664, 71061, 93862, 94793, 69411, 73290, 97408, 63674, 95588, 96688, 94927, 45232, 23453, 87533, 9027, 49004, 22646, 31139, 82101, 56055, 3214, 62474, 69347, 8073, 63296, 88293, 43438, 24570, 97041, 42378, 4732, 17244, 1629, 86288, 9400, 14738, 86336, 6064, 41145, 79662, 80629, 28514, 51837, 5762, 15341, 16030, 47074, 42097, 34029, 97599, 60751, 37337, 14346, 32296, 18843, 79724, 81207, 75477, 41210, 24448, 39789, 22705, 37864, 14276, 98095, 41850, 42420, 95779, 32509, 75157, 75357, 33599, 83582, 10819, 39302, 24486, 9346, 12452, 47264, 29641, 60205, 61607, 4844, 86067, 58603, 11013, 59409, 82508, 87287, 28089, 16561, 62997, 90206, 5251, 2647, 92514, 17540, 41895, 87947, 87705, 26991, 11609, 14289, 26472, 85833, 37985, 52581, 87298, 78779, 33772, 80798, 64281, 27217, 89972, 17338, 73186, 71810, 53487, 813, 60391, 44447, 46847, 87585, 348, 5457, 64518, 97221, 23183, 53105, 78059, 57964, 17556, 1049, 98123, 43901, 5072, 24699, 45541, 11558, 40341, 57589, 79984, 20913, 65645, 94698, 52662, 14554, 69972, 5180, 22324, 43026, 75282, 31800, 68926, 29557, 20016, 37924, 17097, 25014, 19575, 7783, 92814, 9570, 74091, 21155, 61996, 97892, 87546, 48403, 75748, 12824, 22023, 55917, 67316, 22869, 40136, 88882, 77928, 13384, 5572, 86765, 38521, 1745, 70775, 43567, 69113, 33472, 23301, 29969, 44717, 22784, 15427, 31305, 29219, 90850, 10659, 14092, 5970, 76839, 18576, 74750, 74525, 5888, 80550, 51117, 88536, 60900, 43915, 60204, 447, 38230, 22653, 54577, 43949, 9907, 39875, 82099, 82160, 67434, 15086, 85413, 3381, 63110, 68027, 63810, 64022, 73779, 28122, 67613, 95290, 37843, 74960, 10522, 89518, 64417, 41380, 29191, 12072, 40268, 35789, 93493, 62480, 85342, 36889, 6202, 88489, 72396, 29915, 24411, 88483, 18599, 59357, 57109, 67239, 96834, 17332, 12197, 21923, 67467, 1492, 96952, 91125, 8366, 98266, 94428, 25175, 44434, 20961, 76299, 763, 71103, 62445, 11910, 86920, 53177, 93705, 77340, 80494, 17741, 30887, 2947, 46969, 85164, 76596, 11619, 52785, 67016, 55806, 28715, 51853, 4173, 22998, 40650, 64731, 18664, 19396, 63128, 56067, 54373, 60499, 45145, 95534, 36886, 63232, 18887, 88334, 1560, 19080, 8925, 90156, 10748, 35713, 16976, 23164, 37722, 70947, 23448, 58918, 66275, 74340, 87634, 21229, 28905, 35882, 11762, 20187, 4096, 35325, 12581, 13545, 75196, 95082, 23834, 25158, 71438, 76818, 1627, 56801, 37431, 53251, 46467, 30810, 20081, 5622, 62223, 85360, 94456, 95341, 44941, 86565, 70851, 36391, 26144, 62657, 81267, 8146, 92970, 92597, 95629, 27735, 18141, 86977, 4840, 70601, 11879, 45248, 82788, 14218, 53395, 78742, 72786, 70666, 89221, 71765, 64514, 10469, 3709, 7452, 2386, 4216, 98418, 60752, 43905, 27359, 54199, 32473, 7853, 13501, 47780, 80489, 75303, 97691, 72680, 47460, 44037, 94299, 86917, 39307, 58466, 45129, 64308, 45064, 61944, 44543, 50356, 70600, 1459, 96483, 25192, 88113, 20382, 4749, 98168, 31638, 68973, 10618, 38635, 75410, 88805, 53558, 41451, 65286, 84685, 49170, 33984, 17316, 57348, 51072, 88392, 77658, 36544, 59150, 69633, 38568, 30390, 82145, 89999, 62245, 34520, 66455, 21478, 78547, 56541, 19100, 75714, 23494, 19649, 45871, 85640, 35044, 28327, 52720, 29265, 96785, 72240, 68604, 48063, 61353, 22349, 1394, 44646, 56332, 58786, 13881, 70649, 87481, 26697, 4308, 25080, 61110, 79367, 33714, 33577, 35016, 14172, 85773, 72474, 65152, 59647, 56629, 43799, 10230, 94028, 39694, 90963, 75856, 15753, 8783, 5634, 11773, 1311, 19636, 32420, 44589, 50718, 86266, 56805, 98433, 2255, 83744, 83076, 1881, 49212, 90258, 2811, 78994, 56775, 21408, 56780, 23153, 57311, 58395, 33269, 63907, 13787, 97686, 70155, 67638, 63045, 30708, 82074, 13711, 94162]})"
