Fitness,Depth,Nodes,Generations,time_since_the_start_of_the_evolution,seed,genotype_as_str
0.0,15,119,1,2.898606300354004,722,"Genotype(dna={""<class 'abc.NT_0006'>"": [1, 1, 1, 0, 42650], ""<class 'abc.NT_0006_P_00000'>"": [], ""<class 'bool'>"": [56625, 17370, 31362, 41598, 15691, 3470, 68209, 79003, 76474, 45706, 61370, 64013, 20528, 38430, 26364, 44223, 74304, 33384, 50377, 70298, 58866, 76525, 47864, 95966, 12567, 60653, 77304, 56088, 55655, 32790, 14255, 50277, 7107, 93029, 77436, 98973, 26466, 91154, 84216, 40273, 63188, 47563, 5719, 77007, 4052, 81, 57339, 26924, 93553, 38541, 81395, 7631, 79076, 55452, 99269, 69562, 96206, 39936, 52160, 32615, 33141, 88942, 28519, 19254, 32087, 51832, 62341, 13283, 16045, 89632, 46775, 13814, 16046, 59725, 50932, 7889, 42367, 5429, 31066, 63787, 19593, 76911, 34572, 20489, 43635, 5294, 6889, 29923, 9518, 8954, 28603, 44420, 97461, 86125, 40218, 51494, 22734, 89581, 38306, 93653, 61970, 36397, 21939, 54098, 23081, 17, 41199, 88223, 80503, 21548, 59173, 43379, 90489, 14861, 78326, 81547, 2263, 40565, 67020, 6331, 47597, 76456, 56255, 80202, 77243, 12050, 1743, 53879, 57340, 67146, 7689, 39216, 75876, 68780, 27874, 61903, 30755, 53022, 25986, 64196, 57735, 75086, 21087, 47550, 17579, 83356, 95343, 89353, 10038, 72781, 28405, 35643, 16546, 28764, 12303, 81653, 72950, 65266, 89223, 67979, 94402, 34778, 84712, 32019, 16679, 44592, 94039, 54563, 9392, 2143, 21265, 4673, 71175, 81741, 62428, 9803, 83820, 77656, 25902, 41207, 94728, 60185, 32858, 28653, 27160, 72690, 60960, 59846, 29273, 42443, 92784, 49242, 90800, 71690, 25845, 73133, 27281, 16602, 63122, 58111, 94487, 81287, 53179, 87527, 42830, 98621, 74437, 14889, 91791, 35378], ""<class 'int'>"": [51474, 93673, 72727, 58948, 12801, 58323, 59088, 47160, 31452, 26260, 80076, 20558, 95770, 5247, 92243, 43182, 23037, 28407, 36222, 55881, 11034, 1108, 70407, 36159, 32612, 19007, 13748, 86545, 13380, 35989, 47279, 7511, 47713, 4454, 6974, 32478, 89236, 83976, 30609, 65319, 46222, 16962, 17022, 88570, 93843, 76017, 62736, 50767, 80163, 95817, 24423, 7440, 12483, 29078, 54927, 16770, 87777, 78096, 54745, 48077, 11895, 43979, 36364, 9751, 3632, 93049, 6152, 38586, 229, 47217, 91776, 75886, 82253, 64825, 60199, 69392, 64983, 79763, 31374, 7145, 22589, 75205, 60799, 24062, 94581, 63325, 26714, 28010, 13329, 12157, 35414, 97652, 32762, 3182, 13482, 78619, 27586, 535, 3228, 43413, 96703, 15841, 30298, 70538, 73637, 24496, 9425, 91624, 92097, 76243, 33511, 55152, 98441, 49523, 29436, 97126, 23268, 20093, 16524, 9113, 40181, 83602, 88771, 12564, 52391, 61412, 94923, 65361, 88750, 79668, 31838, 82493, 74295, 15298, 23143, 79650], ""<class 'abc.NT_0001'>"": [0, 0, 0, 0, 3888], ""<class 'abc.NT_0001_P_00000'>"": [], ""<class 'abc.NT_0000'>"": [1, 0, 1, 2, 0, 0, 2, 2, 0, 2, 0, 1, 0, 2, 0, 0, 2, 0, 1, 1, 2, 2, 0, 1, 0, 2, 0, 2, 2, 2, 0, 0, 1, 1, 0, 0, 2, 1, 0, 2, 1, 0, 0, 2, 0, 0, 0, 0, 2, 0, 2, 1, 0, 1, 2, 2, 1, 0, 2, 1, 1, 0, 1, 1, 0, 0, 2, 0, 1, 1, 1, 0, 0, 0, 2, 1, 0, 0, 1, 1, 2, 2, 2, 0, 2, 1, 1, 2, 0, 1, 1, 2, 0, 0, 0, 0, 0, 2, 1, 0, 2, 2, 2, 0, 1, 1, 0, 0, 0, 7340], ""<class 'abc.NT_0000_P_00000'>"": [], ""<class 'abc.NT_0000_P_00001'>"": [], ""<class 'abc.NT_0000_P_00002'>"": [], ""<class 'abc.NT_0001_P_00001'>"": [], ""<class 'abc.NT_0001_P_00002'>"": [], ""<class 'abc.NT_0003'>"": [1, 14271], ""<class 'abc.NT_0003_P_00000'>"": [], ""<class 'abc.NT_0003_P_00001'>"": [], ""<class 'abc.NT_0005'>"": [0, 54344], ""<class 'abc.NT_0005_P_00000'>"": [], ""<class 'abc.NT_0004'>"": [], ""<class 'abc.NT_0004_P_00000'>"": [], ""<class 'abc.NT_0004_P_00001'>"": [], ""<class 'abc.NT_0002'>"": [], ""<class 'abc.NT_0002_P_00000'>"": [], ""<class 'abc.NT_0005_P_00001'>"": [], ""<class 'abc.NT_0005_P_00002'>"": [], ""<class 'abc.NT_0005_P_00003'>"": [], ""<class 'abc.NT_0006_P_00001'>"": [], '$leftovers': [41035, 83127, 38042, 87824, 38426, 18202, 70876, 57909, 97368, 50405, 35100, 73435, 53072, 91613, 12573, 17282, 35251, 53451, 35989, 98973, 42393, 37297, 81177, 66026, 81299, 3620, 97712, 58370, 80392, 42608, 27011, 91326, 16377, 23257, 52124, 48893, 72783, 27252, 81232, 23881, 99287, 34827, 35471, 26824, 63109, 73226, 66639, 50502, 42460, 93781, 95043, 28549, 12592, 5596, 50549, 58640, 2001, 39360, 83416, 78645, 95679, 77958, 41383, 71920, 69681, 94932, 64307, 79806, 78966, 31177, 47469, 27406, 67751, 90350, 92236, 96012, 27542, 31996, 50418, 84410, 31549, 49890, 87130, 64960, 67709, 3206, 96866, 3909, 82838, 96140, 15967, 7591, 5737, 38480, 66085, 54539, 21195, 27177, 42526, 61140, 54002, 89475, 96780, 25837, 91506, 17391, 97854, 44263, 81848, 89500, 37334, 53717, 10773, 34821, 39201, 30453, 25167, 21780, 38591, 40696, 54088, 59242, 48760, 32766, 96742, 93468, 75843, 73947, 61349, 15229, 11109, 7017, 63871, 38444, 53425, 32912, 65342, 78139, 17707, 57495, 83704, 5342, 42210, 4639, 74509, 71669, 6905, 20500, 33997, 54366, 28033, 71015, 31540, 62841, 66401, 98570, 95283, 28616, 18920, 14475, 10837, 60044, 22902, 64472, 73487, 18014, 26020, 83356, 14884, 32651, 38064, 38419, 94096, 53679, 59945, 16048, 47447, 76125, 8172, 81785, 40573, 57571, 57244, 37514, 13546, 11684, 342, 32069, 34185, 54581, 59527, 41779, 36460, 37542, 14357, 31639, 76460, 62757, 23636, 49234, 42406, 16781, 7311, 69912, 60669, 42828, 73174, 86657, 70662, 1651, 61059, 36040, 27213, 49134, 84711, 15358, 16116, 61028, 57844, 11805, 33936, 15023, 26434, 19594, 73798, 20775, 78313, 28178, 86418, 48178, 92917, 29458, 82072, 80027, 15648, 33238, 22958, 47823, 3059, 61187, 62061, 53658, 54833, 12949, 56132, 97594, 66221, 17280, 23474, 53882, 78308, 16914, 4694, 73016, 22972, 71169, 26616, 51319, 30920, 18512, 76234, 25958, 54176, 7210, 7999, 49110, 90034, 78662, 65244, 57508, 24645, 19038, 81836, 72107, 16029, 66600, 64813, 82944, 15523, 4771, 11830, 33029, 53381, 54959, 31621, 16019, 92470, 26352, 37258, 8271, 41827, 76725, 80296, 82492, 54968, 27147, 11190, 2279, 63448, 59148, 57495, 35852, 32598, 2701, 88986, 73253, 74615, 33499, 70588, 75698, 67077, 38168, 68220, 38546, 63946, 7709, 18194, 38880, 95089, 58706, 32811, 78696, 69243, 1010, 69091, 24424, 64010, 90771, 84509, 92889, 86185, 92937, 46025, 21115, 69075, 98789, 57850, 94630, 2522, 17306, 23372, 50171, 99508, 41426, 5201, 83310, 98482, 8386, 89212, 85466, 21129, 90071, 23803, 67633, 93430, 73943, 10410, 11987, 8935, 43883, 66732, 36693, 21028, 29985, 28053, 98833, 93140, 98598, 76901, 19495, 27389, 67681, 89524, 27653, 56026, 34515, 89212, 84969, 23055, 86783, 41393, 86314, 72579, 99707, 42227, 18058, 80985, 56923, 56932, 27162, 41434, 33828, 12130, 65101, 8285, 57473, 61754, 411, 58490, 41983, 8262, 10585, 38682, 96554, 8598, 70602, 73000, 85314, 23500, 75102, 9094, 51187, 91998, 87193, 45585, 1613, 38442, 99006, 75990, 23432, 21573, 22283, 73383, 64073, 92815, 38192, 48552, 69919, 53453, 98740, 40927, 86724, 3756, 57067, 8049, 76028, 99262, 15833, 51838, 41390, 14781, 83345, 46561, 35627, 69253, 65395, 65710, 363, 24570, 60933, 58047, 64402, 40017, 13606, 87897, 8923, 36376, 12560, 73599, 23994, 85617, 6089, 54568, 89702, 77448, 12577, 29363, 68841, 22115, 17496, 52443, 73128, 76931, 53317, 41121, 74325, 12815, 86328, 78668, 40360, 27706, 29744, 93927, 11212, 12639, 42987, 64547, 60567, 14368, 22685, 22753, 97523, 45882, 39474, 76839, 70575, 30301, 8291, 60627, 29515, 20269, 89828, 21836, 347, 20552, 98516, 5548, 699, 60291, 90925, 66039, 93795, 60060, 41007, 79576, 61439, 66753, 65897, 86206, 72878, 20855, 32575, 72827, 30125, 36757, 61362, 23359, 34420, 24993, 62887, 80263, 19465, 30612, 85889, 7053, 69332, 77385, 53834, 26251, 91111, 89958, 25783, 92858, 96906, 72094, 61322, 23350, 89682, 79191, 22008, 70893, 17881, 65502, 75546, 40676, 97366, 12112, 33621, 35200, 7491, 48427, 77801, 27130, 28709, 30488, 94878, 84958, 4378, 81975, 5668, 73986, 64478, 57579, 90843, 20255, 40353, 46114, 63250, 13508, 62227, 80424, 28087, 4292, 8882, 97855, 85720, 97091, 23160, 53590, 58770, 94050, 75779, 55920, 77072, 85620, 92829, 51300, 76459, 84381, 26617, 87206, 3984, 5628, 42083, 87828, 30545, 69702, 55883, 38460, 80020, 86768, 4981, 46084, 87300, 28351, 71596, 4468, 75293, 25875, 84326, 6730, 44893, 76208, 31155, 6830, 25475, 95457, 60304, 49188, 48063, 51826, 49175, 27031, 24005, 19400, 30272, 94387, 46855, 65819, 3823, 92318, 97689, 70780, 98320, 38519, 26348, 32677, 87704, 33759, 89776, 9493, 79632, 33036, 13131, 62780, 25575, 94016, 15358, 75154, 96607, 31757, 51297, 72820, 30173, 5627, 76697, 91522, 58507, 6347, 60972, 41333, 78825, 28747, 30229, 43379, 9778, 5409, 63881, 20489, 79845, 20633, 19627, 60637, 11888, 75931, 89953, 54053, 22234, 99904, 35870, 35090, 85146, 15772, 44497, 13273, 5438, 97455, 45723, 94163, 45121, 96430, 45787, 41939, 3466, 27768, 9040, 74516, 29357, 64292, 49869, 92464, 18236, 52790, 81538, 18228, 52683, 31726, 63873, 40014, 55148, 5792, 41222, 76761, 90844, 60225, 7074, 24807, 88409, 72519, 85140, 33891, 99553, 66141, 80531, 2595, 22485, 26761, 96066, 44778, 29319, 15707, 8650, 6783, 46107, 34517, 13031, 70443, 35960, 7484, 69679, 72306, 6415, 45856, 35975, 58498, 70060, 14614, 41919, 77225, 10459, 28831, 63087, 81710, 1384, 87079, 46782, 29568, 58781, 6083, 63684, 7008, 72326, 16426, 30596, 99192, 23656, 57469, 27551, 30615, 84412, 91901, 81721, 32185, 16100, 21062, 39707, 28928, 97484, 11398, 77729, 46921, 36560, 42905, 34120, 9583, 9249, 75618, 41156, 1279, 80405, 80653, 65285, 24822, 45676, 7418, 38488, 57966, 57122, 23560, 27098, 48879, 72924, 67264, 99588, 1081, 39169, 30016, 31110, 25528, 58682, 4178, 67747, 93710, 16293, 60678, 73871, 41648, 53296, 11844, 65871, 91271, 8482, 92999, 62556, 7571, 96369, 78890, 45953, 81486, 42303, 61606, 79711, 45614, 13426, 77875, 81843, 7384, 59906, 36580, 47008, 15424, 29887, 15348, 99548, 11740, 59362, 14899, 22959, 19994, 1017, 34763, 5644, 29442, 57355, 62219, 20490, 93081, 51904, 38946, 75294, 15442, 49467, 99749, 83972, 61191, 45894, 97501, 32904, 46487, 54517, 56961, 42964, 14032, 6972, 24085, 9546, 46319, 28616, 86215, 30617, 8579, 28371, 2043, 72959, 10796, 39117, 6773, 62087, 28198, 50406, 83421, 63930, 20829, 6510, 86583, 33312, 77488, 20975, 88011, 94929, 3718, 33545, 15726, 24049, 9121, 82791, 71096, 75163, 84883, 26504, 2116, 27644, 9984, 71757, 52492, 67829, 23226, 59583, 17808, 55349, 30457, 65416, 71560, 34175, 18125, 93473, 61460, 57963, 95065, 7010, 4772, 34522, 27647, 12479, 43150, 14788, 71820, 60601, 25021, 77153, 900, 30043, 11832, 31292, 91312, 59871, 3568, 96239, 89165, 57331, 11352, 75877, 23108, 82791, 34273, 65330, 61223, 99585, 88763, 57260, 39126, 86770, 99764, 45417, 34768, 99809, 21767, 84455, 42277, 58743, 2108, 79225, 89168, 99612, 96352, 39325, 18067, 13790, 83610, 78821, 52237, 14579, 29274, 42650, 3888, 14271, 54344, 79650, 7340, 35378]})"
