20798,synthetic_20798_14_easy,"Grammar<Starting=NT_0004,Productions=[NT_0004 -> NT_0004_P_00000(__a: NT_0002);NT_0002 -> NT_0002_P_00000()|NT_0002_P_00001()|NT_0002_P_00002()]>",easy,ge,14,0,0.29315853118896484,0,1,"Genotype(dna=[57810, 34463, 93700, 79701, 64095, 39430, 1738, 43299, 77997, 6929, 10953, 98300, 22719, 10537, 95168, 51238, 29265, 83729, 67005, 95574, 65317, 42891, 93894, 4462, 73165, 46011, 22580, 50026, 6726, 14521, 67181, 80168, 50724, 41219, 95377, 58095, 9084, 7890, 17668, 97661, 87195, 19133, 13482, 47103, 52382, 39248, 95240, 48754, 13694, 37951, 99209, 77004, 53393, 87920, 67790, 36176, 18460, 51057, 3162, 72615, 92787, 56452, 57736, 65216, 27097, 67902, 8201, 30159, 73999, 42198, 79239, 39655, 73513, 18592, 11652, 2162, 55293, 3333, 16167, 3923, 33081, 63696, 55466, 21336, 4041, 54917, 28040, 3543, 37879, 33568, 88249, 64986, 8235, 75740, 75391, 93956, 71676, 28168, 23125, 42749, 23889, 41375, 76975, 32704, 45298, 71601, 62634, 5312, 4922, 64823, 57697, 11942, 12424, 27683, 18130, 23253, 25148, 65898, 83029, 88099, 88741, 73772, 50071, 66494, 87675, 899, 53925, 26221, 51521, 30293, 71328, 60295, 2548, 66230, 16453, 15646, 89629, 67407, 6904, 20156, 77532, 31600, 12139, 28501, 39281, 49015, 25185, 84649, 52093, 50660, 60427, 49261, 49654, 76073, 48318, 23419, 72450, 62726, 2149, 93387, 28085, 61999, 99709, 23879, 92256, 99640, 87722, 75553, 65118, 32734, 56300, 2438, 68198, 81487, 46220, 54840, 32307, 1225, 1758, 52148, 62064, 88723, 32241, 6572, 59184, 10357, 98374, 2344, 74684, 56917, 7790, 13969, 36523, 16521, 86900, 29037, 28409, 90628, 20969, 4542, 30747, 75614, 63497, 73644, 20638, 37780, 87289, 40650, 99411, 96442, 34519, 2862, 762, 79129, 92984, 25721, 6157, 74087, 53995, 32175, 40632, 65460, 19356, 52745, 18805, 96252, 6157, 88823, 36279, 97554, 13630, 20225, 84932, 37945, 49484, 63709, 45250, 91658, 59388, 59742, 41109, 14123, 89146, 45509, 7308, 73823, 55912, 31177, 10748, 53506, 33692, 80807, 30561, 34388, 12448, 17445])",49,5,0.5200231584591362,0.855558745122125,4,2,2,2,2,"{1: 1, 3: 1}",0,5,4,7,2
