Fitness,Depth,Nodes,Generations,time_since_the_start_of_the_evolution,seed,genotype_as_str
0.0,7,15,1,1.75543212890625,10833,"Genotype(dna=[12429, 71582, 93840, 25217, 75203, 46837, 72321, 13514, 1440, 38005, 65140, 86278, 49034, 14848, 3524, 80295, 26835, 66686, 66260, 92227, 20799, 14731, 16102, 73161, 48731, 6132, 25553, 79782, 97868, 1598, 9147, 9225, 63983, 16893, 36000, 66594, 70531, 43216, 16522, 52559, 24500, 94156, 61285, 60709, 18334, 51752, 22685, 64220, 44206, 18028, 84763, 49679, 36908, 14542, 15323, 95512, 38418, 94197, 8599, 87305, 7149, 42019, 58936, 71215, 48733, 1952, 92375, 20081, 98955, 70282, 15525, 20108, 7560, 93771, 5875, 32726, 28024, 82935, 28629, 97312, 96751, 9558, 67537, 99628, 32474, 98123, 27332, 49852, 51, 60486, 41864, 36050, 96926, 9000, 80067, 36793, 23851, 12634, 28128, 63357, 98972, 49901, 66148, 51676, 94858, 11583, 91451, 81680, 64577, 10283, 66166, 46691, 95230, 80829, 4195, 51303, 19080, 5888, 23527, 23091, 27984, 54916, 64710, 10844, 23308, 83932, 83408, 36556, 3313, 20428, 76787, 63513, 60219, 53000, 52749, 73697, 96444, 75114, 57747, 58585, 24328, 55490, 36398, 21594, 87308, 13106, 40162, 969, 4515, 21387, 3420, 57141, 59182, 88918, 68282, 20945, 71679, 35682, 85959, 27498, 41832, 72103, 26628, 94355, 67170, 77387, 96210, 78333, 319, 88156, 49346, 36825, 89439, 55976, 45593, 57173, 35475, 3583, 61058, 33989, 76539, 75000, 96266, 36549, 3953, 80179, 20388, 92976, 75024, 89623, 1582, 49149, 35925, 16787, 98833, 71922, 39282, 25946, 63032, 45550, 29469, 92801, 93462, 23838, 9159, 14678, 57274, 86030, 58964, 45192, 83603, 70933, 22463, 95581, 35705, 34851, 65506, 36453, 34700, 61549, 30129, 81725, 81914, 73807, 62855, 63951, 48125, 40847, 47554, 5907, 32035, 8014, 13028, 82737, 63291, 84491, 39728, 11912, 80149, 37097, 49926, 39391, 18093, 19848, 36695, 9475, 5962, 85670, 63302, 78143, 79577, 96191, 99375, 53876, 40267, 72627])"
