766,synthetic_766_14_medium,"Grammar<Starting=NT_0010,Productions=[NT_0010 -> NT_0010_P_00000(__a: NT_0005, __b: NT_0008, __c: bool);NT_0005 -> NT_0005_P_00000(__a: NT_0003)|NT_0005_P_00001(__a: NT_0001, __b: int, __c: NT_0003, __d: bool)|NT_0005_P_00002(__a: NT_0003, __b: NT_0004)|NT_0005_P_00003(__a: NT_0002)|NT_0005_P_00004(__a: bool, __b: NT_0005);NT_0003 -> NT_0003_P_00000(__a: NT_0002)|NT_0003_P_00001(__a: NT_0002);NT_0002 -> NT_0002_P_00000()|NT_0002_P_00001(__a: NT_0001)|NT_0002_P_00002(__a: NT_0000, __b: NT_0001)|NT_0002_P_00003(__a: bool, __b: NT_0002);NT_0001 -> NT_0001_P_00000(__a: NT_0000, __b: NT_0001, __c: NT_0000, __d: NT_0000)|NT_0001_P_00001(__a: int, __b: bool)|NT_0001_P_00002(__a: NT_0001, __b: NT_0001)|NT_0001_P_00003();NT_0000 -> NT_0000_P_00000(__a: bool, __b: bool, __c: bool)|NT_0000_P_00001(__a: int, __b: bool, __c: NT_0000);NT_0004 -> NT_0004_P_00000(__a: NT_0004, __b: int, __c: int, __d: int)|NT_0004_P_00001(__a: NT_0004)|NT_0004_P_00002(__a: bool, __b: NT_0000, __c: NT_0003, __d: NT_0000)|NT_0004_P_00003(__a: bool, __b: bool);NT_0008 -> NT_0008_P_00000(__a: NT_0004, __b: NT_0001)|NT_0008_P_00001(__a: NT_0000)]>",medium,dsge,14,32,31.763763904571533,0,100,"Genotype(dna={""<class 'abc.NT_0010'>"": [0, 65392], ""<class 'abc.NT_0010_P_00000'>"": [], ""<class 'abc.NT_0005'>"": [4, 4, 3, 59645], ""<class 'abc.NT_0005_P_00000'>"": [], ""<class 'abc.NT_0003'>"": [], ""<class 'abc.NT_0003_P_00000'>"": [], ""<class 'abc.NT_0002'>"": [1, 18634], ""<class 'abc.NT_0002_P_00000'>"": [], ""<class 'abc.NT_0002_P_00001'>"": [], ""<class 'abc.NT_0001'>"": [3, 34334], ""<class 'abc.NT_0001_P_00000'>"": [], ""<class 'abc.NT_0000'>"": [1, 1, 1, 1, 1, 1, 0, 29188], ""<class 'abc.NT_0000_P_00000'>"": [], ""<class 'bool'>"": [2336, 22054, 98689, 97367, 30715, 81763, 99497, 65179, 9705, 78123, 44797, 70264, 97866], ""<class 'abc.NT_0000_P_00001'>"": [], ""<class 'int'>"": [5013, 5620, 70043, 32585, 87208, 65172, 30835], ""<class 'abc.NT_0001_P_00001'>"": [], ""<class 'abc.NT_0001_P_00002'>"": [], ""<class 'abc.NT_0001_P_00003'>"": [], ""<class 'abc.NT_0002_P_00002'>"": [], ""<class 'abc.NT_0002_P_00003'>"": [], ""<class 'abc.NT_0003_P_00001'>"": [], ""<class 'abc.NT_0005_P_00001'>"": [], ""<class 'abc.NT_0005_P_00002'>"": [], ""<class 'abc.NT_0004'>"": [], ""<class 'abc.NT_0004_P_00000'>"": [], ""<class 'abc.NT_0004_P_00001'>"": [], ""<class 'abc.NT_0004_P_00002'>"": [], ""<class 'abc.NT_0004_P_00003'>"": [], ""<class 'abc.NT_0005_P_00003'>"": [], ""<class 'abc.NT_0005_P_00004'>"": [], ""<class 'abc.NT_0008'>"": [1, 10178], ""<class 'abc.NT_0008_P_00000'>"": [], ""<class 'abc.NT_0008_P_00001'>"": [], '$leftovers': [67102, 11001, 57461, 70266, 7335, 11347, 88626, 1639, 81299, 59557, 10781, 38469, 9898, 25578, 34180, 2825, 35185, 89232, 91996, 41728, 53380, 367, 72432, 28386, 51211, 25247, 48064, 76162, 95127, 46471, 81413, 22362, 29821, 1922, 59234, 65255, 98601, 47304, 42623, 58595, 77166, 3137, 1858, 55973, 87257, 99504, 12371, 26551, 29776, 68459, 1686, 5198, 37030, 26999, 47364, 55703, 34213, 3175, 15498, 46120, 61180, 48913, 98790, 72328, 15274, 58953, 50731, 36501, 88521, 78799, 41291, 74888, 32165, 30510, 87583, 49414, 64039, 22602, 52260, 48909, 43446, 62305, 36323, 22314, 3557, 87549, 1701, 51758, 3610, 31795, 82094, 77562, 71908, 98114, 86316, 93244, 99261, 47464, 59312, 89008, 33484, 30248, 56291, 25453, 74875, 59451, 90316, 33126, 53349, 28503, 49224, 32928, 59855, 97807, 86438, 86734, 73337, 27563, 93263, 48087, 39866, 780, 76804, 61404, 56044, 30409, 62675, 70540, 80326, 80800, 64255, 52267, 59574, 57579, 85262, 43954, 94656, 89719, 83673, 59684, 52379, 9735, 2087, 71166, 9935, 86543, 15207, 3205, 7488, 42250, 79425, 4358, 98362, 75430, 10480, 86100, 64875, 73996, 70221, 2256, 45214, 78116, 57024, 27944, 65730, 55691, 4799, 78565, 88338, 56852, 70401, 826, 41013, 2118, 79385, 77575, 40797, 63309, 52165, 51640, 58557, 89734, 69325, 22761, 69108, 83255, 62809, 96994, 4247, 13060, 39344, 36276, 34372, 26135, 32031, 82796, 26789, 60597, 11754, 991, 65330, 31977, 69777, 34525, 99595, 14104, 38011, 66227, 73437, 59102, 36133, 73720, 73417, 84334, 15105, 27006, 52855, 67279, 82191, 79306, 83267, 95084, 31806, 4579, 47069, 39764, 24085, 70973, 75164, 2277, 2189, 14424, 56309, 92205, 10699, 42782, 54871, 21400, 30576, 97621, 36098, 25946, 82390, 23349, 32434, 74364, 3819, 64179, 41447, 78429, 73857, 36022, 52492, 58551, 49321, 4307, 32662, 70477, 44761, 60459, 2698, 43524, 47368, 35807, 81200, 3969, 95818, 63069, 52734, 76875, 56537, 857, 13921, 66731, 16149, 78115, 75729, 24299, 33614, 56630, 32731, 90841, 34839, 41784, 56311, 13683, 21784, 30539, 6654, 42367, 68851, 68601, 27092, 65534, 85176, 43136, 74588, 88083, 11077, 53459, 99069, 4710, 24437, 24906, 73460, 69837, 44972, 23378, 61153, 31176, 29294, 14528, 39506, 72992, 21, 77968, 19753, 34091, 1531, 89761, 22971, 5543, 2577, 32800, 36578, 43572, 89531, 21991, 52812, 80960, 48725, 59235, 37825, 18217, 85652, 75704, 92854, 45928, 34653, 73259, 69869, 49709, 96563, 97718, 12566, 95096, 18037, 43574, 66832, 40141, 73995, 79061, 19778, 55126, 79031, 53384, 74061, 32722, 9046, 53678, 31953, 26670, 26338, 28238, 40664, 15976, 50316, 4373, 98777, 83244, 2797, 39553, 13066, 76033, 74674, 2687, 18426, 4235, 56171, 13941, 27153, 41834, 89307, 27053, 24582, 93051, 6064, 90365, 68743, 12677, 20685, 3463, 16810, 94212, 96657, 51692, 70512, 3338, 74812, 6485, 2670, 96415, 89361, 14689, 42275, 65076, 90705, 41959, 43260, 77055, 26281, 26314, 72842, 45123, 86317, 27059, 54921, 88833, 44436, 73306, 274, 26384, 51280, 20167, 60793, 80166, 16138, 49859, 76264, 8540, 62835, 13614, 22471, 12269, 99328, 12329, 44698, 3826, 5682, 39031, 22378, 18028, 63066, 36473, 12165, 55483, 63454, 71565, 30906, 45074, 65481, 18422, 63971, 66777, 60247, 77905, 29927, 86501, 72990, 88553, 5540, 16850, 3820, 8983, 56649, 4932, 57055, 49205, 92786, 67409, 40457, 90151, 32735, 44976, 73032, 4381, 9783, 25313, 34759, 11617, 99124, 7480, 21641, 60801, 79816, 76907, 83891, 27944, 30780, 57782, 92743, 49963, 62110, 31418, 31805, 14890, 54303, 692, 8866, 13298, 81610, 77402, 99337, 3723, 57328, 61421, 32258, 98275, 52493, 18410, 48451, 76228, 59253, 72480, 34489, 49687, 55085, 60769, 3529, 72811, 62324, 36952, 44875, 67057, 64970, 66468, 16577, 66928, 28241, 4611, 53454, 75017, 43324, 20578, 67684, 89366, 47351, 83214, 32396, 36349, 90637, 54406, 89783, 70517, 16742, 15335, 19391, 86109, 15885, 30463, 4509, 46707, 29028, 73136, 56737, 25237, 56716, 3148, 20834, 37588, 72810, 98671, 86102, 12833, 84459, 79016, 48397, 16133, 83590, 21758, 42841, 42924, 43914, 55725, 65036, 25266, 45554, 90279, 58678, 17128, 70185, 42562, 57887, 56882, 11265, 71389, 98215, 30725, 34561, 80100, 11498, 84728, 48459, 19783, 68023, 47950, 2147, 47815, 66065, 3379, 90148, 7229, 13214, 66541, 20283, 88478, 5229, 87020, 84998, 47924, 5324, 51143, 9605, 60909, 86127, 78614, 69667, 86855, 1908, 72386, 39882, 67729, 68156, 59678, 7368, 43126, 71102, 59055, 79597, 57549, 73924, 30127, 64300, 76417, 22748, 20165, 38902, 74379, 63638, 75045, 6482, 21226, 16292, 86926, 32272, 60956, 10961, 76526, 40814, 50675, 61243, 35451, 47035, 58126, 71847, 1265, 99647, 4067, 35711, 4140, 86402, 72896, 59687, 51764, 27053, 12695, 2113, 67753, 70438, 21906, 25364, 59165, 73025, 80147, 51496, 1295, 7091, 24286, 80775, 62290, 45108, 98395, 7463, 4159, 82451, 44800, 90229, 46613, 88704, 31253, 65920, 80124, 14159, 54204, 5115, 1142, 48228, 6314, 77384, 1181, 82807, 31584, 3688, 71516, 70554, 93810, 10409, 9270, 84086, 79301, 24824, 5938, 73512, 14664, 95748, 81398, 45167, 26949, 22687, 96318, 37555, 18552, 15728, 53619, 54303, 65464, 80868, 51607, 85368, 16738, 39637, 55651, 27591, 51879, 45965, 62987, 64006, 70224, 90436, 34061, 61004, 43201, 57425, 44808, 29903, 32112, 12897, 64564, 23160, 38113, 9275, 95990, 76677, 6364, 29781, 64204, 68040, 50093, 49793, 96218, 16633, 73162, 30913, 68507, 50903, 1854, 94478, 29712, 28685, 38946, 55154, 85090, 14995, 75760, 11550, 86529, 47403, 73598, 88605, 36742, 79899, 61822, 93599, 85060, 84316, 61926, 25190, 58596, 77963, 10821, 51267, 23829, 4881, 1867, 66149, 5807, 98934, 69399, 58297, 60110, 60249, 33995, 53925, 69171, 61658, 81551, 82985, 30759, 55682, 40352, 14662, 63712, 45027, 10431, 4930, 4219, 94224, 83286, 19541, 46505, 61653, 9951, 69644, 38914, 23056, 65878, 4911, 88150, 19265, 94146, 77459, 92964, 2059, 17088, 77374, 96866, 98385, 66336, 37910, 20194, 84680, 65207, 94733, 92216, 32886, 97477, 78398, 89270, 65920, 67222, 82899, 10997, 97839, 63498, 12891, 80568, 91783, 37447, 67818, 23102, 77310, 2548, 3623, 21295, 74293, 23932, 14315, 67701, 6313, 76305, 6116, 9724, 93954, 74571, 23466, 91311, 38274, 77145, 97849, 61389, 72238, 48611, 9793, 11043, 34771, 25400, 56646, 32982, 1116, 4332, 10802, 13658, 77972, 35392, 77796, 43981, 22170, 19405, 26652, 55290, 45879, 9366, 22479, 83382, 35242, 64698, 79199, 85985, 82782, 42656, 81502, 87557, 21781, 5665, 1005, 70944, 6860, 50432, 87590, 46244, 27534, 70677, 54248, 25323, 22049, 45998, 84289, 86464, 8894, 52846, 82333, 32806, 68377, 76226, 27336, 61159, 31632, 19409, 65993, 75031, 55763, 65524, 14568, 82894, 32167, 81615, 62755, 54334, 74970, 39212, 92923, 51427, 12627, 93110, 83159, 66532, 56649, 4741, 41992, 9847, 62658, 69103, 1206, 57593, 72252, 792, 27369, 3142, 39673, 56657, 91916, 16228, 36953, 10418, 84875, 49070, 3586, 9337, 88556, 3243, 3445, 75160, 87306, 42751, 42696, 23766, 16375, 60136, 66135, 82576, 85754, 35822, 65392, 59645, 18634, 34334, 10178, 30835, 29188, 97866]})",41,4,0.24066862153660534,0.9709552086902915,4,2,4,4,8,"{1: 1, 2: 3, 4: 3, 5: 1}",7,11,3,5,4
