30815,synthetic_30815_10_easy,"Grammar<Starting=NT_0008,Productions=[NT_0008 -> NT_0008_P_00000(__a: bool, __b: NT_0006, __c: NT_0008, __d: NT_0007)|NT_0008_P_00001(__a: NT_0001, __b: bool, __c: NT_0004, __d: NT_0006)|NT_0008_P_00002(__a: int, __b: NT_0005, __c: NT_0007, __d: NT_0003, __e: NT_0006);NT_0006 -> NT_0006_P_00000(__a: NT_0002, __b: NT_0003, __c: bool, __d: NT_0004, __e: NT_0004)|NT_0006_P_00001(__a: NT_0002, __b: NT_0002, __c: NT_0006, __d: NT_0001)|NT_0006_P_00002(__a: NT_0006, __b: NT_0002);NT_0002 -> NT_0002_P_00000(__a: bool)|NT_0002_P_00001(__a: bool, __b: int, __c: bool, __d: NT_0002, __e: NT_0000);NT_0000 -> NT_0000_P_00000(__a: bool, __b: NT_0000, __c: NT_0000, __d: int, __e: NT_0000, __f: bool)|NT_0000_P_00001(__a: bool, __b: int, __c: NT_0000, __d: bool, __e: NT_0000);NT_0003 -> NT_0003_P_00000(__a: NT_0000, __b: NT_0003, __c: NT_0000, __d: NT_0003, __e: NT_0002, __f: bool)|NT_0003_P_00001(__a: NT_0003, __b: NT_0003)|NT_0003_P_00002(__a: int)|NT_0003_P_00003(__a: NT_0001);NT_0001 -> NT_0001_P_00000(__a: bool);NT_0004 -> NT_0004_P_00000(__a: int, __b: bool, __c: NT_0002, __d: int, __e: NT_0002)|NT_0004_P_00001(__a: NT_0002, __b: NT_0002, __c: int)|NT_0004_P_00002(__a: NT_0004, __b: int, __c: NT_0000, __d: NT_0004, __e: NT_0003)|NT_0004_P_00003(__a: NT_0004, __b: NT_0002);NT_0007 -> NT_0007_P_00000(__a: int, __b: NT_0000)|NT_0007_P_00001(__a: NT_0004, __b: NT_0000, __c: bool);NT_0005 -> NT_0005_P_00000(__a: NT_0002, __b: int)|NT_0005_P_00001(__a: NT_0001, __b: int, __c: NT_0004, __d: NT_0005, __e: NT_0000)]>",easy,treebased,10,0,0.8416340351104736,0,1,"NT_0008_P_00001(__a=NT_0001_P_00000(__a=True), __b=False, __c=NT_0004_P_00000(__a=57, __b=False, __c=NT_0002_P_00000(__a=True), __d=3, __e=NT_0002_P_00000(__a=False)), __d=NT_0006_P_00000(__a=NT_0002_P_00000(__a=True), __b=NT_0003_P_00003(__a=NT_0001_P_00000(__a=False)), __c=True, __d=NT_0004_P_00000(__a=62, __b=True, __c=NT_0002_P_00000(__a=True), __d=53, __e=NT_0002_P_00000(__a=True)), __e=NT_0004_P_00000(__a=16, __b=True, __c=NT_0002_P_00000(__a=False), __d=70, __e=NT_0002_P_00000(__a=True))))",49,4,0.1655512687069104,0.08555320737753547,5,5,5,1000000,9,"{1: 1, 2: 4, 3: 2, 4: 2}",11,9,3,4,6
