476,synthetic_476_10_easy,"Grammar<Starting=NT_0017,Productions=[NT_0017 -> NT_0017_P_00000(__a: NT_0005, __b: NT_0015, __c: int, __d: NT_0001)|NT_0017_P_00001(__a: NT_0011, __b: NT_0015, __c: NT_0010, __d: NT_0009, __e: NT_0000, __f: NT_0009, __g: NT_0013)|NT_0017_P_00002(__a: NT_0011, __b: NT_0004, __c: NT_0012, __d: NT_0001);NT_0005 -> NT_0005_P_00000(__a: int, __b: NT_0002, __c: NT_0003, __d: NT_0000, __e: NT_0003, __f: NT_0000, __g: NT_0003)|NT_0005_P_00001()|NT_0005_P_00002(__a: bool, __b: bool, __c: NT_0000, __d: int, __e: NT_0003, __f: NT_0001);NT_0002 -> NT_0002_P_00000(__a: NT_0001, __b: NT_0001, __c: NT_0001, __d: NT_0001, __e: NT_0002, __f: NT_0001, __g: NT_0000, __h: int)|NT_0002_P_00001(__a: int, __b: NT_0002, __c: int);NT_0001 -> NT_0001_P_00000(__a: NT_0000)|NT_0001_P_00001();NT_0000 -> NT_0000_P_00000(__a: bool, __b: NT_0000, __c: bool, __d: NT_0000, __e: bool)|NT_0000_P_00001(__a: int, __b: NT_0000, __c: NT_0000, __d: bool, __e: int, __f: NT_0000, __g: int, __h: int)|NT_0000_P_00002(__a: NT_0000);NT_0003 -> NT_0003_P_00000()|NT_0003_P_00001(__a: NT_0000, __b: NT_0000, __c: NT_0003);NT_0015 -> NT_0015_P_00000()|NT_0015_P_00001(__a: NT_0000)|NT_0015_P_00002(__a: NT_0010, __b: bool, __c: NT_0013, __d: NT_0008)|NT_0015_P_00003(__a: NT_0001, __b: NT_0012, __c: NT_0012, __d: NT_0013, __e: int)|NT_0015_P_00004(__a: bool);NT_0010 -> NT_0010_P_00000(__a: NT_0004, __b: NT_0002, __c: NT_0008, __d: NT_0009, __e: NT_0006, __f: NT_0008)|NT_0010_P_00001(__a: NT_0005, __b: NT_0000, __c: NT_0005, __d: NT_0003, __e: NT_0009, __f: NT_0000);NT_0004 -> NT_0004_P_00000(__a: NT_0000, __b: NT_0004, __c: NT_0001, __d: int, __e: NT_0000, __f: NT_0000);NT_0008 -> NT_0008_P_00000(__a: bool, __b: int, __c: NT_0003, __d: NT_0000, __e: NT_0004)|NT_0008_P_00001()|NT_0008_P_00002(__a: int, __b: NT_0002, __c: NT_0004, __d: NT_0007, __e: NT_0004, __f: NT_0003, __g: NT_0002, __h: NT_0002)|NT_0008_P_00003(__a: NT_0000, __b: NT_0008, __c: NT_0007, __d: int, __e: int, __f: NT_0007, __g: NT_0004);NT_0007 -> NT_0007_P_00000(__a: NT_0001)|NT_0007_P_00001(__a: bool, __b: NT_0004, __c: NT_0001, __d: NT_0003, __e: NT_0007);NT_0009 -> NT_0009_P_00000(__a: NT_0002, __b: NT_0000)|NT_0009_P_00001(__a: NT_0009, __b: NT_0003)|NT_0009_P_00002(__a: NT_0002, __b: NT_0000, __c: bool)|NT_0009_P_00003();NT_0006 -> NT_0006_P_00000(__a: NT_0002, __b: int, __c: NT_0000, __d: NT_0006, __e: NT_0004, __f: int, __g: NT_0005, __h: int, __i: NT_0006)|NT_0006_P_00001(__a: NT_0002, __b: bool)|NT_0006_P_00002(__a: NT_0001, __b: NT_0004, __c: bool, __d: bool, __e: int, __f: NT_0000, __g: NT_0000);NT_0013 -> NT_0013_P_00000(__a: NT_0009, __b: int, __c: NT_0001, __d: NT_0012, __e: NT_0004, __f: NT_0005, __g: NT_0013)|NT_0013_P_00001(__a: NT_0008);NT_0012 -> NT_0012_P_00000(__a: bool, __b: NT_0004, __c: NT_0001, __d: NT_0008, __e: NT_0002, __f: NT_0004, __g: NT_0001)|NT_0012_P_00001(__a: NT_0004, __b: NT_0010)|NT_0012_P_00002(__a: int, __b: NT_0011, __c: NT_0011, __d: NT_0001, __e: NT_0006, __f: NT_0005, __g: NT_0002, __h: NT_0001, __i: NT_0002)|NT_0012_P_00003(__a: NT_0003, __b: NT_0001, __c: NT_0006, __d: NT_0006, __e: NT_0011, __f: NT_0010, __g: NT_0002, __h: bool);NT_0011 -> NT_0011_P_00000(__a: NT_0003, __b: NT_0000)|NT_0011_P_00001(__a: NT_0006, __b: NT_0000, __c: NT_0003, __d: NT_0006)]>",easy,treebased,10,0,0.2903103828430176,0,1,"NT_0017_P_00000(__a=NT_0005_P_00001(), __b=NT_0015_P_00000(), __c=35, __d=NT_0001_P_00001())",50,2,1,0.26901652202243487,4,5,2,1000000,16,"{1: 1, 2: 7, 3: 4, 4: 3, 5: 1}",12,18,8,5,9
