20612,synthetic_20612_14_easy,"Grammar<Starting=NT_0007,Productions=[NT_0007 -> NT_0007_P_00000(__a: NT_0001);NT_0001 -> NT_0001_P_00000(__a: bool)]>",easy,dsge,14,0,0.22719240188598633,0,1,"Genotype(dna={""<class 'abc.NT_0007'>"": [0, 53670], ""<class 'abc.NT_0007_P_00000'>"": [], ""<class 'abc.NT_0001'>"": [0, 30431], ""<class 'abc.NT_0001_P_00000'>"": [], ""<class 'bool'>"": [27181, 63365], '$leftovers': [91238, 54477, 5065, 946, 99339, 8644, 18991, 39923, 25054, 58822, 96546, 79262, 1269, 26121, 55488, 44178, 86942, 62599, 69927, 95227, 44689, 56786, 24175, 97641, 41671, 15841, 77600, 33206, 26810, 63702, 28740, 52577, 66514, 8710, 12158, 71366, 94854, 57241, 3202, 79652, 26237, 46460, 13192, 60878, 14553, 94449, 13571, 4375, 98341, 11606, 70379, 10310, 38759, 39214, 9424, 84285, 8296, 72329, 86020, 6939, 65123, 6664, 67381, 25936, 1742, 54215, 89456, 45862, 12143, 53773, 88684, 28499, 67853, 21778, 8787, 99936, 81904, 99931, 90620, 68131, 21558, 1145, 62307, 46866, 60402, 47081, 9197, 1683, 62578, 97763, 89156, 43256, 7470, 74384, 83884, 78118, 73505, 88005, 69644, 94357, 45977, 59315, 69050, 27833, 9634, 36578, 5364, 46001, 18530, 77763, 21023, 7754, 34529, 77667, 33859, 47781, 19383, 90088, 25167, 59604, 83928, 66971, 15699, 1534, 14529, 47730, 30940, 57880, 25, 46554, 92073, 80186, 9217, 80634, 12451, 2888, 3548, 48694, 9122, 65591, 78121, 48743, 66514, 43399, 93337, 58099, 86249, 82189, 59649, 77854, 87313, 44971, 56459, 4015, 31773, 68786, 74959, 33984, 6381, 24486, 5635, 34936, 36476, 67246, 66139, 82900, 4214, 22741, 68042, 66895, 18708, 39644, 94950, 52833, 49669, 89466, 88875, 65787, 14587, 66251, 49522, 2571, 26161, 75364, 61042, 54033, 49941, 2915, 4638, 256, 31906, 3113, 28002, 18279, 35131, 38010, 69851, 99019, 44987, 95061, 47955, 95359, 100, 65730, 56071, 4268, 11046, 61128, 24332, 39781, 23032, 30699, 62166, 55444, 90005, 93869, 13998, 47751, 651, 91323, 72395, 33373, 95231, 43613, 33390, 19351, 94239, 61735, 5532, 51461, 95371, 86078, 69714, 55766, 58998, 14216, 83940, 97911, 77751, 82838, 16599, 9195, 88171, 98520, 48534, 26897, 95853, 73764, 83016, 23329, 98367, 27449, 93809, 10073, 43803, 18613, 25370, 18039, 67715, 11065, 94041, 29512, 58574, 23781, 37413, 26641, 12924, 82057, 63972, 9894, 33008, 71186, 56086, 95139, 4783, 49016, 68997, 32481, 33400, 95872, 25437, 8736, 29533, 7673, 77077, 73058, 9042, 81744, 18702, 55025, 73004, 72087, 62951, 70148, 32886, 20179, 4555, 77743, 32654, 3340, 93383, 33568, 36980, 43393, 93208, 16807, 62652, 92735, 5167, 38420, 60685, 31813, 60821, 18969, 97707, 83849, 81941, 1017, 19653, 61986, 48530, 93047, 26547, 77157, 4451, 43609, 48801, 84470, 75044, 81694, 28570, 89595, 96341, 83586, 9139, 85131, 57043, 45868, 31704, 82852, 15663, 40086, 71238, 69426, 38641, 9355, 38861, 1402, 78875, 7643, 2737, 92061, 87191, 23725, 14695, 84216, 64965, 62867, 14989, 41675, 72867, 55544, 77452, 14472, 65590, 89420, 74572, 38302, 80244, 49126, 46036, 98820, 21072, 54558, 2926, 76696, 21273, 43027, 98233, 35346, 84824, 68235, 2569, 36013, 57136, 90235, 81117, 62528, 58827, 33393, 84278, 51176, 17363, 24466, 43486, 4754, 67285, 74011, 28066, 97916, 61716, 85454, 5053, 66067, 41264, 23538, 80491, 75779, 9494, 35033, 85979, 58938, 35925, 94466, 93169, 7930, 53270, 43529, 39945, 34774, 71723, 35338, 79457, 30298, 88397, 74651, 53474, 98408, 18464, 18134, 56513, 90247, 10481, 64102, 83747, 97985, 41865, 95493, 32163, 99225, 31565, 16964, 63893, 43953, 56342, 33868, 70507, 89834, 52699, 15021, 17875, 14958, 24639, 69283, 18336, 39780, 14767, 5274, 67676, 63716, 43109, 41300, 27066, 49314, 78814, 55664, 79417, 72626, 6136, 50733, 89803, 53666, 707, 52058, 67048, 66930, 99465, 58689, 92280, 85948, 72832, 77887, 1190, 48537, 35925, 23562, 84243, 76466, 26330, 37164, 17127, 11294, 28886, 83848, 42132, 82877, 23011, 18054, 6969, 95167, 40358, 14704, 93816, 50200, 99833, 66380, 67085, 31993, 1720, 80871, 72886, 22887, 71077, 42207, 70700, 69125, 65001, 92629, 52996, 90680, 68338, 4856, 15046, 81797, 28400, 37972, 1296, 51490, 75233, 94071, 1575, 80060, 21587, 475, 42979, 55321, 46182, 7685, 90465, 32141, 21917, 68579, 10170, 43896, 55445, 33815, 79988, 61854, 62335, 74721, 20989, 92710, 69846, 39059, 70832, 16211, 98681, 96322, 80003, 12726, 41870, 54298, 79240, 41470, 3017, 54856, 85183, 65293, 77852, 27266, 71334, 29203, 31617, 25767, 76416, 49855, 74714, 55906, 28073, 59954, 97802, 53074, 64008, 46914, 61102, 71405, 76195, 31687, 26936, 82985, 12287, 58094, 61662, 16302, 67952, 85130, 37967, 54000, 45492, 77405, 73237, 5363, 27776, 93169, 32257, 52508, 29277, 8198, 4294, 11276, 67836, 83142, 6398, 12619, 93362, 36259, 54970, 52869, 98666, 96150, 87663, 72999, 29713, 54671, 29388, 30349, 530, 26178, 54158, 88535, 69393, 12913, 78692, 74172, 98908, 95924, 76206, 24288, 73304, 87143, 93832, 94782, 84313, 14699, 14175, 62956, 56915, 60634, 78572, 19635, 59343, 47317, 43780, 97449, 168, 92640, 12124, 98014, 26228, 37876, 37183, 48363, 61880, 75017, 84758, 21524, 25810, 27636, 25592, 94310, 8452, 78824, 12613, 42658, 43855, 59419, 33545, 95209, 26994, 7779, 93396, 62364, 9566, 38296, 61528, 77377, 62392, 39814, 96912, 37422, 69868, 9409, 5501, 94248, 89919, 47253, 76954, 98173, 66436, 48931, 13114, 94524, 28938, 75479, 83446, 38876, 56663, 79575, 1424, 69087, 81164, 6495, 36347, 58936, 33319, 23476, 45562, 72751, 91674, 35616, 80591, 33835, 63532, 89236, 7489, 48406, 87320, 18840, 76014, 22884, 726, 65152, 42712, 52876, 45193, 70921, 88946, 24772, 11383, 98474, 94991, 25808, 88330, 95507, 76023, 75923, 38046, 78735, 44489, 56655, 34181, 437, 99377, 96073, 61660, 46262, 95550, 81889, 99988, 22976, 19788, 68190, 37700, 62619, 79047, 14290, 65894, 17172, 36689, 50121, 79969, 57242, 70404, 18256, 49351, 36623, 48952, 86121, 81023, 60795, 56850, 5992, 81956, 60967, 35479, 92737, 74781, 42111, 2337, 78597, 84844, 13627, 8805, 21482, 50475, 21253, 47938, 30949, 43371, 72671, 61962, 48912, 15766, 11, 71260, 74037, 19957, 5338, 16339, 10926, 79512, 31316, 53128, 76045, 72279, 54389, 94882, 5493, 61815, 58507, 6459, 21339, 90039, 37092, 83146, 64929, 69791, 87646, 6631, 86346, 34721, 86040, 43594, 26952, 56147, 38170, 19686, 30533, 36631, 7268, 57480, 99766, 76700, 63667, 36186, 27551, 91887, 37695, 21443, 3429, 61140, 92632, 30067, 94754, 69865, 61863, 35565, 52050, 23510, 19188, 60055, 13669, 41112, 12685, 315, 88846, 15028, 5795, 4326, 27373, 57228, 76883, 67624, 26122, 99348, 33654, 81191, 79707, 23631, 42808, 67663, 80013, 40588, 81689, 87692, 16163, 83223, 69915, 10054, 41829, 99205, 48790, 32752, 88382, 1859, 62414, 74248, 44362, 95837, 16506, 204, 56589, 29373, 41379, 63028, 63927, 75594, 94313, 81631, 7500, 12696, 43940, 85642, 26018, 94300, 21963, 76516, 41716, 61052, 13569, 67886, 24102, 60008, 30294, 5768, 78441, 5724, 9655, 36427, 51103, 16031, 43887, 23728, 95464, 67485, 75906, 9914, 46691, 10114, 3553, 18476, 91871, 15279, 31077, 54969, 87787, 43748, 86501, 35052, 6907, 33972, 88576, 17468, 10672, 9817, 11010, 9698, 42191, 96172, 87016, 99672, 45186, 36222, 36389, 68416, 55855, 78942, 24197, 14444, 50548, 88552, 99443, 11980, 7334, 53136, 26078, 40129, 71411, 52409, 11267, 12024, 32007, 72813, 67800, 48380, 16749, 56996, 82099, 96227, 77060, 2381, 61279, 97308, 75687, 18527, 2929, 37609, 53670, 30431, 63365]})",50,5,0.6479372374479474,0.47927222416776294,5,3,3,3,2,{1: 2},0,8,0,1,6
