Fitness,Depth,Nodes,Generations,time_since_the_start_of_the_evolution,seed,genotype_as_str
57.0,7,8,1,1.1075184345245361,10113,"Genotype(dna={""<class 'abc.NT_0017'>"": [0, 47996], ""<class 'abc.NT_0017_P_00000'>"": [], ""<class 'abc.NT_0015'>"": [59754, 18526], ""<class 'abc.NT_0015_P_00000'>"": [], ""<class 'abc.NT_0000'>"": [0, 2, 92890], ""<class 'abc.NT_0000_P_00000'>"": [], ""<class 'bool'>"": [54772, 62803, 62384, 61070, 2453, 85952], ""<class 'abc.NT_0000_P_00001'>"": [], ""<class 'int'>"": [24381, 23546, 80314], ""<class 'abc.NT_0000_P_00002'>"": [], ""<class 'abc.NT_0000_P_00003'>"": [], ""<class 'abc.NT_0015_P_00001'>"": [], ""<class 'abc.NT_0010'>"": [], ""<class 'abc.NT_0010_P_00000'>"": [], ""<class 'abc.NT_0007'>"": [], ""<class 'abc.NT_0007_P_00000'>"": [], ""<class 'abc.NT_0003'>"": [], ""<class 'abc.NT_0003_P_00000'>"": [], ""<class 'abc.NT_0002'>"": [0, 15377], ""<class 'abc.NT_0002_P_00000'>"": [], ""<class 'abc.NT_0002_P_00001'>"": [], ""<class 'abc.NT_0001'>"": [36834, 26822, 76951], ""<class 'abc.NT_0001_P_00000'>"": [], ""<class 'abc.NT_0001_P_00001'>"": [], ""<class 'abc.NT_0001_P_00002'>"": [], ""<class 'abc.NT_0001_P_00003'>"": [], ""<class 'abc.NT_0001_P_00004'>"": [], ""<class 'abc.NT_0002_P_00002'>"": [], ""<class 'abc.NT_0002_P_00003'>"": [], ""<class 'abc.NT_0003_P_00001'>"": [], ""<class 'abc.NT_0003_P_00002'>"": [], ""<class 'abc.NT_0003_P_00003'>"": [], ""<class 'abc.NT_0007_P_00001'>"": [], ""<class 'abc.NT_0004'>"": [85560, 13002, 79410, 60381, 21261], ""<class 'abc.NT_0004_P_00000'>"": [], ""<class 'abc.NT_0004_P_00001'>"": [], ""<class 'abc.NT_0010_P_00001'>"": [], ""<class 'abc.NT_0008'>"": [], ""<class 'abc.NT_0008_P_00000'>"": [], ""<class 'abc.NT_0010_P_00002'>"": [], ""<class 'abc.NT_0005'>"": [], ""<class 'abc.NT_0005_P_00000'>"": [], ""<class 'abc.NT_0005_P_00001'>"": [], ""<class 'abc.NT_0009'>"": [72027, 4275], ""<class 'abc.NT_0009_P_00000'>"": [], ""<class 'abc.NT_0009_P_00001'>"": [], ""<class 'abc.NT_0006'>"": [], ""<class 'abc.NT_0006_P_00000'>"": [], ""<class 'abc.NT_0009_P_00002'>"": [], ""<class 'abc.NT_0009_P_00003'>"": [], ""<class 'abc.NT_0015_P_00002'>"": [], ""<class 'abc.NT_0015_P_00003'>"": [], ""<class 'abc.NT_0014'>"": [], ""<class 'abc.NT_0014_P_00000'>"": [], ""<class 'abc.NT_0014_P_00001'>"": [], ""<class 'abc.NT_0015_P_00004'>"": [], ""<class 'abc.NT_0017_P_00001'>"": [], ""<class 'abc.NT_0016'>"": [], ""<class 'abc.NT_0016_P_00000'>"": [], ""<class 'abc.NT_0016_P_00001'>"": [], ""<class 'abc.NT_0016_P_00002'>"": [], ""<class 'abc.NT_0017_P_00002'>"": [], '$leftovers': [98894, 44292, 83338, 72810, 24459, 48197, 60404, 57587, 20000, 54340, 26317, 6481, 50799, 53366, 57672, 15437, 41470, 43194, 76280, 53058, 16632, 24951, 11647, 20336, 85920, 79178, 86726, 29687, 35122, 19936, 77951, 52918, 77202, 86811, 49977, 33989, 62146, 44283, 86282, 53235, 34529, 93786, 26995, 59308, 96804, 32075, 89268, 17705, 44065, 20964, 70557, 41228, 50394, 73244, 80589, 89878, 70093, 13531, 33497, 2118, 78177, 32452, 6202, 17781, 36111, 70983, 16310, 50605, 68444, 59396, 2989, 86690, 65815, 89541, 4173, 66353, 83209, 87572, 36004, 564, 32908, 7913, 59000, 95465, 92810, 87181, 4723, 71261, 90499, 32785, 42988, 8818, 96196, 25382, 42871, 28094, 74450, 1798, 9925, 29165, 11964, 72226, 30190, 2543, 47952, 6757, 23982, 21833, 84542, 51070, 20362, 47872, 63420, 54664, 2566, 11695, 6523, 29859, 6201, 70774, 77659, 84464, 78867, 27667, 69385, 65140, 36605, 7012, 1250, 28942, 20757, 68110, 13812, 73414, 97476, 48447, 65592, 47550, 63325, 56635, 41252, 76420, 8978, 72071, 1937, 52721, 11586, 95378, 12603, 22711, 7770, 30975, 43951, 55031, 2794, 31555, 40143, 45735, 26934, 973, 11552, 95654, 8346, 61470, 70413, 10371, 43200, 65213, 34376, 43681, 71623, 66363, 61726, 96882, 59629, 26130, 46919, 32533, 16075, 75983, 81859, 16243, 8366, 15261, 18908, 62350, 61492, 83170, 50893, 81836, 3003, 93817, 66605, 40524, 65446, 28020, 1863, 725, 71665, 25810, 44842, 73472, 41194, 64753, 52869, 28406, 39260, 71021, 44544, 65259, 40879, 61260, 45447, 45201, 3321, 71834, 91841, 85944, 94448, 53777, 52512, 8549, 49201, 19980, 24764, 94536, 5157, 97859, 66443, 89316, 95801, 13183, 85710, 46447, 35334, 77529, 59421, 81195, 9851, 45065, 1228, 86952, 32820, 60942, 12527, 2701, 43832, 81092, 19751, 59457, 23812, 97339, 11061, 65182, 36676, 27888, 43573, 78010, 73786, 42822, 94936, 73010, 77609, 10163, 63290, 27012, 14424, 18531, 84803, 64958, 43258, 85321, 82524, 12515, 71837, 58848, 55036, 90390, 48542, 50684, 67693, 63530, 31868, 23633, 21579, 6184, 53131, 21002, 64832, 92053, 7184, 69006, 35823, 8901, 37893, 51534, 12913, 22446, 26285, 70255, 27641, 21932, 83656, 66575, 48694, 39512, 17613, 54185, 98358, 36273, 43014, 10733, 45136, 56634, 51849, 94288, 26786, 42387, 35475, 24444, 8118, 49485, 81714, 83778, 89561, 8738, 52024, 58874, 72716, 42311, 25454, 87595, 81934, 17964, 61433, 19494, 83691, 27415, 37037, 93113, 43616, 52964, 48333, 56234, 18241, 27411, 16419, 52538, 26653, 9839, 74465, 52527, 80201, 79630, 1840, 83276, 82109, 32792, 12949, 92039, 43765, 36272, 54630, 58463, 7943, 38328, 97833, 45183, 91200, 15929, 47964, 40561, 81809, 14276, 39018, 78090, 20469, 86063, 44225, 33166, 87717, 85524, 97465, 83919, 30571, 47291, 11687, 54825, 46134, 8685, 78917, 38709, 83964, 2221, 51487, 86847, 14005, 89651, 45410, 32614, 24838, 40258, 99135, 55054, 4969, 96553, 24382, 92307, 81538, 18598, 31340, 57241, 99094, 6002, 7419, 86820, 42779, 11869, 72254, 27411, 31840, 79401, 73664, 91511, 29301, 88737, 56727, 37464, 71958, 69508, 25388, 4807, 91309, 55535, 78168, 94902, 31655, 46027, 94454, 40509, 42451, 1052, 68891, 6541, 61185, 60171, 90386, 32613, 13324, 92786, 63265, 21684, 48267, 73039, 43664, 60352, 52907, 44675, 95496, 2418, 7997, 69656, 52682, 3534, 62641, 94861, 67850, 67794, 22721, 46227, 31666, 8747, 35366, 39868, 7244, 91381, 38982, 77500, 57926, 64111, 61778, 4991, 50703, 56802, 29847, 58359, 95807, 95068, 83415, 81616, 76533, 71507, 98373, 2134, 16453, 78850, 30462, 46604, 89830, 21706, 86295, 8595, 79105, 19655, 43131, 3478, 75436, 73052, 71062, 31739, 45697, 16052, 87826, 33911, 8138, 66268, 4656, 40763, 97630, 99868, 91639, 2772, 58917, 49516, 46748, 20804, 59466, 99872, 25910, 53332, 38030, 78030, 73087, 32427, 25656, 22734, 86384, 91610, 214, 58585, 43431, 32734, 17757, 39750, 16177, 71705, 51831, 42392, 85543, 6696, 8045, 46570, 30940, 78199, 29592, 24154, 78765, 84514, 86057, 90538, 96392, 38901, 72898, 62612, 33489, 59571, 82991, 44920, 37691, 1121, 94492, 51499, 82069, 28888, 14310, 88903, 84118, 10546, 30703, 78344, 91528, 40853, 4171, 4336, 52942, 23065, 9391, 86682, 8024, 19625, 91371, 66707, 17488, 10058, 52363, 62581, 72253, 66959, 9752, 13742, 86275, 76334, 53755, 50348, 61297, 71442, 60130, 43371, 96139, 17674, 23526, 15019, 82578, 51684, 64820, 51041, 4364, 44980, 70927, 4192, 97078, 91706, 68350, 77970, 42423, 59117, 98713, 81658, 5742, 16489, 29002, 42948, 22071, 91882, 87587, 87335, 92995, 94276, 73117, 79084, 6387, 11821, 92270, 39525, 34375, 79523, 78948, 53831, 62075, 20954, 96006, 36604, 39077, 58604, 29341, 89780, 20577, 57898, 43874, 87854, 39253, 63110, 39371, 19091, 10078, 61402, 86956, 2706, 6459, 53395, 56986, 73952, 14732, 36024, 78732, 78176, 77392, 90109, 7387, 46633, 28051, 78533, 47690, 10143, 69800, 44745, 15386, 78043, 85757, 67383, 85811, 74336, 6202, 10109, 54780, 811, 76576, 77040, 49169, 96682, 92835, 45041, 1842, 65528, 34016, 83474, 14013, 27202, 66335, 44499, 370, 21730, 52896, 71182, 85991, 39160, 40902, 55926, 35512, 75736, 13601, 92189, 77065, 84092, 98012, 48127, 11588, 90917, 67209, 11527, 94121, 43713, 79943, 21649, 81567, 58642, 44906, 74680, 40034, 91400, 63001, 5213, 55104, 32747, 93307, 38861, 27986, 4842, 71222, 96204, 50490, 41376, 83189, 378, 48774, 92287, 2703, 84308, 62388, 24134, 92282, 90947, 61816, 96517, 93801, 12248, 42612, 36596, 34402, 48549, 64887, 18886, 20656, 39553, 90994, 50931, 61171, 97927, 2047, 85741, 60257, 56686, 62824, 95036, 97774, 26512, 32213, 24226, 39119, 9190, 40253, 35323, 71271, 90577, 44, 70979, 92296, 59388, 78444, 59936, 61842, 18317, 14104, 74209, 24390, 30917, 86127, 98120, 80417, 53683, 4088, 22491, 83407, 32889, 33182, 90125, 68253, 63599, 54457, 91265, 92333, 23178, 96129, 44767, 46114, 84454, 73652, 77970, 9354, 12847, 74690, 31643, 71792, 72701, 44459, 13482, 2404, 79190, 44599, 39581, 83762, 38122, 78181, 85472, 89495, 96088, 45750, 12132, 86111, 9109, 84610, 44138, 65151, 75159, 7903, 24327, 23796, 27486, 76491, 91005, 62756, 8359, 39827, 37498, 88884, 69064, 88341, 83620, 5172, 25162, 12655, 35222, 43042, 31508, 95614, 11871, 72016, 12050, 46298, 82757, 50191, 22398, 65305, 63983, 69826, 58709, 70825, 19588, 82568, 42327, 11142, 71395, 10520, 43850, 12080, 34833, 59211, 82355, 44790, 14277, 94119, 99751, 55723, 66045, 65818, 52492, 28845, 77469, 6552, 85250, 81990, 20182, 31757, 24256, 8564, 51246, 18916, 38412, 36848, 69380, 96252, 20867, 86440, 12168, 57866, 16845, 44507, 27280, 78684, 72618, 39882, 21960, 75878, 24632, 3639, 77549, 1172, 17919, 43076, 60918, 7295, 36117, 78965, 29935, 36303, 38772, 34652, 92292, 20532, 49163, 23139, 14852, 2419, 94945, 10473, 58389, 87817, 18164, 62277, 68791, 13348, 73330, 36876, 65334, 21264, 45823, 48913, 66448, 45681, 76227, 3298, 19245, 15292, 74225, 2081, 12669, 14545, 37361, 93452, 1880, 79845, 47996, 3938, 92890, 66904, 15377, 35288, 80314, 59754, 72027, 85560, 13002, 79410, 60381, 36834, 26822, 18526, 4275, 21261, 76951]})"
55.0,8,8,2,1.5091931819915771,10113,"Genotype(dna={""<class 'abc.NT_0017'>"": [0, 91624], ""<class 'abc.NT_0017_P_00000'>"": [], ""<class 'abc.NT_0015'>"": [59754, 18526], ""<class 'abc.NT_0015_P_00000'>"": [], ""<class 'abc.NT_0000'>"": [3, 0, 68658, 75248], ""<class 'abc.NT_0000_P_00000'>"": [], ""<class 'bool'>"": [86460, 41233, 75986, 25993, 82631, 61562, 27230, 83215], ""<class 'abc.NT_0000_P_00001'>"": [], ""<class 'int'>"": [24381, 89850, 80314], ""<class 'abc.NT_0000_P_00002'>"": [], ""<class 'abc.NT_0000_P_00003'>"": [], ""<class 'abc.NT_0015_P_00001'>"": [], ""<class 'abc.NT_0010'>"": [], ""<class 'abc.NT_0010_P_00000'>"": [], ""<class 'abc.NT_0007'>"": [], ""<class 'abc.NT_0007_P_00000'>"": [], ""<class 'abc.NT_0003'>"": [], ""<class 'abc.NT_0003_P_00000'>"": [], ""<class 'abc.NT_0002'>"": [0, 15377], ""<class 'abc.NT_0002_P_00000'>"": [], ""<class 'abc.NT_0002_P_00001'>"": [], ""<class 'abc.NT_0001'>"": [4, 2, 2, 1, 95789], ""<class 'abc.NT_0001_P_00000'>"": [], ""<class 'abc.NT_0001_P_00001'>"": [], ""<class 'abc.NT_0001_P_00002'>"": [], ""<class 'abc.NT_0001_P_00003'>"": [], ""<class 'abc.NT_0001_P_00004'>"": [], ""<class 'abc.NT_0002_P_00002'>"": [], ""<class 'abc.NT_0002_P_00003'>"": [], ""<class 'abc.NT_0003_P_00001'>"": [], ""<class 'abc.NT_0003_P_00002'>"": [], ""<class 'abc.NT_0003_P_00003'>"": [], ""<class 'abc.NT_0007_P_00001'>"": [], ""<class 'abc.NT_0004'>"": [98894, 44292, 83338, 72810, 24459, 48197], ""<class 'abc.NT_0004_P_00000'>"": [], ""<class 'abc.NT_0004_P_00001'>"": [], ""<class 'abc.NT_0010_P_00001'>"": [], ""<class 'abc.NT_0008'>"": [], ""<class 'abc.NT_0008_P_00000'>"": [], ""<class 'abc.NT_0010_P_00002'>"": [], ""<class 'abc.NT_0005'>"": [], ""<class 'abc.NT_0005_P_00000'>"": [], ""<class 'abc.NT_0005_P_00001'>"": [], ""<class 'abc.NT_0009'>"": [72027, 4275], ""<class 'abc.NT_0009_P_00000'>"": [], ""<class 'abc.NT_0009_P_00001'>"": [], ""<class 'abc.NT_0006'>"": [], ""<class 'abc.NT_0006_P_00000'>"": [], ""<class 'abc.NT_0009_P_00002'>"": [], ""<class 'abc.NT_0009_P_00003'>"": [], ""<class 'abc.NT_0015_P_00002'>"": [], ""<class 'abc.NT_0015_P_00003'>"": [], ""<class 'abc.NT_0014'>"": [], ""<class 'abc.NT_0014_P_00000'>"": [], ""<class 'abc.NT_0014_P_00001'>"": [], ""<class 'abc.NT_0015_P_00004'>"": [], ""<class 'abc.NT_0017_P_00001'>"": [], ""<class 'abc.NT_0016'>"": [], ""<class 'abc.NT_0016_P_00000'>"": [], ""<class 'abc.NT_0016_P_00001'>"": [], ""<class 'abc.NT_0016_P_00002'>"": [], ""<class 'abc.NT_0017_P_00002'>"": [], '$leftovers': [60404, 57587, 20000, 54340, 26317, 6481, 50799, 53366, 57672, 15437, 41470, 43194, 76280, 53058, 16632, 24951, 11647, 20336, 85920, 79178, 86726, 29687, 35122, 19936, 77951, 52918, 77202, 86811, 49977, 33989, 62146, 44283, 86282, 53235, 34529, 93786, 26995, 59308, 96804, 32075, 89268, 17705, 44065, 20964, 70557, 41228, 50394, 73244, 80589, 89878, 70093, 13531, 33497, 2118, 78177, 32452, 6202, 17781, 36111, 70983, 16310, 50605, 68444, 59396, 2989, 86690, 65815, 89541, 4173, 66353, 83209, 87572, 36004, 564, 32908, 7913, 59000, 95465, 92810, 87181, 4723, 71261, 90499, 32785, 42988, 8818, 96196, 25382, 42871, 28094, 74450, 1798, 9925, 29165, 11964, 72226, 30190, 2543, 47952, 6757, 23982, 21833, 84542, 51070, 20362, 47872, 63420, 54664, 2566, 11695, 6523, 29859, 6201, 70774, 77659, 84464, 78867, 27667, 69385, 65140, 36605, 7012, 1250, 28942, 20757, 68110, 13812, 73414, 97476, 48447, 65592, 47550, 63325, 56635, 41252, 76420, 8978, 72071, 1937, 52721, 11586, 95378, 12603, 22711, 7770, 30975, 43951, 55031, 2794, 31555, 40143, 45735, 26934, 973, 11552, 95654, 8346, 61470, 70413, 10371, 43200, 65213, 34376, 43681, 71623, 66363, 61726, 96882, 59629, 26130, 46919, 32533, 16075, 75983, 81859, 16243, 8366, 15261, 18908, 62350, 61492, 83170, 50893, 81836, 3003, 93817, 66605, 40524, 65446, 28020, 1863, 725, 71665, 25810, 44842, 73472, 41194, 64753, 52869, 28406, 39260, 71021, 44544, 65259, 40879, 61260, 45447, 45201, 3321, 71834, 91841, 85944, 94448, 53777, 52512, 8549, 49201, 19980, 24764, 94536, 5157, 97859, 66443, 89316, 95801, 13183, 85710, 46447, 35334, 77529, 59421, 81195, 9851, 45065, 1228, 86952, 32820, 60942, 12527, 2701, 43832, 81092, 19751, 59457, 23812, 97339, 11061, 65182, 36676, 27888, 43573, 78010, 73786, 42822, 94936, 73010, 77609, 10163, 63290, 27012, 14424, 18531, 84803, 64958, 43258, 85321, 82524, 12515, 71837, 58848, 55036, 90390, 48542, 50684, 67693, 63530, 31868, 23633, 21579, 6184, 53131, 21002, 64832, 92053, 7184, 69006, 35823, 8901, 37893, 51534, 12913, 22446, 26285, 70255, 27641, 21932, 83656, 66575, 48694, 39512, 17613, 54185, 98358, 36273, 43014, 10733, 45136, 56634, 51849, 94288, 26786, 42387, 35475, 24444, 8118, 49485, 81714, 83778, 89561, 8738, 52024, 58874, 72716, 42311, 25454, 87595, 81934, 17964, 61433, 19494, 83691, 27415, 37037, 93113, 43616, 52964, 48333, 56234, 18241, 27411, 16419, 52538, 26653, 9839, 74465, 52527, 80201, 79630, 1840, 83276, 82109, 32792, 12949, 92039, 43765, 36272, 54630, 58463, 7943, 38328, 97833, 45183, 91200, 15929, 47964, 40561, 81809, 14276, 39018, 78090, 20469, 86063, 44225, 33166, 87717, 85524, 97465, 83919, 30571, 47291, 11687, 54825, 46134, 8685, 78917, 38709, 83964, 2221, 51487, 86847, 14005, 89651, 45410, 32614, 24838, 40258, 99135, 55054, 4969, 96553, 24382, 92307, 81538, 18598, 31340, 57241, 99094, 6002, 7419, 86820, 42779, 11869, 72254, 27411, 31840, 79401, 73664, 91511, 29301, 88737, 56727, 37464, 71958, 69508, 25388, 4807, 91309, 55535, 78168, 94902, 31655, 46027, 94454, 40509, 42451, 1052, 68891, 6541, 61185, 60171, 90386, 32613, 13324, 92786, 63265, 21684, 48267, 73039, 43664, 60352, 52907, 44675, 95496, 2418, 7997, 69656, 52682, 3534, 62641, 94861, 67850, 67794, 22721, 46227, 31666, 8747, 35366, 39868, 7244, 91381, 38982, 77500, 57926, 64111, 61778, 4991, 50703, 56802, 29847, 58359, 95807, 95068, 83415, 81616, 76533, 71507, 98373, 2134, 16453, 78850, 30462, 46604, 89830, 21706, 86295, 8595, 79105, 19655, 43131, 3478, 75436, 73052, 71062, 31739, 45697, 16052, 87826, 33911, 8138, 66268, 4656, 40763, 97630, 99868, 91639, 2772, 58917, 49516, 46748, 20804, 59466, 99872, 25910, 53332, 38030, 78030, 73087, 32427, 25656, 22734, 86384, 91610, 214, 58585, 43431, 32734, 17757, 39750, 16177, 71705, 51831, 42392, 85543, 6696, 8045, 46570, 30940, 78199, 29592, 24154, 78765, 84514, 86057, 90538, 96392, 38901, 72898, 62612, 33489, 59571, 82991, 44920, 37691, 1121, 94492, 51499, 82069, 28888, 14310, 88903, 84118, 10546, 30703, 78344, 91528, 40853, 4171, 4336, 52942, 23065, 9391, 86682, 8024, 19625, 91371, 66707, 17488, 10058, 52363, 62581, 72253, 66959, 9752, 13742, 86275, 76334, 53755, 50348, 61297, 71442, 60130, 43371, 96139, 17674, 23526, 15019, 82578, 51684, 64820, 51041, 4364, 44980, 70927, 4192, 97078, 91706, 68350, 77970, 42423, 59117, 98713, 81658, 5742, 16489, 29002, 42948, 22071, 91882, 87587, 87335, 92995, 94276, 73117, 79084, 6387, 11821, 92270, 39525, 34375, 79523, 78948, 53831, 62075, 20954, 96006, 36604, 39077, 58604, 29341, 89780, 20577, 57898, 43874, 87854, 39253, 63110, 39371, 19091, 10078, 61402, 86956, 2706, 6459, 53395, 56986, 73952, 14732, 36024, 78732, 78176, 77392, 90109, 7387, 46633, 28051, 78533, 47690, 10143, 69800, 44745, 15386, 78043, 85757, 67383, 85811, 74336, 6202, 10109, 54780, 811, 76576, 77040, 49169, 96682, 92835, 45041, 1842, 65528, 34016, 83474, 14013, 27202, 66335, 44499, 370, 21730, 52896, 71182, 85991, 39160, 40902, 55926, 35512, 75736, 13601, 92189, 77065, 84092, 98012, 48127, 11588, 90917, 67209, 11527, 94121, 43713, 79943, 21649, 81567, 58642, 44906, 74680, 40034, 91400, 63001, 5213, 55104, 32747, 93307, 38861, 27986, 4842, 71222, 96204, 50490, 41376, 83189, 378, 48774, 92287, 2703, 84308, 62388, 24134, 92282, 90947, 61816, 96517, 93801, 12248, 42612, 36596, 34402, 48549, 64887, 18886, 20656, 39553, 90994, 50931, 61171, 97927, 2047, 85741, 60257, 56686, 62824, 95036, 97774, 26512, 32213, 24226, 39119, 9190, 40253, 35323, 71271, 90577, 44, 70979, 92296, 59388, 78444, 59936, 61842, 18317, 14104, 74209, 24390, 30917, 86127, 98120, 80417, 53683, 4088, 22491, 83407, 32889, 33182, 90125, 68253, 63599, 54457, 91265, 92333, 23178, 96129, 44767, 46114, 84454, 73652, 77970, 9354, 12847, 74690, 31643, 71792, 72701, 44459, 13482, 2404, 79190, 44599, 39581, 83762, 38122, 78181, 85472, 89495, 96088, 45750, 12132, 86111, 9109, 84610, 44138, 65151, 75159, 7903, 24327, 23796, 27486, 76491, 91005, 62756, 8359, 39827, 37498, 88884, 69064, 88341, 83620, 5172, 25162, 12655, 35222, 43042, 31508, 95614, 11871, 72016, 12050, 46298, 82757, 50191, 22398, 65305, 63983, 69826, 58709, 70825, 19588, 82568, 42327, 11142, 71395, 10520, 43850, 12080, 34833, 59211, 82355, 44790, 14277, 94119, 99751, 55723, 66045, 65818, 52492, 28845, 77469, 6552, 85250, 81990, 20182, 31757, 24256, 8564, 51246, 18916, 38412, 36848, 69380, 96252, 20867, 86440, 12168, 57866, 16845, 44507, 27280, 78684, 72618, 39882, 21960, 75878, 24632, 3639, 77549, 1172, 17919, 43076, 60918, 7295, 36117, 78965, 29935, 36303, 38772, 34652, 92292, 20532, 49163, 23139, 14852, 2419, 94945, 10473, 58389, 87817, 18164, 62277, 68791, 13348, 73330, 36876, 65334, 21264, 45823, 48913, 66448, 45681, 76227, 3298, 19245, 15292, 74225, 2081, 12669, 14545, 37361, 93452, 1880, 79845, 47996, 3938, 92890, 66904, 15377, 35288, 80314, 59754, 72027, 85560, 13002, 79410, 60381, 36834, 26822, 18526, 4275, 21261, 76951, 98894, 44292, 83338, 72810, 24459, 48197]})"
55.0,8,8,3,1.7907764911651611,10113,"Genotype(dna={""<class 'abc.NT_0017'>"": [0, 91624], ""<class 'abc.NT_0017_P_00000'>"": [], ""<class 'abc.NT_0015'>"": [59754, 18526], ""<class 'abc.NT_0015_P_00000'>"": [], ""<class 'abc.NT_0000'>"": [3, 0, 68658, 75248], ""<class 'abc.NT_0000_P_00000'>"": [], ""<class 'bool'>"": [86460, 41233, 75986, 25993, 82631, 61562, 27230, 83215], ""<class 'abc.NT_0000_P_00001'>"": [], ""<class 'int'>"": [24381, 89850, 80314], ""<class 'abc.NT_0000_P_00002'>"": [], ""<class 'abc.NT_0000_P_00003'>"": [], ""<class 'abc.NT_0015_P_00001'>"": [], ""<class 'abc.NT_0010'>"": [], ""<class 'abc.NT_0010_P_00000'>"": [], ""<class 'abc.NT_0007'>"": [], ""<class 'abc.NT_0007_P_00000'>"": [], ""<class 'abc.NT_0003'>"": [], ""<class 'abc.NT_0003_P_00000'>"": [], ""<class 'abc.NT_0002'>"": [0, 15377], ""<class 'abc.NT_0002_P_00000'>"": [], ""<class 'abc.NT_0002_P_00001'>"": [], ""<class 'abc.NT_0001'>"": [4, 2, 2, 1, 95789], ""<class 'abc.NT_0001_P_00000'>"": [], ""<class 'abc.NT_0001_P_00001'>"": [], ""<class 'abc.NT_0001_P_00002'>"": [], ""<class 'abc.NT_0001_P_00003'>"": [], ""<class 'abc.NT_0001_P_00004'>"": [], ""<class 'abc.NT_0002_P_00002'>"": [], ""<class 'abc.NT_0002_P_00003'>"": [], ""<class 'abc.NT_0003_P_00001'>"": [], ""<class 'abc.NT_0003_P_00002'>"": [], ""<class 'abc.NT_0003_P_00003'>"": [], ""<class 'abc.NT_0007_P_00001'>"": [], ""<class 'abc.NT_0004'>"": [98894, 44292, 83338, 72810, 24459, 48197], ""<class 'abc.NT_0004_P_00000'>"": [], ""<class 'abc.NT_0004_P_00001'>"": [], ""<class 'abc.NT_0010_P_00001'>"": [], ""<class 'abc.NT_0008'>"": [], ""<class 'abc.NT_0008_P_00000'>"": [], ""<class 'abc.NT_0010_P_00002'>"": [], ""<class 'abc.NT_0005'>"": [], ""<class 'abc.NT_0005_P_00000'>"": [], ""<class 'abc.NT_0005_P_00001'>"": [], ""<class 'abc.NT_0009'>"": [72027, 4275], ""<class 'abc.NT_0009_P_00000'>"": [], ""<class 'abc.NT_0009_P_00001'>"": [], ""<class 'abc.NT_0006'>"": [], ""<class 'abc.NT_0006_P_00000'>"": [], ""<class 'abc.NT_0009_P_00002'>"": [], ""<class 'abc.NT_0009_P_00003'>"": [], ""<class 'abc.NT_0015_P_00002'>"": [], ""<class 'abc.NT_0015_P_00003'>"": [], ""<class 'abc.NT_0014'>"": [], ""<class 'abc.NT_0014_P_00000'>"": [], ""<class 'abc.NT_0014_P_00001'>"": [], ""<class 'abc.NT_0015_P_00004'>"": [], ""<class 'abc.NT_0017_P_00001'>"": [], ""<class 'abc.NT_0016'>"": [], ""<class 'abc.NT_0016_P_00000'>"": [], ""<class 'abc.NT_0016_P_00001'>"": [], ""<class 'abc.NT_0016_P_00002'>"": [], ""<class 'abc.NT_0017_P_00002'>"": [], '$leftovers': [60404, 57587, 20000, 54340, 26317, 6481, 50799, 53366, 57672, 15437, 41470, 43194, 76280, 53058, 16632, 24951, 11647, 20336, 85920, 79178, 86726, 29687, 35122, 19936, 77951, 52918, 77202, 86811, 49977, 33989, 62146, 44283, 86282, 53235, 34529, 93786, 26995, 59308, 96804, 32075, 89268, 17705, 44065, 20964, 70557, 41228, 50394, 73244, 80589, 89878, 70093, 13531, 33497, 2118, 78177, 32452, 6202, 17781, 36111, 70983, 16310, 50605, 68444, 59396, 2989, 86690, 65815, 89541, 4173, 66353, 83209, 87572, 36004, 564, 32908, 7913, 59000, 95465, 92810, 87181, 4723, 71261, 90499, 32785, 42988, 8818, 96196, 25382, 42871, 28094, 74450, 1798, 9925, 29165, 11964, 72226, 30190, 2543, 47952, 6757, 23982, 21833, 84542, 51070, 20362, 47872, 63420, 54664, 2566, 11695, 6523, 29859, 6201, 70774, 77659, 84464, 78867, 27667, 69385, 65140, 36605, 7012, 1250, 28942, 20757, 68110, 13812, 73414, 97476, 48447, 65592, 47550, 63325, 56635, 41252, 76420, 8978, 72071, 1937, 52721, 11586, 95378, 12603, 22711, 7770, 30975, 43951, 55031, 2794, 31555, 40143, 45735, 26934, 973, 11552, 95654, 8346, 61470, 70413, 10371, 43200, 65213, 34376, 43681, 71623, 66363, 61726, 96882, 59629, 26130, 46919, 32533, 16075, 75983, 81859, 16243, 8366, 15261, 18908, 62350, 61492, 83170, 50893, 81836, 3003, 93817, 66605, 40524, 65446, 28020, 1863, 725, 71665, 25810, 44842, 73472, 41194, 64753, 52869, 28406, 39260, 71021, 44544, 65259, 40879, 61260, 45447, 45201, 3321, 71834, 91841, 85944, 94448, 53777, 52512, 8549, 49201, 19980, 24764, 94536, 5157, 97859, 66443, 89316, 95801, 13183, 85710, 46447, 35334, 77529, 59421, 81195, 9851, 45065, 1228, 86952, 32820, 60942, 12527, 2701, 43832, 81092, 19751, 59457, 23812, 97339, 11061, 65182, 36676, 27888, 43573, 78010, 73786, 42822, 94936, 73010, 77609, 10163, 63290, 27012, 14424, 18531, 84803, 64958, 43258, 85321, 82524, 12515, 71837, 58848, 55036, 90390, 48542, 50684, 67693, 63530, 31868, 23633, 21579, 6184, 53131, 21002, 64832, 92053, 7184, 69006, 35823, 8901, 37893, 51534, 12913, 22446, 26285, 70255, 27641, 21932, 83656, 66575, 48694, 39512, 17613, 54185, 98358, 36273, 43014, 10733, 45136, 56634, 51849, 94288, 26786, 42387, 35475, 24444, 8118, 49485, 81714, 83778, 89561, 8738, 52024, 58874, 72716, 42311, 25454, 87595, 81934, 17964, 61433, 19494, 83691, 27415, 37037, 93113, 43616, 52964, 48333, 56234, 18241, 27411, 16419, 52538, 26653, 9839, 74465, 52527, 80201, 79630, 1840, 83276, 82109, 32792, 12949, 92039, 43765, 36272, 54630, 58463, 7943, 38328, 97833, 45183, 91200, 15929, 47964, 40561, 81809, 14276, 39018, 78090, 20469, 86063, 44225, 33166, 87717, 85524, 97465, 83919, 30571, 47291, 11687, 54825, 46134, 8685, 78917, 38709, 83964, 2221, 51487, 86847, 14005, 89651, 45410, 32614, 24838, 40258, 99135, 55054, 4969, 96553, 24382, 92307, 81538, 18598, 31340, 57241, 99094, 6002, 7419, 86820, 42779, 11869, 72254, 27411, 31840, 79401, 73664, 91511, 29301, 88737, 56727, 37464, 71958, 69508, 25388, 4807, 91309, 55535, 78168, 94902, 31655, 46027, 94454, 40509, 42451, 1052, 68891, 6541, 61185, 60171, 90386, 32613, 13324, 92786, 63265, 21684, 48267, 73039, 43664, 60352, 52907, 44675, 95496, 2418, 7997, 69656, 52682, 3534, 62641, 94861, 67850, 67794, 22721, 46227, 31666, 8747, 35366, 39868, 7244, 91381, 38982, 77500, 57926, 64111, 61778, 4991, 50703, 56802, 29847, 58359, 95807, 95068, 83415, 81616, 76533, 71507, 98373, 2134, 16453, 78850, 30462, 46604, 89830, 21706, 86295, 8595, 79105, 19655, 43131, 3478, 75436, 73052, 71062, 31739, 45697, 16052, 87826, 33911, 8138, 66268, 4656, 40763, 97630, 99868, 91639, 2772, 58917, 49516, 46748, 20804, 59466, 99872, 25910, 53332, 38030, 78030, 73087, 32427, 25656, 22734, 86384, 91610, 214, 58585, 43431, 32734, 17757, 39750, 16177, 71705, 51831, 42392, 85543, 6696, 8045, 46570, 30940, 78199, 29592, 24154, 78765, 84514, 86057, 90538, 96392, 38901, 72898, 62612, 33489, 59571, 82991, 44920, 37691, 1121, 94492, 51499, 82069, 28888, 14310, 88903, 84118, 10546, 30703, 78344, 91528, 40853, 4171, 4336, 52942, 23065, 9391, 86682, 8024, 19625, 91371, 66707, 17488, 10058, 52363, 62581, 72253, 66959, 9752, 13742, 86275, 76334, 53755, 50348, 61297, 71442, 60130, 43371, 96139, 17674, 23526, 15019, 82578, 51684, 64820, 51041, 4364, 44980, 70927, 4192, 97078, 91706, 68350, 77970, 42423, 59117, 98713, 81658, 5742, 16489, 29002, 42948, 22071, 91882, 87587, 87335, 92995, 94276, 73117, 79084, 6387, 11821, 92270, 39525, 34375, 79523, 78948, 53831, 62075, 20954, 96006, 36604, 39077, 58604, 29341, 89780, 20577, 57898, 43874, 87854, 39253, 63110, 39371, 19091, 10078, 61402, 86956, 2706, 6459, 53395, 56986, 73952, 14732, 36024, 78732, 78176, 77392, 90109, 7387, 46633, 28051, 78533, 47690, 10143, 69800, 44745, 15386, 78043, 85757, 67383, 85811, 74336, 6202, 10109, 54780, 811, 76576, 77040, 49169, 96682, 92835, 45041, 1842, 65528, 34016, 83474, 14013, 27202, 66335, 44499, 370, 21730, 52896, 71182, 85991, 39160, 40902, 55926, 35512, 75736, 13601, 92189, 77065, 84092, 98012, 48127, 11588, 90917, 67209, 11527, 94121, 43713, 79943, 21649, 81567, 58642, 44906, 74680, 40034, 91400, 63001, 5213, 55104, 32747, 93307, 38861, 27986, 4842, 71222, 96204, 50490, 41376, 83189, 378, 48774, 92287, 2703, 84308, 62388, 24134, 92282, 90947, 61816, 96517, 93801, 12248, 42612, 36596, 34402, 48549, 64887, 18886, 20656, 39553, 90994, 50931, 61171, 97927, 2047, 85741, 60257, 56686, 62824, 95036, 97774, 26512, 32213, 24226, 39119, 9190, 40253, 35323, 71271, 90577, 44, 70979, 92296, 59388, 78444, 59936, 61842, 18317, 14104, 74209, 24390, 30917, 86127, 98120, 80417, 53683, 4088, 22491, 83407, 32889, 33182, 90125, 68253, 63599, 54457, 91265, 92333, 23178, 96129, 44767, 46114, 84454, 73652, 77970, 9354, 12847, 74690, 31643, 71792, 72701, 44459, 13482, 2404, 79190, 44599, 39581, 83762, 38122, 78181, 85472, 89495, 96088, 45750, 12132, 86111, 9109, 84610, 44138, 65151, 75159, 7903, 24327, 23796, 27486, 76491, 91005, 62756, 8359, 39827, 37498, 88884, 69064, 88341, 83620, 5172, 25162, 12655, 35222, 43042, 31508, 95614, 11871, 72016, 12050, 46298, 82757, 50191, 22398, 65305, 63983, 69826, 58709, 70825, 19588, 82568, 42327, 11142, 71395, 10520, 43850, 12080, 34833, 59211, 82355, 44790, 14277, 94119, 99751, 55723, 66045, 65818, 52492, 28845, 77469, 6552, 85250, 81990, 20182, 31757, 24256, 8564, 51246, 18916, 38412, 36848, 69380, 96252, 20867, 86440, 12168, 57866, 16845, 44507, 27280, 78684, 72618, 39882, 21960, 75878, 24632, 3639, 77549, 1172, 17919, 43076, 60918, 7295, 36117, 78965, 29935, 36303, 38772, 34652, 92292, 20532, 49163, 23139, 14852, 2419, 94945, 10473, 58389, 87817, 18164, 62277, 68791, 13348, 73330, 36876, 65334, 21264, 45823, 48913, 66448, 45681, 76227, 3298, 19245, 15292, 74225, 2081, 12669, 14545, 37361, 93452, 1880, 79845, 47996, 3938, 92890, 66904, 15377, 35288, 80314, 59754, 72027, 85560, 13002, 79410, 60381, 36834, 26822, 18526, 4275, 21261, 76951, 98894, 44292, 83338, 72810, 24459, 48197]})"
55.0,8,8,4,2.154075860977173,10113,"Genotype(dna={""<class 'abc.NT_0017'>"": [0, 91624], ""<class 'abc.NT_0017_P_00000'>"": [], ""<class 'abc.NT_0015'>"": [59754, 18526], ""<class 'abc.NT_0015_P_00000'>"": [], ""<class 'abc.NT_0000'>"": [3, 0, 68658, 75248], ""<class 'abc.NT_0000_P_00000'>"": [], ""<class 'bool'>"": [86460, 41233, 75986, 25993, 82631, 61562, 27230, 83215], ""<class 'abc.NT_0000_P_00001'>"": [], ""<class 'int'>"": [24381, 89850, 80314], ""<class 'abc.NT_0000_P_00002'>"": [], ""<class 'abc.NT_0000_P_00003'>"": [], ""<class 'abc.NT_0015_P_00001'>"": [], ""<class 'abc.NT_0010'>"": [], ""<class 'abc.NT_0010_P_00000'>"": [], ""<class 'abc.NT_0007'>"": [], ""<class 'abc.NT_0007_P_00000'>"": [], ""<class 'abc.NT_0003'>"": [], ""<class 'abc.NT_0003_P_00000'>"": [], ""<class 'abc.NT_0002'>"": [0, 15377], ""<class 'abc.NT_0002_P_00000'>"": [], ""<class 'abc.NT_0002_P_00001'>"": [], ""<class 'abc.NT_0001'>"": [4, 2, 2, 1, 95789], ""<class 'abc.NT_0001_P_00000'>"": [], ""<class 'abc.NT_0001_P_00001'>"": [], ""<class 'abc.NT_0001_P_00002'>"": [], ""<class 'abc.NT_0001_P_00003'>"": [], ""<class 'abc.NT_0001_P_00004'>"": [], ""<class 'abc.NT_0002_P_00002'>"": [], ""<class 'abc.NT_0002_P_00003'>"": [], ""<class 'abc.NT_0003_P_00001'>"": [], ""<class 'abc.NT_0003_P_00002'>"": [], ""<class 'abc.NT_0003_P_00003'>"": [], ""<class 'abc.NT_0007_P_00001'>"": [], ""<class 'abc.NT_0004'>"": [98894, 44292, 83338, 72810, 24459, 48197], ""<class 'abc.NT_0004_P_00000'>"": [], ""<class 'abc.NT_0004_P_00001'>"": [], ""<class 'abc.NT_0010_P_00001'>"": [], ""<class 'abc.NT_0008'>"": [], ""<class 'abc.NT_0008_P_00000'>"": [], ""<class 'abc.NT_0010_P_00002'>"": [], ""<class 'abc.NT_0005'>"": [], ""<class 'abc.NT_0005_P_00000'>"": [], ""<class 'abc.NT_0005_P_00001'>"": [], ""<class 'abc.NT_0009'>"": [72027, 4275], ""<class 'abc.NT_0009_P_00000'>"": [], ""<class 'abc.NT_0009_P_00001'>"": [], ""<class 'abc.NT_0006'>"": [], ""<class 'abc.NT_0006_P_00000'>"": [], ""<class 'abc.NT_0009_P_00002'>"": [], ""<class 'abc.NT_0009_P_00003'>"": [], ""<class 'abc.NT_0015_P_00002'>"": [], ""<class 'abc.NT_0015_P_00003'>"": [], ""<class 'abc.NT_0014'>"": [], ""<class 'abc.NT_0014_P_00000'>"": [], ""<class 'abc.NT_0014_P_00001'>"": [], ""<class 'abc.NT_0015_P_00004'>"": [], ""<class 'abc.NT_0017_P_00001'>"": [], ""<class 'abc.NT_0016'>"": [], ""<class 'abc.NT_0016_P_00000'>"": [], ""<class 'abc.NT_0016_P_00001'>"": [], ""<class 'abc.NT_0016_P_00002'>"": [], ""<class 'abc.NT_0017_P_00002'>"": [], '$leftovers': [60404, 57587, 20000, 54340, 26317, 6481, 50799, 53366, 57672, 15437, 41470, 43194, 76280, 53058, 16632, 24951, 11647, 20336, 85920, 79178, 86726, 29687, 35122, 19936, 77951, 52918, 77202, 86811, 49977, 33989, 62146, 44283, 86282, 53235, 34529, 93786, 26995, 59308, 96804, 32075, 89268, 17705, 44065, 20964, 70557, 41228, 50394, 73244, 80589, 89878, 70093, 13531, 33497, 2118, 78177, 32452, 6202, 17781, 36111, 70983, 16310, 50605, 68444, 59396, 2989, 86690, 65815, 89541, 4173, 66353, 83209, 87572, 36004, 564, 32908, 7913, 59000, 95465, 92810, 87181, 4723, 71261, 90499, 32785, 42988, 8818, 96196, 25382, 42871, 28094, 74450, 1798, 9925, 29165, 11964, 72226, 30190, 2543, 47952, 6757, 23982, 21833, 84542, 51070, 20362, 47872, 63420, 54664, 2566, 11695, 6523, 29859, 6201, 70774, 77659, 84464, 78867, 27667, 69385, 65140, 36605, 7012, 1250, 28942, 20757, 68110, 13812, 73414, 97476, 48447, 65592, 47550, 63325, 56635, 41252, 76420, 8978, 72071, 1937, 52721, 11586, 95378, 12603, 22711, 7770, 30975, 43951, 55031, 2794, 31555, 40143, 45735, 26934, 973, 11552, 95654, 8346, 61470, 70413, 10371, 43200, 65213, 34376, 43681, 71623, 66363, 61726, 96882, 59629, 26130, 46919, 32533, 16075, 75983, 81859, 16243, 8366, 15261, 18908, 62350, 61492, 83170, 50893, 81836, 3003, 93817, 66605, 40524, 65446, 28020, 1863, 725, 71665, 25810, 44842, 73472, 41194, 64753, 52869, 28406, 39260, 71021, 44544, 65259, 40879, 61260, 45447, 45201, 3321, 71834, 91841, 85944, 94448, 53777, 52512, 8549, 49201, 19980, 24764, 94536, 5157, 97859, 66443, 89316, 95801, 13183, 85710, 46447, 35334, 77529, 59421, 81195, 9851, 45065, 1228, 86952, 32820, 60942, 12527, 2701, 43832, 81092, 19751, 59457, 23812, 97339, 11061, 65182, 36676, 27888, 43573, 78010, 73786, 42822, 94936, 73010, 77609, 10163, 63290, 27012, 14424, 18531, 84803, 64958, 43258, 85321, 82524, 12515, 71837, 58848, 55036, 90390, 48542, 50684, 67693, 63530, 31868, 23633, 21579, 6184, 53131, 21002, 64832, 92053, 7184, 69006, 35823, 8901, 37893, 51534, 12913, 22446, 26285, 70255, 27641, 21932, 83656, 66575, 48694, 39512, 17613, 54185, 98358, 36273, 43014, 10733, 45136, 56634, 51849, 94288, 26786, 42387, 35475, 24444, 8118, 49485, 81714, 83778, 89561, 8738, 52024, 58874, 72716, 42311, 25454, 87595, 81934, 17964, 61433, 19494, 83691, 27415, 37037, 93113, 43616, 52964, 48333, 56234, 18241, 27411, 16419, 52538, 26653, 9839, 74465, 52527, 80201, 79630, 1840, 83276, 82109, 32792, 12949, 92039, 43765, 36272, 54630, 58463, 7943, 38328, 97833, 45183, 91200, 15929, 47964, 40561, 81809, 14276, 39018, 78090, 20469, 86063, 44225, 33166, 87717, 85524, 97465, 83919, 30571, 47291, 11687, 54825, 46134, 8685, 78917, 38709, 83964, 2221, 51487, 86847, 14005, 89651, 45410, 32614, 24838, 40258, 99135, 55054, 4969, 96553, 24382, 92307, 81538, 18598, 31340, 57241, 99094, 6002, 7419, 86820, 42779, 11869, 72254, 27411, 31840, 79401, 73664, 91511, 29301, 88737, 56727, 37464, 71958, 69508, 25388, 4807, 91309, 55535, 78168, 94902, 31655, 46027, 94454, 40509, 42451, 1052, 68891, 6541, 61185, 60171, 90386, 32613, 13324, 92786, 63265, 21684, 48267, 73039, 43664, 60352, 52907, 44675, 95496, 2418, 7997, 69656, 52682, 3534, 62641, 94861, 67850, 67794, 22721, 46227, 31666, 8747, 35366, 39868, 7244, 91381, 38982, 77500, 57926, 64111, 61778, 4991, 50703, 56802, 29847, 58359, 95807, 95068, 83415, 81616, 76533, 71507, 98373, 2134, 16453, 78850, 30462, 46604, 89830, 21706, 86295, 8595, 79105, 19655, 43131, 3478, 75436, 73052, 71062, 31739, 45697, 16052, 87826, 33911, 8138, 66268, 4656, 40763, 97630, 99868, 91639, 2772, 58917, 49516, 46748, 20804, 59466, 99872, 25910, 53332, 38030, 78030, 73087, 32427, 25656, 22734, 86384, 91610, 214, 58585, 43431, 32734, 17757, 39750, 16177, 71705, 51831, 42392, 85543, 6696, 8045, 46570, 30940, 78199, 29592, 24154, 78765, 84514, 86057, 90538, 96392, 38901, 72898, 62612, 33489, 59571, 82991, 44920, 37691, 1121, 94492, 51499, 82069, 28888, 14310, 88903, 84118, 10546, 30703, 78344, 91528, 40853, 4171, 4336, 52942, 23065, 9391, 86682, 8024, 19625, 91371, 66707, 17488, 10058, 52363, 62581, 72253, 66959, 9752, 13742, 86275, 76334, 53755, 50348, 61297, 71442, 60130, 43371, 96139, 17674, 23526, 15019, 82578, 51684, 64820, 51041, 4364, 44980, 70927, 4192, 97078, 91706, 68350, 77970, 42423, 59117, 98713, 81658, 5742, 16489, 29002, 42948, 22071, 91882, 87587, 87335, 92995, 94276, 73117, 79084, 6387, 11821, 92270, 39525, 34375, 79523, 78948, 53831, 62075, 20954, 96006, 36604, 39077, 58604, 29341, 89780, 20577, 57898, 43874, 87854, 39253, 63110, 39371, 19091, 10078, 61402, 86956, 2706, 6459, 53395, 56986, 73952, 14732, 36024, 78732, 78176, 77392, 90109, 7387, 46633, 28051, 78533, 47690, 10143, 69800, 44745, 15386, 78043, 85757, 67383, 85811, 74336, 6202, 10109, 54780, 811, 76576, 77040, 49169, 96682, 92835, 45041, 1842, 65528, 34016, 83474, 14013, 27202, 66335, 44499, 370, 21730, 52896, 71182, 85991, 39160, 40902, 55926, 35512, 75736, 13601, 92189, 77065, 84092, 98012, 48127, 11588, 90917, 67209, 11527, 94121, 43713, 79943, 21649, 81567, 58642, 44906, 74680, 40034, 91400, 63001, 5213, 55104, 32747, 93307, 38861, 27986, 4842, 71222, 96204, 50490, 41376, 83189, 378, 48774, 92287, 2703, 84308, 62388, 24134, 92282, 90947, 61816, 96517, 93801, 12248, 42612, 36596, 34402, 48549, 64887, 18886, 20656, 39553, 90994, 50931, 61171, 97927, 2047, 85741, 60257, 56686, 62824, 95036, 97774, 26512, 32213, 24226, 39119, 9190, 40253, 35323, 71271, 90577, 44, 70979, 92296, 59388, 78444, 59936, 61842, 18317, 14104, 74209, 24390, 30917, 86127, 98120, 80417, 53683, 4088, 22491, 83407, 32889, 33182, 90125, 68253, 63599, 54457, 91265, 92333, 23178, 96129, 44767, 46114, 84454, 73652, 77970, 9354, 12847, 74690, 31643, 71792, 72701, 44459, 13482, 2404, 79190, 44599, 39581, 83762, 38122, 78181, 85472, 89495, 96088, 45750, 12132, 86111, 9109, 84610, 44138, 65151, 75159, 7903, 24327, 23796, 27486, 76491, 91005, 62756, 8359, 39827, 37498, 88884, 69064, 88341, 83620, 5172, 25162, 12655, 35222, 43042, 31508, 95614, 11871, 72016, 12050, 46298, 82757, 50191, 22398, 65305, 63983, 69826, 58709, 70825, 19588, 82568, 42327, 11142, 71395, 10520, 43850, 12080, 34833, 59211, 82355, 44790, 14277, 94119, 99751, 55723, 66045, 65818, 52492, 28845, 77469, 6552, 85250, 81990, 20182, 31757, 24256, 8564, 51246, 18916, 38412, 36848, 69380, 96252, 20867, 86440, 12168, 57866, 16845, 44507, 27280, 78684, 72618, 39882, 21960, 75878, 24632, 3639, 77549, 1172, 17919, 43076, 60918, 7295, 36117, 78965, 29935, 36303, 38772, 34652, 92292, 20532, 49163, 23139, 14852, 2419, 94945, 10473, 58389, 87817, 18164, 62277, 68791, 13348, 73330, 36876, 65334, 21264, 45823, 48913, 66448, 45681, 76227, 3298, 19245, 15292, 74225, 2081, 12669, 14545, 37361, 93452, 1880, 79845, 47996, 3938, 92890, 66904, 15377, 35288, 80314, 59754, 72027, 85560, 13002, 79410, 60381, 36834, 26822, 18526, 4275, 21261, 76951, 98894, 44292, 83338, 72810, 24459, 48197]})"
55.0,8,8,5,2.5492196083068848,10113,"Genotype(dna={""<class 'abc.NT_0017'>"": [0, 91624], ""<class 'abc.NT_0017_P_00000'>"": [], ""<class 'abc.NT_0015'>"": [59754, 18526], ""<class 'abc.NT_0015_P_00000'>"": [], ""<class 'abc.NT_0000'>"": [3, 0, 68658, 75248], ""<class 'abc.NT_0000_P_00000'>"": [], ""<class 'bool'>"": [86460, 41233, 75986, 25993, 82631, 61562, 27230, 83215], ""<class 'abc.NT_0000_P_00001'>"": [], ""<class 'int'>"": [24381, 89850, 80314], ""<class 'abc.NT_0000_P_00002'>"": [], ""<class 'abc.NT_0000_P_00003'>"": [], ""<class 'abc.NT_0015_P_00001'>"": [], ""<class 'abc.NT_0010'>"": [], ""<class 'abc.NT_0010_P_00000'>"": [], ""<class 'abc.NT_0007'>"": [], ""<class 'abc.NT_0007_P_00000'>"": [], ""<class 'abc.NT_0003'>"": [], ""<class 'abc.NT_0003_P_00000'>"": [], ""<class 'abc.NT_0002'>"": [0, 15377], ""<class 'abc.NT_0002_P_00000'>"": [], ""<class 'abc.NT_0002_P_00001'>"": [], ""<class 'abc.NT_0001'>"": [4, 2, 2, 1, 95789], ""<class 'abc.NT_0001_P_00000'>"": [], ""<class 'abc.NT_0001_P_00001'>"": [], ""<class 'abc.NT_0001_P_00002'>"": [], ""<class 'abc.NT_0001_P_00003'>"": [], ""<class 'abc.NT_0001_P_00004'>"": [], ""<class 'abc.NT_0002_P_00002'>"": [], ""<class 'abc.NT_0002_P_00003'>"": [], ""<class 'abc.NT_0003_P_00001'>"": [], ""<class 'abc.NT_0003_P_00002'>"": [], ""<class 'abc.NT_0003_P_00003'>"": [], ""<class 'abc.NT_0007_P_00001'>"": [], ""<class 'abc.NT_0004'>"": [98894, 44292, 83338, 72810, 24459, 48197], ""<class 'abc.NT_0004_P_00000'>"": [], ""<class 'abc.NT_0004_P_00001'>"": [], ""<class 'abc.NT_0010_P_00001'>"": [], ""<class 'abc.NT_0008'>"": [], ""<class 'abc.NT_0008_P_00000'>"": [], ""<class 'abc.NT_0010_P_00002'>"": [], ""<class 'abc.NT_0005'>"": [], ""<class 'abc.NT_0005_P_00000'>"": [], ""<class 'abc.NT_0005_P_00001'>"": [], ""<class 'abc.NT_0009'>"": [72027, 4275], ""<class 'abc.NT_0009_P_00000'>"": [], ""<class 'abc.NT_0009_P_00001'>"": [], ""<class 'abc.NT_0006'>"": [], ""<class 'abc.NT_0006_P_00000'>"": [], ""<class 'abc.NT_0009_P_00002'>"": [], ""<class 'abc.NT_0009_P_00003'>"": [], ""<class 'abc.NT_0015_P_00002'>"": [], ""<class 'abc.NT_0015_P_00003'>"": [], ""<class 'abc.NT_0014'>"": [], ""<class 'abc.NT_0014_P_00000'>"": [], ""<class 'abc.NT_0014_P_00001'>"": [], ""<class 'abc.NT_0015_P_00004'>"": [], ""<class 'abc.NT_0017_P_00001'>"": [], ""<class 'abc.NT_0016'>"": [], ""<class 'abc.NT_0016_P_00000'>"": [], ""<class 'abc.NT_0016_P_00001'>"": [], ""<class 'abc.NT_0016_P_00002'>"": [], ""<class 'abc.NT_0017_P_00002'>"": [], '$leftovers': [60404, 57587, 20000, 54340, 26317, 6481, 50799, 53366, 57672, 15437, 41470, 43194, 76280, 53058, 16632, 24951, 11647, 20336, 85920, 79178, 86726, 29687, 35122, 19936, 77951, 52918, 77202, 86811, 49977, 33989, 62146, 44283, 86282, 53235, 34529, 93786, 26995, 59308, 96804, 32075, 89268, 17705, 44065, 20964, 70557, 41228, 50394, 73244, 80589, 89878, 70093, 13531, 33497, 2118, 78177, 32452, 6202, 17781, 36111, 70983, 16310, 50605, 68444, 59396, 2989, 86690, 65815, 89541, 4173, 66353, 83209, 87572, 36004, 564, 32908, 7913, 59000, 95465, 92810, 87181, 4723, 71261, 90499, 32785, 42988, 8818, 96196, 25382, 42871, 28094, 74450, 1798, 9925, 29165, 11964, 72226, 30190, 2543, 47952, 6757, 23982, 21833, 84542, 51070, 20362, 47872, 63420, 54664, 2566, 11695, 6523, 29859, 6201, 70774, 77659, 84464, 78867, 27667, 69385, 65140, 36605, 7012, 1250, 28942, 20757, 68110, 13812, 73414, 97476, 48447, 65592, 47550, 63325, 56635, 41252, 76420, 8978, 72071, 1937, 52721, 11586, 95378, 12603, 22711, 7770, 30975, 43951, 55031, 2794, 31555, 40143, 45735, 26934, 973, 11552, 95654, 8346, 61470, 70413, 10371, 43200, 65213, 34376, 43681, 71623, 66363, 61726, 96882, 59629, 26130, 46919, 32533, 16075, 75983, 81859, 16243, 8366, 15261, 18908, 62350, 61492, 83170, 50893, 81836, 3003, 93817, 66605, 40524, 65446, 28020, 1863, 725, 71665, 25810, 44842, 73472, 41194, 64753, 52869, 28406, 39260, 71021, 44544, 65259, 40879, 61260, 45447, 45201, 3321, 71834, 91841, 85944, 94448, 53777, 52512, 8549, 49201, 19980, 24764, 94536, 5157, 97859, 66443, 89316, 95801, 13183, 85710, 46447, 35334, 77529, 59421, 81195, 9851, 45065, 1228, 86952, 32820, 60942, 12527, 2701, 43832, 81092, 19751, 59457, 23812, 97339, 11061, 65182, 36676, 27888, 43573, 78010, 73786, 42822, 94936, 73010, 77609, 10163, 63290, 27012, 14424, 18531, 84803, 64958, 43258, 85321, 82524, 12515, 71837, 58848, 55036, 90390, 48542, 50684, 67693, 63530, 31868, 23633, 21579, 6184, 53131, 21002, 64832, 92053, 7184, 69006, 35823, 8901, 37893, 51534, 12913, 22446, 26285, 70255, 27641, 21932, 83656, 66575, 48694, 39512, 17613, 54185, 98358, 36273, 43014, 10733, 45136, 56634, 51849, 94288, 26786, 42387, 35475, 24444, 8118, 49485, 81714, 83778, 89561, 8738, 52024, 58874, 72716, 42311, 25454, 87595, 81934, 17964, 61433, 19494, 83691, 27415, 37037, 93113, 43616, 52964, 48333, 56234, 18241, 27411, 16419, 52538, 26653, 9839, 74465, 52527, 80201, 79630, 1840, 83276, 82109, 32792, 12949, 92039, 43765, 36272, 54630, 58463, 7943, 38328, 97833, 45183, 91200, 15929, 47964, 40561, 81809, 14276, 39018, 78090, 20469, 86063, 44225, 33166, 87717, 85524, 97465, 83919, 30571, 47291, 11687, 54825, 46134, 8685, 78917, 38709, 83964, 2221, 51487, 86847, 14005, 89651, 45410, 32614, 24838, 40258, 99135, 55054, 4969, 96553, 24382, 92307, 81538, 18598, 31340, 57241, 99094, 6002, 7419, 86820, 42779, 11869, 72254, 27411, 31840, 79401, 73664, 91511, 29301, 88737, 56727, 37464, 71958, 69508, 25388, 4807, 91309, 55535, 78168, 94902, 31655, 46027, 94454, 40509, 42451, 1052, 68891, 6541, 61185, 60171, 90386, 32613, 13324, 92786, 63265, 21684, 48267, 73039, 43664, 60352, 52907, 44675, 95496, 2418, 7997, 69656, 52682, 3534, 62641, 94861, 67850, 67794, 22721, 46227, 31666, 8747, 35366, 39868, 7244, 91381, 38982, 77500, 57926, 64111, 61778, 4991, 50703, 56802, 29847, 58359, 95807, 95068, 83415, 81616, 76533, 71507, 98373, 2134, 16453, 78850, 30462, 46604, 89830, 21706, 86295, 8595, 79105, 19655, 43131, 3478, 75436, 73052, 71062, 31739, 45697, 16052, 87826, 33911, 8138, 66268, 4656, 40763, 97630, 99868, 91639, 2772, 58917, 49516, 46748, 20804, 59466, 99872, 25910, 53332, 38030, 78030, 73087, 32427, 25656, 22734, 86384, 91610, 214, 58585, 43431, 32734, 17757, 39750, 16177, 71705, 51831, 42392, 85543, 6696, 8045, 46570, 30940, 78199, 29592, 24154, 78765, 84514, 86057, 90538, 96392, 38901, 72898, 62612, 33489, 59571, 82991, 44920, 37691, 1121, 94492, 51499, 82069, 28888, 14310, 88903, 84118, 10546, 30703, 78344, 91528, 40853, 4171, 4336, 52942, 23065, 9391, 86682, 8024, 19625, 91371, 66707, 17488, 10058, 52363, 62581, 72253, 66959, 9752, 13742, 86275, 76334, 53755, 50348, 61297, 71442, 60130, 43371, 96139, 17674, 23526, 15019, 82578, 51684, 64820, 51041, 4364, 44980, 70927, 4192, 97078, 91706, 68350, 77970, 42423, 59117, 98713, 81658, 5742, 16489, 29002, 42948, 22071, 91882, 87587, 87335, 92995, 94276, 73117, 79084, 6387, 11821, 92270, 39525, 34375, 79523, 78948, 53831, 62075, 20954, 96006, 36604, 39077, 58604, 29341, 89780, 20577, 57898, 43874, 87854, 39253, 63110, 39371, 19091, 10078, 61402, 86956, 2706, 6459, 53395, 56986, 73952, 14732, 36024, 78732, 78176, 77392, 90109, 7387, 46633, 28051, 78533, 47690, 10143, 69800, 44745, 15386, 78043, 85757, 67383, 85811, 74336, 6202, 10109, 54780, 811, 76576, 77040, 49169, 96682, 92835, 45041, 1842, 65528, 34016, 83474, 14013, 27202, 66335, 44499, 370, 21730, 52896, 71182, 85991, 39160, 40902, 55926, 35512, 75736, 13601, 92189, 77065, 84092, 98012, 48127, 11588, 90917, 67209, 11527, 94121, 43713, 79943, 21649, 81567, 58642, 44906, 74680, 40034, 91400, 63001, 5213, 55104, 32747, 93307, 38861, 27986, 4842, 71222, 96204, 50490, 41376, 83189, 378, 48774, 92287, 2703, 84308, 62388, 24134, 92282, 90947, 61816, 96517, 93801, 12248, 42612, 36596, 34402, 48549, 64887, 18886, 20656, 39553, 90994, 50931, 61171, 97927, 2047, 85741, 60257, 56686, 62824, 95036, 97774, 26512, 32213, 24226, 39119, 9190, 40253, 35323, 71271, 90577, 44, 70979, 92296, 59388, 78444, 59936, 61842, 18317, 14104, 74209, 24390, 30917, 86127, 98120, 80417, 53683, 4088, 22491, 83407, 32889, 33182, 90125, 68253, 63599, 54457, 91265, 92333, 23178, 96129, 44767, 46114, 84454, 73652, 77970, 9354, 12847, 74690, 31643, 71792, 72701, 44459, 13482, 2404, 79190, 44599, 39581, 83762, 38122, 78181, 85472, 89495, 96088, 45750, 12132, 86111, 9109, 84610, 44138, 65151, 75159, 7903, 24327, 23796, 27486, 76491, 91005, 62756, 8359, 39827, 37498, 88884, 69064, 88341, 83620, 5172, 25162, 12655, 35222, 43042, 31508, 95614, 11871, 72016, 12050, 46298, 82757, 50191, 22398, 65305, 63983, 69826, 58709, 70825, 19588, 82568, 42327, 11142, 71395, 10520, 43850, 12080, 34833, 59211, 82355, 44790, 14277, 94119, 99751, 55723, 66045, 65818, 52492, 28845, 77469, 6552, 85250, 81990, 20182, 31757, 24256, 8564, 51246, 18916, 38412, 36848, 69380, 96252, 20867, 86440, 12168, 57866, 16845, 44507, 27280, 78684, 72618, 39882, 21960, 75878, 24632, 3639, 77549, 1172, 17919, 43076, 60918, 7295, 36117, 78965, 29935, 36303, 38772, 34652, 92292, 20532, 49163, 23139, 14852, 2419, 94945, 10473, 58389, 87817, 18164, 62277, 68791, 13348, 73330, 36876, 65334, 21264, 45823, 48913, 66448, 45681, 76227, 3298, 19245, 15292, 74225, 2081, 12669, 14545, 37361, 93452, 1880, 79845, 47996, 3938, 92890, 66904, 15377, 35288, 80314, 59754, 72027, 85560, 13002, 79410, 60381, 36834, 26822, 18526, 4275, 21261, 76951, 98894, 44292, 83338, 72810, 24459, 48197]})"
55.0,8,8,6,2.886117935180664,10113,"Genotype(dna={""<class 'abc.NT_0017'>"": [0, 91624], ""<class 'abc.NT_0017_P_00000'>"": [], ""<class 'abc.NT_0015'>"": [59754, 18526], ""<class 'abc.NT_0015_P_00000'>"": [], ""<class 'abc.NT_0000'>"": [3, 0, 68658, 75248], ""<class 'abc.NT_0000_P_00000'>"": [], ""<class 'bool'>"": [86460, 41233, 75986, 25993, 82631, 61562, 27230, 83215], ""<class 'abc.NT_0000_P_00001'>"": [], ""<class 'int'>"": [24381, 89850, 80314], ""<class 'abc.NT_0000_P_00002'>"": [], ""<class 'abc.NT_0000_P_00003'>"": [], ""<class 'abc.NT_0015_P_00001'>"": [], ""<class 'abc.NT_0010'>"": [], ""<class 'abc.NT_0010_P_00000'>"": [], ""<class 'abc.NT_0007'>"": [], ""<class 'abc.NT_0007_P_00000'>"": [], ""<class 'abc.NT_0003'>"": [], ""<class 'abc.NT_0003_P_00000'>"": [], ""<class 'abc.NT_0002'>"": [0, 15377], ""<class 'abc.NT_0002_P_00000'>"": [], ""<class 'abc.NT_0002_P_00001'>"": [], ""<class 'abc.NT_0001'>"": [4, 2, 2, 1, 95789], ""<class 'abc.NT_0001_P_00000'>"": [], ""<class 'abc.NT_0001_P_00001'>"": [], ""<class 'abc.NT_0001_P_00002'>"": [], ""<class 'abc.NT_0001_P_00003'>"": [], ""<class 'abc.NT_0001_P_00004'>"": [], ""<class 'abc.NT_0002_P_00002'>"": [], ""<class 'abc.NT_0002_P_00003'>"": [], ""<class 'abc.NT_0003_P_00001'>"": [], ""<class 'abc.NT_0003_P_00002'>"": [], ""<class 'abc.NT_0003_P_00003'>"": [], ""<class 'abc.NT_0007_P_00001'>"": [], ""<class 'abc.NT_0004'>"": [98894, 44292, 83338, 72810, 24459, 48197], ""<class 'abc.NT_0004_P_00000'>"": [], ""<class 'abc.NT_0004_P_00001'>"": [], ""<class 'abc.NT_0010_P_00001'>"": [], ""<class 'abc.NT_0008'>"": [], ""<class 'abc.NT_0008_P_00000'>"": [], ""<class 'abc.NT_0010_P_00002'>"": [], ""<class 'abc.NT_0005'>"": [], ""<class 'abc.NT_0005_P_00000'>"": [], ""<class 'abc.NT_0005_P_00001'>"": [], ""<class 'abc.NT_0009'>"": [72027, 4275], ""<class 'abc.NT_0009_P_00000'>"": [], ""<class 'abc.NT_0009_P_00001'>"": [], ""<class 'abc.NT_0006'>"": [], ""<class 'abc.NT_0006_P_00000'>"": [], ""<class 'abc.NT_0009_P_00002'>"": [], ""<class 'abc.NT_0009_P_00003'>"": [], ""<class 'abc.NT_0015_P_00002'>"": [], ""<class 'abc.NT_0015_P_00003'>"": [], ""<class 'abc.NT_0014'>"": [], ""<class 'abc.NT_0014_P_00000'>"": [], ""<class 'abc.NT_0014_P_00001'>"": [], ""<class 'abc.NT_0015_P_00004'>"": [], ""<class 'abc.NT_0017_P_00001'>"": [], ""<class 'abc.NT_0016'>"": [], ""<class 'abc.NT_0016_P_00000'>"": [], ""<class 'abc.NT_0016_P_00001'>"": [], ""<class 'abc.NT_0016_P_00002'>"": [], ""<class 'abc.NT_0017_P_00002'>"": [], '$leftovers': [60404, 57587, 20000, 54340, 26317, 6481, 50799, 53366, 57672, 15437, 41470, 43194, 76280, 53058, 16632, 24951, 11647, 20336, 85920, 79178, 86726, 29687, 35122, 19936, 77951, 52918, 77202, 86811, 49977, 33989, 62146, 44283, 86282, 53235, 34529, 93786, 26995, 59308, 96804, 32075, 89268, 17705, 44065, 20964, 70557, 41228, 50394, 73244, 80589, 89878, 70093, 13531, 33497, 2118, 78177, 32452, 6202, 17781, 36111, 70983, 16310, 50605, 68444, 59396, 2989, 86690, 65815, 89541, 4173, 66353, 83209, 87572, 36004, 564, 32908, 7913, 59000, 95465, 92810, 87181, 4723, 71261, 90499, 32785, 42988, 8818, 96196, 25382, 42871, 28094, 74450, 1798, 9925, 29165, 11964, 72226, 30190, 2543, 47952, 6757, 23982, 21833, 84542, 51070, 20362, 47872, 63420, 54664, 2566, 11695, 6523, 29859, 6201, 70774, 77659, 84464, 78867, 27667, 69385, 65140, 36605, 7012, 1250, 28942, 20757, 68110, 13812, 73414, 97476, 48447, 65592, 47550, 63325, 56635, 41252, 76420, 8978, 72071, 1937, 52721, 11586, 95378, 12603, 22711, 7770, 30975, 43951, 55031, 2794, 31555, 40143, 45735, 26934, 973, 11552, 95654, 8346, 61470, 70413, 10371, 43200, 65213, 34376, 43681, 71623, 66363, 61726, 96882, 59629, 26130, 46919, 32533, 16075, 75983, 81859, 16243, 8366, 15261, 18908, 62350, 61492, 83170, 50893, 81836, 3003, 93817, 66605, 40524, 65446, 28020, 1863, 725, 71665, 25810, 44842, 73472, 41194, 64753, 52869, 28406, 39260, 71021, 44544, 65259, 40879, 61260, 45447, 45201, 3321, 71834, 91841, 85944, 94448, 53777, 52512, 8549, 49201, 19980, 24764, 94536, 5157, 97859, 66443, 89316, 95801, 13183, 85710, 46447, 35334, 77529, 59421, 81195, 9851, 45065, 1228, 86952, 32820, 60942, 12527, 2701, 43832, 81092, 19751, 59457, 23812, 97339, 11061, 65182, 36676, 27888, 43573, 78010, 73786, 42822, 94936, 73010, 77609, 10163, 63290, 27012, 14424, 18531, 84803, 64958, 43258, 85321, 82524, 12515, 71837, 58848, 55036, 90390, 48542, 50684, 67693, 63530, 31868, 23633, 21579, 6184, 53131, 21002, 64832, 92053, 7184, 69006, 35823, 8901, 37893, 51534, 12913, 22446, 26285, 70255, 27641, 21932, 83656, 66575, 48694, 39512, 17613, 54185, 98358, 36273, 43014, 10733, 45136, 56634, 51849, 94288, 26786, 42387, 35475, 24444, 8118, 49485, 81714, 83778, 89561, 8738, 52024, 58874, 72716, 42311, 25454, 87595, 81934, 17964, 61433, 19494, 83691, 27415, 37037, 93113, 43616, 52964, 48333, 56234, 18241, 27411, 16419, 52538, 26653, 9839, 74465, 52527, 80201, 79630, 1840, 83276, 82109, 32792, 12949, 92039, 43765, 36272, 54630, 58463, 7943, 38328, 97833, 45183, 91200, 15929, 47964, 40561, 81809, 14276, 39018, 78090, 20469, 86063, 44225, 33166, 87717, 85524, 97465, 83919, 30571, 47291, 11687, 54825, 46134, 8685, 78917, 38709, 83964, 2221, 51487, 86847, 14005, 89651, 45410, 32614, 24838, 40258, 99135, 55054, 4969, 96553, 24382, 92307, 81538, 18598, 31340, 57241, 99094, 6002, 7419, 86820, 42779, 11869, 72254, 27411, 31840, 79401, 73664, 91511, 29301, 88737, 56727, 37464, 71958, 69508, 25388, 4807, 91309, 55535, 78168, 94902, 31655, 46027, 94454, 40509, 42451, 1052, 68891, 6541, 61185, 60171, 90386, 32613, 13324, 92786, 63265, 21684, 48267, 73039, 43664, 60352, 52907, 44675, 95496, 2418, 7997, 69656, 52682, 3534, 62641, 94861, 67850, 67794, 22721, 46227, 31666, 8747, 35366, 39868, 7244, 91381, 38982, 77500, 57926, 64111, 61778, 4991, 50703, 56802, 29847, 58359, 95807, 95068, 83415, 81616, 76533, 71507, 98373, 2134, 16453, 78850, 30462, 46604, 89830, 21706, 86295, 8595, 79105, 19655, 43131, 3478, 75436, 73052, 71062, 31739, 45697, 16052, 87826, 33911, 8138, 66268, 4656, 40763, 97630, 99868, 91639, 2772, 58917, 49516, 46748, 20804, 59466, 99872, 25910, 53332, 38030, 78030, 73087, 32427, 25656, 22734, 86384, 91610, 214, 58585, 43431, 32734, 17757, 39750, 16177, 71705, 51831, 42392, 85543, 6696, 8045, 46570, 30940, 78199, 29592, 24154, 78765, 84514, 86057, 90538, 96392, 38901, 72898, 62612, 33489, 59571, 82991, 44920, 37691, 1121, 94492, 51499, 82069, 28888, 14310, 88903, 84118, 10546, 30703, 78344, 91528, 40853, 4171, 4336, 52942, 23065, 9391, 86682, 8024, 19625, 91371, 66707, 17488, 10058, 52363, 62581, 72253, 66959, 9752, 13742, 86275, 76334, 53755, 50348, 61297, 71442, 60130, 43371, 96139, 17674, 23526, 15019, 82578, 51684, 64820, 51041, 4364, 44980, 70927, 4192, 97078, 91706, 68350, 77970, 42423, 59117, 98713, 81658, 5742, 16489, 29002, 42948, 22071, 91882, 87587, 87335, 92995, 94276, 73117, 79084, 6387, 11821, 92270, 39525, 34375, 79523, 78948, 53831, 62075, 20954, 96006, 36604, 39077, 58604, 29341, 89780, 20577, 57898, 43874, 87854, 39253, 63110, 39371, 19091, 10078, 61402, 86956, 2706, 6459, 53395, 56986, 73952, 14732, 36024, 78732, 78176, 77392, 90109, 7387, 46633, 28051, 78533, 47690, 10143, 69800, 44745, 15386, 78043, 85757, 67383, 85811, 74336, 6202, 10109, 54780, 811, 76576, 77040, 49169, 96682, 92835, 45041, 1842, 65528, 34016, 83474, 14013, 27202, 66335, 44499, 370, 21730, 52896, 71182, 85991, 39160, 40902, 55926, 35512, 75736, 13601, 92189, 77065, 84092, 98012, 48127, 11588, 90917, 67209, 11527, 94121, 43713, 79943, 21649, 81567, 58642, 44906, 74680, 40034, 91400, 63001, 5213, 55104, 32747, 93307, 38861, 27986, 4842, 71222, 96204, 50490, 41376, 83189, 378, 48774, 92287, 2703, 84308, 62388, 24134, 92282, 90947, 61816, 96517, 93801, 12248, 42612, 36596, 34402, 48549, 64887, 18886, 20656, 39553, 90994, 50931, 61171, 97927, 2047, 85741, 60257, 56686, 62824, 95036, 97774, 26512, 32213, 24226, 39119, 9190, 40253, 35323, 71271, 90577, 44, 70979, 92296, 59388, 78444, 59936, 61842, 18317, 14104, 74209, 24390, 30917, 86127, 98120, 80417, 53683, 4088, 22491, 83407, 32889, 33182, 90125, 68253, 63599, 54457, 91265, 92333, 23178, 96129, 44767, 46114, 84454, 73652, 77970, 9354, 12847, 74690, 31643, 71792, 72701, 44459, 13482, 2404, 79190, 44599, 39581, 83762, 38122, 78181, 85472, 89495, 96088, 45750, 12132, 86111, 9109, 84610, 44138, 65151, 75159, 7903, 24327, 23796, 27486, 76491, 91005, 62756, 8359, 39827, 37498, 88884, 69064, 88341, 83620, 5172, 25162, 12655, 35222, 43042, 31508, 95614, 11871, 72016, 12050, 46298, 82757, 50191, 22398, 65305, 63983, 69826, 58709, 70825, 19588, 82568, 42327, 11142, 71395, 10520, 43850, 12080, 34833, 59211, 82355, 44790, 14277, 94119, 99751, 55723, 66045, 65818, 52492, 28845, 77469, 6552, 85250, 81990, 20182, 31757, 24256, 8564, 51246, 18916, 38412, 36848, 69380, 96252, 20867, 86440, 12168, 57866, 16845, 44507, 27280, 78684, 72618, 39882, 21960, 75878, 24632, 3639, 77549, 1172, 17919, 43076, 60918, 7295, 36117, 78965, 29935, 36303, 38772, 34652, 92292, 20532, 49163, 23139, 14852, 2419, 94945, 10473, 58389, 87817, 18164, 62277, 68791, 13348, 73330, 36876, 65334, 21264, 45823, 48913, 66448, 45681, 76227, 3298, 19245, 15292, 74225, 2081, 12669, 14545, 37361, 93452, 1880, 79845, 47996, 3938, 92890, 66904, 15377, 35288, 80314, 59754, 72027, 85560, 13002, 79410, 60381, 36834, 26822, 18526, 4275, 21261, 76951, 98894, 44292, 83338, 72810, 24459, 48197]})"
55.0,8,8,7,3.172330856323242,10113,"Genotype(dna={""<class 'abc.NT_0017'>"": [0, 91624], ""<class 'abc.NT_0017_P_00000'>"": [], ""<class 'abc.NT_0015'>"": [59754, 18526], ""<class 'abc.NT_0015_P_00000'>"": [], ""<class 'abc.NT_0000'>"": [3, 0, 68658, 75248], ""<class 'abc.NT_0000_P_00000'>"": [], ""<class 'bool'>"": [86460, 41233, 75986, 25993, 82631, 61562, 27230, 83215], ""<class 'abc.NT_0000_P_00001'>"": [], ""<class 'int'>"": [24381, 89850, 80314], ""<class 'abc.NT_0000_P_00002'>"": [], ""<class 'abc.NT_0000_P_00003'>"": [], ""<class 'abc.NT_0015_P_00001'>"": [], ""<class 'abc.NT_0010'>"": [], ""<class 'abc.NT_0010_P_00000'>"": [], ""<class 'abc.NT_0007'>"": [], ""<class 'abc.NT_0007_P_00000'>"": [], ""<class 'abc.NT_0003'>"": [], ""<class 'abc.NT_0003_P_00000'>"": [], ""<class 'abc.NT_0002'>"": [0, 15377], ""<class 'abc.NT_0002_P_00000'>"": [], ""<class 'abc.NT_0002_P_00001'>"": [], ""<class 'abc.NT_0001'>"": [4, 2, 2, 1, 95789], ""<class 'abc.NT_0001_P_00000'>"": [], ""<class 'abc.NT_0001_P_00001'>"": [], ""<class 'abc.NT_0001_P_00002'>"": [], ""<class 'abc.NT_0001_P_00003'>"": [], ""<class 'abc.NT_0001_P_00004'>"": [], ""<class 'abc.NT_0002_P_00002'>"": [], ""<class 'abc.NT_0002_P_00003'>"": [], ""<class 'abc.NT_0003_P_00001'>"": [], ""<class 'abc.NT_0003_P_00002'>"": [], ""<class 'abc.NT_0003_P_00003'>"": [], ""<class 'abc.NT_0007_P_00001'>"": [], ""<class 'abc.NT_0004'>"": [98894, 44292, 83338, 72810, 24459, 48197], ""<class 'abc.NT_0004_P_00000'>"": [], ""<class 'abc.NT_0004_P_00001'>"": [], ""<class 'abc.NT_0010_P_00001'>"": [], ""<class 'abc.NT_0008'>"": [], ""<class 'abc.NT_0008_P_00000'>"": [], ""<class 'abc.NT_0010_P_00002'>"": [], ""<class 'abc.NT_0005'>"": [], ""<class 'abc.NT_0005_P_00000'>"": [], ""<class 'abc.NT_0005_P_00001'>"": [], ""<class 'abc.NT_0009'>"": [72027, 4275], ""<class 'abc.NT_0009_P_00000'>"": [], ""<class 'abc.NT_0009_P_00001'>"": [], ""<class 'abc.NT_0006'>"": [], ""<class 'abc.NT_0006_P_00000'>"": [], ""<class 'abc.NT_0009_P_00002'>"": [], ""<class 'abc.NT_0009_P_00003'>"": [], ""<class 'abc.NT_0015_P_00002'>"": [], ""<class 'abc.NT_0015_P_00003'>"": [], ""<class 'abc.NT_0014'>"": [], ""<class 'abc.NT_0014_P_00000'>"": [], ""<class 'abc.NT_0014_P_00001'>"": [], ""<class 'abc.NT_0015_P_00004'>"": [], ""<class 'abc.NT_0017_P_00001'>"": [], ""<class 'abc.NT_0016'>"": [], ""<class 'abc.NT_0016_P_00000'>"": [], ""<class 'abc.NT_0016_P_00001'>"": [], ""<class 'abc.NT_0016_P_00002'>"": [], ""<class 'abc.NT_0017_P_00002'>"": [], '$leftovers': [60404, 57587, 20000, 54340, 26317, 6481, 50799, 53366, 57672, 15437, 41470, 43194, 76280, 53058, 16632, 24951, 11647, 20336, 85920, 79178, 86726, 29687, 35122, 19936, 77951, 52918, 77202, 86811, 49977, 33989, 62146, 44283, 86282, 53235, 34529, 93786, 26995, 59308, 96804, 32075, 89268, 17705, 44065, 20964, 70557, 41228, 50394, 73244, 80589, 89878, 70093, 13531, 33497, 2118, 78177, 32452, 6202, 17781, 36111, 70983, 16310, 50605, 68444, 59396, 2989, 86690, 65815, 89541, 4173, 66353, 83209, 87572, 36004, 564, 32908, 7913, 59000, 95465, 92810, 87181, 4723, 71261, 90499, 32785, 42988, 8818, 96196, 25382, 42871, 28094, 74450, 1798, 9925, 29165, 11964, 72226, 30190, 2543, 47952, 6757, 23982, 21833, 84542, 51070, 20362, 47872, 63420, 54664, 2566, 11695, 6523, 29859, 6201, 70774, 77659, 84464, 78867, 27667, 69385, 65140, 36605, 7012, 1250, 28942, 20757, 68110, 13812, 73414, 97476, 48447, 65592, 47550, 63325, 56635, 41252, 76420, 8978, 72071, 1937, 52721, 11586, 95378, 12603, 22711, 7770, 30975, 43951, 55031, 2794, 31555, 40143, 45735, 26934, 973, 11552, 95654, 8346, 61470, 70413, 10371, 43200, 65213, 34376, 43681, 71623, 66363, 61726, 96882, 59629, 26130, 46919, 32533, 16075, 75983, 81859, 16243, 8366, 15261, 18908, 62350, 61492, 83170, 50893, 81836, 3003, 93817, 66605, 40524, 65446, 28020, 1863, 725, 71665, 25810, 44842, 73472, 41194, 64753, 52869, 28406, 39260, 71021, 44544, 65259, 40879, 61260, 45447, 45201, 3321, 71834, 91841, 85944, 94448, 53777, 52512, 8549, 49201, 19980, 24764, 94536, 5157, 97859, 66443, 89316, 95801, 13183, 85710, 46447, 35334, 77529, 59421, 81195, 9851, 45065, 1228, 86952, 32820, 60942, 12527, 2701, 43832, 81092, 19751, 59457, 23812, 97339, 11061, 65182, 36676, 27888, 43573, 78010, 73786, 42822, 94936, 73010, 77609, 10163, 63290, 27012, 14424, 18531, 84803, 64958, 43258, 85321, 82524, 12515, 71837, 58848, 55036, 90390, 48542, 50684, 67693, 63530, 31868, 23633, 21579, 6184, 53131, 21002, 64832, 92053, 7184, 69006, 35823, 8901, 37893, 51534, 12913, 22446, 26285, 70255, 27641, 21932, 83656, 66575, 48694, 39512, 17613, 54185, 98358, 36273, 43014, 10733, 45136, 56634, 51849, 94288, 26786, 42387, 35475, 24444, 8118, 49485, 81714, 83778, 89561, 8738, 52024, 58874, 72716, 42311, 25454, 87595, 81934, 17964, 61433, 19494, 83691, 27415, 37037, 93113, 43616, 52964, 48333, 56234, 18241, 27411, 16419, 52538, 26653, 9839, 74465, 52527, 80201, 79630, 1840, 83276, 82109, 32792, 12949, 92039, 43765, 36272, 54630, 58463, 7943, 38328, 97833, 45183, 91200, 15929, 47964, 40561, 81809, 14276, 39018, 78090, 20469, 86063, 44225, 33166, 87717, 85524, 97465, 83919, 30571, 47291, 11687, 54825, 46134, 8685, 78917, 38709, 83964, 2221, 51487, 86847, 14005, 89651, 45410, 32614, 24838, 40258, 99135, 55054, 4969, 96553, 24382, 92307, 81538, 18598, 31340, 57241, 99094, 6002, 7419, 86820, 42779, 11869, 72254, 27411, 31840, 79401, 73664, 91511, 29301, 88737, 56727, 37464, 71958, 69508, 25388, 4807, 91309, 55535, 78168, 94902, 31655, 46027, 94454, 40509, 42451, 1052, 68891, 6541, 61185, 60171, 90386, 32613, 13324, 92786, 63265, 21684, 48267, 73039, 43664, 60352, 52907, 44675, 95496, 2418, 7997, 69656, 52682, 3534, 62641, 94861, 67850, 67794, 22721, 46227, 31666, 8747, 35366, 39868, 7244, 91381, 38982, 77500, 57926, 64111, 61778, 4991, 50703, 56802, 29847, 58359, 95807, 95068, 83415, 81616, 76533, 71507, 98373, 2134, 16453, 78850, 30462, 46604, 89830, 21706, 86295, 8595, 79105, 19655, 43131, 3478, 75436, 73052, 71062, 31739, 45697, 16052, 87826, 33911, 8138, 66268, 4656, 40763, 97630, 99868, 91639, 2772, 58917, 49516, 46748, 20804, 59466, 99872, 25910, 53332, 38030, 78030, 73087, 32427, 25656, 22734, 86384, 91610, 214, 58585, 43431, 32734, 17757, 39750, 16177, 71705, 51831, 42392, 85543, 6696, 8045, 46570, 30940, 78199, 29592, 24154, 78765, 84514, 86057, 90538, 96392, 38901, 72898, 62612, 33489, 59571, 82991, 44920, 37691, 1121, 94492, 51499, 82069, 28888, 14310, 88903, 84118, 10546, 30703, 78344, 91528, 40853, 4171, 4336, 52942, 23065, 9391, 86682, 8024, 19625, 91371, 66707, 17488, 10058, 52363, 62581, 72253, 66959, 9752, 13742, 86275, 76334, 53755, 50348, 61297, 71442, 60130, 43371, 96139, 17674, 23526, 15019, 82578, 51684, 64820, 51041, 4364, 44980, 70927, 4192, 97078, 91706, 68350, 77970, 42423, 59117, 98713, 81658, 5742, 16489, 29002, 42948, 22071, 91882, 87587, 87335, 92995, 94276, 73117, 79084, 6387, 11821, 92270, 39525, 34375, 79523, 78948, 53831, 62075, 20954, 96006, 36604, 39077, 58604, 29341, 89780, 20577, 57898, 43874, 87854, 39253, 63110, 39371, 19091, 10078, 61402, 86956, 2706, 6459, 53395, 56986, 73952, 14732, 36024, 78732, 78176, 77392, 90109, 7387, 46633, 28051, 78533, 47690, 10143, 69800, 44745, 15386, 78043, 85757, 67383, 85811, 74336, 6202, 10109, 54780, 811, 76576, 77040, 49169, 96682, 92835, 45041, 1842, 65528, 34016, 83474, 14013, 27202, 66335, 44499, 370, 21730, 52896, 71182, 85991, 39160, 40902, 55926, 35512, 75736, 13601, 92189, 77065, 84092, 98012, 48127, 11588, 90917, 67209, 11527, 94121, 43713, 79943, 21649, 81567, 58642, 44906, 74680, 40034, 91400, 63001, 5213, 55104, 32747, 93307, 38861, 27986, 4842, 71222, 96204, 50490, 41376, 83189, 378, 48774, 92287, 2703, 84308, 62388, 24134, 92282, 90947, 61816, 96517, 93801, 12248, 42612, 36596, 34402, 48549, 64887, 18886, 20656, 39553, 90994, 50931, 61171, 97927, 2047, 85741, 60257, 56686, 62824, 95036, 97774, 26512, 32213, 24226, 39119, 9190, 40253, 35323, 71271, 90577, 44, 70979, 92296, 59388, 78444, 59936, 61842, 18317, 14104, 74209, 24390, 30917, 86127, 98120, 80417, 53683, 4088, 22491, 83407, 32889, 33182, 90125, 68253, 63599, 54457, 91265, 92333, 23178, 96129, 44767, 46114, 84454, 73652, 77970, 9354, 12847, 74690, 31643, 71792, 72701, 44459, 13482, 2404, 79190, 44599, 39581, 83762, 38122, 78181, 85472, 89495, 96088, 45750, 12132, 86111, 9109, 84610, 44138, 65151, 75159, 7903, 24327, 23796, 27486, 76491, 91005, 62756, 8359, 39827, 37498, 88884, 69064, 88341, 83620, 5172, 25162, 12655, 35222, 43042, 31508, 95614, 11871, 72016, 12050, 46298, 82757, 50191, 22398, 65305, 63983, 69826, 58709, 70825, 19588, 82568, 42327, 11142, 71395, 10520, 43850, 12080, 34833, 59211, 82355, 44790, 14277, 94119, 99751, 55723, 66045, 65818, 52492, 28845, 77469, 6552, 85250, 81990, 20182, 31757, 24256, 8564, 51246, 18916, 38412, 36848, 69380, 96252, 20867, 86440, 12168, 57866, 16845, 44507, 27280, 78684, 72618, 39882, 21960, 75878, 24632, 3639, 77549, 1172, 17919, 43076, 60918, 7295, 36117, 78965, 29935, 36303, 38772, 34652, 92292, 20532, 49163, 23139, 14852, 2419, 94945, 10473, 58389, 87817, 18164, 62277, 68791, 13348, 73330, 36876, 65334, 21264, 45823, 48913, 66448, 45681, 76227, 3298, 19245, 15292, 74225, 2081, 12669, 14545, 37361, 93452, 1880, 79845, 47996, 3938, 92890, 66904, 15377, 35288, 80314, 59754, 72027, 85560, 13002, 79410, 60381, 36834, 26822, 18526, 4275, 21261, 76951, 98894, 44292, 83338, 72810, 24459, 48197]})"
55.0,8,8,8,3.5847854614257812,10113,"Genotype(dna={""<class 'abc.NT_0017'>"": [0, 91624], ""<class 'abc.NT_0017_P_00000'>"": [], ""<class 'abc.NT_0015'>"": [59754, 18526], ""<class 'abc.NT_0015_P_00000'>"": [], ""<class 'abc.NT_0000'>"": [3, 0, 68658, 75248], ""<class 'abc.NT_0000_P_00000'>"": [], ""<class 'bool'>"": [86460, 41233, 75986, 25993, 82631, 61562, 27230, 83215], ""<class 'abc.NT_0000_P_00001'>"": [], ""<class 'int'>"": [24381, 89850, 80314], ""<class 'abc.NT_0000_P_00002'>"": [], ""<class 'abc.NT_0000_P_00003'>"": [], ""<class 'abc.NT_0015_P_00001'>"": [], ""<class 'abc.NT_0010'>"": [], ""<class 'abc.NT_0010_P_00000'>"": [], ""<class 'abc.NT_0007'>"": [], ""<class 'abc.NT_0007_P_00000'>"": [], ""<class 'abc.NT_0003'>"": [], ""<class 'abc.NT_0003_P_00000'>"": [], ""<class 'abc.NT_0002'>"": [0, 15377], ""<class 'abc.NT_0002_P_00000'>"": [], ""<class 'abc.NT_0002_P_00001'>"": [], ""<class 'abc.NT_0001'>"": [4, 2, 2, 1, 95789], ""<class 'abc.NT_0001_P_00000'>"": [], ""<class 'abc.NT_0001_P_00001'>"": [], ""<class 'abc.NT_0001_P_00002'>"": [], ""<class 'abc.NT_0001_P_00003'>"": [], ""<class 'abc.NT_0001_P_00004'>"": [], ""<class 'abc.NT_0002_P_00002'>"": [], ""<class 'abc.NT_0002_P_00003'>"": [], ""<class 'abc.NT_0003_P_00001'>"": [], ""<class 'abc.NT_0003_P_00002'>"": [], ""<class 'abc.NT_0003_P_00003'>"": [], ""<class 'abc.NT_0007_P_00001'>"": [], ""<class 'abc.NT_0004'>"": [98894, 44292, 83338, 72810, 24459, 48197], ""<class 'abc.NT_0004_P_00000'>"": [], ""<class 'abc.NT_0004_P_00001'>"": [], ""<class 'abc.NT_0010_P_00001'>"": [], ""<class 'abc.NT_0008'>"": [], ""<class 'abc.NT_0008_P_00000'>"": [], ""<class 'abc.NT_0010_P_00002'>"": [], ""<class 'abc.NT_0005'>"": [], ""<class 'abc.NT_0005_P_00000'>"": [], ""<class 'abc.NT_0005_P_00001'>"": [], ""<class 'abc.NT_0009'>"": [72027, 4275], ""<class 'abc.NT_0009_P_00000'>"": [], ""<class 'abc.NT_0009_P_00001'>"": [], ""<class 'abc.NT_0006'>"": [], ""<class 'abc.NT_0006_P_00000'>"": [], ""<class 'abc.NT_0009_P_00002'>"": [], ""<class 'abc.NT_0009_P_00003'>"": [], ""<class 'abc.NT_0015_P_00002'>"": [], ""<class 'abc.NT_0015_P_00003'>"": [], ""<class 'abc.NT_0014'>"": [], ""<class 'abc.NT_0014_P_00000'>"": [], ""<class 'abc.NT_0014_P_00001'>"": [], ""<class 'abc.NT_0015_P_00004'>"": [], ""<class 'abc.NT_0017_P_00001'>"": [], ""<class 'abc.NT_0016'>"": [], ""<class 'abc.NT_0016_P_00000'>"": [], ""<class 'abc.NT_0016_P_00001'>"": [], ""<class 'abc.NT_0016_P_00002'>"": [], ""<class 'abc.NT_0017_P_00002'>"": [], '$leftovers': [60404, 57587, 20000, 54340, 26317, 6481, 50799, 53366, 57672, 15437, 41470, 43194, 76280, 53058, 16632, 24951, 11647, 20336, 85920, 79178, 86726, 29687, 35122, 19936, 77951, 52918, 77202, 86811, 49977, 33989, 62146, 44283, 86282, 53235, 34529, 93786, 26995, 59308, 96804, 32075, 89268, 17705, 44065, 20964, 70557, 41228, 50394, 73244, 80589, 89878, 70093, 13531, 33497, 2118, 78177, 32452, 6202, 17781, 36111, 70983, 16310, 50605, 68444, 59396, 2989, 86690, 65815, 89541, 4173, 66353, 83209, 87572, 36004, 564, 32908, 7913, 59000, 95465, 92810, 87181, 4723, 71261, 90499, 32785, 42988, 8818, 96196, 25382, 42871, 28094, 74450, 1798, 9925, 29165, 11964, 72226, 30190, 2543, 47952, 6757, 23982, 21833, 84542, 51070, 20362, 47872, 63420, 54664, 2566, 11695, 6523, 29859, 6201, 70774, 77659, 84464, 78867, 27667, 69385, 65140, 36605, 7012, 1250, 28942, 20757, 68110, 13812, 73414, 97476, 48447, 65592, 47550, 63325, 56635, 41252, 76420, 8978, 72071, 1937, 52721, 11586, 95378, 12603, 22711, 7770, 30975, 43951, 55031, 2794, 31555, 40143, 45735, 26934, 973, 11552, 95654, 8346, 61470, 70413, 10371, 43200, 65213, 34376, 43681, 71623, 66363, 61726, 96882, 59629, 26130, 46919, 32533, 16075, 75983, 81859, 16243, 8366, 15261, 18908, 62350, 61492, 83170, 50893, 81836, 3003, 93817, 66605, 40524, 65446, 28020, 1863, 725, 71665, 25810, 44842, 73472, 41194, 64753, 52869, 28406, 39260, 71021, 44544, 65259, 40879, 61260, 45447, 45201, 3321, 71834, 91841, 85944, 94448, 53777, 52512, 8549, 49201, 19980, 24764, 94536, 5157, 97859, 66443, 89316, 95801, 13183, 85710, 46447, 35334, 77529, 59421, 81195, 9851, 45065, 1228, 86952, 32820, 60942, 12527, 2701, 43832, 81092, 19751, 59457, 23812, 97339, 11061, 65182, 36676, 27888, 43573, 78010, 73786, 42822, 94936, 73010, 77609, 10163, 63290, 27012, 14424, 18531, 84803, 64958, 43258, 85321, 82524, 12515, 71837, 58848, 55036, 90390, 48542, 50684, 67693, 63530, 31868, 23633, 21579, 6184, 53131, 21002, 64832, 92053, 7184, 69006, 35823, 8901, 37893, 51534, 12913, 22446, 26285, 70255, 27641, 21932, 83656, 66575, 48694, 39512, 17613, 54185, 98358, 36273, 43014, 10733, 45136, 56634, 51849, 94288, 26786, 42387, 35475, 24444, 8118, 49485, 81714, 83778, 89561, 8738, 52024, 58874, 72716, 42311, 25454, 87595, 81934, 17964, 61433, 19494, 83691, 27415, 37037, 93113, 43616, 52964, 48333, 56234, 18241, 27411, 16419, 52538, 26653, 9839, 74465, 52527, 80201, 79630, 1840, 83276, 82109, 32792, 12949, 92039, 43765, 36272, 54630, 58463, 7943, 38328, 97833, 45183, 91200, 15929, 47964, 40561, 81809, 14276, 39018, 78090, 20469, 86063, 44225, 33166, 87717, 85524, 97465, 83919, 30571, 47291, 11687, 54825, 46134, 8685, 78917, 38709, 83964, 2221, 51487, 86847, 14005, 89651, 45410, 32614, 24838, 40258, 99135, 55054, 4969, 96553, 24382, 92307, 81538, 18598, 31340, 57241, 99094, 6002, 7419, 86820, 42779, 11869, 72254, 27411, 31840, 79401, 73664, 91511, 29301, 88737, 56727, 37464, 71958, 69508, 25388, 4807, 91309, 55535, 78168, 94902, 31655, 46027, 94454, 40509, 42451, 1052, 68891, 6541, 61185, 60171, 90386, 32613, 13324, 92786, 63265, 21684, 48267, 73039, 43664, 60352, 52907, 44675, 95496, 2418, 7997, 69656, 52682, 3534, 62641, 94861, 67850, 67794, 22721, 46227, 31666, 8747, 35366, 39868, 7244, 91381, 38982, 77500, 57926, 64111, 61778, 4991, 50703, 56802, 29847, 58359, 95807, 95068, 83415, 81616, 76533, 71507, 98373, 2134, 16453, 78850, 30462, 46604, 89830, 21706, 86295, 8595, 79105, 19655, 43131, 3478, 75436, 73052, 71062, 31739, 45697, 16052, 87826, 33911, 8138, 66268, 4656, 40763, 97630, 99868, 91639, 2772, 58917, 49516, 46748, 20804, 59466, 99872, 25910, 53332, 38030, 78030, 73087, 32427, 25656, 22734, 86384, 91610, 214, 58585, 43431, 32734, 17757, 39750, 16177, 71705, 51831, 42392, 85543, 6696, 8045, 46570, 30940, 78199, 29592, 24154, 78765, 84514, 86057, 90538, 96392, 38901, 72898, 62612, 33489, 59571, 82991, 44920, 37691, 1121, 94492, 51499, 82069, 28888, 14310, 88903, 84118, 10546, 30703, 78344, 91528, 40853, 4171, 4336, 52942, 23065, 9391, 86682, 8024, 19625, 91371, 66707, 17488, 10058, 52363, 62581, 72253, 66959, 9752, 13742, 86275, 76334, 53755, 50348, 61297, 71442, 60130, 43371, 96139, 17674, 23526, 15019, 82578, 51684, 64820, 51041, 4364, 44980, 70927, 4192, 97078, 91706, 68350, 77970, 42423, 59117, 98713, 81658, 5742, 16489, 29002, 42948, 22071, 91882, 87587, 87335, 92995, 94276, 73117, 79084, 6387, 11821, 92270, 39525, 34375, 79523, 78948, 53831, 62075, 20954, 96006, 36604, 39077, 58604, 29341, 89780, 20577, 57898, 43874, 87854, 39253, 63110, 39371, 19091, 10078, 61402, 86956, 2706, 6459, 53395, 56986, 73952, 14732, 36024, 78732, 78176, 77392, 90109, 7387, 46633, 28051, 78533, 47690, 10143, 69800, 44745, 15386, 78043, 85757, 67383, 85811, 74336, 6202, 10109, 54780, 811, 76576, 77040, 49169, 96682, 92835, 45041, 1842, 65528, 34016, 83474, 14013, 27202, 66335, 44499, 370, 21730, 52896, 71182, 85991, 39160, 40902, 55926, 35512, 75736, 13601, 92189, 77065, 84092, 98012, 48127, 11588, 90917, 67209, 11527, 94121, 43713, 79943, 21649, 81567, 58642, 44906, 74680, 40034, 91400, 63001, 5213, 55104, 32747, 93307, 38861, 27986, 4842, 71222, 96204, 50490, 41376, 83189, 378, 48774, 92287, 2703, 84308, 62388, 24134, 92282, 90947, 61816, 96517, 93801, 12248, 42612, 36596, 34402, 48549, 64887, 18886, 20656, 39553, 90994, 50931, 61171, 97927, 2047, 85741, 60257, 56686, 62824, 95036, 97774, 26512, 32213, 24226, 39119, 9190, 40253, 35323, 71271, 90577, 44, 70979, 92296, 59388, 78444, 59936, 61842, 18317, 14104, 74209, 24390, 30917, 86127, 98120, 80417, 53683, 4088, 22491, 83407, 32889, 33182, 90125, 68253, 63599, 54457, 91265, 92333, 23178, 96129, 44767, 46114, 84454, 73652, 77970, 9354, 12847, 74690, 31643, 71792, 72701, 44459, 13482, 2404, 79190, 44599, 39581, 83762, 38122, 78181, 85472, 89495, 96088, 45750, 12132, 86111, 9109, 84610, 44138, 65151, 75159, 7903, 24327, 23796, 27486, 76491, 91005, 62756, 8359, 39827, 37498, 88884, 69064, 88341, 83620, 5172, 25162, 12655, 35222, 43042, 31508, 95614, 11871, 72016, 12050, 46298, 82757, 50191, 22398, 65305, 63983, 69826, 58709, 70825, 19588, 82568, 42327, 11142, 71395, 10520, 43850, 12080, 34833, 59211, 82355, 44790, 14277, 94119, 99751, 55723, 66045, 65818, 52492, 28845, 77469, 6552, 85250, 81990, 20182, 31757, 24256, 8564, 51246, 18916, 38412, 36848, 69380, 96252, 20867, 86440, 12168, 57866, 16845, 44507, 27280, 78684, 72618, 39882, 21960, 75878, 24632, 3639, 77549, 1172, 17919, 43076, 60918, 7295, 36117, 78965, 29935, 36303, 38772, 34652, 92292, 20532, 49163, 23139, 14852, 2419, 94945, 10473, 58389, 87817, 18164, 62277, 68791, 13348, 73330, 36876, 65334, 21264, 45823, 48913, 66448, 45681, 76227, 3298, 19245, 15292, 74225, 2081, 12669, 14545, 37361, 93452, 1880, 79845, 47996, 3938, 92890, 66904, 15377, 35288, 80314, 59754, 72027, 85560, 13002, 79410, 60381, 36834, 26822, 18526, 4275, 21261, 76951, 98894, 44292, 83338, 72810, 24459, 48197]})"
55.0,8,8,9,3.8379335403442383,10113,"Genotype(dna={""<class 'abc.NT_0017'>"": [0, 91624], ""<class 'abc.NT_0017_P_00000'>"": [], ""<class 'abc.NT_0015'>"": [59754, 18526], ""<class 'abc.NT_0015_P_00000'>"": [], ""<class 'abc.NT_0000'>"": [3, 0, 68658, 75248], ""<class 'abc.NT_0000_P_00000'>"": [], ""<class 'bool'>"": [86460, 41233, 75986, 25993, 82631, 61562, 27230, 83215], ""<class 'abc.NT_0000_P_00001'>"": [], ""<class 'int'>"": [24381, 89850, 80314], ""<class 'abc.NT_0000_P_00002'>"": [], ""<class 'abc.NT_0000_P_00003'>"": [], ""<class 'abc.NT_0015_P_00001'>"": [], ""<class 'abc.NT_0010'>"": [], ""<class 'abc.NT_0010_P_00000'>"": [], ""<class 'abc.NT_0007'>"": [], ""<class 'abc.NT_0007_P_00000'>"": [], ""<class 'abc.NT_0003'>"": [], ""<class 'abc.NT_0003_P_00000'>"": [], ""<class 'abc.NT_0002'>"": [0, 15377], ""<class 'abc.NT_0002_P_00000'>"": [], ""<class 'abc.NT_0002_P_00001'>"": [], ""<class 'abc.NT_0001'>"": [4, 2, 2, 1, 95789], ""<class 'abc.NT_0001_P_00000'>"": [], ""<class 'abc.NT_0001_P_00001'>"": [], ""<class 'abc.NT_0001_P_00002'>"": [], ""<class 'abc.NT_0001_P_00003'>"": [], ""<class 'abc.NT_0001_P_00004'>"": [], ""<class 'abc.NT_0002_P_00002'>"": [], ""<class 'abc.NT_0002_P_00003'>"": [], ""<class 'abc.NT_0003_P_00001'>"": [], ""<class 'abc.NT_0003_P_00002'>"": [], ""<class 'abc.NT_0003_P_00003'>"": [], ""<class 'abc.NT_0007_P_00001'>"": [], ""<class 'abc.NT_0004'>"": [98894, 44292, 83338, 72810, 24459, 48197], ""<class 'abc.NT_0004_P_00000'>"": [], ""<class 'abc.NT_0004_P_00001'>"": [], ""<class 'abc.NT_0010_P_00001'>"": [], ""<class 'abc.NT_0008'>"": [], ""<class 'abc.NT_0008_P_00000'>"": [], ""<class 'abc.NT_0010_P_00002'>"": [], ""<class 'abc.NT_0005'>"": [], ""<class 'abc.NT_0005_P_00000'>"": [], ""<class 'abc.NT_0005_P_00001'>"": [], ""<class 'abc.NT_0009'>"": [72027, 4275], ""<class 'abc.NT_0009_P_00000'>"": [], ""<class 'abc.NT_0009_P_00001'>"": [], ""<class 'abc.NT_0006'>"": [], ""<class 'abc.NT_0006_P_00000'>"": [], ""<class 'abc.NT_0009_P_00002'>"": [], ""<class 'abc.NT_0009_P_00003'>"": [], ""<class 'abc.NT_0015_P_00002'>"": [], ""<class 'abc.NT_0015_P_00003'>"": [], ""<class 'abc.NT_0014'>"": [], ""<class 'abc.NT_0014_P_00000'>"": [], ""<class 'abc.NT_0014_P_00001'>"": [], ""<class 'abc.NT_0015_P_00004'>"": [], ""<class 'abc.NT_0017_P_00001'>"": [], ""<class 'abc.NT_0016'>"": [], ""<class 'abc.NT_0016_P_00000'>"": [], ""<class 'abc.NT_0016_P_00001'>"": [], ""<class 'abc.NT_0016_P_00002'>"": [], ""<class 'abc.NT_0017_P_00002'>"": [], '$leftovers': [60404, 57587, 20000, 54340, 26317, 6481, 50799, 53366, 57672, 15437, 41470, 43194, 76280, 53058, 16632, 24951, 11647, 20336, 85920, 79178, 86726, 29687, 35122, 19936, 77951, 52918, 77202, 86811, 49977, 33989, 62146, 44283, 86282, 53235, 34529, 93786, 26995, 59308, 96804, 32075, 89268, 17705, 44065, 20964, 70557, 41228, 50394, 73244, 80589, 89878, 70093, 13531, 33497, 2118, 78177, 32452, 6202, 17781, 36111, 70983, 16310, 50605, 68444, 59396, 2989, 86690, 65815, 89541, 4173, 66353, 83209, 87572, 36004, 564, 32908, 7913, 59000, 95465, 92810, 87181, 4723, 71261, 90499, 32785, 42988, 8818, 96196, 25382, 42871, 28094, 74450, 1798, 9925, 29165, 11964, 72226, 30190, 2543, 47952, 6757, 23982, 21833, 84542, 51070, 20362, 47872, 63420, 54664, 2566, 11695, 6523, 29859, 6201, 70774, 77659, 84464, 78867, 27667, 69385, 65140, 36605, 7012, 1250, 28942, 20757, 68110, 13812, 73414, 97476, 48447, 65592, 47550, 63325, 56635, 41252, 76420, 8978, 72071, 1937, 52721, 11586, 95378, 12603, 22711, 7770, 30975, 43951, 55031, 2794, 31555, 40143, 45735, 26934, 973, 11552, 95654, 8346, 61470, 70413, 10371, 43200, 65213, 34376, 43681, 71623, 66363, 61726, 96882, 59629, 26130, 46919, 32533, 16075, 75983, 81859, 16243, 8366, 15261, 18908, 62350, 61492, 83170, 50893, 81836, 3003, 93817, 66605, 40524, 65446, 28020, 1863, 725, 71665, 25810, 44842, 73472, 41194, 64753, 52869, 28406, 39260, 71021, 44544, 65259, 40879, 61260, 45447, 45201, 3321, 71834, 91841, 85944, 94448, 53777, 52512, 8549, 49201, 19980, 24764, 94536, 5157, 97859, 66443, 89316, 95801, 13183, 85710, 46447, 35334, 77529, 59421, 81195, 9851, 45065, 1228, 86952, 32820, 60942, 12527, 2701, 43832, 81092, 19751, 59457, 23812, 97339, 11061, 65182, 36676, 27888, 43573, 78010, 73786, 42822, 94936, 73010, 77609, 10163, 63290, 27012, 14424, 18531, 84803, 64958, 43258, 85321, 82524, 12515, 71837, 58848, 55036, 90390, 48542, 50684, 67693, 63530, 31868, 23633, 21579, 6184, 53131, 21002, 64832, 92053, 7184, 69006, 35823, 8901, 37893, 51534, 12913, 22446, 26285, 70255, 27641, 21932, 83656, 66575, 48694, 39512, 17613, 54185, 98358, 36273, 43014, 10733, 45136, 56634, 51849, 94288, 26786, 42387, 35475, 24444, 8118, 49485, 81714, 83778, 89561, 8738, 52024, 58874, 72716, 42311, 25454, 87595, 81934, 17964, 61433, 19494, 83691, 27415, 37037, 93113, 43616, 52964, 48333, 56234, 18241, 27411, 16419, 52538, 26653, 9839, 74465, 52527, 80201, 79630, 1840, 83276, 82109, 32792, 12949, 92039, 43765, 36272, 54630, 58463, 7943, 38328, 97833, 45183, 91200, 15929, 47964, 40561, 81809, 14276, 39018, 78090, 20469, 86063, 44225, 33166, 87717, 85524, 97465, 83919, 30571, 47291, 11687, 54825, 46134, 8685, 78917, 38709, 83964, 2221, 51487, 86847, 14005, 89651, 45410, 32614, 24838, 40258, 99135, 55054, 4969, 96553, 24382, 92307, 81538, 18598, 31340, 57241, 99094, 6002, 7419, 86820, 42779, 11869, 72254, 27411, 31840, 79401, 73664, 91511, 29301, 88737, 56727, 37464, 71958, 69508, 25388, 4807, 91309, 55535, 78168, 94902, 31655, 46027, 94454, 40509, 42451, 1052, 68891, 6541, 61185, 60171, 90386, 32613, 13324, 92786, 63265, 21684, 48267, 73039, 43664, 60352, 52907, 44675, 95496, 2418, 7997, 69656, 52682, 3534, 62641, 94861, 67850, 67794, 22721, 46227, 31666, 8747, 35366, 39868, 7244, 91381, 38982, 77500, 57926, 64111, 61778, 4991, 50703, 56802, 29847, 58359, 95807, 95068, 83415, 81616, 76533, 71507, 98373, 2134, 16453, 78850, 30462, 46604, 89830, 21706, 86295, 8595, 79105, 19655, 43131, 3478, 75436, 73052, 71062, 31739, 45697, 16052, 87826, 33911, 8138, 66268, 4656, 40763, 97630, 99868, 91639, 2772, 58917, 49516, 46748, 20804, 59466, 99872, 25910, 53332, 38030, 78030, 73087, 32427, 25656, 22734, 86384, 91610, 214, 58585, 43431, 32734, 17757, 39750, 16177, 71705, 51831, 42392, 85543, 6696, 8045, 46570, 30940, 78199, 29592, 24154, 78765, 84514, 86057, 90538, 96392, 38901, 72898, 62612, 33489, 59571, 82991, 44920, 37691, 1121, 94492, 51499, 82069, 28888, 14310, 88903, 84118, 10546, 30703, 78344, 91528, 40853, 4171, 4336, 52942, 23065, 9391, 86682, 8024, 19625, 91371, 66707, 17488, 10058, 52363, 62581, 72253, 66959, 9752, 13742, 86275, 76334, 53755, 50348, 61297, 71442, 60130, 43371, 96139, 17674, 23526, 15019, 82578, 51684, 64820, 51041, 4364, 44980, 70927, 4192, 97078, 91706, 68350, 77970, 42423, 59117, 98713, 81658, 5742, 16489, 29002, 42948, 22071, 91882, 87587, 87335, 92995, 94276, 73117, 79084, 6387, 11821, 92270, 39525, 34375, 79523, 78948, 53831, 62075, 20954, 96006, 36604, 39077, 58604, 29341, 89780, 20577, 57898, 43874, 87854, 39253, 63110, 39371, 19091, 10078, 61402, 86956, 2706, 6459, 53395, 56986, 73952, 14732, 36024, 78732, 78176, 77392, 90109, 7387, 46633, 28051, 78533, 47690, 10143, 69800, 44745, 15386, 78043, 85757, 67383, 85811, 74336, 6202, 10109, 54780, 811, 76576, 77040, 49169, 96682, 92835, 45041, 1842, 65528, 34016, 83474, 14013, 27202, 66335, 44499, 370, 21730, 52896, 71182, 85991, 39160, 40902, 55926, 35512, 75736, 13601, 92189, 77065, 84092, 98012, 48127, 11588, 90917, 67209, 11527, 94121, 43713, 79943, 21649, 81567, 58642, 44906, 74680, 40034, 91400, 63001, 5213, 55104, 32747, 93307, 38861, 27986, 4842, 71222, 96204, 50490, 41376, 83189, 378, 48774, 92287, 2703, 84308, 62388, 24134, 92282, 90947, 61816, 96517, 93801, 12248, 42612, 36596, 34402, 48549, 64887, 18886, 20656, 39553, 90994, 50931, 61171, 97927, 2047, 85741, 60257, 56686, 62824, 95036, 97774, 26512, 32213, 24226, 39119, 9190, 40253, 35323, 71271, 90577, 44, 70979, 92296, 59388, 78444, 59936, 61842, 18317, 14104, 74209, 24390, 30917, 86127, 98120, 80417, 53683, 4088, 22491, 83407, 32889, 33182, 90125, 68253, 63599, 54457, 91265, 92333, 23178, 96129, 44767, 46114, 84454, 73652, 77970, 9354, 12847, 74690, 31643, 71792, 72701, 44459, 13482, 2404, 79190, 44599, 39581, 83762, 38122, 78181, 85472, 89495, 96088, 45750, 12132, 86111, 9109, 84610, 44138, 65151, 75159, 7903, 24327, 23796, 27486, 76491, 91005, 62756, 8359, 39827, 37498, 88884, 69064, 88341, 83620, 5172, 25162, 12655, 35222, 43042, 31508, 95614, 11871, 72016, 12050, 46298, 82757, 50191, 22398, 65305, 63983, 69826, 58709, 70825, 19588, 82568, 42327, 11142, 71395, 10520, 43850, 12080, 34833, 59211, 82355, 44790, 14277, 94119, 99751, 55723, 66045, 65818, 52492, 28845, 77469, 6552, 85250, 81990, 20182, 31757, 24256, 8564, 51246, 18916, 38412, 36848, 69380, 96252, 20867, 86440, 12168, 57866, 16845, 44507, 27280, 78684, 72618, 39882, 21960, 75878, 24632, 3639, 77549, 1172, 17919, 43076, 60918, 7295, 36117, 78965, 29935, 36303, 38772, 34652, 92292, 20532, 49163, 23139, 14852, 2419, 94945, 10473, 58389, 87817, 18164, 62277, 68791, 13348, 73330, 36876, 65334, 21264, 45823, 48913, 66448, 45681, 76227, 3298, 19245, 15292, 74225, 2081, 12669, 14545, 37361, 93452, 1880, 79845, 47996, 3938, 92890, 66904, 15377, 35288, 80314, 59754, 72027, 85560, 13002, 79410, 60381, 36834, 26822, 18526, 4275, 21261, 76951, 98894, 44292, 83338, 72810, 24459, 48197]})"
55.0,8,8,10,4.264178037643433,10113,"Genotype(dna={""<class 'abc.NT_0017'>"": [0, 91624], ""<class 'abc.NT_0017_P_00000'>"": [], ""<class 'abc.NT_0015'>"": [59754, 18526], ""<class 'abc.NT_0015_P_00000'>"": [], ""<class 'abc.NT_0000'>"": [3, 0, 68658, 75248], ""<class 'abc.NT_0000_P_00000'>"": [], ""<class 'bool'>"": [86460, 41233, 75986, 25993, 82631, 61562, 27230, 83215], ""<class 'abc.NT_0000_P_00001'>"": [], ""<class 'int'>"": [24381, 89850, 80314], ""<class 'abc.NT_0000_P_00002'>"": [], ""<class 'abc.NT_0000_P_00003'>"": [], ""<class 'abc.NT_0015_P_00001'>"": [], ""<class 'abc.NT_0010'>"": [], ""<class 'abc.NT_0010_P_00000'>"": [], ""<class 'abc.NT_0007'>"": [], ""<class 'abc.NT_0007_P_00000'>"": [], ""<class 'abc.NT_0003'>"": [], ""<class 'abc.NT_0003_P_00000'>"": [], ""<class 'abc.NT_0002'>"": [0, 15377], ""<class 'abc.NT_0002_P_00000'>"": [], ""<class 'abc.NT_0002_P_00001'>"": [], ""<class 'abc.NT_0001'>"": [4, 2, 2, 1, 95789], ""<class 'abc.NT_0001_P_00000'>"": [], ""<class 'abc.NT_0001_P_00001'>"": [], ""<class 'abc.NT_0001_P_00002'>"": [], ""<class 'abc.NT_0001_P_00003'>"": [], ""<class 'abc.NT_0001_P_00004'>"": [], ""<class 'abc.NT_0002_P_00002'>"": [], ""<class 'abc.NT_0002_P_00003'>"": [], ""<class 'abc.NT_0003_P_00001'>"": [], ""<class 'abc.NT_0003_P_00002'>"": [], ""<class 'abc.NT_0003_P_00003'>"": [], ""<class 'abc.NT_0007_P_00001'>"": [], ""<class 'abc.NT_0004'>"": [98894, 44292, 83338, 72810, 24459, 48197], ""<class 'abc.NT_0004_P_00000'>"": [], ""<class 'abc.NT_0004_P_00001'>"": [], ""<class 'abc.NT_0010_P_00001'>"": [], ""<class 'abc.NT_0008'>"": [], ""<class 'abc.NT_0008_P_00000'>"": [], ""<class 'abc.NT_0010_P_00002'>"": [], ""<class 'abc.NT_0005'>"": [], ""<class 'abc.NT_0005_P_00000'>"": [], ""<class 'abc.NT_0005_P_00001'>"": [], ""<class 'abc.NT_0009'>"": [72027, 4275], ""<class 'abc.NT_0009_P_00000'>"": [], ""<class 'abc.NT_0009_P_00001'>"": [], ""<class 'abc.NT_0006'>"": [], ""<class 'abc.NT_0006_P_00000'>"": [], ""<class 'abc.NT_0009_P_00002'>"": [], ""<class 'abc.NT_0009_P_00003'>"": [], ""<class 'abc.NT_0015_P_00002'>"": [], ""<class 'abc.NT_0015_P_00003'>"": [], ""<class 'abc.NT_0014'>"": [], ""<class 'abc.NT_0014_P_00000'>"": [], ""<class 'abc.NT_0014_P_00001'>"": [], ""<class 'abc.NT_0015_P_00004'>"": [], ""<class 'abc.NT_0017_P_00001'>"": [], ""<class 'abc.NT_0016'>"": [], ""<class 'abc.NT_0016_P_00000'>"": [], ""<class 'abc.NT_0016_P_00001'>"": [], ""<class 'abc.NT_0016_P_00002'>"": [], ""<class 'abc.NT_0017_P_00002'>"": [], '$leftovers': [60404, 57587, 20000, 54340, 26317, 6481, 50799, 53366, 57672, 15437, 41470, 43194, 76280, 53058, 16632, 24951, 11647, 20336, 85920, 79178, 86726, 29687, 35122, 19936, 77951, 52918, 77202, 86811, 49977, 33989, 62146, 44283, 86282, 53235, 34529, 93786, 26995, 59308, 96804, 32075, 89268, 17705, 44065, 20964, 70557, 41228, 50394, 73244, 80589, 89878, 70093, 13531, 33497, 2118, 78177, 32452, 6202, 17781, 36111, 70983, 16310, 50605, 68444, 59396, 2989, 86690, 65815, 89541, 4173, 66353, 83209, 87572, 36004, 564, 32908, 7913, 59000, 95465, 92810, 87181, 4723, 71261, 90499, 32785, 42988, 8818, 96196, 25382, 42871, 28094, 74450, 1798, 9925, 29165, 11964, 72226, 30190, 2543, 47952, 6757, 23982, 21833, 84542, 51070, 20362, 47872, 63420, 54664, 2566, 11695, 6523, 29859, 6201, 70774, 77659, 84464, 78867, 27667, 69385, 65140, 36605, 7012, 1250, 28942, 20757, 68110, 13812, 73414, 97476, 48447, 65592, 47550, 63325, 56635, 41252, 76420, 8978, 72071, 1937, 52721, 11586, 95378, 12603, 22711, 7770, 30975, 43951, 55031, 2794, 31555, 40143, 45735, 26934, 973, 11552, 95654, 8346, 61470, 70413, 10371, 43200, 65213, 34376, 43681, 71623, 66363, 61726, 96882, 59629, 26130, 46919, 32533, 16075, 75983, 81859, 16243, 8366, 15261, 18908, 62350, 61492, 83170, 50893, 81836, 3003, 93817, 66605, 40524, 65446, 28020, 1863, 725, 71665, 25810, 44842, 73472, 41194, 64753, 52869, 28406, 39260, 71021, 44544, 65259, 40879, 61260, 45447, 45201, 3321, 71834, 91841, 85944, 94448, 53777, 52512, 8549, 49201, 19980, 24764, 94536, 5157, 97859, 66443, 89316, 95801, 13183, 85710, 46447, 35334, 77529, 59421, 81195, 9851, 45065, 1228, 86952, 32820, 60942, 12527, 2701, 43832, 81092, 19751, 59457, 23812, 97339, 11061, 65182, 36676, 27888, 43573, 78010, 73786, 42822, 94936, 73010, 77609, 10163, 63290, 27012, 14424, 18531, 84803, 64958, 43258, 85321, 82524, 12515, 71837, 58848, 55036, 90390, 48542, 50684, 67693, 63530, 31868, 23633, 21579, 6184, 53131, 21002, 64832, 92053, 7184, 69006, 35823, 8901, 37893, 51534, 12913, 22446, 26285, 70255, 27641, 21932, 83656, 66575, 48694, 39512, 17613, 54185, 98358, 36273, 43014, 10733, 45136, 56634, 51849, 94288, 26786, 42387, 35475, 24444, 8118, 49485, 81714, 83778, 89561, 8738, 52024, 58874, 72716, 42311, 25454, 87595, 81934, 17964, 61433, 19494, 83691, 27415, 37037, 93113, 43616, 52964, 48333, 56234, 18241, 27411, 16419, 52538, 26653, 9839, 74465, 52527, 80201, 79630, 1840, 83276, 82109, 32792, 12949, 92039, 43765, 36272, 54630, 58463, 7943, 38328, 97833, 45183, 91200, 15929, 47964, 40561, 81809, 14276, 39018, 78090, 20469, 86063, 44225, 33166, 87717, 85524, 97465, 83919, 30571, 47291, 11687, 54825, 46134, 8685, 78917, 38709, 83964, 2221, 51487, 86847, 14005, 89651, 45410, 32614, 24838, 40258, 99135, 55054, 4969, 96553, 24382, 92307, 81538, 18598, 31340, 57241, 99094, 6002, 7419, 86820, 42779, 11869, 72254, 27411, 31840, 79401, 73664, 91511, 29301, 88737, 56727, 37464, 71958, 69508, 25388, 4807, 91309, 55535, 78168, 94902, 31655, 46027, 94454, 40509, 42451, 1052, 68891, 6541, 61185, 60171, 90386, 32613, 13324, 92786, 63265, 21684, 48267, 73039, 43664, 60352, 52907, 44675, 95496, 2418, 7997, 69656, 52682, 3534, 62641, 94861, 67850, 67794, 22721, 46227, 31666, 8747, 35366, 39868, 7244, 91381, 38982, 77500, 57926, 64111, 61778, 4991, 50703, 56802, 29847, 58359, 95807, 95068, 83415, 81616, 76533, 71507, 98373, 2134, 16453, 78850, 30462, 46604, 89830, 21706, 86295, 8595, 79105, 19655, 43131, 3478, 75436, 73052, 71062, 31739, 45697, 16052, 87826, 33911, 8138, 66268, 4656, 40763, 97630, 99868, 91639, 2772, 58917, 49516, 46748, 20804, 59466, 99872, 25910, 53332, 38030, 78030, 73087, 32427, 25656, 22734, 86384, 91610, 214, 58585, 43431, 32734, 17757, 39750, 16177, 71705, 51831, 42392, 85543, 6696, 8045, 46570, 30940, 78199, 29592, 24154, 78765, 84514, 86057, 90538, 96392, 38901, 72898, 62612, 33489, 59571, 82991, 44920, 37691, 1121, 94492, 51499, 82069, 28888, 14310, 88903, 84118, 10546, 30703, 78344, 91528, 40853, 4171, 4336, 52942, 23065, 9391, 86682, 8024, 19625, 91371, 66707, 17488, 10058, 52363, 62581, 72253, 66959, 9752, 13742, 86275, 76334, 53755, 50348, 61297, 71442, 60130, 43371, 96139, 17674, 23526, 15019, 82578, 51684, 64820, 51041, 4364, 44980, 70927, 4192, 97078, 91706, 68350, 77970, 42423, 59117, 98713, 81658, 5742, 16489, 29002, 42948, 22071, 91882, 87587, 87335, 92995, 94276, 73117, 79084, 6387, 11821, 92270, 39525, 34375, 79523, 78948, 53831, 62075, 20954, 96006, 36604, 39077, 58604, 29341, 89780, 20577, 57898, 43874, 87854, 39253, 63110, 39371, 19091, 10078, 61402, 86956, 2706, 6459, 53395, 56986, 73952, 14732, 36024, 78732, 78176, 77392, 90109, 7387, 46633, 28051, 78533, 47690, 10143, 69800, 44745, 15386, 78043, 85757, 67383, 85811, 74336, 6202, 10109, 54780, 811, 76576, 77040, 49169, 96682, 92835, 45041, 1842, 65528, 34016, 83474, 14013, 27202, 66335, 44499, 370, 21730, 52896, 71182, 85991, 39160, 40902, 55926, 35512, 75736, 13601, 92189, 77065, 84092, 98012, 48127, 11588, 90917, 67209, 11527, 94121, 43713, 79943, 21649, 81567, 58642, 44906, 74680, 40034, 91400, 63001, 5213, 55104, 32747, 93307, 38861, 27986, 4842, 71222, 96204, 50490, 41376, 83189, 378, 48774, 92287, 2703, 84308, 62388, 24134, 92282, 90947, 61816, 96517, 93801, 12248, 42612, 36596, 34402, 48549, 64887, 18886, 20656, 39553, 90994, 50931, 61171, 97927, 2047, 85741, 60257, 56686, 62824, 95036, 97774, 26512, 32213, 24226, 39119, 9190, 40253, 35323, 71271, 90577, 44, 70979, 92296, 59388, 78444, 59936, 61842, 18317, 14104, 74209, 24390, 30917, 86127, 98120, 80417, 53683, 4088, 22491, 83407, 32889, 33182, 90125, 68253, 63599, 54457, 91265, 92333, 23178, 96129, 44767, 46114, 84454, 73652, 77970, 9354, 12847, 74690, 31643, 71792, 72701, 44459, 13482, 2404, 79190, 44599, 39581, 83762, 38122, 78181, 85472, 89495, 96088, 45750, 12132, 86111, 9109, 84610, 44138, 65151, 75159, 7903, 24327, 23796, 27486, 76491, 91005, 62756, 8359, 39827, 37498, 88884, 69064, 88341, 83620, 5172, 25162, 12655, 35222, 43042, 31508, 95614, 11871, 72016, 12050, 46298, 82757, 50191, 22398, 65305, 63983, 69826, 58709, 70825, 19588, 82568, 42327, 11142, 71395, 10520, 43850, 12080, 34833, 59211, 82355, 44790, 14277, 94119, 99751, 55723, 66045, 65818, 52492, 28845, 77469, 6552, 85250, 81990, 20182, 31757, 24256, 8564, 51246, 18916, 38412, 36848, 69380, 96252, 20867, 86440, 12168, 57866, 16845, 44507, 27280, 78684, 72618, 39882, 21960, 75878, 24632, 3639, 77549, 1172, 17919, 43076, 60918, 7295, 36117, 78965, 29935, 36303, 38772, 34652, 92292, 20532, 49163, 23139, 14852, 2419, 94945, 10473, 58389, 87817, 18164, 62277, 68791, 13348, 73330, 36876, 65334, 21264, 45823, 48913, 66448, 45681, 76227, 3298, 19245, 15292, 74225, 2081, 12669, 14545, 37361, 93452, 1880, 79845, 47996, 3938, 92890, 66904, 15377, 35288, 80314, 59754, 72027, 85560, 13002, 79410, 60381, 36834, 26822, 18526, 4275, 21261, 76951, 98894, 44292, 83338, 72810, 24459, 48197]})"
55.0,8,8,11,4.514020919799805,10113,"Genotype(dna={""<class 'abc.NT_0017'>"": [0, 91624], ""<class 'abc.NT_0017_P_00000'>"": [], ""<class 'abc.NT_0015'>"": [59754, 18526], ""<class 'abc.NT_0015_P_00000'>"": [], ""<class 'abc.NT_0000'>"": [3, 0, 68658, 75248], ""<class 'abc.NT_0000_P_00000'>"": [], ""<class 'bool'>"": [86460, 41233, 75986, 25993, 82631, 61562, 27230, 83215], ""<class 'abc.NT_0000_P_00001'>"": [], ""<class 'int'>"": [24381, 89850, 80314], ""<class 'abc.NT_0000_P_00002'>"": [], ""<class 'abc.NT_0000_P_00003'>"": [], ""<class 'abc.NT_0015_P_00001'>"": [], ""<class 'abc.NT_0010'>"": [], ""<class 'abc.NT_0010_P_00000'>"": [], ""<class 'abc.NT_0007'>"": [], ""<class 'abc.NT_0007_P_00000'>"": [], ""<class 'abc.NT_0003'>"": [], ""<class 'abc.NT_0003_P_00000'>"": [], ""<class 'abc.NT_0002'>"": [0, 15377], ""<class 'abc.NT_0002_P_00000'>"": [], ""<class 'abc.NT_0002_P_00001'>"": [], ""<class 'abc.NT_0001'>"": [4, 2, 2, 1, 95789], ""<class 'abc.NT_0001_P_00000'>"": [], ""<class 'abc.NT_0001_P_00001'>"": [], ""<class 'abc.NT_0001_P_00002'>"": [], ""<class 'abc.NT_0001_P_00003'>"": [], ""<class 'abc.NT_0001_P_00004'>"": [], ""<class 'abc.NT_0002_P_00002'>"": [], ""<class 'abc.NT_0002_P_00003'>"": [], ""<class 'abc.NT_0003_P_00001'>"": [], ""<class 'abc.NT_0003_P_00002'>"": [], ""<class 'abc.NT_0003_P_00003'>"": [], ""<class 'abc.NT_0007_P_00001'>"": [], ""<class 'abc.NT_0004'>"": [98894, 44292, 83338, 72810, 24459, 48197], ""<class 'abc.NT_0004_P_00000'>"": [], ""<class 'abc.NT_0004_P_00001'>"": [], ""<class 'abc.NT_0010_P_00001'>"": [], ""<class 'abc.NT_0008'>"": [], ""<class 'abc.NT_0008_P_00000'>"": [], ""<class 'abc.NT_0010_P_00002'>"": [], ""<class 'abc.NT_0005'>"": [], ""<class 'abc.NT_0005_P_00000'>"": [], ""<class 'abc.NT_0005_P_00001'>"": [], ""<class 'abc.NT_0009'>"": [72027, 4275], ""<class 'abc.NT_0009_P_00000'>"": [], ""<class 'abc.NT_0009_P_00001'>"": [], ""<class 'abc.NT_0006'>"": [], ""<class 'abc.NT_0006_P_00000'>"": [], ""<class 'abc.NT_0009_P_00002'>"": [], ""<class 'abc.NT_0009_P_00003'>"": [], ""<class 'abc.NT_0015_P_00002'>"": [], ""<class 'abc.NT_0015_P_00003'>"": [], ""<class 'abc.NT_0014'>"": [], ""<class 'abc.NT_0014_P_00000'>"": [], ""<class 'abc.NT_0014_P_00001'>"": [], ""<class 'abc.NT_0015_P_00004'>"": [], ""<class 'abc.NT_0017_P_00001'>"": [], ""<class 'abc.NT_0016'>"": [], ""<class 'abc.NT_0016_P_00000'>"": [], ""<class 'abc.NT_0016_P_00001'>"": [], ""<class 'abc.NT_0016_P_00002'>"": [], ""<class 'abc.NT_0017_P_00002'>"": [], '$leftovers': [60404, 57587, 20000, 54340, 26317, 6481, 50799, 53366, 57672, 15437, 41470, 43194, 76280, 53058, 16632, 24951, 11647, 20336, 85920, 79178, 86726, 29687, 35122, 19936, 77951, 52918, 77202, 86811, 49977, 33989, 62146, 44283, 86282, 53235, 34529, 93786, 26995, 59308, 96804, 32075, 89268, 17705, 44065, 20964, 70557, 41228, 50394, 73244, 80589, 89878, 70093, 13531, 33497, 2118, 78177, 32452, 6202, 17781, 36111, 70983, 16310, 50605, 68444, 59396, 2989, 86690, 65815, 89541, 4173, 66353, 83209, 87572, 36004, 564, 32908, 7913, 59000, 95465, 92810, 87181, 4723, 71261, 90499, 32785, 42988, 8818, 96196, 25382, 42871, 28094, 74450, 1798, 9925, 29165, 11964, 72226, 30190, 2543, 47952, 6757, 23982, 21833, 84542, 51070, 20362, 47872, 63420, 54664, 2566, 11695, 6523, 29859, 6201, 70774, 77659, 84464, 78867, 27667, 69385, 65140, 36605, 7012, 1250, 28942, 20757, 68110, 13812, 73414, 97476, 48447, 65592, 47550, 63325, 56635, 41252, 76420, 8978, 72071, 1937, 52721, 11586, 95378, 12603, 22711, 7770, 30975, 43951, 55031, 2794, 31555, 40143, 45735, 26934, 973, 11552, 95654, 8346, 61470, 70413, 10371, 43200, 65213, 34376, 43681, 71623, 66363, 61726, 96882, 59629, 26130, 46919, 32533, 16075, 75983, 81859, 16243, 8366, 15261, 18908, 62350, 61492, 83170, 50893, 81836, 3003, 93817, 66605, 40524, 65446, 28020, 1863, 725, 71665, 25810, 44842, 73472, 41194, 64753, 52869, 28406, 39260, 71021, 44544, 65259, 40879, 61260, 45447, 45201, 3321, 71834, 91841, 85944, 94448, 53777, 52512, 8549, 49201, 19980, 24764, 94536, 5157, 97859, 66443, 89316, 95801, 13183, 85710, 46447, 35334, 77529, 59421, 81195, 9851, 45065, 1228, 86952, 32820, 60942, 12527, 2701, 43832, 81092, 19751, 59457, 23812, 97339, 11061, 65182, 36676, 27888, 43573, 78010, 73786, 42822, 94936, 73010, 77609, 10163, 63290, 27012, 14424, 18531, 84803, 64958, 43258, 85321, 82524, 12515, 71837, 58848, 55036, 90390, 48542, 50684, 67693, 63530, 31868, 23633, 21579, 6184, 53131, 21002, 64832, 92053, 7184, 69006, 35823, 8901, 37893, 51534, 12913, 22446, 26285, 70255, 27641, 21932, 83656, 66575, 48694, 39512, 17613, 54185, 98358, 36273, 43014, 10733, 45136, 56634, 51849, 94288, 26786, 42387, 35475, 24444, 8118, 49485, 81714, 83778, 89561, 8738, 52024, 58874, 72716, 42311, 25454, 87595, 81934, 17964, 61433, 19494, 83691, 27415, 37037, 93113, 43616, 52964, 48333, 56234, 18241, 27411, 16419, 52538, 26653, 9839, 74465, 52527, 80201, 79630, 1840, 83276, 82109, 32792, 12949, 92039, 43765, 36272, 54630, 58463, 7943, 38328, 97833, 45183, 91200, 15929, 47964, 40561, 81809, 14276, 39018, 78090, 20469, 86063, 44225, 33166, 87717, 85524, 97465, 83919, 30571, 47291, 11687, 54825, 46134, 8685, 78917, 38709, 83964, 2221, 51487, 86847, 14005, 89651, 45410, 32614, 24838, 40258, 99135, 55054, 4969, 96553, 24382, 92307, 81538, 18598, 31340, 57241, 99094, 6002, 7419, 86820, 42779, 11869, 72254, 27411, 31840, 79401, 73664, 91511, 29301, 88737, 56727, 37464, 71958, 69508, 25388, 4807, 91309, 55535, 78168, 94902, 31655, 46027, 94454, 40509, 42451, 1052, 68891, 6541, 61185, 60171, 90386, 32613, 13324, 92786, 63265, 21684, 48267, 73039, 43664, 60352, 52907, 44675, 95496, 2418, 7997, 69656, 52682, 3534, 62641, 94861, 67850, 67794, 22721, 46227, 31666, 8747, 35366, 39868, 7244, 91381, 38982, 77500, 57926, 64111, 61778, 4991, 50703, 56802, 29847, 58359, 95807, 95068, 83415, 81616, 76533, 71507, 98373, 2134, 16453, 78850, 30462, 46604, 89830, 21706, 86295, 8595, 79105, 19655, 43131, 3478, 75436, 73052, 71062, 31739, 45697, 16052, 87826, 33911, 8138, 66268, 4656, 40763, 97630, 99868, 91639, 2772, 58917, 49516, 46748, 20804, 59466, 99872, 25910, 53332, 38030, 78030, 73087, 32427, 25656, 22734, 86384, 91610, 214, 58585, 43431, 32734, 17757, 39750, 16177, 71705, 51831, 42392, 85543, 6696, 8045, 46570, 30940, 78199, 29592, 24154, 78765, 84514, 86057, 90538, 96392, 38901, 72898, 62612, 33489, 59571, 82991, 44920, 37691, 1121, 94492, 51499, 82069, 28888, 14310, 88903, 84118, 10546, 30703, 78344, 91528, 40853, 4171, 4336, 52942, 23065, 9391, 86682, 8024, 19625, 91371, 66707, 17488, 10058, 52363, 62581, 72253, 66959, 9752, 13742, 86275, 76334, 53755, 50348, 61297, 71442, 60130, 43371, 96139, 17674, 23526, 15019, 82578, 51684, 64820, 51041, 4364, 44980, 70927, 4192, 97078, 91706, 68350, 77970, 42423, 59117, 98713, 81658, 5742, 16489, 29002, 42948, 22071, 91882, 87587, 87335, 92995, 94276, 73117, 79084, 6387, 11821, 92270, 39525, 34375, 79523, 78948, 53831, 62075, 20954, 96006, 36604, 39077, 58604, 29341, 89780, 20577, 57898, 43874, 87854, 39253, 63110, 39371, 19091, 10078, 61402, 86956, 2706, 6459, 53395, 56986, 73952, 14732, 36024, 78732, 78176, 77392, 90109, 7387, 46633, 28051, 78533, 47690, 10143, 69800, 44745, 15386, 78043, 85757, 67383, 85811, 74336, 6202, 10109, 54780, 811, 76576, 77040, 49169, 96682, 92835, 45041, 1842, 65528, 34016, 83474, 14013, 27202, 66335, 44499, 370, 21730, 52896, 71182, 85991, 39160, 40902, 55926, 35512, 75736, 13601, 92189, 77065, 84092, 98012, 48127, 11588, 90917, 67209, 11527, 94121, 43713, 79943, 21649, 81567, 58642, 44906, 74680, 40034, 91400, 63001, 5213, 55104, 32747, 93307, 38861, 27986, 4842, 71222, 96204, 50490, 41376, 83189, 378, 48774, 92287, 2703, 84308, 62388, 24134, 92282, 90947, 61816, 96517, 93801, 12248, 42612, 36596, 34402, 48549, 64887, 18886, 20656, 39553, 90994, 50931, 61171, 97927, 2047, 85741, 60257, 56686, 62824, 95036, 97774, 26512, 32213, 24226, 39119, 9190, 40253, 35323, 71271, 90577, 44, 70979, 92296, 59388, 78444, 59936, 61842, 18317, 14104, 74209, 24390, 30917, 86127, 98120, 80417, 53683, 4088, 22491, 83407, 32889, 33182, 90125, 68253, 63599, 54457, 91265, 92333, 23178, 96129, 44767, 46114, 84454, 73652, 77970, 9354, 12847, 74690, 31643, 71792, 72701, 44459, 13482, 2404, 79190, 44599, 39581, 83762, 38122, 78181, 85472, 89495, 96088, 45750, 12132, 86111, 9109, 84610, 44138, 65151, 75159, 7903, 24327, 23796, 27486, 76491, 91005, 62756, 8359, 39827, 37498, 88884, 69064, 88341, 83620, 5172, 25162, 12655, 35222, 43042, 31508, 95614, 11871, 72016, 12050, 46298, 82757, 50191, 22398, 65305, 63983, 69826, 58709, 70825, 19588, 82568, 42327, 11142, 71395, 10520, 43850, 12080, 34833, 59211, 82355, 44790, 14277, 94119, 99751, 55723, 66045, 65818, 52492, 28845, 77469, 6552, 85250, 81990, 20182, 31757, 24256, 8564, 51246, 18916, 38412, 36848, 69380, 96252, 20867, 86440, 12168, 57866, 16845, 44507, 27280, 78684, 72618, 39882, 21960, 75878, 24632, 3639, 77549, 1172, 17919, 43076, 60918, 7295, 36117, 78965, 29935, 36303, 38772, 34652, 92292, 20532, 49163, 23139, 14852, 2419, 94945, 10473, 58389, 87817, 18164, 62277, 68791, 13348, 73330, 36876, 65334, 21264, 45823, 48913, 66448, 45681, 76227, 3298, 19245, 15292, 74225, 2081, 12669, 14545, 37361, 93452, 1880, 79845, 47996, 3938, 92890, 66904, 15377, 35288, 80314, 59754, 72027, 85560, 13002, 79410, 60381, 36834, 26822, 18526, 4275, 21261, 76951, 98894, 44292, 83338, 72810, 24459, 48197]})"
55.0,8,8,12,4.832614421844482,10113,"Genotype(dna={""<class 'abc.NT_0017'>"": [0, 91624], ""<class 'abc.NT_0017_P_00000'>"": [], ""<class 'abc.NT_0015'>"": [59754, 18526], ""<class 'abc.NT_0015_P_00000'>"": [], ""<class 'abc.NT_0000'>"": [3, 0, 68658, 75248], ""<class 'abc.NT_0000_P_00000'>"": [], ""<class 'bool'>"": [86460, 41233, 75986, 25993, 82631, 61562, 27230, 83215], ""<class 'abc.NT_0000_P_00001'>"": [], ""<class 'int'>"": [24381, 89850, 80314], ""<class 'abc.NT_0000_P_00002'>"": [], ""<class 'abc.NT_0000_P_00003'>"": [], ""<class 'abc.NT_0015_P_00001'>"": [], ""<class 'abc.NT_0010'>"": [], ""<class 'abc.NT_0010_P_00000'>"": [], ""<class 'abc.NT_0007'>"": [], ""<class 'abc.NT_0007_P_00000'>"": [], ""<class 'abc.NT_0003'>"": [], ""<class 'abc.NT_0003_P_00000'>"": [], ""<class 'abc.NT_0002'>"": [0, 15377], ""<class 'abc.NT_0002_P_00000'>"": [], ""<class 'abc.NT_0002_P_00001'>"": [], ""<class 'abc.NT_0001'>"": [4, 2, 2, 1, 95789], ""<class 'abc.NT_0001_P_00000'>"": [], ""<class 'abc.NT_0001_P_00001'>"": [], ""<class 'abc.NT_0001_P_00002'>"": [], ""<class 'abc.NT_0001_P_00003'>"": [], ""<class 'abc.NT_0001_P_00004'>"": [], ""<class 'abc.NT_0002_P_00002'>"": [], ""<class 'abc.NT_0002_P_00003'>"": [], ""<class 'abc.NT_0003_P_00001'>"": [], ""<class 'abc.NT_0003_P_00002'>"": [], ""<class 'abc.NT_0003_P_00003'>"": [], ""<class 'abc.NT_0007_P_00001'>"": [], ""<class 'abc.NT_0004'>"": [98894, 44292, 83338, 72810, 24459, 48197], ""<class 'abc.NT_0004_P_00000'>"": [], ""<class 'abc.NT_0004_P_00001'>"": [], ""<class 'abc.NT_0010_P_00001'>"": [], ""<class 'abc.NT_0008'>"": [], ""<class 'abc.NT_0008_P_00000'>"": [], ""<class 'abc.NT_0010_P_00002'>"": [], ""<class 'abc.NT_0005'>"": [], ""<class 'abc.NT_0005_P_00000'>"": [], ""<class 'abc.NT_0005_P_00001'>"": [], ""<class 'abc.NT_0009'>"": [72027, 4275], ""<class 'abc.NT_0009_P_00000'>"": [], ""<class 'abc.NT_0009_P_00001'>"": [], ""<class 'abc.NT_0006'>"": [], ""<class 'abc.NT_0006_P_00000'>"": [], ""<class 'abc.NT_0009_P_00002'>"": [], ""<class 'abc.NT_0009_P_00003'>"": [], ""<class 'abc.NT_0015_P_00002'>"": [], ""<class 'abc.NT_0015_P_00003'>"": [], ""<class 'abc.NT_0014'>"": [], ""<class 'abc.NT_0014_P_00000'>"": [], ""<class 'abc.NT_0014_P_00001'>"": [], ""<class 'abc.NT_0015_P_00004'>"": [], ""<class 'abc.NT_0017_P_00001'>"": [], ""<class 'abc.NT_0016'>"": [], ""<class 'abc.NT_0016_P_00000'>"": [], ""<class 'abc.NT_0016_P_00001'>"": [], ""<class 'abc.NT_0016_P_00002'>"": [], ""<class 'abc.NT_0017_P_00002'>"": [], '$leftovers': [60404, 57587, 20000, 54340, 26317, 6481, 50799, 53366, 57672, 15437, 41470, 43194, 76280, 53058, 16632, 24951, 11647, 20336, 85920, 79178, 86726, 29687, 35122, 19936, 77951, 52918, 77202, 86811, 49977, 33989, 62146, 44283, 86282, 53235, 34529, 93786, 26995, 59308, 96804, 32075, 89268, 17705, 44065, 20964, 70557, 41228, 50394, 73244, 80589, 89878, 70093, 13531, 33497, 2118, 78177, 32452, 6202, 17781, 36111, 70983, 16310, 50605, 68444, 59396, 2989, 86690, 65815, 89541, 4173, 66353, 83209, 87572, 36004, 564, 32908, 7913, 59000, 95465, 92810, 87181, 4723, 71261, 90499, 32785, 42988, 8818, 96196, 25382, 42871, 28094, 74450, 1798, 9925, 29165, 11964, 72226, 30190, 2543, 47952, 6757, 23982, 21833, 84542, 51070, 20362, 47872, 63420, 54664, 2566, 11695, 6523, 29859, 6201, 70774, 77659, 84464, 78867, 27667, 69385, 65140, 36605, 7012, 1250, 28942, 20757, 68110, 13812, 73414, 97476, 48447, 65592, 47550, 63325, 56635, 41252, 76420, 8978, 72071, 1937, 52721, 11586, 95378, 12603, 22711, 7770, 30975, 43951, 55031, 2794, 31555, 40143, 45735, 26934, 973, 11552, 95654, 8346, 61470, 70413, 10371, 43200, 65213, 34376, 43681, 71623, 66363, 61726, 96882, 59629, 26130, 46919, 32533, 16075, 75983, 81859, 16243, 8366, 15261, 18908, 62350, 61492, 83170, 50893, 81836, 3003, 93817, 66605, 40524, 65446, 28020, 1863, 725, 71665, 25810, 44842, 73472, 41194, 64753, 52869, 28406, 39260, 71021, 44544, 65259, 40879, 61260, 45447, 45201, 3321, 71834, 91841, 85944, 94448, 53777, 52512, 8549, 49201, 19980, 24764, 94536, 5157, 97859, 66443, 89316, 95801, 13183, 85710, 46447, 35334, 77529, 59421, 81195, 9851, 45065, 1228, 86952, 32820, 60942, 12527, 2701, 43832, 81092, 19751, 59457, 23812, 97339, 11061, 65182, 36676, 27888, 43573, 78010, 73786, 42822, 94936, 73010, 77609, 10163, 63290, 27012, 14424, 18531, 84803, 64958, 43258, 85321, 82524, 12515, 71837, 58848, 55036, 90390, 48542, 50684, 67693, 63530, 31868, 23633, 21579, 6184, 53131, 21002, 64832, 92053, 7184, 69006, 35823, 8901, 37893, 51534, 12913, 22446, 26285, 70255, 27641, 21932, 83656, 66575, 48694, 39512, 17613, 54185, 98358, 36273, 43014, 10733, 45136, 56634, 51849, 94288, 26786, 42387, 35475, 24444, 8118, 49485, 81714, 83778, 89561, 8738, 52024, 58874, 72716, 42311, 25454, 87595, 81934, 17964, 61433, 19494, 83691, 27415, 37037, 93113, 43616, 52964, 48333, 56234, 18241, 27411, 16419, 52538, 26653, 9839, 74465, 52527, 80201, 79630, 1840, 83276, 82109, 32792, 12949, 92039, 43765, 36272, 54630, 58463, 7943, 38328, 97833, 45183, 91200, 15929, 47964, 40561, 81809, 14276, 39018, 78090, 20469, 86063, 44225, 33166, 87717, 85524, 97465, 83919, 30571, 47291, 11687, 54825, 46134, 8685, 78917, 38709, 83964, 2221, 51487, 86847, 14005, 89651, 45410, 32614, 24838, 40258, 99135, 55054, 4969, 96553, 24382, 92307, 81538, 18598, 31340, 57241, 99094, 6002, 7419, 86820, 42779, 11869, 72254, 27411, 31840, 79401, 73664, 91511, 29301, 88737, 56727, 37464, 71958, 69508, 25388, 4807, 91309, 55535, 78168, 94902, 31655, 46027, 94454, 40509, 42451, 1052, 68891, 6541, 61185, 60171, 90386, 32613, 13324, 92786, 63265, 21684, 48267, 73039, 43664, 60352, 52907, 44675, 95496, 2418, 7997, 69656, 52682, 3534, 62641, 94861, 67850, 67794, 22721, 46227, 31666, 8747, 35366, 39868, 7244, 91381, 38982, 77500, 57926, 64111, 61778, 4991, 50703, 56802, 29847, 58359, 95807, 95068, 83415, 81616, 76533, 71507, 98373, 2134, 16453, 78850, 30462, 46604, 89830, 21706, 86295, 8595, 79105, 19655, 43131, 3478, 75436, 73052, 71062, 31739, 45697, 16052, 87826, 33911, 8138, 66268, 4656, 40763, 97630, 99868, 91639, 2772, 58917, 49516, 46748, 20804, 59466, 99872, 25910, 53332, 38030, 78030, 73087, 32427, 25656, 22734, 86384, 91610, 214, 58585, 43431, 32734, 17757, 39750, 16177, 71705, 51831, 42392, 85543, 6696, 8045, 46570, 30940, 78199, 29592, 24154, 78765, 84514, 86057, 90538, 96392, 38901, 72898, 62612, 33489, 59571, 82991, 44920, 37691, 1121, 94492, 51499, 82069, 28888, 14310, 88903, 84118, 10546, 30703, 78344, 91528, 40853, 4171, 4336, 52942, 23065, 9391, 86682, 8024, 19625, 91371, 66707, 17488, 10058, 52363, 62581, 72253, 66959, 9752, 13742, 86275, 76334, 53755, 50348, 61297, 71442, 60130, 43371, 96139, 17674, 23526, 15019, 82578, 51684, 64820, 51041, 4364, 44980, 70927, 4192, 97078, 91706, 68350, 77970, 42423, 59117, 98713, 81658, 5742, 16489, 29002, 42948, 22071, 91882, 87587, 87335, 92995, 94276, 73117, 79084, 6387, 11821, 92270, 39525, 34375, 79523, 78948, 53831, 62075, 20954, 96006, 36604, 39077, 58604, 29341, 89780, 20577, 57898, 43874, 87854, 39253, 63110, 39371, 19091, 10078, 61402, 86956, 2706, 6459, 53395, 56986, 73952, 14732, 36024, 78732, 78176, 77392, 90109, 7387, 46633, 28051, 78533, 47690, 10143, 69800, 44745, 15386, 78043, 85757, 67383, 85811, 74336, 6202, 10109, 54780, 811, 76576, 77040, 49169, 96682, 92835, 45041, 1842, 65528, 34016, 83474, 14013, 27202, 66335, 44499, 370, 21730, 52896, 71182, 85991, 39160, 40902, 55926, 35512, 75736, 13601, 92189, 77065, 84092, 98012, 48127, 11588, 90917, 67209, 11527, 94121, 43713, 79943, 21649, 81567, 58642, 44906, 74680, 40034, 91400, 63001, 5213, 55104, 32747, 93307, 38861, 27986, 4842, 71222, 96204, 50490, 41376, 83189, 378, 48774, 92287, 2703, 84308, 62388, 24134, 92282, 90947, 61816, 96517, 93801, 12248, 42612, 36596, 34402, 48549, 64887, 18886, 20656, 39553, 90994, 50931, 61171, 97927, 2047, 85741, 60257, 56686, 62824, 95036, 97774, 26512, 32213, 24226, 39119, 9190, 40253, 35323, 71271, 90577, 44, 70979, 92296, 59388, 78444, 59936, 61842, 18317, 14104, 74209, 24390, 30917, 86127, 98120, 80417, 53683, 4088, 22491, 83407, 32889, 33182, 90125, 68253, 63599, 54457, 91265, 92333, 23178, 96129, 44767, 46114, 84454, 73652, 77970, 9354, 12847, 74690, 31643, 71792, 72701, 44459, 13482, 2404, 79190, 44599, 39581, 83762, 38122, 78181, 85472, 89495, 96088, 45750, 12132, 86111, 9109, 84610, 44138, 65151, 75159, 7903, 24327, 23796, 27486, 76491, 91005, 62756, 8359, 39827, 37498, 88884, 69064, 88341, 83620, 5172, 25162, 12655, 35222, 43042, 31508, 95614, 11871, 72016, 12050, 46298, 82757, 50191, 22398, 65305, 63983, 69826, 58709, 70825, 19588, 82568, 42327, 11142, 71395, 10520, 43850, 12080, 34833, 59211, 82355, 44790, 14277, 94119, 99751, 55723, 66045, 65818, 52492, 28845, 77469, 6552, 85250, 81990, 20182, 31757, 24256, 8564, 51246, 18916, 38412, 36848, 69380, 96252, 20867, 86440, 12168, 57866, 16845, 44507, 27280, 78684, 72618, 39882, 21960, 75878, 24632, 3639, 77549, 1172, 17919, 43076, 60918, 7295, 36117, 78965, 29935, 36303, 38772, 34652, 92292, 20532, 49163, 23139, 14852, 2419, 94945, 10473, 58389, 87817, 18164, 62277, 68791, 13348, 73330, 36876, 65334, 21264, 45823, 48913, 66448, 45681, 76227, 3298, 19245, 15292, 74225, 2081, 12669, 14545, 37361, 93452, 1880, 79845, 47996, 3938, 92890, 66904, 15377, 35288, 80314, 59754, 72027, 85560, 13002, 79410, 60381, 36834, 26822, 18526, 4275, 21261, 76951, 98894, 44292, 83338, 72810, 24459, 48197]})"
55.0,8,8,13,5.031147241592407,10113,"Genotype(dna={""<class 'abc.NT_0017'>"": [0, 91624], ""<class 'abc.NT_0017_P_00000'>"": [], ""<class 'abc.NT_0015'>"": [59754, 18526], ""<class 'abc.NT_0015_P_00000'>"": [], ""<class 'abc.NT_0000'>"": [3, 0, 68658, 75248], ""<class 'abc.NT_0000_P_00000'>"": [], ""<class 'bool'>"": [86460, 41233, 75986, 25993, 82631, 61562, 27230, 83215], ""<class 'abc.NT_0000_P_00001'>"": [], ""<class 'int'>"": [24381, 89850, 80314], ""<class 'abc.NT_0000_P_00002'>"": [], ""<class 'abc.NT_0000_P_00003'>"": [], ""<class 'abc.NT_0015_P_00001'>"": [], ""<class 'abc.NT_0010'>"": [], ""<class 'abc.NT_0010_P_00000'>"": [], ""<class 'abc.NT_0007'>"": [], ""<class 'abc.NT_0007_P_00000'>"": [], ""<class 'abc.NT_0003'>"": [], ""<class 'abc.NT_0003_P_00000'>"": [], ""<class 'abc.NT_0002'>"": [0, 15377], ""<class 'abc.NT_0002_P_00000'>"": [], ""<class 'abc.NT_0002_P_00001'>"": [], ""<class 'abc.NT_0001'>"": [4, 2, 2, 1, 95789], ""<class 'abc.NT_0001_P_00000'>"": [], ""<class 'abc.NT_0001_P_00001'>"": [], ""<class 'abc.NT_0001_P_00002'>"": [], ""<class 'abc.NT_0001_P_00003'>"": [], ""<class 'abc.NT_0001_P_00004'>"": [], ""<class 'abc.NT_0002_P_00002'>"": [], ""<class 'abc.NT_0002_P_00003'>"": [], ""<class 'abc.NT_0003_P_00001'>"": [], ""<class 'abc.NT_0003_P_00002'>"": [], ""<class 'abc.NT_0003_P_00003'>"": [], ""<class 'abc.NT_0007_P_00001'>"": [], ""<class 'abc.NT_0004'>"": [98894, 44292, 83338, 72810, 24459, 48197], ""<class 'abc.NT_0004_P_00000'>"": [], ""<class 'abc.NT_0004_P_00001'>"": [], ""<class 'abc.NT_0010_P_00001'>"": [], ""<class 'abc.NT_0008'>"": [], ""<class 'abc.NT_0008_P_00000'>"": [], ""<class 'abc.NT_0010_P_00002'>"": [], ""<class 'abc.NT_0005'>"": [], ""<class 'abc.NT_0005_P_00000'>"": [], ""<class 'abc.NT_0005_P_00001'>"": [], ""<class 'abc.NT_0009'>"": [72027, 4275], ""<class 'abc.NT_0009_P_00000'>"": [], ""<class 'abc.NT_0009_P_00001'>"": [], ""<class 'abc.NT_0006'>"": [], ""<class 'abc.NT_0006_P_00000'>"": [], ""<class 'abc.NT_0009_P_00002'>"": [], ""<class 'abc.NT_0009_P_00003'>"": [], ""<class 'abc.NT_0015_P_00002'>"": [], ""<class 'abc.NT_0015_P_00003'>"": [], ""<class 'abc.NT_0014'>"": [], ""<class 'abc.NT_0014_P_00000'>"": [], ""<class 'abc.NT_0014_P_00001'>"": [], ""<class 'abc.NT_0015_P_00004'>"": [], ""<class 'abc.NT_0017_P_00001'>"": [], ""<class 'abc.NT_0016'>"": [], ""<class 'abc.NT_0016_P_00000'>"": [], ""<class 'abc.NT_0016_P_00001'>"": [], ""<class 'abc.NT_0016_P_00002'>"": [], ""<class 'abc.NT_0017_P_00002'>"": [], '$leftovers': [60404, 57587, 20000, 54340, 26317, 6481, 50799, 53366, 57672, 15437, 41470, 43194, 76280, 53058, 16632, 24951, 11647, 20336, 85920, 79178, 86726, 29687, 35122, 19936, 77951, 52918, 77202, 86811, 49977, 33989, 62146, 44283, 86282, 53235, 34529, 93786, 26995, 59308, 96804, 32075, 89268, 17705, 44065, 20964, 70557, 41228, 50394, 73244, 80589, 89878, 70093, 13531, 33497, 2118, 78177, 32452, 6202, 17781, 36111, 70983, 16310, 50605, 68444, 59396, 2989, 86690, 65815, 89541, 4173, 66353, 83209, 87572, 36004, 564, 32908, 7913, 59000, 95465, 92810, 87181, 4723, 71261, 90499, 32785, 42988, 8818, 96196, 25382, 42871, 28094, 74450, 1798, 9925, 29165, 11964, 72226, 30190, 2543, 47952, 6757, 23982, 21833, 84542, 51070, 20362, 47872, 63420, 54664, 2566, 11695, 6523, 29859, 6201, 70774, 77659, 84464, 78867, 27667, 69385, 65140, 36605, 7012, 1250, 28942, 20757, 68110, 13812, 73414, 97476, 48447, 65592, 47550, 63325, 56635, 41252, 76420, 8978, 72071, 1937, 52721, 11586, 95378, 12603, 22711, 7770, 30975, 43951, 55031, 2794, 31555, 40143, 45735, 26934, 973, 11552, 95654, 8346, 61470, 70413, 10371, 43200, 65213, 34376, 43681, 71623, 66363, 61726, 96882, 59629, 26130, 46919, 32533, 16075, 75983, 81859, 16243, 8366, 15261, 18908, 62350, 61492, 83170, 50893, 81836, 3003, 93817, 66605, 40524, 65446, 28020, 1863, 725, 71665, 25810, 44842, 73472, 41194, 64753, 52869, 28406, 39260, 71021, 44544, 65259, 40879, 61260, 45447, 45201, 3321, 71834, 91841, 85944, 94448, 53777, 52512, 8549, 49201, 19980, 24764, 94536, 5157, 97859, 66443, 89316, 95801, 13183, 85710, 46447, 35334, 77529, 59421, 81195, 9851, 45065, 1228, 86952, 32820, 60942, 12527, 2701, 43832, 81092, 19751, 59457, 23812, 97339, 11061, 65182, 36676, 27888, 43573, 78010, 73786, 42822, 94936, 73010, 77609, 10163, 63290, 27012, 14424, 18531, 84803, 64958, 43258, 85321, 82524, 12515, 71837, 58848, 55036, 90390, 48542, 50684, 67693, 63530, 31868, 23633, 21579, 6184, 53131, 21002, 64832, 92053, 7184, 69006, 35823, 8901, 37893, 51534, 12913, 22446, 26285, 70255, 27641, 21932, 83656, 66575, 48694, 39512, 17613, 54185, 98358, 36273, 43014, 10733, 45136, 56634, 51849, 94288, 26786, 42387, 35475, 24444, 8118, 49485, 81714, 83778, 89561, 8738, 52024, 58874, 72716, 42311, 25454, 87595, 81934, 17964, 61433, 19494, 83691, 27415, 37037, 93113, 43616, 52964, 48333, 56234, 18241, 27411, 16419, 52538, 26653, 9839, 74465, 52527, 80201, 79630, 1840, 83276, 82109, 32792, 12949, 92039, 43765, 36272, 54630, 58463, 7943, 38328, 97833, 45183, 91200, 15929, 47964, 40561, 81809, 14276, 39018, 78090, 20469, 86063, 44225, 33166, 87717, 85524, 97465, 83919, 30571, 47291, 11687, 54825, 46134, 8685, 78917, 38709, 83964, 2221, 51487, 86847, 14005, 89651, 45410, 32614, 24838, 40258, 99135, 55054, 4969, 96553, 24382, 92307, 81538, 18598, 31340, 57241, 99094, 6002, 7419, 86820, 42779, 11869, 72254, 27411, 31840, 79401, 73664, 91511, 29301, 88737, 56727, 37464, 71958, 69508, 25388, 4807, 91309, 55535, 78168, 94902, 31655, 46027, 94454, 40509, 42451, 1052, 68891, 6541, 61185, 60171, 90386, 32613, 13324, 92786, 63265, 21684, 48267, 73039, 43664, 60352, 52907, 44675, 95496, 2418, 7997, 69656, 52682, 3534, 62641, 94861, 67850, 67794, 22721, 46227, 31666, 8747, 35366, 39868, 7244, 91381, 38982, 77500, 57926, 64111, 61778, 4991, 50703, 56802, 29847, 58359, 95807, 95068, 83415, 81616, 76533, 71507, 98373, 2134, 16453, 78850, 30462, 46604, 89830, 21706, 86295, 8595, 79105, 19655, 43131, 3478, 75436, 73052, 71062, 31739, 45697, 16052, 87826, 33911, 8138, 66268, 4656, 40763, 97630, 99868, 91639, 2772, 58917, 49516, 46748, 20804, 59466, 99872, 25910, 53332, 38030, 78030, 73087, 32427, 25656, 22734, 86384, 91610, 214, 58585, 43431, 32734, 17757, 39750, 16177, 71705, 51831, 42392, 85543, 6696, 8045, 46570, 30940, 78199, 29592, 24154, 78765, 84514, 86057, 90538, 96392, 38901, 72898, 62612, 33489, 59571, 82991, 44920, 37691, 1121, 94492, 51499, 82069, 28888, 14310, 88903, 84118, 10546, 30703, 78344, 91528, 40853, 4171, 4336, 52942, 23065, 9391, 86682, 8024, 19625, 91371, 66707, 17488, 10058, 52363, 62581, 72253, 66959, 9752, 13742, 86275, 76334, 53755, 50348, 61297, 71442, 60130, 43371, 96139, 17674, 23526, 15019, 82578, 51684, 64820, 51041, 4364, 44980, 70927, 4192, 97078, 91706, 68350, 77970, 42423, 59117, 98713, 81658, 5742, 16489, 29002, 42948, 22071, 91882, 87587, 87335, 92995, 94276, 73117, 79084, 6387, 11821, 92270, 39525, 34375, 79523, 78948, 53831, 62075, 20954, 96006, 36604, 39077, 58604, 29341, 89780, 20577, 57898, 43874, 87854, 39253, 63110, 39371, 19091, 10078, 61402, 86956, 2706, 6459, 53395, 56986, 73952, 14732, 36024, 78732, 78176, 77392, 90109, 7387, 46633, 28051, 78533, 47690, 10143, 69800, 44745, 15386, 78043, 85757, 67383, 85811, 74336, 6202, 10109, 54780, 811, 76576, 77040, 49169, 96682, 92835, 45041, 1842, 65528, 34016, 83474, 14013, 27202, 66335, 44499, 370, 21730, 52896, 71182, 85991, 39160, 40902, 55926, 35512, 75736, 13601, 92189, 77065, 84092, 98012, 48127, 11588, 90917, 67209, 11527, 94121, 43713, 79943, 21649, 81567, 58642, 44906, 74680, 40034, 91400, 63001, 5213, 55104, 32747, 93307, 38861, 27986, 4842, 71222, 96204, 50490, 41376, 83189, 378, 48774, 92287, 2703, 84308, 62388, 24134, 92282, 90947, 61816, 96517, 93801, 12248, 42612, 36596, 34402, 48549, 64887, 18886, 20656, 39553, 90994, 50931, 61171, 97927, 2047, 85741, 60257, 56686, 62824, 95036, 97774, 26512, 32213, 24226, 39119, 9190, 40253, 35323, 71271, 90577, 44, 70979, 92296, 59388, 78444, 59936, 61842, 18317, 14104, 74209, 24390, 30917, 86127, 98120, 80417, 53683, 4088, 22491, 83407, 32889, 33182, 90125, 68253, 63599, 54457, 91265, 92333, 23178, 96129, 44767, 46114, 84454, 73652, 77970, 9354, 12847, 74690, 31643, 71792, 72701, 44459, 13482, 2404, 79190, 44599, 39581, 83762, 38122, 78181, 85472, 89495, 96088, 45750, 12132, 86111, 9109, 84610, 44138, 65151, 75159, 7903, 24327, 23796, 27486, 76491, 91005, 62756, 8359, 39827, 37498, 88884, 69064, 88341, 83620, 5172, 25162, 12655, 35222, 43042, 31508, 95614, 11871, 72016, 12050, 46298, 82757, 50191, 22398, 65305, 63983, 69826, 58709, 70825, 19588, 82568, 42327, 11142, 71395, 10520, 43850, 12080, 34833, 59211, 82355, 44790, 14277, 94119, 99751, 55723, 66045, 65818, 52492, 28845, 77469, 6552, 85250, 81990, 20182, 31757, 24256, 8564, 51246, 18916, 38412, 36848, 69380, 96252, 20867, 86440, 12168, 57866, 16845, 44507, 27280, 78684, 72618, 39882, 21960, 75878, 24632, 3639, 77549, 1172, 17919, 43076, 60918, 7295, 36117, 78965, 29935, 36303, 38772, 34652, 92292, 20532, 49163, 23139, 14852, 2419, 94945, 10473, 58389, 87817, 18164, 62277, 68791, 13348, 73330, 36876, 65334, 21264, 45823, 48913, 66448, 45681, 76227, 3298, 19245, 15292, 74225, 2081, 12669, 14545, 37361, 93452, 1880, 79845, 47996, 3938, 92890, 66904, 15377, 35288, 80314, 59754, 72027, 85560, 13002, 79410, 60381, 36834, 26822, 18526, 4275, 21261, 76951, 98894, 44292, 83338, 72810, 24459, 48197]})"
55.0,8,8,14,5.301190614700317,10113,"Genotype(dna={""<class 'abc.NT_0017'>"": [0, 91624], ""<class 'abc.NT_0017_P_00000'>"": [], ""<class 'abc.NT_0015'>"": [59754, 18526], ""<class 'abc.NT_0015_P_00000'>"": [], ""<class 'abc.NT_0000'>"": [3, 0, 68658, 75248], ""<class 'abc.NT_0000_P_00000'>"": [], ""<class 'bool'>"": [86460, 41233, 75986, 25993, 82631, 61562, 27230, 83215], ""<class 'abc.NT_0000_P_00001'>"": [], ""<class 'int'>"": [24381, 89850, 80314], ""<class 'abc.NT_0000_P_00002'>"": [], ""<class 'abc.NT_0000_P_00003'>"": [], ""<class 'abc.NT_0015_P_00001'>"": [], ""<class 'abc.NT_0010'>"": [], ""<class 'abc.NT_0010_P_00000'>"": [], ""<class 'abc.NT_0007'>"": [], ""<class 'abc.NT_0007_P_00000'>"": [], ""<class 'abc.NT_0003'>"": [], ""<class 'abc.NT_0003_P_00000'>"": [], ""<class 'abc.NT_0002'>"": [0, 15377], ""<class 'abc.NT_0002_P_00000'>"": [], ""<class 'abc.NT_0002_P_00001'>"": [], ""<class 'abc.NT_0001'>"": [4, 2, 2, 1, 95789], ""<class 'abc.NT_0001_P_00000'>"": [], ""<class 'abc.NT_0001_P_00001'>"": [], ""<class 'abc.NT_0001_P_00002'>"": [], ""<class 'abc.NT_0001_P_00003'>"": [], ""<class 'abc.NT_0001_P_00004'>"": [], ""<class 'abc.NT_0002_P_00002'>"": [], ""<class 'abc.NT_0002_P_00003'>"": [], ""<class 'abc.NT_0003_P_00001'>"": [], ""<class 'abc.NT_0003_P_00002'>"": [], ""<class 'abc.NT_0003_P_00003'>"": [], ""<class 'abc.NT_0007_P_00001'>"": [], ""<class 'abc.NT_0004'>"": [98894, 44292, 83338, 72810, 24459, 48197], ""<class 'abc.NT_0004_P_00000'>"": [], ""<class 'abc.NT_0004_P_00001'>"": [], ""<class 'abc.NT_0010_P_00001'>"": [], ""<class 'abc.NT_0008'>"": [], ""<class 'abc.NT_0008_P_00000'>"": [], ""<class 'abc.NT_0010_P_00002'>"": [], ""<class 'abc.NT_0005'>"": [], ""<class 'abc.NT_0005_P_00000'>"": [], ""<class 'abc.NT_0005_P_00001'>"": [], ""<class 'abc.NT_0009'>"": [72027, 4275], ""<class 'abc.NT_0009_P_00000'>"": [], ""<class 'abc.NT_0009_P_00001'>"": [], ""<class 'abc.NT_0006'>"": [], ""<class 'abc.NT_0006_P_00000'>"": [], ""<class 'abc.NT_0009_P_00002'>"": [], ""<class 'abc.NT_0009_P_00003'>"": [], ""<class 'abc.NT_0015_P_00002'>"": [], ""<class 'abc.NT_0015_P_00003'>"": [], ""<class 'abc.NT_0014'>"": [], ""<class 'abc.NT_0014_P_00000'>"": [], ""<class 'abc.NT_0014_P_00001'>"": [], ""<class 'abc.NT_0015_P_00004'>"": [], ""<class 'abc.NT_0017_P_00001'>"": [], ""<class 'abc.NT_0016'>"": [], ""<class 'abc.NT_0016_P_00000'>"": [], ""<class 'abc.NT_0016_P_00001'>"": [], ""<class 'abc.NT_0016_P_00002'>"": [], ""<class 'abc.NT_0017_P_00002'>"": [], '$leftovers': [60404, 57587, 20000, 54340, 26317, 6481, 50799, 53366, 57672, 15437, 41470, 43194, 76280, 53058, 16632, 24951, 11647, 20336, 85920, 79178, 86726, 29687, 35122, 19936, 77951, 52918, 77202, 86811, 49977, 33989, 62146, 44283, 86282, 53235, 34529, 93786, 26995, 59308, 96804, 32075, 89268, 17705, 44065, 20964, 70557, 41228, 50394, 73244, 80589, 89878, 70093, 13531, 33497, 2118, 78177, 32452, 6202, 17781, 36111, 70983, 16310, 50605, 68444, 59396, 2989, 86690, 65815, 89541, 4173, 66353, 83209, 87572, 36004, 564, 32908, 7913, 59000, 95465, 92810, 87181, 4723, 71261, 90499, 32785, 42988, 8818, 96196, 25382, 42871, 28094, 74450, 1798, 9925, 29165, 11964, 72226, 30190, 2543, 47952, 6757, 23982, 21833, 84542, 51070, 20362, 47872, 63420, 54664, 2566, 11695, 6523, 29859, 6201, 70774, 77659, 84464, 78867, 27667, 69385, 65140, 36605, 7012, 1250, 28942, 20757, 68110, 13812, 73414, 97476, 48447, 65592, 47550, 63325, 56635, 41252, 76420, 8978, 72071, 1937, 52721, 11586, 95378, 12603, 22711, 7770, 30975, 43951, 55031, 2794, 31555, 40143, 45735, 26934, 973, 11552, 95654, 8346, 61470, 70413, 10371, 43200, 65213, 34376, 43681, 71623, 66363, 61726, 96882, 59629, 26130, 46919, 32533, 16075, 75983, 81859, 16243, 8366, 15261, 18908, 62350, 61492, 83170, 50893, 81836, 3003, 93817, 66605, 40524, 65446, 28020, 1863, 725, 71665, 25810, 44842, 73472, 41194, 64753, 52869, 28406, 39260, 71021, 44544, 65259, 40879, 61260, 45447, 45201, 3321, 71834, 91841, 85944, 94448, 53777, 52512, 8549, 49201, 19980, 24764, 94536, 5157, 97859, 66443, 89316, 95801, 13183, 85710, 46447, 35334, 77529, 59421, 81195, 9851, 45065, 1228, 86952, 32820, 60942, 12527, 2701, 43832, 81092, 19751, 59457, 23812, 97339, 11061, 65182, 36676, 27888, 43573, 78010, 73786, 42822, 94936, 73010, 77609, 10163, 63290, 27012, 14424, 18531, 84803, 64958, 43258, 85321, 82524, 12515, 71837, 58848, 55036, 90390, 48542, 50684, 67693, 63530, 31868, 23633, 21579, 6184, 53131, 21002, 64832, 92053, 7184, 69006, 35823, 8901, 37893, 51534, 12913, 22446, 26285, 70255, 27641, 21932, 83656, 66575, 48694, 39512, 17613, 54185, 98358, 36273, 43014, 10733, 45136, 56634, 51849, 94288, 26786, 42387, 35475, 24444, 8118, 49485, 81714, 83778, 89561, 8738, 52024, 58874, 72716, 42311, 25454, 87595, 81934, 17964, 61433, 19494, 83691, 27415, 37037, 93113, 43616, 52964, 48333, 56234, 18241, 27411, 16419, 52538, 26653, 9839, 74465, 52527, 80201, 79630, 1840, 83276, 82109, 32792, 12949, 92039, 43765, 36272, 54630, 58463, 7943, 38328, 97833, 45183, 91200, 15929, 47964, 40561, 81809, 14276, 39018, 78090, 20469, 86063, 44225, 33166, 87717, 85524, 97465, 83919, 30571, 47291, 11687, 54825, 46134, 8685, 78917, 38709, 83964, 2221, 51487, 86847, 14005, 89651, 45410, 32614, 24838, 40258, 99135, 55054, 4969, 96553, 24382, 92307, 81538, 18598, 31340, 57241, 99094, 6002, 7419, 86820, 42779, 11869, 72254, 27411, 31840, 79401, 73664, 91511, 29301, 88737, 56727, 37464, 71958, 69508, 25388, 4807, 91309, 55535, 78168, 94902, 31655, 46027, 94454, 40509, 42451, 1052, 68891, 6541, 61185, 60171, 90386, 32613, 13324, 92786, 63265, 21684, 48267, 73039, 43664, 60352, 52907, 44675, 95496, 2418, 7997, 69656, 52682, 3534, 62641, 94861, 67850, 67794, 22721, 46227, 31666, 8747, 35366, 39868, 7244, 91381, 38982, 77500, 57926, 64111, 61778, 4991, 50703, 56802, 29847, 58359, 95807, 95068, 83415, 81616, 76533, 71507, 98373, 2134, 16453, 78850, 30462, 46604, 89830, 21706, 86295, 8595, 79105, 19655, 43131, 3478, 75436, 73052, 71062, 31739, 45697, 16052, 87826, 33911, 8138, 66268, 4656, 40763, 97630, 99868, 91639, 2772, 58917, 49516, 46748, 20804, 59466, 99872, 25910, 53332, 38030, 78030, 73087, 32427, 25656, 22734, 86384, 91610, 214, 58585, 43431, 32734, 17757, 39750, 16177, 71705, 51831, 42392, 85543, 6696, 8045, 46570, 30940, 78199, 29592, 24154, 78765, 84514, 86057, 90538, 96392, 38901, 72898, 62612, 33489, 59571, 82991, 44920, 37691, 1121, 94492, 51499, 82069, 28888, 14310, 88903, 84118, 10546, 30703, 78344, 91528, 40853, 4171, 4336, 52942, 23065, 9391, 86682, 8024, 19625, 91371, 66707, 17488, 10058, 52363, 62581, 72253, 66959, 9752, 13742, 86275, 76334, 53755, 50348, 61297, 71442, 60130, 43371, 96139, 17674, 23526, 15019, 82578, 51684, 64820, 51041, 4364, 44980, 70927, 4192, 97078, 91706, 68350, 77970, 42423, 59117, 98713, 81658, 5742, 16489, 29002, 42948, 22071, 91882, 87587, 87335, 92995, 94276, 73117, 79084, 6387, 11821, 92270, 39525, 34375, 79523, 78948, 53831, 62075, 20954, 96006, 36604, 39077, 58604, 29341, 89780, 20577, 57898, 43874, 87854, 39253, 63110, 39371, 19091, 10078, 61402, 86956, 2706, 6459, 53395, 56986, 73952, 14732, 36024, 78732, 78176, 77392, 90109, 7387, 46633, 28051, 78533, 47690, 10143, 69800, 44745, 15386, 78043, 85757, 67383, 85811, 74336, 6202, 10109, 54780, 811, 76576, 77040, 49169, 96682, 92835, 45041, 1842, 65528, 34016, 83474, 14013, 27202, 66335, 44499, 370, 21730, 52896, 71182, 85991, 39160, 40902, 55926, 35512, 75736, 13601, 92189, 77065, 84092, 98012, 48127, 11588, 90917, 67209, 11527, 94121, 43713, 79943, 21649, 81567, 58642, 44906, 74680, 40034, 91400, 63001, 5213, 55104, 32747, 93307, 38861, 27986, 4842, 71222, 96204, 50490, 41376, 83189, 378, 48774, 92287, 2703, 84308, 62388, 24134, 92282, 90947, 61816, 96517, 93801, 12248, 42612, 36596, 34402, 48549, 64887, 18886, 20656, 39553, 90994, 50931, 61171, 97927, 2047, 85741, 60257, 56686, 62824, 95036, 97774, 26512, 32213, 24226, 39119, 9190, 40253, 35323, 71271, 90577, 44, 70979, 92296, 59388, 78444, 59936, 61842, 18317, 14104, 74209, 24390, 30917, 86127, 98120, 80417, 53683, 4088, 22491, 83407, 32889, 33182, 90125, 68253, 63599, 54457, 91265, 92333, 23178, 96129, 44767, 46114, 84454, 73652, 77970, 9354, 12847, 74690, 31643, 71792, 72701, 44459, 13482, 2404, 79190, 44599, 39581, 83762, 38122, 78181, 85472, 89495, 96088, 45750, 12132, 86111, 9109, 84610, 44138, 65151, 75159, 7903, 24327, 23796, 27486, 76491, 91005, 62756, 8359, 39827, 37498, 88884, 69064, 88341, 83620, 5172, 25162, 12655, 35222, 43042, 31508, 95614, 11871, 72016, 12050, 46298, 82757, 50191, 22398, 65305, 63983, 69826, 58709, 70825, 19588, 82568, 42327, 11142, 71395, 10520, 43850, 12080, 34833, 59211, 82355, 44790, 14277, 94119, 99751, 55723, 66045, 65818, 52492, 28845, 77469, 6552, 85250, 81990, 20182, 31757, 24256, 8564, 51246, 18916, 38412, 36848, 69380, 96252, 20867, 86440, 12168, 57866, 16845, 44507, 27280, 78684, 72618, 39882, 21960, 75878, 24632, 3639, 77549, 1172, 17919, 43076, 60918, 7295, 36117, 78965, 29935, 36303, 38772, 34652, 92292, 20532, 49163, 23139, 14852, 2419, 94945, 10473, 58389, 87817, 18164, 62277, 68791, 13348, 73330, 36876, 65334, 21264, 45823, 48913, 66448, 45681, 76227, 3298, 19245, 15292, 74225, 2081, 12669, 14545, 37361, 93452, 1880, 79845, 47996, 3938, 92890, 66904, 15377, 35288, 80314, 59754, 72027, 85560, 13002, 79410, 60381, 36834, 26822, 18526, 4275, 21261, 76951, 98894, 44292, 83338, 72810, 24459, 48197]})"
55.0,8,8,15,5.540154457092285,10113,"Genotype(dna={""<class 'abc.NT_0017'>"": [0, 91624], ""<class 'abc.NT_0017_P_00000'>"": [], ""<class 'abc.NT_0015'>"": [59754, 18526], ""<class 'abc.NT_0015_P_00000'>"": [], ""<class 'abc.NT_0000'>"": [3, 0, 68658, 75248], ""<class 'abc.NT_0000_P_00000'>"": [], ""<class 'bool'>"": [86460, 41233, 75986, 25993, 82631, 61562, 27230, 83215], ""<class 'abc.NT_0000_P_00001'>"": [], ""<class 'int'>"": [24381, 89850, 80314], ""<class 'abc.NT_0000_P_00002'>"": [], ""<class 'abc.NT_0000_P_00003'>"": [], ""<class 'abc.NT_0015_P_00001'>"": [], ""<class 'abc.NT_0010'>"": [], ""<class 'abc.NT_0010_P_00000'>"": [], ""<class 'abc.NT_0007'>"": [], ""<class 'abc.NT_0007_P_00000'>"": [], ""<class 'abc.NT_0003'>"": [], ""<class 'abc.NT_0003_P_00000'>"": [], ""<class 'abc.NT_0002'>"": [0, 15377], ""<class 'abc.NT_0002_P_00000'>"": [], ""<class 'abc.NT_0002_P_00001'>"": [], ""<class 'abc.NT_0001'>"": [4, 2, 2, 1, 95789], ""<class 'abc.NT_0001_P_00000'>"": [], ""<class 'abc.NT_0001_P_00001'>"": [], ""<class 'abc.NT_0001_P_00002'>"": [], ""<class 'abc.NT_0001_P_00003'>"": [], ""<class 'abc.NT_0001_P_00004'>"": [], ""<class 'abc.NT_0002_P_00002'>"": [], ""<class 'abc.NT_0002_P_00003'>"": [], ""<class 'abc.NT_0003_P_00001'>"": [], ""<class 'abc.NT_0003_P_00002'>"": [], ""<class 'abc.NT_0003_P_00003'>"": [], ""<class 'abc.NT_0007_P_00001'>"": [], ""<class 'abc.NT_0004'>"": [98894, 44292, 83338, 72810, 24459, 48197], ""<class 'abc.NT_0004_P_00000'>"": [], ""<class 'abc.NT_0004_P_00001'>"": [], ""<class 'abc.NT_0010_P_00001'>"": [], ""<class 'abc.NT_0008'>"": [], ""<class 'abc.NT_0008_P_00000'>"": [], ""<class 'abc.NT_0010_P_00002'>"": [], ""<class 'abc.NT_0005'>"": [], ""<class 'abc.NT_0005_P_00000'>"": [], ""<class 'abc.NT_0005_P_00001'>"": [], ""<class 'abc.NT_0009'>"": [72027, 4275], ""<class 'abc.NT_0009_P_00000'>"": [], ""<class 'abc.NT_0009_P_00001'>"": [], ""<class 'abc.NT_0006'>"": [], ""<class 'abc.NT_0006_P_00000'>"": [], ""<class 'abc.NT_0009_P_00002'>"": [], ""<class 'abc.NT_0009_P_00003'>"": [], ""<class 'abc.NT_0015_P_00002'>"": [], ""<class 'abc.NT_0015_P_00003'>"": [], ""<class 'abc.NT_0014'>"": [], ""<class 'abc.NT_0014_P_00000'>"": [], ""<class 'abc.NT_0014_P_00001'>"": [], ""<class 'abc.NT_0015_P_00004'>"": [], ""<class 'abc.NT_0017_P_00001'>"": [], ""<class 'abc.NT_0016'>"": [], ""<class 'abc.NT_0016_P_00000'>"": [], ""<class 'abc.NT_0016_P_00001'>"": [], ""<class 'abc.NT_0016_P_00002'>"": [], ""<class 'abc.NT_0017_P_00002'>"": [], '$leftovers': [60404, 57587, 20000, 54340, 26317, 6481, 50799, 53366, 57672, 15437, 41470, 43194, 76280, 53058, 16632, 24951, 11647, 20336, 85920, 79178, 86726, 29687, 35122, 19936, 77951, 52918, 77202, 86811, 49977, 33989, 62146, 44283, 86282, 53235, 34529, 93786, 26995, 59308, 96804, 32075, 89268, 17705, 44065, 20964, 70557, 41228, 50394, 73244, 80589, 89878, 70093, 13531, 33497, 2118, 78177, 32452, 6202, 17781, 36111, 70983, 16310, 50605, 68444, 59396, 2989, 86690, 65815, 89541, 4173, 66353, 83209, 87572, 36004, 564, 32908, 7913, 59000, 95465, 92810, 87181, 4723, 71261, 90499, 32785, 42988, 8818, 96196, 25382, 42871, 28094, 74450, 1798, 9925, 29165, 11964, 72226, 30190, 2543, 47952, 6757, 23982, 21833, 84542, 51070, 20362, 47872, 63420, 54664, 2566, 11695, 6523, 29859, 6201, 70774, 77659, 84464, 78867, 27667, 69385, 65140, 36605, 7012, 1250, 28942, 20757, 68110, 13812, 73414, 97476, 48447, 65592, 47550, 63325, 56635, 41252, 76420, 8978, 72071, 1937, 52721, 11586, 95378, 12603, 22711, 7770, 30975, 43951, 55031, 2794, 31555, 40143, 45735, 26934, 973, 11552, 95654, 8346, 61470, 70413, 10371, 43200, 65213, 34376, 43681, 71623, 66363, 61726, 96882, 59629, 26130, 46919, 32533, 16075, 75983, 81859, 16243, 8366, 15261, 18908, 62350, 61492, 83170, 50893, 81836, 3003, 93817, 66605, 40524, 65446, 28020, 1863, 725, 71665, 25810, 44842, 73472, 41194, 64753, 52869, 28406, 39260, 71021, 44544, 65259, 40879, 61260, 45447, 45201, 3321, 71834, 91841, 85944, 94448, 53777, 52512, 8549, 49201, 19980, 24764, 94536, 5157, 97859, 66443, 89316, 95801, 13183, 85710, 46447, 35334, 77529, 59421, 81195, 9851, 45065, 1228, 86952, 32820, 60942, 12527, 2701, 43832, 81092, 19751, 59457, 23812, 97339, 11061, 65182, 36676, 27888, 43573, 78010, 73786, 42822, 94936, 73010, 77609, 10163, 63290, 27012, 14424, 18531, 84803, 64958, 43258, 85321, 82524, 12515, 71837, 58848, 55036, 90390, 48542, 50684, 67693, 63530, 31868, 23633, 21579, 6184, 53131, 21002, 64832, 92053, 7184, 69006, 35823, 8901, 37893, 51534, 12913, 22446, 26285, 70255, 27641, 21932, 83656, 66575, 48694, 39512, 17613, 54185, 98358, 36273, 43014, 10733, 45136, 56634, 51849, 94288, 26786, 42387, 35475, 24444, 8118, 49485, 81714, 83778, 89561, 8738, 52024, 58874, 72716, 42311, 25454, 87595, 81934, 17964, 61433, 19494, 83691, 27415, 37037, 93113, 43616, 52964, 48333, 56234, 18241, 27411, 16419, 52538, 26653, 9839, 74465, 52527, 80201, 79630, 1840, 83276, 82109, 32792, 12949, 92039, 43765, 36272, 54630, 58463, 7943, 38328, 97833, 45183, 91200, 15929, 47964, 40561, 81809, 14276, 39018, 78090, 20469, 86063, 44225, 33166, 87717, 85524, 97465, 83919, 30571, 47291, 11687, 54825, 46134, 8685, 78917, 38709, 83964, 2221, 51487, 86847, 14005, 89651, 45410, 32614, 24838, 40258, 99135, 55054, 4969, 96553, 24382, 92307, 81538, 18598, 31340, 57241, 99094, 6002, 7419, 86820, 42779, 11869, 72254, 27411, 31840, 79401, 73664, 91511, 29301, 88737, 56727, 37464, 71958, 69508, 25388, 4807, 91309, 55535, 78168, 94902, 31655, 46027, 94454, 40509, 42451, 1052, 68891, 6541, 61185, 60171, 90386, 32613, 13324, 92786, 63265, 21684, 48267, 73039, 43664, 60352, 52907, 44675, 95496, 2418, 7997, 69656, 52682, 3534, 62641, 94861, 67850, 67794, 22721, 46227, 31666, 8747, 35366, 39868, 7244, 91381, 38982, 77500, 57926, 64111, 61778, 4991, 50703, 56802, 29847, 58359, 95807, 95068, 83415, 81616, 76533, 71507, 98373, 2134, 16453, 78850, 30462, 46604, 89830, 21706, 86295, 8595, 79105, 19655, 43131, 3478, 75436, 73052, 71062, 31739, 45697, 16052, 87826, 33911, 8138, 66268, 4656, 40763, 97630, 99868, 91639, 2772, 58917, 49516, 46748, 20804, 59466, 99872, 25910, 53332, 38030, 78030, 73087, 32427, 25656, 22734, 86384, 91610, 214, 58585, 43431, 32734, 17757, 39750, 16177, 71705, 51831, 42392, 85543, 6696, 8045, 46570, 30940, 78199, 29592, 24154, 78765, 84514, 86057, 90538, 96392, 38901, 72898, 62612, 33489, 59571, 82991, 44920, 37691, 1121, 94492, 51499, 82069, 28888, 14310, 88903, 84118, 10546, 30703, 78344, 91528, 40853, 4171, 4336, 52942, 23065, 9391, 86682, 8024, 19625, 91371, 66707, 17488, 10058, 52363, 62581, 72253, 66959, 9752, 13742, 86275, 76334, 53755, 50348, 61297, 71442, 60130, 43371, 96139, 17674, 23526, 15019, 82578, 51684, 64820, 51041, 4364, 44980, 70927, 4192, 97078, 91706, 68350, 77970, 42423, 59117, 98713, 81658, 5742, 16489, 29002, 42948, 22071, 91882, 87587, 87335, 92995, 94276, 73117, 79084, 6387, 11821, 92270, 39525, 34375, 79523, 78948, 53831, 62075, 20954, 96006, 36604, 39077, 58604, 29341, 89780, 20577, 57898, 43874, 87854, 39253, 63110, 39371, 19091, 10078, 61402, 86956, 2706, 6459, 53395, 56986, 73952, 14732, 36024, 78732, 78176, 77392, 90109, 7387, 46633, 28051, 78533, 47690, 10143, 69800, 44745, 15386, 78043, 85757, 67383, 85811, 74336, 6202, 10109, 54780, 811, 76576, 77040, 49169, 96682, 92835, 45041, 1842, 65528, 34016, 83474, 14013, 27202, 66335, 44499, 370, 21730, 52896, 71182, 85991, 39160, 40902, 55926, 35512, 75736, 13601, 92189, 77065, 84092, 98012, 48127, 11588, 90917, 67209, 11527, 94121, 43713, 79943, 21649, 81567, 58642, 44906, 74680, 40034, 91400, 63001, 5213, 55104, 32747, 93307, 38861, 27986, 4842, 71222, 96204, 50490, 41376, 83189, 378, 48774, 92287, 2703, 84308, 62388, 24134, 92282, 90947, 61816, 96517, 93801, 12248, 42612, 36596, 34402, 48549, 64887, 18886, 20656, 39553, 90994, 50931, 61171, 97927, 2047, 85741, 60257, 56686, 62824, 95036, 97774, 26512, 32213, 24226, 39119, 9190, 40253, 35323, 71271, 90577, 44, 70979, 92296, 59388, 78444, 59936, 61842, 18317, 14104, 74209, 24390, 30917, 86127, 98120, 80417, 53683, 4088, 22491, 83407, 32889, 33182, 90125, 68253, 63599, 54457, 91265, 92333, 23178, 96129, 44767, 46114, 84454, 73652, 77970, 9354, 12847, 74690, 31643, 71792, 72701, 44459, 13482, 2404, 79190, 44599, 39581, 83762, 38122, 78181, 85472, 89495, 96088, 45750, 12132, 86111, 9109, 84610, 44138, 65151, 75159, 7903, 24327, 23796, 27486, 76491, 91005, 62756, 8359, 39827, 37498, 88884, 69064, 88341, 83620, 5172, 25162, 12655, 35222, 43042, 31508, 95614, 11871, 72016, 12050, 46298, 82757, 50191, 22398, 65305, 63983, 69826, 58709, 70825, 19588, 82568, 42327, 11142, 71395, 10520, 43850, 12080, 34833, 59211, 82355, 44790, 14277, 94119, 99751, 55723, 66045, 65818, 52492, 28845, 77469, 6552, 85250, 81990, 20182, 31757, 24256, 8564, 51246, 18916, 38412, 36848, 69380, 96252, 20867, 86440, 12168, 57866, 16845, 44507, 27280, 78684, 72618, 39882, 21960, 75878, 24632, 3639, 77549, 1172, 17919, 43076, 60918, 7295, 36117, 78965, 29935, 36303, 38772, 34652, 92292, 20532, 49163, 23139, 14852, 2419, 94945, 10473, 58389, 87817, 18164, 62277, 68791, 13348, 73330, 36876, 65334, 21264, 45823, 48913, 66448, 45681, 76227, 3298, 19245, 15292, 74225, 2081, 12669, 14545, 37361, 93452, 1880, 79845, 47996, 3938, 92890, 66904, 15377, 35288, 80314, 59754, 72027, 85560, 13002, 79410, 60381, 36834, 26822, 18526, 4275, 21261, 76951, 98894, 44292, 83338, 72810, 24459, 48197]})"
55.0,8,8,16,5.7351109981536865,10113,"Genotype(dna={""<class 'abc.NT_0017'>"": [0, 91624], ""<class 'abc.NT_0017_P_00000'>"": [], ""<class 'abc.NT_0015'>"": [59754, 18526], ""<class 'abc.NT_0015_P_00000'>"": [], ""<class 'abc.NT_0000'>"": [3, 0, 68658, 75248], ""<class 'abc.NT_0000_P_00000'>"": [], ""<class 'bool'>"": [86460, 41233, 75986, 25993, 82631, 61562, 27230, 83215], ""<class 'abc.NT_0000_P_00001'>"": [], ""<class 'int'>"": [24381, 89850, 80314], ""<class 'abc.NT_0000_P_00002'>"": [], ""<class 'abc.NT_0000_P_00003'>"": [], ""<class 'abc.NT_0015_P_00001'>"": [], ""<class 'abc.NT_0010'>"": [], ""<class 'abc.NT_0010_P_00000'>"": [], ""<class 'abc.NT_0007'>"": [], ""<class 'abc.NT_0007_P_00000'>"": [], ""<class 'abc.NT_0003'>"": [], ""<class 'abc.NT_0003_P_00000'>"": [], ""<class 'abc.NT_0002'>"": [0, 15377], ""<class 'abc.NT_0002_P_00000'>"": [], ""<class 'abc.NT_0002_P_00001'>"": [], ""<class 'abc.NT_0001'>"": [4, 2, 2, 1, 95789], ""<class 'abc.NT_0001_P_00000'>"": [], ""<class 'abc.NT_0001_P_00001'>"": [], ""<class 'abc.NT_0001_P_00002'>"": [], ""<class 'abc.NT_0001_P_00003'>"": [], ""<class 'abc.NT_0001_P_00004'>"": [], ""<class 'abc.NT_0002_P_00002'>"": [], ""<class 'abc.NT_0002_P_00003'>"": [], ""<class 'abc.NT_0003_P_00001'>"": [], ""<class 'abc.NT_0003_P_00002'>"": [], ""<class 'abc.NT_0003_P_00003'>"": [], ""<class 'abc.NT_0007_P_00001'>"": [], ""<class 'abc.NT_0004'>"": [98894, 44292, 83338, 72810, 24459, 48197], ""<class 'abc.NT_0004_P_00000'>"": [], ""<class 'abc.NT_0004_P_00001'>"": [], ""<class 'abc.NT_0010_P_00001'>"": [], ""<class 'abc.NT_0008'>"": [], ""<class 'abc.NT_0008_P_00000'>"": [], ""<class 'abc.NT_0010_P_00002'>"": [], ""<class 'abc.NT_0005'>"": [], ""<class 'abc.NT_0005_P_00000'>"": [], ""<class 'abc.NT_0005_P_00001'>"": [], ""<class 'abc.NT_0009'>"": [72027, 4275], ""<class 'abc.NT_0009_P_00000'>"": [], ""<class 'abc.NT_0009_P_00001'>"": [], ""<class 'abc.NT_0006'>"": [], ""<class 'abc.NT_0006_P_00000'>"": [], ""<class 'abc.NT_0009_P_00002'>"": [], ""<class 'abc.NT_0009_P_00003'>"": [], ""<class 'abc.NT_0015_P_00002'>"": [], ""<class 'abc.NT_0015_P_00003'>"": [], ""<class 'abc.NT_0014'>"": [], ""<class 'abc.NT_0014_P_00000'>"": [], ""<class 'abc.NT_0014_P_00001'>"": [], ""<class 'abc.NT_0015_P_00004'>"": [], ""<class 'abc.NT_0017_P_00001'>"": [], ""<class 'abc.NT_0016'>"": [], ""<class 'abc.NT_0016_P_00000'>"": [], ""<class 'abc.NT_0016_P_00001'>"": [], ""<class 'abc.NT_0016_P_00002'>"": [], ""<class 'abc.NT_0017_P_00002'>"": [], '$leftovers': [60404, 57587, 20000, 54340, 26317, 6481, 50799, 53366, 57672, 15437, 41470, 43194, 76280, 53058, 16632, 24951, 11647, 20336, 85920, 79178, 86726, 29687, 35122, 19936, 77951, 52918, 77202, 86811, 49977, 33989, 62146, 44283, 86282, 53235, 34529, 93786, 26995, 59308, 96804, 32075, 89268, 17705, 44065, 20964, 70557, 41228, 50394, 73244, 80589, 89878, 70093, 13531, 33497, 2118, 78177, 32452, 6202, 17781, 36111, 70983, 16310, 50605, 68444, 59396, 2989, 86690, 65815, 89541, 4173, 66353, 83209, 87572, 36004, 564, 32908, 7913, 59000, 95465, 92810, 87181, 4723, 71261, 90499, 32785, 42988, 8818, 96196, 25382, 42871, 28094, 74450, 1798, 9925, 29165, 11964, 72226, 30190, 2543, 47952, 6757, 23982, 21833, 84542, 51070, 20362, 47872, 63420, 54664, 2566, 11695, 6523, 29859, 6201, 70774, 77659, 84464, 78867, 27667, 69385, 65140, 36605, 7012, 1250, 28942, 20757, 68110, 13812, 73414, 97476, 48447, 65592, 47550, 63325, 56635, 41252, 76420, 8978, 72071, 1937, 52721, 11586, 95378, 12603, 22711, 7770, 30975, 43951, 55031, 2794, 31555, 40143, 45735, 26934, 973, 11552, 95654, 8346, 61470, 70413, 10371, 43200, 65213, 34376, 43681, 71623, 66363, 61726, 96882, 59629, 26130, 46919, 32533, 16075, 75983, 81859, 16243, 8366, 15261, 18908, 62350, 61492, 83170, 50893, 81836, 3003, 93817, 66605, 40524, 65446, 28020, 1863, 725, 71665, 25810, 44842, 73472, 41194, 64753, 52869, 28406, 39260, 71021, 44544, 65259, 40879, 61260, 45447, 45201, 3321, 71834, 91841, 85944, 94448, 53777, 52512, 8549, 49201, 19980, 24764, 94536, 5157, 97859, 66443, 89316, 95801, 13183, 85710, 46447, 35334, 77529, 59421, 81195, 9851, 45065, 1228, 86952, 32820, 60942, 12527, 2701, 43832, 81092, 19751, 59457, 23812, 97339, 11061, 65182, 36676, 27888, 43573, 78010, 73786, 42822, 94936, 73010, 77609, 10163, 63290, 27012, 14424, 18531, 84803, 64958, 43258, 85321, 82524, 12515, 71837, 58848, 55036, 90390, 48542, 50684, 67693, 63530, 31868, 23633, 21579, 6184, 53131, 21002, 64832, 92053, 7184, 69006, 35823, 8901, 37893, 51534, 12913, 22446, 26285, 70255, 27641, 21932, 83656, 66575, 48694, 39512, 17613, 54185, 98358, 36273, 43014, 10733, 45136, 56634, 51849, 94288, 26786, 42387, 35475, 24444, 8118, 49485, 81714, 83778, 89561, 8738, 52024, 58874, 72716, 42311, 25454, 87595, 81934, 17964, 61433, 19494, 83691, 27415, 37037, 93113, 43616, 52964, 48333, 56234, 18241, 27411, 16419, 52538, 26653, 9839, 74465, 52527, 80201, 79630, 1840, 83276, 82109, 32792, 12949, 92039, 43765, 36272, 54630, 58463, 7943, 38328, 97833, 45183, 91200, 15929, 47964, 40561, 81809, 14276, 39018, 78090, 20469, 86063, 44225, 33166, 87717, 85524, 97465, 83919, 30571, 47291, 11687, 54825, 46134, 8685, 78917, 38709, 83964, 2221, 51487, 86847, 14005, 89651, 45410, 32614, 24838, 40258, 99135, 55054, 4969, 96553, 24382, 92307, 81538, 18598, 31340, 57241, 99094, 6002, 7419, 86820, 42779, 11869, 72254, 27411, 31840, 79401, 73664, 91511, 29301, 88737, 56727, 37464, 71958, 69508, 25388, 4807, 91309, 55535, 78168, 94902, 31655, 46027, 94454, 40509, 42451, 1052, 68891, 6541, 61185, 60171, 90386, 32613, 13324, 92786, 63265, 21684, 48267, 73039, 43664, 60352, 52907, 44675, 95496, 2418, 7997, 69656, 52682, 3534, 62641, 94861, 67850, 67794, 22721, 46227, 31666, 8747, 35366, 39868, 7244, 91381, 38982, 77500, 57926, 64111, 61778, 4991, 50703, 56802, 29847, 58359, 95807, 95068, 83415, 81616, 76533, 71507, 98373, 2134, 16453, 78850, 30462, 46604, 89830, 21706, 86295, 8595, 79105, 19655, 43131, 3478, 75436, 73052, 71062, 31739, 45697, 16052, 87826, 33911, 8138, 66268, 4656, 40763, 97630, 99868, 91639, 2772, 58917, 49516, 46748, 20804, 59466, 99872, 25910, 53332, 38030, 78030, 73087, 32427, 25656, 22734, 86384, 91610, 214, 58585, 43431, 32734, 17757, 39750, 16177, 71705, 51831, 42392, 85543, 6696, 8045, 46570, 30940, 78199, 29592, 24154, 78765, 84514, 86057, 90538, 96392, 38901, 72898, 62612, 33489, 59571, 82991, 44920, 37691, 1121, 94492, 51499, 82069, 28888, 14310, 88903, 84118, 10546, 30703, 78344, 91528, 40853, 4171, 4336, 52942, 23065, 9391, 86682, 8024, 19625, 91371, 66707, 17488, 10058, 52363, 62581, 72253, 66959, 9752, 13742, 86275, 76334, 53755, 50348, 61297, 71442, 60130, 43371, 96139, 17674, 23526, 15019, 82578, 51684, 64820, 51041, 4364, 44980, 70927, 4192, 97078, 91706, 68350, 77970, 42423, 59117, 98713, 81658, 5742, 16489, 29002, 42948, 22071, 91882, 87587, 87335, 92995, 94276, 73117, 79084, 6387, 11821, 92270, 39525, 34375, 79523, 78948, 53831, 62075, 20954, 96006, 36604, 39077, 58604, 29341, 89780, 20577, 57898, 43874, 87854, 39253, 63110, 39371, 19091, 10078, 61402, 86956, 2706, 6459, 53395, 56986, 73952, 14732, 36024, 78732, 78176, 77392, 90109, 7387, 46633, 28051, 78533, 47690, 10143, 69800, 44745, 15386, 78043, 85757, 67383, 85811, 74336, 6202, 10109, 54780, 811, 76576, 77040, 49169, 96682, 92835, 45041, 1842, 65528, 34016, 83474, 14013, 27202, 66335, 44499, 370, 21730, 52896, 71182, 85991, 39160, 40902, 55926, 35512, 75736, 13601, 92189, 77065, 84092, 98012, 48127, 11588, 90917, 67209, 11527, 94121, 43713, 79943, 21649, 81567, 58642, 44906, 74680, 40034, 91400, 63001, 5213, 55104, 32747, 93307, 38861, 27986, 4842, 71222, 96204, 50490, 41376, 83189, 378, 48774, 92287, 2703, 84308, 62388, 24134, 92282, 90947, 61816, 96517, 93801, 12248, 42612, 36596, 34402, 48549, 64887, 18886, 20656, 39553, 90994, 50931, 61171, 97927, 2047, 85741, 60257, 56686, 62824, 95036, 97774, 26512, 32213, 24226, 39119, 9190, 40253, 35323, 71271, 90577, 44, 70979, 92296, 59388, 78444, 59936, 61842, 18317, 14104, 74209, 24390, 30917, 86127, 98120, 80417, 53683, 4088, 22491, 83407, 32889, 33182, 90125, 68253, 63599, 54457, 91265, 92333, 23178, 96129, 44767, 46114, 84454, 73652, 77970, 9354, 12847, 74690, 31643, 71792, 72701, 44459, 13482, 2404, 79190, 44599, 39581, 83762, 38122, 78181, 85472, 89495, 96088, 45750, 12132, 86111, 9109, 84610, 44138, 65151, 75159, 7903, 24327, 23796, 27486, 76491, 91005, 62756, 8359, 39827, 37498, 88884, 69064, 88341, 83620, 5172, 25162, 12655, 35222, 43042, 31508, 95614, 11871, 72016, 12050, 46298, 82757, 50191, 22398, 65305, 63983, 69826, 58709, 70825, 19588, 82568, 42327, 11142, 71395, 10520, 43850, 12080, 34833, 59211, 82355, 44790, 14277, 94119, 99751, 55723, 66045, 65818, 52492, 28845, 77469, 6552, 85250, 81990, 20182, 31757, 24256, 8564, 51246, 18916, 38412, 36848, 69380, 96252, 20867, 86440, 12168, 57866, 16845, 44507, 27280, 78684, 72618, 39882, 21960, 75878, 24632, 3639, 77549, 1172, 17919, 43076, 60918, 7295, 36117, 78965, 29935, 36303, 38772, 34652, 92292, 20532, 49163, 23139, 14852, 2419, 94945, 10473, 58389, 87817, 18164, 62277, 68791, 13348, 73330, 36876, 65334, 21264, 45823, 48913, 66448, 45681, 76227, 3298, 19245, 15292, 74225, 2081, 12669, 14545, 37361, 93452, 1880, 79845, 47996, 3938, 92890, 66904, 15377, 35288, 80314, 59754, 72027, 85560, 13002, 79410, 60381, 36834, 26822, 18526, 4275, 21261, 76951, 98894, 44292, 83338, 72810, 24459, 48197]})"
55.0,8,8,17,5.911042213439941,10113,"Genotype(dna={""<class 'abc.NT_0017'>"": [0, 91624], ""<class 'abc.NT_0017_P_00000'>"": [], ""<class 'abc.NT_0015'>"": [59754, 18526], ""<class 'abc.NT_0015_P_00000'>"": [], ""<class 'abc.NT_0000'>"": [3, 0, 68658, 75248], ""<class 'abc.NT_0000_P_00000'>"": [], ""<class 'bool'>"": [86460, 41233, 75986, 25993, 82631, 61562, 27230, 83215], ""<class 'abc.NT_0000_P_00001'>"": [], ""<class 'int'>"": [24381, 89850, 80314], ""<class 'abc.NT_0000_P_00002'>"": [], ""<class 'abc.NT_0000_P_00003'>"": [], ""<class 'abc.NT_0015_P_00001'>"": [], ""<class 'abc.NT_0010'>"": [], ""<class 'abc.NT_0010_P_00000'>"": [], ""<class 'abc.NT_0007'>"": [], ""<class 'abc.NT_0007_P_00000'>"": [], ""<class 'abc.NT_0003'>"": [], ""<class 'abc.NT_0003_P_00000'>"": [], ""<class 'abc.NT_0002'>"": [0, 15377], ""<class 'abc.NT_0002_P_00000'>"": [], ""<class 'abc.NT_0002_P_00001'>"": [], ""<class 'abc.NT_0001'>"": [4, 2, 2, 1, 95789], ""<class 'abc.NT_0001_P_00000'>"": [], ""<class 'abc.NT_0001_P_00001'>"": [], ""<class 'abc.NT_0001_P_00002'>"": [], ""<class 'abc.NT_0001_P_00003'>"": [], ""<class 'abc.NT_0001_P_00004'>"": [], ""<class 'abc.NT_0002_P_00002'>"": [], ""<class 'abc.NT_0002_P_00003'>"": [], ""<class 'abc.NT_0003_P_00001'>"": [], ""<class 'abc.NT_0003_P_00002'>"": [], ""<class 'abc.NT_0003_P_00003'>"": [], ""<class 'abc.NT_0007_P_00001'>"": [], ""<class 'abc.NT_0004'>"": [98894, 44292, 83338, 72810, 24459, 48197], ""<class 'abc.NT_0004_P_00000'>"": [], ""<class 'abc.NT_0004_P_00001'>"": [], ""<class 'abc.NT_0010_P_00001'>"": [], ""<class 'abc.NT_0008'>"": [], ""<class 'abc.NT_0008_P_00000'>"": [], ""<class 'abc.NT_0010_P_00002'>"": [], ""<class 'abc.NT_0005'>"": [], ""<class 'abc.NT_0005_P_00000'>"": [], ""<class 'abc.NT_0005_P_00001'>"": [], ""<class 'abc.NT_0009'>"": [72027, 4275], ""<class 'abc.NT_0009_P_00000'>"": [], ""<class 'abc.NT_0009_P_00001'>"": [], ""<class 'abc.NT_0006'>"": [], ""<class 'abc.NT_0006_P_00000'>"": [], ""<class 'abc.NT_0009_P_00002'>"": [], ""<class 'abc.NT_0009_P_00003'>"": [], ""<class 'abc.NT_0015_P_00002'>"": [], ""<class 'abc.NT_0015_P_00003'>"": [], ""<class 'abc.NT_0014'>"": [], ""<class 'abc.NT_0014_P_00000'>"": [], ""<class 'abc.NT_0014_P_00001'>"": [], ""<class 'abc.NT_0015_P_00004'>"": [], ""<class 'abc.NT_0017_P_00001'>"": [], ""<class 'abc.NT_0016'>"": [], ""<class 'abc.NT_0016_P_00000'>"": [], ""<class 'abc.NT_0016_P_00001'>"": [], ""<class 'abc.NT_0016_P_00002'>"": [], ""<class 'abc.NT_0017_P_00002'>"": [], '$leftovers': [60404, 57587, 20000, 54340, 26317, 6481, 50799, 53366, 57672, 15437, 41470, 43194, 76280, 53058, 16632, 24951, 11647, 20336, 85920, 79178, 86726, 29687, 35122, 19936, 77951, 52918, 77202, 86811, 49977, 33989, 62146, 44283, 86282, 53235, 34529, 93786, 26995, 59308, 96804, 32075, 89268, 17705, 44065, 20964, 70557, 41228, 50394, 73244, 80589, 89878, 70093, 13531, 33497, 2118, 78177, 32452, 6202, 17781, 36111, 70983, 16310, 50605, 68444, 59396, 2989, 86690, 65815, 89541, 4173, 66353, 83209, 87572, 36004, 564, 32908, 7913, 59000, 95465, 92810, 87181, 4723, 71261, 90499, 32785, 42988, 8818, 96196, 25382, 42871, 28094, 74450, 1798, 9925, 29165, 11964, 72226, 30190, 2543, 47952, 6757, 23982, 21833, 84542, 51070, 20362, 47872, 63420, 54664, 2566, 11695, 6523, 29859, 6201, 70774, 77659, 84464, 78867, 27667, 69385, 65140, 36605, 7012, 1250, 28942, 20757, 68110, 13812, 73414, 97476, 48447, 65592, 47550, 63325, 56635, 41252, 76420, 8978, 72071, 1937, 52721, 11586, 95378, 12603, 22711, 7770, 30975, 43951, 55031, 2794, 31555, 40143, 45735, 26934, 973, 11552, 95654, 8346, 61470, 70413, 10371, 43200, 65213, 34376, 43681, 71623, 66363, 61726, 96882, 59629, 26130, 46919, 32533, 16075, 75983, 81859, 16243, 8366, 15261, 18908, 62350, 61492, 83170, 50893, 81836, 3003, 93817, 66605, 40524, 65446, 28020, 1863, 725, 71665, 25810, 44842, 73472, 41194, 64753, 52869, 28406, 39260, 71021, 44544, 65259, 40879, 61260, 45447, 45201, 3321, 71834, 91841, 85944, 94448, 53777, 52512, 8549, 49201, 19980, 24764, 94536, 5157, 97859, 66443, 89316, 95801, 13183, 85710, 46447, 35334, 77529, 59421, 81195, 9851, 45065, 1228, 86952, 32820, 60942, 12527, 2701, 43832, 81092, 19751, 59457, 23812, 97339, 11061, 65182, 36676, 27888, 43573, 78010, 73786, 42822, 94936, 73010, 77609, 10163, 63290, 27012, 14424, 18531, 84803, 64958, 43258, 85321, 82524, 12515, 71837, 58848, 55036, 90390, 48542, 50684, 67693, 63530, 31868, 23633, 21579, 6184, 53131, 21002, 64832, 92053, 7184, 69006, 35823, 8901, 37893, 51534, 12913, 22446, 26285, 70255, 27641, 21932, 83656, 66575, 48694, 39512, 17613, 54185, 98358, 36273, 43014, 10733, 45136, 56634, 51849, 94288, 26786, 42387, 35475, 24444, 8118, 49485, 81714, 83778, 89561, 8738, 52024, 58874, 72716, 42311, 25454, 87595, 81934, 17964, 61433, 19494, 83691, 27415, 37037, 93113, 43616, 52964, 48333, 56234, 18241, 27411, 16419, 52538, 26653, 9839, 74465, 52527, 80201, 79630, 1840, 83276, 82109, 32792, 12949, 92039, 43765, 36272, 54630, 58463, 7943, 38328, 97833, 45183, 91200, 15929, 47964, 40561, 81809, 14276, 39018, 78090, 20469, 86063, 44225, 33166, 87717, 85524, 97465, 83919, 30571, 47291, 11687, 54825, 46134, 8685, 78917, 38709, 83964, 2221, 51487, 86847, 14005, 89651, 45410, 32614, 24838, 40258, 99135, 55054, 4969, 96553, 24382, 92307, 81538, 18598, 31340, 57241, 99094, 6002, 7419, 86820, 42779, 11869, 72254, 27411, 31840, 79401, 73664, 91511, 29301, 88737, 56727, 37464, 71958, 69508, 25388, 4807, 91309, 55535, 78168, 94902, 31655, 46027, 94454, 40509, 42451, 1052, 68891, 6541, 61185, 60171, 90386, 32613, 13324, 92786, 63265, 21684, 48267, 73039, 43664, 60352, 52907, 44675, 95496, 2418, 7997, 69656, 52682, 3534, 62641, 94861, 67850, 67794, 22721, 46227, 31666, 8747, 35366, 39868, 7244, 91381, 38982, 77500, 57926, 64111, 61778, 4991, 50703, 56802, 29847, 58359, 95807, 95068, 83415, 81616, 76533, 71507, 98373, 2134, 16453, 78850, 30462, 46604, 89830, 21706, 86295, 8595, 79105, 19655, 43131, 3478, 75436, 73052, 71062, 31739, 45697, 16052, 87826, 33911, 8138, 66268, 4656, 40763, 97630, 99868, 91639, 2772, 58917, 49516, 46748, 20804, 59466, 99872, 25910, 53332, 38030, 78030, 73087, 32427, 25656, 22734, 86384, 91610, 214, 58585, 43431, 32734, 17757, 39750, 16177, 71705, 51831, 42392, 85543, 6696, 8045, 46570, 30940, 78199, 29592, 24154, 78765, 84514, 86057, 90538, 96392, 38901, 72898, 62612, 33489, 59571, 82991, 44920, 37691, 1121, 94492, 51499, 82069, 28888, 14310, 88903, 84118, 10546, 30703, 78344, 91528, 40853, 4171, 4336, 52942, 23065, 9391, 86682, 8024, 19625, 91371, 66707, 17488, 10058, 52363, 62581, 72253, 66959, 9752, 13742, 86275, 76334, 53755, 50348, 61297, 71442, 60130, 43371, 96139, 17674, 23526, 15019, 82578, 51684, 64820, 51041, 4364, 44980, 70927, 4192, 97078, 91706, 68350, 77970, 42423, 59117, 98713, 81658, 5742, 16489, 29002, 42948, 22071, 91882, 87587, 87335, 92995, 94276, 73117, 79084, 6387, 11821, 92270, 39525, 34375, 79523, 78948, 53831, 62075, 20954, 96006, 36604, 39077, 58604, 29341, 89780, 20577, 57898, 43874, 87854, 39253, 63110, 39371, 19091, 10078, 61402, 86956, 2706, 6459, 53395, 56986, 73952, 14732, 36024, 78732, 78176, 77392, 90109, 7387, 46633, 28051, 78533, 47690, 10143, 69800, 44745, 15386, 78043, 85757, 67383, 85811, 74336, 6202, 10109, 54780, 811, 76576, 77040, 49169, 96682, 92835, 45041, 1842, 65528, 34016, 83474, 14013, 27202, 66335, 44499, 370, 21730, 52896, 71182, 85991, 39160, 40902, 55926, 35512, 75736, 13601, 92189, 77065, 84092, 98012, 48127, 11588, 90917, 67209, 11527, 94121, 43713, 79943, 21649, 81567, 58642, 44906, 74680, 40034, 91400, 63001, 5213, 55104, 32747, 93307, 38861, 27986, 4842, 71222, 96204, 50490, 41376, 83189, 378, 48774, 92287, 2703, 84308, 62388, 24134, 92282, 90947, 61816, 96517, 93801, 12248, 42612, 36596, 34402, 48549, 64887, 18886, 20656, 39553, 90994, 50931, 61171, 97927, 2047, 85741, 60257, 56686, 62824, 95036, 97774, 26512, 32213, 24226, 39119, 9190, 40253, 35323, 71271, 90577, 44, 70979, 92296, 59388, 78444, 59936, 61842, 18317, 14104, 74209, 24390, 30917, 86127, 98120, 80417, 53683, 4088, 22491, 83407, 32889, 33182, 90125, 68253, 63599, 54457, 91265, 92333, 23178, 96129, 44767, 46114, 84454, 73652, 77970, 9354, 12847, 74690, 31643, 71792, 72701, 44459, 13482, 2404, 79190, 44599, 39581, 83762, 38122, 78181, 85472, 89495, 96088, 45750, 12132, 86111, 9109, 84610, 44138, 65151, 75159, 7903, 24327, 23796, 27486, 76491, 91005, 62756, 8359, 39827, 37498, 88884, 69064, 88341, 83620, 5172, 25162, 12655, 35222, 43042, 31508, 95614, 11871, 72016, 12050, 46298, 82757, 50191, 22398, 65305, 63983, 69826, 58709, 70825, 19588, 82568, 42327, 11142, 71395, 10520, 43850, 12080, 34833, 59211, 82355, 44790, 14277, 94119, 99751, 55723, 66045, 65818, 52492, 28845, 77469, 6552, 85250, 81990, 20182, 31757, 24256, 8564, 51246, 18916, 38412, 36848, 69380, 96252, 20867, 86440, 12168, 57866, 16845, 44507, 27280, 78684, 72618, 39882, 21960, 75878, 24632, 3639, 77549, 1172, 17919, 43076, 60918, 7295, 36117, 78965, 29935, 36303, 38772, 34652, 92292, 20532, 49163, 23139, 14852, 2419, 94945, 10473, 58389, 87817, 18164, 62277, 68791, 13348, 73330, 36876, 65334, 21264, 45823, 48913, 66448, 45681, 76227, 3298, 19245, 15292, 74225, 2081, 12669, 14545, 37361, 93452, 1880, 79845, 47996, 3938, 92890, 66904, 15377, 35288, 80314, 59754, 72027, 85560, 13002, 79410, 60381, 36834, 26822, 18526, 4275, 21261, 76951, 98894, 44292, 83338, 72810, 24459, 48197]})"
55.0,8,8,18,6.152883768081665,10113,"Genotype(dna={""<class 'abc.NT_0017'>"": [0, 91624], ""<class 'abc.NT_0017_P_00000'>"": [], ""<class 'abc.NT_0015'>"": [59754, 18526], ""<class 'abc.NT_0015_P_00000'>"": [], ""<class 'abc.NT_0000'>"": [3, 0, 68658, 75248], ""<class 'abc.NT_0000_P_00000'>"": [], ""<class 'bool'>"": [86460, 41233, 75986, 25993, 82631, 61562, 27230, 83215], ""<class 'abc.NT_0000_P_00001'>"": [], ""<class 'int'>"": [24381, 89850, 80314], ""<class 'abc.NT_0000_P_00002'>"": [], ""<class 'abc.NT_0000_P_00003'>"": [], ""<class 'abc.NT_0015_P_00001'>"": [], ""<class 'abc.NT_0010'>"": [], ""<class 'abc.NT_0010_P_00000'>"": [], ""<class 'abc.NT_0007'>"": [], ""<class 'abc.NT_0007_P_00000'>"": [], ""<class 'abc.NT_0003'>"": [], ""<class 'abc.NT_0003_P_00000'>"": [], ""<class 'abc.NT_0002'>"": [0, 15377], ""<class 'abc.NT_0002_P_00000'>"": [], ""<class 'abc.NT_0002_P_00001'>"": [], ""<class 'abc.NT_0001'>"": [4, 2, 2, 1, 95789], ""<class 'abc.NT_0001_P_00000'>"": [], ""<class 'abc.NT_0001_P_00001'>"": [], ""<class 'abc.NT_0001_P_00002'>"": [], ""<class 'abc.NT_0001_P_00003'>"": [], ""<class 'abc.NT_0001_P_00004'>"": [], ""<class 'abc.NT_0002_P_00002'>"": [], ""<class 'abc.NT_0002_P_00003'>"": [], ""<class 'abc.NT_0003_P_00001'>"": [], ""<class 'abc.NT_0003_P_00002'>"": [], ""<class 'abc.NT_0003_P_00003'>"": [], ""<class 'abc.NT_0007_P_00001'>"": [], ""<class 'abc.NT_0004'>"": [98894, 44292, 83338, 72810, 24459, 48197], ""<class 'abc.NT_0004_P_00000'>"": [], ""<class 'abc.NT_0004_P_00001'>"": [], ""<class 'abc.NT_0010_P_00001'>"": [], ""<class 'abc.NT_0008'>"": [], ""<class 'abc.NT_0008_P_00000'>"": [], ""<class 'abc.NT_0010_P_00002'>"": [], ""<class 'abc.NT_0005'>"": [], ""<class 'abc.NT_0005_P_00000'>"": [], ""<class 'abc.NT_0005_P_00001'>"": [], ""<class 'abc.NT_0009'>"": [72027, 4275], ""<class 'abc.NT_0009_P_00000'>"": [], ""<class 'abc.NT_0009_P_00001'>"": [], ""<class 'abc.NT_0006'>"": [], ""<class 'abc.NT_0006_P_00000'>"": [], ""<class 'abc.NT_0009_P_00002'>"": [], ""<class 'abc.NT_0009_P_00003'>"": [], ""<class 'abc.NT_0015_P_00002'>"": [], ""<class 'abc.NT_0015_P_00003'>"": [], ""<class 'abc.NT_0014'>"": [], ""<class 'abc.NT_0014_P_00000'>"": [], ""<class 'abc.NT_0014_P_00001'>"": [], ""<class 'abc.NT_0015_P_00004'>"": [], ""<class 'abc.NT_0017_P_00001'>"": [], ""<class 'abc.NT_0016'>"": [], ""<class 'abc.NT_0016_P_00000'>"": [], ""<class 'abc.NT_0016_P_00001'>"": [], ""<class 'abc.NT_0016_P_00002'>"": [], ""<class 'abc.NT_0017_P_00002'>"": [], '$leftovers': [60404, 57587, 20000, 54340, 26317, 6481, 50799, 53366, 57672, 15437, 41470, 43194, 76280, 53058, 16632, 24951, 11647, 20336, 85920, 79178, 86726, 29687, 35122, 19936, 77951, 52918, 77202, 86811, 49977, 33989, 62146, 44283, 86282, 53235, 34529, 93786, 26995, 59308, 96804, 32075, 89268, 17705, 44065, 20964, 70557, 41228, 50394, 73244, 80589, 89878, 70093, 13531, 33497, 2118, 78177, 32452, 6202, 17781, 36111, 70983, 16310, 50605, 68444, 59396, 2989, 86690, 65815, 89541, 4173, 66353, 83209, 87572, 36004, 564, 32908, 7913, 59000, 95465, 92810, 87181, 4723, 71261, 90499, 32785, 42988, 8818, 96196, 25382, 42871, 28094, 74450, 1798, 9925, 29165, 11964, 72226, 30190, 2543, 47952, 6757, 23982, 21833, 84542, 51070, 20362, 47872, 63420, 54664, 2566, 11695, 6523, 29859, 6201, 70774, 77659, 84464, 78867, 27667, 69385, 65140, 36605, 7012, 1250, 28942, 20757, 68110, 13812, 73414, 97476, 48447, 65592, 47550, 63325, 56635, 41252, 76420, 8978, 72071, 1937, 52721, 11586, 95378, 12603, 22711, 7770, 30975, 43951, 55031, 2794, 31555, 40143, 45735, 26934, 973, 11552, 95654, 8346, 61470, 70413, 10371, 43200, 65213, 34376, 43681, 71623, 66363, 61726, 96882, 59629, 26130, 46919, 32533, 16075, 75983, 81859, 16243, 8366, 15261, 18908, 62350, 61492, 83170, 50893, 81836, 3003, 93817, 66605, 40524, 65446, 28020, 1863, 725, 71665, 25810, 44842, 73472, 41194, 64753, 52869, 28406, 39260, 71021, 44544, 65259, 40879, 61260, 45447, 45201, 3321, 71834, 91841, 85944, 94448, 53777, 52512, 8549, 49201, 19980, 24764, 94536, 5157, 97859, 66443, 89316, 95801, 13183, 85710, 46447, 35334, 77529, 59421, 81195, 9851, 45065, 1228, 86952, 32820, 60942, 12527, 2701, 43832, 81092, 19751, 59457, 23812, 97339, 11061, 65182, 36676, 27888, 43573, 78010, 73786, 42822, 94936, 73010, 77609, 10163, 63290, 27012, 14424, 18531, 84803, 64958, 43258, 85321, 82524, 12515, 71837, 58848, 55036, 90390, 48542, 50684, 67693, 63530, 31868, 23633, 21579, 6184, 53131, 21002, 64832, 92053, 7184, 69006, 35823, 8901, 37893, 51534, 12913, 22446, 26285, 70255, 27641, 21932, 83656, 66575, 48694, 39512, 17613, 54185, 98358, 36273, 43014, 10733, 45136, 56634, 51849, 94288, 26786, 42387, 35475, 24444, 8118, 49485, 81714, 83778, 89561, 8738, 52024, 58874, 72716, 42311, 25454, 87595, 81934, 17964, 61433, 19494, 83691, 27415, 37037, 93113, 43616, 52964, 48333, 56234, 18241, 27411, 16419, 52538, 26653, 9839, 74465, 52527, 80201, 79630, 1840, 83276, 82109, 32792, 12949, 92039, 43765, 36272, 54630, 58463, 7943, 38328, 97833, 45183, 91200, 15929, 47964, 40561, 81809, 14276, 39018, 78090, 20469, 86063, 44225, 33166, 87717, 85524, 97465, 83919, 30571, 47291, 11687, 54825, 46134, 8685, 78917, 38709, 83964, 2221, 51487, 86847, 14005, 89651, 45410, 32614, 24838, 40258, 99135, 55054, 4969, 96553, 24382, 92307, 81538, 18598, 31340, 57241, 99094, 6002, 7419, 86820, 42779, 11869, 72254, 27411, 31840, 79401, 73664, 91511, 29301, 88737, 56727, 37464, 71958, 69508, 25388, 4807, 91309, 55535, 78168, 94902, 31655, 46027, 94454, 40509, 42451, 1052, 68891, 6541, 61185, 60171, 90386, 32613, 13324, 92786, 63265, 21684, 48267, 73039, 43664, 60352, 52907, 44675, 95496, 2418, 7997, 69656, 52682, 3534, 62641, 94861, 67850, 67794, 22721, 46227, 31666, 8747, 35366, 39868, 7244, 91381, 38982, 77500, 57926, 64111, 61778, 4991, 50703, 56802, 29847, 58359, 95807, 95068, 83415, 81616, 76533, 71507, 98373, 2134, 16453, 78850, 30462, 46604, 89830, 21706, 86295, 8595, 79105, 19655, 43131, 3478, 75436, 73052, 71062, 31739, 45697, 16052, 87826, 33911, 8138, 66268, 4656, 40763, 97630, 99868, 91639, 2772, 58917, 49516, 46748, 20804, 59466, 99872, 25910, 53332, 38030, 78030, 73087, 32427, 25656, 22734, 86384, 91610, 214, 58585, 43431, 32734, 17757, 39750, 16177, 71705, 51831, 42392, 85543, 6696, 8045, 46570, 30940, 78199, 29592, 24154, 78765, 84514, 86057, 90538, 96392, 38901, 72898, 62612, 33489, 59571, 82991, 44920, 37691, 1121, 94492, 51499, 82069, 28888, 14310, 88903, 84118, 10546, 30703, 78344, 91528, 40853, 4171, 4336, 52942, 23065, 9391, 86682, 8024, 19625, 91371, 66707, 17488, 10058, 52363, 62581, 72253, 66959, 9752, 13742, 86275, 76334, 53755, 50348, 61297, 71442, 60130, 43371, 96139, 17674, 23526, 15019, 82578, 51684, 64820, 51041, 4364, 44980, 70927, 4192, 97078, 91706, 68350, 77970, 42423, 59117, 98713, 81658, 5742, 16489, 29002, 42948, 22071, 91882, 87587, 87335, 92995, 94276, 73117, 79084, 6387, 11821, 92270, 39525, 34375, 79523, 78948, 53831, 62075, 20954, 96006, 36604, 39077, 58604, 29341, 89780, 20577, 57898, 43874, 87854, 39253, 63110, 39371, 19091, 10078, 61402, 86956, 2706, 6459, 53395, 56986, 73952, 14732, 36024, 78732, 78176, 77392, 90109, 7387, 46633, 28051, 78533, 47690, 10143, 69800, 44745, 15386, 78043, 85757, 67383, 85811, 74336, 6202, 10109, 54780, 811, 76576, 77040, 49169, 96682, 92835, 45041, 1842, 65528, 34016, 83474, 14013, 27202, 66335, 44499, 370, 21730, 52896, 71182, 85991, 39160, 40902, 55926, 35512, 75736, 13601, 92189, 77065, 84092, 98012, 48127, 11588, 90917, 67209, 11527, 94121, 43713, 79943, 21649, 81567, 58642, 44906, 74680, 40034, 91400, 63001, 5213, 55104, 32747, 93307, 38861, 27986, 4842, 71222, 96204, 50490, 41376, 83189, 378, 48774, 92287, 2703, 84308, 62388, 24134, 92282, 90947, 61816, 96517, 93801, 12248, 42612, 36596, 34402, 48549, 64887, 18886, 20656, 39553, 90994, 50931, 61171, 97927, 2047, 85741, 60257, 56686, 62824, 95036, 97774, 26512, 32213, 24226, 39119, 9190, 40253, 35323, 71271, 90577, 44, 70979, 92296, 59388, 78444, 59936, 61842, 18317, 14104, 74209, 24390, 30917, 86127, 98120, 80417, 53683, 4088, 22491, 83407, 32889, 33182, 90125, 68253, 63599, 54457, 91265, 92333, 23178, 96129, 44767, 46114, 84454, 73652, 77970, 9354, 12847, 74690, 31643, 71792, 72701, 44459, 13482, 2404, 79190, 44599, 39581, 83762, 38122, 78181, 85472, 89495, 96088, 45750, 12132, 86111, 9109, 84610, 44138, 65151, 75159, 7903, 24327, 23796, 27486, 76491, 91005, 62756, 8359, 39827, 37498, 88884, 69064, 88341, 83620, 5172, 25162, 12655, 35222, 43042, 31508, 95614, 11871, 72016, 12050, 46298, 82757, 50191, 22398, 65305, 63983, 69826, 58709, 70825, 19588, 82568, 42327, 11142, 71395, 10520, 43850, 12080, 34833, 59211, 82355, 44790, 14277, 94119, 99751, 55723, 66045, 65818, 52492, 28845, 77469, 6552, 85250, 81990, 20182, 31757, 24256, 8564, 51246, 18916, 38412, 36848, 69380, 96252, 20867, 86440, 12168, 57866, 16845, 44507, 27280, 78684, 72618, 39882, 21960, 75878, 24632, 3639, 77549, 1172, 17919, 43076, 60918, 7295, 36117, 78965, 29935, 36303, 38772, 34652, 92292, 20532, 49163, 23139, 14852, 2419, 94945, 10473, 58389, 87817, 18164, 62277, 68791, 13348, 73330, 36876, 65334, 21264, 45823, 48913, 66448, 45681, 76227, 3298, 19245, 15292, 74225, 2081, 12669, 14545, 37361, 93452, 1880, 79845, 47996, 3938, 92890, 66904, 15377, 35288, 80314, 59754, 72027, 85560, 13002, 79410, 60381, 36834, 26822, 18526, 4275, 21261, 76951, 98894, 44292, 83338, 72810, 24459, 48197]})"
55.0,8,8,19,6.340316534042358,10113,"Genotype(dna={""<class 'abc.NT_0017'>"": [0, 91624], ""<class 'abc.NT_0017_P_00000'>"": [], ""<class 'abc.NT_0015'>"": [59754, 18526], ""<class 'abc.NT_0015_P_00000'>"": [], ""<class 'abc.NT_0000'>"": [3, 0, 68658, 75248], ""<class 'abc.NT_0000_P_00000'>"": [], ""<class 'bool'>"": [86460, 41233, 75986, 25993, 82631, 61562, 27230, 83215], ""<class 'abc.NT_0000_P_00001'>"": [], ""<class 'int'>"": [24381, 89850, 80314], ""<class 'abc.NT_0000_P_00002'>"": [], ""<class 'abc.NT_0000_P_00003'>"": [], ""<class 'abc.NT_0015_P_00001'>"": [], ""<class 'abc.NT_0010'>"": [], ""<class 'abc.NT_0010_P_00000'>"": [], ""<class 'abc.NT_0007'>"": [], ""<class 'abc.NT_0007_P_00000'>"": [], ""<class 'abc.NT_0003'>"": [], ""<class 'abc.NT_0003_P_00000'>"": [], ""<class 'abc.NT_0002'>"": [0, 15377], ""<class 'abc.NT_0002_P_00000'>"": [], ""<class 'abc.NT_0002_P_00001'>"": [], ""<class 'abc.NT_0001'>"": [4, 2, 2, 1, 95789], ""<class 'abc.NT_0001_P_00000'>"": [], ""<class 'abc.NT_0001_P_00001'>"": [], ""<class 'abc.NT_0001_P_00002'>"": [], ""<class 'abc.NT_0001_P_00003'>"": [], ""<class 'abc.NT_0001_P_00004'>"": [], ""<class 'abc.NT_0002_P_00002'>"": [], ""<class 'abc.NT_0002_P_00003'>"": [], ""<class 'abc.NT_0003_P_00001'>"": [], ""<class 'abc.NT_0003_P_00002'>"": [], ""<class 'abc.NT_0003_P_00003'>"": [], ""<class 'abc.NT_0007_P_00001'>"": [], ""<class 'abc.NT_0004'>"": [98894, 44292, 83338, 72810, 24459, 48197], ""<class 'abc.NT_0004_P_00000'>"": [], ""<class 'abc.NT_0004_P_00001'>"": [], ""<class 'abc.NT_0010_P_00001'>"": [], ""<class 'abc.NT_0008'>"": [], ""<class 'abc.NT_0008_P_00000'>"": [], ""<class 'abc.NT_0010_P_00002'>"": [], ""<class 'abc.NT_0005'>"": [], ""<class 'abc.NT_0005_P_00000'>"": [], ""<class 'abc.NT_0005_P_00001'>"": [], ""<class 'abc.NT_0009'>"": [72027, 4275], ""<class 'abc.NT_0009_P_00000'>"": [], ""<class 'abc.NT_0009_P_00001'>"": [], ""<class 'abc.NT_0006'>"": [], ""<class 'abc.NT_0006_P_00000'>"": [], ""<class 'abc.NT_0009_P_00002'>"": [], ""<class 'abc.NT_0009_P_00003'>"": [], ""<class 'abc.NT_0015_P_00002'>"": [], ""<class 'abc.NT_0015_P_00003'>"": [], ""<class 'abc.NT_0014'>"": [], ""<class 'abc.NT_0014_P_00000'>"": [], ""<class 'abc.NT_0014_P_00001'>"": [], ""<class 'abc.NT_0015_P_00004'>"": [], ""<class 'abc.NT_0017_P_00001'>"": [], ""<class 'abc.NT_0016'>"": [], ""<class 'abc.NT_0016_P_00000'>"": [], ""<class 'abc.NT_0016_P_00001'>"": [], ""<class 'abc.NT_0016_P_00002'>"": [], ""<class 'abc.NT_0017_P_00002'>"": [], '$leftovers': [60404, 57587, 20000, 54340, 26317, 6481, 50799, 53366, 57672, 15437, 41470, 43194, 76280, 53058, 16632, 24951, 11647, 20336, 85920, 79178, 86726, 29687, 35122, 19936, 77951, 52918, 77202, 86811, 49977, 33989, 62146, 44283, 86282, 53235, 34529, 93786, 26995, 59308, 96804, 32075, 89268, 17705, 44065, 20964, 70557, 41228, 50394, 73244, 80589, 89878, 70093, 13531, 33497, 2118, 78177, 32452, 6202, 17781, 36111, 70983, 16310, 50605, 68444, 59396, 2989, 86690, 65815, 89541, 4173, 66353, 83209, 87572, 36004, 564, 32908, 7913, 59000, 95465, 92810, 87181, 4723, 71261, 90499, 32785, 42988, 8818, 96196, 25382, 42871, 28094, 74450, 1798, 9925, 29165, 11964, 72226, 30190, 2543, 47952, 6757, 23982, 21833, 84542, 51070, 20362, 47872, 63420, 54664, 2566, 11695, 6523, 29859, 6201, 70774, 77659, 84464, 78867, 27667, 69385, 65140, 36605, 7012, 1250, 28942, 20757, 68110, 13812, 73414, 97476, 48447, 65592, 47550, 63325, 56635, 41252, 76420, 8978, 72071, 1937, 52721, 11586, 95378, 12603, 22711, 7770, 30975, 43951, 55031, 2794, 31555, 40143, 45735, 26934, 973, 11552, 95654, 8346, 61470, 70413, 10371, 43200, 65213, 34376, 43681, 71623, 66363, 61726, 96882, 59629, 26130, 46919, 32533, 16075, 75983, 81859, 16243, 8366, 15261, 18908, 62350, 61492, 83170, 50893, 81836, 3003, 93817, 66605, 40524, 65446, 28020, 1863, 725, 71665, 25810, 44842, 73472, 41194, 64753, 52869, 28406, 39260, 71021, 44544, 65259, 40879, 61260, 45447, 45201, 3321, 71834, 91841, 85944, 94448, 53777, 52512, 8549, 49201, 19980, 24764, 94536, 5157, 97859, 66443, 89316, 95801, 13183, 85710, 46447, 35334, 77529, 59421, 81195, 9851, 45065, 1228, 86952, 32820, 60942, 12527, 2701, 43832, 81092, 19751, 59457, 23812, 97339, 11061, 65182, 36676, 27888, 43573, 78010, 73786, 42822, 94936, 73010, 77609, 10163, 63290, 27012, 14424, 18531, 84803, 64958, 43258, 85321, 82524, 12515, 71837, 58848, 55036, 90390, 48542, 50684, 67693, 63530, 31868, 23633, 21579, 6184, 53131, 21002, 64832, 92053, 7184, 69006, 35823, 8901, 37893, 51534, 12913, 22446, 26285, 70255, 27641, 21932, 83656, 66575, 48694, 39512, 17613, 54185, 98358, 36273, 43014, 10733, 45136, 56634, 51849, 94288, 26786, 42387, 35475, 24444, 8118, 49485, 81714, 83778, 89561, 8738, 52024, 58874, 72716, 42311, 25454, 87595, 81934, 17964, 61433, 19494, 83691, 27415, 37037, 93113, 43616, 52964, 48333, 56234, 18241, 27411, 16419, 52538, 26653, 9839, 74465, 52527, 80201, 79630, 1840, 83276, 82109, 32792, 12949, 92039, 43765, 36272, 54630, 58463, 7943, 38328, 97833, 45183, 91200, 15929, 47964, 40561, 81809, 14276, 39018, 78090, 20469, 86063, 44225, 33166, 87717, 85524, 97465, 83919, 30571, 47291, 11687, 54825, 46134, 8685, 78917, 38709, 83964, 2221, 51487, 86847, 14005, 89651, 45410, 32614, 24838, 40258, 99135, 55054, 4969, 96553, 24382, 92307, 81538, 18598, 31340, 57241, 99094, 6002, 7419, 86820, 42779, 11869, 72254, 27411, 31840, 79401, 73664, 91511, 29301, 88737, 56727, 37464, 71958, 69508, 25388, 4807, 91309, 55535, 78168, 94902, 31655, 46027, 94454, 40509, 42451, 1052, 68891, 6541, 61185, 60171, 90386, 32613, 13324, 92786, 63265, 21684, 48267, 73039, 43664, 60352, 52907, 44675, 95496, 2418, 7997, 69656, 52682, 3534, 62641, 94861, 67850, 67794, 22721, 46227, 31666, 8747, 35366, 39868, 7244, 91381, 38982, 77500, 57926, 64111, 61778, 4991, 50703, 56802, 29847, 58359, 95807, 95068, 83415, 81616, 76533, 71507, 98373, 2134, 16453, 78850, 30462, 46604, 89830, 21706, 86295, 8595, 79105, 19655, 43131, 3478, 75436, 73052, 71062, 31739, 45697, 16052, 87826, 33911, 8138, 66268, 4656, 40763, 97630, 99868, 91639, 2772, 58917, 49516, 46748, 20804, 59466, 99872, 25910, 53332, 38030, 78030, 73087, 32427, 25656, 22734, 86384, 91610, 214, 58585, 43431, 32734, 17757, 39750, 16177, 71705, 51831, 42392, 85543, 6696, 8045, 46570, 30940, 78199, 29592, 24154, 78765, 84514, 86057, 90538, 96392, 38901, 72898, 62612, 33489, 59571, 82991, 44920, 37691, 1121, 94492, 51499, 82069, 28888, 14310, 88903, 84118, 10546, 30703, 78344, 91528, 40853, 4171, 4336, 52942, 23065, 9391, 86682, 8024, 19625, 91371, 66707, 17488, 10058, 52363, 62581, 72253, 66959, 9752, 13742, 86275, 76334, 53755, 50348, 61297, 71442, 60130, 43371, 96139, 17674, 23526, 15019, 82578, 51684, 64820, 51041, 4364, 44980, 70927, 4192, 97078, 91706, 68350, 77970, 42423, 59117, 98713, 81658, 5742, 16489, 29002, 42948, 22071, 91882, 87587, 87335, 92995, 94276, 73117, 79084, 6387, 11821, 92270, 39525, 34375, 79523, 78948, 53831, 62075, 20954, 96006, 36604, 39077, 58604, 29341, 89780, 20577, 57898, 43874, 87854, 39253, 63110, 39371, 19091, 10078, 61402, 86956, 2706, 6459, 53395, 56986, 73952, 14732, 36024, 78732, 78176, 77392, 90109, 7387, 46633, 28051, 78533, 47690, 10143, 69800, 44745, 15386, 78043, 85757, 67383, 85811, 74336, 6202, 10109, 54780, 811, 76576, 77040, 49169, 96682, 92835, 45041, 1842, 65528, 34016, 83474, 14013, 27202, 66335, 44499, 370, 21730, 52896, 71182, 85991, 39160, 40902, 55926, 35512, 75736, 13601, 92189, 77065, 84092, 98012, 48127, 11588, 90917, 67209, 11527, 94121, 43713, 79943, 21649, 81567, 58642, 44906, 74680, 40034, 91400, 63001, 5213, 55104, 32747, 93307, 38861, 27986, 4842, 71222, 96204, 50490, 41376, 83189, 378, 48774, 92287, 2703, 84308, 62388, 24134, 92282, 90947, 61816, 96517, 93801, 12248, 42612, 36596, 34402, 48549, 64887, 18886, 20656, 39553, 90994, 50931, 61171, 97927, 2047, 85741, 60257, 56686, 62824, 95036, 97774, 26512, 32213, 24226, 39119, 9190, 40253, 35323, 71271, 90577, 44, 70979, 92296, 59388, 78444, 59936, 61842, 18317, 14104, 74209, 24390, 30917, 86127, 98120, 80417, 53683, 4088, 22491, 83407, 32889, 33182, 90125, 68253, 63599, 54457, 91265, 92333, 23178, 96129, 44767, 46114, 84454, 73652, 77970, 9354, 12847, 74690, 31643, 71792, 72701, 44459, 13482, 2404, 79190, 44599, 39581, 83762, 38122, 78181, 85472, 89495, 96088, 45750, 12132, 86111, 9109, 84610, 44138, 65151, 75159, 7903, 24327, 23796, 27486, 76491, 91005, 62756, 8359, 39827, 37498, 88884, 69064, 88341, 83620, 5172, 25162, 12655, 35222, 43042, 31508, 95614, 11871, 72016, 12050, 46298, 82757, 50191, 22398, 65305, 63983, 69826, 58709, 70825, 19588, 82568, 42327, 11142, 71395, 10520, 43850, 12080, 34833, 59211, 82355, 44790, 14277, 94119, 99751, 55723, 66045, 65818, 52492, 28845, 77469, 6552, 85250, 81990, 20182, 31757, 24256, 8564, 51246, 18916, 38412, 36848, 69380, 96252, 20867, 86440, 12168, 57866, 16845, 44507, 27280, 78684, 72618, 39882, 21960, 75878, 24632, 3639, 77549, 1172, 17919, 43076, 60918, 7295, 36117, 78965, 29935, 36303, 38772, 34652, 92292, 20532, 49163, 23139, 14852, 2419, 94945, 10473, 58389, 87817, 18164, 62277, 68791, 13348, 73330, 36876, 65334, 21264, 45823, 48913, 66448, 45681, 76227, 3298, 19245, 15292, 74225, 2081, 12669, 14545, 37361, 93452, 1880, 79845, 47996, 3938, 92890, 66904, 15377, 35288, 80314, 59754, 72027, 85560, 13002, 79410, 60381, 36834, 26822, 18526, 4275, 21261, 76951, 98894, 44292, 83338, 72810, 24459, 48197]})"
55.0,8,8,20,6.544685363769531,10113,"Genotype(dna={""<class 'abc.NT_0017'>"": [0, 91624], ""<class 'abc.NT_0017_P_00000'>"": [], ""<class 'abc.NT_0015'>"": [59754, 18526], ""<class 'abc.NT_0015_P_00000'>"": [], ""<class 'abc.NT_0000'>"": [3, 0, 68658, 75248], ""<class 'abc.NT_0000_P_00000'>"": [], ""<class 'bool'>"": [86460, 41233, 75986, 25993, 82631, 61562, 27230, 83215], ""<class 'abc.NT_0000_P_00001'>"": [], ""<class 'int'>"": [24381, 89850, 80314], ""<class 'abc.NT_0000_P_00002'>"": [], ""<class 'abc.NT_0000_P_00003'>"": [], ""<class 'abc.NT_0015_P_00001'>"": [], ""<class 'abc.NT_0010'>"": [], ""<class 'abc.NT_0010_P_00000'>"": [], ""<class 'abc.NT_0007'>"": [], ""<class 'abc.NT_0007_P_00000'>"": [], ""<class 'abc.NT_0003'>"": [], ""<class 'abc.NT_0003_P_00000'>"": [], ""<class 'abc.NT_0002'>"": [0, 15377], ""<class 'abc.NT_0002_P_00000'>"": [], ""<class 'abc.NT_0002_P_00001'>"": [], ""<class 'abc.NT_0001'>"": [4, 2, 2, 1, 95789], ""<class 'abc.NT_0001_P_00000'>"": [], ""<class 'abc.NT_0001_P_00001'>"": [], ""<class 'abc.NT_0001_P_00002'>"": [], ""<class 'abc.NT_0001_P_00003'>"": [], ""<class 'abc.NT_0001_P_00004'>"": [], ""<class 'abc.NT_0002_P_00002'>"": [], ""<class 'abc.NT_0002_P_00003'>"": [], ""<class 'abc.NT_0003_P_00001'>"": [], ""<class 'abc.NT_0003_P_00002'>"": [], ""<class 'abc.NT_0003_P_00003'>"": [], ""<class 'abc.NT_0007_P_00001'>"": [], ""<class 'abc.NT_0004'>"": [98894, 44292, 83338, 72810, 24459, 48197], ""<class 'abc.NT_0004_P_00000'>"": [], ""<class 'abc.NT_0004_P_00001'>"": [], ""<class 'abc.NT_0010_P_00001'>"": [], ""<class 'abc.NT_0008'>"": [], ""<class 'abc.NT_0008_P_00000'>"": [], ""<class 'abc.NT_0010_P_00002'>"": [], ""<class 'abc.NT_0005'>"": [], ""<class 'abc.NT_0005_P_00000'>"": [], ""<class 'abc.NT_0005_P_00001'>"": [], ""<class 'abc.NT_0009'>"": [72027, 4275], ""<class 'abc.NT_0009_P_00000'>"": [], ""<class 'abc.NT_0009_P_00001'>"": [], ""<class 'abc.NT_0006'>"": [], ""<class 'abc.NT_0006_P_00000'>"": [], ""<class 'abc.NT_0009_P_00002'>"": [], ""<class 'abc.NT_0009_P_00003'>"": [], ""<class 'abc.NT_0015_P_00002'>"": [], ""<class 'abc.NT_0015_P_00003'>"": [], ""<class 'abc.NT_0014'>"": [], ""<class 'abc.NT_0014_P_00000'>"": [], ""<class 'abc.NT_0014_P_00001'>"": [], ""<class 'abc.NT_0015_P_00004'>"": [], ""<class 'abc.NT_0017_P_00001'>"": [], ""<class 'abc.NT_0016'>"": [], ""<class 'abc.NT_0016_P_00000'>"": [], ""<class 'abc.NT_0016_P_00001'>"": [], ""<class 'abc.NT_0016_P_00002'>"": [], ""<class 'abc.NT_0017_P_00002'>"": [], '$leftovers': [60404, 57587, 20000, 54340, 26317, 6481, 50799, 53366, 57672, 15437, 41470, 43194, 76280, 53058, 16632, 24951, 11647, 20336, 85920, 79178, 86726, 29687, 35122, 19936, 77951, 52918, 77202, 86811, 49977, 33989, 62146, 44283, 86282, 53235, 34529, 93786, 26995, 59308, 96804, 32075, 89268, 17705, 44065, 20964, 70557, 41228, 50394, 73244, 80589, 89878, 70093, 13531, 33497, 2118, 78177, 32452, 6202, 17781, 36111, 70983, 16310, 50605, 68444, 59396, 2989, 86690, 65815, 89541, 4173, 66353, 83209, 87572, 36004, 564, 32908, 7913, 59000, 95465, 92810, 87181, 4723, 71261, 90499, 32785, 42988, 8818, 96196, 25382, 42871, 28094, 74450, 1798, 9925, 29165, 11964, 72226, 30190, 2543, 47952, 6757, 23982, 21833, 84542, 51070, 20362, 47872, 63420, 54664, 2566, 11695, 6523, 29859, 6201, 70774, 77659, 84464, 78867, 27667, 69385, 65140, 36605, 7012, 1250, 28942, 20757, 68110, 13812, 73414, 97476, 48447, 65592, 47550, 63325, 56635, 41252, 76420, 8978, 72071, 1937, 52721, 11586, 95378, 12603, 22711, 7770, 30975, 43951, 55031, 2794, 31555, 40143, 45735, 26934, 973, 11552, 95654, 8346, 61470, 70413, 10371, 43200, 65213, 34376, 43681, 71623, 66363, 61726, 96882, 59629, 26130, 46919, 32533, 16075, 75983, 81859, 16243, 8366, 15261, 18908, 62350, 61492, 83170, 50893, 81836, 3003, 93817, 66605, 40524, 65446, 28020, 1863, 725, 71665, 25810, 44842, 73472, 41194, 64753, 52869, 28406, 39260, 71021, 44544, 65259, 40879, 61260, 45447, 45201, 3321, 71834, 91841, 85944, 94448, 53777, 52512, 8549, 49201, 19980, 24764, 94536, 5157, 97859, 66443, 89316, 95801, 13183, 85710, 46447, 35334, 77529, 59421, 81195, 9851, 45065, 1228, 86952, 32820, 60942, 12527, 2701, 43832, 81092, 19751, 59457, 23812, 97339, 11061, 65182, 36676, 27888, 43573, 78010, 73786, 42822, 94936, 73010, 77609, 10163, 63290, 27012, 14424, 18531, 84803, 64958, 43258, 85321, 82524, 12515, 71837, 58848, 55036, 90390, 48542, 50684, 67693, 63530, 31868, 23633, 21579, 6184, 53131, 21002, 64832, 92053, 7184, 69006, 35823, 8901, 37893, 51534, 12913, 22446, 26285, 70255, 27641, 21932, 83656, 66575, 48694, 39512, 17613, 54185, 98358, 36273, 43014, 10733, 45136, 56634, 51849, 94288, 26786, 42387, 35475, 24444, 8118, 49485, 81714, 83778, 89561, 8738, 52024, 58874, 72716, 42311, 25454, 87595, 81934, 17964, 61433, 19494, 83691, 27415, 37037, 93113, 43616, 52964, 48333, 56234, 18241, 27411, 16419, 52538, 26653, 9839, 74465, 52527, 80201, 79630, 1840, 83276, 82109, 32792, 12949, 92039, 43765, 36272, 54630, 58463, 7943, 38328, 97833, 45183, 91200, 15929, 47964, 40561, 81809, 14276, 39018, 78090, 20469, 86063, 44225, 33166, 87717, 85524, 97465, 83919, 30571, 47291, 11687, 54825, 46134, 8685, 78917, 38709, 83964, 2221, 51487, 86847, 14005, 89651, 45410, 32614, 24838, 40258, 99135, 55054, 4969, 96553, 24382, 92307, 81538, 18598, 31340, 57241, 99094, 6002, 7419, 86820, 42779, 11869, 72254, 27411, 31840, 79401, 73664, 91511, 29301, 88737, 56727, 37464, 71958, 69508, 25388, 4807, 91309, 55535, 78168, 94902, 31655, 46027, 94454, 40509, 42451, 1052, 68891, 6541, 61185, 60171, 90386, 32613, 13324, 92786, 63265, 21684, 48267, 73039, 43664, 60352, 52907, 44675, 95496, 2418, 7997, 69656, 52682, 3534, 62641, 94861, 67850, 67794, 22721, 46227, 31666, 8747, 35366, 39868, 7244, 91381, 38982, 77500, 57926, 64111, 61778, 4991, 50703, 56802, 29847, 58359, 95807, 95068, 83415, 81616, 76533, 71507, 98373, 2134, 16453, 78850, 30462, 46604, 89830, 21706, 86295, 8595, 79105, 19655, 43131, 3478, 75436, 73052, 71062, 31739, 45697, 16052, 87826, 33911, 8138, 66268, 4656, 40763, 97630, 99868, 91639, 2772, 58917, 49516, 46748, 20804, 59466, 99872, 25910, 53332, 38030, 78030, 73087, 32427, 25656, 22734, 86384, 91610, 214, 58585, 43431, 32734, 17757, 39750, 16177, 71705, 51831, 42392, 85543, 6696, 8045, 46570, 30940, 78199, 29592, 24154, 78765, 84514, 86057, 90538, 96392, 38901, 72898, 62612, 33489, 59571, 82991, 44920, 37691, 1121, 94492, 51499, 82069, 28888, 14310, 88903, 84118, 10546, 30703, 78344, 91528, 40853, 4171, 4336, 52942, 23065, 9391, 86682, 8024, 19625, 91371, 66707, 17488, 10058, 52363, 62581, 72253, 66959, 9752, 13742, 86275, 76334, 53755, 50348, 61297, 71442, 60130, 43371, 96139, 17674, 23526, 15019, 82578, 51684, 64820, 51041, 4364, 44980, 70927, 4192, 97078, 91706, 68350, 77970, 42423, 59117, 98713, 81658, 5742, 16489, 29002, 42948, 22071, 91882, 87587, 87335, 92995, 94276, 73117, 79084, 6387, 11821, 92270, 39525, 34375, 79523, 78948, 53831, 62075, 20954, 96006, 36604, 39077, 58604, 29341, 89780, 20577, 57898, 43874, 87854, 39253, 63110, 39371, 19091, 10078, 61402, 86956, 2706, 6459, 53395, 56986, 73952, 14732, 36024, 78732, 78176, 77392, 90109, 7387, 46633, 28051, 78533, 47690, 10143, 69800, 44745, 15386, 78043, 85757, 67383, 85811, 74336, 6202, 10109, 54780, 811, 76576, 77040, 49169, 96682, 92835, 45041, 1842, 65528, 34016, 83474, 14013, 27202, 66335, 44499, 370, 21730, 52896, 71182, 85991, 39160, 40902, 55926, 35512, 75736, 13601, 92189, 77065, 84092, 98012, 48127, 11588, 90917, 67209, 11527, 94121, 43713, 79943, 21649, 81567, 58642, 44906, 74680, 40034, 91400, 63001, 5213, 55104, 32747, 93307, 38861, 27986, 4842, 71222, 96204, 50490, 41376, 83189, 378, 48774, 92287, 2703, 84308, 62388, 24134, 92282, 90947, 61816, 96517, 93801, 12248, 42612, 36596, 34402, 48549, 64887, 18886, 20656, 39553, 90994, 50931, 61171, 97927, 2047, 85741, 60257, 56686, 62824, 95036, 97774, 26512, 32213, 24226, 39119, 9190, 40253, 35323, 71271, 90577, 44, 70979, 92296, 59388, 78444, 59936, 61842, 18317, 14104, 74209, 24390, 30917, 86127, 98120, 80417, 53683, 4088, 22491, 83407, 32889, 33182, 90125, 68253, 63599, 54457, 91265, 92333, 23178, 96129, 44767, 46114, 84454, 73652, 77970, 9354, 12847, 74690, 31643, 71792, 72701, 44459, 13482, 2404, 79190, 44599, 39581, 83762, 38122, 78181, 85472, 89495, 96088, 45750, 12132, 86111, 9109, 84610, 44138, 65151, 75159, 7903, 24327, 23796, 27486, 76491, 91005, 62756, 8359, 39827, 37498, 88884, 69064, 88341, 83620, 5172, 25162, 12655, 35222, 43042, 31508, 95614, 11871, 72016, 12050, 46298, 82757, 50191, 22398, 65305, 63983, 69826, 58709, 70825, 19588, 82568, 42327, 11142, 71395, 10520, 43850, 12080, 34833, 59211, 82355, 44790, 14277, 94119, 99751, 55723, 66045, 65818, 52492, 28845, 77469, 6552, 85250, 81990, 20182, 31757, 24256, 8564, 51246, 18916, 38412, 36848, 69380, 96252, 20867, 86440, 12168, 57866, 16845, 44507, 27280, 78684, 72618, 39882, 21960, 75878, 24632, 3639, 77549, 1172, 17919, 43076, 60918, 7295, 36117, 78965, 29935, 36303, 38772, 34652, 92292, 20532, 49163, 23139, 14852, 2419, 94945, 10473, 58389, 87817, 18164, 62277, 68791, 13348, 73330, 36876, 65334, 21264, 45823, 48913, 66448, 45681, 76227, 3298, 19245, 15292, 74225, 2081, 12669, 14545, 37361, 93452, 1880, 79845, 47996, 3938, 92890, 66904, 15377, 35288, 80314, 59754, 72027, 85560, 13002, 79410, 60381, 36834, 26822, 18526, 4275, 21261, 76951, 98894, 44292, 83338, 72810, 24459, 48197]})"
55.0,8,8,21,6.71539831161499,10113,"Genotype(dna={""<class 'abc.NT_0017'>"": [0, 91624], ""<class 'abc.NT_0017_P_00000'>"": [], ""<class 'abc.NT_0015'>"": [59754, 18526], ""<class 'abc.NT_0015_P_00000'>"": [], ""<class 'abc.NT_0000'>"": [3, 0, 68658, 75248], ""<class 'abc.NT_0000_P_00000'>"": [], ""<class 'bool'>"": [86460, 41233, 75986, 25993, 82631, 61562, 27230, 83215], ""<class 'abc.NT_0000_P_00001'>"": [], ""<class 'int'>"": [24381, 89850, 80314], ""<class 'abc.NT_0000_P_00002'>"": [], ""<class 'abc.NT_0000_P_00003'>"": [], ""<class 'abc.NT_0015_P_00001'>"": [], ""<class 'abc.NT_0010'>"": [], ""<class 'abc.NT_0010_P_00000'>"": [], ""<class 'abc.NT_0007'>"": [], ""<class 'abc.NT_0007_P_00000'>"": [], ""<class 'abc.NT_0003'>"": [], ""<class 'abc.NT_0003_P_00000'>"": [], ""<class 'abc.NT_0002'>"": [0, 15377], ""<class 'abc.NT_0002_P_00000'>"": [], ""<class 'abc.NT_0002_P_00001'>"": [], ""<class 'abc.NT_0001'>"": [4, 2, 2, 1, 95789], ""<class 'abc.NT_0001_P_00000'>"": [], ""<class 'abc.NT_0001_P_00001'>"": [], ""<class 'abc.NT_0001_P_00002'>"": [], ""<class 'abc.NT_0001_P_00003'>"": [], ""<class 'abc.NT_0001_P_00004'>"": [], ""<class 'abc.NT_0002_P_00002'>"": [], ""<class 'abc.NT_0002_P_00003'>"": [], ""<class 'abc.NT_0003_P_00001'>"": [], ""<class 'abc.NT_0003_P_00002'>"": [], ""<class 'abc.NT_0003_P_00003'>"": [], ""<class 'abc.NT_0007_P_00001'>"": [], ""<class 'abc.NT_0004'>"": [98894, 44292, 83338, 72810, 24459, 48197], ""<class 'abc.NT_0004_P_00000'>"": [], ""<class 'abc.NT_0004_P_00001'>"": [], ""<class 'abc.NT_0010_P_00001'>"": [], ""<class 'abc.NT_0008'>"": [], ""<class 'abc.NT_0008_P_00000'>"": [], ""<class 'abc.NT_0010_P_00002'>"": [], ""<class 'abc.NT_0005'>"": [], ""<class 'abc.NT_0005_P_00000'>"": [], ""<class 'abc.NT_0005_P_00001'>"": [], ""<class 'abc.NT_0009'>"": [72027, 4275], ""<class 'abc.NT_0009_P_00000'>"": [], ""<class 'abc.NT_0009_P_00001'>"": [], ""<class 'abc.NT_0006'>"": [], ""<class 'abc.NT_0006_P_00000'>"": [], ""<class 'abc.NT_0009_P_00002'>"": [], ""<class 'abc.NT_0009_P_00003'>"": [], ""<class 'abc.NT_0015_P_00002'>"": [], ""<class 'abc.NT_0015_P_00003'>"": [], ""<class 'abc.NT_0014'>"": [], ""<class 'abc.NT_0014_P_00000'>"": [], ""<class 'abc.NT_0014_P_00001'>"": [], ""<class 'abc.NT_0015_P_00004'>"": [], ""<class 'abc.NT_0017_P_00001'>"": [], ""<class 'abc.NT_0016'>"": [], ""<class 'abc.NT_0016_P_00000'>"": [], ""<class 'abc.NT_0016_P_00001'>"": [], ""<class 'abc.NT_0016_P_00002'>"": [], ""<class 'abc.NT_0017_P_00002'>"": [], '$leftovers': [60404, 57587, 20000, 54340, 26317, 6481, 50799, 53366, 57672, 15437, 41470, 43194, 76280, 53058, 16632, 24951, 11647, 20336, 85920, 79178, 86726, 29687, 35122, 19936, 77951, 52918, 77202, 86811, 49977, 33989, 62146, 44283, 86282, 53235, 34529, 93786, 26995, 59308, 96804, 32075, 89268, 17705, 44065, 20964, 70557, 41228, 50394, 73244, 80589, 89878, 70093, 13531, 33497, 2118, 78177, 32452, 6202, 17781, 36111, 70983, 16310, 50605, 68444, 59396, 2989, 86690, 65815, 89541, 4173, 66353, 83209, 87572, 36004, 564, 32908, 7913, 59000, 95465, 92810, 87181, 4723, 71261, 90499, 32785, 42988, 8818, 96196, 25382, 42871, 28094, 74450, 1798, 9925, 29165, 11964, 72226, 30190, 2543, 47952, 6757, 23982, 21833, 84542, 51070, 20362, 47872, 63420, 54664, 2566, 11695, 6523, 29859, 6201, 70774, 77659, 84464, 78867, 27667, 69385, 65140, 36605, 7012, 1250, 28942, 20757, 68110, 13812, 73414, 97476, 48447, 65592, 47550, 63325, 56635, 41252, 76420, 8978, 72071, 1937, 52721, 11586, 95378, 12603, 22711, 7770, 30975, 43951, 55031, 2794, 31555, 40143, 45735, 26934, 973, 11552, 95654, 8346, 61470, 70413, 10371, 43200, 65213, 34376, 43681, 71623, 66363, 61726, 96882, 59629, 26130, 46919, 32533, 16075, 75983, 81859, 16243, 8366, 15261, 18908, 62350, 61492, 83170, 50893, 81836, 3003, 93817, 66605, 40524, 65446, 28020, 1863, 725, 71665, 25810, 44842, 73472, 41194, 64753, 52869, 28406, 39260, 71021, 44544, 65259, 40879, 61260, 45447, 45201, 3321, 71834, 91841, 85944, 94448, 53777, 52512, 8549, 49201, 19980, 24764, 94536, 5157, 97859, 66443, 89316, 95801, 13183, 85710, 46447, 35334, 77529, 59421, 81195, 9851, 45065, 1228, 86952, 32820, 60942, 12527, 2701, 43832, 81092, 19751, 59457, 23812, 97339, 11061, 65182, 36676, 27888, 43573, 78010, 73786, 42822, 94936, 73010, 77609, 10163, 63290, 27012, 14424, 18531, 84803, 64958, 43258, 85321, 82524, 12515, 71837, 58848, 55036, 90390, 48542, 50684, 67693, 63530, 31868, 23633, 21579, 6184, 53131, 21002, 64832, 92053, 7184, 69006, 35823, 8901, 37893, 51534, 12913, 22446, 26285, 70255, 27641, 21932, 83656, 66575, 48694, 39512, 17613, 54185, 98358, 36273, 43014, 10733, 45136, 56634, 51849, 94288, 26786, 42387, 35475, 24444, 8118, 49485, 81714, 83778, 89561, 8738, 52024, 58874, 72716, 42311, 25454, 87595, 81934, 17964, 61433, 19494, 83691, 27415, 37037, 93113, 43616, 52964, 48333, 56234, 18241, 27411, 16419, 52538, 26653, 9839, 74465, 52527, 80201, 79630, 1840, 83276, 82109, 32792, 12949, 92039, 43765, 36272, 54630, 58463, 7943, 38328, 97833, 45183, 91200, 15929, 47964, 40561, 81809, 14276, 39018, 78090, 20469, 86063, 44225, 33166, 87717, 85524, 97465, 83919, 30571, 47291, 11687, 54825, 46134, 8685, 78917, 38709, 83964, 2221, 51487, 86847, 14005, 89651, 45410, 32614, 24838, 40258, 99135, 55054, 4969, 96553, 24382, 92307, 81538, 18598, 31340, 57241, 99094, 6002, 7419, 86820, 42779, 11869, 72254, 27411, 31840, 79401, 73664, 91511, 29301, 88737, 56727, 37464, 71958, 69508, 25388, 4807, 91309, 55535, 78168, 94902, 31655, 46027, 94454, 40509, 42451, 1052, 68891, 6541, 61185, 60171, 90386, 32613, 13324, 92786, 63265, 21684, 48267, 73039, 43664, 60352, 52907, 44675, 95496, 2418, 7997, 69656, 52682, 3534, 62641, 94861, 67850, 67794, 22721, 46227, 31666, 8747, 35366, 39868, 7244, 91381, 38982, 77500, 57926, 64111, 61778, 4991, 50703, 56802, 29847, 58359, 95807, 95068, 83415, 81616, 76533, 71507, 98373, 2134, 16453, 78850, 30462, 46604, 89830, 21706, 86295, 8595, 79105, 19655, 43131, 3478, 75436, 73052, 71062, 31739, 45697, 16052, 87826, 33911, 8138, 66268, 4656, 40763, 97630, 99868, 91639, 2772, 58917, 49516, 46748, 20804, 59466, 99872, 25910, 53332, 38030, 78030, 73087, 32427, 25656, 22734, 86384, 91610, 214, 58585, 43431, 32734, 17757, 39750, 16177, 71705, 51831, 42392, 85543, 6696, 8045, 46570, 30940, 78199, 29592, 24154, 78765, 84514, 86057, 90538, 96392, 38901, 72898, 62612, 33489, 59571, 82991, 44920, 37691, 1121, 94492, 51499, 82069, 28888, 14310, 88903, 84118, 10546, 30703, 78344, 91528, 40853, 4171, 4336, 52942, 23065, 9391, 86682, 8024, 19625, 91371, 66707, 17488, 10058, 52363, 62581, 72253, 66959, 9752, 13742, 86275, 76334, 53755, 50348, 61297, 71442, 60130, 43371, 96139, 17674, 23526, 15019, 82578, 51684, 64820, 51041, 4364, 44980, 70927, 4192, 97078, 91706, 68350, 77970, 42423, 59117, 98713, 81658, 5742, 16489, 29002, 42948, 22071, 91882, 87587, 87335, 92995, 94276, 73117, 79084, 6387, 11821, 92270, 39525, 34375, 79523, 78948, 53831, 62075, 20954, 96006, 36604, 39077, 58604, 29341, 89780, 20577, 57898, 43874, 87854, 39253, 63110, 39371, 19091, 10078, 61402, 86956, 2706, 6459, 53395, 56986, 73952, 14732, 36024, 78732, 78176, 77392, 90109, 7387, 46633, 28051, 78533, 47690, 10143, 69800, 44745, 15386, 78043, 85757, 67383, 85811, 74336, 6202, 10109, 54780, 811, 76576, 77040, 49169, 96682, 92835, 45041, 1842, 65528, 34016, 83474, 14013, 27202, 66335, 44499, 370, 21730, 52896, 71182, 85991, 39160, 40902, 55926, 35512, 75736, 13601, 92189, 77065, 84092, 98012, 48127, 11588, 90917, 67209, 11527, 94121, 43713, 79943, 21649, 81567, 58642, 44906, 74680, 40034, 91400, 63001, 5213, 55104, 32747, 93307, 38861, 27986, 4842, 71222, 96204, 50490, 41376, 83189, 378, 48774, 92287, 2703, 84308, 62388, 24134, 92282, 90947, 61816, 96517, 93801, 12248, 42612, 36596, 34402, 48549, 64887, 18886, 20656, 39553, 90994, 50931, 61171, 97927, 2047, 85741, 60257, 56686, 62824, 95036, 97774, 26512, 32213, 24226, 39119, 9190, 40253, 35323, 71271, 90577, 44, 70979, 92296, 59388, 78444, 59936, 61842, 18317, 14104, 74209, 24390, 30917, 86127, 98120, 80417, 53683, 4088, 22491, 83407, 32889, 33182, 90125, 68253, 63599, 54457, 91265, 92333, 23178, 96129, 44767, 46114, 84454, 73652, 77970, 9354, 12847, 74690, 31643, 71792, 72701, 44459, 13482, 2404, 79190, 44599, 39581, 83762, 38122, 78181, 85472, 89495, 96088, 45750, 12132, 86111, 9109, 84610, 44138, 65151, 75159, 7903, 24327, 23796, 27486, 76491, 91005, 62756, 8359, 39827, 37498, 88884, 69064, 88341, 83620, 5172, 25162, 12655, 35222, 43042, 31508, 95614, 11871, 72016, 12050, 46298, 82757, 50191, 22398, 65305, 63983, 69826, 58709, 70825, 19588, 82568, 42327, 11142, 71395, 10520, 43850, 12080, 34833, 59211, 82355, 44790, 14277, 94119, 99751, 55723, 66045, 65818, 52492, 28845, 77469, 6552, 85250, 81990, 20182, 31757, 24256, 8564, 51246, 18916, 38412, 36848, 69380, 96252, 20867, 86440, 12168, 57866, 16845, 44507, 27280, 78684, 72618, 39882, 21960, 75878, 24632, 3639, 77549, 1172, 17919, 43076, 60918, 7295, 36117, 78965, 29935, 36303, 38772, 34652, 92292, 20532, 49163, 23139, 14852, 2419, 94945, 10473, 58389, 87817, 18164, 62277, 68791, 13348, 73330, 36876, 65334, 21264, 45823, 48913, 66448, 45681, 76227, 3298, 19245, 15292, 74225, 2081, 12669, 14545, 37361, 93452, 1880, 79845, 47996, 3938, 92890, 66904, 15377, 35288, 80314, 59754, 72027, 85560, 13002, 79410, 60381, 36834, 26822, 18526, 4275, 21261, 76951, 98894, 44292, 83338, 72810, 24459, 48197]})"
55.0,8,8,22,6.867386341094971,10113,"Genotype(dna={""<class 'abc.NT_0017'>"": [0, 91624], ""<class 'abc.NT_0017_P_00000'>"": [], ""<class 'abc.NT_0015'>"": [59754, 18526], ""<class 'abc.NT_0015_P_00000'>"": [], ""<class 'abc.NT_0000'>"": [3, 0, 68658, 75248], ""<class 'abc.NT_0000_P_00000'>"": [], ""<class 'bool'>"": [86460, 41233, 75986, 25993, 82631, 61562, 27230, 83215], ""<class 'abc.NT_0000_P_00001'>"": [], ""<class 'int'>"": [24381, 89850, 80314], ""<class 'abc.NT_0000_P_00002'>"": [], ""<class 'abc.NT_0000_P_00003'>"": [], ""<class 'abc.NT_0015_P_00001'>"": [], ""<class 'abc.NT_0010'>"": [], ""<class 'abc.NT_0010_P_00000'>"": [], ""<class 'abc.NT_0007'>"": [], ""<class 'abc.NT_0007_P_00000'>"": [], ""<class 'abc.NT_0003'>"": [], ""<class 'abc.NT_0003_P_00000'>"": [], ""<class 'abc.NT_0002'>"": [0, 15377], ""<class 'abc.NT_0002_P_00000'>"": [], ""<class 'abc.NT_0002_P_00001'>"": [], ""<class 'abc.NT_0001'>"": [4, 2, 2, 1, 95789], ""<class 'abc.NT_0001_P_00000'>"": [], ""<class 'abc.NT_0001_P_00001'>"": [], ""<class 'abc.NT_0001_P_00002'>"": [], ""<class 'abc.NT_0001_P_00003'>"": [], ""<class 'abc.NT_0001_P_00004'>"": [], ""<class 'abc.NT_0002_P_00002'>"": [], ""<class 'abc.NT_0002_P_00003'>"": [], ""<class 'abc.NT_0003_P_00001'>"": [], ""<class 'abc.NT_0003_P_00002'>"": [], ""<class 'abc.NT_0003_P_00003'>"": [], ""<class 'abc.NT_0007_P_00001'>"": [], ""<class 'abc.NT_0004'>"": [98894, 44292, 83338, 72810, 24459, 48197], ""<class 'abc.NT_0004_P_00000'>"": [], ""<class 'abc.NT_0004_P_00001'>"": [], ""<class 'abc.NT_0010_P_00001'>"": [], ""<class 'abc.NT_0008'>"": [], ""<class 'abc.NT_0008_P_00000'>"": [], ""<class 'abc.NT_0010_P_00002'>"": [], ""<class 'abc.NT_0005'>"": [], ""<class 'abc.NT_0005_P_00000'>"": [], ""<class 'abc.NT_0005_P_00001'>"": [], ""<class 'abc.NT_0009'>"": [72027, 4275], ""<class 'abc.NT_0009_P_00000'>"": [], ""<class 'abc.NT_0009_P_00001'>"": [], ""<class 'abc.NT_0006'>"": [], ""<class 'abc.NT_0006_P_00000'>"": [], ""<class 'abc.NT_0009_P_00002'>"": [], ""<class 'abc.NT_0009_P_00003'>"": [], ""<class 'abc.NT_0015_P_00002'>"": [], ""<class 'abc.NT_0015_P_00003'>"": [], ""<class 'abc.NT_0014'>"": [], ""<class 'abc.NT_0014_P_00000'>"": [], ""<class 'abc.NT_0014_P_00001'>"": [], ""<class 'abc.NT_0015_P_00004'>"": [], ""<class 'abc.NT_0017_P_00001'>"": [], ""<class 'abc.NT_0016'>"": [], ""<class 'abc.NT_0016_P_00000'>"": [], ""<class 'abc.NT_0016_P_00001'>"": [], ""<class 'abc.NT_0016_P_00002'>"": [], ""<class 'abc.NT_0017_P_00002'>"": [], '$leftovers': [60404, 57587, 20000, 54340, 26317, 6481, 50799, 53366, 57672, 15437, 41470, 43194, 76280, 53058, 16632, 24951, 11647, 20336, 85920, 79178, 86726, 29687, 35122, 19936, 77951, 52918, 77202, 86811, 49977, 33989, 62146, 44283, 86282, 53235, 34529, 93786, 26995, 59308, 96804, 32075, 89268, 17705, 44065, 20964, 70557, 41228, 50394, 73244, 80589, 89878, 70093, 13531, 33497, 2118, 78177, 32452, 6202, 17781, 36111, 70983, 16310, 50605, 68444, 59396, 2989, 86690, 65815, 89541, 4173, 66353, 83209, 87572, 36004, 564, 32908, 7913, 59000, 95465, 92810, 87181, 4723, 71261, 90499, 32785, 42988, 8818, 96196, 25382, 42871, 28094, 74450, 1798, 9925, 29165, 11964, 72226, 30190, 2543, 47952, 6757, 23982, 21833, 84542, 51070, 20362, 47872, 63420, 54664, 2566, 11695, 6523, 29859, 6201, 70774, 77659, 84464, 78867, 27667, 69385, 65140, 36605, 7012, 1250, 28942, 20757, 68110, 13812, 73414, 97476, 48447, 65592, 47550, 63325, 56635, 41252, 76420, 8978, 72071, 1937, 52721, 11586, 95378, 12603, 22711, 7770, 30975, 43951, 55031, 2794, 31555, 40143, 45735, 26934, 973, 11552, 95654, 8346, 61470, 70413, 10371, 43200, 65213, 34376, 43681, 71623, 66363, 61726, 96882, 59629, 26130, 46919, 32533, 16075, 75983, 81859, 16243, 8366, 15261, 18908, 62350, 61492, 83170, 50893, 81836, 3003, 93817, 66605, 40524, 65446, 28020, 1863, 725, 71665, 25810, 44842, 73472, 41194, 64753, 52869, 28406, 39260, 71021, 44544, 65259, 40879, 61260, 45447, 45201, 3321, 71834, 91841, 85944, 94448, 53777, 52512, 8549, 49201, 19980, 24764, 94536, 5157, 97859, 66443, 89316, 95801, 13183, 85710, 46447, 35334, 77529, 59421, 81195, 9851, 45065, 1228, 86952, 32820, 60942, 12527, 2701, 43832, 81092, 19751, 59457, 23812, 97339, 11061, 65182, 36676, 27888, 43573, 78010, 73786, 42822, 94936, 73010, 77609, 10163, 63290, 27012, 14424, 18531, 84803, 64958, 43258, 85321, 82524, 12515, 71837, 58848, 55036, 90390, 48542, 50684, 67693, 63530, 31868, 23633, 21579, 6184, 53131, 21002, 64832, 92053, 7184, 69006, 35823, 8901, 37893, 51534, 12913, 22446, 26285, 70255, 27641, 21932, 83656, 66575, 48694, 39512, 17613, 54185, 98358, 36273, 43014, 10733, 45136, 56634, 51849, 94288, 26786, 42387, 35475, 24444, 8118, 49485, 81714, 83778, 89561, 8738, 52024, 58874, 72716, 42311, 25454, 87595, 81934, 17964, 61433, 19494, 83691, 27415, 37037, 93113, 43616, 52964, 48333, 56234, 18241, 27411, 16419, 52538, 26653, 9839, 74465, 52527, 80201, 79630, 1840, 83276, 82109, 32792, 12949, 92039, 43765, 36272, 54630, 58463, 7943, 38328, 97833, 45183, 91200, 15929, 47964, 40561, 81809, 14276, 39018, 78090, 20469, 86063, 44225, 33166, 87717, 85524, 97465, 83919, 30571, 47291, 11687, 54825, 46134, 8685, 78917, 38709, 83964, 2221, 51487, 86847, 14005, 89651, 45410, 32614, 24838, 40258, 99135, 55054, 4969, 96553, 24382, 92307, 81538, 18598, 31340, 57241, 99094, 6002, 7419, 86820, 42779, 11869, 72254, 27411, 31840, 79401, 73664, 91511, 29301, 88737, 56727, 37464, 71958, 69508, 25388, 4807, 91309, 55535, 78168, 94902, 31655, 46027, 94454, 40509, 42451, 1052, 68891, 6541, 61185, 60171, 90386, 32613, 13324, 92786, 63265, 21684, 48267, 73039, 43664, 60352, 52907, 44675, 95496, 2418, 7997, 69656, 52682, 3534, 62641, 94861, 67850, 67794, 22721, 46227, 31666, 8747, 35366, 39868, 7244, 91381, 38982, 77500, 57926, 64111, 61778, 4991, 50703, 56802, 29847, 58359, 95807, 95068, 83415, 81616, 76533, 71507, 98373, 2134, 16453, 78850, 30462, 46604, 89830, 21706, 86295, 8595, 79105, 19655, 43131, 3478, 75436, 73052, 71062, 31739, 45697, 16052, 87826, 33911, 8138, 66268, 4656, 40763, 97630, 99868, 91639, 2772, 58917, 49516, 46748, 20804, 59466, 99872, 25910, 53332, 38030, 78030, 73087, 32427, 25656, 22734, 86384, 91610, 214, 58585, 43431, 32734, 17757, 39750, 16177, 71705, 51831, 42392, 85543, 6696, 8045, 46570, 30940, 78199, 29592, 24154, 78765, 84514, 86057, 90538, 96392, 38901, 72898, 62612, 33489, 59571, 82991, 44920, 37691, 1121, 94492, 51499, 82069, 28888, 14310, 88903, 84118, 10546, 30703, 78344, 91528, 40853, 4171, 4336, 52942, 23065, 9391, 86682, 8024, 19625, 91371, 66707, 17488, 10058, 52363, 62581, 72253, 66959, 9752, 13742, 86275, 76334, 53755, 50348, 61297, 71442, 60130, 43371, 96139, 17674, 23526, 15019, 82578, 51684, 64820, 51041, 4364, 44980, 70927, 4192, 97078, 91706, 68350, 77970, 42423, 59117, 98713, 81658, 5742, 16489, 29002, 42948, 22071, 91882, 87587, 87335, 92995, 94276, 73117, 79084, 6387, 11821, 92270, 39525, 34375, 79523, 78948, 53831, 62075, 20954, 96006, 36604, 39077, 58604, 29341, 89780, 20577, 57898, 43874, 87854, 39253, 63110, 39371, 19091, 10078, 61402, 86956, 2706, 6459, 53395, 56986, 73952, 14732, 36024, 78732, 78176, 77392, 90109, 7387, 46633, 28051, 78533, 47690, 10143, 69800, 44745, 15386, 78043, 85757, 67383, 85811, 74336, 6202, 10109, 54780, 811, 76576, 77040, 49169, 96682, 92835, 45041, 1842, 65528, 34016, 83474, 14013, 27202, 66335, 44499, 370, 21730, 52896, 71182, 85991, 39160, 40902, 55926, 35512, 75736, 13601, 92189, 77065, 84092, 98012, 48127, 11588, 90917, 67209, 11527, 94121, 43713, 79943, 21649, 81567, 58642, 44906, 74680, 40034, 91400, 63001, 5213, 55104, 32747, 93307, 38861, 27986, 4842, 71222, 96204, 50490, 41376, 83189, 378, 48774, 92287, 2703, 84308, 62388, 24134, 92282, 90947, 61816, 96517, 93801, 12248, 42612, 36596, 34402, 48549, 64887, 18886, 20656, 39553, 90994, 50931, 61171, 97927, 2047, 85741, 60257, 56686, 62824, 95036, 97774, 26512, 32213, 24226, 39119, 9190, 40253, 35323, 71271, 90577, 44, 70979, 92296, 59388, 78444, 59936, 61842, 18317, 14104, 74209, 24390, 30917, 86127, 98120, 80417, 53683, 4088, 22491, 83407, 32889, 33182, 90125, 68253, 63599, 54457, 91265, 92333, 23178, 96129, 44767, 46114, 84454, 73652, 77970, 9354, 12847, 74690, 31643, 71792, 72701, 44459, 13482, 2404, 79190, 44599, 39581, 83762, 38122, 78181, 85472, 89495, 96088, 45750, 12132, 86111, 9109, 84610, 44138, 65151, 75159, 7903, 24327, 23796, 27486, 76491, 91005, 62756, 8359, 39827, 37498, 88884, 69064, 88341, 83620, 5172, 25162, 12655, 35222, 43042, 31508, 95614, 11871, 72016, 12050, 46298, 82757, 50191, 22398, 65305, 63983, 69826, 58709, 70825, 19588, 82568, 42327, 11142, 71395, 10520, 43850, 12080, 34833, 59211, 82355, 44790, 14277, 94119, 99751, 55723, 66045, 65818, 52492, 28845, 77469, 6552, 85250, 81990, 20182, 31757, 24256, 8564, 51246, 18916, 38412, 36848, 69380, 96252, 20867, 86440, 12168, 57866, 16845, 44507, 27280, 78684, 72618, 39882, 21960, 75878, 24632, 3639, 77549, 1172, 17919, 43076, 60918, 7295, 36117, 78965, 29935, 36303, 38772, 34652, 92292, 20532, 49163, 23139, 14852, 2419, 94945, 10473, 58389, 87817, 18164, 62277, 68791, 13348, 73330, 36876, 65334, 21264, 45823, 48913, 66448, 45681, 76227, 3298, 19245, 15292, 74225, 2081, 12669, 14545, 37361, 93452, 1880, 79845, 47996, 3938, 92890, 66904, 15377, 35288, 80314, 59754, 72027, 85560, 13002, 79410, 60381, 36834, 26822, 18526, 4275, 21261, 76951, 98894, 44292, 83338, 72810, 24459, 48197]})"
55.0,8,8,23,7.065348863601685,10113,"Genotype(dna={""<class 'abc.NT_0017'>"": [0, 91624], ""<class 'abc.NT_0017_P_00000'>"": [], ""<class 'abc.NT_0015'>"": [59754, 18526], ""<class 'abc.NT_0015_P_00000'>"": [], ""<class 'abc.NT_0000'>"": [3, 0, 68658, 75248], ""<class 'abc.NT_0000_P_00000'>"": [], ""<class 'bool'>"": [86460, 41233, 75986, 25993, 82631, 61562, 27230, 83215], ""<class 'abc.NT_0000_P_00001'>"": [], ""<class 'int'>"": [24381, 89850, 80314], ""<class 'abc.NT_0000_P_00002'>"": [], ""<class 'abc.NT_0000_P_00003'>"": [], ""<class 'abc.NT_0015_P_00001'>"": [], ""<class 'abc.NT_0010'>"": [], ""<class 'abc.NT_0010_P_00000'>"": [], ""<class 'abc.NT_0007'>"": [], ""<class 'abc.NT_0007_P_00000'>"": [], ""<class 'abc.NT_0003'>"": [], ""<class 'abc.NT_0003_P_00000'>"": [], ""<class 'abc.NT_0002'>"": [0, 15377], ""<class 'abc.NT_0002_P_00000'>"": [], ""<class 'abc.NT_0002_P_00001'>"": [], ""<class 'abc.NT_0001'>"": [4, 2, 2, 1, 95789], ""<class 'abc.NT_0001_P_00000'>"": [], ""<class 'abc.NT_0001_P_00001'>"": [], ""<class 'abc.NT_0001_P_00002'>"": [], ""<class 'abc.NT_0001_P_00003'>"": [], ""<class 'abc.NT_0001_P_00004'>"": [], ""<class 'abc.NT_0002_P_00002'>"": [], ""<class 'abc.NT_0002_P_00003'>"": [], ""<class 'abc.NT_0003_P_00001'>"": [], ""<class 'abc.NT_0003_P_00002'>"": [], ""<class 'abc.NT_0003_P_00003'>"": [], ""<class 'abc.NT_0007_P_00001'>"": [], ""<class 'abc.NT_0004'>"": [98894, 44292, 83338, 72810, 24459, 48197], ""<class 'abc.NT_0004_P_00000'>"": [], ""<class 'abc.NT_0004_P_00001'>"": [], ""<class 'abc.NT_0010_P_00001'>"": [], ""<class 'abc.NT_0008'>"": [], ""<class 'abc.NT_0008_P_00000'>"": [], ""<class 'abc.NT_0010_P_00002'>"": [], ""<class 'abc.NT_0005'>"": [], ""<class 'abc.NT_0005_P_00000'>"": [], ""<class 'abc.NT_0005_P_00001'>"": [], ""<class 'abc.NT_0009'>"": [72027, 4275], ""<class 'abc.NT_0009_P_00000'>"": [], ""<class 'abc.NT_0009_P_00001'>"": [], ""<class 'abc.NT_0006'>"": [], ""<class 'abc.NT_0006_P_00000'>"": [], ""<class 'abc.NT_0009_P_00002'>"": [], ""<class 'abc.NT_0009_P_00003'>"": [], ""<class 'abc.NT_0015_P_00002'>"": [], ""<class 'abc.NT_0015_P_00003'>"": [], ""<class 'abc.NT_0014'>"": [], ""<class 'abc.NT_0014_P_00000'>"": [], ""<class 'abc.NT_0014_P_00001'>"": [], ""<class 'abc.NT_0015_P_00004'>"": [], ""<class 'abc.NT_0017_P_00001'>"": [], ""<class 'abc.NT_0016'>"": [], ""<class 'abc.NT_0016_P_00000'>"": [], ""<class 'abc.NT_0016_P_00001'>"": [], ""<class 'abc.NT_0016_P_00002'>"": [], ""<class 'abc.NT_0017_P_00002'>"": [], '$leftovers': [60404, 57587, 20000, 54340, 26317, 6481, 50799, 53366, 57672, 15437, 41470, 43194, 76280, 53058, 16632, 24951, 11647, 20336, 85920, 79178, 86726, 29687, 35122, 19936, 77951, 52918, 77202, 86811, 49977, 33989, 62146, 44283, 86282, 53235, 34529, 93786, 26995, 59308, 96804, 32075, 89268, 17705, 44065, 20964, 70557, 41228, 50394, 73244, 80589, 89878, 70093, 13531, 33497, 2118, 78177, 32452, 6202, 17781, 36111, 70983, 16310, 50605, 68444, 59396, 2989, 86690, 65815, 89541, 4173, 66353, 83209, 87572, 36004, 564, 32908, 7913, 59000, 95465, 92810, 87181, 4723, 71261, 90499, 32785, 42988, 8818, 96196, 25382, 42871, 28094, 74450, 1798, 9925, 29165, 11964, 72226, 30190, 2543, 47952, 6757, 23982, 21833, 84542, 51070, 20362, 47872, 63420, 54664, 2566, 11695, 6523, 29859, 6201, 70774, 77659, 84464, 78867, 27667, 69385, 65140, 36605, 7012, 1250, 28942, 20757, 68110, 13812, 73414, 97476, 48447, 65592, 47550, 63325, 56635, 41252, 76420, 8978, 72071, 1937, 52721, 11586, 95378, 12603, 22711, 7770, 30975, 43951, 55031, 2794, 31555, 40143, 45735, 26934, 973, 11552, 95654, 8346, 61470, 70413, 10371, 43200, 65213, 34376, 43681, 71623, 66363, 61726, 96882, 59629, 26130, 46919, 32533, 16075, 75983, 81859, 16243, 8366, 15261, 18908, 62350, 61492, 83170, 50893, 81836, 3003, 93817, 66605, 40524, 65446, 28020, 1863, 725, 71665, 25810, 44842, 73472, 41194, 64753, 52869, 28406, 39260, 71021, 44544, 65259, 40879, 61260, 45447, 45201, 3321, 71834, 91841, 85944, 94448, 53777, 52512, 8549, 49201, 19980, 24764, 94536, 5157, 97859, 66443, 89316, 95801, 13183, 85710, 46447, 35334, 77529, 59421, 81195, 9851, 45065, 1228, 86952, 32820, 60942, 12527, 2701, 43832, 81092, 19751, 59457, 23812, 97339, 11061, 65182, 36676, 27888, 43573, 78010, 73786, 42822, 94936, 73010, 77609, 10163, 63290, 27012, 14424, 18531, 84803, 64958, 43258, 85321, 82524, 12515, 71837, 58848, 55036, 90390, 48542, 50684, 67693, 63530, 31868, 23633, 21579, 6184, 53131, 21002, 64832, 92053, 7184, 69006, 35823, 8901, 37893, 51534, 12913, 22446, 26285, 70255, 27641, 21932, 83656, 66575, 48694, 39512, 17613, 54185, 98358, 36273, 43014, 10733, 45136, 56634, 51849, 94288, 26786, 42387, 35475, 24444, 8118, 49485, 81714, 83778, 89561, 8738, 52024, 58874, 72716, 42311, 25454, 87595, 81934, 17964, 61433, 19494, 83691, 27415, 37037, 93113, 43616, 52964, 48333, 56234, 18241, 27411, 16419, 52538, 26653, 9839, 74465, 52527, 80201, 79630, 1840, 83276, 82109, 32792, 12949, 92039, 43765, 36272, 54630, 58463, 7943, 38328, 97833, 45183, 91200, 15929, 47964, 40561, 81809, 14276, 39018, 78090, 20469, 86063, 44225, 33166, 87717, 85524, 97465, 83919, 30571, 47291, 11687, 54825, 46134, 8685, 78917, 38709, 83964, 2221, 51487, 86847, 14005, 89651, 45410, 32614, 24838, 40258, 99135, 55054, 4969, 96553, 24382, 92307, 81538, 18598, 31340, 57241, 99094, 6002, 7419, 86820, 42779, 11869, 72254, 27411, 31840, 79401, 73664, 91511, 29301, 88737, 56727, 37464, 71958, 69508, 25388, 4807, 91309, 55535, 78168, 94902, 31655, 46027, 94454, 40509, 42451, 1052, 68891, 6541, 61185, 60171, 90386, 32613, 13324, 92786, 63265, 21684, 48267, 73039, 43664, 60352, 52907, 44675, 95496, 2418, 7997, 69656, 52682, 3534, 62641, 94861, 67850, 67794, 22721, 46227, 31666, 8747, 35366, 39868, 7244, 91381, 38982, 77500, 57926, 64111, 61778, 4991, 50703, 56802, 29847, 58359, 95807, 95068, 83415, 81616, 76533, 71507, 98373, 2134, 16453, 78850, 30462, 46604, 89830, 21706, 86295, 8595, 79105, 19655, 43131, 3478, 75436, 73052, 71062, 31739, 45697, 16052, 87826, 33911, 8138, 66268, 4656, 40763, 97630, 99868, 91639, 2772, 58917, 49516, 46748, 20804, 59466, 99872, 25910, 53332, 38030, 78030, 73087, 32427, 25656, 22734, 86384, 91610, 214, 58585, 43431, 32734, 17757, 39750, 16177, 71705, 51831, 42392, 85543, 6696, 8045, 46570, 30940, 78199, 29592, 24154, 78765, 84514, 86057, 90538, 96392, 38901, 72898, 62612, 33489, 59571, 82991, 44920, 37691, 1121, 94492, 51499, 82069, 28888, 14310, 88903, 84118, 10546, 30703, 78344, 91528, 40853, 4171, 4336, 52942, 23065, 9391, 86682, 8024, 19625, 91371, 66707, 17488, 10058, 52363, 62581, 72253, 66959, 9752, 13742, 86275, 76334, 53755, 50348, 61297, 71442, 60130, 43371, 96139, 17674, 23526, 15019, 82578, 51684, 64820, 51041, 4364, 44980, 70927, 4192, 97078, 91706, 68350, 77970, 42423, 59117, 98713, 81658, 5742, 16489, 29002, 42948, 22071, 91882, 87587, 87335, 92995, 94276, 73117, 79084, 6387, 11821, 92270, 39525, 34375, 79523, 78948, 53831, 62075, 20954, 96006, 36604, 39077, 58604, 29341, 89780, 20577, 57898, 43874, 87854, 39253, 63110, 39371, 19091, 10078, 61402, 86956, 2706, 6459, 53395, 56986, 73952, 14732, 36024, 78732, 78176, 77392, 90109, 7387, 46633, 28051, 78533, 47690, 10143, 69800, 44745, 15386, 78043, 85757, 67383, 85811, 74336, 6202, 10109, 54780, 811, 76576, 77040, 49169, 96682, 92835, 45041, 1842, 65528, 34016, 83474, 14013, 27202, 66335, 44499, 370, 21730, 52896, 71182, 85991, 39160, 40902, 55926, 35512, 75736, 13601, 92189, 77065, 84092, 98012, 48127, 11588, 90917, 67209, 11527, 94121, 43713, 79943, 21649, 81567, 58642, 44906, 74680, 40034, 91400, 63001, 5213, 55104, 32747, 93307, 38861, 27986, 4842, 71222, 96204, 50490, 41376, 83189, 378, 48774, 92287, 2703, 84308, 62388, 24134, 92282, 90947, 61816, 96517, 93801, 12248, 42612, 36596, 34402, 48549, 64887, 18886, 20656, 39553, 90994, 50931, 61171, 97927, 2047, 85741, 60257, 56686, 62824, 95036, 97774, 26512, 32213, 24226, 39119, 9190, 40253, 35323, 71271, 90577, 44, 70979, 92296, 59388, 78444, 59936, 61842, 18317, 14104, 74209, 24390, 30917, 86127, 98120, 80417, 53683, 4088, 22491, 83407, 32889, 33182, 90125, 68253, 63599, 54457, 91265, 92333, 23178, 96129, 44767, 46114, 84454, 73652, 77970, 9354, 12847, 74690, 31643, 71792, 72701, 44459, 13482, 2404, 79190, 44599, 39581, 83762, 38122, 78181, 85472, 89495, 96088, 45750, 12132, 86111, 9109, 84610, 44138, 65151, 75159, 7903, 24327, 23796, 27486, 76491, 91005, 62756, 8359, 39827, 37498, 88884, 69064, 88341, 83620, 5172, 25162, 12655, 35222, 43042, 31508, 95614, 11871, 72016, 12050, 46298, 82757, 50191, 22398, 65305, 63983, 69826, 58709, 70825, 19588, 82568, 42327, 11142, 71395, 10520, 43850, 12080, 34833, 59211, 82355, 44790, 14277, 94119, 99751, 55723, 66045, 65818, 52492, 28845, 77469, 6552, 85250, 81990, 20182, 31757, 24256, 8564, 51246, 18916, 38412, 36848, 69380, 96252, 20867, 86440, 12168, 57866, 16845, 44507, 27280, 78684, 72618, 39882, 21960, 75878, 24632, 3639, 77549, 1172, 17919, 43076, 60918, 7295, 36117, 78965, 29935, 36303, 38772, 34652, 92292, 20532, 49163, 23139, 14852, 2419, 94945, 10473, 58389, 87817, 18164, 62277, 68791, 13348, 73330, 36876, 65334, 21264, 45823, 48913, 66448, 45681, 76227, 3298, 19245, 15292, 74225, 2081, 12669, 14545, 37361, 93452, 1880, 79845, 47996, 3938, 92890, 66904, 15377, 35288, 80314, 59754, 72027, 85560, 13002, 79410, 60381, 36834, 26822, 18526, 4275, 21261, 76951, 98894, 44292, 83338, 72810, 24459, 48197]})"
55.0,8,8,24,7.207329750061035,10113,"Genotype(dna={""<class 'abc.NT_0017'>"": [0, 14509], ""<class 'abc.NT_0017_P_00000'>"": [], ""<class 'abc.NT_0015'>"": [4, 69618], ""<class 'abc.NT_0015_P_00000'>"": [], ""<class 'abc.NT_0000'>"": [], ""<class 'abc.NT_0000_P_00000'>"": [], ""<class 'bool'>"": [], ""<class 'abc.NT_0000_P_00001'>"": [], ""<class 'int'>"": [56964, 7229], ""<class 'abc.NT_0000_P_00002'>"": [], ""<class 'abc.NT_0000_P_00003'>"": [], ""<class 'abc.NT_0015_P_00001'>"": [], ""<class 'abc.NT_0010'>"": [], ""<class 'abc.NT_0010_P_00000'>"": [], ""<class 'abc.NT_0007'>"": [], ""<class 'abc.NT_0007_P_00000'>"": [], ""<class 'abc.NT_0003'>"": [], ""<class 'abc.NT_0003_P_00000'>"": [], ""<class 'abc.NT_0002'>"": [0, 13525], ""<class 'abc.NT_0002_P_00000'>"": [], ""<class 'abc.NT_0002_P_00001'>"": [], ""<class 'abc.NT_0001'>"": [0, 12521], ""<class 'abc.NT_0001_P_00000'>"": [], ""<class 'abc.NT_0001_P_00001'>"": [], ""<class 'abc.NT_0001_P_00002'>"": [], ""<class 'abc.NT_0001_P_00003'>"": [], ""<class 'abc.NT_0001_P_00004'>"": [], ""<class 'abc.NT_0002_P_00002'>"": [], ""<class 'abc.NT_0002_P_00003'>"": [], ""<class 'abc.NT_0003_P_00001'>"": [], ""<class 'abc.NT_0003_P_00002'>"": [], ""<class 'abc.NT_0003_P_00003'>"": [], ""<class 'abc.NT_0007_P_00001'>"": [], ""<class 'abc.NT_0004'>"": [0, 0, 0, 0, 0, 34304], ""<class 'abc.NT_0004_P_00000'>"": [], ""<class 'abc.NT_0004_P_00001'>"": [], ""<class 'abc.NT_0010_P_00001'>"": [], ""<class 'abc.NT_0008'>"": [], ""<class 'abc.NT_0008_P_00000'>"": [], ""<class 'abc.NT_0010_P_00002'>"": [], ""<class 'abc.NT_0005'>"": [], ""<class 'abc.NT_0005_P_00000'>"": [], ""<class 'abc.NT_0005_P_00001'>"": [], ""<class 'abc.NT_0009'>"": [3, 3491], ""<class 'abc.NT_0009_P_00000'>"": [], ""<class 'abc.NT_0009_P_00001'>"": [], ""<class 'abc.NT_0006'>"": [], ""<class 'abc.NT_0006_P_00000'>"": [], ""<class 'abc.NT_0009_P_00002'>"": [], ""<class 'abc.NT_0009_P_00003'>"": [], ""<class 'abc.NT_0015_P_00002'>"": [], ""<class 'abc.NT_0015_P_00003'>"": [], ""<class 'abc.NT_0014'>"": [], ""<class 'abc.NT_0014_P_00000'>"": [], ""<class 'abc.NT_0014_P_00001'>"": [], ""<class 'abc.NT_0015_P_00004'>"": [], ""<class 'abc.NT_0017_P_00001'>"": [], ""<class 'abc.NT_0016'>"": [], ""<class 'abc.NT_0016_P_00000'>"": [], ""<class 'abc.NT_0016_P_00001'>"": [], ""<class 'abc.NT_0016_P_00002'>"": [], ""<class 'abc.NT_0017_P_00002'>"": [], '$leftovers': [62697, 11827, 70552, 85024, 10973, 54540, 11475, 22568, 54363, 80307, 98981, 76349, 32255, 15227, 94752, 84331, 16800, 52826, 1480, 58010, 85977, 83782, 20562, 38437, 45973, 59144, 95580, 62948, 56740, 73049, 47060, 352, 80312, 53075, 34163, 28668, 63764, 18371, 49352, 85586, 35766, 56405, 59473, 10576, 59231, 73555, 25155, 86701, 53270, 18795, 65483, 29613, 10401, 27939, 82283, 95574, 64443, 7890, 25887, 90081, 1985, 85118, 60092, 4001, 86702, 14105, 18788, 2288, 34150, 94862, 41039, 8230, 18984, 35119, 22115, 96457, 92640, 96445, 42617, 59091, 47066, 93024, 27691, 78900, 40501, 32908, 90004, 90726, 5114, 10686, 32146, 49211, 42018, 52829, 1321, 67304, 98773, 39447, 32606, 89175, 89715, 78399, 89884, 87211, 17571, 22129, 33112, 90589, 77318, 50935, 8276, 55426, 7985, 87751, 97319, 93557, 53592, 31628, 93896, 93366, 15766, 58659, 88060, 45265, 6843, 23464, 21200, 98665, 89077, 51359, 35834, 91114, 76802, 24755, 42392, 12384, 66807, 62818, 32683, 78381, 57944, 40948, 66781, 80148, 64673, 37327, 36296, 94989, 20603, 9755, 18760, 45380, 17708, 97651, 95791, 25889, 42214, 99203, 18861, 31146, 66444, 57229, 55483, 39480, 27096, 57533, 87116, 54443, 69882, 71471, 50529, 74099, 57707, 38230, 58828, 74328, 49912, 90519, 12105, 80338, 41259, 56429, 71422, 77068, 44111, 60728, 54524, 51381, 12452, 1167, 11735, 14565, 56150, 5688, 70951, 10678, 95598, 98782, 33429, 42386, 38821, 11784, 53860, 5164, 59440, 13102, 61869, 75502, 40402, 15687, 98575, 59381, 11215, 29723, 62305, 91762, 53767, 57327, 61203, 89258, 59088, 12544, 66754, 17883, 38220, 4237, 38889, 46958, 38899, 55768, 51829, 93149, 98555, 27307, 80400, 42422, 54366, 3876, 60798, 66477, 69399, 80571, 36359, 89442, 29133, 44332, 6592, 12790, 39581, 10158, 71456, 50203, 41826, 28901, 89554, 62834, 17996, 19210, 28725, 36171, 42666, 57809, 40590, 62663, 92083, 67144, 94263, 44876, 38864, 43414, 1889, 19503, 68577, 76412, 6685, 44932, 98973, 64027, 45984, 54594, 32842, 7625, 61410, 59503, 92933, 71711, 16301, 26384, 51779, 44873, 9508, 19804, 61027, 20867, 69222, 43866, 31104, 87393, 13725, 90935, 53556, 83661, 74907, 1610, 89544, 32628, 6863, 67170, 12774, 12688, 8497, 90448, 20517, 33604, 9034, 33126, 59390, 13499, 34494, 9310, 72844, 44406, 15696, 68016, 93294, 20888, 47730, 75366, 94184, 70038, 18980, 32646, 15190, 68938, 53140, 18359, 87035, 65795, 84856, 50166, 79258, 22676, 80489, 50015, 8709, 5909, 31769, 66561, 2436, 52688, 35372, 52632, 5482, 93061, 31800, 77811, 2901, 4741, 33699, 20799, 52869, 82775, 42468, 57482, 54709, 36969, 36887, 41932, 73801, 38346, 21785, 78967, 38518, 25570, 32195, 0, 33534, 11082, 68894, 75401, 61716, 56278, 98692, 68936, 60731, 63588, 28029, 43072, 55566, 42476, 59053, 56340, 6054, 44217, 66262, 37453, 21369, 98513, 94963, 59954, 17085, 54903, 85986, 93899, 54119, 5544, 26880, 32654, 55844, 25131, 54095, 92302, 98785, 67967, 12268, 45616, 10171, 91829, 5031, 17026, 63749, 35766, 76979, 19919, 91131, 73083, 38225, 36254, 38375, 11228, 68305, 60932, 48862, 27174, 26492, 77901, 50393, 40828, 63453, 60775, 58925, 2773, 34284, 81257, 28521, 71881, 17987, 3656, 69284, 56170, 51906, 68548, 57657, 6694, 72215, 94395, 27042, 21467, 6562, 67463, 38132, 55932, 86778, 95687, 18631, 27259, 91090, 51230, 47648, 25497, 12270, 7404, 40012, 41807, 94965, 46464, 68625, 2533, 77132, 50767, 78157, 80968, 66834, 38656, 43416, 89891, 4918, 92374, 82519, 87861, 55068, 80802, 12837, 36142, 75906, 92873, 73548, 54540, 83293, 63859, 17604, 75095, 26920, 24775, 11076, 10191, 96882, 21916, 4261, 20474, 69768, 44169, 20094, 15654, 91234, 26750, 27508, 19246, 53774, 45552, 86642, 86993, 41567, 96443, 68418, 75892, 21552, 99989, 5103, 43500, 12023, 14451, 55091, 99263, 67776, 17592, 65118, 79132, 72971, 6551, 22594, 26014, 50967, 27391, 12794, 32049, 9355, 31378, 10626, 81496, 40999, 73725, 37624, 6017, 1481, 51381, 24133, 59725, 50777, 26350, 2515, 72119, 25019, 84585, 62926, 25260, 64890, 92687, 63859, 39785, 13614, 59798, 90467, 11398, 24201, 71086, 26217, 48038, 38192, 48884, 99079, 81370, 54115, 77445, 25752, 23660, 19961, 41973, 55675, 53702, 7602, 33496, 80813, 25422, 92626, 36257, 10411, 89154, 79404, 2373, 17604, 16169, 16526, 78848, 38105, 31569, 67314, 98643, 29930, 9157, 30411, 37463, 18132, 83047, 64976, 97425, 86660, 39783, 46505, 99516, 94245, 9584, 68771, 78435, 68033, 16147, 82547, 47325, 3828, 58789, 8940, 89307, 12866, 51854, 69887, 38640, 83914, 93094, 35528, 51891, 6676, 14187, 69387, 23298, 38742, 24595, 42467, 90288, 70947, 88620, 77055, 68574, 96005, 61885, 2205, 59518, 52220, 57973, 66419, 76013, 40215, 65610, 52662, 20382, 83743, 98637, 19941, 59897, 20431, 51437, 77306, 67522, 45411, 77055, 27907, 98743, 13960, 61399, 9536, 81075, 98688, 46899, 29321, 94110, 59532, 73470, 21667, 92506, 89384, 29515, 92323, 4700, 87696, 52846, 11434, 75251, 83807, 88884, 96224, 14319, 52283, 5614, 17159, 68297, 90279, 69456, 24039, 35011, 97443, 39767, 95697, 83601, 82839, 23930, 46143, 38245, 15313, 53657, 90563, 51388, 85335, 4676, 62794, 94615, 73294, 56671, 50052, 44627, 11793, 76042, 16497, 33918, 60059, 32059, 4602, 28264, 34341, 33056, 77867, 13535, 41598, 22085, 95911, 96066, 62969, 57625, 31466, 16477, 41578, 18623, 25142, 34388, 71448, 1777, 12415, 74825, 34814, 99451, 23461, 79554, 78282, 26878, 41648, 22945, 96803, 74618, 22081, 55337, 26366, 49052, 45699, 95055, 98443, 82938, 45469, 68187, 49340, 71569, 54534, 40938, 95307, 70341, 36024, 9636, 63745, 5625, 49525, 50597, 41620, 5808, 62553, 85996, 81535, 1104, 32322, 89386, 35890, 31448, 53292, 31854, 22332, 90866, 11594, 30694, 87811, 67897, 66396, 31972, 74992, 60699, 17240, 70917, 78840, 83005, 32422, 35267, 85939, 77837, 93836, 42115, 15026, 32885, 58680, 84717, 77429, 62798, 92924, 38162, 93116, 34244, 82749, 7515, 95050, 20120, 47314, 3297, 3074, 87358, 15191, 98823, 43219, 81580, 82587, 27969, 53908, 78443, 4960, 39175, 74050, 9978, 56824, 94230, 67715, 85630, 54944, 1781, 41221, 73089, 1616, 42616, 63140, 54739, 92298, 33361, 89581, 89096, 76205, 56391, 16475, 6350, 95829, 95820, 93596, 56765, 33242, 39076, 8208, 6120, 17282, 20121, 43316, 39702, 33182, 8095, 83225, 55515, 13897, 4293, 19712, 77767, 78668, 22910, 64628, 4165, 7853, 64403, 94382, 12034, 33675, 86554, 97862, 94688, 7373, 99787, 43592, 59449, 26846, 73868, 98828, 97843, 40730, 11517, 52765, 816, 866, 49745, 35138, 54836, 41205, 68750, 66890, 61513, 30642, 74375, 69658, 79001, 70048, 14836, 84299, 83503, 14855, 20269, 14608, 58971, 90006, 767, 91056, 17878, 90899, 81131, 65476, 37947, 81642, 53380, 76168, 59877, 21461, 20741, 28243, 10397, 80155, 71148, 79133, 28476, 34452, 36953, 31126, 41155, 11753, 6105, 87064, 85655, 18284, 78078, 84526, 50138, 91093, 43849, 51634, 52447, 25683, 49020, 30797, 87069, 69916, 10793, 69998, 21566, 75179, 19815, 29890, 59861, 53050, 65625, 60627, 76640, 11085, 66672, 93453, 20649, 42782, 71712, 49784, 14509, 69618, 3491, 34304, 12521, 13525, 7229]})"
55.0,8,8,25,7.429895639419556,10113,"Genotype(dna={""<class 'abc.NT_0017'>"": [0, 14509], ""<class 'abc.NT_0017_P_00000'>"": [], ""<class 'abc.NT_0015'>"": [4, 69618], ""<class 'abc.NT_0015_P_00000'>"": [], ""<class 'abc.NT_0000'>"": [], ""<class 'abc.NT_0000_P_00000'>"": [], ""<class 'bool'>"": [], ""<class 'abc.NT_0000_P_00001'>"": [], ""<class 'int'>"": [56964, 7229], ""<class 'abc.NT_0000_P_00002'>"": [], ""<class 'abc.NT_0000_P_00003'>"": [], ""<class 'abc.NT_0015_P_00001'>"": [], ""<class 'abc.NT_0010'>"": [], ""<class 'abc.NT_0010_P_00000'>"": [], ""<class 'abc.NT_0007'>"": [], ""<class 'abc.NT_0007_P_00000'>"": [], ""<class 'abc.NT_0003'>"": [], ""<class 'abc.NT_0003_P_00000'>"": [], ""<class 'abc.NT_0002'>"": [0, 13525], ""<class 'abc.NT_0002_P_00000'>"": [], ""<class 'abc.NT_0002_P_00001'>"": [], ""<class 'abc.NT_0001'>"": [0, 12521], ""<class 'abc.NT_0001_P_00000'>"": [], ""<class 'abc.NT_0001_P_00001'>"": [], ""<class 'abc.NT_0001_P_00002'>"": [], ""<class 'abc.NT_0001_P_00003'>"": [], ""<class 'abc.NT_0001_P_00004'>"": [], ""<class 'abc.NT_0002_P_00002'>"": [], ""<class 'abc.NT_0002_P_00003'>"": [], ""<class 'abc.NT_0003_P_00001'>"": [], ""<class 'abc.NT_0003_P_00002'>"": [], ""<class 'abc.NT_0003_P_00003'>"": [], ""<class 'abc.NT_0007_P_00001'>"": [], ""<class 'abc.NT_0004'>"": [0, 0, 0, 0, 0, 34304], ""<class 'abc.NT_0004_P_00000'>"": [], ""<class 'abc.NT_0004_P_00001'>"": [], ""<class 'abc.NT_0010_P_00001'>"": [], ""<class 'abc.NT_0008'>"": [], ""<class 'abc.NT_0008_P_00000'>"": [], ""<class 'abc.NT_0010_P_00002'>"": [], ""<class 'abc.NT_0005'>"": [], ""<class 'abc.NT_0005_P_00000'>"": [], ""<class 'abc.NT_0005_P_00001'>"": [], ""<class 'abc.NT_0009'>"": [3, 3491], ""<class 'abc.NT_0009_P_00000'>"": [], ""<class 'abc.NT_0009_P_00001'>"": [], ""<class 'abc.NT_0006'>"": [], ""<class 'abc.NT_0006_P_00000'>"": [], ""<class 'abc.NT_0009_P_00002'>"": [], ""<class 'abc.NT_0009_P_00003'>"": [], ""<class 'abc.NT_0015_P_00002'>"": [], ""<class 'abc.NT_0015_P_00003'>"": [], ""<class 'abc.NT_0014'>"": [], ""<class 'abc.NT_0014_P_00000'>"": [], ""<class 'abc.NT_0014_P_00001'>"": [], ""<class 'abc.NT_0015_P_00004'>"": [], ""<class 'abc.NT_0017_P_00001'>"": [], ""<class 'abc.NT_0016'>"": [], ""<class 'abc.NT_0016_P_00000'>"": [], ""<class 'abc.NT_0016_P_00001'>"": [], ""<class 'abc.NT_0016_P_00002'>"": [], ""<class 'abc.NT_0017_P_00002'>"": [], '$leftovers': [62697, 11827, 70552, 85024, 10973, 54540, 11475, 22568, 54363, 80307, 98981, 76349, 32255, 15227, 94752, 84331, 16800, 52826, 1480, 58010, 85977, 83782, 20562, 38437, 45973, 59144, 95580, 62948, 56740, 73049, 47060, 352, 80312, 53075, 34163, 28668, 63764, 18371, 49352, 85586, 35766, 56405, 59473, 10576, 59231, 73555, 25155, 86701, 53270, 18795, 65483, 29613, 10401, 27939, 82283, 95574, 64443, 7890, 25887, 90081, 1985, 85118, 60092, 4001, 86702, 14105, 18788, 2288, 34150, 94862, 41039, 8230, 18984, 35119, 22115, 96457, 92640, 96445, 42617, 59091, 47066, 93024, 27691, 78900, 40501, 32908, 90004, 90726, 5114, 10686, 32146, 49211, 42018, 52829, 1321, 67304, 98773, 39447, 32606, 89175, 89715, 78399, 89884, 87211, 17571, 22129, 33112, 90589, 77318, 50935, 8276, 55426, 7985, 87751, 97319, 93557, 53592, 31628, 93896, 93366, 15766, 58659, 88060, 45265, 6843, 23464, 21200, 98665, 89077, 51359, 35834, 91114, 76802, 24755, 42392, 12384, 66807, 62818, 32683, 78381, 57944, 40948, 66781, 80148, 64673, 37327, 36296, 94989, 20603, 9755, 18760, 45380, 17708, 97651, 95791, 25889, 42214, 99203, 18861, 31146, 66444, 57229, 55483, 39480, 27096, 57533, 87116, 54443, 69882, 71471, 50529, 74099, 57707, 38230, 58828, 74328, 49912, 90519, 12105, 80338, 41259, 56429, 71422, 77068, 44111, 60728, 54524, 51381, 12452, 1167, 11735, 14565, 56150, 5688, 70951, 10678, 95598, 98782, 33429, 42386, 38821, 11784, 53860, 5164, 59440, 13102, 61869, 75502, 40402, 15687, 98575, 59381, 11215, 29723, 62305, 91762, 53767, 57327, 61203, 89258, 59088, 12544, 66754, 17883, 38220, 4237, 38889, 46958, 38899, 55768, 51829, 93149, 98555, 27307, 80400, 42422, 54366, 3876, 60798, 66477, 69399, 80571, 36359, 89442, 29133, 44332, 6592, 12790, 39581, 10158, 71456, 50203, 41826, 28901, 89554, 62834, 17996, 19210, 28725, 36171, 42666, 57809, 40590, 62663, 92083, 67144, 94263, 44876, 38864, 43414, 1889, 19503, 68577, 76412, 6685, 44932, 98973, 64027, 45984, 54594, 32842, 7625, 61410, 59503, 92933, 71711, 16301, 26384, 51779, 44873, 9508, 19804, 61027, 20867, 69222, 43866, 31104, 87393, 13725, 90935, 53556, 83661, 74907, 1610, 89544, 32628, 6863, 67170, 12774, 12688, 8497, 90448, 20517, 33604, 9034, 33126, 59390, 13499, 34494, 9310, 72844, 44406, 15696, 68016, 93294, 20888, 47730, 75366, 94184, 70038, 18980, 32646, 15190, 68938, 53140, 18359, 87035, 65795, 84856, 50166, 79258, 22676, 80489, 50015, 8709, 5909, 31769, 66561, 2436, 52688, 35372, 52632, 5482, 93061, 31800, 77811, 2901, 4741, 33699, 20799, 52869, 82775, 42468, 57482, 54709, 36969, 36887, 41932, 73801, 38346, 21785, 78967, 38518, 25570, 32195, 0, 33534, 11082, 68894, 75401, 61716, 56278, 98692, 68936, 60731, 63588, 28029, 43072, 55566, 42476, 59053, 56340, 6054, 44217, 66262, 37453, 21369, 98513, 94963, 59954, 17085, 54903, 85986, 93899, 54119, 5544, 26880, 32654, 55844, 25131, 54095, 92302, 98785, 67967, 12268, 45616, 10171, 91829, 5031, 17026, 63749, 35766, 76979, 19919, 91131, 73083, 38225, 36254, 38375, 11228, 68305, 60932, 48862, 27174, 26492, 77901, 50393, 40828, 63453, 60775, 58925, 2773, 34284, 81257, 28521, 71881, 17987, 3656, 69284, 56170, 51906, 68548, 57657, 6694, 72215, 94395, 27042, 21467, 6562, 67463, 38132, 55932, 86778, 95687, 18631, 27259, 91090, 51230, 47648, 25497, 12270, 7404, 40012, 41807, 94965, 46464, 68625, 2533, 77132, 50767, 78157, 80968, 66834, 38656, 43416, 89891, 4918, 92374, 82519, 87861, 55068, 80802, 12837, 36142, 75906, 92873, 73548, 54540, 83293, 63859, 17604, 75095, 26920, 24775, 11076, 10191, 96882, 21916, 4261, 20474, 69768, 44169, 20094, 15654, 91234, 26750, 27508, 19246, 53774, 45552, 86642, 86993, 41567, 96443, 68418, 75892, 21552, 99989, 5103, 43500, 12023, 14451, 55091, 99263, 67776, 17592, 65118, 79132, 72971, 6551, 22594, 26014, 50967, 27391, 12794, 32049, 9355, 31378, 10626, 81496, 40999, 73725, 37624, 6017, 1481, 51381, 24133, 59725, 50777, 26350, 2515, 72119, 25019, 84585, 62926, 25260, 64890, 92687, 63859, 39785, 13614, 59798, 90467, 11398, 24201, 71086, 26217, 48038, 38192, 48884, 99079, 81370, 54115, 77445, 25752, 23660, 19961, 41973, 55675, 53702, 7602, 33496, 80813, 25422, 92626, 36257, 10411, 89154, 79404, 2373, 17604, 16169, 16526, 78848, 38105, 31569, 67314, 98643, 29930, 9157, 30411, 37463, 18132, 83047, 64976, 97425, 86660, 39783, 46505, 99516, 94245, 9584, 68771, 78435, 68033, 16147, 82547, 47325, 3828, 58789, 8940, 89307, 12866, 51854, 69887, 38640, 83914, 93094, 35528, 51891, 6676, 14187, 69387, 23298, 38742, 24595, 42467, 90288, 70947, 88620, 77055, 68574, 96005, 61885, 2205, 59518, 52220, 57973, 66419, 76013, 40215, 65610, 52662, 20382, 83743, 98637, 19941, 59897, 20431, 51437, 77306, 67522, 45411, 77055, 27907, 98743, 13960, 61399, 9536, 81075, 98688, 46899, 29321, 94110, 59532, 73470, 21667, 92506, 89384, 29515, 92323, 4700, 87696, 52846, 11434, 75251, 83807, 88884, 96224, 14319, 52283, 5614, 17159, 68297, 90279, 69456, 24039, 35011, 97443, 39767, 95697, 83601, 82839, 23930, 46143, 38245, 15313, 53657, 90563, 51388, 85335, 4676, 62794, 94615, 73294, 56671, 50052, 44627, 11793, 76042, 16497, 33918, 60059, 32059, 4602, 28264, 34341, 33056, 77867, 13535, 41598, 22085, 95911, 96066, 62969, 57625, 31466, 16477, 41578, 18623, 25142, 34388, 71448, 1777, 12415, 74825, 34814, 99451, 23461, 79554, 78282, 26878, 41648, 22945, 96803, 74618, 22081, 55337, 26366, 49052, 45699, 95055, 98443, 82938, 45469, 68187, 49340, 71569, 54534, 40938, 95307, 70341, 36024, 9636, 63745, 5625, 49525, 50597, 41620, 5808, 62553, 85996, 81535, 1104, 32322, 89386, 35890, 31448, 53292, 31854, 22332, 90866, 11594, 30694, 87811, 67897, 66396, 31972, 74992, 60699, 17240, 70917, 78840, 83005, 32422, 35267, 85939, 77837, 93836, 42115, 15026, 32885, 58680, 84717, 77429, 62798, 92924, 38162, 93116, 34244, 82749, 7515, 95050, 20120, 47314, 3297, 3074, 87358, 15191, 98823, 43219, 81580, 82587, 27969, 53908, 78443, 4960, 39175, 74050, 9978, 56824, 94230, 67715, 85630, 54944, 1781, 41221, 73089, 1616, 42616, 63140, 54739, 92298, 33361, 89581, 89096, 76205, 56391, 16475, 6350, 95829, 95820, 93596, 56765, 33242, 39076, 8208, 6120, 17282, 20121, 43316, 39702, 33182, 8095, 83225, 55515, 13897, 4293, 19712, 77767, 78668, 22910, 64628, 4165, 7853, 64403, 94382, 12034, 33675, 86554, 97862, 94688, 7373, 99787, 43592, 59449, 26846, 73868, 98828, 97843, 40730, 11517, 52765, 816, 866, 49745, 35138, 54836, 41205, 68750, 66890, 61513, 30642, 74375, 69658, 79001, 70048, 14836, 84299, 83503, 14855, 20269, 14608, 58971, 90006, 767, 91056, 17878, 90899, 81131, 65476, 37947, 81642, 53380, 76168, 59877, 21461, 20741, 28243, 10397, 80155, 71148, 79133, 28476, 34452, 36953, 31126, 41155, 11753, 6105, 87064, 85655, 18284, 78078, 84526, 50138, 91093, 43849, 51634, 52447, 25683, 49020, 30797, 87069, 69916, 10793, 69998, 21566, 75179, 19815, 29890, 59861, 53050, 65625, 60627, 76640, 11085, 66672, 93453, 20649, 42782, 71712, 49784, 14509, 69618, 3491, 34304, 12521, 13525, 7229]})"
55.0,8,8,26,7.630500316619873,10113,"Genotype(dna={""<class 'abc.NT_0017'>"": [0, 14509], ""<class 'abc.NT_0017_P_00000'>"": [], ""<class 'abc.NT_0015'>"": [4, 69618], ""<class 'abc.NT_0015_P_00000'>"": [], ""<class 'abc.NT_0000'>"": [], ""<class 'abc.NT_0000_P_00000'>"": [], ""<class 'bool'>"": [], ""<class 'abc.NT_0000_P_00001'>"": [], ""<class 'int'>"": [56964, 7229], ""<class 'abc.NT_0000_P_00002'>"": [], ""<class 'abc.NT_0000_P_00003'>"": [], ""<class 'abc.NT_0015_P_00001'>"": [], ""<class 'abc.NT_0010'>"": [], ""<class 'abc.NT_0010_P_00000'>"": [], ""<class 'abc.NT_0007'>"": [], ""<class 'abc.NT_0007_P_00000'>"": [], ""<class 'abc.NT_0003'>"": [], ""<class 'abc.NT_0003_P_00000'>"": [], ""<class 'abc.NT_0002'>"": [0, 13525], ""<class 'abc.NT_0002_P_00000'>"": [], ""<class 'abc.NT_0002_P_00001'>"": [], ""<class 'abc.NT_0001'>"": [0, 12521], ""<class 'abc.NT_0001_P_00000'>"": [], ""<class 'abc.NT_0001_P_00001'>"": [], ""<class 'abc.NT_0001_P_00002'>"": [], ""<class 'abc.NT_0001_P_00003'>"": [], ""<class 'abc.NT_0001_P_00004'>"": [], ""<class 'abc.NT_0002_P_00002'>"": [], ""<class 'abc.NT_0002_P_00003'>"": [], ""<class 'abc.NT_0003_P_00001'>"": [], ""<class 'abc.NT_0003_P_00002'>"": [], ""<class 'abc.NT_0003_P_00003'>"": [], ""<class 'abc.NT_0007_P_00001'>"": [], ""<class 'abc.NT_0004'>"": [0, 0, 0, 0, 0, 34304], ""<class 'abc.NT_0004_P_00000'>"": [], ""<class 'abc.NT_0004_P_00001'>"": [], ""<class 'abc.NT_0010_P_00001'>"": [], ""<class 'abc.NT_0008'>"": [], ""<class 'abc.NT_0008_P_00000'>"": [], ""<class 'abc.NT_0010_P_00002'>"": [], ""<class 'abc.NT_0005'>"": [], ""<class 'abc.NT_0005_P_00000'>"": [], ""<class 'abc.NT_0005_P_00001'>"": [], ""<class 'abc.NT_0009'>"": [3, 3491], ""<class 'abc.NT_0009_P_00000'>"": [], ""<class 'abc.NT_0009_P_00001'>"": [], ""<class 'abc.NT_0006'>"": [], ""<class 'abc.NT_0006_P_00000'>"": [], ""<class 'abc.NT_0009_P_00002'>"": [], ""<class 'abc.NT_0009_P_00003'>"": [], ""<class 'abc.NT_0015_P_00002'>"": [], ""<class 'abc.NT_0015_P_00003'>"": [], ""<class 'abc.NT_0014'>"": [], ""<class 'abc.NT_0014_P_00000'>"": [], ""<class 'abc.NT_0014_P_00001'>"": [], ""<class 'abc.NT_0015_P_00004'>"": [], ""<class 'abc.NT_0017_P_00001'>"": [], ""<class 'abc.NT_0016'>"": [], ""<class 'abc.NT_0016_P_00000'>"": [], ""<class 'abc.NT_0016_P_00001'>"": [], ""<class 'abc.NT_0016_P_00002'>"": [], ""<class 'abc.NT_0017_P_00002'>"": [], '$leftovers': [62697, 11827, 70552, 85024, 10973, 54540, 11475, 22568, 54363, 80307, 98981, 76349, 32255, 15227, 94752, 84331, 16800, 52826, 1480, 58010, 85977, 83782, 20562, 38437, 45973, 59144, 95580, 62948, 56740, 73049, 47060, 352, 80312, 53075, 34163, 28668, 63764, 18371, 49352, 85586, 35766, 56405, 59473, 10576, 59231, 73555, 25155, 86701, 53270, 18795, 65483, 29613, 10401, 27939, 82283, 95574, 64443, 7890, 25887, 90081, 1985, 85118, 60092, 4001, 86702, 14105, 18788, 2288, 34150, 94862, 41039, 8230, 18984, 35119, 22115, 96457, 92640, 96445, 42617, 59091, 47066, 93024, 27691, 78900, 40501, 32908, 90004, 90726, 5114, 10686, 32146, 49211, 42018, 52829, 1321, 67304, 98773, 39447, 32606, 89175, 89715, 78399, 89884, 87211, 17571, 22129, 33112, 90589, 77318, 50935, 8276, 55426, 7985, 87751, 97319, 93557, 53592, 31628, 93896, 93366, 15766, 58659, 88060, 45265, 6843, 23464, 21200, 98665, 89077, 51359, 35834, 91114, 76802, 24755, 42392, 12384, 66807, 62818, 32683, 78381, 57944, 40948, 66781, 80148, 64673, 37327, 36296, 94989, 20603, 9755, 18760, 45380, 17708, 97651, 95791, 25889, 42214, 99203, 18861, 31146, 66444, 57229, 55483, 39480, 27096, 57533, 87116, 54443, 69882, 71471, 50529, 74099, 57707, 38230, 58828, 74328, 49912, 90519, 12105, 80338, 41259, 56429, 71422, 77068, 44111, 60728, 54524, 51381, 12452, 1167, 11735, 14565, 56150, 5688, 70951, 10678, 95598, 98782, 33429, 42386, 38821, 11784, 53860, 5164, 59440, 13102, 61869, 75502, 40402, 15687, 98575, 59381, 11215, 29723, 62305, 91762, 53767, 57327, 61203, 89258, 59088, 12544, 66754, 17883, 38220, 4237, 38889, 46958, 38899, 55768, 51829, 93149, 98555, 27307, 80400, 42422, 54366, 3876, 60798, 66477, 69399, 80571, 36359, 89442, 29133, 44332, 6592, 12790, 39581, 10158, 71456, 50203, 41826, 28901, 89554, 62834, 17996, 19210, 28725, 36171, 42666, 57809, 40590, 62663, 92083, 67144, 94263, 44876, 38864, 43414, 1889, 19503, 68577, 76412, 6685, 44932, 98973, 64027, 45984, 54594, 32842, 7625, 61410, 59503, 92933, 71711, 16301, 26384, 51779, 44873, 9508, 19804, 61027, 20867, 69222, 43866, 31104, 87393, 13725, 90935, 53556, 83661, 74907, 1610, 89544, 32628, 6863, 67170, 12774, 12688, 8497, 90448, 20517, 33604, 9034, 33126, 59390, 13499, 34494, 9310, 72844, 44406, 15696, 68016, 93294, 20888, 47730, 75366, 94184, 70038, 18980, 32646, 15190, 68938, 53140, 18359, 87035, 65795, 84856, 50166, 79258, 22676, 80489, 50015, 8709, 5909, 31769, 66561, 2436, 52688, 35372, 52632, 5482, 93061, 31800, 77811, 2901, 4741, 33699, 20799, 52869, 82775, 42468, 57482, 54709, 36969, 36887, 41932, 73801, 38346, 21785, 78967, 38518, 25570, 32195, 0, 33534, 11082, 68894, 75401, 61716, 56278, 98692, 68936, 60731, 63588, 28029, 43072, 55566, 42476, 59053, 56340, 6054, 44217, 66262, 37453, 21369, 98513, 94963, 59954, 17085, 54903, 85986, 93899, 54119, 5544, 26880, 32654, 55844, 25131, 54095, 92302, 98785, 67967, 12268, 45616, 10171, 91829, 5031, 17026, 63749, 35766, 76979, 19919, 91131, 73083, 38225, 36254, 38375, 11228, 68305, 60932, 48862, 27174, 26492, 77901, 50393, 40828, 63453, 60775, 58925, 2773, 34284, 81257, 28521, 71881, 17987, 3656, 69284, 56170, 51906, 68548, 57657, 6694, 72215, 94395, 27042, 21467, 6562, 67463, 38132, 55932, 86778, 95687, 18631, 27259, 91090, 51230, 47648, 25497, 12270, 7404, 40012, 41807, 94965, 46464, 68625, 2533, 77132, 50767, 78157, 80968, 66834, 38656, 43416, 89891, 4918, 92374, 82519, 87861, 55068, 80802, 12837, 36142, 75906, 92873, 73548, 54540, 83293, 63859, 17604, 75095, 26920, 24775, 11076, 10191, 96882, 21916, 4261, 20474, 69768, 44169, 20094, 15654, 91234, 26750, 27508, 19246, 53774, 45552, 86642, 86993, 41567, 96443, 68418, 75892, 21552, 99989, 5103, 43500, 12023, 14451, 55091, 99263, 67776, 17592, 65118, 79132, 72971, 6551, 22594, 26014, 50967, 27391, 12794, 32049, 9355, 31378, 10626, 81496, 40999, 73725, 37624, 6017, 1481, 51381, 24133, 59725, 50777, 26350, 2515, 72119, 25019, 84585, 62926, 25260, 64890, 92687, 63859, 39785, 13614, 59798, 90467, 11398, 24201, 71086, 26217, 48038, 38192, 48884, 99079, 81370, 54115, 77445, 25752, 23660, 19961, 41973, 55675, 53702, 7602, 33496, 80813, 25422, 92626, 36257, 10411, 89154, 79404, 2373, 17604, 16169, 16526, 78848, 38105, 31569, 67314, 98643, 29930, 9157, 30411, 37463, 18132, 83047, 64976, 97425, 86660, 39783, 46505, 99516, 94245, 9584, 68771, 78435, 68033, 16147, 82547, 47325, 3828, 58789, 8940, 89307, 12866, 51854, 69887, 38640, 83914, 93094, 35528, 51891, 6676, 14187, 69387, 23298, 38742, 24595, 42467, 90288, 70947, 88620, 77055, 68574, 96005, 61885, 2205, 59518, 52220, 57973, 66419, 76013, 40215, 65610, 52662, 20382, 83743, 98637, 19941, 59897, 20431, 51437, 77306, 67522, 45411, 77055, 27907, 98743, 13960, 61399, 9536, 81075, 98688, 46899, 29321, 94110, 59532, 73470, 21667, 92506, 89384, 29515, 92323, 4700, 87696, 52846, 11434, 75251, 83807, 88884, 96224, 14319, 52283, 5614, 17159, 68297, 90279, 69456, 24039, 35011, 97443, 39767, 95697, 83601, 82839, 23930, 46143, 38245, 15313, 53657, 90563, 51388, 85335, 4676, 62794, 94615, 73294, 56671, 50052, 44627, 11793, 76042, 16497, 33918, 60059, 32059, 4602, 28264, 34341, 33056, 77867, 13535, 41598, 22085, 95911, 96066, 62969, 57625, 31466, 16477, 41578, 18623, 25142, 34388, 71448, 1777, 12415, 74825, 34814, 99451, 23461, 79554, 78282, 26878, 41648, 22945, 96803, 74618, 22081, 55337, 26366, 49052, 45699, 95055, 98443, 82938, 45469, 68187, 49340, 71569, 54534, 40938, 95307, 70341, 36024, 9636, 63745, 5625, 49525, 50597, 41620, 5808, 62553, 85996, 81535, 1104, 32322, 89386, 35890, 31448, 53292, 31854, 22332, 90866, 11594, 30694, 87811, 67897, 66396, 31972, 74992, 60699, 17240, 70917, 78840, 83005, 32422, 35267, 85939, 77837, 93836, 42115, 15026, 32885, 58680, 84717, 77429, 62798, 92924, 38162, 93116, 34244, 82749, 7515, 95050, 20120, 47314, 3297, 3074, 87358, 15191, 98823, 43219, 81580, 82587, 27969, 53908, 78443, 4960, 39175, 74050, 9978, 56824, 94230, 67715, 85630, 54944, 1781, 41221, 73089, 1616, 42616, 63140, 54739, 92298, 33361, 89581, 89096, 76205, 56391, 16475, 6350, 95829, 95820, 93596, 56765, 33242, 39076, 8208, 6120, 17282, 20121, 43316, 39702, 33182, 8095, 83225, 55515, 13897, 4293, 19712, 77767, 78668, 22910, 64628, 4165, 7853, 64403, 94382, 12034, 33675, 86554, 97862, 94688, 7373, 99787, 43592, 59449, 26846, 73868, 98828, 97843, 40730, 11517, 52765, 816, 866, 49745, 35138, 54836, 41205, 68750, 66890, 61513, 30642, 74375, 69658, 79001, 70048, 14836, 84299, 83503, 14855, 20269, 14608, 58971, 90006, 767, 91056, 17878, 90899, 81131, 65476, 37947, 81642, 53380, 76168, 59877, 21461, 20741, 28243, 10397, 80155, 71148, 79133, 28476, 34452, 36953, 31126, 41155, 11753, 6105, 87064, 85655, 18284, 78078, 84526, 50138, 91093, 43849, 51634, 52447, 25683, 49020, 30797, 87069, 69916, 10793, 69998, 21566, 75179, 19815, 29890, 59861, 53050, 65625, 60627, 76640, 11085, 66672, 93453, 20649, 42782, 71712, 49784, 14509, 69618, 3491, 34304, 12521, 13525, 7229]})"
55.0,8,8,27,7.80249547958374,10113,"Genotype(dna={""<class 'abc.NT_0017'>"": [0, 14509], ""<class 'abc.NT_0017_P_00000'>"": [], ""<class 'abc.NT_0015'>"": [4, 69618], ""<class 'abc.NT_0015_P_00000'>"": [], ""<class 'abc.NT_0000'>"": [], ""<class 'abc.NT_0000_P_00000'>"": [], ""<class 'bool'>"": [], ""<class 'abc.NT_0000_P_00001'>"": [], ""<class 'int'>"": [56964, 7229], ""<class 'abc.NT_0000_P_00002'>"": [], ""<class 'abc.NT_0000_P_00003'>"": [], ""<class 'abc.NT_0015_P_00001'>"": [], ""<class 'abc.NT_0010'>"": [], ""<class 'abc.NT_0010_P_00000'>"": [], ""<class 'abc.NT_0007'>"": [], ""<class 'abc.NT_0007_P_00000'>"": [], ""<class 'abc.NT_0003'>"": [], ""<class 'abc.NT_0003_P_00000'>"": [], ""<class 'abc.NT_0002'>"": [0, 13525], ""<class 'abc.NT_0002_P_00000'>"": [], ""<class 'abc.NT_0002_P_00001'>"": [], ""<class 'abc.NT_0001'>"": [0, 12521], ""<class 'abc.NT_0001_P_00000'>"": [], ""<class 'abc.NT_0001_P_00001'>"": [], ""<class 'abc.NT_0001_P_00002'>"": [], ""<class 'abc.NT_0001_P_00003'>"": [], ""<class 'abc.NT_0001_P_00004'>"": [], ""<class 'abc.NT_0002_P_00002'>"": [], ""<class 'abc.NT_0002_P_00003'>"": [], ""<class 'abc.NT_0003_P_00001'>"": [], ""<class 'abc.NT_0003_P_00002'>"": [], ""<class 'abc.NT_0003_P_00003'>"": [], ""<class 'abc.NT_0007_P_00001'>"": [], ""<class 'abc.NT_0004'>"": [0, 0, 0, 0, 0, 34304], ""<class 'abc.NT_0004_P_00000'>"": [], ""<class 'abc.NT_0004_P_00001'>"": [], ""<class 'abc.NT_0010_P_00001'>"": [], ""<class 'abc.NT_0008'>"": [], ""<class 'abc.NT_0008_P_00000'>"": [], ""<class 'abc.NT_0010_P_00002'>"": [], ""<class 'abc.NT_0005'>"": [], ""<class 'abc.NT_0005_P_00000'>"": [], ""<class 'abc.NT_0005_P_00001'>"": [], ""<class 'abc.NT_0009'>"": [3, 3491], ""<class 'abc.NT_0009_P_00000'>"": [], ""<class 'abc.NT_0009_P_00001'>"": [], ""<class 'abc.NT_0006'>"": [], ""<class 'abc.NT_0006_P_00000'>"": [], ""<class 'abc.NT_0009_P_00002'>"": [], ""<class 'abc.NT_0009_P_00003'>"": [], ""<class 'abc.NT_0015_P_00002'>"": [], ""<class 'abc.NT_0015_P_00003'>"": [], ""<class 'abc.NT_0014'>"": [], ""<class 'abc.NT_0014_P_00000'>"": [], ""<class 'abc.NT_0014_P_00001'>"": [], ""<class 'abc.NT_0015_P_00004'>"": [], ""<class 'abc.NT_0017_P_00001'>"": [], ""<class 'abc.NT_0016'>"": [], ""<class 'abc.NT_0016_P_00000'>"": [], ""<class 'abc.NT_0016_P_00001'>"": [], ""<class 'abc.NT_0016_P_00002'>"": [], ""<class 'abc.NT_0017_P_00002'>"": [], '$leftovers': [62697, 11827, 70552, 85024, 10973, 54540, 11475, 22568, 54363, 80307, 98981, 76349, 32255, 15227, 94752, 84331, 16800, 52826, 1480, 58010, 85977, 83782, 20562, 38437, 45973, 59144, 95580, 62948, 56740, 73049, 47060, 352, 80312, 53075, 34163, 28668, 63764, 18371, 49352, 85586, 35766, 56405, 59473, 10576, 59231, 73555, 25155, 86701, 53270, 18795, 65483, 29613, 10401, 27939, 82283, 95574, 64443, 7890, 25887, 90081, 1985, 85118, 60092, 4001, 86702, 14105, 18788, 2288, 34150, 94862, 41039, 8230, 18984, 35119, 22115, 96457, 92640, 96445, 42617, 59091, 47066, 93024, 27691, 78900, 40501, 32908, 90004, 90726, 5114, 10686, 32146, 49211, 42018, 52829, 1321, 67304, 98773, 39447, 32606, 89175, 89715, 78399, 89884, 87211, 17571, 22129, 33112, 90589, 77318, 50935, 8276, 55426, 7985, 87751, 97319, 93557, 53592, 31628, 93896, 93366, 15766, 58659, 88060, 45265, 6843, 23464, 21200, 98665, 89077, 51359, 35834, 91114, 76802, 24755, 42392, 12384, 66807, 62818, 32683, 78381, 57944, 40948, 66781, 80148, 64673, 37327, 36296, 94989, 20603, 9755, 18760, 45380, 17708, 97651, 95791, 25889, 42214, 99203, 18861, 31146, 66444, 57229, 55483, 39480, 27096, 57533, 87116, 54443, 69882, 71471, 50529, 74099, 57707, 38230, 58828, 74328, 49912, 90519, 12105, 80338, 41259, 56429, 71422, 77068, 44111, 60728, 54524, 51381, 12452, 1167, 11735, 14565, 56150, 5688, 70951, 10678, 95598, 98782, 33429, 42386, 38821, 11784, 53860, 5164, 59440, 13102, 61869, 75502, 40402, 15687, 98575, 59381, 11215, 29723, 62305, 91762, 53767, 57327, 61203, 89258, 59088, 12544, 66754, 17883, 38220, 4237, 38889, 46958, 38899, 55768, 51829, 93149, 98555, 27307, 80400, 42422, 54366, 3876, 60798, 66477, 69399, 80571, 36359, 89442, 29133, 44332, 6592, 12790, 39581, 10158, 71456, 50203, 41826, 28901, 89554, 62834, 17996, 19210, 28725, 36171, 42666, 57809, 40590, 62663, 92083, 67144, 94263, 44876, 38864, 43414, 1889, 19503, 68577, 76412, 6685, 44932, 98973, 64027, 45984, 54594, 32842, 7625, 61410, 59503, 92933, 71711, 16301, 26384, 51779, 44873, 9508, 19804, 61027, 20867, 69222, 43866, 31104, 87393, 13725, 90935, 53556, 83661, 74907, 1610, 89544, 32628, 6863, 67170, 12774, 12688, 8497, 90448, 20517, 33604, 9034, 33126, 59390, 13499, 34494, 9310, 72844, 44406, 15696, 68016, 93294, 20888, 47730, 75366, 94184, 70038, 18980, 32646, 15190, 68938, 53140, 18359, 87035, 65795, 84856, 50166, 79258, 22676, 80489, 50015, 8709, 5909, 31769, 66561, 2436, 52688, 35372, 52632, 5482, 93061, 31800, 77811, 2901, 4741, 33699, 20799, 52869, 82775, 42468, 57482, 54709, 36969, 36887, 41932, 73801, 38346, 21785, 78967, 38518, 25570, 32195, 0, 33534, 11082, 68894, 75401, 61716, 56278, 98692, 68936, 60731, 63588, 28029, 43072, 55566, 42476, 59053, 56340, 6054, 44217, 66262, 37453, 21369, 98513, 94963, 59954, 17085, 54903, 85986, 93899, 54119, 5544, 26880, 32654, 55844, 25131, 54095, 92302, 98785, 67967, 12268, 45616, 10171, 91829, 5031, 17026, 63749, 35766, 76979, 19919, 91131, 73083, 38225, 36254, 38375, 11228, 68305, 60932, 48862, 27174, 26492, 77901, 50393, 40828, 63453, 60775, 58925, 2773, 34284, 81257, 28521, 71881, 17987, 3656, 69284, 56170, 51906, 68548, 57657, 6694, 72215, 94395, 27042, 21467, 6562, 67463, 38132, 55932, 86778, 95687, 18631, 27259, 91090, 51230, 47648, 25497, 12270, 7404, 40012, 41807, 94965, 46464, 68625, 2533, 77132, 50767, 78157, 80968, 66834, 38656, 43416, 89891, 4918, 92374, 82519, 87861, 55068, 80802, 12837, 36142, 75906, 92873, 73548, 54540, 83293, 63859, 17604, 75095, 26920, 24775, 11076, 10191, 96882, 21916, 4261, 20474, 69768, 44169, 20094, 15654, 91234, 26750, 27508, 19246, 53774, 45552, 86642, 86993, 41567, 96443, 68418, 75892, 21552, 99989, 5103, 43500, 12023, 14451, 55091, 99263, 67776, 17592, 65118, 79132, 72971, 6551, 22594, 26014, 50967, 27391, 12794, 32049, 9355, 31378, 10626, 81496, 40999, 73725, 37624, 6017, 1481, 51381, 24133, 59725, 50777, 26350, 2515, 72119, 25019, 84585, 62926, 25260, 64890, 92687, 63859, 39785, 13614, 59798, 90467, 11398, 24201, 71086, 26217, 48038, 38192, 48884, 99079, 81370, 54115, 77445, 25752, 23660, 19961, 41973, 55675, 53702, 7602, 33496, 80813, 25422, 92626, 36257, 10411, 89154, 79404, 2373, 17604, 16169, 16526, 78848, 38105, 31569, 67314, 98643, 29930, 9157, 30411, 37463, 18132, 83047, 64976, 97425, 86660, 39783, 46505, 99516, 94245, 9584, 68771, 78435, 68033, 16147, 82547, 47325, 3828, 58789, 8940, 89307, 12866, 51854, 69887, 38640, 83914, 93094, 35528, 51891, 6676, 14187, 69387, 23298, 38742, 24595, 42467, 90288, 70947, 88620, 77055, 68574, 96005, 61885, 2205, 59518, 52220, 57973, 66419, 76013, 40215, 65610, 52662, 20382, 83743, 98637, 19941, 59897, 20431, 51437, 77306, 67522, 45411, 77055, 27907, 98743, 13960, 61399, 9536, 81075, 98688, 46899, 29321, 94110, 59532, 73470, 21667, 92506, 89384, 29515, 92323, 4700, 87696, 52846, 11434, 75251, 83807, 88884, 96224, 14319, 52283, 5614, 17159, 68297, 90279, 69456, 24039, 35011, 97443, 39767, 95697, 83601, 82839, 23930, 46143, 38245, 15313, 53657, 90563, 51388, 85335, 4676, 62794, 94615, 73294, 56671, 50052, 44627, 11793, 76042, 16497, 33918, 60059, 32059, 4602, 28264, 34341, 33056, 77867, 13535, 41598, 22085, 95911, 96066, 62969, 57625, 31466, 16477, 41578, 18623, 25142, 34388, 71448, 1777, 12415, 74825, 34814, 99451, 23461, 79554, 78282, 26878, 41648, 22945, 96803, 74618, 22081, 55337, 26366, 49052, 45699, 95055, 98443, 82938, 45469, 68187, 49340, 71569, 54534, 40938, 95307, 70341, 36024, 9636, 63745, 5625, 49525, 50597, 41620, 5808, 62553, 85996, 81535, 1104, 32322, 89386, 35890, 31448, 53292, 31854, 22332, 90866, 11594, 30694, 87811, 67897, 66396, 31972, 74992, 60699, 17240, 70917, 78840, 83005, 32422, 35267, 85939, 77837, 93836, 42115, 15026, 32885, 58680, 84717, 77429, 62798, 92924, 38162, 93116, 34244, 82749, 7515, 95050, 20120, 47314, 3297, 3074, 87358, 15191, 98823, 43219, 81580, 82587, 27969, 53908, 78443, 4960, 39175, 74050, 9978, 56824, 94230, 67715, 85630, 54944, 1781, 41221, 73089, 1616, 42616, 63140, 54739, 92298, 33361, 89581, 89096, 76205, 56391, 16475, 6350, 95829, 95820, 93596, 56765, 33242, 39076, 8208, 6120, 17282, 20121, 43316, 39702, 33182, 8095, 83225, 55515, 13897, 4293, 19712, 77767, 78668, 22910, 64628, 4165, 7853, 64403, 94382, 12034, 33675, 86554, 97862, 94688, 7373, 99787, 43592, 59449, 26846, 73868, 98828, 97843, 40730, 11517, 52765, 816, 866, 49745, 35138, 54836, 41205, 68750, 66890, 61513, 30642, 74375, 69658, 79001, 70048, 14836, 84299, 83503, 14855, 20269, 14608, 58971, 90006, 767, 91056, 17878, 90899, 81131, 65476, 37947, 81642, 53380, 76168, 59877, 21461, 20741, 28243, 10397, 80155, 71148, 79133, 28476, 34452, 36953, 31126, 41155, 11753, 6105, 87064, 85655, 18284, 78078, 84526, 50138, 91093, 43849, 51634, 52447, 25683, 49020, 30797, 87069, 69916, 10793, 69998, 21566, 75179, 19815, 29890, 59861, 53050, 65625, 60627, 76640, 11085, 66672, 93453, 20649, 42782, 71712, 49784, 14509, 69618, 3491, 34304, 12521, 13525, 7229]})"
55.0,8,8,28,7.955222129821777,10113,"Genotype(dna={""<class 'abc.NT_0017'>"": [0, 14509], ""<class 'abc.NT_0017_P_00000'>"": [], ""<class 'abc.NT_0015'>"": [4, 69618], ""<class 'abc.NT_0015_P_00000'>"": [], ""<class 'abc.NT_0000'>"": [], ""<class 'abc.NT_0000_P_00000'>"": [], ""<class 'bool'>"": [], ""<class 'abc.NT_0000_P_00001'>"": [], ""<class 'int'>"": [56964, 7229], ""<class 'abc.NT_0000_P_00002'>"": [], ""<class 'abc.NT_0000_P_00003'>"": [], ""<class 'abc.NT_0015_P_00001'>"": [], ""<class 'abc.NT_0010'>"": [], ""<class 'abc.NT_0010_P_00000'>"": [], ""<class 'abc.NT_0007'>"": [], ""<class 'abc.NT_0007_P_00000'>"": [], ""<class 'abc.NT_0003'>"": [], ""<class 'abc.NT_0003_P_00000'>"": [], ""<class 'abc.NT_0002'>"": [0, 13525], ""<class 'abc.NT_0002_P_00000'>"": [], ""<class 'abc.NT_0002_P_00001'>"": [], ""<class 'abc.NT_0001'>"": [0, 12521], ""<class 'abc.NT_0001_P_00000'>"": [], ""<class 'abc.NT_0001_P_00001'>"": [], ""<class 'abc.NT_0001_P_00002'>"": [], ""<class 'abc.NT_0001_P_00003'>"": [], ""<class 'abc.NT_0001_P_00004'>"": [], ""<class 'abc.NT_0002_P_00002'>"": [], ""<class 'abc.NT_0002_P_00003'>"": [], ""<class 'abc.NT_0003_P_00001'>"": [], ""<class 'abc.NT_0003_P_00002'>"": [], ""<class 'abc.NT_0003_P_00003'>"": [], ""<class 'abc.NT_0007_P_00001'>"": [], ""<class 'abc.NT_0004'>"": [0, 0, 0, 0, 0, 34304], ""<class 'abc.NT_0004_P_00000'>"": [], ""<class 'abc.NT_0004_P_00001'>"": [], ""<class 'abc.NT_0010_P_00001'>"": [], ""<class 'abc.NT_0008'>"": [], ""<class 'abc.NT_0008_P_00000'>"": [], ""<class 'abc.NT_0010_P_00002'>"": [], ""<class 'abc.NT_0005'>"": [], ""<class 'abc.NT_0005_P_00000'>"": [], ""<class 'abc.NT_0005_P_00001'>"": [], ""<class 'abc.NT_0009'>"": [3, 3491], ""<class 'abc.NT_0009_P_00000'>"": [], ""<class 'abc.NT_0009_P_00001'>"": [], ""<class 'abc.NT_0006'>"": [], ""<class 'abc.NT_0006_P_00000'>"": [], ""<class 'abc.NT_0009_P_00002'>"": [], ""<class 'abc.NT_0009_P_00003'>"": [], ""<class 'abc.NT_0015_P_00002'>"": [], ""<class 'abc.NT_0015_P_00003'>"": [], ""<class 'abc.NT_0014'>"": [], ""<class 'abc.NT_0014_P_00000'>"": [], ""<class 'abc.NT_0014_P_00001'>"": [], ""<class 'abc.NT_0015_P_00004'>"": [], ""<class 'abc.NT_0017_P_00001'>"": [], ""<class 'abc.NT_0016'>"": [], ""<class 'abc.NT_0016_P_00000'>"": [], ""<class 'abc.NT_0016_P_00001'>"": [], ""<class 'abc.NT_0016_P_00002'>"": [], ""<class 'abc.NT_0017_P_00002'>"": [], '$leftovers': [62697, 11827, 70552, 85024, 10973, 54540, 11475, 22568, 54363, 80307, 98981, 76349, 32255, 15227, 94752, 84331, 16800, 52826, 1480, 58010, 85977, 83782, 20562, 38437, 45973, 59144, 95580, 62948, 56740, 73049, 47060, 352, 80312, 53075, 34163, 28668, 63764, 18371, 49352, 85586, 35766, 56405, 59473, 10576, 59231, 73555, 25155, 86701, 53270, 18795, 65483, 29613, 10401, 27939, 82283, 95574, 64443, 7890, 25887, 90081, 1985, 85118, 60092, 4001, 86702, 14105, 18788, 2288, 34150, 94862, 41039, 8230, 18984, 35119, 22115, 96457, 92640, 96445, 42617, 59091, 47066, 93024, 27691, 78900, 40501, 32908, 90004, 90726, 5114, 10686, 32146, 49211, 42018, 52829, 1321, 67304, 98773, 39447, 32606, 89175, 89715, 78399, 89884, 87211, 17571, 22129, 33112, 90589, 77318, 50935, 8276, 55426, 7985, 87751, 97319, 93557, 53592, 31628, 93896, 93366, 15766, 58659, 88060, 45265, 6843, 23464, 21200, 98665, 89077, 51359, 35834, 91114, 76802, 24755, 42392, 12384, 66807, 62818, 32683, 78381, 57944, 40948, 66781, 80148, 64673, 37327, 36296, 94989, 20603, 9755, 18760, 45380, 17708, 97651, 95791, 25889, 42214, 99203, 18861, 31146, 66444, 57229, 55483, 39480, 27096, 57533, 87116, 54443, 69882, 71471, 50529, 74099, 57707, 38230, 58828, 74328, 49912, 90519, 12105, 80338, 41259, 56429, 71422, 77068, 44111, 60728, 54524, 51381, 12452, 1167, 11735, 14565, 56150, 5688, 70951, 10678, 95598, 98782, 33429, 42386, 38821, 11784, 53860, 5164, 59440, 13102, 61869, 75502, 40402, 15687, 98575, 59381, 11215, 29723, 62305, 91762, 53767, 57327, 61203, 89258, 59088, 12544, 66754, 17883, 38220, 4237, 38889, 46958, 38899, 55768, 51829, 93149, 98555, 27307, 80400, 42422, 54366, 3876, 60798, 66477, 69399, 80571, 36359, 89442, 29133, 44332, 6592, 12790, 39581, 10158, 71456, 50203, 41826, 28901, 89554, 62834, 17996, 19210, 28725, 36171, 42666, 57809, 40590, 62663, 92083, 67144, 94263, 44876, 38864, 43414, 1889, 19503, 68577, 76412, 6685, 44932, 98973, 64027, 45984, 54594, 32842, 7625, 61410, 59503, 92933, 71711, 16301, 26384, 51779, 44873, 9508, 19804, 61027, 20867, 69222, 43866, 31104, 87393, 13725, 90935, 53556, 83661, 74907, 1610, 89544, 32628, 6863, 67170, 12774, 12688, 8497, 90448, 20517, 33604, 9034, 33126, 59390, 13499, 34494, 9310, 72844, 44406, 15696, 68016, 93294, 20888, 47730, 75366, 94184, 70038, 18980, 32646, 15190, 68938, 53140, 18359, 87035, 65795, 84856, 50166, 79258, 22676, 80489, 50015, 8709, 5909, 31769, 66561, 2436, 52688, 35372, 52632, 5482, 93061, 31800, 77811, 2901, 4741, 33699, 20799, 52869, 82775, 42468, 57482, 54709, 36969, 36887, 41932, 73801, 38346, 21785, 78967, 38518, 25570, 32195, 0, 33534, 11082, 68894, 75401, 61716, 56278, 98692, 68936, 60731, 63588, 28029, 43072, 55566, 42476, 59053, 56340, 6054, 44217, 66262, 37453, 21369, 98513, 94963, 59954, 17085, 54903, 85986, 93899, 54119, 5544, 26880, 32654, 55844, 25131, 54095, 92302, 98785, 67967, 12268, 45616, 10171, 91829, 5031, 17026, 63749, 35766, 76979, 19919, 91131, 73083, 38225, 36254, 38375, 11228, 68305, 60932, 48862, 27174, 26492, 77901, 50393, 40828, 63453, 60775, 58925, 2773, 34284, 81257, 28521, 71881, 17987, 3656, 69284, 56170, 51906, 68548, 57657, 6694, 72215, 94395, 27042, 21467, 6562, 67463, 38132, 55932, 86778, 95687, 18631, 27259, 91090, 51230, 47648, 25497, 12270, 7404, 40012, 41807, 94965, 46464, 68625, 2533, 77132, 50767, 78157, 80968, 66834, 38656, 43416, 89891, 4918, 92374, 82519, 87861, 55068, 80802, 12837, 36142, 75906, 92873, 73548, 54540, 83293, 63859, 17604, 75095, 26920, 24775, 11076, 10191, 96882, 21916, 4261, 20474, 69768, 44169, 20094, 15654, 91234, 26750, 27508, 19246, 53774, 45552, 86642, 86993, 41567, 96443, 68418, 75892, 21552, 99989, 5103, 43500, 12023, 14451, 55091, 99263, 67776, 17592, 65118, 79132, 72971, 6551, 22594, 26014, 50967, 27391, 12794, 32049, 9355, 31378, 10626, 81496, 40999, 73725, 37624, 6017, 1481, 51381, 24133, 59725, 50777, 26350, 2515, 72119, 25019, 84585, 62926, 25260, 64890, 92687, 63859, 39785, 13614, 59798, 90467, 11398, 24201, 71086, 26217, 48038, 38192, 48884, 99079, 81370, 54115, 77445, 25752, 23660, 19961, 41973, 55675, 53702, 7602, 33496, 80813, 25422, 92626, 36257, 10411, 89154, 79404, 2373, 17604, 16169, 16526, 78848, 38105, 31569, 67314, 98643, 29930, 9157, 30411, 37463, 18132, 83047, 64976, 97425, 86660, 39783, 46505, 99516, 94245, 9584, 68771, 78435, 68033, 16147, 82547, 47325, 3828, 58789, 8940, 89307, 12866, 51854, 69887, 38640, 83914, 93094, 35528, 51891, 6676, 14187, 69387, 23298, 38742, 24595, 42467, 90288, 70947, 88620, 77055, 68574, 96005, 61885, 2205, 59518, 52220, 57973, 66419, 76013, 40215, 65610, 52662, 20382, 83743, 98637, 19941, 59897, 20431, 51437, 77306, 67522, 45411, 77055, 27907, 98743, 13960, 61399, 9536, 81075, 98688, 46899, 29321, 94110, 59532, 73470, 21667, 92506, 89384, 29515, 92323, 4700, 87696, 52846, 11434, 75251, 83807, 88884, 96224, 14319, 52283, 5614, 17159, 68297, 90279, 69456, 24039, 35011, 97443, 39767, 95697, 83601, 82839, 23930, 46143, 38245, 15313, 53657, 90563, 51388, 85335, 4676, 62794, 94615, 73294, 56671, 50052, 44627, 11793, 76042, 16497, 33918, 60059, 32059, 4602, 28264, 34341, 33056, 77867, 13535, 41598, 22085, 95911, 96066, 62969, 57625, 31466, 16477, 41578, 18623, 25142, 34388, 71448, 1777, 12415, 74825, 34814, 99451, 23461, 79554, 78282, 26878, 41648, 22945, 96803, 74618, 22081, 55337, 26366, 49052, 45699, 95055, 98443, 82938, 45469, 68187, 49340, 71569, 54534, 40938, 95307, 70341, 36024, 9636, 63745, 5625, 49525, 50597, 41620, 5808, 62553, 85996, 81535, 1104, 32322, 89386, 35890, 31448, 53292, 31854, 22332, 90866, 11594, 30694, 87811, 67897, 66396, 31972, 74992, 60699, 17240, 70917, 78840, 83005, 32422, 35267, 85939, 77837, 93836, 42115, 15026, 32885, 58680, 84717, 77429, 62798, 92924, 38162, 93116, 34244, 82749, 7515, 95050, 20120, 47314, 3297, 3074, 87358, 15191, 98823, 43219, 81580, 82587, 27969, 53908, 78443, 4960, 39175, 74050, 9978, 56824, 94230, 67715, 85630, 54944, 1781, 41221, 73089, 1616, 42616, 63140, 54739, 92298, 33361, 89581, 89096, 76205, 56391, 16475, 6350, 95829, 95820, 93596, 56765, 33242, 39076, 8208, 6120, 17282, 20121, 43316, 39702, 33182, 8095, 83225, 55515, 13897, 4293, 19712, 77767, 78668, 22910, 64628, 4165, 7853, 64403, 94382, 12034, 33675, 86554, 97862, 94688, 7373, 99787, 43592, 59449, 26846, 73868, 98828, 97843, 40730, 11517, 52765, 816, 866, 49745, 35138, 54836, 41205, 68750, 66890, 61513, 30642, 74375, 69658, 79001, 70048, 14836, 84299, 83503, 14855, 20269, 14608, 58971, 90006, 767, 91056, 17878, 90899, 81131, 65476, 37947, 81642, 53380, 76168, 59877, 21461, 20741, 28243, 10397, 80155, 71148, 79133, 28476, 34452, 36953, 31126, 41155, 11753, 6105, 87064, 85655, 18284, 78078, 84526, 50138, 91093, 43849, 51634, 52447, 25683, 49020, 30797, 87069, 69916, 10793, 69998, 21566, 75179, 19815, 29890, 59861, 53050, 65625, 60627, 76640, 11085, 66672, 93453, 20649, 42782, 71712, 49784, 14509, 69618, 3491, 34304, 12521, 13525, 7229]})"
55.0,8,8,29,8.104637861251831,10113,"Genotype(dna={""<class 'abc.NT_0017'>"": [0, 14509], ""<class 'abc.NT_0017_P_00000'>"": [], ""<class 'abc.NT_0015'>"": [4, 69618], ""<class 'abc.NT_0015_P_00000'>"": [], ""<class 'abc.NT_0000'>"": [], ""<class 'abc.NT_0000_P_00000'>"": [], ""<class 'bool'>"": [], ""<class 'abc.NT_0000_P_00001'>"": [], ""<class 'int'>"": [56964, 7229], ""<class 'abc.NT_0000_P_00002'>"": [], ""<class 'abc.NT_0000_P_00003'>"": [], ""<class 'abc.NT_0015_P_00001'>"": [], ""<class 'abc.NT_0010'>"": [], ""<class 'abc.NT_0010_P_00000'>"": [], ""<class 'abc.NT_0007'>"": [], ""<class 'abc.NT_0007_P_00000'>"": [], ""<class 'abc.NT_0003'>"": [], ""<class 'abc.NT_0003_P_00000'>"": [], ""<class 'abc.NT_0002'>"": [0, 13525], ""<class 'abc.NT_0002_P_00000'>"": [], ""<class 'abc.NT_0002_P_00001'>"": [], ""<class 'abc.NT_0001'>"": [0, 12521], ""<class 'abc.NT_0001_P_00000'>"": [], ""<class 'abc.NT_0001_P_00001'>"": [], ""<class 'abc.NT_0001_P_00002'>"": [], ""<class 'abc.NT_0001_P_00003'>"": [], ""<class 'abc.NT_0001_P_00004'>"": [], ""<class 'abc.NT_0002_P_00002'>"": [], ""<class 'abc.NT_0002_P_00003'>"": [], ""<class 'abc.NT_0003_P_00001'>"": [], ""<class 'abc.NT_0003_P_00002'>"": [], ""<class 'abc.NT_0003_P_00003'>"": [], ""<class 'abc.NT_0007_P_00001'>"": [], ""<class 'abc.NT_0004'>"": [0, 0, 0, 0, 0, 34304], ""<class 'abc.NT_0004_P_00000'>"": [], ""<class 'abc.NT_0004_P_00001'>"": [], ""<class 'abc.NT_0010_P_00001'>"": [], ""<class 'abc.NT_0008'>"": [], ""<class 'abc.NT_0008_P_00000'>"": [], ""<class 'abc.NT_0010_P_00002'>"": [], ""<class 'abc.NT_0005'>"": [], ""<class 'abc.NT_0005_P_00000'>"": [], ""<class 'abc.NT_0005_P_00001'>"": [], ""<class 'abc.NT_0009'>"": [3, 3491], ""<class 'abc.NT_0009_P_00000'>"": [], ""<class 'abc.NT_0009_P_00001'>"": [], ""<class 'abc.NT_0006'>"": [], ""<class 'abc.NT_0006_P_00000'>"": [], ""<class 'abc.NT_0009_P_00002'>"": [], ""<class 'abc.NT_0009_P_00003'>"": [], ""<class 'abc.NT_0015_P_00002'>"": [], ""<class 'abc.NT_0015_P_00003'>"": [], ""<class 'abc.NT_0014'>"": [], ""<class 'abc.NT_0014_P_00000'>"": [], ""<class 'abc.NT_0014_P_00001'>"": [], ""<class 'abc.NT_0015_P_00004'>"": [], ""<class 'abc.NT_0017_P_00001'>"": [], ""<class 'abc.NT_0016'>"": [], ""<class 'abc.NT_0016_P_00000'>"": [], ""<class 'abc.NT_0016_P_00001'>"": [], ""<class 'abc.NT_0016_P_00002'>"": [], ""<class 'abc.NT_0017_P_00002'>"": [], '$leftovers': [62697, 11827, 70552, 85024, 10973, 54540, 11475, 22568, 54363, 80307, 98981, 76349, 32255, 15227, 94752, 84331, 16800, 52826, 1480, 58010, 85977, 83782, 20562, 38437, 45973, 59144, 95580, 62948, 56740, 73049, 47060, 352, 80312, 53075, 34163, 28668, 63764, 18371, 49352, 85586, 35766, 56405, 59473, 10576, 59231, 73555, 25155, 86701, 53270, 18795, 65483, 29613, 10401, 27939, 82283, 95574, 64443, 7890, 25887, 90081, 1985, 85118, 60092, 4001, 86702, 14105, 18788, 2288, 34150, 94862, 41039, 8230, 18984, 35119, 22115, 96457, 92640, 96445, 42617, 59091, 47066, 93024, 27691, 78900, 40501, 32908, 90004, 90726, 5114, 10686, 32146, 49211, 42018, 52829, 1321, 67304, 98773, 39447, 32606, 89175, 89715, 78399, 89884, 87211, 17571, 22129, 33112, 90589, 77318, 50935, 8276, 55426, 7985, 87751, 97319, 93557, 53592, 31628, 93896, 93366, 15766, 58659, 88060, 45265, 6843, 23464, 21200, 98665, 89077, 51359, 35834, 91114, 76802, 24755, 42392, 12384, 66807, 62818, 32683, 78381, 57944, 40948, 66781, 80148, 64673, 37327, 36296, 94989, 20603, 9755, 18760, 45380, 17708, 97651, 95791, 25889, 42214, 99203, 18861, 31146, 66444, 57229, 55483, 39480, 27096, 57533, 87116, 54443, 69882, 71471, 50529, 74099, 57707, 38230, 58828, 74328, 49912, 90519, 12105, 80338, 41259, 56429, 71422, 77068, 44111, 60728, 54524, 51381, 12452, 1167, 11735, 14565, 56150, 5688, 70951, 10678, 95598, 98782, 33429, 42386, 38821, 11784, 53860, 5164, 59440, 13102, 61869, 75502, 40402, 15687, 98575, 59381, 11215, 29723, 62305, 91762, 53767, 57327, 61203, 89258, 59088, 12544, 66754, 17883, 38220, 4237, 38889, 46958, 38899, 55768, 51829, 93149, 98555, 27307, 80400, 42422, 54366, 3876, 60798, 66477, 69399, 80571, 36359, 89442, 29133, 44332, 6592, 12790, 39581, 10158, 71456, 50203, 41826, 28901, 89554, 62834, 17996, 19210, 28725, 36171, 42666, 57809, 40590, 62663, 92083, 67144, 94263, 44876, 38864, 43414, 1889, 19503, 68577, 76412, 6685, 44932, 98973, 64027, 45984, 54594, 32842, 7625, 61410, 59503, 92933, 71711, 16301, 26384, 51779, 44873, 9508, 19804, 61027, 20867, 69222, 43866, 31104, 87393, 13725, 90935, 53556, 83661, 74907, 1610, 89544, 32628, 6863, 67170, 12774, 12688, 8497, 90448, 20517, 33604, 9034, 33126, 59390, 13499, 34494, 9310, 72844, 44406, 15696, 68016, 93294, 20888, 47730, 75366, 94184, 70038, 18980, 32646, 15190, 68938, 53140, 18359, 87035, 65795, 84856, 50166, 79258, 22676, 80489, 50015, 8709, 5909, 31769, 66561, 2436, 52688, 35372, 52632, 5482, 93061, 31800, 77811, 2901, 4741, 33699, 20799, 52869, 82775, 42468, 57482, 54709, 36969, 36887, 41932, 73801, 38346, 21785, 78967, 38518, 25570, 32195, 0, 33534, 11082, 68894, 75401, 61716, 56278, 98692, 68936, 60731, 63588, 28029, 43072, 55566, 42476, 59053, 56340, 6054, 44217, 66262, 37453, 21369, 98513, 94963, 59954, 17085, 54903, 85986, 93899, 54119, 5544, 26880, 32654, 55844, 25131, 54095, 92302, 98785, 67967, 12268, 45616, 10171, 91829, 5031, 17026, 63749, 35766, 76979, 19919, 91131, 73083, 38225, 36254, 38375, 11228, 68305, 60932, 48862, 27174, 26492, 77901, 50393, 40828, 63453, 60775, 58925, 2773, 34284, 81257, 28521, 71881, 17987, 3656, 69284, 56170, 51906, 68548, 57657, 6694, 72215, 94395, 27042, 21467, 6562, 67463, 38132, 55932, 86778, 95687, 18631, 27259, 91090, 51230, 47648, 25497, 12270, 7404, 40012, 41807, 94965, 46464, 68625, 2533, 77132, 50767, 78157, 80968, 66834, 38656, 43416, 89891, 4918, 92374, 82519, 87861, 55068, 80802, 12837, 36142, 75906, 92873, 73548, 54540, 83293, 63859, 17604, 75095, 26920, 24775, 11076, 10191, 96882, 21916, 4261, 20474, 69768, 44169, 20094, 15654, 91234, 26750, 27508, 19246, 53774, 45552, 86642, 86993, 41567, 96443, 68418, 75892, 21552, 99989, 5103, 43500, 12023, 14451, 55091, 99263, 67776, 17592, 65118, 79132, 72971, 6551, 22594, 26014, 50967, 27391, 12794, 32049, 9355, 31378, 10626, 81496, 40999, 73725, 37624, 6017, 1481, 51381, 24133, 59725, 50777, 26350, 2515, 72119, 25019, 84585, 62926, 25260, 64890, 92687, 63859, 39785, 13614, 59798, 90467, 11398, 24201, 71086, 26217, 48038, 38192, 48884, 99079, 81370, 54115, 77445, 25752, 23660, 19961, 41973, 55675, 53702, 7602, 33496, 80813, 25422, 92626, 36257, 10411, 89154, 79404, 2373, 17604, 16169, 16526, 78848, 38105, 31569, 67314, 98643, 29930, 9157, 30411, 37463, 18132, 83047, 64976, 97425, 86660, 39783, 46505, 99516, 94245, 9584, 68771, 78435, 68033, 16147, 82547, 47325, 3828, 58789, 8940, 89307, 12866, 51854, 69887, 38640, 83914, 93094, 35528, 51891, 6676, 14187, 69387, 23298, 38742, 24595, 42467, 90288, 70947, 88620, 77055, 68574, 96005, 61885, 2205, 59518, 52220, 57973, 66419, 76013, 40215, 65610, 52662, 20382, 83743, 98637, 19941, 59897, 20431, 51437, 77306, 67522, 45411, 77055, 27907, 98743, 13960, 61399, 9536, 81075, 98688, 46899, 29321, 94110, 59532, 73470, 21667, 92506, 89384, 29515, 92323, 4700, 87696, 52846, 11434, 75251, 83807, 88884, 96224, 14319, 52283, 5614, 17159, 68297, 90279, 69456, 24039, 35011, 97443, 39767, 95697, 83601, 82839, 23930, 46143, 38245, 15313, 53657, 90563, 51388, 85335, 4676, 62794, 94615, 73294, 56671, 50052, 44627, 11793, 76042, 16497, 33918, 60059, 32059, 4602, 28264, 34341, 33056, 77867, 13535, 41598, 22085, 95911, 96066, 62969, 57625, 31466, 16477, 41578, 18623, 25142, 34388, 71448, 1777, 12415, 74825, 34814, 99451, 23461, 79554, 78282, 26878, 41648, 22945, 96803, 74618, 22081, 55337, 26366, 49052, 45699, 95055, 98443, 82938, 45469, 68187, 49340, 71569, 54534, 40938, 95307, 70341, 36024, 9636, 63745, 5625, 49525, 50597, 41620, 5808, 62553, 85996, 81535, 1104, 32322, 89386, 35890, 31448, 53292, 31854, 22332, 90866, 11594, 30694, 87811, 67897, 66396, 31972, 74992, 60699, 17240, 70917, 78840, 83005, 32422, 35267, 85939, 77837, 93836, 42115, 15026, 32885, 58680, 84717, 77429, 62798, 92924, 38162, 93116, 34244, 82749, 7515, 95050, 20120, 47314, 3297, 3074, 87358, 15191, 98823, 43219, 81580, 82587, 27969, 53908, 78443, 4960, 39175, 74050, 9978, 56824, 94230, 67715, 85630, 54944, 1781, 41221, 73089, 1616, 42616, 63140, 54739, 92298, 33361, 89581, 89096, 76205, 56391, 16475, 6350, 95829, 95820, 93596, 56765, 33242, 39076, 8208, 6120, 17282, 20121, 43316, 39702, 33182, 8095, 83225, 55515, 13897, 4293, 19712, 77767, 78668, 22910, 64628, 4165, 7853, 64403, 94382, 12034, 33675, 86554, 97862, 94688, 7373, 99787, 43592, 59449, 26846, 73868, 98828, 97843, 40730, 11517, 52765, 816, 866, 49745, 35138, 54836, 41205, 68750, 66890, 61513, 30642, 74375, 69658, 79001, 70048, 14836, 84299, 83503, 14855, 20269, 14608, 58971, 90006, 767, 91056, 17878, 90899, 81131, 65476, 37947, 81642, 53380, 76168, 59877, 21461, 20741, 28243, 10397, 80155, 71148, 79133, 28476, 34452, 36953, 31126, 41155, 11753, 6105, 87064, 85655, 18284, 78078, 84526, 50138, 91093, 43849, 51634, 52447, 25683, 49020, 30797, 87069, 69916, 10793, 69998, 21566, 75179, 19815, 29890, 59861, 53050, 65625, 60627, 76640, 11085, 66672, 93453, 20649, 42782, 71712, 49784, 14509, 69618, 3491, 34304, 12521, 13525, 7229]})"
55.0,8,8,30,8.286023378372192,10113,"Genotype(dna={""<class 'abc.NT_0017'>"": [0, 14509], ""<class 'abc.NT_0017_P_00000'>"": [], ""<class 'abc.NT_0015'>"": [4, 69618], ""<class 'abc.NT_0015_P_00000'>"": [], ""<class 'abc.NT_0000'>"": [], ""<class 'abc.NT_0000_P_00000'>"": [], ""<class 'bool'>"": [], ""<class 'abc.NT_0000_P_00001'>"": [], ""<class 'int'>"": [56964, 7229], ""<class 'abc.NT_0000_P_00002'>"": [], ""<class 'abc.NT_0000_P_00003'>"": [], ""<class 'abc.NT_0015_P_00001'>"": [], ""<class 'abc.NT_0010'>"": [], ""<class 'abc.NT_0010_P_00000'>"": [], ""<class 'abc.NT_0007'>"": [], ""<class 'abc.NT_0007_P_00000'>"": [], ""<class 'abc.NT_0003'>"": [], ""<class 'abc.NT_0003_P_00000'>"": [], ""<class 'abc.NT_0002'>"": [0, 13525], ""<class 'abc.NT_0002_P_00000'>"": [], ""<class 'abc.NT_0002_P_00001'>"": [], ""<class 'abc.NT_0001'>"": [0, 12521], ""<class 'abc.NT_0001_P_00000'>"": [], ""<class 'abc.NT_0001_P_00001'>"": [], ""<class 'abc.NT_0001_P_00002'>"": [], ""<class 'abc.NT_0001_P_00003'>"": [], ""<class 'abc.NT_0001_P_00004'>"": [], ""<class 'abc.NT_0002_P_00002'>"": [], ""<class 'abc.NT_0002_P_00003'>"": [], ""<class 'abc.NT_0003_P_00001'>"": [], ""<class 'abc.NT_0003_P_00002'>"": [], ""<class 'abc.NT_0003_P_00003'>"": [], ""<class 'abc.NT_0007_P_00001'>"": [], ""<class 'abc.NT_0004'>"": [0, 0, 0, 0, 0, 34304], ""<class 'abc.NT_0004_P_00000'>"": [], ""<class 'abc.NT_0004_P_00001'>"": [], ""<class 'abc.NT_0010_P_00001'>"": [], ""<class 'abc.NT_0008'>"": [], ""<class 'abc.NT_0008_P_00000'>"": [], ""<class 'abc.NT_0010_P_00002'>"": [], ""<class 'abc.NT_0005'>"": [], ""<class 'abc.NT_0005_P_00000'>"": [], ""<class 'abc.NT_0005_P_00001'>"": [], ""<class 'abc.NT_0009'>"": [3, 3491], ""<class 'abc.NT_0009_P_00000'>"": [], ""<class 'abc.NT_0009_P_00001'>"": [], ""<class 'abc.NT_0006'>"": [], ""<class 'abc.NT_0006_P_00000'>"": [], ""<class 'abc.NT_0009_P_00002'>"": [], ""<class 'abc.NT_0009_P_00003'>"": [], ""<class 'abc.NT_0015_P_00002'>"": [], ""<class 'abc.NT_0015_P_00003'>"": [], ""<class 'abc.NT_0014'>"": [], ""<class 'abc.NT_0014_P_00000'>"": [], ""<class 'abc.NT_0014_P_00001'>"": [], ""<class 'abc.NT_0015_P_00004'>"": [], ""<class 'abc.NT_0017_P_00001'>"": [], ""<class 'abc.NT_0016'>"": [], ""<class 'abc.NT_0016_P_00000'>"": [], ""<class 'abc.NT_0016_P_00001'>"": [], ""<class 'abc.NT_0016_P_00002'>"": [], ""<class 'abc.NT_0017_P_00002'>"": [], '$leftovers': [62697, 11827, 70552, 85024, 10973, 54540, 11475, 22568, 54363, 80307, 98981, 76349, 32255, 15227, 94752, 84331, 16800, 52826, 1480, 58010, 85977, 83782, 20562, 38437, 45973, 59144, 95580, 62948, 56740, 73049, 47060, 352, 80312, 53075, 34163, 28668, 63764, 18371, 49352, 85586, 35766, 56405, 59473, 10576, 59231, 73555, 25155, 86701, 53270, 18795, 65483, 29613, 10401, 27939, 82283, 95574, 64443, 7890, 25887, 90081, 1985, 85118, 60092, 4001, 86702, 14105, 18788, 2288, 34150, 94862, 41039, 8230, 18984, 35119, 22115, 96457, 92640, 96445, 42617, 59091, 47066, 93024, 27691, 78900, 40501, 32908, 90004, 90726, 5114, 10686, 32146, 49211, 42018, 52829, 1321, 67304, 98773, 39447, 32606, 89175, 89715, 78399, 89884, 87211, 17571, 22129, 33112, 90589, 77318, 50935, 8276, 55426, 7985, 87751, 97319, 93557, 53592, 31628, 93896, 93366, 15766, 58659, 88060, 45265, 6843, 23464, 21200, 98665, 89077, 51359, 35834, 91114, 76802, 24755, 42392, 12384, 66807, 62818, 32683, 78381, 57944, 40948, 66781, 80148, 64673, 37327, 36296, 94989, 20603, 9755, 18760, 45380, 17708, 97651, 95791, 25889, 42214, 99203, 18861, 31146, 66444, 57229, 55483, 39480, 27096, 57533, 87116, 54443, 69882, 71471, 50529, 74099, 57707, 38230, 58828, 74328, 49912, 90519, 12105, 80338, 41259, 56429, 71422, 77068, 44111, 60728, 54524, 51381, 12452, 1167, 11735, 14565, 56150, 5688, 70951, 10678, 95598, 98782, 33429, 42386, 38821, 11784, 53860, 5164, 59440, 13102, 61869, 75502, 40402, 15687, 98575, 59381, 11215, 29723, 62305, 91762, 53767, 57327, 61203, 89258, 59088, 12544, 66754, 17883, 38220, 4237, 38889, 46958, 38899, 55768, 51829, 93149, 98555, 27307, 80400, 42422, 54366, 3876, 60798, 66477, 69399, 80571, 36359, 89442, 29133, 44332, 6592, 12790, 39581, 10158, 71456, 50203, 41826, 28901, 89554, 62834, 17996, 19210, 28725, 36171, 42666, 57809, 40590, 62663, 92083, 67144, 94263, 44876, 38864, 43414, 1889, 19503, 68577, 76412, 6685, 44932, 98973, 64027, 45984, 54594, 32842, 7625, 61410, 59503, 92933, 71711, 16301, 26384, 51779, 44873, 9508, 19804, 61027, 20867, 69222, 43866, 31104, 87393, 13725, 90935, 53556, 83661, 74907, 1610, 89544, 32628, 6863, 67170, 12774, 12688, 8497, 90448, 20517, 33604, 9034, 33126, 59390, 13499, 34494, 9310, 72844, 44406, 15696, 68016, 93294, 20888, 47730, 75366, 94184, 70038, 18980, 32646, 15190, 68938, 53140, 18359, 87035, 65795, 84856, 50166, 79258, 22676, 80489, 50015, 8709, 5909, 31769, 66561, 2436, 52688, 35372, 52632, 5482, 93061, 31800, 77811, 2901, 4741, 33699, 20799, 52869, 82775, 42468, 57482, 54709, 36969, 36887, 41932, 73801, 38346, 21785, 78967, 38518, 25570, 32195, 0, 33534, 11082, 68894, 75401, 61716, 56278, 98692, 68936, 60731, 63588, 28029, 43072, 55566, 42476, 59053, 56340, 6054, 44217, 66262, 37453, 21369, 98513, 94963, 59954, 17085, 54903, 85986, 93899, 54119, 5544, 26880, 32654, 55844, 25131, 54095, 92302, 98785, 67967, 12268, 45616, 10171, 91829, 5031, 17026, 63749, 35766, 76979, 19919, 91131, 73083, 38225, 36254, 38375, 11228, 68305, 60932, 48862, 27174, 26492, 77901, 50393, 40828, 63453, 60775, 58925, 2773, 34284, 81257, 28521, 71881, 17987, 3656, 69284, 56170, 51906, 68548, 57657, 6694, 72215, 94395, 27042, 21467, 6562, 67463, 38132, 55932, 86778, 95687, 18631, 27259, 91090, 51230, 47648, 25497, 12270, 7404, 40012, 41807, 94965, 46464, 68625, 2533, 77132, 50767, 78157, 80968, 66834, 38656, 43416, 89891, 4918, 92374, 82519, 87861, 55068, 80802, 12837, 36142, 75906, 92873, 73548, 54540, 83293, 63859, 17604, 75095, 26920, 24775, 11076, 10191, 96882, 21916, 4261, 20474, 69768, 44169, 20094, 15654, 91234, 26750, 27508, 19246, 53774, 45552, 86642, 86993, 41567, 96443, 68418, 75892, 21552, 99989, 5103, 43500, 12023, 14451, 55091, 99263, 67776, 17592, 65118, 79132, 72971, 6551, 22594, 26014, 50967, 27391, 12794, 32049, 9355, 31378, 10626, 81496, 40999, 73725, 37624, 6017, 1481, 51381, 24133, 59725, 50777, 26350, 2515, 72119, 25019, 84585, 62926, 25260, 64890, 92687, 63859, 39785, 13614, 59798, 90467, 11398, 24201, 71086, 26217, 48038, 38192, 48884, 99079, 81370, 54115, 77445, 25752, 23660, 19961, 41973, 55675, 53702, 7602, 33496, 80813, 25422, 92626, 36257, 10411, 89154, 79404, 2373, 17604, 16169, 16526, 78848, 38105, 31569, 67314, 98643, 29930, 9157, 30411, 37463, 18132, 83047, 64976, 97425, 86660, 39783, 46505, 99516, 94245, 9584, 68771, 78435, 68033, 16147, 82547, 47325, 3828, 58789, 8940, 89307, 12866, 51854, 69887, 38640, 83914, 93094, 35528, 51891, 6676, 14187, 69387, 23298, 38742, 24595, 42467, 90288, 70947, 88620, 77055, 68574, 96005, 61885, 2205, 59518, 52220, 57973, 66419, 76013, 40215, 65610, 52662, 20382, 83743, 98637, 19941, 59897, 20431, 51437, 77306, 67522, 45411, 77055, 27907, 98743, 13960, 61399, 9536, 81075, 98688, 46899, 29321, 94110, 59532, 73470, 21667, 92506, 89384, 29515, 92323, 4700, 87696, 52846, 11434, 75251, 83807, 88884, 96224, 14319, 52283, 5614, 17159, 68297, 90279, 69456, 24039, 35011, 97443, 39767, 95697, 83601, 82839, 23930, 46143, 38245, 15313, 53657, 90563, 51388, 85335, 4676, 62794, 94615, 73294, 56671, 50052, 44627, 11793, 76042, 16497, 33918, 60059, 32059, 4602, 28264, 34341, 33056, 77867, 13535, 41598, 22085, 95911, 96066, 62969, 57625, 31466, 16477, 41578, 18623, 25142, 34388, 71448, 1777, 12415, 74825, 34814, 99451, 23461, 79554, 78282, 26878, 41648, 22945, 96803, 74618, 22081, 55337, 26366, 49052, 45699, 95055, 98443, 82938, 45469, 68187, 49340, 71569, 54534, 40938, 95307, 70341, 36024, 9636, 63745, 5625, 49525, 50597, 41620, 5808, 62553, 85996, 81535, 1104, 32322, 89386, 35890, 31448, 53292, 31854, 22332, 90866, 11594, 30694, 87811, 67897, 66396, 31972, 74992, 60699, 17240, 70917, 78840, 83005, 32422, 35267, 85939, 77837, 93836, 42115, 15026, 32885, 58680, 84717, 77429, 62798, 92924, 38162, 93116, 34244, 82749, 7515, 95050, 20120, 47314, 3297, 3074, 87358, 15191, 98823, 43219, 81580, 82587, 27969, 53908, 78443, 4960, 39175, 74050, 9978, 56824, 94230, 67715, 85630, 54944, 1781, 41221, 73089, 1616, 42616, 63140, 54739, 92298, 33361, 89581, 89096, 76205, 56391, 16475, 6350, 95829, 95820, 93596, 56765, 33242, 39076, 8208, 6120, 17282, 20121, 43316, 39702, 33182, 8095, 83225, 55515, 13897, 4293, 19712, 77767, 78668, 22910, 64628, 4165, 7853, 64403, 94382, 12034, 33675, 86554, 97862, 94688, 7373, 99787, 43592, 59449, 26846, 73868, 98828, 97843, 40730, 11517, 52765, 816, 866, 49745, 35138, 54836, 41205, 68750, 66890, 61513, 30642, 74375, 69658, 79001, 70048, 14836, 84299, 83503, 14855, 20269, 14608, 58971, 90006, 767, 91056, 17878, 90899, 81131, 65476, 37947, 81642, 53380, 76168, 59877, 21461, 20741, 28243, 10397, 80155, 71148, 79133, 28476, 34452, 36953, 31126, 41155, 11753, 6105, 87064, 85655, 18284, 78078, 84526, 50138, 91093, 43849, 51634, 52447, 25683, 49020, 30797, 87069, 69916, 10793, 69998, 21566, 75179, 19815, 29890, 59861, 53050, 65625, 60627, 76640, 11085, 66672, 93453, 20649, 42782, 71712, 49784, 14509, 69618, 3491, 34304, 12521, 13525, 7229]})"
49.0,6,7,31,8.453433513641357,10113,"Genotype(dna={""<class 'abc.NT_0017'>"": [0, 95796], ""<class 'abc.NT_0017_P_00000'>"": [], ""<class 'abc.NT_0015'>"": [59754, 18526], ""<class 'abc.NT_0015_P_00000'>"": [], ""<class 'abc.NT_0000'>"": [3, 0, 68658, 75248], ""<class 'abc.NT_0000_P_00000'>"": [], ""<class 'bool'>"": [86460, 41233, 75986, 25993, 82631, 61562, 27230, 83215], ""<class 'abc.NT_0000_P_00001'>"": [], ""<class 'int'>"": [24381, 89850, 80314], ""<class 'abc.NT_0000_P_00002'>"": [], ""<class 'abc.NT_0000_P_00003'>"": [], ""<class 'abc.NT_0015_P_00001'>"": [], ""<class 'abc.NT_0010'>"": [], ""<class 'abc.NT_0010_P_00000'>"": [], ""<class 'abc.NT_0007'>"": [], ""<class 'abc.NT_0007_P_00000'>"": [], ""<class 'abc.NT_0003'>"": [], ""<class 'abc.NT_0003_P_00000'>"": [], ""<class 'abc.NT_0002'>"": [0, 57900], ""<class 'abc.NT_0002_P_00000'>"": [], ""<class 'abc.NT_0002_P_00001'>"": [], ""<class 'abc.NT_0001'>"": [75691, 12521], ""<class 'abc.NT_0001_P_00000'>"": [], ""<class 'abc.NT_0001_P_00001'>"": [], ""<class 'abc.NT_0001_P_00002'>"": [], ""<class 'abc.NT_0001_P_00003'>"": [], ""<class 'abc.NT_0001_P_00004'>"": [], ""<class 'abc.NT_0002_P_00002'>"": [], ""<class 'abc.NT_0002_P_00003'>"": [], ""<class 'abc.NT_0003_P_00001'>"": [], ""<class 'abc.NT_0003_P_00002'>"": [], ""<class 'abc.NT_0003_P_00003'>"": [], ""<class 'abc.NT_0007_P_00001'>"": [], ""<class 'abc.NT_0004'>"": [98894, 37727, 83338, 72810, 24459, 29916], ""<class 'abc.NT_0004_P_00000'>"": [], ""<class 'abc.NT_0004_P_00001'>"": [], ""<class 'abc.NT_0010_P_00001'>"": [], ""<class 'abc.NT_0008'>"": [], ""<class 'abc.NT_0008_P_00000'>"": [], ""<class 'abc.NT_0010_P_00002'>"": [], ""<class 'abc.NT_0005'>"": [], ""<class 'abc.NT_0005_P_00000'>"": [], ""<class 'abc.NT_0005_P_00001'>"": [], ""<class 'abc.NT_0009'>"": [72027, 59963], ""<class 'abc.NT_0009_P_00000'>"": [], ""<class 'abc.NT_0009_P_00001'>"": [], ""<class 'abc.NT_0006'>"": [], ""<class 'abc.NT_0006_P_00000'>"": [], ""<class 'abc.NT_0009_P_00002'>"": [], ""<class 'abc.NT_0009_P_00003'>"": [], ""<class 'abc.NT_0015_P_00002'>"": [], ""<class 'abc.NT_0015_P_00003'>"": [], ""<class 'abc.NT_0014'>"": [], ""<class 'abc.NT_0014_P_00000'>"": [], ""<class 'abc.NT_0014_P_00001'>"": [], ""<class 'abc.NT_0015_P_00004'>"": [], ""<class 'abc.NT_0017_P_00001'>"": [], ""<class 'abc.NT_0016'>"": [], ""<class 'abc.NT_0016_P_00000'>"": [], ""<class 'abc.NT_0016_P_00001'>"": [], ""<class 'abc.NT_0016_P_00002'>"": [], ""<class 'abc.NT_0017_P_00002'>"": [], '$leftovers': [60404, 57587, 20000, 54340, 26317, 6481, 50799, 53366, 57672, 15437, 41470, 43194, 76280, 53058, 16632, 24951, 11647, 20336, 85920, 79178, 86726, 29687, 35122, 19936, 77951, 52918, 77202, 86811, 49977, 33989, 62146, 44283, 86282, 53235, 34529, 93786, 26995, 59308, 96804, 32075, 89268, 17705, 44065, 20964, 70557, 41228, 50394, 73244, 80589, 89878, 70093, 13531, 33497, 2118, 78177, 32452, 6202, 17781, 36111, 70983, 16310, 50605, 68444, 59396, 2989, 86690, 65815, 89541, 4173, 66353, 83209, 87572, 36004, 564, 32908, 7913, 59000, 95465, 92810, 87181, 4723, 71261, 90499, 32785, 42988, 8818, 96196, 25382, 42871, 28094, 74450, 1798, 9925, 29165, 11964, 72226, 30190, 2543, 47952, 6757, 23982, 21833, 84542, 51070, 20362, 47872, 63420, 54664, 2566, 11695, 6523, 29859, 6201, 70774, 77659, 84464, 78867, 27667, 69385, 65140, 36605, 7012, 1250, 28942, 20757, 68110, 13812, 73414, 97476, 48447, 65592, 47550, 63325, 56635, 41252, 76420, 8978, 72071, 1937, 52721, 11586, 95378, 12603, 22711, 7770, 30975, 43951, 55031, 2794, 31555, 40143, 45735, 26934, 973, 11552, 95654, 8346, 61470, 70413, 10371, 43200, 65213, 34376, 43681, 71623, 66363, 61726, 96882, 59629, 26130, 46919, 32533, 16075, 75983, 81859, 16243, 8366, 15261, 18908, 62350, 61492, 83170, 50893, 81836, 3003, 93817, 66605, 40524, 65446, 28020, 1863, 725, 71665, 25810, 44842, 73472, 41194, 64753, 52869, 28406, 39260, 71021, 44544, 65259, 40879, 61260, 45447, 45201, 3321, 71834, 91841, 85944, 94448, 53777, 52512, 8549, 49201, 19980, 24764, 94536, 5157, 97859, 66443, 89316, 95801, 13183, 85710, 46447, 35334, 77529, 59421, 81195, 9851, 45065, 1228, 86952, 32820, 60942, 12527, 2701, 43832, 81092, 19751, 59457, 23812, 97339, 11061, 65182, 36676, 27888, 43573, 78010, 73786, 42822, 94936, 73010, 77609, 10163, 63290, 27012, 14424, 18531, 84803, 64958, 43258, 85321, 82524, 12515, 71837, 58848, 55036, 90390, 48542, 50684, 67693, 63530, 31868, 23633, 21579, 6184, 53131, 21002, 64832, 92053, 7184, 69006, 35823, 8901, 37893, 51534, 12913, 22446, 26285, 70255, 27641, 21932, 83656, 66575, 48694, 39512, 17613, 54185, 98358, 36273, 43014, 10733, 45136, 56634, 51849, 94288, 26786, 42387, 35475, 24444, 8118, 49485, 81714, 83778, 89561, 8738, 52024, 58874, 72716, 42311, 25454, 87595, 81934, 17964, 61433, 19494, 83691, 27415, 37037, 93113, 43616, 52964, 48333, 56234, 18241, 27411, 16419, 52538, 26653, 9839, 74465, 52527, 80201, 79630, 1840, 83276, 82109, 32792, 12949, 92039, 43765, 36272, 54630, 58463, 7943, 38328, 97833, 45183, 91200, 15929, 47964, 40561, 81809, 14276, 39018, 78090, 20469, 86063, 44225, 33166, 87717, 85524, 97465, 83919, 30571, 47291, 11687, 54825, 46134, 8685, 78917, 38709, 83964, 2221, 51487, 86847, 14005, 89651, 45410, 32614, 24838, 40258, 99135, 55054, 4969, 96553, 24382, 92307, 81538, 18598, 31340, 57241, 99094, 6002, 7419, 86820, 42779, 11869, 72254, 27411, 31840, 79401, 73664, 91511, 29301, 88737, 56727, 37464, 71958, 69508, 25388, 4807, 91309, 55535, 78168, 94902, 31655, 46027, 94454, 40509, 42451, 1052, 68891, 6541, 61185, 60171, 90386, 32613, 13324, 92786, 63265, 21684, 48267, 73039, 43664, 60352, 52907, 44675, 95496, 2418, 7997, 69656, 52682, 3534, 62641, 94861, 67850, 67794, 22721, 46227, 31666, 8747, 35366, 39868, 7244, 91381, 38982, 77500, 57926, 64111, 61778, 4991, 50703, 56802, 29847, 58359, 95807, 95068, 83415, 81616, 76533, 71507, 98373, 2134, 16453, 78850, 30462, 46604, 89830, 21706, 86295, 8595, 79105, 19655, 43131, 3478, 75436, 73052, 71062, 31739, 45697, 16052, 87826, 33911, 8138, 66268, 4656, 40763, 97630, 99868, 91639, 2772, 58917, 49516, 46748, 20804, 59466, 99872, 25910, 53332, 38030, 78030, 73087, 32427, 25656, 22734, 86384, 91610, 214, 58585, 43431, 32734, 17757, 39750, 16177, 71705, 51831, 42392, 85543, 6696, 8045, 46570, 30940, 78199, 29592, 24154, 78765, 84514, 86057, 90538, 96392, 38901, 72898, 62612, 33489, 59571, 82991, 44920, 37691, 1121, 94492, 51499, 82069, 28888, 14310, 88903, 84118, 10546, 30703, 78344, 91528, 40853, 4171, 4336, 52942, 23065, 9391, 86682, 8024, 19625, 91371, 66707, 17488, 10058, 52363, 62581, 72253, 66959, 9752, 13742, 86275, 76334, 53755, 50348, 61297, 71442, 60130, 43371, 96139, 17674, 23526, 15019, 82578, 51684, 64820, 51041, 4364, 44980, 70927, 4192, 97078, 91706, 68350, 77970, 42423, 59117, 98713, 81658, 5742, 16489, 29002, 42948, 22071, 91882, 87587, 87335, 92995, 94276, 73117, 79084, 6387, 11821, 92270, 39525, 34375, 79523, 78948, 53831, 62075, 20954, 96006, 36604, 39077, 58604, 29341, 89780, 20577, 57898, 43874, 87854, 39253, 63110, 39371, 19091, 10078, 61402, 86956, 2706, 6459, 53395, 56986, 73952, 14732, 36024, 78732, 78176, 77392, 90109, 7387, 46633, 28051, 78533, 47690, 10143, 69800, 44745, 15386, 78043, 85757, 67383, 85811, 74336, 6202, 10109, 54780, 811, 76576, 77040, 49169, 96682, 92835, 45041, 1842, 65528, 34016, 83474, 14013, 27202, 66335, 44499, 370, 21730, 52896, 71182, 85991, 39160, 40902, 55926, 35512, 75736, 13601, 92189, 77065, 84092, 98012, 48127, 11588, 90917, 67209, 11527, 94121, 43713, 79943, 21649, 81567, 58642, 44906, 74680, 40034, 91400, 63001, 5213, 55104, 32747, 93307, 38861, 27986, 4842, 71222, 96204, 50490, 41376, 83189, 378, 48774, 92287, 2703, 84308, 62388, 24134, 92282, 90947, 61816, 96517, 93801, 12248, 42612, 36596, 34402, 48549, 64887, 18886, 20656, 39553, 90994, 50931, 61171, 97927, 2047, 85741, 60257, 56686, 62824, 95036, 97774, 26512, 32213, 24226, 39119, 9190, 40253, 35323, 71271, 90577, 44, 70979, 92296, 59388, 78444, 59936, 61842, 18317, 14104, 74209, 24390, 30917, 86127, 98120, 80417, 53683, 4088, 22491, 83407, 32889, 33182, 90125, 68253, 63599, 54457, 91265, 92333, 23178, 96129, 44767, 46114, 84454, 73652, 77970, 9354, 12847, 74690, 31643, 71792, 72701, 44459, 13482, 2404, 79190, 44599, 39581, 83762, 38122, 78181, 85472, 89495, 96088, 45750, 12132, 86111, 9109, 84610, 44138, 65151, 75159, 7903, 24327, 23796, 27486, 76491, 91005, 62756, 8359, 39827, 37498, 88884, 69064, 88341, 83620, 5172, 25162, 12655, 35222, 43042, 31508, 95614, 11871, 72016, 12050, 46298, 82757, 50191, 22398, 65305, 63983, 69826, 58709, 70825, 19588, 82568, 42327, 11142, 71395, 10520, 43850, 12080, 34833, 59211, 82355, 44790, 14277, 94119, 99751, 55723, 66045, 65818, 52492, 28845, 77469, 6552, 85250, 81990, 20182, 31757, 24256, 8564, 51246, 18916, 38412, 36848, 69380, 96252, 20867, 86440, 12168, 57866, 16845, 44507, 27280, 78684, 72618, 39882, 21960, 75878, 24632, 3639, 77549, 1172, 17919, 43076, 60918, 7295, 36117, 78965, 29935, 36303, 38772, 34652, 92292, 20532, 49163, 23139, 14852, 2419, 94945, 10473, 58389, 87817, 18164, 62277, 68791, 13348, 73330, 36876, 65334, 21264, 45823, 48913, 66448, 45681, 76227, 3298, 19245, 15292, 74225, 2081, 12669, 14545, 37361, 93452, 1880, 79845, 47996, 3938, 92890, 66904, 15377, 35288, 80314, 59754, 72027, 85560, 13002, 79410, 60381, 36834, 26822, 18526, 4275, 21261, 76951, 98894, 44292, 83338, 72810, 24459, 48197]})"
48.0,6,7,32,8.630480527877808,10113,"Genotype(dna={""<class 'abc.NT_0017'>"": [0, 91624], ""<class 'abc.NT_0017_P_00000'>"": [], ""<class 'abc.NT_0015'>"": [59754, 18526], ""<class 'abc.NT_0015_P_00000'>"": [], ""<class 'abc.NT_0000'>"": [3, 0, 68658, 75248], ""<class 'abc.NT_0000_P_00000'>"": [], ""<class 'bool'>"": [86460, 41233, 75986, 25993, 82631, 61562, 27230, 83215], ""<class 'abc.NT_0000_P_00001'>"": [], ""<class 'int'>"": [24381, 89850, 80314, 60404], ""<class 'abc.NT_0000_P_00002'>"": [], ""<class 'abc.NT_0000_P_00003'>"": [], ""<class 'abc.NT_0015_P_00001'>"": [], ""<class 'abc.NT_0010'>"": [], ""<class 'abc.NT_0010_P_00000'>"": [], ""<class 'abc.NT_0007'>"": [], ""<class 'abc.NT_0007_P_00000'>"": [], ""<class 'abc.NT_0003'>"": [], ""<class 'abc.NT_0003_P_00000'>"": [], ""<class 'abc.NT_0002'>"": [0, 15377], ""<class 'abc.NT_0002_P_00000'>"": [], ""<class 'abc.NT_0002_P_00001'>"": [], ""<class 'abc.NT_0001'>"": [36432, 14518, 2, 43884, 40571], ""<class 'abc.NT_0001_P_00000'>"": [], ""<class 'abc.NT_0001_P_00001'>"": [], ""<class 'abc.NT_0001_P_00002'>"": [], ""<class 'abc.NT_0001_P_00003'>"": [], ""<class 'abc.NT_0001_P_00004'>"": [], ""<class 'abc.NT_0002_P_00002'>"": [], ""<class 'abc.NT_0002_P_00003'>"": [], ""<class 'abc.NT_0003_P_00001'>"": [], ""<class 'abc.NT_0003_P_00002'>"": [], ""<class 'abc.NT_0003_P_00003'>"": [], ""<class 'abc.NT_0007_P_00001'>"": [], ""<class 'abc.NT_0004'>"": [93479, 30197, 83338, 72810, 24459, 48197], ""<class 'abc.NT_0004_P_00000'>"": [], ""<class 'abc.NT_0004_P_00001'>"": [], ""<class 'abc.NT_0010_P_00001'>"": [], ""<class 'abc.NT_0008'>"": [], ""<class 'abc.NT_0008_P_00000'>"": [], ""<class 'abc.NT_0010_P_00002'>"": [], ""<class 'abc.NT_0005'>"": [], ""<class 'abc.NT_0005_P_00000'>"": [], ""<class 'abc.NT_0005_P_00001'>"": [], ""<class 'abc.NT_0009'>"": [72027, 4275], ""<class 'abc.NT_0009_P_00000'>"": [], ""<class 'abc.NT_0009_P_00001'>"": [], ""<class 'abc.NT_0006'>"": [], ""<class 'abc.NT_0006_P_00000'>"": [], ""<class 'abc.NT_0009_P_00002'>"": [], ""<class 'abc.NT_0009_P_00003'>"": [], ""<class 'abc.NT_0015_P_00002'>"": [], ""<class 'abc.NT_0015_P_00003'>"": [], ""<class 'abc.NT_0014'>"": [], ""<class 'abc.NT_0014_P_00000'>"": [], ""<class 'abc.NT_0014_P_00001'>"": [], ""<class 'abc.NT_0015_P_00004'>"": [], ""<class 'abc.NT_0017_P_00001'>"": [], ""<class 'abc.NT_0016'>"": [], ""<class 'abc.NT_0016_P_00000'>"": [], ""<class 'abc.NT_0016_P_00001'>"": [], ""<class 'abc.NT_0016_P_00002'>"": [], ""<class 'abc.NT_0017_P_00002'>"": [], '$leftovers': [57587, 20000, 54340, 26317, 6481, 50799, 53366, 57672, 15437, 41470, 43194, 76280, 53058, 16632, 24951, 11647, 20336, 85920, 79178, 86726, 29687, 35122, 19936, 77951, 52918, 77202, 86811, 49977, 33989, 62146, 44283, 86282, 53235, 34529, 93786, 26995, 59308, 96804, 32075, 89268, 17705, 44065, 20964, 70557, 41228, 50394, 73244, 80589, 89878, 70093, 13531, 33497, 2118, 78177, 32452, 6202, 17781, 36111, 70983, 16310, 50605, 68444, 59396, 2989, 86690, 65815, 89541, 4173, 66353, 83209, 87572, 36004, 564, 32908, 7913, 59000, 95465, 92810, 87181, 4723, 71261, 90499, 32785, 42988, 8818, 96196, 25382, 42871, 28094, 74450, 1798, 9925, 29165, 11964, 72226, 30190, 2543, 47952, 6757, 23982, 21833, 84542, 51070, 20362, 47872, 63420, 54664, 2566, 11695, 6523, 29859, 6201, 70774, 77659, 84464, 78867, 27667, 69385, 65140, 36605, 7012, 1250, 28942, 20757, 68110, 13812, 73414, 97476, 48447, 65592, 47550, 63325, 56635, 41252, 76420, 8978, 72071, 1937, 52721, 11586, 95378, 12603, 22711, 7770, 30975, 43951, 55031, 2794, 31555, 40143, 45735, 26934, 973, 11552, 95654, 8346, 61470, 70413, 10371, 43200, 65213, 34376, 43681, 71623, 66363, 61726, 96882, 59629, 26130, 46919, 32533, 16075, 75983, 81859, 16243, 8366, 15261, 18908, 62350, 61492, 83170, 50893, 81836, 3003, 93817, 66605, 40524, 65446, 28020, 1863, 725, 71665, 25810, 44842, 73472, 41194, 64753, 52869, 28406, 39260, 71021, 44544, 65259, 40879, 61260, 45447, 45201, 3321, 71834, 91841, 85944, 94448, 53777, 52512, 8549, 49201, 19980, 24764, 94536, 5157, 97859, 66443, 89316, 95801, 13183, 85710, 46447, 35334, 77529, 59421, 81195, 9851, 45065, 1228, 86952, 32820, 60942, 12527, 2701, 43832, 81092, 19751, 59457, 23812, 97339, 11061, 65182, 36676, 27888, 43573, 78010, 73786, 42822, 94936, 73010, 77609, 10163, 63290, 27012, 14424, 18531, 84803, 64958, 43258, 85321, 82524, 12515, 71837, 58848, 55036, 90390, 48542, 50684, 67693, 63530, 31868, 23633, 21579, 6184, 53131, 21002, 64832, 92053, 7184, 69006, 35823, 8901, 37893, 51534, 12913, 22446, 26285, 70255, 27641, 21932, 83656, 66575, 48694, 39512, 17613, 54185, 98358, 36273, 43014, 10733, 45136, 56634, 51849, 94288, 26786, 42387, 35475, 24444, 8118, 49485, 81714, 83778, 89561, 8738, 52024, 58874, 72716, 42311, 25454, 87595, 81934, 17964, 61433, 19494, 83691, 27415, 37037, 93113, 43616, 52964, 48333, 56234, 18241, 27411, 16419, 52538, 26653, 9839, 74465, 52527, 80201, 79630, 1840, 83276, 82109, 32792, 12949, 92039, 43765, 36272, 54630, 58463, 7943, 38328, 97833, 45183, 91200, 15929, 47964, 40561, 81809, 14276, 39018, 78090, 20469, 86063, 44225, 33166, 87717, 85524, 97465, 83919, 30571, 47291, 11687, 54825, 46134, 8685, 78917, 38709, 83964, 2221, 51487, 86847, 14005, 89651, 45410, 32614, 24838, 40258, 99135, 55054, 4969, 96553, 24382, 92307, 81538, 18598, 31340, 57241, 99094, 6002, 7419, 86820, 42779, 11869, 72254, 27411, 31840, 79401, 73664, 91511, 29301, 88737, 56727, 37464, 71958, 69508, 25388, 4807, 91309, 55535, 78168, 94902, 31655, 46027, 94454, 40509, 42451, 1052, 68891, 6541, 61185, 60171, 90386, 32613, 13324, 92786, 63265, 21684, 48267, 73039, 43664, 60352, 52907, 44675, 95496, 2418, 7997, 69656, 52682, 3534, 62641, 94861, 67850, 67794, 22721, 46227, 31666, 8747, 35366, 39868, 7244, 91381, 38982, 77500, 57926, 64111, 61778, 4991, 50703, 56802, 29847, 58359, 95807, 95068, 83415, 81616, 76533, 71507, 98373, 2134, 16453, 78850, 30462, 46604, 89830, 21706, 86295, 8595, 79105, 19655, 43131, 3478, 75436, 73052, 71062, 31739, 45697, 16052, 87826, 33911, 8138, 66268, 4656, 40763, 97630, 99868, 91639, 2772, 58917, 49516, 46748, 20804, 59466, 99872, 25910, 53332, 38030, 78030, 73087, 32427, 25656, 22734, 86384, 91610, 214, 58585, 43431, 32734, 17757, 39750, 16177, 71705, 51831, 42392, 85543, 6696, 8045, 46570, 30940, 78199, 29592, 24154, 78765, 84514, 86057, 90538, 96392, 38901, 72898, 62612, 33489, 59571, 82991, 44920, 37691, 1121, 94492, 51499, 82069, 28888, 14310, 88903, 84118, 10546, 30703, 78344, 91528, 40853, 4171, 4336, 52942, 23065, 9391, 86682, 8024, 19625, 91371, 66707, 17488, 10058, 52363, 62581, 72253, 66959, 9752, 13742, 86275, 76334, 53755, 50348, 61297, 71442, 60130, 43371, 96139, 17674, 23526, 15019, 82578, 51684, 64820, 51041, 4364, 44980, 70927, 4192, 97078, 91706, 68350, 77970, 42423, 59117, 98713, 81658, 5742, 16489, 29002, 42948, 22071, 91882, 87587, 87335, 92995, 94276, 73117, 79084, 6387, 11821, 92270, 39525, 34375, 79523, 78948, 53831, 62075, 20954, 96006, 36604, 39077, 58604, 29341, 89780, 20577, 57898, 43874, 87854, 39253, 63110, 39371, 19091, 10078, 61402, 86956, 2706, 6459, 53395, 56986, 73952, 14732, 36024, 78732, 78176, 77392, 90109, 7387, 46633, 28051, 78533, 47690, 10143, 69800, 44745, 15386, 78043, 85757, 67383, 85811, 74336, 6202, 10109, 54780, 811, 76576, 77040, 49169, 96682, 92835, 45041, 1842, 65528, 34016, 83474, 14013, 27202, 66335, 44499, 370, 21730, 52896, 71182, 85991, 39160, 40902, 55926, 35512, 75736, 13601, 92189, 77065, 84092, 98012, 48127, 11588, 90917, 67209, 11527, 94121, 43713, 79943, 21649, 81567, 58642, 44906, 74680, 40034, 91400, 63001, 5213, 55104, 32747, 93307, 38861, 27986, 4842, 71222, 96204, 50490, 41376, 83189, 378, 48774, 92287, 2703, 84308, 62388, 24134, 92282, 90947, 61816, 96517, 93801, 12248, 42612, 36596, 34402, 48549, 64887, 18886, 20656, 39553, 90994, 50931, 61171, 97927, 2047, 85741, 60257, 56686, 62824, 95036, 97774, 26512, 32213, 24226, 39119, 9190, 40253, 35323, 71271, 90577, 44, 70979, 92296, 59388, 78444, 59936, 61842, 18317, 14104, 74209, 24390, 30917, 86127, 98120, 80417, 53683, 4088, 22491, 83407, 32889, 33182, 90125, 68253, 63599, 54457, 91265, 92333, 23178, 96129, 44767, 46114, 84454, 73652, 77970, 9354, 12847, 74690, 31643, 71792, 72701, 44459, 13482, 2404, 79190, 44599, 39581, 83762, 38122, 78181, 85472, 89495, 96088, 45750, 12132, 86111, 9109, 84610, 44138, 65151, 75159, 7903, 24327, 23796, 27486, 76491, 91005, 62756, 8359, 39827, 37498, 88884, 69064, 88341, 83620, 5172, 25162, 12655, 35222, 43042, 31508, 95614, 11871, 72016, 12050, 46298, 82757, 50191, 22398, 65305, 63983, 69826, 58709, 70825, 19588, 82568, 42327, 11142, 71395, 10520, 43850, 12080, 34833, 59211, 82355, 44790, 14277, 94119, 99751, 55723, 66045, 65818, 52492, 28845, 77469, 6552, 85250, 81990, 20182, 31757, 24256, 8564, 51246, 18916, 38412, 36848, 69380, 96252, 20867, 86440, 12168, 57866, 16845, 44507, 27280, 78684, 72618, 39882, 21960, 75878, 24632, 3639, 77549, 1172, 17919, 43076, 60918, 7295, 36117, 78965, 29935, 36303, 38772, 34652, 92292, 20532, 49163, 23139, 14852, 2419, 94945, 10473, 58389, 87817, 18164, 62277, 68791, 13348, 73330, 36876, 65334, 21264, 45823, 48913, 66448, 45681, 76227, 3298, 19245, 15292, 74225, 2081, 12669, 14545, 37361, 93452, 1880, 79845, 47996, 3938, 92890, 66904, 15377, 35288, 80314, 59754, 72027, 85560, 13002, 79410, 60381, 36834, 26822, 18526, 4275, 21261, 76951, 98894, 44292, 83338, 72810, 24459, 48197, 60404]})"
48.0,6,7,33,8.782583951950073,10113,"Genotype(dna={""<class 'abc.NT_0017'>"": [0, 91624], ""<class 'abc.NT_0017_P_00000'>"": [], ""<class 'abc.NT_0015'>"": [59754, 18526], ""<class 'abc.NT_0015_P_00000'>"": [], ""<class 'abc.NT_0000'>"": [3, 0, 68658, 75248], ""<class 'abc.NT_0000_P_00000'>"": [], ""<class 'bool'>"": [86460, 41233, 75986, 25993, 82631, 61562, 27230, 83215], ""<class 'abc.NT_0000_P_00001'>"": [], ""<class 'int'>"": [24381, 89850, 80314, 60404], ""<class 'abc.NT_0000_P_00002'>"": [], ""<class 'abc.NT_0000_P_00003'>"": [], ""<class 'abc.NT_0015_P_00001'>"": [], ""<class 'abc.NT_0010'>"": [], ""<class 'abc.NT_0010_P_00000'>"": [], ""<class 'abc.NT_0007'>"": [], ""<class 'abc.NT_0007_P_00000'>"": [], ""<class 'abc.NT_0003'>"": [], ""<class 'abc.NT_0003_P_00000'>"": [], ""<class 'abc.NT_0002'>"": [0, 15377], ""<class 'abc.NT_0002_P_00000'>"": [], ""<class 'abc.NT_0002_P_00001'>"": [], ""<class 'abc.NT_0001'>"": [36432, 14518, 2, 43884, 40571], ""<class 'abc.NT_0001_P_00000'>"": [], ""<class 'abc.NT_0001_P_00001'>"": [], ""<class 'abc.NT_0001_P_00002'>"": [], ""<class 'abc.NT_0001_P_00003'>"": [], ""<class 'abc.NT_0001_P_00004'>"": [], ""<class 'abc.NT_0002_P_00002'>"": [], ""<class 'abc.NT_0002_P_00003'>"": [], ""<class 'abc.NT_0003_P_00001'>"": [], ""<class 'abc.NT_0003_P_00002'>"": [], ""<class 'abc.NT_0003_P_00003'>"": [], ""<class 'abc.NT_0007_P_00001'>"": [], ""<class 'abc.NT_0004'>"": [93479, 30197, 83338, 72810, 24459, 48197], ""<class 'abc.NT_0004_P_00000'>"": [], ""<class 'abc.NT_0004_P_00001'>"": [], ""<class 'abc.NT_0010_P_00001'>"": [], ""<class 'abc.NT_0008'>"": [], ""<class 'abc.NT_0008_P_00000'>"": [], ""<class 'abc.NT_0010_P_00002'>"": [], ""<class 'abc.NT_0005'>"": [], ""<class 'abc.NT_0005_P_00000'>"": [], ""<class 'abc.NT_0005_P_00001'>"": [], ""<class 'abc.NT_0009'>"": [72027, 4275], ""<class 'abc.NT_0009_P_00000'>"": [], ""<class 'abc.NT_0009_P_00001'>"": [], ""<class 'abc.NT_0006'>"": [], ""<class 'abc.NT_0006_P_00000'>"": [], ""<class 'abc.NT_0009_P_00002'>"": [], ""<class 'abc.NT_0009_P_00003'>"": [], ""<class 'abc.NT_0015_P_00002'>"": [], ""<class 'abc.NT_0015_P_00003'>"": [], ""<class 'abc.NT_0014'>"": [], ""<class 'abc.NT_0014_P_00000'>"": [], ""<class 'abc.NT_0014_P_00001'>"": [], ""<class 'abc.NT_0015_P_00004'>"": [], ""<class 'abc.NT_0017_P_00001'>"": [], ""<class 'abc.NT_0016'>"": [], ""<class 'abc.NT_0016_P_00000'>"": [], ""<class 'abc.NT_0016_P_00001'>"": [], ""<class 'abc.NT_0016_P_00002'>"": [], ""<class 'abc.NT_0017_P_00002'>"": [], '$leftovers': [57587, 20000, 54340, 26317, 6481, 50799, 53366, 57672, 15437, 41470, 43194, 76280, 53058, 16632, 24951, 11647, 20336, 85920, 79178, 86726, 29687, 35122, 19936, 77951, 52918, 77202, 86811, 49977, 33989, 62146, 44283, 86282, 53235, 34529, 93786, 26995, 59308, 96804, 32075, 89268, 17705, 44065, 20964, 70557, 41228, 50394, 73244, 80589, 89878, 70093, 13531, 33497, 2118, 78177, 32452, 6202, 17781, 36111, 70983, 16310, 50605, 68444, 59396, 2989, 86690, 65815, 89541, 4173, 66353, 83209, 87572, 36004, 564, 32908, 7913, 59000, 95465, 92810, 87181, 4723, 71261, 90499, 32785, 42988, 8818, 96196, 25382, 42871, 28094, 74450, 1798, 9925, 29165, 11964, 72226, 30190, 2543, 47952, 6757, 23982, 21833, 84542, 51070, 20362, 47872, 63420, 54664, 2566, 11695, 6523, 29859, 6201, 70774, 77659, 84464, 78867, 27667, 69385, 65140, 36605, 7012, 1250, 28942, 20757, 68110, 13812, 73414, 97476, 48447, 65592, 47550, 63325, 56635, 41252, 76420, 8978, 72071, 1937, 52721, 11586, 95378, 12603, 22711, 7770, 30975, 43951, 55031, 2794, 31555, 40143, 45735, 26934, 973, 11552, 95654, 8346, 61470, 70413, 10371, 43200, 65213, 34376, 43681, 71623, 66363, 61726, 96882, 59629, 26130, 46919, 32533, 16075, 75983, 81859, 16243, 8366, 15261, 18908, 62350, 61492, 83170, 50893, 81836, 3003, 93817, 66605, 40524, 65446, 28020, 1863, 725, 71665, 25810, 44842, 73472, 41194, 64753, 52869, 28406, 39260, 71021, 44544, 65259, 40879, 61260, 45447, 45201, 3321, 71834, 91841, 85944, 94448, 53777, 52512, 8549, 49201, 19980, 24764, 94536, 5157, 97859, 66443, 89316, 95801, 13183, 85710, 46447, 35334, 77529, 59421, 81195, 9851, 45065, 1228, 86952, 32820, 60942, 12527, 2701, 43832, 81092, 19751, 59457, 23812, 97339, 11061, 65182, 36676, 27888, 43573, 78010, 73786, 42822, 94936, 73010, 77609, 10163, 63290, 27012, 14424, 18531, 84803, 64958, 43258, 85321, 82524, 12515, 71837, 58848, 55036, 90390, 48542, 50684, 67693, 63530, 31868, 23633, 21579, 6184, 53131, 21002, 64832, 92053, 7184, 69006, 35823, 8901, 37893, 51534, 12913, 22446, 26285, 70255, 27641, 21932, 83656, 66575, 48694, 39512, 17613, 54185, 98358, 36273, 43014, 10733, 45136, 56634, 51849, 94288, 26786, 42387, 35475, 24444, 8118, 49485, 81714, 83778, 89561, 8738, 52024, 58874, 72716, 42311, 25454, 87595, 81934, 17964, 61433, 19494, 83691, 27415, 37037, 93113, 43616, 52964, 48333, 56234, 18241, 27411, 16419, 52538, 26653, 9839, 74465, 52527, 80201, 79630, 1840, 83276, 82109, 32792, 12949, 92039, 43765, 36272, 54630, 58463, 7943, 38328, 97833, 45183, 91200, 15929, 47964, 40561, 81809, 14276, 39018, 78090, 20469, 86063, 44225, 33166, 87717, 85524, 97465, 83919, 30571, 47291, 11687, 54825, 46134, 8685, 78917, 38709, 83964, 2221, 51487, 86847, 14005, 89651, 45410, 32614, 24838, 40258, 99135, 55054, 4969, 96553, 24382, 92307, 81538, 18598, 31340, 57241, 99094, 6002, 7419, 86820, 42779, 11869, 72254, 27411, 31840, 79401, 73664, 91511, 29301, 88737, 56727, 37464, 71958, 69508, 25388, 4807, 91309, 55535, 78168, 94902, 31655, 46027, 94454, 40509, 42451, 1052, 68891, 6541, 61185, 60171, 90386, 32613, 13324, 92786, 63265, 21684, 48267, 73039, 43664, 60352, 52907, 44675, 95496, 2418, 7997, 69656, 52682, 3534, 62641, 94861, 67850, 67794, 22721, 46227, 31666, 8747, 35366, 39868, 7244, 91381, 38982, 77500, 57926, 64111, 61778, 4991, 50703, 56802, 29847, 58359, 95807, 95068, 83415, 81616, 76533, 71507, 98373, 2134, 16453, 78850, 30462, 46604, 89830, 21706, 86295, 8595, 79105, 19655, 43131, 3478, 75436, 73052, 71062, 31739, 45697, 16052, 87826, 33911, 8138, 66268, 4656, 40763, 97630, 99868, 91639, 2772, 58917, 49516, 46748, 20804, 59466, 99872, 25910, 53332, 38030, 78030, 73087, 32427, 25656, 22734, 86384, 91610, 214, 58585, 43431, 32734, 17757, 39750, 16177, 71705, 51831, 42392, 85543, 6696, 8045, 46570, 30940, 78199, 29592, 24154, 78765, 84514, 86057, 90538, 96392, 38901, 72898, 62612, 33489, 59571, 82991, 44920, 37691, 1121, 94492, 51499, 82069, 28888, 14310, 88903, 84118, 10546, 30703, 78344, 91528, 40853, 4171, 4336, 52942, 23065, 9391, 86682, 8024, 19625, 91371, 66707, 17488, 10058, 52363, 62581, 72253, 66959, 9752, 13742, 86275, 76334, 53755, 50348, 61297, 71442, 60130, 43371, 96139, 17674, 23526, 15019, 82578, 51684, 64820, 51041, 4364, 44980, 70927, 4192, 97078, 91706, 68350, 77970, 42423, 59117, 98713, 81658, 5742, 16489, 29002, 42948, 22071, 91882, 87587, 87335, 92995, 94276, 73117, 79084, 6387, 11821, 92270, 39525, 34375, 79523, 78948, 53831, 62075, 20954, 96006, 36604, 39077, 58604, 29341, 89780, 20577, 57898, 43874, 87854, 39253, 63110, 39371, 19091, 10078, 61402, 86956, 2706, 6459, 53395, 56986, 73952, 14732, 36024, 78732, 78176, 77392, 90109, 7387, 46633, 28051, 78533, 47690, 10143, 69800, 44745, 15386, 78043, 85757, 67383, 85811, 74336, 6202, 10109, 54780, 811, 76576, 77040, 49169, 96682, 92835, 45041, 1842, 65528, 34016, 83474, 14013, 27202, 66335, 44499, 370, 21730, 52896, 71182, 85991, 39160, 40902, 55926, 35512, 75736, 13601, 92189, 77065, 84092, 98012, 48127, 11588, 90917, 67209, 11527, 94121, 43713, 79943, 21649, 81567, 58642, 44906, 74680, 40034, 91400, 63001, 5213, 55104, 32747, 93307, 38861, 27986, 4842, 71222, 96204, 50490, 41376, 83189, 378, 48774, 92287, 2703, 84308, 62388, 24134, 92282, 90947, 61816, 96517, 93801, 12248, 42612, 36596, 34402, 48549, 64887, 18886, 20656, 39553, 90994, 50931, 61171, 97927, 2047, 85741, 60257, 56686, 62824, 95036, 97774, 26512, 32213, 24226, 39119, 9190, 40253, 35323, 71271, 90577, 44, 70979, 92296, 59388, 78444, 59936, 61842, 18317, 14104, 74209, 24390, 30917, 86127, 98120, 80417, 53683, 4088, 22491, 83407, 32889, 33182, 90125, 68253, 63599, 54457, 91265, 92333, 23178, 96129, 44767, 46114, 84454, 73652, 77970, 9354, 12847, 74690, 31643, 71792, 72701, 44459, 13482, 2404, 79190, 44599, 39581, 83762, 38122, 78181, 85472, 89495, 96088, 45750, 12132, 86111, 9109, 84610, 44138, 65151, 75159, 7903, 24327, 23796, 27486, 76491, 91005, 62756, 8359, 39827, 37498, 88884, 69064, 88341, 83620, 5172, 25162, 12655, 35222, 43042, 31508, 95614, 11871, 72016, 12050, 46298, 82757, 50191, 22398, 65305, 63983, 69826, 58709, 70825, 19588, 82568, 42327, 11142, 71395, 10520, 43850, 12080, 34833, 59211, 82355, 44790, 14277, 94119, 99751, 55723, 66045, 65818, 52492, 28845, 77469, 6552, 85250, 81990, 20182, 31757, 24256, 8564, 51246, 18916, 38412, 36848, 69380, 96252, 20867, 86440, 12168, 57866, 16845, 44507, 27280, 78684, 72618, 39882, 21960, 75878, 24632, 3639, 77549, 1172, 17919, 43076, 60918, 7295, 36117, 78965, 29935, 36303, 38772, 34652, 92292, 20532, 49163, 23139, 14852, 2419, 94945, 10473, 58389, 87817, 18164, 62277, 68791, 13348, 73330, 36876, 65334, 21264, 45823, 48913, 66448, 45681, 76227, 3298, 19245, 15292, 74225, 2081, 12669, 14545, 37361, 93452, 1880, 79845, 47996, 3938, 92890, 66904, 15377, 35288, 80314, 59754, 72027, 85560, 13002, 79410, 60381, 36834, 26822, 18526, 4275, 21261, 76951, 98894, 44292, 83338, 72810, 24459, 48197, 60404]})"
48.0,6,7,34,8.968422174453735,10113,"Genotype(dna={""<class 'abc.NT_0017'>"": [0, 91624], ""<class 'abc.NT_0017_P_00000'>"": [], ""<class 'abc.NT_0015'>"": [59754, 18526], ""<class 'abc.NT_0015_P_00000'>"": [], ""<class 'abc.NT_0000'>"": [3, 0, 68658, 75248], ""<class 'abc.NT_0000_P_00000'>"": [], ""<class 'bool'>"": [86460, 41233, 75986, 25993, 82631, 61562, 27230, 83215], ""<class 'abc.NT_0000_P_00001'>"": [], ""<class 'int'>"": [24381, 89850, 80314, 60404], ""<class 'abc.NT_0000_P_00002'>"": [], ""<class 'abc.NT_0000_P_00003'>"": [], ""<class 'abc.NT_0015_P_00001'>"": [], ""<class 'abc.NT_0010'>"": [], ""<class 'abc.NT_0010_P_00000'>"": [], ""<class 'abc.NT_0007'>"": [], ""<class 'abc.NT_0007_P_00000'>"": [], ""<class 'abc.NT_0003'>"": [], ""<class 'abc.NT_0003_P_00000'>"": [], ""<class 'abc.NT_0002'>"": [0, 15377], ""<class 'abc.NT_0002_P_00000'>"": [], ""<class 'abc.NT_0002_P_00001'>"": [], ""<class 'abc.NT_0001'>"": [36432, 14518, 2, 43884, 40571], ""<class 'abc.NT_0001_P_00000'>"": [], ""<class 'abc.NT_0001_P_00001'>"": [], ""<class 'abc.NT_0001_P_00002'>"": [], ""<class 'abc.NT_0001_P_00003'>"": [], ""<class 'abc.NT_0001_P_00004'>"": [], ""<class 'abc.NT_0002_P_00002'>"": [], ""<class 'abc.NT_0002_P_00003'>"": [], ""<class 'abc.NT_0003_P_00001'>"": [], ""<class 'abc.NT_0003_P_00002'>"": [], ""<class 'abc.NT_0003_P_00003'>"": [], ""<class 'abc.NT_0007_P_00001'>"": [], ""<class 'abc.NT_0004'>"": [93479, 30197, 83338, 72810, 24459, 48197], ""<class 'abc.NT_0004_P_00000'>"": [], ""<class 'abc.NT_0004_P_00001'>"": [], ""<class 'abc.NT_0010_P_00001'>"": [], ""<class 'abc.NT_0008'>"": [], ""<class 'abc.NT_0008_P_00000'>"": [], ""<class 'abc.NT_0010_P_00002'>"": [], ""<class 'abc.NT_0005'>"": [], ""<class 'abc.NT_0005_P_00000'>"": [], ""<class 'abc.NT_0005_P_00001'>"": [], ""<class 'abc.NT_0009'>"": [72027, 4275], ""<class 'abc.NT_0009_P_00000'>"": [], ""<class 'abc.NT_0009_P_00001'>"": [], ""<class 'abc.NT_0006'>"": [], ""<class 'abc.NT_0006_P_00000'>"": [], ""<class 'abc.NT_0009_P_00002'>"": [], ""<class 'abc.NT_0009_P_00003'>"": [], ""<class 'abc.NT_0015_P_00002'>"": [], ""<class 'abc.NT_0015_P_00003'>"": [], ""<class 'abc.NT_0014'>"": [], ""<class 'abc.NT_0014_P_00000'>"": [], ""<class 'abc.NT_0014_P_00001'>"": [], ""<class 'abc.NT_0015_P_00004'>"": [], ""<class 'abc.NT_0017_P_00001'>"": [], ""<class 'abc.NT_0016'>"": [], ""<class 'abc.NT_0016_P_00000'>"": [], ""<class 'abc.NT_0016_P_00001'>"": [], ""<class 'abc.NT_0016_P_00002'>"": [], ""<class 'abc.NT_0017_P_00002'>"": [], '$leftovers': [57587, 20000, 54340, 26317, 6481, 50799, 53366, 57672, 15437, 41470, 43194, 76280, 53058, 16632, 24951, 11647, 20336, 85920, 79178, 86726, 29687, 35122, 19936, 77951, 52918, 77202, 86811, 49977, 33989, 62146, 44283, 86282, 53235, 34529, 93786, 26995, 59308, 96804, 32075, 89268, 17705, 44065, 20964, 70557, 41228, 50394, 73244, 80589, 89878, 70093, 13531, 33497, 2118, 78177, 32452, 6202, 17781, 36111, 70983, 16310, 50605, 68444, 59396, 2989, 86690, 65815, 89541, 4173, 66353, 83209, 87572, 36004, 564, 32908, 7913, 59000, 95465, 92810, 87181, 4723, 71261, 90499, 32785, 42988, 8818, 96196, 25382, 42871, 28094, 74450, 1798, 9925, 29165, 11964, 72226, 30190, 2543, 47952, 6757, 23982, 21833, 84542, 51070, 20362, 47872, 63420, 54664, 2566, 11695, 6523, 29859, 6201, 70774, 77659, 84464, 78867, 27667, 69385, 65140, 36605, 7012, 1250, 28942, 20757, 68110, 13812, 73414, 97476, 48447, 65592, 47550, 63325, 56635, 41252, 76420, 8978, 72071, 1937, 52721, 11586, 95378, 12603, 22711, 7770, 30975, 43951, 55031, 2794, 31555, 40143, 45735, 26934, 973, 11552, 95654, 8346, 61470, 70413, 10371, 43200, 65213, 34376, 43681, 71623, 66363, 61726, 96882, 59629, 26130, 46919, 32533, 16075, 75983, 81859, 16243, 8366, 15261, 18908, 62350, 61492, 83170, 50893, 81836, 3003, 93817, 66605, 40524, 65446, 28020, 1863, 725, 71665, 25810, 44842, 73472, 41194, 64753, 52869, 28406, 39260, 71021, 44544, 65259, 40879, 61260, 45447, 45201, 3321, 71834, 91841, 85944, 94448, 53777, 52512, 8549, 49201, 19980, 24764, 94536, 5157, 97859, 66443, 89316, 95801, 13183, 85710, 46447, 35334, 77529, 59421, 81195, 9851, 45065, 1228, 86952, 32820, 60942, 12527, 2701, 43832, 81092, 19751, 59457, 23812, 97339, 11061, 65182, 36676, 27888, 43573, 78010, 73786, 42822, 94936, 73010, 77609, 10163, 63290, 27012, 14424, 18531, 84803, 64958, 43258, 85321, 82524, 12515, 71837, 58848, 55036, 90390, 48542, 50684, 67693, 63530, 31868, 23633, 21579, 6184, 53131, 21002, 64832, 92053, 7184, 69006, 35823, 8901, 37893, 51534, 12913, 22446, 26285, 70255, 27641, 21932, 83656, 66575, 48694, 39512, 17613, 54185, 98358, 36273, 43014, 10733, 45136, 56634, 51849, 94288, 26786, 42387, 35475, 24444, 8118, 49485, 81714, 83778, 89561, 8738, 52024, 58874, 72716, 42311, 25454, 87595, 81934, 17964, 61433, 19494, 83691, 27415, 37037, 93113, 43616, 52964, 48333, 56234, 18241, 27411, 16419, 52538, 26653, 9839, 74465, 52527, 80201, 79630, 1840, 83276, 82109, 32792, 12949, 92039, 43765, 36272, 54630, 58463, 7943, 38328, 97833, 45183, 91200, 15929, 47964, 40561, 81809, 14276, 39018, 78090, 20469, 86063, 44225, 33166, 87717, 85524, 97465, 83919, 30571, 47291, 11687, 54825, 46134, 8685, 78917, 38709, 83964, 2221, 51487, 86847, 14005, 89651, 45410, 32614, 24838, 40258, 99135, 55054, 4969, 96553, 24382, 92307, 81538, 18598, 31340, 57241, 99094, 6002, 7419, 86820, 42779, 11869, 72254, 27411, 31840, 79401, 73664, 91511, 29301, 88737, 56727, 37464, 71958, 69508, 25388, 4807, 91309, 55535, 78168, 94902, 31655, 46027, 94454, 40509, 42451, 1052, 68891, 6541, 61185, 60171, 90386, 32613, 13324, 92786, 63265, 21684, 48267, 73039, 43664, 60352, 52907, 44675, 95496, 2418, 7997, 69656, 52682, 3534, 62641, 94861, 67850, 67794, 22721, 46227, 31666, 8747, 35366, 39868, 7244, 91381, 38982, 77500, 57926, 64111, 61778, 4991, 50703, 56802, 29847, 58359, 95807, 95068, 83415, 81616, 76533, 71507, 98373, 2134, 16453, 78850, 30462, 46604, 89830, 21706, 86295, 8595, 79105, 19655, 43131, 3478, 75436, 73052, 71062, 31739, 45697, 16052, 87826, 33911, 8138, 66268, 4656, 40763, 97630, 99868, 91639, 2772, 58917, 49516, 46748, 20804, 59466, 99872, 25910, 53332, 38030, 78030, 73087, 32427, 25656, 22734, 86384, 91610, 214, 58585, 43431, 32734, 17757, 39750, 16177, 71705, 51831, 42392, 85543, 6696, 8045, 46570, 30940, 78199, 29592, 24154, 78765, 84514, 86057, 90538, 96392, 38901, 72898, 62612, 33489, 59571, 82991, 44920, 37691, 1121, 94492, 51499, 82069, 28888, 14310, 88903, 84118, 10546, 30703, 78344, 91528, 40853, 4171, 4336, 52942, 23065, 9391, 86682, 8024, 19625, 91371, 66707, 17488, 10058, 52363, 62581, 72253, 66959, 9752, 13742, 86275, 76334, 53755, 50348, 61297, 71442, 60130, 43371, 96139, 17674, 23526, 15019, 82578, 51684, 64820, 51041, 4364, 44980, 70927, 4192, 97078, 91706, 68350, 77970, 42423, 59117, 98713, 81658, 5742, 16489, 29002, 42948, 22071, 91882, 87587, 87335, 92995, 94276, 73117, 79084, 6387, 11821, 92270, 39525, 34375, 79523, 78948, 53831, 62075, 20954, 96006, 36604, 39077, 58604, 29341, 89780, 20577, 57898, 43874, 87854, 39253, 63110, 39371, 19091, 10078, 61402, 86956, 2706, 6459, 53395, 56986, 73952, 14732, 36024, 78732, 78176, 77392, 90109, 7387, 46633, 28051, 78533, 47690, 10143, 69800, 44745, 15386, 78043, 85757, 67383, 85811, 74336, 6202, 10109, 54780, 811, 76576, 77040, 49169, 96682, 92835, 45041, 1842, 65528, 34016, 83474, 14013, 27202, 66335, 44499, 370, 21730, 52896, 71182, 85991, 39160, 40902, 55926, 35512, 75736, 13601, 92189, 77065, 84092, 98012, 48127, 11588, 90917, 67209, 11527, 94121, 43713, 79943, 21649, 81567, 58642, 44906, 74680, 40034, 91400, 63001, 5213, 55104, 32747, 93307, 38861, 27986, 4842, 71222, 96204, 50490, 41376, 83189, 378, 48774, 92287, 2703, 84308, 62388, 24134, 92282, 90947, 61816, 96517, 93801, 12248, 42612, 36596, 34402, 48549, 64887, 18886, 20656, 39553, 90994, 50931, 61171, 97927, 2047, 85741, 60257, 56686, 62824, 95036, 97774, 26512, 32213, 24226, 39119, 9190, 40253, 35323, 71271, 90577, 44, 70979, 92296, 59388, 78444, 59936, 61842, 18317, 14104, 74209, 24390, 30917, 86127, 98120, 80417, 53683, 4088, 22491, 83407, 32889, 33182, 90125, 68253, 63599, 54457, 91265, 92333, 23178, 96129, 44767, 46114, 84454, 73652, 77970, 9354, 12847, 74690, 31643, 71792, 72701, 44459, 13482, 2404, 79190, 44599, 39581, 83762, 38122, 78181, 85472, 89495, 96088, 45750, 12132, 86111, 9109, 84610, 44138, 65151, 75159, 7903, 24327, 23796, 27486, 76491, 91005, 62756, 8359, 39827, 37498, 88884, 69064, 88341, 83620, 5172, 25162, 12655, 35222, 43042, 31508, 95614, 11871, 72016, 12050, 46298, 82757, 50191, 22398, 65305, 63983, 69826, 58709, 70825, 19588, 82568, 42327, 11142, 71395, 10520, 43850, 12080, 34833, 59211, 82355, 44790, 14277, 94119, 99751, 55723, 66045, 65818, 52492, 28845, 77469, 6552, 85250, 81990, 20182, 31757, 24256, 8564, 51246, 18916, 38412, 36848, 69380, 96252, 20867, 86440, 12168, 57866, 16845, 44507, 27280, 78684, 72618, 39882, 21960, 75878, 24632, 3639, 77549, 1172, 17919, 43076, 60918, 7295, 36117, 78965, 29935, 36303, 38772, 34652, 92292, 20532, 49163, 23139, 14852, 2419, 94945, 10473, 58389, 87817, 18164, 62277, 68791, 13348, 73330, 36876, 65334, 21264, 45823, 48913, 66448, 45681, 76227, 3298, 19245, 15292, 74225, 2081, 12669, 14545, 37361, 93452, 1880, 79845, 47996, 3938, 92890, 66904, 15377, 35288, 80314, 59754, 72027, 85560, 13002, 79410, 60381, 36834, 26822, 18526, 4275, 21261, 76951, 98894, 44292, 83338, 72810, 24459, 48197, 60404]})"
47.0,6,7,35,9.16307520866394,10113,"Genotype(dna={""<class 'abc.NT_0017'>"": [0, 91624], ""<class 'abc.NT_0017_P_00000'>"": [], ""<class 'abc.NT_0015'>"": [59754, 18526], ""<class 'abc.NT_0015_P_00000'>"": [], ""<class 'abc.NT_0000'>"": [3, 0, 68658, 75248], ""<class 'abc.NT_0000_P_00000'>"": [], ""<class 'bool'>"": [86460, 71005, 46271, 25993, 82631, 61562, 27230, 83215], ""<class 'abc.NT_0000_P_00001'>"": [], ""<class 'int'>"": [85895, 89850, 80314, 60404], ""<class 'abc.NT_0000_P_00002'>"": [], ""<class 'abc.NT_0000_P_00003'>"": [], ""<class 'abc.NT_0015_P_00001'>"": [], ""<class 'abc.NT_0010'>"": [], ""<class 'abc.NT_0010_P_00000'>"": [], ""<class 'abc.NT_0007'>"": [], ""<class 'abc.NT_0007_P_00000'>"": [], ""<class 'abc.NT_0003'>"": [], ""<class 'abc.NT_0003_P_00000'>"": [], ""<class 'abc.NT_0002'>"": [0, 15377], ""<class 'abc.NT_0002_P_00000'>"": [], ""<class 'abc.NT_0002_P_00001'>"": [], ""<class 'abc.NT_0001'>"": [36432, 14518, 2, 43884, 40571], ""<class 'abc.NT_0001_P_00000'>"": [], ""<class 'abc.NT_0001_P_00001'>"": [], ""<class 'abc.NT_0001_P_00002'>"": [], ""<class 'abc.NT_0001_P_00003'>"": [], ""<class 'abc.NT_0001_P_00004'>"": [], ""<class 'abc.NT_0002_P_00002'>"": [], ""<class 'abc.NT_0002_P_00003'>"": [], ""<class 'abc.NT_0003_P_00001'>"": [], ""<class 'abc.NT_0003_P_00002'>"": [], ""<class 'abc.NT_0003_P_00003'>"": [], ""<class 'abc.NT_0007_P_00001'>"": [], ""<class 'abc.NT_0004'>"": [93479, 30197, 83338, 72810, 24459, 48197], ""<class 'abc.NT_0004_P_00000'>"": [], ""<class 'abc.NT_0004_P_00001'>"": [], ""<class 'abc.NT_0010_P_00001'>"": [], ""<class 'abc.NT_0008'>"": [], ""<class 'abc.NT_0008_P_00000'>"": [], ""<class 'abc.NT_0010_P_00002'>"": [], ""<class 'abc.NT_0005'>"": [], ""<class 'abc.NT_0005_P_00000'>"": [], ""<class 'abc.NT_0005_P_00001'>"": [], ""<class 'abc.NT_0009'>"": [72027, 4275], ""<class 'abc.NT_0009_P_00000'>"": [], ""<class 'abc.NT_0009_P_00001'>"": [], ""<class 'abc.NT_0006'>"": [], ""<class 'abc.NT_0006_P_00000'>"": [], ""<class 'abc.NT_0009_P_00002'>"": [], ""<class 'abc.NT_0009_P_00003'>"": [], ""<class 'abc.NT_0015_P_00002'>"": [], ""<class 'abc.NT_0015_P_00003'>"": [], ""<class 'abc.NT_0014'>"": [], ""<class 'abc.NT_0014_P_00000'>"": [], ""<class 'abc.NT_0014_P_00001'>"": [], ""<class 'abc.NT_0015_P_00004'>"": [], ""<class 'abc.NT_0017_P_00001'>"": [], ""<class 'abc.NT_0016'>"": [], ""<class 'abc.NT_0016_P_00000'>"": [], ""<class 'abc.NT_0016_P_00001'>"": [], ""<class 'abc.NT_0016_P_00002'>"": [], ""<class 'abc.NT_0017_P_00002'>"": [], '$leftovers': [57587, 20000, 54340, 26317, 6481, 50799, 53366, 57672, 15437, 41470, 43194, 76280, 53058, 16632, 24951, 11647, 20336, 85920, 79178, 86726, 29687, 35122, 19936, 77951, 52918, 77202, 86811, 49977, 33989, 62146, 44283, 86282, 53235, 34529, 93786, 26995, 59308, 96804, 32075, 89268, 17705, 44065, 20964, 70557, 41228, 50394, 73244, 80589, 89878, 70093, 13531, 33497, 2118, 78177, 32452, 6202, 17781, 36111, 70983, 16310, 50605, 68444, 59396, 2989, 86690, 65815, 89541, 4173, 66353, 83209, 87572, 36004, 564, 32908, 7913, 59000, 95465, 92810, 87181, 4723, 71261, 90499, 32785, 42988, 8818, 96196, 25382, 42871, 28094, 74450, 1798, 9925, 29165, 11964, 72226, 30190, 2543, 47952, 6757, 23982, 21833, 84542, 51070, 20362, 47872, 63420, 54664, 2566, 11695, 6523, 29859, 6201, 70774, 77659, 84464, 78867, 27667, 69385, 65140, 36605, 7012, 1250, 28942, 20757, 68110, 13812, 73414, 97476, 48447, 65592, 47550, 63325, 56635, 41252, 76420, 8978, 72071, 1937, 52721, 11586, 95378, 12603, 22711, 7770, 30975, 43951, 55031, 2794, 31555, 40143, 45735, 26934, 973, 11552, 95654, 8346, 61470, 70413, 10371, 43200, 65213, 34376, 43681, 71623, 66363, 61726, 96882, 59629, 26130, 46919, 32533, 16075, 75983, 81859, 16243, 8366, 15261, 18908, 62350, 61492, 83170, 50893, 81836, 3003, 93817, 66605, 40524, 65446, 28020, 1863, 725, 71665, 25810, 44842, 73472, 41194, 64753, 52869, 28406, 39260, 71021, 44544, 65259, 40879, 61260, 45447, 45201, 3321, 71834, 91841, 85944, 94448, 53777, 52512, 8549, 49201, 19980, 24764, 94536, 5157, 97859, 66443, 89316, 95801, 13183, 85710, 46447, 35334, 77529, 59421, 81195, 9851, 45065, 1228, 86952, 32820, 60942, 12527, 2701, 43832, 81092, 19751, 59457, 23812, 97339, 11061, 65182, 36676, 27888, 43573, 78010, 73786, 42822, 94936, 73010, 77609, 10163, 63290, 27012, 14424, 18531, 84803, 64958, 43258, 85321, 82524, 12515, 71837, 58848, 55036, 90390, 48542, 50684, 67693, 63530, 31868, 23633, 21579, 6184, 53131, 21002, 64832, 92053, 7184, 69006, 35823, 8901, 37893, 51534, 12913, 22446, 26285, 70255, 27641, 21932, 83656, 66575, 48694, 39512, 17613, 54185, 98358, 36273, 43014, 10733, 45136, 56634, 51849, 94288, 26786, 42387, 35475, 24444, 8118, 49485, 81714, 83778, 89561, 8738, 52024, 58874, 72716, 42311, 25454, 87595, 81934, 17964, 61433, 19494, 83691, 27415, 37037, 93113, 43616, 52964, 48333, 56234, 18241, 27411, 16419, 52538, 26653, 9839, 74465, 52527, 80201, 79630, 1840, 83276, 82109, 32792, 12949, 92039, 43765, 36272, 54630, 58463, 7943, 38328, 97833, 45183, 91200, 15929, 47964, 40561, 81809, 14276, 39018, 78090, 20469, 86063, 44225, 33166, 87717, 85524, 97465, 83919, 30571, 47291, 11687, 54825, 46134, 8685, 78917, 38709, 83964, 2221, 51487, 86847, 14005, 89651, 45410, 32614, 24838, 40258, 99135, 55054, 4969, 96553, 24382, 92307, 81538, 18598, 31340, 57241, 99094, 6002, 7419, 86820, 42779, 11869, 72254, 27411, 31840, 79401, 73664, 91511, 29301, 88737, 56727, 37464, 71958, 69508, 25388, 4807, 91309, 55535, 78168, 94902, 31655, 46027, 94454, 40509, 42451, 1052, 68891, 6541, 61185, 60171, 90386, 32613, 13324, 92786, 63265, 21684, 48267, 73039, 43664, 60352, 52907, 44675, 95496, 2418, 7997, 69656, 52682, 3534, 62641, 94861, 67850, 67794, 22721, 46227, 31666, 8747, 35366, 39868, 7244, 91381, 38982, 77500, 57926, 64111, 61778, 4991, 50703, 56802, 29847, 58359, 95807, 95068, 83415, 81616, 76533, 71507, 98373, 2134, 16453, 78850, 30462, 46604, 89830, 21706, 86295, 8595, 79105, 19655, 43131, 3478, 75436, 73052, 71062, 31739, 45697, 16052, 87826, 33911, 8138, 66268, 4656, 40763, 97630, 99868, 91639, 2772, 58917, 49516, 46748, 20804, 59466, 99872, 25910, 53332, 38030, 78030, 73087, 32427, 25656, 22734, 86384, 91610, 214, 58585, 43431, 32734, 17757, 39750, 16177, 71705, 51831, 42392, 85543, 6696, 8045, 46570, 30940, 78199, 29592, 24154, 78765, 84514, 86057, 90538, 96392, 38901, 72898, 62612, 33489, 59571, 82991, 44920, 37691, 1121, 94492, 51499, 82069, 28888, 14310, 88903, 84118, 10546, 30703, 78344, 91528, 40853, 4171, 4336, 52942, 23065, 9391, 86682, 8024, 19625, 91371, 66707, 17488, 10058, 52363, 62581, 72253, 66959, 9752, 13742, 86275, 76334, 53755, 50348, 61297, 71442, 60130, 43371, 96139, 17674, 23526, 15019, 82578, 51684, 64820, 51041, 4364, 44980, 70927, 4192, 97078, 91706, 68350, 77970, 42423, 59117, 98713, 81658, 5742, 16489, 29002, 42948, 22071, 91882, 87587, 87335, 92995, 94276, 73117, 79084, 6387, 11821, 92270, 39525, 34375, 79523, 78948, 53831, 62075, 20954, 96006, 36604, 39077, 58604, 29341, 89780, 20577, 57898, 43874, 87854, 39253, 63110, 39371, 19091, 10078, 61402, 86956, 2706, 6459, 53395, 56986, 73952, 14732, 36024, 78732, 78176, 77392, 90109, 7387, 46633, 28051, 78533, 47690, 10143, 69800, 44745, 15386, 78043, 85757, 67383, 85811, 74336, 6202, 10109, 54780, 811, 76576, 77040, 49169, 96682, 92835, 45041, 1842, 65528, 34016, 83474, 14013, 27202, 66335, 44499, 370, 21730, 52896, 71182, 85991, 39160, 40902, 55926, 35512, 75736, 13601, 92189, 77065, 84092, 98012, 48127, 11588, 90917, 67209, 11527, 94121, 43713, 79943, 21649, 81567, 58642, 44906, 74680, 40034, 91400, 63001, 5213, 55104, 32747, 93307, 38861, 27986, 4842, 71222, 96204, 50490, 41376, 83189, 378, 48774, 92287, 2703, 84308, 62388, 24134, 92282, 90947, 61816, 96517, 93801, 12248, 42612, 36596, 34402, 48549, 64887, 18886, 20656, 39553, 90994, 50931, 61171, 97927, 2047, 85741, 60257, 56686, 62824, 95036, 97774, 26512, 32213, 24226, 39119, 9190, 40253, 35323, 71271, 90577, 44, 70979, 92296, 59388, 78444, 59936, 61842, 18317, 14104, 74209, 24390, 30917, 86127, 98120, 80417, 53683, 4088, 22491, 83407, 32889, 33182, 90125, 68253, 63599, 54457, 91265, 92333, 23178, 96129, 44767, 46114, 84454, 73652, 77970, 9354, 12847, 74690, 31643, 71792, 72701, 44459, 13482, 2404, 79190, 44599, 39581, 83762, 38122, 78181, 85472, 89495, 96088, 45750, 12132, 86111, 9109, 84610, 44138, 65151, 75159, 7903, 24327, 23796, 27486, 76491, 91005, 62756, 8359, 39827, 37498, 88884, 69064, 88341, 83620, 5172, 25162, 12655, 35222, 43042, 31508, 95614, 11871, 72016, 12050, 46298, 82757, 50191, 22398, 65305, 63983, 69826, 58709, 70825, 19588, 82568, 42327, 11142, 71395, 10520, 43850, 12080, 34833, 59211, 82355, 44790, 14277, 94119, 99751, 55723, 66045, 65818, 52492, 28845, 77469, 6552, 85250, 81990, 20182, 31757, 24256, 8564, 51246, 18916, 38412, 36848, 69380, 96252, 20867, 86440, 12168, 57866, 16845, 44507, 27280, 78684, 72618, 39882, 21960, 75878, 24632, 3639, 77549, 1172, 17919, 43076, 60918, 7295, 36117, 78965, 29935, 36303, 38772, 34652, 92292, 20532, 49163, 23139, 14852, 2419, 94945, 10473, 58389, 87817, 18164, 62277, 68791, 13348, 73330, 36876, 65334, 21264, 45823, 48913, 66448, 45681, 76227, 3298, 19245, 15292, 74225, 2081, 12669, 14545, 37361, 93452, 1880, 79845, 47996, 3938, 92890, 66904, 15377, 35288, 80314, 59754, 72027, 85560, 13002, 79410, 60381, 36834, 26822, 18526, 4275, 21261, 76951, 98894, 44292, 83338, 72810, 24459, 48197, 60404]})"
47.0,6,7,36,9.391726732254028,10113,"Genotype(dna={""<class 'abc.NT_0017'>"": [0, 91624], ""<class 'abc.NT_0017_P_00000'>"": [], ""<class 'abc.NT_0015'>"": [59754, 18526], ""<class 'abc.NT_0015_P_00000'>"": [], ""<class 'abc.NT_0000'>"": [3, 0, 68658, 75248], ""<class 'abc.NT_0000_P_00000'>"": [], ""<class 'bool'>"": [86460, 71005, 46271, 25993, 82631, 61562, 27230, 83215], ""<class 'abc.NT_0000_P_00001'>"": [], ""<class 'int'>"": [85895, 89850, 80314, 60404], ""<class 'abc.NT_0000_P_00002'>"": [], ""<class 'abc.NT_0000_P_00003'>"": [], ""<class 'abc.NT_0015_P_00001'>"": [], ""<class 'abc.NT_0010'>"": [], ""<class 'abc.NT_0010_P_00000'>"": [], ""<class 'abc.NT_0007'>"": [], ""<class 'abc.NT_0007_P_00000'>"": [], ""<class 'abc.NT_0003'>"": [], ""<class 'abc.NT_0003_P_00000'>"": [], ""<class 'abc.NT_0002'>"": [0, 15377], ""<class 'abc.NT_0002_P_00000'>"": [], ""<class 'abc.NT_0002_P_00001'>"": [], ""<class 'abc.NT_0001'>"": [36432, 14518, 2, 43884, 40571], ""<class 'abc.NT_0001_P_00000'>"": [], ""<class 'abc.NT_0001_P_00001'>"": [], ""<class 'abc.NT_0001_P_00002'>"": [], ""<class 'abc.NT_0001_P_00003'>"": [], ""<class 'abc.NT_0001_P_00004'>"": [], ""<class 'abc.NT_0002_P_00002'>"": [], ""<class 'abc.NT_0002_P_00003'>"": [], ""<class 'abc.NT_0003_P_00001'>"": [], ""<class 'abc.NT_0003_P_00002'>"": [], ""<class 'abc.NT_0003_P_00003'>"": [], ""<class 'abc.NT_0007_P_00001'>"": [], ""<class 'abc.NT_0004'>"": [93479, 30197, 83338, 72810, 24459, 48197], ""<class 'abc.NT_0004_P_00000'>"": [], ""<class 'abc.NT_0004_P_00001'>"": [], ""<class 'abc.NT_0010_P_00001'>"": [], ""<class 'abc.NT_0008'>"": [], ""<class 'abc.NT_0008_P_00000'>"": [], ""<class 'abc.NT_0010_P_00002'>"": [], ""<class 'abc.NT_0005'>"": [], ""<class 'abc.NT_0005_P_00000'>"": [], ""<class 'abc.NT_0005_P_00001'>"": [], ""<class 'abc.NT_0009'>"": [72027, 4275], ""<class 'abc.NT_0009_P_00000'>"": [], ""<class 'abc.NT_0009_P_00001'>"": [], ""<class 'abc.NT_0006'>"": [], ""<class 'abc.NT_0006_P_00000'>"": [], ""<class 'abc.NT_0009_P_00002'>"": [], ""<class 'abc.NT_0009_P_00003'>"": [], ""<class 'abc.NT_0015_P_00002'>"": [], ""<class 'abc.NT_0015_P_00003'>"": [], ""<class 'abc.NT_0014'>"": [], ""<class 'abc.NT_0014_P_00000'>"": [], ""<class 'abc.NT_0014_P_00001'>"": [], ""<class 'abc.NT_0015_P_00004'>"": [], ""<class 'abc.NT_0017_P_00001'>"": [], ""<class 'abc.NT_0016'>"": [], ""<class 'abc.NT_0016_P_00000'>"": [], ""<class 'abc.NT_0016_P_00001'>"": [], ""<class 'abc.NT_0016_P_00002'>"": [], ""<class 'abc.NT_0017_P_00002'>"": [], '$leftovers': [57587, 20000, 54340, 26317, 6481, 50799, 53366, 57672, 15437, 41470, 43194, 76280, 53058, 16632, 24951, 11647, 20336, 85920, 79178, 86726, 29687, 35122, 19936, 77951, 52918, 77202, 86811, 49977, 33989, 62146, 44283, 86282, 53235, 34529, 93786, 26995, 59308, 96804, 32075, 89268, 17705, 44065, 20964, 70557, 41228, 50394, 73244, 80589, 89878, 70093, 13531, 33497, 2118, 78177, 32452, 6202, 17781, 36111, 70983, 16310, 50605, 68444, 59396, 2989, 86690, 65815, 89541, 4173, 66353, 83209, 87572, 36004, 564, 32908, 7913, 59000, 95465, 92810, 87181, 4723, 71261, 90499, 32785, 42988, 8818, 96196, 25382, 42871, 28094, 74450, 1798, 9925, 29165, 11964, 72226, 30190, 2543, 47952, 6757, 23982, 21833, 84542, 51070, 20362, 47872, 63420, 54664, 2566, 11695, 6523, 29859, 6201, 70774, 77659, 84464, 78867, 27667, 69385, 65140, 36605, 7012, 1250, 28942, 20757, 68110, 13812, 73414, 97476, 48447, 65592, 47550, 63325, 56635, 41252, 76420, 8978, 72071, 1937, 52721, 11586, 95378, 12603, 22711, 7770, 30975, 43951, 55031, 2794, 31555, 40143, 45735, 26934, 973, 11552, 95654, 8346, 61470, 70413, 10371, 43200, 65213, 34376, 43681, 71623, 66363, 61726, 96882, 59629, 26130, 46919, 32533, 16075, 75983, 81859, 16243, 8366, 15261, 18908, 62350, 61492, 83170, 50893, 81836, 3003, 93817, 66605, 40524, 65446, 28020, 1863, 725, 71665, 25810, 44842, 73472, 41194, 64753, 52869, 28406, 39260, 71021, 44544, 65259, 40879, 61260, 45447, 45201, 3321, 71834, 91841, 85944, 94448, 53777, 52512, 8549, 49201, 19980, 24764, 94536, 5157, 97859, 66443, 89316, 95801, 13183, 85710, 46447, 35334, 77529, 59421, 81195, 9851, 45065, 1228, 86952, 32820, 60942, 12527, 2701, 43832, 81092, 19751, 59457, 23812, 97339, 11061, 65182, 36676, 27888, 43573, 78010, 73786, 42822, 94936, 73010, 77609, 10163, 63290, 27012, 14424, 18531, 84803, 64958, 43258, 85321, 82524, 12515, 71837, 58848, 55036, 90390, 48542, 50684, 67693, 63530, 31868, 23633, 21579, 6184, 53131, 21002, 64832, 92053, 7184, 69006, 35823, 8901, 37893, 51534, 12913, 22446, 26285, 70255, 27641, 21932, 83656, 66575, 48694, 39512, 17613, 54185, 98358, 36273, 43014, 10733, 45136, 56634, 51849, 94288, 26786, 42387, 35475, 24444, 8118, 49485, 81714, 83778, 89561, 8738, 52024, 58874, 72716, 42311, 25454, 87595, 81934, 17964, 61433, 19494, 83691, 27415, 37037, 93113, 43616, 52964, 48333, 56234, 18241, 27411, 16419, 52538, 26653, 9839, 74465, 52527, 80201, 79630, 1840, 83276, 82109, 32792, 12949, 92039, 43765, 36272, 54630, 58463, 7943, 38328, 97833, 45183, 91200, 15929, 47964, 40561, 81809, 14276, 39018, 78090, 20469, 86063, 44225, 33166, 87717, 85524, 97465, 83919, 30571, 47291, 11687, 54825, 46134, 8685, 78917, 38709, 83964, 2221, 51487, 86847, 14005, 89651, 45410, 32614, 24838, 40258, 99135, 55054, 4969, 96553, 24382, 92307, 81538, 18598, 31340, 57241, 99094, 6002, 7419, 86820, 42779, 11869, 72254, 27411, 31840, 79401, 73664, 91511, 29301, 88737, 56727, 37464, 71958, 69508, 25388, 4807, 91309, 55535, 78168, 94902, 31655, 46027, 94454, 40509, 42451, 1052, 68891, 6541, 61185, 60171, 90386, 32613, 13324, 92786, 63265, 21684, 48267, 73039, 43664, 60352, 52907, 44675, 95496, 2418, 7997, 69656, 52682, 3534, 62641, 94861, 67850, 67794, 22721, 46227, 31666, 8747, 35366, 39868, 7244, 91381, 38982, 77500, 57926, 64111, 61778, 4991, 50703, 56802, 29847, 58359, 95807, 95068, 83415, 81616, 76533, 71507, 98373, 2134, 16453, 78850, 30462, 46604, 89830, 21706, 86295, 8595, 79105, 19655, 43131, 3478, 75436, 73052, 71062, 31739, 45697, 16052, 87826, 33911, 8138, 66268, 4656, 40763, 97630, 99868, 91639, 2772, 58917, 49516, 46748, 20804, 59466, 99872, 25910, 53332, 38030, 78030, 73087, 32427, 25656, 22734, 86384, 91610, 214, 58585, 43431, 32734, 17757, 39750, 16177, 71705, 51831, 42392, 85543, 6696, 8045, 46570, 30940, 78199, 29592, 24154, 78765, 84514, 86057, 90538, 96392, 38901, 72898, 62612, 33489, 59571, 82991, 44920, 37691, 1121, 94492, 51499, 82069, 28888, 14310, 88903, 84118, 10546, 30703, 78344, 91528, 40853, 4171, 4336, 52942, 23065, 9391, 86682, 8024, 19625, 91371, 66707, 17488, 10058, 52363, 62581, 72253, 66959, 9752, 13742, 86275, 76334, 53755, 50348, 61297, 71442, 60130, 43371, 96139, 17674, 23526, 15019, 82578, 51684, 64820, 51041, 4364, 44980, 70927, 4192, 97078, 91706, 68350, 77970, 42423, 59117, 98713, 81658, 5742, 16489, 29002, 42948, 22071, 91882, 87587, 87335, 92995, 94276, 73117, 79084, 6387, 11821, 92270, 39525, 34375, 79523, 78948, 53831, 62075, 20954, 96006, 36604, 39077, 58604, 29341, 89780, 20577, 57898, 43874, 87854, 39253, 63110, 39371, 19091, 10078, 61402, 86956, 2706, 6459, 53395, 56986, 73952, 14732, 36024, 78732, 78176, 77392, 90109, 7387, 46633, 28051, 78533, 47690, 10143, 69800, 44745, 15386, 78043, 85757, 67383, 85811, 74336, 6202, 10109, 54780, 811, 76576, 77040, 49169, 96682, 92835, 45041, 1842, 65528, 34016, 83474, 14013, 27202, 66335, 44499, 370, 21730, 52896, 71182, 85991, 39160, 40902, 55926, 35512, 75736, 13601, 92189, 77065, 84092, 98012, 48127, 11588, 90917, 67209, 11527, 94121, 43713, 79943, 21649, 81567, 58642, 44906, 74680, 40034, 91400, 63001, 5213, 55104, 32747, 93307, 38861, 27986, 4842, 71222, 96204, 50490, 41376, 83189, 378, 48774, 92287, 2703, 84308, 62388, 24134, 92282, 90947, 61816, 96517, 93801, 12248, 42612, 36596, 34402, 48549, 64887, 18886, 20656, 39553, 90994, 50931, 61171, 97927, 2047, 85741, 60257, 56686, 62824, 95036, 97774, 26512, 32213, 24226, 39119, 9190, 40253, 35323, 71271, 90577, 44, 70979, 92296, 59388, 78444, 59936, 61842, 18317, 14104, 74209, 24390, 30917, 86127, 98120, 80417, 53683, 4088, 22491, 83407, 32889, 33182, 90125, 68253, 63599, 54457, 91265, 92333, 23178, 96129, 44767, 46114, 84454, 73652, 77970, 9354, 12847, 74690, 31643, 71792, 72701, 44459, 13482, 2404, 79190, 44599, 39581, 83762, 38122, 78181, 85472, 89495, 96088, 45750, 12132, 86111, 9109, 84610, 44138, 65151, 75159, 7903, 24327, 23796, 27486, 76491, 91005, 62756, 8359, 39827, 37498, 88884, 69064, 88341, 83620, 5172, 25162, 12655, 35222, 43042, 31508, 95614, 11871, 72016, 12050, 46298, 82757, 50191, 22398, 65305, 63983, 69826, 58709, 70825, 19588, 82568, 42327, 11142, 71395, 10520, 43850, 12080, 34833, 59211, 82355, 44790, 14277, 94119, 99751, 55723, 66045, 65818, 52492, 28845, 77469, 6552, 85250, 81990, 20182, 31757, 24256, 8564, 51246, 18916, 38412, 36848, 69380, 96252, 20867, 86440, 12168, 57866, 16845, 44507, 27280, 78684, 72618, 39882, 21960, 75878, 24632, 3639, 77549, 1172, 17919, 43076, 60918, 7295, 36117, 78965, 29935, 36303, 38772, 34652, 92292, 20532, 49163, 23139, 14852, 2419, 94945, 10473, 58389, 87817, 18164, 62277, 68791, 13348, 73330, 36876, 65334, 21264, 45823, 48913, 66448, 45681, 76227, 3298, 19245, 15292, 74225, 2081, 12669, 14545, 37361, 93452, 1880, 79845, 47996, 3938, 92890, 66904, 15377, 35288, 80314, 59754, 72027, 85560, 13002, 79410, 60381, 36834, 26822, 18526, 4275, 21261, 76951, 98894, 44292, 83338, 72810, 24459, 48197, 60404]})"
47.0,6,7,37,9.566072702407837,10113,"Genotype(dna={""<class 'abc.NT_0017'>"": [0, 91624], ""<class 'abc.NT_0017_P_00000'>"": [], ""<class 'abc.NT_0015'>"": [59754, 18526], ""<class 'abc.NT_0015_P_00000'>"": [], ""<class 'abc.NT_0000'>"": [3, 0, 68658, 75248], ""<class 'abc.NT_0000_P_00000'>"": [], ""<class 'bool'>"": [86460, 71005, 46271, 25993, 82631, 61562, 27230, 83215], ""<class 'abc.NT_0000_P_00001'>"": [], ""<class 'int'>"": [85895, 89850, 80314, 60404], ""<class 'abc.NT_0000_P_00002'>"": [], ""<class 'abc.NT_0000_P_00003'>"": [], ""<class 'abc.NT_0015_P_00001'>"": [], ""<class 'abc.NT_0010'>"": [], ""<class 'abc.NT_0010_P_00000'>"": [], ""<class 'abc.NT_0007'>"": [], ""<class 'abc.NT_0007_P_00000'>"": [], ""<class 'abc.NT_0003'>"": [], ""<class 'abc.NT_0003_P_00000'>"": [], ""<class 'abc.NT_0002'>"": [0, 15377], ""<class 'abc.NT_0002_P_00000'>"": [], ""<class 'abc.NT_0002_P_00001'>"": [], ""<class 'abc.NT_0001'>"": [36432, 14518, 2, 43884, 40571], ""<class 'abc.NT_0001_P_00000'>"": [], ""<class 'abc.NT_0001_P_00001'>"": [], ""<class 'abc.NT_0001_P_00002'>"": [], ""<class 'abc.NT_0001_P_00003'>"": [], ""<class 'abc.NT_0001_P_00004'>"": [], ""<class 'abc.NT_0002_P_00002'>"": [], ""<class 'abc.NT_0002_P_00003'>"": [], ""<class 'abc.NT_0003_P_00001'>"": [], ""<class 'abc.NT_0003_P_00002'>"": [], ""<class 'abc.NT_0003_P_00003'>"": [], ""<class 'abc.NT_0007_P_00001'>"": [], ""<class 'abc.NT_0004'>"": [93479, 30197, 83338, 72810, 24459, 48197], ""<class 'abc.NT_0004_P_00000'>"": [], ""<class 'abc.NT_0004_P_00001'>"": [], ""<class 'abc.NT_0010_P_00001'>"": [], ""<class 'abc.NT_0008'>"": [], ""<class 'abc.NT_0008_P_00000'>"": [], ""<class 'abc.NT_0010_P_00002'>"": [], ""<class 'abc.NT_0005'>"": [], ""<class 'abc.NT_0005_P_00000'>"": [], ""<class 'abc.NT_0005_P_00001'>"": [], ""<class 'abc.NT_0009'>"": [72027, 4275], ""<class 'abc.NT_0009_P_00000'>"": [], ""<class 'abc.NT_0009_P_00001'>"": [], ""<class 'abc.NT_0006'>"": [], ""<class 'abc.NT_0006_P_00000'>"": [], ""<class 'abc.NT_0009_P_00002'>"": [], ""<class 'abc.NT_0009_P_00003'>"": [], ""<class 'abc.NT_0015_P_00002'>"": [], ""<class 'abc.NT_0015_P_00003'>"": [], ""<class 'abc.NT_0014'>"": [], ""<class 'abc.NT_0014_P_00000'>"": [], ""<class 'abc.NT_0014_P_00001'>"": [], ""<class 'abc.NT_0015_P_00004'>"": [], ""<class 'abc.NT_0017_P_00001'>"": [], ""<class 'abc.NT_0016'>"": [], ""<class 'abc.NT_0016_P_00000'>"": [], ""<class 'abc.NT_0016_P_00001'>"": [], ""<class 'abc.NT_0016_P_00002'>"": [], ""<class 'abc.NT_0017_P_00002'>"": [], '$leftovers': [57587, 20000, 54340, 26317, 6481, 50799, 53366, 57672, 15437, 41470, 43194, 76280, 53058, 16632, 24951, 11647, 20336, 85920, 79178, 86726, 29687, 35122, 19936, 77951, 52918, 77202, 86811, 49977, 33989, 62146, 44283, 86282, 53235, 34529, 93786, 26995, 59308, 96804, 32075, 89268, 17705, 44065, 20964, 70557, 41228, 50394, 73244, 80589, 89878, 70093, 13531, 33497, 2118, 78177, 32452, 6202, 17781, 36111, 70983, 16310, 50605, 68444, 59396, 2989, 86690, 65815, 89541, 4173, 66353, 83209, 87572, 36004, 564, 32908, 7913, 59000, 95465, 92810, 87181, 4723, 71261, 90499, 32785, 42988, 8818, 96196, 25382, 42871, 28094, 74450, 1798, 9925, 29165, 11964, 72226, 30190, 2543, 47952, 6757, 23982, 21833, 84542, 51070, 20362, 47872, 63420, 54664, 2566, 11695, 6523, 29859, 6201, 70774, 77659, 84464, 78867, 27667, 69385, 65140, 36605, 7012, 1250, 28942, 20757, 68110, 13812, 73414, 97476, 48447, 65592, 47550, 63325, 56635, 41252, 76420, 8978, 72071, 1937, 52721, 11586, 95378, 12603, 22711, 7770, 30975, 43951, 55031, 2794, 31555, 40143, 45735, 26934, 973, 11552, 95654, 8346, 61470, 70413, 10371, 43200, 65213, 34376, 43681, 71623, 66363, 61726, 96882, 59629, 26130, 46919, 32533, 16075, 75983, 81859, 16243, 8366, 15261, 18908, 62350, 61492, 83170, 50893, 81836, 3003, 93817, 66605, 40524, 65446, 28020, 1863, 725, 71665, 25810, 44842, 73472, 41194, 64753, 52869, 28406, 39260, 71021, 44544, 65259, 40879, 61260, 45447, 45201, 3321, 71834, 91841, 85944, 94448, 53777, 52512, 8549, 49201, 19980, 24764, 94536, 5157, 97859, 66443, 89316, 95801, 13183, 85710, 46447, 35334, 77529, 59421, 81195, 9851, 45065, 1228, 86952, 32820, 60942, 12527, 2701, 43832, 81092, 19751, 59457, 23812, 97339, 11061, 65182, 36676, 27888, 43573, 78010, 73786, 42822, 94936, 73010, 77609, 10163, 63290, 27012, 14424, 18531, 84803, 64958, 43258, 85321, 82524, 12515, 71837, 58848, 55036, 90390, 48542, 50684, 67693, 63530, 31868, 23633, 21579, 6184, 53131, 21002, 64832, 92053, 7184, 69006, 35823, 8901, 37893, 51534, 12913, 22446, 26285, 70255, 27641, 21932, 83656, 66575, 48694, 39512, 17613, 54185, 98358, 36273, 43014, 10733, 45136, 56634, 51849, 94288, 26786, 42387, 35475, 24444, 8118, 49485, 81714, 83778, 89561, 8738, 52024, 58874, 72716, 42311, 25454, 87595, 81934, 17964, 61433, 19494, 83691, 27415, 37037, 93113, 43616, 52964, 48333, 56234, 18241, 27411, 16419, 52538, 26653, 9839, 74465, 52527, 80201, 79630, 1840, 83276, 82109, 32792, 12949, 92039, 43765, 36272, 54630, 58463, 7943, 38328, 97833, 45183, 91200, 15929, 47964, 40561, 81809, 14276, 39018, 78090, 20469, 86063, 44225, 33166, 87717, 85524, 97465, 83919, 30571, 47291, 11687, 54825, 46134, 8685, 78917, 38709, 83964, 2221, 51487, 86847, 14005, 89651, 45410, 32614, 24838, 40258, 99135, 55054, 4969, 96553, 24382, 92307, 81538, 18598, 31340, 57241, 99094, 6002, 7419, 86820, 42779, 11869, 72254, 27411, 31840, 79401, 73664, 91511, 29301, 88737, 56727, 37464, 71958, 69508, 25388, 4807, 91309, 55535, 78168, 94902, 31655, 46027, 94454, 40509, 42451, 1052, 68891, 6541, 61185, 60171, 90386, 32613, 13324, 92786, 63265, 21684, 48267, 73039, 43664, 60352, 52907, 44675, 95496, 2418, 7997, 69656, 52682, 3534, 62641, 94861, 67850, 67794, 22721, 46227, 31666, 8747, 35366, 39868, 7244, 91381, 38982, 77500, 57926, 64111, 61778, 4991, 50703, 56802, 29847, 58359, 95807, 95068, 83415, 81616, 76533, 71507, 98373, 2134, 16453, 78850, 30462, 46604, 89830, 21706, 86295, 8595, 79105, 19655, 43131, 3478, 75436, 73052, 71062, 31739, 45697, 16052, 87826, 33911, 8138, 66268, 4656, 40763, 97630, 99868, 91639, 2772, 58917, 49516, 46748, 20804, 59466, 99872, 25910, 53332, 38030, 78030, 73087, 32427, 25656, 22734, 86384, 91610, 214, 58585, 43431, 32734, 17757, 39750, 16177, 71705, 51831, 42392, 85543, 6696, 8045, 46570, 30940, 78199, 29592, 24154, 78765, 84514, 86057, 90538, 96392, 38901, 72898, 62612, 33489, 59571, 82991, 44920, 37691, 1121, 94492, 51499, 82069, 28888, 14310, 88903, 84118, 10546, 30703, 78344, 91528, 40853, 4171, 4336, 52942, 23065, 9391, 86682, 8024, 19625, 91371, 66707, 17488, 10058, 52363, 62581, 72253, 66959, 9752, 13742, 86275, 76334, 53755, 50348, 61297, 71442, 60130, 43371, 96139, 17674, 23526, 15019, 82578, 51684, 64820, 51041, 4364, 44980, 70927, 4192, 97078, 91706, 68350, 77970, 42423, 59117, 98713, 81658, 5742, 16489, 29002, 42948, 22071, 91882, 87587, 87335, 92995, 94276, 73117, 79084, 6387, 11821, 92270, 39525, 34375, 79523, 78948, 53831, 62075, 20954, 96006, 36604, 39077, 58604, 29341, 89780, 20577, 57898, 43874, 87854, 39253, 63110, 39371, 19091, 10078, 61402, 86956, 2706, 6459, 53395, 56986, 73952, 14732, 36024, 78732, 78176, 77392, 90109, 7387, 46633, 28051, 78533, 47690, 10143, 69800, 44745, 15386, 78043, 85757, 67383, 85811, 74336, 6202, 10109, 54780, 811, 76576, 77040, 49169, 96682, 92835, 45041, 1842, 65528, 34016, 83474, 14013, 27202, 66335, 44499, 370, 21730, 52896, 71182, 85991, 39160, 40902, 55926, 35512, 75736, 13601, 92189, 77065, 84092, 98012, 48127, 11588, 90917, 67209, 11527, 94121, 43713, 79943, 21649, 81567, 58642, 44906, 74680, 40034, 91400, 63001, 5213, 55104, 32747, 93307, 38861, 27986, 4842, 71222, 96204, 50490, 41376, 83189, 378, 48774, 92287, 2703, 84308, 62388, 24134, 92282, 90947, 61816, 96517, 93801, 12248, 42612, 36596, 34402, 48549, 64887, 18886, 20656, 39553, 90994, 50931, 61171, 97927, 2047, 85741, 60257, 56686, 62824, 95036, 97774, 26512, 32213, 24226, 39119, 9190, 40253, 35323, 71271, 90577, 44, 70979, 92296, 59388, 78444, 59936, 61842, 18317, 14104, 74209, 24390, 30917, 86127, 98120, 80417, 53683, 4088, 22491, 83407, 32889, 33182, 90125, 68253, 63599, 54457, 91265, 92333, 23178, 96129, 44767, 46114, 84454, 73652, 77970, 9354, 12847, 74690, 31643, 71792, 72701, 44459, 13482, 2404, 79190, 44599, 39581, 83762, 38122, 78181, 85472, 89495, 96088, 45750, 12132, 86111, 9109, 84610, 44138, 65151, 75159, 7903, 24327, 23796, 27486, 76491, 91005, 62756, 8359, 39827, 37498, 88884, 69064, 88341, 83620, 5172, 25162, 12655, 35222, 43042, 31508, 95614, 11871, 72016, 12050, 46298, 82757, 50191, 22398, 65305, 63983, 69826, 58709, 70825, 19588, 82568, 42327, 11142, 71395, 10520, 43850, 12080, 34833, 59211, 82355, 44790, 14277, 94119, 99751, 55723, 66045, 65818, 52492, 28845, 77469, 6552, 85250, 81990, 20182, 31757, 24256, 8564, 51246, 18916, 38412, 36848, 69380, 96252, 20867, 86440, 12168, 57866, 16845, 44507, 27280, 78684, 72618, 39882, 21960, 75878, 24632, 3639, 77549, 1172, 17919, 43076, 60918, 7295, 36117, 78965, 29935, 36303, 38772, 34652, 92292, 20532, 49163, 23139, 14852, 2419, 94945, 10473, 58389, 87817, 18164, 62277, 68791, 13348, 73330, 36876, 65334, 21264, 45823, 48913, 66448, 45681, 76227, 3298, 19245, 15292, 74225, 2081, 12669, 14545, 37361, 93452, 1880, 79845, 47996, 3938, 92890, 66904, 15377, 35288, 80314, 59754, 72027, 85560, 13002, 79410, 60381, 36834, 26822, 18526, 4275, 21261, 76951, 98894, 44292, 83338, 72810, 24459, 48197, 60404]})"
47.0,6,7,38,9.778286218643188,10113,"Genotype(dna={""<class 'abc.NT_0017'>"": [0, 91624], ""<class 'abc.NT_0017_P_00000'>"": [], ""<class 'abc.NT_0015'>"": [59754, 18526], ""<class 'abc.NT_0015_P_00000'>"": [], ""<class 'abc.NT_0000'>"": [3, 0, 68658, 75248], ""<class 'abc.NT_0000_P_00000'>"": [], ""<class 'bool'>"": [86460, 71005, 46271, 25993, 82631, 61562, 27230, 83215], ""<class 'abc.NT_0000_P_00001'>"": [], ""<class 'int'>"": [85895, 89850, 80314, 60404], ""<class 'abc.NT_0000_P_00002'>"": [], ""<class 'abc.NT_0000_P_00003'>"": [], ""<class 'abc.NT_0015_P_00001'>"": [], ""<class 'abc.NT_0010'>"": [], ""<class 'abc.NT_0010_P_00000'>"": [], ""<class 'abc.NT_0007'>"": [], ""<class 'abc.NT_0007_P_00000'>"": [], ""<class 'abc.NT_0003'>"": [], ""<class 'abc.NT_0003_P_00000'>"": [], ""<class 'abc.NT_0002'>"": [0, 15377], ""<class 'abc.NT_0002_P_00000'>"": [], ""<class 'abc.NT_0002_P_00001'>"": [], ""<class 'abc.NT_0001'>"": [36432, 14518, 2, 43884, 40571], ""<class 'abc.NT_0001_P_00000'>"": [], ""<class 'abc.NT_0001_P_00001'>"": [], ""<class 'abc.NT_0001_P_00002'>"": [], ""<class 'abc.NT_0001_P_00003'>"": [], ""<class 'abc.NT_0001_P_00004'>"": [], ""<class 'abc.NT_0002_P_00002'>"": [], ""<class 'abc.NT_0002_P_00003'>"": [], ""<class 'abc.NT_0003_P_00001'>"": [], ""<class 'abc.NT_0003_P_00002'>"": [], ""<class 'abc.NT_0003_P_00003'>"": [], ""<class 'abc.NT_0007_P_00001'>"": [], ""<class 'abc.NT_0004'>"": [93479, 30197, 83338, 72810, 24459, 48197], ""<class 'abc.NT_0004_P_00000'>"": [], ""<class 'abc.NT_0004_P_00001'>"": [], ""<class 'abc.NT_0010_P_00001'>"": [], ""<class 'abc.NT_0008'>"": [], ""<class 'abc.NT_0008_P_00000'>"": [], ""<class 'abc.NT_0010_P_00002'>"": [], ""<class 'abc.NT_0005'>"": [], ""<class 'abc.NT_0005_P_00000'>"": [], ""<class 'abc.NT_0005_P_00001'>"": [], ""<class 'abc.NT_0009'>"": [72027, 4275], ""<class 'abc.NT_0009_P_00000'>"": [], ""<class 'abc.NT_0009_P_00001'>"": [], ""<class 'abc.NT_0006'>"": [], ""<class 'abc.NT_0006_P_00000'>"": [], ""<class 'abc.NT_0009_P_00002'>"": [], ""<class 'abc.NT_0009_P_00003'>"": [], ""<class 'abc.NT_0015_P_00002'>"": [], ""<class 'abc.NT_0015_P_00003'>"": [], ""<class 'abc.NT_0014'>"": [], ""<class 'abc.NT_0014_P_00000'>"": [], ""<class 'abc.NT_0014_P_00001'>"": [], ""<class 'abc.NT_0015_P_00004'>"": [], ""<class 'abc.NT_0017_P_00001'>"": [], ""<class 'abc.NT_0016'>"": [], ""<class 'abc.NT_0016_P_00000'>"": [], ""<class 'abc.NT_0016_P_00001'>"": [], ""<class 'abc.NT_0016_P_00002'>"": [], ""<class 'abc.NT_0017_P_00002'>"": [], '$leftovers': [57587, 20000, 54340, 26317, 6481, 50799, 53366, 57672, 15437, 41470, 43194, 76280, 53058, 16632, 24951, 11647, 20336, 85920, 79178, 86726, 29687, 35122, 19936, 77951, 52918, 77202, 86811, 49977, 33989, 62146, 44283, 86282, 53235, 34529, 93786, 26995, 59308, 96804, 32075, 89268, 17705, 44065, 20964, 70557, 41228, 50394, 73244, 80589, 89878, 70093, 13531, 33497, 2118, 78177, 32452, 6202, 17781, 36111, 70983, 16310, 50605, 68444, 59396, 2989, 86690, 65815, 89541, 4173, 66353, 83209, 87572, 36004, 564, 32908, 7913, 59000, 95465, 92810, 87181, 4723, 71261, 90499, 32785, 42988, 8818, 96196, 25382, 42871, 28094, 74450, 1798, 9925, 29165, 11964, 72226, 30190, 2543, 47952, 6757, 23982, 21833, 84542, 51070, 20362, 47872, 63420, 54664, 2566, 11695, 6523, 29859, 6201, 70774, 77659, 84464, 78867, 27667, 69385, 65140, 36605, 7012, 1250, 28942, 20757, 68110, 13812, 73414, 97476, 48447, 65592, 47550, 63325, 56635, 41252, 76420, 8978, 72071, 1937, 52721, 11586, 95378, 12603, 22711, 7770, 30975, 43951, 55031, 2794, 31555, 40143, 45735, 26934, 973, 11552, 95654, 8346, 61470, 70413, 10371, 43200, 65213, 34376, 43681, 71623, 66363, 61726, 96882, 59629, 26130, 46919, 32533, 16075, 75983, 81859, 16243, 8366, 15261, 18908, 62350, 61492, 83170, 50893, 81836, 3003, 93817, 66605, 40524, 65446, 28020, 1863, 725, 71665, 25810, 44842, 73472, 41194, 64753, 52869, 28406, 39260, 71021, 44544, 65259, 40879, 61260, 45447, 45201, 3321, 71834, 91841, 85944, 94448, 53777, 52512, 8549, 49201, 19980, 24764, 94536, 5157, 97859, 66443, 89316, 95801, 13183, 85710, 46447, 35334, 77529, 59421, 81195, 9851, 45065, 1228, 86952, 32820, 60942, 12527, 2701, 43832, 81092, 19751, 59457, 23812, 97339, 11061, 65182, 36676, 27888, 43573, 78010, 73786, 42822, 94936, 73010, 77609, 10163, 63290, 27012, 14424, 18531, 84803, 64958, 43258, 85321, 82524, 12515, 71837, 58848, 55036, 90390, 48542, 50684, 67693, 63530, 31868, 23633, 21579, 6184, 53131, 21002, 64832, 92053, 7184, 69006, 35823, 8901, 37893, 51534, 12913, 22446, 26285, 70255, 27641, 21932, 83656, 66575, 48694, 39512, 17613, 54185, 98358, 36273, 43014, 10733, 45136, 56634, 51849, 94288, 26786, 42387, 35475, 24444, 8118, 49485, 81714, 83778, 89561, 8738, 52024, 58874, 72716, 42311, 25454, 87595, 81934, 17964, 61433, 19494, 83691, 27415, 37037, 93113, 43616, 52964, 48333, 56234, 18241, 27411, 16419, 52538, 26653, 9839, 74465, 52527, 80201, 79630, 1840, 83276, 82109, 32792, 12949, 92039, 43765, 36272, 54630, 58463, 7943, 38328, 97833, 45183, 91200, 15929, 47964, 40561, 81809, 14276, 39018, 78090, 20469, 86063, 44225, 33166, 87717, 85524, 97465, 83919, 30571, 47291, 11687, 54825, 46134, 8685, 78917, 38709, 83964, 2221, 51487, 86847, 14005, 89651, 45410, 32614, 24838, 40258, 99135, 55054, 4969, 96553, 24382, 92307, 81538, 18598, 31340, 57241, 99094, 6002, 7419, 86820, 42779, 11869, 72254, 27411, 31840, 79401, 73664, 91511, 29301, 88737, 56727, 37464, 71958, 69508, 25388, 4807, 91309, 55535, 78168, 94902, 31655, 46027, 94454, 40509, 42451, 1052, 68891, 6541, 61185, 60171, 90386, 32613, 13324, 92786, 63265, 21684, 48267, 73039, 43664, 60352, 52907, 44675, 95496, 2418, 7997, 69656, 52682, 3534, 62641, 94861, 67850, 67794, 22721, 46227, 31666, 8747, 35366, 39868, 7244, 91381, 38982, 77500, 57926, 64111, 61778, 4991, 50703, 56802, 29847, 58359, 95807, 95068, 83415, 81616, 76533, 71507, 98373, 2134, 16453, 78850, 30462, 46604, 89830, 21706, 86295, 8595, 79105, 19655, 43131, 3478, 75436, 73052, 71062, 31739, 45697, 16052, 87826, 33911, 8138, 66268, 4656, 40763, 97630, 99868, 91639, 2772, 58917, 49516, 46748, 20804, 59466, 99872, 25910, 53332, 38030, 78030, 73087, 32427, 25656, 22734, 86384, 91610, 214, 58585, 43431, 32734, 17757, 39750, 16177, 71705, 51831, 42392, 85543, 6696, 8045, 46570, 30940, 78199, 29592, 24154, 78765, 84514, 86057, 90538, 96392, 38901, 72898, 62612, 33489, 59571, 82991, 44920, 37691, 1121, 94492, 51499, 82069, 28888, 14310, 88903, 84118, 10546, 30703, 78344, 91528, 40853, 4171, 4336, 52942, 23065, 9391, 86682, 8024, 19625, 91371, 66707, 17488, 10058, 52363, 62581, 72253, 66959, 9752, 13742, 86275, 76334, 53755, 50348, 61297, 71442, 60130, 43371, 96139, 17674, 23526, 15019, 82578, 51684, 64820, 51041, 4364, 44980, 70927, 4192, 97078, 91706, 68350, 77970, 42423, 59117, 98713, 81658, 5742, 16489, 29002, 42948, 22071, 91882, 87587, 87335, 92995, 94276, 73117, 79084, 6387, 11821, 92270, 39525, 34375, 79523, 78948, 53831, 62075, 20954, 96006, 36604, 39077, 58604, 29341, 89780, 20577, 57898, 43874, 87854, 39253, 63110, 39371, 19091, 10078, 61402, 86956, 2706, 6459, 53395, 56986, 73952, 14732, 36024, 78732, 78176, 77392, 90109, 7387, 46633, 28051, 78533, 47690, 10143, 69800, 44745, 15386, 78043, 85757, 67383, 85811, 74336, 6202, 10109, 54780, 811, 76576, 77040, 49169, 96682, 92835, 45041, 1842, 65528, 34016, 83474, 14013, 27202, 66335, 44499, 370, 21730, 52896, 71182, 85991, 39160, 40902, 55926, 35512, 75736, 13601, 92189, 77065, 84092, 98012, 48127, 11588, 90917, 67209, 11527, 94121, 43713, 79943, 21649, 81567, 58642, 44906, 74680, 40034, 91400, 63001, 5213, 55104, 32747, 93307, 38861, 27986, 4842, 71222, 96204, 50490, 41376, 83189, 378, 48774, 92287, 2703, 84308, 62388, 24134, 92282, 90947, 61816, 96517, 93801, 12248, 42612, 36596, 34402, 48549, 64887, 18886, 20656, 39553, 90994, 50931, 61171, 97927, 2047, 85741, 60257, 56686, 62824, 95036, 97774, 26512, 32213, 24226, 39119, 9190, 40253, 35323, 71271, 90577, 44, 70979, 92296, 59388, 78444, 59936, 61842, 18317, 14104, 74209, 24390, 30917, 86127, 98120, 80417, 53683, 4088, 22491, 83407, 32889, 33182, 90125, 68253, 63599, 54457, 91265, 92333, 23178, 96129, 44767, 46114, 84454, 73652, 77970, 9354, 12847, 74690, 31643, 71792, 72701, 44459, 13482, 2404, 79190, 44599, 39581, 83762, 38122, 78181, 85472, 89495, 96088, 45750, 12132, 86111, 9109, 84610, 44138, 65151, 75159, 7903, 24327, 23796, 27486, 76491, 91005, 62756, 8359, 39827, 37498, 88884, 69064, 88341, 83620, 5172, 25162, 12655, 35222, 43042, 31508, 95614, 11871, 72016, 12050, 46298, 82757, 50191, 22398, 65305, 63983, 69826, 58709, 70825, 19588, 82568, 42327, 11142, 71395, 10520, 43850, 12080, 34833, 59211, 82355, 44790, 14277, 94119, 99751, 55723, 66045, 65818, 52492, 28845, 77469, 6552, 85250, 81990, 20182, 31757, 24256, 8564, 51246, 18916, 38412, 36848, 69380, 96252, 20867, 86440, 12168, 57866, 16845, 44507, 27280, 78684, 72618, 39882, 21960, 75878, 24632, 3639, 77549, 1172, 17919, 43076, 60918, 7295, 36117, 78965, 29935, 36303, 38772, 34652, 92292, 20532, 49163, 23139, 14852, 2419, 94945, 10473, 58389, 87817, 18164, 62277, 68791, 13348, 73330, 36876, 65334, 21264, 45823, 48913, 66448, 45681, 76227, 3298, 19245, 15292, 74225, 2081, 12669, 14545, 37361, 93452, 1880, 79845, 47996, 3938, 92890, 66904, 15377, 35288, 80314, 59754, 72027, 85560, 13002, 79410, 60381, 36834, 26822, 18526, 4275, 21261, 76951, 98894, 44292, 83338, 72810, 24459, 48197, 60404]})"
45.0,7,8,39,9.97372031211853,10113,"Genotype(dna={""<class 'abc.NT_0017'>"": [0, 91624], ""<class 'abc.NT_0017_P_00000'>"": [], ""<class 'abc.NT_0015'>"": [59754, 18526], ""<class 'abc.NT_0015_P_00000'>"": [], ""<class 'abc.NT_0000'>"": [16022, 0, 68658, 75248], ""<class 'abc.NT_0000_P_00000'>"": [], ""<class 'bool'>"": [86460, 41233, 75986, 25993, 82631, 61562, 27230, 83215], ""<class 'abc.NT_0000_P_00001'>"": [], ""<class 'int'>"": [91663, 89850, 80314, 60404], ""<class 'abc.NT_0000_P_00002'>"": [], ""<class 'abc.NT_0000_P_00003'>"": [], ""<class 'abc.NT_0015_P_00001'>"": [], ""<class 'abc.NT_0010'>"": [], ""<class 'abc.NT_0010_P_00000'>"": [], ""<class 'abc.NT_0007'>"": [], ""<class 'abc.NT_0007_P_00000'>"": [], ""<class 'abc.NT_0003'>"": [], ""<class 'abc.NT_0003_P_00000'>"": [], ""<class 'abc.NT_0002'>"": [0, 15377], ""<class 'abc.NT_0002_P_00000'>"": [], ""<class 'abc.NT_0002_P_00001'>"": [], ""<class 'abc.NT_0001'>"": [36432, 14518, 2, 43884, 40571], ""<class 'abc.NT_0001_P_00000'>"": [], ""<class 'abc.NT_0001_P_00001'>"": [], ""<class 'abc.NT_0001_P_00002'>"": [], ""<class 'abc.NT_0001_P_00003'>"": [], ""<class 'abc.NT_0001_P_00004'>"": [], ""<class 'abc.NT_0002_P_00002'>"": [], ""<class 'abc.NT_0002_P_00003'>"": [], ""<class 'abc.NT_0003_P_00001'>"": [], ""<class 'abc.NT_0003_P_00002'>"": [], ""<class 'abc.NT_0003_P_00003'>"": [], ""<class 'abc.NT_0007_P_00001'>"": [], ""<class 'abc.NT_0004'>"": [62590, 30197, 83338, 72810, 24459, 48197], ""<class 'abc.NT_0004_P_00000'>"": [], ""<class 'abc.NT_0004_P_00001'>"": [], ""<class 'abc.NT_0010_P_00001'>"": [], ""<class 'abc.NT_0008'>"": [], ""<class 'abc.NT_0008_P_00000'>"": [], ""<class 'abc.NT_0010_P_00002'>"": [], ""<class 'abc.NT_0005'>"": [], ""<class 'abc.NT_0005_P_00000'>"": [], ""<class 'abc.NT_0005_P_00001'>"": [], ""<class 'abc.NT_0009'>"": [72027, 4275], ""<class 'abc.NT_0009_P_00000'>"": [], ""<class 'abc.NT_0009_P_00001'>"": [], ""<class 'abc.NT_0006'>"": [], ""<class 'abc.NT_0006_P_00000'>"": [], ""<class 'abc.NT_0009_P_00002'>"": [], ""<class 'abc.NT_0009_P_00003'>"": [], ""<class 'abc.NT_0015_P_00002'>"": [], ""<class 'abc.NT_0015_P_00003'>"": [], ""<class 'abc.NT_0014'>"": [], ""<class 'abc.NT_0014_P_00000'>"": [], ""<class 'abc.NT_0014_P_00001'>"": [], ""<class 'abc.NT_0015_P_00004'>"": [], ""<class 'abc.NT_0017_P_00001'>"": [], ""<class 'abc.NT_0016'>"": [], ""<class 'abc.NT_0016_P_00000'>"": [], ""<class 'abc.NT_0016_P_00001'>"": [], ""<class 'abc.NT_0016_P_00002'>"": [], ""<class 'abc.NT_0017_P_00002'>"": [], '$leftovers': [57587, 20000, 54340, 26317, 6481, 50799, 53366, 57672, 15437, 41470, 43194, 76280, 53058, 16632, 24951, 11647, 20336, 85920, 79178, 86726, 29687, 35122, 19936, 77951, 52918, 77202, 86811, 49977, 33989, 62146, 44283, 86282, 53235, 34529, 93786, 26995, 59308, 96804, 32075, 89268, 17705, 44065, 20964, 70557, 41228, 50394, 73244, 80589, 89878, 70093, 13531, 33497, 2118, 78177, 32452, 6202, 17781, 36111, 70983, 16310, 50605, 68444, 59396, 2989, 86690, 65815, 89541, 4173, 66353, 83209, 87572, 36004, 564, 32908, 7913, 59000, 95465, 92810, 87181, 4723, 71261, 90499, 32785, 42988, 8818, 96196, 25382, 42871, 28094, 74450, 1798, 9925, 29165, 11964, 72226, 30190, 2543, 47952, 6757, 23982, 21833, 84542, 51070, 20362, 47872, 63420, 54664, 2566, 11695, 6523, 29859, 6201, 70774, 77659, 84464, 78867, 27667, 69385, 65140, 36605, 7012, 1250, 28942, 20757, 68110, 13812, 73414, 97476, 48447, 65592, 47550, 63325, 56635, 41252, 76420, 8978, 72071, 1937, 52721, 11586, 95378, 12603, 22711, 7770, 30975, 43951, 55031, 2794, 31555, 40143, 45735, 26934, 973, 11552, 95654, 8346, 61470, 70413, 10371, 43200, 65213, 34376, 43681, 71623, 66363, 61726, 96882, 59629, 26130, 46919, 32533, 16075, 75983, 81859, 16243, 8366, 15261, 18908, 62350, 61492, 83170, 50893, 81836, 3003, 93817, 66605, 40524, 65446, 28020, 1863, 725, 71665, 25810, 44842, 73472, 41194, 64753, 52869, 28406, 39260, 71021, 44544, 65259, 40879, 61260, 45447, 45201, 3321, 71834, 91841, 85944, 94448, 53777, 52512, 8549, 49201, 19980, 24764, 94536, 5157, 97859, 66443, 89316, 95801, 13183, 85710, 46447, 35334, 77529, 59421, 81195, 9851, 45065, 1228, 86952, 32820, 60942, 12527, 2701, 43832, 81092, 19751, 59457, 23812, 97339, 11061, 65182, 36676, 27888, 43573, 78010, 73786, 42822, 94936, 73010, 77609, 10163, 63290, 27012, 14424, 18531, 84803, 64958, 43258, 85321, 82524, 12515, 71837, 58848, 55036, 90390, 48542, 50684, 67693, 63530, 31868, 23633, 21579, 6184, 53131, 21002, 64832, 92053, 7184, 69006, 35823, 8901, 37893, 51534, 12913, 22446, 26285, 70255, 27641, 21932, 83656, 66575, 48694, 39512, 17613, 54185, 98358, 36273, 43014, 10733, 45136, 56634, 51849, 94288, 26786, 42387, 35475, 24444, 8118, 49485, 81714, 83778, 89561, 8738, 52024, 58874, 72716, 42311, 25454, 87595, 81934, 17964, 61433, 19494, 83691, 27415, 37037, 93113, 43616, 52964, 48333, 56234, 18241, 27411, 16419, 52538, 26653, 9839, 74465, 52527, 80201, 79630, 1840, 83276, 82109, 32792, 12949, 92039, 43765, 36272, 54630, 58463, 7943, 38328, 97833, 45183, 91200, 15929, 47964, 40561, 81809, 14276, 39018, 78090, 20469, 86063, 44225, 33166, 87717, 85524, 97465, 83919, 30571, 47291, 11687, 54825, 46134, 8685, 78917, 38709, 83964, 2221, 51487, 86847, 14005, 89651, 45410, 32614, 24838, 40258, 99135, 55054, 4969, 96553, 24382, 92307, 81538, 18598, 31340, 57241, 99094, 6002, 7419, 86820, 42779, 11869, 72254, 27411, 31840, 79401, 73664, 91511, 29301, 88737, 56727, 37464, 71958, 69508, 25388, 4807, 91309, 55535, 78168, 94902, 31655, 46027, 94454, 40509, 42451, 1052, 68891, 6541, 61185, 60171, 90386, 32613, 13324, 92786, 63265, 21684, 48267, 73039, 43664, 60352, 52907, 44675, 95496, 2418, 7997, 69656, 52682, 3534, 62641, 94861, 67850, 67794, 22721, 46227, 31666, 8747, 35366, 39868, 7244, 91381, 38982, 77500, 57926, 64111, 61778, 4991, 50703, 56802, 29847, 58359, 95807, 95068, 83415, 81616, 76533, 71507, 98373, 2134, 16453, 78850, 30462, 46604, 89830, 21706, 86295, 8595, 79105, 19655, 43131, 3478, 75436, 73052, 71062, 31739, 45697, 16052, 87826, 33911, 8138, 66268, 4656, 40763, 97630, 99868, 91639, 2772, 58917, 49516, 46748, 20804, 59466, 99872, 25910, 53332, 38030, 78030, 73087, 32427, 25656, 22734, 86384, 91610, 214, 58585, 43431, 32734, 17757, 39750, 16177, 71705, 51831, 42392, 85543, 6696, 8045, 46570, 30940, 78199, 29592, 24154, 78765, 84514, 86057, 90538, 96392, 38901, 72898, 62612, 33489, 59571, 82991, 44920, 37691, 1121, 94492, 51499, 82069, 28888, 14310, 88903, 84118, 10546, 30703, 78344, 91528, 40853, 4171, 4336, 52942, 23065, 9391, 86682, 8024, 19625, 91371, 66707, 17488, 10058, 52363, 62581, 72253, 66959, 9752, 13742, 86275, 76334, 53755, 50348, 61297, 71442, 60130, 43371, 96139, 17674, 23526, 15019, 82578, 51684, 64820, 51041, 4364, 44980, 70927, 4192, 97078, 91706, 68350, 77970, 42423, 59117, 98713, 81658, 5742, 16489, 29002, 42948, 22071, 91882, 87587, 87335, 92995, 94276, 73117, 79084, 6387, 11821, 92270, 39525, 34375, 79523, 78948, 53831, 62075, 20954, 96006, 36604, 39077, 58604, 29341, 89780, 20577, 57898, 43874, 87854, 39253, 63110, 39371, 19091, 10078, 61402, 86956, 2706, 6459, 53395, 56986, 73952, 14732, 36024, 78732, 78176, 77392, 90109, 7387, 46633, 28051, 78533, 47690, 10143, 69800, 44745, 15386, 78043, 85757, 67383, 85811, 74336, 6202, 10109, 54780, 811, 76576, 77040, 49169, 96682, 92835, 45041, 1842, 65528, 34016, 83474, 14013, 27202, 66335, 44499, 370, 21730, 52896, 71182, 85991, 39160, 40902, 55926, 35512, 75736, 13601, 92189, 77065, 84092, 98012, 48127, 11588, 90917, 67209, 11527, 94121, 43713, 79943, 21649, 81567, 58642, 44906, 74680, 40034, 91400, 63001, 5213, 55104, 32747, 93307, 38861, 27986, 4842, 71222, 96204, 50490, 41376, 83189, 378, 48774, 92287, 2703, 84308, 62388, 24134, 92282, 90947, 61816, 96517, 93801, 12248, 42612, 36596, 34402, 48549, 64887, 18886, 20656, 39553, 90994, 50931, 61171, 97927, 2047, 85741, 60257, 56686, 62824, 95036, 97774, 26512, 32213, 24226, 39119, 9190, 40253, 35323, 71271, 90577, 44, 70979, 92296, 59388, 78444, 59936, 61842, 18317, 14104, 74209, 24390, 30917, 86127, 98120, 80417, 53683, 4088, 22491, 83407, 32889, 33182, 90125, 68253, 63599, 54457, 91265, 92333, 23178, 96129, 44767, 46114, 84454, 73652, 77970, 9354, 12847, 74690, 31643, 71792, 72701, 44459, 13482, 2404, 79190, 44599, 39581, 83762, 38122, 78181, 85472, 89495, 96088, 45750, 12132, 86111, 9109, 84610, 44138, 65151, 75159, 7903, 24327, 23796, 27486, 76491, 91005, 62756, 8359, 39827, 37498, 88884, 69064, 88341, 83620, 5172, 25162, 12655, 35222, 43042, 31508, 95614, 11871, 72016, 12050, 46298, 82757, 50191, 22398, 65305, 63983, 69826, 58709, 70825, 19588, 82568, 42327, 11142, 71395, 10520, 43850, 12080, 34833, 59211, 82355, 44790, 14277, 94119, 99751, 55723, 66045, 65818, 52492, 28845, 77469, 6552, 85250, 81990, 20182, 31757, 24256, 8564, 51246, 18916, 38412, 36848, 69380, 96252, 20867, 86440, 12168, 57866, 16845, 44507, 27280, 78684, 72618, 39882, 21960, 75878, 24632, 3639, 77549, 1172, 17919, 43076, 60918, 7295, 36117, 78965, 29935, 36303, 38772, 34652, 92292, 20532, 49163, 23139, 14852, 2419, 94945, 10473, 58389, 87817, 18164, 62277, 68791, 13348, 73330, 36876, 65334, 21264, 45823, 48913, 66448, 45681, 76227, 3298, 19245, 15292, 74225, 2081, 12669, 14545, 37361, 93452, 1880, 79845, 47996, 3938, 92890, 66904, 15377, 35288, 80314, 59754, 72027, 85560, 13002, 79410, 60381, 36834, 26822, 18526, 4275, 21261, 76951, 98894, 44292, 83338, 72810, 24459, 48197, 60404]})"
45.0,7,8,40,10.159576416015625,10113,"Genotype(dna={""<class 'abc.NT_0017'>"": [0, 91624], ""<class 'abc.NT_0017_P_00000'>"": [], ""<class 'abc.NT_0015'>"": [59754, 18526], ""<class 'abc.NT_0015_P_00000'>"": [], ""<class 'abc.NT_0000'>"": [16022, 0, 68658, 75248], ""<class 'abc.NT_0000_P_00000'>"": [], ""<class 'bool'>"": [86460, 41233, 75986, 25993, 82631, 61562, 27230, 83215], ""<class 'abc.NT_0000_P_00001'>"": [], ""<class 'int'>"": [91663, 89850, 80314, 60404], ""<class 'abc.NT_0000_P_00002'>"": [], ""<class 'abc.NT_0000_P_00003'>"": [], ""<class 'abc.NT_0015_P_00001'>"": [], ""<class 'abc.NT_0010'>"": [], ""<class 'abc.NT_0010_P_00000'>"": [], ""<class 'abc.NT_0007'>"": [], ""<class 'abc.NT_0007_P_00000'>"": [], ""<class 'abc.NT_0003'>"": [], ""<class 'abc.NT_0003_P_00000'>"": [], ""<class 'abc.NT_0002'>"": [0, 15377], ""<class 'abc.NT_0002_P_00000'>"": [], ""<class 'abc.NT_0002_P_00001'>"": [], ""<class 'abc.NT_0001'>"": [36432, 14518, 2, 43884, 40571], ""<class 'abc.NT_0001_P_00000'>"": [], ""<class 'abc.NT_0001_P_00001'>"": [], ""<class 'abc.NT_0001_P_00002'>"": [], ""<class 'abc.NT_0001_P_00003'>"": [], ""<class 'abc.NT_0001_P_00004'>"": [], ""<class 'abc.NT_0002_P_00002'>"": [], ""<class 'abc.NT_0002_P_00003'>"": [], ""<class 'abc.NT_0003_P_00001'>"": [], ""<class 'abc.NT_0003_P_00002'>"": [], ""<class 'abc.NT_0003_P_00003'>"": [], ""<class 'abc.NT_0007_P_00001'>"": [], ""<class 'abc.NT_0004'>"": [62590, 30197, 83338, 72810, 24459, 48197], ""<class 'abc.NT_0004_P_00000'>"": [], ""<class 'abc.NT_0004_P_00001'>"": [], ""<class 'abc.NT_0010_P_00001'>"": [], ""<class 'abc.NT_0008'>"": [], ""<class 'abc.NT_0008_P_00000'>"": [], ""<class 'abc.NT_0010_P_00002'>"": [], ""<class 'abc.NT_0005'>"": [], ""<class 'abc.NT_0005_P_00000'>"": [], ""<class 'abc.NT_0005_P_00001'>"": [], ""<class 'abc.NT_0009'>"": [72027, 4275], ""<class 'abc.NT_0009_P_00000'>"": [], ""<class 'abc.NT_0009_P_00001'>"": [], ""<class 'abc.NT_0006'>"": [], ""<class 'abc.NT_0006_P_00000'>"": [], ""<class 'abc.NT_0009_P_00002'>"": [], ""<class 'abc.NT_0009_P_00003'>"": [], ""<class 'abc.NT_0015_P_00002'>"": [], ""<class 'abc.NT_0015_P_00003'>"": [], ""<class 'abc.NT_0014'>"": [], ""<class 'abc.NT_0014_P_00000'>"": [], ""<class 'abc.NT_0014_P_00001'>"": [], ""<class 'abc.NT_0015_P_00004'>"": [], ""<class 'abc.NT_0017_P_00001'>"": [], ""<class 'abc.NT_0016'>"": [], ""<class 'abc.NT_0016_P_00000'>"": [], ""<class 'abc.NT_0016_P_00001'>"": [], ""<class 'abc.NT_0016_P_00002'>"": [], ""<class 'abc.NT_0017_P_00002'>"": [], '$leftovers': [57587, 20000, 54340, 26317, 6481, 50799, 53366, 57672, 15437, 41470, 43194, 76280, 53058, 16632, 24951, 11647, 20336, 85920, 79178, 86726, 29687, 35122, 19936, 77951, 52918, 77202, 86811, 49977, 33989, 62146, 44283, 86282, 53235, 34529, 93786, 26995, 59308, 96804, 32075, 89268, 17705, 44065, 20964, 70557, 41228, 50394, 73244, 80589, 89878, 70093, 13531, 33497, 2118, 78177, 32452, 6202, 17781, 36111, 70983, 16310, 50605, 68444, 59396, 2989, 86690, 65815, 89541, 4173, 66353, 83209, 87572, 36004, 564, 32908, 7913, 59000, 95465, 92810, 87181, 4723, 71261, 90499, 32785, 42988, 8818, 96196, 25382, 42871, 28094, 74450, 1798, 9925, 29165, 11964, 72226, 30190, 2543, 47952, 6757, 23982, 21833, 84542, 51070, 20362, 47872, 63420, 54664, 2566, 11695, 6523, 29859, 6201, 70774, 77659, 84464, 78867, 27667, 69385, 65140, 36605, 7012, 1250, 28942, 20757, 68110, 13812, 73414, 97476, 48447, 65592, 47550, 63325, 56635, 41252, 76420, 8978, 72071, 1937, 52721, 11586, 95378, 12603, 22711, 7770, 30975, 43951, 55031, 2794, 31555, 40143, 45735, 26934, 973, 11552, 95654, 8346, 61470, 70413, 10371, 43200, 65213, 34376, 43681, 71623, 66363, 61726, 96882, 59629, 26130, 46919, 32533, 16075, 75983, 81859, 16243, 8366, 15261, 18908, 62350, 61492, 83170, 50893, 81836, 3003, 93817, 66605, 40524, 65446, 28020, 1863, 725, 71665, 25810, 44842, 73472, 41194, 64753, 52869, 28406, 39260, 71021, 44544, 65259, 40879, 61260, 45447, 45201, 3321, 71834, 91841, 85944, 94448, 53777, 52512, 8549, 49201, 19980, 24764, 94536, 5157, 97859, 66443, 89316, 95801, 13183, 85710, 46447, 35334, 77529, 59421, 81195, 9851, 45065, 1228, 86952, 32820, 60942, 12527, 2701, 43832, 81092, 19751, 59457, 23812, 97339, 11061, 65182, 36676, 27888, 43573, 78010, 73786, 42822, 94936, 73010, 77609, 10163, 63290, 27012, 14424, 18531, 84803, 64958, 43258, 85321, 82524, 12515, 71837, 58848, 55036, 90390, 48542, 50684, 67693, 63530, 31868, 23633, 21579, 6184, 53131, 21002, 64832, 92053, 7184, 69006, 35823, 8901, 37893, 51534, 12913, 22446, 26285, 70255, 27641, 21932, 83656, 66575, 48694, 39512, 17613, 54185, 98358, 36273, 43014, 10733, 45136, 56634, 51849, 94288, 26786, 42387, 35475, 24444, 8118, 49485, 81714, 83778, 89561, 8738, 52024, 58874, 72716, 42311, 25454, 87595, 81934, 17964, 61433, 19494, 83691, 27415, 37037, 93113, 43616, 52964, 48333, 56234, 18241, 27411, 16419, 52538, 26653, 9839, 74465, 52527, 80201, 79630, 1840, 83276, 82109, 32792, 12949, 92039, 43765, 36272, 54630, 58463, 7943, 38328, 97833, 45183, 91200, 15929, 47964, 40561, 81809, 14276, 39018, 78090, 20469, 86063, 44225, 33166, 87717, 85524, 97465, 83919, 30571, 47291, 11687, 54825, 46134, 8685, 78917, 38709, 83964, 2221, 51487, 86847, 14005, 89651, 45410, 32614, 24838, 40258, 99135, 55054, 4969, 96553, 24382, 92307, 81538, 18598, 31340, 57241, 99094, 6002, 7419, 86820, 42779, 11869, 72254, 27411, 31840, 79401, 73664, 91511, 29301, 88737, 56727, 37464, 71958, 69508, 25388, 4807, 91309, 55535, 78168, 94902, 31655, 46027, 94454, 40509, 42451, 1052, 68891, 6541, 61185, 60171, 90386, 32613, 13324, 92786, 63265, 21684, 48267, 73039, 43664, 60352, 52907, 44675, 95496, 2418, 7997, 69656, 52682, 3534, 62641, 94861, 67850, 67794, 22721, 46227, 31666, 8747, 35366, 39868, 7244, 91381, 38982, 77500, 57926, 64111, 61778, 4991, 50703, 56802, 29847, 58359, 95807, 95068, 83415, 81616, 76533, 71507, 98373, 2134, 16453, 78850, 30462, 46604, 89830, 21706, 86295, 8595, 79105, 19655, 43131, 3478, 75436, 73052, 71062, 31739, 45697, 16052, 87826, 33911, 8138, 66268, 4656, 40763, 97630, 99868, 91639, 2772, 58917, 49516, 46748, 20804, 59466, 99872, 25910, 53332, 38030, 78030, 73087, 32427, 25656, 22734, 86384, 91610, 214, 58585, 43431, 32734, 17757, 39750, 16177, 71705, 51831, 42392, 85543, 6696, 8045, 46570, 30940, 78199, 29592, 24154, 78765, 84514, 86057, 90538, 96392, 38901, 72898, 62612, 33489, 59571, 82991, 44920, 37691, 1121, 94492, 51499, 82069, 28888, 14310, 88903, 84118, 10546, 30703, 78344, 91528, 40853, 4171, 4336, 52942, 23065, 9391, 86682, 8024, 19625, 91371, 66707, 17488, 10058, 52363, 62581, 72253, 66959, 9752, 13742, 86275, 76334, 53755, 50348, 61297, 71442, 60130, 43371, 96139, 17674, 23526, 15019, 82578, 51684, 64820, 51041, 4364, 44980, 70927, 4192, 97078, 91706, 68350, 77970, 42423, 59117, 98713, 81658, 5742, 16489, 29002, 42948, 22071, 91882, 87587, 87335, 92995, 94276, 73117, 79084, 6387, 11821, 92270, 39525, 34375, 79523, 78948, 53831, 62075, 20954, 96006, 36604, 39077, 58604, 29341, 89780, 20577, 57898, 43874, 87854, 39253, 63110, 39371, 19091, 10078, 61402, 86956, 2706, 6459, 53395, 56986, 73952, 14732, 36024, 78732, 78176, 77392, 90109, 7387, 46633, 28051, 78533, 47690, 10143, 69800, 44745, 15386, 78043, 85757, 67383, 85811, 74336, 6202, 10109, 54780, 811, 76576, 77040, 49169, 96682, 92835, 45041, 1842, 65528, 34016, 83474, 14013, 27202, 66335, 44499, 370, 21730, 52896, 71182, 85991, 39160, 40902, 55926, 35512, 75736, 13601, 92189, 77065, 84092, 98012, 48127, 11588, 90917, 67209, 11527, 94121, 43713, 79943, 21649, 81567, 58642, 44906, 74680, 40034, 91400, 63001, 5213, 55104, 32747, 93307, 38861, 27986, 4842, 71222, 96204, 50490, 41376, 83189, 378, 48774, 92287, 2703, 84308, 62388, 24134, 92282, 90947, 61816, 96517, 93801, 12248, 42612, 36596, 34402, 48549, 64887, 18886, 20656, 39553, 90994, 50931, 61171, 97927, 2047, 85741, 60257, 56686, 62824, 95036, 97774, 26512, 32213, 24226, 39119, 9190, 40253, 35323, 71271, 90577, 44, 70979, 92296, 59388, 78444, 59936, 61842, 18317, 14104, 74209, 24390, 30917, 86127, 98120, 80417, 53683, 4088, 22491, 83407, 32889, 33182, 90125, 68253, 63599, 54457, 91265, 92333, 23178, 96129, 44767, 46114, 84454, 73652, 77970, 9354, 12847, 74690, 31643, 71792, 72701, 44459, 13482, 2404, 79190, 44599, 39581, 83762, 38122, 78181, 85472, 89495, 96088, 45750, 12132, 86111, 9109, 84610, 44138, 65151, 75159, 7903, 24327, 23796, 27486, 76491, 91005, 62756, 8359, 39827, 37498, 88884, 69064, 88341, 83620, 5172, 25162, 12655, 35222, 43042, 31508, 95614, 11871, 72016, 12050, 46298, 82757, 50191, 22398, 65305, 63983, 69826, 58709, 70825, 19588, 82568, 42327, 11142, 71395, 10520, 43850, 12080, 34833, 59211, 82355, 44790, 14277, 94119, 99751, 55723, 66045, 65818, 52492, 28845, 77469, 6552, 85250, 81990, 20182, 31757, 24256, 8564, 51246, 18916, 38412, 36848, 69380, 96252, 20867, 86440, 12168, 57866, 16845, 44507, 27280, 78684, 72618, 39882, 21960, 75878, 24632, 3639, 77549, 1172, 17919, 43076, 60918, 7295, 36117, 78965, 29935, 36303, 38772, 34652, 92292, 20532, 49163, 23139, 14852, 2419, 94945, 10473, 58389, 87817, 18164, 62277, 68791, 13348, 73330, 36876, 65334, 21264, 45823, 48913, 66448, 45681, 76227, 3298, 19245, 15292, 74225, 2081, 12669, 14545, 37361, 93452, 1880, 79845, 47996, 3938, 92890, 66904, 15377, 35288, 80314, 59754, 72027, 85560, 13002, 79410, 60381, 36834, 26822, 18526, 4275, 21261, 76951, 98894, 44292, 83338, 72810, 24459, 48197, 60404]})"
45.0,7,8,41,10.363154888153076,10113,"Genotype(dna={""<class 'abc.NT_0017'>"": [0, 91624], ""<class 'abc.NT_0017_P_00000'>"": [], ""<class 'abc.NT_0015'>"": [59754, 18526], ""<class 'abc.NT_0015_P_00000'>"": [], ""<class 'abc.NT_0000'>"": [16022, 0, 68658, 75248], ""<class 'abc.NT_0000_P_00000'>"": [], ""<class 'bool'>"": [86460, 41233, 75986, 25993, 82631, 61562, 27230, 83215], ""<class 'abc.NT_0000_P_00001'>"": [], ""<class 'int'>"": [91663, 89850, 80314, 60404], ""<class 'abc.NT_0000_P_00002'>"": [], ""<class 'abc.NT_0000_P_00003'>"": [], ""<class 'abc.NT_0015_P_00001'>"": [], ""<class 'abc.NT_0010'>"": [], ""<class 'abc.NT_0010_P_00000'>"": [], ""<class 'abc.NT_0007'>"": [], ""<class 'abc.NT_0007_P_00000'>"": [], ""<class 'abc.NT_0003'>"": [], ""<class 'abc.NT_0003_P_00000'>"": [], ""<class 'abc.NT_0002'>"": [0, 15377], ""<class 'abc.NT_0002_P_00000'>"": [], ""<class 'abc.NT_0002_P_00001'>"": [], ""<class 'abc.NT_0001'>"": [36432, 14518, 2, 43884, 40571], ""<class 'abc.NT_0001_P_00000'>"": [], ""<class 'abc.NT_0001_P_00001'>"": [], ""<class 'abc.NT_0001_P_00002'>"": [], ""<class 'abc.NT_0001_P_00003'>"": [], ""<class 'abc.NT_0001_P_00004'>"": [], ""<class 'abc.NT_0002_P_00002'>"": [], ""<class 'abc.NT_0002_P_00003'>"": [], ""<class 'abc.NT_0003_P_00001'>"": [], ""<class 'abc.NT_0003_P_00002'>"": [], ""<class 'abc.NT_0003_P_00003'>"": [], ""<class 'abc.NT_0007_P_00001'>"": [], ""<class 'abc.NT_0004'>"": [62590, 30197, 83338, 72810, 24459, 48197], ""<class 'abc.NT_0004_P_00000'>"": [], ""<class 'abc.NT_0004_P_00001'>"": [], ""<class 'abc.NT_0010_P_00001'>"": [], ""<class 'abc.NT_0008'>"": [], ""<class 'abc.NT_0008_P_00000'>"": [], ""<class 'abc.NT_0010_P_00002'>"": [], ""<class 'abc.NT_0005'>"": [], ""<class 'abc.NT_0005_P_00000'>"": [], ""<class 'abc.NT_0005_P_00001'>"": [], ""<class 'abc.NT_0009'>"": [72027, 4275], ""<class 'abc.NT_0009_P_00000'>"": [], ""<class 'abc.NT_0009_P_00001'>"": [], ""<class 'abc.NT_0006'>"": [], ""<class 'abc.NT_0006_P_00000'>"": [], ""<class 'abc.NT_0009_P_00002'>"": [], ""<class 'abc.NT_0009_P_00003'>"": [], ""<class 'abc.NT_0015_P_00002'>"": [], ""<class 'abc.NT_0015_P_00003'>"": [], ""<class 'abc.NT_0014'>"": [], ""<class 'abc.NT_0014_P_00000'>"": [], ""<class 'abc.NT_0014_P_00001'>"": [], ""<class 'abc.NT_0015_P_00004'>"": [], ""<class 'abc.NT_0017_P_00001'>"": [], ""<class 'abc.NT_0016'>"": [], ""<class 'abc.NT_0016_P_00000'>"": [], ""<class 'abc.NT_0016_P_00001'>"": [], ""<class 'abc.NT_0016_P_00002'>"": [], ""<class 'abc.NT_0017_P_00002'>"": [], '$leftovers': [57587, 20000, 54340, 26317, 6481, 50799, 53366, 57672, 15437, 41470, 43194, 76280, 53058, 16632, 24951, 11647, 20336, 85920, 79178, 86726, 29687, 35122, 19936, 77951, 52918, 77202, 86811, 49977, 33989, 62146, 44283, 86282, 53235, 34529, 93786, 26995, 59308, 96804, 32075, 89268, 17705, 44065, 20964, 70557, 41228, 50394, 73244, 80589, 89878, 70093, 13531, 33497, 2118, 78177, 32452, 6202, 17781, 36111, 70983, 16310, 50605, 68444, 59396, 2989, 86690, 65815, 89541, 4173, 66353, 83209, 87572, 36004, 564, 32908, 7913, 59000, 95465, 92810, 87181, 4723, 71261, 90499, 32785, 42988, 8818, 96196, 25382, 42871, 28094, 74450, 1798, 9925, 29165, 11964, 72226, 30190, 2543, 47952, 6757, 23982, 21833, 84542, 51070, 20362, 47872, 63420, 54664, 2566, 11695, 6523, 29859, 6201, 70774, 77659, 84464, 78867, 27667, 69385, 65140, 36605, 7012, 1250, 28942, 20757, 68110, 13812, 73414, 97476, 48447, 65592, 47550, 63325, 56635, 41252, 76420, 8978, 72071, 1937, 52721, 11586, 95378, 12603, 22711, 7770, 30975, 43951, 55031, 2794, 31555, 40143, 45735, 26934, 973, 11552, 95654, 8346, 61470, 70413, 10371, 43200, 65213, 34376, 43681, 71623, 66363, 61726, 96882, 59629, 26130, 46919, 32533, 16075, 75983, 81859, 16243, 8366, 15261, 18908, 62350, 61492, 83170, 50893, 81836, 3003, 93817, 66605, 40524, 65446, 28020, 1863, 725, 71665, 25810, 44842, 73472, 41194, 64753, 52869, 28406, 39260, 71021, 44544, 65259, 40879, 61260, 45447, 45201, 3321, 71834, 91841, 85944, 94448, 53777, 52512, 8549, 49201, 19980, 24764, 94536, 5157, 97859, 66443, 89316, 95801, 13183, 85710, 46447, 35334, 77529, 59421, 81195, 9851, 45065, 1228, 86952, 32820, 60942, 12527, 2701, 43832, 81092, 19751, 59457, 23812, 97339, 11061, 65182, 36676, 27888, 43573, 78010, 73786, 42822, 94936, 73010, 77609, 10163, 63290, 27012, 14424, 18531, 84803, 64958, 43258, 85321, 82524, 12515, 71837, 58848, 55036, 90390, 48542, 50684, 67693, 63530, 31868, 23633, 21579, 6184, 53131, 21002, 64832, 92053, 7184, 69006, 35823, 8901, 37893, 51534, 12913, 22446, 26285, 70255, 27641, 21932, 83656, 66575, 48694, 39512, 17613, 54185, 98358, 36273, 43014, 10733, 45136, 56634, 51849, 94288, 26786, 42387, 35475, 24444, 8118, 49485, 81714, 83778, 89561, 8738, 52024, 58874, 72716, 42311, 25454, 87595, 81934, 17964, 61433, 19494, 83691, 27415, 37037, 93113, 43616, 52964, 48333, 56234, 18241, 27411, 16419, 52538, 26653, 9839, 74465, 52527, 80201, 79630, 1840, 83276, 82109, 32792, 12949, 92039, 43765, 36272, 54630, 58463, 7943, 38328, 97833, 45183, 91200, 15929, 47964, 40561, 81809, 14276, 39018, 78090, 20469, 86063, 44225, 33166, 87717, 85524, 97465, 83919, 30571, 47291, 11687, 54825, 46134, 8685, 78917, 38709, 83964, 2221, 51487, 86847, 14005, 89651, 45410, 32614, 24838, 40258, 99135, 55054, 4969, 96553, 24382, 92307, 81538, 18598, 31340, 57241, 99094, 6002, 7419, 86820, 42779, 11869, 72254, 27411, 31840, 79401, 73664, 91511, 29301, 88737, 56727, 37464, 71958, 69508, 25388, 4807, 91309, 55535, 78168, 94902, 31655, 46027, 94454, 40509, 42451, 1052, 68891, 6541, 61185, 60171, 90386, 32613, 13324, 92786, 63265, 21684, 48267, 73039, 43664, 60352, 52907, 44675, 95496, 2418, 7997, 69656, 52682, 3534, 62641, 94861, 67850, 67794, 22721, 46227, 31666, 8747, 35366, 39868, 7244, 91381, 38982, 77500, 57926, 64111, 61778, 4991, 50703, 56802, 29847, 58359, 95807, 95068, 83415, 81616, 76533, 71507, 98373, 2134, 16453, 78850, 30462, 46604, 89830, 21706, 86295, 8595, 79105, 19655, 43131, 3478, 75436, 73052, 71062, 31739, 45697, 16052, 87826, 33911, 8138, 66268, 4656, 40763, 97630, 99868, 91639, 2772, 58917, 49516, 46748, 20804, 59466, 99872, 25910, 53332, 38030, 78030, 73087, 32427, 25656, 22734, 86384, 91610, 214, 58585, 43431, 32734, 17757, 39750, 16177, 71705, 51831, 42392, 85543, 6696, 8045, 46570, 30940, 78199, 29592, 24154, 78765, 84514, 86057, 90538, 96392, 38901, 72898, 62612, 33489, 59571, 82991, 44920, 37691, 1121, 94492, 51499, 82069, 28888, 14310, 88903, 84118, 10546, 30703, 78344, 91528, 40853, 4171, 4336, 52942, 23065, 9391, 86682, 8024, 19625, 91371, 66707, 17488, 10058, 52363, 62581, 72253, 66959, 9752, 13742, 86275, 76334, 53755, 50348, 61297, 71442, 60130, 43371, 96139, 17674, 23526, 15019, 82578, 51684, 64820, 51041, 4364, 44980, 70927, 4192, 97078, 91706, 68350, 77970, 42423, 59117, 98713, 81658, 5742, 16489, 29002, 42948, 22071, 91882, 87587, 87335, 92995, 94276, 73117, 79084, 6387, 11821, 92270, 39525, 34375, 79523, 78948, 53831, 62075, 20954, 96006, 36604, 39077, 58604, 29341, 89780, 20577, 57898, 43874, 87854, 39253, 63110, 39371, 19091, 10078, 61402, 86956, 2706, 6459, 53395, 56986, 73952, 14732, 36024, 78732, 78176, 77392, 90109, 7387, 46633, 28051, 78533, 47690, 10143, 69800, 44745, 15386, 78043, 85757, 67383, 85811, 74336, 6202, 10109, 54780, 811, 76576, 77040, 49169, 96682, 92835, 45041, 1842, 65528, 34016, 83474, 14013, 27202, 66335, 44499, 370, 21730, 52896, 71182, 85991, 39160, 40902, 55926, 35512, 75736, 13601, 92189, 77065, 84092, 98012, 48127, 11588, 90917, 67209, 11527, 94121, 43713, 79943, 21649, 81567, 58642, 44906, 74680, 40034, 91400, 63001, 5213, 55104, 32747, 93307, 38861, 27986, 4842, 71222, 96204, 50490, 41376, 83189, 378, 48774, 92287, 2703, 84308, 62388, 24134, 92282, 90947, 61816, 96517, 93801, 12248, 42612, 36596, 34402, 48549, 64887, 18886, 20656, 39553, 90994, 50931, 61171, 97927, 2047, 85741, 60257, 56686, 62824, 95036, 97774, 26512, 32213, 24226, 39119, 9190, 40253, 35323, 71271, 90577, 44, 70979, 92296, 59388, 78444, 59936, 61842, 18317, 14104, 74209, 24390, 30917, 86127, 98120, 80417, 53683, 4088, 22491, 83407, 32889, 33182, 90125, 68253, 63599, 54457, 91265, 92333, 23178, 96129, 44767, 46114, 84454, 73652, 77970, 9354, 12847, 74690, 31643, 71792, 72701, 44459, 13482, 2404, 79190, 44599, 39581, 83762, 38122, 78181, 85472, 89495, 96088, 45750, 12132, 86111, 9109, 84610, 44138, 65151, 75159, 7903, 24327, 23796, 27486, 76491, 91005, 62756, 8359, 39827, 37498, 88884, 69064, 88341, 83620, 5172, 25162, 12655, 35222, 43042, 31508, 95614, 11871, 72016, 12050, 46298, 82757, 50191, 22398, 65305, 63983, 69826, 58709, 70825, 19588, 82568, 42327, 11142, 71395, 10520, 43850, 12080, 34833, 59211, 82355, 44790, 14277, 94119, 99751, 55723, 66045, 65818, 52492, 28845, 77469, 6552, 85250, 81990, 20182, 31757, 24256, 8564, 51246, 18916, 38412, 36848, 69380, 96252, 20867, 86440, 12168, 57866, 16845, 44507, 27280, 78684, 72618, 39882, 21960, 75878, 24632, 3639, 77549, 1172, 17919, 43076, 60918, 7295, 36117, 78965, 29935, 36303, 38772, 34652, 92292, 20532, 49163, 23139, 14852, 2419, 94945, 10473, 58389, 87817, 18164, 62277, 68791, 13348, 73330, 36876, 65334, 21264, 45823, 48913, 66448, 45681, 76227, 3298, 19245, 15292, 74225, 2081, 12669, 14545, 37361, 93452, 1880, 79845, 47996, 3938, 92890, 66904, 15377, 35288, 80314, 59754, 72027, 85560, 13002, 79410, 60381, 36834, 26822, 18526, 4275, 21261, 76951, 98894, 44292, 83338, 72810, 24459, 48197, 60404]})"
45.0,7,8,42,10.584335565567017,10113,"Genotype(dna={""<class 'abc.NT_0017'>"": [0, 91624], ""<class 'abc.NT_0017_P_00000'>"": [], ""<class 'abc.NT_0015'>"": [59754, 18526], ""<class 'abc.NT_0015_P_00000'>"": [], ""<class 'abc.NT_0000'>"": [16022, 0, 68658, 75248], ""<class 'abc.NT_0000_P_00000'>"": [], ""<class 'bool'>"": [86460, 41233, 75986, 25993, 82631, 61562, 27230, 83215], ""<class 'abc.NT_0000_P_00001'>"": [], ""<class 'int'>"": [91663, 89850, 80314, 60404], ""<class 'abc.NT_0000_P_00002'>"": [], ""<class 'abc.NT_0000_P_00003'>"": [], ""<class 'abc.NT_0015_P_00001'>"": [], ""<class 'abc.NT_0010'>"": [], ""<class 'abc.NT_0010_P_00000'>"": [], ""<class 'abc.NT_0007'>"": [], ""<class 'abc.NT_0007_P_00000'>"": [], ""<class 'abc.NT_0003'>"": [], ""<class 'abc.NT_0003_P_00000'>"": [], ""<class 'abc.NT_0002'>"": [0, 15377], ""<class 'abc.NT_0002_P_00000'>"": [], ""<class 'abc.NT_0002_P_00001'>"": [], ""<class 'abc.NT_0001'>"": [36432, 14518, 2, 43884, 40571], ""<class 'abc.NT_0001_P_00000'>"": [], ""<class 'abc.NT_0001_P_00001'>"": [], ""<class 'abc.NT_0001_P_00002'>"": [], ""<class 'abc.NT_0001_P_00003'>"": [], ""<class 'abc.NT_0001_P_00004'>"": [], ""<class 'abc.NT_0002_P_00002'>"": [], ""<class 'abc.NT_0002_P_00003'>"": [], ""<class 'abc.NT_0003_P_00001'>"": [], ""<class 'abc.NT_0003_P_00002'>"": [], ""<class 'abc.NT_0003_P_00003'>"": [], ""<class 'abc.NT_0007_P_00001'>"": [], ""<class 'abc.NT_0004'>"": [62590, 30197, 83338, 72810, 24459, 48197], ""<class 'abc.NT_0004_P_00000'>"": [], ""<class 'abc.NT_0004_P_00001'>"": [], ""<class 'abc.NT_0010_P_00001'>"": [], ""<class 'abc.NT_0008'>"": [], ""<class 'abc.NT_0008_P_00000'>"": [], ""<class 'abc.NT_0010_P_00002'>"": [], ""<class 'abc.NT_0005'>"": [], ""<class 'abc.NT_0005_P_00000'>"": [], ""<class 'abc.NT_0005_P_00001'>"": [], ""<class 'abc.NT_0009'>"": [72027, 4275], ""<class 'abc.NT_0009_P_00000'>"": [], ""<class 'abc.NT_0009_P_00001'>"": [], ""<class 'abc.NT_0006'>"": [], ""<class 'abc.NT_0006_P_00000'>"": [], ""<class 'abc.NT_0009_P_00002'>"": [], ""<class 'abc.NT_0009_P_00003'>"": [], ""<class 'abc.NT_0015_P_00002'>"": [], ""<class 'abc.NT_0015_P_00003'>"": [], ""<class 'abc.NT_0014'>"": [], ""<class 'abc.NT_0014_P_00000'>"": [], ""<class 'abc.NT_0014_P_00001'>"": [], ""<class 'abc.NT_0015_P_00004'>"": [], ""<class 'abc.NT_0017_P_00001'>"": [], ""<class 'abc.NT_0016'>"": [], ""<class 'abc.NT_0016_P_00000'>"": [], ""<class 'abc.NT_0016_P_00001'>"": [], ""<class 'abc.NT_0016_P_00002'>"": [], ""<class 'abc.NT_0017_P_00002'>"": [], '$leftovers': [57587, 20000, 54340, 26317, 6481, 50799, 53366, 57672, 15437, 41470, 43194, 76280, 53058, 16632, 24951, 11647, 20336, 85920, 79178, 86726, 29687, 35122, 19936, 77951, 52918, 77202, 86811, 49977, 33989, 62146, 44283, 86282, 53235, 34529, 93786, 26995, 59308, 96804, 32075, 89268, 17705, 44065, 20964, 70557, 41228, 50394, 73244, 80589, 89878, 70093, 13531, 33497, 2118, 78177, 32452, 6202, 17781, 36111, 70983, 16310, 50605, 68444, 59396, 2989, 86690, 65815, 89541, 4173, 66353, 83209, 87572, 36004, 564, 32908, 7913, 59000, 95465, 92810, 87181, 4723, 71261, 90499, 32785, 42988, 8818, 96196, 25382, 42871, 28094, 74450, 1798, 9925, 29165, 11964, 72226, 30190, 2543, 47952, 6757, 23982, 21833, 84542, 51070, 20362, 47872, 63420, 54664, 2566, 11695, 6523, 29859, 6201, 70774, 77659, 84464, 78867, 27667, 69385, 65140, 36605, 7012, 1250, 28942, 20757, 68110, 13812, 73414, 97476, 48447, 65592, 47550, 63325, 56635, 41252, 76420, 8978, 72071, 1937, 52721, 11586, 95378, 12603, 22711, 7770, 30975, 43951, 55031, 2794, 31555, 40143, 45735, 26934, 973, 11552, 95654, 8346, 61470, 70413, 10371, 43200, 65213, 34376, 43681, 71623, 66363, 61726, 96882, 59629, 26130, 46919, 32533, 16075, 75983, 81859, 16243, 8366, 15261, 18908, 62350, 61492, 83170, 50893, 81836, 3003, 93817, 66605, 40524, 65446, 28020, 1863, 725, 71665, 25810, 44842, 73472, 41194, 64753, 52869, 28406, 39260, 71021, 44544, 65259, 40879, 61260, 45447, 45201, 3321, 71834, 91841, 85944, 94448, 53777, 52512, 8549, 49201, 19980, 24764, 94536, 5157, 97859, 66443, 89316, 95801, 13183, 85710, 46447, 35334, 77529, 59421, 81195, 9851, 45065, 1228, 86952, 32820, 60942, 12527, 2701, 43832, 81092, 19751, 59457, 23812, 97339, 11061, 65182, 36676, 27888, 43573, 78010, 73786, 42822, 94936, 73010, 77609, 10163, 63290, 27012, 14424, 18531, 84803, 64958, 43258, 85321, 82524, 12515, 71837, 58848, 55036, 90390, 48542, 50684, 67693, 63530, 31868, 23633, 21579, 6184, 53131, 21002, 64832, 92053, 7184, 69006, 35823, 8901, 37893, 51534, 12913, 22446, 26285, 70255, 27641, 21932, 83656, 66575, 48694, 39512, 17613, 54185, 98358, 36273, 43014, 10733, 45136, 56634, 51849, 94288, 26786, 42387, 35475, 24444, 8118, 49485, 81714, 83778, 89561, 8738, 52024, 58874, 72716, 42311, 25454, 87595, 81934, 17964, 61433, 19494, 83691, 27415, 37037, 93113, 43616, 52964, 48333, 56234, 18241, 27411, 16419, 52538, 26653, 9839, 74465, 52527, 80201, 79630, 1840, 83276, 82109, 32792, 12949, 92039, 43765, 36272, 54630, 58463, 7943, 38328, 97833, 45183, 91200, 15929, 47964, 40561, 81809, 14276, 39018, 78090, 20469, 86063, 44225, 33166, 87717, 85524, 97465, 83919, 30571, 47291, 11687, 54825, 46134, 8685, 78917, 38709, 83964, 2221, 51487, 86847, 14005, 89651, 45410, 32614, 24838, 40258, 99135, 55054, 4969, 96553, 24382, 92307, 81538, 18598, 31340, 57241, 99094, 6002, 7419, 86820, 42779, 11869, 72254, 27411, 31840, 79401, 73664, 91511, 29301, 88737, 56727, 37464, 71958, 69508, 25388, 4807, 91309, 55535, 78168, 94902, 31655, 46027, 94454, 40509, 42451, 1052, 68891, 6541, 61185, 60171, 90386, 32613, 13324, 92786, 63265, 21684, 48267, 73039, 43664, 60352, 52907, 44675, 95496, 2418, 7997, 69656, 52682, 3534, 62641, 94861, 67850, 67794, 22721, 46227, 31666, 8747, 35366, 39868, 7244, 91381, 38982, 77500, 57926, 64111, 61778, 4991, 50703, 56802, 29847, 58359, 95807, 95068, 83415, 81616, 76533, 71507, 98373, 2134, 16453, 78850, 30462, 46604, 89830, 21706, 86295, 8595, 79105, 19655, 43131, 3478, 75436, 73052, 71062, 31739, 45697, 16052, 87826, 33911, 8138, 66268, 4656, 40763, 97630, 99868, 91639, 2772, 58917, 49516, 46748, 20804, 59466, 99872, 25910, 53332, 38030, 78030, 73087, 32427, 25656, 22734, 86384, 91610, 214, 58585, 43431, 32734, 17757, 39750, 16177, 71705, 51831, 42392, 85543, 6696, 8045, 46570, 30940, 78199, 29592, 24154, 78765, 84514, 86057, 90538, 96392, 38901, 72898, 62612, 33489, 59571, 82991, 44920, 37691, 1121, 94492, 51499, 82069, 28888, 14310, 88903, 84118, 10546, 30703, 78344, 91528, 40853, 4171, 4336, 52942, 23065, 9391, 86682, 8024, 19625, 91371, 66707, 17488, 10058, 52363, 62581, 72253, 66959, 9752, 13742, 86275, 76334, 53755, 50348, 61297, 71442, 60130, 43371, 96139, 17674, 23526, 15019, 82578, 51684, 64820, 51041, 4364, 44980, 70927, 4192, 97078, 91706, 68350, 77970, 42423, 59117, 98713, 81658, 5742, 16489, 29002, 42948, 22071, 91882, 87587, 87335, 92995, 94276, 73117, 79084, 6387, 11821, 92270, 39525, 34375, 79523, 78948, 53831, 62075, 20954, 96006, 36604, 39077, 58604, 29341, 89780, 20577, 57898, 43874, 87854, 39253, 63110, 39371, 19091, 10078, 61402, 86956, 2706, 6459, 53395, 56986, 73952, 14732, 36024, 78732, 78176, 77392, 90109, 7387, 46633, 28051, 78533, 47690, 10143, 69800, 44745, 15386, 78043, 85757, 67383, 85811, 74336, 6202, 10109, 54780, 811, 76576, 77040, 49169, 96682, 92835, 45041, 1842, 65528, 34016, 83474, 14013, 27202, 66335, 44499, 370, 21730, 52896, 71182, 85991, 39160, 40902, 55926, 35512, 75736, 13601, 92189, 77065, 84092, 98012, 48127, 11588, 90917, 67209, 11527, 94121, 43713, 79943, 21649, 81567, 58642, 44906, 74680, 40034, 91400, 63001, 5213, 55104, 32747, 93307, 38861, 27986, 4842, 71222, 96204, 50490, 41376, 83189, 378, 48774, 92287, 2703, 84308, 62388, 24134, 92282, 90947, 61816, 96517, 93801, 12248, 42612, 36596, 34402, 48549, 64887, 18886, 20656, 39553, 90994, 50931, 61171, 97927, 2047, 85741, 60257, 56686, 62824, 95036, 97774, 26512, 32213, 24226, 39119, 9190, 40253, 35323, 71271, 90577, 44, 70979, 92296, 59388, 78444, 59936, 61842, 18317, 14104, 74209, 24390, 30917, 86127, 98120, 80417, 53683, 4088, 22491, 83407, 32889, 33182, 90125, 68253, 63599, 54457, 91265, 92333, 23178, 96129, 44767, 46114, 84454, 73652, 77970, 9354, 12847, 74690, 31643, 71792, 72701, 44459, 13482, 2404, 79190, 44599, 39581, 83762, 38122, 78181, 85472, 89495, 96088, 45750, 12132, 86111, 9109, 84610, 44138, 65151, 75159, 7903, 24327, 23796, 27486, 76491, 91005, 62756, 8359, 39827, 37498, 88884, 69064, 88341, 83620, 5172, 25162, 12655, 35222, 43042, 31508, 95614, 11871, 72016, 12050, 46298, 82757, 50191, 22398, 65305, 63983, 69826, 58709, 70825, 19588, 82568, 42327, 11142, 71395, 10520, 43850, 12080, 34833, 59211, 82355, 44790, 14277, 94119, 99751, 55723, 66045, 65818, 52492, 28845, 77469, 6552, 85250, 81990, 20182, 31757, 24256, 8564, 51246, 18916, 38412, 36848, 69380, 96252, 20867, 86440, 12168, 57866, 16845, 44507, 27280, 78684, 72618, 39882, 21960, 75878, 24632, 3639, 77549, 1172, 17919, 43076, 60918, 7295, 36117, 78965, 29935, 36303, 38772, 34652, 92292, 20532, 49163, 23139, 14852, 2419, 94945, 10473, 58389, 87817, 18164, 62277, 68791, 13348, 73330, 36876, 65334, 21264, 45823, 48913, 66448, 45681, 76227, 3298, 19245, 15292, 74225, 2081, 12669, 14545, 37361, 93452, 1880, 79845, 47996, 3938, 92890, 66904, 15377, 35288, 80314, 59754, 72027, 85560, 13002, 79410, 60381, 36834, 26822, 18526, 4275, 21261, 76951, 98894, 44292, 83338, 72810, 24459, 48197, 60404]})"
45.0,7,8,43,10.794346332550049,10113,"Genotype(dna={""<class 'abc.NT_0017'>"": [0, 91624], ""<class 'abc.NT_0017_P_00000'>"": [], ""<class 'abc.NT_0015'>"": [59754, 18526], ""<class 'abc.NT_0015_P_00000'>"": [], ""<class 'abc.NT_0000'>"": [16022, 0, 68658, 75248], ""<class 'abc.NT_0000_P_00000'>"": [], ""<class 'bool'>"": [86460, 41233, 75986, 25993, 82631, 61562, 27230, 83215], ""<class 'abc.NT_0000_P_00001'>"": [], ""<class 'int'>"": [91663, 89850, 80314, 60404], ""<class 'abc.NT_0000_P_00002'>"": [], ""<class 'abc.NT_0000_P_00003'>"": [], ""<class 'abc.NT_0015_P_00001'>"": [], ""<class 'abc.NT_0010'>"": [], ""<class 'abc.NT_0010_P_00000'>"": [], ""<class 'abc.NT_0007'>"": [], ""<class 'abc.NT_0007_P_00000'>"": [], ""<class 'abc.NT_0003'>"": [], ""<class 'abc.NT_0003_P_00000'>"": [], ""<class 'abc.NT_0002'>"": [0, 15377], ""<class 'abc.NT_0002_P_00000'>"": [], ""<class 'abc.NT_0002_P_00001'>"": [], ""<class 'abc.NT_0001'>"": [36432, 14518, 2, 43884, 40571], ""<class 'abc.NT_0001_P_00000'>"": [], ""<class 'abc.NT_0001_P_00001'>"": [], ""<class 'abc.NT_0001_P_00002'>"": [], ""<class 'abc.NT_0001_P_00003'>"": [], ""<class 'abc.NT_0001_P_00004'>"": [], ""<class 'abc.NT_0002_P_00002'>"": [], ""<class 'abc.NT_0002_P_00003'>"": [], ""<class 'abc.NT_0003_P_00001'>"": [], ""<class 'abc.NT_0003_P_00002'>"": [], ""<class 'abc.NT_0003_P_00003'>"": [], ""<class 'abc.NT_0007_P_00001'>"": [], ""<class 'abc.NT_0004'>"": [62590, 30197, 83338, 72810, 24459, 48197], ""<class 'abc.NT_0004_P_00000'>"": [], ""<class 'abc.NT_0004_P_00001'>"": [], ""<class 'abc.NT_0010_P_00001'>"": [], ""<class 'abc.NT_0008'>"": [], ""<class 'abc.NT_0008_P_00000'>"": [], ""<class 'abc.NT_0010_P_00002'>"": [], ""<class 'abc.NT_0005'>"": [], ""<class 'abc.NT_0005_P_00000'>"": [], ""<class 'abc.NT_0005_P_00001'>"": [], ""<class 'abc.NT_0009'>"": [72027, 4275], ""<class 'abc.NT_0009_P_00000'>"": [], ""<class 'abc.NT_0009_P_00001'>"": [], ""<class 'abc.NT_0006'>"": [], ""<class 'abc.NT_0006_P_00000'>"": [], ""<class 'abc.NT_0009_P_00002'>"": [], ""<class 'abc.NT_0009_P_00003'>"": [], ""<class 'abc.NT_0015_P_00002'>"": [], ""<class 'abc.NT_0015_P_00003'>"": [], ""<class 'abc.NT_0014'>"": [], ""<class 'abc.NT_0014_P_00000'>"": [], ""<class 'abc.NT_0014_P_00001'>"": [], ""<class 'abc.NT_0015_P_00004'>"": [], ""<class 'abc.NT_0017_P_00001'>"": [], ""<class 'abc.NT_0016'>"": [], ""<class 'abc.NT_0016_P_00000'>"": [], ""<class 'abc.NT_0016_P_00001'>"": [], ""<class 'abc.NT_0016_P_00002'>"": [], ""<class 'abc.NT_0017_P_00002'>"": [], '$leftovers': [57587, 20000, 54340, 26317, 6481, 50799, 53366, 57672, 15437, 41470, 43194, 76280, 53058, 16632, 24951, 11647, 20336, 85920, 79178, 86726, 29687, 35122, 19936, 77951, 52918, 77202, 86811, 49977, 33989, 62146, 44283, 86282, 53235, 34529, 93786, 26995, 59308, 96804, 32075, 89268, 17705, 44065, 20964, 70557, 41228, 50394, 73244, 80589, 89878, 70093, 13531, 33497, 2118, 78177, 32452, 6202, 17781, 36111, 70983, 16310, 50605, 68444, 59396, 2989, 86690, 65815, 89541, 4173, 66353, 83209, 87572, 36004, 564, 32908, 7913, 59000, 95465, 92810, 87181, 4723, 71261, 90499, 32785, 42988, 8818, 96196, 25382, 42871, 28094, 74450, 1798, 9925, 29165, 11964, 72226, 30190, 2543, 47952, 6757, 23982, 21833, 84542, 51070, 20362, 47872, 63420, 54664, 2566, 11695, 6523, 29859, 6201, 70774, 77659, 84464, 78867, 27667, 69385, 65140, 36605, 7012, 1250, 28942, 20757, 68110, 13812, 73414, 97476, 48447, 65592, 47550, 63325, 56635, 41252, 76420, 8978, 72071, 1937, 52721, 11586, 95378, 12603, 22711, 7770, 30975, 43951, 55031, 2794, 31555, 40143, 45735, 26934, 973, 11552, 95654, 8346, 61470, 70413, 10371, 43200, 65213, 34376, 43681, 71623, 66363, 61726, 96882, 59629, 26130, 46919, 32533, 16075, 75983, 81859, 16243, 8366, 15261, 18908, 62350, 61492, 83170, 50893, 81836, 3003, 93817, 66605, 40524, 65446, 28020, 1863, 725, 71665, 25810, 44842, 73472, 41194, 64753, 52869, 28406, 39260, 71021, 44544, 65259, 40879, 61260, 45447, 45201, 3321, 71834, 91841, 85944, 94448, 53777, 52512, 8549, 49201, 19980, 24764, 94536, 5157, 97859, 66443, 89316, 95801, 13183, 85710, 46447, 35334, 77529, 59421, 81195, 9851, 45065, 1228, 86952, 32820, 60942, 12527, 2701, 43832, 81092, 19751, 59457, 23812, 97339, 11061, 65182, 36676, 27888, 43573, 78010, 73786, 42822, 94936, 73010, 77609, 10163, 63290, 27012, 14424, 18531, 84803, 64958, 43258, 85321, 82524, 12515, 71837, 58848, 55036, 90390, 48542, 50684, 67693, 63530, 31868, 23633, 21579, 6184, 53131, 21002, 64832, 92053, 7184, 69006, 35823, 8901, 37893, 51534, 12913, 22446, 26285, 70255, 27641, 21932, 83656, 66575, 48694, 39512, 17613, 54185, 98358, 36273, 43014, 10733, 45136, 56634, 51849, 94288, 26786, 42387, 35475, 24444, 8118, 49485, 81714, 83778, 89561, 8738, 52024, 58874, 72716, 42311, 25454, 87595, 81934, 17964, 61433, 19494, 83691, 27415, 37037, 93113, 43616, 52964, 48333, 56234, 18241, 27411, 16419, 52538, 26653, 9839, 74465, 52527, 80201, 79630, 1840, 83276, 82109, 32792, 12949, 92039, 43765, 36272, 54630, 58463, 7943, 38328, 97833, 45183, 91200, 15929, 47964, 40561, 81809, 14276, 39018, 78090, 20469, 86063, 44225, 33166, 87717, 85524, 97465, 83919, 30571, 47291, 11687, 54825, 46134, 8685, 78917, 38709, 83964, 2221, 51487, 86847, 14005, 89651, 45410, 32614, 24838, 40258, 99135, 55054, 4969, 96553, 24382, 92307, 81538, 18598, 31340, 57241, 99094, 6002, 7419, 86820, 42779, 11869, 72254, 27411, 31840, 79401, 73664, 91511, 29301, 88737, 56727, 37464, 71958, 69508, 25388, 4807, 91309, 55535, 78168, 94902, 31655, 46027, 94454, 40509, 42451, 1052, 68891, 6541, 61185, 60171, 90386, 32613, 13324, 92786, 63265, 21684, 48267, 73039, 43664, 60352, 52907, 44675, 95496, 2418, 7997, 69656, 52682, 3534, 62641, 94861, 67850, 67794, 22721, 46227, 31666, 8747, 35366, 39868, 7244, 91381, 38982, 77500, 57926, 64111, 61778, 4991, 50703, 56802, 29847, 58359, 95807, 95068, 83415, 81616, 76533, 71507, 98373, 2134, 16453, 78850, 30462, 46604, 89830, 21706, 86295, 8595, 79105, 19655, 43131, 3478, 75436, 73052, 71062, 31739, 45697, 16052, 87826, 33911, 8138, 66268, 4656, 40763, 97630, 99868, 91639, 2772, 58917, 49516, 46748, 20804, 59466, 99872, 25910, 53332, 38030, 78030, 73087, 32427, 25656, 22734, 86384, 91610, 214, 58585, 43431, 32734, 17757, 39750, 16177, 71705, 51831, 42392, 85543, 6696, 8045, 46570, 30940, 78199, 29592, 24154, 78765, 84514, 86057, 90538, 96392, 38901, 72898, 62612, 33489, 59571, 82991, 44920, 37691, 1121, 94492, 51499, 82069, 28888, 14310, 88903, 84118, 10546, 30703, 78344, 91528, 40853, 4171, 4336, 52942, 23065, 9391, 86682, 8024, 19625, 91371, 66707, 17488, 10058, 52363, 62581, 72253, 66959, 9752, 13742, 86275, 76334, 53755, 50348, 61297, 71442, 60130, 43371, 96139, 17674, 23526, 15019, 82578, 51684, 64820, 51041, 4364, 44980, 70927, 4192, 97078, 91706, 68350, 77970, 42423, 59117, 98713, 81658, 5742, 16489, 29002, 42948, 22071, 91882, 87587, 87335, 92995, 94276, 73117, 79084, 6387, 11821, 92270, 39525, 34375, 79523, 78948, 53831, 62075, 20954, 96006, 36604, 39077, 58604, 29341, 89780, 20577, 57898, 43874, 87854, 39253, 63110, 39371, 19091, 10078, 61402, 86956, 2706, 6459, 53395, 56986, 73952, 14732, 36024, 78732, 78176, 77392, 90109, 7387, 46633, 28051, 78533, 47690, 10143, 69800, 44745, 15386, 78043, 85757, 67383, 85811, 74336, 6202, 10109, 54780, 811, 76576, 77040, 49169, 96682, 92835, 45041, 1842, 65528, 34016, 83474, 14013, 27202, 66335, 44499, 370, 21730, 52896, 71182, 85991, 39160, 40902, 55926, 35512, 75736, 13601, 92189, 77065, 84092, 98012, 48127, 11588, 90917, 67209, 11527, 94121, 43713, 79943, 21649, 81567, 58642, 44906, 74680, 40034, 91400, 63001, 5213, 55104, 32747, 93307, 38861, 27986, 4842, 71222, 96204, 50490, 41376, 83189, 378, 48774, 92287, 2703, 84308, 62388, 24134, 92282, 90947, 61816, 96517, 93801, 12248, 42612, 36596, 34402, 48549, 64887, 18886, 20656, 39553, 90994, 50931, 61171, 97927, 2047, 85741, 60257, 56686, 62824, 95036, 97774, 26512, 32213, 24226, 39119, 9190, 40253, 35323, 71271, 90577, 44, 70979, 92296, 59388, 78444, 59936, 61842, 18317, 14104, 74209, 24390, 30917, 86127, 98120, 80417, 53683, 4088, 22491, 83407, 32889, 33182, 90125, 68253, 63599, 54457, 91265, 92333, 23178, 96129, 44767, 46114, 84454, 73652, 77970, 9354, 12847, 74690, 31643, 71792, 72701, 44459, 13482, 2404, 79190, 44599, 39581, 83762, 38122, 78181, 85472, 89495, 96088, 45750, 12132, 86111, 9109, 84610, 44138, 65151, 75159, 7903, 24327, 23796, 27486, 76491, 91005, 62756, 8359, 39827, 37498, 88884, 69064, 88341, 83620, 5172, 25162, 12655, 35222, 43042, 31508, 95614, 11871, 72016, 12050, 46298, 82757, 50191, 22398, 65305, 63983, 69826, 58709, 70825, 19588, 82568, 42327, 11142, 71395, 10520, 43850, 12080, 34833, 59211, 82355, 44790, 14277, 94119, 99751, 55723, 66045, 65818, 52492, 28845, 77469, 6552, 85250, 81990, 20182, 31757, 24256, 8564, 51246, 18916, 38412, 36848, 69380, 96252, 20867, 86440, 12168, 57866, 16845, 44507, 27280, 78684, 72618, 39882, 21960, 75878, 24632, 3639, 77549, 1172, 17919, 43076, 60918, 7295, 36117, 78965, 29935, 36303, 38772, 34652, 92292, 20532, 49163, 23139, 14852, 2419, 94945, 10473, 58389, 87817, 18164, 62277, 68791, 13348, 73330, 36876, 65334, 21264, 45823, 48913, 66448, 45681, 76227, 3298, 19245, 15292, 74225, 2081, 12669, 14545, 37361, 93452, 1880, 79845, 47996, 3938, 92890, 66904, 15377, 35288, 80314, 59754, 72027, 85560, 13002, 79410, 60381, 36834, 26822, 18526, 4275, 21261, 76951, 98894, 44292, 83338, 72810, 24459, 48197, 60404]})"
45.0,7,8,44,10.940083503723145,10113,"Genotype(dna={""<class 'abc.NT_0017'>"": [0, 91624], ""<class 'abc.NT_0017_P_00000'>"": [], ""<class 'abc.NT_0015'>"": [59754, 18526], ""<class 'abc.NT_0015_P_00000'>"": [], ""<class 'abc.NT_0000'>"": [16022, 0, 68658, 75248], ""<class 'abc.NT_0000_P_00000'>"": [], ""<class 'bool'>"": [86460, 41233, 75986, 25993, 82631, 61562, 27230, 83215], ""<class 'abc.NT_0000_P_00001'>"": [], ""<class 'int'>"": [91663, 89850, 80314, 60404], ""<class 'abc.NT_0000_P_00002'>"": [], ""<class 'abc.NT_0000_P_00003'>"": [], ""<class 'abc.NT_0015_P_00001'>"": [], ""<class 'abc.NT_0010'>"": [], ""<class 'abc.NT_0010_P_00000'>"": [], ""<class 'abc.NT_0007'>"": [], ""<class 'abc.NT_0007_P_00000'>"": [], ""<class 'abc.NT_0003'>"": [], ""<class 'abc.NT_0003_P_00000'>"": [], ""<class 'abc.NT_0002'>"": [0, 15377], ""<class 'abc.NT_0002_P_00000'>"": [], ""<class 'abc.NT_0002_P_00001'>"": [], ""<class 'abc.NT_0001'>"": [36432, 14518, 2, 43884, 40571], ""<class 'abc.NT_0001_P_00000'>"": [], ""<class 'abc.NT_0001_P_00001'>"": [], ""<class 'abc.NT_0001_P_00002'>"": [], ""<class 'abc.NT_0001_P_00003'>"": [], ""<class 'abc.NT_0001_P_00004'>"": [], ""<class 'abc.NT_0002_P_00002'>"": [], ""<class 'abc.NT_0002_P_00003'>"": [], ""<class 'abc.NT_0003_P_00001'>"": [], ""<class 'abc.NT_0003_P_00002'>"": [], ""<class 'abc.NT_0003_P_00003'>"": [], ""<class 'abc.NT_0007_P_00001'>"": [], ""<class 'abc.NT_0004'>"": [62590, 30197, 83338, 72810, 24459, 48197], ""<class 'abc.NT_0004_P_00000'>"": [], ""<class 'abc.NT_0004_P_00001'>"": [], ""<class 'abc.NT_0010_P_00001'>"": [], ""<class 'abc.NT_0008'>"": [], ""<class 'abc.NT_0008_P_00000'>"": [], ""<class 'abc.NT_0010_P_00002'>"": [], ""<class 'abc.NT_0005'>"": [], ""<class 'abc.NT_0005_P_00000'>"": [], ""<class 'abc.NT_0005_P_00001'>"": [], ""<class 'abc.NT_0009'>"": [72027, 4275], ""<class 'abc.NT_0009_P_00000'>"": [], ""<class 'abc.NT_0009_P_00001'>"": [], ""<class 'abc.NT_0006'>"": [], ""<class 'abc.NT_0006_P_00000'>"": [], ""<class 'abc.NT_0009_P_00002'>"": [], ""<class 'abc.NT_0009_P_00003'>"": [], ""<class 'abc.NT_0015_P_00002'>"": [], ""<class 'abc.NT_0015_P_00003'>"": [], ""<class 'abc.NT_0014'>"": [], ""<class 'abc.NT_0014_P_00000'>"": [], ""<class 'abc.NT_0014_P_00001'>"": [], ""<class 'abc.NT_0015_P_00004'>"": [], ""<class 'abc.NT_0017_P_00001'>"": [], ""<class 'abc.NT_0016'>"": [], ""<class 'abc.NT_0016_P_00000'>"": [], ""<class 'abc.NT_0016_P_00001'>"": [], ""<class 'abc.NT_0016_P_00002'>"": [], ""<class 'abc.NT_0017_P_00002'>"": [], '$leftovers': [57587, 20000, 54340, 26317, 6481, 50799, 53366, 57672, 15437, 41470, 43194, 76280, 53058, 16632, 24951, 11647, 20336, 85920, 79178, 86726, 29687, 35122, 19936, 77951, 52918, 77202, 86811, 49977, 33989, 62146, 44283, 86282, 53235, 34529, 93786, 26995, 59308, 96804, 32075, 89268, 17705, 44065, 20964, 70557, 41228, 50394, 73244, 80589, 89878, 70093, 13531, 33497, 2118, 78177, 32452, 6202, 17781, 36111, 70983, 16310, 50605, 68444, 59396, 2989, 86690, 65815, 89541, 4173, 66353, 83209, 87572, 36004, 564, 32908, 7913, 59000, 95465, 92810, 87181, 4723, 71261, 90499, 32785, 42988, 8818, 96196, 25382, 42871, 28094, 74450, 1798, 9925, 29165, 11964, 72226, 30190, 2543, 47952, 6757, 23982, 21833, 84542, 51070, 20362, 47872, 63420, 54664, 2566, 11695, 6523, 29859, 6201, 70774, 77659, 84464, 78867, 27667, 69385, 65140, 36605, 7012, 1250, 28942, 20757, 68110, 13812, 73414, 97476, 48447, 65592, 47550, 63325, 56635, 41252, 76420, 8978, 72071, 1937, 52721, 11586, 95378, 12603, 22711, 7770, 30975, 43951, 55031, 2794, 31555, 40143, 45735, 26934, 973, 11552, 95654, 8346, 61470, 70413, 10371, 43200, 65213, 34376, 43681, 71623, 66363, 61726, 96882, 59629, 26130, 46919, 32533, 16075, 75983, 81859, 16243, 8366, 15261, 18908, 62350, 61492, 83170, 50893, 81836, 3003, 93817, 66605, 40524, 65446, 28020, 1863, 725, 71665, 25810, 44842, 73472, 41194, 64753, 52869, 28406, 39260, 71021, 44544, 65259, 40879, 61260, 45447, 45201, 3321, 71834, 91841, 85944, 94448, 53777, 52512, 8549, 49201, 19980, 24764, 94536, 5157, 97859, 66443, 89316, 95801, 13183, 85710, 46447, 35334, 77529, 59421, 81195, 9851, 45065, 1228, 86952, 32820, 60942, 12527, 2701, 43832, 81092, 19751, 59457, 23812, 97339, 11061, 65182, 36676, 27888, 43573, 78010, 73786, 42822, 94936, 73010, 77609, 10163, 63290, 27012, 14424, 18531, 84803, 64958, 43258, 85321, 82524, 12515, 71837, 58848, 55036, 90390, 48542, 50684, 67693, 63530, 31868, 23633, 21579, 6184, 53131, 21002, 64832, 92053, 7184, 69006, 35823, 8901, 37893, 51534, 12913, 22446, 26285, 70255, 27641, 21932, 83656, 66575, 48694, 39512, 17613, 54185, 98358, 36273, 43014, 10733, 45136, 56634, 51849, 94288, 26786, 42387, 35475, 24444, 8118, 49485, 81714, 83778, 89561, 8738, 52024, 58874, 72716, 42311, 25454, 87595, 81934, 17964, 61433, 19494, 83691, 27415, 37037, 93113, 43616, 52964, 48333, 56234, 18241, 27411, 16419, 52538, 26653, 9839, 74465, 52527, 80201, 79630, 1840, 83276, 82109, 32792, 12949, 92039, 43765, 36272, 54630, 58463, 7943, 38328, 97833, 45183, 91200, 15929, 47964, 40561, 81809, 14276, 39018, 78090, 20469, 86063, 44225, 33166, 87717, 85524, 97465, 83919, 30571, 47291, 11687, 54825, 46134, 8685, 78917, 38709, 83964, 2221, 51487, 86847, 14005, 89651, 45410, 32614, 24838, 40258, 99135, 55054, 4969, 96553, 24382, 92307, 81538, 18598, 31340, 57241, 99094, 6002, 7419, 86820, 42779, 11869, 72254, 27411, 31840, 79401, 73664, 91511, 29301, 88737, 56727, 37464, 71958, 69508, 25388, 4807, 91309, 55535, 78168, 94902, 31655, 46027, 94454, 40509, 42451, 1052, 68891, 6541, 61185, 60171, 90386, 32613, 13324, 92786, 63265, 21684, 48267, 73039, 43664, 60352, 52907, 44675, 95496, 2418, 7997, 69656, 52682, 3534, 62641, 94861, 67850, 67794, 22721, 46227, 31666, 8747, 35366, 39868, 7244, 91381, 38982, 77500, 57926, 64111, 61778, 4991, 50703, 56802, 29847, 58359, 95807, 95068, 83415, 81616, 76533, 71507, 98373, 2134, 16453, 78850, 30462, 46604, 89830, 21706, 86295, 8595, 79105, 19655, 43131, 3478, 75436, 73052, 71062, 31739, 45697, 16052, 87826, 33911, 8138, 66268, 4656, 40763, 97630, 99868, 91639, 2772, 58917, 49516, 46748, 20804, 59466, 99872, 25910, 53332, 38030, 78030, 73087, 32427, 25656, 22734, 86384, 91610, 214, 58585, 43431, 32734, 17757, 39750, 16177, 71705, 51831, 42392, 85543, 6696, 8045, 46570, 30940, 78199, 29592, 24154, 78765, 84514, 86057, 90538, 96392, 38901, 72898, 62612, 33489, 59571, 82991, 44920, 37691, 1121, 94492, 51499, 82069, 28888, 14310, 88903, 84118, 10546, 30703, 78344, 91528, 40853, 4171, 4336, 52942, 23065, 9391, 86682, 8024, 19625, 91371, 66707, 17488, 10058, 52363, 62581, 72253, 66959, 9752, 13742, 86275, 76334, 53755, 50348, 61297, 71442, 60130, 43371, 96139, 17674, 23526, 15019, 82578, 51684, 64820, 51041, 4364, 44980, 70927, 4192, 97078, 91706, 68350, 77970, 42423, 59117, 98713, 81658, 5742, 16489, 29002, 42948, 22071, 91882, 87587, 87335, 92995, 94276, 73117, 79084, 6387, 11821, 92270, 39525, 34375, 79523, 78948, 53831, 62075, 20954, 96006, 36604, 39077, 58604, 29341, 89780, 20577, 57898, 43874, 87854, 39253, 63110, 39371, 19091, 10078, 61402, 86956, 2706, 6459, 53395, 56986, 73952, 14732, 36024, 78732, 78176, 77392, 90109, 7387, 46633, 28051, 78533, 47690, 10143, 69800, 44745, 15386, 78043, 85757, 67383, 85811, 74336, 6202, 10109, 54780, 811, 76576, 77040, 49169, 96682, 92835, 45041, 1842, 65528, 34016, 83474, 14013, 27202, 66335, 44499, 370, 21730, 52896, 71182, 85991, 39160, 40902, 55926, 35512, 75736, 13601, 92189, 77065, 84092, 98012, 48127, 11588, 90917, 67209, 11527, 94121, 43713, 79943, 21649, 81567, 58642, 44906, 74680, 40034, 91400, 63001, 5213, 55104, 32747, 93307, 38861, 27986, 4842, 71222, 96204, 50490, 41376, 83189, 378, 48774, 92287, 2703, 84308, 62388, 24134, 92282, 90947, 61816, 96517, 93801, 12248, 42612, 36596, 34402, 48549, 64887, 18886, 20656, 39553, 90994, 50931, 61171, 97927, 2047, 85741, 60257, 56686, 62824, 95036, 97774, 26512, 32213, 24226, 39119, 9190, 40253, 35323, 71271, 90577, 44, 70979, 92296, 59388, 78444, 59936, 61842, 18317, 14104, 74209, 24390, 30917, 86127, 98120, 80417, 53683, 4088, 22491, 83407, 32889, 33182, 90125, 68253, 63599, 54457, 91265, 92333, 23178, 96129, 44767, 46114, 84454, 73652, 77970, 9354, 12847, 74690, 31643, 71792, 72701, 44459, 13482, 2404, 79190, 44599, 39581, 83762, 38122, 78181, 85472, 89495, 96088, 45750, 12132, 86111, 9109, 84610, 44138, 65151, 75159, 7903, 24327, 23796, 27486, 76491, 91005, 62756, 8359, 39827, 37498, 88884, 69064, 88341, 83620, 5172, 25162, 12655, 35222, 43042, 31508, 95614, 11871, 72016, 12050, 46298, 82757, 50191, 22398, 65305, 63983, 69826, 58709, 70825, 19588, 82568, 42327, 11142, 71395, 10520, 43850, 12080, 34833, 59211, 82355, 44790, 14277, 94119, 99751, 55723, 66045, 65818, 52492, 28845, 77469, 6552, 85250, 81990, 20182, 31757, 24256, 8564, 51246, 18916, 38412, 36848, 69380, 96252, 20867, 86440, 12168, 57866, 16845, 44507, 27280, 78684, 72618, 39882, 21960, 75878, 24632, 3639, 77549, 1172, 17919, 43076, 60918, 7295, 36117, 78965, 29935, 36303, 38772, 34652, 92292, 20532, 49163, 23139, 14852, 2419, 94945, 10473, 58389, 87817, 18164, 62277, 68791, 13348, 73330, 36876, 65334, 21264, 45823, 48913, 66448, 45681, 76227, 3298, 19245, 15292, 74225, 2081, 12669, 14545, 37361, 93452, 1880, 79845, 47996, 3938, 92890, 66904, 15377, 35288, 80314, 59754, 72027, 85560, 13002, 79410, 60381, 36834, 26822, 18526, 4275, 21261, 76951, 98894, 44292, 83338, 72810, 24459, 48197, 60404]})"
45.0,7,8,45,11.07062315940857,10113,"Genotype(dna={""<class 'abc.NT_0017'>"": [0, 91624], ""<class 'abc.NT_0017_P_00000'>"": [], ""<class 'abc.NT_0015'>"": [59754, 18526], ""<class 'abc.NT_0015_P_00000'>"": [], ""<class 'abc.NT_0000'>"": [16022, 0, 68658, 75248], ""<class 'abc.NT_0000_P_00000'>"": [], ""<class 'bool'>"": [86460, 41233, 75986, 25993, 82631, 61562, 27230, 83215], ""<class 'abc.NT_0000_P_00001'>"": [], ""<class 'int'>"": [91663, 89850, 80314, 60404], ""<class 'abc.NT_0000_P_00002'>"": [], ""<class 'abc.NT_0000_P_00003'>"": [], ""<class 'abc.NT_0015_P_00001'>"": [], ""<class 'abc.NT_0010'>"": [], ""<class 'abc.NT_0010_P_00000'>"": [], ""<class 'abc.NT_0007'>"": [], ""<class 'abc.NT_0007_P_00000'>"": [], ""<class 'abc.NT_0003'>"": [], ""<class 'abc.NT_0003_P_00000'>"": [], ""<class 'abc.NT_0002'>"": [0, 15377], ""<class 'abc.NT_0002_P_00000'>"": [], ""<class 'abc.NT_0002_P_00001'>"": [], ""<class 'abc.NT_0001'>"": [36432, 14518, 2, 43884, 40571], ""<class 'abc.NT_0001_P_00000'>"": [], ""<class 'abc.NT_0001_P_00001'>"": [], ""<class 'abc.NT_0001_P_00002'>"": [], ""<class 'abc.NT_0001_P_00003'>"": [], ""<class 'abc.NT_0001_P_00004'>"": [], ""<class 'abc.NT_0002_P_00002'>"": [], ""<class 'abc.NT_0002_P_00003'>"": [], ""<class 'abc.NT_0003_P_00001'>"": [], ""<class 'abc.NT_0003_P_00002'>"": [], ""<class 'abc.NT_0003_P_00003'>"": [], ""<class 'abc.NT_0007_P_00001'>"": [], ""<class 'abc.NT_0004'>"": [62590, 30197, 83338, 72810, 24459, 48197], ""<class 'abc.NT_0004_P_00000'>"": [], ""<class 'abc.NT_0004_P_00001'>"": [], ""<class 'abc.NT_0010_P_00001'>"": [], ""<class 'abc.NT_0008'>"": [], ""<class 'abc.NT_0008_P_00000'>"": [], ""<class 'abc.NT_0010_P_00002'>"": [], ""<class 'abc.NT_0005'>"": [], ""<class 'abc.NT_0005_P_00000'>"": [], ""<class 'abc.NT_0005_P_00001'>"": [], ""<class 'abc.NT_0009'>"": [72027, 4275], ""<class 'abc.NT_0009_P_00000'>"": [], ""<class 'abc.NT_0009_P_00001'>"": [], ""<class 'abc.NT_0006'>"": [], ""<class 'abc.NT_0006_P_00000'>"": [], ""<class 'abc.NT_0009_P_00002'>"": [], ""<class 'abc.NT_0009_P_00003'>"": [], ""<class 'abc.NT_0015_P_00002'>"": [], ""<class 'abc.NT_0015_P_00003'>"": [], ""<class 'abc.NT_0014'>"": [], ""<class 'abc.NT_0014_P_00000'>"": [], ""<class 'abc.NT_0014_P_00001'>"": [], ""<class 'abc.NT_0015_P_00004'>"": [], ""<class 'abc.NT_0017_P_00001'>"": [], ""<class 'abc.NT_0016'>"": [], ""<class 'abc.NT_0016_P_00000'>"": [], ""<class 'abc.NT_0016_P_00001'>"": [], ""<class 'abc.NT_0016_P_00002'>"": [], ""<class 'abc.NT_0017_P_00002'>"": [], '$leftovers': [57587, 20000, 54340, 26317, 6481, 50799, 53366, 57672, 15437, 41470, 43194, 76280, 53058, 16632, 24951, 11647, 20336, 85920, 79178, 86726, 29687, 35122, 19936, 77951, 52918, 77202, 86811, 49977, 33989, 62146, 44283, 86282, 53235, 34529, 93786, 26995, 59308, 96804, 32075, 89268, 17705, 44065, 20964, 70557, 41228, 50394, 73244, 80589, 89878, 70093, 13531, 33497, 2118, 78177, 32452, 6202, 17781, 36111, 70983, 16310, 50605, 68444, 59396, 2989, 86690, 65815, 89541, 4173, 66353, 83209, 87572, 36004, 564, 32908, 7913, 59000, 95465, 92810, 87181, 4723, 71261, 90499, 32785, 42988, 8818, 96196, 25382, 42871, 28094, 74450, 1798, 9925, 29165, 11964, 72226, 30190, 2543, 47952, 6757, 23982, 21833, 84542, 51070, 20362, 47872, 63420, 54664, 2566, 11695, 6523, 29859, 6201, 70774, 77659, 84464, 78867, 27667, 69385, 65140, 36605, 7012, 1250, 28942, 20757, 68110, 13812, 73414, 97476, 48447, 65592, 47550, 63325, 56635, 41252, 76420, 8978, 72071, 1937, 52721, 11586, 95378, 12603, 22711, 7770, 30975, 43951, 55031, 2794, 31555, 40143, 45735, 26934, 973, 11552, 95654, 8346, 61470, 70413, 10371, 43200, 65213, 34376, 43681, 71623, 66363, 61726, 96882, 59629, 26130, 46919, 32533, 16075, 75983, 81859, 16243, 8366, 15261, 18908, 62350, 61492, 83170, 50893, 81836, 3003, 93817, 66605, 40524, 65446, 28020, 1863, 725, 71665, 25810, 44842, 73472, 41194, 64753, 52869, 28406, 39260, 71021, 44544, 65259, 40879, 61260, 45447, 45201, 3321, 71834, 91841, 85944, 94448, 53777, 52512, 8549, 49201, 19980, 24764, 94536, 5157, 97859, 66443, 89316, 95801, 13183, 85710, 46447, 35334, 77529, 59421, 81195, 9851, 45065, 1228, 86952, 32820, 60942, 12527, 2701, 43832, 81092, 19751, 59457, 23812, 97339, 11061, 65182, 36676, 27888, 43573, 78010, 73786, 42822, 94936, 73010, 77609, 10163, 63290, 27012, 14424, 18531, 84803, 64958, 43258, 85321, 82524, 12515, 71837, 58848, 55036, 90390, 48542, 50684, 67693, 63530, 31868, 23633, 21579, 6184, 53131, 21002, 64832, 92053, 7184, 69006, 35823, 8901, 37893, 51534, 12913, 22446, 26285, 70255, 27641, 21932, 83656, 66575, 48694, 39512, 17613, 54185, 98358, 36273, 43014, 10733, 45136, 56634, 51849, 94288, 26786, 42387, 35475, 24444, 8118, 49485, 81714, 83778, 89561, 8738, 52024, 58874, 72716, 42311, 25454, 87595, 81934, 17964, 61433, 19494, 83691, 27415, 37037, 93113, 43616, 52964, 48333, 56234, 18241, 27411, 16419, 52538, 26653, 9839, 74465, 52527, 80201, 79630, 1840, 83276, 82109, 32792, 12949, 92039, 43765, 36272, 54630, 58463, 7943, 38328, 97833, 45183, 91200, 15929, 47964, 40561, 81809, 14276, 39018, 78090, 20469, 86063, 44225, 33166, 87717, 85524, 97465, 83919, 30571, 47291, 11687, 54825, 46134, 8685, 78917, 38709, 83964, 2221, 51487, 86847, 14005, 89651, 45410, 32614, 24838, 40258, 99135, 55054, 4969, 96553, 24382, 92307, 81538, 18598, 31340, 57241, 99094, 6002, 7419, 86820, 42779, 11869, 72254, 27411, 31840, 79401, 73664, 91511, 29301, 88737, 56727, 37464, 71958, 69508, 25388, 4807, 91309, 55535, 78168, 94902, 31655, 46027, 94454, 40509, 42451, 1052, 68891, 6541, 61185, 60171, 90386, 32613, 13324, 92786, 63265, 21684, 48267, 73039, 43664, 60352, 52907, 44675, 95496, 2418, 7997, 69656, 52682, 3534, 62641, 94861, 67850, 67794, 22721, 46227, 31666, 8747, 35366, 39868, 7244, 91381, 38982, 77500, 57926, 64111, 61778, 4991, 50703, 56802, 29847, 58359, 95807, 95068, 83415, 81616, 76533, 71507, 98373, 2134, 16453, 78850, 30462, 46604, 89830, 21706, 86295, 8595, 79105, 19655, 43131, 3478, 75436, 73052, 71062, 31739, 45697, 16052, 87826, 33911, 8138, 66268, 4656, 40763, 97630, 99868, 91639, 2772, 58917, 49516, 46748, 20804, 59466, 99872, 25910, 53332, 38030, 78030, 73087, 32427, 25656, 22734, 86384, 91610, 214, 58585, 43431, 32734, 17757, 39750, 16177, 71705, 51831, 42392, 85543, 6696, 8045, 46570, 30940, 78199, 29592, 24154, 78765, 84514, 86057, 90538, 96392, 38901, 72898, 62612, 33489, 59571, 82991, 44920, 37691, 1121, 94492, 51499, 82069, 28888, 14310, 88903, 84118, 10546, 30703, 78344, 91528, 40853, 4171, 4336, 52942, 23065, 9391, 86682, 8024, 19625, 91371, 66707, 17488, 10058, 52363, 62581, 72253, 66959, 9752, 13742, 86275, 76334, 53755, 50348, 61297, 71442, 60130, 43371, 96139, 17674, 23526, 15019, 82578, 51684, 64820, 51041, 4364, 44980, 70927, 4192, 97078, 91706, 68350, 77970, 42423, 59117, 98713, 81658, 5742, 16489, 29002, 42948, 22071, 91882, 87587, 87335, 92995, 94276, 73117, 79084, 6387, 11821, 92270, 39525, 34375, 79523, 78948, 53831, 62075, 20954, 96006, 36604, 39077, 58604, 29341, 89780, 20577, 57898, 43874, 87854, 39253, 63110, 39371, 19091, 10078, 61402, 86956, 2706, 6459, 53395, 56986, 73952, 14732, 36024, 78732, 78176, 77392, 90109, 7387, 46633, 28051, 78533, 47690, 10143, 69800, 44745, 15386, 78043, 85757, 67383, 85811, 74336, 6202, 10109, 54780, 811, 76576, 77040, 49169, 96682, 92835, 45041, 1842, 65528, 34016, 83474, 14013, 27202, 66335, 44499, 370, 21730, 52896, 71182, 85991, 39160, 40902, 55926, 35512, 75736, 13601, 92189, 77065, 84092, 98012, 48127, 11588, 90917, 67209, 11527, 94121, 43713, 79943, 21649, 81567, 58642, 44906, 74680, 40034, 91400, 63001, 5213, 55104, 32747, 93307, 38861, 27986, 4842, 71222, 96204, 50490, 41376, 83189, 378, 48774, 92287, 2703, 84308, 62388, 24134, 92282, 90947, 61816, 96517, 93801, 12248, 42612, 36596, 34402, 48549, 64887, 18886, 20656, 39553, 90994, 50931, 61171, 97927, 2047, 85741, 60257, 56686, 62824, 95036, 97774, 26512, 32213, 24226, 39119, 9190, 40253, 35323, 71271, 90577, 44, 70979, 92296, 59388, 78444, 59936, 61842, 18317, 14104, 74209, 24390, 30917, 86127, 98120, 80417, 53683, 4088, 22491, 83407, 32889, 33182, 90125, 68253, 63599, 54457, 91265, 92333, 23178, 96129, 44767, 46114, 84454, 73652, 77970, 9354, 12847, 74690, 31643, 71792, 72701, 44459, 13482, 2404, 79190, 44599, 39581, 83762, 38122, 78181, 85472, 89495, 96088, 45750, 12132, 86111, 9109, 84610, 44138, 65151, 75159, 7903, 24327, 23796, 27486, 76491, 91005, 62756, 8359, 39827, 37498, 88884, 69064, 88341, 83620, 5172, 25162, 12655, 35222, 43042, 31508, 95614, 11871, 72016, 12050, 46298, 82757, 50191, 22398, 65305, 63983, 69826, 58709, 70825, 19588, 82568, 42327, 11142, 71395, 10520, 43850, 12080, 34833, 59211, 82355, 44790, 14277, 94119, 99751, 55723, 66045, 65818, 52492, 28845, 77469, 6552, 85250, 81990, 20182, 31757, 24256, 8564, 51246, 18916, 38412, 36848, 69380, 96252, 20867, 86440, 12168, 57866, 16845, 44507, 27280, 78684, 72618, 39882, 21960, 75878, 24632, 3639, 77549, 1172, 17919, 43076, 60918, 7295, 36117, 78965, 29935, 36303, 38772, 34652, 92292, 20532, 49163, 23139, 14852, 2419, 94945, 10473, 58389, 87817, 18164, 62277, 68791, 13348, 73330, 36876, 65334, 21264, 45823, 48913, 66448, 45681, 76227, 3298, 19245, 15292, 74225, 2081, 12669, 14545, 37361, 93452, 1880, 79845, 47996, 3938, 92890, 66904, 15377, 35288, 80314, 59754, 72027, 85560, 13002, 79410, 60381, 36834, 26822, 18526, 4275, 21261, 76951, 98894, 44292, 83338, 72810, 24459, 48197, 60404]})"
45.0,7,8,46,11.249868154525757,10113,"Genotype(dna={""<class 'abc.NT_0017'>"": [0, 91624], ""<class 'abc.NT_0017_P_00000'>"": [], ""<class 'abc.NT_0015'>"": [59754, 18526], ""<class 'abc.NT_0015_P_00000'>"": [], ""<class 'abc.NT_0000'>"": [16022, 0, 68658, 75248], ""<class 'abc.NT_0000_P_00000'>"": [], ""<class 'bool'>"": [86460, 41233, 75986, 25993, 82631, 61562, 27230, 83215], ""<class 'abc.NT_0000_P_00001'>"": [], ""<class 'int'>"": [91663, 89850, 80314, 60404], ""<class 'abc.NT_0000_P_00002'>"": [], ""<class 'abc.NT_0000_P_00003'>"": [], ""<class 'abc.NT_0015_P_00001'>"": [], ""<class 'abc.NT_0010'>"": [], ""<class 'abc.NT_0010_P_00000'>"": [], ""<class 'abc.NT_0007'>"": [], ""<class 'abc.NT_0007_P_00000'>"": [], ""<class 'abc.NT_0003'>"": [], ""<class 'abc.NT_0003_P_00000'>"": [], ""<class 'abc.NT_0002'>"": [0, 15377], ""<class 'abc.NT_0002_P_00000'>"": [], ""<class 'abc.NT_0002_P_00001'>"": [], ""<class 'abc.NT_0001'>"": [36432, 14518, 2, 43884, 40571], ""<class 'abc.NT_0001_P_00000'>"": [], ""<class 'abc.NT_0001_P_00001'>"": [], ""<class 'abc.NT_0001_P_00002'>"": [], ""<class 'abc.NT_0001_P_00003'>"": [], ""<class 'abc.NT_0001_P_00004'>"": [], ""<class 'abc.NT_0002_P_00002'>"": [], ""<class 'abc.NT_0002_P_00003'>"": [], ""<class 'abc.NT_0003_P_00001'>"": [], ""<class 'abc.NT_0003_P_00002'>"": [], ""<class 'abc.NT_0003_P_00003'>"": [], ""<class 'abc.NT_0007_P_00001'>"": [], ""<class 'abc.NT_0004'>"": [62590, 30197, 83338, 72810, 24459, 48197], ""<class 'abc.NT_0004_P_00000'>"": [], ""<class 'abc.NT_0004_P_00001'>"": [], ""<class 'abc.NT_0010_P_00001'>"": [], ""<class 'abc.NT_0008'>"": [], ""<class 'abc.NT_0008_P_00000'>"": [], ""<class 'abc.NT_0010_P_00002'>"": [], ""<class 'abc.NT_0005'>"": [], ""<class 'abc.NT_0005_P_00000'>"": [], ""<class 'abc.NT_0005_P_00001'>"": [], ""<class 'abc.NT_0009'>"": [72027, 4275], ""<class 'abc.NT_0009_P_00000'>"": [], ""<class 'abc.NT_0009_P_00001'>"": [], ""<class 'abc.NT_0006'>"": [], ""<class 'abc.NT_0006_P_00000'>"": [], ""<class 'abc.NT_0009_P_00002'>"": [], ""<class 'abc.NT_0009_P_00003'>"": [], ""<class 'abc.NT_0015_P_00002'>"": [], ""<class 'abc.NT_0015_P_00003'>"": [], ""<class 'abc.NT_0014'>"": [], ""<class 'abc.NT_0014_P_00000'>"": [], ""<class 'abc.NT_0014_P_00001'>"": [], ""<class 'abc.NT_0015_P_00004'>"": [], ""<class 'abc.NT_0017_P_00001'>"": [], ""<class 'abc.NT_0016'>"": [], ""<class 'abc.NT_0016_P_00000'>"": [], ""<class 'abc.NT_0016_P_00001'>"": [], ""<class 'abc.NT_0016_P_00002'>"": [], ""<class 'abc.NT_0017_P_00002'>"": [], '$leftovers': [57587, 20000, 54340, 26317, 6481, 50799, 53366, 57672, 15437, 41470, 43194, 76280, 53058, 16632, 24951, 11647, 20336, 85920, 79178, 86726, 29687, 35122, 19936, 77951, 52918, 77202, 86811, 49977, 33989, 62146, 44283, 86282, 53235, 34529, 93786, 26995, 59308, 96804, 32075, 89268, 17705, 44065, 20964, 70557, 41228, 50394, 73244, 80589, 89878, 70093, 13531, 33497, 2118, 78177, 32452, 6202, 17781, 36111, 70983, 16310, 50605, 68444, 59396, 2989, 86690, 65815, 89541, 4173, 66353, 83209, 87572, 36004, 564, 32908, 7913, 59000, 95465, 92810, 87181, 4723, 71261, 90499, 32785, 42988, 8818, 96196, 25382, 42871, 28094, 74450, 1798, 9925, 29165, 11964, 72226, 30190, 2543, 47952, 6757, 23982, 21833, 84542, 51070, 20362, 47872, 63420, 54664, 2566, 11695, 6523, 29859, 6201, 70774, 77659, 84464, 78867, 27667, 69385, 65140, 36605, 7012, 1250, 28942, 20757, 68110, 13812, 73414, 97476, 48447, 65592, 47550, 63325, 56635, 41252, 76420, 8978, 72071, 1937, 52721, 11586, 95378, 12603, 22711, 7770, 30975, 43951, 55031, 2794, 31555, 40143, 45735, 26934, 973, 11552, 95654, 8346, 61470, 70413, 10371, 43200, 65213, 34376, 43681, 71623, 66363, 61726, 96882, 59629, 26130, 46919, 32533, 16075, 75983, 81859, 16243, 8366, 15261, 18908, 62350, 61492, 83170, 50893, 81836, 3003, 93817, 66605, 40524, 65446, 28020, 1863, 725, 71665, 25810, 44842, 73472, 41194, 64753, 52869, 28406, 39260, 71021, 44544, 65259, 40879, 61260, 45447, 45201, 3321, 71834, 91841, 85944, 94448, 53777, 52512, 8549, 49201, 19980, 24764, 94536, 5157, 97859, 66443, 89316, 95801, 13183, 85710, 46447, 35334, 77529, 59421, 81195, 9851, 45065, 1228, 86952, 32820, 60942, 12527, 2701, 43832, 81092, 19751, 59457, 23812, 97339, 11061, 65182, 36676, 27888, 43573, 78010, 73786, 42822, 94936, 73010, 77609, 10163, 63290, 27012, 14424, 18531, 84803, 64958, 43258, 85321, 82524, 12515, 71837, 58848, 55036, 90390, 48542, 50684, 67693, 63530, 31868, 23633, 21579, 6184, 53131, 21002, 64832, 92053, 7184, 69006, 35823, 8901, 37893, 51534, 12913, 22446, 26285, 70255, 27641, 21932, 83656, 66575, 48694, 39512, 17613, 54185, 98358, 36273, 43014, 10733, 45136, 56634, 51849, 94288, 26786, 42387, 35475, 24444, 8118, 49485, 81714, 83778, 89561, 8738, 52024, 58874, 72716, 42311, 25454, 87595, 81934, 17964, 61433, 19494, 83691, 27415, 37037, 93113, 43616, 52964, 48333, 56234, 18241, 27411, 16419, 52538, 26653, 9839, 74465, 52527, 80201, 79630, 1840, 83276, 82109, 32792, 12949, 92039, 43765, 36272, 54630, 58463, 7943, 38328, 97833, 45183, 91200, 15929, 47964, 40561, 81809, 14276, 39018, 78090, 20469, 86063, 44225, 33166, 87717, 85524, 97465, 83919, 30571, 47291, 11687, 54825, 46134, 8685, 78917, 38709, 83964, 2221, 51487, 86847, 14005, 89651, 45410, 32614, 24838, 40258, 99135, 55054, 4969, 96553, 24382, 92307, 81538, 18598, 31340, 57241, 99094, 6002, 7419, 86820, 42779, 11869, 72254, 27411, 31840, 79401, 73664, 91511, 29301, 88737, 56727, 37464, 71958, 69508, 25388, 4807, 91309, 55535, 78168, 94902, 31655, 46027, 94454, 40509, 42451, 1052, 68891, 6541, 61185, 60171, 90386, 32613, 13324, 92786, 63265, 21684, 48267, 73039, 43664, 60352, 52907, 44675, 95496, 2418, 7997, 69656, 52682, 3534, 62641, 94861, 67850, 67794, 22721, 46227, 31666, 8747, 35366, 39868, 7244, 91381, 38982, 77500, 57926, 64111, 61778, 4991, 50703, 56802, 29847, 58359, 95807, 95068, 83415, 81616, 76533, 71507, 98373, 2134, 16453, 78850, 30462, 46604, 89830, 21706, 86295, 8595, 79105, 19655, 43131, 3478, 75436, 73052, 71062, 31739, 45697, 16052, 87826, 33911, 8138, 66268, 4656, 40763, 97630, 99868, 91639, 2772, 58917, 49516, 46748, 20804, 59466, 99872, 25910, 53332, 38030, 78030, 73087, 32427, 25656, 22734, 86384, 91610, 214, 58585, 43431, 32734, 17757, 39750, 16177, 71705, 51831, 42392, 85543, 6696, 8045, 46570, 30940, 78199, 29592, 24154, 78765, 84514, 86057, 90538, 96392, 38901, 72898, 62612, 33489, 59571, 82991, 44920, 37691, 1121, 94492, 51499, 82069, 28888, 14310, 88903, 84118, 10546, 30703, 78344, 91528, 40853, 4171, 4336, 52942, 23065, 9391, 86682, 8024, 19625, 91371, 66707, 17488, 10058, 52363, 62581, 72253, 66959, 9752, 13742, 86275, 76334, 53755, 50348, 61297, 71442, 60130, 43371, 96139, 17674, 23526, 15019, 82578, 51684, 64820, 51041, 4364, 44980, 70927, 4192, 97078, 91706, 68350, 77970, 42423, 59117, 98713, 81658, 5742, 16489, 29002, 42948, 22071, 91882, 87587, 87335, 92995, 94276, 73117, 79084, 6387, 11821, 92270, 39525, 34375, 79523, 78948, 53831, 62075, 20954, 96006, 36604, 39077, 58604, 29341, 89780, 20577, 57898, 43874, 87854, 39253, 63110, 39371, 19091, 10078, 61402, 86956, 2706, 6459, 53395, 56986, 73952, 14732, 36024, 78732, 78176, 77392, 90109, 7387, 46633, 28051, 78533, 47690, 10143, 69800, 44745, 15386, 78043, 85757, 67383, 85811, 74336, 6202, 10109, 54780, 811, 76576, 77040, 49169, 96682, 92835, 45041, 1842, 65528, 34016, 83474, 14013, 27202, 66335, 44499, 370, 21730, 52896, 71182, 85991, 39160, 40902, 55926, 35512, 75736, 13601, 92189, 77065, 84092, 98012, 48127, 11588, 90917, 67209, 11527, 94121, 43713, 79943, 21649, 81567, 58642, 44906, 74680, 40034, 91400, 63001, 5213, 55104, 32747, 93307, 38861, 27986, 4842, 71222, 96204, 50490, 41376, 83189, 378, 48774, 92287, 2703, 84308, 62388, 24134, 92282, 90947, 61816, 96517, 93801, 12248, 42612, 36596, 34402, 48549, 64887, 18886, 20656, 39553, 90994, 50931, 61171, 97927, 2047, 85741, 60257, 56686, 62824, 95036, 97774, 26512, 32213, 24226, 39119, 9190, 40253, 35323, 71271, 90577, 44, 70979, 92296, 59388, 78444, 59936, 61842, 18317, 14104, 74209, 24390, 30917, 86127, 98120, 80417, 53683, 4088, 22491, 83407, 32889, 33182, 90125, 68253, 63599, 54457, 91265, 92333, 23178, 96129, 44767, 46114, 84454, 73652, 77970, 9354, 12847, 74690, 31643, 71792, 72701, 44459, 13482, 2404, 79190, 44599, 39581, 83762, 38122, 78181, 85472, 89495, 96088, 45750, 12132, 86111, 9109, 84610, 44138, 65151, 75159, 7903, 24327, 23796, 27486, 76491, 91005, 62756, 8359, 39827, 37498, 88884, 69064, 88341, 83620, 5172, 25162, 12655, 35222, 43042, 31508, 95614, 11871, 72016, 12050, 46298, 82757, 50191, 22398, 65305, 63983, 69826, 58709, 70825, 19588, 82568, 42327, 11142, 71395, 10520, 43850, 12080, 34833, 59211, 82355, 44790, 14277, 94119, 99751, 55723, 66045, 65818, 52492, 28845, 77469, 6552, 85250, 81990, 20182, 31757, 24256, 8564, 51246, 18916, 38412, 36848, 69380, 96252, 20867, 86440, 12168, 57866, 16845, 44507, 27280, 78684, 72618, 39882, 21960, 75878, 24632, 3639, 77549, 1172, 17919, 43076, 60918, 7295, 36117, 78965, 29935, 36303, 38772, 34652, 92292, 20532, 49163, 23139, 14852, 2419, 94945, 10473, 58389, 87817, 18164, 62277, 68791, 13348, 73330, 36876, 65334, 21264, 45823, 48913, 66448, 45681, 76227, 3298, 19245, 15292, 74225, 2081, 12669, 14545, 37361, 93452, 1880, 79845, 47996, 3938, 92890, 66904, 15377, 35288, 80314, 59754, 72027, 85560, 13002, 79410, 60381, 36834, 26822, 18526, 4275, 21261, 76951, 98894, 44292, 83338, 72810, 24459, 48197, 60404]})"
45.0,7,8,47,11.551130294799805,10113,"Genotype(dna={""<class 'abc.NT_0017'>"": [0, 91624], ""<class 'abc.NT_0017_P_00000'>"": [], ""<class 'abc.NT_0015'>"": [59754, 18526], ""<class 'abc.NT_0015_P_00000'>"": [], ""<class 'abc.NT_0000'>"": [16022, 0, 68658, 75248], ""<class 'abc.NT_0000_P_00000'>"": [], ""<class 'bool'>"": [86460, 41233, 75986, 25993, 82631, 61562, 27230, 83215], ""<class 'abc.NT_0000_P_00001'>"": [], ""<class 'int'>"": [91663, 89850, 80314, 60404], ""<class 'abc.NT_0000_P_00002'>"": [], ""<class 'abc.NT_0000_P_00003'>"": [], ""<class 'abc.NT_0015_P_00001'>"": [], ""<class 'abc.NT_0010'>"": [], ""<class 'abc.NT_0010_P_00000'>"": [], ""<class 'abc.NT_0007'>"": [], ""<class 'abc.NT_0007_P_00000'>"": [], ""<class 'abc.NT_0003'>"": [], ""<class 'abc.NT_0003_P_00000'>"": [], ""<class 'abc.NT_0002'>"": [0, 15377], ""<class 'abc.NT_0002_P_00000'>"": [], ""<class 'abc.NT_0002_P_00001'>"": [], ""<class 'abc.NT_0001'>"": [36432, 14518, 2, 43884, 40571], ""<class 'abc.NT_0001_P_00000'>"": [], ""<class 'abc.NT_0001_P_00001'>"": [], ""<class 'abc.NT_0001_P_00002'>"": [], ""<class 'abc.NT_0001_P_00003'>"": [], ""<class 'abc.NT_0001_P_00004'>"": [], ""<class 'abc.NT_0002_P_00002'>"": [], ""<class 'abc.NT_0002_P_00003'>"": [], ""<class 'abc.NT_0003_P_00001'>"": [], ""<class 'abc.NT_0003_P_00002'>"": [], ""<class 'abc.NT_0003_P_00003'>"": [], ""<class 'abc.NT_0007_P_00001'>"": [], ""<class 'abc.NT_0004'>"": [62590, 30197, 83338, 72810, 24459, 48197], ""<class 'abc.NT_0004_P_00000'>"": [], ""<class 'abc.NT_0004_P_00001'>"": [], ""<class 'abc.NT_0010_P_00001'>"": [], ""<class 'abc.NT_0008'>"": [], ""<class 'abc.NT_0008_P_00000'>"": [], ""<class 'abc.NT_0010_P_00002'>"": [], ""<class 'abc.NT_0005'>"": [], ""<class 'abc.NT_0005_P_00000'>"": [], ""<class 'abc.NT_0005_P_00001'>"": [], ""<class 'abc.NT_0009'>"": [72027, 4275], ""<class 'abc.NT_0009_P_00000'>"": [], ""<class 'abc.NT_0009_P_00001'>"": [], ""<class 'abc.NT_0006'>"": [], ""<class 'abc.NT_0006_P_00000'>"": [], ""<class 'abc.NT_0009_P_00002'>"": [], ""<class 'abc.NT_0009_P_00003'>"": [], ""<class 'abc.NT_0015_P_00002'>"": [], ""<class 'abc.NT_0015_P_00003'>"": [], ""<class 'abc.NT_0014'>"": [], ""<class 'abc.NT_0014_P_00000'>"": [], ""<class 'abc.NT_0014_P_00001'>"": [], ""<class 'abc.NT_0015_P_00004'>"": [], ""<class 'abc.NT_0017_P_00001'>"": [], ""<class 'abc.NT_0016'>"": [], ""<class 'abc.NT_0016_P_00000'>"": [], ""<class 'abc.NT_0016_P_00001'>"": [], ""<class 'abc.NT_0016_P_00002'>"": [], ""<class 'abc.NT_0017_P_00002'>"": [], '$leftovers': [57587, 20000, 54340, 26317, 6481, 50799, 53366, 57672, 15437, 41470, 43194, 76280, 53058, 16632, 24951, 11647, 20336, 85920, 79178, 86726, 29687, 35122, 19936, 77951, 52918, 77202, 86811, 49977, 33989, 62146, 44283, 86282, 53235, 34529, 93786, 26995, 59308, 96804, 32075, 89268, 17705, 44065, 20964, 70557, 41228, 50394, 73244, 80589, 89878, 70093, 13531, 33497, 2118, 78177, 32452, 6202, 17781, 36111, 70983, 16310, 50605, 68444, 59396, 2989, 86690, 65815, 89541, 4173, 66353, 83209, 87572, 36004, 564, 32908, 7913, 59000, 95465, 92810, 87181, 4723, 71261, 90499, 32785, 42988, 8818, 96196, 25382, 42871, 28094, 74450, 1798, 9925, 29165, 11964, 72226, 30190, 2543, 47952, 6757, 23982, 21833, 84542, 51070, 20362, 47872, 63420, 54664, 2566, 11695, 6523, 29859, 6201, 70774, 77659, 84464, 78867, 27667, 69385, 65140, 36605, 7012, 1250, 28942, 20757, 68110, 13812, 73414, 97476, 48447, 65592, 47550, 63325, 56635, 41252, 76420, 8978, 72071, 1937, 52721, 11586, 95378, 12603, 22711, 7770, 30975, 43951, 55031, 2794, 31555, 40143, 45735, 26934, 973, 11552, 95654, 8346, 61470, 70413, 10371, 43200, 65213, 34376, 43681, 71623, 66363, 61726, 96882, 59629, 26130, 46919, 32533, 16075, 75983, 81859, 16243, 8366, 15261, 18908, 62350, 61492, 83170, 50893, 81836, 3003, 93817, 66605, 40524, 65446, 28020, 1863, 725, 71665, 25810, 44842, 73472, 41194, 64753, 52869, 28406, 39260, 71021, 44544, 65259, 40879, 61260, 45447, 45201, 3321, 71834, 91841, 85944, 94448, 53777, 52512, 8549, 49201, 19980, 24764, 94536, 5157, 97859, 66443, 89316, 95801, 13183, 85710, 46447, 35334, 77529, 59421, 81195, 9851, 45065, 1228, 86952, 32820, 60942, 12527, 2701, 43832, 81092, 19751, 59457, 23812, 97339, 11061, 65182, 36676, 27888, 43573, 78010, 73786, 42822, 94936, 73010, 77609, 10163, 63290, 27012, 14424, 18531, 84803, 64958, 43258, 85321, 82524, 12515, 71837, 58848, 55036, 90390, 48542, 50684, 67693, 63530, 31868, 23633, 21579, 6184, 53131, 21002, 64832, 92053, 7184, 69006, 35823, 8901, 37893, 51534, 12913, 22446, 26285, 70255, 27641, 21932, 83656, 66575, 48694, 39512, 17613, 54185, 98358, 36273, 43014, 10733, 45136, 56634, 51849, 94288, 26786, 42387, 35475, 24444, 8118, 49485, 81714, 83778, 89561, 8738, 52024, 58874, 72716, 42311, 25454, 87595, 81934, 17964, 61433, 19494, 83691, 27415, 37037, 93113, 43616, 52964, 48333, 56234, 18241, 27411, 16419, 52538, 26653, 9839, 74465, 52527, 80201, 79630, 1840, 83276, 82109, 32792, 12949, 92039, 43765, 36272, 54630, 58463, 7943, 38328, 97833, 45183, 91200, 15929, 47964, 40561, 81809, 14276, 39018, 78090, 20469, 86063, 44225, 33166, 87717, 85524, 97465, 83919, 30571, 47291, 11687, 54825, 46134, 8685, 78917, 38709, 83964, 2221, 51487, 86847, 14005, 89651, 45410, 32614, 24838, 40258, 99135, 55054, 4969, 96553, 24382, 92307, 81538, 18598, 31340, 57241, 99094, 6002, 7419, 86820, 42779, 11869, 72254, 27411, 31840, 79401, 73664, 91511, 29301, 88737, 56727, 37464, 71958, 69508, 25388, 4807, 91309, 55535, 78168, 94902, 31655, 46027, 94454, 40509, 42451, 1052, 68891, 6541, 61185, 60171, 90386, 32613, 13324, 92786, 63265, 21684, 48267, 73039, 43664, 60352, 52907, 44675, 95496, 2418, 7997, 69656, 52682, 3534, 62641, 94861, 67850, 67794, 22721, 46227, 31666, 8747, 35366, 39868, 7244, 91381, 38982, 77500, 57926, 64111, 61778, 4991, 50703, 56802, 29847, 58359, 95807, 95068, 83415, 81616, 76533, 71507, 98373, 2134, 16453, 78850, 30462, 46604, 89830, 21706, 86295, 8595, 79105, 19655, 43131, 3478, 75436, 73052, 71062, 31739, 45697, 16052, 87826, 33911, 8138, 66268, 4656, 40763, 97630, 99868, 91639, 2772, 58917, 49516, 46748, 20804, 59466, 99872, 25910, 53332, 38030, 78030, 73087, 32427, 25656, 22734, 86384, 91610, 214, 58585, 43431, 32734, 17757, 39750, 16177, 71705, 51831, 42392, 85543, 6696, 8045, 46570, 30940, 78199, 29592, 24154, 78765, 84514, 86057, 90538, 96392, 38901, 72898, 62612, 33489, 59571, 82991, 44920, 37691, 1121, 94492, 51499, 82069, 28888, 14310, 88903, 84118, 10546, 30703, 78344, 91528, 40853, 4171, 4336, 52942, 23065, 9391, 86682, 8024, 19625, 91371, 66707, 17488, 10058, 52363, 62581, 72253, 66959, 9752, 13742, 86275, 76334, 53755, 50348, 61297, 71442, 60130, 43371, 96139, 17674, 23526, 15019, 82578, 51684, 64820, 51041, 4364, 44980, 70927, 4192, 97078, 91706, 68350, 77970, 42423, 59117, 98713, 81658, 5742, 16489, 29002, 42948, 22071, 91882, 87587, 87335, 92995, 94276, 73117, 79084, 6387, 11821, 92270, 39525, 34375, 79523, 78948, 53831, 62075, 20954, 96006, 36604, 39077, 58604, 29341, 89780, 20577, 57898, 43874, 87854, 39253, 63110, 39371, 19091, 10078, 61402, 86956, 2706, 6459, 53395, 56986, 73952, 14732, 36024, 78732, 78176, 77392, 90109, 7387, 46633, 28051, 78533, 47690, 10143, 69800, 44745, 15386, 78043, 85757, 67383, 85811, 74336, 6202, 10109, 54780, 811, 76576, 77040, 49169, 96682, 92835, 45041, 1842, 65528, 34016, 83474, 14013, 27202, 66335, 44499, 370, 21730, 52896, 71182, 85991, 39160, 40902, 55926, 35512, 75736, 13601, 92189, 77065, 84092, 98012, 48127, 11588, 90917, 67209, 11527, 94121, 43713, 79943, 21649, 81567, 58642, 44906, 74680, 40034, 91400, 63001, 5213, 55104, 32747, 93307, 38861, 27986, 4842, 71222, 96204, 50490, 41376, 83189, 378, 48774, 92287, 2703, 84308, 62388, 24134, 92282, 90947, 61816, 96517, 93801, 12248, 42612, 36596, 34402, 48549, 64887, 18886, 20656, 39553, 90994, 50931, 61171, 97927, 2047, 85741, 60257, 56686, 62824, 95036, 97774, 26512, 32213, 24226, 39119, 9190, 40253, 35323, 71271, 90577, 44, 70979, 92296, 59388, 78444, 59936, 61842, 18317, 14104, 74209, 24390, 30917, 86127, 98120, 80417, 53683, 4088, 22491, 83407, 32889, 33182, 90125, 68253, 63599, 54457, 91265, 92333, 23178, 96129, 44767, 46114, 84454, 73652, 77970, 9354, 12847, 74690, 31643, 71792, 72701, 44459, 13482, 2404, 79190, 44599, 39581, 83762, 38122, 78181, 85472, 89495, 96088, 45750, 12132, 86111, 9109, 84610, 44138, 65151, 75159, 7903, 24327, 23796, 27486, 76491, 91005, 62756, 8359, 39827, 37498, 88884, 69064, 88341, 83620, 5172, 25162, 12655, 35222, 43042, 31508, 95614, 11871, 72016, 12050, 46298, 82757, 50191, 22398, 65305, 63983, 69826, 58709, 70825, 19588, 82568, 42327, 11142, 71395, 10520, 43850, 12080, 34833, 59211, 82355, 44790, 14277, 94119, 99751, 55723, 66045, 65818, 52492, 28845, 77469, 6552, 85250, 81990, 20182, 31757, 24256, 8564, 51246, 18916, 38412, 36848, 69380, 96252, 20867, 86440, 12168, 57866, 16845, 44507, 27280, 78684, 72618, 39882, 21960, 75878, 24632, 3639, 77549, 1172, 17919, 43076, 60918, 7295, 36117, 78965, 29935, 36303, 38772, 34652, 92292, 20532, 49163, 23139, 14852, 2419, 94945, 10473, 58389, 87817, 18164, 62277, 68791, 13348, 73330, 36876, 65334, 21264, 45823, 48913, 66448, 45681, 76227, 3298, 19245, 15292, 74225, 2081, 12669, 14545, 37361, 93452, 1880, 79845, 47996, 3938, 92890, 66904, 15377, 35288, 80314, 59754, 72027, 85560, 13002, 79410, 60381, 36834, 26822, 18526, 4275, 21261, 76951, 98894, 44292, 83338, 72810, 24459, 48197, 60404]})"
45.0,7,8,48,11.744467973709106,10113,"Genotype(dna={""<class 'abc.NT_0017'>"": [0, 91624], ""<class 'abc.NT_0017_P_00000'>"": [], ""<class 'abc.NT_0015'>"": [59754, 18526], ""<class 'abc.NT_0015_P_00000'>"": [], ""<class 'abc.NT_0000'>"": [16022, 0, 68658, 75248], ""<class 'abc.NT_0000_P_00000'>"": [], ""<class 'bool'>"": [86460, 41233, 75986, 25993, 82631, 61562, 27230, 83215], ""<class 'abc.NT_0000_P_00001'>"": [], ""<class 'int'>"": [91663, 89850, 80314, 60404], ""<class 'abc.NT_0000_P_00002'>"": [], ""<class 'abc.NT_0000_P_00003'>"": [], ""<class 'abc.NT_0015_P_00001'>"": [], ""<class 'abc.NT_0010'>"": [], ""<class 'abc.NT_0010_P_00000'>"": [], ""<class 'abc.NT_0007'>"": [], ""<class 'abc.NT_0007_P_00000'>"": [], ""<class 'abc.NT_0003'>"": [], ""<class 'abc.NT_0003_P_00000'>"": [], ""<class 'abc.NT_0002'>"": [0, 15377], ""<class 'abc.NT_0002_P_00000'>"": [], ""<class 'abc.NT_0002_P_00001'>"": [], ""<class 'abc.NT_0001'>"": [36432, 14518, 2, 43884, 40571], ""<class 'abc.NT_0001_P_00000'>"": [], ""<class 'abc.NT_0001_P_00001'>"": [], ""<class 'abc.NT_0001_P_00002'>"": [], ""<class 'abc.NT_0001_P_00003'>"": [], ""<class 'abc.NT_0001_P_00004'>"": [], ""<class 'abc.NT_0002_P_00002'>"": [], ""<class 'abc.NT_0002_P_00003'>"": [], ""<class 'abc.NT_0003_P_00001'>"": [], ""<class 'abc.NT_0003_P_00002'>"": [], ""<class 'abc.NT_0003_P_00003'>"": [], ""<class 'abc.NT_0007_P_00001'>"": [], ""<class 'abc.NT_0004'>"": [62590, 30197, 83338, 72810, 24459, 48197], ""<class 'abc.NT_0004_P_00000'>"": [], ""<class 'abc.NT_0004_P_00001'>"": [], ""<class 'abc.NT_0010_P_00001'>"": [], ""<class 'abc.NT_0008'>"": [], ""<class 'abc.NT_0008_P_00000'>"": [], ""<class 'abc.NT_0010_P_00002'>"": [], ""<class 'abc.NT_0005'>"": [], ""<class 'abc.NT_0005_P_00000'>"": [], ""<class 'abc.NT_0005_P_00001'>"": [], ""<class 'abc.NT_0009'>"": [72027, 4275], ""<class 'abc.NT_0009_P_00000'>"": [], ""<class 'abc.NT_0009_P_00001'>"": [], ""<class 'abc.NT_0006'>"": [], ""<class 'abc.NT_0006_P_00000'>"": [], ""<class 'abc.NT_0009_P_00002'>"": [], ""<class 'abc.NT_0009_P_00003'>"": [], ""<class 'abc.NT_0015_P_00002'>"": [], ""<class 'abc.NT_0015_P_00003'>"": [], ""<class 'abc.NT_0014'>"": [], ""<class 'abc.NT_0014_P_00000'>"": [], ""<class 'abc.NT_0014_P_00001'>"": [], ""<class 'abc.NT_0015_P_00004'>"": [], ""<class 'abc.NT_0017_P_00001'>"": [], ""<class 'abc.NT_0016'>"": [], ""<class 'abc.NT_0016_P_00000'>"": [], ""<class 'abc.NT_0016_P_00001'>"": [], ""<class 'abc.NT_0016_P_00002'>"": [], ""<class 'abc.NT_0017_P_00002'>"": [], '$leftovers': [57587, 20000, 54340, 26317, 6481, 50799, 53366, 57672, 15437, 41470, 43194, 76280, 53058, 16632, 24951, 11647, 20336, 85920, 79178, 86726, 29687, 35122, 19936, 77951, 52918, 77202, 86811, 49977, 33989, 62146, 44283, 86282, 53235, 34529, 93786, 26995, 59308, 96804, 32075, 89268, 17705, 44065, 20964, 70557, 41228, 50394, 73244, 80589, 89878, 70093, 13531, 33497, 2118, 78177, 32452, 6202, 17781, 36111, 70983, 16310, 50605, 68444, 59396, 2989, 86690, 65815, 89541, 4173, 66353, 83209, 87572, 36004, 564, 32908, 7913, 59000, 95465, 92810, 87181, 4723, 71261, 90499, 32785, 42988, 8818, 96196, 25382, 42871, 28094, 74450, 1798, 9925, 29165, 11964, 72226, 30190, 2543, 47952, 6757, 23982, 21833, 84542, 51070, 20362, 47872, 63420, 54664, 2566, 11695, 6523, 29859, 6201, 70774, 77659, 84464, 78867, 27667, 69385, 65140, 36605, 7012, 1250, 28942, 20757, 68110, 13812, 73414, 97476, 48447, 65592, 47550, 63325, 56635, 41252, 76420, 8978, 72071, 1937, 52721, 11586, 95378, 12603, 22711, 7770, 30975, 43951, 55031, 2794, 31555, 40143, 45735, 26934, 973, 11552, 95654, 8346, 61470, 70413, 10371, 43200, 65213, 34376, 43681, 71623, 66363, 61726, 96882, 59629, 26130, 46919, 32533, 16075, 75983, 81859, 16243, 8366, 15261, 18908, 62350, 61492, 83170, 50893, 81836, 3003, 93817, 66605, 40524, 65446, 28020, 1863, 725, 71665, 25810, 44842, 73472, 41194, 64753, 52869, 28406, 39260, 71021, 44544, 65259, 40879, 61260, 45447, 45201, 3321, 71834, 91841, 85944, 94448, 53777, 52512, 8549, 49201, 19980, 24764, 94536, 5157, 97859, 66443, 89316, 95801, 13183, 85710, 46447, 35334, 77529, 59421, 81195, 9851, 45065, 1228, 86952, 32820, 60942, 12527, 2701, 43832, 81092, 19751, 59457, 23812, 97339, 11061, 65182, 36676, 27888, 43573, 78010, 73786, 42822, 94936, 73010, 77609, 10163, 63290, 27012, 14424, 18531, 84803, 64958, 43258, 85321, 82524, 12515, 71837, 58848, 55036, 90390, 48542, 50684, 67693, 63530, 31868, 23633, 21579, 6184, 53131, 21002, 64832, 92053, 7184, 69006, 35823, 8901, 37893, 51534, 12913, 22446, 26285, 70255, 27641, 21932, 83656, 66575, 48694, 39512, 17613, 54185, 98358, 36273, 43014, 10733, 45136, 56634, 51849, 94288, 26786, 42387, 35475, 24444, 8118, 49485, 81714, 83778, 89561, 8738, 52024, 58874, 72716, 42311, 25454, 87595, 81934, 17964, 61433, 19494, 83691, 27415, 37037, 93113, 43616, 52964, 48333, 56234, 18241, 27411, 16419, 52538, 26653, 9839, 74465, 52527, 80201, 79630, 1840, 83276, 82109, 32792, 12949, 92039, 43765, 36272, 54630, 58463, 7943, 38328, 97833, 45183, 91200, 15929, 47964, 40561, 81809, 14276, 39018, 78090, 20469, 86063, 44225, 33166, 87717, 85524, 97465, 83919, 30571, 47291, 11687, 54825, 46134, 8685, 78917, 38709, 83964, 2221, 51487, 86847, 14005, 89651, 45410, 32614, 24838, 40258, 99135, 55054, 4969, 96553, 24382, 92307, 81538, 18598, 31340, 57241, 99094, 6002, 7419, 86820, 42779, 11869, 72254, 27411, 31840, 79401, 73664, 91511, 29301, 88737, 56727, 37464, 71958, 69508, 25388, 4807, 91309, 55535, 78168, 94902, 31655, 46027, 94454, 40509, 42451, 1052, 68891, 6541, 61185, 60171, 90386, 32613, 13324, 92786, 63265, 21684, 48267, 73039, 43664, 60352, 52907, 44675, 95496, 2418, 7997, 69656, 52682, 3534, 62641, 94861, 67850, 67794, 22721, 46227, 31666, 8747, 35366, 39868, 7244, 91381, 38982, 77500, 57926, 64111, 61778, 4991, 50703, 56802, 29847, 58359, 95807, 95068, 83415, 81616, 76533, 71507, 98373, 2134, 16453, 78850, 30462, 46604, 89830, 21706, 86295, 8595, 79105, 19655, 43131, 3478, 75436, 73052, 71062, 31739, 45697, 16052, 87826, 33911, 8138, 66268, 4656, 40763, 97630, 99868, 91639, 2772, 58917, 49516, 46748, 20804, 59466, 99872, 25910, 53332, 38030, 78030, 73087, 32427, 25656, 22734, 86384, 91610, 214, 58585, 43431, 32734, 17757, 39750, 16177, 71705, 51831, 42392, 85543, 6696, 8045, 46570, 30940, 78199, 29592, 24154, 78765, 84514, 86057, 90538, 96392, 38901, 72898, 62612, 33489, 59571, 82991, 44920, 37691, 1121, 94492, 51499, 82069, 28888, 14310, 88903, 84118, 10546, 30703, 78344, 91528, 40853, 4171, 4336, 52942, 23065, 9391, 86682, 8024, 19625, 91371, 66707, 17488, 10058, 52363, 62581, 72253, 66959, 9752, 13742, 86275, 76334, 53755, 50348, 61297, 71442, 60130, 43371, 96139, 17674, 23526, 15019, 82578, 51684, 64820, 51041, 4364, 44980, 70927, 4192, 97078, 91706, 68350, 77970, 42423, 59117, 98713, 81658, 5742, 16489, 29002, 42948, 22071, 91882, 87587, 87335, 92995, 94276, 73117, 79084, 6387, 11821, 92270, 39525, 34375, 79523, 78948, 53831, 62075, 20954, 96006, 36604, 39077, 58604, 29341, 89780, 20577, 57898, 43874, 87854, 39253, 63110, 39371, 19091, 10078, 61402, 86956, 2706, 6459, 53395, 56986, 73952, 14732, 36024, 78732, 78176, 77392, 90109, 7387, 46633, 28051, 78533, 47690, 10143, 69800, 44745, 15386, 78043, 85757, 67383, 85811, 74336, 6202, 10109, 54780, 811, 76576, 77040, 49169, 96682, 92835, 45041, 1842, 65528, 34016, 83474, 14013, 27202, 66335, 44499, 370, 21730, 52896, 71182, 85991, 39160, 40902, 55926, 35512, 75736, 13601, 92189, 77065, 84092, 98012, 48127, 11588, 90917, 67209, 11527, 94121, 43713, 79943, 21649, 81567, 58642, 44906, 74680, 40034, 91400, 63001, 5213, 55104, 32747, 93307, 38861, 27986, 4842, 71222, 96204, 50490, 41376, 83189, 378, 48774, 92287, 2703, 84308, 62388, 24134, 92282, 90947, 61816, 96517, 93801, 12248, 42612, 36596, 34402, 48549, 64887, 18886, 20656, 39553, 90994, 50931, 61171, 97927, 2047, 85741, 60257, 56686, 62824, 95036, 97774, 26512, 32213, 24226, 39119, 9190, 40253, 35323, 71271, 90577, 44, 70979, 92296, 59388, 78444, 59936, 61842, 18317, 14104, 74209, 24390, 30917, 86127, 98120, 80417, 53683, 4088, 22491, 83407, 32889, 33182, 90125, 68253, 63599, 54457, 91265, 92333, 23178, 96129, 44767, 46114, 84454, 73652, 77970, 9354, 12847, 74690, 31643, 71792, 72701, 44459, 13482, 2404, 79190, 44599, 39581, 83762, 38122, 78181, 85472, 89495, 96088, 45750, 12132, 86111, 9109, 84610, 44138, 65151, 75159, 7903, 24327, 23796, 27486, 76491, 91005, 62756, 8359, 39827, 37498, 88884, 69064, 88341, 83620, 5172, 25162, 12655, 35222, 43042, 31508, 95614, 11871, 72016, 12050, 46298, 82757, 50191, 22398, 65305, 63983, 69826, 58709, 70825, 19588, 82568, 42327, 11142, 71395, 10520, 43850, 12080, 34833, 59211, 82355, 44790, 14277, 94119, 99751, 55723, 66045, 65818, 52492, 28845, 77469, 6552, 85250, 81990, 20182, 31757, 24256, 8564, 51246, 18916, 38412, 36848, 69380, 96252, 20867, 86440, 12168, 57866, 16845, 44507, 27280, 78684, 72618, 39882, 21960, 75878, 24632, 3639, 77549, 1172, 17919, 43076, 60918, 7295, 36117, 78965, 29935, 36303, 38772, 34652, 92292, 20532, 49163, 23139, 14852, 2419, 94945, 10473, 58389, 87817, 18164, 62277, 68791, 13348, 73330, 36876, 65334, 21264, 45823, 48913, 66448, 45681, 76227, 3298, 19245, 15292, 74225, 2081, 12669, 14545, 37361, 93452, 1880, 79845, 47996, 3938, 92890, 66904, 15377, 35288, 80314, 59754, 72027, 85560, 13002, 79410, 60381, 36834, 26822, 18526, 4275, 21261, 76951, 98894, 44292, 83338, 72810, 24459, 48197, 60404]})"
45.0,7,8,49,11.875441789627075,10113,"Genotype(dna={""<class 'abc.NT_0017'>"": [0, 91624], ""<class 'abc.NT_0017_P_00000'>"": [], ""<class 'abc.NT_0015'>"": [59754, 18526], ""<class 'abc.NT_0015_P_00000'>"": [], ""<class 'abc.NT_0000'>"": [16022, 0, 68658, 75248], ""<class 'abc.NT_0000_P_00000'>"": [], ""<class 'bool'>"": [86460, 41233, 75986, 25993, 82631, 61562, 27230, 83215], ""<class 'abc.NT_0000_P_00001'>"": [], ""<class 'int'>"": [91663, 89850, 80314, 60404], ""<class 'abc.NT_0000_P_00002'>"": [], ""<class 'abc.NT_0000_P_00003'>"": [], ""<class 'abc.NT_0015_P_00001'>"": [], ""<class 'abc.NT_0010'>"": [], ""<class 'abc.NT_0010_P_00000'>"": [], ""<class 'abc.NT_0007'>"": [], ""<class 'abc.NT_0007_P_00000'>"": [], ""<class 'abc.NT_0003'>"": [], ""<class 'abc.NT_0003_P_00000'>"": [], ""<class 'abc.NT_0002'>"": [0, 15377], ""<class 'abc.NT_0002_P_00000'>"": [], ""<class 'abc.NT_0002_P_00001'>"": [], ""<class 'abc.NT_0001'>"": [36432, 14518, 2, 43884, 40571], ""<class 'abc.NT_0001_P_00000'>"": [], ""<class 'abc.NT_0001_P_00001'>"": [], ""<class 'abc.NT_0001_P_00002'>"": [], ""<class 'abc.NT_0001_P_00003'>"": [], ""<class 'abc.NT_0001_P_00004'>"": [], ""<class 'abc.NT_0002_P_00002'>"": [], ""<class 'abc.NT_0002_P_00003'>"": [], ""<class 'abc.NT_0003_P_00001'>"": [], ""<class 'abc.NT_0003_P_00002'>"": [], ""<class 'abc.NT_0003_P_00003'>"": [], ""<class 'abc.NT_0007_P_00001'>"": [], ""<class 'abc.NT_0004'>"": [62590, 30197, 83338, 72810, 24459, 48197], ""<class 'abc.NT_0004_P_00000'>"": [], ""<class 'abc.NT_0004_P_00001'>"": [], ""<class 'abc.NT_0010_P_00001'>"": [], ""<class 'abc.NT_0008'>"": [], ""<class 'abc.NT_0008_P_00000'>"": [], ""<class 'abc.NT_0010_P_00002'>"": [], ""<class 'abc.NT_0005'>"": [], ""<class 'abc.NT_0005_P_00000'>"": [], ""<class 'abc.NT_0005_P_00001'>"": [], ""<class 'abc.NT_0009'>"": [72027, 4275], ""<class 'abc.NT_0009_P_00000'>"": [], ""<class 'abc.NT_0009_P_00001'>"": [], ""<class 'abc.NT_0006'>"": [], ""<class 'abc.NT_0006_P_00000'>"": [], ""<class 'abc.NT_0009_P_00002'>"": [], ""<class 'abc.NT_0009_P_00003'>"": [], ""<class 'abc.NT_0015_P_00002'>"": [], ""<class 'abc.NT_0015_P_00003'>"": [], ""<class 'abc.NT_0014'>"": [], ""<class 'abc.NT_0014_P_00000'>"": [], ""<class 'abc.NT_0014_P_00001'>"": [], ""<class 'abc.NT_0015_P_00004'>"": [], ""<class 'abc.NT_0017_P_00001'>"": [], ""<class 'abc.NT_0016'>"": [], ""<class 'abc.NT_0016_P_00000'>"": [], ""<class 'abc.NT_0016_P_00001'>"": [], ""<class 'abc.NT_0016_P_00002'>"": [], ""<class 'abc.NT_0017_P_00002'>"": [], '$leftovers': [57587, 20000, 54340, 26317, 6481, 50799, 53366, 57672, 15437, 41470, 43194, 76280, 53058, 16632, 24951, 11647, 20336, 85920, 79178, 86726, 29687, 35122, 19936, 77951, 52918, 77202, 86811, 49977, 33989, 62146, 44283, 86282, 53235, 34529, 93786, 26995, 59308, 96804, 32075, 89268, 17705, 44065, 20964, 70557, 41228, 50394, 73244, 80589, 89878, 70093, 13531, 33497, 2118, 78177, 32452, 6202, 17781, 36111, 70983, 16310, 50605, 68444, 59396, 2989, 86690, 65815, 89541, 4173, 66353, 83209, 87572, 36004, 564, 32908, 7913, 59000, 95465, 92810, 87181, 4723, 71261, 90499, 32785, 42988, 8818, 96196, 25382, 42871, 28094, 74450, 1798, 9925, 29165, 11964, 72226, 30190, 2543, 47952, 6757, 23982, 21833, 84542, 51070, 20362, 47872, 63420, 54664, 2566, 11695, 6523, 29859, 6201, 70774, 77659, 84464, 78867, 27667, 69385, 65140, 36605, 7012, 1250, 28942, 20757, 68110, 13812, 73414, 97476, 48447, 65592, 47550, 63325, 56635, 41252, 76420, 8978, 72071, 1937, 52721, 11586, 95378, 12603, 22711, 7770, 30975, 43951, 55031, 2794, 31555, 40143, 45735, 26934, 973, 11552, 95654, 8346, 61470, 70413, 10371, 43200, 65213, 34376, 43681, 71623, 66363, 61726, 96882, 59629, 26130, 46919, 32533, 16075, 75983, 81859, 16243, 8366, 15261, 18908, 62350, 61492, 83170, 50893, 81836, 3003, 93817, 66605, 40524, 65446, 28020, 1863, 725, 71665, 25810, 44842, 73472, 41194, 64753, 52869, 28406, 39260, 71021, 44544, 65259, 40879, 61260, 45447, 45201, 3321, 71834, 91841, 85944, 94448, 53777, 52512, 8549, 49201, 19980, 24764, 94536, 5157, 97859, 66443, 89316, 95801, 13183, 85710, 46447, 35334, 77529, 59421, 81195, 9851, 45065, 1228, 86952, 32820, 60942, 12527, 2701, 43832, 81092, 19751, 59457, 23812, 97339, 11061, 65182, 36676, 27888, 43573, 78010, 73786, 42822, 94936, 73010, 77609, 10163, 63290, 27012, 14424, 18531, 84803, 64958, 43258, 85321, 82524, 12515, 71837, 58848, 55036, 90390, 48542, 50684, 67693, 63530, 31868, 23633, 21579, 6184, 53131, 21002, 64832, 92053, 7184, 69006, 35823, 8901, 37893, 51534, 12913, 22446, 26285, 70255, 27641, 21932, 83656, 66575, 48694, 39512, 17613, 54185, 98358, 36273, 43014, 10733, 45136, 56634, 51849, 94288, 26786, 42387, 35475, 24444, 8118, 49485, 81714, 83778, 89561, 8738, 52024, 58874, 72716, 42311, 25454, 87595, 81934, 17964, 61433, 19494, 83691, 27415, 37037, 93113, 43616, 52964, 48333, 56234, 18241, 27411, 16419, 52538, 26653, 9839, 74465, 52527, 80201, 79630, 1840, 83276, 82109, 32792, 12949, 92039, 43765, 36272, 54630, 58463, 7943, 38328, 97833, 45183, 91200, 15929, 47964, 40561, 81809, 14276, 39018, 78090, 20469, 86063, 44225, 33166, 87717, 85524, 97465, 83919, 30571, 47291, 11687, 54825, 46134, 8685, 78917, 38709, 83964, 2221, 51487, 86847, 14005, 89651, 45410, 32614, 24838, 40258, 99135, 55054, 4969, 96553, 24382, 92307, 81538, 18598, 31340, 57241, 99094, 6002, 7419, 86820, 42779, 11869, 72254, 27411, 31840, 79401, 73664, 91511, 29301, 88737, 56727, 37464, 71958, 69508, 25388, 4807, 91309, 55535, 78168, 94902, 31655, 46027, 94454, 40509, 42451, 1052, 68891, 6541, 61185, 60171, 90386, 32613, 13324, 92786, 63265, 21684, 48267, 73039, 43664, 60352, 52907, 44675, 95496, 2418, 7997, 69656, 52682, 3534, 62641, 94861, 67850, 67794, 22721, 46227, 31666, 8747, 35366, 39868, 7244, 91381, 38982, 77500, 57926, 64111, 61778, 4991, 50703, 56802, 29847, 58359, 95807, 95068, 83415, 81616, 76533, 71507, 98373, 2134, 16453, 78850, 30462, 46604, 89830, 21706, 86295, 8595, 79105, 19655, 43131, 3478, 75436, 73052, 71062, 31739, 45697, 16052, 87826, 33911, 8138, 66268, 4656, 40763, 97630, 99868, 91639, 2772, 58917, 49516, 46748, 20804, 59466, 99872, 25910, 53332, 38030, 78030, 73087, 32427, 25656, 22734, 86384, 91610, 214, 58585, 43431, 32734, 17757, 39750, 16177, 71705, 51831, 42392, 85543, 6696, 8045, 46570, 30940, 78199, 29592, 24154, 78765, 84514, 86057, 90538, 96392, 38901, 72898, 62612, 33489, 59571, 82991, 44920, 37691, 1121, 94492, 51499, 82069, 28888, 14310, 88903, 84118, 10546, 30703, 78344, 91528, 40853, 4171, 4336, 52942, 23065, 9391, 86682, 8024, 19625, 91371, 66707, 17488, 10058, 52363, 62581, 72253, 66959, 9752, 13742, 86275, 76334, 53755, 50348, 61297, 71442, 60130, 43371, 96139, 17674, 23526, 15019, 82578, 51684, 64820, 51041, 4364, 44980, 70927, 4192, 97078, 91706, 68350, 77970, 42423, 59117, 98713, 81658, 5742, 16489, 29002, 42948, 22071, 91882, 87587, 87335, 92995, 94276, 73117, 79084, 6387, 11821, 92270, 39525, 34375, 79523, 78948, 53831, 62075, 20954, 96006, 36604, 39077, 58604, 29341, 89780, 20577, 57898, 43874, 87854, 39253, 63110, 39371, 19091, 10078, 61402, 86956, 2706, 6459, 53395, 56986, 73952, 14732, 36024, 78732, 78176, 77392, 90109, 7387, 46633, 28051, 78533, 47690, 10143, 69800, 44745, 15386, 78043, 85757, 67383, 85811, 74336, 6202, 10109, 54780, 811, 76576, 77040, 49169, 96682, 92835, 45041, 1842, 65528, 34016, 83474, 14013, 27202, 66335, 44499, 370, 21730, 52896, 71182, 85991, 39160, 40902, 55926, 35512, 75736, 13601, 92189, 77065, 84092, 98012, 48127, 11588, 90917, 67209, 11527, 94121, 43713, 79943, 21649, 81567, 58642, 44906, 74680, 40034, 91400, 63001, 5213, 55104, 32747, 93307, 38861, 27986, 4842, 71222, 96204, 50490, 41376, 83189, 378, 48774, 92287, 2703, 84308, 62388, 24134, 92282, 90947, 61816, 96517, 93801, 12248, 42612, 36596, 34402, 48549, 64887, 18886, 20656, 39553, 90994, 50931, 61171, 97927, 2047, 85741, 60257, 56686, 62824, 95036, 97774, 26512, 32213, 24226, 39119, 9190, 40253, 35323, 71271, 90577, 44, 70979, 92296, 59388, 78444, 59936, 61842, 18317, 14104, 74209, 24390, 30917, 86127, 98120, 80417, 53683, 4088, 22491, 83407, 32889, 33182, 90125, 68253, 63599, 54457, 91265, 92333, 23178, 96129, 44767, 46114, 84454, 73652, 77970, 9354, 12847, 74690, 31643, 71792, 72701, 44459, 13482, 2404, 79190, 44599, 39581, 83762, 38122, 78181, 85472, 89495, 96088, 45750, 12132, 86111, 9109, 84610, 44138, 65151, 75159, 7903, 24327, 23796, 27486, 76491, 91005, 62756, 8359, 39827, 37498, 88884, 69064, 88341, 83620, 5172, 25162, 12655, 35222, 43042, 31508, 95614, 11871, 72016, 12050, 46298, 82757, 50191, 22398, 65305, 63983, 69826, 58709, 70825, 19588, 82568, 42327, 11142, 71395, 10520, 43850, 12080, 34833, 59211, 82355, 44790, 14277, 94119, 99751, 55723, 66045, 65818, 52492, 28845, 77469, 6552, 85250, 81990, 20182, 31757, 24256, 8564, 51246, 18916, 38412, 36848, 69380, 96252, 20867, 86440, 12168, 57866, 16845, 44507, 27280, 78684, 72618, 39882, 21960, 75878, 24632, 3639, 77549, 1172, 17919, 43076, 60918, 7295, 36117, 78965, 29935, 36303, 38772, 34652, 92292, 20532, 49163, 23139, 14852, 2419, 94945, 10473, 58389, 87817, 18164, 62277, 68791, 13348, 73330, 36876, 65334, 21264, 45823, 48913, 66448, 45681, 76227, 3298, 19245, 15292, 74225, 2081, 12669, 14545, 37361, 93452, 1880, 79845, 47996, 3938, 92890, 66904, 15377, 35288, 80314, 59754, 72027, 85560, 13002, 79410, 60381, 36834, 26822, 18526, 4275, 21261, 76951, 98894, 44292, 83338, 72810, 24459, 48197, 60404]})"
45.0,7,8,50,12.003345727920532,10113,"Genotype(dna={""<class 'abc.NT_0017'>"": [0, 91624], ""<class 'abc.NT_0017_P_00000'>"": [], ""<class 'abc.NT_0015'>"": [59754, 18526], ""<class 'abc.NT_0015_P_00000'>"": [], ""<class 'abc.NT_0000'>"": [16022, 0, 68658, 75248], ""<class 'abc.NT_0000_P_00000'>"": [], ""<class 'bool'>"": [86460, 41233, 75986, 25993, 82631, 61562, 27230, 83215], ""<class 'abc.NT_0000_P_00001'>"": [], ""<class 'int'>"": [91663, 89850, 80314, 60404], ""<class 'abc.NT_0000_P_00002'>"": [], ""<class 'abc.NT_0000_P_00003'>"": [], ""<class 'abc.NT_0015_P_00001'>"": [], ""<class 'abc.NT_0010'>"": [], ""<class 'abc.NT_0010_P_00000'>"": [], ""<class 'abc.NT_0007'>"": [], ""<class 'abc.NT_0007_P_00000'>"": [], ""<class 'abc.NT_0003'>"": [], ""<class 'abc.NT_0003_P_00000'>"": [], ""<class 'abc.NT_0002'>"": [0, 15377], ""<class 'abc.NT_0002_P_00000'>"": [], ""<class 'abc.NT_0002_P_00001'>"": [], ""<class 'abc.NT_0001'>"": [36432, 14518, 2, 43884, 40571], ""<class 'abc.NT_0001_P_00000'>"": [], ""<class 'abc.NT_0001_P_00001'>"": [], ""<class 'abc.NT_0001_P_00002'>"": [], ""<class 'abc.NT_0001_P_00003'>"": [], ""<class 'abc.NT_0001_P_00004'>"": [], ""<class 'abc.NT_0002_P_00002'>"": [], ""<class 'abc.NT_0002_P_00003'>"": [], ""<class 'abc.NT_0003_P_00001'>"": [], ""<class 'abc.NT_0003_P_00002'>"": [], ""<class 'abc.NT_0003_P_00003'>"": [], ""<class 'abc.NT_0007_P_00001'>"": [], ""<class 'abc.NT_0004'>"": [62590, 30197, 83338, 72810, 24459, 48197], ""<class 'abc.NT_0004_P_00000'>"": [], ""<class 'abc.NT_0004_P_00001'>"": [], ""<class 'abc.NT_0010_P_00001'>"": [], ""<class 'abc.NT_0008'>"": [], ""<class 'abc.NT_0008_P_00000'>"": [], ""<class 'abc.NT_0010_P_00002'>"": [], ""<class 'abc.NT_0005'>"": [], ""<class 'abc.NT_0005_P_00000'>"": [], ""<class 'abc.NT_0005_P_00001'>"": [], ""<class 'abc.NT_0009'>"": [72027, 4275], ""<class 'abc.NT_0009_P_00000'>"": [], ""<class 'abc.NT_0009_P_00001'>"": [], ""<class 'abc.NT_0006'>"": [], ""<class 'abc.NT_0006_P_00000'>"": [], ""<class 'abc.NT_0009_P_00002'>"": [], ""<class 'abc.NT_0009_P_00003'>"": [], ""<class 'abc.NT_0015_P_00002'>"": [], ""<class 'abc.NT_0015_P_00003'>"": [], ""<class 'abc.NT_0014'>"": [], ""<class 'abc.NT_0014_P_00000'>"": [], ""<class 'abc.NT_0014_P_00001'>"": [], ""<class 'abc.NT_0015_P_00004'>"": [], ""<class 'abc.NT_0017_P_00001'>"": [], ""<class 'abc.NT_0016'>"": [], ""<class 'abc.NT_0016_P_00000'>"": [], ""<class 'abc.NT_0016_P_00001'>"": [], ""<class 'abc.NT_0016_P_00002'>"": [], ""<class 'abc.NT_0017_P_00002'>"": [], '$leftovers': [57587, 20000, 54340, 26317, 6481, 50799, 53366, 57672, 15437, 41470, 43194, 76280, 53058, 16632, 24951, 11647, 20336, 85920, 79178, 86726, 29687, 35122, 19936, 77951, 52918, 77202, 86811, 49977, 33989, 62146, 44283, 86282, 53235, 34529, 93786, 26995, 59308, 96804, 32075, 89268, 17705, 44065, 20964, 70557, 41228, 50394, 73244, 80589, 89878, 70093, 13531, 33497, 2118, 78177, 32452, 6202, 17781, 36111, 70983, 16310, 50605, 68444, 59396, 2989, 86690, 65815, 89541, 4173, 66353, 83209, 87572, 36004, 564, 32908, 7913, 59000, 95465, 92810, 87181, 4723, 71261, 90499, 32785, 42988, 8818, 96196, 25382, 42871, 28094, 74450, 1798, 9925, 29165, 11964, 72226, 30190, 2543, 47952, 6757, 23982, 21833, 84542, 51070, 20362, 47872, 63420, 54664, 2566, 11695, 6523, 29859, 6201, 70774, 77659, 84464, 78867, 27667, 69385, 65140, 36605, 7012, 1250, 28942, 20757, 68110, 13812, 73414, 97476, 48447, 65592, 47550, 63325, 56635, 41252, 76420, 8978, 72071, 1937, 52721, 11586, 95378, 12603, 22711, 7770, 30975, 43951, 55031, 2794, 31555, 40143, 45735, 26934, 973, 11552, 95654, 8346, 61470, 70413, 10371, 43200, 65213, 34376, 43681, 71623, 66363, 61726, 96882, 59629, 26130, 46919, 32533, 16075, 75983, 81859, 16243, 8366, 15261, 18908, 62350, 61492, 83170, 50893, 81836, 3003, 93817, 66605, 40524, 65446, 28020, 1863, 725, 71665, 25810, 44842, 73472, 41194, 64753, 52869, 28406, 39260, 71021, 44544, 65259, 40879, 61260, 45447, 45201, 3321, 71834, 91841, 85944, 94448, 53777, 52512, 8549, 49201, 19980, 24764, 94536, 5157, 97859, 66443, 89316, 95801, 13183, 85710, 46447, 35334, 77529, 59421, 81195, 9851, 45065, 1228, 86952, 32820, 60942, 12527, 2701, 43832, 81092, 19751, 59457, 23812, 97339, 11061, 65182, 36676, 27888, 43573, 78010, 73786, 42822, 94936, 73010, 77609, 10163, 63290, 27012, 14424, 18531, 84803, 64958, 43258, 85321, 82524, 12515, 71837, 58848, 55036, 90390, 48542, 50684, 67693, 63530, 31868, 23633, 21579, 6184, 53131, 21002, 64832, 92053, 7184, 69006, 35823, 8901, 37893, 51534, 12913, 22446, 26285, 70255, 27641, 21932, 83656, 66575, 48694, 39512, 17613, 54185, 98358, 36273, 43014, 10733, 45136, 56634, 51849, 94288, 26786, 42387, 35475, 24444, 8118, 49485, 81714, 83778, 89561, 8738, 52024, 58874, 72716, 42311, 25454, 87595, 81934, 17964, 61433, 19494, 83691, 27415, 37037, 93113, 43616, 52964, 48333, 56234, 18241, 27411, 16419, 52538, 26653, 9839, 74465, 52527, 80201, 79630, 1840, 83276, 82109, 32792, 12949, 92039, 43765, 36272, 54630, 58463, 7943, 38328, 97833, 45183, 91200, 15929, 47964, 40561, 81809, 14276, 39018, 78090, 20469, 86063, 44225, 33166, 87717, 85524, 97465, 83919, 30571, 47291, 11687, 54825, 46134, 8685, 78917, 38709, 83964, 2221, 51487, 86847, 14005, 89651, 45410, 32614, 24838, 40258, 99135, 55054, 4969, 96553, 24382, 92307, 81538, 18598, 31340, 57241, 99094, 6002, 7419, 86820, 42779, 11869, 72254, 27411, 31840, 79401, 73664, 91511, 29301, 88737, 56727, 37464, 71958, 69508, 25388, 4807, 91309, 55535, 78168, 94902, 31655, 46027, 94454, 40509, 42451, 1052, 68891, 6541, 61185, 60171, 90386, 32613, 13324, 92786, 63265, 21684, 48267, 73039, 43664, 60352, 52907, 44675, 95496, 2418, 7997, 69656, 52682, 3534, 62641, 94861, 67850, 67794, 22721, 46227, 31666, 8747, 35366, 39868, 7244, 91381, 38982, 77500, 57926, 64111, 61778, 4991, 50703, 56802, 29847, 58359, 95807, 95068, 83415, 81616, 76533, 71507, 98373, 2134, 16453, 78850, 30462, 46604, 89830, 21706, 86295, 8595, 79105, 19655, 43131, 3478, 75436, 73052, 71062, 31739, 45697, 16052, 87826, 33911, 8138, 66268, 4656, 40763, 97630, 99868, 91639, 2772, 58917, 49516, 46748, 20804, 59466, 99872, 25910, 53332, 38030, 78030, 73087, 32427, 25656, 22734, 86384, 91610, 214, 58585, 43431, 32734, 17757, 39750, 16177, 71705, 51831, 42392, 85543, 6696, 8045, 46570, 30940, 78199, 29592, 24154, 78765, 84514, 86057, 90538, 96392, 38901, 72898, 62612, 33489, 59571, 82991, 44920, 37691, 1121, 94492, 51499, 82069, 28888, 14310, 88903, 84118, 10546, 30703, 78344, 91528, 40853, 4171, 4336, 52942, 23065, 9391, 86682, 8024, 19625, 91371, 66707, 17488, 10058, 52363, 62581, 72253, 66959, 9752, 13742, 86275, 76334, 53755, 50348, 61297, 71442, 60130, 43371, 96139, 17674, 23526, 15019, 82578, 51684, 64820, 51041, 4364, 44980, 70927, 4192, 97078, 91706, 68350, 77970, 42423, 59117, 98713, 81658, 5742, 16489, 29002, 42948, 22071, 91882, 87587, 87335, 92995, 94276, 73117, 79084, 6387, 11821, 92270, 39525, 34375, 79523, 78948, 53831, 62075, 20954, 96006, 36604, 39077, 58604, 29341, 89780, 20577, 57898, 43874, 87854, 39253, 63110, 39371, 19091, 10078, 61402, 86956, 2706, 6459, 53395, 56986, 73952, 14732, 36024, 78732, 78176, 77392, 90109, 7387, 46633, 28051, 78533, 47690, 10143, 69800, 44745, 15386, 78043, 85757, 67383, 85811, 74336, 6202, 10109, 54780, 811, 76576, 77040, 49169, 96682, 92835, 45041, 1842, 65528, 34016, 83474, 14013, 27202, 66335, 44499, 370, 21730, 52896, 71182, 85991, 39160, 40902, 55926, 35512, 75736, 13601, 92189, 77065, 84092, 98012, 48127, 11588, 90917, 67209, 11527, 94121, 43713, 79943, 21649, 81567, 58642, 44906, 74680, 40034, 91400, 63001, 5213, 55104, 32747, 93307, 38861, 27986, 4842, 71222, 96204, 50490, 41376, 83189, 378, 48774, 92287, 2703, 84308, 62388, 24134, 92282, 90947, 61816, 96517, 93801, 12248, 42612, 36596, 34402, 48549, 64887, 18886, 20656, 39553, 90994, 50931, 61171, 97927, 2047, 85741, 60257, 56686, 62824, 95036, 97774, 26512, 32213, 24226, 39119, 9190, 40253, 35323, 71271, 90577, 44, 70979, 92296, 59388, 78444, 59936, 61842, 18317, 14104, 74209, 24390, 30917, 86127, 98120, 80417, 53683, 4088, 22491, 83407, 32889, 33182, 90125, 68253, 63599, 54457, 91265, 92333, 23178, 96129, 44767, 46114, 84454, 73652, 77970, 9354, 12847, 74690, 31643, 71792, 72701, 44459, 13482, 2404, 79190, 44599, 39581, 83762, 38122, 78181, 85472, 89495, 96088, 45750, 12132, 86111, 9109, 84610, 44138, 65151, 75159, 7903, 24327, 23796, 27486, 76491, 91005, 62756, 8359, 39827, 37498, 88884, 69064, 88341, 83620, 5172, 25162, 12655, 35222, 43042, 31508, 95614, 11871, 72016, 12050, 46298, 82757, 50191, 22398, 65305, 63983, 69826, 58709, 70825, 19588, 82568, 42327, 11142, 71395, 10520, 43850, 12080, 34833, 59211, 82355, 44790, 14277, 94119, 99751, 55723, 66045, 65818, 52492, 28845, 77469, 6552, 85250, 81990, 20182, 31757, 24256, 8564, 51246, 18916, 38412, 36848, 69380, 96252, 20867, 86440, 12168, 57866, 16845, 44507, 27280, 78684, 72618, 39882, 21960, 75878, 24632, 3639, 77549, 1172, 17919, 43076, 60918, 7295, 36117, 78965, 29935, 36303, 38772, 34652, 92292, 20532, 49163, 23139, 14852, 2419, 94945, 10473, 58389, 87817, 18164, 62277, 68791, 13348, 73330, 36876, 65334, 21264, 45823, 48913, 66448, 45681, 76227, 3298, 19245, 15292, 74225, 2081, 12669, 14545, 37361, 93452, 1880, 79845, 47996, 3938, 92890, 66904, 15377, 35288, 80314, 59754, 72027, 85560, 13002, 79410, 60381, 36834, 26822, 18526, 4275, 21261, 76951, 98894, 44292, 83338, 72810, 24459, 48197, 60404]})"
45.0,7,8,51,12.131014108657837,10113,"Genotype(dna={""<class 'abc.NT_0017'>"": [0, 91624], ""<class 'abc.NT_0017_P_00000'>"": [], ""<class 'abc.NT_0015'>"": [59754, 18526], ""<class 'abc.NT_0015_P_00000'>"": [], ""<class 'abc.NT_0000'>"": [16022, 0, 68658, 75248], ""<class 'abc.NT_0000_P_00000'>"": [], ""<class 'bool'>"": [86460, 41233, 75986, 25993, 82631, 61562, 27230, 83215], ""<class 'abc.NT_0000_P_00001'>"": [], ""<class 'int'>"": [91663, 89850, 80314, 60404], ""<class 'abc.NT_0000_P_00002'>"": [], ""<class 'abc.NT_0000_P_00003'>"": [], ""<class 'abc.NT_0015_P_00001'>"": [], ""<class 'abc.NT_0010'>"": [], ""<class 'abc.NT_0010_P_00000'>"": [], ""<class 'abc.NT_0007'>"": [], ""<class 'abc.NT_0007_P_00000'>"": [], ""<class 'abc.NT_0003'>"": [], ""<class 'abc.NT_0003_P_00000'>"": [], ""<class 'abc.NT_0002'>"": [0, 15377], ""<class 'abc.NT_0002_P_00000'>"": [], ""<class 'abc.NT_0002_P_00001'>"": [], ""<class 'abc.NT_0001'>"": [36432, 14518, 2, 43884, 40571], ""<class 'abc.NT_0001_P_00000'>"": [], ""<class 'abc.NT_0001_P_00001'>"": [], ""<class 'abc.NT_0001_P_00002'>"": [], ""<class 'abc.NT_0001_P_00003'>"": [], ""<class 'abc.NT_0001_P_00004'>"": [], ""<class 'abc.NT_0002_P_00002'>"": [], ""<class 'abc.NT_0002_P_00003'>"": [], ""<class 'abc.NT_0003_P_00001'>"": [], ""<class 'abc.NT_0003_P_00002'>"": [], ""<class 'abc.NT_0003_P_00003'>"": [], ""<class 'abc.NT_0007_P_00001'>"": [], ""<class 'abc.NT_0004'>"": [62590, 30197, 83338, 72810, 24459, 48197], ""<class 'abc.NT_0004_P_00000'>"": [], ""<class 'abc.NT_0004_P_00001'>"": [], ""<class 'abc.NT_0010_P_00001'>"": [], ""<class 'abc.NT_0008'>"": [], ""<class 'abc.NT_0008_P_00000'>"": [], ""<class 'abc.NT_0010_P_00002'>"": [], ""<class 'abc.NT_0005'>"": [], ""<class 'abc.NT_0005_P_00000'>"": [], ""<class 'abc.NT_0005_P_00001'>"": [], ""<class 'abc.NT_0009'>"": [72027, 4275], ""<class 'abc.NT_0009_P_00000'>"": [], ""<class 'abc.NT_0009_P_00001'>"": [], ""<class 'abc.NT_0006'>"": [], ""<class 'abc.NT_0006_P_00000'>"": [], ""<class 'abc.NT_0009_P_00002'>"": [], ""<class 'abc.NT_0009_P_00003'>"": [], ""<class 'abc.NT_0015_P_00002'>"": [], ""<class 'abc.NT_0015_P_00003'>"": [], ""<class 'abc.NT_0014'>"": [], ""<class 'abc.NT_0014_P_00000'>"": [], ""<class 'abc.NT_0014_P_00001'>"": [], ""<class 'abc.NT_0015_P_00004'>"": [], ""<class 'abc.NT_0017_P_00001'>"": [], ""<class 'abc.NT_0016'>"": [], ""<class 'abc.NT_0016_P_00000'>"": [], ""<class 'abc.NT_0016_P_00001'>"": [], ""<class 'abc.NT_0016_P_00002'>"": [], ""<class 'abc.NT_0017_P_00002'>"": [], '$leftovers': [57587, 20000, 54340, 26317, 6481, 50799, 53366, 57672, 15437, 41470, 43194, 76280, 53058, 16632, 24951, 11647, 20336, 85920, 79178, 86726, 29687, 35122, 19936, 77951, 52918, 77202, 86811, 49977, 33989, 62146, 44283, 86282, 53235, 34529, 93786, 26995, 59308, 96804, 32075, 89268, 17705, 44065, 20964, 70557, 41228, 50394, 73244, 80589, 89878, 70093, 13531, 33497, 2118, 78177, 32452, 6202, 17781, 36111, 70983, 16310, 50605, 68444, 59396, 2989, 86690, 65815, 89541, 4173, 66353, 83209, 87572, 36004, 564, 32908, 7913, 59000, 95465, 92810, 87181, 4723, 71261, 90499, 32785, 42988, 8818, 96196, 25382, 42871, 28094, 74450, 1798, 9925, 29165, 11964, 72226, 30190, 2543, 47952, 6757, 23982, 21833, 84542, 51070, 20362, 47872, 63420, 54664, 2566, 11695, 6523, 29859, 6201, 70774, 77659, 84464, 78867, 27667, 69385, 65140, 36605, 7012, 1250, 28942, 20757, 68110, 13812, 73414, 97476, 48447, 65592, 47550, 63325, 56635, 41252, 76420, 8978, 72071, 1937, 52721, 11586, 95378, 12603, 22711, 7770, 30975, 43951, 55031, 2794, 31555, 40143, 45735, 26934, 973, 11552, 95654, 8346, 61470, 70413, 10371, 43200, 65213, 34376, 43681, 71623, 66363, 61726, 96882, 59629, 26130, 46919, 32533, 16075, 75983, 81859, 16243, 8366, 15261, 18908, 62350, 61492, 83170, 50893, 81836, 3003, 93817, 66605, 40524, 65446, 28020, 1863, 725, 71665, 25810, 44842, 73472, 41194, 64753, 52869, 28406, 39260, 71021, 44544, 65259, 40879, 61260, 45447, 45201, 3321, 71834, 91841, 85944, 94448, 53777, 52512, 8549, 49201, 19980, 24764, 94536, 5157, 97859, 66443, 89316, 95801, 13183, 85710, 46447, 35334, 77529, 59421, 81195, 9851, 45065, 1228, 86952, 32820, 60942, 12527, 2701, 43832, 81092, 19751, 59457, 23812, 97339, 11061, 65182, 36676, 27888, 43573, 78010, 73786, 42822, 94936, 73010, 77609, 10163, 63290, 27012, 14424, 18531, 84803, 64958, 43258, 85321, 82524, 12515, 71837, 58848, 55036, 90390, 48542, 50684, 67693, 63530, 31868, 23633, 21579, 6184, 53131, 21002, 64832, 92053, 7184, 69006, 35823, 8901, 37893, 51534, 12913, 22446, 26285, 70255, 27641, 21932, 83656, 66575, 48694, 39512, 17613, 54185, 98358, 36273, 43014, 10733, 45136, 56634, 51849, 94288, 26786, 42387, 35475, 24444, 8118, 49485, 81714, 83778, 89561, 8738, 52024, 58874, 72716, 42311, 25454, 87595, 81934, 17964, 61433, 19494, 83691, 27415, 37037, 93113, 43616, 52964, 48333, 56234, 18241, 27411, 16419, 52538, 26653, 9839, 74465, 52527, 80201, 79630, 1840, 83276, 82109, 32792, 12949, 92039, 43765, 36272, 54630, 58463, 7943, 38328, 97833, 45183, 91200, 15929, 47964, 40561, 81809, 14276, 39018, 78090, 20469, 86063, 44225, 33166, 87717, 85524, 97465, 83919, 30571, 47291, 11687, 54825, 46134, 8685, 78917, 38709, 83964, 2221, 51487, 86847, 14005, 89651, 45410, 32614, 24838, 40258, 99135, 55054, 4969, 96553, 24382, 92307, 81538, 18598, 31340, 57241, 99094, 6002, 7419, 86820, 42779, 11869, 72254, 27411, 31840, 79401, 73664, 91511, 29301, 88737, 56727, 37464, 71958, 69508, 25388, 4807, 91309, 55535, 78168, 94902, 31655, 46027, 94454, 40509, 42451, 1052, 68891, 6541, 61185, 60171, 90386, 32613, 13324, 92786, 63265, 21684, 48267, 73039, 43664, 60352, 52907, 44675, 95496, 2418, 7997, 69656, 52682, 3534, 62641, 94861, 67850, 67794, 22721, 46227, 31666, 8747, 35366, 39868, 7244, 91381, 38982, 77500, 57926, 64111, 61778, 4991, 50703, 56802, 29847, 58359, 95807, 95068, 83415, 81616, 76533, 71507, 98373, 2134, 16453, 78850, 30462, 46604, 89830, 21706, 86295, 8595, 79105, 19655, 43131, 3478, 75436, 73052, 71062, 31739, 45697, 16052, 87826, 33911, 8138, 66268, 4656, 40763, 97630, 99868, 91639, 2772, 58917, 49516, 46748, 20804, 59466, 99872, 25910, 53332, 38030, 78030, 73087, 32427, 25656, 22734, 86384, 91610, 214, 58585, 43431, 32734, 17757, 39750, 16177, 71705, 51831, 42392, 85543, 6696, 8045, 46570, 30940, 78199, 29592, 24154, 78765, 84514, 86057, 90538, 96392, 38901, 72898, 62612, 33489, 59571, 82991, 44920, 37691, 1121, 94492, 51499, 82069, 28888, 14310, 88903, 84118, 10546, 30703, 78344, 91528, 40853, 4171, 4336, 52942, 23065, 9391, 86682, 8024, 19625, 91371, 66707, 17488, 10058, 52363, 62581, 72253, 66959, 9752, 13742, 86275, 76334, 53755, 50348, 61297, 71442, 60130, 43371, 96139, 17674, 23526, 15019, 82578, 51684, 64820, 51041, 4364, 44980, 70927, 4192, 97078, 91706, 68350, 77970, 42423, 59117, 98713, 81658, 5742, 16489, 29002, 42948, 22071, 91882, 87587, 87335, 92995, 94276, 73117, 79084, 6387, 11821, 92270, 39525, 34375, 79523, 78948, 53831, 62075, 20954, 96006, 36604, 39077, 58604, 29341, 89780, 20577, 57898, 43874, 87854, 39253, 63110, 39371, 19091, 10078, 61402, 86956, 2706, 6459, 53395, 56986, 73952, 14732, 36024, 78732, 78176, 77392, 90109, 7387, 46633, 28051, 78533, 47690, 10143, 69800, 44745, 15386, 78043, 85757, 67383, 85811, 74336, 6202, 10109, 54780, 811, 76576, 77040, 49169, 96682, 92835, 45041, 1842, 65528, 34016, 83474, 14013, 27202, 66335, 44499, 370, 21730, 52896, 71182, 85991, 39160, 40902, 55926, 35512, 75736, 13601, 92189, 77065, 84092, 98012, 48127, 11588, 90917, 67209, 11527, 94121, 43713, 79943, 21649, 81567, 58642, 44906, 74680, 40034, 91400, 63001, 5213, 55104, 32747, 93307, 38861, 27986, 4842, 71222, 96204, 50490, 41376, 83189, 378, 48774, 92287, 2703, 84308, 62388, 24134, 92282, 90947, 61816, 96517, 93801, 12248, 42612, 36596, 34402, 48549, 64887, 18886, 20656, 39553, 90994, 50931, 61171, 97927, 2047, 85741, 60257, 56686, 62824, 95036, 97774, 26512, 32213, 24226, 39119, 9190, 40253, 35323, 71271, 90577, 44, 70979, 92296, 59388, 78444, 59936, 61842, 18317, 14104, 74209, 24390, 30917, 86127, 98120, 80417, 53683, 4088, 22491, 83407, 32889, 33182, 90125, 68253, 63599, 54457, 91265, 92333, 23178, 96129, 44767, 46114, 84454, 73652, 77970, 9354, 12847, 74690, 31643, 71792, 72701, 44459, 13482, 2404, 79190, 44599, 39581, 83762, 38122, 78181, 85472, 89495, 96088, 45750, 12132, 86111, 9109, 84610, 44138, 65151, 75159, 7903, 24327, 23796, 27486, 76491, 91005, 62756, 8359, 39827, 37498, 88884, 69064, 88341, 83620, 5172, 25162, 12655, 35222, 43042, 31508, 95614, 11871, 72016, 12050, 46298, 82757, 50191, 22398, 65305, 63983, 69826, 58709, 70825, 19588, 82568, 42327, 11142, 71395, 10520, 43850, 12080, 34833, 59211, 82355, 44790, 14277, 94119, 99751, 55723, 66045, 65818, 52492, 28845, 77469, 6552, 85250, 81990, 20182, 31757, 24256, 8564, 51246, 18916, 38412, 36848, 69380, 96252, 20867, 86440, 12168, 57866, 16845, 44507, 27280, 78684, 72618, 39882, 21960, 75878, 24632, 3639, 77549, 1172, 17919, 43076, 60918, 7295, 36117, 78965, 29935, 36303, 38772, 34652, 92292, 20532, 49163, 23139, 14852, 2419, 94945, 10473, 58389, 87817, 18164, 62277, 68791, 13348, 73330, 36876, 65334, 21264, 45823, 48913, 66448, 45681, 76227, 3298, 19245, 15292, 74225, 2081, 12669, 14545, 37361, 93452, 1880, 79845, 47996, 3938, 92890, 66904, 15377, 35288, 80314, 59754, 72027, 85560, 13002, 79410, 60381, 36834, 26822, 18526, 4275, 21261, 76951, 98894, 44292, 83338, 72810, 24459, 48197, 60404]})"
45.0,7,8,52,12.295910835266113,10113,"Genotype(dna={""<class 'abc.NT_0017'>"": [0, 91624], ""<class 'abc.NT_0017_P_00000'>"": [], ""<class 'abc.NT_0015'>"": [59754, 18526], ""<class 'abc.NT_0015_P_00000'>"": [], ""<class 'abc.NT_0000'>"": [16022, 0, 68658, 75248], ""<class 'abc.NT_0000_P_00000'>"": [], ""<class 'bool'>"": [86460, 41233, 75986, 25993, 82631, 61562, 27230, 83215], ""<class 'abc.NT_0000_P_00001'>"": [], ""<class 'int'>"": [91663, 89850, 80314, 60404], ""<class 'abc.NT_0000_P_00002'>"": [], ""<class 'abc.NT_0000_P_00003'>"": [], ""<class 'abc.NT_0015_P_00001'>"": [], ""<class 'abc.NT_0010'>"": [], ""<class 'abc.NT_0010_P_00000'>"": [], ""<class 'abc.NT_0007'>"": [], ""<class 'abc.NT_0007_P_00000'>"": [], ""<class 'abc.NT_0003'>"": [], ""<class 'abc.NT_0003_P_00000'>"": [], ""<class 'abc.NT_0002'>"": [0, 15377], ""<class 'abc.NT_0002_P_00000'>"": [], ""<class 'abc.NT_0002_P_00001'>"": [], ""<class 'abc.NT_0001'>"": [36432, 14518, 2, 43884, 40571], ""<class 'abc.NT_0001_P_00000'>"": [], ""<class 'abc.NT_0001_P_00001'>"": [], ""<class 'abc.NT_0001_P_00002'>"": [], ""<class 'abc.NT_0001_P_00003'>"": [], ""<class 'abc.NT_0001_P_00004'>"": [], ""<class 'abc.NT_0002_P_00002'>"": [], ""<class 'abc.NT_0002_P_00003'>"": [], ""<class 'abc.NT_0003_P_00001'>"": [], ""<class 'abc.NT_0003_P_00002'>"": [], ""<class 'abc.NT_0003_P_00003'>"": [], ""<class 'abc.NT_0007_P_00001'>"": [], ""<class 'abc.NT_0004'>"": [62590, 30197, 83338, 72810, 24459, 48197], ""<class 'abc.NT_0004_P_00000'>"": [], ""<class 'abc.NT_0004_P_00001'>"": [], ""<class 'abc.NT_0010_P_00001'>"": [], ""<class 'abc.NT_0008'>"": [], ""<class 'abc.NT_0008_P_00000'>"": [], ""<class 'abc.NT_0010_P_00002'>"": [], ""<class 'abc.NT_0005'>"": [], ""<class 'abc.NT_0005_P_00000'>"": [], ""<class 'abc.NT_0005_P_00001'>"": [], ""<class 'abc.NT_0009'>"": [72027, 4275], ""<class 'abc.NT_0009_P_00000'>"": [], ""<class 'abc.NT_0009_P_00001'>"": [], ""<class 'abc.NT_0006'>"": [], ""<class 'abc.NT_0006_P_00000'>"": [], ""<class 'abc.NT_0009_P_00002'>"": [], ""<class 'abc.NT_0009_P_00003'>"": [], ""<class 'abc.NT_0015_P_00002'>"": [], ""<class 'abc.NT_0015_P_00003'>"": [], ""<class 'abc.NT_0014'>"": [], ""<class 'abc.NT_0014_P_00000'>"": [], ""<class 'abc.NT_0014_P_00001'>"": [], ""<class 'abc.NT_0015_P_00004'>"": [], ""<class 'abc.NT_0017_P_00001'>"": [], ""<class 'abc.NT_0016'>"": [], ""<class 'abc.NT_0016_P_00000'>"": [], ""<class 'abc.NT_0016_P_00001'>"": [], ""<class 'abc.NT_0016_P_00002'>"": [], ""<class 'abc.NT_0017_P_00002'>"": [], '$leftovers': [57587, 20000, 54340, 26317, 6481, 50799, 53366, 57672, 15437, 41470, 43194, 76280, 53058, 16632, 24951, 11647, 20336, 85920, 79178, 86726, 29687, 35122, 19936, 77951, 52918, 77202, 86811, 49977, 33989, 62146, 44283, 86282, 53235, 34529, 93786, 26995, 59308, 96804, 32075, 89268, 17705, 44065, 20964, 70557, 41228, 50394, 73244, 80589, 89878, 70093, 13531, 33497, 2118, 78177, 32452, 6202, 17781, 36111, 70983, 16310, 50605, 68444, 59396, 2989, 86690, 65815, 89541, 4173, 66353, 83209, 87572, 36004, 564, 32908, 7913, 59000, 95465, 92810, 87181, 4723, 71261, 90499, 32785, 42988, 8818, 96196, 25382, 42871, 28094, 74450, 1798, 9925, 29165, 11964, 72226, 30190, 2543, 47952, 6757, 23982, 21833, 84542, 51070, 20362, 47872, 63420, 54664, 2566, 11695, 6523, 29859, 6201, 70774, 77659, 84464, 78867, 27667, 69385, 65140, 36605, 7012, 1250, 28942, 20757, 68110, 13812, 73414, 97476, 48447, 65592, 47550, 63325, 56635, 41252, 76420, 8978, 72071, 1937, 52721, 11586, 95378, 12603, 22711, 7770, 30975, 43951, 55031, 2794, 31555, 40143, 45735, 26934, 973, 11552, 95654, 8346, 61470, 70413, 10371, 43200, 65213, 34376, 43681, 71623, 66363, 61726, 96882, 59629, 26130, 46919, 32533, 16075, 75983, 81859, 16243, 8366, 15261, 18908, 62350, 61492, 83170, 50893, 81836, 3003, 93817, 66605, 40524, 65446, 28020, 1863, 725, 71665, 25810, 44842, 73472, 41194, 64753, 52869, 28406, 39260, 71021, 44544, 65259, 40879, 61260, 45447, 45201, 3321, 71834, 91841, 85944, 94448, 53777, 52512, 8549, 49201, 19980, 24764, 94536, 5157, 97859, 66443, 89316, 95801, 13183, 85710, 46447, 35334, 77529, 59421, 81195, 9851, 45065, 1228, 86952, 32820, 60942, 12527, 2701, 43832, 81092, 19751, 59457, 23812, 97339, 11061, 65182, 36676, 27888, 43573, 78010, 73786, 42822, 94936, 73010, 77609, 10163, 63290, 27012, 14424, 18531, 84803, 64958, 43258, 85321, 82524, 12515, 71837, 58848, 55036, 90390, 48542, 50684, 67693, 63530, 31868, 23633, 21579, 6184, 53131, 21002, 64832, 92053, 7184, 69006, 35823, 8901, 37893, 51534, 12913, 22446, 26285, 70255, 27641, 21932, 83656, 66575, 48694, 39512, 17613, 54185, 98358, 36273, 43014, 10733, 45136, 56634, 51849, 94288, 26786, 42387, 35475, 24444, 8118, 49485, 81714, 83778, 89561, 8738, 52024, 58874, 72716, 42311, 25454, 87595, 81934, 17964, 61433, 19494, 83691, 27415, 37037, 93113, 43616, 52964, 48333, 56234, 18241, 27411, 16419, 52538, 26653, 9839, 74465, 52527, 80201, 79630, 1840, 83276, 82109, 32792, 12949, 92039, 43765, 36272, 54630, 58463, 7943, 38328, 97833, 45183, 91200, 15929, 47964, 40561, 81809, 14276, 39018, 78090, 20469, 86063, 44225, 33166, 87717, 85524, 97465, 83919, 30571, 47291, 11687, 54825, 46134, 8685, 78917, 38709, 83964, 2221, 51487, 86847, 14005, 89651, 45410, 32614, 24838, 40258, 99135, 55054, 4969, 96553, 24382, 92307, 81538, 18598, 31340, 57241, 99094, 6002, 7419, 86820, 42779, 11869, 72254, 27411, 31840, 79401, 73664, 91511, 29301, 88737, 56727, 37464, 71958, 69508, 25388, 4807, 91309, 55535, 78168, 94902, 31655, 46027, 94454, 40509, 42451, 1052, 68891, 6541, 61185, 60171, 90386, 32613, 13324, 92786, 63265, 21684, 48267, 73039, 43664, 60352, 52907, 44675, 95496, 2418, 7997, 69656, 52682, 3534, 62641, 94861, 67850, 67794, 22721, 46227, 31666, 8747, 35366, 39868, 7244, 91381, 38982, 77500, 57926, 64111, 61778, 4991, 50703, 56802, 29847, 58359, 95807, 95068, 83415, 81616, 76533, 71507, 98373, 2134, 16453, 78850, 30462, 46604, 89830, 21706, 86295, 8595, 79105, 19655, 43131, 3478, 75436, 73052, 71062, 31739, 45697, 16052, 87826, 33911, 8138, 66268, 4656, 40763, 97630, 99868, 91639, 2772, 58917, 49516, 46748, 20804, 59466, 99872, 25910, 53332, 38030, 78030, 73087, 32427, 25656, 22734, 86384, 91610, 214, 58585, 43431, 32734, 17757, 39750, 16177, 71705, 51831, 42392, 85543, 6696, 8045, 46570, 30940, 78199, 29592, 24154, 78765, 84514, 86057, 90538, 96392, 38901, 72898, 62612, 33489, 59571, 82991, 44920, 37691, 1121, 94492, 51499, 82069, 28888, 14310, 88903, 84118, 10546, 30703, 78344, 91528, 40853, 4171, 4336, 52942, 23065, 9391, 86682, 8024, 19625, 91371, 66707, 17488, 10058, 52363, 62581, 72253, 66959, 9752, 13742, 86275, 76334, 53755, 50348, 61297, 71442, 60130, 43371, 96139, 17674, 23526, 15019, 82578, 51684, 64820, 51041, 4364, 44980, 70927, 4192, 97078, 91706, 68350, 77970, 42423, 59117, 98713, 81658, 5742, 16489, 29002, 42948, 22071, 91882, 87587, 87335, 92995, 94276, 73117, 79084, 6387, 11821, 92270, 39525, 34375, 79523, 78948, 53831, 62075, 20954, 96006, 36604, 39077, 58604, 29341, 89780, 20577, 57898, 43874, 87854, 39253, 63110, 39371, 19091, 10078, 61402, 86956, 2706, 6459, 53395, 56986, 73952, 14732, 36024, 78732, 78176, 77392, 90109, 7387, 46633, 28051, 78533, 47690, 10143, 69800, 44745, 15386, 78043, 85757, 67383, 85811, 74336, 6202, 10109, 54780, 811, 76576, 77040, 49169, 96682, 92835, 45041, 1842, 65528, 34016, 83474, 14013, 27202, 66335, 44499, 370, 21730, 52896, 71182, 85991, 39160, 40902, 55926, 35512, 75736, 13601, 92189, 77065, 84092, 98012, 48127, 11588, 90917, 67209, 11527, 94121, 43713, 79943, 21649, 81567, 58642, 44906, 74680, 40034, 91400, 63001, 5213, 55104, 32747, 93307, 38861, 27986, 4842, 71222, 96204, 50490, 41376, 83189, 378, 48774, 92287, 2703, 84308, 62388, 24134, 92282, 90947, 61816, 96517, 93801, 12248, 42612, 36596, 34402, 48549, 64887, 18886, 20656, 39553, 90994, 50931, 61171, 97927, 2047, 85741, 60257, 56686, 62824, 95036, 97774, 26512, 32213, 24226, 39119, 9190, 40253, 35323, 71271, 90577, 44, 70979, 92296, 59388, 78444, 59936, 61842, 18317, 14104, 74209, 24390, 30917, 86127, 98120, 80417, 53683, 4088, 22491, 83407, 32889, 33182, 90125, 68253, 63599, 54457, 91265, 92333, 23178, 96129, 44767, 46114, 84454, 73652, 77970, 9354, 12847, 74690, 31643, 71792, 72701, 44459, 13482, 2404, 79190, 44599, 39581, 83762, 38122, 78181, 85472, 89495, 96088, 45750, 12132, 86111, 9109, 84610, 44138, 65151, 75159, 7903, 24327, 23796, 27486, 76491, 91005, 62756, 8359, 39827, 37498, 88884, 69064, 88341, 83620, 5172, 25162, 12655, 35222, 43042, 31508, 95614, 11871, 72016, 12050, 46298, 82757, 50191, 22398, 65305, 63983, 69826, 58709, 70825, 19588, 82568, 42327, 11142, 71395, 10520, 43850, 12080, 34833, 59211, 82355, 44790, 14277, 94119, 99751, 55723, 66045, 65818, 52492, 28845, 77469, 6552, 85250, 81990, 20182, 31757, 24256, 8564, 51246, 18916, 38412, 36848, 69380, 96252, 20867, 86440, 12168, 57866, 16845, 44507, 27280, 78684, 72618, 39882, 21960, 75878, 24632, 3639, 77549, 1172, 17919, 43076, 60918, 7295, 36117, 78965, 29935, 36303, 38772, 34652, 92292, 20532, 49163, 23139, 14852, 2419, 94945, 10473, 58389, 87817, 18164, 62277, 68791, 13348, 73330, 36876, 65334, 21264, 45823, 48913, 66448, 45681, 76227, 3298, 19245, 15292, 74225, 2081, 12669, 14545, 37361, 93452, 1880, 79845, 47996, 3938, 92890, 66904, 15377, 35288, 80314, 59754, 72027, 85560, 13002, 79410, 60381, 36834, 26822, 18526, 4275, 21261, 76951, 98894, 44292, 83338, 72810, 24459, 48197, 60404]})"
45.0,7,8,53,12.434991121292114,10113,"Genotype(dna={""<class 'abc.NT_0017'>"": [0, 91624], ""<class 'abc.NT_0017_P_00000'>"": [], ""<class 'abc.NT_0015'>"": [59754, 18526], ""<class 'abc.NT_0015_P_00000'>"": [], ""<class 'abc.NT_0000'>"": [16022, 0, 68658, 75248], ""<class 'abc.NT_0000_P_00000'>"": [], ""<class 'bool'>"": [86460, 41233, 75986, 25993, 82631, 61562, 27230, 83215], ""<class 'abc.NT_0000_P_00001'>"": [], ""<class 'int'>"": [91663, 89850, 80314, 60404], ""<class 'abc.NT_0000_P_00002'>"": [], ""<class 'abc.NT_0000_P_00003'>"": [], ""<class 'abc.NT_0015_P_00001'>"": [], ""<class 'abc.NT_0010'>"": [], ""<class 'abc.NT_0010_P_00000'>"": [], ""<class 'abc.NT_0007'>"": [], ""<class 'abc.NT_0007_P_00000'>"": [], ""<class 'abc.NT_0003'>"": [], ""<class 'abc.NT_0003_P_00000'>"": [], ""<class 'abc.NT_0002'>"": [0, 15377], ""<class 'abc.NT_0002_P_00000'>"": [], ""<class 'abc.NT_0002_P_00001'>"": [], ""<class 'abc.NT_0001'>"": [36432, 14518, 2, 43884, 40571], ""<class 'abc.NT_0001_P_00000'>"": [], ""<class 'abc.NT_0001_P_00001'>"": [], ""<class 'abc.NT_0001_P_00002'>"": [], ""<class 'abc.NT_0001_P_00003'>"": [], ""<class 'abc.NT_0001_P_00004'>"": [], ""<class 'abc.NT_0002_P_00002'>"": [], ""<class 'abc.NT_0002_P_00003'>"": [], ""<class 'abc.NT_0003_P_00001'>"": [], ""<class 'abc.NT_0003_P_00002'>"": [], ""<class 'abc.NT_0003_P_00003'>"": [], ""<class 'abc.NT_0007_P_00001'>"": [], ""<class 'abc.NT_0004'>"": [62590, 30197, 83338, 72810, 24459, 48197], ""<class 'abc.NT_0004_P_00000'>"": [], ""<class 'abc.NT_0004_P_00001'>"": [], ""<class 'abc.NT_0010_P_00001'>"": [], ""<class 'abc.NT_0008'>"": [], ""<class 'abc.NT_0008_P_00000'>"": [], ""<class 'abc.NT_0010_P_00002'>"": [], ""<class 'abc.NT_0005'>"": [], ""<class 'abc.NT_0005_P_00000'>"": [], ""<class 'abc.NT_0005_P_00001'>"": [], ""<class 'abc.NT_0009'>"": [72027, 4275], ""<class 'abc.NT_0009_P_00000'>"": [], ""<class 'abc.NT_0009_P_00001'>"": [], ""<class 'abc.NT_0006'>"": [], ""<class 'abc.NT_0006_P_00000'>"": [], ""<class 'abc.NT_0009_P_00002'>"": [], ""<class 'abc.NT_0009_P_00003'>"": [], ""<class 'abc.NT_0015_P_00002'>"": [], ""<class 'abc.NT_0015_P_00003'>"": [], ""<class 'abc.NT_0014'>"": [], ""<class 'abc.NT_0014_P_00000'>"": [], ""<class 'abc.NT_0014_P_00001'>"": [], ""<class 'abc.NT_0015_P_00004'>"": [], ""<class 'abc.NT_0017_P_00001'>"": [], ""<class 'abc.NT_0016'>"": [], ""<class 'abc.NT_0016_P_00000'>"": [], ""<class 'abc.NT_0016_P_00001'>"": [], ""<class 'abc.NT_0016_P_00002'>"": [], ""<class 'abc.NT_0017_P_00002'>"": [], '$leftovers': [57587, 20000, 54340, 26317, 6481, 50799, 53366, 57672, 15437, 41470, 43194, 76280, 53058, 16632, 24951, 11647, 20336, 85920, 79178, 86726, 29687, 35122, 19936, 77951, 52918, 77202, 86811, 49977, 33989, 62146, 44283, 86282, 53235, 34529, 93786, 26995, 59308, 96804, 32075, 89268, 17705, 44065, 20964, 70557, 41228, 50394, 73244, 80589, 89878, 70093, 13531, 33497, 2118, 78177, 32452, 6202, 17781, 36111, 70983, 16310, 50605, 68444, 59396, 2989, 86690, 65815, 89541, 4173, 66353, 83209, 87572, 36004, 564, 32908, 7913, 59000, 95465, 92810, 87181, 4723, 71261, 90499, 32785, 42988, 8818, 96196, 25382, 42871, 28094, 74450, 1798, 9925, 29165, 11964, 72226, 30190, 2543, 47952, 6757, 23982, 21833, 84542, 51070, 20362, 47872, 63420, 54664, 2566, 11695, 6523, 29859, 6201, 70774, 77659, 84464, 78867, 27667, 69385, 65140, 36605, 7012, 1250, 28942, 20757, 68110, 13812, 73414, 97476, 48447, 65592, 47550, 63325, 56635, 41252, 76420, 8978, 72071, 1937, 52721, 11586, 95378, 12603, 22711, 7770, 30975, 43951, 55031, 2794, 31555, 40143, 45735, 26934, 973, 11552, 95654, 8346, 61470, 70413, 10371, 43200, 65213, 34376, 43681, 71623, 66363, 61726, 96882, 59629, 26130, 46919, 32533, 16075, 75983, 81859, 16243, 8366, 15261, 18908, 62350, 61492, 83170, 50893, 81836, 3003, 93817, 66605, 40524, 65446, 28020, 1863, 725, 71665, 25810, 44842, 73472, 41194, 64753, 52869, 28406, 39260, 71021, 44544, 65259, 40879, 61260, 45447, 45201, 3321, 71834, 91841, 85944, 94448, 53777, 52512, 8549, 49201, 19980, 24764, 94536, 5157, 97859, 66443, 89316, 95801, 13183, 85710, 46447, 35334, 77529, 59421, 81195, 9851, 45065, 1228, 86952, 32820, 60942, 12527, 2701, 43832, 81092, 19751, 59457, 23812, 97339, 11061, 65182, 36676, 27888, 43573, 78010, 73786, 42822, 94936, 73010, 77609, 10163, 63290, 27012, 14424, 18531, 84803, 64958, 43258, 85321, 82524, 12515, 71837, 58848, 55036, 90390, 48542, 50684, 67693, 63530, 31868, 23633, 21579, 6184, 53131, 21002, 64832, 92053, 7184, 69006, 35823, 8901, 37893, 51534, 12913, 22446, 26285, 70255, 27641, 21932, 83656, 66575, 48694, 39512, 17613, 54185, 98358, 36273, 43014, 10733, 45136, 56634, 51849, 94288, 26786, 42387, 35475, 24444, 8118, 49485, 81714, 83778, 89561, 8738, 52024, 58874, 72716, 42311, 25454, 87595, 81934, 17964, 61433, 19494, 83691, 27415, 37037, 93113, 43616, 52964, 48333, 56234, 18241, 27411, 16419, 52538, 26653, 9839, 74465, 52527, 80201, 79630, 1840, 83276, 82109, 32792, 12949, 92039, 43765, 36272, 54630, 58463, 7943, 38328, 97833, 45183, 91200, 15929, 47964, 40561, 81809, 14276, 39018, 78090, 20469, 86063, 44225, 33166, 87717, 85524, 97465, 83919, 30571, 47291, 11687, 54825, 46134, 8685, 78917, 38709, 83964, 2221, 51487, 86847, 14005, 89651, 45410, 32614, 24838, 40258, 99135, 55054, 4969, 96553, 24382, 92307, 81538, 18598, 31340, 57241, 99094, 6002, 7419, 86820, 42779, 11869, 72254, 27411, 31840, 79401, 73664, 91511, 29301, 88737, 56727, 37464, 71958, 69508, 25388, 4807, 91309, 55535, 78168, 94902, 31655, 46027, 94454, 40509, 42451, 1052, 68891, 6541, 61185, 60171, 90386, 32613, 13324, 92786, 63265, 21684, 48267, 73039, 43664, 60352, 52907, 44675, 95496, 2418, 7997, 69656, 52682, 3534, 62641, 94861, 67850, 67794, 22721, 46227, 31666, 8747, 35366, 39868, 7244, 91381, 38982, 77500, 57926, 64111, 61778, 4991, 50703, 56802, 29847, 58359, 95807, 95068, 83415, 81616, 76533, 71507, 98373, 2134, 16453, 78850, 30462, 46604, 89830, 21706, 86295, 8595, 79105, 19655, 43131, 3478, 75436, 73052, 71062, 31739, 45697, 16052, 87826, 33911, 8138, 66268, 4656, 40763, 97630, 99868, 91639, 2772, 58917, 49516, 46748, 20804, 59466, 99872, 25910, 53332, 38030, 78030, 73087, 32427, 25656, 22734, 86384, 91610, 214, 58585, 43431, 32734, 17757, 39750, 16177, 71705, 51831, 42392, 85543, 6696, 8045, 46570, 30940, 78199, 29592, 24154, 78765, 84514, 86057, 90538, 96392, 38901, 72898, 62612, 33489, 59571, 82991, 44920, 37691, 1121, 94492, 51499, 82069, 28888, 14310, 88903, 84118, 10546, 30703, 78344, 91528, 40853, 4171, 4336, 52942, 23065, 9391, 86682, 8024, 19625, 91371, 66707, 17488, 10058, 52363, 62581, 72253, 66959, 9752, 13742, 86275, 76334, 53755, 50348, 61297, 71442, 60130, 43371, 96139, 17674, 23526, 15019, 82578, 51684, 64820, 51041, 4364, 44980, 70927, 4192, 97078, 91706, 68350, 77970, 42423, 59117, 98713, 81658, 5742, 16489, 29002, 42948, 22071, 91882, 87587, 87335, 92995, 94276, 73117, 79084, 6387, 11821, 92270, 39525, 34375, 79523, 78948, 53831, 62075, 20954, 96006, 36604, 39077, 58604, 29341, 89780, 20577, 57898, 43874, 87854, 39253, 63110, 39371, 19091, 10078, 61402, 86956, 2706, 6459, 53395, 56986, 73952, 14732, 36024, 78732, 78176, 77392, 90109, 7387, 46633, 28051, 78533, 47690, 10143, 69800, 44745, 15386, 78043, 85757, 67383, 85811, 74336, 6202, 10109, 54780, 811, 76576, 77040, 49169, 96682, 92835, 45041, 1842, 65528, 34016, 83474, 14013, 27202, 66335, 44499, 370, 21730, 52896, 71182, 85991, 39160, 40902, 55926, 35512, 75736, 13601, 92189, 77065, 84092, 98012, 48127, 11588, 90917, 67209, 11527, 94121, 43713, 79943, 21649, 81567, 58642, 44906, 74680, 40034, 91400, 63001, 5213, 55104, 32747, 93307, 38861, 27986, 4842, 71222, 96204, 50490, 41376, 83189, 378, 48774, 92287, 2703, 84308, 62388, 24134, 92282, 90947, 61816, 96517, 93801, 12248, 42612, 36596, 34402, 48549, 64887, 18886, 20656, 39553, 90994, 50931, 61171, 97927, 2047, 85741, 60257, 56686, 62824, 95036, 97774, 26512, 32213, 24226, 39119, 9190, 40253, 35323, 71271, 90577, 44, 70979, 92296, 59388, 78444, 59936, 61842, 18317, 14104, 74209, 24390, 30917, 86127, 98120, 80417, 53683, 4088, 22491, 83407, 32889, 33182, 90125, 68253, 63599, 54457, 91265, 92333, 23178, 96129, 44767, 46114, 84454, 73652, 77970, 9354, 12847, 74690, 31643, 71792, 72701, 44459, 13482, 2404, 79190, 44599, 39581, 83762, 38122, 78181, 85472, 89495, 96088, 45750, 12132, 86111, 9109, 84610, 44138, 65151, 75159, 7903, 24327, 23796, 27486, 76491, 91005, 62756, 8359, 39827, 37498, 88884, 69064, 88341, 83620, 5172, 25162, 12655, 35222, 43042, 31508, 95614, 11871, 72016, 12050, 46298, 82757, 50191, 22398, 65305, 63983, 69826, 58709, 70825, 19588, 82568, 42327, 11142, 71395, 10520, 43850, 12080, 34833, 59211, 82355, 44790, 14277, 94119, 99751, 55723, 66045, 65818, 52492, 28845, 77469, 6552, 85250, 81990, 20182, 31757, 24256, 8564, 51246, 18916, 38412, 36848, 69380, 96252, 20867, 86440, 12168, 57866, 16845, 44507, 27280, 78684, 72618, 39882, 21960, 75878, 24632, 3639, 77549, 1172, 17919, 43076, 60918, 7295, 36117, 78965, 29935, 36303, 38772, 34652, 92292, 20532, 49163, 23139, 14852, 2419, 94945, 10473, 58389, 87817, 18164, 62277, 68791, 13348, 73330, 36876, 65334, 21264, 45823, 48913, 66448, 45681, 76227, 3298, 19245, 15292, 74225, 2081, 12669, 14545, 37361, 93452, 1880, 79845, 47996, 3938, 92890, 66904, 15377, 35288, 80314, 59754, 72027, 85560, 13002, 79410, 60381, 36834, 26822, 18526, 4275, 21261, 76951, 98894, 44292, 83338, 72810, 24459, 48197, 60404]})"
45.0,7,8,54,12.625722885131836,10113,"Genotype(dna={""<class 'abc.NT_0017'>"": [0, 91624], ""<class 'abc.NT_0017_P_00000'>"": [], ""<class 'abc.NT_0015'>"": [59754, 18526], ""<class 'abc.NT_0015_P_00000'>"": [], ""<class 'abc.NT_0000'>"": [16022, 0, 68658, 75248], ""<class 'abc.NT_0000_P_00000'>"": [], ""<class 'bool'>"": [86460, 41233, 75986, 25993, 82631, 61562, 27230, 83215], ""<class 'abc.NT_0000_P_00001'>"": [], ""<class 'int'>"": [91663, 89850, 80314, 60404], ""<class 'abc.NT_0000_P_00002'>"": [], ""<class 'abc.NT_0000_P_00003'>"": [], ""<class 'abc.NT_0015_P_00001'>"": [], ""<class 'abc.NT_0010'>"": [], ""<class 'abc.NT_0010_P_00000'>"": [], ""<class 'abc.NT_0007'>"": [], ""<class 'abc.NT_0007_P_00000'>"": [], ""<class 'abc.NT_0003'>"": [], ""<class 'abc.NT_0003_P_00000'>"": [], ""<class 'abc.NT_0002'>"": [0, 15377], ""<class 'abc.NT_0002_P_00000'>"": [], ""<class 'abc.NT_0002_P_00001'>"": [], ""<class 'abc.NT_0001'>"": [36432, 14518, 2, 43884, 40571], ""<class 'abc.NT_0001_P_00000'>"": [], ""<class 'abc.NT_0001_P_00001'>"": [], ""<class 'abc.NT_0001_P_00002'>"": [], ""<class 'abc.NT_0001_P_00003'>"": [], ""<class 'abc.NT_0001_P_00004'>"": [], ""<class 'abc.NT_0002_P_00002'>"": [], ""<class 'abc.NT_0002_P_00003'>"": [], ""<class 'abc.NT_0003_P_00001'>"": [], ""<class 'abc.NT_0003_P_00002'>"": [], ""<class 'abc.NT_0003_P_00003'>"": [], ""<class 'abc.NT_0007_P_00001'>"": [], ""<class 'abc.NT_0004'>"": [62590, 30197, 83338, 72810, 24459, 48197], ""<class 'abc.NT_0004_P_00000'>"": [], ""<class 'abc.NT_0004_P_00001'>"": [], ""<class 'abc.NT_0010_P_00001'>"": [], ""<class 'abc.NT_0008'>"": [], ""<class 'abc.NT_0008_P_00000'>"": [], ""<class 'abc.NT_0010_P_00002'>"": [], ""<class 'abc.NT_0005'>"": [], ""<class 'abc.NT_0005_P_00000'>"": [], ""<class 'abc.NT_0005_P_00001'>"": [], ""<class 'abc.NT_0009'>"": [72027, 4275], ""<class 'abc.NT_0009_P_00000'>"": [], ""<class 'abc.NT_0009_P_00001'>"": [], ""<class 'abc.NT_0006'>"": [], ""<class 'abc.NT_0006_P_00000'>"": [], ""<class 'abc.NT_0009_P_00002'>"": [], ""<class 'abc.NT_0009_P_00003'>"": [], ""<class 'abc.NT_0015_P_00002'>"": [], ""<class 'abc.NT_0015_P_00003'>"": [], ""<class 'abc.NT_0014'>"": [], ""<class 'abc.NT_0014_P_00000'>"": [], ""<class 'abc.NT_0014_P_00001'>"": [], ""<class 'abc.NT_0015_P_00004'>"": [], ""<class 'abc.NT_0017_P_00001'>"": [], ""<class 'abc.NT_0016'>"": [], ""<class 'abc.NT_0016_P_00000'>"": [], ""<class 'abc.NT_0016_P_00001'>"": [], ""<class 'abc.NT_0016_P_00002'>"": [], ""<class 'abc.NT_0017_P_00002'>"": [], '$leftovers': [57587, 20000, 54340, 26317, 6481, 50799, 53366, 57672, 15437, 41470, 43194, 76280, 53058, 16632, 24951, 11647, 20336, 85920, 79178, 86726, 29687, 35122, 19936, 77951, 52918, 77202, 86811, 49977, 33989, 62146, 44283, 86282, 53235, 34529, 93786, 26995, 59308, 96804, 32075, 89268, 17705, 44065, 20964, 70557, 41228, 50394, 73244, 80589, 89878, 70093, 13531, 33497, 2118, 78177, 32452, 6202, 17781, 36111, 70983, 16310, 50605, 68444, 59396, 2989, 86690, 65815, 89541, 4173, 66353, 83209, 87572, 36004, 564, 32908, 7913, 59000, 95465, 92810, 87181, 4723, 71261, 90499, 32785, 42988, 8818, 96196, 25382, 42871, 28094, 74450, 1798, 9925, 29165, 11964, 72226, 30190, 2543, 47952, 6757, 23982, 21833, 84542, 51070, 20362, 47872, 63420, 54664, 2566, 11695, 6523, 29859, 6201, 70774, 77659, 84464, 78867, 27667, 69385, 65140, 36605, 7012, 1250, 28942, 20757, 68110, 13812, 73414, 97476, 48447, 65592, 47550, 63325, 56635, 41252, 76420, 8978, 72071, 1937, 52721, 11586, 95378, 12603, 22711, 7770, 30975, 43951, 55031, 2794, 31555, 40143, 45735, 26934, 973, 11552, 95654, 8346, 61470, 70413, 10371, 43200, 65213, 34376, 43681, 71623, 66363, 61726, 96882, 59629, 26130, 46919, 32533, 16075, 75983, 81859, 16243, 8366, 15261, 18908, 62350, 61492, 83170, 50893, 81836, 3003, 93817, 66605, 40524, 65446, 28020, 1863, 725, 71665, 25810, 44842, 73472, 41194, 64753, 52869, 28406, 39260, 71021, 44544, 65259, 40879, 61260, 45447, 45201, 3321, 71834, 91841, 85944, 94448, 53777, 52512, 8549, 49201, 19980, 24764, 94536, 5157, 97859, 66443, 89316, 95801, 13183, 85710, 46447, 35334, 77529, 59421, 81195, 9851, 45065, 1228, 86952, 32820, 60942, 12527, 2701, 43832, 81092, 19751, 59457, 23812, 97339, 11061, 65182, 36676, 27888, 43573, 78010, 73786, 42822, 94936, 73010, 77609, 10163, 63290, 27012, 14424, 18531, 84803, 64958, 43258, 85321, 82524, 12515, 71837, 58848, 55036, 90390, 48542, 50684, 67693, 63530, 31868, 23633, 21579, 6184, 53131, 21002, 64832, 92053, 7184, 69006, 35823, 8901, 37893, 51534, 12913, 22446, 26285, 70255, 27641, 21932, 83656, 66575, 48694, 39512, 17613, 54185, 98358, 36273, 43014, 10733, 45136, 56634, 51849, 94288, 26786, 42387, 35475, 24444, 8118, 49485, 81714, 83778, 89561, 8738, 52024, 58874, 72716, 42311, 25454, 87595, 81934, 17964, 61433, 19494, 83691, 27415, 37037, 93113, 43616, 52964, 48333, 56234, 18241, 27411, 16419, 52538, 26653, 9839, 74465, 52527, 80201, 79630, 1840, 83276, 82109, 32792, 12949, 92039, 43765, 36272, 54630, 58463, 7943, 38328, 97833, 45183, 91200, 15929, 47964, 40561, 81809, 14276, 39018, 78090, 20469, 86063, 44225, 33166, 87717, 85524, 97465, 83919, 30571, 47291, 11687, 54825, 46134, 8685, 78917, 38709, 83964, 2221, 51487, 86847, 14005, 89651, 45410, 32614, 24838, 40258, 99135, 55054, 4969, 96553, 24382, 92307, 81538, 18598, 31340, 57241, 99094, 6002, 7419, 86820, 42779, 11869, 72254, 27411, 31840, 79401, 73664, 91511, 29301, 88737, 56727, 37464, 71958, 69508, 25388, 4807, 91309, 55535, 78168, 94902, 31655, 46027, 94454, 40509, 42451, 1052, 68891, 6541, 61185, 60171, 90386, 32613, 13324, 92786, 63265, 21684, 48267, 73039, 43664, 60352, 52907, 44675, 95496, 2418, 7997, 69656, 52682, 3534, 62641, 94861, 67850, 67794, 22721, 46227, 31666, 8747, 35366, 39868, 7244, 91381, 38982, 77500, 57926, 64111, 61778, 4991, 50703, 56802, 29847, 58359, 95807, 95068, 83415, 81616, 76533, 71507, 98373, 2134, 16453, 78850, 30462, 46604, 89830, 21706, 86295, 8595, 79105, 19655, 43131, 3478, 75436, 73052, 71062, 31739, 45697, 16052, 87826, 33911, 8138, 66268, 4656, 40763, 97630, 99868, 91639, 2772, 58917, 49516, 46748, 20804, 59466, 99872, 25910, 53332, 38030, 78030, 73087, 32427, 25656, 22734, 86384, 91610, 214, 58585, 43431, 32734, 17757, 39750, 16177, 71705, 51831, 42392, 85543, 6696, 8045, 46570, 30940, 78199, 29592, 24154, 78765, 84514, 86057, 90538, 96392, 38901, 72898, 62612, 33489, 59571, 82991, 44920, 37691, 1121, 94492, 51499, 82069, 28888, 14310, 88903, 84118, 10546, 30703, 78344, 91528, 40853, 4171, 4336, 52942, 23065, 9391, 86682, 8024, 19625, 91371, 66707, 17488, 10058, 52363, 62581, 72253, 66959, 9752, 13742, 86275, 76334, 53755, 50348, 61297, 71442, 60130, 43371, 96139, 17674, 23526, 15019, 82578, 51684, 64820, 51041, 4364, 44980, 70927, 4192, 97078, 91706, 68350, 77970, 42423, 59117, 98713, 81658, 5742, 16489, 29002, 42948, 22071, 91882, 87587, 87335, 92995, 94276, 73117, 79084, 6387, 11821, 92270, 39525, 34375, 79523, 78948, 53831, 62075, 20954, 96006, 36604, 39077, 58604, 29341, 89780, 20577, 57898, 43874, 87854, 39253, 63110, 39371, 19091, 10078, 61402, 86956, 2706, 6459, 53395, 56986, 73952, 14732, 36024, 78732, 78176, 77392, 90109, 7387, 46633, 28051, 78533, 47690, 10143, 69800, 44745, 15386, 78043, 85757, 67383, 85811, 74336, 6202, 10109, 54780, 811, 76576, 77040, 49169, 96682, 92835, 45041, 1842, 65528, 34016, 83474, 14013, 27202, 66335, 44499, 370, 21730, 52896, 71182, 85991, 39160, 40902, 55926, 35512, 75736, 13601, 92189, 77065, 84092, 98012, 48127, 11588, 90917, 67209, 11527, 94121, 43713, 79943, 21649, 81567, 58642, 44906, 74680, 40034, 91400, 63001, 5213, 55104, 32747, 93307, 38861, 27986, 4842, 71222, 96204, 50490, 41376, 83189, 378, 48774, 92287, 2703, 84308, 62388, 24134, 92282, 90947, 61816, 96517, 93801, 12248, 42612, 36596, 34402, 48549, 64887, 18886, 20656, 39553, 90994, 50931, 61171, 97927, 2047, 85741, 60257, 56686, 62824, 95036, 97774, 26512, 32213, 24226, 39119, 9190, 40253, 35323, 71271, 90577, 44, 70979, 92296, 59388, 78444, 59936, 61842, 18317, 14104, 74209, 24390, 30917, 86127, 98120, 80417, 53683, 4088, 22491, 83407, 32889, 33182, 90125, 68253, 63599, 54457, 91265, 92333, 23178, 96129, 44767, 46114, 84454, 73652, 77970, 9354, 12847, 74690, 31643, 71792, 72701, 44459, 13482, 2404, 79190, 44599, 39581, 83762, 38122, 78181, 85472, 89495, 96088, 45750, 12132, 86111, 9109, 84610, 44138, 65151, 75159, 7903, 24327, 23796, 27486, 76491, 91005, 62756, 8359, 39827, 37498, 88884, 69064, 88341, 83620, 5172, 25162, 12655, 35222, 43042, 31508, 95614, 11871, 72016, 12050, 46298, 82757, 50191, 22398, 65305, 63983, 69826, 58709, 70825, 19588, 82568, 42327, 11142, 71395, 10520, 43850, 12080, 34833, 59211, 82355, 44790, 14277, 94119, 99751, 55723, 66045, 65818, 52492, 28845, 77469, 6552, 85250, 81990, 20182, 31757, 24256, 8564, 51246, 18916, 38412, 36848, 69380, 96252, 20867, 86440, 12168, 57866, 16845, 44507, 27280, 78684, 72618, 39882, 21960, 75878, 24632, 3639, 77549, 1172, 17919, 43076, 60918, 7295, 36117, 78965, 29935, 36303, 38772, 34652, 92292, 20532, 49163, 23139, 14852, 2419, 94945, 10473, 58389, 87817, 18164, 62277, 68791, 13348, 73330, 36876, 65334, 21264, 45823, 48913, 66448, 45681, 76227, 3298, 19245, 15292, 74225, 2081, 12669, 14545, 37361, 93452, 1880, 79845, 47996, 3938, 92890, 66904, 15377, 35288, 80314, 59754, 72027, 85560, 13002, 79410, 60381, 36834, 26822, 18526, 4275, 21261, 76951, 98894, 44292, 83338, 72810, 24459, 48197, 60404]})"
45.0,7,8,55,12.754784107208252,10113,"Genotype(dna={""<class 'abc.NT_0017'>"": [0, 91624], ""<class 'abc.NT_0017_P_00000'>"": [], ""<class 'abc.NT_0015'>"": [59754, 18526], ""<class 'abc.NT_0015_P_00000'>"": [], ""<class 'abc.NT_0000'>"": [16022, 0, 68658, 75248], ""<class 'abc.NT_0000_P_00000'>"": [], ""<class 'bool'>"": [86460, 41233, 75986, 25993, 82631, 61562, 27230, 83215], ""<class 'abc.NT_0000_P_00001'>"": [], ""<class 'int'>"": [91663, 89850, 80314, 60404], ""<class 'abc.NT_0000_P_00002'>"": [], ""<class 'abc.NT_0000_P_00003'>"": [], ""<class 'abc.NT_0015_P_00001'>"": [], ""<class 'abc.NT_0010'>"": [], ""<class 'abc.NT_0010_P_00000'>"": [], ""<class 'abc.NT_0007'>"": [], ""<class 'abc.NT_0007_P_00000'>"": [], ""<class 'abc.NT_0003'>"": [], ""<class 'abc.NT_0003_P_00000'>"": [], ""<class 'abc.NT_0002'>"": [0, 15377], ""<class 'abc.NT_0002_P_00000'>"": [], ""<class 'abc.NT_0002_P_00001'>"": [], ""<class 'abc.NT_0001'>"": [36432, 14518, 2, 43884, 40571], ""<class 'abc.NT_0001_P_00000'>"": [], ""<class 'abc.NT_0001_P_00001'>"": [], ""<class 'abc.NT_0001_P_00002'>"": [], ""<class 'abc.NT_0001_P_00003'>"": [], ""<class 'abc.NT_0001_P_00004'>"": [], ""<class 'abc.NT_0002_P_00002'>"": [], ""<class 'abc.NT_0002_P_00003'>"": [], ""<class 'abc.NT_0003_P_00001'>"": [], ""<class 'abc.NT_0003_P_00002'>"": [], ""<class 'abc.NT_0003_P_00003'>"": [], ""<class 'abc.NT_0007_P_00001'>"": [], ""<class 'abc.NT_0004'>"": [62590, 30197, 83338, 72810, 24459, 48197], ""<class 'abc.NT_0004_P_00000'>"": [], ""<class 'abc.NT_0004_P_00001'>"": [], ""<class 'abc.NT_0010_P_00001'>"": [], ""<class 'abc.NT_0008'>"": [], ""<class 'abc.NT_0008_P_00000'>"": [], ""<class 'abc.NT_0010_P_00002'>"": [], ""<class 'abc.NT_0005'>"": [], ""<class 'abc.NT_0005_P_00000'>"": [], ""<class 'abc.NT_0005_P_00001'>"": [], ""<class 'abc.NT_0009'>"": [72027, 4275], ""<class 'abc.NT_0009_P_00000'>"": [], ""<class 'abc.NT_0009_P_00001'>"": [], ""<class 'abc.NT_0006'>"": [], ""<class 'abc.NT_0006_P_00000'>"": [], ""<class 'abc.NT_0009_P_00002'>"": [], ""<class 'abc.NT_0009_P_00003'>"": [], ""<class 'abc.NT_0015_P_00002'>"": [], ""<class 'abc.NT_0015_P_00003'>"": [], ""<class 'abc.NT_0014'>"": [], ""<class 'abc.NT_0014_P_00000'>"": [], ""<class 'abc.NT_0014_P_00001'>"": [], ""<class 'abc.NT_0015_P_00004'>"": [], ""<class 'abc.NT_0017_P_00001'>"": [], ""<class 'abc.NT_0016'>"": [], ""<class 'abc.NT_0016_P_00000'>"": [], ""<class 'abc.NT_0016_P_00001'>"": [], ""<class 'abc.NT_0016_P_00002'>"": [], ""<class 'abc.NT_0017_P_00002'>"": [], '$leftovers': [57587, 20000, 54340, 26317, 6481, 50799, 53366, 57672, 15437, 41470, 43194, 76280, 53058, 16632, 24951, 11647, 20336, 85920, 79178, 86726, 29687, 35122, 19936, 77951, 52918, 77202, 86811, 49977, 33989, 62146, 44283, 86282, 53235, 34529, 93786, 26995, 59308, 96804, 32075, 89268, 17705, 44065, 20964, 70557, 41228, 50394, 73244, 80589, 89878, 70093, 13531, 33497, 2118, 78177, 32452, 6202, 17781, 36111, 70983, 16310, 50605, 68444, 59396, 2989, 86690, 65815, 89541, 4173, 66353, 83209, 87572, 36004, 564, 32908, 7913, 59000, 95465, 92810, 87181, 4723, 71261, 90499, 32785, 42988, 8818, 96196, 25382, 42871, 28094, 74450, 1798, 9925, 29165, 11964, 72226, 30190, 2543, 47952, 6757, 23982, 21833, 84542, 51070, 20362, 47872, 63420, 54664, 2566, 11695, 6523, 29859, 6201, 70774, 77659, 84464, 78867, 27667, 69385, 65140, 36605, 7012, 1250, 28942, 20757, 68110, 13812, 73414, 97476, 48447, 65592, 47550, 63325, 56635, 41252, 76420, 8978, 72071, 1937, 52721, 11586, 95378, 12603, 22711, 7770, 30975, 43951, 55031, 2794, 31555, 40143, 45735, 26934, 973, 11552, 95654, 8346, 61470, 70413, 10371, 43200, 65213, 34376, 43681, 71623, 66363, 61726, 96882, 59629, 26130, 46919, 32533, 16075, 75983, 81859, 16243, 8366, 15261, 18908, 62350, 61492, 83170, 50893, 81836, 3003, 93817, 66605, 40524, 65446, 28020, 1863, 725, 71665, 25810, 44842, 73472, 41194, 64753, 52869, 28406, 39260, 71021, 44544, 65259, 40879, 61260, 45447, 45201, 3321, 71834, 91841, 85944, 94448, 53777, 52512, 8549, 49201, 19980, 24764, 94536, 5157, 97859, 66443, 89316, 95801, 13183, 85710, 46447, 35334, 77529, 59421, 81195, 9851, 45065, 1228, 86952, 32820, 60942, 12527, 2701, 43832, 81092, 19751, 59457, 23812, 97339, 11061, 65182, 36676, 27888, 43573, 78010, 73786, 42822, 94936, 73010, 77609, 10163, 63290, 27012, 14424, 18531, 84803, 64958, 43258, 85321, 82524, 12515, 71837, 58848, 55036, 90390, 48542, 50684, 67693, 63530, 31868, 23633, 21579, 6184, 53131, 21002, 64832, 92053, 7184, 69006, 35823, 8901, 37893, 51534, 12913, 22446, 26285, 70255, 27641, 21932, 83656, 66575, 48694, 39512, 17613, 54185, 98358, 36273, 43014, 10733, 45136, 56634, 51849, 94288, 26786, 42387, 35475, 24444, 8118, 49485, 81714, 83778, 89561, 8738, 52024, 58874, 72716, 42311, 25454, 87595, 81934, 17964, 61433, 19494, 83691, 27415, 37037, 93113, 43616, 52964, 48333, 56234, 18241, 27411, 16419, 52538, 26653, 9839, 74465, 52527, 80201, 79630, 1840, 83276, 82109, 32792, 12949, 92039, 43765, 36272, 54630, 58463, 7943, 38328, 97833, 45183, 91200, 15929, 47964, 40561, 81809, 14276, 39018, 78090, 20469, 86063, 44225, 33166, 87717, 85524, 97465, 83919, 30571, 47291, 11687, 54825, 46134, 8685, 78917, 38709, 83964, 2221, 51487, 86847, 14005, 89651, 45410, 32614, 24838, 40258, 99135, 55054, 4969, 96553, 24382, 92307, 81538, 18598, 31340, 57241, 99094, 6002, 7419, 86820, 42779, 11869, 72254, 27411, 31840, 79401, 73664, 91511, 29301, 88737, 56727, 37464, 71958, 69508, 25388, 4807, 91309, 55535, 78168, 94902, 31655, 46027, 94454, 40509, 42451, 1052, 68891, 6541, 61185, 60171, 90386, 32613, 13324, 92786, 63265, 21684, 48267, 73039, 43664, 60352, 52907, 44675, 95496, 2418, 7997, 69656, 52682, 3534, 62641, 94861, 67850, 67794, 22721, 46227, 31666, 8747, 35366, 39868, 7244, 91381, 38982, 77500, 57926, 64111, 61778, 4991, 50703, 56802, 29847, 58359, 95807, 95068, 83415, 81616, 76533, 71507, 98373, 2134, 16453, 78850, 30462, 46604, 89830, 21706, 86295, 8595, 79105, 19655, 43131, 3478, 75436, 73052, 71062, 31739, 45697, 16052, 87826, 33911, 8138, 66268, 4656, 40763, 97630, 99868, 91639, 2772, 58917, 49516, 46748, 20804, 59466, 99872, 25910, 53332, 38030, 78030, 73087, 32427, 25656, 22734, 86384, 91610, 214, 58585, 43431, 32734, 17757, 39750, 16177, 71705, 51831, 42392, 85543, 6696, 8045, 46570, 30940, 78199, 29592, 24154, 78765, 84514, 86057, 90538, 96392, 38901, 72898, 62612, 33489, 59571, 82991, 44920, 37691, 1121, 94492, 51499, 82069, 28888, 14310, 88903, 84118, 10546, 30703, 78344, 91528, 40853, 4171, 4336, 52942, 23065, 9391, 86682, 8024, 19625, 91371, 66707, 17488, 10058, 52363, 62581, 72253, 66959, 9752, 13742, 86275, 76334, 53755, 50348, 61297, 71442, 60130, 43371, 96139, 17674, 23526, 15019, 82578, 51684, 64820, 51041, 4364, 44980, 70927, 4192, 97078, 91706, 68350, 77970, 42423, 59117, 98713, 81658, 5742, 16489, 29002, 42948, 22071, 91882, 87587, 87335, 92995, 94276, 73117, 79084, 6387, 11821, 92270, 39525, 34375, 79523, 78948, 53831, 62075, 20954, 96006, 36604, 39077, 58604, 29341, 89780, 20577, 57898, 43874, 87854, 39253, 63110, 39371, 19091, 10078, 61402, 86956, 2706, 6459, 53395, 56986, 73952, 14732, 36024, 78732, 78176, 77392, 90109, 7387, 46633, 28051, 78533, 47690, 10143, 69800, 44745, 15386, 78043, 85757, 67383, 85811, 74336, 6202, 10109, 54780, 811, 76576, 77040, 49169, 96682, 92835, 45041, 1842, 65528, 34016, 83474, 14013, 27202, 66335, 44499, 370, 21730, 52896, 71182, 85991, 39160, 40902, 55926, 35512, 75736, 13601, 92189, 77065, 84092, 98012, 48127, 11588, 90917, 67209, 11527, 94121, 43713, 79943, 21649, 81567, 58642, 44906, 74680, 40034, 91400, 63001, 5213, 55104, 32747, 93307, 38861, 27986, 4842, 71222, 96204, 50490, 41376, 83189, 378, 48774, 92287, 2703, 84308, 62388, 24134, 92282, 90947, 61816, 96517, 93801, 12248, 42612, 36596, 34402, 48549, 64887, 18886, 20656, 39553, 90994, 50931, 61171, 97927, 2047, 85741, 60257, 56686, 62824, 95036, 97774, 26512, 32213, 24226, 39119, 9190, 40253, 35323, 71271, 90577, 44, 70979, 92296, 59388, 78444, 59936, 61842, 18317, 14104, 74209, 24390, 30917, 86127, 98120, 80417, 53683, 4088, 22491, 83407, 32889, 33182, 90125, 68253, 63599, 54457, 91265, 92333, 23178, 96129, 44767, 46114, 84454, 73652, 77970, 9354, 12847, 74690, 31643, 71792, 72701, 44459, 13482, 2404, 79190, 44599, 39581, 83762, 38122, 78181, 85472, 89495, 96088, 45750, 12132, 86111, 9109, 84610, 44138, 65151, 75159, 7903, 24327, 23796, 27486, 76491, 91005, 62756, 8359, 39827, 37498, 88884, 69064, 88341, 83620, 5172, 25162, 12655, 35222, 43042, 31508, 95614, 11871, 72016, 12050, 46298, 82757, 50191, 22398, 65305, 63983, 69826, 58709, 70825, 19588, 82568, 42327, 11142, 71395, 10520, 43850, 12080, 34833, 59211, 82355, 44790, 14277, 94119, 99751, 55723, 66045, 65818, 52492, 28845, 77469, 6552, 85250, 81990, 20182, 31757, 24256, 8564, 51246, 18916, 38412, 36848, 69380, 96252, 20867, 86440, 12168, 57866, 16845, 44507, 27280, 78684, 72618, 39882, 21960, 75878, 24632, 3639, 77549, 1172, 17919, 43076, 60918, 7295, 36117, 78965, 29935, 36303, 38772, 34652, 92292, 20532, 49163, 23139, 14852, 2419, 94945, 10473, 58389, 87817, 18164, 62277, 68791, 13348, 73330, 36876, 65334, 21264, 45823, 48913, 66448, 45681, 76227, 3298, 19245, 15292, 74225, 2081, 12669, 14545, 37361, 93452, 1880, 79845, 47996, 3938, 92890, 66904, 15377, 35288, 80314, 59754, 72027, 85560, 13002, 79410, 60381, 36834, 26822, 18526, 4275, 21261, 76951, 98894, 44292, 83338, 72810, 24459, 48197, 60404]})"
45.0,7,8,56,12.954366445541382,10113,"Genotype(dna={""<class 'abc.NT_0017'>"": [0, 91624], ""<class 'abc.NT_0017_P_00000'>"": [], ""<class 'abc.NT_0015'>"": [59754, 18526], ""<class 'abc.NT_0015_P_00000'>"": [], ""<class 'abc.NT_0000'>"": [16022, 0, 68658, 75248], ""<class 'abc.NT_0000_P_00000'>"": [], ""<class 'bool'>"": [86460, 41233, 75986, 25993, 82631, 61562, 27230, 83215], ""<class 'abc.NT_0000_P_00001'>"": [], ""<class 'int'>"": [91663, 89850, 80314, 60404], ""<class 'abc.NT_0000_P_00002'>"": [], ""<class 'abc.NT_0000_P_00003'>"": [], ""<class 'abc.NT_0015_P_00001'>"": [], ""<class 'abc.NT_0010'>"": [], ""<class 'abc.NT_0010_P_00000'>"": [], ""<class 'abc.NT_0007'>"": [], ""<class 'abc.NT_0007_P_00000'>"": [], ""<class 'abc.NT_0003'>"": [], ""<class 'abc.NT_0003_P_00000'>"": [], ""<class 'abc.NT_0002'>"": [0, 15377], ""<class 'abc.NT_0002_P_00000'>"": [], ""<class 'abc.NT_0002_P_00001'>"": [], ""<class 'abc.NT_0001'>"": [36432, 14518, 2, 43884, 40571], ""<class 'abc.NT_0001_P_00000'>"": [], ""<class 'abc.NT_0001_P_00001'>"": [], ""<class 'abc.NT_0001_P_00002'>"": [], ""<class 'abc.NT_0001_P_00003'>"": [], ""<class 'abc.NT_0001_P_00004'>"": [], ""<class 'abc.NT_0002_P_00002'>"": [], ""<class 'abc.NT_0002_P_00003'>"": [], ""<class 'abc.NT_0003_P_00001'>"": [], ""<class 'abc.NT_0003_P_00002'>"": [], ""<class 'abc.NT_0003_P_00003'>"": [], ""<class 'abc.NT_0007_P_00001'>"": [], ""<class 'abc.NT_0004'>"": [62590, 30197, 83338, 72810, 24459, 48197], ""<class 'abc.NT_0004_P_00000'>"": [], ""<class 'abc.NT_0004_P_00001'>"": [], ""<class 'abc.NT_0010_P_00001'>"": [], ""<class 'abc.NT_0008'>"": [], ""<class 'abc.NT_0008_P_00000'>"": [], ""<class 'abc.NT_0010_P_00002'>"": [], ""<class 'abc.NT_0005'>"": [], ""<class 'abc.NT_0005_P_00000'>"": [], ""<class 'abc.NT_0005_P_00001'>"": [], ""<class 'abc.NT_0009'>"": [72027, 4275], ""<class 'abc.NT_0009_P_00000'>"": [], ""<class 'abc.NT_0009_P_00001'>"": [], ""<class 'abc.NT_0006'>"": [], ""<class 'abc.NT_0006_P_00000'>"": [], ""<class 'abc.NT_0009_P_00002'>"": [], ""<class 'abc.NT_0009_P_00003'>"": [], ""<class 'abc.NT_0015_P_00002'>"": [], ""<class 'abc.NT_0015_P_00003'>"": [], ""<class 'abc.NT_0014'>"": [], ""<class 'abc.NT_0014_P_00000'>"": [], ""<class 'abc.NT_0014_P_00001'>"": [], ""<class 'abc.NT_0015_P_00004'>"": [], ""<class 'abc.NT_0017_P_00001'>"": [], ""<class 'abc.NT_0016'>"": [], ""<class 'abc.NT_0016_P_00000'>"": [], ""<class 'abc.NT_0016_P_00001'>"": [], ""<class 'abc.NT_0016_P_00002'>"": [], ""<class 'abc.NT_0017_P_00002'>"": [], '$leftovers': [57587, 20000, 54340, 26317, 6481, 50799, 53366, 57672, 15437, 41470, 43194, 76280, 53058, 16632, 24951, 11647, 20336, 85920, 79178, 86726, 29687, 35122, 19936, 77951, 52918, 77202, 86811, 49977, 33989, 62146, 44283, 86282, 53235, 34529, 93786, 26995, 59308, 96804, 32075, 89268, 17705, 44065, 20964, 70557, 41228, 50394, 73244, 80589, 89878, 70093, 13531, 33497, 2118, 78177, 32452, 6202, 17781, 36111, 70983, 16310, 50605, 68444, 59396, 2989, 86690, 65815, 89541, 4173, 66353, 83209, 87572, 36004, 564, 32908, 7913, 59000, 95465, 92810, 87181, 4723, 71261, 90499, 32785, 42988, 8818, 96196, 25382, 42871, 28094, 74450, 1798, 9925, 29165, 11964, 72226, 30190, 2543, 47952, 6757, 23982, 21833, 84542, 51070, 20362, 47872, 63420, 54664, 2566, 11695, 6523, 29859, 6201, 70774, 77659, 84464, 78867, 27667, 69385, 65140, 36605, 7012, 1250, 28942, 20757, 68110, 13812, 73414, 97476, 48447, 65592, 47550, 63325, 56635, 41252, 76420, 8978, 72071, 1937, 52721, 11586, 95378, 12603, 22711, 7770, 30975, 43951, 55031, 2794, 31555, 40143, 45735, 26934, 973, 11552, 95654, 8346, 61470, 70413, 10371, 43200, 65213, 34376, 43681, 71623, 66363, 61726, 96882, 59629, 26130, 46919, 32533, 16075, 75983, 81859, 16243, 8366, 15261, 18908, 62350, 61492, 83170, 50893, 81836, 3003, 93817, 66605, 40524, 65446, 28020, 1863, 725, 71665, 25810, 44842, 73472, 41194, 64753, 52869, 28406, 39260, 71021, 44544, 65259, 40879, 61260, 45447, 45201, 3321, 71834, 91841, 85944, 94448, 53777, 52512, 8549, 49201, 19980, 24764, 94536, 5157, 97859, 66443, 89316, 95801, 13183, 85710, 46447, 35334, 77529, 59421, 81195, 9851, 45065, 1228, 86952, 32820, 60942, 12527, 2701, 43832, 81092, 19751, 59457, 23812, 97339, 11061, 65182, 36676, 27888, 43573, 78010, 73786, 42822, 94936, 73010, 77609, 10163, 63290, 27012, 14424, 18531, 84803, 64958, 43258, 85321, 82524, 12515, 71837, 58848, 55036, 90390, 48542, 50684, 67693, 63530, 31868, 23633, 21579, 6184, 53131, 21002, 64832, 92053, 7184, 69006, 35823, 8901, 37893, 51534, 12913, 22446, 26285, 70255, 27641, 21932, 83656, 66575, 48694, 39512, 17613, 54185, 98358, 36273, 43014, 10733, 45136, 56634, 51849, 94288, 26786, 42387, 35475, 24444, 8118, 49485, 81714, 83778, 89561, 8738, 52024, 58874, 72716, 42311, 25454, 87595, 81934, 17964, 61433, 19494, 83691, 27415, 37037, 93113, 43616, 52964, 48333, 56234, 18241, 27411, 16419, 52538, 26653, 9839, 74465, 52527, 80201, 79630, 1840, 83276, 82109, 32792, 12949, 92039, 43765, 36272, 54630, 58463, 7943, 38328, 97833, 45183, 91200, 15929, 47964, 40561, 81809, 14276, 39018, 78090, 20469, 86063, 44225, 33166, 87717, 85524, 97465, 83919, 30571, 47291, 11687, 54825, 46134, 8685, 78917, 38709, 83964, 2221, 51487, 86847, 14005, 89651, 45410, 32614, 24838, 40258, 99135, 55054, 4969, 96553, 24382, 92307, 81538, 18598, 31340, 57241, 99094, 6002, 7419, 86820, 42779, 11869, 72254, 27411, 31840, 79401, 73664, 91511, 29301, 88737, 56727, 37464, 71958, 69508, 25388, 4807, 91309, 55535, 78168, 94902, 31655, 46027, 94454, 40509, 42451, 1052, 68891, 6541, 61185, 60171, 90386, 32613, 13324, 92786, 63265, 21684, 48267, 73039, 43664, 60352, 52907, 44675, 95496, 2418, 7997, 69656, 52682, 3534, 62641, 94861, 67850, 67794, 22721, 46227, 31666, 8747, 35366, 39868, 7244, 91381, 38982, 77500, 57926, 64111, 61778, 4991, 50703, 56802, 29847, 58359, 95807, 95068, 83415, 81616, 76533, 71507, 98373, 2134, 16453, 78850, 30462, 46604, 89830, 21706, 86295, 8595, 79105, 19655, 43131, 3478, 75436, 73052, 71062, 31739, 45697, 16052, 87826, 33911, 8138, 66268, 4656, 40763, 97630, 99868, 91639, 2772, 58917, 49516, 46748, 20804, 59466, 99872, 25910, 53332, 38030, 78030, 73087, 32427, 25656, 22734, 86384, 91610, 214, 58585, 43431, 32734, 17757, 39750, 16177, 71705, 51831, 42392, 85543, 6696, 8045, 46570, 30940, 78199, 29592, 24154, 78765, 84514, 86057, 90538, 96392, 38901, 72898, 62612, 33489, 59571, 82991, 44920, 37691, 1121, 94492, 51499, 82069, 28888, 14310, 88903, 84118, 10546, 30703, 78344, 91528, 40853, 4171, 4336, 52942, 23065, 9391, 86682, 8024, 19625, 91371, 66707, 17488, 10058, 52363, 62581, 72253, 66959, 9752, 13742, 86275, 76334, 53755, 50348, 61297, 71442, 60130, 43371, 96139, 17674, 23526, 15019, 82578, 51684, 64820, 51041, 4364, 44980, 70927, 4192, 97078, 91706, 68350, 77970, 42423, 59117, 98713, 81658, 5742, 16489, 29002, 42948, 22071, 91882, 87587, 87335, 92995, 94276, 73117, 79084, 6387, 11821, 92270, 39525, 34375, 79523, 78948, 53831, 62075, 20954, 96006, 36604, 39077, 58604, 29341, 89780, 20577, 57898, 43874, 87854, 39253, 63110, 39371, 19091, 10078, 61402, 86956, 2706, 6459, 53395, 56986, 73952, 14732, 36024, 78732, 78176, 77392, 90109, 7387, 46633, 28051, 78533, 47690, 10143, 69800, 44745, 15386, 78043, 85757, 67383, 85811, 74336, 6202, 10109, 54780, 811, 76576, 77040, 49169, 96682, 92835, 45041, 1842, 65528, 34016, 83474, 14013, 27202, 66335, 44499, 370, 21730, 52896, 71182, 85991, 39160, 40902, 55926, 35512, 75736, 13601, 92189, 77065, 84092, 98012, 48127, 11588, 90917, 67209, 11527, 94121, 43713, 79943, 21649, 81567, 58642, 44906, 74680, 40034, 91400, 63001, 5213, 55104, 32747, 93307, 38861, 27986, 4842, 71222, 96204, 50490, 41376, 83189, 378, 48774, 92287, 2703, 84308, 62388, 24134, 92282, 90947, 61816, 96517, 93801, 12248, 42612, 36596, 34402, 48549, 64887, 18886, 20656, 39553, 90994, 50931, 61171, 97927, 2047, 85741, 60257, 56686, 62824, 95036, 97774, 26512, 32213, 24226, 39119, 9190, 40253, 35323, 71271, 90577, 44, 70979, 92296, 59388, 78444, 59936, 61842, 18317, 14104, 74209, 24390, 30917, 86127, 98120, 80417, 53683, 4088, 22491, 83407, 32889, 33182, 90125, 68253, 63599, 54457, 91265, 92333, 23178, 96129, 44767, 46114, 84454, 73652, 77970, 9354, 12847, 74690, 31643, 71792, 72701, 44459, 13482, 2404, 79190, 44599, 39581, 83762, 38122, 78181, 85472, 89495, 96088, 45750, 12132, 86111, 9109, 84610, 44138, 65151, 75159, 7903, 24327, 23796, 27486, 76491, 91005, 62756, 8359, 39827, 37498, 88884, 69064, 88341, 83620, 5172, 25162, 12655, 35222, 43042, 31508, 95614, 11871, 72016, 12050, 46298, 82757, 50191, 22398, 65305, 63983, 69826, 58709, 70825, 19588, 82568, 42327, 11142, 71395, 10520, 43850, 12080, 34833, 59211, 82355, 44790, 14277, 94119, 99751, 55723, 66045, 65818, 52492, 28845, 77469, 6552, 85250, 81990, 20182, 31757, 24256, 8564, 51246, 18916, 38412, 36848, 69380, 96252, 20867, 86440, 12168, 57866, 16845, 44507, 27280, 78684, 72618, 39882, 21960, 75878, 24632, 3639, 77549, 1172, 17919, 43076, 60918, 7295, 36117, 78965, 29935, 36303, 38772, 34652, 92292, 20532, 49163, 23139, 14852, 2419, 94945, 10473, 58389, 87817, 18164, 62277, 68791, 13348, 73330, 36876, 65334, 21264, 45823, 48913, 66448, 45681, 76227, 3298, 19245, 15292, 74225, 2081, 12669, 14545, 37361, 93452, 1880, 79845, 47996, 3938, 92890, 66904, 15377, 35288, 80314, 59754, 72027, 85560, 13002, 79410, 60381, 36834, 26822, 18526, 4275, 21261, 76951, 98894, 44292, 83338, 72810, 24459, 48197, 60404]})"
45.0,7,8,57,13.07482123374939,10113,"Genotype(dna={""<class 'abc.NT_0017'>"": [0, 91624], ""<class 'abc.NT_0017_P_00000'>"": [], ""<class 'abc.NT_0015'>"": [59754, 18526], ""<class 'abc.NT_0015_P_00000'>"": [], ""<class 'abc.NT_0000'>"": [16022, 0, 68658, 75248], ""<class 'abc.NT_0000_P_00000'>"": [], ""<class 'bool'>"": [86460, 41233, 75986, 25993, 82631, 61562, 27230, 83215], ""<class 'abc.NT_0000_P_00001'>"": [], ""<class 'int'>"": [91663, 89850, 80314, 60404], ""<class 'abc.NT_0000_P_00002'>"": [], ""<class 'abc.NT_0000_P_00003'>"": [], ""<class 'abc.NT_0015_P_00001'>"": [], ""<class 'abc.NT_0010'>"": [], ""<class 'abc.NT_0010_P_00000'>"": [], ""<class 'abc.NT_0007'>"": [], ""<class 'abc.NT_0007_P_00000'>"": [], ""<class 'abc.NT_0003'>"": [], ""<class 'abc.NT_0003_P_00000'>"": [], ""<class 'abc.NT_0002'>"": [0, 15377], ""<class 'abc.NT_0002_P_00000'>"": [], ""<class 'abc.NT_0002_P_00001'>"": [], ""<class 'abc.NT_0001'>"": [36432, 14518, 2, 43884, 40571], ""<class 'abc.NT_0001_P_00000'>"": [], ""<class 'abc.NT_0001_P_00001'>"": [], ""<class 'abc.NT_0001_P_00002'>"": [], ""<class 'abc.NT_0001_P_00003'>"": [], ""<class 'abc.NT_0001_P_00004'>"": [], ""<class 'abc.NT_0002_P_00002'>"": [], ""<class 'abc.NT_0002_P_00003'>"": [], ""<class 'abc.NT_0003_P_00001'>"": [], ""<class 'abc.NT_0003_P_00002'>"": [], ""<class 'abc.NT_0003_P_00003'>"": [], ""<class 'abc.NT_0007_P_00001'>"": [], ""<class 'abc.NT_0004'>"": [62590, 30197, 83338, 72810, 24459, 48197], ""<class 'abc.NT_0004_P_00000'>"": [], ""<class 'abc.NT_0004_P_00001'>"": [], ""<class 'abc.NT_0010_P_00001'>"": [], ""<class 'abc.NT_0008'>"": [], ""<class 'abc.NT_0008_P_00000'>"": [], ""<class 'abc.NT_0010_P_00002'>"": [], ""<class 'abc.NT_0005'>"": [], ""<class 'abc.NT_0005_P_00000'>"": [], ""<class 'abc.NT_0005_P_00001'>"": [], ""<class 'abc.NT_0009'>"": [72027, 4275], ""<class 'abc.NT_0009_P_00000'>"": [], ""<class 'abc.NT_0009_P_00001'>"": [], ""<class 'abc.NT_0006'>"": [], ""<class 'abc.NT_0006_P_00000'>"": [], ""<class 'abc.NT_0009_P_00002'>"": [], ""<class 'abc.NT_0009_P_00003'>"": [], ""<class 'abc.NT_0015_P_00002'>"": [], ""<class 'abc.NT_0015_P_00003'>"": [], ""<class 'abc.NT_0014'>"": [], ""<class 'abc.NT_0014_P_00000'>"": [], ""<class 'abc.NT_0014_P_00001'>"": [], ""<class 'abc.NT_0015_P_00004'>"": [], ""<class 'abc.NT_0017_P_00001'>"": [], ""<class 'abc.NT_0016'>"": [], ""<class 'abc.NT_0016_P_00000'>"": [], ""<class 'abc.NT_0016_P_00001'>"": [], ""<class 'abc.NT_0016_P_00002'>"": [], ""<class 'abc.NT_0017_P_00002'>"": [], '$leftovers': [57587, 20000, 54340, 26317, 6481, 50799, 53366, 57672, 15437, 41470, 43194, 76280, 53058, 16632, 24951, 11647, 20336, 85920, 79178, 86726, 29687, 35122, 19936, 77951, 52918, 77202, 86811, 49977, 33989, 62146, 44283, 86282, 53235, 34529, 93786, 26995, 59308, 96804, 32075, 89268, 17705, 44065, 20964, 70557, 41228, 50394, 73244, 80589, 89878, 70093, 13531, 33497, 2118, 78177, 32452, 6202, 17781, 36111, 70983, 16310, 50605, 68444, 59396, 2989, 86690, 65815, 89541, 4173, 66353, 83209, 87572, 36004, 564, 32908, 7913, 59000, 95465, 92810, 87181, 4723, 71261, 90499, 32785, 42988, 8818, 96196, 25382, 42871, 28094, 74450, 1798, 9925, 29165, 11964, 72226, 30190, 2543, 47952, 6757, 23982, 21833, 84542, 51070, 20362, 47872, 63420, 54664, 2566, 11695, 6523, 29859, 6201, 70774, 77659, 84464, 78867, 27667, 69385, 65140, 36605, 7012, 1250, 28942, 20757, 68110, 13812, 73414, 97476, 48447, 65592, 47550, 63325, 56635, 41252, 76420, 8978, 72071, 1937, 52721, 11586, 95378, 12603, 22711, 7770, 30975, 43951, 55031, 2794, 31555, 40143, 45735, 26934, 973, 11552, 95654, 8346, 61470, 70413, 10371, 43200, 65213, 34376, 43681, 71623, 66363, 61726, 96882, 59629, 26130, 46919, 32533, 16075, 75983, 81859, 16243, 8366, 15261, 18908, 62350, 61492, 83170, 50893, 81836, 3003, 93817, 66605, 40524, 65446, 28020, 1863, 725, 71665, 25810, 44842, 73472, 41194, 64753, 52869, 28406, 39260, 71021, 44544, 65259, 40879, 61260, 45447, 45201, 3321, 71834, 91841, 85944, 94448, 53777, 52512, 8549, 49201, 19980, 24764, 94536, 5157, 97859, 66443, 89316, 95801, 13183, 85710, 46447, 35334, 77529, 59421, 81195, 9851, 45065, 1228, 86952, 32820, 60942, 12527, 2701, 43832, 81092, 19751, 59457, 23812, 97339, 11061, 65182, 36676, 27888, 43573, 78010, 73786, 42822, 94936, 73010, 77609, 10163, 63290, 27012, 14424, 18531, 84803, 64958, 43258, 85321, 82524, 12515, 71837, 58848, 55036, 90390, 48542, 50684, 67693, 63530, 31868, 23633, 21579, 6184, 53131, 21002, 64832, 92053, 7184, 69006, 35823, 8901, 37893, 51534, 12913, 22446, 26285, 70255, 27641, 21932, 83656, 66575, 48694, 39512, 17613, 54185, 98358, 36273, 43014, 10733, 45136, 56634, 51849, 94288, 26786, 42387, 35475, 24444, 8118, 49485, 81714, 83778, 89561, 8738, 52024, 58874, 72716, 42311, 25454, 87595, 81934, 17964, 61433, 19494, 83691, 27415, 37037, 93113, 43616, 52964, 48333, 56234, 18241, 27411, 16419, 52538, 26653, 9839, 74465, 52527, 80201, 79630, 1840, 83276, 82109, 32792, 12949, 92039, 43765, 36272, 54630, 58463, 7943, 38328, 97833, 45183, 91200, 15929, 47964, 40561, 81809, 14276, 39018, 78090, 20469, 86063, 44225, 33166, 87717, 85524, 97465, 83919, 30571, 47291, 11687, 54825, 46134, 8685, 78917, 38709, 83964, 2221, 51487, 86847, 14005, 89651, 45410, 32614, 24838, 40258, 99135, 55054, 4969, 96553, 24382, 92307, 81538, 18598, 31340, 57241, 99094, 6002, 7419, 86820, 42779, 11869, 72254, 27411, 31840, 79401, 73664, 91511, 29301, 88737, 56727, 37464, 71958, 69508, 25388, 4807, 91309, 55535, 78168, 94902, 31655, 46027, 94454, 40509, 42451, 1052, 68891, 6541, 61185, 60171, 90386, 32613, 13324, 92786, 63265, 21684, 48267, 73039, 43664, 60352, 52907, 44675, 95496, 2418, 7997, 69656, 52682, 3534, 62641, 94861, 67850, 67794, 22721, 46227, 31666, 8747, 35366, 39868, 7244, 91381, 38982, 77500, 57926, 64111, 61778, 4991, 50703, 56802, 29847, 58359, 95807, 95068, 83415, 81616, 76533, 71507, 98373, 2134, 16453, 78850, 30462, 46604, 89830, 21706, 86295, 8595, 79105, 19655, 43131, 3478, 75436, 73052, 71062, 31739, 45697, 16052, 87826, 33911, 8138, 66268, 4656, 40763, 97630, 99868, 91639, 2772, 58917, 49516, 46748, 20804, 59466, 99872, 25910, 53332, 38030, 78030, 73087, 32427, 25656, 22734, 86384, 91610, 214, 58585, 43431, 32734, 17757, 39750, 16177, 71705, 51831, 42392, 85543, 6696, 8045, 46570, 30940, 78199, 29592, 24154, 78765, 84514, 86057, 90538, 96392, 38901, 72898, 62612, 33489, 59571, 82991, 44920, 37691, 1121, 94492, 51499, 82069, 28888, 14310, 88903, 84118, 10546, 30703, 78344, 91528, 40853, 4171, 4336, 52942, 23065, 9391, 86682, 8024, 19625, 91371, 66707, 17488, 10058, 52363, 62581, 72253, 66959, 9752, 13742, 86275, 76334, 53755, 50348, 61297, 71442, 60130, 43371, 96139, 17674, 23526, 15019, 82578, 51684, 64820, 51041, 4364, 44980, 70927, 4192, 97078, 91706, 68350, 77970, 42423, 59117, 98713, 81658, 5742, 16489, 29002, 42948, 22071, 91882, 87587, 87335, 92995, 94276, 73117, 79084, 6387, 11821, 92270, 39525, 34375, 79523, 78948, 53831, 62075, 20954, 96006, 36604, 39077, 58604, 29341, 89780, 20577, 57898, 43874, 87854, 39253, 63110, 39371, 19091, 10078, 61402, 86956, 2706, 6459, 53395, 56986, 73952, 14732, 36024, 78732, 78176, 77392, 90109, 7387, 46633, 28051, 78533, 47690, 10143, 69800, 44745, 15386, 78043, 85757, 67383, 85811, 74336, 6202, 10109, 54780, 811, 76576, 77040, 49169, 96682, 92835, 45041, 1842, 65528, 34016, 83474, 14013, 27202, 66335, 44499, 370, 21730, 52896, 71182, 85991, 39160, 40902, 55926, 35512, 75736, 13601, 92189, 77065, 84092, 98012, 48127, 11588, 90917, 67209, 11527, 94121, 43713, 79943, 21649, 81567, 58642, 44906, 74680, 40034, 91400, 63001, 5213, 55104, 32747, 93307, 38861, 27986, 4842, 71222, 96204, 50490, 41376, 83189, 378, 48774, 92287, 2703, 84308, 62388, 24134, 92282, 90947, 61816, 96517, 93801, 12248, 42612, 36596, 34402, 48549, 64887, 18886, 20656, 39553, 90994, 50931, 61171, 97927, 2047, 85741, 60257, 56686, 62824, 95036, 97774, 26512, 32213, 24226, 39119, 9190, 40253, 35323, 71271, 90577, 44, 70979, 92296, 59388, 78444, 59936, 61842, 18317, 14104, 74209, 24390, 30917, 86127, 98120, 80417, 53683, 4088, 22491, 83407, 32889, 33182, 90125, 68253, 63599, 54457, 91265, 92333, 23178, 96129, 44767, 46114, 84454, 73652, 77970, 9354, 12847, 74690, 31643, 71792, 72701, 44459, 13482, 2404, 79190, 44599, 39581, 83762, 38122, 78181, 85472, 89495, 96088, 45750, 12132, 86111, 9109, 84610, 44138, 65151, 75159, 7903, 24327, 23796, 27486, 76491, 91005, 62756, 8359, 39827, 37498, 88884, 69064, 88341, 83620, 5172, 25162, 12655, 35222, 43042, 31508, 95614, 11871, 72016, 12050, 46298, 82757, 50191, 22398, 65305, 63983, 69826, 58709, 70825, 19588, 82568, 42327, 11142, 71395, 10520, 43850, 12080, 34833, 59211, 82355, 44790, 14277, 94119, 99751, 55723, 66045, 65818, 52492, 28845, 77469, 6552, 85250, 81990, 20182, 31757, 24256, 8564, 51246, 18916, 38412, 36848, 69380, 96252, 20867, 86440, 12168, 57866, 16845, 44507, 27280, 78684, 72618, 39882, 21960, 75878, 24632, 3639, 77549, 1172, 17919, 43076, 60918, 7295, 36117, 78965, 29935, 36303, 38772, 34652, 92292, 20532, 49163, 23139, 14852, 2419, 94945, 10473, 58389, 87817, 18164, 62277, 68791, 13348, 73330, 36876, 65334, 21264, 45823, 48913, 66448, 45681, 76227, 3298, 19245, 15292, 74225, 2081, 12669, 14545, 37361, 93452, 1880, 79845, 47996, 3938, 92890, 66904, 15377, 35288, 80314, 59754, 72027, 85560, 13002, 79410, 60381, 36834, 26822, 18526, 4275, 21261, 76951, 98894, 44292, 83338, 72810, 24459, 48197, 60404]})"
45.0,7,8,58,13.194058179855347,10113,"Genotype(dna={""<class 'abc.NT_0017'>"": [0, 91624], ""<class 'abc.NT_0017_P_00000'>"": [], ""<class 'abc.NT_0015'>"": [59754, 18526], ""<class 'abc.NT_0015_P_00000'>"": [], ""<class 'abc.NT_0000'>"": [16022, 0, 68658, 75248], ""<class 'abc.NT_0000_P_00000'>"": [], ""<class 'bool'>"": [86460, 41233, 75986, 25993, 82631, 61562, 27230, 83215], ""<class 'abc.NT_0000_P_00001'>"": [], ""<class 'int'>"": [91663, 89850, 80314, 60404], ""<class 'abc.NT_0000_P_00002'>"": [], ""<class 'abc.NT_0000_P_00003'>"": [], ""<class 'abc.NT_0015_P_00001'>"": [], ""<class 'abc.NT_0010'>"": [], ""<class 'abc.NT_0010_P_00000'>"": [], ""<class 'abc.NT_0007'>"": [], ""<class 'abc.NT_0007_P_00000'>"": [], ""<class 'abc.NT_0003'>"": [], ""<class 'abc.NT_0003_P_00000'>"": [], ""<class 'abc.NT_0002'>"": [0, 15377], ""<class 'abc.NT_0002_P_00000'>"": [], ""<class 'abc.NT_0002_P_00001'>"": [], ""<class 'abc.NT_0001'>"": [36432, 14518, 2, 43884, 40571], ""<class 'abc.NT_0001_P_00000'>"": [], ""<class 'abc.NT_0001_P_00001'>"": [], ""<class 'abc.NT_0001_P_00002'>"": [], ""<class 'abc.NT_0001_P_00003'>"": [], ""<class 'abc.NT_0001_P_00004'>"": [], ""<class 'abc.NT_0002_P_00002'>"": [], ""<class 'abc.NT_0002_P_00003'>"": [], ""<class 'abc.NT_0003_P_00001'>"": [], ""<class 'abc.NT_0003_P_00002'>"": [], ""<class 'abc.NT_0003_P_00003'>"": [], ""<class 'abc.NT_0007_P_00001'>"": [], ""<class 'abc.NT_0004'>"": [62590, 30197, 83338, 72810, 24459, 48197], ""<class 'abc.NT_0004_P_00000'>"": [], ""<class 'abc.NT_0004_P_00001'>"": [], ""<class 'abc.NT_0010_P_00001'>"": [], ""<class 'abc.NT_0008'>"": [], ""<class 'abc.NT_0008_P_00000'>"": [], ""<class 'abc.NT_0010_P_00002'>"": [], ""<class 'abc.NT_0005'>"": [], ""<class 'abc.NT_0005_P_00000'>"": [], ""<class 'abc.NT_0005_P_00001'>"": [], ""<class 'abc.NT_0009'>"": [72027, 4275], ""<class 'abc.NT_0009_P_00000'>"": [], ""<class 'abc.NT_0009_P_00001'>"": [], ""<class 'abc.NT_0006'>"": [], ""<class 'abc.NT_0006_P_00000'>"": [], ""<class 'abc.NT_0009_P_00002'>"": [], ""<class 'abc.NT_0009_P_00003'>"": [], ""<class 'abc.NT_0015_P_00002'>"": [], ""<class 'abc.NT_0015_P_00003'>"": [], ""<class 'abc.NT_0014'>"": [], ""<class 'abc.NT_0014_P_00000'>"": [], ""<class 'abc.NT_0014_P_00001'>"": [], ""<class 'abc.NT_0015_P_00004'>"": [], ""<class 'abc.NT_0017_P_00001'>"": [], ""<class 'abc.NT_0016'>"": [], ""<class 'abc.NT_0016_P_00000'>"": [], ""<class 'abc.NT_0016_P_00001'>"": [], ""<class 'abc.NT_0016_P_00002'>"": [], ""<class 'abc.NT_0017_P_00002'>"": [], '$leftovers': [57587, 20000, 54340, 26317, 6481, 50799, 53366, 57672, 15437, 41470, 43194, 76280, 53058, 16632, 24951, 11647, 20336, 85920, 79178, 86726, 29687, 35122, 19936, 77951, 52918, 77202, 86811, 49977, 33989, 62146, 44283, 86282, 53235, 34529, 93786, 26995, 59308, 96804, 32075, 89268, 17705, 44065, 20964, 70557, 41228, 50394, 73244, 80589, 89878, 70093, 13531, 33497, 2118, 78177, 32452, 6202, 17781, 36111, 70983, 16310, 50605, 68444, 59396, 2989, 86690, 65815, 89541, 4173, 66353, 83209, 87572, 36004, 564, 32908, 7913, 59000, 95465, 92810, 87181, 4723, 71261, 90499, 32785, 42988, 8818, 96196, 25382, 42871, 28094, 74450, 1798, 9925, 29165, 11964, 72226, 30190, 2543, 47952, 6757, 23982, 21833, 84542, 51070, 20362, 47872, 63420, 54664, 2566, 11695, 6523, 29859, 6201, 70774, 77659, 84464, 78867, 27667, 69385, 65140, 36605, 7012, 1250, 28942, 20757, 68110, 13812, 73414, 97476, 48447, 65592, 47550, 63325, 56635, 41252, 76420, 8978, 72071, 1937, 52721, 11586, 95378, 12603, 22711, 7770, 30975, 43951, 55031, 2794, 31555, 40143, 45735, 26934, 973, 11552, 95654, 8346, 61470, 70413, 10371, 43200, 65213, 34376, 43681, 71623, 66363, 61726, 96882, 59629, 26130, 46919, 32533, 16075, 75983, 81859, 16243, 8366, 15261, 18908, 62350, 61492, 83170, 50893, 81836, 3003, 93817, 66605, 40524, 65446, 28020, 1863, 725, 71665, 25810, 44842, 73472, 41194, 64753, 52869, 28406, 39260, 71021, 44544, 65259, 40879, 61260, 45447, 45201, 3321, 71834, 91841, 85944, 94448, 53777, 52512, 8549, 49201, 19980, 24764, 94536, 5157, 97859, 66443, 89316, 95801, 13183, 85710, 46447, 35334, 77529, 59421, 81195, 9851, 45065, 1228, 86952, 32820, 60942, 12527, 2701, 43832, 81092, 19751, 59457, 23812, 97339, 11061, 65182, 36676, 27888, 43573, 78010, 73786, 42822, 94936, 73010, 77609, 10163, 63290, 27012, 14424, 18531, 84803, 64958, 43258, 85321, 82524, 12515, 71837, 58848, 55036, 90390, 48542, 50684, 67693, 63530, 31868, 23633, 21579, 6184, 53131, 21002, 64832, 92053, 7184, 69006, 35823, 8901, 37893, 51534, 12913, 22446, 26285, 70255, 27641, 21932, 83656, 66575, 48694, 39512, 17613, 54185, 98358, 36273, 43014, 10733, 45136, 56634, 51849, 94288, 26786, 42387, 35475, 24444, 8118, 49485, 81714, 83778, 89561, 8738, 52024, 58874, 72716, 42311, 25454, 87595, 81934, 17964, 61433, 19494, 83691, 27415, 37037, 93113, 43616, 52964, 48333, 56234, 18241, 27411, 16419, 52538, 26653, 9839, 74465, 52527, 80201, 79630, 1840, 83276, 82109, 32792, 12949, 92039, 43765, 36272, 54630, 58463, 7943, 38328, 97833, 45183, 91200, 15929, 47964, 40561, 81809, 14276, 39018, 78090, 20469, 86063, 44225, 33166, 87717, 85524, 97465, 83919, 30571, 47291, 11687, 54825, 46134, 8685, 78917, 38709, 83964, 2221, 51487, 86847, 14005, 89651, 45410, 32614, 24838, 40258, 99135, 55054, 4969, 96553, 24382, 92307, 81538, 18598, 31340, 57241, 99094, 6002, 7419, 86820, 42779, 11869, 72254, 27411, 31840, 79401, 73664, 91511, 29301, 88737, 56727, 37464, 71958, 69508, 25388, 4807, 91309, 55535, 78168, 94902, 31655, 46027, 94454, 40509, 42451, 1052, 68891, 6541, 61185, 60171, 90386, 32613, 13324, 92786, 63265, 21684, 48267, 73039, 43664, 60352, 52907, 44675, 95496, 2418, 7997, 69656, 52682, 3534, 62641, 94861, 67850, 67794, 22721, 46227, 31666, 8747, 35366, 39868, 7244, 91381, 38982, 77500, 57926, 64111, 61778, 4991, 50703, 56802, 29847, 58359, 95807, 95068, 83415, 81616, 76533, 71507, 98373, 2134, 16453, 78850, 30462, 46604, 89830, 21706, 86295, 8595, 79105, 19655, 43131, 3478, 75436, 73052, 71062, 31739, 45697, 16052, 87826, 33911, 8138, 66268, 4656, 40763, 97630, 99868, 91639, 2772, 58917, 49516, 46748, 20804, 59466, 99872, 25910, 53332, 38030, 78030, 73087, 32427, 25656, 22734, 86384, 91610, 214, 58585, 43431, 32734, 17757, 39750, 16177, 71705, 51831, 42392, 85543, 6696, 8045, 46570, 30940, 78199, 29592, 24154, 78765, 84514, 86057, 90538, 96392, 38901, 72898, 62612, 33489, 59571, 82991, 44920, 37691, 1121, 94492, 51499, 82069, 28888, 14310, 88903, 84118, 10546, 30703, 78344, 91528, 40853, 4171, 4336, 52942, 23065, 9391, 86682, 8024, 19625, 91371, 66707, 17488, 10058, 52363, 62581, 72253, 66959, 9752, 13742, 86275, 76334, 53755, 50348, 61297, 71442, 60130, 43371, 96139, 17674, 23526, 15019, 82578, 51684, 64820, 51041, 4364, 44980, 70927, 4192, 97078, 91706, 68350, 77970, 42423, 59117, 98713, 81658, 5742, 16489, 29002, 42948, 22071, 91882, 87587, 87335, 92995, 94276, 73117, 79084, 6387, 11821, 92270, 39525, 34375, 79523, 78948, 53831, 62075, 20954, 96006, 36604, 39077, 58604, 29341, 89780, 20577, 57898, 43874, 87854, 39253, 63110, 39371, 19091, 10078, 61402, 86956, 2706, 6459, 53395, 56986, 73952, 14732, 36024, 78732, 78176, 77392, 90109, 7387, 46633, 28051, 78533, 47690, 10143, 69800, 44745, 15386, 78043, 85757, 67383, 85811, 74336, 6202, 10109, 54780, 811, 76576, 77040, 49169, 96682, 92835, 45041, 1842, 65528, 34016, 83474, 14013, 27202, 66335, 44499, 370, 21730, 52896, 71182, 85991, 39160, 40902, 55926, 35512, 75736, 13601, 92189, 77065, 84092, 98012, 48127, 11588, 90917, 67209, 11527, 94121, 43713, 79943, 21649, 81567, 58642, 44906, 74680, 40034, 91400, 63001, 5213, 55104, 32747, 93307, 38861, 27986, 4842, 71222, 96204, 50490, 41376, 83189, 378, 48774, 92287, 2703, 84308, 62388, 24134, 92282, 90947, 61816, 96517, 93801, 12248, 42612, 36596, 34402, 48549, 64887, 18886, 20656, 39553, 90994, 50931, 61171, 97927, 2047, 85741, 60257, 56686, 62824, 95036, 97774, 26512, 32213, 24226, 39119, 9190, 40253, 35323, 71271, 90577, 44, 70979, 92296, 59388, 78444, 59936, 61842, 18317, 14104, 74209, 24390, 30917, 86127, 98120, 80417, 53683, 4088, 22491, 83407, 32889, 33182, 90125, 68253, 63599, 54457, 91265, 92333, 23178, 96129, 44767, 46114, 84454, 73652, 77970, 9354, 12847, 74690, 31643, 71792, 72701, 44459, 13482, 2404, 79190, 44599, 39581, 83762, 38122, 78181, 85472, 89495, 96088, 45750, 12132, 86111, 9109, 84610, 44138, 65151, 75159, 7903, 24327, 23796, 27486, 76491, 91005, 62756, 8359, 39827, 37498, 88884, 69064, 88341, 83620, 5172, 25162, 12655, 35222, 43042, 31508, 95614, 11871, 72016, 12050, 46298, 82757, 50191, 22398, 65305, 63983, 69826, 58709, 70825, 19588, 82568, 42327, 11142, 71395, 10520, 43850, 12080, 34833, 59211, 82355, 44790, 14277, 94119, 99751, 55723, 66045, 65818, 52492, 28845, 77469, 6552, 85250, 81990, 20182, 31757, 24256, 8564, 51246, 18916, 38412, 36848, 69380, 96252, 20867, 86440, 12168, 57866, 16845, 44507, 27280, 78684, 72618, 39882, 21960, 75878, 24632, 3639, 77549, 1172, 17919, 43076, 60918, 7295, 36117, 78965, 29935, 36303, 38772, 34652, 92292, 20532, 49163, 23139, 14852, 2419, 94945, 10473, 58389, 87817, 18164, 62277, 68791, 13348, 73330, 36876, 65334, 21264, 45823, 48913, 66448, 45681, 76227, 3298, 19245, 15292, 74225, 2081, 12669, 14545, 37361, 93452, 1880, 79845, 47996, 3938, 92890, 66904, 15377, 35288, 80314, 59754, 72027, 85560, 13002, 79410, 60381, 36834, 26822, 18526, 4275, 21261, 76951, 98894, 44292, 83338, 72810, 24459, 48197, 60404]})"
45.0,7,8,59,13.327563285827637,10113,"Genotype(dna={""<class 'abc.NT_0017'>"": [0, 91624], ""<class 'abc.NT_0017_P_00000'>"": [], ""<class 'abc.NT_0015'>"": [59754, 18526], ""<class 'abc.NT_0015_P_00000'>"": [], ""<class 'abc.NT_0000'>"": [16022, 0, 68658, 75248], ""<class 'abc.NT_0000_P_00000'>"": [], ""<class 'bool'>"": [86460, 41233, 75986, 25993, 82631, 61562, 27230, 83215], ""<class 'abc.NT_0000_P_00001'>"": [], ""<class 'int'>"": [91663, 89850, 80314, 60404], ""<class 'abc.NT_0000_P_00002'>"": [], ""<class 'abc.NT_0000_P_00003'>"": [], ""<class 'abc.NT_0015_P_00001'>"": [], ""<class 'abc.NT_0010'>"": [], ""<class 'abc.NT_0010_P_00000'>"": [], ""<class 'abc.NT_0007'>"": [], ""<class 'abc.NT_0007_P_00000'>"": [], ""<class 'abc.NT_0003'>"": [], ""<class 'abc.NT_0003_P_00000'>"": [], ""<class 'abc.NT_0002'>"": [0, 15377], ""<class 'abc.NT_0002_P_00000'>"": [], ""<class 'abc.NT_0002_P_00001'>"": [], ""<class 'abc.NT_0001'>"": [36432, 14518, 2, 43884, 40571], ""<class 'abc.NT_0001_P_00000'>"": [], ""<class 'abc.NT_0001_P_00001'>"": [], ""<class 'abc.NT_0001_P_00002'>"": [], ""<class 'abc.NT_0001_P_00003'>"": [], ""<class 'abc.NT_0001_P_00004'>"": [], ""<class 'abc.NT_0002_P_00002'>"": [], ""<class 'abc.NT_0002_P_00003'>"": [], ""<class 'abc.NT_0003_P_00001'>"": [], ""<class 'abc.NT_0003_P_00002'>"": [], ""<class 'abc.NT_0003_P_00003'>"": [], ""<class 'abc.NT_0007_P_00001'>"": [], ""<class 'abc.NT_0004'>"": [62590, 30197, 83338, 72810, 24459, 48197], ""<class 'abc.NT_0004_P_00000'>"": [], ""<class 'abc.NT_0004_P_00001'>"": [], ""<class 'abc.NT_0010_P_00001'>"": [], ""<class 'abc.NT_0008'>"": [], ""<class 'abc.NT_0008_P_00000'>"": [], ""<class 'abc.NT_0010_P_00002'>"": [], ""<class 'abc.NT_0005'>"": [], ""<class 'abc.NT_0005_P_00000'>"": [], ""<class 'abc.NT_0005_P_00001'>"": [], ""<class 'abc.NT_0009'>"": [72027, 4275], ""<class 'abc.NT_0009_P_00000'>"": [], ""<class 'abc.NT_0009_P_00001'>"": [], ""<class 'abc.NT_0006'>"": [], ""<class 'abc.NT_0006_P_00000'>"": [], ""<class 'abc.NT_0009_P_00002'>"": [], ""<class 'abc.NT_0009_P_00003'>"": [], ""<class 'abc.NT_0015_P_00002'>"": [], ""<class 'abc.NT_0015_P_00003'>"": [], ""<class 'abc.NT_0014'>"": [], ""<class 'abc.NT_0014_P_00000'>"": [], ""<class 'abc.NT_0014_P_00001'>"": [], ""<class 'abc.NT_0015_P_00004'>"": [], ""<class 'abc.NT_0017_P_00001'>"": [], ""<class 'abc.NT_0016'>"": [], ""<class 'abc.NT_0016_P_00000'>"": [], ""<class 'abc.NT_0016_P_00001'>"": [], ""<class 'abc.NT_0016_P_00002'>"": [], ""<class 'abc.NT_0017_P_00002'>"": [], '$leftovers': [57587, 20000, 54340, 26317, 6481, 50799, 53366, 57672, 15437, 41470, 43194, 76280, 53058, 16632, 24951, 11647, 20336, 85920, 79178, 86726, 29687, 35122, 19936, 77951, 52918, 77202, 86811, 49977, 33989, 62146, 44283, 86282, 53235, 34529, 93786, 26995, 59308, 96804, 32075, 89268, 17705, 44065, 20964, 70557, 41228, 50394, 73244, 80589, 89878, 70093, 13531, 33497, 2118, 78177, 32452, 6202, 17781, 36111, 70983, 16310, 50605, 68444, 59396, 2989, 86690, 65815, 89541, 4173, 66353, 83209, 87572, 36004, 564, 32908, 7913, 59000, 95465, 92810, 87181, 4723, 71261, 90499, 32785, 42988, 8818, 96196, 25382, 42871, 28094, 74450, 1798, 9925, 29165, 11964, 72226, 30190, 2543, 47952, 6757, 23982, 21833, 84542, 51070, 20362, 47872, 63420, 54664, 2566, 11695, 6523, 29859, 6201, 70774, 77659, 84464, 78867, 27667, 69385, 65140, 36605, 7012, 1250, 28942, 20757, 68110, 13812, 73414, 97476, 48447, 65592, 47550, 63325, 56635, 41252, 76420, 8978, 72071, 1937, 52721, 11586, 95378, 12603, 22711, 7770, 30975, 43951, 55031, 2794, 31555, 40143, 45735, 26934, 973, 11552, 95654, 8346, 61470, 70413, 10371, 43200, 65213, 34376, 43681, 71623, 66363, 61726, 96882, 59629, 26130, 46919, 32533, 16075, 75983, 81859, 16243, 8366, 15261, 18908, 62350, 61492, 83170, 50893, 81836, 3003, 93817, 66605, 40524, 65446, 28020, 1863, 725, 71665, 25810, 44842, 73472, 41194, 64753, 52869, 28406, 39260, 71021, 44544, 65259, 40879, 61260, 45447, 45201, 3321, 71834, 91841, 85944, 94448, 53777, 52512, 8549, 49201, 19980, 24764, 94536, 5157, 97859, 66443, 89316, 95801, 13183, 85710, 46447, 35334, 77529, 59421, 81195, 9851, 45065, 1228, 86952, 32820, 60942, 12527, 2701, 43832, 81092, 19751, 59457, 23812, 97339, 11061, 65182, 36676, 27888, 43573, 78010, 73786, 42822, 94936, 73010, 77609, 10163, 63290, 27012, 14424, 18531, 84803, 64958, 43258, 85321, 82524, 12515, 71837, 58848, 55036, 90390, 48542, 50684, 67693, 63530, 31868, 23633, 21579, 6184, 53131, 21002, 64832, 92053, 7184, 69006, 35823, 8901, 37893, 51534, 12913, 22446, 26285, 70255, 27641, 21932, 83656, 66575, 48694, 39512, 17613, 54185, 98358, 36273, 43014, 10733, 45136, 56634, 51849, 94288, 26786, 42387, 35475, 24444, 8118, 49485, 81714, 83778, 89561, 8738, 52024, 58874, 72716, 42311, 25454, 87595, 81934, 17964, 61433, 19494, 83691, 27415, 37037, 93113, 43616, 52964, 48333, 56234, 18241, 27411, 16419, 52538, 26653, 9839, 74465, 52527, 80201, 79630, 1840, 83276, 82109, 32792, 12949, 92039, 43765, 36272, 54630, 58463, 7943, 38328, 97833, 45183, 91200, 15929, 47964, 40561, 81809, 14276, 39018, 78090, 20469, 86063, 44225, 33166, 87717, 85524, 97465, 83919, 30571, 47291, 11687, 54825, 46134, 8685, 78917, 38709, 83964, 2221, 51487, 86847, 14005, 89651, 45410, 32614, 24838, 40258, 99135, 55054, 4969, 96553, 24382, 92307, 81538, 18598, 31340, 57241, 99094, 6002, 7419, 86820, 42779, 11869, 72254, 27411, 31840, 79401, 73664, 91511, 29301, 88737, 56727, 37464, 71958, 69508, 25388, 4807, 91309, 55535, 78168, 94902, 31655, 46027, 94454, 40509, 42451, 1052, 68891, 6541, 61185, 60171, 90386, 32613, 13324, 92786, 63265, 21684, 48267, 73039, 43664, 60352, 52907, 44675, 95496, 2418, 7997, 69656, 52682, 3534, 62641, 94861, 67850, 67794, 22721, 46227, 31666, 8747, 35366, 39868, 7244, 91381, 38982, 77500, 57926, 64111, 61778, 4991, 50703, 56802, 29847, 58359, 95807, 95068, 83415, 81616, 76533, 71507, 98373, 2134, 16453, 78850, 30462, 46604, 89830, 21706, 86295, 8595, 79105, 19655, 43131, 3478, 75436, 73052, 71062, 31739, 45697, 16052, 87826, 33911, 8138, 66268, 4656, 40763, 97630, 99868, 91639, 2772, 58917, 49516, 46748, 20804, 59466, 99872, 25910, 53332, 38030, 78030, 73087, 32427, 25656, 22734, 86384, 91610, 214, 58585, 43431, 32734, 17757, 39750, 16177, 71705, 51831, 42392, 85543, 6696, 8045, 46570, 30940, 78199, 29592, 24154, 78765, 84514, 86057, 90538, 96392, 38901, 72898, 62612, 33489, 59571, 82991, 44920, 37691, 1121, 94492, 51499, 82069, 28888, 14310, 88903, 84118, 10546, 30703, 78344, 91528, 40853, 4171, 4336, 52942, 23065, 9391, 86682, 8024, 19625, 91371, 66707, 17488, 10058, 52363, 62581, 72253, 66959, 9752, 13742, 86275, 76334, 53755, 50348, 61297, 71442, 60130, 43371, 96139, 17674, 23526, 15019, 82578, 51684, 64820, 51041, 4364, 44980, 70927, 4192, 97078, 91706, 68350, 77970, 42423, 59117, 98713, 81658, 5742, 16489, 29002, 42948, 22071, 91882, 87587, 87335, 92995, 94276, 73117, 79084, 6387, 11821, 92270, 39525, 34375, 79523, 78948, 53831, 62075, 20954, 96006, 36604, 39077, 58604, 29341, 89780, 20577, 57898, 43874, 87854, 39253, 63110, 39371, 19091, 10078, 61402, 86956, 2706, 6459, 53395, 56986, 73952, 14732, 36024, 78732, 78176, 77392, 90109, 7387, 46633, 28051, 78533, 47690, 10143, 69800, 44745, 15386, 78043, 85757, 67383, 85811, 74336, 6202, 10109, 54780, 811, 76576, 77040, 49169, 96682, 92835, 45041, 1842, 65528, 34016, 83474, 14013, 27202, 66335, 44499, 370, 21730, 52896, 71182, 85991, 39160, 40902, 55926, 35512, 75736, 13601, 92189, 77065, 84092, 98012, 48127, 11588, 90917, 67209, 11527, 94121, 43713, 79943, 21649, 81567, 58642, 44906, 74680, 40034, 91400, 63001, 5213, 55104, 32747, 93307, 38861, 27986, 4842, 71222, 96204, 50490, 41376, 83189, 378, 48774, 92287, 2703, 84308, 62388, 24134, 92282, 90947, 61816, 96517, 93801, 12248, 42612, 36596, 34402, 48549, 64887, 18886, 20656, 39553, 90994, 50931, 61171, 97927, 2047, 85741, 60257, 56686, 62824, 95036, 97774, 26512, 32213, 24226, 39119, 9190, 40253, 35323, 71271, 90577, 44, 70979, 92296, 59388, 78444, 59936, 61842, 18317, 14104, 74209, 24390, 30917, 86127, 98120, 80417, 53683, 4088, 22491, 83407, 32889, 33182, 90125, 68253, 63599, 54457, 91265, 92333, 23178, 96129, 44767, 46114, 84454, 73652, 77970, 9354, 12847, 74690, 31643, 71792, 72701, 44459, 13482, 2404, 79190, 44599, 39581, 83762, 38122, 78181, 85472, 89495, 96088, 45750, 12132, 86111, 9109, 84610, 44138, 65151, 75159, 7903, 24327, 23796, 27486, 76491, 91005, 62756, 8359, 39827, 37498, 88884, 69064, 88341, 83620, 5172, 25162, 12655, 35222, 43042, 31508, 95614, 11871, 72016, 12050, 46298, 82757, 50191, 22398, 65305, 63983, 69826, 58709, 70825, 19588, 82568, 42327, 11142, 71395, 10520, 43850, 12080, 34833, 59211, 82355, 44790, 14277, 94119, 99751, 55723, 66045, 65818, 52492, 28845, 77469, 6552, 85250, 81990, 20182, 31757, 24256, 8564, 51246, 18916, 38412, 36848, 69380, 96252, 20867, 86440, 12168, 57866, 16845, 44507, 27280, 78684, 72618, 39882, 21960, 75878, 24632, 3639, 77549, 1172, 17919, 43076, 60918, 7295, 36117, 78965, 29935, 36303, 38772, 34652, 92292, 20532, 49163, 23139, 14852, 2419, 94945, 10473, 58389, 87817, 18164, 62277, 68791, 13348, 73330, 36876, 65334, 21264, 45823, 48913, 66448, 45681, 76227, 3298, 19245, 15292, 74225, 2081, 12669, 14545, 37361, 93452, 1880, 79845, 47996, 3938, 92890, 66904, 15377, 35288, 80314, 59754, 72027, 85560, 13002, 79410, 60381, 36834, 26822, 18526, 4275, 21261, 76951, 98894, 44292, 83338, 72810, 24459, 48197, 60404]})"
45.0,7,8,60,13.41922640800476,10113,"Genotype(dna={""<class 'abc.NT_0017'>"": [0, 91624], ""<class 'abc.NT_0017_P_00000'>"": [], ""<class 'abc.NT_0015'>"": [59754, 18526], ""<class 'abc.NT_0015_P_00000'>"": [], ""<class 'abc.NT_0000'>"": [16022, 0, 68658, 75248], ""<class 'abc.NT_0000_P_00000'>"": [], ""<class 'bool'>"": [86460, 41233, 75986, 25993, 82631, 61562, 27230, 83215], ""<class 'abc.NT_0000_P_00001'>"": [], ""<class 'int'>"": [91663, 89850, 80314, 60404], ""<class 'abc.NT_0000_P_00002'>"": [], ""<class 'abc.NT_0000_P_00003'>"": [], ""<class 'abc.NT_0015_P_00001'>"": [], ""<class 'abc.NT_0010'>"": [], ""<class 'abc.NT_0010_P_00000'>"": [], ""<class 'abc.NT_0007'>"": [], ""<class 'abc.NT_0007_P_00000'>"": [], ""<class 'abc.NT_0003'>"": [], ""<class 'abc.NT_0003_P_00000'>"": [], ""<class 'abc.NT_0002'>"": [0, 15377], ""<class 'abc.NT_0002_P_00000'>"": [], ""<class 'abc.NT_0002_P_00001'>"": [], ""<class 'abc.NT_0001'>"": [36432, 14518, 2, 43884, 40571], ""<class 'abc.NT_0001_P_00000'>"": [], ""<class 'abc.NT_0001_P_00001'>"": [], ""<class 'abc.NT_0001_P_00002'>"": [], ""<class 'abc.NT_0001_P_00003'>"": [], ""<class 'abc.NT_0001_P_00004'>"": [], ""<class 'abc.NT_0002_P_00002'>"": [], ""<class 'abc.NT_0002_P_00003'>"": [], ""<class 'abc.NT_0003_P_00001'>"": [], ""<class 'abc.NT_0003_P_00002'>"": [], ""<class 'abc.NT_0003_P_00003'>"": [], ""<class 'abc.NT_0007_P_00001'>"": [], ""<class 'abc.NT_0004'>"": [62590, 30197, 83338, 72810, 24459, 48197], ""<class 'abc.NT_0004_P_00000'>"": [], ""<class 'abc.NT_0004_P_00001'>"": [], ""<class 'abc.NT_0010_P_00001'>"": [], ""<class 'abc.NT_0008'>"": [], ""<class 'abc.NT_0008_P_00000'>"": [], ""<class 'abc.NT_0010_P_00002'>"": [], ""<class 'abc.NT_0005'>"": [], ""<class 'abc.NT_0005_P_00000'>"": [], ""<class 'abc.NT_0005_P_00001'>"": [], ""<class 'abc.NT_0009'>"": [72027, 4275], ""<class 'abc.NT_0009_P_00000'>"": [], ""<class 'abc.NT_0009_P_00001'>"": [], ""<class 'abc.NT_0006'>"": [], ""<class 'abc.NT_0006_P_00000'>"": [], ""<class 'abc.NT_0009_P_00002'>"": [], ""<class 'abc.NT_0009_P_00003'>"": [], ""<class 'abc.NT_0015_P_00002'>"": [], ""<class 'abc.NT_0015_P_00003'>"": [], ""<class 'abc.NT_0014'>"": [], ""<class 'abc.NT_0014_P_00000'>"": [], ""<class 'abc.NT_0014_P_00001'>"": [], ""<class 'abc.NT_0015_P_00004'>"": [], ""<class 'abc.NT_0017_P_00001'>"": [], ""<class 'abc.NT_0016'>"": [], ""<class 'abc.NT_0016_P_00000'>"": [], ""<class 'abc.NT_0016_P_00001'>"": [], ""<class 'abc.NT_0016_P_00002'>"": [], ""<class 'abc.NT_0017_P_00002'>"": [], '$leftovers': [57587, 20000, 54340, 26317, 6481, 50799, 53366, 57672, 15437, 41470, 43194, 76280, 53058, 16632, 24951, 11647, 20336, 85920, 79178, 86726, 29687, 35122, 19936, 77951, 52918, 77202, 86811, 49977, 33989, 62146, 44283, 86282, 53235, 34529, 93786, 26995, 59308, 96804, 32075, 89268, 17705, 44065, 20964, 70557, 41228, 50394, 73244, 80589, 89878, 70093, 13531, 33497, 2118, 78177, 32452, 6202, 17781, 36111, 70983, 16310, 50605, 68444, 59396, 2989, 86690, 65815, 89541, 4173, 66353, 83209, 87572, 36004, 564, 32908, 7913, 59000, 95465, 92810, 87181, 4723, 71261, 90499, 32785, 42988, 8818, 96196, 25382, 42871, 28094, 74450, 1798, 9925, 29165, 11964, 72226, 30190, 2543, 47952, 6757, 23982, 21833, 84542, 51070, 20362, 47872, 63420, 54664, 2566, 11695, 6523, 29859, 6201, 70774, 77659, 84464, 78867, 27667, 69385, 65140, 36605, 7012, 1250, 28942, 20757, 68110, 13812, 73414, 97476, 48447, 65592, 47550, 63325, 56635, 41252, 76420, 8978, 72071, 1937, 52721, 11586, 95378, 12603, 22711, 7770, 30975, 43951, 55031, 2794, 31555, 40143, 45735, 26934, 973, 11552, 95654, 8346, 61470, 70413, 10371, 43200, 65213, 34376, 43681, 71623, 66363, 61726, 96882, 59629, 26130, 46919, 32533, 16075, 75983, 81859, 16243, 8366, 15261, 18908, 62350, 61492, 83170, 50893, 81836, 3003, 93817, 66605, 40524, 65446, 28020, 1863, 725, 71665, 25810, 44842, 73472, 41194, 64753, 52869, 28406, 39260, 71021, 44544, 65259, 40879, 61260, 45447, 45201, 3321, 71834, 91841, 85944, 94448, 53777, 52512, 8549, 49201, 19980, 24764, 94536, 5157, 97859, 66443, 89316, 95801, 13183, 85710, 46447, 35334, 77529, 59421, 81195, 9851, 45065, 1228, 86952, 32820, 60942, 12527, 2701, 43832, 81092, 19751, 59457, 23812, 97339, 11061, 65182, 36676, 27888, 43573, 78010, 73786, 42822, 94936, 73010, 77609, 10163, 63290, 27012, 14424, 18531, 84803, 64958, 43258, 85321, 82524, 12515, 71837, 58848, 55036, 90390, 48542, 50684, 67693, 63530, 31868, 23633, 21579, 6184, 53131, 21002, 64832, 92053, 7184, 69006, 35823, 8901, 37893, 51534, 12913, 22446, 26285, 70255, 27641, 21932, 83656, 66575, 48694, 39512, 17613, 54185, 98358, 36273, 43014, 10733, 45136, 56634, 51849, 94288, 26786, 42387, 35475, 24444, 8118, 49485, 81714, 83778, 89561, 8738, 52024, 58874, 72716, 42311, 25454, 87595, 81934, 17964, 61433, 19494, 83691, 27415, 37037, 93113, 43616, 52964, 48333, 56234, 18241, 27411, 16419, 52538, 26653, 9839, 74465, 52527, 80201, 79630, 1840, 83276, 82109, 32792, 12949, 92039, 43765, 36272, 54630, 58463, 7943, 38328, 97833, 45183, 91200, 15929, 47964, 40561, 81809, 14276, 39018, 78090, 20469, 86063, 44225, 33166, 87717, 85524, 97465, 83919, 30571, 47291, 11687, 54825, 46134, 8685, 78917, 38709, 83964, 2221, 51487, 86847, 14005, 89651, 45410, 32614, 24838, 40258, 99135, 55054, 4969, 96553, 24382, 92307, 81538, 18598, 31340, 57241, 99094, 6002, 7419, 86820, 42779, 11869, 72254, 27411, 31840, 79401, 73664, 91511, 29301, 88737, 56727, 37464, 71958, 69508, 25388, 4807, 91309, 55535, 78168, 94902, 31655, 46027, 94454, 40509, 42451, 1052, 68891, 6541, 61185, 60171, 90386, 32613, 13324, 92786, 63265, 21684, 48267, 73039, 43664, 60352, 52907, 44675, 95496, 2418, 7997, 69656, 52682, 3534, 62641, 94861, 67850, 67794, 22721, 46227, 31666, 8747, 35366, 39868, 7244, 91381, 38982, 77500, 57926, 64111, 61778, 4991, 50703, 56802, 29847, 58359, 95807, 95068, 83415, 81616, 76533, 71507, 98373, 2134, 16453, 78850, 30462, 46604, 89830, 21706, 86295, 8595, 79105, 19655, 43131, 3478, 75436, 73052, 71062, 31739, 45697, 16052, 87826, 33911, 8138, 66268, 4656, 40763, 97630, 99868, 91639, 2772, 58917, 49516, 46748, 20804, 59466, 99872, 25910, 53332, 38030, 78030, 73087, 32427, 25656, 22734, 86384, 91610, 214, 58585, 43431, 32734, 17757, 39750, 16177, 71705, 51831, 42392, 85543, 6696, 8045, 46570, 30940, 78199, 29592, 24154, 78765, 84514, 86057, 90538, 96392, 38901, 72898, 62612, 33489, 59571, 82991, 44920, 37691, 1121, 94492, 51499, 82069, 28888, 14310, 88903, 84118, 10546, 30703, 78344, 91528, 40853, 4171, 4336, 52942, 23065, 9391, 86682, 8024, 19625, 91371, 66707, 17488, 10058, 52363, 62581, 72253, 66959, 9752, 13742, 86275, 76334, 53755, 50348, 61297, 71442, 60130, 43371, 96139, 17674, 23526, 15019, 82578, 51684, 64820, 51041, 4364, 44980, 70927, 4192, 97078, 91706, 68350, 77970, 42423, 59117, 98713, 81658, 5742, 16489, 29002, 42948, 22071, 91882, 87587, 87335, 92995, 94276, 73117, 79084, 6387, 11821, 92270, 39525, 34375, 79523, 78948, 53831, 62075, 20954, 96006, 36604, 39077, 58604, 29341, 89780, 20577, 57898, 43874, 87854, 39253, 63110, 39371, 19091, 10078, 61402, 86956, 2706, 6459, 53395, 56986, 73952, 14732, 36024, 78732, 78176, 77392, 90109, 7387, 46633, 28051, 78533, 47690, 10143, 69800, 44745, 15386, 78043, 85757, 67383, 85811, 74336, 6202, 10109, 54780, 811, 76576, 77040, 49169, 96682, 92835, 45041, 1842, 65528, 34016, 83474, 14013, 27202, 66335, 44499, 370, 21730, 52896, 71182, 85991, 39160, 40902, 55926, 35512, 75736, 13601, 92189, 77065, 84092, 98012, 48127, 11588, 90917, 67209, 11527, 94121, 43713, 79943, 21649, 81567, 58642, 44906, 74680, 40034, 91400, 63001, 5213, 55104, 32747, 93307, 38861, 27986, 4842, 71222, 96204, 50490, 41376, 83189, 378, 48774, 92287, 2703, 84308, 62388, 24134, 92282, 90947, 61816, 96517, 93801, 12248, 42612, 36596, 34402, 48549, 64887, 18886, 20656, 39553, 90994, 50931, 61171, 97927, 2047, 85741, 60257, 56686, 62824, 95036, 97774, 26512, 32213, 24226, 39119, 9190, 40253, 35323, 71271, 90577, 44, 70979, 92296, 59388, 78444, 59936, 61842, 18317, 14104, 74209, 24390, 30917, 86127, 98120, 80417, 53683, 4088, 22491, 83407, 32889, 33182, 90125, 68253, 63599, 54457, 91265, 92333, 23178, 96129, 44767, 46114, 84454, 73652, 77970, 9354, 12847, 74690, 31643, 71792, 72701, 44459, 13482, 2404, 79190, 44599, 39581, 83762, 38122, 78181, 85472, 89495, 96088, 45750, 12132, 86111, 9109, 84610, 44138, 65151, 75159, 7903, 24327, 23796, 27486, 76491, 91005, 62756, 8359, 39827, 37498, 88884, 69064, 88341, 83620, 5172, 25162, 12655, 35222, 43042, 31508, 95614, 11871, 72016, 12050, 46298, 82757, 50191, 22398, 65305, 63983, 69826, 58709, 70825, 19588, 82568, 42327, 11142, 71395, 10520, 43850, 12080, 34833, 59211, 82355, 44790, 14277, 94119, 99751, 55723, 66045, 65818, 52492, 28845, 77469, 6552, 85250, 81990, 20182, 31757, 24256, 8564, 51246, 18916, 38412, 36848, 69380, 96252, 20867, 86440, 12168, 57866, 16845, 44507, 27280, 78684, 72618, 39882, 21960, 75878, 24632, 3639, 77549, 1172, 17919, 43076, 60918, 7295, 36117, 78965, 29935, 36303, 38772, 34652, 92292, 20532, 49163, 23139, 14852, 2419, 94945, 10473, 58389, 87817, 18164, 62277, 68791, 13348, 73330, 36876, 65334, 21264, 45823, 48913, 66448, 45681, 76227, 3298, 19245, 15292, 74225, 2081, 12669, 14545, 37361, 93452, 1880, 79845, 47996, 3938, 92890, 66904, 15377, 35288, 80314, 59754, 72027, 85560, 13002, 79410, 60381, 36834, 26822, 18526, 4275, 21261, 76951, 98894, 44292, 83338, 72810, 24459, 48197, 60404]})"
45.0,7,8,61,13.572752237319946,10113,"Genotype(dna={""<class 'abc.NT_0017'>"": [0, 91624], ""<class 'abc.NT_0017_P_00000'>"": [], ""<class 'abc.NT_0015'>"": [59754, 18526], ""<class 'abc.NT_0015_P_00000'>"": [], ""<class 'abc.NT_0000'>"": [16022, 0, 68658, 75248], ""<class 'abc.NT_0000_P_00000'>"": [], ""<class 'bool'>"": [86460, 41233, 75986, 25993, 82631, 61562, 27230, 83215], ""<class 'abc.NT_0000_P_00001'>"": [], ""<class 'int'>"": [91663, 89850, 80314, 60404], ""<class 'abc.NT_0000_P_00002'>"": [], ""<class 'abc.NT_0000_P_00003'>"": [], ""<class 'abc.NT_0015_P_00001'>"": [], ""<class 'abc.NT_0010'>"": [], ""<class 'abc.NT_0010_P_00000'>"": [], ""<class 'abc.NT_0007'>"": [], ""<class 'abc.NT_0007_P_00000'>"": [], ""<class 'abc.NT_0003'>"": [], ""<class 'abc.NT_0003_P_00000'>"": [], ""<class 'abc.NT_0002'>"": [0, 15377], ""<class 'abc.NT_0002_P_00000'>"": [], ""<class 'abc.NT_0002_P_00001'>"": [], ""<class 'abc.NT_0001'>"": [36432, 14518, 2, 43884, 40571], ""<class 'abc.NT_0001_P_00000'>"": [], ""<class 'abc.NT_0001_P_00001'>"": [], ""<class 'abc.NT_0001_P_00002'>"": [], ""<class 'abc.NT_0001_P_00003'>"": [], ""<class 'abc.NT_0001_P_00004'>"": [], ""<class 'abc.NT_0002_P_00002'>"": [], ""<class 'abc.NT_0002_P_00003'>"": [], ""<class 'abc.NT_0003_P_00001'>"": [], ""<class 'abc.NT_0003_P_00002'>"": [], ""<class 'abc.NT_0003_P_00003'>"": [], ""<class 'abc.NT_0007_P_00001'>"": [], ""<class 'abc.NT_0004'>"": [62590, 30197, 83338, 72810, 24459, 48197], ""<class 'abc.NT_0004_P_00000'>"": [], ""<class 'abc.NT_0004_P_00001'>"": [], ""<class 'abc.NT_0010_P_00001'>"": [], ""<class 'abc.NT_0008'>"": [], ""<class 'abc.NT_0008_P_00000'>"": [], ""<class 'abc.NT_0010_P_00002'>"": [], ""<class 'abc.NT_0005'>"": [], ""<class 'abc.NT_0005_P_00000'>"": [], ""<class 'abc.NT_0005_P_00001'>"": [], ""<class 'abc.NT_0009'>"": [72027, 4275], ""<class 'abc.NT_0009_P_00000'>"": [], ""<class 'abc.NT_0009_P_00001'>"": [], ""<class 'abc.NT_0006'>"": [], ""<class 'abc.NT_0006_P_00000'>"": [], ""<class 'abc.NT_0009_P_00002'>"": [], ""<class 'abc.NT_0009_P_00003'>"": [], ""<class 'abc.NT_0015_P_00002'>"": [], ""<class 'abc.NT_0015_P_00003'>"": [], ""<class 'abc.NT_0014'>"": [], ""<class 'abc.NT_0014_P_00000'>"": [], ""<class 'abc.NT_0014_P_00001'>"": [], ""<class 'abc.NT_0015_P_00004'>"": [], ""<class 'abc.NT_0017_P_00001'>"": [], ""<class 'abc.NT_0016'>"": [], ""<class 'abc.NT_0016_P_00000'>"": [], ""<class 'abc.NT_0016_P_00001'>"": [], ""<class 'abc.NT_0016_P_00002'>"": [], ""<class 'abc.NT_0017_P_00002'>"": [], '$leftovers': [57587, 20000, 54340, 26317, 6481, 50799, 53366, 57672, 15437, 41470, 43194, 76280, 53058, 16632, 24951, 11647, 20336, 85920, 79178, 86726, 29687, 35122, 19936, 77951, 52918, 77202, 86811, 49977, 33989, 62146, 44283, 86282, 53235, 34529, 93786, 26995, 59308, 96804, 32075, 89268, 17705, 44065, 20964, 70557, 41228, 50394, 73244, 80589, 89878, 70093, 13531, 33497, 2118, 78177, 32452, 6202, 17781, 36111, 70983, 16310, 50605, 68444, 59396, 2989, 86690, 65815, 89541, 4173, 66353, 83209, 87572, 36004, 564, 32908, 7913, 59000, 95465, 92810, 87181, 4723, 71261, 90499, 32785, 42988, 8818, 96196, 25382, 42871, 28094, 74450, 1798, 9925, 29165, 11964, 72226, 30190, 2543, 47952, 6757, 23982, 21833, 84542, 51070, 20362, 47872, 63420, 54664, 2566, 11695, 6523, 29859, 6201, 70774, 77659, 84464, 78867, 27667, 69385, 65140, 36605, 7012, 1250, 28942, 20757, 68110, 13812, 73414, 97476, 48447, 65592, 47550, 63325, 56635, 41252, 76420, 8978, 72071, 1937, 52721, 11586, 95378, 12603, 22711, 7770, 30975, 43951, 55031, 2794, 31555, 40143, 45735, 26934, 973, 11552, 95654, 8346, 61470, 70413, 10371, 43200, 65213, 34376, 43681, 71623, 66363, 61726, 96882, 59629, 26130, 46919, 32533, 16075, 75983, 81859, 16243, 8366, 15261, 18908, 62350, 61492, 83170, 50893, 81836, 3003, 93817, 66605, 40524, 65446, 28020, 1863, 725, 71665, 25810, 44842, 73472, 41194, 64753, 52869, 28406, 39260, 71021, 44544, 65259, 40879, 61260, 45447, 45201, 3321, 71834, 91841, 85944, 94448, 53777, 52512, 8549, 49201, 19980, 24764, 94536, 5157, 97859, 66443, 89316, 95801, 13183, 85710, 46447, 35334, 77529, 59421, 81195, 9851, 45065, 1228, 86952, 32820, 60942, 12527, 2701, 43832, 81092, 19751, 59457, 23812, 97339, 11061, 65182, 36676, 27888, 43573, 78010, 73786, 42822, 94936, 73010, 77609, 10163, 63290, 27012, 14424, 18531, 84803, 64958, 43258, 85321, 82524, 12515, 71837, 58848, 55036, 90390, 48542, 50684, 67693, 63530, 31868, 23633, 21579, 6184, 53131, 21002, 64832, 92053, 7184, 69006, 35823, 8901, 37893, 51534, 12913, 22446, 26285, 70255, 27641, 21932, 83656, 66575, 48694, 39512, 17613, 54185, 98358, 36273, 43014, 10733, 45136, 56634, 51849, 94288, 26786, 42387, 35475, 24444, 8118, 49485, 81714, 83778, 89561, 8738, 52024, 58874, 72716, 42311, 25454, 87595, 81934, 17964, 61433, 19494, 83691, 27415, 37037, 93113, 43616, 52964, 48333, 56234, 18241, 27411, 16419, 52538, 26653, 9839, 74465, 52527, 80201, 79630, 1840, 83276, 82109, 32792, 12949, 92039, 43765, 36272, 54630, 58463, 7943, 38328, 97833, 45183, 91200, 15929, 47964, 40561, 81809, 14276, 39018, 78090, 20469, 86063, 44225, 33166, 87717, 85524, 97465, 83919, 30571, 47291, 11687, 54825, 46134, 8685, 78917, 38709, 83964, 2221, 51487, 86847, 14005, 89651, 45410, 32614, 24838, 40258, 99135, 55054, 4969, 96553, 24382, 92307, 81538, 18598, 31340, 57241, 99094, 6002, 7419, 86820, 42779, 11869, 72254, 27411, 31840, 79401, 73664, 91511, 29301, 88737, 56727, 37464, 71958, 69508, 25388, 4807, 91309, 55535, 78168, 94902, 31655, 46027, 94454, 40509, 42451, 1052, 68891, 6541, 61185, 60171, 90386, 32613, 13324, 92786, 63265, 21684, 48267, 73039, 43664, 60352, 52907, 44675, 95496, 2418, 7997, 69656, 52682, 3534, 62641, 94861, 67850, 67794, 22721, 46227, 31666, 8747, 35366, 39868, 7244, 91381, 38982, 77500, 57926, 64111, 61778, 4991, 50703, 56802, 29847, 58359, 95807, 95068, 83415, 81616, 76533, 71507, 98373, 2134, 16453, 78850, 30462, 46604, 89830, 21706, 86295, 8595, 79105, 19655, 43131, 3478, 75436, 73052, 71062, 31739, 45697, 16052, 87826, 33911, 8138, 66268, 4656, 40763, 97630, 99868, 91639, 2772, 58917, 49516, 46748, 20804, 59466, 99872, 25910, 53332, 38030, 78030, 73087, 32427, 25656, 22734, 86384, 91610, 214, 58585, 43431, 32734, 17757, 39750, 16177, 71705, 51831, 42392, 85543, 6696, 8045, 46570, 30940, 78199, 29592, 24154, 78765, 84514, 86057, 90538, 96392, 38901, 72898, 62612, 33489, 59571, 82991, 44920, 37691, 1121, 94492, 51499, 82069, 28888, 14310, 88903, 84118, 10546, 30703, 78344, 91528, 40853, 4171, 4336, 52942, 23065, 9391, 86682, 8024, 19625, 91371, 66707, 17488, 10058, 52363, 62581, 72253, 66959, 9752, 13742, 86275, 76334, 53755, 50348, 61297, 71442, 60130, 43371, 96139, 17674, 23526, 15019, 82578, 51684, 64820, 51041, 4364, 44980, 70927, 4192, 97078, 91706, 68350, 77970, 42423, 59117, 98713, 81658, 5742, 16489, 29002, 42948, 22071, 91882, 87587, 87335, 92995, 94276, 73117, 79084, 6387, 11821, 92270, 39525, 34375, 79523, 78948, 53831, 62075, 20954, 96006, 36604, 39077, 58604, 29341, 89780, 20577, 57898, 43874, 87854, 39253, 63110, 39371, 19091, 10078, 61402, 86956, 2706, 6459, 53395, 56986, 73952, 14732, 36024, 78732, 78176, 77392, 90109, 7387, 46633, 28051, 78533, 47690, 10143, 69800, 44745, 15386, 78043, 85757, 67383, 85811, 74336, 6202, 10109, 54780, 811, 76576, 77040, 49169, 96682, 92835, 45041, 1842, 65528, 34016, 83474, 14013, 27202, 66335, 44499, 370, 21730, 52896, 71182, 85991, 39160, 40902, 55926, 35512, 75736, 13601, 92189, 77065, 84092, 98012, 48127, 11588, 90917, 67209, 11527, 94121, 43713, 79943, 21649, 81567, 58642, 44906, 74680, 40034, 91400, 63001, 5213, 55104, 32747, 93307, 38861, 27986, 4842, 71222, 96204, 50490, 41376, 83189, 378, 48774, 92287, 2703, 84308, 62388, 24134, 92282, 90947, 61816, 96517, 93801, 12248, 42612, 36596, 34402, 48549, 64887, 18886, 20656, 39553, 90994, 50931, 61171, 97927, 2047, 85741, 60257, 56686, 62824, 95036, 97774, 26512, 32213, 24226, 39119, 9190, 40253, 35323, 71271, 90577, 44, 70979, 92296, 59388, 78444, 59936, 61842, 18317, 14104, 74209, 24390, 30917, 86127, 98120, 80417, 53683, 4088, 22491, 83407, 32889, 33182, 90125, 68253, 63599, 54457, 91265, 92333, 23178, 96129, 44767, 46114, 84454, 73652, 77970, 9354, 12847, 74690, 31643, 71792, 72701, 44459, 13482, 2404, 79190, 44599, 39581, 83762, 38122, 78181, 85472, 89495, 96088, 45750, 12132, 86111, 9109, 84610, 44138, 65151, 75159, 7903, 24327, 23796, 27486, 76491, 91005, 62756, 8359, 39827, 37498, 88884, 69064, 88341, 83620, 5172, 25162, 12655, 35222, 43042, 31508, 95614, 11871, 72016, 12050, 46298, 82757, 50191, 22398, 65305, 63983, 69826, 58709, 70825, 19588, 82568, 42327, 11142, 71395, 10520, 43850, 12080, 34833, 59211, 82355, 44790, 14277, 94119, 99751, 55723, 66045, 65818, 52492, 28845, 77469, 6552, 85250, 81990, 20182, 31757, 24256, 8564, 51246, 18916, 38412, 36848, 69380, 96252, 20867, 86440, 12168, 57866, 16845, 44507, 27280, 78684, 72618, 39882, 21960, 75878, 24632, 3639, 77549, 1172, 17919, 43076, 60918, 7295, 36117, 78965, 29935, 36303, 38772, 34652, 92292, 20532, 49163, 23139, 14852, 2419, 94945, 10473, 58389, 87817, 18164, 62277, 68791, 13348, 73330, 36876, 65334, 21264, 45823, 48913, 66448, 45681, 76227, 3298, 19245, 15292, 74225, 2081, 12669, 14545, 37361, 93452, 1880, 79845, 47996, 3938, 92890, 66904, 15377, 35288, 80314, 59754, 72027, 85560, 13002, 79410, 60381, 36834, 26822, 18526, 4275, 21261, 76951, 98894, 44292, 83338, 72810, 24459, 48197, 60404]})"
45.0,7,8,62,13.690516233444214,10113,"Genotype(dna={""<class 'abc.NT_0017'>"": [0, 91624], ""<class 'abc.NT_0017_P_00000'>"": [], ""<class 'abc.NT_0015'>"": [59754, 18526], ""<class 'abc.NT_0015_P_00000'>"": [], ""<class 'abc.NT_0000'>"": [16022, 0, 68658, 75248], ""<class 'abc.NT_0000_P_00000'>"": [], ""<class 'bool'>"": [86460, 41233, 75986, 25993, 82631, 61562, 27230, 83215], ""<class 'abc.NT_0000_P_00001'>"": [], ""<class 'int'>"": [91663, 89850, 80314, 60404], ""<class 'abc.NT_0000_P_00002'>"": [], ""<class 'abc.NT_0000_P_00003'>"": [], ""<class 'abc.NT_0015_P_00001'>"": [], ""<class 'abc.NT_0010'>"": [], ""<class 'abc.NT_0010_P_00000'>"": [], ""<class 'abc.NT_0007'>"": [], ""<class 'abc.NT_0007_P_00000'>"": [], ""<class 'abc.NT_0003'>"": [], ""<class 'abc.NT_0003_P_00000'>"": [], ""<class 'abc.NT_0002'>"": [0, 15377], ""<class 'abc.NT_0002_P_00000'>"": [], ""<class 'abc.NT_0002_P_00001'>"": [], ""<class 'abc.NT_0001'>"": [36432, 14518, 2, 43884, 40571], ""<class 'abc.NT_0001_P_00000'>"": [], ""<class 'abc.NT_0001_P_00001'>"": [], ""<class 'abc.NT_0001_P_00002'>"": [], ""<class 'abc.NT_0001_P_00003'>"": [], ""<class 'abc.NT_0001_P_00004'>"": [], ""<class 'abc.NT_0002_P_00002'>"": [], ""<class 'abc.NT_0002_P_00003'>"": [], ""<class 'abc.NT_0003_P_00001'>"": [], ""<class 'abc.NT_0003_P_00002'>"": [], ""<class 'abc.NT_0003_P_00003'>"": [], ""<class 'abc.NT_0007_P_00001'>"": [], ""<class 'abc.NT_0004'>"": [62590, 30197, 83338, 72810, 24459, 48197], ""<class 'abc.NT_0004_P_00000'>"": [], ""<class 'abc.NT_0004_P_00001'>"": [], ""<class 'abc.NT_0010_P_00001'>"": [], ""<class 'abc.NT_0008'>"": [], ""<class 'abc.NT_0008_P_00000'>"": [], ""<class 'abc.NT_0010_P_00002'>"": [], ""<class 'abc.NT_0005'>"": [], ""<class 'abc.NT_0005_P_00000'>"": [], ""<class 'abc.NT_0005_P_00001'>"": [], ""<class 'abc.NT_0009'>"": [72027, 4275], ""<class 'abc.NT_0009_P_00000'>"": [], ""<class 'abc.NT_0009_P_00001'>"": [], ""<class 'abc.NT_0006'>"": [], ""<class 'abc.NT_0006_P_00000'>"": [], ""<class 'abc.NT_0009_P_00002'>"": [], ""<class 'abc.NT_0009_P_00003'>"": [], ""<class 'abc.NT_0015_P_00002'>"": [], ""<class 'abc.NT_0015_P_00003'>"": [], ""<class 'abc.NT_0014'>"": [], ""<class 'abc.NT_0014_P_00000'>"": [], ""<class 'abc.NT_0014_P_00001'>"": [], ""<class 'abc.NT_0015_P_00004'>"": [], ""<class 'abc.NT_0017_P_00001'>"": [], ""<class 'abc.NT_0016'>"": [], ""<class 'abc.NT_0016_P_00000'>"": [], ""<class 'abc.NT_0016_P_00001'>"": [], ""<class 'abc.NT_0016_P_00002'>"": [], ""<class 'abc.NT_0017_P_00002'>"": [], '$leftovers': [57587, 20000, 54340, 26317, 6481, 50799, 53366, 57672, 15437, 41470, 43194, 76280, 53058, 16632, 24951, 11647, 20336, 85920, 79178, 86726, 29687, 35122, 19936, 77951, 52918, 77202, 86811, 49977, 33989, 62146, 44283, 86282, 53235, 34529, 93786, 26995, 59308, 96804, 32075, 89268, 17705, 44065, 20964, 70557, 41228, 50394, 73244, 80589, 89878, 70093, 13531, 33497, 2118, 78177, 32452, 6202, 17781, 36111, 70983, 16310, 50605, 68444, 59396, 2989, 86690, 65815, 89541, 4173, 66353, 83209, 87572, 36004, 564, 32908, 7913, 59000, 95465, 92810, 87181, 4723, 71261, 90499, 32785, 42988, 8818, 96196, 25382, 42871, 28094, 74450, 1798, 9925, 29165, 11964, 72226, 30190, 2543, 47952, 6757, 23982, 21833, 84542, 51070, 20362, 47872, 63420, 54664, 2566, 11695, 6523, 29859, 6201, 70774, 77659, 84464, 78867, 27667, 69385, 65140, 36605, 7012, 1250, 28942, 20757, 68110, 13812, 73414, 97476, 48447, 65592, 47550, 63325, 56635, 41252, 76420, 8978, 72071, 1937, 52721, 11586, 95378, 12603, 22711, 7770, 30975, 43951, 55031, 2794, 31555, 40143, 45735, 26934, 973, 11552, 95654, 8346, 61470, 70413, 10371, 43200, 65213, 34376, 43681, 71623, 66363, 61726, 96882, 59629, 26130, 46919, 32533, 16075, 75983, 81859, 16243, 8366, 15261, 18908, 62350, 61492, 83170, 50893, 81836, 3003, 93817, 66605, 40524, 65446, 28020, 1863, 725, 71665, 25810, 44842, 73472, 41194, 64753, 52869, 28406, 39260, 71021, 44544, 65259, 40879, 61260, 45447, 45201, 3321, 71834, 91841, 85944, 94448, 53777, 52512, 8549, 49201, 19980, 24764, 94536, 5157, 97859, 66443, 89316, 95801, 13183, 85710, 46447, 35334, 77529, 59421, 81195, 9851, 45065, 1228, 86952, 32820, 60942, 12527, 2701, 43832, 81092, 19751, 59457, 23812, 97339, 11061, 65182, 36676, 27888, 43573, 78010, 73786, 42822, 94936, 73010, 77609, 10163, 63290, 27012, 14424, 18531, 84803, 64958, 43258, 85321, 82524, 12515, 71837, 58848, 55036, 90390, 48542, 50684, 67693, 63530, 31868, 23633, 21579, 6184, 53131, 21002, 64832, 92053, 7184, 69006, 35823, 8901, 37893, 51534, 12913, 22446, 26285, 70255, 27641, 21932, 83656, 66575, 48694, 39512, 17613, 54185, 98358, 36273, 43014, 10733, 45136, 56634, 51849, 94288, 26786, 42387, 35475, 24444, 8118, 49485, 81714, 83778, 89561, 8738, 52024, 58874, 72716, 42311, 25454, 87595, 81934, 17964, 61433, 19494, 83691, 27415, 37037, 93113, 43616, 52964, 48333, 56234, 18241, 27411, 16419, 52538, 26653, 9839, 74465, 52527, 80201, 79630, 1840, 83276, 82109, 32792, 12949, 92039, 43765, 36272, 54630, 58463, 7943, 38328, 97833, 45183, 91200, 15929, 47964, 40561, 81809, 14276, 39018, 78090, 20469, 86063, 44225, 33166, 87717, 85524, 97465, 83919, 30571, 47291, 11687, 54825, 46134, 8685, 78917, 38709, 83964, 2221, 51487, 86847, 14005, 89651, 45410, 32614, 24838, 40258, 99135, 55054, 4969, 96553, 24382, 92307, 81538, 18598, 31340, 57241, 99094, 6002, 7419, 86820, 42779, 11869, 72254, 27411, 31840, 79401, 73664, 91511, 29301, 88737, 56727, 37464, 71958, 69508, 25388, 4807, 91309, 55535, 78168, 94902, 31655, 46027, 94454, 40509, 42451, 1052, 68891, 6541, 61185, 60171, 90386, 32613, 13324, 92786, 63265, 21684, 48267, 73039, 43664, 60352, 52907, 44675, 95496, 2418, 7997, 69656, 52682, 3534, 62641, 94861, 67850, 67794, 22721, 46227, 31666, 8747, 35366, 39868, 7244, 91381, 38982, 77500, 57926, 64111, 61778, 4991, 50703, 56802, 29847, 58359, 95807, 95068, 83415, 81616, 76533, 71507, 98373, 2134, 16453, 78850, 30462, 46604, 89830, 21706, 86295, 8595, 79105, 19655, 43131, 3478, 75436, 73052, 71062, 31739, 45697, 16052, 87826, 33911, 8138, 66268, 4656, 40763, 97630, 99868, 91639, 2772, 58917, 49516, 46748, 20804, 59466, 99872, 25910, 53332, 38030, 78030, 73087, 32427, 25656, 22734, 86384, 91610, 214, 58585, 43431, 32734, 17757, 39750, 16177, 71705, 51831, 42392, 85543, 6696, 8045, 46570, 30940, 78199, 29592, 24154, 78765, 84514, 86057, 90538, 96392, 38901, 72898, 62612, 33489, 59571, 82991, 44920, 37691, 1121, 94492, 51499, 82069, 28888, 14310, 88903, 84118, 10546, 30703, 78344, 91528, 40853, 4171, 4336, 52942, 23065, 9391, 86682, 8024, 19625, 91371, 66707, 17488, 10058, 52363, 62581, 72253, 66959, 9752, 13742, 86275, 76334, 53755, 50348, 61297, 71442, 60130, 43371, 96139, 17674, 23526, 15019, 82578, 51684, 64820, 51041, 4364, 44980, 70927, 4192, 97078, 91706, 68350, 77970, 42423, 59117, 98713, 81658, 5742, 16489, 29002, 42948, 22071, 91882, 87587, 87335, 92995, 94276, 73117, 79084, 6387, 11821, 92270, 39525, 34375, 79523, 78948, 53831, 62075, 20954, 96006, 36604, 39077, 58604, 29341, 89780, 20577, 57898, 43874, 87854, 39253, 63110, 39371, 19091, 10078, 61402, 86956, 2706, 6459, 53395, 56986, 73952, 14732, 36024, 78732, 78176, 77392, 90109, 7387, 46633, 28051, 78533, 47690, 10143, 69800, 44745, 15386, 78043, 85757, 67383, 85811, 74336, 6202, 10109, 54780, 811, 76576, 77040, 49169, 96682, 92835, 45041, 1842, 65528, 34016, 83474, 14013, 27202, 66335, 44499, 370, 21730, 52896, 71182, 85991, 39160, 40902, 55926, 35512, 75736, 13601, 92189, 77065, 84092, 98012, 48127, 11588, 90917, 67209, 11527, 94121, 43713, 79943, 21649, 81567, 58642, 44906, 74680, 40034, 91400, 63001, 5213, 55104, 32747, 93307, 38861, 27986, 4842, 71222, 96204, 50490, 41376, 83189, 378, 48774, 92287, 2703, 84308, 62388, 24134, 92282, 90947, 61816, 96517, 93801, 12248, 42612, 36596, 34402, 48549, 64887, 18886, 20656, 39553, 90994, 50931, 61171, 97927, 2047, 85741, 60257, 56686, 62824, 95036, 97774, 26512, 32213, 24226, 39119, 9190, 40253, 35323, 71271, 90577, 44, 70979, 92296, 59388, 78444, 59936, 61842, 18317, 14104, 74209, 24390, 30917, 86127, 98120, 80417, 53683, 4088, 22491, 83407, 32889, 33182, 90125, 68253, 63599, 54457, 91265, 92333, 23178, 96129, 44767, 46114, 84454, 73652, 77970, 9354, 12847, 74690, 31643, 71792, 72701, 44459, 13482, 2404, 79190, 44599, 39581, 83762, 38122, 78181, 85472, 89495, 96088, 45750, 12132, 86111, 9109, 84610, 44138, 65151, 75159, 7903, 24327, 23796, 27486, 76491, 91005, 62756, 8359, 39827, 37498, 88884, 69064, 88341, 83620, 5172, 25162, 12655, 35222, 43042, 31508, 95614, 11871, 72016, 12050, 46298, 82757, 50191, 22398, 65305, 63983, 69826, 58709, 70825, 19588, 82568, 42327, 11142, 71395, 10520, 43850, 12080, 34833, 59211, 82355, 44790, 14277, 94119, 99751, 55723, 66045, 65818, 52492, 28845, 77469, 6552, 85250, 81990, 20182, 31757, 24256, 8564, 51246, 18916, 38412, 36848, 69380, 96252, 20867, 86440, 12168, 57866, 16845, 44507, 27280, 78684, 72618, 39882, 21960, 75878, 24632, 3639, 77549, 1172, 17919, 43076, 60918, 7295, 36117, 78965, 29935, 36303, 38772, 34652, 92292, 20532, 49163, 23139, 14852, 2419, 94945, 10473, 58389, 87817, 18164, 62277, 68791, 13348, 73330, 36876, 65334, 21264, 45823, 48913, 66448, 45681, 76227, 3298, 19245, 15292, 74225, 2081, 12669, 14545, 37361, 93452, 1880, 79845, 47996, 3938, 92890, 66904, 15377, 35288, 80314, 59754, 72027, 85560, 13002, 79410, 60381, 36834, 26822, 18526, 4275, 21261, 76951, 98894, 44292, 83338, 72810, 24459, 48197, 60404]})"
45.0,7,8,63,13.83019495010376,10113,"Genotype(dna={""<class 'abc.NT_0017'>"": [0, 91624], ""<class 'abc.NT_0017_P_00000'>"": [], ""<class 'abc.NT_0015'>"": [59754, 18526], ""<class 'abc.NT_0015_P_00000'>"": [], ""<class 'abc.NT_0000'>"": [16022, 0, 68658, 75248], ""<class 'abc.NT_0000_P_00000'>"": [], ""<class 'bool'>"": [86460, 41233, 75986, 25993, 82631, 61562, 27230, 83215], ""<class 'abc.NT_0000_P_00001'>"": [], ""<class 'int'>"": [91663, 89850, 80314, 60404], ""<class 'abc.NT_0000_P_00002'>"": [], ""<class 'abc.NT_0000_P_00003'>"": [], ""<class 'abc.NT_0015_P_00001'>"": [], ""<class 'abc.NT_0010'>"": [], ""<class 'abc.NT_0010_P_00000'>"": [], ""<class 'abc.NT_0007'>"": [], ""<class 'abc.NT_0007_P_00000'>"": [], ""<class 'abc.NT_0003'>"": [], ""<class 'abc.NT_0003_P_00000'>"": [], ""<class 'abc.NT_0002'>"": [0, 15377], ""<class 'abc.NT_0002_P_00000'>"": [], ""<class 'abc.NT_0002_P_00001'>"": [], ""<class 'abc.NT_0001'>"": [36432, 14518, 2, 43884, 40571], ""<class 'abc.NT_0001_P_00000'>"": [], ""<class 'abc.NT_0001_P_00001'>"": [], ""<class 'abc.NT_0001_P_00002'>"": [], ""<class 'abc.NT_0001_P_00003'>"": [], ""<class 'abc.NT_0001_P_00004'>"": [], ""<class 'abc.NT_0002_P_00002'>"": [], ""<class 'abc.NT_0002_P_00003'>"": [], ""<class 'abc.NT_0003_P_00001'>"": [], ""<class 'abc.NT_0003_P_00002'>"": [], ""<class 'abc.NT_0003_P_00003'>"": [], ""<class 'abc.NT_0007_P_00001'>"": [], ""<class 'abc.NT_0004'>"": [62590, 30197, 83338, 72810, 24459, 48197], ""<class 'abc.NT_0004_P_00000'>"": [], ""<class 'abc.NT_0004_P_00001'>"": [], ""<class 'abc.NT_0010_P_00001'>"": [], ""<class 'abc.NT_0008'>"": [], ""<class 'abc.NT_0008_P_00000'>"": [], ""<class 'abc.NT_0010_P_00002'>"": [], ""<class 'abc.NT_0005'>"": [], ""<class 'abc.NT_0005_P_00000'>"": [], ""<class 'abc.NT_0005_P_00001'>"": [], ""<class 'abc.NT_0009'>"": [72027, 4275], ""<class 'abc.NT_0009_P_00000'>"": [], ""<class 'abc.NT_0009_P_00001'>"": [], ""<class 'abc.NT_0006'>"": [], ""<class 'abc.NT_0006_P_00000'>"": [], ""<class 'abc.NT_0009_P_00002'>"": [], ""<class 'abc.NT_0009_P_00003'>"": [], ""<class 'abc.NT_0015_P_00002'>"": [], ""<class 'abc.NT_0015_P_00003'>"": [], ""<class 'abc.NT_0014'>"": [], ""<class 'abc.NT_0014_P_00000'>"": [], ""<class 'abc.NT_0014_P_00001'>"": [], ""<class 'abc.NT_0015_P_00004'>"": [], ""<class 'abc.NT_0017_P_00001'>"": [], ""<class 'abc.NT_0016'>"": [], ""<class 'abc.NT_0016_P_00000'>"": [], ""<class 'abc.NT_0016_P_00001'>"": [], ""<class 'abc.NT_0016_P_00002'>"": [], ""<class 'abc.NT_0017_P_00002'>"": [], '$leftovers': [57587, 20000, 54340, 26317, 6481, 50799, 53366, 57672, 15437, 41470, 43194, 76280, 53058, 16632, 24951, 11647, 20336, 85920, 79178, 86726, 29687, 35122, 19936, 77951, 52918, 77202, 86811, 49977, 33989, 62146, 44283, 86282, 53235, 34529, 93786, 26995, 59308, 96804, 32075, 89268, 17705, 44065, 20964, 70557, 41228, 50394, 73244, 80589, 89878, 70093, 13531, 33497, 2118, 78177, 32452, 6202, 17781, 36111, 70983, 16310, 50605, 68444, 59396, 2989, 86690, 65815, 89541, 4173, 66353, 83209, 87572, 36004, 564, 32908, 7913, 59000, 95465, 92810, 87181, 4723, 71261, 90499, 32785, 42988, 8818, 96196, 25382, 42871, 28094, 74450, 1798, 9925, 29165, 11964, 72226, 30190, 2543, 47952, 6757, 23982, 21833, 84542, 51070, 20362, 47872, 63420, 54664, 2566, 11695, 6523, 29859, 6201, 70774, 77659, 84464, 78867, 27667, 69385, 65140, 36605, 7012, 1250, 28942, 20757, 68110, 13812, 73414, 97476, 48447, 65592, 47550, 63325, 56635, 41252, 76420, 8978, 72071, 1937, 52721, 11586, 95378, 12603, 22711, 7770, 30975, 43951, 55031, 2794, 31555, 40143, 45735, 26934, 973, 11552, 95654, 8346, 61470, 70413, 10371, 43200, 65213, 34376, 43681, 71623, 66363, 61726, 96882, 59629, 26130, 46919, 32533, 16075, 75983, 81859, 16243, 8366, 15261, 18908, 62350, 61492, 83170, 50893, 81836, 3003, 93817, 66605, 40524, 65446, 28020, 1863, 725, 71665, 25810, 44842, 73472, 41194, 64753, 52869, 28406, 39260, 71021, 44544, 65259, 40879, 61260, 45447, 45201, 3321, 71834, 91841, 85944, 94448, 53777, 52512, 8549, 49201, 19980, 24764, 94536, 5157, 97859, 66443, 89316, 95801, 13183, 85710, 46447, 35334, 77529, 59421, 81195, 9851, 45065, 1228, 86952, 32820, 60942, 12527, 2701, 43832, 81092, 19751, 59457, 23812, 97339, 11061, 65182, 36676, 27888, 43573, 78010, 73786, 42822, 94936, 73010, 77609, 10163, 63290, 27012, 14424, 18531, 84803, 64958, 43258, 85321, 82524, 12515, 71837, 58848, 55036, 90390, 48542, 50684, 67693, 63530, 31868, 23633, 21579, 6184, 53131, 21002, 64832, 92053, 7184, 69006, 35823, 8901, 37893, 51534, 12913, 22446, 26285, 70255, 27641, 21932, 83656, 66575, 48694, 39512, 17613, 54185, 98358, 36273, 43014, 10733, 45136, 56634, 51849, 94288, 26786, 42387, 35475, 24444, 8118, 49485, 81714, 83778, 89561, 8738, 52024, 58874, 72716, 42311, 25454, 87595, 81934, 17964, 61433, 19494, 83691, 27415, 37037, 93113, 43616, 52964, 48333, 56234, 18241, 27411, 16419, 52538, 26653, 9839, 74465, 52527, 80201, 79630, 1840, 83276, 82109, 32792, 12949, 92039, 43765, 36272, 54630, 58463, 7943, 38328, 97833, 45183, 91200, 15929, 47964, 40561, 81809, 14276, 39018, 78090, 20469, 86063, 44225, 33166, 87717, 85524, 97465, 83919, 30571, 47291, 11687, 54825, 46134, 8685, 78917, 38709, 83964, 2221, 51487, 86847, 14005, 89651, 45410, 32614, 24838, 40258, 99135, 55054, 4969, 96553, 24382, 92307, 81538, 18598, 31340, 57241, 99094, 6002, 7419, 86820, 42779, 11869, 72254, 27411, 31840, 79401, 73664, 91511, 29301, 88737, 56727, 37464, 71958, 69508, 25388, 4807, 91309, 55535, 78168, 94902, 31655, 46027, 94454, 40509, 42451, 1052, 68891, 6541, 61185, 60171, 90386, 32613, 13324, 92786, 63265, 21684, 48267, 73039, 43664, 60352, 52907, 44675, 95496, 2418, 7997, 69656, 52682, 3534, 62641, 94861, 67850, 67794, 22721, 46227, 31666, 8747, 35366, 39868, 7244, 91381, 38982, 77500, 57926, 64111, 61778, 4991, 50703, 56802, 29847, 58359, 95807, 95068, 83415, 81616, 76533, 71507, 98373, 2134, 16453, 78850, 30462, 46604, 89830, 21706, 86295, 8595, 79105, 19655, 43131, 3478, 75436, 73052, 71062, 31739, 45697, 16052, 87826, 33911, 8138, 66268, 4656, 40763, 97630, 99868, 91639, 2772, 58917, 49516, 46748, 20804, 59466, 99872, 25910, 53332, 38030, 78030, 73087, 32427, 25656, 22734, 86384, 91610, 214, 58585, 43431, 32734, 17757, 39750, 16177, 71705, 51831, 42392, 85543, 6696, 8045, 46570, 30940, 78199, 29592, 24154, 78765, 84514, 86057, 90538, 96392, 38901, 72898, 62612, 33489, 59571, 82991, 44920, 37691, 1121, 94492, 51499, 82069, 28888, 14310, 88903, 84118, 10546, 30703, 78344, 91528, 40853, 4171, 4336, 52942, 23065, 9391, 86682, 8024, 19625, 91371, 66707, 17488, 10058, 52363, 62581, 72253, 66959, 9752, 13742, 86275, 76334, 53755, 50348, 61297, 71442, 60130, 43371, 96139, 17674, 23526, 15019, 82578, 51684, 64820, 51041, 4364, 44980, 70927, 4192, 97078, 91706, 68350, 77970, 42423, 59117, 98713, 81658, 5742, 16489, 29002, 42948, 22071, 91882, 87587, 87335, 92995, 94276, 73117, 79084, 6387, 11821, 92270, 39525, 34375, 79523, 78948, 53831, 62075, 20954, 96006, 36604, 39077, 58604, 29341, 89780, 20577, 57898, 43874, 87854, 39253, 63110, 39371, 19091, 10078, 61402, 86956, 2706, 6459, 53395, 56986, 73952, 14732, 36024, 78732, 78176, 77392, 90109, 7387, 46633, 28051, 78533, 47690, 10143, 69800, 44745, 15386, 78043, 85757, 67383, 85811, 74336, 6202, 10109, 54780, 811, 76576, 77040, 49169, 96682, 92835, 45041, 1842, 65528, 34016, 83474, 14013, 27202, 66335, 44499, 370, 21730, 52896, 71182, 85991, 39160, 40902, 55926, 35512, 75736, 13601, 92189, 77065, 84092, 98012, 48127, 11588, 90917, 67209, 11527, 94121, 43713, 79943, 21649, 81567, 58642, 44906, 74680, 40034, 91400, 63001, 5213, 55104, 32747, 93307, 38861, 27986, 4842, 71222, 96204, 50490, 41376, 83189, 378, 48774, 92287, 2703, 84308, 62388, 24134, 92282, 90947, 61816, 96517, 93801, 12248, 42612, 36596, 34402, 48549, 64887, 18886, 20656, 39553, 90994, 50931, 61171, 97927, 2047, 85741, 60257, 56686, 62824, 95036, 97774, 26512, 32213, 24226, 39119, 9190, 40253, 35323, 71271, 90577, 44, 70979, 92296, 59388, 78444, 59936, 61842, 18317, 14104, 74209, 24390, 30917, 86127, 98120, 80417, 53683, 4088, 22491, 83407, 32889, 33182, 90125, 68253, 63599, 54457, 91265, 92333, 23178, 96129, 44767, 46114, 84454, 73652, 77970, 9354, 12847, 74690, 31643, 71792, 72701, 44459, 13482, 2404, 79190, 44599, 39581, 83762, 38122, 78181, 85472, 89495, 96088, 45750, 12132, 86111, 9109, 84610, 44138, 65151, 75159, 7903, 24327, 23796, 27486, 76491, 91005, 62756, 8359, 39827, 37498, 88884, 69064, 88341, 83620, 5172, 25162, 12655, 35222, 43042, 31508, 95614, 11871, 72016, 12050, 46298, 82757, 50191, 22398, 65305, 63983, 69826, 58709, 70825, 19588, 82568, 42327, 11142, 71395, 10520, 43850, 12080, 34833, 59211, 82355, 44790, 14277, 94119, 99751, 55723, 66045, 65818, 52492, 28845, 77469, 6552, 85250, 81990, 20182, 31757, 24256, 8564, 51246, 18916, 38412, 36848, 69380, 96252, 20867, 86440, 12168, 57866, 16845, 44507, 27280, 78684, 72618, 39882, 21960, 75878, 24632, 3639, 77549, 1172, 17919, 43076, 60918, 7295, 36117, 78965, 29935, 36303, 38772, 34652, 92292, 20532, 49163, 23139, 14852, 2419, 94945, 10473, 58389, 87817, 18164, 62277, 68791, 13348, 73330, 36876, 65334, 21264, 45823, 48913, 66448, 45681, 76227, 3298, 19245, 15292, 74225, 2081, 12669, 14545, 37361, 93452, 1880, 79845, 47996, 3938, 92890, 66904, 15377, 35288, 80314, 59754, 72027, 85560, 13002, 79410, 60381, 36834, 26822, 18526, 4275, 21261, 76951, 98894, 44292, 83338, 72810, 24459, 48197, 60404]})"
45.0,7,8,64,13.943411111831665,10113,"Genotype(dna={""<class 'abc.NT_0017'>"": [0, 91624], ""<class 'abc.NT_0017_P_00000'>"": [], ""<class 'abc.NT_0015'>"": [59754, 18526], ""<class 'abc.NT_0015_P_00000'>"": [], ""<class 'abc.NT_0000'>"": [16022, 0, 68658, 75248], ""<class 'abc.NT_0000_P_00000'>"": [], ""<class 'bool'>"": [86460, 41233, 75986, 25993, 82631, 61562, 27230, 83215], ""<class 'abc.NT_0000_P_00001'>"": [], ""<class 'int'>"": [91663, 89850, 80314, 60404], ""<class 'abc.NT_0000_P_00002'>"": [], ""<class 'abc.NT_0000_P_00003'>"": [], ""<class 'abc.NT_0015_P_00001'>"": [], ""<class 'abc.NT_0010'>"": [], ""<class 'abc.NT_0010_P_00000'>"": [], ""<class 'abc.NT_0007'>"": [], ""<class 'abc.NT_0007_P_00000'>"": [], ""<class 'abc.NT_0003'>"": [], ""<class 'abc.NT_0003_P_00000'>"": [], ""<class 'abc.NT_0002'>"": [0, 15377], ""<class 'abc.NT_0002_P_00000'>"": [], ""<class 'abc.NT_0002_P_00001'>"": [], ""<class 'abc.NT_0001'>"": [36432, 14518, 2, 43884, 40571], ""<class 'abc.NT_0001_P_00000'>"": [], ""<class 'abc.NT_0001_P_00001'>"": [], ""<class 'abc.NT_0001_P_00002'>"": [], ""<class 'abc.NT_0001_P_00003'>"": [], ""<class 'abc.NT_0001_P_00004'>"": [], ""<class 'abc.NT_0002_P_00002'>"": [], ""<class 'abc.NT_0002_P_00003'>"": [], ""<class 'abc.NT_0003_P_00001'>"": [], ""<class 'abc.NT_0003_P_00002'>"": [], ""<class 'abc.NT_0003_P_00003'>"": [], ""<class 'abc.NT_0007_P_00001'>"": [], ""<class 'abc.NT_0004'>"": [62590, 30197, 83338, 72810, 24459, 48197], ""<class 'abc.NT_0004_P_00000'>"": [], ""<class 'abc.NT_0004_P_00001'>"": [], ""<class 'abc.NT_0010_P_00001'>"": [], ""<class 'abc.NT_0008'>"": [], ""<class 'abc.NT_0008_P_00000'>"": [], ""<class 'abc.NT_0010_P_00002'>"": [], ""<class 'abc.NT_0005'>"": [], ""<class 'abc.NT_0005_P_00000'>"": [], ""<class 'abc.NT_0005_P_00001'>"": [], ""<class 'abc.NT_0009'>"": [72027, 4275], ""<class 'abc.NT_0009_P_00000'>"": [], ""<class 'abc.NT_0009_P_00001'>"": [], ""<class 'abc.NT_0006'>"": [], ""<class 'abc.NT_0006_P_00000'>"": [], ""<class 'abc.NT_0009_P_00002'>"": [], ""<class 'abc.NT_0009_P_00003'>"": [], ""<class 'abc.NT_0015_P_00002'>"": [], ""<class 'abc.NT_0015_P_00003'>"": [], ""<class 'abc.NT_0014'>"": [], ""<class 'abc.NT_0014_P_00000'>"": [], ""<class 'abc.NT_0014_P_00001'>"": [], ""<class 'abc.NT_0015_P_00004'>"": [], ""<class 'abc.NT_0017_P_00001'>"": [], ""<class 'abc.NT_0016'>"": [], ""<class 'abc.NT_0016_P_00000'>"": [], ""<class 'abc.NT_0016_P_00001'>"": [], ""<class 'abc.NT_0016_P_00002'>"": [], ""<class 'abc.NT_0017_P_00002'>"": [], '$leftovers': [57587, 20000, 54340, 26317, 6481, 50799, 53366, 57672, 15437, 41470, 43194, 76280, 53058, 16632, 24951, 11647, 20336, 85920, 79178, 86726, 29687, 35122, 19936, 77951, 52918, 77202, 86811, 49977, 33989, 62146, 44283, 86282, 53235, 34529, 93786, 26995, 59308, 96804, 32075, 89268, 17705, 44065, 20964, 70557, 41228, 50394, 73244, 80589, 89878, 70093, 13531, 33497, 2118, 78177, 32452, 6202, 17781, 36111, 70983, 16310, 50605, 68444, 59396, 2989, 86690, 65815, 89541, 4173, 66353, 83209, 87572, 36004, 564, 32908, 7913, 59000, 95465, 92810, 87181, 4723, 71261, 90499, 32785, 42988, 8818, 96196, 25382, 42871, 28094, 74450, 1798, 9925, 29165, 11964, 72226, 30190, 2543, 47952, 6757, 23982, 21833, 84542, 51070, 20362, 47872, 63420, 54664, 2566, 11695, 6523, 29859, 6201, 70774, 77659, 84464, 78867, 27667, 69385, 65140, 36605, 7012, 1250, 28942, 20757, 68110, 13812, 73414, 97476, 48447, 65592, 47550, 63325, 56635, 41252, 76420, 8978, 72071, 1937, 52721, 11586, 95378, 12603, 22711, 7770, 30975, 43951, 55031, 2794, 31555, 40143, 45735, 26934, 973, 11552, 95654, 8346, 61470, 70413, 10371, 43200, 65213, 34376, 43681, 71623, 66363, 61726, 96882, 59629, 26130, 46919, 32533, 16075, 75983, 81859, 16243, 8366, 15261, 18908, 62350, 61492, 83170, 50893, 81836, 3003, 93817, 66605, 40524, 65446, 28020, 1863, 725, 71665, 25810, 44842, 73472, 41194, 64753, 52869, 28406, 39260, 71021, 44544, 65259, 40879, 61260, 45447, 45201, 3321, 71834, 91841, 85944, 94448, 53777, 52512, 8549, 49201, 19980, 24764, 94536, 5157, 97859, 66443, 89316, 95801, 13183, 85710, 46447, 35334, 77529, 59421, 81195, 9851, 45065, 1228, 86952, 32820, 60942, 12527, 2701, 43832, 81092, 19751, 59457, 23812, 97339, 11061, 65182, 36676, 27888, 43573, 78010, 73786, 42822, 94936, 73010, 77609, 10163, 63290, 27012, 14424, 18531, 84803, 64958, 43258, 85321, 82524, 12515, 71837, 58848, 55036, 90390, 48542, 50684, 67693, 63530, 31868, 23633, 21579, 6184, 53131, 21002, 64832, 92053, 7184, 69006, 35823, 8901, 37893, 51534, 12913, 22446, 26285, 70255, 27641, 21932, 83656, 66575, 48694, 39512, 17613, 54185, 98358, 36273, 43014, 10733, 45136, 56634, 51849, 94288, 26786, 42387, 35475, 24444, 8118, 49485, 81714, 83778, 89561, 8738, 52024, 58874, 72716, 42311, 25454, 87595, 81934, 17964, 61433, 19494, 83691, 27415, 37037, 93113, 43616, 52964, 48333, 56234, 18241, 27411, 16419, 52538, 26653, 9839, 74465, 52527, 80201, 79630, 1840, 83276, 82109, 32792, 12949, 92039, 43765, 36272, 54630, 58463, 7943, 38328, 97833, 45183, 91200, 15929, 47964, 40561, 81809, 14276, 39018, 78090, 20469, 86063, 44225, 33166, 87717, 85524, 97465, 83919, 30571, 47291, 11687, 54825, 46134, 8685, 78917, 38709, 83964, 2221, 51487, 86847, 14005, 89651, 45410, 32614, 24838, 40258, 99135, 55054, 4969, 96553, 24382, 92307, 81538, 18598, 31340, 57241, 99094, 6002, 7419, 86820, 42779, 11869, 72254, 27411, 31840, 79401, 73664, 91511, 29301, 88737, 56727, 37464, 71958, 69508, 25388, 4807, 91309, 55535, 78168, 94902, 31655, 46027, 94454, 40509, 42451, 1052, 68891, 6541, 61185, 60171, 90386, 32613, 13324, 92786, 63265, 21684, 48267, 73039, 43664, 60352, 52907, 44675, 95496, 2418, 7997, 69656, 52682, 3534, 62641, 94861, 67850, 67794, 22721, 46227, 31666, 8747, 35366, 39868, 7244, 91381, 38982, 77500, 57926, 64111, 61778, 4991, 50703, 56802, 29847, 58359, 95807, 95068, 83415, 81616, 76533, 71507, 98373, 2134, 16453, 78850, 30462, 46604, 89830, 21706, 86295, 8595, 79105, 19655, 43131, 3478, 75436, 73052, 71062, 31739, 45697, 16052, 87826, 33911, 8138, 66268, 4656, 40763, 97630, 99868, 91639, 2772, 58917, 49516, 46748, 20804, 59466, 99872, 25910, 53332, 38030, 78030, 73087, 32427, 25656, 22734, 86384, 91610, 214, 58585, 43431, 32734, 17757, 39750, 16177, 71705, 51831, 42392, 85543, 6696, 8045, 46570, 30940, 78199, 29592, 24154, 78765, 84514, 86057, 90538, 96392, 38901, 72898, 62612, 33489, 59571, 82991, 44920, 37691, 1121, 94492, 51499, 82069, 28888, 14310, 88903, 84118, 10546, 30703, 78344, 91528, 40853, 4171, 4336, 52942, 23065, 9391, 86682, 8024, 19625, 91371, 66707, 17488, 10058, 52363, 62581, 72253, 66959, 9752, 13742, 86275, 76334, 53755, 50348, 61297, 71442, 60130, 43371, 96139, 17674, 23526, 15019, 82578, 51684, 64820, 51041, 4364, 44980, 70927, 4192, 97078, 91706, 68350, 77970, 42423, 59117, 98713, 81658, 5742, 16489, 29002, 42948, 22071, 91882, 87587, 87335, 92995, 94276, 73117, 79084, 6387, 11821, 92270, 39525, 34375, 79523, 78948, 53831, 62075, 20954, 96006, 36604, 39077, 58604, 29341, 89780, 20577, 57898, 43874, 87854, 39253, 63110, 39371, 19091, 10078, 61402, 86956, 2706, 6459, 53395, 56986, 73952, 14732, 36024, 78732, 78176, 77392, 90109, 7387, 46633, 28051, 78533, 47690, 10143, 69800, 44745, 15386, 78043, 85757, 67383, 85811, 74336, 6202, 10109, 54780, 811, 76576, 77040, 49169, 96682, 92835, 45041, 1842, 65528, 34016, 83474, 14013, 27202, 66335, 44499, 370, 21730, 52896, 71182, 85991, 39160, 40902, 55926, 35512, 75736, 13601, 92189, 77065, 84092, 98012, 48127, 11588, 90917, 67209, 11527, 94121, 43713, 79943, 21649, 81567, 58642, 44906, 74680, 40034, 91400, 63001, 5213, 55104, 32747, 93307, 38861, 27986, 4842, 71222, 96204, 50490, 41376, 83189, 378, 48774, 92287, 2703, 84308, 62388, 24134, 92282, 90947, 61816, 96517, 93801, 12248, 42612, 36596, 34402, 48549, 64887, 18886, 20656, 39553, 90994, 50931, 61171, 97927, 2047, 85741, 60257, 56686, 62824, 95036, 97774, 26512, 32213, 24226, 39119, 9190, 40253, 35323, 71271, 90577, 44, 70979, 92296, 59388, 78444, 59936, 61842, 18317, 14104, 74209, 24390, 30917, 86127, 98120, 80417, 53683, 4088, 22491, 83407, 32889, 33182, 90125, 68253, 63599, 54457, 91265, 92333, 23178, 96129, 44767, 46114, 84454, 73652, 77970, 9354, 12847, 74690, 31643, 71792, 72701, 44459, 13482, 2404, 79190, 44599, 39581, 83762, 38122, 78181, 85472, 89495, 96088, 45750, 12132, 86111, 9109, 84610, 44138, 65151, 75159, 7903, 24327, 23796, 27486, 76491, 91005, 62756, 8359, 39827, 37498, 88884, 69064, 88341, 83620, 5172, 25162, 12655, 35222, 43042, 31508, 95614, 11871, 72016, 12050, 46298, 82757, 50191, 22398, 65305, 63983, 69826, 58709, 70825, 19588, 82568, 42327, 11142, 71395, 10520, 43850, 12080, 34833, 59211, 82355, 44790, 14277, 94119, 99751, 55723, 66045, 65818, 52492, 28845, 77469, 6552, 85250, 81990, 20182, 31757, 24256, 8564, 51246, 18916, 38412, 36848, 69380, 96252, 20867, 86440, 12168, 57866, 16845, 44507, 27280, 78684, 72618, 39882, 21960, 75878, 24632, 3639, 77549, 1172, 17919, 43076, 60918, 7295, 36117, 78965, 29935, 36303, 38772, 34652, 92292, 20532, 49163, 23139, 14852, 2419, 94945, 10473, 58389, 87817, 18164, 62277, 68791, 13348, 73330, 36876, 65334, 21264, 45823, 48913, 66448, 45681, 76227, 3298, 19245, 15292, 74225, 2081, 12669, 14545, 37361, 93452, 1880, 79845, 47996, 3938, 92890, 66904, 15377, 35288, 80314, 59754, 72027, 85560, 13002, 79410, 60381, 36834, 26822, 18526, 4275, 21261, 76951, 98894, 44292, 83338, 72810, 24459, 48197, 60404]})"
45.0,7,8,65,14.087834358215332,10113,"Genotype(dna={""<class 'abc.NT_0017'>"": [0, 91624], ""<class 'abc.NT_0017_P_00000'>"": [], ""<class 'abc.NT_0015'>"": [59754, 18526], ""<class 'abc.NT_0015_P_00000'>"": [], ""<class 'abc.NT_0000'>"": [16022, 0, 68658, 75248], ""<class 'abc.NT_0000_P_00000'>"": [], ""<class 'bool'>"": [86460, 41233, 75986, 25993, 82631, 61562, 27230, 83215], ""<class 'abc.NT_0000_P_00001'>"": [], ""<class 'int'>"": [91663, 89850, 80314, 60404], ""<class 'abc.NT_0000_P_00002'>"": [], ""<class 'abc.NT_0000_P_00003'>"": [], ""<class 'abc.NT_0015_P_00001'>"": [], ""<class 'abc.NT_0010'>"": [], ""<class 'abc.NT_0010_P_00000'>"": [], ""<class 'abc.NT_0007'>"": [], ""<class 'abc.NT_0007_P_00000'>"": [], ""<class 'abc.NT_0003'>"": [], ""<class 'abc.NT_0003_P_00000'>"": [], ""<class 'abc.NT_0002'>"": [0, 15377], ""<class 'abc.NT_0002_P_00000'>"": [], ""<class 'abc.NT_0002_P_00001'>"": [], ""<class 'abc.NT_0001'>"": [36432, 14518, 2, 43884, 40571], ""<class 'abc.NT_0001_P_00000'>"": [], ""<class 'abc.NT_0001_P_00001'>"": [], ""<class 'abc.NT_0001_P_00002'>"": [], ""<class 'abc.NT_0001_P_00003'>"": [], ""<class 'abc.NT_0001_P_00004'>"": [], ""<class 'abc.NT_0002_P_00002'>"": [], ""<class 'abc.NT_0002_P_00003'>"": [], ""<class 'abc.NT_0003_P_00001'>"": [], ""<class 'abc.NT_0003_P_00002'>"": [], ""<class 'abc.NT_0003_P_00003'>"": [], ""<class 'abc.NT_0007_P_00001'>"": [], ""<class 'abc.NT_0004'>"": [62590, 30197, 83338, 72810, 24459, 48197], ""<class 'abc.NT_0004_P_00000'>"": [], ""<class 'abc.NT_0004_P_00001'>"": [], ""<class 'abc.NT_0010_P_00001'>"": [], ""<class 'abc.NT_0008'>"": [], ""<class 'abc.NT_0008_P_00000'>"": [], ""<class 'abc.NT_0010_P_00002'>"": [], ""<class 'abc.NT_0005'>"": [], ""<class 'abc.NT_0005_P_00000'>"": [], ""<class 'abc.NT_0005_P_00001'>"": [], ""<class 'abc.NT_0009'>"": [72027, 4275], ""<class 'abc.NT_0009_P_00000'>"": [], ""<class 'abc.NT_0009_P_00001'>"": [], ""<class 'abc.NT_0006'>"": [], ""<class 'abc.NT_0006_P_00000'>"": [], ""<class 'abc.NT_0009_P_00002'>"": [], ""<class 'abc.NT_0009_P_00003'>"": [], ""<class 'abc.NT_0015_P_00002'>"": [], ""<class 'abc.NT_0015_P_00003'>"": [], ""<class 'abc.NT_0014'>"": [], ""<class 'abc.NT_0014_P_00000'>"": [], ""<class 'abc.NT_0014_P_00001'>"": [], ""<class 'abc.NT_0015_P_00004'>"": [], ""<class 'abc.NT_0017_P_00001'>"": [], ""<class 'abc.NT_0016'>"": [], ""<class 'abc.NT_0016_P_00000'>"": [], ""<class 'abc.NT_0016_P_00001'>"": [], ""<class 'abc.NT_0016_P_00002'>"": [], ""<class 'abc.NT_0017_P_00002'>"": [], '$leftovers': [57587, 20000, 54340, 26317, 6481, 50799, 53366, 57672, 15437, 41470, 43194, 76280, 53058, 16632, 24951, 11647, 20336, 85920, 79178, 86726, 29687, 35122, 19936, 77951, 52918, 77202, 86811, 49977, 33989, 62146, 44283, 86282, 53235, 34529, 93786, 26995, 59308, 96804, 32075, 89268, 17705, 44065, 20964, 70557, 41228, 50394, 73244, 80589, 89878, 70093, 13531, 33497, 2118, 78177, 32452, 6202, 17781, 36111, 70983, 16310, 50605, 68444, 59396, 2989, 86690, 65815, 89541, 4173, 66353, 83209, 87572, 36004, 564, 32908, 7913, 59000, 95465, 92810, 87181, 4723, 71261, 90499, 32785, 42988, 8818, 96196, 25382, 42871, 28094, 74450, 1798, 9925, 29165, 11964, 72226, 30190, 2543, 47952, 6757, 23982, 21833, 84542, 51070, 20362, 47872, 63420, 54664, 2566, 11695, 6523, 29859, 6201, 70774, 77659, 84464, 78867, 27667, 69385, 65140, 36605, 7012, 1250, 28942, 20757, 68110, 13812, 73414, 97476, 48447, 65592, 47550, 63325, 56635, 41252, 76420, 8978, 72071, 1937, 52721, 11586, 95378, 12603, 22711, 7770, 30975, 43951, 55031, 2794, 31555, 40143, 45735, 26934, 973, 11552, 95654, 8346, 61470, 70413, 10371, 43200, 65213, 34376, 43681, 71623, 66363, 61726, 96882, 59629, 26130, 46919, 32533, 16075, 75983, 81859, 16243, 8366, 15261, 18908, 62350, 61492, 83170, 50893, 81836, 3003, 93817, 66605, 40524, 65446, 28020, 1863, 725, 71665, 25810, 44842, 73472, 41194, 64753, 52869, 28406, 39260, 71021, 44544, 65259, 40879, 61260, 45447, 45201, 3321, 71834, 91841, 85944, 94448, 53777, 52512, 8549, 49201, 19980, 24764, 94536, 5157, 97859, 66443, 89316, 95801, 13183, 85710, 46447, 35334, 77529, 59421, 81195, 9851, 45065, 1228, 86952, 32820, 60942, 12527, 2701, 43832, 81092, 19751, 59457, 23812, 97339, 11061, 65182, 36676, 27888, 43573, 78010, 73786, 42822, 94936, 73010, 77609, 10163, 63290, 27012, 14424, 18531, 84803, 64958, 43258, 85321, 82524, 12515, 71837, 58848, 55036, 90390, 48542, 50684, 67693, 63530, 31868, 23633, 21579, 6184, 53131, 21002, 64832, 92053, 7184, 69006, 35823, 8901, 37893, 51534, 12913, 22446, 26285, 70255, 27641, 21932, 83656, 66575, 48694, 39512, 17613, 54185, 98358, 36273, 43014, 10733, 45136, 56634, 51849, 94288, 26786, 42387, 35475, 24444, 8118, 49485, 81714, 83778, 89561, 8738, 52024, 58874, 72716, 42311, 25454, 87595, 81934, 17964, 61433, 19494, 83691, 27415, 37037, 93113, 43616, 52964, 48333, 56234, 18241, 27411, 16419, 52538, 26653, 9839, 74465, 52527, 80201, 79630, 1840, 83276, 82109, 32792, 12949, 92039, 43765, 36272, 54630, 58463, 7943, 38328, 97833, 45183, 91200, 15929, 47964, 40561, 81809, 14276, 39018, 78090, 20469, 86063, 44225, 33166, 87717, 85524, 97465, 83919, 30571, 47291, 11687, 54825, 46134, 8685, 78917, 38709, 83964, 2221, 51487, 86847, 14005, 89651, 45410, 32614, 24838, 40258, 99135, 55054, 4969, 96553, 24382, 92307, 81538, 18598, 31340, 57241, 99094, 6002, 7419, 86820, 42779, 11869, 72254, 27411, 31840, 79401, 73664, 91511, 29301, 88737, 56727, 37464, 71958, 69508, 25388, 4807, 91309, 55535, 78168, 94902, 31655, 46027, 94454, 40509, 42451, 1052, 68891, 6541, 61185, 60171, 90386, 32613, 13324, 92786, 63265, 21684, 48267, 73039, 43664, 60352, 52907, 44675, 95496, 2418, 7997, 69656, 52682, 3534, 62641, 94861, 67850, 67794, 22721, 46227, 31666, 8747, 35366, 39868, 7244, 91381, 38982, 77500, 57926, 64111, 61778, 4991, 50703, 56802, 29847, 58359, 95807, 95068, 83415, 81616, 76533, 71507, 98373, 2134, 16453, 78850, 30462, 46604, 89830, 21706, 86295, 8595, 79105, 19655, 43131, 3478, 75436, 73052, 71062, 31739, 45697, 16052, 87826, 33911, 8138, 66268, 4656, 40763, 97630, 99868, 91639, 2772, 58917, 49516, 46748, 20804, 59466, 99872, 25910, 53332, 38030, 78030, 73087, 32427, 25656, 22734, 86384, 91610, 214, 58585, 43431, 32734, 17757, 39750, 16177, 71705, 51831, 42392, 85543, 6696, 8045, 46570, 30940, 78199, 29592, 24154, 78765, 84514, 86057, 90538, 96392, 38901, 72898, 62612, 33489, 59571, 82991, 44920, 37691, 1121, 94492, 51499, 82069, 28888, 14310, 88903, 84118, 10546, 30703, 78344, 91528, 40853, 4171, 4336, 52942, 23065, 9391, 86682, 8024, 19625, 91371, 66707, 17488, 10058, 52363, 62581, 72253, 66959, 9752, 13742, 86275, 76334, 53755, 50348, 61297, 71442, 60130, 43371, 96139, 17674, 23526, 15019, 82578, 51684, 64820, 51041, 4364, 44980, 70927, 4192, 97078, 91706, 68350, 77970, 42423, 59117, 98713, 81658, 5742, 16489, 29002, 42948, 22071, 91882, 87587, 87335, 92995, 94276, 73117, 79084, 6387, 11821, 92270, 39525, 34375, 79523, 78948, 53831, 62075, 20954, 96006, 36604, 39077, 58604, 29341, 89780, 20577, 57898, 43874, 87854, 39253, 63110, 39371, 19091, 10078, 61402, 86956, 2706, 6459, 53395, 56986, 73952, 14732, 36024, 78732, 78176, 77392, 90109, 7387, 46633, 28051, 78533, 47690, 10143, 69800, 44745, 15386, 78043, 85757, 67383, 85811, 74336, 6202, 10109, 54780, 811, 76576, 77040, 49169, 96682, 92835, 45041, 1842, 65528, 34016, 83474, 14013, 27202, 66335, 44499, 370, 21730, 52896, 71182, 85991, 39160, 40902, 55926, 35512, 75736, 13601, 92189, 77065, 84092, 98012, 48127, 11588, 90917, 67209, 11527, 94121, 43713, 79943, 21649, 81567, 58642, 44906, 74680, 40034, 91400, 63001, 5213, 55104, 32747, 93307, 38861, 27986, 4842, 71222, 96204, 50490, 41376, 83189, 378, 48774, 92287, 2703, 84308, 62388, 24134, 92282, 90947, 61816, 96517, 93801, 12248, 42612, 36596, 34402, 48549, 64887, 18886, 20656, 39553, 90994, 50931, 61171, 97927, 2047, 85741, 60257, 56686, 62824, 95036, 97774, 26512, 32213, 24226, 39119, 9190, 40253, 35323, 71271, 90577, 44, 70979, 92296, 59388, 78444, 59936, 61842, 18317, 14104, 74209, 24390, 30917, 86127, 98120, 80417, 53683, 4088, 22491, 83407, 32889, 33182, 90125, 68253, 63599, 54457, 91265, 92333, 23178, 96129, 44767, 46114, 84454, 73652, 77970, 9354, 12847, 74690, 31643, 71792, 72701, 44459, 13482, 2404, 79190, 44599, 39581, 83762, 38122, 78181, 85472, 89495, 96088, 45750, 12132, 86111, 9109, 84610, 44138, 65151, 75159, 7903, 24327, 23796, 27486, 76491, 91005, 62756, 8359, 39827, 37498, 88884, 69064, 88341, 83620, 5172, 25162, 12655, 35222, 43042, 31508, 95614, 11871, 72016, 12050, 46298, 82757, 50191, 22398, 65305, 63983, 69826, 58709, 70825, 19588, 82568, 42327, 11142, 71395, 10520, 43850, 12080, 34833, 59211, 82355, 44790, 14277, 94119, 99751, 55723, 66045, 65818, 52492, 28845, 77469, 6552, 85250, 81990, 20182, 31757, 24256, 8564, 51246, 18916, 38412, 36848, 69380, 96252, 20867, 86440, 12168, 57866, 16845, 44507, 27280, 78684, 72618, 39882, 21960, 75878, 24632, 3639, 77549, 1172, 17919, 43076, 60918, 7295, 36117, 78965, 29935, 36303, 38772, 34652, 92292, 20532, 49163, 23139, 14852, 2419, 94945, 10473, 58389, 87817, 18164, 62277, 68791, 13348, 73330, 36876, 65334, 21264, 45823, 48913, 66448, 45681, 76227, 3298, 19245, 15292, 74225, 2081, 12669, 14545, 37361, 93452, 1880, 79845, 47996, 3938, 92890, 66904, 15377, 35288, 80314, 59754, 72027, 85560, 13002, 79410, 60381, 36834, 26822, 18526, 4275, 21261, 76951, 98894, 44292, 83338, 72810, 24459, 48197, 60404]})"
45.0,7,8,66,14.157628774642944,10113,"Genotype(dna={""<class 'abc.NT_0017'>"": [0, 91624], ""<class 'abc.NT_0017_P_00000'>"": [], ""<class 'abc.NT_0015'>"": [59754, 18526], ""<class 'abc.NT_0015_P_00000'>"": [], ""<class 'abc.NT_0000'>"": [16022, 0, 68658, 75248], ""<class 'abc.NT_0000_P_00000'>"": [], ""<class 'bool'>"": [86460, 41233, 75986, 25993, 82631, 61562, 27230, 83215], ""<class 'abc.NT_0000_P_00001'>"": [], ""<class 'int'>"": [91663, 89850, 80314, 60404], ""<class 'abc.NT_0000_P_00002'>"": [], ""<class 'abc.NT_0000_P_00003'>"": [], ""<class 'abc.NT_0015_P_00001'>"": [], ""<class 'abc.NT_0010'>"": [], ""<class 'abc.NT_0010_P_00000'>"": [], ""<class 'abc.NT_0007'>"": [], ""<class 'abc.NT_0007_P_00000'>"": [], ""<class 'abc.NT_0003'>"": [], ""<class 'abc.NT_0003_P_00000'>"": [], ""<class 'abc.NT_0002'>"": [0, 15377], ""<class 'abc.NT_0002_P_00000'>"": [], ""<class 'abc.NT_0002_P_00001'>"": [], ""<class 'abc.NT_0001'>"": [36432, 14518, 2, 43884, 40571], ""<class 'abc.NT_0001_P_00000'>"": [], ""<class 'abc.NT_0001_P_00001'>"": [], ""<class 'abc.NT_0001_P_00002'>"": [], ""<class 'abc.NT_0001_P_00003'>"": [], ""<class 'abc.NT_0001_P_00004'>"": [], ""<class 'abc.NT_0002_P_00002'>"": [], ""<class 'abc.NT_0002_P_00003'>"": [], ""<class 'abc.NT_0003_P_00001'>"": [], ""<class 'abc.NT_0003_P_00002'>"": [], ""<class 'abc.NT_0003_P_00003'>"": [], ""<class 'abc.NT_0007_P_00001'>"": [], ""<class 'abc.NT_0004'>"": [62590, 30197, 83338, 72810, 24459, 48197], ""<class 'abc.NT_0004_P_00000'>"": [], ""<class 'abc.NT_0004_P_00001'>"": [], ""<class 'abc.NT_0010_P_00001'>"": [], ""<class 'abc.NT_0008'>"": [], ""<class 'abc.NT_0008_P_00000'>"": [], ""<class 'abc.NT_0010_P_00002'>"": [], ""<class 'abc.NT_0005'>"": [], ""<class 'abc.NT_0005_P_00000'>"": [], ""<class 'abc.NT_0005_P_00001'>"": [], ""<class 'abc.NT_0009'>"": [72027, 4275], ""<class 'abc.NT_0009_P_00000'>"": [], ""<class 'abc.NT_0009_P_00001'>"": [], ""<class 'abc.NT_0006'>"": [], ""<class 'abc.NT_0006_P_00000'>"": [], ""<class 'abc.NT_0009_P_00002'>"": [], ""<class 'abc.NT_0009_P_00003'>"": [], ""<class 'abc.NT_0015_P_00002'>"": [], ""<class 'abc.NT_0015_P_00003'>"": [], ""<class 'abc.NT_0014'>"": [], ""<class 'abc.NT_0014_P_00000'>"": [], ""<class 'abc.NT_0014_P_00001'>"": [], ""<class 'abc.NT_0015_P_00004'>"": [], ""<class 'abc.NT_0017_P_00001'>"": [], ""<class 'abc.NT_0016'>"": [], ""<class 'abc.NT_0016_P_00000'>"": [], ""<class 'abc.NT_0016_P_00001'>"": [], ""<class 'abc.NT_0016_P_00002'>"": [], ""<class 'abc.NT_0017_P_00002'>"": [], '$leftovers': [57587, 20000, 54340, 26317, 6481, 50799, 53366, 57672, 15437, 41470, 43194, 76280, 53058, 16632, 24951, 11647, 20336, 85920, 79178, 86726, 29687, 35122, 19936, 77951, 52918, 77202, 86811, 49977, 33989, 62146, 44283, 86282, 53235, 34529, 93786, 26995, 59308, 96804, 32075, 89268, 17705, 44065, 20964, 70557, 41228, 50394, 73244, 80589, 89878, 70093, 13531, 33497, 2118, 78177, 32452, 6202, 17781, 36111, 70983, 16310, 50605, 68444, 59396, 2989, 86690, 65815, 89541, 4173, 66353, 83209, 87572, 36004, 564, 32908, 7913, 59000, 95465, 92810, 87181, 4723, 71261, 90499, 32785, 42988, 8818, 96196, 25382, 42871, 28094, 74450, 1798, 9925, 29165, 11964, 72226, 30190, 2543, 47952, 6757, 23982, 21833, 84542, 51070, 20362, 47872, 63420, 54664, 2566, 11695, 6523, 29859, 6201, 70774, 77659, 84464, 78867, 27667, 69385, 65140, 36605, 7012, 1250, 28942, 20757, 68110, 13812, 73414, 97476, 48447, 65592, 47550, 63325, 56635, 41252, 76420, 8978, 72071, 1937, 52721, 11586, 95378, 12603, 22711, 7770, 30975, 43951, 55031, 2794, 31555, 40143, 45735, 26934, 973, 11552, 95654, 8346, 61470, 70413, 10371, 43200, 65213, 34376, 43681, 71623, 66363, 61726, 96882, 59629, 26130, 46919, 32533, 16075, 75983, 81859, 16243, 8366, 15261, 18908, 62350, 61492, 83170, 50893, 81836, 3003, 93817, 66605, 40524, 65446, 28020, 1863, 725, 71665, 25810, 44842, 73472, 41194, 64753, 52869, 28406, 39260, 71021, 44544, 65259, 40879, 61260, 45447, 45201, 3321, 71834, 91841, 85944, 94448, 53777, 52512, 8549, 49201, 19980, 24764, 94536, 5157, 97859, 66443, 89316, 95801, 13183, 85710, 46447, 35334, 77529, 59421, 81195, 9851, 45065, 1228, 86952, 32820, 60942, 12527, 2701, 43832, 81092, 19751, 59457, 23812, 97339, 11061, 65182, 36676, 27888, 43573, 78010, 73786, 42822, 94936, 73010, 77609, 10163, 63290, 27012, 14424, 18531, 84803, 64958, 43258, 85321, 82524, 12515, 71837, 58848, 55036, 90390, 48542, 50684, 67693, 63530, 31868, 23633, 21579, 6184, 53131, 21002, 64832, 92053, 7184, 69006, 35823, 8901, 37893, 51534, 12913, 22446, 26285, 70255, 27641, 21932, 83656, 66575, 48694, 39512, 17613, 54185, 98358, 36273, 43014, 10733, 45136, 56634, 51849, 94288, 26786, 42387, 35475, 24444, 8118, 49485, 81714, 83778, 89561, 8738, 52024, 58874, 72716, 42311, 25454, 87595, 81934, 17964, 61433, 19494, 83691, 27415, 37037, 93113, 43616, 52964, 48333, 56234, 18241, 27411, 16419, 52538, 26653, 9839, 74465, 52527, 80201, 79630, 1840, 83276, 82109, 32792, 12949, 92039, 43765, 36272, 54630, 58463, 7943, 38328, 97833, 45183, 91200, 15929, 47964, 40561, 81809, 14276, 39018, 78090, 20469, 86063, 44225, 33166, 87717, 85524, 97465, 83919, 30571, 47291, 11687, 54825, 46134, 8685, 78917, 38709, 83964, 2221, 51487, 86847, 14005, 89651, 45410, 32614, 24838, 40258, 99135, 55054, 4969, 96553, 24382, 92307, 81538, 18598, 31340, 57241, 99094, 6002, 7419, 86820, 42779, 11869, 72254, 27411, 31840, 79401, 73664, 91511, 29301, 88737, 56727, 37464, 71958, 69508, 25388, 4807, 91309, 55535, 78168, 94902, 31655, 46027, 94454, 40509, 42451, 1052, 68891, 6541, 61185, 60171, 90386, 32613, 13324, 92786, 63265, 21684, 48267, 73039, 43664, 60352, 52907, 44675, 95496, 2418, 7997, 69656, 52682, 3534, 62641, 94861, 67850, 67794, 22721, 46227, 31666, 8747, 35366, 39868, 7244, 91381, 38982, 77500, 57926, 64111, 61778, 4991, 50703, 56802, 29847, 58359, 95807, 95068, 83415, 81616, 76533, 71507, 98373, 2134, 16453, 78850, 30462, 46604, 89830, 21706, 86295, 8595, 79105, 19655, 43131, 3478, 75436, 73052, 71062, 31739, 45697, 16052, 87826, 33911, 8138, 66268, 4656, 40763, 97630, 99868, 91639, 2772, 58917, 49516, 46748, 20804, 59466, 99872, 25910, 53332, 38030, 78030, 73087, 32427, 25656, 22734, 86384, 91610, 214, 58585, 43431, 32734, 17757, 39750, 16177, 71705, 51831, 42392, 85543, 6696, 8045, 46570, 30940, 78199, 29592, 24154, 78765, 84514, 86057, 90538, 96392, 38901, 72898, 62612, 33489, 59571, 82991, 44920, 37691, 1121, 94492, 51499, 82069, 28888, 14310, 88903, 84118, 10546, 30703, 78344, 91528, 40853, 4171, 4336, 52942, 23065, 9391, 86682, 8024, 19625, 91371, 66707, 17488, 10058, 52363, 62581, 72253, 66959, 9752, 13742, 86275, 76334, 53755, 50348, 61297, 71442, 60130, 43371, 96139, 17674, 23526, 15019, 82578, 51684, 64820, 51041, 4364, 44980, 70927, 4192, 97078, 91706, 68350, 77970, 42423, 59117, 98713, 81658, 5742, 16489, 29002, 42948, 22071, 91882, 87587, 87335, 92995, 94276, 73117, 79084, 6387, 11821, 92270, 39525, 34375, 79523, 78948, 53831, 62075, 20954, 96006, 36604, 39077, 58604, 29341, 89780, 20577, 57898, 43874, 87854, 39253, 63110, 39371, 19091, 10078, 61402, 86956, 2706, 6459, 53395, 56986, 73952, 14732, 36024, 78732, 78176, 77392, 90109, 7387, 46633, 28051, 78533, 47690, 10143, 69800, 44745, 15386, 78043, 85757, 67383, 85811, 74336, 6202, 10109, 54780, 811, 76576, 77040, 49169, 96682, 92835, 45041, 1842, 65528, 34016, 83474, 14013, 27202, 66335, 44499, 370, 21730, 52896, 71182, 85991, 39160, 40902, 55926, 35512, 75736, 13601, 92189, 77065, 84092, 98012, 48127, 11588, 90917, 67209, 11527, 94121, 43713, 79943, 21649, 81567, 58642, 44906, 74680, 40034, 91400, 63001, 5213, 55104, 32747, 93307, 38861, 27986, 4842, 71222, 96204, 50490, 41376, 83189, 378, 48774, 92287, 2703, 84308, 62388, 24134, 92282, 90947, 61816, 96517, 93801, 12248, 42612, 36596, 34402, 48549, 64887, 18886, 20656, 39553, 90994, 50931, 61171, 97927, 2047, 85741, 60257, 56686, 62824, 95036, 97774, 26512, 32213, 24226, 39119, 9190, 40253, 35323, 71271, 90577, 44, 70979, 92296, 59388, 78444, 59936, 61842, 18317, 14104, 74209, 24390, 30917, 86127, 98120, 80417, 53683, 4088, 22491, 83407, 32889, 33182, 90125, 68253, 63599, 54457, 91265, 92333, 23178, 96129, 44767, 46114, 84454, 73652, 77970, 9354, 12847, 74690, 31643, 71792, 72701, 44459, 13482, 2404, 79190, 44599, 39581, 83762, 38122, 78181, 85472, 89495, 96088, 45750, 12132, 86111, 9109, 84610, 44138, 65151, 75159, 7903, 24327, 23796, 27486, 76491, 91005, 62756, 8359, 39827, 37498, 88884, 69064, 88341, 83620, 5172, 25162, 12655, 35222, 43042, 31508, 95614, 11871, 72016, 12050, 46298, 82757, 50191, 22398, 65305, 63983, 69826, 58709, 70825, 19588, 82568, 42327, 11142, 71395, 10520, 43850, 12080, 34833, 59211, 82355, 44790, 14277, 94119, 99751, 55723, 66045, 65818, 52492, 28845, 77469, 6552, 85250, 81990, 20182, 31757, 24256, 8564, 51246, 18916, 38412, 36848, 69380, 96252, 20867, 86440, 12168, 57866, 16845, 44507, 27280, 78684, 72618, 39882, 21960, 75878, 24632, 3639, 77549, 1172, 17919, 43076, 60918, 7295, 36117, 78965, 29935, 36303, 38772, 34652, 92292, 20532, 49163, 23139, 14852, 2419, 94945, 10473, 58389, 87817, 18164, 62277, 68791, 13348, 73330, 36876, 65334, 21264, 45823, 48913, 66448, 45681, 76227, 3298, 19245, 15292, 74225, 2081, 12669, 14545, 37361, 93452, 1880, 79845, 47996, 3938, 92890, 66904, 15377, 35288, 80314, 59754, 72027, 85560, 13002, 79410, 60381, 36834, 26822, 18526, 4275, 21261, 76951, 98894, 44292, 83338, 72810, 24459, 48197, 60404]})"
45.0,7,8,67,14.359849691390991,10113,"Genotype(dna={""<class 'abc.NT_0017'>"": [0, 91624], ""<class 'abc.NT_0017_P_00000'>"": [], ""<class 'abc.NT_0015'>"": [59754, 18526], ""<class 'abc.NT_0015_P_00000'>"": [], ""<class 'abc.NT_0000'>"": [16022, 0, 68658, 75248], ""<class 'abc.NT_0000_P_00000'>"": [], ""<class 'bool'>"": [86460, 41233, 75986, 25993, 82631, 61562, 27230, 83215], ""<class 'abc.NT_0000_P_00001'>"": [], ""<class 'int'>"": [91663, 89850, 80314, 60404], ""<class 'abc.NT_0000_P_00002'>"": [], ""<class 'abc.NT_0000_P_00003'>"": [], ""<class 'abc.NT_0015_P_00001'>"": [], ""<class 'abc.NT_0010'>"": [], ""<class 'abc.NT_0010_P_00000'>"": [], ""<class 'abc.NT_0007'>"": [], ""<class 'abc.NT_0007_P_00000'>"": [], ""<class 'abc.NT_0003'>"": [], ""<class 'abc.NT_0003_P_00000'>"": [], ""<class 'abc.NT_0002'>"": [0, 15377], ""<class 'abc.NT_0002_P_00000'>"": [], ""<class 'abc.NT_0002_P_00001'>"": [], ""<class 'abc.NT_0001'>"": [36432, 14518, 2, 43884, 40571], ""<class 'abc.NT_0001_P_00000'>"": [], ""<class 'abc.NT_0001_P_00001'>"": [], ""<class 'abc.NT_0001_P_00002'>"": [], ""<class 'abc.NT_0001_P_00003'>"": [], ""<class 'abc.NT_0001_P_00004'>"": [], ""<class 'abc.NT_0002_P_00002'>"": [], ""<class 'abc.NT_0002_P_00003'>"": [], ""<class 'abc.NT_0003_P_00001'>"": [], ""<class 'abc.NT_0003_P_00002'>"": [], ""<class 'abc.NT_0003_P_00003'>"": [], ""<class 'abc.NT_0007_P_00001'>"": [], ""<class 'abc.NT_0004'>"": [62590, 30197, 83338, 72810, 24459, 48197], ""<class 'abc.NT_0004_P_00000'>"": [], ""<class 'abc.NT_0004_P_00001'>"": [], ""<class 'abc.NT_0010_P_00001'>"": [], ""<class 'abc.NT_0008'>"": [], ""<class 'abc.NT_0008_P_00000'>"": [], ""<class 'abc.NT_0010_P_00002'>"": [], ""<class 'abc.NT_0005'>"": [], ""<class 'abc.NT_0005_P_00000'>"": [], ""<class 'abc.NT_0005_P_00001'>"": [], ""<class 'abc.NT_0009'>"": [72027, 4275], ""<class 'abc.NT_0009_P_00000'>"": [], ""<class 'abc.NT_0009_P_00001'>"": [], ""<class 'abc.NT_0006'>"": [], ""<class 'abc.NT_0006_P_00000'>"": [], ""<class 'abc.NT_0009_P_00002'>"": [], ""<class 'abc.NT_0009_P_00003'>"": [], ""<class 'abc.NT_0015_P_00002'>"": [], ""<class 'abc.NT_0015_P_00003'>"": [], ""<class 'abc.NT_0014'>"": [], ""<class 'abc.NT_0014_P_00000'>"": [], ""<class 'abc.NT_0014_P_00001'>"": [], ""<class 'abc.NT_0015_P_00004'>"": [], ""<class 'abc.NT_0017_P_00001'>"": [], ""<class 'abc.NT_0016'>"": [], ""<class 'abc.NT_0016_P_00000'>"": [], ""<class 'abc.NT_0016_P_00001'>"": [], ""<class 'abc.NT_0016_P_00002'>"": [], ""<class 'abc.NT_0017_P_00002'>"": [], '$leftovers': [57587, 20000, 54340, 26317, 6481, 50799, 53366, 57672, 15437, 41470, 43194, 76280, 53058, 16632, 24951, 11647, 20336, 85920, 79178, 86726, 29687, 35122, 19936, 77951, 52918, 77202, 86811, 49977, 33989, 62146, 44283, 86282, 53235, 34529, 93786, 26995, 59308, 96804, 32075, 89268, 17705, 44065, 20964, 70557, 41228, 50394, 73244, 80589, 89878, 70093, 13531, 33497, 2118, 78177, 32452, 6202, 17781, 36111, 70983, 16310, 50605, 68444, 59396, 2989, 86690, 65815, 89541, 4173, 66353, 83209, 87572, 36004, 564, 32908, 7913, 59000, 95465, 92810, 87181, 4723, 71261, 90499, 32785, 42988, 8818, 96196, 25382, 42871, 28094, 74450, 1798, 9925, 29165, 11964, 72226, 30190, 2543, 47952, 6757, 23982, 21833, 84542, 51070, 20362, 47872, 63420, 54664, 2566, 11695, 6523, 29859, 6201, 70774, 77659, 84464, 78867, 27667, 69385, 65140, 36605, 7012, 1250, 28942, 20757, 68110, 13812, 73414, 97476, 48447, 65592, 47550, 63325, 56635, 41252, 76420, 8978, 72071, 1937, 52721, 11586, 95378, 12603, 22711, 7770, 30975, 43951, 55031, 2794, 31555, 40143, 45735, 26934, 973, 11552, 95654, 8346, 61470, 70413, 10371, 43200, 65213, 34376, 43681, 71623, 66363, 61726, 96882, 59629, 26130, 46919, 32533, 16075, 75983, 81859, 16243, 8366, 15261, 18908, 62350, 61492, 83170, 50893, 81836, 3003, 93817, 66605, 40524, 65446, 28020, 1863, 725, 71665, 25810, 44842, 73472, 41194, 64753, 52869, 28406, 39260, 71021, 44544, 65259, 40879, 61260, 45447, 45201, 3321, 71834, 91841, 85944, 94448, 53777, 52512, 8549, 49201, 19980, 24764, 94536, 5157, 97859, 66443, 89316, 95801, 13183, 85710, 46447, 35334, 77529, 59421, 81195, 9851, 45065, 1228, 86952, 32820, 60942, 12527, 2701, 43832, 81092, 19751, 59457, 23812, 97339, 11061, 65182, 36676, 27888, 43573, 78010, 73786, 42822, 94936, 73010, 77609, 10163, 63290, 27012, 14424, 18531, 84803, 64958, 43258, 85321, 82524, 12515, 71837, 58848, 55036, 90390, 48542, 50684, 67693, 63530, 31868, 23633, 21579, 6184, 53131, 21002, 64832, 92053, 7184, 69006, 35823, 8901, 37893, 51534, 12913, 22446, 26285, 70255, 27641, 21932, 83656, 66575, 48694, 39512, 17613, 54185, 98358, 36273, 43014, 10733, 45136, 56634, 51849, 94288, 26786, 42387, 35475, 24444, 8118, 49485, 81714, 83778, 89561, 8738, 52024, 58874, 72716, 42311, 25454, 87595, 81934, 17964, 61433, 19494, 83691, 27415, 37037, 93113, 43616, 52964, 48333, 56234, 18241, 27411, 16419, 52538, 26653, 9839, 74465, 52527, 80201, 79630, 1840, 83276, 82109, 32792, 12949, 92039, 43765, 36272, 54630, 58463, 7943, 38328, 97833, 45183, 91200, 15929, 47964, 40561, 81809, 14276, 39018, 78090, 20469, 86063, 44225, 33166, 87717, 85524, 97465, 83919, 30571, 47291, 11687, 54825, 46134, 8685, 78917, 38709, 83964, 2221, 51487, 86847, 14005, 89651, 45410, 32614, 24838, 40258, 99135, 55054, 4969, 96553, 24382, 92307, 81538, 18598, 31340, 57241, 99094, 6002, 7419, 86820, 42779, 11869, 72254, 27411, 31840, 79401, 73664, 91511, 29301, 88737, 56727, 37464, 71958, 69508, 25388, 4807, 91309, 55535, 78168, 94902, 31655, 46027, 94454, 40509, 42451, 1052, 68891, 6541, 61185, 60171, 90386, 32613, 13324, 92786, 63265, 21684, 48267, 73039, 43664, 60352, 52907, 44675, 95496, 2418, 7997, 69656, 52682, 3534, 62641, 94861, 67850, 67794, 22721, 46227, 31666, 8747, 35366, 39868, 7244, 91381, 38982, 77500, 57926, 64111, 61778, 4991, 50703, 56802, 29847, 58359, 95807, 95068, 83415, 81616, 76533, 71507, 98373, 2134, 16453, 78850, 30462, 46604, 89830, 21706, 86295, 8595, 79105, 19655, 43131, 3478, 75436, 73052, 71062, 31739, 45697, 16052, 87826, 33911, 8138, 66268, 4656, 40763, 97630, 99868, 91639, 2772, 58917, 49516, 46748, 20804, 59466, 99872, 25910, 53332, 38030, 78030, 73087, 32427, 25656, 22734, 86384, 91610, 214, 58585, 43431, 32734, 17757, 39750, 16177, 71705, 51831, 42392, 85543, 6696, 8045, 46570, 30940, 78199, 29592, 24154, 78765, 84514, 86057, 90538, 96392, 38901, 72898, 62612, 33489, 59571, 82991, 44920, 37691, 1121, 94492, 51499, 82069, 28888, 14310, 88903, 84118, 10546, 30703, 78344, 91528, 40853, 4171, 4336, 52942, 23065, 9391, 86682, 8024, 19625, 91371, 66707, 17488, 10058, 52363, 62581, 72253, 66959, 9752, 13742, 86275, 76334, 53755, 50348, 61297, 71442, 60130, 43371, 96139, 17674, 23526, 15019, 82578, 51684, 64820, 51041, 4364, 44980, 70927, 4192, 97078, 91706, 68350, 77970, 42423, 59117, 98713, 81658, 5742, 16489, 29002, 42948, 22071, 91882, 87587, 87335, 92995, 94276, 73117, 79084, 6387, 11821, 92270, 39525, 34375, 79523, 78948, 53831, 62075, 20954, 96006, 36604, 39077, 58604, 29341, 89780, 20577, 57898, 43874, 87854, 39253, 63110, 39371, 19091, 10078, 61402, 86956, 2706, 6459, 53395, 56986, 73952, 14732, 36024, 78732, 78176, 77392, 90109, 7387, 46633, 28051, 78533, 47690, 10143, 69800, 44745, 15386, 78043, 85757, 67383, 85811, 74336, 6202, 10109, 54780, 811, 76576, 77040, 49169, 96682, 92835, 45041, 1842, 65528, 34016, 83474, 14013, 27202, 66335, 44499, 370, 21730, 52896, 71182, 85991, 39160, 40902, 55926, 35512, 75736, 13601, 92189, 77065, 84092, 98012, 48127, 11588, 90917, 67209, 11527, 94121, 43713, 79943, 21649, 81567, 58642, 44906, 74680, 40034, 91400, 63001, 5213, 55104, 32747, 93307, 38861, 27986, 4842, 71222, 96204, 50490, 41376, 83189, 378, 48774, 92287, 2703, 84308, 62388, 24134, 92282, 90947, 61816, 96517, 93801, 12248, 42612, 36596, 34402, 48549, 64887, 18886, 20656, 39553, 90994, 50931, 61171, 97927, 2047, 85741, 60257, 56686, 62824, 95036, 97774, 26512, 32213, 24226, 39119, 9190, 40253, 35323, 71271, 90577, 44, 70979, 92296, 59388, 78444, 59936, 61842, 18317, 14104, 74209, 24390, 30917, 86127, 98120, 80417, 53683, 4088, 22491, 83407, 32889, 33182, 90125, 68253, 63599, 54457, 91265, 92333, 23178, 96129, 44767, 46114, 84454, 73652, 77970, 9354, 12847, 74690, 31643, 71792, 72701, 44459, 13482, 2404, 79190, 44599, 39581, 83762, 38122, 78181, 85472, 89495, 96088, 45750, 12132, 86111, 9109, 84610, 44138, 65151, 75159, 7903, 24327, 23796, 27486, 76491, 91005, 62756, 8359, 39827, 37498, 88884, 69064, 88341, 83620, 5172, 25162, 12655, 35222, 43042, 31508, 95614, 11871, 72016, 12050, 46298, 82757, 50191, 22398, 65305, 63983, 69826, 58709, 70825, 19588, 82568, 42327, 11142, 71395, 10520, 43850, 12080, 34833, 59211, 82355, 44790, 14277, 94119, 99751, 55723, 66045, 65818, 52492, 28845, 77469, 6552, 85250, 81990, 20182, 31757, 24256, 8564, 51246, 18916, 38412, 36848, 69380, 96252, 20867, 86440, 12168, 57866, 16845, 44507, 27280, 78684, 72618, 39882, 21960, 75878, 24632, 3639, 77549, 1172, 17919, 43076, 60918, 7295, 36117, 78965, 29935, 36303, 38772, 34652, 92292, 20532, 49163, 23139, 14852, 2419, 94945, 10473, 58389, 87817, 18164, 62277, 68791, 13348, 73330, 36876, 65334, 21264, 45823, 48913, 66448, 45681, 76227, 3298, 19245, 15292, 74225, 2081, 12669, 14545, 37361, 93452, 1880, 79845, 47996, 3938, 92890, 66904, 15377, 35288, 80314, 59754, 72027, 85560, 13002, 79410, 60381, 36834, 26822, 18526, 4275, 21261, 76951, 98894, 44292, 83338, 72810, 24459, 48197, 60404]})"
45.0,7,8,68,14.458529710769653,10113,"Genotype(dna={""<class 'abc.NT_0017'>"": [0, 91624], ""<class 'abc.NT_0017_P_00000'>"": [], ""<class 'abc.NT_0015'>"": [59754, 18526], ""<class 'abc.NT_0015_P_00000'>"": [], ""<class 'abc.NT_0000'>"": [16022, 0, 68658, 75248], ""<class 'abc.NT_0000_P_00000'>"": [], ""<class 'bool'>"": [86460, 41233, 75986, 25993, 82631, 61562, 27230, 83215], ""<class 'abc.NT_0000_P_00001'>"": [], ""<class 'int'>"": [91663, 89850, 80314, 60404], ""<class 'abc.NT_0000_P_00002'>"": [], ""<class 'abc.NT_0000_P_00003'>"": [], ""<class 'abc.NT_0015_P_00001'>"": [], ""<class 'abc.NT_0010'>"": [], ""<class 'abc.NT_0010_P_00000'>"": [], ""<class 'abc.NT_0007'>"": [], ""<class 'abc.NT_0007_P_00000'>"": [], ""<class 'abc.NT_0003'>"": [], ""<class 'abc.NT_0003_P_00000'>"": [], ""<class 'abc.NT_0002'>"": [0, 15377], ""<class 'abc.NT_0002_P_00000'>"": [], ""<class 'abc.NT_0002_P_00001'>"": [], ""<class 'abc.NT_0001'>"": [36432, 14518, 2, 43884, 40571], ""<class 'abc.NT_0001_P_00000'>"": [], ""<class 'abc.NT_0001_P_00001'>"": [], ""<class 'abc.NT_0001_P_00002'>"": [], ""<class 'abc.NT_0001_P_00003'>"": [], ""<class 'abc.NT_0001_P_00004'>"": [], ""<class 'abc.NT_0002_P_00002'>"": [], ""<class 'abc.NT_0002_P_00003'>"": [], ""<class 'abc.NT_0003_P_00001'>"": [], ""<class 'abc.NT_0003_P_00002'>"": [], ""<class 'abc.NT_0003_P_00003'>"": [], ""<class 'abc.NT_0007_P_00001'>"": [], ""<class 'abc.NT_0004'>"": [62590, 30197, 83338, 72810, 24459, 48197], ""<class 'abc.NT_0004_P_00000'>"": [], ""<class 'abc.NT_0004_P_00001'>"": [], ""<class 'abc.NT_0010_P_00001'>"": [], ""<class 'abc.NT_0008'>"": [], ""<class 'abc.NT_0008_P_00000'>"": [], ""<class 'abc.NT_0010_P_00002'>"": [], ""<class 'abc.NT_0005'>"": [], ""<class 'abc.NT_0005_P_00000'>"": [], ""<class 'abc.NT_0005_P_00001'>"": [], ""<class 'abc.NT_0009'>"": [72027, 4275], ""<class 'abc.NT_0009_P_00000'>"": [], ""<class 'abc.NT_0009_P_00001'>"": [], ""<class 'abc.NT_0006'>"": [], ""<class 'abc.NT_0006_P_00000'>"": [], ""<class 'abc.NT_0009_P_00002'>"": [], ""<class 'abc.NT_0009_P_00003'>"": [], ""<class 'abc.NT_0015_P_00002'>"": [], ""<class 'abc.NT_0015_P_00003'>"": [], ""<class 'abc.NT_0014'>"": [], ""<class 'abc.NT_0014_P_00000'>"": [], ""<class 'abc.NT_0014_P_00001'>"": [], ""<class 'abc.NT_0015_P_00004'>"": [], ""<class 'abc.NT_0017_P_00001'>"": [], ""<class 'abc.NT_0016'>"": [], ""<class 'abc.NT_0016_P_00000'>"": [], ""<class 'abc.NT_0016_P_00001'>"": [], ""<class 'abc.NT_0016_P_00002'>"": [], ""<class 'abc.NT_0017_P_00002'>"": [], '$leftovers': [57587, 20000, 54340, 26317, 6481, 50799, 53366, 57672, 15437, 41470, 43194, 76280, 53058, 16632, 24951, 11647, 20336, 85920, 79178, 86726, 29687, 35122, 19936, 77951, 52918, 77202, 86811, 49977, 33989, 62146, 44283, 86282, 53235, 34529, 93786, 26995, 59308, 96804, 32075, 89268, 17705, 44065, 20964, 70557, 41228, 50394, 73244, 80589, 89878, 70093, 13531, 33497, 2118, 78177, 32452, 6202, 17781, 36111, 70983, 16310, 50605, 68444, 59396, 2989, 86690, 65815, 89541, 4173, 66353, 83209, 87572, 36004, 564, 32908, 7913, 59000, 95465, 92810, 87181, 4723, 71261, 90499, 32785, 42988, 8818, 96196, 25382, 42871, 28094, 74450, 1798, 9925, 29165, 11964, 72226, 30190, 2543, 47952, 6757, 23982, 21833, 84542, 51070, 20362, 47872, 63420, 54664, 2566, 11695, 6523, 29859, 6201, 70774, 77659, 84464, 78867, 27667, 69385, 65140, 36605, 7012, 1250, 28942, 20757, 68110, 13812, 73414, 97476, 48447, 65592, 47550, 63325, 56635, 41252, 76420, 8978, 72071, 1937, 52721, 11586, 95378, 12603, 22711, 7770, 30975, 43951, 55031, 2794, 31555, 40143, 45735, 26934, 973, 11552, 95654, 8346, 61470, 70413, 10371, 43200, 65213, 34376, 43681, 71623, 66363, 61726, 96882, 59629, 26130, 46919, 32533, 16075, 75983, 81859, 16243, 8366, 15261, 18908, 62350, 61492, 83170, 50893, 81836, 3003, 93817, 66605, 40524, 65446, 28020, 1863, 725, 71665, 25810, 44842, 73472, 41194, 64753, 52869, 28406, 39260, 71021, 44544, 65259, 40879, 61260, 45447, 45201, 3321, 71834, 91841, 85944, 94448, 53777, 52512, 8549, 49201, 19980, 24764, 94536, 5157, 97859, 66443, 89316, 95801, 13183, 85710, 46447, 35334, 77529, 59421, 81195, 9851, 45065, 1228, 86952, 32820, 60942, 12527, 2701, 43832, 81092, 19751, 59457, 23812, 97339, 11061, 65182, 36676, 27888, 43573, 78010, 73786, 42822, 94936, 73010, 77609, 10163, 63290, 27012, 14424, 18531, 84803, 64958, 43258, 85321, 82524, 12515, 71837, 58848, 55036, 90390, 48542, 50684, 67693, 63530, 31868, 23633, 21579, 6184, 53131, 21002, 64832, 92053, 7184, 69006, 35823, 8901, 37893, 51534, 12913, 22446, 26285, 70255, 27641, 21932, 83656, 66575, 48694, 39512, 17613, 54185, 98358, 36273, 43014, 10733, 45136, 56634, 51849, 94288, 26786, 42387, 35475, 24444, 8118, 49485, 81714, 83778, 89561, 8738, 52024, 58874, 72716, 42311, 25454, 87595, 81934, 17964, 61433, 19494, 83691, 27415, 37037, 93113, 43616, 52964, 48333, 56234, 18241, 27411, 16419, 52538, 26653, 9839, 74465, 52527, 80201, 79630, 1840, 83276, 82109, 32792, 12949, 92039, 43765, 36272, 54630, 58463, 7943, 38328, 97833, 45183, 91200, 15929, 47964, 40561, 81809, 14276, 39018, 78090, 20469, 86063, 44225, 33166, 87717, 85524, 97465, 83919, 30571, 47291, 11687, 54825, 46134, 8685, 78917, 38709, 83964, 2221, 51487, 86847, 14005, 89651, 45410, 32614, 24838, 40258, 99135, 55054, 4969, 96553, 24382, 92307, 81538, 18598, 31340, 57241, 99094, 6002, 7419, 86820, 42779, 11869, 72254, 27411, 31840, 79401, 73664, 91511, 29301, 88737, 56727, 37464, 71958, 69508, 25388, 4807, 91309, 55535, 78168, 94902, 31655, 46027, 94454, 40509, 42451, 1052, 68891, 6541, 61185, 60171, 90386, 32613, 13324, 92786, 63265, 21684, 48267, 73039, 43664, 60352, 52907, 44675, 95496, 2418, 7997, 69656, 52682, 3534, 62641, 94861, 67850, 67794, 22721, 46227, 31666, 8747, 35366, 39868, 7244, 91381, 38982, 77500, 57926, 64111, 61778, 4991, 50703, 56802, 29847, 58359, 95807, 95068, 83415, 81616, 76533, 71507, 98373, 2134, 16453, 78850, 30462, 46604, 89830, 21706, 86295, 8595, 79105, 19655, 43131, 3478, 75436, 73052, 71062, 31739, 45697, 16052, 87826, 33911, 8138, 66268, 4656, 40763, 97630, 99868, 91639, 2772, 58917, 49516, 46748, 20804, 59466, 99872, 25910, 53332, 38030, 78030, 73087, 32427, 25656, 22734, 86384, 91610, 214, 58585, 43431, 32734, 17757, 39750, 16177, 71705, 51831, 42392, 85543, 6696, 8045, 46570, 30940, 78199, 29592, 24154, 78765, 84514, 86057, 90538, 96392, 38901, 72898, 62612, 33489, 59571, 82991, 44920, 37691, 1121, 94492, 51499, 82069, 28888, 14310, 88903, 84118, 10546, 30703, 78344, 91528, 40853, 4171, 4336, 52942, 23065, 9391, 86682, 8024, 19625, 91371, 66707, 17488, 10058, 52363, 62581, 72253, 66959, 9752, 13742, 86275, 76334, 53755, 50348, 61297, 71442, 60130, 43371, 96139, 17674, 23526, 15019, 82578, 51684, 64820, 51041, 4364, 44980, 70927, 4192, 97078, 91706, 68350, 77970, 42423, 59117, 98713, 81658, 5742, 16489, 29002, 42948, 22071, 91882, 87587, 87335, 92995, 94276, 73117, 79084, 6387, 11821, 92270, 39525, 34375, 79523, 78948, 53831, 62075, 20954, 96006, 36604, 39077, 58604, 29341, 89780, 20577, 57898, 43874, 87854, 39253, 63110, 39371, 19091, 10078, 61402, 86956, 2706, 6459, 53395, 56986, 73952, 14732, 36024, 78732, 78176, 77392, 90109, 7387, 46633, 28051, 78533, 47690, 10143, 69800, 44745, 15386, 78043, 85757, 67383, 85811, 74336, 6202, 10109, 54780, 811, 76576, 77040, 49169, 96682, 92835, 45041, 1842, 65528, 34016, 83474, 14013, 27202, 66335, 44499, 370, 21730, 52896, 71182, 85991, 39160, 40902, 55926, 35512, 75736, 13601, 92189, 77065, 84092, 98012, 48127, 11588, 90917, 67209, 11527, 94121, 43713, 79943, 21649, 81567, 58642, 44906, 74680, 40034, 91400, 63001, 5213, 55104, 32747, 93307, 38861, 27986, 4842, 71222, 96204, 50490, 41376, 83189, 378, 48774, 92287, 2703, 84308, 62388, 24134, 92282, 90947, 61816, 96517, 93801, 12248, 42612, 36596, 34402, 48549, 64887, 18886, 20656, 39553, 90994, 50931, 61171, 97927, 2047, 85741, 60257, 56686, 62824, 95036, 97774, 26512, 32213, 24226, 39119, 9190, 40253, 35323, 71271, 90577, 44, 70979, 92296, 59388, 78444, 59936, 61842, 18317, 14104, 74209, 24390, 30917, 86127, 98120, 80417, 53683, 4088, 22491, 83407, 32889, 33182, 90125, 68253, 63599, 54457, 91265, 92333, 23178, 96129, 44767, 46114, 84454, 73652, 77970, 9354, 12847, 74690, 31643, 71792, 72701, 44459, 13482, 2404, 79190, 44599, 39581, 83762, 38122, 78181, 85472, 89495, 96088, 45750, 12132, 86111, 9109, 84610, 44138, 65151, 75159, 7903, 24327, 23796, 27486, 76491, 91005, 62756, 8359, 39827, 37498, 88884, 69064, 88341, 83620, 5172, 25162, 12655, 35222, 43042, 31508, 95614, 11871, 72016, 12050, 46298, 82757, 50191, 22398, 65305, 63983, 69826, 58709, 70825, 19588, 82568, 42327, 11142, 71395, 10520, 43850, 12080, 34833, 59211, 82355, 44790, 14277, 94119, 99751, 55723, 66045, 65818, 52492, 28845, 77469, 6552, 85250, 81990, 20182, 31757, 24256, 8564, 51246, 18916, 38412, 36848, 69380, 96252, 20867, 86440, 12168, 57866, 16845, 44507, 27280, 78684, 72618, 39882, 21960, 75878, 24632, 3639, 77549, 1172, 17919, 43076, 60918, 7295, 36117, 78965, 29935, 36303, 38772, 34652, 92292, 20532, 49163, 23139, 14852, 2419, 94945, 10473, 58389, 87817, 18164, 62277, 68791, 13348, 73330, 36876, 65334, 21264, 45823, 48913, 66448, 45681, 76227, 3298, 19245, 15292, 74225, 2081, 12669, 14545, 37361, 93452, 1880, 79845, 47996, 3938, 92890, 66904, 15377, 35288, 80314, 59754, 72027, 85560, 13002, 79410, 60381, 36834, 26822, 18526, 4275, 21261, 76951, 98894, 44292, 83338, 72810, 24459, 48197, 60404]})"
45.0,7,8,69,14.563395977020264,10113,"Genotype(dna={""<class 'abc.NT_0017'>"": [0, 91624], ""<class 'abc.NT_0017_P_00000'>"": [], ""<class 'abc.NT_0015'>"": [59754, 18526], ""<class 'abc.NT_0015_P_00000'>"": [], ""<class 'abc.NT_0000'>"": [16022, 0, 68658, 75248], ""<class 'abc.NT_0000_P_00000'>"": [], ""<class 'bool'>"": [86460, 41233, 75986, 25993, 82631, 61562, 27230, 83215], ""<class 'abc.NT_0000_P_00001'>"": [], ""<class 'int'>"": [91663, 89850, 80314, 60404], ""<class 'abc.NT_0000_P_00002'>"": [], ""<class 'abc.NT_0000_P_00003'>"": [], ""<class 'abc.NT_0015_P_00001'>"": [], ""<class 'abc.NT_0010'>"": [], ""<class 'abc.NT_0010_P_00000'>"": [], ""<class 'abc.NT_0007'>"": [], ""<class 'abc.NT_0007_P_00000'>"": [], ""<class 'abc.NT_0003'>"": [], ""<class 'abc.NT_0003_P_00000'>"": [], ""<class 'abc.NT_0002'>"": [0, 15377], ""<class 'abc.NT_0002_P_00000'>"": [], ""<class 'abc.NT_0002_P_00001'>"": [], ""<class 'abc.NT_0001'>"": [36432, 14518, 2, 43884, 40571], ""<class 'abc.NT_0001_P_00000'>"": [], ""<class 'abc.NT_0001_P_00001'>"": [], ""<class 'abc.NT_0001_P_00002'>"": [], ""<class 'abc.NT_0001_P_00003'>"": [], ""<class 'abc.NT_0001_P_00004'>"": [], ""<class 'abc.NT_0002_P_00002'>"": [], ""<class 'abc.NT_0002_P_00003'>"": [], ""<class 'abc.NT_0003_P_00001'>"": [], ""<class 'abc.NT_0003_P_00002'>"": [], ""<class 'abc.NT_0003_P_00003'>"": [], ""<class 'abc.NT_0007_P_00001'>"": [], ""<class 'abc.NT_0004'>"": [62590, 30197, 83338, 72810, 24459, 48197], ""<class 'abc.NT_0004_P_00000'>"": [], ""<class 'abc.NT_0004_P_00001'>"": [], ""<class 'abc.NT_0010_P_00001'>"": [], ""<class 'abc.NT_0008'>"": [], ""<class 'abc.NT_0008_P_00000'>"": [], ""<class 'abc.NT_0010_P_00002'>"": [], ""<class 'abc.NT_0005'>"": [], ""<class 'abc.NT_0005_P_00000'>"": [], ""<class 'abc.NT_0005_P_00001'>"": [], ""<class 'abc.NT_0009'>"": [72027, 4275], ""<class 'abc.NT_0009_P_00000'>"": [], ""<class 'abc.NT_0009_P_00001'>"": [], ""<class 'abc.NT_0006'>"": [], ""<class 'abc.NT_0006_P_00000'>"": [], ""<class 'abc.NT_0009_P_00002'>"": [], ""<class 'abc.NT_0009_P_00003'>"": [], ""<class 'abc.NT_0015_P_00002'>"": [], ""<class 'abc.NT_0015_P_00003'>"": [], ""<class 'abc.NT_0014'>"": [], ""<class 'abc.NT_0014_P_00000'>"": [], ""<class 'abc.NT_0014_P_00001'>"": [], ""<class 'abc.NT_0015_P_00004'>"": [], ""<class 'abc.NT_0017_P_00001'>"": [], ""<class 'abc.NT_0016'>"": [], ""<class 'abc.NT_0016_P_00000'>"": [], ""<class 'abc.NT_0016_P_00001'>"": [], ""<class 'abc.NT_0016_P_00002'>"": [], ""<class 'abc.NT_0017_P_00002'>"": [], '$leftovers': [57587, 20000, 54340, 26317, 6481, 50799, 53366, 57672, 15437, 41470, 43194, 76280, 53058, 16632, 24951, 11647, 20336, 85920, 79178, 86726, 29687, 35122, 19936, 77951, 52918, 77202, 86811, 49977, 33989, 62146, 44283, 86282, 53235, 34529, 93786, 26995, 59308, 96804, 32075, 89268, 17705, 44065, 20964, 70557, 41228, 50394, 73244, 80589, 89878, 70093, 13531, 33497, 2118, 78177, 32452, 6202, 17781, 36111, 70983, 16310, 50605, 68444, 59396, 2989, 86690, 65815, 89541, 4173, 66353, 83209, 87572, 36004, 564, 32908, 7913, 59000, 95465, 92810, 87181, 4723, 71261, 90499, 32785, 42988, 8818, 96196, 25382, 42871, 28094, 74450, 1798, 9925, 29165, 11964, 72226, 30190, 2543, 47952, 6757, 23982, 21833, 84542, 51070, 20362, 47872, 63420, 54664, 2566, 11695, 6523, 29859, 6201, 70774, 77659, 84464, 78867, 27667, 69385, 65140, 36605, 7012, 1250, 28942, 20757, 68110, 13812, 73414, 97476, 48447, 65592, 47550, 63325, 56635, 41252, 76420, 8978, 72071, 1937, 52721, 11586, 95378, 12603, 22711, 7770, 30975, 43951, 55031, 2794, 31555, 40143, 45735, 26934, 973, 11552, 95654, 8346, 61470, 70413, 10371, 43200, 65213, 34376, 43681, 71623, 66363, 61726, 96882, 59629, 26130, 46919, 32533, 16075, 75983, 81859, 16243, 8366, 15261, 18908, 62350, 61492, 83170, 50893, 81836, 3003, 93817, 66605, 40524, 65446, 28020, 1863, 725, 71665, 25810, 44842, 73472, 41194, 64753, 52869, 28406, 39260, 71021, 44544, 65259, 40879, 61260, 45447, 45201, 3321, 71834, 91841, 85944, 94448, 53777, 52512, 8549, 49201, 19980, 24764, 94536, 5157, 97859, 66443, 89316, 95801, 13183, 85710, 46447, 35334, 77529, 59421, 81195, 9851, 45065, 1228, 86952, 32820, 60942, 12527, 2701, 43832, 81092, 19751, 59457, 23812, 97339, 11061, 65182, 36676, 27888, 43573, 78010, 73786, 42822, 94936, 73010, 77609, 10163, 63290, 27012, 14424, 18531, 84803, 64958, 43258, 85321, 82524, 12515, 71837, 58848, 55036, 90390, 48542, 50684, 67693, 63530, 31868, 23633, 21579, 6184, 53131, 21002, 64832, 92053, 7184, 69006, 35823, 8901, 37893, 51534, 12913, 22446, 26285, 70255, 27641, 21932, 83656, 66575, 48694, 39512, 17613, 54185, 98358, 36273, 43014, 10733, 45136, 56634, 51849, 94288, 26786, 42387, 35475, 24444, 8118, 49485, 81714, 83778, 89561, 8738, 52024, 58874, 72716, 42311, 25454, 87595, 81934, 17964, 61433, 19494, 83691, 27415, 37037, 93113, 43616, 52964, 48333, 56234, 18241, 27411, 16419, 52538, 26653, 9839, 74465, 52527, 80201, 79630, 1840, 83276, 82109, 32792, 12949, 92039, 43765, 36272, 54630, 58463, 7943, 38328, 97833, 45183, 91200, 15929, 47964, 40561, 81809, 14276, 39018, 78090, 20469, 86063, 44225, 33166, 87717, 85524, 97465, 83919, 30571, 47291, 11687, 54825, 46134, 8685, 78917, 38709, 83964, 2221, 51487, 86847, 14005, 89651, 45410, 32614, 24838, 40258, 99135, 55054, 4969, 96553, 24382, 92307, 81538, 18598, 31340, 57241, 99094, 6002, 7419, 86820, 42779, 11869, 72254, 27411, 31840, 79401, 73664, 91511, 29301, 88737, 56727, 37464, 71958, 69508, 25388, 4807, 91309, 55535, 78168, 94902, 31655, 46027, 94454, 40509, 42451, 1052, 68891, 6541, 61185, 60171, 90386, 32613, 13324, 92786, 63265, 21684, 48267, 73039, 43664, 60352, 52907, 44675, 95496, 2418, 7997, 69656, 52682, 3534, 62641, 94861, 67850, 67794, 22721, 46227, 31666, 8747, 35366, 39868, 7244, 91381, 38982, 77500, 57926, 64111, 61778, 4991, 50703, 56802, 29847, 58359, 95807, 95068, 83415, 81616, 76533, 71507, 98373, 2134, 16453, 78850, 30462, 46604, 89830, 21706, 86295, 8595, 79105, 19655, 43131, 3478, 75436, 73052, 71062, 31739, 45697, 16052, 87826, 33911, 8138, 66268, 4656, 40763, 97630, 99868, 91639, 2772, 58917, 49516, 46748, 20804, 59466, 99872, 25910, 53332, 38030, 78030, 73087, 32427, 25656, 22734, 86384, 91610, 214, 58585, 43431, 32734, 17757, 39750, 16177, 71705, 51831, 42392, 85543, 6696, 8045, 46570, 30940, 78199, 29592, 24154, 78765, 84514, 86057, 90538, 96392, 38901, 72898, 62612, 33489, 59571, 82991, 44920, 37691, 1121, 94492, 51499, 82069, 28888, 14310, 88903, 84118, 10546, 30703, 78344, 91528, 40853, 4171, 4336, 52942, 23065, 9391, 86682, 8024, 19625, 91371, 66707, 17488, 10058, 52363, 62581, 72253, 66959, 9752, 13742, 86275, 76334, 53755, 50348, 61297, 71442, 60130, 43371, 96139, 17674, 23526, 15019, 82578, 51684, 64820, 51041, 4364, 44980, 70927, 4192, 97078, 91706, 68350, 77970, 42423, 59117, 98713, 81658, 5742, 16489, 29002, 42948, 22071, 91882, 87587, 87335, 92995, 94276, 73117, 79084, 6387, 11821, 92270, 39525, 34375, 79523, 78948, 53831, 62075, 20954, 96006, 36604, 39077, 58604, 29341, 89780, 20577, 57898, 43874, 87854, 39253, 63110, 39371, 19091, 10078, 61402, 86956, 2706, 6459, 53395, 56986, 73952, 14732, 36024, 78732, 78176, 77392, 90109, 7387, 46633, 28051, 78533, 47690, 10143, 69800, 44745, 15386, 78043, 85757, 67383, 85811, 74336, 6202, 10109, 54780, 811, 76576, 77040, 49169, 96682, 92835, 45041, 1842, 65528, 34016, 83474, 14013, 27202, 66335, 44499, 370, 21730, 52896, 71182, 85991, 39160, 40902, 55926, 35512, 75736, 13601, 92189, 77065, 84092, 98012, 48127, 11588, 90917, 67209, 11527, 94121, 43713, 79943, 21649, 81567, 58642, 44906, 74680, 40034, 91400, 63001, 5213, 55104, 32747, 93307, 38861, 27986, 4842, 71222, 96204, 50490, 41376, 83189, 378, 48774, 92287, 2703, 84308, 62388, 24134, 92282, 90947, 61816, 96517, 93801, 12248, 42612, 36596, 34402, 48549, 64887, 18886, 20656, 39553, 90994, 50931, 61171, 97927, 2047, 85741, 60257, 56686, 62824, 95036, 97774, 26512, 32213, 24226, 39119, 9190, 40253, 35323, 71271, 90577, 44, 70979, 92296, 59388, 78444, 59936, 61842, 18317, 14104, 74209, 24390, 30917, 86127, 98120, 80417, 53683, 4088, 22491, 83407, 32889, 33182, 90125, 68253, 63599, 54457, 91265, 92333, 23178, 96129, 44767, 46114, 84454, 73652, 77970, 9354, 12847, 74690, 31643, 71792, 72701, 44459, 13482, 2404, 79190, 44599, 39581, 83762, 38122, 78181, 85472, 89495, 96088, 45750, 12132, 86111, 9109, 84610, 44138, 65151, 75159, 7903, 24327, 23796, 27486, 76491, 91005, 62756, 8359, 39827, 37498, 88884, 69064, 88341, 83620, 5172, 25162, 12655, 35222, 43042, 31508, 95614, 11871, 72016, 12050, 46298, 82757, 50191, 22398, 65305, 63983, 69826, 58709, 70825, 19588, 82568, 42327, 11142, 71395, 10520, 43850, 12080, 34833, 59211, 82355, 44790, 14277, 94119, 99751, 55723, 66045, 65818, 52492, 28845, 77469, 6552, 85250, 81990, 20182, 31757, 24256, 8564, 51246, 18916, 38412, 36848, 69380, 96252, 20867, 86440, 12168, 57866, 16845, 44507, 27280, 78684, 72618, 39882, 21960, 75878, 24632, 3639, 77549, 1172, 17919, 43076, 60918, 7295, 36117, 78965, 29935, 36303, 38772, 34652, 92292, 20532, 49163, 23139, 14852, 2419, 94945, 10473, 58389, 87817, 18164, 62277, 68791, 13348, 73330, 36876, 65334, 21264, 45823, 48913, 66448, 45681, 76227, 3298, 19245, 15292, 74225, 2081, 12669, 14545, 37361, 93452, 1880, 79845, 47996, 3938, 92890, 66904, 15377, 35288, 80314, 59754, 72027, 85560, 13002, 79410, 60381, 36834, 26822, 18526, 4275, 21261, 76951, 98894, 44292, 83338, 72810, 24459, 48197, 60404]})"
45.0,7,8,70,14.667027473449707,10113,"Genotype(dna={""<class 'abc.NT_0017'>"": [0, 91624], ""<class 'abc.NT_0017_P_00000'>"": [], ""<class 'abc.NT_0015'>"": [59754, 18526], ""<class 'abc.NT_0015_P_00000'>"": [], ""<class 'abc.NT_0000'>"": [16022, 0, 68658, 75248], ""<class 'abc.NT_0000_P_00000'>"": [], ""<class 'bool'>"": [86460, 41233, 75986, 25993, 82631, 61562, 27230, 83215], ""<class 'abc.NT_0000_P_00001'>"": [], ""<class 'int'>"": [91663, 89850, 80314, 60404], ""<class 'abc.NT_0000_P_00002'>"": [], ""<class 'abc.NT_0000_P_00003'>"": [], ""<class 'abc.NT_0015_P_00001'>"": [], ""<class 'abc.NT_0010'>"": [], ""<class 'abc.NT_0010_P_00000'>"": [], ""<class 'abc.NT_0007'>"": [], ""<class 'abc.NT_0007_P_00000'>"": [], ""<class 'abc.NT_0003'>"": [], ""<class 'abc.NT_0003_P_00000'>"": [], ""<class 'abc.NT_0002'>"": [0, 15377], ""<class 'abc.NT_0002_P_00000'>"": [], ""<class 'abc.NT_0002_P_00001'>"": [], ""<class 'abc.NT_0001'>"": [36432, 14518, 2, 43884, 40571], ""<class 'abc.NT_0001_P_00000'>"": [], ""<class 'abc.NT_0001_P_00001'>"": [], ""<class 'abc.NT_0001_P_00002'>"": [], ""<class 'abc.NT_0001_P_00003'>"": [], ""<class 'abc.NT_0001_P_00004'>"": [], ""<class 'abc.NT_0002_P_00002'>"": [], ""<class 'abc.NT_0002_P_00003'>"": [], ""<class 'abc.NT_0003_P_00001'>"": [], ""<class 'abc.NT_0003_P_00002'>"": [], ""<class 'abc.NT_0003_P_00003'>"": [], ""<class 'abc.NT_0007_P_00001'>"": [], ""<class 'abc.NT_0004'>"": [62590, 30197, 83338, 72810, 24459, 48197], ""<class 'abc.NT_0004_P_00000'>"": [], ""<class 'abc.NT_0004_P_00001'>"": [], ""<class 'abc.NT_0010_P_00001'>"": [], ""<class 'abc.NT_0008'>"": [], ""<class 'abc.NT_0008_P_00000'>"": [], ""<class 'abc.NT_0010_P_00002'>"": [], ""<class 'abc.NT_0005'>"": [], ""<class 'abc.NT_0005_P_00000'>"": [], ""<class 'abc.NT_0005_P_00001'>"": [], ""<class 'abc.NT_0009'>"": [72027, 4275], ""<class 'abc.NT_0009_P_00000'>"": [], ""<class 'abc.NT_0009_P_00001'>"": [], ""<class 'abc.NT_0006'>"": [], ""<class 'abc.NT_0006_P_00000'>"": [], ""<class 'abc.NT_0009_P_00002'>"": [], ""<class 'abc.NT_0009_P_00003'>"": [], ""<class 'abc.NT_0015_P_00002'>"": [], ""<class 'abc.NT_0015_P_00003'>"": [], ""<class 'abc.NT_0014'>"": [], ""<class 'abc.NT_0014_P_00000'>"": [], ""<class 'abc.NT_0014_P_00001'>"": [], ""<class 'abc.NT_0015_P_00004'>"": [], ""<class 'abc.NT_0017_P_00001'>"": [], ""<class 'abc.NT_0016'>"": [], ""<class 'abc.NT_0016_P_00000'>"": [], ""<class 'abc.NT_0016_P_00001'>"": [], ""<class 'abc.NT_0016_P_00002'>"": [], ""<class 'abc.NT_0017_P_00002'>"": [], '$leftovers': [57587, 20000, 54340, 26317, 6481, 50799, 53366, 57672, 15437, 41470, 43194, 76280, 53058, 16632, 24951, 11647, 20336, 85920, 79178, 86726, 29687, 35122, 19936, 77951, 52918, 77202, 86811, 49977, 33989, 62146, 44283, 86282, 53235, 34529, 93786, 26995, 59308, 96804, 32075, 89268, 17705, 44065, 20964, 70557, 41228, 50394, 73244, 80589, 89878, 70093, 13531, 33497, 2118, 78177, 32452, 6202, 17781, 36111, 70983, 16310, 50605, 68444, 59396, 2989, 86690, 65815, 89541, 4173, 66353, 83209, 87572, 36004, 564, 32908, 7913, 59000, 95465, 92810, 87181, 4723, 71261, 90499, 32785, 42988, 8818, 96196, 25382, 42871, 28094, 74450, 1798, 9925, 29165, 11964, 72226, 30190, 2543, 47952, 6757, 23982, 21833, 84542, 51070, 20362, 47872, 63420, 54664, 2566, 11695, 6523, 29859, 6201, 70774, 77659, 84464, 78867, 27667, 69385, 65140, 36605, 7012, 1250, 28942, 20757, 68110, 13812, 73414, 97476, 48447, 65592, 47550, 63325, 56635, 41252, 76420, 8978, 72071, 1937, 52721, 11586, 95378, 12603, 22711, 7770, 30975, 43951, 55031, 2794, 31555, 40143, 45735, 26934, 973, 11552, 95654, 8346, 61470, 70413, 10371, 43200, 65213, 34376, 43681, 71623, 66363, 61726, 96882, 59629, 26130, 46919, 32533, 16075, 75983, 81859, 16243, 8366, 15261, 18908, 62350, 61492, 83170, 50893, 81836, 3003, 93817, 66605, 40524, 65446, 28020, 1863, 725, 71665, 25810, 44842, 73472, 41194, 64753, 52869, 28406, 39260, 71021, 44544, 65259, 40879, 61260, 45447, 45201, 3321, 71834, 91841, 85944, 94448, 53777, 52512, 8549, 49201, 19980, 24764, 94536, 5157, 97859, 66443, 89316, 95801, 13183, 85710, 46447, 35334, 77529, 59421, 81195, 9851, 45065, 1228, 86952, 32820, 60942, 12527, 2701, 43832, 81092, 19751, 59457, 23812, 97339, 11061, 65182, 36676, 27888, 43573, 78010, 73786, 42822, 94936, 73010, 77609, 10163, 63290, 27012, 14424, 18531, 84803, 64958, 43258, 85321, 82524, 12515, 71837, 58848, 55036, 90390, 48542, 50684, 67693, 63530, 31868, 23633, 21579, 6184, 53131, 21002, 64832, 92053, 7184, 69006, 35823, 8901, 37893, 51534, 12913, 22446, 26285, 70255, 27641, 21932, 83656, 66575, 48694, 39512, 17613, 54185, 98358, 36273, 43014, 10733, 45136, 56634, 51849, 94288, 26786, 42387, 35475, 24444, 8118, 49485, 81714, 83778, 89561, 8738, 52024, 58874, 72716, 42311, 25454, 87595, 81934, 17964, 61433, 19494, 83691, 27415, 37037, 93113, 43616, 52964, 48333, 56234, 18241, 27411, 16419, 52538, 26653, 9839, 74465, 52527, 80201, 79630, 1840, 83276, 82109, 32792, 12949, 92039, 43765, 36272, 54630, 58463, 7943, 38328, 97833, 45183, 91200, 15929, 47964, 40561, 81809, 14276, 39018, 78090, 20469, 86063, 44225, 33166, 87717, 85524, 97465, 83919, 30571, 47291, 11687, 54825, 46134, 8685, 78917, 38709, 83964, 2221, 51487, 86847, 14005, 89651, 45410, 32614, 24838, 40258, 99135, 55054, 4969, 96553, 24382, 92307, 81538, 18598, 31340, 57241, 99094, 6002, 7419, 86820, 42779, 11869, 72254, 27411, 31840, 79401, 73664, 91511, 29301, 88737, 56727, 37464, 71958, 69508, 25388, 4807, 91309, 55535, 78168, 94902, 31655, 46027, 94454, 40509, 42451, 1052, 68891, 6541, 61185, 60171, 90386, 32613, 13324, 92786, 63265, 21684, 48267, 73039, 43664, 60352, 52907, 44675, 95496, 2418, 7997, 69656, 52682, 3534, 62641, 94861, 67850, 67794, 22721, 46227, 31666, 8747, 35366, 39868, 7244, 91381, 38982, 77500, 57926, 64111, 61778, 4991, 50703, 56802, 29847, 58359, 95807, 95068, 83415, 81616, 76533, 71507, 98373, 2134, 16453, 78850, 30462, 46604, 89830, 21706, 86295, 8595, 79105, 19655, 43131, 3478, 75436, 73052, 71062, 31739, 45697, 16052, 87826, 33911, 8138, 66268, 4656, 40763, 97630, 99868, 91639, 2772, 58917, 49516, 46748, 20804, 59466, 99872, 25910, 53332, 38030, 78030, 73087, 32427, 25656, 22734, 86384, 91610, 214, 58585, 43431, 32734, 17757, 39750, 16177, 71705, 51831, 42392, 85543, 6696, 8045, 46570, 30940, 78199, 29592, 24154, 78765, 84514, 86057, 90538, 96392, 38901, 72898, 62612, 33489, 59571, 82991, 44920, 37691, 1121, 94492, 51499, 82069, 28888, 14310, 88903, 84118, 10546, 30703, 78344, 91528, 40853, 4171, 4336, 52942, 23065, 9391, 86682, 8024, 19625, 91371, 66707, 17488, 10058, 52363, 62581, 72253, 66959, 9752, 13742, 86275, 76334, 53755, 50348, 61297, 71442, 60130, 43371, 96139, 17674, 23526, 15019, 82578, 51684, 64820, 51041, 4364, 44980, 70927, 4192, 97078, 91706, 68350, 77970, 42423, 59117, 98713, 81658, 5742, 16489, 29002, 42948, 22071, 91882, 87587, 87335, 92995, 94276, 73117, 79084, 6387, 11821, 92270, 39525, 34375, 79523, 78948, 53831, 62075, 20954, 96006, 36604, 39077, 58604, 29341, 89780, 20577, 57898, 43874, 87854, 39253, 63110, 39371, 19091, 10078, 61402, 86956, 2706, 6459, 53395, 56986, 73952, 14732, 36024, 78732, 78176, 77392, 90109, 7387, 46633, 28051, 78533, 47690, 10143, 69800, 44745, 15386, 78043, 85757, 67383, 85811, 74336, 6202, 10109, 54780, 811, 76576, 77040, 49169, 96682, 92835, 45041, 1842, 65528, 34016, 83474, 14013, 27202, 66335, 44499, 370, 21730, 52896, 71182, 85991, 39160, 40902, 55926, 35512, 75736, 13601, 92189, 77065, 84092, 98012, 48127, 11588, 90917, 67209, 11527, 94121, 43713, 79943, 21649, 81567, 58642, 44906, 74680, 40034, 91400, 63001, 5213, 55104, 32747, 93307, 38861, 27986, 4842, 71222, 96204, 50490, 41376, 83189, 378, 48774, 92287, 2703, 84308, 62388, 24134, 92282, 90947, 61816, 96517, 93801, 12248, 42612, 36596, 34402, 48549, 64887, 18886, 20656, 39553, 90994, 50931, 61171, 97927, 2047, 85741, 60257, 56686, 62824, 95036, 97774, 26512, 32213, 24226, 39119, 9190, 40253, 35323, 71271, 90577, 44, 70979, 92296, 59388, 78444, 59936, 61842, 18317, 14104, 74209, 24390, 30917, 86127, 98120, 80417, 53683, 4088, 22491, 83407, 32889, 33182, 90125, 68253, 63599, 54457, 91265, 92333, 23178, 96129, 44767, 46114, 84454, 73652, 77970, 9354, 12847, 74690, 31643, 71792, 72701, 44459, 13482, 2404, 79190, 44599, 39581, 83762, 38122, 78181, 85472, 89495, 96088, 45750, 12132, 86111, 9109, 84610, 44138, 65151, 75159, 7903, 24327, 23796, 27486, 76491, 91005, 62756, 8359, 39827, 37498, 88884, 69064, 88341, 83620, 5172, 25162, 12655, 35222, 43042, 31508, 95614, 11871, 72016, 12050, 46298, 82757, 50191, 22398, 65305, 63983, 69826, 58709, 70825, 19588, 82568, 42327, 11142, 71395, 10520, 43850, 12080, 34833, 59211, 82355, 44790, 14277, 94119, 99751, 55723, 66045, 65818, 52492, 28845, 77469, 6552, 85250, 81990, 20182, 31757, 24256, 8564, 51246, 18916, 38412, 36848, 69380, 96252, 20867, 86440, 12168, 57866, 16845, 44507, 27280, 78684, 72618, 39882, 21960, 75878, 24632, 3639, 77549, 1172, 17919, 43076, 60918, 7295, 36117, 78965, 29935, 36303, 38772, 34652, 92292, 20532, 49163, 23139, 14852, 2419, 94945, 10473, 58389, 87817, 18164, 62277, 68791, 13348, 73330, 36876, 65334, 21264, 45823, 48913, 66448, 45681, 76227, 3298, 19245, 15292, 74225, 2081, 12669, 14545, 37361, 93452, 1880, 79845, 47996, 3938, 92890, 66904, 15377, 35288, 80314, 59754, 72027, 85560, 13002, 79410, 60381, 36834, 26822, 18526, 4275, 21261, 76951, 98894, 44292, 83338, 72810, 24459, 48197, 60404]})"
45.0,7,8,71,14.79520297050476,10113,"Genotype(dna={""<class 'abc.NT_0017'>"": [0, 91624], ""<class 'abc.NT_0017_P_00000'>"": [], ""<class 'abc.NT_0015'>"": [59754, 18526], ""<class 'abc.NT_0015_P_00000'>"": [], ""<class 'abc.NT_0000'>"": [16022, 0, 68658, 75248], ""<class 'abc.NT_0000_P_00000'>"": [], ""<class 'bool'>"": [86460, 41233, 75986, 25993, 82631, 61562, 27230, 83215], ""<class 'abc.NT_0000_P_00001'>"": [], ""<class 'int'>"": [91663, 89850, 80314, 60404], ""<class 'abc.NT_0000_P_00002'>"": [], ""<class 'abc.NT_0000_P_00003'>"": [], ""<class 'abc.NT_0015_P_00001'>"": [], ""<class 'abc.NT_0010'>"": [], ""<class 'abc.NT_0010_P_00000'>"": [], ""<class 'abc.NT_0007'>"": [], ""<class 'abc.NT_0007_P_00000'>"": [], ""<class 'abc.NT_0003'>"": [], ""<class 'abc.NT_0003_P_00000'>"": [], ""<class 'abc.NT_0002'>"": [0, 15377], ""<class 'abc.NT_0002_P_00000'>"": [], ""<class 'abc.NT_0002_P_00001'>"": [], ""<class 'abc.NT_0001'>"": [36432, 14518, 2, 43884, 40571], ""<class 'abc.NT_0001_P_00000'>"": [], ""<class 'abc.NT_0001_P_00001'>"": [], ""<class 'abc.NT_0001_P_00002'>"": [], ""<class 'abc.NT_0001_P_00003'>"": [], ""<class 'abc.NT_0001_P_00004'>"": [], ""<class 'abc.NT_0002_P_00002'>"": [], ""<class 'abc.NT_0002_P_00003'>"": [], ""<class 'abc.NT_0003_P_00001'>"": [], ""<class 'abc.NT_0003_P_00002'>"": [], ""<class 'abc.NT_0003_P_00003'>"": [], ""<class 'abc.NT_0007_P_00001'>"": [], ""<class 'abc.NT_0004'>"": [62590, 30197, 83338, 72810, 24459, 48197], ""<class 'abc.NT_0004_P_00000'>"": [], ""<class 'abc.NT_0004_P_00001'>"": [], ""<class 'abc.NT_0010_P_00001'>"": [], ""<class 'abc.NT_0008'>"": [], ""<class 'abc.NT_0008_P_00000'>"": [], ""<class 'abc.NT_0010_P_00002'>"": [], ""<class 'abc.NT_0005'>"": [], ""<class 'abc.NT_0005_P_00000'>"": [], ""<class 'abc.NT_0005_P_00001'>"": [], ""<class 'abc.NT_0009'>"": [72027, 4275], ""<class 'abc.NT_0009_P_00000'>"": [], ""<class 'abc.NT_0009_P_00001'>"": [], ""<class 'abc.NT_0006'>"": [], ""<class 'abc.NT_0006_P_00000'>"": [], ""<class 'abc.NT_0009_P_00002'>"": [], ""<class 'abc.NT_0009_P_00003'>"": [], ""<class 'abc.NT_0015_P_00002'>"": [], ""<class 'abc.NT_0015_P_00003'>"": [], ""<class 'abc.NT_0014'>"": [], ""<class 'abc.NT_0014_P_00000'>"": [], ""<class 'abc.NT_0014_P_00001'>"": [], ""<class 'abc.NT_0015_P_00004'>"": [], ""<class 'abc.NT_0017_P_00001'>"": [], ""<class 'abc.NT_0016'>"": [], ""<class 'abc.NT_0016_P_00000'>"": [], ""<class 'abc.NT_0016_P_00001'>"": [], ""<class 'abc.NT_0016_P_00002'>"": [], ""<class 'abc.NT_0017_P_00002'>"": [], '$leftovers': [57587, 20000, 54340, 26317, 6481, 50799, 53366, 57672, 15437, 41470, 43194, 76280, 53058, 16632, 24951, 11647, 20336, 85920, 79178, 86726, 29687, 35122, 19936, 77951, 52918, 77202, 86811, 49977, 33989, 62146, 44283, 86282, 53235, 34529, 93786, 26995, 59308, 96804, 32075, 89268, 17705, 44065, 20964, 70557, 41228, 50394, 73244, 80589, 89878, 70093, 13531, 33497, 2118, 78177, 32452, 6202, 17781, 36111, 70983, 16310, 50605, 68444, 59396, 2989, 86690, 65815, 89541, 4173, 66353, 83209, 87572, 36004, 564, 32908, 7913, 59000, 95465, 92810, 87181, 4723, 71261, 90499, 32785, 42988, 8818, 96196, 25382, 42871, 28094, 74450, 1798, 9925, 29165, 11964, 72226, 30190, 2543, 47952, 6757, 23982, 21833, 84542, 51070, 20362, 47872, 63420, 54664, 2566, 11695, 6523, 29859, 6201, 70774, 77659, 84464, 78867, 27667, 69385, 65140, 36605, 7012, 1250, 28942, 20757, 68110, 13812, 73414, 97476, 48447, 65592, 47550, 63325, 56635, 41252, 76420, 8978, 72071, 1937, 52721, 11586, 95378, 12603, 22711, 7770, 30975, 43951, 55031, 2794, 31555, 40143, 45735, 26934, 973, 11552, 95654, 8346, 61470, 70413, 10371, 43200, 65213, 34376, 43681, 71623, 66363, 61726, 96882, 59629, 26130, 46919, 32533, 16075, 75983, 81859, 16243, 8366, 15261, 18908, 62350, 61492, 83170, 50893, 81836, 3003, 93817, 66605, 40524, 65446, 28020, 1863, 725, 71665, 25810, 44842, 73472, 41194, 64753, 52869, 28406, 39260, 71021, 44544, 65259, 40879, 61260, 45447, 45201, 3321, 71834, 91841, 85944, 94448, 53777, 52512, 8549, 49201, 19980, 24764, 94536, 5157, 97859, 66443, 89316, 95801, 13183, 85710, 46447, 35334, 77529, 59421, 81195, 9851, 45065, 1228, 86952, 32820, 60942, 12527, 2701, 43832, 81092, 19751, 59457, 23812, 97339, 11061, 65182, 36676, 27888, 43573, 78010, 73786, 42822, 94936, 73010, 77609, 10163, 63290, 27012, 14424, 18531, 84803, 64958, 43258, 85321, 82524, 12515, 71837, 58848, 55036, 90390, 48542, 50684, 67693, 63530, 31868, 23633, 21579, 6184, 53131, 21002, 64832, 92053, 7184, 69006, 35823, 8901, 37893, 51534, 12913, 22446, 26285, 70255, 27641, 21932, 83656, 66575, 48694, 39512, 17613, 54185, 98358, 36273, 43014, 10733, 45136, 56634, 51849, 94288, 26786, 42387, 35475, 24444, 8118, 49485, 81714, 83778, 89561, 8738, 52024, 58874, 72716, 42311, 25454, 87595, 81934, 17964, 61433, 19494, 83691, 27415, 37037, 93113, 43616, 52964, 48333, 56234, 18241, 27411, 16419, 52538, 26653, 9839, 74465, 52527, 80201, 79630, 1840, 83276, 82109, 32792, 12949, 92039, 43765, 36272, 54630, 58463, 7943, 38328, 97833, 45183, 91200, 15929, 47964, 40561, 81809, 14276, 39018, 78090, 20469, 86063, 44225, 33166, 87717, 85524, 97465, 83919, 30571, 47291, 11687, 54825, 46134, 8685, 78917, 38709, 83964, 2221, 51487, 86847, 14005, 89651, 45410, 32614, 24838, 40258, 99135, 55054, 4969, 96553, 24382, 92307, 81538, 18598, 31340, 57241, 99094, 6002, 7419, 86820, 42779, 11869, 72254, 27411, 31840, 79401, 73664, 91511, 29301, 88737, 56727, 37464, 71958, 69508, 25388, 4807, 91309, 55535, 78168, 94902, 31655, 46027, 94454, 40509, 42451, 1052, 68891, 6541, 61185, 60171, 90386, 32613, 13324, 92786, 63265, 21684, 48267, 73039, 43664, 60352, 52907, 44675, 95496, 2418, 7997, 69656, 52682, 3534, 62641, 94861, 67850, 67794, 22721, 46227, 31666, 8747, 35366, 39868, 7244, 91381, 38982, 77500, 57926, 64111, 61778, 4991, 50703, 56802, 29847, 58359, 95807, 95068, 83415, 81616, 76533, 71507, 98373, 2134, 16453, 78850, 30462, 46604, 89830, 21706, 86295, 8595, 79105, 19655, 43131, 3478, 75436, 73052, 71062, 31739, 45697, 16052, 87826, 33911, 8138, 66268, 4656, 40763, 97630, 99868, 91639, 2772, 58917, 49516, 46748, 20804, 59466, 99872, 25910, 53332, 38030, 78030, 73087, 32427, 25656, 22734, 86384, 91610, 214, 58585, 43431, 32734, 17757, 39750, 16177, 71705, 51831, 42392, 85543, 6696, 8045, 46570, 30940, 78199, 29592, 24154, 78765, 84514, 86057, 90538, 96392, 38901, 72898, 62612, 33489, 59571, 82991, 44920, 37691, 1121, 94492, 51499, 82069, 28888, 14310, 88903, 84118, 10546, 30703, 78344, 91528, 40853, 4171, 4336, 52942, 23065, 9391, 86682, 8024, 19625, 91371, 66707, 17488, 10058, 52363, 62581, 72253, 66959, 9752, 13742, 86275, 76334, 53755, 50348, 61297, 71442, 60130, 43371, 96139, 17674, 23526, 15019, 82578, 51684, 64820, 51041, 4364, 44980, 70927, 4192, 97078, 91706, 68350, 77970, 42423, 59117, 98713, 81658, 5742, 16489, 29002, 42948, 22071, 91882, 87587, 87335, 92995, 94276, 73117, 79084, 6387, 11821, 92270, 39525, 34375, 79523, 78948, 53831, 62075, 20954, 96006, 36604, 39077, 58604, 29341, 89780, 20577, 57898, 43874, 87854, 39253, 63110, 39371, 19091, 10078, 61402, 86956, 2706, 6459, 53395, 56986, 73952, 14732, 36024, 78732, 78176, 77392, 90109, 7387, 46633, 28051, 78533, 47690, 10143, 69800, 44745, 15386, 78043, 85757, 67383, 85811, 74336, 6202, 10109, 54780, 811, 76576, 77040, 49169, 96682, 92835, 45041, 1842, 65528, 34016, 83474, 14013, 27202, 66335, 44499, 370, 21730, 52896, 71182, 85991, 39160, 40902, 55926, 35512, 75736, 13601, 92189, 77065, 84092, 98012, 48127, 11588, 90917, 67209, 11527, 94121, 43713, 79943, 21649, 81567, 58642, 44906, 74680, 40034, 91400, 63001, 5213, 55104, 32747, 93307, 38861, 27986, 4842, 71222, 96204, 50490, 41376, 83189, 378, 48774, 92287, 2703, 84308, 62388, 24134, 92282, 90947, 61816, 96517, 93801, 12248, 42612, 36596, 34402, 48549, 64887, 18886, 20656, 39553, 90994, 50931, 61171, 97927, 2047, 85741, 60257, 56686, 62824, 95036, 97774, 26512, 32213, 24226, 39119, 9190, 40253, 35323, 71271, 90577, 44, 70979, 92296, 59388, 78444, 59936, 61842, 18317, 14104, 74209, 24390, 30917, 86127, 98120, 80417, 53683, 4088, 22491, 83407, 32889, 33182, 90125, 68253, 63599, 54457, 91265, 92333, 23178, 96129, 44767, 46114, 84454, 73652, 77970, 9354, 12847, 74690, 31643, 71792, 72701, 44459, 13482, 2404, 79190, 44599, 39581, 83762, 38122, 78181, 85472, 89495, 96088, 45750, 12132, 86111, 9109, 84610, 44138, 65151, 75159, 7903, 24327, 23796, 27486, 76491, 91005, 62756, 8359, 39827, 37498, 88884, 69064, 88341, 83620, 5172, 25162, 12655, 35222, 43042, 31508, 95614, 11871, 72016, 12050, 46298, 82757, 50191, 22398, 65305, 63983, 69826, 58709, 70825, 19588, 82568, 42327, 11142, 71395, 10520, 43850, 12080, 34833, 59211, 82355, 44790, 14277, 94119, 99751, 55723, 66045, 65818, 52492, 28845, 77469, 6552, 85250, 81990, 20182, 31757, 24256, 8564, 51246, 18916, 38412, 36848, 69380, 96252, 20867, 86440, 12168, 57866, 16845, 44507, 27280, 78684, 72618, 39882, 21960, 75878, 24632, 3639, 77549, 1172, 17919, 43076, 60918, 7295, 36117, 78965, 29935, 36303, 38772, 34652, 92292, 20532, 49163, 23139, 14852, 2419, 94945, 10473, 58389, 87817, 18164, 62277, 68791, 13348, 73330, 36876, 65334, 21264, 45823, 48913, 66448, 45681, 76227, 3298, 19245, 15292, 74225, 2081, 12669, 14545, 37361, 93452, 1880, 79845, 47996, 3938, 92890, 66904, 15377, 35288, 80314, 59754, 72027, 85560, 13002, 79410, 60381, 36834, 26822, 18526, 4275, 21261, 76951, 98894, 44292, 83338, 72810, 24459, 48197, 60404]})"
45.0,7,8,72,14.94598126411438,10113,"Genotype(dna={""<class 'abc.NT_0017'>"": [0, 91624], ""<class 'abc.NT_0017_P_00000'>"": [], ""<class 'abc.NT_0015'>"": [59754, 18526], ""<class 'abc.NT_0015_P_00000'>"": [], ""<class 'abc.NT_0000'>"": [16022, 0, 68658, 75248], ""<class 'abc.NT_0000_P_00000'>"": [], ""<class 'bool'>"": [86460, 41233, 75986, 25993, 82631, 61562, 27230, 83215], ""<class 'abc.NT_0000_P_00001'>"": [], ""<class 'int'>"": [91663, 89850, 80314, 60404], ""<class 'abc.NT_0000_P_00002'>"": [], ""<class 'abc.NT_0000_P_00003'>"": [], ""<class 'abc.NT_0015_P_00001'>"": [], ""<class 'abc.NT_0010'>"": [], ""<class 'abc.NT_0010_P_00000'>"": [], ""<class 'abc.NT_0007'>"": [], ""<class 'abc.NT_0007_P_00000'>"": [], ""<class 'abc.NT_0003'>"": [], ""<class 'abc.NT_0003_P_00000'>"": [], ""<class 'abc.NT_0002'>"": [0, 15377], ""<class 'abc.NT_0002_P_00000'>"": [], ""<class 'abc.NT_0002_P_00001'>"": [], ""<class 'abc.NT_0001'>"": [36432, 14518, 2, 43884, 40571], ""<class 'abc.NT_0001_P_00000'>"": [], ""<class 'abc.NT_0001_P_00001'>"": [], ""<class 'abc.NT_0001_P_00002'>"": [], ""<class 'abc.NT_0001_P_00003'>"": [], ""<class 'abc.NT_0001_P_00004'>"": [], ""<class 'abc.NT_0002_P_00002'>"": [], ""<class 'abc.NT_0002_P_00003'>"": [], ""<class 'abc.NT_0003_P_00001'>"": [], ""<class 'abc.NT_0003_P_00002'>"": [], ""<class 'abc.NT_0003_P_00003'>"": [], ""<class 'abc.NT_0007_P_00001'>"": [], ""<class 'abc.NT_0004'>"": [62590, 30197, 83338, 72810, 24459, 48197], ""<class 'abc.NT_0004_P_00000'>"": [], ""<class 'abc.NT_0004_P_00001'>"": [], ""<class 'abc.NT_0010_P_00001'>"": [], ""<class 'abc.NT_0008'>"": [], ""<class 'abc.NT_0008_P_00000'>"": [], ""<class 'abc.NT_0010_P_00002'>"": [], ""<class 'abc.NT_0005'>"": [], ""<class 'abc.NT_0005_P_00000'>"": [], ""<class 'abc.NT_0005_P_00001'>"": [], ""<class 'abc.NT_0009'>"": [72027, 4275], ""<class 'abc.NT_0009_P_00000'>"": [], ""<class 'abc.NT_0009_P_00001'>"": [], ""<class 'abc.NT_0006'>"": [], ""<class 'abc.NT_0006_P_00000'>"": [], ""<class 'abc.NT_0009_P_00002'>"": [], ""<class 'abc.NT_0009_P_00003'>"": [], ""<class 'abc.NT_0015_P_00002'>"": [], ""<class 'abc.NT_0015_P_00003'>"": [], ""<class 'abc.NT_0014'>"": [], ""<class 'abc.NT_0014_P_00000'>"": [], ""<class 'abc.NT_0014_P_00001'>"": [], ""<class 'abc.NT_0015_P_00004'>"": [], ""<class 'abc.NT_0017_P_00001'>"": [], ""<class 'abc.NT_0016'>"": [], ""<class 'abc.NT_0016_P_00000'>"": [], ""<class 'abc.NT_0016_P_00001'>"": [], ""<class 'abc.NT_0016_P_00002'>"": [], ""<class 'abc.NT_0017_P_00002'>"": [], '$leftovers': [57587, 20000, 54340, 26317, 6481, 50799, 53366, 57672, 15437, 41470, 43194, 76280, 53058, 16632, 24951, 11647, 20336, 85920, 79178, 86726, 29687, 35122, 19936, 77951, 52918, 77202, 86811, 49977, 33989, 62146, 44283, 86282, 53235, 34529, 93786, 26995, 59308, 96804, 32075, 89268, 17705, 44065, 20964, 70557, 41228, 50394, 73244, 80589, 89878, 70093, 13531, 33497, 2118, 78177, 32452, 6202, 17781, 36111, 70983, 16310, 50605, 68444, 59396, 2989, 86690, 65815, 89541, 4173, 66353, 83209, 87572, 36004, 564, 32908, 7913, 59000, 95465, 92810, 87181, 4723, 71261, 90499, 32785, 42988, 8818, 96196, 25382, 42871, 28094, 74450, 1798, 9925, 29165, 11964, 72226, 30190, 2543, 47952, 6757, 23982, 21833, 84542, 51070, 20362, 47872, 63420, 54664, 2566, 11695, 6523, 29859, 6201, 70774, 77659, 84464, 78867, 27667, 69385, 65140, 36605, 7012, 1250, 28942, 20757, 68110, 13812, 73414, 97476, 48447, 65592, 47550, 63325, 56635, 41252, 76420, 8978, 72071, 1937, 52721, 11586, 95378, 12603, 22711, 7770, 30975, 43951, 55031, 2794, 31555, 40143, 45735, 26934, 973, 11552, 95654, 8346, 61470, 70413, 10371, 43200, 65213, 34376, 43681, 71623, 66363, 61726, 96882, 59629, 26130, 46919, 32533, 16075, 75983, 81859, 16243, 8366, 15261, 18908, 62350, 61492, 83170, 50893, 81836, 3003, 93817, 66605, 40524, 65446, 28020, 1863, 725, 71665, 25810, 44842, 73472, 41194, 64753, 52869, 28406, 39260, 71021, 44544, 65259, 40879, 61260, 45447, 45201, 3321, 71834, 91841, 85944, 94448, 53777, 52512, 8549, 49201, 19980, 24764, 94536, 5157, 97859, 66443, 89316, 95801, 13183, 85710, 46447, 35334, 77529, 59421, 81195, 9851, 45065, 1228, 86952, 32820, 60942, 12527, 2701, 43832, 81092, 19751, 59457, 23812, 97339, 11061, 65182, 36676, 27888, 43573, 78010, 73786, 42822, 94936, 73010, 77609, 10163, 63290, 27012, 14424, 18531, 84803, 64958, 43258, 85321, 82524, 12515, 71837, 58848, 55036, 90390, 48542, 50684, 67693, 63530, 31868, 23633, 21579, 6184, 53131, 21002, 64832, 92053, 7184, 69006, 35823, 8901, 37893, 51534, 12913, 22446, 26285, 70255, 27641, 21932, 83656, 66575, 48694, 39512, 17613, 54185, 98358, 36273, 43014, 10733, 45136, 56634, 51849, 94288, 26786, 42387, 35475, 24444, 8118, 49485, 81714, 83778, 89561, 8738, 52024, 58874, 72716, 42311, 25454, 87595, 81934, 17964, 61433, 19494, 83691, 27415, 37037, 93113, 43616, 52964, 48333, 56234, 18241, 27411, 16419, 52538, 26653, 9839, 74465, 52527, 80201, 79630, 1840, 83276, 82109, 32792, 12949, 92039, 43765, 36272, 54630, 58463, 7943, 38328, 97833, 45183, 91200, 15929, 47964, 40561, 81809, 14276, 39018, 78090, 20469, 86063, 44225, 33166, 87717, 85524, 97465, 83919, 30571, 47291, 11687, 54825, 46134, 8685, 78917, 38709, 83964, 2221, 51487, 86847, 14005, 89651, 45410, 32614, 24838, 40258, 99135, 55054, 4969, 96553, 24382, 92307, 81538, 18598, 31340, 57241, 99094, 6002, 7419, 86820, 42779, 11869, 72254, 27411, 31840, 79401, 73664, 91511, 29301, 88737, 56727, 37464, 71958, 69508, 25388, 4807, 91309, 55535, 78168, 94902, 31655, 46027, 94454, 40509, 42451, 1052, 68891, 6541, 61185, 60171, 90386, 32613, 13324, 92786, 63265, 21684, 48267, 73039, 43664, 60352, 52907, 44675, 95496, 2418, 7997, 69656, 52682, 3534, 62641, 94861, 67850, 67794, 22721, 46227, 31666, 8747, 35366, 39868, 7244, 91381, 38982, 77500, 57926, 64111, 61778, 4991, 50703, 56802, 29847, 58359, 95807, 95068, 83415, 81616, 76533, 71507, 98373, 2134, 16453, 78850, 30462, 46604, 89830, 21706, 86295, 8595, 79105, 19655, 43131, 3478, 75436, 73052, 71062, 31739, 45697, 16052, 87826, 33911, 8138, 66268, 4656, 40763, 97630, 99868, 91639, 2772, 58917, 49516, 46748, 20804, 59466, 99872, 25910, 53332, 38030, 78030, 73087, 32427, 25656, 22734, 86384, 91610, 214, 58585, 43431, 32734, 17757, 39750, 16177, 71705, 51831, 42392, 85543, 6696, 8045, 46570, 30940, 78199, 29592, 24154, 78765, 84514, 86057, 90538, 96392, 38901, 72898, 62612, 33489, 59571, 82991, 44920, 37691, 1121, 94492, 51499, 82069, 28888, 14310, 88903, 84118, 10546, 30703, 78344, 91528, 40853, 4171, 4336, 52942, 23065, 9391, 86682, 8024, 19625, 91371, 66707, 17488, 10058, 52363, 62581, 72253, 66959, 9752, 13742, 86275, 76334, 53755, 50348, 61297, 71442, 60130, 43371, 96139, 17674, 23526, 15019, 82578, 51684, 64820, 51041, 4364, 44980, 70927, 4192, 97078, 91706, 68350, 77970, 42423, 59117, 98713, 81658, 5742, 16489, 29002, 42948, 22071, 91882, 87587, 87335, 92995, 94276, 73117, 79084, 6387, 11821, 92270, 39525, 34375, 79523, 78948, 53831, 62075, 20954, 96006, 36604, 39077, 58604, 29341, 89780, 20577, 57898, 43874, 87854, 39253, 63110, 39371, 19091, 10078, 61402, 86956, 2706, 6459, 53395, 56986, 73952, 14732, 36024, 78732, 78176, 77392, 90109, 7387, 46633, 28051, 78533, 47690, 10143, 69800, 44745, 15386, 78043, 85757, 67383, 85811, 74336, 6202, 10109, 54780, 811, 76576, 77040, 49169, 96682, 92835, 45041, 1842, 65528, 34016, 83474, 14013, 27202, 66335, 44499, 370, 21730, 52896, 71182, 85991, 39160, 40902, 55926, 35512, 75736, 13601, 92189, 77065, 84092, 98012, 48127, 11588, 90917, 67209, 11527, 94121, 43713, 79943, 21649, 81567, 58642, 44906, 74680, 40034, 91400, 63001, 5213, 55104, 32747, 93307, 38861, 27986, 4842, 71222, 96204, 50490, 41376, 83189, 378, 48774, 92287, 2703, 84308, 62388, 24134, 92282, 90947, 61816, 96517, 93801, 12248, 42612, 36596, 34402, 48549, 64887, 18886, 20656, 39553, 90994, 50931, 61171, 97927, 2047, 85741, 60257, 56686, 62824, 95036, 97774, 26512, 32213, 24226, 39119, 9190, 40253, 35323, 71271, 90577, 44, 70979, 92296, 59388, 78444, 59936, 61842, 18317, 14104, 74209, 24390, 30917, 86127, 98120, 80417, 53683, 4088, 22491, 83407, 32889, 33182, 90125, 68253, 63599, 54457, 91265, 92333, 23178, 96129, 44767, 46114, 84454, 73652, 77970, 9354, 12847, 74690, 31643, 71792, 72701, 44459, 13482, 2404, 79190, 44599, 39581, 83762, 38122, 78181, 85472, 89495, 96088, 45750, 12132, 86111, 9109, 84610, 44138, 65151, 75159, 7903, 24327, 23796, 27486, 76491, 91005, 62756, 8359, 39827, 37498, 88884, 69064, 88341, 83620, 5172, 25162, 12655, 35222, 43042, 31508, 95614, 11871, 72016, 12050, 46298, 82757, 50191, 22398, 65305, 63983, 69826, 58709, 70825, 19588, 82568, 42327, 11142, 71395, 10520, 43850, 12080, 34833, 59211, 82355, 44790, 14277, 94119, 99751, 55723, 66045, 65818, 52492, 28845, 77469, 6552, 85250, 81990, 20182, 31757, 24256, 8564, 51246, 18916, 38412, 36848, 69380, 96252, 20867, 86440, 12168, 57866, 16845, 44507, 27280, 78684, 72618, 39882, 21960, 75878, 24632, 3639, 77549, 1172, 17919, 43076, 60918, 7295, 36117, 78965, 29935, 36303, 38772, 34652, 92292, 20532, 49163, 23139, 14852, 2419, 94945, 10473, 58389, 87817, 18164, 62277, 68791, 13348, 73330, 36876, 65334, 21264, 45823, 48913, 66448, 45681, 76227, 3298, 19245, 15292, 74225, 2081, 12669, 14545, 37361, 93452, 1880, 79845, 47996, 3938, 92890, 66904, 15377, 35288, 80314, 59754, 72027, 85560, 13002, 79410, 60381, 36834, 26822, 18526, 4275, 21261, 76951, 98894, 44292, 83338, 72810, 24459, 48197, 60404]})"
45.0,7,8,73,15.047237873077393,10113,"Genotype(dna={""<class 'abc.NT_0017'>"": [0, 91624], ""<class 'abc.NT_0017_P_00000'>"": [], ""<class 'abc.NT_0015'>"": [59754, 18526], ""<class 'abc.NT_0015_P_00000'>"": [], ""<class 'abc.NT_0000'>"": [16022, 0, 68658, 75248], ""<class 'abc.NT_0000_P_00000'>"": [], ""<class 'bool'>"": [86460, 41233, 75986, 25993, 82631, 61562, 27230, 83215], ""<class 'abc.NT_0000_P_00001'>"": [], ""<class 'int'>"": [91663, 89850, 80314, 60404], ""<class 'abc.NT_0000_P_00002'>"": [], ""<class 'abc.NT_0000_P_00003'>"": [], ""<class 'abc.NT_0015_P_00001'>"": [], ""<class 'abc.NT_0010'>"": [], ""<class 'abc.NT_0010_P_00000'>"": [], ""<class 'abc.NT_0007'>"": [], ""<class 'abc.NT_0007_P_00000'>"": [], ""<class 'abc.NT_0003'>"": [], ""<class 'abc.NT_0003_P_00000'>"": [], ""<class 'abc.NT_0002'>"": [0, 15377], ""<class 'abc.NT_0002_P_00000'>"": [], ""<class 'abc.NT_0002_P_00001'>"": [], ""<class 'abc.NT_0001'>"": [36432, 14518, 2, 43884, 40571], ""<class 'abc.NT_0001_P_00000'>"": [], ""<class 'abc.NT_0001_P_00001'>"": [], ""<class 'abc.NT_0001_P_00002'>"": [], ""<class 'abc.NT_0001_P_00003'>"": [], ""<class 'abc.NT_0001_P_00004'>"": [], ""<class 'abc.NT_0002_P_00002'>"": [], ""<class 'abc.NT_0002_P_00003'>"": [], ""<class 'abc.NT_0003_P_00001'>"": [], ""<class 'abc.NT_0003_P_00002'>"": [], ""<class 'abc.NT_0003_P_00003'>"": [], ""<class 'abc.NT_0007_P_00001'>"": [], ""<class 'abc.NT_0004'>"": [62590, 30197, 83338, 72810, 24459, 48197], ""<class 'abc.NT_0004_P_00000'>"": [], ""<class 'abc.NT_0004_P_00001'>"": [], ""<class 'abc.NT_0010_P_00001'>"": [], ""<class 'abc.NT_0008'>"": [], ""<class 'abc.NT_0008_P_00000'>"": [], ""<class 'abc.NT_0010_P_00002'>"": [], ""<class 'abc.NT_0005'>"": [], ""<class 'abc.NT_0005_P_00000'>"": [], ""<class 'abc.NT_0005_P_00001'>"": [], ""<class 'abc.NT_0009'>"": [72027, 4275], ""<class 'abc.NT_0009_P_00000'>"": [], ""<class 'abc.NT_0009_P_00001'>"": [], ""<class 'abc.NT_0006'>"": [], ""<class 'abc.NT_0006_P_00000'>"": [], ""<class 'abc.NT_0009_P_00002'>"": [], ""<class 'abc.NT_0009_P_00003'>"": [], ""<class 'abc.NT_0015_P_00002'>"": [], ""<class 'abc.NT_0015_P_00003'>"": [], ""<class 'abc.NT_0014'>"": [], ""<class 'abc.NT_0014_P_00000'>"": [], ""<class 'abc.NT_0014_P_00001'>"": [], ""<class 'abc.NT_0015_P_00004'>"": [], ""<class 'abc.NT_0017_P_00001'>"": [], ""<class 'abc.NT_0016'>"": [], ""<class 'abc.NT_0016_P_00000'>"": [], ""<class 'abc.NT_0016_P_00001'>"": [], ""<class 'abc.NT_0016_P_00002'>"": [], ""<class 'abc.NT_0017_P_00002'>"": [], '$leftovers': [57587, 20000, 54340, 26317, 6481, 50799, 53366, 57672, 15437, 41470, 43194, 76280, 53058, 16632, 24951, 11647, 20336, 85920, 79178, 86726, 29687, 35122, 19936, 77951, 52918, 77202, 86811, 49977, 33989, 62146, 44283, 86282, 53235, 34529, 93786, 26995, 59308, 96804, 32075, 89268, 17705, 44065, 20964, 70557, 41228, 50394, 73244, 80589, 89878, 70093, 13531, 33497, 2118, 78177, 32452, 6202, 17781, 36111, 70983, 16310, 50605, 68444, 59396, 2989, 86690, 65815, 89541, 4173, 66353, 83209, 87572, 36004, 564, 32908, 7913, 59000, 95465, 92810, 87181, 4723, 71261, 90499, 32785, 42988, 8818, 96196, 25382, 42871, 28094, 74450, 1798, 9925, 29165, 11964, 72226, 30190, 2543, 47952, 6757, 23982, 21833, 84542, 51070, 20362, 47872, 63420, 54664, 2566, 11695, 6523, 29859, 6201, 70774, 77659, 84464, 78867, 27667, 69385, 65140, 36605, 7012, 1250, 28942, 20757, 68110, 13812, 73414, 97476, 48447, 65592, 47550, 63325, 56635, 41252, 76420, 8978, 72071, 1937, 52721, 11586, 95378, 12603, 22711, 7770, 30975, 43951, 55031, 2794, 31555, 40143, 45735, 26934, 973, 11552, 95654, 8346, 61470, 70413, 10371, 43200, 65213, 34376, 43681, 71623, 66363, 61726, 96882, 59629, 26130, 46919, 32533, 16075, 75983, 81859, 16243, 8366, 15261, 18908, 62350, 61492, 83170, 50893, 81836, 3003, 93817, 66605, 40524, 65446, 28020, 1863, 725, 71665, 25810, 44842, 73472, 41194, 64753, 52869, 28406, 39260, 71021, 44544, 65259, 40879, 61260, 45447, 45201, 3321, 71834, 91841, 85944, 94448, 53777, 52512, 8549, 49201, 19980, 24764, 94536, 5157, 97859, 66443, 89316, 95801, 13183, 85710, 46447, 35334, 77529, 59421, 81195, 9851, 45065, 1228, 86952, 32820, 60942, 12527, 2701, 43832, 81092, 19751, 59457, 23812, 97339, 11061, 65182, 36676, 27888, 43573, 78010, 73786, 42822, 94936, 73010, 77609, 10163, 63290, 27012, 14424, 18531, 84803, 64958, 43258, 85321, 82524, 12515, 71837, 58848, 55036, 90390, 48542, 50684, 67693, 63530, 31868, 23633, 21579, 6184, 53131, 21002, 64832, 92053, 7184, 69006, 35823, 8901, 37893, 51534, 12913, 22446, 26285, 70255, 27641, 21932, 83656, 66575, 48694, 39512, 17613, 54185, 98358, 36273, 43014, 10733, 45136, 56634, 51849, 94288, 26786, 42387, 35475, 24444, 8118, 49485, 81714, 83778, 89561, 8738, 52024, 58874, 72716, 42311, 25454, 87595, 81934, 17964, 61433, 19494, 83691, 27415, 37037, 93113, 43616, 52964, 48333, 56234, 18241, 27411, 16419, 52538, 26653, 9839, 74465, 52527, 80201, 79630, 1840, 83276, 82109, 32792, 12949, 92039, 43765, 36272, 54630, 58463, 7943, 38328, 97833, 45183, 91200, 15929, 47964, 40561, 81809, 14276, 39018, 78090, 20469, 86063, 44225, 33166, 87717, 85524, 97465, 83919, 30571, 47291, 11687, 54825, 46134, 8685, 78917, 38709, 83964, 2221, 51487, 86847, 14005, 89651, 45410, 32614, 24838, 40258, 99135, 55054, 4969, 96553, 24382, 92307, 81538, 18598, 31340, 57241, 99094, 6002, 7419, 86820, 42779, 11869, 72254, 27411, 31840, 79401, 73664, 91511, 29301, 88737, 56727, 37464, 71958, 69508, 25388, 4807, 91309, 55535, 78168, 94902, 31655, 46027, 94454, 40509, 42451, 1052, 68891, 6541, 61185, 60171, 90386, 32613, 13324, 92786, 63265, 21684, 48267, 73039, 43664, 60352, 52907, 44675, 95496, 2418, 7997, 69656, 52682, 3534, 62641, 94861, 67850, 67794, 22721, 46227, 31666, 8747, 35366, 39868, 7244, 91381, 38982, 77500, 57926, 64111, 61778, 4991, 50703, 56802, 29847, 58359, 95807, 95068, 83415, 81616, 76533, 71507, 98373, 2134, 16453, 78850, 30462, 46604, 89830, 21706, 86295, 8595, 79105, 19655, 43131, 3478, 75436, 73052, 71062, 31739, 45697, 16052, 87826, 33911, 8138, 66268, 4656, 40763, 97630, 99868, 91639, 2772, 58917, 49516, 46748, 20804, 59466, 99872, 25910, 53332, 38030, 78030, 73087, 32427, 25656, 22734, 86384, 91610, 214, 58585, 43431, 32734, 17757, 39750, 16177, 71705, 51831, 42392, 85543, 6696, 8045, 46570, 30940, 78199, 29592, 24154, 78765, 84514, 86057, 90538, 96392, 38901, 72898, 62612, 33489, 59571, 82991, 44920, 37691, 1121, 94492, 51499, 82069, 28888, 14310, 88903, 84118, 10546, 30703, 78344, 91528, 40853, 4171, 4336, 52942, 23065, 9391, 86682, 8024, 19625, 91371, 66707, 17488, 10058, 52363, 62581, 72253, 66959, 9752, 13742, 86275, 76334, 53755, 50348, 61297, 71442, 60130, 43371, 96139, 17674, 23526, 15019, 82578, 51684, 64820, 51041, 4364, 44980, 70927, 4192, 97078, 91706, 68350, 77970, 42423, 59117, 98713, 81658, 5742, 16489, 29002, 42948, 22071, 91882, 87587, 87335, 92995, 94276, 73117, 79084, 6387, 11821, 92270, 39525, 34375, 79523, 78948, 53831, 62075, 20954, 96006, 36604, 39077, 58604, 29341, 89780, 20577, 57898, 43874, 87854, 39253, 63110, 39371, 19091, 10078, 61402, 86956, 2706, 6459, 53395, 56986, 73952, 14732, 36024, 78732, 78176, 77392, 90109, 7387, 46633, 28051, 78533, 47690, 10143, 69800, 44745, 15386, 78043, 85757, 67383, 85811, 74336, 6202, 10109, 54780, 811, 76576, 77040, 49169, 96682, 92835, 45041, 1842, 65528, 34016, 83474, 14013, 27202, 66335, 44499, 370, 21730, 52896, 71182, 85991, 39160, 40902, 55926, 35512, 75736, 13601, 92189, 77065, 84092, 98012, 48127, 11588, 90917, 67209, 11527, 94121, 43713, 79943, 21649, 81567, 58642, 44906, 74680, 40034, 91400, 63001, 5213, 55104, 32747, 93307, 38861, 27986, 4842, 71222, 96204, 50490, 41376, 83189, 378, 48774, 92287, 2703, 84308, 62388, 24134, 92282, 90947, 61816, 96517, 93801, 12248, 42612, 36596, 34402, 48549, 64887, 18886, 20656, 39553, 90994, 50931, 61171, 97927, 2047, 85741, 60257, 56686, 62824, 95036, 97774, 26512, 32213, 24226, 39119, 9190, 40253, 35323, 71271, 90577, 44, 70979, 92296, 59388, 78444, 59936, 61842, 18317, 14104, 74209, 24390, 30917, 86127, 98120, 80417, 53683, 4088, 22491, 83407, 32889, 33182, 90125, 68253, 63599, 54457, 91265, 92333, 23178, 96129, 44767, 46114, 84454, 73652, 77970, 9354, 12847, 74690, 31643, 71792, 72701, 44459, 13482, 2404, 79190, 44599, 39581, 83762, 38122, 78181, 85472, 89495, 96088, 45750, 12132, 86111, 9109, 84610, 44138, 65151, 75159, 7903, 24327, 23796, 27486, 76491, 91005, 62756, 8359, 39827, 37498, 88884, 69064, 88341, 83620, 5172, 25162, 12655, 35222, 43042, 31508, 95614, 11871, 72016, 12050, 46298, 82757, 50191, 22398, 65305, 63983, 69826, 58709, 70825, 19588, 82568, 42327, 11142, 71395, 10520, 43850, 12080, 34833, 59211, 82355, 44790, 14277, 94119, 99751, 55723, 66045, 65818, 52492, 28845, 77469, 6552, 85250, 81990, 20182, 31757, 24256, 8564, 51246, 18916, 38412, 36848, 69380, 96252, 20867, 86440, 12168, 57866, 16845, 44507, 27280, 78684, 72618, 39882, 21960, 75878, 24632, 3639, 77549, 1172, 17919, 43076, 60918, 7295, 36117, 78965, 29935, 36303, 38772, 34652, 92292, 20532, 49163, 23139, 14852, 2419, 94945, 10473, 58389, 87817, 18164, 62277, 68791, 13348, 73330, 36876, 65334, 21264, 45823, 48913, 66448, 45681, 76227, 3298, 19245, 15292, 74225, 2081, 12669, 14545, 37361, 93452, 1880, 79845, 47996, 3938, 92890, 66904, 15377, 35288, 80314, 59754, 72027, 85560, 13002, 79410, 60381, 36834, 26822, 18526, 4275, 21261, 76951, 98894, 44292, 83338, 72810, 24459, 48197, 60404]})"
45.0,7,8,74,15.187870264053345,10113,"Genotype(dna={""<class 'abc.NT_0017'>"": [0, 91624], ""<class 'abc.NT_0017_P_00000'>"": [], ""<class 'abc.NT_0015'>"": [59754, 18526], ""<class 'abc.NT_0015_P_00000'>"": [], ""<class 'abc.NT_0000'>"": [16022, 0, 68658, 75248], ""<class 'abc.NT_0000_P_00000'>"": [], ""<class 'bool'>"": [86460, 41233, 75986, 25993, 82631, 61562, 27230, 83215], ""<class 'abc.NT_0000_P_00001'>"": [], ""<class 'int'>"": [91663, 89850, 80314, 60404], ""<class 'abc.NT_0000_P_00002'>"": [], ""<class 'abc.NT_0000_P_00003'>"": [], ""<class 'abc.NT_0015_P_00001'>"": [], ""<class 'abc.NT_0010'>"": [], ""<class 'abc.NT_0010_P_00000'>"": [], ""<class 'abc.NT_0007'>"": [], ""<class 'abc.NT_0007_P_00000'>"": [], ""<class 'abc.NT_0003'>"": [], ""<class 'abc.NT_0003_P_00000'>"": [], ""<class 'abc.NT_0002'>"": [0, 15377], ""<class 'abc.NT_0002_P_00000'>"": [], ""<class 'abc.NT_0002_P_00001'>"": [], ""<class 'abc.NT_0001'>"": [36432, 14518, 2, 43884, 40571], ""<class 'abc.NT_0001_P_00000'>"": [], ""<class 'abc.NT_0001_P_00001'>"": [], ""<class 'abc.NT_0001_P_00002'>"": [], ""<class 'abc.NT_0001_P_00003'>"": [], ""<class 'abc.NT_0001_P_00004'>"": [], ""<class 'abc.NT_0002_P_00002'>"": [], ""<class 'abc.NT_0002_P_00003'>"": [], ""<class 'abc.NT_0003_P_00001'>"": [], ""<class 'abc.NT_0003_P_00002'>"": [], ""<class 'abc.NT_0003_P_00003'>"": [], ""<class 'abc.NT_0007_P_00001'>"": [], ""<class 'abc.NT_0004'>"": [62590, 30197, 83338, 72810, 24459, 48197], ""<class 'abc.NT_0004_P_00000'>"": [], ""<class 'abc.NT_0004_P_00001'>"": [], ""<class 'abc.NT_0010_P_00001'>"": [], ""<class 'abc.NT_0008'>"": [], ""<class 'abc.NT_0008_P_00000'>"": [], ""<class 'abc.NT_0010_P_00002'>"": [], ""<class 'abc.NT_0005'>"": [], ""<class 'abc.NT_0005_P_00000'>"": [], ""<class 'abc.NT_0005_P_00001'>"": [], ""<class 'abc.NT_0009'>"": [72027, 4275], ""<class 'abc.NT_0009_P_00000'>"": [], ""<class 'abc.NT_0009_P_00001'>"": [], ""<class 'abc.NT_0006'>"": [], ""<class 'abc.NT_0006_P_00000'>"": [], ""<class 'abc.NT_0009_P_00002'>"": [], ""<class 'abc.NT_0009_P_00003'>"": [], ""<class 'abc.NT_0015_P_00002'>"": [], ""<class 'abc.NT_0015_P_00003'>"": [], ""<class 'abc.NT_0014'>"": [], ""<class 'abc.NT_0014_P_00000'>"": [], ""<class 'abc.NT_0014_P_00001'>"": [], ""<class 'abc.NT_0015_P_00004'>"": [], ""<class 'abc.NT_0017_P_00001'>"": [], ""<class 'abc.NT_0016'>"": [], ""<class 'abc.NT_0016_P_00000'>"": [], ""<class 'abc.NT_0016_P_00001'>"": [], ""<class 'abc.NT_0016_P_00002'>"": [], ""<class 'abc.NT_0017_P_00002'>"": [], '$leftovers': [57587, 20000, 54340, 26317, 6481, 50799, 53366, 57672, 15437, 41470, 43194, 76280, 53058, 16632, 24951, 11647, 20336, 85920, 79178, 86726, 29687, 35122, 19936, 77951, 52918, 77202, 86811, 49977, 33989, 62146, 44283, 86282, 53235, 34529, 93786, 26995, 59308, 96804, 32075, 89268, 17705, 44065, 20964, 70557, 41228, 50394, 73244, 80589, 89878, 70093, 13531, 33497, 2118, 78177, 32452, 6202, 17781, 36111, 70983, 16310, 50605, 68444, 59396, 2989, 86690, 65815, 89541, 4173, 66353, 83209, 87572, 36004, 564, 32908, 7913, 59000, 95465, 92810, 87181, 4723, 71261, 90499, 32785, 42988, 8818, 96196, 25382, 42871, 28094, 74450, 1798, 9925, 29165, 11964, 72226, 30190, 2543, 47952, 6757, 23982, 21833, 84542, 51070, 20362, 47872, 63420, 54664, 2566, 11695, 6523, 29859, 6201, 70774, 77659, 84464, 78867, 27667, 69385, 65140, 36605, 7012, 1250, 28942, 20757, 68110, 13812, 73414, 97476, 48447, 65592, 47550, 63325, 56635, 41252, 76420, 8978, 72071, 1937, 52721, 11586, 95378, 12603, 22711, 7770, 30975, 43951, 55031, 2794, 31555, 40143, 45735, 26934, 973, 11552, 95654, 8346, 61470, 70413, 10371, 43200, 65213, 34376, 43681, 71623, 66363, 61726, 96882, 59629, 26130, 46919, 32533, 16075, 75983, 81859, 16243, 8366, 15261, 18908, 62350, 61492, 83170, 50893, 81836, 3003, 93817, 66605, 40524, 65446, 28020, 1863, 725, 71665, 25810, 44842, 73472, 41194, 64753, 52869, 28406, 39260, 71021, 44544, 65259, 40879, 61260, 45447, 45201, 3321, 71834, 91841, 85944, 94448, 53777, 52512, 8549, 49201, 19980, 24764, 94536, 5157, 97859, 66443, 89316, 95801, 13183, 85710, 46447, 35334, 77529, 59421, 81195, 9851, 45065, 1228, 86952, 32820, 60942, 12527, 2701, 43832, 81092, 19751, 59457, 23812, 97339, 11061, 65182, 36676, 27888, 43573, 78010, 73786, 42822, 94936, 73010, 77609, 10163, 63290, 27012, 14424, 18531, 84803, 64958, 43258, 85321, 82524, 12515, 71837, 58848, 55036, 90390, 48542, 50684, 67693, 63530, 31868, 23633, 21579, 6184, 53131, 21002, 64832, 92053, 7184, 69006, 35823, 8901, 37893, 51534, 12913, 22446, 26285, 70255, 27641, 21932, 83656, 66575, 48694, 39512, 17613, 54185, 98358, 36273, 43014, 10733, 45136, 56634, 51849, 94288, 26786, 42387, 35475, 24444, 8118, 49485, 81714, 83778, 89561, 8738, 52024, 58874, 72716, 42311, 25454, 87595, 81934, 17964, 61433, 19494, 83691, 27415, 37037, 93113, 43616, 52964, 48333, 56234, 18241, 27411, 16419, 52538, 26653, 9839, 74465, 52527, 80201, 79630, 1840, 83276, 82109, 32792, 12949, 92039, 43765, 36272, 54630, 58463, 7943, 38328, 97833, 45183, 91200, 15929, 47964, 40561, 81809, 14276, 39018, 78090, 20469, 86063, 44225, 33166, 87717, 85524, 97465, 83919, 30571, 47291, 11687, 54825, 46134, 8685, 78917, 38709, 83964, 2221, 51487, 86847, 14005, 89651, 45410, 32614, 24838, 40258, 99135, 55054, 4969, 96553, 24382, 92307, 81538, 18598, 31340, 57241, 99094, 6002, 7419, 86820, 42779, 11869, 72254, 27411, 31840, 79401, 73664, 91511, 29301, 88737, 56727, 37464, 71958, 69508, 25388, 4807, 91309, 55535, 78168, 94902, 31655, 46027, 94454, 40509, 42451, 1052, 68891, 6541, 61185, 60171, 90386, 32613, 13324, 92786, 63265, 21684, 48267, 73039, 43664, 60352, 52907, 44675, 95496, 2418, 7997, 69656, 52682, 3534, 62641, 94861, 67850, 67794, 22721, 46227, 31666, 8747, 35366, 39868, 7244, 91381, 38982, 77500, 57926, 64111, 61778, 4991, 50703, 56802, 29847, 58359, 95807, 95068, 83415, 81616, 76533, 71507, 98373, 2134, 16453, 78850, 30462, 46604, 89830, 21706, 86295, 8595, 79105, 19655, 43131, 3478, 75436, 73052, 71062, 31739, 45697, 16052, 87826, 33911, 8138, 66268, 4656, 40763, 97630, 99868, 91639, 2772, 58917, 49516, 46748, 20804, 59466, 99872, 25910, 53332, 38030, 78030, 73087, 32427, 25656, 22734, 86384, 91610, 214, 58585, 43431, 32734, 17757, 39750, 16177, 71705, 51831, 42392, 85543, 6696, 8045, 46570, 30940, 78199, 29592, 24154, 78765, 84514, 86057, 90538, 96392, 38901, 72898, 62612, 33489, 59571, 82991, 44920, 37691, 1121, 94492, 51499, 82069, 28888, 14310, 88903, 84118, 10546, 30703, 78344, 91528, 40853, 4171, 4336, 52942, 23065, 9391, 86682, 8024, 19625, 91371, 66707, 17488, 10058, 52363, 62581, 72253, 66959, 9752, 13742, 86275, 76334, 53755, 50348, 61297, 71442, 60130, 43371, 96139, 17674, 23526, 15019, 82578, 51684, 64820, 51041, 4364, 44980, 70927, 4192, 97078, 91706, 68350, 77970, 42423, 59117, 98713, 81658, 5742, 16489, 29002, 42948, 22071, 91882, 87587, 87335, 92995, 94276, 73117, 79084, 6387, 11821, 92270, 39525, 34375, 79523, 78948, 53831, 62075, 20954, 96006, 36604, 39077, 58604, 29341, 89780, 20577, 57898, 43874, 87854, 39253, 63110, 39371, 19091, 10078, 61402, 86956, 2706, 6459, 53395, 56986, 73952, 14732, 36024, 78732, 78176, 77392, 90109, 7387, 46633, 28051, 78533, 47690, 10143, 69800, 44745, 15386, 78043, 85757, 67383, 85811, 74336, 6202, 10109, 54780, 811, 76576, 77040, 49169, 96682, 92835, 45041, 1842, 65528, 34016, 83474, 14013, 27202, 66335, 44499, 370, 21730, 52896, 71182, 85991, 39160, 40902, 55926, 35512, 75736, 13601, 92189, 77065, 84092, 98012, 48127, 11588, 90917, 67209, 11527, 94121, 43713, 79943, 21649, 81567, 58642, 44906, 74680, 40034, 91400, 63001, 5213, 55104, 32747, 93307, 38861, 27986, 4842, 71222, 96204, 50490, 41376, 83189, 378, 48774, 92287, 2703, 84308, 62388, 24134, 92282, 90947, 61816, 96517, 93801, 12248, 42612, 36596, 34402, 48549, 64887, 18886, 20656, 39553, 90994, 50931, 61171, 97927, 2047, 85741, 60257, 56686, 62824, 95036, 97774, 26512, 32213, 24226, 39119, 9190, 40253, 35323, 71271, 90577, 44, 70979, 92296, 59388, 78444, 59936, 61842, 18317, 14104, 74209, 24390, 30917, 86127, 98120, 80417, 53683, 4088, 22491, 83407, 32889, 33182, 90125, 68253, 63599, 54457, 91265, 92333, 23178, 96129, 44767, 46114, 84454, 73652, 77970, 9354, 12847, 74690, 31643, 71792, 72701, 44459, 13482, 2404, 79190, 44599, 39581, 83762, 38122, 78181, 85472, 89495, 96088, 45750, 12132, 86111, 9109, 84610, 44138, 65151, 75159, 7903, 24327, 23796, 27486, 76491, 91005, 62756, 8359, 39827, 37498, 88884, 69064, 88341, 83620, 5172, 25162, 12655, 35222, 43042, 31508, 95614, 11871, 72016, 12050, 46298, 82757, 50191, 22398, 65305, 63983, 69826, 58709, 70825, 19588, 82568, 42327, 11142, 71395, 10520, 43850, 12080, 34833, 59211, 82355, 44790, 14277, 94119, 99751, 55723, 66045, 65818, 52492, 28845, 77469, 6552, 85250, 81990, 20182, 31757, 24256, 8564, 51246, 18916, 38412, 36848, 69380, 96252, 20867, 86440, 12168, 57866, 16845, 44507, 27280, 78684, 72618, 39882, 21960, 75878, 24632, 3639, 77549, 1172, 17919, 43076, 60918, 7295, 36117, 78965, 29935, 36303, 38772, 34652, 92292, 20532, 49163, 23139, 14852, 2419, 94945, 10473, 58389, 87817, 18164, 62277, 68791, 13348, 73330, 36876, 65334, 21264, 45823, 48913, 66448, 45681, 76227, 3298, 19245, 15292, 74225, 2081, 12669, 14545, 37361, 93452, 1880, 79845, 47996, 3938, 92890, 66904, 15377, 35288, 80314, 59754, 72027, 85560, 13002, 79410, 60381, 36834, 26822, 18526, 4275, 21261, 76951, 98894, 44292, 83338, 72810, 24459, 48197, 60404]})"
45.0,7,8,75,15.289976835250854,10113,"Genotype(dna={""<class 'abc.NT_0017'>"": [0, 91624], ""<class 'abc.NT_0017_P_00000'>"": [], ""<class 'abc.NT_0015'>"": [59754, 18526], ""<class 'abc.NT_0015_P_00000'>"": [], ""<class 'abc.NT_0000'>"": [16022, 0, 68658, 75248], ""<class 'abc.NT_0000_P_00000'>"": [], ""<class 'bool'>"": [86460, 41233, 75986, 25993, 82631, 61562, 27230, 83215], ""<class 'abc.NT_0000_P_00001'>"": [], ""<class 'int'>"": [91663, 89850, 80314, 60404], ""<class 'abc.NT_0000_P_00002'>"": [], ""<class 'abc.NT_0000_P_00003'>"": [], ""<class 'abc.NT_0015_P_00001'>"": [], ""<class 'abc.NT_0010'>"": [], ""<class 'abc.NT_0010_P_00000'>"": [], ""<class 'abc.NT_0007'>"": [], ""<class 'abc.NT_0007_P_00000'>"": [], ""<class 'abc.NT_0003'>"": [], ""<class 'abc.NT_0003_P_00000'>"": [], ""<class 'abc.NT_0002'>"": [0, 15377], ""<class 'abc.NT_0002_P_00000'>"": [], ""<class 'abc.NT_0002_P_00001'>"": [], ""<class 'abc.NT_0001'>"": [36432, 14518, 2, 43884, 40571], ""<class 'abc.NT_0001_P_00000'>"": [], ""<class 'abc.NT_0001_P_00001'>"": [], ""<class 'abc.NT_0001_P_00002'>"": [], ""<class 'abc.NT_0001_P_00003'>"": [], ""<class 'abc.NT_0001_P_00004'>"": [], ""<class 'abc.NT_0002_P_00002'>"": [], ""<class 'abc.NT_0002_P_00003'>"": [], ""<class 'abc.NT_0003_P_00001'>"": [], ""<class 'abc.NT_0003_P_00002'>"": [], ""<class 'abc.NT_0003_P_00003'>"": [], ""<class 'abc.NT_0007_P_00001'>"": [], ""<class 'abc.NT_0004'>"": [62590, 30197, 83338, 72810, 24459, 48197], ""<class 'abc.NT_0004_P_00000'>"": [], ""<class 'abc.NT_0004_P_00001'>"": [], ""<class 'abc.NT_0010_P_00001'>"": [], ""<class 'abc.NT_0008'>"": [], ""<class 'abc.NT_0008_P_00000'>"": [], ""<class 'abc.NT_0010_P_00002'>"": [], ""<class 'abc.NT_0005'>"": [], ""<class 'abc.NT_0005_P_00000'>"": [], ""<class 'abc.NT_0005_P_00001'>"": [], ""<class 'abc.NT_0009'>"": [72027, 4275], ""<class 'abc.NT_0009_P_00000'>"": [], ""<class 'abc.NT_0009_P_00001'>"": [], ""<class 'abc.NT_0006'>"": [], ""<class 'abc.NT_0006_P_00000'>"": [], ""<class 'abc.NT_0009_P_00002'>"": [], ""<class 'abc.NT_0009_P_00003'>"": [], ""<class 'abc.NT_0015_P_00002'>"": [], ""<class 'abc.NT_0015_P_00003'>"": [], ""<class 'abc.NT_0014'>"": [], ""<class 'abc.NT_0014_P_00000'>"": [], ""<class 'abc.NT_0014_P_00001'>"": [], ""<class 'abc.NT_0015_P_00004'>"": [], ""<class 'abc.NT_0017_P_00001'>"": [], ""<class 'abc.NT_0016'>"": [], ""<class 'abc.NT_0016_P_00000'>"": [], ""<class 'abc.NT_0016_P_00001'>"": [], ""<class 'abc.NT_0016_P_00002'>"": [], ""<class 'abc.NT_0017_P_00002'>"": [], '$leftovers': [57587, 20000, 54340, 26317, 6481, 50799, 53366, 57672, 15437, 41470, 43194, 76280, 53058, 16632, 24951, 11647, 20336, 85920, 79178, 86726, 29687, 35122, 19936, 77951, 52918, 77202, 86811, 49977, 33989, 62146, 44283, 86282, 53235, 34529, 93786, 26995, 59308, 96804, 32075, 89268, 17705, 44065, 20964, 70557, 41228, 50394, 73244, 80589, 89878, 70093, 13531, 33497, 2118, 78177, 32452, 6202, 17781, 36111, 70983, 16310, 50605, 68444, 59396, 2989, 86690, 65815, 89541, 4173, 66353, 83209, 87572, 36004, 564, 32908, 7913, 59000, 95465, 92810, 87181, 4723, 71261, 90499, 32785, 42988, 8818, 96196, 25382, 42871, 28094, 74450, 1798, 9925, 29165, 11964, 72226, 30190, 2543, 47952, 6757, 23982, 21833, 84542, 51070, 20362, 47872, 63420, 54664, 2566, 11695, 6523, 29859, 6201, 70774, 77659, 84464, 78867, 27667, 69385, 65140, 36605, 7012, 1250, 28942, 20757, 68110, 13812, 73414, 97476, 48447, 65592, 47550, 63325, 56635, 41252, 76420, 8978, 72071, 1937, 52721, 11586, 95378, 12603, 22711, 7770, 30975, 43951, 55031, 2794, 31555, 40143, 45735, 26934, 973, 11552, 95654, 8346, 61470, 70413, 10371, 43200, 65213, 34376, 43681, 71623, 66363, 61726, 96882, 59629, 26130, 46919, 32533, 16075, 75983, 81859, 16243, 8366, 15261, 18908, 62350, 61492, 83170, 50893, 81836, 3003, 93817, 66605, 40524, 65446, 28020, 1863, 725, 71665, 25810, 44842, 73472, 41194, 64753, 52869, 28406, 39260, 71021, 44544, 65259, 40879, 61260, 45447, 45201, 3321, 71834, 91841, 85944, 94448, 53777, 52512, 8549, 49201, 19980, 24764, 94536, 5157, 97859, 66443, 89316, 95801, 13183, 85710, 46447, 35334, 77529, 59421, 81195, 9851, 45065, 1228, 86952, 32820, 60942, 12527, 2701, 43832, 81092, 19751, 59457, 23812, 97339, 11061, 65182, 36676, 27888, 43573, 78010, 73786, 42822, 94936, 73010, 77609, 10163, 63290, 27012, 14424, 18531, 84803, 64958, 43258, 85321, 82524, 12515, 71837, 58848, 55036, 90390, 48542, 50684, 67693, 63530, 31868, 23633, 21579, 6184, 53131, 21002, 64832, 92053, 7184, 69006, 35823, 8901, 37893, 51534, 12913, 22446, 26285, 70255, 27641, 21932, 83656, 66575, 48694, 39512, 17613, 54185, 98358, 36273, 43014, 10733, 45136, 56634, 51849, 94288, 26786, 42387, 35475, 24444, 8118, 49485, 81714, 83778, 89561, 8738, 52024, 58874, 72716, 42311, 25454, 87595, 81934, 17964, 61433, 19494, 83691, 27415, 37037, 93113, 43616, 52964, 48333, 56234, 18241, 27411, 16419, 52538, 26653, 9839, 74465, 52527, 80201, 79630, 1840, 83276, 82109, 32792, 12949, 92039, 43765, 36272, 54630, 58463, 7943, 38328, 97833, 45183, 91200, 15929, 47964, 40561, 81809, 14276, 39018, 78090, 20469, 86063, 44225, 33166, 87717, 85524, 97465, 83919, 30571, 47291, 11687, 54825, 46134, 8685, 78917, 38709, 83964, 2221, 51487, 86847, 14005, 89651, 45410, 32614, 24838, 40258, 99135, 55054, 4969, 96553, 24382, 92307, 81538, 18598, 31340, 57241, 99094, 6002, 7419, 86820, 42779, 11869, 72254, 27411, 31840, 79401, 73664, 91511, 29301, 88737, 56727, 37464, 71958, 69508, 25388, 4807, 91309, 55535, 78168, 94902, 31655, 46027, 94454, 40509, 42451, 1052, 68891, 6541, 61185, 60171, 90386, 32613, 13324, 92786, 63265, 21684, 48267, 73039, 43664, 60352, 52907, 44675, 95496, 2418, 7997, 69656, 52682, 3534, 62641, 94861, 67850, 67794, 22721, 46227, 31666, 8747, 35366, 39868, 7244, 91381, 38982, 77500, 57926, 64111, 61778, 4991, 50703, 56802, 29847, 58359, 95807, 95068, 83415, 81616, 76533, 71507, 98373, 2134, 16453, 78850, 30462, 46604, 89830, 21706, 86295, 8595, 79105, 19655, 43131, 3478, 75436, 73052, 71062, 31739, 45697, 16052, 87826, 33911, 8138, 66268, 4656, 40763, 97630, 99868, 91639, 2772, 58917, 49516, 46748, 20804, 59466, 99872, 25910, 53332, 38030, 78030, 73087, 32427, 25656, 22734, 86384, 91610, 214, 58585, 43431, 32734, 17757, 39750, 16177, 71705, 51831, 42392, 85543, 6696, 8045, 46570, 30940, 78199, 29592, 24154, 78765, 84514, 86057, 90538, 96392, 38901, 72898, 62612, 33489, 59571, 82991, 44920, 37691, 1121, 94492, 51499, 82069, 28888, 14310, 88903, 84118, 10546, 30703, 78344, 91528, 40853, 4171, 4336, 52942, 23065, 9391, 86682, 8024, 19625, 91371, 66707, 17488, 10058, 52363, 62581, 72253, 66959, 9752, 13742, 86275, 76334, 53755, 50348, 61297, 71442, 60130, 43371, 96139, 17674, 23526, 15019, 82578, 51684, 64820, 51041, 4364, 44980, 70927, 4192, 97078, 91706, 68350, 77970, 42423, 59117, 98713, 81658, 5742, 16489, 29002, 42948, 22071, 91882, 87587, 87335, 92995, 94276, 73117, 79084, 6387, 11821, 92270, 39525, 34375, 79523, 78948, 53831, 62075, 20954, 96006, 36604, 39077, 58604, 29341, 89780, 20577, 57898, 43874, 87854, 39253, 63110, 39371, 19091, 10078, 61402, 86956, 2706, 6459, 53395, 56986, 73952, 14732, 36024, 78732, 78176, 77392, 90109, 7387, 46633, 28051, 78533, 47690, 10143, 69800, 44745, 15386, 78043, 85757, 67383, 85811, 74336, 6202, 10109, 54780, 811, 76576, 77040, 49169, 96682, 92835, 45041, 1842, 65528, 34016, 83474, 14013, 27202, 66335, 44499, 370, 21730, 52896, 71182, 85991, 39160, 40902, 55926, 35512, 75736, 13601, 92189, 77065, 84092, 98012, 48127, 11588, 90917, 67209, 11527, 94121, 43713, 79943, 21649, 81567, 58642, 44906, 74680, 40034, 91400, 63001, 5213, 55104, 32747, 93307, 38861, 27986, 4842, 71222, 96204, 50490, 41376, 83189, 378, 48774, 92287, 2703, 84308, 62388, 24134, 92282, 90947, 61816, 96517, 93801, 12248, 42612, 36596, 34402, 48549, 64887, 18886, 20656, 39553, 90994, 50931, 61171, 97927, 2047, 85741, 60257, 56686, 62824, 95036, 97774, 26512, 32213, 24226, 39119, 9190, 40253, 35323, 71271, 90577, 44, 70979, 92296, 59388, 78444, 59936, 61842, 18317, 14104, 74209, 24390, 30917, 86127, 98120, 80417, 53683, 4088, 22491, 83407, 32889, 33182, 90125, 68253, 63599, 54457, 91265, 92333, 23178, 96129, 44767, 46114, 84454, 73652, 77970, 9354, 12847, 74690, 31643, 71792, 72701, 44459, 13482, 2404, 79190, 44599, 39581, 83762, 38122, 78181, 85472, 89495, 96088, 45750, 12132, 86111, 9109, 84610, 44138, 65151, 75159, 7903, 24327, 23796, 27486, 76491, 91005, 62756, 8359, 39827, 37498, 88884, 69064, 88341, 83620, 5172, 25162, 12655, 35222, 43042, 31508, 95614, 11871, 72016, 12050, 46298, 82757, 50191, 22398, 65305, 63983, 69826, 58709, 70825, 19588, 82568, 42327, 11142, 71395, 10520, 43850, 12080, 34833, 59211, 82355, 44790, 14277, 94119, 99751, 55723, 66045, 65818, 52492, 28845, 77469, 6552, 85250, 81990, 20182, 31757, 24256, 8564, 51246, 18916, 38412, 36848, 69380, 96252, 20867, 86440, 12168, 57866, 16845, 44507, 27280, 78684, 72618, 39882, 21960, 75878, 24632, 3639, 77549, 1172, 17919, 43076, 60918, 7295, 36117, 78965, 29935, 36303, 38772, 34652, 92292, 20532, 49163, 23139, 14852, 2419, 94945, 10473, 58389, 87817, 18164, 62277, 68791, 13348, 73330, 36876, 65334, 21264, 45823, 48913, 66448, 45681, 76227, 3298, 19245, 15292, 74225, 2081, 12669, 14545, 37361, 93452, 1880, 79845, 47996, 3938, 92890, 66904, 15377, 35288, 80314, 59754, 72027, 85560, 13002, 79410, 60381, 36834, 26822, 18526, 4275, 21261, 76951, 98894, 44292, 83338, 72810, 24459, 48197, 60404]})"
45.0,7,8,76,15.381534814834595,10113,"Genotype(dna={""<class 'abc.NT_0017'>"": [0, 91624], ""<class 'abc.NT_0017_P_00000'>"": [], ""<class 'abc.NT_0015'>"": [59754, 18526], ""<class 'abc.NT_0015_P_00000'>"": [], ""<class 'abc.NT_0000'>"": [16022, 0, 68658, 75248], ""<class 'abc.NT_0000_P_00000'>"": [], ""<class 'bool'>"": [86460, 41233, 75986, 25993, 82631, 61562, 27230, 83215], ""<class 'abc.NT_0000_P_00001'>"": [], ""<class 'int'>"": [91663, 89850, 80314, 60404], ""<class 'abc.NT_0000_P_00002'>"": [], ""<class 'abc.NT_0000_P_00003'>"": [], ""<class 'abc.NT_0015_P_00001'>"": [], ""<class 'abc.NT_0010'>"": [], ""<class 'abc.NT_0010_P_00000'>"": [], ""<class 'abc.NT_0007'>"": [], ""<class 'abc.NT_0007_P_00000'>"": [], ""<class 'abc.NT_0003'>"": [], ""<class 'abc.NT_0003_P_00000'>"": [], ""<class 'abc.NT_0002'>"": [0, 15377], ""<class 'abc.NT_0002_P_00000'>"": [], ""<class 'abc.NT_0002_P_00001'>"": [], ""<class 'abc.NT_0001'>"": [36432, 14518, 2, 43884, 40571], ""<class 'abc.NT_0001_P_00000'>"": [], ""<class 'abc.NT_0001_P_00001'>"": [], ""<class 'abc.NT_0001_P_00002'>"": [], ""<class 'abc.NT_0001_P_00003'>"": [], ""<class 'abc.NT_0001_P_00004'>"": [], ""<class 'abc.NT_0002_P_00002'>"": [], ""<class 'abc.NT_0002_P_00003'>"": [], ""<class 'abc.NT_0003_P_00001'>"": [], ""<class 'abc.NT_0003_P_00002'>"": [], ""<class 'abc.NT_0003_P_00003'>"": [], ""<class 'abc.NT_0007_P_00001'>"": [], ""<class 'abc.NT_0004'>"": [62590, 30197, 83338, 72810, 24459, 48197], ""<class 'abc.NT_0004_P_00000'>"": [], ""<class 'abc.NT_0004_P_00001'>"": [], ""<class 'abc.NT_0010_P_00001'>"": [], ""<class 'abc.NT_0008'>"": [], ""<class 'abc.NT_0008_P_00000'>"": [], ""<class 'abc.NT_0010_P_00002'>"": [], ""<class 'abc.NT_0005'>"": [], ""<class 'abc.NT_0005_P_00000'>"": [], ""<class 'abc.NT_0005_P_00001'>"": [], ""<class 'abc.NT_0009'>"": [72027, 4275], ""<class 'abc.NT_0009_P_00000'>"": [], ""<class 'abc.NT_0009_P_00001'>"": [], ""<class 'abc.NT_0006'>"": [], ""<class 'abc.NT_0006_P_00000'>"": [], ""<class 'abc.NT_0009_P_00002'>"": [], ""<class 'abc.NT_0009_P_00003'>"": [], ""<class 'abc.NT_0015_P_00002'>"": [], ""<class 'abc.NT_0015_P_00003'>"": [], ""<class 'abc.NT_0014'>"": [], ""<class 'abc.NT_0014_P_00000'>"": [], ""<class 'abc.NT_0014_P_00001'>"": [], ""<class 'abc.NT_0015_P_00004'>"": [], ""<class 'abc.NT_0017_P_00001'>"": [], ""<class 'abc.NT_0016'>"": [], ""<class 'abc.NT_0016_P_00000'>"": [], ""<class 'abc.NT_0016_P_00001'>"": [], ""<class 'abc.NT_0016_P_00002'>"": [], ""<class 'abc.NT_0017_P_00002'>"": [], '$leftovers': [57587, 20000, 54340, 26317, 6481, 50799, 53366, 57672, 15437, 41470, 43194, 76280, 53058, 16632, 24951, 11647, 20336, 85920, 79178, 86726, 29687, 35122, 19936, 77951, 52918, 77202, 86811, 49977, 33989, 62146, 44283, 86282, 53235, 34529, 93786, 26995, 59308, 96804, 32075, 89268, 17705, 44065, 20964, 70557, 41228, 50394, 73244, 80589, 89878, 70093, 13531, 33497, 2118, 78177, 32452, 6202, 17781, 36111, 70983, 16310, 50605, 68444, 59396, 2989, 86690, 65815, 89541, 4173, 66353, 83209, 87572, 36004, 564, 32908, 7913, 59000, 95465, 92810, 87181, 4723, 71261, 90499, 32785, 42988, 8818, 96196, 25382, 42871, 28094, 74450, 1798, 9925, 29165, 11964, 72226, 30190, 2543, 47952, 6757, 23982, 21833, 84542, 51070, 20362, 47872, 63420, 54664, 2566, 11695, 6523, 29859, 6201, 70774, 77659, 84464, 78867, 27667, 69385, 65140, 36605, 7012, 1250, 28942, 20757, 68110, 13812, 73414, 97476, 48447, 65592, 47550, 63325, 56635, 41252, 76420, 8978, 72071, 1937, 52721, 11586, 95378, 12603, 22711, 7770, 30975, 43951, 55031, 2794, 31555, 40143, 45735, 26934, 973, 11552, 95654, 8346, 61470, 70413, 10371, 43200, 65213, 34376, 43681, 71623, 66363, 61726, 96882, 59629, 26130, 46919, 32533, 16075, 75983, 81859, 16243, 8366, 15261, 18908, 62350, 61492, 83170, 50893, 81836, 3003, 93817, 66605, 40524, 65446, 28020, 1863, 725, 71665, 25810, 44842, 73472, 41194, 64753, 52869, 28406, 39260, 71021, 44544, 65259, 40879, 61260, 45447, 45201, 3321, 71834, 91841, 85944, 94448, 53777, 52512, 8549, 49201, 19980, 24764, 94536, 5157, 97859, 66443, 89316, 95801, 13183, 85710, 46447, 35334, 77529, 59421, 81195, 9851, 45065, 1228, 86952, 32820, 60942, 12527, 2701, 43832, 81092, 19751, 59457, 23812, 97339, 11061, 65182, 36676, 27888, 43573, 78010, 73786, 42822, 94936, 73010, 77609, 10163, 63290, 27012, 14424, 18531, 84803, 64958, 43258, 85321, 82524, 12515, 71837, 58848, 55036, 90390, 48542, 50684, 67693, 63530, 31868, 23633, 21579, 6184, 53131, 21002, 64832, 92053, 7184, 69006, 35823, 8901, 37893, 51534, 12913, 22446, 26285, 70255, 27641, 21932, 83656, 66575, 48694, 39512, 17613, 54185, 98358, 36273, 43014, 10733, 45136, 56634, 51849, 94288, 26786, 42387, 35475, 24444, 8118, 49485, 81714, 83778, 89561, 8738, 52024, 58874, 72716, 42311, 25454, 87595, 81934, 17964, 61433, 19494, 83691, 27415, 37037, 93113, 43616, 52964, 48333, 56234, 18241, 27411, 16419, 52538, 26653, 9839, 74465, 52527, 80201, 79630, 1840, 83276, 82109, 32792, 12949, 92039, 43765, 36272, 54630, 58463, 7943, 38328, 97833, 45183, 91200, 15929, 47964, 40561, 81809, 14276, 39018, 78090, 20469, 86063, 44225, 33166, 87717, 85524, 97465, 83919, 30571, 47291, 11687, 54825, 46134, 8685, 78917, 38709, 83964, 2221, 51487, 86847, 14005, 89651, 45410, 32614, 24838, 40258, 99135, 55054, 4969, 96553, 24382, 92307, 81538, 18598, 31340, 57241, 99094, 6002, 7419, 86820, 42779, 11869, 72254, 27411, 31840, 79401, 73664, 91511, 29301, 88737, 56727, 37464, 71958, 69508, 25388, 4807, 91309, 55535, 78168, 94902, 31655, 46027, 94454, 40509, 42451, 1052, 68891, 6541, 61185, 60171, 90386, 32613, 13324, 92786, 63265, 21684, 48267, 73039, 43664, 60352, 52907, 44675, 95496, 2418, 7997, 69656, 52682, 3534, 62641, 94861, 67850, 67794, 22721, 46227, 31666, 8747, 35366, 39868, 7244, 91381, 38982, 77500, 57926, 64111, 61778, 4991, 50703, 56802, 29847, 58359, 95807, 95068, 83415, 81616, 76533, 71507, 98373, 2134, 16453, 78850, 30462, 46604, 89830, 21706, 86295, 8595, 79105, 19655, 43131, 3478, 75436, 73052, 71062, 31739, 45697, 16052, 87826, 33911, 8138, 66268, 4656, 40763, 97630, 99868, 91639, 2772, 58917, 49516, 46748, 20804, 59466, 99872, 25910, 53332, 38030, 78030, 73087, 32427, 25656, 22734, 86384, 91610, 214, 58585, 43431, 32734, 17757, 39750, 16177, 71705, 51831, 42392, 85543, 6696, 8045, 46570, 30940, 78199, 29592, 24154, 78765, 84514, 86057, 90538, 96392, 38901, 72898, 62612, 33489, 59571, 82991, 44920, 37691, 1121, 94492, 51499, 82069, 28888, 14310, 88903, 84118, 10546, 30703, 78344, 91528, 40853, 4171, 4336, 52942, 23065, 9391, 86682, 8024, 19625, 91371, 66707, 17488, 10058, 52363, 62581, 72253, 66959, 9752, 13742, 86275, 76334, 53755, 50348, 61297, 71442, 60130, 43371, 96139, 17674, 23526, 15019, 82578, 51684, 64820, 51041, 4364, 44980, 70927, 4192, 97078, 91706, 68350, 77970, 42423, 59117, 98713, 81658, 5742, 16489, 29002, 42948, 22071, 91882, 87587, 87335, 92995, 94276, 73117, 79084, 6387, 11821, 92270, 39525, 34375, 79523, 78948, 53831, 62075, 20954, 96006, 36604, 39077, 58604, 29341, 89780, 20577, 57898, 43874, 87854, 39253, 63110, 39371, 19091, 10078, 61402, 86956, 2706, 6459, 53395, 56986, 73952, 14732, 36024, 78732, 78176, 77392, 90109, 7387, 46633, 28051, 78533, 47690, 10143, 69800, 44745, 15386, 78043, 85757, 67383, 85811, 74336, 6202, 10109, 54780, 811, 76576, 77040, 49169, 96682, 92835, 45041, 1842, 65528, 34016, 83474, 14013, 27202, 66335, 44499, 370, 21730, 52896, 71182, 85991, 39160, 40902, 55926, 35512, 75736, 13601, 92189, 77065, 84092, 98012, 48127, 11588, 90917, 67209, 11527, 94121, 43713, 79943, 21649, 81567, 58642, 44906, 74680, 40034, 91400, 63001, 5213, 55104, 32747, 93307, 38861, 27986, 4842, 71222, 96204, 50490, 41376, 83189, 378, 48774, 92287, 2703, 84308, 62388, 24134, 92282, 90947, 61816, 96517, 93801, 12248, 42612, 36596, 34402, 48549, 64887, 18886, 20656, 39553, 90994, 50931, 61171, 97927, 2047, 85741, 60257, 56686, 62824, 95036, 97774, 26512, 32213, 24226, 39119, 9190, 40253, 35323, 71271, 90577, 44, 70979, 92296, 59388, 78444, 59936, 61842, 18317, 14104, 74209, 24390, 30917, 86127, 98120, 80417, 53683, 4088, 22491, 83407, 32889, 33182, 90125, 68253, 63599, 54457, 91265, 92333, 23178, 96129, 44767, 46114, 84454, 73652, 77970, 9354, 12847, 74690, 31643, 71792, 72701, 44459, 13482, 2404, 79190, 44599, 39581, 83762, 38122, 78181, 85472, 89495, 96088, 45750, 12132, 86111, 9109, 84610, 44138, 65151, 75159, 7903, 24327, 23796, 27486, 76491, 91005, 62756, 8359, 39827, 37498, 88884, 69064, 88341, 83620, 5172, 25162, 12655, 35222, 43042, 31508, 95614, 11871, 72016, 12050, 46298, 82757, 50191, 22398, 65305, 63983, 69826, 58709, 70825, 19588, 82568, 42327, 11142, 71395, 10520, 43850, 12080, 34833, 59211, 82355, 44790, 14277, 94119, 99751, 55723, 66045, 65818, 52492, 28845, 77469, 6552, 85250, 81990, 20182, 31757, 24256, 8564, 51246, 18916, 38412, 36848, 69380, 96252, 20867, 86440, 12168, 57866, 16845, 44507, 27280, 78684, 72618, 39882, 21960, 75878, 24632, 3639, 77549, 1172, 17919, 43076, 60918, 7295, 36117, 78965, 29935, 36303, 38772, 34652, 92292, 20532, 49163, 23139, 14852, 2419, 94945, 10473, 58389, 87817, 18164, 62277, 68791, 13348, 73330, 36876, 65334, 21264, 45823, 48913, 66448, 45681, 76227, 3298, 19245, 15292, 74225, 2081, 12669, 14545, 37361, 93452, 1880, 79845, 47996, 3938, 92890, 66904, 15377, 35288, 80314, 59754, 72027, 85560, 13002, 79410, 60381, 36834, 26822, 18526, 4275, 21261, 76951, 98894, 44292, 83338, 72810, 24459, 48197, 60404]})"
45.0,7,8,77,15.461714267730713,10113,"Genotype(dna={""<class 'abc.NT_0017'>"": [0, 91624], ""<class 'abc.NT_0017_P_00000'>"": [], ""<class 'abc.NT_0015'>"": [59754, 18526], ""<class 'abc.NT_0015_P_00000'>"": [], ""<class 'abc.NT_0000'>"": [16022, 0, 68658, 75248], ""<class 'abc.NT_0000_P_00000'>"": [], ""<class 'bool'>"": [86460, 41233, 75986, 25993, 82631, 61562, 27230, 83215], ""<class 'abc.NT_0000_P_00001'>"": [], ""<class 'int'>"": [91663, 89850, 80314, 60404], ""<class 'abc.NT_0000_P_00002'>"": [], ""<class 'abc.NT_0000_P_00003'>"": [], ""<class 'abc.NT_0015_P_00001'>"": [], ""<class 'abc.NT_0010'>"": [], ""<class 'abc.NT_0010_P_00000'>"": [], ""<class 'abc.NT_0007'>"": [], ""<class 'abc.NT_0007_P_00000'>"": [], ""<class 'abc.NT_0003'>"": [], ""<class 'abc.NT_0003_P_00000'>"": [], ""<class 'abc.NT_0002'>"": [0, 15377], ""<class 'abc.NT_0002_P_00000'>"": [], ""<class 'abc.NT_0002_P_00001'>"": [], ""<class 'abc.NT_0001'>"": [36432, 14518, 2, 43884, 40571], ""<class 'abc.NT_0001_P_00000'>"": [], ""<class 'abc.NT_0001_P_00001'>"": [], ""<class 'abc.NT_0001_P_00002'>"": [], ""<class 'abc.NT_0001_P_00003'>"": [], ""<class 'abc.NT_0001_P_00004'>"": [], ""<class 'abc.NT_0002_P_00002'>"": [], ""<class 'abc.NT_0002_P_00003'>"": [], ""<class 'abc.NT_0003_P_00001'>"": [], ""<class 'abc.NT_0003_P_00002'>"": [], ""<class 'abc.NT_0003_P_00003'>"": [], ""<class 'abc.NT_0007_P_00001'>"": [], ""<class 'abc.NT_0004'>"": [62590, 30197, 83338, 72810, 24459, 48197], ""<class 'abc.NT_0004_P_00000'>"": [], ""<class 'abc.NT_0004_P_00001'>"": [], ""<class 'abc.NT_0010_P_00001'>"": [], ""<class 'abc.NT_0008'>"": [], ""<class 'abc.NT_0008_P_00000'>"": [], ""<class 'abc.NT_0010_P_00002'>"": [], ""<class 'abc.NT_0005'>"": [], ""<class 'abc.NT_0005_P_00000'>"": [], ""<class 'abc.NT_0005_P_00001'>"": [], ""<class 'abc.NT_0009'>"": [72027, 4275], ""<class 'abc.NT_0009_P_00000'>"": [], ""<class 'abc.NT_0009_P_00001'>"": [], ""<class 'abc.NT_0006'>"": [], ""<class 'abc.NT_0006_P_00000'>"": [], ""<class 'abc.NT_0009_P_00002'>"": [], ""<class 'abc.NT_0009_P_00003'>"": [], ""<class 'abc.NT_0015_P_00002'>"": [], ""<class 'abc.NT_0015_P_00003'>"": [], ""<class 'abc.NT_0014'>"": [], ""<class 'abc.NT_0014_P_00000'>"": [], ""<class 'abc.NT_0014_P_00001'>"": [], ""<class 'abc.NT_0015_P_00004'>"": [], ""<class 'abc.NT_0017_P_00001'>"": [], ""<class 'abc.NT_0016'>"": [], ""<class 'abc.NT_0016_P_00000'>"": [], ""<class 'abc.NT_0016_P_00001'>"": [], ""<class 'abc.NT_0016_P_00002'>"": [], ""<class 'abc.NT_0017_P_00002'>"": [], '$leftovers': [57587, 20000, 54340, 26317, 6481, 50799, 53366, 57672, 15437, 41470, 43194, 76280, 53058, 16632, 24951, 11647, 20336, 85920, 79178, 86726, 29687, 35122, 19936, 77951, 52918, 77202, 86811, 49977, 33989, 62146, 44283, 86282, 53235, 34529, 93786, 26995, 59308, 96804, 32075, 89268, 17705, 44065, 20964, 70557, 41228, 50394, 73244, 80589, 89878, 70093, 13531, 33497, 2118, 78177, 32452, 6202, 17781, 36111, 70983, 16310, 50605, 68444, 59396, 2989, 86690, 65815, 89541, 4173, 66353, 83209, 87572, 36004, 564, 32908, 7913, 59000, 95465, 92810, 87181, 4723, 71261, 90499, 32785, 42988, 8818, 96196, 25382, 42871, 28094, 74450, 1798, 9925, 29165, 11964, 72226, 30190, 2543, 47952, 6757, 23982, 21833, 84542, 51070, 20362, 47872, 63420, 54664, 2566, 11695, 6523, 29859, 6201, 70774, 77659, 84464, 78867, 27667, 69385, 65140, 36605, 7012, 1250, 28942, 20757, 68110, 13812, 73414, 97476, 48447, 65592, 47550, 63325, 56635, 41252, 76420, 8978, 72071, 1937, 52721, 11586, 95378, 12603, 22711, 7770, 30975, 43951, 55031, 2794, 31555, 40143, 45735, 26934, 973, 11552, 95654, 8346, 61470, 70413, 10371, 43200, 65213, 34376, 43681, 71623, 66363, 61726, 96882, 59629, 26130, 46919, 32533, 16075, 75983, 81859, 16243, 8366, 15261, 18908, 62350, 61492, 83170, 50893, 81836, 3003, 93817, 66605, 40524, 65446, 28020, 1863, 725, 71665, 25810, 44842, 73472, 41194, 64753, 52869, 28406, 39260, 71021, 44544, 65259, 40879, 61260, 45447, 45201, 3321, 71834, 91841, 85944, 94448, 53777, 52512, 8549, 49201, 19980, 24764, 94536, 5157, 97859, 66443, 89316, 95801, 13183, 85710, 46447, 35334, 77529, 59421, 81195, 9851, 45065, 1228, 86952, 32820, 60942, 12527, 2701, 43832, 81092, 19751, 59457, 23812, 97339, 11061, 65182, 36676, 27888, 43573, 78010, 73786, 42822, 94936, 73010, 77609, 10163, 63290, 27012, 14424, 18531, 84803, 64958, 43258, 85321, 82524, 12515, 71837, 58848, 55036, 90390, 48542, 50684, 67693, 63530, 31868, 23633, 21579, 6184, 53131, 21002, 64832, 92053, 7184, 69006, 35823, 8901, 37893, 51534, 12913, 22446, 26285, 70255, 27641, 21932, 83656, 66575, 48694, 39512, 17613, 54185, 98358, 36273, 43014, 10733, 45136, 56634, 51849, 94288, 26786, 42387, 35475, 24444, 8118, 49485, 81714, 83778, 89561, 8738, 52024, 58874, 72716, 42311, 25454, 87595, 81934, 17964, 61433, 19494, 83691, 27415, 37037, 93113, 43616, 52964, 48333, 56234, 18241, 27411, 16419, 52538, 26653, 9839, 74465, 52527, 80201, 79630, 1840, 83276, 82109, 32792, 12949, 92039, 43765, 36272, 54630, 58463, 7943, 38328, 97833, 45183, 91200, 15929, 47964, 40561, 81809, 14276, 39018, 78090, 20469, 86063, 44225, 33166, 87717, 85524, 97465, 83919, 30571, 47291, 11687, 54825, 46134, 8685, 78917, 38709, 83964, 2221, 51487, 86847, 14005, 89651, 45410, 32614, 24838, 40258, 99135, 55054, 4969, 96553, 24382, 92307, 81538, 18598, 31340, 57241, 99094, 6002, 7419, 86820, 42779, 11869, 72254, 27411, 31840, 79401, 73664, 91511, 29301, 88737, 56727, 37464, 71958, 69508, 25388, 4807, 91309, 55535, 78168, 94902, 31655, 46027, 94454, 40509, 42451, 1052, 68891, 6541, 61185, 60171, 90386, 32613, 13324, 92786, 63265, 21684, 48267, 73039, 43664, 60352, 52907, 44675, 95496, 2418, 7997, 69656, 52682, 3534, 62641, 94861, 67850, 67794, 22721, 46227, 31666, 8747, 35366, 39868, 7244, 91381, 38982, 77500, 57926, 64111, 61778, 4991, 50703, 56802, 29847, 58359, 95807, 95068, 83415, 81616, 76533, 71507, 98373, 2134, 16453, 78850, 30462, 46604, 89830, 21706, 86295, 8595, 79105, 19655, 43131, 3478, 75436, 73052, 71062, 31739, 45697, 16052, 87826, 33911, 8138, 66268, 4656, 40763, 97630, 99868, 91639, 2772, 58917, 49516, 46748, 20804, 59466, 99872, 25910, 53332, 38030, 78030, 73087, 32427, 25656, 22734, 86384, 91610, 214, 58585, 43431, 32734, 17757, 39750, 16177, 71705, 51831, 42392, 85543, 6696, 8045, 46570, 30940, 78199, 29592, 24154, 78765, 84514, 86057, 90538, 96392, 38901, 72898, 62612, 33489, 59571, 82991, 44920, 37691, 1121, 94492, 51499, 82069, 28888, 14310, 88903, 84118, 10546, 30703, 78344, 91528, 40853, 4171, 4336, 52942, 23065, 9391, 86682, 8024, 19625, 91371, 66707, 17488, 10058, 52363, 62581, 72253, 66959, 9752, 13742, 86275, 76334, 53755, 50348, 61297, 71442, 60130, 43371, 96139, 17674, 23526, 15019, 82578, 51684, 64820, 51041, 4364, 44980, 70927, 4192, 97078, 91706, 68350, 77970, 42423, 59117, 98713, 81658, 5742, 16489, 29002, 42948, 22071, 91882, 87587, 87335, 92995, 94276, 73117, 79084, 6387, 11821, 92270, 39525, 34375, 79523, 78948, 53831, 62075, 20954, 96006, 36604, 39077, 58604, 29341, 89780, 20577, 57898, 43874, 87854, 39253, 63110, 39371, 19091, 10078, 61402, 86956, 2706, 6459, 53395, 56986, 73952, 14732, 36024, 78732, 78176, 77392, 90109, 7387, 46633, 28051, 78533, 47690, 10143, 69800, 44745, 15386, 78043, 85757, 67383, 85811, 74336, 6202, 10109, 54780, 811, 76576, 77040, 49169, 96682, 92835, 45041, 1842, 65528, 34016, 83474, 14013, 27202, 66335, 44499, 370, 21730, 52896, 71182, 85991, 39160, 40902, 55926, 35512, 75736, 13601, 92189, 77065, 84092, 98012, 48127, 11588, 90917, 67209, 11527, 94121, 43713, 79943, 21649, 81567, 58642, 44906, 74680, 40034, 91400, 63001, 5213, 55104, 32747, 93307, 38861, 27986, 4842, 71222, 96204, 50490, 41376, 83189, 378, 48774, 92287, 2703, 84308, 62388, 24134, 92282, 90947, 61816, 96517, 93801, 12248, 42612, 36596, 34402, 48549, 64887, 18886, 20656, 39553, 90994, 50931, 61171, 97927, 2047, 85741, 60257, 56686, 62824, 95036, 97774, 26512, 32213, 24226, 39119, 9190, 40253, 35323, 71271, 90577, 44, 70979, 92296, 59388, 78444, 59936, 61842, 18317, 14104, 74209, 24390, 30917, 86127, 98120, 80417, 53683, 4088, 22491, 83407, 32889, 33182, 90125, 68253, 63599, 54457, 91265, 92333, 23178, 96129, 44767, 46114, 84454, 73652, 77970, 9354, 12847, 74690, 31643, 71792, 72701, 44459, 13482, 2404, 79190, 44599, 39581, 83762, 38122, 78181, 85472, 89495, 96088, 45750, 12132, 86111, 9109, 84610, 44138, 65151, 75159, 7903, 24327, 23796, 27486, 76491, 91005, 62756, 8359, 39827, 37498, 88884, 69064, 88341, 83620, 5172, 25162, 12655, 35222, 43042, 31508, 95614, 11871, 72016, 12050, 46298, 82757, 50191, 22398, 65305, 63983, 69826, 58709, 70825, 19588, 82568, 42327, 11142, 71395, 10520, 43850, 12080, 34833, 59211, 82355, 44790, 14277, 94119, 99751, 55723, 66045, 65818, 52492, 28845, 77469, 6552, 85250, 81990, 20182, 31757, 24256, 8564, 51246, 18916, 38412, 36848, 69380, 96252, 20867, 86440, 12168, 57866, 16845, 44507, 27280, 78684, 72618, 39882, 21960, 75878, 24632, 3639, 77549, 1172, 17919, 43076, 60918, 7295, 36117, 78965, 29935, 36303, 38772, 34652, 92292, 20532, 49163, 23139, 14852, 2419, 94945, 10473, 58389, 87817, 18164, 62277, 68791, 13348, 73330, 36876, 65334, 21264, 45823, 48913, 66448, 45681, 76227, 3298, 19245, 15292, 74225, 2081, 12669, 14545, 37361, 93452, 1880, 79845, 47996, 3938, 92890, 66904, 15377, 35288, 80314, 59754, 72027, 85560, 13002, 79410, 60381, 36834, 26822, 18526, 4275, 21261, 76951, 98894, 44292, 83338, 72810, 24459, 48197, 60404]})"
45.0,7,8,78,15.605944633483887,10113,"Genotype(dna={""<class 'abc.NT_0017'>"": [0, 91624], ""<class 'abc.NT_0017_P_00000'>"": [], ""<class 'abc.NT_0015'>"": [59754, 18526], ""<class 'abc.NT_0015_P_00000'>"": [], ""<class 'abc.NT_0000'>"": [16022, 0, 68658, 75248], ""<class 'abc.NT_0000_P_00000'>"": [], ""<class 'bool'>"": [86460, 41233, 75986, 25993, 82631, 61562, 27230, 83215], ""<class 'abc.NT_0000_P_00001'>"": [], ""<class 'int'>"": [91663, 89850, 80314, 60404], ""<class 'abc.NT_0000_P_00002'>"": [], ""<class 'abc.NT_0000_P_00003'>"": [], ""<class 'abc.NT_0015_P_00001'>"": [], ""<class 'abc.NT_0010'>"": [], ""<class 'abc.NT_0010_P_00000'>"": [], ""<class 'abc.NT_0007'>"": [], ""<class 'abc.NT_0007_P_00000'>"": [], ""<class 'abc.NT_0003'>"": [], ""<class 'abc.NT_0003_P_00000'>"": [], ""<class 'abc.NT_0002'>"": [0, 15377], ""<class 'abc.NT_0002_P_00000'>"": [], ""<class 'abc.NT_0002_P_00001'>"": [], ""<class 'abc.NT_0001'>"": [36432, 14518, 2, 43884, 40571], ""<class 'abc.NT_0001_P_00000'>"": [], ""<class 'abc.NT_0001_P_00001'>"": [], ""<class 'abc.NT_0001_P_00002'>"": [], ""<class 'abc.NT_0001_P_00003'>"": [], ""<class 'abc.NT_0001_P_00004'>"": [], ""<class 'abc.NT_0002_P_00002'>"": [], ""<class 'abc.NT_0002_P_00003'>"": [], ""<class 'abc.NT_0003_P_00001'>"": [], ""<class 'abc.NT_0003_P_00002'>"": [], ""<class 'abc.NT_0003_P_00003'>"": [], ""<class 'abc.NT_0007_P_00001'>"": [], ""<class 'abc.NT_0004'>"": [62590, 30197, 83338, 72810, 24459, 48197], ""<class 'abc.NT_0004_P_00000'>"": [], ""<class 'abc.NT_0004_P_00001'>"": [], ""<class 'abc.NT_0010_P_00001'>"": [], ""<class 'abc.NT_0008'>"": [], ""<class 'abc.NT_0008_P_00000'>"": [], ""<class 'abc.NT_0010_P_00002'>"": [], ""<class 'abc.NT_0005'>"": [], ""<class 'abc.NT_0005_P_00000'>"": [], ""<class 'abc.NT_0005_P_00001'>"": [], ""<class 'abc.NT_0009'>"": [72027, 4275], ""<class 'abc.NT_0009_P_00000'>"": [], ""<class 'abc.NT_0009_P_00001'>"": [], ""<class 'abc.NT_0006'>"": [], ""<class 'abc.NT_0006_P_00000'>"": [], ""<class 'abc.NT_0009_P_00002'>"": [], ""<class 'abc.NT_0009_P_00003'>"": [], ""<class 'abc.NT_0015_P_00002'>"": [], ""<class 'abc.NT_0015_P_00003'>"": [], ""<class 'abc.NT_0014'>"": [], ""<class 'abc.NT_0014_P_00000'>"": [], ""<class 'abc.NT_0014_P_00001'>"": [], ""<class 'abc.NT_0015_P_00004'>"": [], ""<class 'abc.NT_0017_P_00001'>"": [], ""<class 'abc.NT_0016'>"": [], ""<class 'abc.NT_0016_P_00000'>"": [], ""<class 'abc.NT_0016_P_00001'>"": [], ""<class 'abc.NT_0016_P_00002'>"": [], ""<class 'abc.NT_0017_P_00002'>"": [], '$leftovers': [57587, 20000, 54340, 26317, 6481, 50799, 53366, 57672, 15437, 41470, 43194, 76280, 53058, 16632, 24951, 11647, 20336, 85920, 79178, 86726, 29687, 35122, 19936, 77951, 52918, 77202, 86811, 49977, 33989, 62146, 44283, 86282, 53235, 34529, 93786, 26995, 59308, 96804, 32075, 89268, 17705, 44065, 20964, 70557, 41228, 50394, 73244, 80589, 89878, 70093, 13531, 33497, 2118, 78177, 32452, 6202, 17781, 36111, 70983, 16310, 50605, 68444, 59396, 2989, 86690, 65815, 89541, 4173, 66353, 83209, 87572, 36004, 564, 32908, 7913, 59000, 95465, 92810, 87181, 4723, 71261, 90499, 32785, 42988, 8818, 96196, 25382, 42871, 28094, 74450, 1798, 9925, 29165, 11964, 72226, 30190, 2543, 47952, 6757, 23982, 21833, 84542, 51070, 20362, 47872, 63420, 54664, 2566, 11695, 6523, 29859, 6201, 70774, 77659, 84464, 78867, 27667, 69385, 65140, 36605, 7012, 1250, 28942, 20757, 68110, 13812, 73414, 97476, 48447, 65592, 47550, 63325, 56635, 41252, 76420, 8978, 72071, 1937, 52721, 11586, 95378, 12603, 22711, 7770, 30975, 43951, 55031, 2794, 31555, 40143, 45735, 26934, 973, 11552, 95654, 8346, 61470, 70413, 10371, 43200, 65213, 34376, 43681, 71623, 66363, 61726, 96882, 59629, 26130, 46919, 32533, 16075, 75983, 81859, 16243, 8366, 15261, 18908, 62350, 61492, 83170, 50893, 81836, 3003, 93817, 66605, 40524, 65446, 28020, 1863, 725, 71665, 25810, 44842, 73472, 41194, 64753, 52869, 28406, 39260, 71021, 44544, 65259, 40879, 61260, 45447, 45201, 3321, 71834, 91841, 85944, 94448, 53777, 52512, 8549, 49201, 19980, 24764, 94536, 5157, 97859, 66443, 89316, 95801, 13183, 85710, 46447, 35334, 77529, 59421, 81195, 9851, 45065, 1228, 86952, 32820, 60942, 12527, 2701, 43832, 81092, 19751, 59457, 23812, 97339, 11061, 65182, 36676, 27888, 43573, 78010, 73786, 42822, 94936, 73010, 77609, 10163, 63290, 27012, 14424, 18531, 84803, 64958, 43258, 85321, 82524, 12515, 71837, 58848, 55036, 90390, 48542, 50684, 67693, 63530, 31868, 23633, 21579, 6184, 53131, 21002, 64832, 92053, 7184, 69006, 35823, 8901, 37893, 51534, 12913, 22446, 26285, 70255, 27641, 21932, 83656, 66575, 48694, 39512, 17613, 54185, 98358, 36273, 43014, 10733, 45136, 56634, 51849, 94288, 26786, 42387, 35475, 24444, 8118, 49485, 81714, 83778, 89561, 8738, 52024, 58874, 72716, 42311, 25454, 87595, 81934, 17964, 61433, 19494, 83691, 27415, 37037, 93113, 43616, 52964, 48333, 56234, 18241, 27411, 16419, 52538, 26653, 9839, 74465, 52527, 80201, 79630, 1840, 83276, 82109, 32792, 12949, 92039, 43765, 36272, 54630, 58463, 7943, 38328, 97833, 45183, 91200, 15929, 47964, 40561, 81809, 14276, 39018, 78090, 20469, 86063, 44225, 33166, 87717, 85524, 97465, 83919, 30571, 47291, 11687, 54825, 46134, 8685, 78917, 38709, 83964, 2221, 51487, 86847, 14005, 89651, 45410, 32614, 24838, 40258, 99135, 55054, 4969, 96553, 24382, 92307, 81538, 18598, 31340, 57241, 99094, 6002, 7419, 86820, 42779, 11869, 72254, 27411, 31840, 79401, 73664, 91511, 29301, 88737, 56727, 37464, 71958, 69508, 25388, 4807, 91309, 55535, 78168, 94902, 31655, 46027, 94454, 40509, 42451, 1052, 68891, 6541, 61185, 60171, 90386, 32613, 13324, 92786, 63265, 21684, 48267, 73039, 43664, 60352, 52907, 44675, 95496, 2418, 7997, 69656, 52682, 3534, 62641, 94861, 67850, 67794, 22721, 46227, 31666, 8747, 35366, 39868, 7244, 91381, 38982, 77500, 57926, 64111, 61778, 4991, 50703, 56802, 29847, 58359, 95807, 95068, 83415, 81616, 76533, 71507, 98373, 2134, 16453, 78850, 30462, 46604, 89830, 21706, 86295, 8595, 79105, 19655, 43131, 3478, 75436, 73052, 71062, 31739, 45697, 16052, 87826, 33911, 8138, 66268, 4656, 40763, 97630, 99868, 91639, 2772, 58917, 49516, 46748, 20804, 59466, 99872, 25910, 53332, 38030, 78030, 73087, 32427, 25656, 22734, 86384, 91610, 214, 58585, 43431, 32734, 17757, 39750, 16177, 71705, 51831, 42392, 85543, 6696, 8045, 46570, 30940, 78199, 29592, 24154, 78765, 84514, 86057, 90538, 96392, 38901, 72898, 62612, 33489, 59571, 82991, 44920, 37691, 1121, 94492, 51499, 82069, 28888, 14310, 88903, 84118, 10546, 30703, 78344, 91528, 40853, 4171, 4336, 52942, 23065, 9391, 86682, 8024, 19625, 91371, 66707, 17488, 10058, 52363, 62581, 72253, 66959, 9752, 13742, 86275, 76334, 53755, 50348, 61297, 71442, 60130, 43371, 96139, 17674, 23526, 15019, 82578, 51684, 64820, 51041, 4364, 44980, 70927, 4192, 97078, 91706, 68350, 77970, 42423, 59117, 98713, 81658, 5742, 16489, 29002, 42948, 22071, 91882, 87587, 87335, 92995, 94276, 73117, 79084, 6387, 11821, 92270, 39525, 34375, 79523, 78948, 53831, 62075, 20954, 96006, 36604, 39077, 58604, 29341, 89780, 20577, 57898, 43874, 87854, 39253, 63110, 39371, 19091, 10078, 61402, 86956, 2706, 6459, 53395, 56986, 73952, 14732, 36024, 78732, 78176, 77392, 90109, 7387, 46633, 28051, 78533, 47690, 10143, 69800, 44745, 15386, 78043, 85757, 67383, 85811, 74336, 6202, 10109, 54780, 811, 76576, 77040, 49169, 96682, 92835, 45041, 1842, 65528, 34016, 83474, 14013, 27202, 66335, 44499, 370, 21730, 52896, 71182, 85991, 39160, 40902, 55926, 35512, 75736, 13601, 92189, 77065, 84092, 98012, 48127, 11588, 90917, 67209, 11527, 94121, 43713, 79943, 21649, 81567, 58642, 44906, 74680, 40034, 91400, 63001, 5213, 55104, 32747, 93307, 38861, 27986, 4842, 71222, 96204, 50490, 41376, 83189, 378, 48774, 92287, 2703, 84308, 62388, 24134, 92282, 90947, 61816, 96517, 93801, 12248, 42612, 36596, 34402, 48549, 64887, 18886, 20656, 39553, 90994, 50931, 61171, 97927, 2047, 85741, 60257, 56686, 62824, 95036, 97774, 26512, 32213, 24226, 39119, 9190, 40253, 35323, 71271, 90577, 44, 70979, 92296, 59388, 78444, 59936, 61842, 18317, 14104, 74209, 24390, 30917, 86127, 98120, 80417, 53683, 4088, 22491, 83407, 32889, 33182, 90125, 68253, 63599, 54457, 91265, 92333, 23178, 96129, 44767, 46114, 84454, 73652, 77970, 9354, 12847, 74690, 31643, 71792, 72701, 44459, 13482, 2404, 79190, 44599, 39581, 83762, 38122, 78181, 85472, 89495, 96088, 45750, 12132, 86111, 9109, 84610, 44138, 65151, 75159, 7903, 24327, 23796, 27486, 76491, 91005, 62756, 8359, 39827, 37498, 88884, 69064, 88341, 83620, 5172, 25162, 12655, 35222, 43042, 31508, 95614, 11871, 72016, 12050, 46298, 82757, 50191, 22398, 65305, 63983, 69826, 58709, 70825, 19588, 82568, 42327, 11142, 71395, 10520, 43850, 12080, 34833, 59211, 82355, 44790, 14277, 94119, 99751, 55723, 66045, 65818, 52492, 28845, 77469, 6552, 85250, 81990, 20182, 31757, 24256, 8564, 51246, 18916, 38412, 36848, 69380, 96252, 20867, 86440, 12168, 57866, 16845, 44507, 27280, 78684, 72618, 39882, 21960, 75878, 24632, 3639, 77549, 1172, 17919, 43076, 60918, 7295, 36117, 78965, 29935, 36303, 38772, 34652, 92292, 20532, 49163, 23139, 14852, 2419, 94945, 10473, 58389, 87817, 18164, 62277, 68791, 13348, 73330, 36876, 65334, 21264, 45823, 48913, 66448, 45681, 76227, 3298, 19245, 15292, 74225, 2081, 12669, 14545, 37361, 93452, 1880, 79845, 47996, 3938, 92890, 66904, 15377, 35288, 80314, 59754, 72027, 85560, 13002, 79410, 60381, 36834, 26822, 18526, 4275, 21261, 76951, 98894, 44292, 83338, 72810, 24459, 48197, 60404]})"
45.0,7,8,79,15.694152116775513,10113,"Genotype(dna={""<class 'abc.NT_0017'>"": [0, 91624], ""<class 'abc.NT_0017_P_00000'>"": [], ""<class 'abc.NT_0015'>"": [59754, 18526], ""<class 'abc.NT_0015_P_00000'>"": [], ""<class 'abc.NT_0000'>"": [16022, 0, 68658, 75248], ""<class 'abc.NT_0000_P_00000'>"": [], ""<class 'bool'>"": [86460, 41233, 75986, 25993, 82631, 61562, 27230, 83215], ""<class 'abc.NT_0000_P_00001'>"": [], ""<class 'int'>"": [91663, 89850, 80314, 60404], ""<class 'abc.NT_0000_P_00002'>"": [], ""<class 'abc.NT_0000_P_00003'>"": [], ""<class 'abc.NT_0015_P_00001'>"": [], ""<class 'abc.NT_0010'>"": [], ""<class 'abc.NT_0010_P_00000'>"": [], ""<class 'abc.NT_0007'>"": [], ""<class 'abc.NT_0007_P_00000'>"": [], ""<class 'abc.NT_0003'>"": [], ""<class 'abc.NT_0003_P_00000'>"": [], ""<class 'abc.NT_0002'>"": [0, 15377], ""<class 'abc.NT_0002_P_00000'>"": [], ""<class 'abc.NT_0002_P_00001'>"": [], ""<class 'abc.NT_0001'>"": [36432, 14518, 2, 43884, 40571], ""<class 'abc.NT_0001_P_00000'>"": [], ""<class 'abc.NT_0001_P_00001'>"": [], ""<class 'abc.NT_0001_P_00002'>"": [], ""<class 'abc.NT_0001_P_00003'>"": [], ""<class 'abc.NT_0001_P_00004'>"": [], ""<class 'abc.NT_0002_P_00002'>"": [], ""<class 'abc.NT_0002_P_00003'>"": [], ""<class 'abc.NT_0003_P_00001'>"": [], ""<class 'abc.NT_0003_P_00002'>"": [], ""<class 'abc.NT_0003_P_00003'>"": [], ""<class 'abc.NT_0007_P_00001'>"": [], ""<class 'abc.NT_0004'>"": [62590, 30197, 83338, 72810, 24459, 48197], ""<class 'abc.NT_0004_P_00000'>"": [], ""<class 'abc.NT_0004_P_00001'>"": [], ""<class 'abc.NT_0010_P_00001'>"": [], ""<class 'abc.NT_0008'>"": [], ""<class 'abc.NT_0008_P_00000'>"": [], ""<class 'abc.NT_0010_P_00002'>"": [], ""<class 'abc.NT_0005'>"": [], ""<class 'abc.NT_0005_P_00000'>"": [], ""<class 'abc.NT_0005_P_00001'>"": [], ""<class 'abc.NT_0009'>"": [72027, 4275], ""<class 'abc.NT_0009_P_00000'>"": [], ""<class 'abc.NT_0009_P_00001'>"": [], ""<class 'abc.NT_0006'>"": [], ""<class 'abc.NT_0006_P_00000'>"": [], ""<class 'abc.NT_0009_P_00002'>"": [], ""<class 'abc.NT_0009_P_00003'>"": [], ""<class 'abc.NT_0015_P_00002'>"": [], ""<class 'abc.NT_0015_P_00003'>"": [], ""<class 'abc.NT_0014'>"": [], ""<class 'abc.NT_0014_P_00000'>"": [], ""<class 'abc.NT_0014_P_00001'>"": [], ""<class 'abc.NT_0015_P_00004'>"": [], ""<class 'abc.NT_0017_P_00001'>"": [], ""<class 'abc.NT_0016'>"": [], ""<class 'abc.NT_0016_P_00000'>"": [], ""<class 'abc.NT_0016_P_00001'>"": [], ""<class 'abc.NT_0016_P_00002'>"": [], ""<class 'abc.NT_0017_P_00002'>"": [], '$leftovers': [57587, 20000, 54340, 26317, 6481, 50799, 53366, 57672, 15437, 41470, 43194, 76280, 53058, 16632, 24951, 11647, 20336, 85920, 79178, 86726, 29687, 35122, 19936, 77951, 52918, 77202, 86811, 49977, 33989, 62146, 44283, 86282, 53235, 34529, 93786, 26995, 59308, 96804, 32075, 89268, 17705, 44065, 20964, 70557, 41228, 50394, 73244, 80589, 89878, 70093, 13531, 33497, 2118, 78177, 32452, 6202, 17781, 36111, 70983, 16310, 50605, 68444, 59396, 2989, 86690, 65815, 89541, 4173, 66353, 83209, 87572, 36004, 564, 32908, 7913, 59000, 95465, 92810, 87181, 4723, 71261, 90499, 32785, 42988, 8818, 96196, 25382, 42871, 28094, 74450, 1798, 9925, 29165, 11964, 72226, 30190, 2543, 47952, 6757, 23982, 21833, 84542, 51070, 20362, 47872, 63420, 54664, 2566, 11695, 6523, 29859, 6201, 70774, 77659, 84464, 78867, 27667, 69385, 65140, 36605, 7012, 1250, 28942, 20757, 68110, 13812, 73414, 97476, 48447, 65592, 47550, 63325, 56635, 41252, 76420, 8978, 72071, 1937, 52721, 11586, 95378, 12603, 22711, 7770, 30975, 43951, 55031, 2794, 31555, 40143, 45735, 26934, 973, 11552, 95654, 8346, 61470, 70413, 10371, 43200, 65213, 34376, 43681, 71623, 66363, 61726, 96882, 59629, 26130, 46919, 32533, 16075, 75983, 81859, 16243, 8366, 15261, 18908, 62350, 61492, 83170, 50893, 81836, 3003, 93817, 66605, 40524, 65446, 28020, 1863, 725, 71665, 25810, 44842, 73472, 41194, 64753, 52869, 28406, 39260, 71021, 44544, 65259, 40879, 61260, 45447, 45201, 3321, 71834, 91841, 85944, 94448, 53777, 52512, 8549, 49201, 19980, 24764, 94536, 5157, 97859, 66443, 89316, 95801, 13183, 85710, 46447, 35334, 77529, 59421, 81195, 9851, 45065, 1228, 86952, 32820, 60942, 12527, 2701, 43832, 81092, 19751, 59457, 23812, 97339, 11061, 65182, 36676, 27888, 43573, 78010, 73786, 42822, 94936, 73010, 77609, 10163, 63290, 27012, 14424, 18531, 84803, 64958, 43258, 85321, 82524, 12515, 71837, 58848, 55036, 90390, 48542, 50684, 67693, 63530, 31868, 23633, 21579, 6184, 53131, 21002, 64832, 92053, 7184, 69006, 35823, 8901, 37893, 51534, 12913, 22446, 26285, 70255, 27641, 21932, 83656, 66575, 48694, 39512, 17613, 54185, 98358, 36273, 43014, 10733, 45136, 56634, 51849, 94288, 26786, 42387, 35475, 24444, 8118, 49485, 81714, 83778, 89561, 8738, 52024, 58874, 72716, 42311, 25454, 87595, 81934, 17964, 61433, 19494, 83691, 27415, 37037, 93113, 43616, 52964, 48333, 56234, 18241, 27411, 16419, 52538, 26653, 9839, 74465, 52527, 80201, 79630, 1840, 83276, 82109, 32792, 12949, 92039, 43765, 36272, 54630, 58463, 7943, 38328, 97833, 45183, 91200, 15929, 47964, 40561, 81809, 14276, 39018, 78090, 20469, 86063, 44225, 33166, 87717, 85524, 97465, 83919, 30571, 47291, 11687, 54825, 46134, 8685, 78917, 38709, 83964, 2221, 51487, 86847, 14005, 89651, 45410, 32614, 24838, 40258, 99135, 55054, 4969, 96553, 24382, 92307, 81538, 18598, 31340, 57241, 99094, 6002, 7419, 86820, 42779, 11869, 72254, 27411, 31840, 79401, 73664, 91511, 29301, 88737, 56727, 37464, 71958, 69508, 25388, 4807, 91309, 55535, 78168, 94902, 31655, 46027, 94454, 40509, 42451, 1052, 68891, 6541, 61185, 60171, 90386, 32613, 13324, 92786, 63265, 21684, 48267, 73039, 43664, 60352, 52907, 44675, 95496, 2418, 7997, 69656, 52682, 3534, 62641, 94861, 67850, 67794, 22721, 46227, 31666, 8747, 35366, 39868, 7244, 91381, 38982, 77500, 57926, 64111, 61778, 4991, 50703, 56802, 29847, 58359, 95807, 95068, 83415, 81616, 76533, 71507, 98373, 2134, 16453, 78850, 30462, 46604, 89830, 21706, 86295, 8595, 79105, 19655, 43131, 3478, 75436, 73052, 71062, 31739, 45697, 16052, 87826, 33911, 8138, 66268, 4656, 40763, 97630, 99868, 91639, 2772, 58917, 49516, 46748, 20804, 59466, 99872, 25910, 53332, 38030, 78030, 73087, 32427, 25656, 22734, 86384, 91610, 214, 58585, 43431, 32734, 17757, 39750, 16177, 71705, 51831, 42392, 85543, 6696, 8045, 46570, 30940, 78199, 29592, 24154, 78765, 84514, 86057, 90538, 96392, 38901, 72898, 62612, 33489, 59571, 82991, 44920, 37691, 1121, 94492, 51499, 82069, 28888, 14310, 88903, 84118, 10546, 30703, 78344, 91528, 40853, 4171, 4336, 52942, 23065, 9391, 86682, 8024, 19625, 91371, 66707, 17488, 10058, 52363, 62581, 72253, 66959, 9752, 13742, 86275, 76334, 53755, 50348, 61297, 71442, 60130, 43371, 96139, 17674, 23526, 15019, 82578, 51684, 64820, 51041, 4364, 44980, 70927, 4192, 97078, 91706, 68350, 77970, 42423, 59117, 98713, 81658, 5742, 16489, 29002, 42948, 22071, 91882, 87587, 87335, 92995, 94276, 73117, 79084, 6387, 11821, 92270, 39525, 34375, 79523, 78948, 53831, 62075, 20954, 96006, 36604, 39077, 58604, 29341, 89780, 20577, 57898, 43874, 87854, 39253, 63110, 39371, 19091, 10078, 61402, 86956, 2706, 6459, 53395, 56986, 73952, 14732, 36024, 78732, 78176, 77392, 90109, 7387, 46633, 28051, 78533, 47690, 10143, 69800, 44745, 15386, 78043, 85757, 67383, 85811, 74336, 6202, 10109, 54780, 811, 76576, 77040, 49169, 96682, 92835, 45041, 1842, 65528, 34016, 83474, 14013, 27202, 66335, 44499, 370, 21730, 52896, 71182, 85991, 39160, 40902, 55926, 35512, 75736, 13601, 92189, 77065, 84092, 98012, 48127, 11588, 90917, 67209, 11527, 94121, 43713, 79943, 21649, 81567, 58642, 44906, 74680, 40034, 91400, 63001, 5213, 55104, 32747, 93307, 38861, 27986, 4842, 71222, 96204, 50490, 41376, 83189, 378, 48774, 92287, 2703, 84308, 62388, 24134, 92282, 90947, 61816, 96517, 93801, 12248, 42612, 36596, 34402, 48549, 64887, 18886, 20656, 39553, 90994, 50931, 61171, 97927, 2047, 85741, 60257, 56686, 62824, 95036, 97774, 26512, 32213, 24226, 39119, 9190, 40253, 35323, 71271, 90577, 44, 70979, 92296, 59388, 78444, 59936, 61842, 18317, 14104, 74209, 24390, 30917, 86127, 98120, 80417, 53683, 4088, 22491, 83407, 32889, 33182, 90125, 68253, 63599, 54457, 91265, 92333, 23178, 96129, 44767, 46114, 84454, 73652, 77970, 9354, 12847, 74690, 31643, 71792, 72701, 44459, 13482, 2404, 79190, 44599, 39581, 83762, 38122, 78181, 85472, 89495, 96088, 45750, 12132, 86111, 9109, 84610, 44138, 65151, 75159, 7903, 24327, 23796, 27486, 76491, 91005, 62756, 8359, 39827, 37498, 88884, 69064, 88341, 83620, 5172, 25162, 12655, 35222, 43042, 31508, 95614, 11871, 72016, 12050, 46298, 82757, 50191, 22398, 65305, 63983, 69826, 58709, 70825, 19588, 82568, 42327, 11142, 71395, 10520, 43850, 12080, 34833, 59211, 82355, 44790, 14277, 94119, 99751, 55723, 66045, 65818, 52492, 28845, 77469, 6552, 85250, 81990, 20182, 31757, 24256, 8564, 51246, 18916, 38412, 36848, 69380, 96252, 20867, 86440, 12168, 57866, 16845, 44507, 27280, 78684, 72618, 39882, 21960, 75878, 24632, 3639, 77549, 1172, 17919, 43076, 60918, 7295, 36117, 78965, 29935, 36303, 38772, 34652, 92292, 20532, 49163, 23139, 14852, 2419, 94945, 10473, 58389, 87817, 18164, 62277, 68791, 13348, 73330, 36876, 65334, 21264, 45823, 48913, 66448, 45681, 76227, 3298, 19245, 15292, 74225, 2081, 12669, 14545, 37361, 93452, 1880, 79845, 47996, 3938, 92890, 66904, 15377, 35288, 80314, 59754, 72027, 85560, 13002, 79410, 60381, 36834, 26822, 18526, 4275, 21261, 76951, 98894, 44292, 83338, 72810, 24459, 48197, 60404]})"
45.0,7,8,80,15.817174673080444,10113,"Genotype(dna={""<class 'abc.NT_0017'>"": [0, 91624], ""<class 'abc.NT_0017_P_00000'>"": [], ""<class 'abc.NT_0015'>"": [59754, 18526], ""<class 'abc.NT_0015_P_00000'>"": [], ""<class 'abc.NT_0000'>"": [16022, 0, 68658, 75248], ""<class 'abc.NT_0000_P_00000'>"": [], ""<class 'bool'>"": [86460, 41233, 75986, 25993, 82631, 61562, 27230, 83215], ""<class 'abc.NT_0000_P_00001'>"": [], ""<class 'int'>"": [91663, 89850, 80314, 60404], ""<class 'abc.NT_0000_P_00002'>"": [], ""<class 'abc.NT_0000_P_00003'>"": [], ""<class 'abc.NT_0015_P_00001'>"": [], ""<class 'abc.NT_0010'>"": [], ""<class 'abc.NT_0010_P_00000'>"": [], ""<class 'abc.NT_0007'>"": [], ""<class 'abc.NT_0007_P_00000'>"": [], ""<class 'abc.NT_0003'>"": [], ""<class 'abc.NT_0003_P_00000'>"": [], ""<class 'abc.NT_0002'>"": [0, 15377], ""<class 'abc.NT_0002_P_00000'>"": [], ""<class 'abc.NT_0002_P_00001'>"": [], ""<class 'abc.NT_0001'>"": [36432, 14518, 2, 43884, 40571], ""<class 'abc.NT_0001_P_00000'>"": [], ""<class 'abc.NT_0001_P_00001'>"": [], ""<class 'abc.NT_0001_P_00002'>"": [], ""<class 'abc.NT_0001_P_00003'>"": [], ""<class 'abc.NT_0001_P_00004'>"": [], ""<class 'abc.NT_0002_P_00002'>"": [], ""<class 'abc.NT_0002_P_00003'>"": [], ""<class 'abc.NT_0003_P_00001'>"": [], ""<class 'abc.NT_0003_P_00002'>"": [], ""<class 'abc.NT_0003_P_00003'>"": [], ""<class 'abc.NT_0007_P_00001'>"": [], ""<class 'abc.NT_0004'>"": [62590, 30197, 83338, 72810, 24459, 48197], ""<class 'abc.NT_0004_P_00000'>"": [], ""<class 'abc.NT_0004_P_00001'>"": [], ""<class 'abc.NT_0010_P_00001'>"": [], ""<class 'abc.NT_0008'>"": [], ""<class 'abc.NT_0008_P_00000'>"": [], ""<class 'abc.NT_0010_P_00002'>"": [], ""<class 'abc.NT_0005'>"": [], ""<class 'abc.NT_0005_P_00000'>"": [], ""<class 'abc.NT_0005_P_00001'>"": [], ""<class 'abc.NT_0009'>"": [72027, 4275], ""<class 'abc.NT_0009_P_00000'>"": [], ""<class 'abc.NT_0009_P_00001'>"": [], ""<class 'abc.NT_0006'>"": [], ""<class 'abc.NT_0006_P_00000'>"": [], ""<class 'abc.NT_0009_P_00002'>"": [], ""<class 'abc.NT_0009_P_00003'>"": [], ""<class 'abc.NT_0015_P_00002'>"": [], ""<class 'abc.NT_0015_P_00003'>"": [], ""<class 'abc.NT_0014'>"": [], ""<class 'abc.NT_0014_P_00000'>"": [], ""<class 'abc.NT_0014_P_00001'>"": [], ""<class 'abc.NT_0015_P_00004'>"": [], ""<class 'abc.NT_0017_P_00001'>"": [], ""<class 'abc.NT_0016'>"": [], ""<class 'abc.NT_0016_P_00000'>"": [], ""<class 'abc.NT_0016_P_00001'>"": [], ""<class 'abc.NT_0016_P_00002'>"": [], ""<class 'abc.NT_0017_P_00002'>"": [], '$leftovers': [57587, 20000, 54340, 26317, 6481, 50799, 53366, 57672, 15437, 41470, 43194, 76280, 53058, 16632, 24951, 11647, 20336, 85920, 79178, 86726, 29687, 35122, 19936, 77951, 52918, 77202, 86811, 49977, 33989, 62146, 44283, 86282, 53235, 34529, 93786, 26995, 59308, 96804, 32075, 89268, 17705, 44065, 20964, 70557, 41228, 50394, 73244, 80589, 89878, 70093, 13531, 33497, 2118, 78177, 32452, 6202, 17781, 36111, 70983, 16310, 50605, 68444, 59396, 2989, 86690, 65815, 89541, 4173, 66353, 83209, 87572, 36004, 564, 32908, 7913, 59000, 95465, 92810, 87181, 4723, 71261, 90499, 32785, 42988, 8818, 96196, 25382, 42871, 28094, 74450, 1798, 9925, 29165, 11964, 72226, 30190, 2543, 47952, 6757, 23982, 21833, 84542, 51070, 20362, 47872, 63420, 54664, 2566, 11695, 6523, 29859, 6201, 70774, 77659, 84464, 78867, 27667, 69385, 65140, 36605, 7012, 1250, 28942, 20757, 68110, 13812, 73414, 97476, 48447, 65592, 47550, 63325, 56635, 41252, 76420, 8978, 72071, 1937, 52721, 11586, 95378, 12603, 22711, 7770, 30975, 43951, 55031, 2794, 31555, 40143, 45735, 26934, 973, 11552, 95654, 8346, 61470, 70413, 10371, 43200, 65213, 34376, 43681, 71623, 66363, 61726, 96882, 59629, 26130, 46919, 32533, 16075, 75983, 81859, 16243, 8366, 15261, 18908, 62350, 61492, 83170, 50893, 81836, 3003, 93817, 66605, 40524, 65446, 28020, 1863, 725, 71665, 25810, 44842, 73472, 41194, 64753, 52869, 28406, 39260, 71021, 44544, 65259, 40879, 61260, 45447, 45201, 3321, 71834, 91841, 85944, 94448, 53777, 52512, 8549, 49201, 19980, 24764, 94536, 5157, 97859, 66443, 89316, 95801, 13183, 85710, 46447, 35334, 77529, 59421, 81195, 9851, 45065, 1228, 86952, 32820, 60942, 12527, 2701, 43832, 81092, 19751, 59457, 23812, 97339, 11061, 65182, 36676, 27888, 43573, 78010, 73786, 42822, 94936, 73010, 77609, 10163, 63290, 27012, 14424, 18531, 84803, 64958, 43258, 85321, 82524, 12515, 71837, 58848, 55036, 90390, 48542, 50684, 67693, 63530, 31868, 23633, 21579, 6184, 53131, 21002, 64832, 92053, 7184, 69006, 35823, 8901, 37893, 51534, 12913, 22446, 26285, 70255, 27641, 21932, 83656, 66575, 48694, 39512, 17613, 54185, 98358, 36273, 43014, 10733, 45136, 56634, 51849, 94288, 26786, 42387, 35475, 24444, 8118, 49485, 81714, 83778, 89561, 8738, 52024, 58874, 72716, 42311, 25454, 87595, 81934, 17964, 61433, 19494, 83691, 27415, 37037, 93113, 43616, 52964, 48333, 56234, 18241, 27411, 16419, 52538, 26653, 9839, 74465, 52527, 80201, 79630, 1840, 83276, 82109, 32792, 12949, 92039, 43765, 36272, 54630, 58463, 7943, 38328, 97833, 45183, 91200, 15929, 47964, 40561, 81809, 14276, 39018, 78090, 20469, 86063, 44225, 33166, 87717, 85524, 97465, 83919, 30571, 47291, 11687, 54825, 46134, 8685, 78917, 38709, 83964, 2221, 51487, 86847, 14005, 89651, 45410, 32614, 24838, 40258, 99135, 55054, 4969, 96553, 24382, 92307, 81538, 18598, 31340, 57241, 99094, 6002, 7419, 86820, 42779, 11869, 72254, 27411, 31840, 79401, 73664, 91511, 29301, 88737, 56727, 37464, 71958, 69508, 25388, 4807, 91309, 55535, 78168, 94902, 31655, 46027, 94454, 40509, 42451, 1052, 68891, 6541, 61185, 60171, 90386, 32613, 13324, 92786, 63265, 21684, 48267, 73039, 43664, 60352, 52907, 44675, 95496, 2418, 7997, 69656, 52682, 3534, 62641, 94861, 67850, 67794, 22721, 46227, 31666, 8747, 35366, 39868, 7244, 91381, 38982, 77500, 57926, 64111, 61778, 4991, 50703, 56802, 29847, 58359, 95807, 95068, 83415, 81616, 76533, 71507, 98373, 2134, 16453, 78850, 30462, 46604, 89830, 21706, 86295, 8595, 79105, 19655, 43131, 3478, 75436, 73052, 71062, 31739, 45697, 16052, 87826, 33911, 8138, 66268, 4656, 40763, 97630, 99868, 91639, 2772, 58917, 49516, 46748, 20804, 59466, 99872, 25910, 53332, 38030, 78030, 73087, 32427, 25656, 22734, 86384, 91610, 214, 58585, 43431, 32734, 17757, 39750, 16177, 71705, 51831, 42392, 85543, 6696, 8045, 46570, 30940, 78199, 29592, 24154, 78765, 84514, 86057, 90538, 96392, 38901, 72898, 62612, 33489, 59571, 82991, 44920, 37691, 1121, 94492, 51499, 82069, 28888, 14310, 88903, 84118, 10546, 30703, 78344, 91528, 40853, 4171, 4336, 52942, 23065, 9391, 86682, 8024, 19625, 91371, 66707, 17488, 10058, 52363, 62581, 72253, 66959, 9752, 13742, 86275, 76334, 53755, 50348, 61297, 71442, 60130, 43371, 96139, 17674, 23526, 15019, 82578, 51684, 64820, 51041, 4364, 44980, 70927, 4192, 97078, 91706, 68350, 77970, 42423, 59117, 98713, 81658, 5742, 16489, 29002, 42948, 22071, 91882, 87587, 87335, 92995, 94276, 73117, 79084, 6387, 11821, 92270, 39525, 34375, 79523, 78948, 53831, 62075, 20954, 96006, 36604, 39077, 58604, 29341, 89780, 20577, 57898, 43874, 87854, 39253, 63110, 39371, 19091, 10078, 61402, 86956, 2706, 6459, 53395, 56986, 73952, 14732, 36024, 78732, 78176, 77392, 90109, 7387, 46633, 28051, 78533, 47690, 10143, 69800, 44745, 15386, 78043, 85757, 67383, 85811, 74336, 6202, 10109, 54780, 811, 76576, 77040, 49169, 96682, 92835, 45041, 1842, 65528, 34016, 83474, 14013, 27202, 66335, 44499, 370, 21730, 52896, 71182, 85991, 39160, 40902, 55926, 35512, 75736, 13601, 92189, 77065, 84092, 98012, 48127, 11588, 90917, 67209, 11527, 94121, 43713, 79943, 21649, 81567, 58642, 44906, 74680, 40034, 91400, 63001, 5213, 55104, 32747, 93307, 38861, 27986, 4842, 71222, 96204, 50490, 41376, 83189, 378, 48774, 92287, 2703, 84308, 62388, 24134, 92282, 90947, 61816, 96517, 93801, 12248, 42612, 36596, 34402, 48549, 64887, 18886, 20656, 39553, 90994, 50931, 61171, 97927, 2047, 85741, 60257, 56686, 62824, 95036, 97774, 26512, 32213, 24226, 39119, 9190, 40253, 35323, 71271, 90577, 44, 70979, 92296, 59388, 78444, 59936, 61842, 18317, 14104, 74209, 24390, 30917, 86127, 98120, 80417, 53683, 4088, 22491, 83407, 32889, 33182, 90125, 68253, 63599, 54457, 91265, 92333, 23178, 96129, 44767, 46114, 84454, 73652, 77970, 9354, 12847, 74690, 31643, 71792, 72701, 44459, 13482, 2404, 79190, 44599, 39581, 83762, 38122, 78181, 85472, 89495, 96088, 45750, 12132, 86111, 9109, 84610, 44138, 65151, 75159, 7903, 24327, 23796, 27486, 76491, 91005, 62756, 8359, 39827, 37498, 88884, 69064, 88341, 83620, 5172, 25162, 12655, 35222, 43042, 31508, 95614, 11871, 72016, 12050, 46298, 82757, 50191, 22398, 65305, 63983, 69826, 58709, 70825, 19588, 82568, 42327, 11142, 71395, 10520, 43850, 12080, 34833, 59211, 82355, 44790, 14277, 94119, 99751, 55723, 66045, 65818, 52492, 28845, 77469, 6552, 85250, 81990, 20182, 31757, 24256, 8564, 51246, 18916, 38412, 36848, 69380, 96252, 20867, 86440, 12168, 57866, 16845, 44507, 27280, 78684, 72618, 39882, 21960, 75878, 24632, 3639, 77549, 1172, 17919, 43076, 60918, 7295, 36117, 78965, 29935, 36303, 38772, 34652, 92292, 20532, 49163, 23139, 14852, 2419, 94945, 10473, 58389, 87817, 18164, 62277, 68791, 13348, 73330, 36876, 65334, 21264, 45823, 48913, 66448, 45681, 76227, 3298, 19245, 15292, 74225, 2081, 12669, 14545, 37361, 93452, 1880, 79845, 47996, 3938, 92890, 66904, 15377, 35288, 80314, 59754, 72027, 85560, 13002, 79410, 60381, 36834, 26822, 18526, 4275, 21261, 76951, 98894, 44292, 83338, 72810, 24459, 48197, 60404]})"
45.0,7,8,81,15.923856735229492,10113,"Genotype(dna={""<class 'abc.NT_0017'>"": [0, 91624], ""<class 'abc.NT_0017_P_00000'>"": [], ""<class 'abc.NT_0015'>"": [59754, 18526], ""<class 'abc.NT_0015_P_00000'>"": [], ""<class 'abc.NT_0000'>"": [16022, 0, 68658, 75248], ""<class 'abc.NT_0000_P_00000'>"": [], ""<class 'bool'>"": [86460, 41233, 75986, 25993, 82631, 61562, 27230, 83215], ""<class 'abc.NT_0000_P_00001'>"": [], ""<class 'int'>"": [91663, 89850, 80314, 60404], ""<class 'abc.NT_0000_P_00002'>"": [], ""<class 'abc.NT_0000_P_00003'>"": [], ""<class 'abc.NT_0015_P_00001'>"": [], ""<class 'abc.NT_0010'>"": [], ""<class 'abc.NT_0010_P_00000'>"": [], ""<class 'abc.NT_0007'>"": [], ""<class 'abc.NT_0007_P_00000'>"": [], ""<class 'abc.NT_0003'>"": [], ""<class 'abc.NT_0003_P_00000'>"": [], ""<class 'abc.NT_0002'>"": [0, 15377], ""<class 'abc.NT_0002_P_00000'>"": [], ""<class 'abc.NT_0002_P_00001'>"": [], ""<class 'abc.NT_0001'>"": [36432, 14518, 2, 43884, 40571], ""<class 'abc.NT_0001_P_00000'>"": [], ""<class 'abc.NT_0001_P_00001'>"": [], ""<class 'abc.NT_0001_P_00002'>"": [], ""<class 'abc.NT_0001_P_00003'>"": [], ""<class 'abc.NT_0001_P_00004'>"": [], ""<class 'abc.NT_0002_P_00002'>"": [], ""<class 'abc.NT_0002_P_00003'>"": [], ""<class 'abc.NT_0003_P_00001'>"": [], ""<class 'abc.NT_0003_P_00002'>"": [], ""<class 'abc.NT_0003_P_00003'>"": [], ""<class 'abc.NT_0007_P_00001'>"": [], ""<class 'abc.NT_0004'>"": [62590, 30197, 83338, 72810, 24459, 48197], ""<class 'abc.NT_0004_P_00000'>"": [], ""<class 'abc.NT_0004_P_00001'>"": [], ""<class 'abc.NT_0010_P_00001'>"": [], ""<class 'abc.NT_0008'>"": [], ""<class 'abc.NT_0008_P_00000'>"": [], ""<class 'abc.NT_0010_P_00002'>"": [], ""<class 'abc.NT_0005'>"": [], ""<class 'abc.NT_0005_P_00000'>"": [], ""<class 'abc.NT_0005_P_00001'>"": [], ""<class 'abc.NT_0009'>"": [72027, 4275], ""<class 'abc.NT_0009_P_00000'>"": [], ""<class 'abc.NT_0009_P_00001'>"": [], ""<class 'abc.NT_0006'>"": [], ""<class 'abc.NT_0006_P_00000'>"": [], ""<class 'abc.NT_0009_P_00002'>"": [], ""<class 'abc.NT_0009_P_00003'>"": [], ""<class 'abc.NT_0015_P_00002'>"": [], ""<class 'abc.NT_0015_P_00003'>"": [], ""<class 'abc.NT_0014'>"": [], ""<class 'abc.NT_0014_P_00000'>"": [], ""<class 'abc.NT_0014_P_00001'>"": [], ""<class 'abc.NT_0015_P_00004'>"": [], ""<class 'abc.NT_0017_P_00001'>"": [], ""<class 'abc.NT_0016'>"": [], ""<class 'abc.NT_0016_P_00000'>"": [], ""<class 'abc.NT_0016_P_00001'>"": [], ""<class 'abc.NT_0016_P_00002'>"": [], ""<class 'abc.NT_0017_P_00002'>"": [], '$leftovers': [57587, 20000, 54340, 26317, 6481, 50799, 53366, 57672, 15437, 41470, 43194, 76280, 53058, 16632, 24951, 11647, 20336, 85920, 79178, 86726, 29687, 35122, 19936, 77951, 52918, 77202, 86811, 49977, 33989, 62146, 44283, 86282, 53235, 34529, 93786, 26995, 59308, 96804, 32075, 89268, 17705, 44065, 20964, 70557, 41228, 50394, 73244, 80589, 89878, 70093, 13531, 33497, 2118, 78177, 32452, 6202, 17781, 36111, 70983, 16310, 50605, 68444, 59396, 2989, 86690, 65815, 89541, 4173, 66353, 83209, 87572, 36004, 564, 32908, 7913, 59000, 95465, 92810, 87181, 4723, 71261, 90499, 32785, 42988, 8818, 96196, 25382, 42871, 28094, 74450, 1798, 9925, 29165, 11964, 72226, 30190, 2543, 47952, 6757, 23982, 21833, 84542, 51070, 20362, 47872, 63420, 54664, 2566, 11695, 6523, 29859, 6201, 70774, 77659, 84464, 78867, 27667, 69385, 65140, 36605, 7012, 1250, 28942, 20757, 68110, 13812, 73414, 97476, 48447, 65592, 47550, 63325, 56635, 41252, 76420, 8978, 72071, 1937, 52721, 11586, 95378, 12603, 22711, 7770, 30975, 43951, 55031, 2794, 31555, 40143, 45735, 26934, 973, 11552, 95654, 8346, 61470, 70413, 10371, 43200, 65213, 34376, 43681, 71623, 66363, 61726, 96882, 59629, 26130, 46919, 32533, 16075, 75983, 81859, 16243, 8366, 15261, 18908, 62350, 61492, 83170, 50893, 81836, 3003, 93817, 66605, 40524, 65446, 28020, 1863, 725, 71665, 25810, 44842, 73472, 41194, 64753, 52869, 28406, 39260, 71021, 44544, 65259, 40879, 61260, 45447, 45201, 3321, 71834, 91841, 85944, 94448, 53777, 52512, 8549, 49201, 19980, 24764, 94536, 5157, 97859, 66443, 89316, 95801, 13183, 85710, 46447, 35334, 77529, 59421, 81195, 9851, 45065, 1228, 86952, 32820, 60942, 12527, 2701, 43832, 81092, 19751, 59457, 23812, 97339, 11061, 65182, 36676, 27888, 43573, 78010, 73786, 42822, 94936, 73010, 77609, 10163, 63290, 27012, 14424, 18531, 84803, 64958, 43258, 85321, 82524, 12515, 71837, 58848, 55036, 90390, 48542, 50684, 67693, 63530, 31868, 23633, 21579, 6184, 53131, 21002, 64832, 92053, 7184, 69006, 35823, 8901, 37893, 51534, 12913, 22446, 26285, 70255, 27641, 21932, 83656, 66575, 48694, 39512, 17613, 54185, 98358, 36273, 43014, 10733, 45136, 56634, 51849, 94288, 26786, 42387, 35475, 24444, 8118, 49485, 81714, 83778, 89561, 8738, 52024, 58874, 72716, 42311, 25454, 87595, 81934, 17964, 61433, 19494, 83691, 27415, 37037, 93113, 43616, 52964, 48333, 56234, 18241, 27411, 16419, 52538, 26653, 9839, 74465, 52527, 80201, 79630, 1840, 83276, 82109, 32792, 12949, 92039, 43765, 36272, 54630, 58463, 7943, 38328, 97833, 45183, 91200, 15929, 47964, 40561, 81809, 14276, 39018, 78090, 20469, 86063, 44225, 33166, 87717, 85524, 97465, 83919, 30571, 47291, 11687, 54825, 46134, 8685, 78917, 38709, 83964, 2221, 51487, 86847, 14005, 89651, 45410, 32614, 24838, 40258, 99135, 55054, 4969, 96553, 24382, 92307, 81538, 18598, 31340, 57241, 99094, 6002, 7419, 86820, 42779, 11869, 72254, 27411, 31840, 79401, 73664, 91511, 29301, 88737, 56727, 37464, 71958, 69508, 25388, 4807, 91309, 55535, 78168, 94902, 31655, 46027, 94454, 40509, 42451, 1052, 68891, 6541, 61185, 60171, 90386, 32613, 13324, 92786, 63265, 21684, 48267, 73039, 43664, 60352, 52907, 44675, 95496, 2418, 7997, 69656, 52682, 3534, 62641, 94861, 67850, 67794, 22721, 46227, 31666, 8747, 35366, 39868, 7244, 91381, 38982, 77500, 57926, 64111, 61778, 4991, 50703, 56802, 29847, 58359, 95807, 95068, 83415, 81616, 76533, 71507, 98373, 2134, 16453, 78850, 30462, 46604, 89830, 21706, 86295, 8595, 79105, 19655, 43131, 3478, 75436, 73052, 71062, 31739, 45697, 16052, 87826, 33911, 8138, 66268, 4656, 40763, 97630, 99868, 91639, 2772, 58917, 49516, 46748, 20804, 59466, 99872, 25910, 53332, 38030, 78030, 73087, 32427, 25656, 22734, 86384, 91610, 214, 58585, 43431, 32734, 17757, 39750, 16177, 71705, 51831, 42392, 85543, 6696, 8045, 46570, 30940, 78199, 29592, 24154, 78765, 84514, 86057, 90538, 96392, 38901, 72898, 62612, 33489, 59571, 82991, 44920, 37691, 1121, 94492, 51499, 82069, 28888, 14310, 88903, 84118, 10546, 30703, 78344, 91528, 40853, 4171, 4336, 52942, 23065, 9391, 86682, 8024, 19625, 91371, 66707, 17488, 10058, 52363, 62581, 72253, 66959, 9752, 13742, 86275, 76334, 53755, 50348, 61297, 71442, 60130, 43371, 96139, 17674, 23526, 15019, 82578, 51684, 64820, 51041, 4364, 44980, 70927, 4192, 97078, 91706, 68350, 77970, 42423, 59117, 98713, 81658, 5742, 16489, 29002, 42948, 22071, 91882, 87587, 87335, 92995, 94276, 73117, 79084, 6387, 11821, 92270, 39525, 34375, 79523, 78948, 53831, 62075, 20954, 96006, 36604, 39077, 58604, 29341, 89780, 20577, 57898, 43874, 87854, 39253, 63110, 39371, 19091, 10078, 61402, 86956, 2706, 6459, 53395, 56986, 73952, 14732, 36024, 78732, 78176, 77392, 90109, 7387, 46633, 28051, 78533, 47690, 10143, 69800, 44745, 15386, 78043, 85757, 67383, 85811, 74336, 6202, 10109, 54780, 811, 76576, 77040, 49169, 96682, 92835, 45041, 1842, 65528, 34016, 83474, 14013, 27202, 66335, 44499, 370, 21730, 52896, 71182, 85991, 39160, 40902, 55926, 35512, 75736, 13601, 92189, 77065, 84092, 98012, 48127, 11588, 90917, 67209, 11527, 94121, 43713, 79943, 21649, 81567, 58642, 44906, 74680, 40034, 91400, 63001, 5213, 55104, 32747, 93307, 38861, 27986, 4842, 71222, 96204, 50490, 41376, 83189, 378, 48774, 92287, 2703, 84308, 62388, 24134, 92282, 90947, 61816, 96517, 93801, 12248, 42612, 36596, 34402, 48549, 64887, 18886, 20656, 39553, 90994, 50931, 61171, 97927, 2047, 85741, 60257, 56686, 62824, 95036, 97774, 26512, 32213, 24226, 39119, 9190, 40253, 35323, 71271, 90577, 44, 70979, 92296, 59388, 78444, 59936, 61842, 18317, 14104, 74209, 24390, 30917, 86127, 98120, 80417, 53683, 4088, 22491, 83407, 32889, 33182, 90125, 68253, 63599, 54457, 91265, 92333, 23178, 96129, 44767, 46114, 84454, 73652, 77970, 9354, 12847, 74690, 31643, 71792, 72701, 44459, 13482, 2404, 79190, 44599, 39581, 83762, 38122, 78181, 85472, 89495, 96088, 45750, 12132, 86111, 9109, 84610, 44138, 65151, 75159, 7903, 24327, 23796, 27486, 76491, 91005, 62756, 8359, 39827, 37498, 88884, 69064, 88341, 83620, 5172, 25162, 12655, 35222, 43042, 31508, 95614, 11871, 72016, 12050, 46298, 82757, 50191, 22398, 65305, 63983, 69826, 58709, 70825, 19588, 82568, 42327, 11142, 71395, 10520, 43850, 12080, 34833, 59211, 82355, 44790, 14277, 94119, 99751, 55723, 66045, 65818, 52492, 28845, 77469, 6552, 85250, 81990, 20182, 31757, 24256, 8564, 51246, 18916, 38412, 36848, 69380, 96252, 20867, 86440, 12168, 57866, 16845, 44507, 27280, 78684, 72618, 39882, 21960, 75878, 24632, 3639, 77549, 1172, 17919, 43076, 60918, 7295, 36117, 78965, 29935, 36303, 38772, 34652, 92292, 20532, 49163, 23139, 14852, 2419, 94945, 10473, 58389, 87817, 18164, 62277, 68791, 13348, 73330, 36876, 65334, 21264, 45823, 48913, 66448, 45681, 76227, 3298, 19245, 15292, 74225, 2081, 12669, 14545, 37361, 93452, 1880, 79845, 47996, 3938, 92890, 66904, 15377, 35288, 80314, 59754, 72027, 85560, 13002, 79410, 60381, 36834, 26822, 18526, 4275, 21261, 76951, 98894, 44292, 83338, 72810, 24459, 48197, 60404]})"
45.0,7,8,82,16.006097316741943,10113,"Genotype(dna={""<class 'abc.NT_0017'>"": [0, 91624], ""<class 'abc.NT_0017_P_00000'>"": [], ""<class 'abc.NT_0015'>"": [59754, 18526], ""<class 'abc.NT_0015_P_00000'>"": [], ""<class 'abc.NT_0000'>"": [16022, 0, 68658, 75248], ""<class 'abc.NT_0000_P_00000'>"": [], ""<class 'bool'>"": [86460, 41233, 75986, 25993, 82631, 61562, 27230, 83215], ""<class 'abc.NT_0000_P_00001'>"": [], ""<class 'int'>"": [91663, 89850, 80314, 60404], ""<class 'abc.NT_0000_P_00002'>"": [], ""<class 'abc.NT_0000_P_00003'>"": [], ""<class 'abc.NT_0015_P_00001'>"": [], ""<class 'abc.NT_0010'>"": [], ""<class 'abc.NT_0010_P_00000'>"": [], ""<class 'abc.NT_0007'>"": [], ""<class 'abc.NT_0007_P_00000'>"": [], ""<class 'abc.NT_0003'>"": [], ""<class 'abc.NT_0003_P_00000'>"": [], ""<class 'abc.NT_0002'>"": [0, 15377], ""<class 'abc.NT_0002_P_00000'>"": [], ""<class 'abc.NT_0002_P_00001'>"": [], ""<class 'abc.NT_0001'>"": [36432, 14518, 2, 43884, 40571], ""<class 'abc.NT_0001_P_00000'>"": [], ""<class 'abc.NT_0001_P_00001'>"": [], ""<class 'abc.NT_0001_P_00002'>"": [], ""<class 'abc.NT_0001_P_00003'>"": [], ""<class 'abc.NT_0001_P_00004'>"": [], ""<class 'abc.NT_0002_P_00002'>"": [], ""<class 'abc.NT_0002_P_00003'>"": [], ""<class 'abc.NT_0003_P_00001'>"": [], ""<class 'abc.NT_0003_P_00002'>"": [], ""<class 'abc.NT_0003_P_00003'>"": [], ""<class 'abc.NT_0007_P_00001'>"": [], ""<class 'abc.NT_0004'>"": [62590, 30197, 83338, 72810, 24459, 48197], ""<class 'abc.NT_0004_P_00000'>"": [], ""<class 'abc.NT_0004_P_00001'>"": [], ""<class 'abc.NT_0010_P_00001'>"": [], ""<class 'abc.NT_0008'>"": [], ""<class 'abc.NT_0008_P_00000'>"": [], ""<class 'abc.NT_0010_P_00002'>"": [], ""<class 'abc.NT_0005'>"": [], ""<class 'abc.NT_0005_P_00000'>"": [], ""<class 'abc.NT_0005_P_00001'>"": [], ""<class 'abc.NT_0009'>"": [72027, 4275], ""<class 'abc.NT_0009_P_00000'>"": [], ""<class 'abc.NT_0009_P_00001'>"": [], ""<class 'abc.NT_0006'>"": [], ""<class 'abc.NT_0006_P_00000'>"": [], ""<class 'abc.NT_0009_P_00002'>"": [], ""<class 'abc.NT_0009_P_00003'>"": [], ""<class 'abc.NT_0015_P_00002'>"": [], ""<class 'abc.NT_0015_P_00003'>"": [], ""<class 'abc.NT_0014'>"": [], ""<class 'abc.NT_0014_P_00000'>"": [], ""<class 'abc.NT_0014_P_00001'>"": [], ""<class 'abc.NT_0015_P_00004'>"": [], ""<class 'abc.NT_0017_P_00001'>"": [], ""<class 'abc.NT_0016'>"": [], ""<class 'abc.NT_0016_P_00000'>"": [], ""<class 'abc.NT_0016_P_00001'>"": [], ""<class 'abc.NT_0016_P_00002'>"": [], ""<class 'abc.NT_0017_P_00002'>"": [], '$leftovers': [57587, 20000, 54340, 26317, 6481, 50799, 53366, 57672, 15437, 41470, 43194, 76280, 53058, 16632, 24951, 11647, 20336, 85920, 79178, 86726, 29687, 35122, 19936, 77951, 52918, 77202, 86811, 49977, 33989, 62146, 44283, 86282, 53235, 34529, 93786, 26995, 59308, 96804, 32075, 89268, 17705, 44065, 20964, 70557, 41228, 50394, 73244, 80589, 89878, 70093, 13531, 33497, 2118, 78177, 32452, 6202, 17781, 36111, 70983, 16310, 50605, 68444, 59396, 2989, 86690, 65815, 89541, 4173, 66353, 83209, 87572, 36004, 564, 32908, 7913, 59000, 95465, 92810, 87181, 4723, 71261, 90499, 32785, 42988, 8818, 96196, 25382, 42871, 28094, 74450, 1798, 9925, 29165, 11964, 72226, 30190, 2543, 47952, 6757, 23982, 21833, 84542, 51070, 20362, 47872, 63420, 54664, 2566, 11695, 6523, 29859, 6201, 70774, 77659, 84464, 78867, 27667, 69385, 65140, 36605, 7012, 1250, 28942, 20757, 68110, 13812, 73414, 97476, 48447, 65592, 47550, 63325, 56635, 41252, 76420, 8978, 72071, 1937, 52721, 11586, 95378, 12603, 22711, 7770, 30975, 43951, 55031, 2794, 31555, 40143, 45735, 26934, 973, 11552, 95654, 8346, 61470, 70413, 10371, 43200, 65213, 34376, 43681, 71623, 66363, 61726, 96882, 59629, 26130, 46919, 32533, 16075, 75983, 81859, 16243, 8366, 15261, 18908, 62350, 61492, 83170, 50893, 81836, 3003, 93817, 66605, 40524, 65446, 28020, 1863, 725, 71665, 25810, 44842, 73472, 41194, 64753, 52869, 28406, 39260, 71021, 44544, 65259, 40879, 61260, 45447, 45201, 3321, 71834, 91841, 85944, 94448, 53777, 52512, 8549, 49201, 19980, 24764, 94536, 5157, 97859, 66443, 89316, 95801, 13183, 85710, 46447, 35334, 77529, 59421, 81195, 9851, 45065, 1228, 86952, 32820, 60942, 12527, 2701, 43832, 81092, 19751, 59457, 23812, 97339, 11061, 65182, 36676, 27888, 43573, 78010, 73786, 42822, 94936, 73010, 77609, 10163, 63290, 27012, 14424, 18531, 84803, 64958, 43258, 85321, 82524, 12515, 71837, 58848, 55036, 90390, 48542, 50684, 67693, 63530, 31868, 23633, 21579, 6184, 53131, 21002, 64832, 92053, 7184, 69006, 35823, 8901, 37893, 51534, 12913, 22446, 26285, 70255, 27641, 21932, 83656, 66575, 48694, 39512, 17613, 54185, 98358, 36273, 43014, 10733, 45136, 56634, 51849, 94288, 26786, 42387, 35475, 24444, 8118, 49485, 81714, 83778, 89561, 8738, 52024, 58874, 72716, 42311, 25454, 87595, 81934, 17964, 61433, 19494, 83691, 27415, 37037, 93113, 43616, 52964, 48333, 56234, 18241, 27411, 16419, 52538, 26653, 9839, 74465, 52527, 80201, 79630, 1840, 83276, 82109, 32792, 12949, 92039, 43765, 36272, 54630, 58463, 7943, 38328, 97833, 45183, 91200, 15929, 47964, 40561, 81809, 14276, 39018, 78090, 20469, 86063, 44225, 33166, 87717, 85524, 97465, 83919, 30571, 47291, 11687, 54825, 46134, 8685, 78917, 38709, 83964, 2221, 51487, 86847, 14005, 89651, 45410, 32614, 24838, 40258, 99135, 55054, 4969, 96553, 24382, 92307, 81538, 18598, 31340, 57241, 99094, 6002, 7419, 86820, 42779, 11869, 72254, 27411, 31840, 79401, 73664, 91511, 29301, 88737, 56727, 37464, 71958, 69508, 25388, 4807, 91309, 55535, 78168, 94902, 31655, 46027, 94454, 40509, 42451, 1052, 68891, 6541, 61185, 60171, 90386, 32613, 13324, 92786, 63265, 21684, 48267, 73039, 43664, 60352, 52907, 44675, 95496, 2418, 7997, 69656, 52682, 3534, 62641, 94861, 67850, 67794, 22721, 46227, 31666, 8747, 35366, 39868, 7244, 91381, 38982, 77500, 57926, 64111, 61778, 4991, 50703, 56802, 29847, 58359, 95807, 95068, 83415, 81616, 76533, 71507, 98373, 2134, 16453, 78850, 30462, 46604, 89830, 21706, 86295, 8595, 79105, 19655, 43131, 3478, 75436, 73052, 71062, 31739, 45697, 16052, 87826, 33911, 8138, 66268, 4656, 40763, 97630, 99868, 91639, 2772, 58917, 49516, 46748, 20804, 59466, 99872, 25910, 53332, 38030, 78030, 73087, 32427, 25656, 22734, 86384, 91610, 214, 58585, 43431, 32734, 17757, 39750, 16177, 71705, 51831, 42392, 85543, 6696, 8045, 46570, 30940, 78199, 29592, 24154, 78765, 84514, 86057, 90538, 96392, 38901, 72898, 62612, 33489, 59571, 82991, 44920, 37691, 1121, 94492, 51499, 82069, 28888, 14310, 88903, 84118, 10546, 30703, 78344, 91528, 40853, 4171, 4336, 52942, 23065, 9391, 86682, 8024, 19625, 91371, 66707, 17488, 10058, 52363, 62581, 72253, 66959, 9752, 13742, 86275, 76334, 53755, 50348, 61297, 71442, 60130, 43371, 96139, 17674, 23526, 15019, 82578, 51684, 64820, 51041, 4364, 44980, 70927, 4192, 97078, 91706, 68350, 77970, 42423, 59117, 98713, 81658, 5742, 16489, 29002, 42948, 22071, 91882, 87587, 87335, 92995, 94276, 73117, 79084, 6387, 11821, 92270, 39525, 34375, 79523, 78948, 53831, 62075, 20954, 96006, 36604, 39077, 58604, 29341, 89780, 20577, 57898, 43874, 87854, 39253, 63110, 39371, 19091, 10078, 61402, 86956, 2706, 6459, 53395, 56986, 73952, 14732, 36024, 78732, 78176, 77392, 90109, 7387, 46633, 28051, 78533, 47690, 10143, 69800, 44745, 15386, 78043, 85757, 67383, 85811, 74336, 6202, 10109, 54780, 811, 76576, 77040, 49169, 96682, 92835, 45041, 1842, 65528, 34016, 83474, 14013, 27202, 66335, 44499, 370, 21730, 52896, 71182, 85991, 39160, 40902, 55926, 35512, 75736, 13601, 92189, 77065, 84092, 98012, 48127, 11588, 90917, 67209, 11527, 94121, 43713, 79943, 21649, 81567, 58642, 44906, 74680, 40034, 91400, 63001, 5213, 55104, 32747, 93307, 38861, 27986, 4842, 71222, 96204, 50490, 41376, 83189, 378, 48774, 92287, 2703, 84308, 62388, 24134, 92282, 90947, 61816, 96517, 93801, 12248, 42612, 36596, 34402, 48549, 64887, 18886, 20656, 39553, 90994, 50931, 61171, 97927, 2047, 85741, 60257, 56686, 62824, 95036, 97774, 26512, 32213, 24226, 39119, 9190, 40253, 35323, 71271, 90577, 44, 70979, 92296, 59388, 78444, 59936, 61842, 18317, 14104, 74209, 24390, 30917, 86127, 98120, 80417, 53683, 4088, 22491, 83407, 32889, 33182, 90125, 68253, 63599, 54457, 91265, 92333, 23178, 96129, 44767, 46114, 84454, 73652, 77970, 9354, 12847, 74690, 31643, 71792, 72701, 44459, 13482, 2404, 79190, 44599, 39581, 83762, 38122, 78181, 85472, 89495, 96088, 45750, 12132, 86111, 9109, 84610, 44138, 65151, 75159, 7903, 24327, 23796, 27486, 76491, 91005, 62756, 8359, 39827, 37498, 88884, 69064, 88341, 83620, 5172, 25162, 12655, 35222, 43042, 31508, 95614, 11871, 72016, 12050, 46298, 82757, 50191, 22398, 65305, 63983, 69826, 58709, 70825, 19588, 82568, 42327, 11142, 71395, 10520, 43850, 12080, 34833, 59211, 82355, 44790, 14277, 94119, 99751, 55723, 66045, 65818, 52492, 28845, 77469, 6552, 85250, 81990, 20182, 31757, 24256, 8564, 51246, 18916, 38412, 36848, 69380, 96252, 20867, 86440, 12168, 57866, 16845, 44507, 27280, 78684, 72618, 39882, 21960, 75878, 24632, 3639, 77549, 1172, 17919, 43076, 60918, 7295, 36117, 78965, 29935, 36303, 38772, 34652, 92292, 20532, 49163, 23139, 14852, 2419, 94945, 10473, 58389, 87817, 18164, 62277, 68791, 13348, 73330, 36876, 65334, 21264, 45823, 48913, 66448, 45681, 76227, 3298, 19245, 15292, 74225, 2081, 12669, 14545, 37361, 93452, 1880, 79845, 47996, 3938, 92890, 66904, 15377, 35288, 80314, 59754, 72027, 85560, 13002, 79410, 60381, 36834, 26822, 18526, 4275, 21261, 76951, 98894, 44292, 83338, 72810, 24459, 48197, 60404]})"
45.0,7,8,83,16.11819577217102,10113,"Genotype(dna={""<class 'abc.NT_0017'>"": [0, 91624], ""<class 'abc.NT_0017_P_00000'>"": [], ""<class 'abc.NT_0015'>"": [59754, 18526], ""<class 'abc.NT_0015_P_00000'>"": [], ""<class 'abc.NT_0000'>"": [16022, 0, 68658, 75248], ""<class 'abc.NT_0000_P_00000'>"": [], ""<class 'bool'>"": [86460, 41233, 75986, 25993, 82631, 61562, 27230, 83215], ""<class 'abc.NT_0000_P_00001'>"": [], ""<class 'int'>"": [91663, 89850, 80314, 60404], ""<class 'abc.NT_0000_P_00002'>"": [], ""<class 'abc.NT_0000_P_00003'>"": [], ""<class 'abc.NT_0015_P_00001'>"": [], ""<class 'abc.NT_0010'>"": [], ""<class 'abc.NT_0010_P_00000'>"": [], ""<class 'abc.NT_0007'>"": [], ""<class 'abc.NT_0007_P_00000'>"": [], ""<class 'abc.NT_0003'>"": [], ""<class 'abc.NT_0003_P_00000'>"": [], ""<class 'abc.NT_0002'>"": [0, 15377], ""<class 'abc.NT_0002_P_00000'>"": [], ""<class 'abc.NT_0002_P_00001'>"": [], ""<class 'abc.NT_0001'>"": [36432, 14518, 2, 43884, 40571], ""<class 'abc.NT_0001_P_00000'>"": [], ""<class 'abc.NT_0001_P_00001'>"": [], ""<class 'abc.NT_0001_P_00002'>"": [], ""<class 'abc.NT_0001_P_00003'>"": [], ""<class 'abc.NT_0001_P_00004'>"": [], ""<class 'abc.NT_0002_P_00002'>"": [], ""<class 'abc.NT_0002_P_00003'>"": [], ""<class 'abc.NT_0003_P_00001'>"": [], ""<class 'abc.NT_0003_P_00002'>"": [], ""<class 'abc.NT_0003_P_00003'>"": [], ""<class 'abc.NT_0007_P_00001'>"": [], ""<class 'abc.NT_0004'>"": [62590, 30197, 83338, 72810, 24459, 48197], ""<class 'abc.NT_0004_P_00000'>"": [], ""<class 'abc.NT_0004_P_00001'>"": [], ""<class 'abc.NT_0010_P_00001'>"": [], ""<class 'abc.NT_0008'>"": [], ""<class 'abc.NT_0008_P_00000'>"": [], ""<class 'abc.NT_0010_P_00002'>"": [], ""<class 'abc.NT_0005'>"": [], ""<class 'abc.NT_0005_P_00000'>"": [], ""<class 'abc.NT_0005_P_00001'>"": [], ""<class 'abc.NT_0009'>"": [72027, 4275], ""<class 'abc.NT_0009_P_00000'>"": [], ""<class 'abc.NT_0009_P_00001'>"": [], ""<class 'abc.NT_0006'>"": [], ""<class 'abc.NT_0006_P_00000'>"": [], ""<class 'abc.NT_0009_P_00002'>"": [], ""<class 'abc.NT_0009_P_00003'>"": [], ""<class 'abc.NT_0015_P_00002'>"": [], ""<class 'abc.NT_0015_P_00003'>"": [], ""<class 'abc.NT_0014'>"": [], ""<class 'abc.NT_0014_P_00000'>"": [], ""<class 'abc.NT_0014_P_00001'>"": [], ""<class 'abc.NT_0015_P_00004'>"": [], ""<class 'abc.NT_0017_P_00001'>"": [], ""<class 'abc.NT_0016'>"": [], ""<class 'abc.NT_0016_P_00000'>"": [], ""<class 'abc.NT_0016_P_00001'>"": [], ""<class 'abc.NT_0016_P_00002'>"": [], ""<class 'abc.NT_0017_P_00002'>"": [], '$leftovers': [57587, 20000, 54340, 26317, 6481, 50799, 53366, 57672, 15437, 41470, 43194, 76280, 53058, 16632, 24951, 11647, 20336, 85920, 79178, 86726, 29687, 35122, 19936, 77951, 52918, 77202, 86811, 49977, 33989, 62146, 44283, 86282, 53235, 34529, 93786, 26995, 59308, 96804, 32075, 89268, 17705, 44065, 20964, 70557, 41228, 50394, 73244, 80589, 89878, 70093, 13531, 33497, 2118, 78177, 32452, 6202, 17781, 36111, 70983, 16310, 50605, 68444, 59396, 2989, 86690, 65815, 89541, 4173, 66353, 83209, 87572, 36004, 564, 32908, 7913, 59000, 95465, 92810, 87181, 4723, 71261, 90499, 32785, 42988, 8818, 96196, 25382, 42871, 28094, 74450, 1798, 9925, 29165, 11964, 72226, 30190, 2543, 47952, 6757, 23982, 21833, 84542, 51070, 20362, 47872, 63420, 54664, 2566, 11695, 6523, 29859, 6201, 70774, 77659, 84464, 78867, 27667, 69385, 65140, 36605, 7012, 1250, 28942, 20757, 68110, 13812, 73414, 97476, 48447, 65592, 47550, 63325, 56635, 41252, 76420, 8978, 72071, 1937, 52721, 11586, 95378, 12603, 22711, 7770, 30975, 43951, 55031, 2794, 31555, 40143, 45735, 26934, 973, 11552, 95654, 8346, 61470, 70413, 10371, 43200, 65213, 34376, 43681, 71623, 66363, 61726, 96882, 59629, 26130, 46919, 32533, 16075, 75983, 81859, 16243, 8366, 15261, 18908, 62350, 61492, 83170, 50893, 81836, 3003, 93817, 66605, 40524, 65446, 28020, 1863, 725, 71665, 25810, 44842, 73472, 41194, 64753, 52869, 28406, 39260, 71021, 44544, 65259, 40879, 61260, 45447, 45201, 3321, 71834, 91841, 85944, 94448, 53777, 52512, 8549, 49201, 19980, 24764, 94536, 5157, 97859, 66443, 89316, 95801, 13183, 85710, 46447, 35334, 77529, 59421, 81195, 9851, 45065, 1228, 86952, 32820, 60942, 12527, 2701, 43832, 81092, 19751, 59457, 23812, 97339, 11061, 65182, 36676, 27888, 43573, 78010, 73786, 42822, 94936, 73010, 77609, 10163, 63290, 27012, 14424, 18531, 84803, 64958, 43258, 85321, 82524, 12515, 71837, 58848, 55036, 90390, 48542, 50684, 67693, 63530, 31868, 23633, 21579, 6184, 53131, 21002, 64832, 92053, 7184, 69006, 35823, 8901, 37893, 51534, 12913, 22446, 26285, 70255, 27641, 21932, 83656, 66575, 48694, 39512, 17613, 54185, 98358, 36273, 43014, 10733, 45136, 56634, 51849, 94288, 26786, 42387, 35475, 24444, 8118, 49485, 81714, 83778, 89561, 8738, 52024, 58874, 72716, 42311, 25454, 87595, 81934, 17964, 61433, 19494, 83691, 27415, 37037, 93113, 43616, 52964, 48333, 56234, 18241, 27411, 16419, 52538, 26653, 9839, 74465, 52527, 80201, 79630, 1840, 83276, 82109, 32792, 12949, 92039, 43765, 36272, 54630, 58463, 7943, 38328, 97833, 45183, 91200, 15929, 47964, 40561, 81809, 14276, 39018, 78090, 20469, 86063, 44225, 33166, 87717, 85524, 97465, 83919, 30571, 47291, 11687, 54825, 46134, 8685, 78917, 38709, 83964, 2221, 51487, 86847, 14005, 89651, 45410, 32614, 24838, 40258, 99135, 55054, 4969, 96553, 24382, 92307, 81538, 18598, 31340, 57241, 99094, 6002, 7419, 86820, 42779, 11869, 72254, 27411, 31840, 79401, 73664, 91511, 29301, 88737, 56727, 37464, 71958, 69508, 25388, 4807, 91309, 55535, 78168, 94902, 31655, 46027, 94454, 40509, 42451, 1052, 68891, 6541, 61185, 60171, 90386, 32613, 13324, 92786, 63265, 21684, 48267, 73039, 43664, 60352, 52907, 44675, 95496, 2418, 7997, 69656, 52682, 3534, 62641, 94861, 67850, 67794, 22721, 46227, 31666, 8747, 35366, 39868, 7244, 91381, 38982, 77500, 57926, 64111, 61778, 4991, 50703, 56802, 29847, 58359, 95807, 95068, 83415, 81616, 76533, 71507, 98373, 2134, 16453, 78850, 30462, 46604, 89830, 21706, 86295, 8595, 79105, 19655, 43131, 3478, 75436, 73052, 71062, 31739, 45697, 16052, 87826, 33911, 8138, 66268, 4656, 40763, 97630, 99868, 91639, 2772, 58917, 49516, 46748, 20804, 59466, 99872, 25910, 53332, 38030, 78030, 73087, 32427, 25656, 22734, 86384, 91610, 214, 58585, 43431, 32734, 17757, 39750, 16177, 71705, 51831, 42392, 85543, 6696, 8045, 46570, 30940, 78199, 29592, 24154, 78765, 84514, 86057, 90538, 96392, 38901, 72898, 62612, 33489, 59571, 82991, 44920, 37691, 1121, 94492, 51499, 82069, 28888, 14310, 88903, 84118, 10546, 30703, 78344, 91528, 40853, 4171, 4336, 52942, 23065, 9391, 86682, 8024, 19625, 91371, 66707, 17488, 10058, 52363, 62581, 72253, 66959, 9752, 13742, 86275, 76334, 53755, 50348, 61297, 71442, 60130, 43371, 96139, 17674, 23526, 15019, 82578, 51684, 64820, 51041, 4364, 44980, 70927, 4192, 97078, 91706, 68350, 77970, 42423, 59117, 98713, 81658, 5742, 16489, 29002, 42948, 22071, 91882, 87587, 87335, 92995, 94276, 73117, 79084, 6387, 11821, 92270, 39525, 34375, 79523, 78948, 53831, 62075, 20954, 96006, 36604, 39077, 58604, 29341, 89780, 20577, 57898, 43874, 87854, 39253, 63110, 39371, 19091, 10078, 61402, 86956, 2706, 6459, 53395, 56986, 73952, 14732, 36024, 78732, 78176, 77392, 90109, 7387, 46633, 28051, 78533, 47690, 10143, 69800, 44745, 15386, 78043, 85757, 67383, 85811, 74336, 6202, 10109, 54780, 811, 76576, 77040, 49169, 96682, 92835, 45041, 1842, 65528, 34016, 83474, 14013, 27202, 66335, 44499, 370, 21730, 52896, 71182, 85991, 39160, 40902, 55926, 35512, 75736, 13601, 92189, 77065, 84092, 98012, 48127, 11588, 90917, 67209, 11527, 94121, 43713, 79943, 21649, 81567, 58642, 44906, 74680, 40034, 91400, 63001, 5213, 55104, 32747, 93307, 38861, 27986, 4842, 71222, 96204, 50490, 41376, 83189, 378, 48774, 92287, 2703, 84308, 62388, 24134, 92282, 90947, 61816, 96517, 93801, 12248, 42612, 36596, 34402, 48549, 64887, 18886, 20656, 39553, 90994, 50931, 61171, 97927, 2047, 85741, 60257, 56686, 62824, 95036, 97774, 26512, 32213, 24226, 39119, 9190, 40253, 35323, 71271, 90577, 44, 70979, 92296, 59388, 78444, 59936, 61842, 18317, 14104, 74209, 24390, 30917, 86127, 98120, 80417, 53683, 4088, 22491, 83407, 32889, 33182, 90125, 68253, 63599, 54457, 91265, 92333, 23178, 96129, 44767, 46114, 84454, 73652, 77970, 9354, 12847, 74690, 31643, 71792, 72701, 44459, 13482, 2404, 79190, 44599, 39581, 83762, 38122, 78181, 85472, 89495, 96088, 45750, 12132, 86111, 9109, 84610, 44138, 65151, 75159, 7903, 24327, 23796, 27486, 76491, 91005, 62756, 8359, 39827, 37498, 88884, 69064, 88341, 83620, 5172, 25162, 12655, 35222, 43042, 31508, 95614, 11871, 72016, 12050, 46298, 82757, 50191, 22398, 65305, 63983, 69826, 58709, 70825, 19588, 82568, 42327, 11142, 71395, 10520, 43850, 12080, 34833, 59211, 82355, 44790, 14277, 94119, 99751, 55723, 66045, 65818, 52492, 28845, 77469, 6552, 85250, 81990, 20182, 31757, 24256, 8564, 51246, 18916, 38412, 36848, 69380, 96252, 20867, 86440, 12168, 57866, 16845, 44507, 27280, 78684, 72618, 39882, 21960, 75878, 24632, 3639, 77549, 1172, 17919, 43076, 60918, 7295, 36117, 78965, 29935, 36303, 38772, 34652, 92292, 20532, 49163, 23139, 14852, 2419, 94945, 10473, 58389, 87817, 18164, 62277, 68791, 13348, 73330, 36876, 65334, 21264, 45823, 48913, 66448, 45681, 76227, 3298, 19245, 15292, 74225, 2081, 12669, 14545, 37361, 93452, 1880, 79845, 47996, 3938, 92890, 66904, 15377, 35288, 80314, 59754, 72027, 85560, 13002, 79410, 60381, 36834, 26822, 18526, 4275, 21261, 76951, 98894, 44292, 83338, 72810, 24459, 48197, 60404]})"
45.0,7,8,84,16.223341464996338,10113,"Genotype(dna={""<class 'abc.NT_0017'>"": [0, 91624], ""<class 'abc.NT_0017_P_00000'>"": [], ""<class 'abc.NT_0015'>"": [59754, 18526], ""<class 'abc.NT_0015_P_00000'>"": [], ""<class 'abc.NT_0000'>"": [16022, 0, 68658, 75248], ""<class 'abc.NT_0000_P_00000'>"": [], ""<class 'bool'>"": [86460, 41233, 75986, 25993, 82631, 61562, 27230, 83215], ""<class 'abc.NT_0000_P_00001'>"": [], ""<class 'int'>"": [91663, 89850, 80314, 60404], ""<class 'abc.NT_0000_P_00002'>"": [], ""<class 'abc.NT_0000_P_00003'>"": [], ""<class 'abc.NT_0015_P_00001'>"": [], ""<class 'abc.NT_0010'>"": [], ""<class 'abc.NT_0010_P_00000'>"": [], ""<class 'abc.NT_0007'>"": [], ""<class 'abc.NT_0007_P_00000'>"": [], ""<class 'abc.NT_0003'>"": [], ""<class 'abc.NT_0003_P_00000'>"": [], ""<class 'abc.NT_0002'>"": [0, 15377], ""<class 'abc.NT_0002_P_00000'>"": [], ""<class 'abc.NT_0002_P_00001'>"": [], ""<class 'abc.NT_0001'>"": [36432, 14518, 2, 43884, 40571], ""<class 'abc.NT_0001_P_00000'>"": [], ""<class 'abc.NT_0001_P_00001'>"": [], ""<class 'abc.NT_0001_P_00002'>"": [], ""<class 'abc.NT_0001_P_00003'>"": [], ""<class 'abc.NT_0001_P_00004'>"": [], ""<class 'abc.NT_0002_P_00002'>"": [], ""<class 'abc.NT_0002_P_00003'>"": [], ""<class 'abc.NT_0003_P_00001'>"": [], ""<class 'abc.NT_0003_P_00002'>"": [], ""<class 'abc.NT_0003_P_00003'>"": [], ""<class 'abc.NT_0007_P_00001'>"": [], ""<class 'abc.NT_0004'>"": [62590, 30197, 83338, 72810, 24459, 48197], ""<class 'abc.NT_0004_P_00000'>"": [], ""<class 'abc.NT_0004_P_00001'>"": [], ""<class 'abc.NT_0010_P_00001'>"": [], ""<class 'abc.NT_0008'>"": [], ""<class 'abc.NT_0008_P_00000'>"": [], ""<class 'abc.NT_0010_P_00002'>"": [], ""<class 'abc.NT_0005'>"": [], ""<class 'abc.NT_0005_P_00000'>"": [], ""<class 'abc.NT_0005_P_00001'>"": [], ""<class 'abc.NT_0009'>"": [72027, 4275], ""<class 'abc.NT_0009_P_00000'>"": [], ""<class 'abc.NT_0009_P_00001'>"": [], ""<class 'abc.NT_0006'>"": [], ""<class 'abc.NT_0006_P_00000'>"": [], ""<class 'abc.NT_0009_P_00002'>"": [], ""<class 'abc.NT_0009_P_00003'>"": [], ""<class 'abc.NT_0015_P_00002'>"": [], ""<class 'abc.NT_0015_P_00003'>"": [], ""<class 'abc.NT_0014'>"": [], ""<class 'abc.NT_0014_P_00000'>"": [], ""<class 'abc.NT_0014_P_00001'>"": [], ""<class 'abc.NT_0015_P_00004'>"": [], ""<class 'abc.NT_0017_P_00001'>"": [], ""<class 'abc.NT_0016'>"": [], ""<class 'abc.NT_0016_P_00000'>"": [], ""<class 'abc.NT_0016_P_00001'>"": [], ""<class 'abc.NT_0016_P_00002'>"": [], ""<class 'abc.NT_0017_P_00002'>"": [], '$leftovers': [57587, 20000, 54340, 26317, 6481, 50799, 53366, 57672, 15437, 41470, 43194, 76280, 53058, 16632, 24951, 11647, 20336, 85920, 79178, 86726, 29687, 35122, 19936, 77951, 52918, 77202, 86811, 49977, 33989, 62146, 44283, 86282, 53235, 34529, 93786, 26995, 59308, 96804, 32075, 89268, 17705, 44065, 20964, 70557, 41228, 50394, 73244, 80589, 89878, 70093, 13531, 33497, 2118, 78177, 32452, 6202, 17781, 36111, 70983, 16310, 50605, 68444, 59396, 2989, 86690, 65815, 89541, 4173, 66353, 83209, 87572, 36004, 564, 32908, 7913, 59000, 95465, 92810, 87181, 4723, 71261, 90499, 32785, 42988, 8818, 96196, 25382, 42871, 28094, 74450, 1798, 9925, 29165, 11964, 72226, 30190, 2543, 47952, 6757, 23982, 21833, 84542, 51070, 20362, 47872, 63420, 54664, 2566, 11695, 6523, 29859, 6201, 70774, 77659, 84464, 78867, 27667, 69385, 65140, 36605, 7012, 1250, 28942, 20757, 68110, 13812, 73414, 97476, 48447, 65592, 47550, 63325, 56635, 41252, 76420, 8978, 72071, 1937, 52721, 11586, 95378, 12603, 22711, 7770, 30975, 43951, 55031, 2794, 31555, 40143, 45735, 26934, 973, 11552, 95654, 8346, 61470, 70413, 10371, 43200, 65213, 34376, 43681, 71623, 66363, 61726, 96882, 59629, 26130, 46919, 32533, 16075, 75983, 81859, 16243, 8366, 15261, 18908, 62350, 61492, 83170, 50893, 81836, 3003, 93817, 66605, 40524, 65446, 28020, 1863, 725, 71665, 25810, 44842, 73472, 41194, 64753, 52869, 28406, 39260, 71021, 44544, 65259, 40879, 61260, 45447, 45201, 3321, 71834, 91841, 85944, 94448, 53777, 52512, 8549, 49201, 19980, 24764, 94536, 5157, 97859, 66443, 89316, 95801, 13183, 85710, 46447, 35334, 77529, 59421, 81195, 9851, 45065, 1228, 86952, 32820, 60942, 12527, 2701, 43832, 81092, 19751, 59457, 23812, 97339, 11061, 65182, 36676, 27888, 43573, 78010, 73786, 42822, 94936, 73010, 77609, 10163, 63290, 27012, 14424, 18531, 84803, 64958, 43258, 85321, 82524, 12515, 71837, 58848, 55036, 90390, 48542, 50684, 67693, 63530, 31868, 23633, 21579, 6184, 53131, 21002, 64832, 92053, 7184, 69006, 35823, 8901, 37893, 51534, 12913, 22446, 26285, 70255, 27641, 21932, 83656, 66575, 48694, 39512, 17613, 54185, 98358, 36273, 43014, 10733, 45136, 56634, 51849, 94288, 26786, 42387, 35475, 24444, 8118, 49485, 81714, 83778, 89561, 8738, 52024, 58874, 72716, 42311, 25454, 87595, 81934, 17964, 61433, 19494, 83691, 27415, 37037, 93113, 43616, 52964, 48333, 56234, 18241, 27411, 16419, 52538, 26653, 9839, 74465, 52527, 80201, 79630, 1840, 83276, 82109, 32792, 12949, 92039, 43765, 36272, 54630, 58463, 7943, 38328, 97833, 45183, 91200, 15929, 47964, 40561, 81809, 14276, 39018, 78090, 20469, 86063, 44225, 33166, 87717, 85524, 97465, 83919, 30571, 47291, 11687, 54825, 46134, 8685, 78917, 38709, 83964, 2221, 51487, 86847, 14005, 89651, 45410, 32614, 24838, 40258, 99135, 55054, 4969, 96553, 24382, 92307, 81538, 18598, 31340, 57241, 99094, 6002, 7419, 86820, 42779, 11869, 72254, 27411, 31840, 79401, 73664, 91511, 29301, 88737, 56727, 37464, 71958, 69508, 25388, 4807, 91309, 55535, 78168, 94902, 31655, 46027, 94454, 40509, 42451, 1052, 68891, 6541, 61185, 60171, 90386, 32613, 13324, 92786, 63265, 21684, 48267, 73039, 43664, 60352, 52907, 44675, 95496, 2418, 7997, 69656, 52682, 3534, 62641, 94861, 67850, 67794, 22721, 46227, 31666, 8747, 35366, 39868, 7244, 91381, 38982, 77500, 57926, 64111, 61778, 4991, 50703, 56802, 29847, 58359, 95807, 95068, 83415, 81616, 76533, 71507, 98373, 2134, 16453, 78850, 30462, 46604, 89830, 21706, 86295, 8595, 79105, 19655, 43131, 3478, 75436, 73052, 71062, 31739, 45697, 16052, 87826, 33911, 8138, 66268, 4656, 40763, 97630, 99868, 91639, 2772, 58917, 49516, 46748, 20804, 59466, 99872, 25910, 53332, 38030, 78030, 73087, 32427, 25656, 22734, 86384, 91610, 214, 58585, 43431, 32734, 17757, 39750, 16177, 71705, 51831, 42392, 85543, 6696, 8045, 46570, 30940, 78199, 29592, 24154, 78765, 84514, 86057, 90538, 96392, 38901, 72898, 62612, 33489, 59571, 82991, 44920, 37691, 1121, 94492, 51499, 82069, 28888, 14310, 88903, 84118, 10546, 30703, 78344, 91528, 40853, 4171, 4336, 52942, 23065, 9391, 86682, 8024, 19625, 91371, 66707, 17488, 10058, 52363, 62581, 72253, 66959, 9752, 13742, 86275, 76334, 53755, 50348, 61297, 71442, 60130, 43371, 96139, 17674, 23526, 15019, 82578, 51684, 64820, 51041, 4364, 44980, 70927, 4192, 97078, 91706, 68350, 77970, 42423, 59117, 98713, 81658, 5742, 16489, 29002, 42948, 22071, 91882, 87587, 87335, 92995, 94276, 73117, 79084, 6387, 11821, 92270, 39525, 34375, 79523, 78948, 53831, 62075, 20954, 96006, 36604, 39077, 58604, 29341, 89780, 20577, 57898, 43874, 87854, 39253, 63110, 39371, 19091, 10078, 61402, 86956, 2706, 6459, 53395, 56986, 73952, 14732, 36024, 78732, 78176, 77392, 90109, 7387, 46633, 28051, 78533, 47690, 10143, 69800, 44745, 15386, 78043, 85757, 67383, 85811, 74336, 6202, 10109, 54780, 811, 76576, 77040, 49169, 96682, 92835, 45041, 1842, 65528, 34016, 83474, 14013, 27202, 66335, 44499, 370, 21730, 52896, 71182, 85991, 39160, 40902, 55926, 35512, 75736, 13601, 92189, 77065, 84092, 98012, 48127, 11588, 90917, 67209, 11527, 94121, 43713, 79943, 21649, 81567, 58642, 44906, 74680, 40034, 91400, 63001, 5213, 55104, 32747, 93307, 38861, 27986, 4842, 71222, 96204, 50490, 41376, 83189, 378, 48774, 92287, 2703, 84308, 62388, 24134, 92282, 90947, 61816, 96517, 93801, 12248, 42612, 36596, 34402, 48549, 64887, 18886, 20656, 39553, 90994, 50931, 61171, 97927, 2047, 85741, 60257, 56686, 62824, 95036, 97774, 26512, 32213, 24226, 39119, 9190, 40253, 35323, 71271, 90577, 44, 70979, 92296, 59388, 78444, 59936, 61842, 18317, 14104, 74209, 24390, 30917, 86127, 98120, 80417, 53683, 4088, 22491, 83407, 32889, 33182, 90125, 68253, 63599, 54457, 91265, 92333, 23178, 96129, 44767, 46114, 84454, 73652, 77970, 9354, 12847, 74690, 31643, 71792, 72701, 44459, 13482, 2404, 79190, 44599, 39581, 83762, 38122, 78181, 85472, 89495, 96088, 45750, 12132, 86111, 9109, 84610, 44138, 65151, 75159, 7903, 24327, 23796, 27486, 76491, 91005, 62756, 8359, 39827, 37498, 88884, 69064, 88341, 83620, 5172, 25162, 12655, 35222, 43042, 31508, 95614, 11871, 72016, 12050, 46298, 82757, 50191, 22398, 65305, 63983, 69826, 58709, 70825, 19588, 82568, 42327, 11142, 71395, 10520, 43850, 12080, 34833, 59211, 82355, 44790, 14277, 94119, 99751, 55723, 66045, 65818, 52492, 28845, 77469, 6552, 85250, 81990, 20182, 31757, 24256, 8564, 51246, 18916, 38412, 36848, 69380, 96252, 20867, 86440, 12168, 57866, 16845, 44507, 27280, 78684, 72618, 39882, 21960, 75878, 24632, 3639, 77549, 1172, 17919, 43076, 60918, 7295, 36117, 78965, 29935, 36303, 38772, 34652, 92292, 20532, 49163, 23139, 14852, 2419, 94945, 10473, 58389, 87817, 18164, 62277, 68791, 13348, 73330, 36876, 65334, 21264, 45823, 48913, 66448, 45681, 76227, 3298, 19245, 15292, 74225, 2081, 12669, 14545, 37361, 93452, 1880, 79845, 47996, 3938, 92890, 66904, 15377, 35288, 80314, 59754, 72027, 85560, 13002, 79410, 60381, 36834, 26822, 18526, 4275, 21261, 76951, 98894, 44292, 83338, 72810, 24459, 48197, 60404]})"
45.0,7,8,85,16.41219472885132,10113,"Genotype(dna={""<class 'abc.NT_0017'>"": [0, 91624], ""<class 'abc.NT_0017_P_00000'>"": [], ""<class 'abc.NT_0015'>"": [59754, 18526], ""<class 'abc.NT_0015_P_00000'>"": [], ""<class 'abc.NT_0000'>"": [16022, 0, 68658, 75248], ""<class 'abc.NT_0000_P_00000'>"": [], ""<class 'bool'>"": [86460, 41233, 75986, 25993, 82631, 61562, 27230, 83215], ""<class 'abc.NT_0000_P_00001'>"": [], ""<class 'int'>"": [91663, 89850, 80314, 60404], ""<class 'abc.NT_0000_P_00002'>"": [], ""<class 'abc.NT_0000_P_00003'>"": [], ""<class 'abc.NT_0015_P_00001'>"": [], ""<class 'abc.NT_0010'>"": [], ""<class 'abc.NT_0010_P_00000'>"": [], ""<class 'abc.NT_0007'>"": [], ""<class 'abc.NT_0007_P_00000'>"": [], ""<class 'abc.NT_0003'>"": [], ""<class 'abc.NT_0003_P_00000'>"": [], ""<class 'abc.NT_0002'>"": [0, 15377], ""<class 'abc.NT_0002_P_00000'>"": [], ""<class 'abc.NT_0002_P_00001'>"": [], ""<class 'abc.NT_0001'>"": [36432, 14518, 2, 43884, 40571], ""<class 'abc.NT_0001_P_00000'>"": [], ""<class 'abc.NT_0001_P_00001'>"": [], ""<class 'abc.NT_0001_P_00002'>"": [], ""<class 'abc.NT_0001_P_00003'>"": [], ""<class 'abc.NT_0001_P_00004'>"": [], ""<class 'abc.NT_0002_P_00002'>"": [], ""<class 'abc.NT_0002_P_00003'>"": [], ""<class 'abc.NT_0003_P_00001'>"": [], ""<class 'abc.NT_0003_P_00002'>"": [], ""<class 'abc.NT_0003_P_00003'>"": [], ""<class 'abc.NT_0007_P_00001'>"": [], ""<class 'abc.NT_0004'>"": [62590, 30197, 83338, 72810, 24459, 48197], ""<class 'abc.NT_0004_P_00000'>"": [], ""<class 'abc.NT_0004_P_00001'>"": [], ""<class 'abc.NT_0010_P_00001'>"": [], ""<class 'abc.NT_0008'>"": [], ""<class 'abc.NT_0008_P_00000'>"": [], ""<class 'abc.NT_0010_P_00002'>"": [], ""<class 'abc.NT_0005'>"": [], ""<class 'abc.NT_0005_P_00000'>"": [], ""<class 'abc.NT_0005_P_00001'>"": [], ""<class 'abc.NT_0009'>"": [72027, 4275], ""<class 'abc.NT_0009_P_00000'>"": [], ""<class 'abc.NT_0009_P_00001'>"": [], ""<class 'abc.NT_0006'>"": [], ""<class 'abc.NT_0006_P_00000'>"": [], ""<class 'abc.NT_0009_P_00002'>"": [], ""<class 'abc.NT_0009_P_00003'>"": [], ""<class 'abc.NT_0015_P_00002'>"": [], ""<class 'abc.NT_0015_P_00003'>"": [], ""<class 'abc.NT_0014'>"": [], ""<class 'abc.NT_0014_P_00000'>"": [], ""<class 'abc.NT_0014_P_00001'>"": [], ""<class 'abc.NT_0015_P_00004'>"": [], ""<class 'abc.NT_0017_P_00001'>"": [], ""<class 'abc.NT_0016'>"": [], ""<class 'abc.NT_0016_P_00000'>"": [], ""<class 'abc.NT_0016_P_00001'>"": [], ""<class 'abc.NT_0016_P_00002'>"": [], ""<class 'abc.NT_0017_P_00002'>"": [], '$leftovers': [57587, 20000, 54340, 26317, 6481, 50799, 53366, 57672, 15437, 41470, 43194, 76280, 53058, 16632, 24951, 11647, 20336, 85920, 79178, 86726, 29687, 35122, 19936, 77951, 52918, 77202, 86811, 49977, 33989, 62146, 44283, 86282, 53235, 34529, 93786, 26995, 59308, 96804, 32075, 89268, 17705, 44065, 20964, 70557, 41228, 50394, 73244, 80589, 89878, 70093, 13531, 33497, 2118, 78177, 32452, 6202, 17781, 36111, 70983, 16310, 50605, 68444, 59396, 2989, 86690, 65815, 89541, 4173, 66353, 83209, 87572, 36004, 564, 32908, 7913, 59000, 95465, 92810, 87181, 4723, 71261, 90499, 32785, 42988, 8818, 96196, 25382, 42871, 28094, 74450, 1798, 9925, 29165, 11964, 72226, 30190, 2543, 47952, 6757, 23982, 21833, 84542, 51070, 20362, 47872, 63420, 54664, 2566, 11695, 6523, 29859, 6201, 70774, 77659, 84464, 78867, 27667, 69385, 65140, 36605, 7012, 1250, 28942, 20757, 68110, 13812, 73414, 97476, 48447, 65592, 47550, 63325, 56635, 41252, 76420, 8978, 72071, 1937, 52721, 11586, 95378, 12603, 22711, 7770, 30975, 43951, 55031, 2794, 31555, 40143, 45735, 26934, 973, 11552, 95654, 8346, 61470, 70413, 10371, 43200, 65213, 34376, 43681, 71623, 66363, 61726, 96882, 59629, 26130, 46919, 32533, 16075, 75983, 81859, 16243, 8366, 15261, 18908, 62350, 61492, 83170, 50893, 81836, 3003, 93817, 66605, 40524, 65446, 28020, 1863, 725, 71665, 25810, 44842, 73472, 41194, 64753, 52869, 28406, 39260, 71021, 44544, 65259, 40879, 61260, 45447, 45201, 3321, 71834, 91841, 85944, 94448, 53777, 52512, 8549, 49201, 19980, 24764, 94536, 5157, 97859, 66443, 89316, 95801, 13183, 85710, 46447, 35334, 77529, 59421, 81195, 9851, 45065, 1228, 86952, 32820, 60942, 12527, 2701, 43832, 81092, 19751, 59457, 23812, 97339, 11061, 65182, 36676, 27888, 43573, 78010, 73786, 42822, 94936, 73010, 77609, 10163, 63290, 27012, 14424, 18531, 84803, 64958, 43258, 85321, 82524, 12515, 71837, 58848, 55036, 90390, 48542, 50684, 67693, 63530, 31868, 23633, 21579, 6184, 53131, 21002, 64832, 92053, 7184, 69006, 35823, 8901, 37893, 51534, 12913, 22446, 26285, 70255, 27641, 21932, 83656, 66575, 48694, 39512, 17613, 54185, 98358, 36273, 43014, 10733, 45136, 56634, 51849, 94288, 26786, 42387, 35475, 24444, 8118, 49485, 81714, 83778, 89561, 8738, 52024, 58874, 72716, 42311, 25454, 87595, 81934, 17964, 61433, 19494, 83691, 27415, 37037, 93113, 43616, 52964, 48333, 56234, 18241, 27411, 16419, 52538, 26653, 9839, 74465, 52527, 80201, 79630, 1840, 83276, 82109, 32792, 12949, 92039, 43765, 36272, 54630, 58463, 7943, 38328, 97833, 45183, 91200, 15929, 47964, 40561, 81809, 14276, 39018, 78090, 20469, 86063, 44225, 33166, 87717, 85524, 97465, 83919, 30571, 47291, 11687, 54825, 46134, 8685, 78917, 38709, 83964, 2221, 51487, 86847, 14005, 89651, 45410, 32614, 24838, 40258, 99135, 55054, 4969, 96553, 24382, 92307, 81538, 18598, 31340, 57241, 99094, 6002, 7419, 86820, 42779, 11869, 72254, 27411, 31840, 79401, 73664, 91511, 29301, 88737, 56727, 37464, 71958, 69508, 25388, 4807, 91309, 55535, 78168, 94902, 31655, 46027, 94454, 40509, 42451, 1052, 68891, 6541, 61185, 60171, 90386, 32613, 13324, 92786, 63265, 21684, 48267, 73039, 43664, 60352, 52907, 44675, 95496, 2418, 7997, 69656, 52682, 3534, 62641, 94861, 67850, 67794, 22721, 46227, 31666, 8747, 35366, 39868, 7244, 91381, 38982, 77500, 57926, 64111, 61778, 4991, 50703, 56802, 29847, 58359, 95807, 95068, 83415, 81616, 76533, 71507, 98373, 2134, 16453, 78850, 30462, 46604, 89830, 21706, 86295, 8595, 79105, 19655, 43131, 3478, 75436, 73052, 71062, 31739, 45697, 16052, 87826, 33911, 8138, 66268, 4656, 40763, 97630, 99868, 91639, 2772, 58917, 49516, 46748, 20804, 59466, 99872, 25910, 53332, 38030, 78030, 73087, 32427, 25656, 22734, 86384, 91610, 214, 58585, 43431, 32734, 17757, 39750, 16177, 71705, 51831, 42392, 85543, 6696, 8045, 46570, 30940, 78199, 29592, 24154, 78765, 84514, 86057, 90538, 96392, 38901, 72898, 62612, 33489, 59571, 82991, 44920, 37691, 1121, 94492, 51499, 82069, 28888, 14310, 88903, 84118, 10546, 30703, 78344, 91528, 40853, 4171, 4336, 52942, 23065, 9391, 86682, 8024, 19625, 91371, 66707, 17488, 10058, 52363, 62581, 72253, 66959, 9752, 13742, 86275, 76334, 53755, 50348, 61297, 71442, 60130, 43371, 96139, 17674, 23526, 15019, 82578, 51684, 64820, 51041, 4364, 44980, 70927, 4192, 97078, 91706, 68350, 77970, 42423, 59117, 98713, 81658, 5742, 16489, 29002, 42948, 22071, 91882, 87587, 87335, 92995, 94276, 73117, 79084, 6387, 11821, 92270, 39525, 34375, 79523, 78948, 53831, 62075, 20954, 96006, 36604, 39077, 58604, 29341, 89780, 20577, 57898, 43874, 87854, 39253, 63110, 39371, 19091, 10078, 61402, 86956, 2706, 6459, 53395, 56986, 73952, 14732, 36024, 78732, 78176, 77392, 90109, 7387, 46633, 28051, 78533, 47690, 10143, 69800, 44745, 15386, 78043, 85757, 67383, 85811, 74336, 6202, 10109, 54780, 811, 76576, 77040, 49169, 96682, 92835, 45041, 1842, 65528, 34016, 83474, 14013, 27202, 66335, 44499, 370, 21730, 52896, 71182, 85991, 39160, 40902, 55926, 35512, 75736, 13601, 92189, 77065, 84092, 98012, 48127, 11588, 90917, 67209, 11527, 94121, 43713, 79943, 21649, 81567, 58642, 44906, 74680, 40034, 91400, 63001, 5213, 55104, 32747, 93307, 38861, 27986, 4842, 71222, 96204, 50490, 41376, 83189, 378, 48774, 92287, 2703, 84308, 62388, 24134, 92282, 90947, 61816, 96517, 93801, 12248, 42612, 36596, 34402, 48549, 64887, 18886, 20656, 39553, 90994, 50931, 61171, 97927, 2047, 85741, 60257, 56686, 62824, 95036, 97774, 26512, 32213, 24226, 39119, 9190, 40253, 35323, 71271, 90577, 44, 70979, 92296, 59388, 78444, 59936, 61842, 18317, 14104, 74209, 24390, 30917, 86127, 98120, 80417, 53683, 4088, 22491, 83407, 32889, 33182, 90125, 68253, 63599, 54457, 91265, 92333, 23178, 96129, 44767, 46114, 84454, 73652, 77970, 9354, 12847, 74690, 31643, 71792, 72701, 44459, 13482, 2404, 79190, 44599, 39581, 83762, 38122, 78181, 85472, 89495, 96088, 45750, 12132, 86111, 9109, 84610, 44138, 65151, 75159, 7903, 24327, 23796, 27486, 76491, 91005, 62756, 8359, 39827, 37498, 88884, 69064, 88341, 83620, 5172, 25162, 12655, 35222, 43042, 31508, 95614, 11871, 72016, 12050, 46298, 82757, 50191, 22398, 65305, 63983, 69826, 58709, 70825, 19588, 82568, 42327, 11142, 71395, 10520, 43850, 12080, 34833, 59211, 82355, 44790, 14277, 94119, 99751, 55723, 66045, 65818, 52492, 28845, 77469, 6552, 85250, 81990, 20182, 31757, 24256, 8564, 51246, 18916, 38412, 36848, 69380, 96252, 20867, 86440, 12168, 57866, 16845, 44507, 27280, 78684, 72618, 39882, 21960, 75878, 24632, 3639, 77549, 1172, 17919, 43076, 60918, 7295, 36117, 78965, 29935, 36303, 38772, 34652, 92292, 20532, 49163, 23139, 14852, 2419, 94945, 10473, 58389, 87817, 18164, 62277, 68791, 13348, 73330, 36876, 65334, 21264, 45823, 48913, 66448, 45681, 76227, 3298, 19245, 15292, 74225, 2081, 12669, 14545, 37361, 93452, 1880, 79845, 47996, 3938, 92890, 66904, 15377, 35288, 80314, 59754, 72027, 85560, 13002, 79410, 60381, 36834, 26822, 18526, 4275, 21261, 76951, 98894, 44292, 83338, 72810, 24459, 48197, 60404]})"
45.0,7,8,86,16.55493974685669,10113,"Genotype(dna={""<class 'abc.NT_0017'>"": [0, 91624], ""<class 'abc.NT_0017_P_00000'>"": [], ""<class 'abc.NT_0015'>"": [59754, 18526], ""<class 'abc.NT_0015_P_00000'>"": [], ""<class 'abc.NT_0000'>"": [16022, 0, 68658, 75248], ""<class 'abc.NT_0000_P_00000'>"": [], ""<class 'bool'>"": [86460, 41233, 75986, 25993, 82631, 61562, 27230, 83215], ""<class 'abc.NT_0000_P_00001'>"": [], ""<class 'int'>"": [91663, 89850, 80314, 60404], ""<class 'abc.NT_0000_P_00002'>"": [], ""<class 'abc.NT_0000_P_00003'>"": [], ""<class 'abc.NT_0015_P_00001'>"": [], ""<class 'abc.NT_0010'>"": [], ""<class 'abc.NT_0010_P_00000'>"": [], ""<class 'abc.NT_0007'>"": [], ""<class 'abc.NT_0007_P_00000'>"": [], ""<class 'abc.NT_0003'>"": [], ""<class 'abc.NT_0003_P_00000'>"": [], ""<class 'abc.NT_0002'>"": [0, 15377], ""<class 'abc.NT_0002_P_00000'>"": [], ""<class 'abc.NT_0002_P_00001'>"": [], ""<class 'abc.NT_0001'>"": [36432, 14518, 2, 43884, 40571], ""<class 'abc.NT_0001_P_00000'>"": [], ""<class 'abc.NT_0001_P_00001'>"": [], ""<class 'abc.NT_0001_P_00002'>"": [], ""<class 'abc.NT_0001_P_00003'>"": [], ""<class 'abc.NT_0001_P_00004'>"": [], ""<class 'abc.NT_0002_P_00002'>"": [], ""<class 'abc.NT_0002_P_00003'>"": [], ""<class 'abc.NT_0003_P_00001'>"": [], ""<class 'abc.NT_0003_P_00002'>"": [], ""<class 'abc.NT_0003_P_00003'>"": [], ""<class 'abc.NT_0007_P_00001'>"": [], ""<class 'abc.NT_0004'>"": [62590, 30197, 83338, 72810, 24459, 48197], ""<class 'abc.NT_0004_P_00000'>"": [], ""<class 'abc.NT_0004_P_00001'>"": [], ""<class 'abc.NT_0010_P_00001'>"": [], ""<class 'abc.NT_0008'>"": [], ""<class 'abc.NT_0008_P_00000'>"": [], ""<class 'abc.NT_0010_P_00002'>"": [], ""<class 'abc.NT_0005'>"": [], ""<class 'abc.NT_0005_P_00000'>"": [], ""<class 'abc.NT_0005_P_00001'>"": [], ""<class 'abc.NT_0009'>"": [72027, 4275], ""<class 'abc.NT_0009_P_00000'>"": [], ""<class 'abc.NT_0009_P_00001'>"": [], ""<class 'abc.NT_0006'>"": [], ""<class 'abc.NT_0006_P_00000'>"": [], ""<class 'abc.NT_0009_P_00002'>"": [], ""<class 'abc.NT_0009_P_00003'>"": [], ""<class 'abc.NT_0015_P_00002'>"": [], ""<class 'abc.NT_0015_P_00003'>"": [], ""<class 'abc.NT_0014'>"": [], ""<class 'abc.NT_0014_P_00000'>"": [], ""<class 'abc.NT_0014_P_00001'>"": [], ""<class 'abc.NT_0015_P_00004'>"": [], ""<class 'abc.NT_0017_P_00001'>"": [], ""<class 'abc.NT_0016'>"": [], ""<class 'abc.NT_0016_P_00000'>"": [], ""<class 'abc.NT_0016_P_00001'>"": [], ""<class 'abc.NT_0016_P_00002'>"": [], ""<class 'abc.NT_0017_P_00002'>"": [], '$leftovers': [57587, 20000, 54340, 26317, 6481, 50799, 53366, 57672, 15437, 41470, 43194, 76280, 53058, 16632, 24951, 11647, 20336, 85920, 79178, 86726, 29687, 35122, 19936, 77951, 52918, 77202, 86811, 49977, 33989, 62146, 44283, 86282, 53235, 34529, 93786, 26995, 59308, 96804, 32075, 89268, 17705, 44065, 20964, 70557, 41228, 50394, 73244, 80589, 89878, 70093, 13531, 33497, 2118, 78177, 32452, 6202, 17781, 36111, 70983, 16310, 50605, 68444, 59396, 2989, 86690, 65815, 89541, 4173, 66353, 83209, 87572, 36004, 564, 32908, 7913, 59000, 95465, 92810, 87181, 4723, 71261, 90499, 32785, 42988, 8818, 96196, 25382, 42871, 28094, 74450, 1798, 9925, 29165, 11964, 72226, 30190, 2543, 47952, 6757, 23982, 21833, 84542, 51070, 20362, 47872, 63420, 54664, 2566, 11695, 6523, 29859, 6201, 70774, 77659, 84464, 78867, 27667, 69385, 65140, 36605, 7012, 1250, 28942, 20757, 68110, 13812, 73414, 97476, 48447, 65592, 47550, 63325, 56635, 41252, 76420, 8978, 72071, 1937, 52721, 11586, 95378, 12603, 22711, 7770, 30975, 43951, 55031, 2794, 31555, 40143, 45735, 26934, 973, 11552, 95654, 8346, 61470, 70413, 10371, 43200, 65213, 34376, 43681, 71623, 66363, 61726, 96882, 59629, 26130, 46919, 32533, 16075, 75983, 81859, 16243, 8366, 15261, 18908, 62350, 61492, 83170, 50893, 81836, 3003, 93817, 66605, 40524, 65446, 28020, 1863, 725, 71665, 25810, 44842, 73472, 41194, 64753, 52869, 28406, 39260, 71021, 44544, 65259, 40879, 61260, 45447, 45201, 3321, 71834, 91841, 85944, 94448, 53777, 52512, 8549, 49201, 19980, 24764, 94536, 5157, 97859, 66443, 89316, 95801, 13183, 85710, 46447, 35334, 77529, 59421, 81195, 9851, 45065, 1228, 86952, 32820, 60942, 12527, 2701, 43832, 81092, 19751, 59457, 23812, 97339, 11061, 65182, 36676, 27888, 43573, 78010, 73786, 42822, 94936, 73010, 77609, 10163, 63290, 27012, 14424, 18531, 84803, 64958, 43258, 85321, 82524, 12515, 71837, 58848, 55036, 90390, 48542, 50684, 67693, 63530, 31868, 23633, 21579, 6184, 53131, 21002, 64832, 92053, 7184, 69006, 35823, 8901, 37893, 51534, 12913, 22446, 26285, 70255, 27641, 21932, 83656, 66575, 48694, 39512, 17613, 54185, 98358, 36273, 43014, 10733, 45136, 56634, 51849, 94288, 26786, 42387, 35475, 24444, 8118, 49485, 81714, 83778, 89561, 8738, 52024, 58874, 72716, 42311, 25454, 87595, 81934, 17964, 61433, 19494, 83691, 27415, 37037, 93113, 43616, 52964, 48333, 56234, 18241, 27411, 16419, 52538, 26653, 9839, 74465, 52527, 80201, 79630, 1840, 83276, 82109, 32792, 12949, 92039, 43765, 36272, 54630, 58463, 7943, 38328, 97833, 45183, 91200, 15929, 47964, 40561, 81809, 14276, 39018, 78090, 20469, 86063, 44225, 33166, 87717, 85524, 97465, 83919, 30571, 47291, 11687, 54825, 46134, 8685, 78917, 38709, 83964, 2221, 51487, 86847, 14005, 89651, 45410, 32614, 24838, 40258, 99135, 55054, 4969, 96553, 24382, 92307, 81538, 18598, 31340, 57241, 99094, 6002, 7419, 86820, 42779, 11869, 72254, 27411, 31840, 79401, 73664, 91511, 29301, 88737, 56727, 37464, 71958, 69508, 25388, 4807, 91309, 55535, 78168, 94902, 31655, 46027, 94454, 40509, 42451, 1052, 68891, 6541, 61185, 60171, 90386, 32613, 13324, 92786, 63265, 21684, 48267, 73039, 43664, 60352, 52907, 44675, 95496, 2418, 7997, 69656, 52682, 3534, 62641, 94861, 67850, 67794, 22721, 46227, 31666, 8747, 35366, 39868, 7244, 91381, 38982, 77500, 57926, 64111, 61778, 4991, 50703, 56802, 29847, 58359, 95807, 95068, 83415, 81616, 76533, 71507, 98373, 2134, 16453, 78850, 30462, 46604, 89830, 21706, 86295, 8595, 79105, 19655, 43131, 3478, 75436, 73052, 71062, 31739, 45697, 16052, 87826, 33911, 8138, 66268, 4656, 40763, 97630, 99868, 91639, 2772, 58917, 49516, 46748, 20804, 59466, 99872, 25910, 53332, 38030, 78030, 73087, 32427, 25656, 22734, 86384, 91610, 214, 58585, 43431, 32734, 17757, 39750, 16177, 71705, 51831, 42392, 85543, 6696, 8045, 46570, 30940, 78199, 29592, 24154, 78765, 84514, 86057, 90538, 96392, 38901, 72898, 62612, 33489, 59571, 82991, 44920, 37691, 1121, 94492, 51499, 82069, 28888, 14310, 88903, 84118, 10546, 30703, 78344, 91528, 40853, 4171, 4336, 52942, 23065, 9391, 86682, 8024, 19625, 91371, 66707, 17488, 10058, 52363, 62581, 72253, 66959, 9752, 13742, 86275, 76334, 53755, 50348, 61297, 71442, 60130, 43371, 96139, 17674, 23526, 15019, 82578, 51684, 64820, 51041, 4364, 44980, 70927, 4192, 97078, 91706, 68350, 77970, 42423, 59117, 98713, 81658, 5742, 16489, 29002, 42948, 22071, 91882, 87587, 87335, 92995, 94276, 73117, 79084, 6387, 11821, 92270, 39525, 34375, 79523, 78948, 53831, 62075, 20954, 96006, 36604, 39077, 58604, 29341, 89780, 20577, 57898, 43874, 87854, 39253, 63110, 39371, 19091, 10078, 61402, 86956, 2706, 6459, 53395, 56986, 73952, 14732, 36024, 78732, 78176, 77392, 90109, 7387, 46633, 28051, 78533, 47690, 10143, 69800, 44745, 15386, 78043, 85757, 67383, 85811, 74336, 6202, 10109, 54780, 811, 76576, 77040, 49169, 96682, 92835, 45041, 1842, 65528, 34016, 83474, 14013, 27202, 66335, 44499, 370, 21730, 52896, 71182, 85991, 39160, 40902, 55926, 35512, 75736, 13601, 92189, 77065, 84092, 98012, 48127, 11588, 90917, 67209, 11527, 94121, 43713, 79943, 21649, 81567, 58642, 44906, 74680, 40034, 91400, 63001, 5213, 55104, 32747, 93307, 38861, 27986, 4842, 71222, 96204, 50490, 41376, 83189, 378, 48774, 92287, 2703, 84308, 62388, 24134, 92282, 90947, 61816, 96517, 93801, 12248, 42612, 36596, 34402, 48549, 64887, 18886, 20656, 39553, 90994, 50931, 61171, 97927, 2047, 85741, 60257, 56686, 62824, 95036, 97774, 26512, 32213, 24226, 39119, 9190, 40253, 35323, 71271, 90577, 44, 70979, 92296, 59388, 78444, 59936, 61842, 18317, 14104, 74209, 24390, 30917, 86127, 98120, 80417, 53683, 4088, 22491, 83407, 32889, 33182, 90125, 68253, 63599, 54457, 91265, 92333, 23178, 96129, 44767, 46114, 84454, 73652, 77970, 9354, 12847, 74690, 31643, 71792, 72701, 44459, 13482, 2404, 79190, 44599, 39581, 83762, 38122, 78181, 85472, 89495, 96088, 45750, 12132, 86111, 9109, 84610, 44138, 65151, 75159, 7903, 24327, 23796, 27486, 76491, 91005, 62756, 8359, 39827, 37498, 88884, 69064, 88341, 83620, 5172, 25162, 12655, 35222, 43042, 31508, 95614, 11871, 72016, 12050, 46298, 82757, 50191, 22398, 65305, 63983, 69826, 58709, 70825, 19588, 82568, 42327, 11142, 71395, 10520, 43850, 12080, 34833, 59211, 82355, 44790, 14277, 94119, 99751, 55723, 66045, 65818, 52492, 28845, 77469, 6552, 85250, 81990, 20182, 31757, 24256, 8564, 51246, 18916, 38412, 36848, 69380, 96252, 20867, 86440, 12168, 57866, 16845, 44507, 27280, 78684, 72618, 39882, 21960, 75878, 24632, 3639, 77549, 1172, 17919, 43076, 60918, 7295, 36117, 78965, 29935, 36303, 38772, 34652, 92292, 20532, 49163, 23139, 14852, 2419, 94945, 10473, 58389, 87817, 18164, 62277, 68791, 13348, 73330, 36876, 65334, 21264, 45823, 48913, 66448, 45681, 76227, 3298, 19245, 15292, 74225, 2081, 12669, 14545, 37361, 93452, 1880, 79845, 47996, 3938, 92890, 66904, 15377, 35288, 80314, 59754, 72027, 85560, 13002, 79410, 60381, 36834, 26822, 18526, 4275, 21261, 76951, 98894, 44292, 83338, 72810, 24459, 48197, 60404]})"
45.0,7,8,87,16.67115044593811,10113,"Genotype(dna={""<class 'abc.NT_0017'>"": [0, 91624], ""<class 'abc.NT_0017_P_00000'>"": [], ""<class 'abc.NT_0015'>"": [59754, 18526], ""<class 'abc.NT_0015_P_00000'>"": [], ""<class 'abc.NT_0000'>"": [16022, 0, 68658, 75248], ""<class 'abc.NT_0000_P_00000'>"": [], ""<class 'bool'>"": [86460, 41233, 75986, 25993, 82631, 61562, 27230, 83215], ""<class 'abc.NT_0000_P_00001'>"": [], ""<class 'int'>"": [91663, 89850, 80314, 60404], ""<class 'abc.NT_0000_P_00002'>"": [], ""<class 'abc.NT_0000_P_00003'>"": [], ""<class 'abc.NT_0015_P_00001'>"": [], ""<class 'abc.NT_0010'>"": [], ""<class 'abc.NT_0010_P_00000'>"": [], ""<class 'abc.NT_0007'>"": [], ""<class 'abc.NT_0007_P_00000'>"": [], ""<class 'abc.NT_0003'>"": [], ""<class 'abc.NT_0003_P_00000'>"": [], ""<class 'abc.NT_0002'>"": [0, 15377], ""<class 'abc.NT_0002_P_00000'>"": [], ""<class 'abc.NT_0002_P_00001'>"": [], ""<class 'abc.NT_0001'>"": [36432, 14518, 2, 43884, 40571], ""<class 'abc.NT_0001_P_00000'>"": [], ""<class 'abc.NT_0001_P_00001'>"": [], ""<class 'abc.NT_0001_P_00002'>"": [], ""<class 'abc.NT_0001_P_00003'>"": [], ""<class 'abc.NT_0001_P_00004'>"": [], ""<class 'abc.NT_0002_P_00002'>"": [], ""<class 'abc.NT_0002_P_00003'>"": [], ""<class 'abc.NT_0003_P_00001'>"": [], ""<class 'abc.NT_0003_P_00002'>"": [], ""<class 'abc.NT_0003_P_00003'>"": [], ""<class 'abc.NT_0007_P_00001'>"": [], ""<class 'abc.NT_0004'>"": [62590, 30197, 83338, 72810, 24459, 48197], ""<class 'abc.NT_0004_P_00000'>"": [], ""<class 'abc.NT_0004_P_00001'>"": [], ""<class 'abc.NT_0010_P_00001'>"": [], ""<class 'abc.NT_0008'>"": [], ""<class 'abc.NT_0008_P_00000'>"": [], ""<class 'abc.NT_0010_P_00002'>"": [], ""<class 'abc.NT_0005'>"": [], ""<class 'abc.NT_0005_P_00000'>"": [], ""<class 'abc.NT_0005_P_00001'>"": [], ""<class 'abc.NT_0009'>"": [72027, 4275], ""<class 'abc.NT_0009_P_00000'>"": [], ""<class 'abc.NT_0009_P_00001'>"": [], ""<class 'abc.NT_0006'>"": [], ""<class 'abc.NT_0006_P_00000'>"": [], ""<class 'abc.NT_0009_P_00002'>"": [], ""<class 'abc.NT_0009_P_00003'>"": [], ""<class 'abc.NT_0015_P_00002'>"": [], ""<class 'abc.NT_0015_P_00003'>"": [], ""<class 'abc.NT_0014'>"": [], ""<class 'abc.NT_0014_P_00000'>"": [], ""<class 'abc.NT_0014_P_00001'>"": [], ""<class 'abc.NT_0015_P_00004'>"": [], ""<class 'abc.NT_0017_P_00001'>"": [], ""<class 'abc.NT_0016'>"": [], ""<class 'abc.NT_0016_P_00000'>"": [], ""<class 'abc.NT_0016_P_00001'>"": [], ""<class 'abc.NT_0016_P_00002'>"": [], ""<class 'abc.NT_0017_P_00002'>"": [], '$leftovers': [57587, 20000, 54340, 26317, 6481, 50799, 53366, 57672, 15437, 41470, 43194, 76280, 53058, 16632, 24951, 11647, 20336, 85920, 79178, 86726, 29687, 35122, 19936, 77951, 52918, 77202, 86811, 49977, 33989, 62146, 44283, 86282, 53235, 34529, 93786, 26995, 59308, 96804, 32075, 89268, 17705, 44065, 20964, 70557, 41228, 50394, 73244, 80589, 89878, 70093, 13531, 33497, 2118, 78177, 32452, 6202, 17781, 36111, 70983, 16310, 50605, 68444, 59396, 2989, 86690, 65815, 89541, 4173, 66353, 83209, 87572, 36004, 564, 32908, 7913, 59000, 95465, 92810, 87181, 4723, 71261, 90499, 32785, 42988, 8818, 96196, 25382, 42871, 28094, 74450, 1798, 9925, 29165, 11964, 72226, 30190, 2543, 47952, 6757, 23982, 21833, 84542, 51070, 20362, 47872, 63420, 54664, 2566, 11695, 6523, 29859, 6201, 70774, 77659, 84464, 78867, 27667, 69385, 65140, 36605, 7012, 1250, 28942, 20757, 68110, 13812, 73414, 97476, 48447, 65592, 47550, 63325, 56635, 41252, 76420, 8978, 72071, 1937, 52721, 11586, 95378, 12603, 22711, 7770, 30975, 43951, 55031, 2794, 31555, 40143, 45735, 26934, 973, 11552, 95654, 8346, 61470, 70413, 10371, 43200, 65213, 34376, 43681, 71623, 66363, 61726, 96882, 59629, 26130, 46919, 32533, 16075, 75983, 81859, 16243, 8366, 15261, 18908, 62350, 61492, 83170, 50893, 81836, 3003, 93817, 66605, 40524, 65446, 28020, 1863, 725, 71665, 25810, 44842, 73472, 41194, 64753, 52869, 28406, 39260, 71021, 44544, 65259, 40879, 61260, 45447, 45201, 3321, 71834, 91841, 85944, 94448, 53777, 52512, 8549, 49201, 19980, 24764, 94536, 5157, 97859, 66443, 89316, 95801, 13183, 85710, 46447, 35334, 77529, 59421, 81195, 9851, 45065, 1228, 86952, 32820, 60942, 12527, 2701, 43832, 81092, 19751, 59457, 23812, 97339, 11061, 65182, 36676, 27888, 43573, 78010, 73786, 42822, 94936, 73010, 77609, 10163, 63290, 27012, 14424, 18531, 84803, 64958, 43258, 85321, 82524, 12515, 71837, 58848, 55036, 90390, 48542, 50684, 67693, 63530, 31868, 23633, 21579, 6184, 53131, 21002, 64832, 92053, 7184, 69006, 35823, 8901, 37893, 51534, 12913, 22446, 26285, 70255, 27641, 21932, 83656, 66575, 48694, 39512, 17613, 54185, 98358, 36273, 43014, 10733, 45136, 56634, 51849, 94288, 26786, 42387, 35475, 24444, 8118, 49485, 81714, 83778, 89561, 8738, 52024, 58874, 72716, 42311, 25454, 87595, 81934, 17964, 61433, 19494, 83691, 27415, 37037, 93113, 43616, 52964, 48333, 56234, 18241, 27411, 16419, 52538, 26653, 9839, 74465, 52527, 80201, 79630, 1840, 83276, 82109, 32792, 12949, 92039, 43765, 36272, 54630, 58463, 7943, 38328, 97833, 45183, 91200, 15929, 47964, 40561, 81809, 14276, 39018, 78090, 20469, 86063, 44225, 33166, 87717, 85524, 97465, 83919, 30571, 47291, 11687, 54825, 46134, 8685, 78917, 38709, 83964, 2221, 51487, 86847, 14005, 89651, 45410, 32614, 24838, 40258, 99135, 55054, 4969, 96553, 24382, 92307, 81538, 18598, 31340, 57241, 99094, 6002, 7419, 86820, 42779, 11869, 72254, 27411, 31840, 79401, 73664, 91511, 29301, 88737, 56727, 37464, 71958, 69508, 25388, 4807, 91309, 55535, 78168, 94902, 31655, 46027, 94454, 40509, 42451, 1052, 68891, 6541, 61185, 60171, 90386, 32613, 13324, 92786, 63265, 21684, 48267, 73039, 43664, 60352, 52907, 44675, 95496, 2418, 7997, 69656, 52682, 3534, 62641, 94861, 67850, 67794, 22721, 46227, 31666, 8747, 35366, 39868, 7244, 91381, 38982, 77500, 57926, 64111, 61778, 4991, 50703, 56802, 29847, 58359, 95807, 95068, 83415, 81616, 76533, 71507, 98373, 2134, 16453, 78850, 30462, 46604, 89830, 21706, 86295, 8595, 79105, 19655, 43131, 3478, 75436, 73052, 71062, 31739, 45697, 16052, 87826, 33911, 8138, 66268, 4656, 40763, 97630, 99868, 91639, 2772, 58917, 49516, 46748, 20804, 59466, 99872, 25910, 53332, 38030, 78030, 73087, 32427, 25656, 22734, 86384, 91610, 214, 58585, 43431, 32734, 17757, 39750, 16177, 71705, 51831, 42392, 85543, 6696, 8045, 46570, 30940, 78199, 29592, 24154, 78765, 84514, 86057, 90538, 96392, 38901, 72898, 62612, 33489, 59571, 82991, 44920, 37691, 1121, 94492, 51499, 82069, 28888, 14310, 88903, 84118, 10546, 30703, 78344, 91528, 40853, 4171, 4336, 52942, 23065, 9391, 86682, 8024, 19625, 91371, 66707, 17488, 10058, 52363, 62581, 72253, 66959, 9752, 13742, 86275, 76334, 53755, 50348, 61297, 71442, 60130, 43371, 96139, 17674, 23526, 15019, 82578, 51684, 64820, 51041, 4364, 44980, 70927, 4192, 97078, 91706, 68350, 77970, 42423, 59117, 98713, 81658, 5742, 16489, 29002, 42948, 22071, 91882, 87587, 87335, 92995, 94276, 73117, 79084, 6387, 11821, 92270, 39525, 34375, 79523, 78948, 53831, 62075, 20954, 96006, 36604, 39077, 58604, 29341, 89780, 20577, 57898, 43874, 87854, 39253, 63110, 39371, 19091, 10078, 61402, 86956, 2706, 6459, 53395, 56986, 73952, 14732, 36024, 78732, 78176, 77392, 90109, 7387, 46633, 28051, 78533, 47690, 10143, 69800, 44745, 15386, 78043, 85757, 67383, 85811, 74336, 6202, 10109, 54780, 811, 76576, 77040, 49169, 96682, 92835, 45041, 1842, 65528, 34016, 83474, 14013, 27202, 66335, 44499, 370, 21730, 52896, 71182, 85991, 39160, 40902, 55926, 35512, 75736, 13601, 92189, 77065, 84092, 98012, 48127, 11588, 90917, 67209, 11527, 94121, 43713, 79943, 21649, 81567, 58642, 44906, 74680, 40034, 91400, 63001, 5213, 55104, 32747, 93307, 38861, 27986, 4842, 71222, 96204, 50490, 41376, 83189, 378, 48774, 92287, 2703, 84308, 62388, 24134, 92282, 90947, 61816, 96517, 93801, 12248, 42612, 36596, 34402, 48549, 64887, 18886, 20656, 39553, 90994, 50931, 61171, 97927, 2047, 85741, 60257, 56686, 62824, 95036, 97774, 26512, 32213, 24226, 39119, 9190, 40253, 35323, 71271, 90577, 44, 70979, 92296, 59388, 78444, 59936, 61842, 18317, 14104, 74209, 24390, 30917, 86127, 98120, 80417, 53683, 4088, 22491, 83407, 32889, 33182, 90125, 68253, 63599, 54457, 91265, 92333, 23178, 96129, 44767, 46114, 84454, 73652, 77970, 9354, 12847, 74690, 31643, 71792, 72701, 44459, 13482, 2404, 79190, 44599, 39581, 83762, 38122, 78181, 85472, 89495, 96088, 45750, 12132, 86111, 9109, 84610, 44138, 65151, 75159, 7903, 24327, 23796, 27486, 76491, 91005, 62756, 8359, 39827, 37498, 88884, 69064, 88341, 83620, 5172, 25162, 12655, 35222, 43042, 31508, 95614, 11871, 72016, 12050, 46298, 82757, 50191, 22398, 65305, 63983, 69826, 58709, 70825, 19588, 82568, 42327, 11142, 71395, 10520, 43850, 12080, 34833, 59211, 82355, 44790, 14277, 94119, 99751, 55723, 66045, 65818, 52492, 28845, 77469, 6552, 85250, 81990, 20182, 31757, 24256, 8564, 51246, 18916, 38412, 36848, 69380, 96252, 20867, 86440, 12168, 57866, 16845, 44507, 27280, 78684, 72618, 39882, 21960, 75878, 24632, 3639, 77549, 1172, 17919, 43076, 60918, 7295, 36117, 78965, 29935, 36303, 38772, 34652, 92292, 20532, 49163, 23139, 14852, 2419, 94945, 10473, 58389, 87817, 18164, 62277, 68791, 13348, 73330, 36876, 65334, 21264, 45823, 48913, 66448, 45681, 76227, 3298, 19245, 15292, 74225, 2081, 12669, 14545, 37361, 93452, 1880, 79845, 47996, 3938, 92890, 66904, 15377, 35288, 80314, 59754, 72027, 85560, 13002, 79410, 60381, 36834, 26822, 18526, 4275, 21261, 76951, 98894, 44292, 83338, 72810, 24459, 48197, 60404]})"
45.0,7,8,88,16.794875144958496,10113,"Genotype(dna={""<class 'abc.NT_0017'>"": [0, 91624], ""<class 'abc.NT_0017_P_00000'>"": [], ""<class 'abc.NT_0015'>"": [59754, 18526], ""<class 'abc.NT_0015_P_00000'>"": [], ""<class 'abc.NT_0000'>"": [16022, 0, 68658, 75248], ""<class 'abc.NT_0000_P_00000'>"": [], ""<class 'bool'>"": [86460, 41233, 75986, 25993, 82631, 61562, 27230, 83215], ""<class 'abc.NT_0000_P_00001'>"": [], ""<class 'int'>"": [91663, 89850, 80314, 60404], ""<class 'abc.NT_0000_P_00002'>"": [], ""<class 'abc.NT_0000_P_00003'>"": [], ""<class 'abc.NT_0015_P_00001'>"": [], ""<class 'abc.NT_0010'>"": [], ""<class 'abc.NT_0010_P_00000'>"": [], ""<class 'abc.NT_0007'>"": [], ""<class 'abc.NT_0007_P_00000'>"": [], ""<class 'abc.NT_0003'>"": [], ""<class 'abc.NT_0003_P_00000'>"": [], ""<class 'abc.NT_0002'>"": [0, 15377], ""<class 'abc.NT_0002_P_00000'>"": [], ""<class 'abc.NT_0002_P_00001'>"": [], ""<class 'abc.NT_0001'>"": [36432, 14518, 2, 43884, 40571], ""<class 'abc.NT_0001_P_00000'>"": [], ""<class 'abc.NT_0001_P_00001'>"": [], ""<class 'abc.NT_0001_P_00002'>"": [], ""<class 'abc.NT_0001_P_00003'>"": [], ""<class 'abc.NT_0001_P_00004'>"": [], ""<class 'abc.NT_0002_P_00002'>"": [], ""<class 'abc.NT_0002_P_00003'>"": [], ""<class 'abc.NT_0003_P_00001'>"": [], ""<class 'abc.NT_0003_P_00002'>"": [], ""<class 'abc.NT_0003_P_00003'>"": [], ""<class 'abc.NT_0007_P_00001'>"": [], ""<class 'abc.NT_0004'>"": [62590, 30197, 83338, 72810, 24459, 48197], ""<class 'abc.NT_0004_P_00000'>"": [], ""<class 'abc.NT_0004_P_00001'>"": [], ""<class 'abc.NT_0010_P_00001'>"": [], ""<class 'abc.NT_0008'>"": [], ""<class 'abc.NT_0008_P_00000'>"": [], ""<class 'abc.NT_0010_P_00002'>"": [], ""<class 'abc.NT_0005'>"": [], ""<class 'abc.NT_0005_P_00000'>"": [], ""<class 'abc.NT_0005_P_00001'>"": [], ""<class 'abc.NT_0009'>"": [72027, 4275], ""<class 'abc.NT_0009_P_00000'>"": [], ""<class 'abc.NT_0009_P_00001'>"": [], ""<class 'abc.NT_0006'>"": [], ""<class 'abc.NT_0006_P_00000'>"": [], ""<class 'abc.NT_0009_P_00002'>"": [], ""<class 'abc.NT_0009_P_00003'>"": [], ""<class 'abc.NT_0015_P_00002'>"": [], ""<class 'abc.NT_0015_P_00003'>"": [], ""<class 'abc.NT_0014'>"": [], ""<class 'abc.NT_0014_P_00000'>"": [], ""<class 'abc.NT_0014_P_00001'>"": [], ""<class 'abc.NT_0015_P_00004'>"": [], ""<class 'abc.NT_0017_P_00001'>"": [], ""<class 'abc.NT_0016'>"": [], ""<class 'abc.NT_0016_P_00000'>"": [], ""<class 'abc.NT_0016_P_00001'>"": [], ""<class 'abc.NT_0016_P_00002'>"": [], ""<class 'abc.NT_0017_P_00002'>"": [], '$leftovers': [57587, 20000, 54340, 26317, 6481, 50799, 53366, 57672, 15437, 41470, 43194, 76280, 53058, 16632, 24951, 11647, 20336, 85920, 79178, 86726, 29687, 35122, 19936, 77951, 52918, 77202, 86811, 49977, 33989, 62146, 44283, 86282, 53235, 34529, 93786, 26995, 59308, 96804, 32075, 89268, 17705, 44065, 20964, 70557, 41228, 50394, 73244, 80589, 89878, 70093, 13531, 33497, 2118, 78177, 32452, 6202, 17781, 36111, 70983, 16310, 50605, 68444, 59396, 2989, 86690, 65815, 89541, 4173, 66353, 83209, 87572, 36004, 564, 32908, 7913, 59000, 95465, 92810, 87181, 4723, 71261, 90499, 32785, 42988, 8818, 96196, 25382, 42871, 28094, 74450, 1798, 9925, 29165, 11964, 72226, 30190, 2543, 47952, 6757, 23982, 21833, 84542, 51070, 20362, 47872, 63420, 54664, 2566, 11695, 6523, 29859, 6201, 70774, 77659, 84464, 78867, 27667, 69385, 65140, 36605, 7012, 1250, 28942, 20757, 68110, 13812, 73414, 97476, 48447, 65592, 47550, 63325, 56635, 41252, 76420, 8978, 72071, 1937, 52721, 11586, 95378, 12603, 22711, 7770, 30975, 43951, 55031, 2794, 31555, 40143, 45735, 26934, 973, 11552, 95654, 8346, 61470, 70413, 10371, 43200, 65213, 34376, 43681, 71623, 66363, 61726, 96882, 59629, 26130, 46919, 32533, 16075, 75983, 81859, 16243, 8366, 15261, 18908, 62350, 61492, 83170, 50893, 81836, 3003, 93817, 66605, 40524, 65446, 28020, 1863, 725, 71665, 25810, 44842, 73472, 41194, 64753, 52869, 28406, 39260, 71021, 44544, 65259, 40879, 61260, 45447, 45201, 3321, 71834, 91841, 85944, 94448, 53777, 52512, 8549, 49201, 19980, 24764, 94536, 5157, 97859, 66443, 89316, 95801, 13183, 85710, 46447, 35334, 77529, 59421, 81195, 9851, 45065, 1228, 86952, 32820, 60942, 12527, 2701, 43832, 81092, 19751, 59457, 23812, 97339, 11061, 65182, 36676, 27888, 43573, 78010, 73786, 42822, 94936, 73010, 77609, 10163, 63290, 27012, 14424, 18531, 84803, 64958, 43258, 85321, 82524, 12515, 71837, 58848, 55036, 90390, 48542, 50684, 67693, 63530, 31868, 23633, 21579, 6184, 53131, 21002, 64832, 92053, 7184, 69006, 35823, 8901, 37893, 51534, 12913, 22446, 26285, 70255, 27641, 21932, 83656, 66575, 48694, 39512, 17613, 54185, 98358, 36273, 43014, 10733, 45136, 56634, 51849, 94288, 26786, 42387, 35475, 24444, 8118, 49485, 81714, 83778, 89561, 8738, 52024, 58874, 72716, 42311, 25454, 87595, 81934, 17964, 61433, 19494, 83691, 27415, 37037, 93113, 43616, 52964, 48333, 56234, 18241, 27411, 16419, 52538, 26653, 9839, 74465, 52527, 80201, 79630, 1840, 83276, 82109, 32792, 12949, 92039, 43765, 36272, 54630, 58463, 7943, 38328, 97833, 45183, 91200, 15929, 47964, 40561, 81809, 14276, 39018, 78090, 20469, 86063, 44225, 33166, 87717, 85524, 97465, 83919, 30571, 47291, 11687, 54825, 46134, 8685, 78917, 38709, 83964, 2221, 51487, 86847, 14005, 89651, 45410, 32614, 24838, 40258, 99135, 55054, 4969, 96553, 24382, 92307, 81538, 18598, 31340, 57241, 99094, 6002, 7419, 86820, 42779, 11869, 72254, 27411, 31840, 79401, 73664, 91511, 29301, 88737, 56727, 37464, 71958, 69508, 25388, 4807, 91309, 55535, 78168, 94902, 31655, 46027, 94454, 40509, 42451, 1052, 68891, 6541, 61185, 60171, 90386, 32613, 13324, 92786, 63265, 21684, 48267, 73039, 43664, 60352, 52907, 44675, 95496, 2418, 7997, 69656, 52682, 3534, 62641, 94861, 67850, 67794, 22721, 46227, 31666, 8747, 35366, 39868, 7244, 91381, 38982, 77500, 57926, 64111, 61778, 4991, 50703, 56802, 29847, 58359, 95807, 95068, 83415, 81616, 76533, 71507, 98373, 2134, 16453, 78850, 30462, 46604, 89830, 21706, 86295, 8595, 79105, 19655, 43131, 3478, 75436, 73052, 71062, 31739, 45697, 16052, 87826, 33911, 8138, 66268, 4656, 40763, 97630, 99868, 91639, 2772, 58917, 49516, 46748, 20804, 59466, 99872, 25910, 53332, 38030, 78030, 73087, 32427, 25656, 22734, 86384, 91610, 214, 58585, 43431, 32734, 17757, 39750, 16177, 71705, 51831, 42392, 85543, 6696, 8045, 46570, 30940, 78199, 29592, 24154, 78765, 84514, 86057, 90538, 96392, 38901, 72898, 62612, 33489, 59571, 82991, 44920, 37691, 1121, 94492, 51499, 82069, 28888, 14310, 88903, 84118, 10546, 30703, 78344, 91528, 40853, 4171, 4336, 52942, 23065, 9391, 86682, 8024, 19625, 91371, 66707, 17488, 10058, 52363, 62581, 72253, 66959, 9752, 13742, 86275, 76334, 53755, 50348, 61297, 71442, 60130, 43371, 96139, 17674, 23526, 15019, 82578, 51684, 64820, 51041, 4364, 44980, 70927, 4192, 97078, 91706, 68350, 77970, 42423, 59117, 98713, 81658, 5742, 16489, 29002, 42948, 22071, 91882, 87587, 87335, 92995, 94276, 73117, 79084, 6387, 11821, 92270, 39525, 34375, 79523, 78948, 53831, 62075, 20954, 96006, 36604, 39077, 58604, 29341, 89780, 20577, 57898, 43874, 87854, 39253, 63110, 39371, 19091, 10078, 61402, 86956, 2706, 6459, 53395, 56986, 73952, 14732, 36024, 78732, 78176, 77392, 90109, 7387, 46633, 28051, 78533, 47690, 10143, 69800, 44745, 15386, 78043, 85757, 67383, 85811, 74336, 6202, 10109, 54780, 811, 76576, 77040, 49169, 96682, 92835, 45041, 1842, 65528, 34016, 83474, 14013, 27202, 66335, 44499, 370, 21730, 52896, 71182, 85991, 39160, 40902, 55926, 35512, 75736, 13601, 92189, 77065, 84092, 98012, 48127, 11588, 90917, 67209, 11527, 94121, 43713, 79943, 21649, 81567, 58642, 44906, 74680, 40034, 91400, 63001, 5213, 55104, 32747, 93307, 38861, 27986, 4842, 71222, 96204, 50490, 41376, 83189, 378, 48774, 92287, 2703, 84308, 62388, 24134, 92282, 90947, 61816, 96517, 93801, 12248, 42612, 36596, 34402, 48549, 64887, 18886, 20656, 39553, 90994, 50931, 61171, 97927, 2047, 85741, 60257, 56686, 62824, 95036, 97774, 26512, 32213, 24226, 39119, 9190, 40253, 35323, 71271, 90577, 44, 70979, 92296, 59388, 78444, 59936, 61842, 18317, 14104, 74209, 24390, 30917, 86127, 98120, 80417, 53683, 4088, 22491, 83407, 32889, 33182, 90125, 68253, 63599, 54457, 91265, 92333, 23178, 96129, 44767, 46114, 84454, 73652, 77970, 9354, 12847, 74690, 31643, 71792, 72701, 44459, 13482, 2404, 79190, 44599, 39581, 83762, 38122, 78181, 85472, 89495, 96088, 45750, 12132, 86111, 9109, 84610, 44138, 65151, 75159, 7903, 24327, 23796, 27486, 76491, 91005, 62756, 8359, 39827, 37498, 88884, 69064, 88341, 83620, 5172, 25162, 12655, 35222, 43042, 31508, 95614, 11871, 72016, 12050, 46298, 82757, 50191, 22398, 65305, 63983, 69826, 58709, 70825, 19588, 82568, 42327, 11142, 71395, 10520, 43850, 12080, 34833, 59211, 82355, 44790, 14277, 94119, 99751, 55723, 66045, 65818, 52492, 28845, 77469, 6552, 85250, 81990, 20182, 31757, 24256, 8564, 51246, 18916, 38412, 36848, 69380, 96252, 20867, 86440, 12168, 57866, 16845, 44507, 27280, 78684, 72618, 39882, 21960, 75878, 24632, 3639, 77549, 1172, 17919, 43076, 60918, 7295, 36117, 78965, 29935, 36303, 38772, 34652, 92292, 20532, 49163, 23139, 14852, 2419, 94945, 10473, 58389, 87817, 18164, 62277, 68791, 13348, 73330, 36876, 65334, 21264, 45823, 48913, 66448, 45681, 76227, 3298, 19245, 15292, 74225, 2081, 12669, 14545, 37361, 93452, 1880, 79845, 47996, 3938, 92890, 66904, 15377, 35288, 80314, 59754, 72027, 85560, 13002, 79410, 60381, 36834, 26822, 18526, 4275, 21261, 76951, 98894, 44292, 83338, 72810, 24459, 48197, 60404]})"
45.0,7,8,89,16.91702961921692,10113,"Genotype(dna={""<class 'abc.NT_0017'>"": [0, 91624], ""<class 'abc.NT_0017_P_00000'>"": [], ""<class 'abc.NT_0015'>"": [59754, 18526], ""<class 'abc.NT_0015_P_00000'>"": [], ""<class 'abc.NT_0000'>"": [16022, 0, 68658, 75248], ""<class 'abc.NT_0000_P_00000'>"": [], ""<class 'bool'>"": [86460, 41233, 75986, 25993, 82631, 61562, 27230, 83215], ""<class 'abc.NT_0000_P_00001'>"": [], ""<class 'int'>"": [91663, 89850, 80314, 60404], ""<class 'abc.NT_0000_P_00002'>"": [], ""<class 'abc.NT_0000_P_00003'>"": [], ""<class 'abc.NT_0015_P_00001'>"": [], ""<class 'abc.NT_0010'>"": [], ""<class 'abc.NT_0010_P_00000'>"": [], ""<class 'abc.NT_0007'>"": [], ""<class 'abc.NT_0007_P_00000'>"": [], ""<class 'abc.NT_0003'>"": [], ""<class 'abc.NT_0003_P_00000'>"": [], ""<class 'abc.NT_0002'>"": [0, 15377], ""<class 'abc.NT_0002_P_00000'>"": [], ""<class 'abc.NT_0002_P_00001'>"": [], ""<class 'abc.NT_0001'>"": [36432, 14518, 2, 43884, 40571], ""<class 'abc.NT_0001_P_00000'>"": [], ""<class 'abc.NT_0001_P_00001'>"": [], ""<class 'abc.NT_0001_P_00002'>"": [], ""<class 'abc.NT_0001_P_00003'>"": [], ""<class 'abc.NT_0001_P_00004'>"": [], ""<class 'abc.NT_0002_P_00002'>"": [], ""<class 'abc.NT_0002_P_00003'>"": [], ""<class 'abc.NT_0003_P_00001'>"": [], ""<class 'abc.NT_0003_P_00002'>"": [], ""<class 'abc.NT_0003_P_00003'>"": [], ""<class 'abc.NT_0007_P_00001'>"": [], ""<class 'abc.NT_0004'>"": [62590, 30197, 83338, 72810, 24459, 48197], ""<class 'abc.NT_0004_P_00000'>"": [], ""<class 'abc.NT_0004_P_00001'>"": [], ""<class 'abc.NT_0010_P_00001'>"": [], ""<class 'abc.NT_0008'>"": [], ""<class 'abc.NT_0008_P_00000'>"": [], ""<class 'abc.NT_0010_P_00002'>"": [], ""<class 'abc.NT_0005'>"": [], ""<class 'abc.NT_0005_P_00000'>"": [], ""<class 'abc.NT_0005_P_00001'>"": [], ""<class 'abc.NT_0009'>"": [72027, 4275], ""<class 'abc.NT_0009_P_00000'>"": [], ""<class 'abc.NT_0009_P_00001'>"": [], ""<class 'abc.NT_0006'>"": [], ""<class 'abc.NT_0006_P_00000'>"": [], ""<class 'abc.NT_0009_P_00002'>"": [], ""<class 'abc.NT_0009_P_00003'>"": [], ""<class 'abc.NT_0015_P_00002'>"": [], ""<class 'abc.NT_0015_P_00003'>"": [], ""<class 'abc.NT_0014'>"": [], ""<class 'abc.NT_0014_P_00000'>"": [], ""<class 'abc.NT_0014_P_00001'>"": [], ""<class 'abc.NT_0015_P_00004'>"": [], ""<class 'abc.NT_0017_P_00001'>"": [], ""<class 'abc.NT_0016'>"": [], ""<class 'abc.NT_0016_P_00000'>"": [], ""<class 'abc.NT_0016_P_00001'>"": [], ""<class 'abc.NT_0016_P_00002'>"": [], ""<class 'abc.NT_0017_P_00002'>"": [], '$leftovers': [57587, 20000, 54340, 26317, 6481, 50799, 53366, 57672, 15437, 41470, 43194, 76280, 53058, 16632, 24951, 11647, 20336, 85920, 79178, 86726, 29687, 35122, 19936, 77951, 52918, 77202, 86811, 49977, 33989, 62146, 44283, 86282, 53235, 34529, 93786, 26995, 59308, 96804, 32075, 89268, 17705, 44065, 20964, 70557, 41228, 50394, 73244, 80589, 89878, 70093, 13531, 33497, 2118, 78177, 32452, 6202, 17781, 36111, 70983, 16310, 50605, 68444, 59396, 2989, 86690, 65815, 89541, 4173, 66353, 83209, 87572, 36004, 564, 32908, 7913, 59000, 95465, 92810, 87181, 4723, 71261, 90499, 32785, 42988, 8818, 96196, 25382, 42871, 28094, 74450, 1798, 9925, 29165, 11964, 72226, 30190, 2543, 47952, 6757, 23982, 21833, 84542, 51070, 20362, 47872, 63420, 54664, 2566, 11695, 6523, 29859, 6201, 70774, 77659, 84464, 78867, 27667, 69385, 65140, 36605, 7012, 1250, 28942, 20757, 68110, 13812, 73414, 97476, 48447, 65592, 47550, 63325, 56635, 41252, 76420, 8978, 72071, 1937, 52721, 11586, 95378, 12603, 22711, 7770, 30975, 43951, 55031, 2794, 31555, 40143, 45735, 26934, 973, 11552, 95654, 8346, 61470, 70413, 10371, 43200, 65213, 34376, 43681, 71623, 66363, 61726, 96882, 59629, 26130, 46919, 32533, 16075, 75983, 81859, 16243, 8366, 15261, 18908, 62350, 61492, 83170, 50893, 81836, 3003, 93817, 66605, 40524, 65446, 28020, 1863, 725, 71665, 25810, 44842, 73472, 41194, 64753, 52869, 28406, 39260, 71021, 44544, 65259, 40879, 61260, 45447, 45201, 3321, 71834, 91841, 85944, 94448, 53777, 52512, 8549, 49201, 19980, 24764, 94536, 5157, 97859, 66443, 89316, 95801, 13183, 85710, 46447, 35334, 77529, 59421, 81195, 9851, 45065, 1228, 86952, 32820, 60942, 12527, 2701, 43832, 81092, 19751, 59457, 23812, 97339, 11061, 65182, 36676, 27888, 43573, 78010, 73786, 42822, 94936, 73010, 77609, 10163, 63290, 27012, 14424, 18531, 84803, 64958, 43258, 85321, 82524, 12515, 71837, 58848, 55036, 90390, 48542, 50684, 67693, 63530, 31868, 23633, 21579, 6184, 53131, 21002, 64832, 92053, 7184, 69006, 35823, 8901, 37893, 51534, 12913, 22446, 26285, 70255, 27641, 21932, 83656, 66575, 48694, 39512, 17613, 54185, 98358, 36273, 43014, 10733, 45136, 56634, 51849, 94288, 26786, 42387, 35475, 24444, 8118, 49485, 81714, 83778, 89561, 8738, 52024, 58874, 72716, 42311, 25454, 87595, 81934, 17964, 61433, 19494, 83691, 27415, 37037, 93113, 43616, 52964, 48333, 56234, 18241, 27411, 16419, 52538, 26653, 9839, 74465, 52527, 80201, 79630, 1840, 83276, 82109, 32792, 12949, 92039, 43765, 36272, 54630, 58463, 7943, 38328, 97833, 45183, 91200, 15929, 47964, 40561, 81809, 14276, 39018, 78090, 20469, 86063, 44225, 33166, 87717, 85524, 97465, 83919, 30571, 47291, 11687, 54825, 46134, 8685, 78917, 38709, 83964, 2221, 51487, 86847, 14005, 89651, 45410, 32614, 24838, 40258, 99135, 55054, 4969, 96553, 24382, 92307, 81538, 18598, 31340, 57241, 99094, 6002, 7419, 86820, 42779, 11869, 72254, 27411, 31840, 79401, 73664, 91511, 29301, 88737, 56727, 37464, 71958, 69508, 25388, 4807, 91309, 55535, 78168, 94902, 31655, 46027, 94454, 40509, 42451, 1052, 68891, 6541, 61185, 60171, 90386, 32613, 13324, 92786, 63265, 21684, 48267, 73039, 43664, 60352, 52907, 44675, 95496, 2418, 7997, 69656, 52682, 3534, 62641, 94861, 67850, 67794, 22721, 46227, 31666, 8747, 35366, 39868, 7244, 91381, 38982, 77500, 57926, 64111, 61778, 4991, 50703, 56802, 29847, 58359, 95807, 95068, 83415, 81616, 76533, 71507, 98373, 2134, 16453, 78850, 30462, 46604, 89830, 21706, 86295, 8595, 79105, 19655, 43131, 3478, 75436, 73052, 71062, 31739, 45697, 16052, 87826, 33911, 8138, 66268, 4656, 40763, 97630, 99868, 91639, 2772, 58917, 49516, 46748, 20804, 59466, 99872, 25910, 53332, 38030, 78030, 73087, 32427, 25656, 22734, 86384, 91610, 214, 58585, 43431, 32734, 17757, 39750, 16177, 71705, 51831, 42392, 85543, 6696, 8045, 46570, 30940, 78199, 29592, 24154, 78765, 84514, 86057, 90538, 96392, 38901, 72898, 62612, 33489, 59571, 82991, 44920, 37691, 1121, 94492, 51499, 82069, 28888, 14310, 88903, 84118, 10546, 30703, 78344, 91528, 40853, 4171, 4336, 52942, 23065, 9391, 86682, 8024, 19625, 91371, 66707, 17488, 10058, 52363, 62581, 72253, 66959, 9752, 13742, 86275, 76334, 53755, 50348, 61297, 71442, 60130, 43371, 96139, 17674, 23526, 15019, 82578, 51684, 64820, 51041, 4364, 44980, 70927, 4192, 97078, 91706, 68350, 77970, 42423, 59117, 98713, 81658, 5742, 16489, 29002, 42948, 22071, 91882, 87587, 87335, 92995, 94276, 73117, 79084, 6387, 11821, 92270, 39525, 34375, 79523, 78948, 53831, 62075, 20954, 96006, 36604, 39077, 58604, 29341, 89780, 20577, 57898, 43874, 87854, 39253, 63110, 39371, 19091, 10078, 61402, 86956, 2706, 6459, 53395, 56986, 73952, 14732, 36024, 78732, 78176, 77392, 90109, 7387, 46633, 28051, 78533, 47690, 10143, 69800, 44745, 15386, 78043, 85757, 67383, 85811, 74336, 6202, 10109, 54780, 811, 76576, 77040, 49169, 96682, 92835, 45041, 1842, 65528, 34016, 83474, 14013, 27202, 66335, 44499, 370, 21730, 52896, 71182, 85991, 39160, 40902, 55926, 35512, 75736, 13601, 92189, 77065, 84092, 98012, 48127, 11588, 90917, 67209, 11527, 94121, 43713, 79943, 21649, 81567, 58642, 44906, 74680, 40034, 91400, 63001, 5213, 55104, 32747, 93307, 38861, 27986, 4842, 71222, 96204, 50490, 41376, 83189, 378, 48774, 92287, 2703, 84308, 62388, 24134, 92282, 90947, 61816, 96517, 93801, 12248, 42612, 36596, 34402, 48549, 64887, 18886, 20656, 39553, 90994, 50931, 61171, 97927, 2047, 85741, 60257, 56686, 62824, 95036, 97774, 26512, 32213, 24226, 39119, 9190, 40253, 35323, 71271, 90577, 44, 70979, 92296, 59388, 78444, 59936, 61842, 18317, 14104, 74209, 24390, 30917, 86127, 98120, 80417, 53683, 4088, 22491, 83407, 32889, 33182, 90125, 68253, 63599, 54457, 91265, 92333, 23178, 96129, 44767, 46114, 84454, 73652, 77970, 9354, 12847, 74690, 31643, 71792, 72701, 44459, 13482, 2404, 79190, 44599, 39581, 83762, 38122, 78181, 85472, 89495, 96088, 45750, 12132, 86111, 9109, 84610, 44138, 65151, 75159, 7903, 24327, 23796, 27486, 76491, 91005, 62756, 8359, 39827, 37498, 88884, 69064, 88341, 83620, 5172, 25162, 12655, 35222, 43042, 31508, 95614, 11871, 72016, 12050, 46298, 82757, 50191, 22398, 65305, 63983, 69826, 58709, 70825, 19588, 82568, 42327, 11142, 71395, 10520, 43850, 12080, 34833, 59211, 82355, 44790, 14277, 94119, 99751, 55723, 66045, 65818, 52492, 28845, 77469, 6552, 85250, 81990, 20182, 31757, 24256, 8564, 51246, 18916, 38412, 36848, 69380, 96252, 20867, 86440, 12168, 57866, 16845, 44507, 27280, 78684, 72618, 39882, 21960, 75878, 24632, 3639, 77549, 1172, 17919, 43076, 60918, 7295, 36117, 78965, 29935, 36303, 38772, 34652, 92292, 20532, 49163, 23139, 14852, 2419, 94945, 10473, 58389, 87817, 18164, 62277, 68791, 13348, 73330, 36876, 65334, 21264, 45823, 48913, 66448, 45681, 76227, 3298, 19245, 15292, 74225, 2081, 12669, 14545, 37361, 93452, 1880, 79845, 47996, 3938, 92890, 66904, 15377, 35288, 80314, 59754, 72027, 85560, 13002, 79410, 60381, 36834, 26822, 18526, 4275, 21261, 76951, 98894, 44292, 83338, 72810, 24459, 48197, 60404]})"
45.0,7,8,90,17.02274250984192,10113,"Genotype(dna={""<class 'abc.NT_0017'>"": [0, 91624], ""<class 'abc.NT_0017_P_00000'>"": [], ""<class 'abc.NT_0015'>"": [59754, 18526], ""<class 'abc.NT_0015_P_00000'>"": [], ""<class 'abc.NT_0000'>"": [16022, 0, 68658, 75248], ""<class 'abc.NT_0000_P_00000'>"": [], ""<class 'bool'>"": [86460, 41233, 75986, 25993, 82631, 61562, 27230, 83215], ""<class 'abc.NT_0000_P_00001'>"": [], ""<class 'int'>"": [91663, 89850, 80314, 60404], ""<class 'abc.NT_0000_P_00002'>"": [], ""<class 'abc.NT_0000_P_00003'>"": [], ""<class 'abc.NT_0015_P_00001'>"": [], ""<class 'abc.NT_0010'>"": [], ""<class 'abc.NT_0010_P_00000'>"": [], ""<class 'abc.NT_0007'>"": [], ""<class 'abc.NT_0007_P_00000'>"": [], ""<class 'abc.NT_0003'>"": [], ""<class 'abc.NT_0003_P_00000'>"": [], ""<class 'abc.NT_0002'>"": [0, 15377], ""<class 'abc.NT_0002_P_00000'>"": [], ""<class 'abc.NT_0002_P_00001'>"": [], ""<class 'abc.NT_0001'>"": [36432, 14518, 2, 43884, 40571], ""<class 'abc.NT_0001_P_00000'>"": [], ""<class 'abc.NT_0001_P_00001'>"": [], ""<class 'abc.NT_0001_P_00002'>"": [], ""<class 'abc.NT_0001_P_00003'>"": [], ""<class 'abc.NT_0001_P_00004'>"": [], ""<class 'abc.NT_0002_P_00002'>"": [], ""<class 'abc.NT_0002_P_00003'>"": [], ""<class 'abc.NT_0003_P_00001'>"": [], ""<class 'abc.NT_0003_P_00002'>"": [], ""<class 'abc.NT_0003_P_00003'>"": [], ""<class 'abc.NT_0007_P_00001'>"": [], ""<class 'abc.NT_0004'>"": [62590, 30197, 83338, 72810, 24459, 48197], ""<class 'abc.NT_0004_P_00000'>"": [], ""<class 'abc.NT_0004_P_00001'>"": [], ""<class 'abc.NT_0010_P_00001'>"": [], ""<class 'abc.NT_0008'>"": [], ""<class 'abc.NT_0008_P_00000'>"": [], ""<class 'abc.NT_0010_P_00002'>"": [], ""<class 'abc.NT_0005'>"": [], ""<class 'abc.NT_0005_P_00000'>"": [], ""<class 'abc.NT_0005_P_00001'>"": [], ""<class 'abc.NT_0009'>"": [72027, 4275], ""<class 'abc.NT_0009_P_00000'>"": [], ""<class 'abc.NT_0009_P_00001'>"": [], ""<class 'abc.NT_0006'>"": [], ""<class 'abc.NT_0006_P_00000'>"": [], ""<class 'abc.NT_0009_P_00002'>"": [], ""<class 'abc.NT_0009_P_00003'>"": [], ""<class 'abc.NT_0015_P_00002'>"": [], ""<class 'abc.NT_0015_P_00003'>"": [], ""<class 'abc.NT_0014'>"": [], ""<class 'abc.NT_0014_P_00000'>"": [], ""<class 'abc.NT_0014_P_00001'>"": [], ""<class 'abc.NT_0015_P_00004'>"": [], ""<class 'abc.NT_0017_P_00001'>"": [], ""<class 'abc.NT_0016'>"": [], ""<class 'abc.NT_0016_P_00000'>"": [], ""<class 'abc.NT_0016_P_00001'>"": [], ""<class 'abc.NT_0016_P_00002'>"": [], ""<class 'abc.NT_0017_P_00002'>"": [], '$leftovers': [57587, 20000, 54340, 26317, 6481, 50799, 53366, 57672, 15437, 41470, 43194, 76280, 53058, 16632, 24951, 11647, 20336, 85920, 79178, 86726, 29687, 35122, 19936, 77951, 52918, 77202, 86811, 49977, 33989, 62146, 44283, 86282, 53235, 34529, 93786, 26995, 59308, 96804, 32075, 89268, 17705, 44065, 20964, 70557, 41228, 50394, 73244, 80589, 89878, 70093, 13531, 33497, 2118, 78177, 32452, 6202, 17781, 36111, 70983, 16310, 50605, 68444, 59396, 2989, 86690, 65815, 89541, 4173, 66353, 83209, 87572, 36004, 564, 32908, 7913, 59000, 95465, 92810, 87181, 4723, 71261, 90499, 32785, 42988, 8818, 96196, 25382, 42871, 28094, 74450, 1798, 9925, 29165, 11964, 72226, 30190, 2543, 47952, 6757, 23982, 21833, 84542, 51070, 20362, 47872, 63420, 54664, 2566, 11695, 6523, 29859, 6201, 70774, 77659, 84464, 78867, 27667, 69385, 65140, 36605, 7012, 1250, 28942, 20757, 68110, 13812, 73414, 97476, 48447, 65592, 47550, 63325, 56635, 41252, 76420, 8978, 72071, 1937, 52721, 11586, 95378, 12603, 22711, 7770, 30975, 43951, 55031, 2794, 31555, 40143, 45735, 26934, 973, 11552, 95654, 8346, 61470, 70413, 10371, 43200, 65213, 34376, 43681, 71623, 66363, 61726, 96882, 59629, 26130, 46919, 32533, 16075, 75983, 81859, 16243, 8366, 15261, 18908, 62350, 61492, 83170, 50893, 81836, 3003, 93817, 66605, 40524, 65446, 28020, 1863, 725, 71665, 25810, 44842, 73472, 41194, 64753, 52869, 28406, 39260, 71021, 44544, 65259, 40879, 61260, 45447, 45201, 3321, 71834, 91841, 85944, 94448, 53777, 52512, 8549, 49201, 19980, 24764, 94536, 5157, 97859, 66443, 89316, 95801, 13183, 85710, 46447, 35334, 77529, 59421, 81195, 9851, 45065, 1228, 86952, 32820, 60942, 12527, 2701, 43832, 81092, 19751, 59457, 23812, 97339, 11061, 65182, 36676, 27888, 43573, 78010, 73786, 42822, 94936, 73010, 77609, 10163, 63290, 27012, 14424, 18531, 84803, 64958, 43258, 85321, 82524, 12515, 71837, 58848, 55036, 90390, 48542, 50684, 67693, 63530, 31868, 23633, 21579, 6184, 53131, 21002, 64832, 92053, 7184, 69006, 35823, 8901, 37893, 51534, 12913, 22446, 26285, 70255, 27641, 21932, 83656, 66575, 48694, 39512, 17613, 54185, 98358, 36273, 43014, 10733, 45136, 56634, 51849, 94288, 26786, 42387, 35475, 24444, 8118, 49485, 81714, 83778, 89561, 8738, 52024, 58874, 72716, 42311, 25454, 87595, 81934, 17964, 61433, 19494, 83691, 27415, 37037, 93113, 43616, 52964, 48333, 56234, 18241, 27411, 16419, 52538, 26653, 9839, 74465, 52527, 80201, 79630, 1840, 83276, 82109, 32792, 12949, 92039, 43765, 36272, 54630, 58463, 7943, 38328, 97833, 45183, 91200, 15929, 47964, 40561, 81809, 14276, 39018, 78090, 20469, 86063, 44225, 33166, 87717, 85524, 97465, 83919, 30571, 47291, 11687, 54825, 46134, 8685, 78917, 38709, 83964, 2221, 51487, 86847, 14005, 89651, 45410, 32614, 24838, 40258, 99135, 55054, 4969, 96553, 24382, 92307, 81538, 18598, 31340, 57241, 99094, 6002, 7419, 86820, 42779, 11869, 72254, 27411, 31840, 79401, 73664, 91511, 29301, 88737, 56727, 37464, 71958, 69508, 25388, 4807, 91309, 55535, 78168, 94902, 31655, 46027, 94454, 40509, 42451, 1052, 68891, 6541, 61185, 60171, 90386, 32613, 13324, 92786, 63265, 21684, 48267, 73039, 43664, 60352, 52907, 44675, 95496, 2418, 7997, 69656, 52682, 3534, 62641, 94861, 67850, 67794, 22721, 46227, 31666, 8747, 35366, 39868, 7244, 91381, 38982, 77500, 57926, 64111, 61778, 4991, 50703, 56802, 29847, 58359, 95807, 95068, 83415, 81616, 76533, 71507, 98373, 2134, 16453, 78850, 30462, 46604, 89830, 21706, 86295, 8595, 79105, 19655, 43131, 3478, 75436, 73052, 71062, 31739, 45697, 16052, 87826, 33911, 8138, 66268, 4656, 40763, 97630, 99868, 91639, 2772, 58917, 49516, 46748, 20804, 59466, 99872, 25910, 53332, 38030, 78030, 73087, 32427, 25656, 22734, 86384, 91610, 214, 58585, 43431, 32734, 17757, 39750, 16177, 71705, 51831, 42392, 85543, 6696, 8045, 46570, 30940, 78199, 29592, 24154, 78765, 84514, 86057, 90538, 96392, 38901, 72898, 62612, 33489, 59571, 82991, 44920, 37691, 1121, 94492, 51499, 82069, 28888, 14310, 88903, 84118, 10546, 30703, 78344, 91528, 40853, 4171, 4336, 52942, 23065, 9391, 86682, 8024, 19625, 91371, 66707, 17488, 10058, 52363, 62581, 72253, 66959, 9752, 13742, 86275, 76334, 53755, 50348, 61297, 71442, 60130, 43371, 96139, 17674, 23526, 15019, 82578, 51684, 64820, 51041, 4364, 44980, 70927, 4192, 97078, 91706, 68350, 77970, 42423, 59117, 98713, 81658, 5742, 16489, 29002, 42948, 22071, 91882, 87587, 87335, 92995, 94276, 73117, 79084, 6387, 11821, 92270, 39525, 34375, 79523, 78948, 53831, 62075, 20954, 96006, 36604, 39077, 58604, 29341, 89780, 20577, 57898, 43874, 87854, 39253, 63110, 39371, 19091, 10078, 61402, 86956, 2706, 6459, 53395, 56986, 73952, 14732, 36024, 78732, 78176, 77392, 90109, 7387, 46633, 28051, 78533, 47690, 10143, 69800, 44745, 15386, 78043, 85757, 67383, 85811, 74336, 6202, 10109, 54780, 811, 76576, 77040, 49169, 96682, 92835, 45041, 1842, 65528, 34016, 83474, 14013, 27202, 66335, 44499, 370, 21730, 52896, 71182, 85991, 39160, 40902, 55926, 35512, 75736, 13601, 92189, 77065, 84092, 98012, 48127, 11588, 90917, 67209, 11527, 94121, 43713, 79943, 21649, 81567, 58642, 44906, 74680, 40034, 91400, 63001, 5213, 55104, 32747, 93307, 38861, 27986, 4842, 71222, 96204, 50490, 41376, 83189, 378, 48774, 92287, 2703, 84308, 62388, 24134, 92282, 90947, 61816, 96517, 93801, 12248, 42612, 36596, 34402, 48549, 64887, 18886, 20656, 39553, 90994, 50931, 61171, 97927, 2047, 85741, 60257, 56686, 62824, 95036, 97774, 26512, 32213, 24226, 39119, 9190, 40253, 35323, 71271, 90577, 44, 70979, 92296, 59388, 78444, 59936, 61842, 18317, 14104, 74209, 24390, 30917, 86127, 98120, 80417, 53683, 4088, 22491, 83407, 32889, 33182, 90125, 68253, 63599, 54457, 91265, 92333, 23178, 96129, 44767, 46114, 84454, 73652, 77970, 9354, 12847, 74690, 31643, 71792, 72701, 44459, 13482, 2404, 79190, 44599, 39581, 83762, 38122, 78181, 85472, 89495, 96088, 45750, 12132, 86111, 9109, 84610, 44138, 65151, 75159, 7903, 24327, 23796, 27486, 76491, 91005, 62756, 8359, 39827, 37498, 88884, 69064, 88341, 83620, 5172, 25162, 12655, 35222, 43042, 31508, 95614, 11871, 72016, 12050, 46298, 82757, 50191, 22398, 65305, 63983, 69826, 58709, 70825, 19588, 82568, 42327, 11142, 71395, 10520, 43850, 12080, 34833, 59211, 82355, 44790, 14277, 94119, 99751, 55723, 66045, 65818, 52492, 28845, 77469, 6552, 85250, 81990, 20182, 31757, 24256, 8564, 51246, 18916, 38412, 36848, 69380, 96252, 20867, 86440, 12168, 57866, 16845, 44507, 27280, 78684, 72618, 39882, 21960, 75878, 24632, 3639, 77549, 1172, 17919, 43076, 60918, 7295, 36117, 78965, 29935, 36303, 38772, 34652, 92292, 20532, 49163, 23139, 14852, 2419, 94945, 10473, 58389, 87817, 18164, 62277, 68791, 13348, 73330, 36876, 65334, 21264, 45823, 48913, 66448, 45681, 76227, 3298, 19245, 15292, 74225, 2081, 12669, 14545, 37361, 93452, 1880, 79845, 47996, 3938, 92890, 66904, 15377, 35288, 80314, 59754, 72027, 85560, 13002, 79410, 60381, 36834, 26822, 18526, 4275, 21261, 76951, 98894, 44292, 83338, 72810, 24459, 48197, 60404]})"
45.0,7,8,91,17.123706817626953,10113,"Genotype(dna={""<class 'abc.NT_0017'>"": [0, 91624], ""<class 'abc.NT_0017_P_00000'>"": [], ""<class 'abc.NT_0015'>"": [59754, 18526], ""<class 'abc.NT_0015_P_00000'>"": [], ""<class 'abc.NT_0000'>"": [16022, 0, 68658, 75248], ""<class 'abc.NT_0000_P_00000'>"": [], ""<class 'bool'>"": [86460, 41233, 75986, 25993, 82631, 61562, 27230, 83215], ""<class 'abc.NT_0000_P_00001'>"": [], ""<class 'int'>"": [91663, 89850, 80314, 60404], ""<class 'abc.NT_0000_P_00002'>"": [], ""<class 'abc.NT_0000_P_00003'>"": [], ""<class 'abc.NT_0015_P_00001'>"": [], ""<class 'abc.NT_0010'>"": [], ""<class 'abc.NT_0010_P_00000'>"": [], ""<class 'abc.NT_0007'>"": [], ""<class 'abc.NT_0007_P_00000'>"": [], ""<class 'abc.NT_0003'>"": [], ""<class 'abc.NT_0003_P_00000'>"": [], ""<class 'abc.NT_0002'>"": [0, 15377], ""<class 'abc.NT_0002_P_00000'>"": [], ""<class 'abc.NT_0002_P_00001'>"": [], ""<class 'abc.NT_0001'>"": [36432, 14518, 2, 43884, 40571], ""<class 'abc.NT_0001_P_00000'>"": [], ""<class 'abc.NT_0001_P_00001'>"": [], ""<class 'abc.NT_0001_P_00002'>"": [], ""<class 'abc.NT_0001_P_00003'>"": [], ""<class 'abc.NT_0001_P_00004'>"": [], ""<class 'abc.NT_0002_P_00002'>"": [], ""<class 'abc.NT_0002_P_00003'>"": [], ""<class 'abc.NT_0003_P_00001'>"": [], ""<class 'abc.NT_0003_P_00002'>"": [], ""<class 'abc.NT_0003_P_00003'>"": [], ""<class 'abc.NT_0007_P_00001'>"": [], ""<class 'abc.NT_0004'>"": [62590, 30197, 83338, 72810, 24459, 48197], ""<class 'abc.NT_0004_P_00000'>"": [], ""<class 'abc.NT_0004_P_00001'>"": [], ""<class 'abc.NT_0010_P_00001'>"": [], ""<class 'abc.NT_0008'>"": [], ""<class 'abc.NT_0008_P_00000'>"": [], ""<class 'abc.NT_0010_P_00002'>"": [], ""<class 'abc.NT_0005'>"": [], ""<class 'abc.NT_0005_P_00000'>"": [], ""<class 'abc.NT_0005_P_00001'>"": [], ""<class 'abc.NT_0009'>"": [72027, 4275], ""<class 'abc.NT_0009_P_00000'>"": [], ""<class 'abc.NT_0009_P_00001'>"": [], ""<class 'abc.NT_0006'>"": [], ""<class 'abc.NT_0006_P_00000'>"": [], ""<class 'abc.NT_0009_P_00002'>"": [], ""<class 'abc.NT_0009_P_00003'>"": [], ""<class 'abc.NT_0015_P_00002'>"": [], ""<class 'abc.NT_0015_P_00003'>"": [], ""<class 'abc.NT_0014'>"": [], ""<class 'abc.NT_0014_P_00000'>"": [], ""<class 'abc.NT_0014_P_00001'>"": [], ""<class 'abc.NT_0015_P_00004'>"": [], ""<class 'abc.NT_0017_P_00001'>"": [], ""<class 'abc.NT_0016'>"": [], ""<class 'abc.NT_0016_P_00000'>"": [], ""<class 'abc.NT_0016_P_00001'>"": [], ""<class 'abc.NT_0016_P_00002'>"": [], ""<class 'abc.NT_0017_P_00002'>"": [], '$leftovers': [57587, 20000, 54340, 26317, 6481, 50799, 53366, 57672, 15437, 41470, 43194, 76280, 53058, 16632, 24951, 11647, 20336, 85920, 79178, 86726, 29687, 35122, 19936, 77951, 52918, 77202, 86811, 49977, 33989, 62146, 44283, 86282, 53235, 34529, 93786, 26995, 59308, 96804, 32075, 89268, 17705, 44065, 20964, 70557, 41228, 50394, 73244, 80589, 89878, 70093, 13531, 33497, 2118, 78177, 32452, 6202, 17781, 36111, 70983, 16310, 50605, 68444, 59396, 2989, 86690, 65815, 89541, 4173, 66353, 83209, 87572, 36004, 564, 32908, 7913, 59000, 95465, 92810, 87181, 4723, 71261, 90499, 32785, 42988, 8818, 96196, 25382, 42871, 28094, 74450, 1798, 9925, 29165, 11964, 72226, 30190, 2543, 47952, 6757, 23982, 21833, 84542, 51070, 20362, 47872, 63420, 54664, 2566, 11695, 6523, 29859, 6201, 70774, 77659, 84464, 78867, 27667, 69385, 65140, 36605, 7012, 1250, 28942, 20757, 68110, 13812, 73414, 97476, 48447, 65592, 47550, 63325, 56635, 41252, 76420, 8978, 72071, 1937, 52721, 11586, 95378, 12603, 22711, 7770, 30975, 43951, 55031, 2794, 31555, 40143, 45735, 26934, 973, 11552, 95654, 8346, 61470, 70413, 10371, 43200, 65213, 34376, 43681, 71623, 66363, 61726, 96882, 59629, 26130, 46919, 32533, 16075, 75983, 81859, 16243, 8366, 15261, 18908, 62350, 61492, 83170, 50893, 81836, 3003, 93817, 66605, 40524, 65446, 28020, 1863, 725, 71665, 25810, 44842, 73472, 41194, 64753, 52869, 28406, 39260, 71021, 44544, 65259, 40879, 61260, 45447, 45201, 3321, 71834, 91841, 85944, 94448, 53777, 52512, 8549, 49201, 19980, 24764, 94536, 5157, 97859, 66443, 89316, 95801, 13183, 85710, 46447, 35334, 77529, 59421, 81195, 9851, 45065, 1228, 86952, 32820, 60942, 12527, 2701, 43832, 81092, 19751, 59457, 23812, 97339, 11061, 65182, 36676, 27888, 43573, 78010, 73786, 42822, 94936, 73010, 77609, 10163, 63290, 27012, 14424, 18531, 84803, 64958, 43258, 85321, 82524, 12515, 71837, 58848, 55036, 90390, 48542, 50684, 67693, 63530, 31868, 23633, 21579, 6184, 53131, 21002, 64832, 92053, 7184, 69006, 35823, 8901, 37893, 51534, 12913, 22446, 26285, 70255, 27641, 21932, 83656, 66575, 48694, 39512, 17613, 54185, 98358, 36273, 43014, 10733, 45136, 56634, 51849, 94288, 26786, 42387, 35475, 24444, 8118, 49485, 81714, 83778, 89561, 8738, 52024, 58874, 72716, 42311, 25454, 87595, 81934, 17964, 61433, 19494, 83691, 27415, 37037, 93113, 43616, 52964, 48333, 56234, 18241, 27411, 16419, 52538, 26653, 9839, 74465, 52527, 80201, 79630, 1840, 83276, 82109, 32792, 12949, 92039, 43765, 36272, 54630, 58463, 7943, 38328, 97833, 45183, 91200, 15929, 47964, 40561, 81809, 14276, 39018, 78090, 20469, 86063, 44225, 33166, 87717, 85524, 97465, 83919, 30571, 47291, 11687, 54825, 46134, 8685, 78917, 38709, 83964, 2221, 51487, 86847, 14005, 89651, 45410, 32614, 24838, 40258, 99135, 55054, 4969, 96553, 24382, 92307, 81538, 18598, 31340, 57241, 99094, 6002, 7419, 86820, 42779, 11869, 72254, 27411, 31840, 79401, 73664, 91511, 29301, 88737, 56727, 37464, 71958, 69508, 25388, 4807, 91309, 55535, 78168, 94902, 31655, 46027, 94454, 40509, 42451, 1052, 68891, 6541, 61185, 60171, 90386, 32613, 13324, 92786, 63265, 21684, 48267, 73039, 43664, 60352, 52907, 44675, 95496, 2418, 7997, 69656, 52682, 3534, 62641, 94861, 67850, 67794, 22721, 46227, 31666, 8747, 35366, 39868, 7244, 91381, 38982, 77500, 57926, 64111, 61778, 4991, 50703, 56802, 29847, 58359, 95807, 95068, 83415, 81616, 76533, 71507, 98373, 2134, 16453, 78850, 30462, 46604, 89830, 21706, 86295, 8595, 79105, 19655, 43131, 3478, 75436, 73052, 71062, 31739, 45697, 16052, 87826, 33911, 8138, 66268, 4656, 40763, 97630, 99868, 91639, 2772, 58917, 49516, 46748, 20804, 59466, 99872, 25910, 53332, 38030, 78030, 73087, 32427, 25656, 22734, 86384, 91610, 214, 58585, 43431, 32734, 17757, 39750, 16177, 71705, 51831, 42392, 85543, 6696, 8045, 46570, 30940, 78199, 29592, 24154, 78765, 84514, 86057, 90538, 96392, 38901, 72898, 62612, 33489, 59571, 82991, 44920, 37691, 1121, 94492, 51499, 82069, 28888, 14310, 88903, 84118, 10546, 30703, 78344, 91528, 40853, 4171, 4336, 52942, 23065, 9391, 86682, 8024, 19625, 91371, 66707, 17488, 10058, 52363, 62581, 72253, 66959, 9752, 13742, 86275, 76334, 53755, 50348, 61297, 71442, 60130, 43371, 96139, 17674, 23526, 15019, 82578, 51684, 64820, 51041, 4364, 44980, 70927, 4192, 97078, 91706, 68350, 77970, 42423, 59117, 98713, 81658, 5742, 16489, 29002, 42948, 22071, 91882, 87587, 87335, 92995, 94276, 73117, 79084, 6387, 11821, 92270, 39525, 34375, 79523, 78948, 53831, 62075, 20954, 96006, 36604, 39077, 58604, 29341, 89780, 20577, 57898, 43874, 87854, 39253, 63110, 39371, 19091, 10078, 61402, 86956, 2706, 6459, 53395, 56986, 73952, 14732, 36024, 78732, 78176, 77392, 90109, 7387, 46633, 28051, 78533, 47690, 10143, 69800, 44745, 15386, 78043, 85757, 67383, 85811, 74336, 6202, 10109, 54780, 811, 76576, 77040, 49169, 96682, 92835, 45041, 1842, 65528, 34016, 83474, 14013, 27202, 66335, 44499, 370, 21730, 52896, 71182, 85991, 39160, 40902, 55926, 35512, 75736, 13601, 92189, 77065, 84092, 98012, 48127, 11588, 90917, 67209, 11527, 94121, 43713, 79943, 21649, 81567, 58642, 44906, 74680, 40034, 91400, 63001, 5213, 55104, 32747, 93307, 38861, 27986, 4842, 71222, 96204, 50490, 41376, 83189, 378, 48774, 92287, 2703, 84308, 62388, 24134, 92282, 90947, 61816, 96517, 93801, 12248, 42612, 36596, 34402, 48549, 64887, 18886, 20656, 39553, 90994, 50931, 61171, 97927, 2047, 85741, 60257, 56686, 62824, 95036, 97774, 26512, 32213, 24226, 39119, 9190, 40253, 35323, 71271, 90577, 44, 70979, 92296, 59388, 78444, 59936, 61842, 18317, 14104, 74209, 24390, 30917, 86127, 98120, 80417, 53683, 4088, 22491, 83407, 32889, 33182, 90125, 68253, 63599, 54457, 91265, 92333, 23178, 96129, 44767, 46114, 84454, 73652, 77970, 9354, 12847, 74690, 31643, 71792, 72701, 44459, 13482, 2404, 79190, 44599, 39581, 83762, 38122, 78181, 85472, 89495, 96088, 45750, 12132, 86111, 9109, 84610, 44138, 65151, 75159, 7903, 24327, 23796, 27486, 76491, 91005, 62756, 8359, 39827, 37498, 88884, 69064, 88341, 83620, 5172, 25162, 12655, 35222, 43042, 31508, 95614, 11871, 72016, 12050, 46298, 82757, 50191, 22398, 65305, 63983, 69826, 58709, 70825, 19588, 82568, 42327, 11142, 71395, 10520, 43850, 12080, 34833, 59211, 82355, 44790, 14277, 94119, 99751, 55723, 66045, 65818, 52492, 28845, 77469, 6552, 85250, 81990, 20182, 31757, 24256, 8564, 51246, 18916, 38412, 36848, 69380, 96252, 20867, 86440, 12168, 57866, 16845, 44507, 27280, 78684, 72618, 39882, 21960, 75878, 24632, 3639, 77549, 1172, 17919, 43076, 60918, 7295, 36117, 78965, 29935, 36303, 38772, 34652, 92292, 20532, 49163, 23139, 14852, 2419, 94945, 10473, 58389, 87817, 18164, 62277, 68791, 13348, 73330, 36876, 65334, 21264, 45823, 48913, 66448, 45681, 76227, 3298, 19245, 15292, 74225, 2081, 12669, 14545, 37361, 93452, 1880, 79845, 47996, 3938, 92890, 66904, 15377, 35288, 80314, 59754, 72027, 85560, 13002, 79410, 60381, 36834, 26822, 18526, 4275, 21261, 76951, 98894, 44292, 83338, 72810, 24459, 48197, 60404]})"
45.0,7,8,92,17.270689725875854,10113,"Genotype(dna={""<class 'abc.NT_0017'>"": [0, 91624], ""<class 'abc.NT_0017_P_00000'>"": [], ""<class 'abc.NT_0015'>"": [59754, 18526], ""<class 'abc.NT_0015_P_00000'>"": [], ""<class 'abc.NT_0000'>"": [16022, 0, 68658, 75248], ""<class 'abc.NT_0000_P_00000'>"": [], ""<class 'bool'>"": [86460, 41233, 75986, 25993, 82631, 61562, 27230, 83215], ""<class 'abc.NT_0000_P_00001'>"": [], ""<class 'int'>"": [91663, 89850, 80314, 60404], ""<class 'abc.NT_0000_P_00002'>"": [], ""<class 'abc.NT_0000_P_00003'>"": [], ""<class 'abc.NT_0015_P_00001'>"": [], ""<class 'abc.NT_0010'>"": [], ""<class 'abc.NT_0010_P_00000'>"": [], ""<class 'abc.NT_0007'>"": [], ""<class 'abc.NT_0007_P_00000'>"": [], ""<class 'abc.NT_0003'>"": [], ""<class 'abc.NT_0003_P_00000'>"": [], ""<class 'abc.NT_0002'>"": [0, 15377], ""<class 'abc.NT_0002_P_00000'>"": [], ""<class 'abc.NT_0002_P_00001'>"": [], ""<class 'abc.NT_0001'>"": [36432, 14518, 2, 43884, 40571], ""<class 'abc.NT_0001_P_00000'>"": [], ""<class 'abc.NT_0001_P_00001'>"": [], ""<class 'abc.NT_0001_P_00002'>"": [], ""<class 'abc.NT_0001_P_00003'>"": [], ""<class 'abc.NT_0001_P_00004'>"": [], ""<class 'abc.NT_0002_P_00002'>"": [], ""<class 'abc.NT_0002_P_00003'>"": [], ""<class 'abc.NT_0003_P_00001'>"": [], ""<class 'abc.NT_0003_P_00002'>"": [], ""<class 'abc.NT_0003_P_00003'>"": [], ""<class 'abc.NT_0007_P_00001'>"": [], ""<class 'abc.NT_0004'>"": [62590, 30197, 83338, 72810, 24459, 48197], ""<class 'abc.NT_0004_P_00000'>"": [], ""<class 'abc.NT_0004_P_00001'>"": [], ""<class 'abc.NT_0010_P_00001'>"": [], ""<class 'abc.NT_0008'>"": [], ""<class 'abc.NT_0008_P_00000'>"": [], ""<class 'abc.NT_0010_P_00002'>"": [], ""<class 'abc.NT_0005'>"": [], ""<class 'abc.NT_0005_P_00000'>"": [], ""<class 'abc.NT_0005_P_00001'>"": [], ""<class 'abc.NT_0009'>"": [72027, 4275], ""<class 'abc.NT_0009_P_00000'>"": [], ""<class 'abc.NT_0009_P_00001'>"": [], ""<class 'abc.NT_0006'>"": [], ""<class 'abc.NT_0006_P_00000'>"": [], ""<class 'abc.NT_0009_P_00002'>"": [], ""<class 'abc.NT_0009_P_00003'>"": [], ""<class 'abc.NT_0015_P_00002'>"": [], ""<class 'abc.NT_0015_P_00003'>"": [], ""<class 'abc.NT_0014'>"": [], ""<class 'abc.NT_0014_P_00000'>"": [], ""<class 'abc.NT_0014_P_00001'>"": [], ""<class 'abc.NT_0015_P_00004'>"": [], ""<class 'abc.NT_0017_P_00001'>"": [], ""<class 'abc.NT_0016'>"": [], ""<class 'abc.NT_0016_P_00000'>"": [], ""<class 'abc.NT_0016_P_00001'>"": [], ""<class 'abc.NT_0016_P_00002'>"": [], ""<class 'abc.NT_0017_P_00002'>"": [], '$leftovers': [57587, 20000, 54340, 26317, 6481, 50799, 53366, 57672, 15437, 41470, 43194, 76280, 53058, 16632, 24951, 11647, 20336, 85920, 79178, 86726, 29687, 35122, 19936, 77951, 52918, 77202, 86811, 49977, 33989, 62146, 44283, 86282, 53235, 34529, 93786, 26995, 59308, 96804, 32075, 89268, 17705, 44065, 20964, 70557, 41228, 50394, 73244, 80589, 89878, 70093, 13531, 33497, 2118, 78177, 32452, 6202, 17781, 36111, 70983, 16310, 50605, 68444, 59396, 2989, 86690, 65815, 89541, 4173, 66353, 83209, 87572, 36004, 564, 32908, 7913, 59000, 95465, 92810, 87181, 4723, 71261, 90499, 32785, 42988, 8818, 96196, 25382, 42871, 28094, 74450, 1798, 9925, 29165, 11964, 72226, 30190, 2543, 47952, 6757, 23982, 21833, 84542, 51070, 20362, 47872, 63420, 54664, 2566, 11695, 6523, 29859, 6201, 70774, 77659, 84464, 78867, 27667, 69385, 65140, 36605, 7012, 1250, 28942, 20757, 68110, 13812, 73414, 97476, 48447, 65592, 47550, 63325, 56635, 41252, 76420, 8978, 72071, 1937, 52721, 11586, 95378, 12603, 22711, 7770, 30975, 43951, 55031, 2794, 31555, 40143, 45735, 26934, 973, 11552, 95654, 8346, 61470, 70413, 10371, 43200, 65213, 34376, 43681, 71623, 66363, 61726, 96882, 59629, 26130, 46919, 32533, 16075, 75983, 81859, 16243, 8366, 15261, 18908, 62350, 61492, 83170, 50893, 81836, 3003, 93817, 66605, 40524, 65446, 28020, 1863, 725, 71665, 25810, 44842, 73472, 41194, 64753, 52869, 28406, 39260, 71021, 44544, 65259, 40879, 61260, 45447, 45201, 3321, 71834, 91841, 85944, 94448, 53777, 52512, 8549, 49201, 19980, 24764, 94536, 5157, 97859, 66443, 89316, 95801, 13183, 85710, 46447, 35334, 77529, 59421, 81195, 9851, 45065, 1228, 86952, 32820, 60942, 12527, 2701, 43832, 81092, 19751, 59457, 23812, 97339, 11061, 65182, 36676, 27888, 43573, 78010, 73786, 42822, 94936, 73010, 77609, 10163, 63290, 27012, 14424, 18531, 84803, 64958, 43258, 85321, 82524, 12515, 71837, 58848, 55036, 90390, 48542, 50684, 67693, 63530, 31868, 23633, 21579, 6184, 53131, 21002, 64832, 92053, 7184, 69006, 35823, 8901, 37893, 51534, 12913, 22446, 26285, 70255, 27641, 21932, 83656, 66575, 48694, 39512, 17613, 54185, 98358, 36273, 43014, 10733, 45136, 56634, 51849, 94288, 26786, 42387, 35475, 24444, 8118, 49485, 81714, 83778, 89561, 8738, 52024, 58874, 72716, 42311, 25454, 87595, 81934, 17964, 61433, 19494, 83691, 27415, 37037, 93113, 43616, 52964, 48333, 56234, 18241, 27411, 16419, 52538, 26653, 9839, 74465, 52527, 80201, 79630, 1840, 83276, 82109, 32792, 12949, 92039, 43765, 36272, 54630, 58463, 7943, 38328, 97833, 45183, 91200, 15929, 47964, 40561, 81809, 14276, 39018, 78090, 20469, 86063, 44225, 33166, 87717, 85524, 97465, 83919, 30571, 47291, 11687, 54825, 46134, 8685, 78917, 38709, 83964, 2221, 51487, 86847, 14005, 89651, 45410, 32614, 24838, 40258, 99135, 55054, 4969, 96553, 24382, 92307, 81538, 18598, 31340, 57241, 99094, 6002, 7419, 86820, 42779, 11869, 72254, 27411, 31840, 79401, 73664, 91511, 29301, 88737, 56727, 37464, 71958, 69508, 25388, 4807, 91309, 55535, 78168, 94902, 31655, 46027, 94454, 40509, 42451, 1052, 68891, 6541, 61185, 60171, 90386, 32613, 13324, 92786, 63265, 21684, 48267, 73039, 43664, 60352, 52907, 44675, 95496, 2418, 7997, 69656, 52682, 3534, 62641, 94861, 67850, 67794, 22721, 46227, 31666, 8747, 35366, 39868, 7244, 91381, 38982, 77500, 57926, 64111, 61778, 4991, 50703, 56802, 29847, 58359, 95807, 95068, 83415, 81616, 76533, 71507, 98373, 2134, 16453, 78850, 30462, 46604, 89830, 21706, 86295, 8595, 79105, 19655, 43131, 3478, 75436, 73052, 71062, 31739, 45697, 16052, 87826, 33911, 8138, 66268, 4656, 40763, 97630, 99868, 91639, 2772, 58917, 49516, 46748, 20804, 59466, 99872, 25910, 53332, 38030, 78030, 73087, 32427, 25656, 22734, 86384, 91610, 214, 58585, 43431, 32734, 17757, 39750, 16177, 71705, 51831, 42392, 85543, 6696, 8045, 46570, 30940, 78199, 29592, 24154, 78765, 84514, 86057, 90538, 96392, 38901, 72898, 62612, 33489, 59571, 82991, 44920, 37691, 1121, 94492, 51499, 82069, 28888, 14310, 88903, 84118, 10546, 30703, 78344, 91528, 40853, 4171, 4336, 52942, 23065, 9391, 86682, 8024, 19625, 91371, 66707, 17488, 10058, 52363, 62581, 72253, 66959, 9752, 13742, 86275, 76334, 53755, 50348, 61297, 71442, 60130, 43371, 96139, 17674, 23526, 15019, 82578, 51684, 64820, 51041, 4364, 44980, 70927, 4192, 97078, 91706, 68350, 77970, 42423, 59117, 98713, 81658, 5742, 16489, 29002, 42948, 22071, 91882, 87587, 87335, 92995, 94276, 73117, 79084, 6387, 11821, 92270, 39525, 34375, 79523, 78948, 53831, 62075, 20954, 96006, 36604, 39077, 58604, 29341, 89780, 20577, 57898, 43874, 87854, 39253, 63110, 39371, 19091, 10078, 61402, 86956, 2706, 6459, 53395, 56986, 73952, 14732, 36024, 78732, 78176, 77392, 90109, 7387, 46633, 28051, 78533, 47690, 10143, 69800, 44745, 15386, 78043, 85757, 67383, 85811, 74336, 6202, 10109, 54780, 811, 76576, 77040, 49169, 96682, 92835, 45041, 1842, 65528, 34016, 83474, 14013, 27202, 66335, 44499, 370, 21730, 52896, 71182, 85991, 39160, 40902, 55926, 35512, 75736, 13601, 92189, 77065, 84092, 98012, 48127, 11588, 90917, 67209, 11527, 94121, 43713, 79943, 21649, 81567, 58642, 44906, 74680, 40034, 91400, 63001, 5213, 55104, 32747, 93307, 38861, 27986, 4842, 71222, 96204, 50490, 41376, 83189, 378, 48774, 92287, 2703, 84308, 62388, 24134, 92282, 90947, 61816, 96517, 93801, 12248, 42612, 36596, 34402, 48549, 64887, 18886, 20656, 39553, 90994, 50931, 61171, 97927, 2047, 85741, 60257, 56686, 62824, 95036, 97774, 26512, 32213, 24226, 39119, 9190, 40253, 35323, 71271, 90577, 44, 70979, 92296, 59388, 78444, 59936, 61842, 18317, 14104, 74209, 24390, 30917, 86127, 98120, 80417, 53683, 4088, 22491, 83407, 32889, 33182, 90125, 68253, 63599, 54457, 91265, 92333, 23178, 96129, 44767, 46114, 84454, 73652, 77970, 9354, 12847, 74690, 31643, 71792, 72701, 44459, 13482, 2404, 79190, 44599, 39581, 83762, 38122, 78181, 85472, 89495, 96088, 45750, 12132, 86111, 9109, 84610, 44138, 65151, 75159, 7903, 24327, 23796, 27486, 76491, 91005, 62756, 8359, 39827, 37498, 88884, 69064, 88341, 83620, 5172, 25162, 12655, 35222, 43042, 31508, 95614, 11871, 72016, 12050, 46298, 82757, 50191, 22398, 65305, 63983, 69826, 58709, 70825, 19588, 82568, 42327, 11142, 71395, 10520, 43850, 12080, 34833, 59211, 82355, 44790, 14277, 94119, 99751, 55723, 66045, 65818, 52492, 28845, 77469, 6552, 85250, 81990, 20182, 31757, 24256, 8564, 51246, 18916, 38412, 36848, 69380, 96252, 20867, 86440, 12168, 57866, 16845, 44507, 27280, 78684, 72618, 39882, 21960, 75878, 24632, 3639, 77549, 1172, 17919, 43076, 60918, 7295, 36117, 78965, 29935, 36303, 38772, 34652, 92292, 20532, 49163, 23139, 14852, 2419, 94945, 10473, 58389, 87817, 18164, 62277, 68791, 13348, 73330, 36876, 65334, 21264, 45823, 48913, 66448, 45681, 76227, 3298, 19245, 15292, 74225, 2081, 12669, 14545, 37361, 93452, 1880, 79845, 47996, 3938, 92890, 66904, 15377, 35288, 80314, 59754, 72027, 85560, 13002, 79410, 60381, 36834, 26822, 18526, 4275, 21261, 76951, 98894, 44292, 83338, 72810, 24459, 48197, 60404]})"
45.0,7,8,93,17.39272904396057,10113,"Genotype(dna={""<class 'abc.NT_0017'>"": [0, 91624], ""<class 'abc.NT_0017_P_00000'>"": [], ""<class 'abc.NT_0015'>"": [59754, 18526], ""<class 'abc.NT_0015_P_00000'>"": [], ""<class 'abc.NT_0000'>"": [16022, 0, 68658, 75248], ""<class 'abc.NT_0000_P_00000'>"": [], ""<class 'bool'>"": [86460, 41233, 75986, 25993, 82631, 61562, 27230, 83215], ""<class 'abc.NT_0000_P_00001'>"": [], ""<class 'int'>"": [91663, 89850, 80314, 60404], ""<class 'abc.NT_0000_P_00002'>"": [], ""<class 'abc.NT_0000_P_00003'>"": [], ""<class 'abc.NT_0015_P_00001'>"": [], ""<class 'abc.NT_0010'>"": [], ""<class 'abc.NT_0010_P_00000'>"": [], ""<class 'abc.NT_0007'>"": [], ""<class 'abc.NT_0007_P_00000'>"": [], ""<class 'abc.NT_0003'>"": [], ""<class 'abc.NT_0003_P_00000'>"": [], ""<class 'abc.NT_0002'>"": [0, 15377], ""<class 'abc.NT_0002_P_00000'>"": [], ""<class 'abc.NT_0002_P_00001'>"": [], ""<class 'abc.NT_0001'>"": [36432, 14518, 2, 43884, 40571], ""<class 'abc.NT_0001_P_00000'>"": [], ""<class 'abc.NT_0001_P_00001'>"": [], ""<class 'abc.NT_0001_P_00002'>"": [], ""<class 'abc.NT_0001_P_00003'>"": [], ""<class 'abc.NT_0001_P_00004'>"": [], ""<class 'abc.NT_0002_P_00002'>"": [], ""<class 'abc.NT_0002_P_00003'>"": [], ""<class 'abc.NT_0003_P_00001'>"": [], ""<class 'abc.NT_0003_P_00002'>"": [], ""<class 'abc.NT_0003_P_00003'>"": [], ""<class 'abc.NT_0007_P_00001'>"": [], ""<class 'abc.NT_0004'>"": [62590, 30197, 83338, 72810, 24459, 48197], ""<class 'abc.NT_0004_P_00000'>"": [], ""<class 'abc.NT_0004_P_00001'>"": [], ""<class 'abc.NT_0010_P_00001'>"": [], ""<class 'abc.NT_0008'>"": [], ""<class 'abc.NT_0008_P_00000'>"": [], ""<class 'abc.NT_0010_P_00002'>"": [], ""<class 'abc.NT_0005'>"": [], ""<class 'abc.NT_0005_P_00000'>"": [], ""<class 'abc.NT_0005_P_00001'>"": [], ""<class 'abc.NT_0009'>"": [72027, 4275], ""<class 'abc.NT_0009_P_00000'>"": [], ""<class 'abc.NT_0009_P_00001'>"": [], ""<class 'abc.NT_0006'>"": [], ""<class 'abc.NT_0006_P_00000'>"": [], ""<class 'abc.NT_0009_P_00002'>"": [], ""<class 'abc.NT_0009_P_00003'>"": [], ""<class 'abc.NT_0015_P_00002'>"": [], ""<class 'abc.NT_0015_P_00003'>"": [], ""<class 'abc.NT_0014'>"": [], ""<class 'abc.NT_0014_P_00000'>"": [], ""<class 'abc.NT_0014_P_00001'>"": [], ""<class 'abc.NT_0015_P_00004'>"": [], ""<class 'abc.NT_0017_P_00001'>"": [], ""<class 'abc.NT_0016'>"": [], ""<class 'abc.NT_0016_P_00000'>"": [], ""<class 'abc.NT_0016_P_00001'>"": [], ""<class 'abc.NT_0016_P_00002'>"": [], ""<class 'abc.NT_0017_P_00002'>"": [], '$leftovers': [57587, 20000, 54340, 26317, 6481, 50799, 53366, 57672, 15437, 41470, 43194, 76280, 53058, 16632, 24951, 11647, 20336, 85920, 79178, 86726, 29687, 35122, 19936, 77951, 52918, 77202, 86811, 49977, 33989, 62146, 44283, 86282, 53235, 34529, 93786, 26995, 59308, 96804, 32075, 89268, 17705, 44065, 20964, 70557, 41228, 50394, 73244, 80589, 89878, 70093, 13531, 33497, 2118, 78177, 32452, 6202, 17781, 36111, 70983, 16310, 50605, 68444, 59396, 2989, 86690, 65815, 89541, 4173, 66353, 83209, 87572, 36004, 564, 32908, 7913, 59000, 95465, 92810, 87181, 4723, 71261, 90499, 32785, 42988, 8818, 96196, 25382, 42871, 28094, 74450, 1798, 9925, 29165, 11964, 72226, 30190, 2543, 47952, 6757, 23982, 21833, 84542, 51070, 20362, 47872, 63420, 54664, 2566, 11695, 6523, 29859, 6201, 70774, 77659, 84464, 78867, 27667, 69385, 65140, 36605, 7012, 1250, 28942, 20757, 68110, 13812, 73414, 97476, 48447, 65592, 47550, 63325, 56635, 41252, 76420, 8978, 72071, 1937, 52721, 11586, 95378, 12603, 22711, 7770, 30975, 43951, 55031, 2794, 31555, 40143, 45735, 26934, 973, 11552, 95654, 8346, 61470, 70413, 10371, 43200, 65213, 34376, 43681, 71623, 66363, 61726, 96882, 59629, 26130, 46919, 32533, 16075, 75983, 81859, 16243, 8366, 15261, 18908, 62350, 61492, 83170, 50893, 81836, 3003, 93817, 66605, 40524, 65446, 28020, 1863, 725, 71665, 25810, 44842, 73472, 41194, 64753, 52869, 28406, 39260, 71021, 44544, 65259, 40879, 61260, 45447, 45201, 3321, 71834, 91841, 85944, 94448, 53777, 52512, 8549, 49201, 19980, 24764, 94536, 5157, 97859, 66443, 89316, 95801, 13183, 85710, 46447, 35334, 77529, 59421, 81195, 9851, 45065, 1228, 86952, 32820, 60942, 12527, 2701, 43832, 81092, 19751, 59457, 23812, 97339, 11061, 65182, 36676, 27888, 43573, 78010, 73786, 42822, 94936, 73010, 77609, 10163, 63290, 27012, 14424, 18531, 84803, 64958, 43258, 85321, 82524, 12515, 71837, 58848, 55036, 90390, 48542, 50684, 67693, 63530, 31868, 23633, 21579, 6184, 53131, 21002, 64832, 92053, 7184, 69006, 35823, 8901, 37893, 51534, 12913, 22446, 26285, 70255, 27641, 21932, 83656, 66575, 48694, 39512, 17613, 54185, 98358, 36273, 43014, 10733, 45136, 56634, 51849, 94288, 26786, 42387, 35475, 24444, 8118, 49485, 81714, 83778, 89561, 8738, 52024, 58874, 72716, 42311, 25454, 87595, 81934, 17964, 61433, 19494, 83691, 27415, 37037, 93113, 43616, 52964, 48333, 56234, 18241, 27411, 16419, 52538, 26653, 9839, 74465, 52527, 80201, 79630, 1840, 83276, 82109, 32792, 12949, 92039, 43765, 36272, 54630, 58463, 7943, 38328, 97833, 45183, 91200, 15929, 47964, 40561, 81809, 14276, 39018, 78090, 20469, 86063, 44225, 33166, 87717, 85524, 97465, 83919, 30571, 47291, 11687, 54825, 46134, 8685, 78917, 38709, 83964, 2221, 51487, 86847, 14005, 89651, 45410, 32614, 24838, 40258, 99135, 55054, 4969, 96553, 24382, 92307, 81538, 18598, 31340, 57241, 99094, 6002, 7419, 86820, 42779, 11869, 72254, 27411, 31840, 79401, 73664, 91511, 29301, 88737, 56727, 37464, 71958, 69508, 25388, 4807, 91309, 55535, 78168, 94902, 31655, 46027, 94454, 40509, 42451, 1052, 68891, 6541, 61185, 60171, 90386, 32613, 13324, 92786, 63265, 21684, 48267, 73039, 43664, 60352, 52907, 44675, 95496, 2418, 7997, 69656, 52682, 3534, 62641, 94861, 67850, 67794, 22721, 46227, 31666, 8747, 35366, 39868, 7244, 91381, 38982, 77500, 57926, 64111, 61778, 4991, 50703, 56802, 29847, 58359, 95807, 95068, 83415, 81616, 76533, 71507, 98373, 2134, 16453, 78850, 30462, 46604, 89830, 21706, 86295, 8595, 79105, 19655, 43131, 3478, 75436, 73052, 71062, 31739, 45697, 16052, 87826, 33911, 8138, 66268, 4656, 40763, 97630, 99868, 91639, 2772, 58917, 49516, 46748, 20804, 59466, 99872, 25910, 53332, 38030, 78030, 73087, 32427, 25656, 22734, 86384, 91610, 214, 58585, 43431, 32734, 17757, 39750, 16177, 71705, 51831, 42392, 85543, 6696, 8045, 46570, 30940, 78199, 29592, 24154, 78765, 84514, 86057, 90538, 96392, 38901, 72898, 62612, 33489, 59571, 82991, 44920, 37691, 1121, 94492, 51499, 82069, 28888, 14310, 88903, 84118, 10546, 30703, 78344, 91528, 40853, 4171, 4336, 52942, 23065, 9391, 86682, 8024, 19625, 91371, 66707, 17488, 10058, 52363, 62581, 72253, 66959, 9752, 13742, 86275, 76334, 53755, 50348, 61297, 71442, 60130, 43371, 96139, 17674, 23526, 15019, 82578, 51684, 64820, 51041, 4364, 44980, 70927, 4192, 97078, 91706, 68350, 77970, 42423, 59117, 98713, 81658, 5742, 16489, 29002, 42948, 22071, 91882, 87587, 87335, 92995, 94276, 73117, 79084, 6387, 11821, 92270, 39525, 34375, 79523, 78948, 53831, 62075, 20954, 96006, 36604, 39077, 58604, 29341, 89780, 20577, 57898, 43874, 87854, 39253, 63110, 39371, 19091, 10078, 61402, 86956, 2706, 6459, 53395, 56986, 73952, 14732, 36024, 78732, 78176, 77392, 90109, 7387, 46633, 28051, 78533, 47690, 10143, 69800, 44745, 15386, 78043, 85757, 67383, 85811, 74336, 6202, 10109, 54780, 811, 76576, 77040, 49169, 96682, 92835, 45041, 1842, 65528, 34016, 83474, 14013, 27202, 66335, 44499, 370, 21730, 52896, 71182, 85991, 39160, 40902, 55926, 35512, 75736, 13601, 92189, 77065, 84092, 98012, 48127, 11588, 90917, 67209, 11527, 94121, 43713, 79943, 21649, 81567, 58642, 44906, 74680, 40034, 91400, 63001, 5213, 55104, 32747, 93307, 38861, 27986, 4842, 71222, 96204, 50490, 41376, 83189, 378, 48774, 92287, 2703, 84308, 62388, 24134, 92282, 90947, 61816, 96517, 93801, 12248, 42612, 36596, 34402, 48549, 64887, 18886, 20656, 39553, 90994, 50931, 61171, 97927, 2047, 85741, 60257, 56686, 62824, 95036, 97774, 26512, 32213, 24226, 39119, 9190, 40253, 35323, 71271, 90577, 44, 70979, 92296, 59388, 78444, 59936, 61842, 18317, 14104, 74209, 24390, 30917, 86127, 98120, 80417, 53683, 4088, 22491, 83407, 32889, 33182, 90125, 68253, 63599, 54457, 91265, 92333, 23178, 96129, 44767, 46114, 84454, 73652, 77970, 9354, 12847, 74690, 31643, 71792, 72701, 44459, 13482, 2404, 79190, 44599, 39581, 83762, 38122, 78181, 85472, 89495, 96088, 45750, 12132, 86111, 9109, 84610, 44138, 65151, 75159, 7903, 24327, 23796, 27486, 76491, 91005, 62756, 8359, 39827, 37498, 88884, 69064, 88341, 83620, 5172, 25162, 12655, 35222, 43042, 31508, 95614, 11871, 72016, 12050, 46298, 82757, 50191, 22398, 65305, 63983, 69826, 58709, 70825, 19588, 82568, 42327, 11142, 71395, 10520, 43850, 12080, 34833, 59211, 82355, 44790, 14277, 94119, 99751, 55723, 66045, 65818, 52492, 28845, 77469, 6552, 85250, 81990, 20182, 31757, 24256, 8564, 51246, 18916, 38412, 36848, 69380, 96252, 20867, 86440, 12168, 57866, 16845, 44507, 27280, 78684, 72618, 39882, 21960, 75878, 24632, 3639, 77549, 1172, 17919, 43076, 60918, 7295, 36117, 78965, 29935, 36303, 38772, 34652, 92292, 20532, 49163, 23139, 14852, 2419, 94945, 10473, 58389, 87817, 18164, 62277, 68791, 13348, 73330, 36876, 65334, 21264, 45823, 48913, 66448, 45681, 76227, 3298, 19245, 15292, 74225, 2081, 12669, 14545, 37361, 93452, 1880, 79845, 47996, 3938, 92890, 66904, 15377, 35288, 80314, 59754, 72027, 85560, 13002, 79410, 60381, 36834, 26822, 18526, 4275, 21261, 76951, 98894, 44292, 83338, 72810, 24459, 48197, 60404]})"
45.0,7,8,94,17.46770143508911,10113,"Genotype(dna={""<class 'abc.NT_0017'>"": [0, 91624], ""<class 'abc.NT_0017_P_00000'>"": [], ""<class 'abc.NT_0015'>"": [59754, 18526], ""<class 'abc.NT_0015_P_00000'>"": [], ""<class 'abc.NT_0000'>"": [16022, 0, 68658, 75248], ""<class 'abc.NT_0000_P_00000'>"": [], ""<class 'bool'>"": [86460, 41233, 75986, 25993, 82631, 61562, 27230, 83215], ""<class 'abc.NT_0000_P_00001'>"": [], ""<class 'int'>"": [91663, 89850, 80314, 60404], ""<class 'abc.NT_0000_P_00002'>"": [], ""<class 'abc.NT_0000_P_00003'>"": [], ""<class 'abc.NT_0015_P_00001'>"": [], ""<class 'abc.NT_0010'>"": [], ""<class 'abc.NT_0010_P_00000'>"": [], ""<class 'abc.NT_0007'>"": [], ""<class 'abc.NT_0007_P_00000'>"": [], ""<class 'abc.NT_0003'>"": [], ""<class 'abc.NT_0003_P_00000'>"": [], ""<class 'abc.NT_0002'>"": [0, 15377], ""<class 'abc.NT_0002_P_00000'>"": [], ""<class 'abc.NT_0002_P_00001'>"": [], ""<class 'abc.NT_0001'>"": [36432, 14518, 2, 43884, 40571], ""<class 'abc.NT_0001_P_00000'>"": [], ""<class 'abc.NT_0001_P_00001'>"": [], ""<class 'abc.NT_0001_P_00002'>"": [], ""<class 'abc.NT_0001_P_00003'>"": [], ""<class 'abc.NT_0001_P_00004'>"": [], ""<class 'abc.NT_0002_P_00002'>"": [], ""<class 'abc.NT_0002_P_00003'>"": [], ""<class 'abc.NT_0003_P_00001'>"": [], ""<class 'abc.NT_0003_P_00002'>"": [], ""<class 'abc.NT_0003_P_00003'>"": [], ""<class 'abc.NT_0007_P_00001'>"": [], ""<class 'abc.NT_0004'>"": [62590, 30197, 83338, 72810, 24459, 48197], ""<class 'abc.NT_0004_P_00000'>"": [], ""<class 'abc.NT_0004_P_00001'>"": [], ""<class 'abc.NT_0010_P_00001'>"": [], ""<class 'abc.NT_0008'>"": [], ""<class 'abc.NT_0008_P_00000'>"": [], ""<class 'abc.NT_0010_P_00002'>"": [], ""<class 'abc.NT_0005'>"": [], ""<class 'abc.NT_0005_P_00000'>"": [], ""<class 'abc.NT_0005_P_00001'>"": [], ""<class 'abc.NT_0009'>"": [72027, 4275], ""<class 'abc.NT_0009_P_00000'>"": [], ""<class 'abc.NT_0009_P_00001'>"": [], ""<class 'abc.NT_0006'>"": [], ""<class 'abc.NT_0006_P_00000'>"": [], ""<class 'abc.NT_0009_P_00002'>"": [], ""<class 'abc.NT_0009_P_00003'>"": [], ""<class 'abc.NT_0015_P_00002'>"": [], ""<class 'abc.NT_0015_P_00003'>"": [], ""<class 'abc.NT_0014'>"": [], ""<class 'abc.NT_0014_P_00000'>"": [], ""<class 'abc.NT_0014_P_00001'>"": [], ""<class 'abc.NT_0015_P_00004'>"": [], ""<class 'abc.NT_0017_P_00001'>"": [], ""<class 'abc.NT_0016'>"": [], ""<class 'abc.NT_0016_P_00000'>"": [], ""<class 'abc.NT_0016_P_00001'>"": [], ""<class 'abc.NT_0016_P_00002'>"": [], ""<class 'abc.NT_0017_P_00002'>"": [], '$leftovers': [57587, 20000, 54340, 26317, 6481, 50799, 53366, 57672, 15437, 41470, 43194, 76280, 53058, 16632, 24951, 11647, 20336, 85920, 79178, 86726, 29687, 35122, 19936, 77951, 52918, 77202, 86811, 49977, 33989, 62146, 44283, 86282, 53235, 34529, 93786, 26995, 59308, 96804, 32075, 89268, 17705, 44065, 20964, 70557, 41228, 50394, 73244, 80589, 89878, 70093, 13531, 33497, 2118, 78177, 32452, 6202, 17781, 36111, 70983, 16310, 50605, 68444, 59396, 2989, 86690, 65815, 89541, 4173, 66353, 83209, 87572, 36004, 564, 32908, 7913, 59000, 95465, 92810, 87181, 4723, 71261, 90499, 32785, 42988, 8818, 96196, 25382, 42871, 28094, 74450, 1798, 9925, 29165, 11964, 72226, 30190, 2543, 47952, 6757, 23982, 21833, 84542, 51070, 20362, 47872, 63420, 54664, 2566, 11695, 6523, 29859, 6201, 70774, 77659, 84464, 78867, 27667, 69385, 65140, 36605, 7012, 1250, 28942, 20757, 68110, 13812, 73414, 97476, 48447, 65592, 47550, 63325, 56635, 41252, 76420, 8978, 72071, 1937, 52721, 11586, 95378, 12603, 22711, 7770, 30975, 43951, 55031, 2794, 31555, 40143, 45735, 26934, 973, 11552, 95654, 8346, 61470, 70413, 10371, 43200, 65213, 34376, 43681, 71623, 66363, 61726, 96882, 59629, 26130, 46919, 32533, 16075, 75983, 81859, 16243, 8366, 15261, 18908, 62350, 61492, 83170, 50893, 81836, 3003, 93817, 66605, 40524, 65446, 28020, 1863, 725, 71665, 25810, 44842, 73472, 41194, 64753, 52869, 28406, 39260, 71021, 44544, 65259, 40879, 61260, 45447, 45201, 3321, 71834, 91841, 85944, 94448, 53777, 52512, 8549, 49201, 19980, 24764, 94536, 5157, 97859, 66443, 89316, 95801, 13183, 85710, 46447, 35334, 77529, 59421, 81195, 9851, 45065, 1228, 86952, 32820, 60942, 12527, 2701, 43832, 81092, 19751, 59457, 23812, 97339, 11061, 65182, 36676, 27888, 43573, 78010, 73786, 42822, 94936, 73010, 77609, 10163, 63290, 27012, 14424, 18531, 84803, 64958, 43258, 85321, 82524, 12515, 71837, 58848, 55036, 90390, 48542, 50684, 67693, 63530, 31868, 23633, 21579, 6184, 53131, 21002, 64832, 92053, 7184, 69006, 35823, 8901, 37893, 51534, 12913, 22446, 26285, 70255, 27641, 21932, 83656, 66575, 48694, 39512, 17613, 54185, 98358, 36273, 43014, 10733, 45136, 56634, 51849, 94288, 26786, 42387, 35475, 24444, 8118, 49485, 81714, 83778, 89561, 8738, 52024, 58874, 72716, 42311, 25454, 87595, 81934, 17964, 61433, 19494, 83691, 27415, 37037, 93113, 43616, 52964, 48333, 56234, 18241, 27411, 16419, 52538, 26653, 9839, 74465, 52527, 80201, 79630, 1840, 83276, 82109, 32792, 12949, 92039, 43765, 36272, 54630, 58463, 7943, 38328, 97833, 45183, 91200, 15929, 47964, 40561, 81809, 14276, 39018, 78090, 20469, 86063, 44225, 33166, 87717, 85524, 97465, 83919, 30571, 47291, 11687, 54825, 46134, 8685, 78917, 38709, 83964, 2221, 51487, 86847, 14005, 89651, 45410, 32614, 24838, 40258, 99135, 55054, 4969, 96553, 24382, 92307, 81538, 18598, 31340, 57241, 99094, 6002, 7419, 86820, 42779, 11869, 72254, 27411, 31840, 79401, 73664, 91511, 29301, 88737, 56727, 37464, 71958, 69508, 25388, 4807, 91309, 55535, 78168, 94902, 31655, 46027, 94454, 40509, 42451, 1052, 68891, 6541, 61185, 60171, 90386, 32613, 13324, 92786, 63265, 21684, 48267, 73039, 43664, 60352, 52907, 44675, 95496, 2418, 7997, 69656, 52682, 3534, 62641, 94861, 67850, 67794, 22721, 46227, 31666, 8747, 35366, 39868, 7244, 91381, 38982, 77500, 57926, 64111, 61778, 4991, 50703, 56802, 29847, 58359, 95807, 95068, 83415, 81616, 76533, 71507, 98373, 2134, 16453, 78850, 30462, 46604, 89830, 21706, 86295, 8595, 79105, 19655, 43131, 3478, 75436, 73052, 71062, 31739, 45697, 16052, 87826, 33911, 8138, 66268, 4656, 40763, 97630, 99868, 91639, 2772, 58917, 49516, 46748, 20804, 59466, 99872, 25910, 53332, 38030, 78030, 73087, 32427, 25656, 22734, 86384, 91610, 214, 58585, 43431, 32734, 17757, 39750, 16177, 71705, 51831, 42392, 85543, 6696, 8045, 46570, 30940, 78199, 29592, 24154, 78765, 84514, 86057, 90538, 96392, 38901, 72898, 62612, 33489, 59571, 82991, 44920, 37691, 1121, 94492, 51499, 82069, 28888, 14310, 88903, 84118, 10546, 30703, 78344, 91528, 40853, 4171, 4336, 52942, 23065, 9391, 86682, 8024, 19625, 91371, 66707, 17488, 10058, 52363, 62581, 72253, 66959, 9752, 13742, 86275, 76334, 53755, 50348, 61297, 71442, 60130, 43371, 96139, 17674, 23526, 15019, 82578, 51684, 64820, 51041, 4364, 44980, 70927, 4192, 97078, 91706, 68350, 77970, 42423, 59117, 98713, 81658, 5742, 16489, 29002, 42948, 22071, 91882, 87587, 87335, 92995, 94276, 73117, 79084, 6387, 11821, 92270, 39525, 34375, 79523, 78948, 53831, 62075, 20954, 96006, 36604, 39077, 58604, 29341, 89780, 20577, 57898, 43874, 87854, 39253, 63110, 39371, 19091, 10078, 61402, 86956, 2706, 6459, 53395, 56986, 73952, 14732, 36024, 78732, 78176, 77392, 90109, 7387, 46633, 28051, 78533, 47690, 10143, 69800, 44745, 15386, 78043, 85757, 67383, 85811, 74336, 6202, 10109, 54780, 811, 76576, 77040, 49169, 96682, 92835, 45041, 1842, 65528, 34016, 83474, 14013, 27202, 66335, 44499, 370, 21730, 52896, 71182, 85991, 39160, 40902, 55926, 35512, 75736, 13601, 92189, 77065, 84092, 98012, 48127, 11588, 90917, 67209, 11527, 94121, 43713, 79943, 21649, 81567, 58642, 44906, 74680, 40034, 91400, 63001, 5213, 55104, 32747, 93307, 38861, 27986, 4842, 71222, 96204, 50490, 41376, 83189, 378, 48774, 92287, 2703, 84308, 62388, 24134, 92282, 90947, 61816, 96517, 93801, 12248, 42612, 36596, 34402, 48549, 64887, 18886, 20656, 39553, 90994, 50931, 61171, 97927, 2047, 85741, 60257, 56686, 62824, 95036, 97774, 26512, 32213, 24226, 39119, 9190, 40253, 35323, 71271, 90577, 44, 70979, 92296, 59388, 78444, 59936, 61842, 18317, 14104, 74209, 24390, 30917, 86127, 98120, 80417, 53683, 4088, 22491, 83407, 32889, 33182, 90125, 68253, 63599, 54457, 91265, 92333, 23178, 96129, 44767, 46114, 84454, 73652, 77970, 9354, 12847, 74690, 31643, 71792, 72701, 44459, 13482, 2404, 79190, 44599, 39581, 83762, 38122, 78181, 85472, 89495, 96088, 45750, 12132, 86111, 9109, 84610, 44138, 65151, 75159, 7903, 24327, 23796, 27486, 76491, 91005, 62756, 8359, 39827, 37498, 88884, 69064, 88341, 83620, 5172, 25162, 12655, 35222, 43042, 31508, 95614, 11871, 72016, 12050, 46298, 82757, 50191, 22398, 65305, 63983, 69826, 58709, 70825, 19588, 82568, 42327, 11142, 71395, 10520, 43850, 12080, 34833, 59211, 82355, 44790, 14277, 94119, 99751, 55723, 66045, 65818, 52492, 28845, 77469, 6552, 85250, 81990, 20182, 31757, 24256, 8564, 51246, 18916, 38412, 36848, 69380, 96252, 20867, 86440, 12168, 57866, 16845, 44507, 27280, 78684, 72618, 39882, 21960, 75878, 24632, 3639, 77549, 1172, 17919, 43076, 60918, 7295, 36117, 78965, 29935, 36303, 38772, 34652, 92292, 20532, 49163, 23139, 14852, 2419, 94945, 10473, 58389, 87817, 18164, 62277, 68791, 13348, 73330, 36876, 65334, 21264, 45823, 48913, 66448, 45681, 76227, 3298, 19245, 15292, 74225, 2081, 12669, 14545, 37361, 93452, 1880, 79845, 47996, 3938, 92890, 66904, 15377, 35288, 80314, 59754, 72027, 85560, 13002, 79410, 60381, 36834, 26822, 18526, 4275, 21261, 76951, 98894, 44292, 83338, 72810, 24459, 48197, 60404]})"
45.0,7,8,95,17.571954250335693,10113,"Genotype(dna={""<class 'abc.NT_0017'>"": [0, 91624], ""<class 'abc.NT_0017_P_00000'>"": [], ""<class 'abc.NT_0015'>"": [59754, 18526], ""<class 'abc.NT_0015_P_00000'>"": [], ""<class 'abc.NT_0000'>"": [16022, 0, 68658, 75248], ""<class 'abc.NT_0000_P_00000'>"": [], ""<class 'bool'>"": [86460, 41233, 75986, 25993, 82631, 61562, 27230, 83215], ""<class 'abc.NT_0000_P_00001'>"": [], ""<class 'int'>"": [91663, 89850, 80314, 60404], ""<class 'abc.NT_0000_P_00002'>"": [], ""<class 'abc.NT_0000_P_00003'>"": [], ""<class 'abc.NT_0015_P_00001'>"": [], ""<class 'abc.NT_0010'>"": [], ""<class 'abc.NT_0010_P_00000'>"": [], ""<class 'abc.NT_0007'>"": [], ""<class 'abc.NT_0007_P_00000'>"": [], ""<class 'abc.NT_0003'>"": [], ""<class 'abc.NT_0003_P_00000'>"": [], ""<class 'abc.NT_0002'>"": [0, 15377], ""<class 'abc.NT_0002_P_00000'>"": [], ""<class 'abc.NT_0002_P_00001'>"": [], ""<class 'abc.NT_0001'>"": [36432, 14518, 2, 43884, 40571], ""<class 'abc.NT_0001_P_00000'>"": [], ""<class 'abc.NT_0001_P_00001'>"": [], ""<class 'abc.NT_0001_P_00002'>"": [], ""<class 'abc.NT_0001_P_00003'>"": [], ""<class 'abc.NT_0001_P_00004'>"": [], ""<class 'abc.NT_0002_P_00002'>"": [], ""<class 'abc.NT_0002_P_00003'>"": [], ""<class 'abc.NT_0003_P_00001'>"": [], ""<class 'abc.NT_0003_P_00002'>"": [], ""<class 'abc.NT_0003_P_00003'>"": [], ""<class 'abc.NT_0007_P_00001'>"": [], ""<class 'abc.NT_0004'>"": [62590, 30197, 83338, 72810, 24459, 48197], ""<class 'abc.NT_0004_P_00000'>"": [], ""<class 'abc.NT_0004_P_00001'>"": [], ""<class 'abc.NT_0010_P_00001'>"": [], ""<class 'abc.NT_0008'>"": [], ""<class 'abc.NT_0008_P_00000'>"": [], ""<class 'abc.NT_0010_P_00002'>"": [], ""<class 'abc.NT_0005'>"": [], ""<class 'abc.NT_0005_P_00000'>"": [], ""<class 'abc.NT_0005_P_00001'>"": [], ""<class 'abc.NT_0009'>"": [72027, 4275], ""<class 'abc.NT_0009_P_00000'>"": [], ""<class 'abc.NT_0009_P_00001'>"": [], ""<class 'abc.NT_0006'>"": [], ""<class 'abc.NT_0006_P_00000'>"": [], ""<class 'abc.NT_0009_P_00002'>"": [], ""<class 'abc.NT_0009_P_00003'>"": [], ""<class 'abc.NT_0015_P_00002'>"": [], ""<class 'abc.NT_0015_P_00003'>"": [], ""<class 'abc.NT_0014'>"": [], ""<class 'abc.NT_0014_P_00000'>"": [], ""<class 'abc.NT_0014_P_00001'>"": [], ""<class 'abc.NT_0015_P_00004'>"": [], ""<class 'abc.NT_0017_P_00001'>"": [], ""<class 'abc.NT_0016'>"": [], ""<class 'abc.NT_0016_P_00000'>"": [], ""<class 'abc.NT_0016_P_00001'>"": [], ""<class 'abc.NT_0016_P_00002'>"": [], ""<class 'abc.NT_0017_P_00002'>"": [], '$leftovers': [57587, 20000, 54340, 26317, 6481, 50799, 53366, 57672, 15437, 41470, 43194, 76280, 53058, 16632, 24951, 11647, 20336, 85920, 79178, 86726, 29687, 35122, 19936, 77951, 52918, 77202, 86811, 49977, 33989, 62146, 44283, 86282, 53235, 34529, 93786, 26995, 59308, 96804, 32075, 89268, 17705, 44065, 20964, 70557, 41228, 50394, 73244, 80589, 89878, 70093, 13531, 33497, 2118, 78177, 32452, 6202, 17781, 36111, 70983, 16310, 50605, 68444, 59396, 2989, 86690, 65815, 89541, 4173, 66353, 83209, 87572, 36004, 564, 32908, 7913, 59000, 95465, 92810, 87181, 4723, 71261, 90499, 32785, 42988, 8818, 96196, 25382, 42871, 28094, 74450, 1798, 9925, 29165, 11964, 72226, 30190, 2543, 47952, 6757, 23982, 21833, 84542, 51070, 20362, 47872, 63420, 54664, 2566, 11695, 6523, 29859, 6201, 70774, 77659, 84464, 78867, 27667, 69385, 65140, 36605, 7012, 1250, 28942, 20757, 68110, 13812, 73414, 97476, 48447, 65592, 47550, 63325, 56635, 41252, 76420, 8978, 72071, 1937, 52721, 11586, 95378, 12603, 22711, 7770, 30975, 43951, 55031, 2794, 31555, 40143, 45735, 26934, 973, 11552, 95654, 8346, 61470, 70413, 10371, 43200, 65213, 34376, 43681, 71623, 66363, 61726, 96882, 59629, 26130, 46919, 32533, 16075, 75983, 81859, 16243, 8366, 15261, 18908, 62350, 61492, 83170, 50893, 81836, 3003, 93817, 66605, 40524, 65446, 28020, 1863, 725, 71665, 25810, 44842, 73472, 41194, 64753, 52869, 28406, 39260, 71021, 44544, 65259, 40879, 61260, 45447, 45201, 3321, 71834, 91841, 85944, 94448, 53777, 52512, 8549, 49201, 19980, 24764, 94536, 5157, 97859, 66443, 89316, 95801, 13183, 85710, 46447, 35334, 77529, 59421, 81195, 9851, 45065, 1228, 86952, 32820, 60942, 12527, 2701, 43832, 81092, 19751, 59457, 23812, 97339, 11061, 65182, 36676, 27888, 43573, 78010, 73786, 42822, 94936, 73010, 77609, 10163, 63290, 27012, 14424, 18531, 84803, 64958, 43258, 85321, 82524, 12515, 71837, 58848, 55036, 90390, 48542, 50684, 67693, 63530, 31868, 23633, 21579, 6184, 53131, 21002, 64832, 92053, 7184, 69006, 35823, 8901, 37893, 51534, 12913, 22446, 26285, 70255, 27641, 21932, 83656, 66575, 48694, 39512, 17613, 54185, 98358, 36273, 43014, 10733, 45136, 56634, 51849, 94288, 26786, 42387, 35475, 24444, 8118, 49485, 81714, 83778, 89561, 8738, 52024, 58874, 72716, 42311, 25454, 87595, 81934, 17964, 61433, 19494, 83691, 27415, 37037, 93113, 43616, 52964, 48333, 56234, 18241, 27411, 16419, 52538, 26653, 9839, 74465, 52527, 80201, 79630, 1840, 83276, 82109, 32792, 12949, 92039, 43765, 36272, 54630, 58463, 7943, 38328, 97833, 45183, 91200, 15929, 47964, 40561, 81809, 14276, 39018, 78090, 20469, 86063, 44225, 33166, 87717, 85524, 97465, 83919, 30571, 47291, 11687, 54825, 46134, 8685, 78917, 38709, 83964, 2221, 51487, 86847, 14005, 89651, 45410, 32614, 24838, 40258, 99135, 55054, 4969, 96553, 24382, 92307, 81538, 18598, 31340, 57241, 99094, 6002, 7419, 86820, 42779, 11869, 72254, 27411, 31840, 79401, 73664, 91511, 29301, 88737, 56727, 37464, 71958, 69508, 25388, 4807, 91309, 55535, 78168, 94902, 31655, 46027, 94454, 40509, 42451, 1052, 68891, 6541, 61185, 60171, 90386, 32613, 13324, 92786, 63265, 21684, 48267, 73039, 43664, 60352, 52907, 44675, 95496, 2418, 7997, 69656, 52682, 3534, 62641, 94861, 67850, 67794, 22721, 46227, 31666, 8747, 35366, 39868, 7244, 91381, 38982, 77500, 57926, 64111, 61778, 4991, 50703, 56802, 29847, 58359, 95807, 95068, 83415, 81616, 76533, 71507, 98373, 2134, 16453, 78850, 30462, 46604, 89830, 21706, 86295, 8595, 79105, 19655, 43131, 3478, 75436, 73052, 71062, 31739, 45697, 16052, 87826, 33911, 8138, 66268, 4656, 40763, 97630, 99868, 91639, 2772, 58917, 49516, 46748, 20804, 59466, 99872, 25910, 53332, 38030, 78030, 73087, 32427, 25656, 22734, 86384, 91610, 214, 58585, 43431, 32734, 17757, 39750, 16177, 71705, 51831, 42392, 85543, 6696, 8045, 46570, 30940, 78199, 29592, 24154, 78765, 84514, 86057, 90538, 96392, 38901, 72898, 62612, 33489, 59571, 82991, 44920, 37691, 1121, 94492, 51499, 82069, 28888, 14310, 88903, 84118, 10546, 30703, 78344, 91528, 40853, 4171, 4336, 52942, 23065, 9391, 86682, 8024, 19625, 91371, 66707, 17488, 10058, 52363, 62581, 72253, 66959, 9752, 13742, 86275, 76334, 53755, 50348, 61297, 71442, 60130, 43371, 96139, 17674, 23526, 15019, 82578, 51684, 64820, 51041, 4364, 44980, 70927, 4192, 97078, 91706, 68350, 77970, 42423, 59117, 98713, 81658, 5742, 16489, 29002, 42948, 22071, 91882, 87587, 87335, 92995, 94276, 73117, 79084, 6387, 11821, 92270, 39525, 34375, 79523, 78948, 53831, 62075, 20954, 96006, 36604, 39077, 58604, 29341, 89780, 20577, 57898, 43874, 87854, 39253, 63110, 39371, 19091, 10078, 61402, 86956, 2706, 6459, 53395, 56986, 73952, 14732, 36024, 78732, 78176, 77392, 90109, 7387, 46633, 28051, 78533, 47690, 10143, 69800, 44745, 15386, 78043, 85757, 67383, 85811, 74336, 6202, 10109, 54780, 811, 76576, 77040, 49169, 96682, 92835, 45041, 1842, 65528, 34016, 83474, 14013, 27202, 66335, 44499, 370, 21730, 52896, 71182, 85991, 39160, 40902, 55926, 35512, 75736, 13601, 92189, 77065, 84092, 98012, 48127, 11588, 90917, 67209, 11527, 94121, 43713, 79943, 21649, 81567, 58642, 44906, 74680, 40034, 91400, 63001, 5213, 55104, 32747, 93307, 38861, 27986, 4842, 71222, 96204, 50490, 41376, 83189, 378, 48774, 92287, 2703, 84308, 62388, 24134, 92282, 90947, 61816, 96517, 93801, 12248, 42612, 36596, 34402, 48549, 64887, 18886, 20656, 39553, 90994, 50931, 61171, 97927, 2047, 85741, 60257, 56686, 62824, 95036, 97774, 26512, 32213, 24226, 39119, 9190, 40253, 35323, 71271, 90577, 44, 70979, 92296, 59388, 78444, 59936, 61842, 18317, 14104, 74209, 24390, 30917, 86127, 98120, 80417, 53683, 4088, 22491, 83407, 32889, 33182, 90125, 68253, 63599, 54457, 91265, 92333, 23178, 96129, 44767, 46114, 84454, 73652, 77970, 9354, 12847, 74690, 31643, 71792, 72701, 44459, 13482, 2404, 79190, 44599, 39581, 83762, 38122, 78181, 85472, 89495, 96088, 45750, 12132, 86111, 9109, 84610, 44138, 65151, 75159, 7903, 24327, 23796, 27486, 76491, 91005, 62756, 8359, 39827, 37498, 88884, 69064, 88341, 83620, 5172, 25162, 12655, 35222, 43042, 31508, 95614, 11871, 72016, 12050, 46298, 82757, 50191, 22398, 65305, 63983, 69826, 58709, 70825, 19588, 82568, 42327, 11142, 71395, 10520, 43850, 12080, 34833, 59211, 82355, 44790, 14277, 94119, 99751, 55723, 66045, 65818, 52492, 28845, 77469, 6552, 85250, 81990, 20182, 31757, 24256, 8564, 51246, 18916, 38412, 36848, 69380, 96252, 20867, 86440, 12168, 57866, 16845, 44507, 27280, 78684, 72618, 39882, 21960, 75878, 24632, 3639, 77549, 1172, 17919, 43076, 60918, 7295, 36117, 78965, 29935, 36303, 38772, 34652, 92292, 20532, 49163, 23139, 14852, 2419, 94945, 10473, 58389, 87817, 18164, 62277, 68791, 13348, 73330, 36876, 65334, 21264, 45823, 48913, 66448, 45681, 76227, 3298, 19245, 15292, 74225, 2081, 12669, 14545, 37361, 93452, 1880, 79845, 47996, 3938, 92890, 66904, 15377, 35288, 80314, 59754, 72027, 85560, 13002, 79410, 60381, 36834, 26822, 18526, 4275, 21261, 76951, 98894, 44292, 83338, 72810, 24459, 48197, 60404]})"
45.0,7,8,96,17.673806190490723,10113,"Genotype(dna={""<class 'abc.NT_0017'>"": [0, 91624], ""<class 'abc.NT_0017_P_00000'>"": [], ""<class 'abc.NT_0015'>"": [59754, 18526], ""<class 'abc.NT_0015_P_00000'>"": [], ""<class 'abc.NT_0000'>"": [16022, 0, 68658, 75248], ""<class 'abc.NT_0000_P_00000'>"": [], ""<class 'bool'>"": [86460, 41233, 75986, 25993, 82631, 61562, 27230, 83215], ""<class 'abc.NT_0000_P_00001'>"": [], ""<class 'int'>"": [91663, 89850, 80314, 60404], ""<class 'abc.NT_0000_P_00002'>"": [], ""<class 'abc.NT_0000_P_00003'>"": [], ""<class 'abc.NT_0015_P_00001'>"": [], ""<class 'abc.NT_0010'>"": [], ""<class 'abc.NT_0010_P_00000'>"": [], ""<class 'abc.NT_0007'>"": [], ""<class 'abc.NT_0007_P_00000'>"": [], ""<class 'abc.NT_0003'>"": [], ""<class 'abc.NT_0003_P_00000'>"": [], ""<class 'abc.NT_0002'>"": [0, 15377], ""<class 'abc.NT_0002_P_00000'>"": [], ""<class 'abc.NT_0002_P_00001'>"": [], ""<class 'abc.NT_0001'>"": [36432, 14518, 2, 43884, 40571], ""<class 'abc.NT_0001_P_00000'>"": [], ""<class 'abc.NT_0001_P_00001'>"": [], ""<class 'abc.NT_0001_P_00002'>"": [], ""<class 'abc.NT_0001_P_00003'>"": [], ""<class 'abc.NT_0001_P_00004'>"": [], ""<class 'abc.NT_0002_P_00002'>"": [], ""<class 'abc.NT_0002_P_00003'>"": [], ""<class 'abc.NT_0003_P_00001'>"": [], ""<class 'abc.NT_0003_P_00002'>"": [], ""<class 'abc.NT_0003_P_00003'>"": [], ""<class 'abc.NT_0007_P_00001'>"": [], ""<class 'abc.NT_0004'>"": [62590, 30197, 83338, 72810, 24459, 48197], ""<class 'abc.NT_0004_P_00000'>"": [], ""<class 'abc.NT_0004_P_00001'>"": [], ""<class 'abc.NT_0010_P_00001'>"": [], ""<class 'abc.NT_0008'>"": [], ""<class 'abc.NT_0008_P_00000'>"": [], ""<class 'abc.NT_0010_P_00002'>"": [], ""<class 'abc.NT_0005'>"": [], ""<class 'abc.NT_0005_P_00000'>"": [], ""<class 'abc.NT_0005_P_00001'>"": [], ""<class 'abc.NT_0009'>"": [72027, 4275], ""<class 'abc.NT_0009_P_00000'>"": [], ""<class 'abc.NT_0009_P_00001'>"": [], ""<class 'abc.NT_0006'>"": [], ""<class 'abc.NT_0006_P_00000'>"": [], ""<class 'abc.NT_0009_P_00002'>"": [], ""<class 'abc.NT_0009_P_00003'>"": [], ""<class 'abc.NT_0015_P_00002'>"": [], ""<class 'abc.NT_0015_P_00003'>"": [], ""<class 'abc.NT_0014'>"": [], ""<class 'abc.NT_0014_P_00000'>"": [], ""<class 'abc.NT_0014_P_00001'>"": [], ""<class 'abc.NT_0015_P_00004'>"": [], ""<class 'abc.NT_0017_P_00001'>"": [], ""<class 'abc.NT_0016'>"": [], ""<class 'abc.NT_0016_P_00000'>"": [], ""<class 'abc.NT_0016_P_00001'>"": [], ""<class 'abc.NT_0016_P_00002'>"": [], ""<class 'abc.NT_0017_P_00002'>"": [], '$leftovers': [57587, 20000, 54340, 26317, 6481, 50799, 53366, 57672, 15437, 41470, 43194, 76280, 53058, 16632, 24951, 11647, 20336, 85920, 79178, 86726, 29687, 35122, 19936, 77951, 52918, 77202, 86811, 49977, 33989, 62146, 44283, 86282, 53235, 34529, 93786, 26995, 59308, 96804, 32075, 89268, 17705, 44065, 20964, 70557, 41228, 50394, 73244, 80589, 89878, 70093, 13531, 33497, 2118, 78177, 32452, 6202, 17781, 36111, 70983, 16310, 50605, 68444, 59396, 2989, 86690, 65815, 89541, 4173, 66353, 83209, 87572, 36004, 564, 32908, 7913, 59000, 95465, 92810, 87181, 4723, 71261, 90499, 32785, 42988, 8818, 96196, 25382, 42871, 28094, 74450, 1798, 9925, 29165, 11964, 72226, 30190, 2543, 47952, 6757, 23982, 21833, 84542, 51070, 20362, 47872, 63420, 54664, 2566, 11695, 6523, 29859, 6201, 70774, 77659, 84464, 78867, 27667, 69385, 65140, 36605, 7012, 1250, 28942, 20757, 68110, 13812, 73414, 97476, 48447, 65592, 47550, 63325, 56635, 41252, 76420, 8978, 72071, 1937, 52721, 11586, 95378, 12603, 22711, 7770, 30975, 43951, 55031, 2794, 31555, 40143, 45735, 26934, 973, 11552, 95654, 8346, 61470, 70413, 10371, 43200, 65213, 34376, 43681, 71623, 66363, 61726, 96882, 59629, 26130, 46919, 32533, 16075, 75983, 81859, 16243, 8366, 15261, 18908, 62350, 61492, 83170, 50893, 81836, 3003, 93817, 66605, 40524, 65446, 28020, 1863, 725, 71665, 25810, 44842, 73472, 41194, 64753, 52869, 28406, 39260, 71021, 44544, 65259, 40879, 61260, 45447, 45201, 3321, 71834, 91841, 85944, 94448, 53777, 52512, 8549, 49201, 19980, 24764, 94536, 5157, 97859, 66443, 89316, 95801, 13183, 85710, 46447, 35334, 77529, 59421, 81195, 9851, 45065, 1228, 86952, 32820, 60942, 12527, 2701, 43832, 81092, 19751, 59457, 23812, 97339, 11061, 65182, 36676, 27888, 43573, 78010, 73786, 42822, 94936, 73010, 77609, 10163, 63290, 27012, 14424, 18531, 84803, 64958, 43258, 85321, 82524, 12515, 71837, 58848, 55036, 90390, 48542, 50684, 67693, 63530, 31868, 23633, 21579, 6184, 53131, 21002, 64832, 92053, 7184, 69006, 35823, 8901, 37893, 51534, 12913, 22446, 26285, 70255, 27641, 21932, 83656, 66575, 48694, 39512, 17613, 54185, 98358, 36273, 43014, 10733, 45136, 56634, 51849, 94288, 26786, 42387, 35475, 24444, 8118, 49485, 81714, 83778, 89561, 8738, 52024, 58874, 72716, 42311, 25454, 87595, 81934, 17964, 61433, 19494, 83691, 27415, 37037, 93113, 43616, 52964, 48333, 56234, 18241, 27411, 16419, 52538, 26653, 9839, 74465, 52527, 80201, 79630, 1840, 83276, 82109, 32792, 12949, 92039, 43765, 36272, 54630, 58463, 7943, 38328, 97833, 45183, 91200, 15929, 47964, 40561, 81809, 14276, 39018, 78090, 20469, 86063, 44225, 33166, 87717, 85524, 97465, 83919, 30571, 47291, 11687, 54825, 46134, 8685, 78917, 38709, 83964, 2221, 51487, 86847, 14005, 89651, 45410, 32614, 24838, 40258, 99135, 55054, 4969, 96553, 24382, 92307, 81538, 18598, 31340, 57241, 99094, 6002, 7419, 86820, 42779, 11869, 72254, 27411, 31840, 79401, 73664, 91511, 29301, 88737, 56727, 37464, 71958, 69508, 25388, 4807, 91309, 55535, 78168, 94902, 31655, 46027, 94454, 40509, 42451, 1052, 68891, 6541, 61185, 60171, 90386, 32613, 13324, 92786, 63265, 21684, 48267, 73039, 43664, 60352, 52907, 44675, 95496, 2418, 7997, 69656, 52682, 3534, 62641, 94861, 67850, 67794, 22721, 46227, 31666, 8747, 35366, 39868, 7244, 91381, 38982, 77500, 57926, 64111, 61778, 4991, 50703, 56802, 29847, 58359, 95807, 95068, 83415, 81616, 76533, 71507, 98373, 2134, 16453, 78850, 30462, 46604, 89830, 21706, 86295, 8595, 79105, 19655, 43131, 3478, 75436, 73052, 71062, 31739, 45697, 16052, 87826, 33911, 8138, 66268, 4656, 40763, 97630, 99868, 91639, 2772, 58917, 49516, 46748, 20804, 59466, 99872, 25910, 53332, 38030, 78030, 73087, 32427, 25656, 22734, 86384, 91610, 214, 58585, 43431, 32734, 17757, 39750, 16177, 71705, 51831, 42392, 85543, 6696, 8045, 46570, 30940, 78199, 29592, 24154, 78765, 84514, 86057, 90538, 96392, 38901, 72898, 62612, 33489, 59571, 82991, 44920, 37691, 1121, 94492, 51499, 82069, 28888, 14310, 88903, 84118, 10546, 30703, 78344, 91528, 40853, 4171, 4336, 52942, 23065, 9391, 86682, 8024, 19625, 91371, 66707, 17488, 10058, 52363, 62581, 72253, 66959, 9752, 13742, 86275, 76334, 53755, 50348, 61297, 71442, 60130, 43371, 96139, 17674, 23526, 15019, 82578, 51684, 64820, 51041, 4364, 44980, 70927, 4192, 97078, 91706, 68350, 77970, 42423, 59117, 98713, 81658, 5742, 16489, 29002, 42948, 22071, 91882, 87587, 87335, 92995, 94276, 73117, 79084, 6387, 11821, 92270, 39525, 34375, 79523, 78948, 53831, 62075, 20954, 96006, 36604, 39077, 58604, 29341, 89780, 20577, 57898, 43874, 87854, 39253, 63110, 39371, 19091, 10078, 61402, 86956, 2706, 6459, 53395, 56986, 73952, 14732, 36024, 78732, 78176, 77392, 90109, 7387, 46633, 28051, 78533, 47690, 10143, 69800, 44745, 15386, 78043, 85757, 67383, 85811, 74336, 6202, 10109, 54780, 811, 76576, 77040, 49169, 96682, 92835, 45041, 1842, 65528, 34016, 83474, 14013, 27202, 66335, 44499, 370, 21730, 52896, 71182, 85991, 39160, 40902, 55926, 35512, 75736, 13601, 92189, 77065, 84092, 98012, 48127, 11588, 90917, 67209, 11527, 94121, 43713, 79943, 21649, 81567, 58642, 44906, 74680, 40034, 91400, 63001, 5213, 55104, 32747, 93307, 38861, 27986, 4842, 71222, 96204, 50490, 41376, 83189, 378, 48774, 92287, 2703, 84308, 62388, 24134, 92282, 90947, 61816, 96517, 93801, 12248, 42612, 36596, 34402, 48549, 64887, 18886, 20656, 39553, 90994, 50931, 61171, 97927, 2047, 85741, 60257, 56686, 62824, 95036, 97774, 26512, 32213, 24226, 39119, 9190, 40253, 35323, 71271, 90577, 44, 70979, 92296, 59388, 78444, 59936, 61842, 18317, 14104, 74209, 24390, 30917, 86127, 98120, 80417, 53683, 4088, 22491, 83407, 32889, 33182, 90125, 68253, 63599, 54457, 91265, 92333, 23178, 96129, 44767, 46114, 84454, 73652, 77970, 9354, 12847, 74690, 31643, 71792, 72701, 44459, 13482, 2404, 79190, 44599, 39581, 83762, 38122, 78181, 85472, 89495, 96088, 45750, 12132, 86111, 9109, 84610, 44138, 65151, 75159, 7903, 24327, 23796, 27486, 76491, 91005, 62756, 8359, 39827, 37498, 88884, 69064, 88341, 83620, 5172, 25162, 12655, 35222, 43042, 31508, 95614, 11871, 72016, 12050, 46298, 82757, 50191, 22398, 65305, 63983, 69826, 58709, 70825, 19588, 82568, 42327, 11142, 71395, 10520, 43850, 12080, 34833, 59211, 82355, 44790, 14277, 94119, 99751, 55723, 66045, 65818, 52492, 28845, 77469, 6552, 85250, 81990, 20182, 31757, 24256, 8564, 51246, 18916, 38412, 36848, 69380, 96252, 20867, 86440, 12168, 57866, 16845, 44507, 27280, 78684, 72618, 39882, 21960, 75878, 24632, 3639, 77549, 1172, 17919, 43076, 60918, 7295, 36117, 78965, 29935, 36303, 38772, 34652, 92292, 20532, 49163, 23139, 14852, 2419, 94945, 10473, 58389, 87817, 18164, 62277, 68791, 13348, 73330, 36876, 65334, 21264, 45823, 48913, 66448, 45681, 76227, 3298, 19245, 15292, 74225, 2081, 12669, 14545, 37361, 93452, 1880, 79845, 47996, 3938, 92890, 66904, 15377, 35288, 80314, 59754, 72027, 85560, 13002, 79410, 60381, 36834, 26822, 18526, 4275, 21261, 76951, 98894, 44292, 83338, 72810, 24459, 48197, 60404]})"
45.0,7,8,97,17.784194707870483,10113,"Genotype(dna={""<class 'abc.NT_0017'>"": [0, 91624], ""<class 'abc.NT_0017_P_00000'>"": [], ""<class 'abc.NT_0015'>"": [59754, 18526], ""<class 'abc.NT_0015_P_00000'>"": [], ""<class 'abc.NT_0000'>"": [16022, 0, 68658, 75248], ""<class 'abc.NT_0000_P_00000'>"": [], ""<class 'bool'>"": [86460, 41233, 75986, 25993, 82631, 61562, 27230, 83215], ""<class 'abc.NT_0000_P_00001'>"": [], ""<class 'int'>"": [91663, 89850, 80314, 60404], ""<class 'abc.NT_0000_P_00002'>"": [], ""<class 'abc.NT_0000_P_00003'>"": [], ""<class 'abc.NT_0015_P_00001'>"": [], ""<class 'abc.NT_0010'>"": [], ""<class 'abc.NT_0010_P_00000'>"": [], ""<class 'abc.NT_0007'>"": [], ""<class 'abc.NT_0007_P_00000'>"": [], ""<class 'abc.NT_0003'>"": [], ""<class 'abc.NT_0003_P_00000'>"": [], ""<class 'abc.NT_0002'>"": [0, 15377], ""<class 'abc.NT_0002_P_00000'>"": [], ""<class 'abc.NT_0002_P_00001'>"": [], ""<class 'abc.NT_0001'>"": [36432, 14518, 2, 43884, 40571], ""<class 'abc.NT_0001_P_00000'>"": [], ""<class 'abc.NT_0001_P_00001'>"": [], ""<class 'abc.NT_0001_P_00002'>"": [], ""<class 'abc.NT_0001_P_00003'>"": [], ""<class 'abc.NT_0001_P_00004'>"": [], ""<class 'abc.NT_0002_P_00002'>"": [], ""<class 'abc.NT_0002_P_00003'>"": [], ""<class 'abc.NT_0003_P_00001'>"": [], ""<class 'abc.NT_0003_P_00002'>"": [], ""<class 'abc.NT_0003_P_00003'>"": [], ""<class 'abc.NT_0007_P_00001'>"": [], ""<class 'abc.NT_0004'>"": [62590, 30197, 83338, 72810, 24459, 48197], ""<class 'abc.NT_0004_P_00000'>"": [], ""<class 'abc.NT_0004_P_00001'>"": [], ""<class 'abc.NT_0010_P_00001'>"": [], ""<class 'abc.NT_0008'>"": [], ""<class 'abc.NT_0008_P_00000'>"": [], ""<class 'abc.NT_0010_P_00002'>"": [], ""<class 'abc.NT_0005'>"": [], ""<class 'abc.NT_0005_P_00000'>"": [], ""<class 'abc.NT_0005_P_00001'>"": [], ""<class 'abc.NT_0009'>"": [72027, 4275], ""<class 'abc.NT_0009_P_00000'>"": [], ""<class 'abc.NT_0009_P_00001'>"": [], ""<class 'abc.NT_0006'>"": [], ""<class 'abc.NT_0006_P_00000'>"": [], ""<class 'abc.NT_0009_P_00002'>"": [], ""<class 'abc.NT_0009_P_00003'>"": [], ""<class 'abc.NT_0015_P_00002'>"": [], ""<class 'abc.NT_0015_P_00003'>"": [], ""<class 'abc.NT_0014'>"": [], ""<class 'abc.NT_0014_P_00000'>"": [], ""<class 'abc.NT_0014_P_00001'>"": [], ""<class 'abc.NT_0015_P_00004'>"": [], ""<class 'abc.NT_0017_P_00001'>"": [], ""<class 'abc.NT_0016'>"": [], ""<class 'abc.NT_0016_P_00000'>"": [], ""<class 'abc.NT_0016_P_00001'>"": [], ""<class 'abc.NT_0016_P_00002'>"": [], ""<class 'abc.NT_0017_P_00002'>"": [], '$leftovers': [57587, 20000, 54340, 26317, 6481, 50799, 53366, 57672, 15437, 41470, 43194, 76280, 53058, 16632, 24951, 11647, 20336, 85920, 79178, 86726, 29687, 35122, 19936, 77951, 52918, 77202, 86811, 49977, 33989, 62146, 44283, 86282, 53235, 34529, 93786, 26995, 59308, 96804, 32075, 89268, 17705, 44065, 20964, 70557, 41228, 50394, 73244, 80589, 89878, 70093, 13531, 33497, 2118, 78177, 32452, 6202, 17781, 36111, 70983, 16310, 50605, 68444, 59396, 2989, 86690, 65815, 89541, 4173, 66353, 83209, 87572, 36004, 564, 32908, 7913, 59000, 95465, 92810, 87181, 4723, 71261, 90499, 32785, 42988, 8818, 96196, 25382, 42871, 28094, 74450, 1798, 9925, 29165, 11964, 72226, 30190, 2543, 47952, 6757, 23982, 21833, 84542, 51070, 20362, 47872, 63420, 54664, 2566, 11695, 6523, 29859, 6201, 70774, 77659, 84464, 78867, 27667, 69385, 65140, 36605, 7012, 1250, 28942, 20757, 68110, 13812, 73414, 97476, 48447, 65592, 47550, 63325, 56635, 41252, 76420, 8978, 72071, 1937, 52721, 11586, 95378, 12603, 22711, 7770, 30975, 43951, 55031, 2794, 31555, 40143, 45735, 26934, 973, 11552, 95654, 8346, 61470, 70413, 10371, 43200, 65213, 34376, 43681, 71623, 66363, 61726, 96882, 59629, 26130, 46919, 32533, 16075, 75983, 81859, 16243, 8366, 15261, 18908, 62350, 61492, 83170, 50893, 81836, 3003, 93817, 66605, 40524, 65446, 28020, 1863, 725, 71665, 25810, 44842, 73472, 41194, 64753, 52869, 28406, 39260, 71021, 44544, 65259, 40879, 61260, 45447, 45201, 3321, 71834, 91841, 85944, 94448, 53777, 52512, 8549, 49201, 19980, 24764, 94536, 5157, 97859, 66443, 89316, 95801, 13183, 85710, 46447, 35334, 77529, 59421, 81195, 9851, 45065, 1228, 86952, 32820, 60942, 12527, 2701, 43832, 81092, 19751, 59457, 23812, 97339, 11061, 65182, 36676, 27888, 43573, 78010, 73786, 42822, 94936, 73010, 77609, 10163, 63290, 27012, 14424, 18531, 84803, 64958, 43258, 85321, 82524, 12515, 71837, 58848, 55036, 90390, 48542, 50684, 67693, 63530, 31868, 23633, 21579, 6184, 53131, 21002, 64832, 92053, 7184, 69006, 35823, 8901, 37893, 51534, 12913, 22446, 26285, 70255, 27641, 21932, 83656, 66575, 48694, 39512, 17613, 54185, 98358, 36273, 43014, 10733, 45136, 56634, 51849, 94288, 26786, 42387, 35475, 24444, 8118, 49485, 81714, 83778, 89561, 8738, 52024, 58874, 72716, 42311, 25454, 87595, 81934, 17964, 61433, 19494, 83691, 27415, 37037, 93113, 43616, 52964, 48333, 56234, 18241, 27411, 16419, 52538, 26653, 9839, 74465, 52527, 80201, 79630, 1840, 83276, 82109, 32792, 12949, 92039, 43765, 36272, 54630, 58463, 7943, 38328, 97833, 45183, 91200, 15929, 47964, 40561, 81809, 14276, 39018, 78090, 20469, 86063, 44225, 33166, 87717, 85524, 97465, 83919, 30571, 47291, 11687, 54825, 46134, 8685, 78917, 38709, 83964, 2221, 51487, 86847, 14005, 89651, 45410, 32614, 24838, 40258, 99135, 55054, 4969, 96553, 24382, 92307, 81538, 18598, 31340, 57241, 99094, 6002, 7419, 86820, 42779, 11869, 72254, 27411, 31840, 79401, 73664, 91511, 29301, 88737, 56727, 37464, 71958, 69508, 25388, 4807, 91309, 55535, 78168, 94902, 31655, 46027, 94454, 40509, 42451, 1052, 68891, 6541, 61185, 60171, 90386, 32613, 13324, 92786, 63265, 21684, 48267, 73039, 43664, 60352, 52907, 44675, 95496, 2418, 7997, 69656, 52682, 3534, 62641, 94861, 67850, 67794, 22721, 46227, 31666, 8747, 35366, 39868, 7244, 91381, 38982, 77500, 57926, 64111, 61778, 4991, 50703, 56802, 29847, 58359, 95807, 95068, 83415, 81616, 76533, 71507, 98373, 2134, 16453, 78850, 30462, 46604, 89830, 21706, 86295, 8595, 79105, 19655, 43131, 3478, 75436, 73052, 71062, 31739, 45697, 16052, 87826, 33911, 8138, 66268, 4656, 40763, 97630, 99868, 91639, 2772, 58917, 49516, 46748, 20804, 59466, 99872, 25910, 53332, 38030, 78030, 73087, 32427, 25656, 22734, 86384, 91610, 214, 58585, 43431, 32734, 17757, 39750, 16177, 71705, 51831, 42392, 85543, 6696, 8045, 46570, 30940, 78199, 29592, 24154, 78765, 84514, 86057, 90538, 96392, 38901, 72898, 62612, 33489, 59571, 82991, 44920, 37691, 1121, 94492, 51499, 82069, 28888, 14310, 88903, 84118, 10546, 30703, 78344, 91528, 40853, 4171, 4336, 52942, 23065, 9391, 86682, 8024, 19625, 91371, 66707, 17488, 10058, 52363, 62581, 72253, 66959, 9752, 13742, 86275, 76334, 53755, 50348, 61297, 71442, 60130, 43371, 96139, 17674, 23526, 15019, 82578, 51684, 64820, 51041, 4364, 44980, 70927, 4192, 97078, 91706, 68350, 77970, 42423, 59117, 98713, 81658, 5742, 16489, 29002, 42948, 22071, 91882, 87587, 87335, 92995, 94276, 73117, 79084, 6387, 11821, 92270, 39525, 34375, 79523, 78948, 53831, 62075, 20954, 96006, 36604, 39077, 58604, 29341, 89780, 20577, 57898, 43874, 87854, 39253, 63110, 39371, 19091, 10078, 61402, 86956, 2706, 6459, 53395, 56986, 73952, 14732, 36024, 78732, 78176, 77392, 90109, 7387, 46633, 28051, 78533, 47690, 10143, 69800, 44745, 15386, 78043, 85757, 67383, 85811, 74336, 6202, 10109, 54780, 811, 76576, 77040, 49169, 96682, 92835, 45041, 1842, 65528, 34016, 83474, 14013, 27202, 66335, 44499, 370, 21730, 52896, 71182, 85991, 39160, 40902, 55926, 35512, 75736, 13601, 92189, 77065, 84092, 98012, 48127, 11588, 90917, 67209, 11527, 94121, 43713, 79943, 21649, 81567, 58642, 44906, 74680, 40034, 91400, 63001, 5213, 55104, 32747, 93307, 38861, 27986, 4842, 71222, 96204, 50490, 41376, 83189, 378, 48774, 92287, 2703, 84308, 62388, 24134, 92282, 90947, 61816, 96517, 93801, 12248, 42612, 36596, 34402, 48549, 64887, 18886, 20656, 39553, 90994, 50931, 61171, 97927, 2047, 85741, 60257, 56686, 62824, 95036, 97774, 26512, 32213, 24226, 39119, 9190, 40253, 35323, 71271, 90577, 44, 70979, 92296, 59388, 78444, 59936, 61842, 18317, 14104, 74209, 24390, 30917, 86127, 98120, 80417, 53683, 4088, 22491, 83407, 32889, 33182, 90125, 68253, 63599, 54457, 91265, 92333, 23178, 96129, 44767, 46114, 84454, 73652, 77970, 9354, 12847, 74690, 31643, 71792, 72701, 44459, 13482, 2404, 79190, 44599, 39581, 83762, 38122, 78181, 85472, 89495, 96088, 45750, 12132, 86111, 9109, 84610, 44138, 65151, 75159, 7903, 24327, 23796, 27486, 76491, 91005, 62756, 8359, 39827, 37498, 88884, 69064, 88341, 83620, 5172, 25162, 12655, 35222, 43042, 31508, 95614, 11871, 72016, 12050, 46298, 82757, 50191, 22398, 65305, 63983, 69826, 58709, 70825, 19588, 82568, 42327, 11142, 71395, 10520, 43850, 12080, 34833, 59211, 82355, 44790, 14277, 94119, 99751, 55723, 66045, 65818, 52492, 28845, 77469, 6552, 85250, 81990, 20182, 31757, 24256, 8564, 51246, 18916, 38412, 36848, 69380, 96252, 20867, 86440, 12168, 57866, 16845, 44507, 27280, 78684, 72618, 39882, 21960, 75878, 24632, 3639, 77549, 1172, 17919, 43076, 60918, 7295, 36117, 78965, 29935, 36303, 38772, 34652, 92292, 20532, 49163, 23139, 14852, 2419, 94945, 10473, 58389, 87817, 18164, 62277, 68791, 13348, 73330, 36876, 65334, 21264, 45823, 48913, 66448, 45681, 76227, 3298, 19245, 15292, 74225, 2081, 12669, 14545, 37361, 93452, 1880, 79845, 47996, 3938, 92890, 66904, 15377, 35288, 80314, 59754, 72027, 85560, 13002, 79410, 60381, 36834, 26822, 18526, 4275, 21261, 76951, 98894, 44292, 83338, 72810, 24459, 48197, 60404]})"
45.0,7,8,98,17.882135152816772,10113,"Genotype(dna={""<class 'abc.NT_0017'>"": [0, 91624], ""<class 'abc.NT_0017_P_00000'>"": [], ""<class 'abc.NT_0015'>"": [59754, 18526], ""<class 'abc.NT_0015_P_00000'>"": [], ""<class 'abc.NT_0000'>"": [16022, 0, 68658, 75248], ""<class 'abc.NT_0000_P_00000'>"": [], ""<class 'bool'>"": [86460, 41233, 75986, 25993, 82631, 61562, 27230, 83215], ""<class 'abc.NT_0000_P_00001'>"": [], ""<class 'int'>"": [91663, 89850, 80314, 60404], ""<class 'abc.NT_0000_P_00002'>"": [], ""<class 'abc.NT_0000_P_00003'>"": [], ""<class 'abc.NT_0015_P_00001'>"": [], ""<class 'abc.NT_0010'>"": [], ""<class 'abc.NT_0010_P_00000'>"": [], ""<class 'abc.NT_0007'>"": [], ""<class 'abc.NT_0007_P_00000'>"": [], ""<class 'abc.NT_0003'>"": [], ""<class 'abc.NT_0003_P_00000'>"": [], ""<class 'abc.NT_0002'>"": [0, 15377], ""<class 'abc.NT_0002_P_00000'>"": [], ""<class 'abc.NT_0002_P_00001'>"": [], ""<class 'abc.NT_0001'>"": [36432, 14518, 2, 43884, 40571], ""<class 'abc.NT_0001_P_00000'>"": [], ""<class 'abc.NT_0001_P_00001'>"": [], ""<class 'abc.NT_0001_P_00002'>"": [], ""<class 'abc.NT_0001_P_00003'>"": [], ""<class 'abc.NT_0001_P_00004'>"": [], ""<class 'abc.NT_0002_P_00002'>"": [], ""<class 'abc.NT_0002_P_00003'>"": [], ""<class 'abc.NT_0003_P_00001'>"": [], ""<class 'abc.NT_0003_P_00002'>"": [], ""<class 'abc.NT_0003_P_00003'>"": [], ""<class 'abc.NT_0007_P_00001'>"": [], ""<class 'abc.NT_0004'>"": [62590, 30197, 83338, 72810, 24459, 48197], ""<class 'abc.NT_0004_P_00000'>"": [], ""<class 'abc.NT_0004_P_00001'>"": [], ""<class 'abc.NT_0010_P_00001'>"": [], ""<class 'abc.NT_0008'>"": [], ""<class 'abc.NT_0008_P_00000'>"": [], ""<class 'abc.NT_0010_P_00002'>"": [], ""<class 'abc.NT_0005'>"": [], ""<class 'abc.NT_0005_P_00000'>"": [], ""<class 'abc.NT_0005_P_00001'>"": [], ""<class 'abc.NT_0009'>"": [72027, 4275], ""<class 'abc.NT_0009_P_00000'>"": [], ""<class 'abc.NT_0009_P_00001'>"": [], ""<class 'abc.NT_0006'>"": [], ""<class 'abc.NT_0006_P_00000'>"": [], ""<class 'abc.NT_0009_P_00002'>"": [], ""<class 'abc.NT_0009_P_00003'>"": [], ""<class 'abc.NT_0015_P_00002'>"": [], ""<class 'abc.NT_0015_P_00003'>"": [], ""<class 'abc.NT_0014'>"": [], ""<class 'abc.NT_0014_P_00000'>"": [], ""<class 'abc.NT_0014_P_00001'>"": [], ""<class 'abc.NT_0015_P_00004'>"": [], ""<class 'abc.NT_0017_P_00001'>"": [], ""<class 'abc.NT_0016'>"": [], ""<class 'abc.NT_0016_P_00000'>"": [], ""<class 'abc.NT_0016_P_00001'>"": [], ""<class 'abc.NT_0016_P_00002'>"": [], ""<class 'abc.NT_0017_P_00002'>"": [], '$leftovers': [57587, 20000, 54340, 26317, 6481, 50799, 53366, 57672, 15437, 41470, 43194, 76280, 53058, 16632, 24951, 11647, 20336, 85920, 79178, 86726, 29687, 35122, 19936, 77951, 52918, 77202, 86811, 49977, 33989, 62146, 44283, 86282, 53235, 34529, 93786, 26995, 59308, 96804, 32075, 89268, 17705, 44065, 20964, 70557, 41228, 50394, 73244, 80589, 89878, 70093, 13531, 33497, 2118, 78177, 32452, 6202, 17781, 36111, 70983, 16310, 50605, 68444, 59396, 2989, 86690, 65815, 89541, 4173, 66353, 83209, 87572, 36004, 564, 32908, 7913, 59000, 95465, 92810, 87181, 4723, 71261, 90499, 32785, 42988, 8818, 96196, 25382, 42871, 28094, 74450, 1798, 9925, 29165, 11964, 72226, 30190, 2543, 47952, 6757, 23982, 21833, 84542, 51070, 20362, 47872, 63420, 54664, 2566, 11695, 6523, 29859, 6201, 70774, 77659, 84464, 78867, 27667, 69385, 65140, 36605, 7012, 1250, 28942, 20757, 68110, 13812, 73414, 97476, 48447, 65592, 47550, 63325, 56635, 41252, 76420, 8978, 72071, 1937, 52721, 11586, 95378, 12603, 22711, 7770, 30975, 43951, 55031, 2794, 31555, 40143, 45735, 26934, 973, 11552, 95654, 8346, 61470, 70413, 10371, 43200, 65213, 34376, 43681, 71623, 66363, 61726, 96882, 59629, 26130, 46919, 32533, 16075, 75983, 81859, 16243, 8366, 15261, 18908, 62350, 61492, 83170, 50893, 81836, 3003, 93817, 66605, 40524, 65446, 28020, 1863, 725, 71665, 25810, 44842, 73472, 41194, 64753, 52869, 28406, 39260, 71021, 44544, 65259, 40879, 61260, 45447, 45201, 3321, 71834, 91841, 85944, 94448, 53777, 52512, 8549, 49201, 19980, 24764, 94536, 5157, 97859, 66443, 89316, 95801, 13183, 85710, 46447, 35334, 77529, 59421, 81195, 9851, 45065, 1228, 86952, 32820, 60942, 12527, 2701, 43832, 81092, 19751, 59457, 23812, 97339, 11061, 65182, 36676, 27888, 43573, 78010, 73786, 42822, 94936, 73010, 77609, 10163, 63290, 27012, 14424, 18531, 84803, 64958, 43258, 85321, 82524, 12515, 71837, 58848, 55036, 90390, 48542, 50684, 67693, 63530, 31868, 23633, 21579, 6184, 53131, 21002, 64832, 92053, 7184, 69006, 35823, 8901, 37893, 51534, 12913, 22446, 26285, 70255, 27641, 21932, 83656, 66575, 48694, 39512, 17613, 54185, 98358, 36273, 43014, 10733, 45136, 56634, 51849, 94288, 26786, 42387, 35475, 24444, 8118, 49485, 81714, 83778, 89561, 8738, 52024, 58874, 72716, 42311, 25454, 87595, 81934, 17964, 61433, 19494, 83691, 27415, 37037, 93113, 43616, 52964, 48333, 56234, 18241, 27411, 16419, 52538, 26653, 9839, 74465, 52527, 80201, 79630, 1840, 83276, 82109, 32792, 12949, 92039, 43765, 36272, 54630, 58463, 7943, 38328, 97833, 45183, 91200, 15929, 47964, 40561, 81809, 14276, 39018, 78090, 20469, 86063, 44225, 33166, 87717, 85524, 97465, 83919, 30571, 47291, 11687, 54825, 46134, 8685, 78917, 38709, 83964, 2221, 51487, 86847, 14005, 89651, 45410, 32614, 24838, 40258, 99135, 55054, 4969, 96553, 24382, 92307, 81538, 18598, 31340, 57241, 99094, 6002, 7419, 86820, 42779, 11869, 72254, 27411, 31840, 79401, 73664, 91511, 29301, 88737, 56727, 37464, 71958, 69508, 25388, 4807, 91309, 55535, 78168, 94902, 31655, 46027, 94454, 40509, 42451, 1052, 68891, 6541, 61185, 60171, 90386, 32613, 13324, 92786, 63265, 21684, 48267, 73039, 43664, 60352, 52907, 44675, 95496, 2418, 7997, 69656, 52682, 3534, 62641, 94861, 67850, 67794, 22721, 46227, 31666, 8747, 35366, 39868, 7244, 91381, 38982, 77500, 57926, 64111, 61778, 4991, 50703, 56802, 29847, 58359, 95807, 95068, 83415, 81616, 76533, 71507, 98373, 2134, 16453, 78850, 30462, 46604, 89830, 21706, 86295, 8595, 79105, 19655, 43131, 3478, 75436, 73052, 71062, 31739, 45697, 16052, 87826, 33911, 8138, 66268, 4656, 40763, 97630, 99868, 91639, 2772, 58917, 49516, 46748, 20804, 59466, 99872, 25910, 53332, 38030, 78030, 73087, 32427, 25656, 22734, 86384, 91610, 214, 58585, 43431, 32734, 17757, 39750, 16177, 71705, 51831, 42392, 85543, 6696, 8045, 46570, 30940, 78199, 29592, 24154, 78765, 84514, 86057, 90538, 96392, 38901, 72898, 62612, 33489, 59571, 82991, 44920, 37691, 1121, 94492, 51499, 82069, 28888, 14310, 88903, 84118, 10546, 30703, 78344, 91528, 40853, 4171, 4336, 52942, 23065, 9391, 86682, 8024, 19625, 91371, 66707, 17488, 10058, 52363, 62581, 72253, 66959, 9752, 13742, 86275, 76334, 53755, 50348, 61297, 71442, 60130, 43371, 96139, 17674, 23526, 15019, 82578, 51684, 64820, 51041, 4364, 44980, 70927, 4192, 97078, 91706, 68350, 77970, 42423, 59117, 98713, 81658, 5742, 16489, 29002, 42948, 22071, 91882, 87587, 87335, 92995, 94276, 73117, 79084, 6387, 11821, 92270, 39525, 34375, 79523, 78948, 53831, 62075, 20954, 96006, 36604, 39077, 58604, 29341, 89780, 20577, 57898, 43874, 87854, 39253, 63110, 39371, 19091, 10078, 61402, 86956, 2706, 6459, 53395, 56986, 73952, 14732, 36024, 78732, 78176, 77392, 90109, 7387, 46633, 28051, 78533, 47690, 10143, 69800, 44745, 15386, 78043, 85757, 67383, 85811, 74336, 6202, 10109, 54780, 811, 76576, 77040, 49169, 96682, 92835, 45041, 1842, 65528, 34016, 83474, 14013, 27202, 66335, 44499, 370, 21730, 52896, 71182, 85991, 39160, 40902, 55926, 35512, 75736, 13601, 92189, 77065, 84092, 98012, 48127, 11588, 90917, 67209, 11527, 94121, 43713, 79943, 21649, 81567, 58642, 44906, 74680, 40034, 91400, 63001, 5213, 55104, 32747, 93307, 38861, 27986, 4842, 71222, 96204, 50490, 41376, 83189, 378, 48774, 92287, 2703, 84308, 62388, 24134, 92282, 90947, 61816, 96517, 93801, 12248, 42612, 36596, 34402, 48549, 64887, 18886, 20656, 39553, 90994, 50931, 61171, 97927, 2047, 85741, 60257, 56686, 62824, 95036, 97774, 26512, 32213, 24226, 39119, 9190, 40253, 35323, 71271, 90577, 44, 70979, 92296, 59388, 78444, 59936, 61842, 18317, 14104, 74209, 24390, 30917, 86127, 98120, 80417, 53683, 4088, 22491, 83407, 32889, 33182, 90125, 68253, 63599, 54457, 91265, 92333, 23178, 96129, 44767, 46114, 84454, 73652, 77970, 9354, 12847, 74690, 31643, 71792, 72701, 44459, 13482, 2404, 79190, 44599, 39581, 83762, 38122, 78181, 85472, 89495, 96088, 45750, 12132, 86111, 9109, 84610, 44138, 65151, 75159, 7903, 24327, 23796, 27486, 76491, 91005, 62756, 8359, 39827, 37498, 88884, 69064, 88341, 83620, 5172, 25162, 12655, 35222, 43042, 31508, 95614, 11871, 72016, 12050, 46298, 82757, 50191, 22398, 65305, 63983, 69826, 58709, 70825, 19588, 82568, 42327, 11142, 71395, 10520, 43850, 12080, 34833, 59211, 82355, 44790, 14277, 94119, 99751, 55723, 66045, 65818, 52492, 28845, 77469, 6552, 85250, 81990, 20182, 31757, 24256, 8564, 51246, 18916, 38412, 36848, 69380, 96252, 20867, 86440, 12168, 57866, 16845, 44507, 27280, 78684, 72618, 39882, 21960, 75878, 24632, 3639, 77549, 1172, 17919, 43076, 60918, 7295, 36117, 78965, 29935, 36303, 38772, 34652, 92292, 20532, 49163, 23139, 14852, 2419, 94945, 10473, 58389, 87817, 18164, 62277, 68791, 13348, 73330, 36876, 65334, 21264, 45823, 48913, 66448, 45681, 76227, 3298, 19245, 15292, 74225, 2081, 12669, 14545, 37361, 93452, 1880, 79845, 47996, 3938, 92890, 66904, 15377, 35288, 80314, 59754, 72027, 85560, 13002, 79410, 60381, 36834, 26822, 18526, 4275, 21261, 76951, 98894, 44292, 83338, 72810, 24459, 48197, 60404]})"
45.0,7,8,99,17.98252010345459,10113,"Genotype(dna={""<class 'abc.NT_0017'>"": [0, 91624], ""<class 'abc.NT_0017_P_00000'>"": [], ""<class 'abc.NT_0015'>"": [59754, 18526], ""<class 'abc.NT_0015_P_00000'>"": [], ""<class 'abc.NT_0000'>"": [16022, 0, 68658, 75248], ""<class 'abc.NT_0000_P_00000'>"": [], ""<class 'bool'>"": [86460, 41233, 75986, 25993, 82631, 61562, 27230, 83215], ""<class 'abc.NT_0000_P_00001'>"": [], ""<class 'int'>"": [91663, 89850, 80314, 60404], ""<class 'abc.NT_0000_P_00002'>"": [], ""<class 'abc.NT_0000_P_00003'>"": [], ""<class 'abc.NT_0015_P_00001'>"": [], ""<class 'abc.NT_0010'>"": [], ""<class 'abc.NT_0010_P_00000'>"": [], ""<class 'abc.NT_0007'>"": [], ""<class 'abc.NT_0007_P_00000'>"": [], ""<class 'abc.NT_0003'>"": [], ""<class 'abc.NT_0003_P_00000'>"": [], ""<class 'abc.NT_0002'>"": [0, 15377], ""<class 'abc.NT_0002_P_00000'>"": [], ""<class 'abc.NT_0002_P_00001'>"": [], ""<class 'abc.NT_0001'>"": [36432, 14518, 2, 43884, 40571], ""<class 'abc.NT_0001_P_00000'>"": [], ""<class 'abc.NT_0001_P_00001'>"": [], ""<class 'abc.NT_0001_P_00002'>"": [], ""<class 'abc.NT_0001_P_00003'>"": [], ""<class 'abc.NT_0001_P_00004'>"": [], ""<class 'abc.NT_0002_P_00002'>"": [], ""<class 'abc.NT_0002_P_00003'>"": [], ""<class 'abc.NT_0003_P_00001'>"": [], ""<class 'abc.NT_0003_P_00002'>"": [], ""<class 'abc.NT_0003_P_00003'>"": [], ""<class 'abc.NT_0007_P_00001'>"": [], ""<class 'abc.NT_0004'>"": [62590, 30197, 83338, 72810, 24459, 48197], ""<class 'abc.NT_0004_P_00000'>"": [], ""<class 'abc.NT_0004_P_00001'>"": [], ""<class 'abc.NT_0010_P_00001'>"": [], ""<class 'abc.NT_0008'>"": [], ""<class 'abc.NT_0008_P_00000'>"": [], ""<class 'abc.NT_0010_P_00002'>"": [], ""<class 'abc.NT_0005'>"": [], ""<class 'abc.NT_0005_P_00000'>"": [], ""<class 'abc.NT_0005_P_00001'>"": [], ""<class 'abc.NT_0009'>"": [72027, 4275], ""<class 'abc.NT_0009_P_00000'>"": [], ""<class 'abc.NT_0009_P_00001'>"": [], ""<class 'abc.NT_0006'>"": [], ""<class 'abc.NT_0006_P_00000'>"": [], ""<class 'abc.NT_0009_P_00002'>"": [], ""<class 'abc.NT_0009_P_00003'>"": [], ""<class 'abc.NT_0015_P_00002'>"": [], ""<class 'abc.NT_0015_P_00003'>"": [], ""<class 'abc.NT_0014'>"": [], ""<class 'abc.NT_0014_P_00000'>"": [], ""<class 'abc.NT_0014_P_00001'>"": [], ""<class 'abc.NT_0015_P_00004'>"": [], ""<class 'abc.NT_0017_P_00001'>"": [], ""<class 'abc.NT_0016'>"": [], ""<class 'abc.NT_0016_P_00000'>"": [], ""<class 'abc.NT_0016_P_00001'>"": [], ""<class 'abc.NT_0016_P_00002'>"": [], ""<class 'abc.NT_0017_P_00002'>"": [], '$leftovers': [57587, 20000, 54340, 26317, 6481, 50799, 53366, 57672, 15437, 41470, 43194, 76280, 53058, 16632, 24951, 11647, 20336, 85920, 79178, 86726, 29687, 35122, 19936, 77951, 52918, 77202, 86811, 49977, 33989, 62146, 44283, 86282, 53235, 34529, 93786, 26995, 59308, 96804, 32075, 89268, 17705, 44065, 20964, 70557, 41228, 50394, 73244, 80589, 89878, 70093, 13531, 33497, 2118, 78177, 32452, 6202, 17781, 36111, 70983, 16310, 50605, 68444, 59396, 2989, 86690, 65815, 89541, 4173, 66353, 83209, 87572, 36004, 564, 32908, 7913, 59000, 95465, 92810, 87181, 4723, 71261, 90499, 32785, 42988, 8818, 96196, 25382, 42871, 28094, 74450, 1798, 9925, 29165, 11964, 72226, 30190, 2543, 47952, 6757, 23982, 21833, 84542, 51070, 20362, 47872, 63420, 54664, 2566, 11695, 6523, 29859, 6201, 70774, 77659, 84464, 78867, 27667, 69385, 65140, 36605, 7012, 1250, 28942, 20757, 68110, 13812, 73414, 97476, 48447, 65592, 47550, 63325, 56635, 41252, 76420, 8978, 72071, 1937, 52721, 11586, 95378, 12603, 22711, 7770, 30975, 43951, 55031, 2794, 31555, 40143, 45735, 26934, 973, 11552, 95654, 8346, 61470, 70413, 10371, 43200, 65213, 34376, 43681, 71623, 66363, 61726, 96882, 59629, 26130, 46919, 32533, 16075, 75983, 81859, 16243, 8366, 15261, 18908, 62350, 61492, 83170, 50893, 81836, 3003, 93817, 66605, 40524, 65446, 28020, 1863, 725, 71665, 25810, 44842, 73472, 41194, 64753, 52869, 28406, 39260, 71021, 44544, 65259, 40879, 61260, 45447, 45201, 3321, 71834, 91841, 85944, 94448, 53777, 52512, 8549, 49201, 19980, 24764, 94536, 5157, 97859, 66443, 89316, 95801, 13183, 85710, 46447, 35334, 77529, 59421, 81195, 9851, 45065, 1228, 86952, 32820, 60942, 12527, 2701, 43832, 81092, 19751, 59457, 23812, 97339, 11061, 65182, 36676, 27888, 43573, 78010, 73786, 42822, 94936, 73010, 77609, 10163, 63290, 27012, 14424, 18531, 84803, 64958, 43258, 85321, 82524, 12515, 71837, 58848, 55036, 90390, 48542, 50684, 67693, 63530, 31868, 23633, 21579, 6184, 53131, 21002, 64832, 92053, 7184, 69006, 35823, 8901, 37893, 51534, 12913, 22446, 26285, 70255, 27641, 21932, 83656, 66575, 48694, 39512, 17613, 54185, 98358, 36273, 43014, 10733, 45136, 56634, 51849, 94288, 26786, 42387, 35475, 24444, 8118, 49485, 81714, 83778, 89561, 8738, 52024, 58874, 72716, 42311, 25454, 87595, 81934, 17964, 61433, 19494, 83691, 27415, 37037, 93113, 43616, 52964, 48333, 56234, 18241, 27411, 16419, 52538, 26653, 9839, 74465, 52527, 80201, 79630, 1840, 83276, 82109, 32792, 12949, 92039, 43765, 36272, 54630, 58463, 7943, 38328, 97833, 45183, 91200, 15929, 47964, 40561, 81809, 14276, 39018, 78090, 20469, 86063, 44225, 33166, 87717, 85524, 97465, 83919, 30571, 47291, 11687, 54825, 46134, 8685, 78917, 38709, 83964, 2221, 51487, 86847, 14005, 89651, 45410, 32614, 24838, 40258, 99135, 55054, 4969, 96553, 24382, 92307, 81538, 18598, 31340, 57241, 99094, 6002, 7419, 86820, 42779, 11869, 72254, 27411, 31840, 79401, 73664, 91511, 29301, 88737, 56727, 37464, 71958, 69508, 25388, 4807, 91309, 55535, 78168, 94902, 31655, 46027, 94454, 40509, 42451, 1052, 68891, 6541, 61185, 60171, 90386, 32613, 13324, 92786, 63265, 21684, 48267, 73039, 43664, 60352, 52907, 44675, 95496, 2418, 7997, 69656, 52682, 3534, 62641, 94861, 67850, 67794, 22721, 46227, 31666, 8747, 35366, 39868, 7244, 91381, 38982, 77500, 57926, 64111, 61778, 4991, 50703, 56802, 29847, 58359, 95807, 95068, 83415, 81616, 76533, 71507, 98373, 2134, 16453, 78850, 30462, 46604, 89830, 21706, 86295, 8595, 79105, 19655, 43131, 3478, 75436, 73052, 71062, 31739, 45697, 16052, 87826, 33911, 8138, 66268, 4656, 40763, 97630, 99868, 91639, 2772, 58917, 49516, 46748, 20804, 59466, 99872, 25910, 53332, 38030, 78030, 73087, 32427, 25656, 22734, 86384, 91610, 214, 58585, 43431, 32734, 17757, 39750, 16177, 71705, 51831, 42392, 85543, 6696, 8045, 46570, 30940, 78199, 29592, 24154, 78765, 84514, 86057, 90538, 96392, 38901, 72898, 62612, 33489, 59571, 82991, 44920, 37691, 1121, 94492, 51499, 82069, 28888, 14310, 88903, 84118, 10546, 30703, 78344, 91528, 40853, 4171, 4336, 52942, 23065, 9391, 86682, 8024, 19625, 91371, 66707, 17488, 10058, 52363, 62581, 72253, 66959, 9752, 13742, 86275, 76334, 53755, 50348, 61297, 71442, 60130, 43371, 96139, 17674, 23526, 15019, 82578, 51684, 64820, 51041, 4364, 44980, 70927, 4192, 97078, 91706, 68350, 77970, 42423, 59117, 98713, 81658, 5742, 16489, 29002, 42948, 22071, 91882, 87587, 87335, 92995, 94276, 73117, 79084, 6387, 11821, 92270, 39525, 34375, 79523, 78948, 53831, 62075, 20954, 96006, 36604, 39077, 58604, 29341, 89780, 20577, 57898, 43874, 87854, 39253, 63110, 39371, 19091, 10078, 61402, 86956, 2706, 6459, 53395, 56986, 73952, 14732, 36024, 78732, 78176, 77392, 90109, 7387, 46633, 28051, 78533, 47690, 10143, 69800, 44745, 15386, 78043, 85757, 67383, 85811, 74336, 6202, 10109, 54780, 811, 76576, 77040, 49169, 96682, 92835, 45041, 1842, 65528, 34016, 83474, 14013, 27202, 66335, 44499, 370, 21730, 52896, 71182, 85991, 39160, 40902, 55926, 35512, 75736, 13601, 92189, 77065, 84092, 98012, 48127, 11588, 90917, 67209, 11527, 94121, 43713, 79943, 21649, 81567, 58642, 44906, 74680, 40034, 91400, 63001, 5213, 55104, 32747, 93307, 38861, 27986, 4842, 71222, 96204, 50490, 41376, 83189, 378, 48774, 92287, 2703, 84308, 62388, 24134, 92282, 90947, 61816, 96517, 93801, 12248, 42612, 36596, 34402, 48549, 64887, 18886, 20656, 39553, 90994, 50931, 61171, 97927, 2047, 85741, 60257, 56686, 62824, 95036, 97774, 26512, 32213, 24226, 39119, 9190, 40253, 35323, 71271, 90577, 44, 70979, 92296, 59388, 78444, 59936, 61842, 18317, 14104, 74209, 24390, 30917, 86127, 98120, 80417, 53683, 4088, 22491, 83407, 32889, 33182, 90125, 68253, 63599, 54457, 91265, 92333, 23178, 96129, 44767, 46114, 84454, 73652, 77970, 9354, 12847, 74690, 31643, 71792, 72701, 44459, 13482, 2404, 79190, 44599, 39581, 83762, 38122, 78181, 85472, 89495, 96088, 45750, 12132, 86111, 9109, 84610, 44138, 65151, 75159, 7903, 24327, 23796, 27486, 76491, 91005, 62756, 8359, 39827, 37498, 88884, 69064, 88341, 83620, 5172, 25162, 12655, 35222, 43042, 31508, 95614, 11871, 72016, 12050, 46298, 82757, 50191, 22398, 65305, 63983, 69826, 58709, 70825, 19588, 82568, 42327, 11142, 71395, 10520, 43850, 12080, 34833, 59211, 82355, 44790, 14277, 94119, 99751, 55723, 66045, 65818, 52492, 28845, 77469, 6552, 85250, 81990, 20182, 31757, 24256, 8564, 51246, 18916, 38412, 36848, 69380, 96252, 20867, 86440, 12168, 57866, 16845, 44507, 27280, 78684, 72618, 39882, 21960, 75878, 24632, 3639, 77549, 1172, 17919, 43076, 60918, 7295, 36117, 78965, 29935, 36303, 38772, 34652, 92292, 20532, 49163, 23139, 14852, 2419, 94945, 10473, 58389, 87817, 18164, 62277, 68791, 13348, 73330, 36876, 65334, 21264, 45823, 48913, 66448, 45681, 76227, 3298, 19245, 15292, 74225, 2081, 12669, 14545, 37361, 93452, 1880, 79845, 47996, 3938, 92890, 66904, 15377, 35288, 80314, 59754, 72027, 85560, 13002, 79410, 60381, 36834, 26822, 18526, 4275, 21261, 76951, 98894, 44292, 83338, 72810, 24459, 48197, 60404]})"
45.0,7,8,100,18.072707653045654,10113,"Genotype(dna={""<class 'abc.NT_0017'>"": [0, 91624], ""<class 'abc.NT_0017_P_00000'>"": [], ""<class 'abc.NT_0015'>"": [59754, 18526], ""<class 'abc.NT_0015_P_00000'>"": [], ""<class 'abc.NT_0000'>"": [16022, 0, 68658, 75248], ""<class 'abc.NT_0000_P_00000'>"": [], ""<class 'bool'>"": [86460, 41233, 75986, 25993, 82631, 61562, 27230, 83215], ""<class 'abc.NT_0000_P_00001'>"": [], ""<class 'int'>"": [91663, 89850, 80314, 60404], ""<class 'abc.NT_0000_P_00002'>"": [], ""<class 'abc.NT_0000_P_00003'>"": [], ""<class 'abc.NT_0015_P_00001'>"": [], ""<class 'abc.NT_0010'>"": [], ""<class 'abc.NT_0010_P_00000'>"": [], ""<class 'abc.NT_0007'>"": [], ""<class 'abc.NT_0007_P_00000'>"": [], ""<class 'abc.NT_0003'>"": [], ""<class 'abc.NT_0003_P_00000'>"": [], ""<class 'abc.NT_0002'>"": [0, 15377], ""<class 'abc.NT_0002_P_00000'>"": [], ""<class 'abc.NT_0002_P_00001'>"": [], ""<class 'abc.NT_0001'>"": [36432, 14518, 2, 43884, 40571], ""<class 'abc.NT_0001_P_00000'>"": [], ""<class 'abc.NT_0001_P_00001'>"": [], ""<class 'abc.NT_0001_P_00002'>"": [], ""<class 'abc.NT_0001_P_00003'>"": [], ""<class 'abc.NT_0001_P_00004'>"": [], ""<class 'abc.NT_0002_P_00002'>"": [], ""<class 'abc.NT_0002_P_00003'>"": [], ""<class 'abc.NT_0003_P_00001'>"": [], ""<class 'abc.NT_0003_P_00002'>"": [], ""<class 'abc.NT_0003_P_00003'>"": [], ""<class 'abc.NT_0007_P_00001'>"": [], ""<class 'abc.NT_0004'>"": [62590, 30197, 83338, 72810, 24459, 48197], ""<class 'abc.NT_0004_P_00000'>"": [], ""<class 'abc.NT_0004_P_00001'>"": [], ""<class 'abc.NT_0010_P_00001'>"": [], ""<class 'abc.NT_0008'>"": [], ""<class 'abc.NT_0008_P_00000'>"": [], ""<class 'abc.NT_0010_P_00002'>"": [], ""<class 'abc.NT_0005'>"": [], ""<class 'abc.NT_0005_P_00000'>"": [], ""<class 'abc.NT_0005_P_00001'>"": [], ""<class 'abc.NT_0009'>"": [72027, 4275], ""<class 'abc.NT_0009_P_00000'>"": [], ""<class 'abc.NT_0009_P_00001'>"": [], ""<class 'abc.NT_0006'>"": [], ""<class 'abc.NT_0006_P_00000'>"": [], ""<class 'abc.NT_0009_P_00002'>"": [], ""<class 'abc.NT_0009_P_00003'>"": [], ""<class 'abc.NT_0015_P_00002'>"": [], ""<class 'abc.NT_0015_P_00003'>"": [], ""<class 'abc.NT_0014'>"": [], ""<class 'abc.NT_0014_P_00000'>"": [], ""<class 'abc.NT_0014_P_00001'>"": [], ""<class 'abc.NT_0015_P_00004'>"": [], ""<class 'abc.NT_0017_P_00001'>"": [], ""<class 'abc.NT_0016'>"": [], ""<class 'abc.NT_0016_P_00000'>"": [], ""<class 'abc.NT_0016_P_00001'>"": [], ""<class 'abc.NT_0016_P_00002'>"": [], ""<class 'abc.NT_0017_P_00002'>"": [], '$leftovers': [57587, 20000, 54340, 26317, 6481, 50799, 53366, 57672, 15437, 41470, 43194, 76280, 53058, 16632, 24951, 11647, 20336, 85920, 79178, 86726, 29687, 35122, 19936, 77951, 52918, 77202, 86811, 49977, 33989, 62146, 44283, 86282, 53235, 34529, 93786, 26995, 59308, 96804, 32075, 89268, 17705, 44065, 20964, 70557, 41228, 50394, 73244, 80589, 89878, 70093, 13531, 33497, 2118, 78177, 32452, 6202, 17781, 36111, 70983, 16310, 50605, 68444, 59396, 2989, 86690, 65815, 89541, 4173, 66353, 83209, 87572, 36004, 564, 32908, 7913, 59000, 95465, 92810, 87181, 4723, 71261, 90499, 32785, 42988, 8818, 96196, 25382, 42871, 28094, 74450, 1798, 9925, 29165, 11964, 72226, 30190, 2543, 47952, 6757, 23982, 21833, 84542, 51070, 20362, 47872, 63420, 54664, 2566, 11695, 6523, 29859, 6201, 70774, 77659, 84464, 78867, 27667, 69385, 65140, 36605, 7012, 1250, 28942, 20757, 68110, 13812, 73414, 97476, 48447, 65592, 47550, 63325, 56635, 41252, 76420, 8978, 72071, 1937, 52721, 11586, 95378, 12603, 22711, 7770, 30975, 43951, 55031, 2794, 31555, 40143, 45735, 26934, 973, 11552, 95654, 8346, 61470, 70413, 10371, 43200, 65213, 34376, 43681, 71623, 66363, 61726, 96882, 59629, 26130, 46919, 32533, 16075, 75983, 81859, 16243, 8366, 15261, 18908, 62350, 61492, 83170, 50893, 81836, 3003, 93817, 66605, 40524, 65446, 28020, 1863, 725, 71665, 25810, 44842, 73472, 41194, 64753, 52869, 28406, 39260, 71021, 44544, 65259, 40879, 61260, 45447, 45201, 3321, 71834, 91841, 85944, 94448, 53777, 52512, 8549, 49201, 19980, 24764, 94536, 5157, 97859, 66443, 89316, 95801, 13183, 85710, 46447, 35334, 77529, 59421, 81195, 9851, 45065, 1228, 86952, 32820, 60942, 12527, 2701, 43832, 81092, 19751, 59457, 23812, 97339, 11061, 65182, 36676, 27888, 43573, 78010, 73786, 42822, 94936, 73010, 77609, 10163, 63290, 27012, 14424, 18531, 84803, 64958, 43258, 85321, 82524, 12515, 71837, 58848, 55036, 90390, 48542, 50684, 67693, 63530, 31868, 23633, 21579, 6184, 53131, 21002, 64832, 92053, 7184, 69006, 35823, 8901, 37893, 51534, 12913, 22446, 26285, 70255, 27641, 21932, 83656, 66575, 48694, 39512, 17613, 54185, 98358, 36273, 43014, 10733, 45136, 56634, 51849, 94288, 26786, 42387, 35475, 24444, 8118, 49485, 81714, 83778, 89561, 8738, 52024, 58874, 72716, 42311, 25454, 87595, 81934, 17964, 61433, 19494, 83691, 27415, 37037, 93113, 43616, 52964, 48333, 56234, 18241, 27411, 16419, 52538, 26653, 9839, 74465, 52527, 80201, 79630, 1840, 83276, 82109, 32792, 12949, 92039, 43765, 36272, 54630, 58463, 7943, 38328, 97833, 45183, 91200, 15929, 47964, 40561, 81809, 14276, 39018, 78090, 20469, 86063, 44225, 33166, 87717, 85524, 97465, 83919, 30571, 47291, 11687, 54825, 46134, 8685, 78917, 38709, 83964, 2221, 51487, 86847, 14005, 89651, 45410, 32614, 24838, 40258, 99135, 55054, 4969, 96553, 24382, 92307, 81538, 18598, 31340, 57241, 99094, 6002, 7419, 86820, 42779, 11869, 72254, 27411, 31840, 79401, 73664, 91511, 29301, 88737, 56727, 37464, 71958, 69508, 25388, 4807, 91309, 55535, 78168, 94902, 31655, 46027, 94454, 40509, 42451, 1052, 68891, 6541, 61185, 60171, 90386, 32613, 13324, 92786, 63265, 21684, 48267, 73039, 43664, 60352, 52907, 44675, 95496, 2418, 7997, 69656, 52682, 3534, 62641, 94861, 67850, 67794, 22721, 46227, 31666, 8747, 35366, 39868, 7244, 91381, 38982, 77500, 57926, 64111, 61778, 4991, 50703, 56802, 29847, 58359, 95807, 95068, 83415, 81616, 76533, 71507, 98373, 2134, 16453, 78850, 30462, 46604, 89830, 21706, 86295, 8595, 79105, 19655, 43131, 3478, 75436, 73052, 71062, 31739, 45697, 16052, 87826, 33911, 8138, 66268, 4656, 40763, 97630, 99868, 91639, 2772, 58917, 49516, 46748, 20804, 59466, 99872, 25910, 53332, 38030, 78030, 73087, 32427, 25656, 22734, 86384, 91610, 214, 58585, 43431, 32734, 17757, 39750, 16177, 71705, 51831, 42392, 85543, 6696, 8045, 46570, 30940, 78199, 29592, 24154, 78765, 84514, 86057, 90538, 96392, 38901, 72898, 62612, 33489, 59571, 82991, 44920, 37691, 1121, 94492, 51499, 82069, 28888, 14310, 88903, 84118, 10546, 30703, 78344, 91528, 40853, 4171, 4336, 52942, 23065, 9391, 86682, 8024, 19625, 91371, 66707, 17488, 10058, 52363, 62581, 72253, 66959, 9752, 13742, 86275, 76334, 53755, 50348, 61297, 71442, 60130, 43371, 96139, 17674, 23526, 15019, 82578, 51684, 64820, 51041, 4364, 44980, 70927, 4192, 97078, 91706, 68350, 77970, 42423, 59117, 98713, 81658, 5742, 16489, 29002, 42948, 22071, 91882, 87587, 87335, 92995, 94276, 73117, 79084, 6387, 11821, 92270, 39525, 34375, 79523, 78948, 53831, 62075, 20954, 96006, 36604, 39077, 58604, 29341, 89780, 20577, 57898, 43874, 87854, 39253, 63110, 39371, 19091, 10078, 61402, 86956, 2706, 6459, 53395, 56986, 73952, 14732, 36024, 78732, 78176, 77392, 90109, 7387, 46633, 28051, 78533, 47690, 10143, 69800, 44745, 15386, 78043, 85757, 67383, 85811, 74336, 6202, 10109, 54780, 811, 76576, 77040, 49169, 96682, 92835, 45041, 1842, 65528, 34016, 83474, 14013, 27202, 66335, 44499, 370, 21730, 52896, 71182, 85991, 39160, 40902, 55926, 35512, 75736, 13601, 92189, 77065, 84092, 98012, 48127, 11588, 90917, 67209, 11527, 94121, 43713, 79943, 21649, 81567, 58642, 44906, 74680, 40034, 91400, 63001, 5213, 55104, 32747, 93307, 38861, 27986, 4842, 71222, 96204, 50490, 41376, 83189, 378, 48774, 92287, 2703, 84308, 62388, 24134, 92282, 90947, 61816, 96517, 93801, 12248, 42612, 36596, 34402, 48549, 64887, 18886, 20656, 39553, 90994, 50931, 61171, 97927, 2047, 85741, 60257, 56686, 62824, 95036, 97774, 26512, 32213, 24226, 39119, 9190, 40253, 35323, 71271, 90577, 44, 70979, 92296, 59388, 78444, 59936, 61842, 18317, 14104, 74209, 24390, 30917, 86127, 98120, 80417, 53683, 4088, 22491, 83407, 32889, 33182, 90125, 68253, 63599, 54457, 91265, 92333, 23178, 96129, 44767, 46114, 84454, 73652, 77970, 9354, 12847, 74690, 31643, 71792, 72701, 44459, 13482, 2404, 79190, 44599, 39581, 83762, 38122, 78181, 85472, 89495, 96088, 45750, 12132, 86111, 9109, 84610, 44138, 65151, 75159, 7903, 24327, 23796, 27486, 76491, 91005, 62756, 8359, 39827, 37498, 88884, 69064, 88341, 83620, 5172, 25162, 12655, 35222, 43042, 31508, 95614, 11871, 72016, 12050, 46298, 82757, 50191, 22398, 65305, 63983, 69826, 58709, 70825, 19588, 82568, 42327, 11142, 71395, 10520, 43850, 12080, 34833, 59211, 82355, 44790, 14277, 94119, 99751, 55723, 66045, 65818, 52492, 28845, 77469, 6552, 85250, 81990, 20182, 31757, 24256, 8564, 51246, 18916, 38412, 36848, 69380, 96252, 20867, 86440, 12168, 57866, 16845, 44507, 27280, 78684, 72618, 39882, 21960, 75878, 24632, 3639, 77549, 1172, 17919, 43076, 60918, 7295, 36117, 78965, 29935, 36303, 38772, 34652, 92292, 20532, 49163, 23139, 14852, 2419, 94945, 10473, 58389, 87817, 18164, 62277, 68791, 13348, 73330, 36876, 65334, 21264, 45823, 48913, 66448, 45681, 76227, 3298, 19245, 15292, 74225, 2081, 12669, 14545, 37361, 93452, 1880, 79845, 47996, 3938, 92890, 66904, 15377, 35288, 80314, 59754, 72027, 85560, 13002, 79410, 60381, 36834, 26822, 18526, 4275, 21261, 76951, 98894, 44292, 83338, 72810, 24459, 48197, 60404]})"
