Fitness,Depth,Nodes,Generations,time_since_the_start_of_the_evolution,seed,genotype_as_str
0.0,11,64,1,0.7629439830780029,10921,"NT_0007_P_00000(__a=NT_0006_P_00000(__a=NT_0004_P_00001(__a=NT_0000_P_00000(__a=12)), __b=NT_0004_P_00001(__a=NT_0000_P_00000(__a=20)), __c=NT_0004_P_00000(__a=NT_0002_P_00001()), __d=NT_0005_P_00000(), __e=NT_0002_P_00001()), __b=NT_0002_P_00000(__a=68, __b=False, __c=6, __d=NT_0000_P_00000(__a=62), __e=NT_0000_P_00001(__a=47, __b=NT_0000_P_00001(__a=42, __b=NT_0000_P_00000(__a=100))), __f=NT_0002_P_00000(__a=35, __b=False, __c=70, __d=NT_0000_P_00001(__a=72, __b=NT_0000_P_00001(__a=78, __b=NT_0000_P_00001(__a=11, __b=NT_0000_P_00001(__a=27, __b=NT_0000_P_00001(__a=42, __b=NT_0000_P_00000(__a=41)))))), __e=NT_0000_P_00001(__a=34, __b=NT_0000_P_00000(__a=65)), __f=NT_0002_P_00001(), __g=True), __g=False), __c=NT_0004_P_00000(__a=NT_0002_P_00000(__a=91, __b=True, __c=3, __d=NT_0000_P_00001(__a=71, __b=NT_0000_P_00000(__a=10)), __e=NT_0000_P_00001(__a=40, __b=NT_0000_P_00000(__a=57)), __f=NT_0002_P_00001(), __g=True)), __d=NT_0000_P_00000(__a=69), __e=NT_0004_P_00001(__a=NT_0000_P_00000(__a=58)), __f=17, __g=NT_0006_P_00000(__a=NT_0004_P_00000(__a=NT_0002_P_00001()), __b=NT_0004_P_00000(__a=NT_0002_P_00000(__a=9, __b=True, __c=67, __d=NT_0000_P_00001(__a=92, __b=NT_0000_P_00001(__a=75, __b=NT_0000_P_00000(__a=80))), __e=NT_0000_P_00000(__a=17), __f=NT_0002_P_00001(), __g=True)), __c=NT_0004_P_00000(__a=NT_0002_P_00000(__a=34, __b=False, __c=33, __d=NT_0000_P_00001(__a=7, __b=NT_0000_P_00000(__a=96)), __e=NT_0000_P_00001(__a=84, __b=NT_0000_P_00001(__a=52, __b=NT_0000_P_00001(__a=70, __b=NT_0000_P_00000(__a=31)))), __f=NT_0002_P_00000(__a=79, __b=False, __c=86, __d=NT_0000_P_00000(__a=11), __e=NT_0000_P_00000(__a=64), __f=NT_0002_P_00001(), __g=True), __g=False)), __d=NT_0005_P_00001(__a=NT_0005_P_00001(__a=NT_0005_P_00000(), __b=NT_0005_P_00001(__a=NT_0005_P_00000(), __b=NT_0005_P_00001(__a=NT_0005_P_00000(), __b=NT_0005_P_00001(__a=NT_0005_P_00001(__a=NT_0005_P_00001(__a=NT_0005_P_00000(), __b=NT_0005_P_00000()), __b=NT_0005_P_00001(__a=NT_0005_P_00001(__a=NT_0005_P_00000(), __b=NT_0005_P_00000()), __b=NT_0005_P_00001(__a=NT_0005_P_00000(), __b=NT_0005_P_00001(__a=NT_0005_P_00000(), __b=NT_0005_P_00000())))), __b=NT_0005_P_00000())))), __b=NT_0005_P_00000()), __e=NT_0002_P_00001()), __h=NT_0000_P_00001(__a=83, __b=NT_0000_P_00001(__a=13, __b=NT_0000_P_00001(__a=96, __b=NT_0000_P_00000(__a=61)))))"
