Fitness,Depth,Nodes,Generations,time_since_the_start_of_the_evolution,seed,genotype_as_str
0.0,7,36,1,2.0974152088165283,30569,"Genotype(dna=[49423, 31165, 87280, 38861, 64275, 3105, 77573, 1999, 76564, 14403, 22489, 63657, 2260, 89628, 57035, 75894, 94079, 74698, 8054, 44172, 39255, 55506, 14942, 15788, 12572, 97157, 91982, 24989, 96168, 3735, 93980, 76961, 18758, 69997, 84869, 65541, 90405, 22984, 10976, 50345, 60401, 7503, 53137, 55670, 44882, 75864, 99757, 26969, 9820, 28940, 97402, 5967, 39445, 43867, 59291, 83245, 66267, 67712, 83579, 28412, 10919, 97003, 13593, 53413, 41390, 53584, 44966, 42908, 94945, 17373, 33433, 51740, 13740, 13367, 81370, 62725, 79418, 94753, 95682, 78236, 83259, 16121, 68088, 10156, 49109, 88394, 72206, 31567, 36881, 7604, 82800, 58287, 32194, 28384, 69750, 47252, 86765, 5303, 95634, 96914, 20369, 41315, 4892, 81668, 29877, 84531, 52650, 559, 94355, 51280, 30914, 85199, 19283, 5138, 94093, 55324, 29493, 68003, 76483, 99729, 45912, 76664, 37175, 34869, 94265, 60607, 86212, 33791, 60731, 87220, 29584, 58826, 62694, 13340, 32443, 65726, 20211, 14319, 38894, 74462, 31199, 37560, 84003, 79798, 62939, 81617, 56425, 23288, 23514, 85083, 30850, 22646, 59027, 75480, 69838, 91009, 94590, 35299, 35657, 42538, 11381, 512, 70642, 18570, 11452, 63937, 17603, 98766, 73868, 93038, 37738, 96704, 89342, 59097, 84064, 24222, 31919, 27534, 13341, 34009, 68477, 23589, 32293, 46356, 44780, 28466, 50979, 37578, 39289, 62923, 16926, 72354, 17711, 80373, 21340, 99568, 91738, 15879, 83032, 62577, 98127, 15822, 92466, 94710, 59244, 3723, 38143, 35369, 23407, 26734, 59559, 34264, 41791, 80020, 1052, 29477, 42003, 30471, 61482, 4571, 7962, 32046, 9329, 22705, 44920, 14567, 33948, 81949, 26242, 36397, 16805, 73092, 9748, 26595, 40951, 10727, 85166, 96157, 13352, 61724, 41106, 6565, 61677, 30716, 40869, 5620, 74439, 83228, 15689, 74614, 57063, 15095, 47816, 84566, 86072, 11214])"
