Fitness,Depth,Nodes,Generations,time_since_the_start_of_the_evolution,seed,genotype_as_str
38.0,1,1,1,0.16416025161743164,70229,"Genotype(dna=[19160, 74989, 99233, 74482, 24229, 13853, 96752, 42375, 90054, 9387, 38236, 22676, 57729, 93066, 82239, 73097, 71720, 57072, 24049, 60104, 59467, 49309, 44850, 4950, 25836, 11588, 231, 19450, 91798, 299, 28034, 38071, 81847, 68260, 46910, 82735, 33709, 26073, 5656, 22178, 60473, 20507, 57208, 58614, 37864, 26829, 87222, 41499, 9289, 84446, 32641, 39368, 57257, 52095, 85444, 90356, 27200, 44139, 51487, 40541, 23522, 84917, 90048, 18198, 53856, 1614, 82627, 48287, 31888, 79214, 37615, 21061, 23004, 94896, 97618, 13285, 98637, 31311, 20080, 19216, 13982, 23801, 69749, 21745, 13694, 38619, 50499, 1825, 19897, 47685, 49744, 24131, 63739, 72176, 61084, 48343, 32781, 58764, 54142, 93395, 58394, 75468, 22947, 12479, 3171, 12523, 70979, 33306, 47797, 97730, 37551, 3632, 55255, 65866, 86152, 19505, 92158, 32272, 14940, 67542, 62940, 952, 52480, 21831, 91269, 12093, 98845, 91474, 74661, 49746, 67356, 75731, 3667, 75990, 49146, 4333, 21896, 73904, 96420, 31377, 14729, 59587, 91628, 48848, 35640, 97425, 36025, 57838, 51880, 18303, 966, 26908, 94719, 20330, 5891, 57081, 66939, 64810, 51460, 82703, 32846, 22064, 68979, 23130, 77621, 43332, 31294, 40166, 46175, 49302, 3097, 52645, 182, 33406, 6190, 38315, 51109, 56753, 19322, 19898, 59462, 50389, 76387, 68881, 98379, 51492, 1586, 63477, 27676, 80015, 12181, 16232, 10673, 14011, 71989, 89178, 9421, 15993, 66633, 24549, 82310, 23400, 68915, 51567, 74998, 14518, 14411, 28951, 91603, 97947, 48951, 55092, 10774, 99089, 10950, 69564, 96704, 27101, 40956, 72521, 22872, 58767, 80020, 85928, 6094, 99793, 31149, 44758, 66307, 4677, 1869, 61920, 90712, 75861, 50576, 37952, 7693, 1515, 25983, 81275, 43382, 46249, 73503, 90641, 27210, 38483, 62551, 96666, 93877, 90540, 9724, 86419, 88886, 35549, 48507, 93347])"
38.0,1,1,2,0.23042964935302734,70229,"Genotype(dna=[75384, 36631, 52590, 86161, 50398, 32969, 80481, 49957, 2394, 7426, 37129, 23767, 1240, 11944, 97622, 93343, 79406, 34701, 8371, 47802, 42352, 20680, 51227, 81497, 64555, 8044, 62344, 67581, 1929, 56898, 55383, 565, 70411, 21107, 41048, 99055, 62282, 48664, 97238, 18899, 90594, 60904, 39552, 42781, 49577, 45290, 78018, 9293, 6435, 66753, 77263, 11327, 86247, 82139, 7650, 70258, 47403, 50281, 21525, 37213, 5277, 53896, 86793, 53064, 29947, 78233, 2250, 69149, 73339, 29604, 27205, 41868, 11560, 57875, 3213, 4067, 90584, 15863, 47595, 50659, 51096, 72268, 79239, 19389, 19509, 97534, 77725, 1822, 85974, 62160, 5613, 21817, 25441, 41597, 55758, 11740, 80563, 72792, 94296, 68111, 29388, 43142, 25523, 8911, 72758, 30373, 37858, 40207, 90467, 5046, 78057, 74565, 27794, 23221, 68812, 34870, 38388, 58068, 4568, 46658, 17181, 12049, 36950, 18374, 10319, 30810, 11670, 15486, 9665, 1599, 82234, 42372, 24233, 65610, 21267, 80060, 70355, 68595, 11897, 58670, 59149, 94163, 42388, 15520, 27181, 65391, 80691, 58786, 11757, 67224, 15693, 31100, 12236, 41848, 56995, 33553, 79229, 93594, 89537, 17326, 56989, 69255, 66797, 52248, 43703, 27719, 4279, 82312, 80071, 43757, 27477, 75513, 52056, 57690, 89949, 18023, 81399, 251, 23107, 54973, 1161, 35211, 48396, 52234, 67513, 160, 22263, 49088, 88608, 23929, 4941, 81338, 40762, 43893, 21897, 2336, 81952, 6453, 63337, 31617, 6564, 33640, 87838, 19141, 99243, 18351, 98408, 70481, 19491, 94566, 51378, 19004, 66614, 99074, 75419, 22014, 50559, 66518, 8072, 97466, 67493, 42111, 66503, 50872, 75466, 55126, 38458, 62463, 17578, 53417, 39416, 40713, 15814, 91508, 34233, 98225, 42006, 96620, 62016, 98050, 33612, 5912, 83262, 81944, 52035, 92800, 96503, 79127, 55321, 75978, 11809, 55244, 96890, 79940, 98061, 79774])"
38.0,1,1,3,0.29473352432250977,70229,"Genotype(dna=[34812, 31573, 81217, 28186, 24222, 26127, 82653, 98434, 17572, 56638, 36474, 84534, 13679, 49641, 72989, 11862, 56562, 91900, 28582, 43905, 18277, 76865, 60359, 89904, 38568, 76739, 29892, 88073, 42482, 59834, 27008, 6546, 3639, 78686, 17454, 7508, 36485, 5802, 58365, 83835, 24433, 30826, 5528, 98948, 52533, 1220, 62884, 46219, 34383, 63252, 66707, 61245, 13031, 80844, 57332, 67421, 20209, 5129, 34880, 99522, 8024, 88016, 90800, 90937, 8892, 33154, 55930, 7187, 89582, 94980, 55767, 14045, 85085, 9201, 64006, 14723, 31121, 4062, 50804, 168, 91360, 18714, 69058, 46587, 42630, 74495, 63571, 84328, 8776, 7313, 59790, 49682, 14094, 60592, 55975, 68986, 93688, 56689, 45177, 72645, 39732, 96610, 66638, 22703, 37734, 78997, 87829, 5606, 53417, 22677, 64553, 30110, 59994, 15989, 86309, 2264, 68237, 21531, 78997, 55119, 51619, 97317, 94132, 68026, 31724, 83069, 1216, 38172, 93228, 10329, 75989, 27612, 13588, 35910, 51321, 74780, 80545, 93973, 53808, 87725, 61419, 80398, 2964, 1166, 82366, 54685, 71872, 99261, 10015, 99558, 6088, 30918, 86125, 96909, 19368, 59737, 91317, 11121, 64542, 79093, 97266, 16195, 87569, 44742, 15830, 10667, 20963, 54071, 90280, 22770, 28544, 24199, 81961, 37821, 67033, 70268, 7987, 55468, 83400, 49146, 46283, 79786, 19008, 55402, 85438, 28792, 68843, 1868, 88899, 96607, 37355, 67322, 24888, 6460, 44814, 19337, 27000, 94943, 38759, 91203, 13067, 28643, 34736, 87856, 41476, 5719, 30269, 36492, 6985, 20307, 41526, 16866, 59334, 86666, 4582, 40814, 28198, 74797, 36070, 20104, 30255, 38627, 53969, 22254, 28353, 29560, 73191, 54214, 27771, 98599, 35313, 8213, 64022, 64162, 15696, 8958, 42628, 94544, 54638, 20047, 14154, 72657, 52673, 78338, 23800, 70992, 75508, 71544, 6901, 92615, 66677, 47394, 55967, 12229, 26936, 18794])"
38.0,1,1,4,0.3458526134490967,70229,"Genotype(dna=[6790, 69539, 79477, 84667, 88447, 28689, 9633, 73360, 57396, 94164, 39903, 49627, 62623, 2484, 68693, 26181, 2724, 13513, 37060, 96827, 72080, 92602, 46251, 62973, 75061, 67970, 57285, 22348, 38178, 21049, 96468, 5578, 9295, 25686, 98077, 83598, 87304, 17320, 40495, 99709, 38152, 91235, 10176, 68356, 14439, 99468, 66308, 84925, 16968, 81221, 81956, 31420, 24919, 53860, 7042, 95744, 54553, 1451, 93065, 53986, 51280, 92225, 52913, 48638, 68934, 11007, 34670, 30022, 60674, 80049, 87177, 54561, 23315, 4105, 25483, 6233, 10331, 72419, 28010, 28682, 64265, 63237, 57738, 57342, 16530, 26619, 21235, 55137, 99602, 63890, 18769, 38281, 10613, 83179, 7376, 36363, 55413, 89665, 4680, 32641, 4207, 5150, 74700, 41069, 89936, 79802, 94247, 12363, 11746, 32401, 80960, 47204, 99552, 63959, 90237, 60141, 6628, 51775, 74150, 96783, 99279, 62681, 83455, 64483, 54437, 59398, 13840, 52314, 78747, 85790, 93891, 26299, 14173, 15721, 56312, 88424, 48180, 5298, 17619, 80241, 26153, 59781, 47681, 16708, 7414, 56197, 27343, 8031, 76203, 63583, 73750, 32299, 3217, 54307, 71456, 54779, 24856, 25704, 61289, 34060, 41234, 78367, 47050, 5837, 9302, 98736, 56810, 12168, 54735, 28194, 83194, 89722, 16887, 49579, 48080, 14359, 67189, 90470, 85491, 73715, 20246, 67661, 76379, 45010, 90198, 28847, 84652, 97473, 66669, 77146, 63776, 92016, 32414, 23814, 6978, 61998, 11856, 93234, 72815, 17421, 49480, 28220, 5318, 89382, 77505, 92662, 45618, 73296, 42095, 43838, 61727, 90610, 98405, 93946, 39743, 16381, 96349, 21444, 45738, 31971, 98281, 6080, 24643, 29163, 27637, 43419, 56492, 77418, 25579, 76812, 39182, 76121, 85283, 68114, 89089, 95032, 77134, 58694, 94845, 67148, 34055, 87555, 23146, 18387, 64065, 64637, 79717, 26864, 22670, 897, 95526, 10823, 67038, 86898, 56716, 43613])"
38.0,1,1,5,0.40678954124450684,70229,"Genotype(dna=[46547, 60140, 24855, 66882, 2591, 3637, 29619, 98301, 7652, 58897, 62320, 88071, 8697, 15788, 74691, 37371, 15563, 41793, 69998, 2558, 58672, 99669, 66537, 7641, 54920, 96040, 9196, 6356, 15236, 58846, 61668, 88439, 38348, 82866, 36743, 8995, 53507, 11617, 47996, 20864, 46600, 82422, 25983, 75456, 86252, 70274, 64718, 91756, 19726, 60438, 75414, 86375, 94773, 82596, 63904, 80612, 64000, 88369, 2091, 20011, 73356, 55331, 13842, 18851, 74075, 26196, 96099, 11057, 4464, 3124, 83724, 61112, 78701, 41730, 34087, 44813, 94962, 87738, 95243, 91558, 15800, 69836, 70166, 89915, 87247, 19242, 58248, 42513, 16957, 8981, 65303, 66191, 87892, 51893, 17932, 76171, 7206, 86539, 79710, 75897, 2856, 12568, 72951, 59168, 30705, 34397, 74908, 78114, 1308, 12750, 16783, 82367, 75280, 96739, 76352, 40514, 91763, 23915, 15044, 37373, 52697, 16870, 2117, 62384, 18804, 29455, 68403, 97376, 84435, 66060, 16850, 93882, 84147, 98109, 34656, 16780, 61478, 80748, 86057, 19046, 92081, 65712, 42567, 16440, 10238, 83292, 58867, 97408, 32546, 59583, 41152, 17261, 54367, 39321, 21779, 24416, 85891, 98522, 99408, 63827, 22066, 8197, 64722, 41761, 35216, 78800, 48304, 41673, 38998, 64631, 8559, 68696, 14640, 96186, 51972, 15664, 96433, 22837, 75434, 65149, 36014, 68720, 22884, 30934, 56160, 97021, 12886, 52636, 55014, 49867, 51295, 5035, 9861, 81362, 4841, 16593, 18015, 86041, 8749, 77690, 86050, 86953, 33798, 38451, 78899, 46588, 60311, 6105, 91947, 29502, 70666, 78569, 40651, 73685, 3521, 82157, 36323, 83997, 90029, 4847, 84331, 34979, 69740, 27789, 74935, 44087, 54415, 62474, 88894, 81046, 9089, 27331, 75775, 76769, 8067, 43696, 95995, 68637, 93760, 71302, 17896, 60670, 81756, 70612, 39374, 54944, 83016, 50876, 92551, 50197, 70450, 17581, 48001, 82161, 31077, 20477])"
38.0,1,1,6,0.4513688087463379,70229,"Genotype(dna=[55626, 75941, 45944, 53350, 33354, 83880, 11845, 5329, 64047, 30811, 10392, 7385, 79318, 441, 15549, 1641, 43564, 91740, 39674, 43562, 50454, 60306, 96459, 1765, 31771, 53637, 44255, 24975, 65953, 8993, 20740, 866, 29016, 67691, 7881, 10775, 71664, 90562, 34070, 26573, 56716, 9153, 33271, 94694, 2463, 51045, 35679, 157, 78849, 86222, 7654, 60450, 10333, 61315, 93179, 85848, 5597, 74883, 19825, 15616, 45275, 79558, 38576, 95257, 90533, 56134, 31768, 5882, 35537, 5878, 42537, 66568, 73313, 82385, 84595, 12539, 13124, 89401, 62432, 81015, 37695, 97503, 23474, 25525, 99601, 25650, 27480, 75734, 96281, 77984, 16920, 93721, 46435, 63852, 41992, 91102, 44447, 84154, 63454, 4371, 15409, 49519, 90931, 90399, 93013, 95148, 84389, 6609, 61816, 12273, 59852, 77044, 43926, 22000, 48501, 21281, 51073, 23913, 74415, 19489, 51856, 44754, 54547, 63903, 42381, 32502, 55199, 36473, 49076, 4702, 20428, 21487, 44192, 70482, 94027, 7804, 32093, 86361, 97576, 67351, 88909, 95610, 23288, 64965, 32559, 33592, 73206, 46213, 5917, 76005, 90516, 90739, 30973, 65086, 92796, 29572, 24817, 18739, 93626, 80866, 36945, 34993, 1188, 63821, 93458, 73028, 29199, 2109, 37563, 19235, 21614, 9566, 41639, 26891, 56802, 77289, 47136, 58265, 75849, 86701, 95868, 82825, 65513, 10236, 76662, 43369, 53205, 20298, 14032, 1372, 66398, 272, 80833, 90560, 31411, 28621, 72538, 60318, 22150, 65253, 77407, 4337, 67264, 83754, 93997, 93114, 81535, 40926, 4071, 45100, 6333, 5261, 80405, 75440, 98872, 47993, 91714, 27494, 28032, 91231, 8617, 55569, 2640, 87591, 24841, 95561, 54214, 44396, 23397, 23719, 45644, 76905, 25989, 52013, 41257, 49793, 9000, 30745, 60448, 83026, 81439, 75220, 98790, 21129, 30795, 69521, 45729, 11017, 31992, 76115, 56900, 19044, 73499, 94263, 41129, 95650])"
38.0,1,1,7,0.5103716850280762,70229,"Genotype(dna=[22090, 18059, 28000, 10453, 33623, 93770, 25193, 83449, 19041, 14492, 92536, 39547, 57964, 83677, 92572, 36207, 91206, 70338, 30416, 35846, 19905, 27942, 98754, 61189, 89056, 8993, 25440, 94493, 43409, 35517, 64640, 10316, 69453, 74196, 85389, 79312, 23995, 22901, 98780, 20657, 56545, 78, 67771, 72362, 96896, 75101, 45371, 48318, 26639, 91264, 18487, 77848, 95037, 46163, 1585, 44944, 42169, 83768, 80330, 92268, 18938, 50036, 41778, 35270, 47390, 50782, 99473, 60735, 76459, 57271, 71734, 43849, 32199, 99762, 25484, 38632, 80950, 7016, 59831, 81629, 85536, 27974, 63989, 54181, 62161, 14389, 11021, 24522, 10826, 40911, 51977, 2865, 54719, 33778, 50636, 32476, 86160, 93645, 37984, 24060, 60285, 84302, 17527, 41097, 64016, 36275, 28366, 51752, 7264, 90676, 23368, 77895, 29002, 67128, 97163, 5543, 80321, 26870, 94790, 35160, 99177, 17033, 26688, 27297, 30055, 58851, 32395, 15699, 40318, 76909, 59741, 57834, 59629, 39738, 13546, 48108, 20753, 42732, 8652, 77649, 83006, 95498, 82269, 28426, 11960, 40987, 68752, 57574, 78148, 81205, 21115, 37597, 33909, 66873, 60445, 80886, 99301, 94027, 12280, 65351, 68974, 48219, 64355, 91604, 57198, 44770, 53248, 20182, 31497, 29494, 24407, 80260, 29782, 33482, 48205, 56925, 22006, 56097, 93751, 18600, 35839, 16271, 17225, 15719, 722, 76154, 25303, 54702, 58512, 15068, 18883, 65379, 32438, 4142, 95874, 66179, 91205, 55977, 26663, 12420, 96910, 54387, 38444, 34913, 44595, 29152, 28117, 86216, 78734, 73245, 78652, 55004, 11304, 77557, 33023, 25386, 76918, 46077, 85610, 33387, 63721, 94829, 14490, 47882, 24253, 86651, 11718, 51672, 98476, 55250, 59933, 19806, 891, 58059, 24081, 72046, 4860, 40925, 56688, 19498, 84499, 7464, 34169, 41469, 3272, 96283, 23747, 87930, 22269, 81031, 44133, 59474, 34044, 84844, 20192, 95618])"
38.0,1,1,8,0.5614278316497803,70229,"Genotype(dna=[49190, 38142, 75822, 50323, 13865, 80625, 84504, 78242, 28352, 65686, 16975, 62864, 97193, 89415, 98649, 42950, 30462, 70110, 17378, 49332, 78307, 7589, 57153, 18989, 18290, 29704, 60475, 40820, 6586, 3698, 14643, 34192, 7247, 37750, 74976, 87393, 41794, 16302, 27631, 65621, 51847, 74357, 68306, 42197, 20586, 44508, 20314, 38712, 36292, 50194, 44385, 20047, 32754, 86941, 9401, 19068, 93173, 4010, 18869, 89268, 75815, 99470, 37778, 90903, 38854, 1403, 28461, 98086, 13721, 15146, 88020, 32404, 37602, 302, 44693, 75120, 56062, 75205, 31331, 19662, 73232, 80078, 43019, 73488, 51730, 25207, 17170, 7271, 49815, 81648, 21924, 72750, 82430, 34522, 74966, 18447, 8844, 51810, 24010, 51902, 64194, 40682, 17152, 35760, 24285, 39292, 30310, 40712, 65597, 46402, 41291, 74145, 5705, 14254, 80315, 62886, 91241, 64786, 76917, 66150, 31304, 87654, 97128, 47235, 86759, 84276, 55265, 33009, 22123, 69328, 32446, 27540, 32682, 15170, 95853, 9636, 85120, 95118, 5978, 88073, 18194, 4760, 78076, 14613, 94309, 28610, 81130, 52942, 92128, 13153, 2057, 82764, 80466, 13099, 8258, 96051, 81547, 2515, 49071, 55464, 27250, 91321, 99795, 19207, 57660, 71786, 87113, 66244, 59515, 19147, 18134, 75964, 7116, 76102, 10482, 68317, 35147, 72476, 60522, 17572, 48361, 87508, 10007, 71178, 42439, 44062, 48049, 56156, 76564, 30014, 63487, 67147, 41419, 51383, 7415, 1752, 95121, 97355, 5615, 3683, 15629, 57263, 43423, 39799, 20259, 67476, 76208, 91877, 89360, 58045, 3785, 42499, 8290, 94973, 32515, 33516, 78142, 63145, 12300, 63227, 87064, 30022, 29028, 82921, 10681, 76349, 97674, 6213, 71977, 29924, 42139, 7047, 75649, 17912, 48955, 33951, 22144, 20729, 29322, 13430, 92849, 44244, 52915, 46917, 95404, 70797, 82222, 89069, 16308, 1088, 33146, 52668, 76641, 85582, 9456, 82628])"
38.0,1,1,9,0.6832728385925293,70229,"Genotype(dna=[45652, 21007, 45020, 53783, 6228, 14624, 77189, 81792, 41990, 9970, 5506, 16111, 37265, 53654, 49179, 64432, 92210, 66067, 42162, 13859, 15559, 29003, 70055, 51374, 37622, 26769, 91813, 34138, 92566, 56788, 29568, 46125, 32888, 35405, 572, 69724, 74933, 28287, 85430, 68010, 85765, 93162, 63907, 99442, 11078, 20877, 48530, 99182, 1922, 18458, 8600, 53553, 38378, 46016, 90974, 41218, 60725, 79135, 71070, 56287, 57665, 69139, 34841, 1806, 17596, 87566, 34745, 26322, 24766, 45236, 99169, 37936, 33710, 43766, 61759, 87097, 86684, 98715, 7809, 34561, 13779, 32000, 75054, 47084, 84129, 11933, 60569, 61814, 71840, 48569, 24575, 11398, 70444, 50442, 43829, 18451, 62557, 76818, 21725, 20516, 56118, 72933, 64451, 65680, 34785, 80277, 2865, 94204, 98966, 18335, 35802, 41244, 27372, 27647, 79001, 22308, 53298, 86348, 86723, 51514, 46772, 38234, 27718, 89719, 74886, 1692, 9700, 33307, 3690, 18399, 24443, 29045, 34564, 6369, 67494, 99738, 30683, 22430, 50298, 41471, 90312, 13166, 44168, 18127, 78038, 53311, 73198, 24390, 3396, 17101, 16632, 7571, 68150, 4171, 63094, 36739, 89467, 83253, 75296, 79203, 49782, 40456, 18536, 89980, 98134, 16153, 76930, 26936, 83605, 81913, 73087, 52824, 61460, 76092, 87023, 26809, 21831, 27226, 2218, 25938, 12504, 75249, 50497, 93563, 16398, 57310, 20844, 46291, 31874, 1398, 72224, 24220, 83083, 94033, 64852, 20833, 43993, 89246, 14170, 30507, 53859, 2431, 91636, 77858, 33598, 27589, 46065, 90565, 48920, 7419, 10489, 38038, 89652, 14683, 60392, 54781, 23132, 317, 91966, 65174, 69449, 56915, 18286, 73429, 68394, 88374, 90389, 66189, 7387, 42468, 6851, 13078, 33535, 75503, 65428, 50655, 21307, 49776, 29068, 16765, 98680, 5262, 44009, 46978, 22606, 91234, 71290, 98967, 78007, 52403, 21402, 1664, 32400, 72777, 97027, 59834])"
38.0,1,1,10,0.7369952201843262,70229,"Genotype(dna=[21409, 18416, 21224, 71912, 46310, 88303, 43869, 21698, 6102, 47727, 33072, 45880, 90067, 49542, 46899, 93194, 56527, 56438, 14504, 9473, 17181, 70585, 99442, 14629, 75417, 40611, 6090, 56715, 2175, 93407, 72939, 40602, 61360, 25308, 43402, 79812, 71891, 45007, 91708, 6965, 3803, 7568, 91569, 10767, 44283, 63505, 57386, 477, 23146, 35056, 78987, 29902, 88722, 19733, 2474, 80934, 48806, 48642, 9040, 25559, 23909, 64069, 1368, 84083, 38270, 92214, 72162, 68332, 55066, 16235, 42279, 1347, 18037, 53540, 54341, 64630, 4434, 36686, 74394, 70305, 89864, 63041, 40001, 51831, 77558, 33770, 27, 44282, 96948, 60897, 96337, 18495, 49818, 26088, 45605, 56387, 42640, 10576, 61229, 18535, 95967, 92174, 94025, 5792, 96879, 9979, 41503, 60256, 85857, 19458, 75581, 90589, 8086, 83496, 58836, 15027, 14734, 55642, 44673, 58119, 50674, 41251, 15226, 80577, 94198, 95993, 77976, 76812, 96907, 19997, 13866, 68899, 38580, 52281, 77976, 28853, 15666, 33366, 37131, 97136, 76167, 35441, 70459, 38953, 54688, 64058, 9254, 45520, 55787, 51827, 22026, 57505, 23127, 94927, 53566, 63626, 25307, 60639, 36174, 42618, 41991, 81871, 15086, 30859, 19721, 18009, 3350, 63524, 39679, 44888, 66672, 85834, 9100, 52501, 91899, 66528, 35464, 88945, 47920, 64267, 93578, 88305, 12900, 30001, 58140, 89819, 36567, 5367, 10480, 73753, 65903, 41316, 91475, 93604, 47162, 76524, 55515, 70149, 36235, 59358, 14880, 59688, 12676, 92576, 54912, 53121, 74298, 51799, 65136, 24183, 9833, 84960, 62722, 31949, 51708, 19951, 11954, 72898, 78, 42791, 51287, 91832, 70851, 37690, 9402, 14882, 55783, 45749, 54651, 11989, 75977, 19073, 74244, 70762, 55796, 72844, 12922, 41781, 96611, 67579, 79217, 6512, 3363, 78137, 7298, 97607, 19659, 12727, 34393, 25224, 93071, 58151, 98537, 49902, 18685, 76359])"
38.0,1,1,11,0.7869045734405518,70229,"Genotype(dna=[48290, 78866, 10614, 77573, 57107, 32820, 98936, 17359, 9079, 97835, 98408, 28838, 7943, 914, 30578, 96334, 30055, 72607, 422, 76221, 70575, 78246, 42940, 24080, 66076, 82559, 32911, 53723, 30075, 2816, 62925, 43934, 56284, 340, 79475, 41617, 10921, 62833, 2952, 31415, 19677, 78126, 42110, 65345, 35373, 10564, 14810, 81163, 7468, 14367, 23686, 78404, 32911, 80011, 13776, 80477, 86663, 48267, 86406, 51201, 42067, 95193, 52975, 2327, 69436, 24397, 52165, 18095, 77635, 39380, 49796, 52393, 65051, 38175, 30947, 17191, 56137, 80373, 40199, 90342, 37446, 99250, 79791, 99294, 91452, 82082, 52967, 11877, 10826, 67376, 94549, 55463, 29576, 36890, 47513, 97857, 84036, 45406, 55741, 42552, 14882, 84188, 63907, 14315, 54499, 36506, 77652, 65533, 74090, 81284, 79504, 15548, 76145, 21740, 37798, 41915, 31830, 88956, 80606, 31587, 11492, 90733, 70407, 88400, 18630, 10256, 7496, 32323, 46636, 46791, 25281, 45908, 25518, 6288, 24853, 37462, 43003, 13865, 96329, 56176, 84121, 6743, 61194, 99489, 94563, 85390, 21840, 24892, 10093, 20383, 59051, 95930, 79111, 59782, 92882, 94008, 87145, 46412, 62481, 51624, 24537, 17093, 81588, 22343, 51454, 15208, 27914, 36440, 28417, 42626, 4852, 47884, 60760, 41129, 92729, 85024, 58622, 38095, 79755, 87383, 6138, 11490, 57852, 29561, 89408, 23065, 8137, 67358, 62283, 16266, 58056, 48305, 73134, 45211, 95914, 25667, 79694, 93233, 78978, 99499, 60621, 88555, 49285, 78498, 15246, 45502, 13674, 97227, 36999, 61145, 25951, 26944, 79115, 59369, 45844, 29654, 37456, 68096, 27355, 64319, 45273, 28131, 62964, 55305, 60996, 73104, 58734, 17744, 80263, 20080, 98354, 36444, 78491, 26594, 20374, 29045, 35374, 35753, 40455, 9166, 72536, 19993, 97979, 97026, 602, 46402, 528, 8875, 37080, 60491, 7048, 49220, 81517, 46390, 64397, 33007])"
38.0,1,1,12,0.8355822563171387,70229,"Genotype(dna=[96848, 57786, 30763, 49631, 49554, 62359, 96738, 814, 49318, 44967, 59434, 88981, 7577, 38749, 92921, 38616, 12909, 53834, 90062, 92242, 38366, 80778, 25463, 20544, 72843, 39117, 91947, 85335, 96066, 10547, 66514, 74579, 55099, 63718, 45518, 50685, 74729, 14949, 93480, 27963, 90581, 18833, 42903, 98734, 79051, 39676, 95369, 22318, 44411, 18954, 96794, 58918, 26642, 24854, 67588, 40271, 39038, 14301, 59138, 16643, 95579, 69445, 52151, 16458, 88159, 57152, 54869, 27159, 56776, 96373, 55418, 52288, 53983, 22775, 75624, 2415, 52461, 78686, 53685, 77001, 49794, 68517, 1464, 67124, 14282, 83706, 99024, 54222, 58157, 66995, 82648, 2442, 52144, 65479, 75466, 91433, 82270, 15067, 61896, 68910, 59841, 69738, 23562, 30905, 54924, 78228, 6040, 98699, 4731, 99976, 49294, 87906, 10842, 48924, 14749, 80694, 46054, 37428, 33303, 49223, 76084, 16649, 10878, 19005, 86734, 99774, 92786, 52766, 81422, 39733, 15218, 53911, 34147, 35474, 32101, 50236, 3984, 96802, 43333, 4728, 30965, 40882, 64991, 26675, 64990, 56129, 33878, 34563, 71583, 75668, 82077, 30952, 19896, 11759, 58318, 48398, 45233, 5941, 10980, 90741, 77430, 91387, 61249, 59391, 23377, 46163, 46708, 69853, 30108, 27004, 58016, 52522, 39980, 36880, 5147, 99661, 81006, 30917, 72530, 97814, 76051, 99057, 84562, 5478, 19785, 21660, 3716, 18121, 47401, 32580, 71120, 93518, 5985, 10306, 79518, 24424, 24725, 14249, 14616, 53947, 19894, 37131, 74577, 15121, 55273, 40061, 6044, 34855, 47897, 66248, 94666, 8203, 58952, 42994, 86014, 86421, 37453, 28577, 4449, 43859, 25750, 1105, 55517, 35733, 40110, 98359, 33207, 66071, 96029, 35856, 86424, 69073, 16840, 67921, 9516, 48591, 86608, 38198, 68332, 82450, 67694, 80352, 52086, 40075, 7504, 1307, 99212, 87603, 81280, 14948, 9794, 56411, 47851, 6666, 29691, 36993])"
38.0,1,1,13,0.8886251449584961,70229,"Genotype(dna=[70899, 9432, 81780, 47983, 33261, 33100, 36725, 86513, 69641, 3031, 36554, 79261, 48732, 51470, 70505, 9687, 11701, 73278, 73080, 37178, 69655, 5588, 88051, 10962, 99233, 85688, 8711, 27517, 80441, 13685, 62892, 19350, 7488, 25067, 94901, 1244, 23543, 69014, 4325, 88002, 17616, 93486, 86060, 84977, 34844, 66927, 5040, 33102, 12349, 12449, 17026, 88176, 62182, 47632, 67403, 81776, 18749, 17360, 69746, 82035, 49393, 60430, 72296, 15809, 97524, 62557, 75766, 17803, 7392, 76993, 25682, 87725, 83417, 93342, 413, 34339, 16687, 84259, 30672, 20500, 72034, 51858, 48530, 9259, 79552, 14869, 29785, 24351, 97653, 91289, 55221, 19679, 38763, 61753, 92968, 73401, 86944, 65480, 16560, 85358, 61534, 70152, 24310, 95938, 18224, 29317, 42833, 67326, 20982, 56031, 18493, 328, 10885, 66720, 58842, 94207, 11242, 28640, 19042, 25845, 20818, 31498, 59575, 67813, 78145, 52898, 89574, 49441, 42724, 61989, 6712, 33241, 69162, 92782, 45657, 99426, 7353, 49577, 34315, 51351, 90961, 83053, 92297, 46482, 35337, 8377, 51554, 10215, 3779, 14647, 14425, 13026, 97914, 80549, 87914, 51345, 848, 58493, 81305, 13037, 1413, 91859, 95362, 11653, 28985, 43403, 69466, 1107, 29055, 55179, 47940, 36328, 94091, 65554, 34216, 21686, 36793, 33800, 20179, 13055, 46725, 86702, 35264, 40656, 51019, 11856, 30930, 60933, 13069, 1389, 10179, 16245, 90916, 11713, 30263, 89013, 95529, 71215, 69079, 47506, 56895, 48944, 95122, 4061, 89304, 38140, 13996, 21492, 58918, 9900, 18313, 55462, 14505, 90801, 28580, 69519, 97123, 82553, 50312, 76479, 16657, 59126, 56828, 94788, 87339, 65353, 3688, 92402, 75982, 7037, 49182, 2724, 4310, 46704, 23973, 44306, 69366, 31733, 38583, 96901, 36335, 94976, 83209, 14978, 24365, 39494, 92714, 4097, 31879, 42196, 24703, 48340, 6562, 52137, 54772, 76878])"
38.0,1,1,14,0.9413268566131592,70229,"Genotype(dna=[69499, 47047, 16901, 27415, 87121, 34276, 85486, 75585, 80761, 5337, 19897, 78695, 89318, 4802, 25223, 76111, 41465, 58048, 92930, 17726, 80499, 35673, 72654, 46950, 34691, 69492, 12768, 22183, 78249, 81520, 33303, 31990, 63603, 56883, 30111, 30453, 25061, 93975, 97014, 27024, 62645, 52406, 46631, 69824, 26807, 23382, 72568, 86864, 44249, 71380, 53303, 13919, 68612, 54647, 58325, 82291, 59330, 82862, 70628, 48056, 526, 95863, 45330, 53651, 87804, 4583, 33050, 68271, 91293, 50774, 6480, 82577, 38343, 84253, 54165, 1725, 72497, 82562, 76269, 14211, 78152, 31878, 42038, 63217, 1715, 3559, 75164, 88178, 41002, 83546, 75669, 18444, 94285, 95248, 97373, 83171, 25924, 89439, 9408, 81685, 40159, 7344, 36838, 71364, 18704, 53229, 62573, 88309, 88036, 42940, 65804, 11478, 13647, 52586, 14749, 78947, 49293, 83334, 86931, 31065, 71568, 48251, 4910, 77462, 32733, 39637, 50577, 32458, 12845, 85383, 87437, 86092, 61458, 64765, 36637, 95018, 86852, 37613, 59719, 64799, 9199, 43262, 27849, 1224, 73854, 42973, 91296, 2826, 4260, 11696, 9594, 996, 53024, 20740, 24579, 99047, 38598, 55990, 28493, 35348, 47052, 96989, 46097, 65268, 19522, 4472, 75138, 25287, 41559, 52318, 20004, 12558, 7826, 17265, 93352, 80375, 74186, 16270, 31955, 23724, 71761, 33392, 83789, 78502, 89125, 33160, 64482, 56833, 69402, 92826, 92974, 20695, 57662, 94274, 13946, 56530, 50659, 93344, 37799, 75282, 14914, 94256, 99174, 20990, 22327, 50477, 5531, 72241, 6718, 70493, 1918, 39481, 56010, 92314, 81125, 86719, 7984, 87853, 36392, 49621, 13725, 93907, 47704, 19018, 98887, 83703, 31661, 72393, 76545, 86776, 37426, 5561, 72485, 94782, 20985, 98279, 33824, 61776, 94378, 42832, 18840, 64105, 9835, 4112, 94128, 4445, 74708, 49108, 77845, 18060, 22467, 19764, 97380, 75107, 34750, 19278])"
38.0,1,1,15,0.9891929626464844,70229,"Genotype(dna=[87948, 89516, 73423, 69062, 63125, 17707, 73376, 1970, 49531, 65567, 21572, 53713, 98785, 27088, 42576, 74792, 20195, 65743, 56315, 94473, 78256, 33993, 91194, 44996, 70681, 15941, 36041, 62617, 57757, 17994, 25546, 94267, 5343, 94135, 1066, 19386, 23163, 99979, 30129, 8679, 1699, 5981, 59267, 82644, 31412, 51099, 80261, 95058, 66675, 76370, 53736, 88570, 23414, 72751, 85936, 40444, 6121, 15333, 31368, 33938, 83956, 63988, 34417, 40436, 71007, 98385, 68906, 83983, 60853, 99935, 91921, 89378, 53903, 36679, 23525, 45899, 94114, 37196, 43746, 25265, 99389, 36136, 65364, 32702, 14355, 54604, 57672, 19542, 91735, 73475, 80155, 16288, 26108, 89618, 41171, 89267, 61910, 34204, 60063, 84856, 76978, 67692, 77815, 38689, 18910, 15914, 14954, 86955, 32900, 46222, 78116, 99778, 58934, 47176, 96706, 23380, 61819, 54687, 78443, 99130, 7158, 65572, 81295, 53008, 960, 69262, 38577, 33694, 19822, 92834, 36243, 63434, 48955, 10360, 91723, 23519, 62140, 35637, 9042, 4909, 97376, 68851, 84221, 51054, 22846, 13277, 67623, 75960, 46555, 8567, 5788, 19629, 97293, 86163, 89004, 10428, 19056, 50163, 16983, 94892, 4166, 60479, 37489, 10469, 82867, 88973, 67247, 31560, 19139, 33857, 13780, 57565, 89741, 91156, 64355, 18419, 1142, 60209, 71258, 52483, 74959, 12558, 74988, 11049, 22301, 96479, 24983, 54298, 87615, 62987, 13672, 12812, 40105, 26951, 24097, 85124, 69651, 90435, 30852, 78027, 25836, 43805, 64672, 30548, 6678, 90137, 32091, 37677, 56959, 1004, 44702, 64611, 55868, 60768, 43262, 78273, 39637, 97605, 66454, 39632, 85692, 95489, 50168, 57171, 14474, 57214, 56175, 69284, 35071, 73896, 36887, 42046, 12319, 47123, 14909, 47035, 10010, 28149, 32347, 53714, 51370, 41504, 81509, 88406, 98534, 87256, 81080, 95203, 16188, 4864, 63712, 90451, 40274, 73091, 36047, 94499])"
38.0,1,1,16,1.1160664558410645,70229,"Genotype(dna=[11754, 81241, 17608, 74201, 83809, 9507, 56921, 98908, 1344, 4155, 33198, 45050, 34610, 74567, 38660, 36617, 22129, 2569, 66699, 13706, 51204, 41108, 85331, 33522, 51658, 61734, 32974, 78067, 9817, 43382, 68637, 95979, 14657, 70963, 77619, 63391, 32864, 74606, 52091, 91030, 92176, 61985, 84121, 91531, 88584, 78758, 13406, 29223, 74262, 96564, 52168, 23105, 98446, 12874, 32723, 1809, 57915, 60704, 91125, 89339, 87107, 49702, 48146, 5154, 3965, 31317, 68650, 43771, 46200, 23649, 3882, 82108, 56169, 56708, 49080, 83554, 2698, 75860, 81277, 35180, 56455, 29781, 33915, 50816, 27412, 74952, 62154, 78423, 13629, 79160, 51726, 93483, 83739, 78101, 48161, 28557, 2806, 16065, 84395, 51253, 91604, 3399, 45304, 86048, 6582, 41259, 60912, 36925, 86722, 12917, 67045, 92750, 391, 55404, 23230, 17656, 14185, 12412, 38515, 56115, 36175, 72935, 42113, 15772, 34852, 29261, 70380, 44195, 16984, 29590, 13986, 15564, 76791, 68880, 48835, 81128, 87173, 17521, 69322, 51469, 4250, 58769, 75943, 4970, 3640, 73779, 48615, 85347, 28980, 57427, 18314, 59517, 29661, 18731, 72523, 92420, 49821, 48848, 50310, 66633, 13457, 5205, 9583, 67953, 58009, 73746, 86519, 80182, 70482, 97680, 2406, 56841, 88269, 74667, 98444, 96783, 56428, 87477, 4207, 58138, 60608, 248, 79154, 43731, 24861, 10864, 7827, 95431, 97359, 78236, 81921, 60739, 63092, 57585, 95957, 86140, 39025, 61639, 37980, 88410, 33393, 59225, 37370, 25149, 72703, 21935, 16968, 83332, 66722, 10495, 58047, 4029, 67402, 27438, 88140, 27980, 63299, 49802, 21882, 62999, 13129, 58509, 71148, 88253, 95976, 66026, 92645, 95398, 71634, 5069, 10617, 13935, 72526, 65883, 6106, 82852, 45711, 9001, 19429, 26128, 3825, 50666, 15631, 43581, 88383, 99869, 20138, 56812, 43369, 48255, 66801, 65920, 32112, 16124, 18351, 78361])"
38.0,1,1,17,1.1626152992248535,70229,"Genotype(dna=[20144, 66055, 96937, 82534, 72089, 84916, 26920, 26843, 19833, 14829, 22739, 23289, 3770, 11198, 89560, 36675, 8035, 73494, 97083, 74799, 38684, 61498, 38983, 87262, 734, 91525, 25362, 39730, 63053, 35700, 26505, 32499, 15118, 62655, 14265, 59109, 12511, 89844, 56930, 12699, 83515, 36226, 7895, 34893, 23230, 6577, 41546, 7586, 90622, 42320, 4847, 15719, 96282, 29084, 6599, 34013, 61781, 59689, 12824, 85417, 81683, 25100, 59880, 26451, 63843, 29112, 24056, 63927, 68265, 85154, 45287, 55067, 16490, 22890, 69472, 33698, 1445, 52661, 34233, 85253, 97233, 94929, 24833, 28037, 88469, 41067, 84787, 60068, 15103, 11238, 51806, 30285, 37393, 53945, 51887, 72711, 2411, 961, 34179, 51611, 3892, 50881, 86878, 13725, 35172, 41784, 12167, 64560, 72652, 95920, 58304, 83048, 50494, 2485, 27954, 97234, 5038, 8380, 11206, 76150, 36987, 84106, 21765, 13702, 3935, 52304, 52437, 89897, 70257, 67323, 22292, 34925, 94497, 71227, 91779, 67698, 53763, 38158, 44565, 24807, 51523, 61602, 60211, 244, 54150, 34641, 20403, 45466, 16071, 17865, 78711, 41936, 85977, 43044, 57143, 9868, 12053, 28569, 2804, 72233, 16673, 3200, 24748, 11056, 7052, 20608, 60073, 94938, 90783, 13234, 79629, 84182, 96907, 93248, 34543, 57755, 65374, 16391, 55653, 36437, 77564, 35349, 38860, 46419, 13164, 28381, 37185, 40855, 41012, 21375, 59320, 31261, 28613, 79502, 43012, 55770, 80654, 62430, 15124, 1207, 49787, 61786, 99356, 60564, 38860, 78084, 37256, 33503, 20143, 55695, 41957, 2187, 22269, 53301, 10126, 64630, 11598, 71096, 44254, 54133, 76854, 56048, 32801, 67776, 52575, 11833, 83647, 93740, 71904, 33327, 30271, 48538, 5240, 82650, 50434, 46439, 15398, 7489, 36503, 88291, 7696, 92684, 33160, 89130, 74566, 13657, 19733, 50681, 77279, 33762, 96859, 45372, 51952, 73660, 19278, 28721])"
38.0,1,1,18,1.2079977989196777,70229,"Genotype(dna=[18724, 33708, 35596, 77544, 79966, 81447, 20681, 13863, 58742, 56777, 83068, 26519, 12116, 39583, 51906, 16760, 11117, 36793, 13680, 27731, 98694, 84505, 30458, 32398, 39156, 85638, 20390, 75702, 45150, 77436, 60822, 53845, 47284, 31036, 82858, 59740, 35778, 59060, 43982, 47260, 8156, 14333, 70268, 64815, 44938, 61510, 42809, 62001, 81636, 88928, 46114, 70026, 10720, 92138, 4901, 40623, 82592, 70731, 8968, 49841, 56175, 60393, 32632, 91372, 23918, 10286, 57411, 32346, 42633, 55265, 15712, 4171, 11253, 51664, 10351, 52713, 42234, 25795, 13764, 15693, 50398, 73653, 38223, 17514, 7678, 65355, 79101, 68612, 98232, 71337, 74370, 58115, 68221, 47065, 82400, 97260, 73811, 89620, 69317, 24377, 17495, 49069, 78199, 39792, 62457, 88097, 79801, 18932, 95733, 45569, 28046, 59788, 34647, 75007, 5318, 38553, 55294, 11760, 28402, 3957, 80211, 66781, 25417, 70402, 34988, 38846, 32377, 45469, 64347, 3836, 37143, 66359, 41291, 51765, 35217, 71034, 36761, 71457, 74579, 21196, 72147, 65633, 57824, 34178, 43481, 96116, 43850, 56770, 45335, 35528, 6350, 29620, 99493, 59719, 52105, 1174, 13270, 35620, 94061, 43052, 37901, 2839, 71429, 87478, 87961, 406, 16676, 96573, 60663, 92670, 8718, 47722, 20373, 45707, 82754, 27313, 25992, 78695, 80547, 39519, 34660, 10215, 22934, 68370, 74933, 6893, 47860, 59415, 63586, 73139, 88064, 39620, 300, 18816, 85846, 7028, 74227, 16698, 28473, 67465, 31496, 19190, 18472, 34727, 95031, 1658, 51, 14772, 77168, 13534, 93306, 71565, 92401, 47193, 20668, 7126, 93894, 72046, 50344, 33595, 23160, 75903, 40333, 86206, 63011, 94788, 92395, 15478, 33221, 21142, 68141, 16287, 22939, 37151, 7801, 76969, 66342, 11304, 29224, 36349, 31578, 294, 75820, 95321, 30923, 65302, 71885, 55181, 99248, 71657, 63199, 24738, 99172, 38236, 66294, 43913])"
38.0,1,1,19,1.3061580657958984,70229,"Genotype(dna=[70563, 43841, 85600, 75684, 29973, 22631, 20149, 28474, 72838, 36353, 74836, 7585, 64731, 25497, 64637, 35704, 78022, 11656, 59681, 62527, 80916, 35641, 11951, 31575, 35997, 94133, 12099, 49649, 63392, 27391, 85100, 72584, 33640, 78456, 39812, 29230, 37796, 6868, 24786, 76655, 33356, 94303, 43167, 19550, 24604, 52004, 88410, 69097, 7457, 17971, 69614, 9685, 19753, 99805, 12663, 17998, 37325, 312, 97415, 20571, 50283, 46100, 21359, 28418, 97779, 85366, 43309, 5601, 33274, 42838, 58203, 88877, 94716, 70814, 72599, 49903, 39475, 72053, 56163, 22466, 27702, 20826, 72794, 20533, 60515, 27648, 83454, 67166, 81333, 12648, 99388, 22917, 16035, 78531, 96868, 92309, 64147, 68915, 49198, 89138, 44470, 6245, 68372, 93347, 51734, 71591, 50011, 98824, 51572, 50563, 84763, 51018, 24095, 90816, 65848, 34279, 26853, 71, 37476, 64559, 15407, 98190, 81734, 27197, 59405, 85801, 24513, 31278, 71624, 64405, 14126, 23848, 67759, 30074, 35890, 37282, 26709, 34967, 18736, 40178, 29619, 57356, 25949, 95667, 70195, 53766, 46851, 37199, 81085, 93303, 94196, 81012, 81405, 6215, 11761, 46887, 39614, 14165, 44112, 21573, 66833, 71605, 19098, 345, 37439, 18891, 17076, 98636, 53225, 78113, 50456, 97657, 63917, 86431, 21898, 58107, 20499, 25993, 55184, 81470, 9941, 93428, 74414, 48486, 74214, 85972, 86875, 15865, 22632, 57758, 83517, 90642, 46082, 12616, 9805, 7485, 62627, 45448, 58514, 62365, 45109, 89630, 43329, 76713, 12578, 6250, 63483, 6146, 60836, 45984, 39922, 54215, 89936, 99827, 50098, 26948, 92040, 43049, 34535, 91529, 53894, 40312, 95022, 85946, 74444, 47235, 13816, 98170, 10711, 11577, 45, 95270, 86356, 41981, 43888, 60437, 27611, 36761, 79409, 4363, 93420, 4821, 81043, 33997, 23173, 94892, 51953, 71546, 38147, 29423, 81148, 71813, 2522, 17405, 49155, 16200])"
38.0,1,1,20,1.506025791168213,70229,"Genotype(dna=[89846, 78109, 88931, 73784, 59296, 88421, 43189, 52008, 52437, 84037, 59245, 738, 26644, 57688, 54221, 61488, 60701, 90369, 58089, 59362, 32275, 93825, 12215, 87415, 64206, 42459, 36902, 56599, 60942, 8067, 47999, 78112, 83949, 85453, 73937, 20338, 17467, 78354, 43894, 37956, 15410, 8005, 98237, 61365, 27922, 38571, 88739, 57845, 43841, 43509, 16999, 38002, 97145, 72232, 41895, 56134, 6677, 37203, 31221, 14450, 20592, 13144, 47659, 96746, 67264, 66266, 54564, 15272, 65867, 16177, 38621, 49183, 43691, 86401, 27399, 46655, 97192, 26855, 42321, 25271, 96697, 76652, 85805, 5618, 23398, 75033, 40128, 53408, 83004, 70556, 17206, 82890, 30558, 44761, 92983, 11171, 7459, 27364, 71944, 92305, 53289, 50624, 12459, 54712, 98118, 46785, 29734, 60097, 50716, 86420, 93084, 58729, 10827, 99393, 42396, 90179, 55632, 22349, 42375, 12774, 92073, 38750, 23697, 26165, 83988, 97885, 76550, 89773, 71043, 96546, 97253, 50150, 99924, 34972, 98281, 41252, 31555, 9839, 21728, 43140, 705, 39344, 27312, 11375, 96008, 57540, 46213, 49385, 91156, 88451, 21564, 26198, 64950, 88299, 88786, 74578, 30917, 51631, 45454, 35979, 74407, 70170, 47043, 2122, 90481, 38495, 35467, 92922, 82737, 34535, 12076, 28646, 33616, 88312, 42697, 87958, 67198, 76752, 2837, 43788, 98268, 52851, 17969, 95976, 18441, 47990, 15983, 72798, 90935, 68032, 9244, 53227, 9179, 4886, 76614, 19871, 45674, 92142, 65572, 67200, 50938, 95384, 90200, 3444, 57478, 36536, 39831, 67394, 24018, 85947, 86758, 95657, 48134, 26238, 19345, 83305, 38890, 88407, 61119, 78881, 89570, 58126, 52216, 24589, 1839, 62730, 74557, 99284, 23169, 30817, 25031, 75415, 97741, 83814, 84396, 39826, 31233, 90678, 44850, 91478, 69172, 44486, 26553, 36687, 20631, 93666, 62755, 66371, 51761, 74639, 26341, 44432, 27368, 34747, 26358, 58710])"
38.0,1,1,21,1.5534706115722656,70229,"Genotype(dna=[24562, 45290, 33356, 97531, 77081, 84842, 9829, 94419, 40221, 13947, 41480, 84490, 64807, 45648, 58758, 51764, 77160, 59469, 53000, 52931, 69835, 89884, 91194, 52058, 33392, 66434, 57059, 97130, 42963, 36005, 27431, 27760, 82470, 59529, 56846, 53416, 37463, 26582, 60965, 55132, 27914, 54800, 37162, 61790, 30561, 27788, 46163, 57473, 43079, 4455, 56702, 83627, 91283, 73086, 98486, 17930, 80670, 65915, 82779, 24547, 99415, 88081, 68840, 53798, 21164, 69892, 12273, 26332, 560, 72021, 1548, 56003, 59821, 90364, 57803, 10625, 18841, 60083, 66978, 60208, 45434, 62945, 92001, 27674, 87905, 11611, 15614, 16271, 42589, 63539, 22461, 79640, 71905, 46369, 97198, 32256, 25037, 78371, 83796, 53186, 91601, 75458, 95514, 53562, 62195, 7557, 2887, 71298, 37263, 49953, 90318, 71456, 17261, 59974, 36961, 77591, 24522, 834, 84662, 68088, 5655, 40186, 88747, 43378, 80223, 41305, 82775, 35547, 63309, 43399, 52114, 33141, 71037, 19615, 18451, 13227, 83394, 64684, 99384, 46433, 4589, 83248, 24067, 76026, 11319, 38770, 84295, 9120, 45883, 19101, 59303, 28059, 60995, 35390, 26017, 51826, 94862, 96383, 56017, 53041, 2823, 48647, 39755, 82312, 20369, 57523, 38734, 52115, 75787, 58385, 12053, 70071, 16841, 73617, 42960, 19356, 4060, 90524, 673, 51315, 95481, 55827, 46769, 44538, 73067, 17328, 76901, 24881, 11387, 27873, 52240, 83346, 38846, 87048, 45046, 6338, 86188, 29715, 28787, 43767, 22901, 83767, 18805, 95372, 27192, 63268, 70875, 83590, 8521, 32918, 41333, 37838, 11298, 91076, 79989, 74743, 25428, 93661, 71187, 20343, 30820, 11854, 32997, 38082, 90955, 58853, 28828, 50064, 18863, 26820, 91882, 66063, 95957, 51238, 2357, 29897, 70254, 71904, 82909, 63698, 38591, 91014, 90287, 38091, 80452, 16984, 68323, 90955, 10003, 3728, 91718, 61151, 50924, 37525, 7273, 8251])"
38.0,1,1,22,1.6048228740692139,70229,"Genotype(dna=[20172, 2915, 5341, 15459, 20993, 21396, 89822, 99804, 47988, 37923, 30345, 35333, 63488, 8674, 6863, 60817, 15997, 91447, 76793, 98110, 30833, 71931, 6571, 93009, 54204, 34662, 2949, 58518, 54588, 87637, 24895, 23151, 72300, 98265, 27924, 50917, 77878, 57706, 59308, 69477, 36271, 56906, 62306, 75661, 58212, 61959, 64316, 12064, 92997, 86190, 29635, 39105, 59208, 22867, 45243, 35152, 79419, 63211, 89741, 80839, 35145, 52581, 76467, 72835, 57414, 74862, 39030, 25343, 49716, 34563, 44097, 1737, 48939, 2284, 86402, 40989, 5393, 87262, 27309, 14302, 11066, 54393, 68104, 91850, 18455, 53543, 31400, 56864, 34544, 68381, 62733, 999, 64500, 20928, 66612, 92040, 34194, 93488, 14751, 34690, 10260, 26126, 38055, 55312, 75256, 190, 71152, 12197, 60305, 77572, 69311, 81037, 12067, 73416, 61017, 10615, 91053, 97889, 60868, 23573, 45297, 48971, 64733, 22439, 22050, 52364, 15477, 75501, 26662, 75058, 22743, 13780, 7301, 88457, 15234, 66015, 90463, 83897, 29342, 87217, 49417, 53925, 36133, 36408, 9221, 36040, 65048, 32094, 15939, 29689, 13302, 1619, 16278, 49407, 44363, 44313, 29104, 95171, 74833, 78749, 82217, 56495, 10403, 18877, 2041, 10111, 17993, 72354, 69716, 36545, 20274, 70853, 33529, 90088, 50430, 81188, 89391, 45545, 92576, 45398, 25737, 80967, 83694, 55350, 75334, 96841, 47189, 54015, 14781, 29018, 7135, 7895, 3360, 6028, 59018, 3323, 55271, 25374, 38385, 1322, 67934, 39784, 32807, 34233, 14200, 85655, 64163, 16490, 25069, 51915, 77102, 39845, 51838, 24677, 51865, 10982, 12061, 28918, 37575, 62516, 72321, 8136, 89032, 20256, 72013, 23734, 35964, 88754, 27236, 15044, 4234, 155, 2552, 8064, 35935, 27204, 34302, 21282, 64790, 96981, 64737, 64150, 47384, 39853, 53148, 20460, 67636, 19096, 58966, 95313, 29595, 3399, 22815, 48873, 38959, 34809])"
38.0,1,1,23,1.6379122734069824,70229,"Genotype(dna=[19896, 79308, 89215, 86420, 49545, 72715, 98348, 92183, 74612, 96703, 19060, 85504, 35892, 45128, 44809, 72759, 47383, 88615, 16417, 24243, 8742, 22647, 50067, 47250, 85271, 72479, 60789, 70017, 15716, 7995, 50364, 5735, 77537, 77410, 34419, 15951, 14211, 43236, 1820, 81474, 3083, 79764, 43329, 12080, 24274, 47078, 37444, 6025, 72963, 36552, 93250, 8471, 61204, 77766, 21169, 16027, 40743, 3379, 84674, 12843, 21951, 59939, 39807, 84106, 29596, 87040, 98882, 39171, 13835, 37702, 61413, 85484, 89031, 26906, 89947, 91203, 91737, 25168, 12809, 45687, 12172, 3172, 25201, 44417, 36686, 712, 34808, 96503, 8411, 3805, 6425, 22588, 64375, 92373, 61064, 2238, 51354, 74116, 37083, 37615, 16756, 10079, 72023, 92612, 65877, 54404, 47778, 4324, 75537, 12677, 77840, 52138, 67876, 55992, 61306, 19125, 98012, 45620, 68634, 44599, 12820, 35503, 40604, 16317, 17779, 31871, 42570, 78748, 86191, 17233, 9931, 82681, 4180, 52200, 43432, 14906, 54405, 52387, 14624, 82557, 2993, 21713, 29866, 39888, 93738, 4533, 71669, 17513, 25508, 29274, 86262, 30814, 52105, 16502, 27728, 18487, 64813, 11276, 64608, 89819, 98656, 68863, 49628, 74746, 70415, 81555, 82925, 34838, 29588, 5848, 27391, 83735, 31024, 96230, 34937, 28268, 24827, 52012, 17294, 62047, 81031, 5970, 16188, 32184, 13005, 41208, 80, 48351, 57117, 28622, 31821, 87653, 30415, 25856, 34726, 52513, 92388, 68785, 99356, 6196, 34913, 87109, 51759, 26767, 52979, 21700, 90553, 88667, 47837, 13585, 67146, 98730, 8229, 90449, 85304, 51856, 53399, 1323, 90336, 73015, 48243, 1839, 21113, 96656, 26192, 39270, 48975, 27744, 64638, 73376, 60786, 74012, 19979, 34280, 84586, 45407, 28586, 30214, 89432, 59140, 41168, 49830, 21510, 42445, 31219, 57628, 7524, 20731, 34626, 30667, 72396, 95650, 11045, 42222, 54274, 77251])"
38.0,1,1,24,1.754714012145996,70229,"Genotype(dna=[93182, 16585, 96213, 49070, 47464, 23557, 39211, 95785, 40640, 28663, 38820, 93929, 49136, 42628, 52260, 11659, 91811, 71955, 85352, 74557, 68825, 48588, 38305, 53119, 59418, 75368, 58209, 33914, 79364, 57722, 27043, 82045, 79293, 50753, 93508, 59400, 25455, 79606, 24898, 76068, 56038, 1208, 45735, 63153, 7485, 15557, 79691, 57187, 36486, 90882, 63766, 99320, 98810, 61067, 5820, 58925, 23016, 20927, 9844, 6824, 67555, 73981, 79661, 17996, 29781, 51642, 42107, 55649, 27665, 89657, 8753, 52035, 98695, 21493, 23257, 17402, 11848, 4482, 48419, 47334, 80115, 50742, 70491, 54219, 68746, 14474, 99808, 22986, 20304, 68378, 59621, 22933, 85502, 27904, 12203, 98837, 25169, 11262, 57997, 86133, 12754, 72732, 13726, 35167, 72441, 13636, 39869, 51011, 89540, 40902, 19273, 49728, 69056, 82009, 62299, 80719, 41558, 69446, 33042, 51414, 3673, 29461, 22090, 5598, 83219, 75704, 79977, 75122, 56736, 41624, 16582, 45514, 9248, 6465, 18016, 83682, 97814, 92354, 71931, 70259, 33067, 25153, 68580, 42492, 14244, 86357, 18455, 54472, 15469, 89944, 68132, 76390, 24363, 39557, 93109, 7374, 78702, 68633, 87572, 91610, 59165, 36824, 8913, 41244, 43789, 55951, 45380, 10525, 84977, 54684, 2787, 14728, 3426, 6368, 14323, 84144, 2660, 76826, 12991, 21577, 24274, 90674, 68721, 79617, 17472, 75787, 76479, 96073, 73795, 41659, 11370, 43280, 75065, 91799, 75753, 85138, 4971, 25060, 49281, 52904, 50592, 85129, 51444, 1550, 31492, 16075, 53043, 44880, 37886, 28394, 76134, 35438, 80187, 23030, 79315, 30391, 90721, 76498, 29943, 43196, 59551, 35413, 46178, 41034, 9227, 80114, 48313, 74221, 2906, 89872, 61643, 54390, 56789, 39585, 77922, 86097, 89078, 68245, 42340, 25008, 49383, 94381, 16539, 17283, 77730, 98830, 61562, 67540, 25974, 9726, 57050, 60469, 56092, 17374, 12562, 78168])"
38.0,1,1,25,1.8531854152679443,70229,"Genotype(dna=[54995, 98570, 28167, 3858, 24459, 66979, 47170, 7602, 66279, 80878, 24373, 78341, 20098, 26592, 51748, 98552, 90701, 60061, 18865, 32445, 1833, 41381, 51269, 1726, 34006, 89686, 33520, 56451, 58796, 43258, 40792, 66932, 15437, 52398, 39933, 1393, 68990, 14230, 3818, 56676, 52442, 87839, 60390, 15495, 59323, 49409, 51054, 5526, 95277, 38497, 44388, 69112, 95463, 62110, 18434, 53606, 23890, 81123, 52406, 25416, 76356, 78155, 16400, 6657, 26458, 25607, 74888, 20777, 63619, 64781, 62769, 6242, 57190, 85694, 58133, 76768, 51375, 90450, 7059, 87967, 33086, 84325, 71330, 67993, 97409, 82501, 82389, 94481, 48557, 37165, 91196, 95005, 90251, 53019, 23066, 91854, 57795, 51776, 18818, 85875, 36053, 48167, 1559, 72845, 29157, 14638, 45436, 34835, 38089, 44730, 79210, 53811, 76126, 82605, 71857, 57815, 65312, 19363, 85149, 82589, 49749, 90331, 12210, 64232, 4399, 22305, 83760, 42982, 42695, 80822, 96331, 14955, 31908, 61920, 72738, 76037, 68304, 96966, 89025, 23219, 11341, 74318, 9326, 76397, 44678, 29349, 58406, 65151, 78063, 37790, 76653, 31879, 70865, 26423, 63069, 86887, 35900, 10834, 62574, 90738, 80578, 60961, 11130, 95265, 91567, 46057, 85962, 32651, 53196, 10353, 51914, 17793, 92558, 65545, 41757, 90107, 19716, 96871, 46009, 54689, 37819, 89664, 38636, 28342, 67414, 50399, 29798, 64728, 59462, 94695, 2325, 57546, 40357, 5510, 49602, 52179, 5255, 59446, 25917, 82371, 85310, 35857, 79303, 73470, 74946, 41826, 46423, 95646, 86398, 80098, 45937, 93165, 45037, 76757, 28184, 36908, 11248, 26216, 10579, 31363, 38137, 23166, 15626, 92187, 2229, 11528, 60215, 74294, 10646, 85875, 16515, 74249, 7426, 21633, 73402, 30292, 68593, 12538, 8071, 15367, 32985, 78759, 29035, 48325, 1894, 95425, 71594, 24758, 43263, 33808, 65406, 45609, 70457, 14434, 11737, 56241])"
38.0,1,1,26,1.8893742561340332,70229,"Genotype(dna=[15676, 83442, 46905, 16776, 74364, 76078, 99684, 93796, 66878, 6369, 66571, 86098, 23081, 1264, 21844, 71672, 50905, 81627, 37476, 80027, 46457, 26547, 60171, 14553, 74729, 588, 24496, 30896, 27011, 33355, 78348, 56725, 29042, 19864, 21539, 3488, 18424, 28678, 26746, 4450, 72978, 96530, 84462, 51913, 38095, 19947, 93013, 35017, 4146, 45573, 26544, 40929, 2301, 20910, 74819, 24926, 63878, 77408, 70666, 93824, 67255, 44722, 44076, 55162, 2930, 60564, 17049, 319, 21872, 37910, 12258, 38041, 11628, 20234, 75138, 66632, 32296, 62972, 43881, 53892, 77896, 41232, 35113, 43511, 22426, 40494, 34318, 45599, 87681, 28365, 77576, 10419, 63211, 32270, 73842, 47737, 42695, 13383, 59928, 12565, 8647, 33464, 78731, 19916, 21721, 96158, 57165, 62636, 18106, 47012, 81109, 19291, 3604, 1274, 14783, 78562, 70015, 62675, 6386, 15834, 80220, 18744, 37975, 12989, 53040, 32365, 25547, 66097, 9339, 99792, 39013, 92644, 90636, 21326, 18039, 71486, 11857, 29555, 35049, 21317, 70122, 55691, 59540, 6802, 5368, 20650, 30462, 80561, 7833, 18672, 37352, 87156, 43109, 64107, 71507, 30547, 42168, 4839, 25167, 13412, 30610, 7053, 10482, 51588, 28744, 59908, 6398, 62993, 42957, 62504, 13911, 2572, 22620, 37801, 52018, 29676, 62439, 39105, 31335, 25497, 74951, 56911, 79141, 3860, 97242, 45297, 34144, 29169, 66770, 86409, 22686, 5702, 10818, 48503, 71543, 32036, 20008, 19327, 55737, 66057, 7665, 14507, 35417, 98456, 73309, 40863, 66723, 64929, 95994, 75194, 42519, 75861, 24641, 56853, 31590, 46261, 74158, 76196, 54084, 5813, 95602, 39663, 18598, 53129, 40778, 94565, 51335, 62483, 46489, 28176, 99388, 24828, 54447, 80937, 36304, 56022, 79470, 29684, 30789, 30755, 9244, 22357, 93067, 86095, 63763, 38453, 90137, 83901, 48735, 48553, 67651, 56403, 69917, 51632, 81914, 79846])"
38.0,1,1,27,1.928621768951416,70229,"Genotype(dna=[22641, 44070, 36288, 71529, 28015, 19858, 33702, 33193, 84955, 90911, 96890, 73563, 73035, 53200, 93766, 40719, 45740, 64827, 81048, 32292, 38526, 65524, 38353, 48971, 83979, 13798, 29672, 50489, 72325, 62693, 17827, 24994, 46377, 64574, 31396, 45164, 28084, 95364, 65110, 11606, 40858, 2206, 84895, 79435, 51188, 13824, 97890, 32911, 8508, 53186, 68022, 21547, 36956, 56950, 88861, 39349, 16320, 42334, 32065, 91238, 28225, 79995, 70302, 25098, 93381, 43949, 69979, 61286, 21721, 26720, 50617, 8830, 16300, 26921, 33945, 77283, 10941, 33426, 73545, 53707, 7815, 91039, 71825, 75579, 82843, 28370, 52034, 72472, 54373, 38936, 19071, 47476, 33959, 4369, 96420, 87538, 3567, 13915, 82722, 10234, 5681, 20653, 63460, 80233, 54915, 67636, 93141, 91359, 42668, 72073, 67479, 64266, 37433, 43818, 63965, 15470, 38647, 90398, 14432, 26365, 48755, 11112, 96501, 35148, 70746, 16838, 71681, 89616, 84229, 83320, 32578, 4426, 95190, 43273, 98476, 16019, 71372, 41731, 6341, 67108, 98910, 39428, 41264, 56664, 35312, 62703, 38470, 80344, 23323, 95993, 50474, 20737, 18632, 71630, 14464, 91822, 39902, 79327, 42531, 44240, 9569, 32773, 39654, 83606, 57553, 55276, 49301, 71248, 70645, 15583, 16464, 81490, 98909, 94891, 41997, 28346, 90027, 34871, 48507, 2623, 96253, 44041, 11724, 65507, 93704, 32019, 62788, 45875, 81310, 11961, 35464, 375, 99130, 75222, 88212, 26081, 16636, 75633, 19430, 26170, 56062, 86913, 72507, 51887, 92857, 17724, 92358, 63361, 75407, 98642, 58686, 68362, 95057, 86239, 89832, 6733, 50562, 7471, 61998, 89974, 8264, 27517, 74894, 77640, 87184, 1929, 72667, 69630, 25739, 58547, 41921, 72930, 86520, 95362, 98133, 59108, 69567, 97249, 26546, 60668, 29761, 72139, 513, 88888, 48279, 35516, 71553, 64210, 29875, 5344, 65152, 41090, 35705, 39497, 23862, 8960])"
38.0,1,1,28,1.95674729347229,70229,"Genotype(dna=[75492, 13493, 5716, 31368, 47124, 56106, 57033, 23919, 72800, 69128, 6772, 30806, 86402, 8728, 67893, 12773, 81878, 67998, 50678, 52805, 53607, 10440, 86262, 53950, 18753, 66172, 42624, 58099, 4350, 66549, 64013, 29479, 78699, 84666, 26822, 19949, 16213, 95451, 30783, 90833, 58383, 93544, 59908, 59372, 3231, 83642, 14448, 59088, 67814, 24844, 53585, 97030, 25019, 32763, 67852, 52825, 87065, 89283, 43073, 2460, 93034, 17682, 89401, 58502, 2081, 85090, 20044, 49909, 80622, 41880, 99504, 12160, 22031, 36584, 89394, 88671, 27483, 94391, 27363, 67947, 84798, 5915, 84513, 72472, 63687, 83418, 73792, 60787, 10955, 38571, 15388, 19472, 14069, 84303, 15548, 56372, 75523, 29634, 76378, 85145, 5453, 27778, 72749, 85007, 94507, 45799, 60411, 6580, 45979, 65435, 25836, 28727, 83890, 73534, 22554, 64217, 44190, 19532, 19231, 54856, 68619, 26619, 50388, 51411, 22574, 34505, 33158, 83080, 777, 70176, 58439, 20294, 68790, 45420, 89153, 8962, 22091, 7654, 71121, 88182, 4013, 86260, 4867, 20336, 45497, 44657, 60183, 71625, 87987, 29487, 29165, 69950, 11208, 33118, 93782, 78453, 80353, 25808, 63472, 64759, 26442, 98151, 75007, 35277, 2256, 90446, 70044, 19711, 35121, 77246, 28240, 44731, 89479, 70304, 28323, 43778, 67550, 58510, 62836, 35145, 13231, 57268, 95357, 57422, 95866, 43461, 88869, 34108, 11856, 81625, 39043, 58331, 19798, 63932, 36105, 26976, 79701, 39013, 23481, 93345, 60309, 62682, 55496, 44993, 96506, 1911, 2223, 36014, 4236, 43163, 70592, 79689, 14578, 52883, 47302, 69016, 50249, 18060, 41922, 3118, 99499, 68822, 74457, 17402, 74832, 84051, 73860, 86902, 7458, 70951, 43965, 71739, 21088, 64884, 90905, 42376, 21400, 90554, 87512, 9508, 57619, 50329, 5764, 70938, 59926, 6139, 32861, 53287, 65617, 63583, 91624, 24263, 46655, 45808, 58662, 53362])"
38.0,1,1,29,1.9812088012695312,70229,"Genotype(dna=[15203, 3325, 70057, 46852, 94073, 13297, 81365, 80201, 20335, 87512, 39580, 14435, 18374, 40741, 91723, 62158, 1123, 18487, 33759, 64452, 9124, 36556, 65885, 56024, 15869, 54344, 86794, 70432, 90708, 20555, 17904, 66618, 29525, 62146, 1826, 5946, 34859, 7183, 35981, 16150, 64476, 43853, 70204, 53951, 24359, 84070, 58026, 82685, 26193, 98351, 27027, 757, 21396, 54765, 84043, 82354, 20088, 20995, 85063, 15614, 10821, 90243, 5684, 23325, 69159, 99241, 68402, 55917, 35822, 33101, 40370, 36509, 22153, 6203, 64944, 95299, 53396, 66559, 58808, 78280, 57516, 22349, 70578, 23081, 40173, 56576, 76616, 27317, 9590, 37746, 69153, 16297, 46246, 47877, 22035, 3009, 41195, 27069, 12637, 25408, 98675, 6310, 37787, 96420, 60870, 77093, 84173, 10686, 46776, 32700, 6934, 7097, 81130, 38513, 44793, 26025, 58637, 89424, 6849, 72616, 98271, 75513, 91272, 37593, 41848, 86258, 59601, 75753, 18047, 76685, 87860, 40487, 26383, 48840, 61954, 6998, 54906, 8068, 26673, 41907, 81144, 42970, 9745, 60645, 10098, 34257, 12372, 65078, 37302, 97800, 61108, 95819, 12915, 32749, 3090, 61660, 4205, 80125, 76546, 25997, 29635, 52334, 72166, 95802, 11599, 76081, 91899, 52320, 13356, 97770, 53700, 79274, 64008, 99887, 19198, 29280, 97679, 49144, 53560, 38761, 52183, 7690, 51569, 99467, 337, 29540, 18520, 12137, 99207, 48141, 59432, 5805, 52916, 72785, 15708, 43217, 64707, 17728, 91547, 72505, 22093, 33151, 17120, 70501, 31956, 62725, 88717, 86675, 21386, 55139, 53642, 48227, 31761, 68522, 42071, 3448, 2010, 21878, 52419, 52337, 73162, 62190, 94455, 69571, 36008, 60528, 60487, 69376, 32506, 41232, 6918, 70339, 95033, 34673, 11645, 34749, 11795, 20101, 66267, 51695, 23802, 31475, 93118, 40629, 63088, 83158, 87634, 90151, 97919, 9678, 73604, 52409, 42484, 77811, 44606, 58183])"
38.0,1,1,30,2.0090017318725586,70229,"Genotype(dna=[31415, 12437, 43674, 32790, 75471, 83179, 80455, 45422, 20822, 94591, 29392, 36309, 26028, 80175, 48265, 55841, 83254, 74284, 71367, 50116, 53521, 59403, 38958, 24544, 26758, 48289, 82169, 26972, 74245, 38159, 92400, 51939, 83989, 50663, 83074, 43302, 24383, 59283, 41906, 1176, 16759, 49924, 18035, 39828, 46921, 95206, 87157, 27914, 96272, 11112, 94521, 93727, 37964, 72464, 65849, 99158, 6049, 75058, 38595, 78707, 25648, 92453, 29193, 3183, 21767, 30145, 39422, 37030, 67597, 15015, 7276, 32205, 88801, 64724, 49868, 27558, 18343, 35083, 78461, 58730, 62003, 52080, 46835, 76552, 11843, 83907, 73024, 59583, 96307, 19209, 58927, 26807, 97752, 12230, 16327, 90815, 35105, 67604, 33450, 61612, 24176, 17349, 4533, 55522, 66757, 22961, 20772, 52044, 68576, 4656, 73688, 53498, 86750, 98624, 91219, 10663, 70318, 25572, 77897, 20528, 87207, 69393, 76412, 57926, 83374, 7231, 60417, 85538, 3730, 76815, 79676, 64836, 34315, 74626, 25068, 85508, 89053, 96566, 16467, 47004, 18101, 8698, 84983, 3792, 81367, 49692, 94957, 17333, 77120, 84514, 4616, 41229, 78789, 78240, 77263, 24369, 55043, 26953, 5980, 24165, 96526, 58728, 14306, 50524, 97311, 23186, 28173, 31134, 15367, 58315, 30000, 3116, 1596, 47155, 15152, 89186, 78037, 74416, 92950, 3597, 8595, 40272, 82161, 46989, 10093, 68969, 41582, 20772, 6415, 74329, 10479, 75651, 65066, 86062, 96724, 6042, 9750, 73031, 76910, 12950, 23006, 87081, 53544, 36896, 22242, 61723, 75202, 62014, 5441, 18450, 64336, 35670, 3484, 12866, 7870, 12728, 71648, 6873, 96470, 23290, 79103, 20130, 33851, 37880, 49250, 75203, 52019, 14196, 89903, 50206, 59157, 75244, 8749, 55832, 10635, 14147, 37387, 9188, 26621, 78375, 78160, 36749, 82859, 82359, 17914, 44300, 698, 13913, 38190, 17525, 46309, 6301, 60454, 52478, 92469, 17135])"
38.0,1,1,31,2.0558218955993652,70229,"Genotype(dna=[69941, 74408, 82582, 45031, 53780, 80156, 77352, 14948, 26824, 59921, 18037, 68189, 28710, 7484, 60098, 53210, 84876, 19265, 99555, 21961, 92878, 37268, 67321, 17491, 82161, 51176, 34032, 39668, 99735, 10520, 35933, 13760, 34305, 25412, 86943, 36411, 91140, 17794, 19218, 77725, 31135, 90798, 67917, 10024, 32702, 19868, 39636, 50476, 15377, 49435, 36342, 4230, 67390, 73230, 32817, 88900, 42386, 15464, 3191, 23185, 82662, 83210, 43594, 36747, 21548, 44619, 56960, 70843, 1824, 56172, 91096, 27564, 57814, 29507, 66751, 80425, 10925, 21441, 26649, 6525, 71276, 19873, 68715, 32459, 14613, 21618, 48899, 70871, 25617, 28556, 85005, 30926, 57111, 68597, 88524, 46788, 93737, 70570, 87332, 87535, 96691, 19154, 5590, 33499, 82045, 68338, 21349, 81670, 18247, 52629, 87829, 85671, 29870, 70589, 16879, 15986, 60730, 33844, 24350, 80472, 41853, 37262, 39908, 5860, 33024, 13936, 49248, 7538, 82863, 39351, 30687, 90700, 25174, 95843, 94557, 19124, 38528, 45237, 96397, 72112, 86137, 22375, 29128, 41972, 41320, 63675, 75779, 71355, 83441, 5402, 25433, 35778, 95648, 88010, 27855, 1998, 45966, 43662, 23670, 55692, 49756, 9145, 41666, 94809, 70128, 37434, 66537, 52996, 64816, 53855, 89096, 67802, 32228, 60752, 81828, 68149, 88780, 36128, 32970, 56823, 16687, 30904, 56409, 32409, 89087, 91034, 76015, 59, 24670, 51102, 71799, 48861, 3056, 66580, 36672, 55235, 57115, 98843, 35148, 58018, 91920, 8172, 64491, 63683, 34184, 58046, 29953, 94122, 7947, 71775, 21486, 60779, 43719, 5591, 76134, 84951, 59634, 18681, 42019, 35631, 70245, 14427, 42985, 82623, 56421, 75292, 57187, 78147, 58928, 43269, 36472, 79840, 4073, 92891, 82563, 94504, 26666, 87813, 51779, 89015, 22340, 54090, 60081, 55054, 89562, 44950, 38547, 66803, 58177, 89809, 26654, 13087, 28214, 84215, 96568, 99625])"
38.0,1,1,32,2.0868330001831055,70229,"Genotype(dna=[40065, 3031, 63735, 25787, 1604, 20146, 40933, 16946, 93200, 43274, 55003, 73561, 92695, 26801, 60060, 91925, 77650, 63997, 15922, 1395, 74116, 47282, 35375, 61582, 88418, 76797, 11096, 43588, 61725, 39889, 29037, 65909, 6883, 17399, 77804, 43699, 16302, 85846, 88744, 1724, 77252, 37288, 3926, 25287, 74886, 63295, 77793, 60899, 69543, 86656, 87061, 49209, 49070, 1521, 82746, 23618, 22227, 89776, 85793, 93637, 6592, 9150, 38500, 18702, 13643, 43317, 46036, 18544, 36599, 46868, 20126, 32150, 5422, 34556, 88815, 24940, 27226, 34223, 64426, 95810, 71253, 54373, 67635, 61484, 33271, 91954, 31895, 13005, 53666, 53734, 69334, 71681, 9155, 91888, 7791, 19452, 72155, 77473, 18042, 15553, 95127, 87711, 51906, 9572, 64267, 3705, 85350, 86065, 34331, 11483, 34838, 3258, 28548, 95295, 87983, 12417, 41421, 85045, 67980, 90828, 46826, 30796, 24535, 52921, 50137, 77367, 99940, 47640, 17820, 73969, 47883, 44058, 62405, 25502, 83279, 82207, 45844, 90, 33325, 36468, 85335, 88128, 31379, 65814, 12667, 20343, 28640, 18438, 36273, 20242, 35079, 93025, 28840, 38335, 11838, 22571, 89259, 91336, 47882, 94011, 96498, 2112, 27393, 41784, 93063, 14252, 36076, 60040, 54464, 52655, 84464, 16472, 95414, 67218, 80362, 21957, 70645, 66032, 67110, 59138, 79809, 21199, 43429, 61787, 61427, 57300, 41898, 53766, 53059, 50433, 76114, 40477, 32499, 86195, 81933, 64297, 55752, 65920, 54935, 9556, 8304, 63860, 54816, 85889, 62166, 66784, 2320, 45994, 81743, 71046, 52951, 85346, 41555, 67783, 44900, 93511, 66053, 98566, 7314, 17279, 56496, 70656, 15742, 15573, 79041, 3234, 76640, 63655, 67000, 59218, 30566, 34245, 96572, 7976, 16230, 51086, 70460, 80453, 17891, 71076, 25473, 8599, 84708, 91563, 89353, 17490, 68294, 19854, 96836, 12651, 52919, 63269, 72406, 32070, 19610, 83550])"
38.0,1,1,33,2.1024601459503174,70229,"Genotype(dna=[57964, 71643, 73687, 52093, 65611, 19101, 23303, 64561, 60438, 32507, 2638, 16022, 22211, 90290, 64045, 13840, 22525, 39301, 2410, 37530, 4517, 72829, 29978, 39843, 33585, 18193, 29517, 37086, 29566, 72601, 15079, 81158, 19531, 13638, 63444, 55379, 6511, 68275, 61603, 41151, 97310, 43655, 52304, 1259, 16304, 58114, 29043, 59283, 70886, 95052, 50910, 37386, 1655, 20252, 6859, 4136, 12203, 58878, 67438, 99882, 31262, 27853, 34456, 26620, 92192, 67914, 86582, 51590, 49526, 90003, 4932, 54070, 42360, 85736, 7476, 12014, 20461, 38635, 31103, 36157, 58666, 27425, 51543, 19812, 93185, 67406, 74950, 73425, 9924, 8738, 79214, 21305, 38394, 2708, 99586, 29907, 93600, 99103, 48369, 63383, 63338, 19495, 36937, 44578, 77678, 36803, 39661, 62318, 21852, 20932, 67840, 2501, 74451, 82658, 47367, 76393, 50054, 13250, 66352, 41105, 32129, 67450, 70671, 50964, 20092, 11324, 73047, 70527, 85005, 57257, 48409, 80973, 74671, 41447, 52066, 88483, 82913, 62891, 68822, 31593, 81980, 84525, 43166, 73285, 80038, 35291, 16205, 69826, 94232, 59028, 47718, 35541, 85666, 18388, 17845, 42831, 29471, 66103, 67460, 75773, 14064, 98159, 66654, 27751, 21126, 62325, 33946, 43320, 78879, 58944, 3615, 9601, 96415, 13948, 36895, 5485, 81732, 69251, 50618, 40728, 1241, 68339, 89172, 26030, 18163, 26277, 3055, 9922, 81749, 10310, 22089, 43088, 13759, 29833, 8321, 90835, 6509, 58271, 57443, 79555, 35093, 20013, 74193, 21511, 9916, 19943, 22612, 31729, 35564, 52123, 4669, 39800, 33594, 71921, 35923, 31673, 51040, 99728, 90970, 56902, 15655, 37104, 29199, 87117, 58863, 20740, 2371, 75863, 52075, 73146, 45446, 60883, 49724, 39910, 11149, 60969, 18335, 33941, 14634, 26393, 64808, 48747, 60497, 73278, 30983, 43909, 4657, 38505, 70029, 60134, 69656, 74748, 27352, 1739, 80246, 39539])"
38.0,1,1,34,2.118803024291992,70229,"Genotype(dna=[48134, 50617, 52472, 34201, 29582, 69024, 97037, 92651, 24736, 10706, 10422, 76321, 21023, 87885, 38134, 39952, 61199, 6889, 73816, 1730, 3828, 5476, 44423, 41906, 71540, 97681, 9240, 44034, 14191, 59177, 24751, 44527, 92316, 82633, 89243, 97302, 97230, 54852, 25433, 53161, 72971, 4977, 80514, 85274, 25553, 41257, 41013, 56439, 84168, 73625, 39688, 86586, 63361, 92341, 92194, 70805, 54130, 904, 56109, 4056, 29941, 99374, 57778, 15654, 49284, 27684, 96425, 57053, 27148, 52198, 59924, 399, 78841, 41785, 20736, 60618, 34373, 5043, 97540, 96776, 51230, 42593, 60110, 68545, 78669, 48723, 47910, 6691, 56029, 19849, 28443, 78248, 50398, 45680, 37745, 78996, 73574, 77318, 88045, 81365, 18352, 52727, 28296, 30218, 65063, 97427, 73438, 11664, 85415, 99127, 27230, 83871, 17007, 62536, 82970, 48352, 91686, 50910, 58595, 15844, 30032, 27952, 46543, 40717, 71205, 20545, 44939, 50631, 50770, 40670, 79519, 32601, 21217, 61036, 72123, 5390, 78882, 37420, 58445, 55036, 89651, 65676, 33222, 16752, 30182, 88286, 5374, 43511, 27873, 95430, 47436, 23651, 46633, 60843, 79174, 2197, 70509, 23169, 77317, 15167, 5695, 13433, 2029, 74149, 83281, 82639, 22975, 42291, 84169, 55241, 17567, 7041, 87156, 42299, 95695, 62167, 60661, 37468, 99980, 27180, 62120, 74003, 99606, 6028, 47414, 52768, 36586, 40829, 19264, 36387, 35592, 6591, 68331, 49318, 86, 58343, 39600, 65978, 7656, 20470, 57804, 66120, 49009, 98399, 96777, 95573, 23240, 18190, 93306, 92612, 89501, 93615, 35934, 79991, 5601, 65277, 7412, 63387, 82795, 66685, 20290, 25341, 23943, 90563, 8415, 36253, 57502, 28350, 20245, 71104, 32226, 81557, 32845, 21857, 20353, 55088, 60119, 45387, 39513, 72521, 24446, 99276, 71808, 65925, 82266, 22225, 47127, 61589, 19725, 79356, 43220, 1346, 83283, 52783, 84662, 8386])"
38.0,1,1,35,2.137660026550293,70229,"Genotype(dna=[92423, 13809, 66119, 30556, 18232, 84650, 34338, 94069, 16007, 69227, 97800, 44434, 42396, 81054, 44295, 28762, 72968, 37191, 17435, 54325, 90625, 8533, 85713, 11105, 35915, 37882, 25624, 1805, 3263, 96834, 24776, 16642, 59805, 52514, 65547, 43531, 95149, 16067, 93758, 80908, 32500, 56391, 85619, 98053, 63501, 3368, 369, 2573, 71923, 38184, 89271, 68802, 36182, 68354, 62946, 77085, 61689, 43, 33322, 49516, 40353, 90030, 85872, 72207, 97558, 1568, 81427, 69727, 42603, 69199, 25422, 4327, 63101, 62821, 25623, 77196, 2831, 10477, 44779, 63455, 43717, 62497, 15459, 49932, 51717, 11552, 44785, 67796, 29058, 21607, 55819, 52774, 67003, 38637, 3113, 11899, 31152, 45558, 15636, 83733, 76850, 83284, 57737, 34732, 21333, 69310, 40437, 57207, 81463, 22695, 24933, 75264, 50183, 98359, 86803, 46647, 9090, 52344, 13485, 43405, 97310, 69712, 36702, 44802, 4818, 75956, 70359, 96895, 42823, 56527, 17656, 57662, 63444, 53430, 65555, 18453, 68510, 86369, 54457, 23228, 82187, 27739, 47010, 89877, 56992, 67561, 30945, 65605, 37563, 11818, 45361, 41489, 91644, 44059, 5184, 28155, 1814, 43960, 65264, 1541, 52150, 52505, 82784, 20651, 84709, 28168, 64408, 83000, 54618, 45463, 57124, 28680, 38663, 82592, 29979, 15940, 68061, 42305, 39382, 84130, 56512, 66565, 99746, 18856, 4136, 66343, 89679, 79417, 91808, 10125, 49787, 44115, 88770, 68014, 50457, 46430, 65736, 67762, 80541, 22693, 26852, 92133, 45753, 23822, 13550, 29061, 94963, 4, 16373, 12678, 21531, 53890, 89466, 39782, 6927, 5365, 38539, 24667, 25796, 43042, 33291, 57513, 47958, 9004, 86713, 18539, 83552, 12216, 32522, 35039, 5738, 99211, 5064, 35330, 99461, 88092, 78100, 16615, 86762, 25754, 27860, 21042, 77724, 85528, 60062, 56930, 30580, 89504, 33603, 87559, 28848, 22665, 88705, 87049, 75823, 61932])"
38.0,1,1,36,2.1571338176727295,70229,"Genotype(dna=[87609, 29334, 39586, 31227, 21405, 74738, 77263, 25048, 60949, 96233, 59016, 47491, 59353, 59194, 65465, 20572, 82985, 79904, 93517, 45613, 88717, 16299, 26799, 5220, 16009, 74291, 69195, 6500, 92287, 75396, 69624, 82229, 88305, 59935, 1474, 83119, 94381, 15521, 63503, 72839, 29995, 25673, 70093, 69413, 6385, 61541, 23260, 46014, 77899, 78007, 26279, 83916, 27170, 97169, 80248, 51130, 65775, 11027, 69619, 31141, 4555, 57049, 60819, 27263, 5910, 61375, 6742, 88667, 90303, 80855, 20299, 51751, 3904, 41517, 56935, 71178, 19471, 83267, 59068, 41367, 10539, 349, 40731, 43044, 60009, 38145, 85398, 55762, 23125, 58557, 90517, 28732, 86401, 59854, 21526, 46500, 33780, 14442, 50788, 75145, 2029, 93467, 35563, 9100, 62819, 49631, 78507, 52879, 57430, 26155, 26613, 91993, 46161, 61258, 33943, 14422, 59879, 18001, 86907, 70353, 71328, 92564, 94478, 41725, 25590, 33712, 50635, 92864, 53104, 94333, 75408, 74616, 87448, 66734, 57136, 90587, 14344, 21177, 10519, 59843, 33344, 44404, 75955, 24484, 31820, 78257, 78261, 320, 11693, 46752, 79, 95190, 15340, 32989, 67176, 98267, 79008, 93723, 13822, 28430, 74900, 64990, 57530, 21499, 42913, 21326, 61856, 8623, 62684, 11263, 44227, 26957, 43872, 69704, 97691, 91570, 39688, 24904, 27603, 55767, 55181, 53540, 73822, 60344, 16495, 88371, 42356, 20434, 85638, 74119, 92879, 54912, 20602, 59943, 10987, 46125, 90561, 99374, 34874, 40395, 78971, 59081, 51558, 36287, 26871, 601, 2091, 2572, 47021, 54054, 69604, 831, 52725, 74048, 29705, 38477, 52435, 76668, 49934, 12104, 47765, 53414, 82357, 18116, 4605, 16562, 90272, 37792, 33977, 70250, 50463, 25632, 70270, 64174, 88440, 50458, 59135, 49814, 31086, 99044, 38417, 91913, 62119, 26984, 19623, 32227, 26904, 23021, 98109, 85478, 79054, 25915, 6502, 51002, 8294, 82940])"
38.0,1,1,37,2.1733391284942627,70229,"Genotype(dna=[52903, 80731, 11895, 3305, 90148, 49537, 35873, 23990, 79362, 7915, 21208, 23967, 41505, 96427, 45575, 72613, 38215, 4421, 4655, 11291, 56605, 93468, 8602, 8348, 21870, 1816, 97459, 89116, 93740, 43268, 56111, 11502, 57212, 30083, 6846, 694, 64780, 43325, 9829, 98933, 35442, 76720, 4348, 55528, 92126, 16329, 32233, 95620, 98183, 82547, 22854, 3713, 9799, 34415, 42854, 84318, 38553, 77559, 60974, 25964, 86659, 19674, 85413, 97363, 66189, 94190, 57249, 31885, 36154, 75076, 90840, 69893, 12949, 71013, 54078, 92192, 77978, 29825, 74929, 55052, 2021, 44019, 86490, 14565, 35762, 53938, 68534, 78739, 9596, 8982, 71112, 35511, 49755, 81612, 39841, 2378, 53352, 32762, 36209, 7755, 48354, 40029, 41652, 63364, 16238, 81971, 46749, 16326, 15612, 28512, 71437, 76116, 21392, 31192, 39859, 20515, 79412, 9492, 39364, 45125, 43389, 48563, 71529, 42296, 99332, 37391, 3151, 85433, 54901, 12562, 73961, 29732, 44435, 98373, 63796, 37206, 84751, 65789, 66541, 92692, 30493, 41772, 1000, 71249, 34710, 15677, 25008, 15007, 81346, 38511, 48543, 86594, 8665, 63798, 44826, 29484, 57581, 52628, 10563, 89069, 13602, 49106, 21920, 54566, 94536, 1620, 61124, 16247, 11908, 82687, 30732, 39594, 73118, 26004, 62589, 84909, 81035, 10420, 18458, 69561, 58525, 19679, 48786, 93751, 50280, 21919, 37224, 39852, 16476, 96150, 13713, 52190, 42471, 14674, 3233, 61319, 43306, 76943, 70422, 10778, 36612, 54271, 16666, 90843, 27519, 24690, 23415, 90970, 90255, 43583, 96761, 96881, 20248, 40931, 71917, 88699, 39903, 38398, 14290, 97596, 12723, 56084, 78014, 7976, 84290, 92685, 29382, 30885, 12923, 72758, 85814, 88475, 44449, 72120, 63258, 71954, 91511, 63247, 71828, 96982, 64064, 39199, 26235, 1208, 72998, 51749, 74825, 40782, 10173, 65773, 4094, 55575, 2305, 40115, 32183, 19053])"
38.0,1,1,38,2.2268614768981934,70229,"Genotype(dna=[63725, 62562, 57823, 19084, 72650, 40982, 90605, 59034, 41348, 10154, 28882, 34456, 79472, 90250, 16105, 40259, 92877, 29247, 94917, 18840, 71708, 86599, 36402, 53029, 17713, 43074, 13054, 35822, 32330, 80830, 71423, 41182, 4266, 67636, 56409, 927, 1101, 18547, 54325, 66916, 14777, 59131, 13716, 43584, 20137, 28532, 3886, 68145, 35936, 7329, 59803, 58155, 20428, 52532, 12210, 58125, 92863, 20114, 62125, 46949, 39249, 42585, 33998, 93044, 64388, 94854, 13298, 22315, 30397, 67671, 25327, 33427, 58601, 53872, 6015, 38140, 2395, 58728, 1643, 18717, 99157, 52306, 50404, 67016, 83389, 51059, 78027, 4272, 4850, 88206, 66990, 24327, 86225, 25949, 22336, 97399, 81318, 69458, 14784, 47416, 57072, 79016, 6050, 84143, 64879, 89020, 157, 43597, 86579, 10791, 58980, 64906, 13495, 2398, 10143, 72535, 77198, 23448, 77779, 85787, 2992, 72675, 58897, 66336, 69432, 22967, 95785, 62037, 72421, 93760, 65881, 74878, 5248, 54296, 37374, 24900, 27332, 16067, 6383, 70498, 60894, 5774, 90756, 56054, 17994, 12195, 53696, 38491, 85768, 4544, 47739, 68739, 20246, 84178, 53955, 32936, 33759, 25223, 95418, 28382, 3593, 78787, 1940, 24204, 16582, 85193, 33303, 92233, 98806, 9520, 92817, 57808, 16268, 94490, 43491, 60053, 97729, 77931, 91241, 93244, 72937, 90500, 24833, 17863, 39892, 50120, 34977, 25731, 58961, 92200, 86261, 53325, 16895, 51569, 29418, 31662, 13920, 15038, 46396, 27459, 96882, 74093, 66773, 37965, 18760, 58735, 93721, 44432, 93094, 74921, 57172, 44043, 78252, 78623, 41240, 18055, 77787, 19500, 40703, 51691, 83262, 16876, 72237, 57432, 5543, 67659, 87867, 825, 45875, 35766, 61239, 32922, 46420, 64055, 8452, 19961, 37634, 96413, 23886, 46426, 92950, 82144, 28943, 38295, 59257, 59929, 67212, 55652, 21296, 10551, 75836, 45882, 79151, 20444, 43916, 94988])"
38.0,1,1,39,2.2421140670776367,70229,"Genotype(dna=[66290, 2484, 94281, 38208, 821, 73451, 10394, 74691, 28972, 68991, 36547, 35486, 14972, 44697, 70912, 63759, 18073, 79454, 54466, 88147, 16008, 76828, 20567, 53576, 34179, 16213, 74472, 86811, 48112, 64856, 94301, 51262, 48245, 44952, 94502, 29912, 46619, 22936, 82023, 99372, 31991, 12287, 37563, 97344, 54123, 54995, 82741, 289, 568, 41427, 7976, 55786, 74738, 58181, 9242, 52781, 46109, 77032, 72478, 93245, 52293, 99016, 87920, 49641, 435, 31465, 13101, 73348, 4205, 19299, 68949, 84649, 15153, 48073, 39865, 90557, 64745, 37556, 36023, 19295, 73182, 47414, 81341, 76105, 5737, 89985, 57680, 75373, 67475, 9743, 19035, 31419, 95399, 10076, 15408, 7738, 35440, 29154, 49723, 84756, 6703, 20969, 84955, 191, 18900, 21218, 14487, 20107, 41972, 68853, 34856, 37948, 37219, 77547, 71481, 41772, 88988, 40000, 75159, 7268, 34905, 41989, 16816, 10946, 27075, 70288, 55434, 74060, 41048, 74551, 21233, 52635, 86931, 69858, 24904, 37567, 52807, 82679, 12822, 50787, 930, 55346, 98046, 22393, 70618, 43473, 11526, 23904, 38939, 72214, 98461, 71900, 19764, 42937, 79670, 81439, 88734, 53503, 34042, 6130, 68930, 48991, 39954, 65298, 60797, 87475, 67279, 17423, 90035, 24251, 99751, 83906, 38416, 42473, 27491, 5672, 38154, 31385, 30571, 46707, 57714, 29681, 64340, 46901, 23211, 71715, 30122, 64588, 86853, 33165, 13055, 8748, 74413, 76728, 10524, 24643, 68385, 22488, 65475, 40790, 40502, 35007, 30206, 30308, 7093, 4411, 27489, 15223, 72987, 78139, 49172, 7572, 68473, 55786, 44630, 71608, 4373, 24916, 23459, 12847, 78076, 72700, 3181, 48323, 74160, 10001, 28811, 89775, 76616, 61513, 96657, 95343, 73478, 99726, 23043, 24910, 94550, 20996, 8220, 38797, 92150, 29234, 55352, 20137, 36882, 93090, 57656, 53292, 18714, 3450, 76939, 44323, 91184, 6430, 97542, 35853])"
38.0,1,1,40,2.255403757095337,70229,"Genotype(dna=[46204, 83241, 93939, 40086, 35098, 5789, 37021, 37660, 53820, 51017, 49163, 79665, 52988, 60332, 82920, 48603, 82414, 57224, 10066, 95663, 24948, 67869, 35261, 55657, 14851, 92950, 82631, 73714, 78870, 91414, 20569, 72465, 58806, 63189, 12080, 43653, 68066, 77147, 42747, 29084, 710, 73179, 96876, 87556, 79167, 95104, 85172, 5693, 42877, 60214, 1164, 78361, 57405, 56282, 59283, 71343, 56026, 82600, 57084, 57474, 68960, 13212, 95978, 17886, 80064, 90116, 88663, 60552, 16741, 30692, 87400, 25113, 56771, 85324, 77128, 95880, 53724, 28285, 23910, 2302, 23085, 41738, 95964, 42577, 87251, 79157, 25680, 32153, 90659, 43488, 15298, 84346, 48229, 85846, 40877, 98437, 84529, 21710, 18128, 52028, 97070, 13353, 66927, 71339, 25925, 33020, 39775, 71215, 2107, 98832, 86284, 89045, 80833, 26352, 790, 45532, 95761, 45337, 99028, 22093, 26381, 84479, 37890, 46862, 3285, 10356, 41824, 68610, 47398, 73235, 89824, 93415, 29994, 14460, 4672, 4398, 20142, 55348, 30742, 87797, 16337, 7114, 67363, 4319, 82638, 66681, 59198, 72443, 25930, 60099, 95443, 8385, 72878, 13261, 59744, 76181, 45439, 72139, 70760, 64905, 16643, 56368, 87311, 64416, 81617, 67865, 56005, 14505, 88481, 74619, 54094, 97696, 42082, 61503, 36249, 5333, 55216, 94861, 36953, 50008, 37932, 14568, 82151, 25949, 88529, 62049, 32738, 64275, 69432, 14988, 65947, 53277, 4148, 45994, 89080, 37420, 28675, 33834, 14330, 37839, 10568, 38975, 45006, 3197, 49570, 47538, 9905, 43037, 64300, 86822, 62257, 48916, 37249, 53401, 88069, 46731, 26767, 66468, 95512, 10696, 68661, 71834, 2670, 33533, 76832, 85443, 1776, 574, 36584, 75189, 45470, 10260, 97881, 72711, 19948, 95650, 76245, 31565, 26036, 16477, 29851, 70240, 80162, 20892, 9801, 59121, 63452, 89689, 24496, 36928, 94992, 36287, 99250, 95162, 35627, 83310])"
38.0,1,1,41,2.267120599746704,70229,"Genotype(dna=[41755, 93562, 25713, 8203, 1029, 49417, 56442, 23935, 59313, 49402, 95590, 15719, 57346, 33884, 74380, 78986, 3732, 35965, 91003, 52603, 280, 76740, 23617, 74696, 34661, 4640, 39981, 97143, 45593, 23594, 17958, 3301, 14618, 71897, 90116, 9033, 9699, 53662, 11450, 30949, 58239, 95685, 70758, 6470, 60087, 8801, 27848, 94260, 89843, 86478, 17217, 51084, 5841, 9694, 27889, 12226, 87506, 17625, 2517, 39673, 53241, 77825, 78077, 59581, 62210, 71653, 20317, 44254, 41325, 7704, 48982, 8926, 56343, 15529, 99509, 56522, 58537, 80067, 3970, 39158, 55446, 93299, 81995, 25631, 58243, 51790, 14867, 16187, 40398, 75956, 59074, 81285, 88723, 22803, 58200, 8864, 59492, 34014, 52327, 97727, 31522, 34801, 9985, 48849, 72005, 13134, 8542, 3785, 43384, 19137, 10026, 19930, 34971, 43282, 73499, 95518, 56607, 44997, 31248, 99509, 24126, 77833, 38416, 40390, 77401, 49364, 34569, 24966, 1053, 27218, 27874, 14460, 98148, 37670, 48764, 1916, 84894, 70592, 33453, 34773, 36087, 83068, 96987, 90547, 77074, 31395, 60732, 83109, 66125, 377, 60452, 60045, 41868, 11500, 37157, 94072, 73874, 13795, 27057, 29437, 51340, 83769, 74999, 69849, 78245, 33437, 51893, 45413, 24254, 55918, 73734, 93997, 98362, 72905, 72829, 1539, 61682, 24871, 5917, 91778, 5717, 68848, 81090, 82739, 83073, 92699, 72023, 57014, 14870, 65965, 36510, 38947, 42705, 39748, 55510, 15855, 26141, 79412, 43019, 26220, 64433, 28985, 56684, 67311, 57292, 1036, 83398, 85725, 54089, 22077, 56008, 56867, 60483, 11063, 39053, 61388, 48885, 51808, 42055, 63976, 49247, 16534, 50341, 89532, 3347, 91741, 24130, 67631, 29348, 49166, 5015, 97822, 99715, 66004, 79997, 40677, 19779, 89929, 34408, 92222, 55308, 40705, 84897, 30209, 11430, 315, 98268, 37030, 53069, 60107, 69483, 80093, 38536, 88525, 75915, 39328])"
38.0,1,1,42,2.2794013023376465,70229,"Genotype(dna=[30953, 94512, 41666, 79507, 7178, 66275, 37824, 54861, 87339, 48808, 41684, 76052, 46381, 43404, 29565, 52351, 24694, 25994, 6128, 83147, 44522, 62769, 89553, 32917, 38148, 9533, 97075, 57345, 72158, 86051, 81137, 43417, 61250, 81950, 55496, 24877, 63374, 85104, 87046, 79577, 89963, 86939, 15671, 15580, 95820, 40850, 12892, 16461, 76431, 93476, 92492, 36672, 35753, 32410, 38777, 57616, 30847, 49829, 11927, 10411, 58832, 31263, 1718, 16924, 54147, 15498, 22965, 14023, 21170, 1698, 96609, 55820, 19631, 38209, 8543, 94504, 14812, 62792, 76213, 69969, 98077, 79712, 99820, 34866, 54958, 410, 23645, 35490, 77910, 38942, 75892, 63555, 67700, 20262, 89843, 39254, 34440, 56523, 42747, 95570, 63154, 90577, 52527, 91460, 16040, 93712, 22480, 4949, 44459, 10181, 192, 69033, 45215, 34904, 20560, 35990, 10100, 24064, 19652, 34392, 56627, 52667, 60322, 67609, 70329, 64244, 45758, 25856, 45258, 48617, 55516, 53759, 55278, 48753, 46963, 30118, 25095, 52505, 3520, 15899, 95023, 62175, 4743, 34726, 23455, 88772, 63779, 26045, 71226, 83372, 58518, 330, 28511, 8786, 18344, 71733, 21174, 58134, 67917, 94733, 1233, 68415, 31869, 63110, 13261, 31972, 26204, 52498, 7761, 25427, 26556, 73655, 18293, 21384, 87448, 85010, 86571, 5657, 9219, 22547, 18665, 84296, 40207, 93451, 63677, 14499, 49809, 18063, 57207, 75783, 8699, 21031, 1217, 292, 15776, 61175, 66322, 20883, 30074, 32802, 73689, 89966, 7817, 24911, 51319, 77815, 22058, 70171, 65961, 24601, 44214, 48582, 43548, 96461, 32567, 72951, 92858, 83935, 19706, 58795, 44381, 14592, 43560, 25145, 38063, 69721, 34315, 59395, 94516, 97451, 68454, 24637, 93979, 6553, 40912, 85339, 19109, 99061, 36087, 68032, 4728, 83126, 89652, 85267, 77926, 80654, 5800, 26960, 38938, 51402, 74536, 26551, 96889, 25734, 14254, 39902])"
38.0,1,1,43,2.300379991531372,70229,"Genotype(dna=[72224, 46079, 34394, 83472, 45489, 28951, 87856, 7900, 65805, 70267, 81771, 52501, 25390, 9360, 58328, 90123, 98873, 75626, 61356, 73626, 6463, 46010, 33577, 6292, 50502, 40289, 32369, 78957, 70862, 43619, 60315, 94788, 85295, 77041, 83342, 2330, 69328, 85595, 88429, 32263, 50766, 66065, 64356, 64654, 51162, 25098, 87096, 76325, 58614, 83571, 26812, 90252, 30749, 59219, 16771, 85828, 90580, 21410, 91278, 93055, 1340, 43048, 59217, 34097, 60798, 33643, 96573, 78373, 36814, 89085, 3720, 99291, 2141, 34292, 1189, 33412, 21312, 5049, 7899, 93249, 97089, 49374, 27515, 85526, 89716, 71609, 94133, 76532, 14283, 49648, 96537, 91182, 28411, 83933, 5459, 86877, 83484, 83795, 17702, 29143, 45476, 49855, 26790, 62172, 9623, 75889, 95570, 68178, 18984, 86565, 6384, 51610, 32344, 99413, 51363, 28170, 59820, 11374, 68985, 13266, 3486, 34435, 54430, 8885, 97163, 73894, 92881, 95957, 85777, 31023, 49727, 40838, 66027, 3814, 52585, 45219, 50860, 88720, 36663, 56861, 57647, 29834, 57953, 55479, 29530, 3556, 99449, 85671, 89993, 3581, 31475, 29742, 24564, 89748, 52353, 46024, 533, 15971, 32589, 37451, 80017, 2690, 86640, 25943, 88401, 95736, 39814, 85555, 52788, 71726, 42213, 25990, 96796, 23583, 40987, 10558, 89125, 53405, 58600, 3789, 93633, 12017, 35229, 93339, 57545, 35340, 61385, 28473, 60631, 3383, 17162, 21695, 24698, 51164, 20946, 57247, 42476, 31664, 28252, 86298, 11394, 37920, 51499, 45939, 9529, 7450, 25779, 16469, 65669, 64944, 81611, 81967, 50343, 33395, 98455, 2281, 2665, 2242, 42025, 71988, 47710, 51578, 42330, 42265, 93018, 7100, 46067, 11629, 5574, 14840, 60347, 87406, 43918, 6920, 42415, 86640, 85639, 81290, 2378, 12439, 72375, 48162, 11873, 84394, 56955, 90284, 89484, 38222, 26491, 5213, 86192, 79930, 37613, 5566, 28139, 26988])"
38.0,1,1,44,2.315441608428955,70229,"Genotype(dna=[72067, 25254, 93316, 40288, 8574, 40016, 60787, 88902, 17752, 62152, 17022, 18031, 53321, 21871, 58570, 22144, 88594, 3686, 74154, 4162, 23695, 15671, 37421, 53598, 86233, 42914, 62162, 53868, 10951, 28633, 49678, 3689, 51813, 84014, 76475, 78670, 37125, 97793, 11365, 42635, 28419, 10197, 71572, 80028, 23194, 77538, 17825, 41104, 81092, 47986, 37844, 63007, 91182, 90858, 88126, 53669, 87685, 59763, 96694, 60985, 52621, 76540, 24738, 59135, 27472, 87124, 21, 40849, 24696, 61693, 70598, 60411, 16147, 32200, 1890, 18733, 98724, 94388, 89437, 62889, 65520, 84223, 38761, 57003, 70269, 22968, 81885, 44281, 9680, 10375, 66289, 28017, 40447, 69326, 12722, 96641, 60753, 36119, 64323, 42705, 36333, 89314, 58257, 51914, 82781, 24443, 20770, 6618, 27480, 41392, 96586, 9570, 26519, 54284, 88987, 7624, 907, 25509, 56238, 41096, 3537, 47980, 16349, 5508, 94038, 78539, 63134, 22311, 87116, 5599, 66922, 63513, 75887, 86311, 96656, 52928, 64845, 21919, 20437, 19892, 88788, 38654, 88442, 20623, 94185, 58604, 38148, 93105, 22923, 9783, 45937, 46026, 48577, 46929, 44545, 56183, 36079, 34730, 18305, 74120, 14181, 63883, 94826, 20411, 79625, 54424, 93805, 1530, 28387, 32655, 25594, 21298, 65751, 25596, 93947, 7984, 92701, 30449, 90745, 32405, 27264, 92061, 27964, 46862, 11988, 97444, 5663, 69671, 78121, 98516, 88781, 21696, 15341, 79226, 49993, 78134, 93201, 60220, 30554, 40778, 47471, 20462, 81839, 37710, 94478, 80348, 99737, 91945, 44232, 90609, 23778, 23407, 640, 69608, 31731, 31063, 62272, 11927, 86358, 19693, 54409, 1411, 73055, 56969, 82826, 45291, 60238, 90577, 63171, 32170, 40772, 32187, 64344, 49246, 23678, 47264, 67019, 3178, 23780, 83803, 61729, 69558, 34824, 40200, 62647, 29014, 37677, 84458, 98727, 81567, 83142, 96462, 95329, 65873, 36312, 84148])"
38.0,1,1,45,2.406120538711548,70229,"Genotype(dna=[55984, 97097, 27368, 75981, 17676, 52440, 60304, 47994, 11151, 65474, 4812, 44154, 28674, 42939, 40010, 20135, 80975, 91941, 56488, 26483, 78879, 51449, 33537, 86656, 26315, 11962, 56198, 64446, 13438, 32131, 23257, 89768, 58181, 58501, 74857, 38962, 55970, 37104, 40265, 71883, 56169, 35357, 4017, 38741, 42613, 86362, 60902, 97203, 61186, 81216, 20194, 40972, 8543, 58223, 39696, 63198, 81099, 45306, 57776, 40881, 73499, 22687, 92422, 20672, 76485, 61864, 42821, 16515, 11785, 57334, 42392, 56794, 97009, 99971, 78948, 85658, 34361, 77560, 25804, 48697, 23295, 20413, 85549, 58821, 13030, 53177, 15337, 41050, 80010, 14425, 90188, 44874, 42631, 26236, 24914, 38369, 60207, 72248, 21541, 48817, 35045, 91210, 61696, 3768, 89249, 67345, 13434, 87831, 9218, 1804, 81079, 7984, 24494, 77769, 62458, 21072, 92369, 55529, 57199, 82553, 408, 92497, 76438, 50311, 56259, 33106, 33536, 69263, 85205, 39887, 98947, 14569, 72152, 29542, 69110, 52247, 77576, 51072, 58657, 41060, 60534, 1955, 48339, 53561, 73910, 85411, 5046, 89047, 76974, 64190, 52347, 63680, 31286, 77824, 15134, 52585, 69536, 63215, 56353, 44273, 3087, 98872, 22407, 37816, 25116, 63919, 3904, 57010, 62512, 56943, 88336, 72944, 60477, 12560, 49131, 30113, 7439, 97225, 83185, 98711, 25591, 57105, 15547, 93079, 59646, 82542, 45041, 87855, 94028, 90705, 35223, 78133, 74608, 56538, 31741, 2154, 43439, 42409, 36156, 90949, 61387, 72697, 48410, 74229, 29625, 51096, 23617, 58636, 66220, 98823, 41570, 65730, 20058, 18582, 35987, 83479, 34854, 87209, 76242, 46367, 41863, 60767, 5358, 69656, 29187, 54687, 28118, 78311, 57603, 10192, 12336, 71614, 37162, 16838, 93322, 45506, 31745, 88376, 94434, 43083, 70059, 55648, 4352, 99855, 19723, 15294, 14244, 62604, 74737, 33722, 87444, 11432, 26626, 60015, 65995, 8095])"
38.0,1,1,46,2.4266974925994873,70229,"Genotype(dna=[59989, 95089, 21029, 81532, 86635, 10857, 62285, 10669, 6895, 51495, 72865, 31258, 73020, 8711, 17575, 69386, 6033, 48036, 74118, 88541, 18819, 88036, 35408, 80977, 8044, 79450, 53393, 92056, 59841, 56907, 63388, 70683, 23391, 74340, 40737, 47357, 20015, 93585, 3711, 64925, 7359, 57241, 50065, 1248, 55208, 53727, 83596, 97813, 12430, 71494, 13721, 72852, 56785, 54228, 64772, 20762, 81563, 61106, 87243, 57927, 88961, 56804, 64814, 92949, 21661, 48221, 28414, 99863, 39183, 55348, 66068, 33330, 75603, 55986, 93368, 52978, 52754, 2510, 45678, 28451, 51293, 160, 8679, 18795, 30413, 12875, 62093, 64202, 40589, 80740, 12111, 71694, 12137, 84049, 2736, 99303, 18089, 36994, 72835, 5626, 4268, 18048, 78547, 1131, 65577, 32752, 76729, 64454, 79520, 66822, 49583, 7393, 41371, 54923, 38965, 8319, 32936, 36483, 2417, 49292, 85483, 27395, 19957, 41834, 99635, 89609, 27245, 60547, 59666, 62187, 38178, 65031, 84280, 59234, 58602, 94273, 4510, 56945, 74083, 46406, 13546, 17809, 18860, 53308, 19131, 94576, 16289, 47960, 80819, 23347, 2211, 86423, 60502, 97533, 36744, 61095, 57567, 32550, 73467, 98012, 34439, 88115, 43232, 75901, 5400, 23404, 69940, 87573, 65392, 78082, 14343, 65253, 31450, 25161, 13559, 6630, 74171, 86974, 99662, 28041, 7783, 3708, 20021, 17813, 29199, 98843, 77585, 65172, 62953, 52318, 76764, 16820, 96504, 33746, 26590, 45556, 48803, 85526, 43042, 84763, 16252, 62016, 7997, 65071, 48555, 91013, 45396, 15990, 57594, 34188, 14884, 97492, 18374, 60990, 60615, 29399, 35017, 81169, 72053, 4613, 9486, 43672, 68438, 71754, 23770, 68225, 5017, 58731, 71717, 89399, 76974, 55818, 63918, 14797, 20247, 90357, 77300, 86811, 87622, 43179, 95373, 12436, 89466, 59308, 86195, 33456, 92261, 76274, 40853, 53986, 42070, 25304, 65108, 63256, 31322, 96487])"
38.0,1,1,47,2.4435653686523438,70229,"Genotype(dna=[1495, 74409, 1217, 55809, 4117, 68617, 42845, 29420, 3432, 67404, 91589, 28622, 83704, 59294, 71086, 11034, 10389, 30478, 90758, 60751, 90840, 13131, 2923, 70886, 67313, 45230, 34127, 40214, 52828, 7149, 25755, 36738, 19734, 37643, 90871, 90972, 89517, 98844, 32042, 74742, 52270, 19806, 31915, 97041, 40449, 91940, 49176, 35226, 88480, 27905, 32896, 73508, 72658, 46067, 89069, 19891, 87622, 79489, 73107, 42947, 36664, 31572, 75925, 36805, 38391, 18077, 44569, 64429, 26251, 24541, 69189, 55278, 18747, 17073, 93551, 97192, 74424, 94257, 43719, 9631, 38633, 9307, 52780, 41645, 6385, 27942, 13997, 71280, 87758, 21171, 86663, 97363, 88331, 53069, 10518, 9807, 3758, 34125, 50988, 49791, 72994, 97183, 3020, 91446, 87969, 43647, 77743, 38871, 41829, 44211, 23584, 24301, 43095, 34727, 37927, 80919, 66985, 47326, 18145, 55519, 92496, 68561, 58005, 91903, 39348, 55890, 87015, 49839, 89487, 83679, 46002, 63285, 82834, 64618, 10808, 69932, 27802, 7428, 28439, 69024, 70107, 77378, 73345, 6501, 14494, 68199, 2410, 83275, 85195, 69703, 70173, 92071, 35584, 47505, 71280, 78606, 13517, 95662, 9529, 97805, 81335, 22817, 64056, 35837, 20374, 34575, 67752, 92747, 89200, 73035, 17974, 17324, 1560, 68933, 82761, 19240, 33120, 79245, 84578, 63080, 12640, 37243, 55078, 89839, 77784, 9955, 30870, 39143, 51776, 96016, 72009, 65991, 1767, 95152, 81920, 96829, 62970, 29539, 68292, 44125, 44562, 61071, 52520, 67156, 87830, 34312, 54485, 18337, 16149, 36467, 44665, 10587, 88508, 2143, 73581, 64119, 15197, 55001, 45572, 54240, 90651, 25463, 86928, 24373, 44812, 38159, 74694, 13403, 25893, 70820, 28210, 38322, 88989, 81432, 16524, 13335, 12368, 15759, 13107, 83945, 22350, 97044, 71826, 4763, 13941, 56242, 45889, 13304, 5570, 36630, 89459, 58650, 24747, 46170, 26704, 3913])"
38.0,1,1,48,2.455699920654297,70229,"Genotype(dna=[49618, 72346, 36792, 67045, 42237, 93920, 79913, 81418, 91866, 79100, 78070, 70801, 71163, 89193, 21096, 74947, 20062, 92170, 71678, 71068, 95075, 5814, 90963, 89386, 89950, 89849, 84039, 30562, 16932, 98788, 47993, 18859, 32700, 61149, 29333, 11752, 47261, 38390, 74339, 91350, 82717, 31142, 11166, 1035, 65433, 64238, 86719, 51959, 29073, 78798, 35216, 63611, 12762, 23143, 4840, 22813, 1509, 88535, 45074, 50632, 80357, 3234, 28569, 21158, 6638, 37663, 56220, 60488, 24545, 34513, 43424, 12934, 89411, 55005, 77731, 90017, 98136, 12274, 19344, 30378, 46506, 81522, 13703, 34672, 65293, 20423, 64952, 54067, 34570, 60264, 90490, 6394, 94641, 57812, 28595, 26246, 80547, 2259, 51254, 33461, 70425, 72273, 19206, 95576, 55760, 99866, 13235, 27650, 28254, 96754, 18761, 9908, 70663, 48473, 8303, 13552, 13086, 44698, 79410, 10606, 30249, 79230, 48330, 19807, 26836, 13470, 41535, 58533, 42429, 54672, 17550, 58688, 59418, 50496, 88688, 77504, 80183, 2424, 44506, 25445, 20381, 71190, 42468, 38777, 35285, 15452, 96241, 19376, 93923, 17260, 12756, 17498, 87737, 77679, 78922, 41139, 88488, 89304, 82499, 1568, 50730, 32517, 9246, 20792, 40426, 42222, 64772, 12058, 90669, 17734, 9960, 41964, 94992, 70860, 34450, 68138, 77083, 36590, 74272, 74851, 31832, 20543, 51926, 61253, 43720, 20044, 57814, 16767, 95681, 98973, 43290, 9066, 86222, 51318, 50246, 41421, 32941, 22932, 97420, 38496, 99831, 10908, 85403, 38072, 72139, 68324, 52074, 76014, 57698, 60401, 10128, 38783, 54580, 78180, 27857, 83950, 13228, 4380, 65662, 76805, 30411, 52745, 78880, 37910, 18257, 71855, 48861, 97968, 96151, 82731, 83758, 43920, 77096, 99692, 32876, 13963, 46414, 36388, 70347, 57311, 34472, 13101, 75215, 41943, 33756, 94689, 77156, 10647, 28645, 64406, 28624, 2217, 64693, 16722, 12579, 48936])"
38.0,1,1,49,2.4812588691711426,70229,"Genotype(dna=[11147, 19789, 71454, 98786, 90680, 70583, 3711, 48369, 63075, 91363, 82816, 77970, 6410, 63332, 98997, 68386, 12424, 70356, 56799, 34593, 41836, 28074, 39030, 43772, 15233, 92993, 85191, 13257, 89358, 63769, 82917, 89304, 9474, 6803, 48687, 58557, 76968, 33255, 23844, 12794, 467, 29847, 186, 6432, 14365, 1532, 58762, 89621, 57263, 62602, 73942, 80589, 96000, 77340, 66984, 56342, 30909, 70866, 74176, 12587, 58889, 22009, 3254, 92641, 76522, 67418, 99043, 20577, 46259, 77208, 85585, 67870, 77512, 9087, 89864, 25654, 12362, 38466, 38226, 67494, 30847, 15074, 824, 25250, 73876, 351, 15595, 85283, 72505, 75548, 18659, 41113, 12477, 66824, 3667, 42479, 66842, 58992, 81650, 24916, 23028, 54528, 98587, 23663, 71771, 7400, 28812, 35536, 97287, 55273, 15435, 94931, 33575, 92853, 47619, 29604, 48443, 44136, 26588, 99515, 66051, 81289, 17497, 40915, 58817, 73487, 44552, 69403, 69101, 81435, 11268, 21134, 10982, 82095, 80265, 65423, 99461, 17572, 25325, 33627, 43621, 99676, 3486, 88299, 39264, 67193, 72853, 35208, 71379, 34319, 41931, 39530, 78699, 72090, 56763, 13178, 38792, 11045, 11331, 13230, 94337, 80674, 56541, 12069, 64764, 20305, 83174, 47167, 13601, 10627, 72525, 12746, 4190, 95269, 61650, 29274, 70103, 1128, 52454, 21900, 71114, 75012, 63084, 75495, 70360, 92641, 8162, 3242, 57574, 81490, 23559, 81898, 74604, 14915, 98960, 27156, 46752, 27810, 85964, 40886, 96526, 76695, 19756, 55574, 20771, 20116, 7829, 6456, 55916, 95033, 74867, 19787, 19419, 19226, 81278, 66456, 14093, 22881, 96761, 68148, 51220, 6478, 812, 92021, 61580, 65401, 92772, 76551, 95431, 1191, 26286, 64305, 23191, 50481, 63690, 29784, 20669, 79885, 77164, 37039, 93137, 56932, 37892, 18817, 60826, 98451, 35294, 84169, 24619, 81836, 44480, 2155, 78336, 6915, 91376, 98903])"
38.0,1,1,50,2.497533082962036,70229,"Genotype(dna=[74480, 56584, 34874, 58591, 85810, 6765, 79121, 49405, 56799, 70776, 28844, 12962, 19018, 90046, 29553, 19096, 87720, 76105, 7823, 74043, 71562, 9114, 12531, 20847, 469, 10762, 86876, 80931, 12686, 72765, 58452, 90825, 85790, 95143, 56790, 42168, 77003, 15921, 39347, 50882, 46840, 81525, 16809, 5264, 40409, 82374, 68561, 95163, 16940, 9016, 54495, 17461, 21738, 45810, 39992, 85495, 87536, 89189, 21912, 16237, 71198, 69654, 6934, 52932, 99266, 74667, 19652, 8704, 46246, 16841, 30282, 29838, 76793, 68565, 54455, 77375, 2460, 68373, 21441, 72845, 66782, 7749, 82391, 24629, 81752, 31574, 58104, 62917, 48579, 89217, 18857, 59967, 3189, 46977, 28192, 99034, 65609, 55292, 14121, 19820, 58151, 97171, 54150, 16381, 79293, 55293, 72100, 47347, 87349, 97837, 10236, 53221, 65385, 25662, 17747, 64745, 20453, 34644, 52527, 46856, 52592, 38013, 27789, 79259, 12211, 33984, 23995, 49640, 64762, 74998, 62040, 18639, 27663, 10042, 207, 16399, 72306, 30603, 34983, 71948, 74411, 27901, 61958, 63098, 90712, 70365, 40192, 55929, 80253, 72907, 96268, 16915, 10222, 52527, 36090, 95878, 21427, 21208, 7116, 30006, 5771, 3238, 49175, 12638, 28940, 60084, 8294, 95847, 83713, 90147, 91359, 6592, 32727, 17733, 63633, 65996, 98540, 15566, 97215, 68714, 4724, 28411, 63314, 63920, 92631, 56550, 12566, 30971, 45889, 41362, 75189, 19310, 67869, 56734, 97118, 96097, 34152, 27131, 91573, 19411, 73244, 4548, 12897, 19310, 76079, 53001, 60312, 92167, 45272, 29798, 32635, 27843, 44695, 54990, 92342, 71398, 65430, 72634, 61893, 6462, 18855, 69332, 90050, 82780, 64602, 70673, 42729, 87525, 32352, 56662, 7742, 9243, 37503, 44162, 35284, 46876, 98371, 33281, 78108, 90540, 9438, 71530, 82150, 44426, 72104, 49017, 98158, 10805, 56009, 42603, 88166, 88351, 49897, 60608, 9212, 89457])"
38.0,1,1,51,2.51155686378479,70229,"Genotype(dna=[37967, 27225, 79529, 39789, 28759, 28389, 24301, 82040, 29930, 93936, 46596, 5592, 69955, 16156, 46410, 77698, 94589, 88275, 18761, 23453, 59078, 28662, 14205, 13634, 47446, 45582, 3805, 25820, 68693, 51547, 17154, 29713, 27424, 85755, 66643, 12354, 69331, 93005, 36495, 50902, 48452, 19995, 10492, 79126, 7668, 8080, 36023, 95181, 50602, 31312, 57877, 59881, 78827, 22024, 15288, 67684, 73749, 65633, 61705, 90331, 62371, 48583, 33233, 87592, 9504, 54475, 11020, 51844, 62617, 61421, 21952, 15067, 85144, 55716, 46899, 99144, 62225, 27277, 67086, 18067, 49914, 85217, 27589, 69165, 83347, 91537, 44879, 96799, 80652, 48098, 16519, 58299, 7872, 23927, 24763, 75273, 99221, 94964, 69180, 64592, 77617, 56206, 17340, 5535, 65600, 67938, 68182, 61341, 91379, 74608, 28979, 84443, 54620, 59550, 23887, 59561, 97607, 45978, 92588, 50747, 92868, 67380, 93121, 31928, 63861, 48283, 16438, 86393, 66743, 87999, 16702, 21352, 24245, 18942, 43355, 31225, 946, 20818, 36935, 16873, 83311, 58889, 88959, 79653, 8166, 24596, 5644, 26619, 76776, 50769, 4835, 73538, 62516, 99874, 34785, 43792, 18463, 65090, 41864, 37944, 43297, 15555, 42389, 30356, 17588, 21499, 86216, 49468, 73405, 77922, 25368, 34574, 38597, 10224, 87022, 54766, 66033, 75329, 41380, 89152, 12030, 91992, 73185, 19424, 37229, 85092, 13205, 80160, 41854, 7964, 45842, 46310, 88314, 1824, 80805, 59202, 43556, 25447, 48133, 57363, 63270, 22425, 24374, 97795, 17082, 23355, 13730, 21129, 94377, 72967, 69496, 58399, 18482, 49645, 86245, 50310, 10068, 23582, 17221, 83760, 42925, 81442, 23204, 2520, 36026, 73012, 50482, 33978, 45012, 65551, 96589, 9869, 50622, 3669, 6312, 11644, 16244, 54480, 50644, 11904, 51404, 95631, 1948, 30026, 56877, 40625, 66131, 60455, 21758, 30673, 90046, 69197, 41126, 90199, 75442, 60589])"
38.0,1,1,52,2.5301599502563477,70229,"Genotype(dna=[56501, 27869, 75270, 7620, 44665, 42935, 20156, 70142, 67756, 4835, 18225, 48856, 53219, 52928, 5480, 28581, 54209, 99594, 65756, 70451, 77668, 9649, 28941, 48752, 82503, 61350, 38443, 76356, 95752, 42778, 41248, 66084, 79683, 17745, 38781, 84701, 2891, 23758, 33985, 57894, 27812, 64468, 93240, 17400, 33479, 41755, 98856, 3714, 65495, 33430, 28706, 16158, 17713, 60594, 8988, 79146, 73301, 84437, 76329, 63837, 31722, 41413, 79323, 67195, 53534, 22087, 31556, 84593, 79761, 59835, 13680, 24895, 81292, 57299, 12650, 18168, 48126, 59166, 92705, 33808, 3455, 93006, 34603, 40379, 93444, 39303, 94381, 77054, 79181, 6330, 76261, 94275, 13397, 37463, 77329, 67365, 54001, 69430, 16771, 37245, 34668, 8640, 82679, 7941, 16821, 24103, 29124, 80157, 30168, 13157, 83923, 54551, 79409, 64511, 58667, 78022, 4879, 79555, 64362, 42798, 39709, 78006, 5324, 72747, 48155, 37417, 63265, 47184, 76757, 6969, 24851, 13424, 10983, 27355, 80289, 93365, 44882, 13465, 34804, 85531, 86797, 65785, 45796, 8334, 65767, 11335, 88808, 92194, 59605, 72803, 90904, 37310, 96402, 79750, 3512, 36849, 20196, 15485, 6713, 91827, 9929, 56919, 25801, 64151, 24679, 23756, 44920, 25680, 46181, 93618, 82636, 1486, 74240, 47013, 72703, 5721, 60888, 43083, 43876, 5536, 2700, 42647, 87042, 2472, 47450, 58657, 35226, 59887, 37883, 58274, 93573, 69229, 18756, 62432, 25074, 68712, 25991, 37788, 85344, 54200, 89656, 72283, 41571, 12945, 40025, 66600, 1477, 90708, 53130, 89300, 18605, 57388, 34516, 73679, 68271, 73546, 99365, 40587, 25048, 95457, 66724, 84913, 51173, 42121, 13297, 20677, 40899, 87765, 44184, 62979, 53497, 20708, 57395, 82341, 66894, 48262, 68368, 21340, 3520, 92114, 63740, 59165, 98829, 28485, 35040, 24698, 73810, 61398, 30768, 25042, 84575, 80169, 364, 14044, 8291, 50662])"
38.0,1,1,53,2.5407559871673584,70229,"Genotype(dna=[24096, 20741, 52547, 50091, 74097, 27541, 88994, 1937, 11311, 16091, 61243, 31040, 19674, 5941, 64812, 63677, 34370, 28930, 70979, 56388, 4476, 25514, 22796, 70262, 9143, 94472, 47856, 48407, 4013, 44831, 28262, 8390, 94887, 91714, 54507, 96135, 20634, 50049, 51152, 37017, 69187, 11569, 32109, 45163, 3280, 5566, 32467, 13764, 89935, 38972, 45598, 45361, 46457, 18724, 7280, 27133, 54615, 99746, 14859, 3116, 44913, 65407, 87098, 79716, 68014, 59697, 10478, 96159, 67937, 11244, 98113, 56168, 27399, 25156, 16678, 89088, 68295, 10093, 58284, 1978, 29015, 60996, 14177, 87021, 52174, 49656, 98739, 96962, 18732, 83590, 90867, 27499, 29608, 97778, 39665, 92522, 81425, 49117, 89499, 63177, 66592, 84697, 34885, 88837, 53301, 19327, 6185, 47131, 83531, 26972, 38992, 19695, 13170, 71556, 63599, 84297, 33803, 74518, 67554, 74713, 3630, 78693, 85660, 78282, 98511, 74868, 7267, 78176, 97165, 76304, 469, 47445, 73251, 61564, 55281, 4890, 83548, 95746, 18443, 10272, 19351, 42520, 46579, 81708, 35980, 31780, 27879, 26806, 82382, 7872, 10041, 68724, 4629, 89091, 26792, 57022, 47125, 81887, 30078, 35292, 8372, 70142, 43661, 31760, 27519, 8072, 73293, 5000, 87034, 3600, 41534, 40997, 247, 44681, 46203, 58895, 53358, 51531, 47553, 8237, 41575, 87879, 42261, 90350, 73193, 57510, 80739, 52503, 15815, 92692, 96691, 85686, 64243, 29621, 8509, 99630, 88995, 14468, 56770, 42469, 95931, 77787, 20847, 47010, 56627, 19242, 23208, 31757, 65709, 8383, 97623, 2435, 3100, 14639, 59687, 47625, 96161, 6272, 65305, 19188, 1686, 45515, 52889, 2646, 25228, 42725, 14955, 21403, 37868, 27978, 58100, 17442, 1385, 95652, 79107, 39886, 69985, 97292, 66531, 21626, 36734, 88119, 3727, 65246, 93617, 58335, 61858, 7696, 29908, 62350, 28324, 47487, 89719, 46245, 35327, 26583])"
38.0,1,1,54,2.5512571334838867,70229,"Genotype(dna=[33582, 62409, 15522, 51281, 70230, 81242, 35288, 86811, 95443, 41927, 81912, 54001, 35572, 65836, 68753, 67119, 69652, 21033, 2331, 84905, 96731, 39694, 79426, 19962, 47087, 6399, 65242, 86444, 34247, 30232, 23422, 51318, 66666, 53928, 51979, 627, 55507, 73924, 23909, 78395, 93934, 50870, 12185, 16543, 68589, 40009, 29037, 88289, 86006, 56271, 46294, 38717, 64145, 80962, 76398, 62290, 62984, 68192, 7450, 52818, 12732, 65480, 35523, 91375, 97039, 72766, 4823, 99589, 84869, 48106, 3404, 8554, 38014, 73578, 32981, 58939, 99120, 66213, 22575, 43979, 16435, 49410, 5815, 45361, 18488, 3445, 3420, 82193, 97473, 76860, 36168, 82331, 90726, 67293, 55155, 17429, 80887, 93794, 81259, 47656, 97852, 2007, 59462, 88618, 43427, 66136, 24016, 74411, 52934, 43265, 7056, 45921, 41591, 69798, 87466, 35419, 56663, 17160, 96760, 28946, 43850, 27547, 74547, 39916, 57725, 35807, 15224, 78692, 80605, 48950, 19198, 97669, 24191, 93197, 84977, 60161, 96735, 72840, 81877, 6892, 85526, 37380, 81143, 15467, 95269, 65575, 25875, 37969, 87713, 27890, 39385, 12230, 77612, 17028, 25540, 86588, 57280, 76330, 26731, 83594, 36418, 46809, 86035, 57855, 9521, 9188, 9050, 51050, 77805, 16232, 80244, 75469, 55010, 91019, 54653, 62930, 51941, 8819, 9186, 14708, 61362, 21204, 91710, 6643, 17729, 17768, 20957, 75619, 15754, 93637, 54702, 12830, 3683, 27258, 86808, 86877, 2754, 60040, 59027, 53568, 80227, 26183, 85102, 22373, 46588, 64072, 86443, 62598, 85765, 77361, 95649, 51729, 73523, 30289, 83271, 78966, 69085, 41676, 47490, 17518, 24001, 96429, 36796, 46374, 92720, 7153, 73194, 48842, 86885, 94194, 1173, 11409, 92547, 4759, 87879, 3913, 74774, 47891, 62084, 27924, 7584, 13033, 8295, 96648, 79125, 191, 24896, 27141, 61528, 50728, 58855, 44795, 66412, 14729, 6410, 17102])"
38.0,1,1,55,2.5638222694396973,70229,"Genotype(dna=[28835, 40509, 9726, 18332, 30308, 80025, 59321, 98438, 97974, 56464, 34151, 28899, 4414, 2000, 83818, 90626, 59290, 76834, 18210, 72624, 31396, 91765, 53490, 93487, 20947, 97902, 57348, 24355, 2628, 12224, 1275, 94539, 11911, 15764, 71580, 3530, 33473, 69253, 72679, 30683, 52681, 199, 64744, 18144, 62226, 36653, 36844, 58219, 31273, 11755, 54563, 25781, 16211, 41549, 11302, 62930, 1721, 53468, 20542, 78993, 52325, 18591, 76197, 12426, 41204, 98749, 16746, 73923, 71541, 49084, 78741, 14525, 99106, 55781, 12957, 94768, 88229, 22057, 71850, 46232, 62223, 78025, 85713, 31760, 33617, 7891, 80112, 13788, 35747, 36367, 61340, 24163, 13380, 98172, 75718, 32151, 59695, 25019, 2888, 18749, 96274, 7654, 81739, 47635, 20357, 16690, 72297, 4378, 54881, 53139, 22051, 77861, 81987, 49508, 58442, 17886, 59701, 95434, 39166, 48305, 45904, 35787, 29668, 73146, 2441, 31418, 78226, 97661, 42496, 10800, 89586, 79180, 8953, 75103, 66866, 60945, 86460, 52673, 90903, 51820, 79644, 79976, 95886, 68096, 99289, 44150, 67499, 68055, 37640, 78711, 44186, 96253, 34394, 68435, 46408, 91386, 57279, 14224, 999, 99641, 76038, 72913, 91820, 65046, 87014, 67680, 14022, 21979, 45763, 18439, 21113, 68519, 96676, 26798, 31601, 55645, 21733, 89053, 969, 33367, 76707, 65793, 57098, 711, 8499, 42223, 98328, 17153, 36649, 91986, 37128, 61661, 65369, 82811, 10346, 78552, 93920, 73958, 90078, 49697, 41331, 41163, 6965, 78005, 63299, 8373, 56309, 69305, 98889, 61575, 39623, 40439, 66700, 45131, 62868, 11952, 57485, 95363, 9011, 75353, 61358, 27536, 84454, 10084, 79141, 6250, 78099, 40685, 90077, 10478, 45672, 96094, 27919, 66227, 68702, 27232, 75320, 88752, 16044, 15173, 88398, 94810, 55350, 72507, 57948, 60438, 440, 81662, 33956, 71405, 68831, 3527, 36294, 33132, 39156, 45537])"
38.0,1,1,56,2.575554847717285,70229,"Genotype(dna=[67774, 7551, 45973, 38587, 75962, 56420, 47662, 632, 20284, 50482, 37325, 15252, 86053, 8251, 62085, 69316, 24602, 2465, 37575, 58801, 36816, 73696, 81552, 32682, 21631, 92673, 65056, 75023, 44960, 38018, 42434, 43732, 18857, 29363, 97655, 75377, 82292, 31188, 18813, 54586, 42045, 49748, 38308, 86755, 9524, 27769, 73288, 58640, 49879, 97523, 29023, 83586, 60007, 72846, 41085, 20325, 23666, 699, 81735, 48375, 77003, 35126, 96135, 28617, 7379, 24020, 3605, 93286, 71983, 62556, 44837, 27498, 86054, 95757, 99429, 23988, 5464, 73898, 89189, 54761, 14435, 18021, 97673, 84948, 49408, 90421, 3141, 80622, 50797, 42329, 83694, 26792, 7438, 35200, 94096, 40371, 68397, 11626, 30037, 9957, 52437, 53238, 35019, 85665, 29097, 14423, 81971, 91917, 4116, 49922, 78787, 86018, 30512, 22359, 12894, 60199, 47019, 48641, 69648, 43800, 30689, 25327, 78998, 31984, 67890, 93345, 50769, 36053, 95558, 95843, 4422, 41885, 57, 2765, 90295, 5656, 60330, 43223, 80731, 93957, 21075, 17553, 50974, 60883, 35106, 22709, 78628, 36171, 45812, 55139, 84967, 8982, 30627, 43461, 12881, 35297, 54846, 58302, 74404, 29394, 42027, 2966, 57262, 4000, 14410, 27703, 37016, 82238, 77368, 96015, 98896, 87007, 63142, 37600, 72725, 27807, 85013, 72643, 12438, 21846, 51835, 37160, 51865, 46819, 12865, 50873, 70169, 62967, 12121, 10947, 21952, 65588, 74385, 2709, 7853, 32088, 89019, 66729, 18136, 7611, 25578, 48943, 8339, 94494, 28808, 14863, 16031, 88443, 86262, 20810, 66062, 65789, 58985, 53199, 3361, 91856, 12834, 43138, 61595, 74327, 45346, 96356, 27377, 39032, 71434, 89270, 5047, 6330, 66799, 38385, 82079, 24122, 44692, 97485, 92091, 51117, 43656, 6558, 53854, 45096, 45703, 68234, 69157, 54712, 38394, 70688, 7901, 10562, 22782, 18695, 21158, 22939, 5675, 60227, 38959, 30861])"
38.0,1,1,57,2.5870513916015625,70229,"Genotype(dna=[26433, 20206, 70668, 49385, 31825, 46563, 9035, 80031, 37517, 14396, 87622, 89605, 59871, 75657, 49931, 25159, 75551, 17917, 22771, 57666, 41411, 22258, 68242, 96395, 39491, 59389, 81402, 80698, 97378, 62457, 7979, 35838, 21114, 86916, 46274, 3570, 95817, 6036, 94658, 548, 33212, 17205, 65025, 54169, 70431, 89073, 30021, 20924, 93318, 78600, 58392, 24876, 89126, 65876, 82766, 35068, 82491, 12632, 54059, 64831, 60966, 31445, 63552, 68257, 73501, 10147, 11380, 62289, 2627, 87930, 19494, 99384, 65093, 51695, 14780, 49147, 60200, 52695, 42469, 10054, 55247, 18074, 11617, 60125, 83679, 58161, 37304, 20548, 70925, 67316, 28982, 92533, 35201, 70256, 54534, 55999, 7611, 23062, 14297, 34254, 14221, 68390, 10810, 38091, 14367, 28539, 22492, 49356, 85034, 49967, 88941, 14358, 57832, 29441, 80165, 36327, 61122, 9976, 43317, 92768, 87472, 93045, 26987, 36847, 79779, 66767, 51431, 84338, 33094, 98936, 80158, 86322, 58065, 51560, 63994, 52748, 76364, 34523, 36058, 26183, 65513, 8778, 49884, 27121, 6984, 92455, 57180, 70610, 91528, 76024, 19, 1174, 54854, 76611, 63593, 64758, 89544, 52, 46291, 26932, 52211, 87475, 64528, 57787, 22442, 62431, 12278, 38064, 37856, 88517, 84574, 13153, 51060, 77955, 38530, 76274, 40591, 69678, 73697, 25148, 39935, 18997, 89218, 70241, 12551, 32126, 56421, 83621, 28655, 28503, 20904, 5111, 77539, 94045, 53350, 35052, 1038, 55192, 6522, 18544, 30032, 87422, 77741, 34448, 71636, 35359, 23403, 99315, 95847, 19281, 52670, 48092, 70584, 8233, 15501, 94366, 95315, 27822, 13722, 6125, 43585, 79365, 36538, 94419, 55723, 65085, 61530, 25961, 45132, 53058, 52100, 58720, 25746, 70682, 23285, 33035, 55595, 26792, 58546, 23710, 62700, 77033, 94499, 53481, 47330, 50695, 95660, 41938, 48330, 13054, 2205, 52474, 69168, 48390, 27571, 90209])"
38.0,1,1,58,2.601675033569336,70229,"Genotype(dna=[39276, 39933, 40351, 958, 747, 2958, 34708, 98407, 54127, 74705, 93514, 70885, 7227, 14500, 69565, 92226, 74986, 2393, 82633, 38160, 1040, 66570, 46925, 60930, 42433, 60991, 21018, 74514, 78932, 27169, 17094, 75892, 86952, 83053, 20249, 18345, 23213, 4803, 4055, 3552, 23812, 79760, 34466, 6065, 70650, 94477, 81380, 95635, 8870, 60831, 21261, 69931, 72619, 40610, 68516, 73033, 72353, 2484, 83270, 37589, 52648, 71748, 86400, 66302, 79416, 13073, 14129, 46143, 55666, 5966, 57796, 81412, 9207, 71904, 11111, 85058, 7113, 98636, 32925, 92147, 83255, 29851, 3062, 24273, 26524, 67743, 39593, 15351, 22103, 89608, 70922, 99649, 46328, 97205, 95120, 98232, 23137, 89574, 86643, 22236, 66605, 19496, 53598, 16767, 52881, 48836, 29079, 13169, 66654, 24253, 74915, 27699, 64386, 96094, 28601, 82311, 70102, 1519, 55086, 96467, 32879, 51861, 59157, 74770, 4175, 73640, 50135, 10556, 98697, 34918, 34189, 95890, 48639, 65267, 48226, 18186, 95124, 84709, 50850, 14336, 59577, 88136, 76464, 99145, 3470, 64638, 90899, 63925, 91564, 52980, 16480, 63874, 92693, 85131, 5813, 35709, 93297, 57588, 61212, 47841, 94457, 30035, 5770, 17283, 48, 98964, 91605, 341, 28588, 65688, 46222, 96566, 62011, 96097, 28701, 50258, 98436, 15952, 83337, 31126, 39770, 16945, 41802, 95416, 51873, 78664, 40125, 64534, 36490, 26320, 62252, 2357, 62703, 18926, 70255, 82313, 64786, 50251, 61420, 38801, 66506, 33231, 45379, 82792, 78885, 7020, 13547, 27142, 76144, 98183, 27406, 63717, 60895, 7999, 52066, 67143, 29968, 9877, 76763, 36894, 17529, 66014, 29245, 51323, 42488, 62906, 52186, 20586, 32451, 47464, 69921, 22958, 23194, 34245, 19032, 3366, 79186, 61959, 11269, 92527, 96160, 53944, 55229, 26451, 68713, 73950, 36832, 88690, 96904, 77988, 93306, 22325, 24810, 6781, 46913, 70930])"
38.0,1,1,59,2.613830327987671,70229,"Genotype(dna=[28258, 5597, 85600, 96297, 39306, 32026, 91366, 33855, 48123, 11743, 45457, 51080, 12399, 77913, 9869, 30748, 99766, 92690, 56959, 86019, 16407, 95154, 6860, 4178, 40270, 57912, 34435, 38589, 57638, 62613, 34628, 7556, 54092, 75773, 9988, 76257, 39117, 31895, 48965, 58383, 94685, 71313, 69458, 1019, 71167, 241, 94831, 61755, 57515, 21725, 64707, 97731, 70234, 93774, 75212, 77007, 4784, 47126, 62663, 41556, 94886, 87535, 53890, 12460, 91555, 25632, 86722, 53370, 38507, 10564, 68766, 30973, 84908, 50020, 78411, 32375, 27534, 39376, 60697, 16041, 90990, 16976, 11831, 66593, 19151, 94666, 87714, 98853, 2113, 78569, 45700, 77949, 87314, 93872, 63022, 35779, 60555, 76859, 50821, 76413, 23284, 90602, 27017, 97007, 48758, 63374, 93110, 91055, 18489, 98303, 67001, 48743, 35206, 8404, 23912, 24114, 61009, 93021, 23921, 15835, 86410, 4575, 86726, 48364, 51828, 7660, 20173, 10333, 48345, 29138, 47718, 32535, 10538, 10956, 21791, 73370, 4878, 63171, 2005, 46196, 50283, 30155, 93745, 47466, 6354, 27196, 58348, 71618, 6725, 21183, 48522, 46597, 48527, 61156, 19243, 71866, 99901, 80376, 48156, 87945, 22925, 38804, 58771, 84846, 9730, 87222, 71857, 91941, 26244, 12102, 61216, 58371, 42146, 4002, 21396, 33432, 2727, 19255, 83657, 64298, 39090, 27335, 36777, 70429, 74605, 22170, 70620, 68772, 3345, 84369, 49009, 36861, 55919, 10789, 60832, 24116, 33742, 47330, 40750, 68079, 36755, 36441, 69026, 34644, 70584, 62403, 97083, 23784, 21954, 89906, 58525, 74112, 72785, 55700, 32643, 37575, 40138, 73013, 37020, 2766, 98846, 18604, 17324, 79737, 71161, 17374, 46167, 50511, 57842, 48458, 86222, 65271, 57177, 96638, 43124, 6703, 88902, 5841, 9336, 65824, 69330, 56891, 24199, 65736, 56787, 90722, 54911, 41938, 13736, 38703, 78741, 24212, 98887, 50188, 58850, 84609])"
38.0,1,1,60,2.6285369396209717,70229,"Genotype(dna=[22457, 74334, 77967, 49118, 42208, 92343, 11859, 24502, 89741, 87406, 65065, 9625, 18416, 27763, 7349, 10812, 57512, 1814, 84759, 3899, 72267, 91522, 59822, 85851, 19045, 2383, 50252, 17135, 70618, 96650, 24082, 52460, 32113, 48818, 49429, 63153, 79707, 26477, 61621, 71223, 75835, 78040, 33992, 72666, 24810, 43099, 98697, 57641, 20449, 41353, 55476, 17488, 17875, 66334, 1901, 18172, 59003, 68787, 46689, 13260, 40046, 42755, 7548, 8022, 72667, 93137, 76139, 30998, 16570, 35389, 37445, 97918, 84484, 72722, 98213, 14024, 405, 33405, 77627, 88769, 13567, 4772, 80936, 61541, 17256, 74605, 29048, 91180, 71778, 87815, 4342, 20436, 27368, 13151, 82472, 94508, 23114, 19659, 83262, 69589, 67365, 41218, 64662, 14999, 89128, 1574, 57612, 11381, 88681, 4682, 7643, 25968, 52192, 3085, 48392, 45822, 71252, 90302, 5729, 14618, 28680, 61600, 49840, 34550, 59004, 52042, 57009, 75441, 46748, 16771, 8714, 73397, 45984, 64222, 78343, 7084, 37301, 28531, 71032, 65015, 66293, 52637, 17247, 15061, 62520, 48327, 14875, 70658, 83657, 42440, 86035, 73565, 39273, 43009, 94244, 23748, 67304, 59813, 26078, 92131, 63648, 68982, 40927, 66565, 74247, 90038, 22071, 67888, 55963, 16358, 48927, 35260, 29765, 96021, 25179, 56169, 62431, 61590, 48417, 6839, 33384, 27474, 67632, 34321, 84967, 22352, 56084, 93768, 30784, 70155, 73140, 5570, 16161, 38473, 13055, 26289, 60337, 35049, 38847, 80338, 79037, 80771, 43628, 31595, 7293, 73244, 40840, 14755, 65324, 14186, 22550, 1804, 63591, 70034, 33968, 79832, 3412, 7099, 5566, 64936, 56733, 73154, 27321, 26938, 23106, 95650, 66245, 63451, 16071, 65181, 73883, 95047, 2484, 29643, 52266, 23977, 61001, 18419, 88480, 68651, 86363, 42589, 10465, 62022, 57832, 39656, 13582, 95118, 83834, 22409, 19144, 67057, 83533, 34607, 33099, 84396])"
38.0,1,1,61,2.6424713134765625,70229,"Genotype(dna=[40956, 82761, 9101, 89781, 46645, 86463, 5366, 83801, 61348, 81720, 25576, 48057, 7647, 9900, 7992, 81725, 52850, 12735, 78820, 78583, 66291, 44068, 13136, 25492, 77519, 56729, 58708, 61499, 20168, 6905, 2565, 86197, 26768, 40011, 82887, 84126, 50944, 50832, 7899, 11926, 34001, 38201, 43043, 85602, 87771, 9259, 12138, 72206, 36186, 41790, 94211, 89328, 12857, 96804, 2392, 35185, 54565, 93464, 24626, 8343, 52162, 89785, 91785, 98026, 16238, 37841, 46048, 90933, 21912, 50185, 87539, 40153, 17607, 3816, 63366, 80357, 93196, 68153, 41427, 24057, 2710, 92683, 98767, 99872, 6910, 57685, 42334, 63174, 10311, 82922, 36237, 33634, 99869, 61786, 65239, 76369, 81029, 70604, 6709, 86338, 7089, 88494, 75265, 26808, 31228, 63110, 20294, 49676, 80544, 93441, 51743, 70373, 94749, 1119, 87307, 19665, 68174, 85388, 5085, 13473, 24992, 34389, 56246, 2760, 67054, 59239, 93912, 34720, 6858, 46498, 51994, 61996, 15194, 86744, 16485, 32027, 6640, 5896, 59269, 480, 38579, 55813, 92986, 28389, 51149, 89573, 14127, 80229, 55030, 88904, 31531, 31869, 56032, 57781, 44711, 5530, 41307, 82455, 53514, 18428, 97721, 17174, 7231, 27681, 95468, 76860, 75398, 29218, 9957, 56665, 62861, 99529, 70300, 38430, 89401, 28793, 61229, 19035, 92852, 99406, 64241, 75549, 70876, 26640, 16748, 45516, 5880, 21472, 87418, 88490, 71238, 3672, 18554, 47354, 90000, 45702, 17556, 10910, 35947, 30339, 76143, 33695, 99604, 79458, 77478, 86121, 79365, 29554, 37712, 965, 75811, 9982, 78386, 4973, 6566, 73025, 11603, 89319, 12375, 69676, 1326, 83071, 41708, 45879, 865, 72600, 89184, 56282, 35258, 72883, 71201, 1098, 97981, 96951, 7901, 81495, 19883, 16422, 44890, 83958, 92954, 98086, 29292, 56239, 52938, 94447, 23176, 60852, 6434, 89458, 88420, 27643, 1262, 9251, 2058, 60783])"
38.0,1,1,62,2.6539206504821777,70229,"Genotype(dna=[19739, 79474, 94564, 94454, 70563, 53148, 50498, 98603, 17845, 80242, 97009, 94509, 95237, 12033, 86072, 34272, 29844, 49496, 75664, 54287, 35572, 83583, 98424, 36800, 37507, 41359, 68497, 34694, 41008, 79121, 54162, 4505, 71056, 45474, 46433, 1698, 79793, 66292, 15828, 19018, 93452, 24201, 95491, 48638, 75024, 92715, 30743, 89366, 91356, 90538, 81103, 15947, 82976, 20703, 96787, 24682, 15953, 83153, 41765, 63940, 20626, 60395, 51360, 70710, 29579, 48091, 41810, 12359, 52815, 77407, 57843, 40834, 90517, 98307, 46836, 65488, 10271, 9305, 34337, 59270, 76460, 21154, 46849, 29672, 98289, 95389, 82161, 69148, 3563, 59224, 80749, 83514, 3465, 46658, 45098, 80382, 73785, 96959, 62133, 8439, 16764, 12354, 43429, 11631, 85176, 57725, 75759, 13432, 97079, 23575, 26456, 84481, 1040, 73736, 80686, 74085, 23685, 4901, 26941, 41020, 88155, 68957, 48358, 5190, 49257, 99601, 56124, 23808, 43660, 65199, 32334, 39144, 8233, 20806, 89573, 37300, 5355, 32667, 91625, 51255, 44448, 29741, 29090, 51794, 13447, 13880, 62338, 73146, 75262, 45704, 98388, 37463, 10113, 58840, 15861, 87626, 60618, 5264, 49702, 1538, 53963, 73866, 59812, 30791, 22820, 68038, 47008, 1114, 93297, 32753, 73768, 68456, 16223, 88030, 23926, 68866, 76057, 97017, 25384, 8075, 40992, 71605, 33184, 41223, 23938, 12406, 18407, 1498, 83609, 22199, 79399, 43672, 82688, 73027, 43677, 8124, 31847, 83785, 62426, 40004, 98104, 35935, 63107, 55115, 25017, 10479, 53963, 46409, 65136, 65040, 48017, 26407, 14100, 64445, 90133, 55468, 77934, 23818, 66394, 57492, 31895, 27861, 89548, 47240, 24681, 40765, 51990, 40956, 72477, 51521, 29251, 96669, 21096, 15473, 33453, 17, 86657, 71544, 22750, 42728, 30930, 42772, 45365, 4741, 26368, 46771, 79853, 73587, 38173, 83329, 11209, 85476, 79444, 93907, 3961, 80887])"
38.0,1,1,63,2.726710796356201,70229,"Genotype(dna=[82847, 87954, 74210, 33149, 256, 96306, 44879, 4876, 26436, 32746, 32750, 36716, 70499, 40554, 13028, 61004, 9696, 54974, 53958, 37424, 44152, 15120, 89536, 6217, 24651, 45911, 6640, 88241, 56938, 78296, 43830, 20629, 74940, 15146, 34860, 91204, 37312, 41460, 78696, 58039, 42118, 82826, 40779, 43756, 25266, 86512, 20786, 48286, 36257, 90926, 2333, 67862, 27010, 11113, 34660, 20294, 20172, 81480, 34258, 5006, 9572, 83506, 7730, 11106, 77099, 3965, 59458, 82088, 85890, 40491, 26170, 60099, 82010, 78605, 45305, 62172, 56471, 65247, 78747, 91077, 59214, 72928, 90858, 21796, 76570, 55124, 65715, 58450, 42746, 93460, 31941, 84796, 19501, 78490, 9838, 13036, 71559, 44893, 17658, 18063, 85579, 70486, 84387, 71965, 795, 25839, 8118, 38680, 46341, 4814, 22630, 57639, 64701, 51546, 87187, 13304, 88794, 36883, 18482, 10842, 49026, 71381, 53716, 99005, 38228, 55770, 47702, 24172, 45185, 70473, 93799, 297, 58284, 28277, 25269, 24559, 32893, 64692, 6602, 8569, 58677, 62719, 46773, 25946, 90301, 52362, 42082, 8874, 15189, 5567, 83529, 61908, 35878, 56773, 12918, 77147, 85198, 90905, 16113, 78802, 34005, 21200, 69035, 9198, 10381, 60257, 86816, 33153, 90054, 56420, 24645, 70378, 69461, 75870, 60176, 44165, 97432, 37395, 47402, 9095, 3765, 68659, 74252, 47734, 41694, 8658, 99314, 24739, 62497, 13188, 40249, 69458, 2057, 97706, 19621, 71859, 8760, 3513, 16437, 59709, 81377, 6469, 49636, 59400, 54373, 88057, 96290, 57998, 22173, 3036, 93149, 40165, 19340, 60793, 52492, 24530, 1495, 86036, 60403, 82247, 10685, 85512, 4099, 92288, 82002, 89767, 26325, 43101, 33226, 52653, 72871, 95824, 74003, 15532, 90438, 44840, 2562, 5606, 8847, 30944, 25274, 38118, 65273, 43292, 28877, 46940, 4037, 1466, 64570, 73691, 30322, 42046, 50920, 79151, 23176, 72195])"
38.0,1,1,64,2.7648379802703857,70229,"Genotype(dna=[98120, 89997, 43217, 82724, 70495, 80908, 25882, 8741, 54674, 74210, 19937, 96521, 58211, 99310, 64627, 34450, 29110, 19595, 56748, 80739, 89026, 56539, 11411, 77918, 34585, 52550, 1003, 45480, 93594, 26080, 21267, 90394, 46491, 86547, 92685, 5368, 66382, 29107, 7122, 2940, 5537, 85203, 41288, 8057, 51302, 82557, 49694, 77912, 24270, 10970, 95016, 54496, 54253, 3716, 16780, 89607, 83735, 97924, 81973, 77123, 46033, 65802, 45354, 65020, 1930, 81107, 38149, 41758, 81495, 7607, 72850, 21980, 79305, 83283, 39568, 27381, 30570, 43816, 73533, 14163, 87756, 75402, 46213, 4715, 28730, 83470, 75258, 95301, 39153, 12854, 55538, 47322, 29752, 62282, 60227, 80843, 51471, 42945, 58865, 50495, 18350, 21952, 34773, 81714, 50802, 3858, 72515, 19087, 52508, 41548, 97079, 2773, 24698, 88389, 88191, 18002, 97923, 70130, 27430, 77637, 8076, 98123, 10778, 101, 45984, 32296, 83301, 67933, 8592, 28085, 69616, 3808, 1535, 29240, 99529, 90958, 87214, 3857, 62614, 91480, 49585, 66074, 60058, 74218, 44305, 16843, 21764, 19054, 48469, 6586, 74713, 84122, 54338, 40499, 87212, 68937, 40356, 44363, 7552, 83834, 86003, 56692, 51160, 36767, 41140, 99896, 43474, 42320, 76503, 31312, 4265, 55072, 94726, 58079, 9431, 81094, 45355, 87634, 48547, 65529, 29944, 11103, 53462, 50955, 72413, 55717, 92557, 53292, 69013, 15994, 15719, 55335, 41724, 74055, 88330, 1263, 11989, 49772, 69358, 30273, 75002, 67551, 83387, 51092, 22072, 442, 58064, 65602, 80592, 51176, 12871, 22232, 32668, 13067, 79954, 26674, 95701, 47487, 17148, 49019, 85501, 85893, 13162, 49407, 37858, 23382, 27911, 55673, 82534, 56082, 8423, 77610, 38901, 89672, 36640, 5763, 14447, 84327, 47694, 30512, 70954, 53860, 75967, 59355, 62403, 77218, 52959, 71887, 14691, 24058, 82431, 84431, 39285, 69807, 72663, 46063])"
38.0,1,1,65,2.7795469760894775,70229,"Genotype(dna=[48705, 43846, 95006, 47324, 81312, 98844, 13366, 1398, 468, 69711, 81439, 3010, 81424, 36477, 97013, 3914, 62731, 93032, 83486, 13916, 75503, 73121, 34278, 65025, 39300, 63215, 56175, 86806, 67298, 78741, 74313, 58872, 84531, 97899, 48552, 67306, 12022, 28436, 34875, 59722, 89481, 55009, 83604, 90583, 22369, 63148, 91727, 85976, 60408, 95250, 9784, 45069, 3618, 91816, 39232, 38738, 84032, 4862, 90797, 24062, 7973, 68090, 47616, 28628, 45469, 38536, 9870, 76019, 31673, 17038, 50038, 52804, 68822, 68487, 79324, 32156, 94225, 66342, 54685, 99246, 18911, 93576, 80082, 40092, 64302, 59993, 53336, 39911, 49525, 4326, 84450, 74263, 22820, 86967, 50648, 26417, 67999, 93555, 33617, 91656, 5782, 72340, 87073, 30987, 61666, 41880, 59067, 8242, 45851, 85915, 96849, 43001, 72400, 27423, 59815, 81177, 40030, 66434, 6705, 59108, 5670, 91844, 98333, 68489, 15404, 87001, 80165, 37316, 48230, 38204, 70210, 11344, 47739, 15982, 32842, 42800, 84028, 5703, 62951, 69417, 83552, 69928, 28684, 85822, 52291, 57196, 60597, 12757, 10730, 29650, 24581, 8028, 67050, 41915, 40235, 42718, 23509, 29930, 16100, 95613, 51999, 59402, 11609, 76312, 59309, 76749, 87354, 76041, 38994, 58002, 74298, 75739, 57361, 92045, 66152, 19736, 23556, 14232, 49159, 14648, 41676, 9308, 38727, 59613, 84446, 49689, 78020, 12842, 43731, 57280, 37955, 4564, 35382, 60836, 20689, 83747, 80806, 57231, 87042, 94593, 10382, 90595, 98903, 31030, 29713, 17686, 78420, 45597, 34314, 65632, 11246, 27795, 24491, 12846, 50809, 95661, 82268, 60683, 30600, 66595, 253, 93905, 54509, 70880, 37827, 31222, 63160, 81255, 35019, 24386, 9031, 24442, 64875, 54630, 73189, 48233, 64835, 32736, 13912, 93443, 89953, 95623, 396, 77596, 38250, 97252, 71204, 35837, 52590, 30697, 36789, 83421, 63618, 31132, 45395, 1140])"
38.0,1,1,66,2.797609329223633,70229,"Genotype(dna=[40055, 98403, 81157, 74837, 25480, 82210, 55455, 72955, 92966, 6842, 32358, 79218, 33321, 73355, 33071, 98573, 39922, 59576, 28172, 58755, 69217, 89181, 39085, 50786, 65360, 24988, 97208, 45752, 20844, 6333, 84930, 95103, 83818, 64012, 53025, 83934, 66305, 37976, 19122, 47251, 25966, 86403, 48013, 22084, 68838, 28520, 10015, 40231, 15067, 24298, 31308, 75409, 64848, 44924, 31309, 89998, 98041, 95530, 38545, 10267, 10191, 21680, 69753, 63124, 46450, 20220, 37769, 25086, 18288, 96590, 92906, 49289, 61721, 63760, 43953, 88721, 75232, 86069, 66888, 54629, 80148, 40236, 71918, 98467, 89723, 14494, 15227, 58065, 3296, 11544, 52278, 11207, 26104, 1897, 6947, 19196, 69614, 78796, 73968, 36190, 38371, 96201, 92576, 44783, 83879, 75138, 89804, 89549, 23509, 76414, 13155, 19957, 45698, 69548, 13357, 81702, 15705, 28274, 88335, 82791, 17361, 93623, 81238, 23459, 92127, 29463, 54885, 54523, 94231, 94262, 64764, 86941, 11672, 1723, 14486, 1626, 4020, 771, 61180, 9492, 65666, 31308, 39070, 42014, 30577, 19854, 42302, 44313, 27003, 79403, 45725, 11711, 44826, 34108, 54328, 160, 12558, 32562, 74789, 30778, 75037, 95830, 9981, 24866, 79411, 5468, 19823, 70409, 78557, 48706, 85368, 48240, 68259, 92020, 52440, 13078, 8799, 44775, 94596, 51824, 19288, 4344, 47233, 1820, 12509, 51251, 992, 75241, 94186, 16044, 55316, 70150, 24751, 74580, 45639, 6547, 20623, 93770, 73122, 72210, 83381, 60929, 17301, 80885, 60465, 4001, 40270, 86234, 5674, 84068, 99108, 58553, 64107, 10027, 87744, 1229, 70400, 71851, 95111, 90885, 72415, 11375, 2875, 76280, 59167, 50526, 20974, 77678, 45524, 67724, 9291, 72607, 80596, 9733, 636, 14201, 39418, 51182, 29496, 83192, 82348, 10137, 10904, 74963, 12571, 71313, 70201, 7773, 58063, 47264, 58775, 29630, 12500, 48955, 73061, 33538])"
38.0,1,1,67,2.822638750076294,70229,"Genotype(dna=[24472, 66830, 41230, 40370, 61903, 44546, 30093, 64863, 1225, 28153, 95934, 89506, 20300, 97991, 23999, 91026, 53751, 76308, 34184, 79292, 3298, 63945, 22987, 83264, 48573, 55651, 87391, 51348, 79211, 68867, 6623, 3457, 29655, 78002, 16861, 20233, 38805, 42502, 57111, 86800, 80365, 95096, 42159, 88825, 661, 28640, 75089, 73758, 11119, 11701, 64776, 23731, 46934, 19792, 93853, 12655, 19043, 61879, 18888, 41, 22337, 25047, 63233, 56322, 38330, 74368, 22829, 50746, 53040, 72310, 44041, 16732, 15199, 36505, 78755, 29919, 56240, 30992, 57762, 29820, 97159, 37980, 41165, 94488, 64444, 55010, 57323, 82790, 93997, 42510, 734, 6180, 90318, 4602, 92537, 84609, 90719, 52256, 17838, 11345, 29372, 71057, 66196, 40276, 14280, 97535, 37294, 89744, 49402, 71296, 2392, 51601, 22106, 98010, 81232, 21686, 25807, 12652, 94220, 93236, 45065, 18553, 15810, 21828, 42175, 47521, 87971, 41300, 60072, 51781, 82473, 84843, 83994, 35177, 20508, 23979, 50643, 51560, 51399, 54870, 87366, 92151, 45697, 32990, 44423, 13539, 79359, 97720, 11908, 47116, 84003, 489, 87019, 67114, 30051, 51694, 79586, 35812, 15344, 48592, 323, 49920, 16452, 5997, 10446, 47836, 68884, 57700, 73130, 80691, 38725, 84230, 90478, 60126, 97133, 90714, 56954, 16965, 76207, 92564, 77804, 14415, 74684, 44574, 12729, 54294, 45779, 81980, 62788, 55475, 91743, 65258, 13088, 5496, 12874, 58989, 86587, 73063, 18863, 69701, 34430, 35604, 9407, 44517, 24561, 37915, 43471, 62458, 63877, 35769, 56705, 74164, 10417, 49167, 58403, 70238, 31073, 90917, 97207, 28155, 78769, 79103, 46604, 41375, 85926, 57068, 73986, 85926, 76308, 88357, 86842, 23804, 3548, 71110, 31293, 31453, 29408, 89374, 9943, 7623, 34569, 61951, 32353, 58706, 144, 79362, 57115, 65808, 17854, 31136, 71269, 570, 11404, 42831, 51187, 46052])"
38.0,1,1,68,2.846041202545166,70229,"Genotype(dna=[84252, 10252, 50235, 50621, 4756, 71703, 69011, 71039, 564, 63745, 92226, 29498, 12008, 9337, 69691, 78480, 12948, 24377, 19013, 7750, 4079, 20595, 61273, 60383, 45410, 60822, 57560, 8184, 56361, 15102, 69798, 81572, 37968, 92939, 91411, 68630, 44462, 99371, 62299, 8391, 36458, 10258, 72322, 99288, 52479, 38584, 4047, 99148, 2885, 14419, 76313, 52164, 76781, 46562, 9585, 47378, 35178, 7892, 21087, 37759, 1089, 78319, 57976, 97521, 38798, 38953, 71206, 79248, 40384, 72297, 16922, 69980, 55717, 90111, 52501, 81919, 95870, 27367, 37636, 57933, 4761, 11173, 14817, 30754, 58652, 90471, 60098, 99332, 98225, 5981, 78342, 55164, 38429, 30114, 67274, 72355, 20049, 43052, 35688, 31698, 39877, 87567, 55750, 33560, 13988, 33452, 11403, 88108, 81892, 67144, 72617, 91868, 57623, 1523, 79007, 25707, 74691, 36250, 82446, 35288, 82100, 11204, 62549, 70547, 10316, 2295, 95093, 20073, 33474, 13911, 13513, 26345, 27880, 50848, 66023, 7620, 1629, 79108, 3664, 68990, 93239, 67530, 47956, 83224, 43374, 11162, 53800, 99977, 43225, 43343, 97022, 76179, 5343, 89263, 98558, 42081, 91249, 9849, 41997, 79226, 34447, 40952, 25812, 66683, 20616, 28516, 82014, 47481, 30015, 77937, 35770, 67166, 74898, 20566, 46197, 34192, 3238, 30592, 74737, 71687, 29336, 59199, 42349, 85036, 18957, 63734, 68055, 42774, 57553, 24378, 9806, 26044, 51924, 56321, 98366, 82700, 77594, 80786, 12688, 29445, 94137, 85781, 22431, 92359, 72148, 60704, 19422, 41541, 22186, 59633, 62003, 39032, 89930, 46836, 44738, 86363, 29805, 346, 16433, 61598, 4469, 96601, 3049, 24007, 83425, 83403, 660, 86861, 42244, 51469, 65762, 19523, 76605, 57781, 22523, 46001, 16837, 88920, 96643, 25176, 28759, 82771, 32416, 46210, 56950, 69737, 4015, 93680, 36359, 43532, 19393, 24813, 52045, 71952, 95730, 82840])"
38.0,1,1,69,2.8588387966156006,70229,"Genotype(dna=[5669, 53991, 68138, 47532, 93896, 92670, 23734, 8362, 67518, 84760, 99153, 7507, 36643, 96394, 64767, 27061, 24371, 21795, 76573, 51341, 60306, 73377, 88702, 8991, 28758, 93038, 16909, 25958, 97562, 50230, 92071, 85735, 75635, 89377, 40290, 80818, 66852, 64004, 96841, 6350, 50527, 75830, 37788, 96184, 25840, 55911, 46389, 55525, 22135, 42055, 49846, 69204, 83493, 37304, 74073, 43928, 41499, 89031, 18587, 49519, 71661, 24452, 93581, 19782, 35268, 36565, 32033, 38727, 88308, 22796, 11889, 77448, 39124, 1187, 6873, 28554, 33260, 40742, 45726, 74415, 11381, 10200, 49773, 85292, 26947, 86514, 36434, 31334, 3494, 53593, 2606, 48934, 66798, 14052, 42962, 45738, 86449, 39125, 75831, 49525, 81640, 64921, 31732, 16463, 10741, 37632, 49632, 91297, 11765, 98541, 62895, 46703, 86396, 92178, 34380, 72955, 87053, 42480, 86177, 58225, 18893, 56541, 30275, 62969, 49801, 90057, 19524, 68452, 97467, 53536, 17702, 17564, 64433, 42969, 79301, 15060, 1907, 21299, 18820, 94697, 96329, 71574, 88790, 95672, 55147, 80836, 71246, 61163, 20943, 84140, 35092, 50173, 69281, 34441, 80, 64774, 37552, 35828, 73174, 86801, 35256, 80802, 45736, 82367, 17088, 44364, 59735, 58924, 74423, 67976, 91227, 37639, 96193, 81841, 97278, 6804, 48819, 68113, 33, 24189, 74490, 54060, 43296, 8164, 41005, 82772, 47304, 20508, 94797, 39236, 82513, 63139, 89770, 68275, 69495, 38550, 55145, 15947, 15944, 55741, 55864, 16905, 99424, 92079, 25251, 62818, 6523, 14639, 21673, 8214, 84761, 28300, 12813, 50508, 98012, 20911, 90254, 76272, 37461, 25461, 24456, 69924, 7840, 57933, 23161, 41380, 9466, 88231, 9066, 403, 35197, 70872, 52725, 91271, 88175, 66378, 60963, 15469, 34295, 26278, 52278, 98157, 56610, 35357, 40054, 90515, 9543, 13287, 4980, 14470, 57387, 68575, 70943, 19831, 4210, 84148])"
38.0,1,1,70,2.872568130493164,70229,"Genotype(dna=[63287, 12895, 67560, 72291, 60692, 30793, 36000, 5745, 86268, 35627, 48583, 36589, 17676, 1987, 17930, 63301, 40468, 97925, 35146, 10315, 10438, 80144, 52768, 44759, 39513, 16943, 79321, 78093, 18703, 77052, 40245, 53944, 83648, 79714, 42776, 73031, 48122, 39078, 40448, 38979, 2001, 96749, 21976, 71714, 78292, 82275, 54241, 99560, 3901, 91242, 75565, 65908, 56561, 55903, 79104, 48355, 17461, 16573, 85813, 42963, 37305, 37333, 45832, 61, 19311, 53623, 1180, 56176, 31960, 81884, 1120, 80719, 99948, 98811, 27499, 89135, 51883, 49086, 17442, 77262, 78703, 80114, 24332, 20192, 91367, 64280, 38091, 60568, 38771, 73820, 48874, 82638, 8911, 42073, 84024, 51744, 60200, 24843, 87598, 68650, 62384, 30544, 22863, 58350, 74331, 29612, 45492, 63311, 92149, 57103, 21198, 44163, 50185, 57915, 88691, 22123, 36504, 72163, 85570, 8773, 37794, 75493, 2902, 63369, 23702, 64961, 38623, 72518, 39742, 86809, 29622, 85386, 25184, 28579, 15497, 3613, 54472, 97499, 20523, 75632, 47523, 26785, 16265, 70725, 22185, 11674, 99700, 28840, 67401, 82094, 86378, 8178, 81310, 30831, 83969, 33858, 92458, 18963, 74393, 9413, 72412, 31378, 46259, 63885, 40641, 21681, 51159, 51586, 3476, 7366, 70298, 31739, 57366, 4530, 80837, 38583, 1942, 49705, 4224, 1479, 77054, 40920, 89050, 10175, 11632, 89249, 81737, 93601, 6829, 9898, 36518, 13994, 97716, 44213, 26016, 39089, 41082, 37455, 5850, 42662, 74398, 19318, 13282, 98946, 52246, 11989, 47343, 36592, 30723, 17248, 25482, 95919, 96016, 55461, 25290, 81937, 87201, 31387, 38836, 56251, 86304, 57093, 85220, 90411, 80074, 12104, 81126, 38231, 16416, 78567, 65676, 6398, 69211, 66535, 52881, 7871, 24686, 68616, 13142, 67327, 66357, 72033, 4572, 12334, 5866, 75946, 80336, 38841, 2822, 70303, 55032, 95946, 80305, 47520, 79091, 42702])"
38.0,1,1,71,2.8839731216430664,70229,"Genotype(dna=[88817, 30952, 27412, 28496, 88723, 17506, 59363, 37421, 14579, 95171, 85916, 13461, 71902, 96481, 4012, 19092, 10170, 50895, 90009, 63143, 64651, 6429, 95415, 61445, 16607, 87680, 71332, 53202, 6409, 54018, 85880, 79652, 95509, 21684, 54731, 38011, 15692, 86205, 79744, 48978, 70803, 37083, 89428, 2262, 4884, 97650, 92546, 27419, 54965, 39438, 36383, 36809, 34663, 69784, 14553, 37559, 21400, 62551, 69940, 29534, 54525, 4131, 45784, 51880, 86234, 1182, 44645, 94022, 60932, 70411, 45792, 55862, 48207, 95575, 36941, 92468, 12507, 36868, 90467, 3233, 70287, 57655, 90673, 92231, 60975, 6728, 84924, 61329, 11249, 67931, 16487, 43046, 42629, 89330, 52398, 86208, 88508, 91195, 3323, 54946, 8184, 30569, 8069, 43734, 848, 12443, 51488, 23356, 8328, 3539, 66570, 51141, 57589, 50707, 17779, 78515, 61857, 62882, 78911, 98125, 968, 38688, 9188, 22295, 24845, 19057, 75955, 76604, 51941, 86508, 2159, 48747, 33463, 36408, 43233, 1155, 13131, 4244, 38362, 38832, 78930, 8947, 99190, 32095, 52123, 12982, 35421, 65256, 74160, 37867, 50456, 82133, 55203, 22866, 10670, 9019, 27135, 63433, 2617, 82438, 62757, 65668, 94651, 65483, 48361, 79229, 48172, 90807, 62594, 18478, 62159, 51895, 88244, 72944, 11922, 52266, 37819, 38552, 550, 88695, 65132, 70720, 62774, 51870, 34814, 27555, 18836, 68642, 51653, 87565, 65120, 83449, 22468, 53520, 37983, 61134, 43300, 5665, 44613, 96217, 83853, 19631, 98737, 4151, 13209, 26015, 66334, 30771, 19505, 10201, 81723, 26842, 87943, 31549, 24839, 27908, 92019, 92248, 77353, 56714, 89173, 95755, 69185, 80043, 13601, 76084, 40939, 70882, 68238, 41207, 25811, 72272, 39792, 73384, 50092, 73984, 43608, 48219, 29128, 32227, 8982, 93764, 81827, 18185, 2826, 2874, 14262, 7628, 55921, 60951, 29923, 68397, 11252, 5009, 69541, 49580])"
38.0,1,1,72,2.8957266807556152,70229,"Genotype(dna=[85572, 69055, 10947, 95235, 45240, 91886, 47488, 21848, 3993, 59642, 45157, 70032, 29463, 90110, 36643, 15998, 2693, 77988, 3128, 31615, 39425, 40436, 12091, 75799, 59769, 72639, 43353, 30796, 1867, 94864, 18779, 7019, 84312, 63448, 24597, 23757, 69297, 6804, 14330, 33988, 10064, 47640, 6206, 11570, 13518, 53621, 90009, 30558, 78153, 43724, 20870, 60862, 75350, 78987, 73051, 92658, 23819, 95259, 36186, 72718, 58177, 33137, 12182, 88198, 76690, 74442, 36617, 9833, 8149, 30249, 34124, 41936, 64495, 15865, 21698, 90262, 75571, 68122, 16608, 90104, 4625, 61245, 13825, 59764, 7646, 75926, 86010, 79933, 75442, 94343, 98248, 6718, 54707, 54068, 83058, 72251, 28021, 11351, 6295, 35610, 70470, 68352, 56539, 6130, 74094, 46317, 84105, 39711, 61131, 24686, 16081, 67957, 59497, 20252, 99220, 58986, 69368, 34092, 93786, 49076, 56999, 76090, 62401, 6296, 90575, 67250, 49730, 68605, 48416, 38500, 45623, 70040, 9810, 17798, 97589, 66477, 2801, 77432, 57243, 25823, 84769, 51869, 75599, 42337, 73382, 7716, 4674, 56043, 85840, 40666, 43677, 11797, 74872, 76279, 898, 96003, 14521, 84601, 93773, 37711, 66231, 54634, 22532, 37815, 92306, 28479, 41764, 14756, 11650, 38147, 45133, 67952, 83372, 69292, 23777, 4363, 43160, 99014, 66782, 57230, 42849, 77723, 61879, 64090, 12064, 23259, 97816, 11815, 94914, 5274, 46335, 21656, 10261, 53485, 50299, 50269, 63254, 39566, 11471, 36229, 84599, 36153, 9297, 37085, 84625, 83764, 61212, 86574, 76562, 50786, 3745, 26542, 97792, 97080, 28930, 40729, 28110, 68374, 94126, 39446, 50124, 5825, 34181, 97607, 13438, 7856, 55761, 29257, 2008, 33128, 25238, 72890, 88220, 87738, 40494, 78879, 16579, 80379, 85011, 88993, 72245, 52171, 82863, 10609, 96604, 69325, 62571, 60325, 73933, 38425, 76499, 72822, 97441, 76364, 58284, 94745])"
38.0,1,1,73,2.9141974449157715,70229,"Genotype(dna=[55316, 95671, 14612, 65181, 75133, 98078, 67970, 7124, 51449, 94782, 62260, 29028, 70643, 96883, 11534, 68786, 36706, 72878, 17372, 37858, 3307, 97393, 85049, 80559, 84220, 10658, 25378, 99734, 11844, 75217, 24043, 10907, 37102, 21760, 72366, 11890, 9788, 68851, 57755, 24464, 42548, 88312, 83310, 65551, 27305, 54802, 87939, 69857, 53341, 39748, 92665, 43549, 14907, 70854, 84656, 50816, 73272, 84604, 51776, 26112, 99923, 18241, 81483, 733, 30847, 25762, 18651, 11541, 12151, 35775, 20911, 8506, 46036, 55239, 3965, 15793, 73834, 35787, 80103, 60098, 42535, 88443, 16407, 49849, 66908, 54886, 44873, 74580, 33452, 45818, 30319, 56680, 25801, 85234, 86638, 35006, 79524, 75027, 88004, 16932, 32152, 63666, 41280, 69762, 8833, 77280, 66797, 76590, 78704, 34041, 8815, 37550, 92636, 53356, 41459, 92902, 90099, 4379, 25769, 59797, 60624, 79543, 5630, 34257, 76646, 57878, 10726, 68838, 79215, 92405, 95958, 49188, 94737, 64717, 7923, 83621, 21979, 83693, 28095, 28674, 73151, 74701, 59642, 80135, 66561, 76114, 27553, 57053, 89487, 66895, 66419, 34757, 40977, 42392, 88298, 86891, 83689, 70045, 10427, 98136, 4520, 12710, 23435, 33886, 75316, 47368, 37383, 30115, 82199, 36515, 46849, 29812, 67964, 11897, 14531, 74909, 72904, 83609, 1527, 13875, 54171, 87523, 72061, 94307, 79197, 10833, 80979, 67104, 75048, 4879, 62185, 24245, 81841, 60098, 58128, 90265, 91738, 40338, 89532, 93914, 2121, 76534, 51237, 55912, 87690, 15540, 23755, 98554, 75214, 98077, 70945, 2659, 14729, 97277, 45192, 12704, 31902, 60568, 7932, 12862, 88081, 93560, 59703, 8024, 3002, 29134, 34274, 1649, 66106, 38908, 86198, 63572, 45002, 69036, 54304, 84672, 72925, 3582, 35118, 89913, 9588, 81278, 24890, 11157, 44615, 72680, 1599, 44254, 15424, 80302, 42513, 18760, 42943, 25868, 48059, 21663])"
38.0,1,1,74,2.9269838333129883,70229,"Genotype(dna=[27854, 95018, 96420, 39619, 16865, 16783, 98051, 74951, 24883, 32140, 1111, 9993, 82167, 63978, 19050, 95095, 10294, 32369, 21039, 30039, 21635, 40707, 77323, 87428, 3142, 60685, 32123, 8595, 18476, 28773, 46542, 1809, 2473, 39608, 22092, 67935, 27076, 36779, 12911, 48706, 28071, 27032, 51141, 63190, 81876, 61548, 92792, 96157, 63097, 50097, 94820, 15938, 74957, 59093, 73679, 37644, 97314, 90342, 74849, 97376, 14066, 73361, 66910, 65092, 22792, 87896, 32894, 87813, 31310, 94806, 28857, 2339, 67853, 27572, 20120, 58570, 54172, 21080, 65766, 88772, 46537, 65066, 30699, 33106, 61465, 74402, 87786, 64311, 49031, 74345, 71033, 39308, 11474, 93106, 51091, 87483, 82724, 80117, 91862, 13414, 56264, 89810, 98103, 42156, 55752, 12288, 67238, 98685, 61595, 34050, 44592, 23004, 84920, 99571, 89326, 89047, 53042, 60297, 61334, 11967, 14158, 13586, 69107, 4089, 28945, 58004, 25777, 48792, 59422, 55164, 72261, 82418, 46980, 58712, 31508, 41165, 67528, 24331, 97224, 11835, 68955, 68998, 57728, 3362, 31042, 21779, 51706, 44885, 10905, 52204, 55947, 83884, 80601, 66865, 81174, 46701, 42451, 34993, 21938, 89734, 65601, 93305, 57449, 71857, 4085, 88750, 25846, 16499, 27242, 39603, 75568, 47161, 58135, 92775, 97224, 83192, 82828, 32891, 94018, 53299, 35814, 18068, 29382, 32872, 32109, 23373, 67967, 41399, 63538, 79509, 81043, 96701, 62438, 24094, 98041, 27379, 76811, 70285, 70561, 8815, 43821, 54718, 59017, 40677, 40432, 5512, 65628, 15515, 17205, 26726, 68140, 59907, 92499, 63408, 55476, 97424, 44236, 53687, 22516, 91718, 3820, 40675, 83238, 23156, 87460, 72169, 61626, 41828, 79015, 49033, 38569, 77818, 89279, 74453, 82839, 41725, 36720, 16783, 30784, 53682, 11634, 79330, 862, 22344, 36746, 56439, 52645, 15873, 17772, 62619, 67305, 74875, 22390, 96922, 17269, 86741])"
38.0,1,1,75,2.9442968368530273,70229,"Genotype(dna=[10418, 96818, 95771, 24255, 17347, 90144, 34746, 67411, 35621, 40826, 7238, 33053, 14074, 43875, 19282, 50490, 55089, 38741, 76181, 69842, 72173, 60419, 83314, 60410, 33633, 72023, 44465, 37844, 38219, 73604, 96893, 19549, 20089, 63758, 78052, 75556, 1221, 29738, 41092, 52156, 30426, 98855, 42800, 31065, 47251, 86300, 97223, 20133, 42013, 92880, 26325, 14998, 59054, 28924, 20850, 53593, 83266, 44402, 22864, 35768, 48922, 13734, 43318, 20468, 33407, 57719, 6266, 20899, 5210, 73443, 69657, 23345, 40945, 58942, 3240, 39118, 7969, 6742, 7817, 67501, 24981, 94740, 88861, 28329, 86898, 89350, 99821, 18018, 37880, 9275, 91210, 55894, 65704, 91452, 15891, 58573, 54324, 82865, 86639, 70234, 93260, 14309, 36882, 66469, 60214, 82673, 28802, 54896, 5328, 46696, 15769, 66651, 74707, 80980, 67720, 84491, 68511, 71614, 2733, 43507, 92364, 23391, 3232, 36811, 46089, 89907, 36904, 17776, 71016, 9497, 31277, 39230, 96348, 65154, 43472, 20823, 23325, 29180, 15614, 35559, 98744, 19650, 9794, 33616, 49614, 32275, 3834, 26313, 5706, 93662, 95525, 17087, 16834, 52938, 42248, 34921, 72745, 7681, 52511, 58529, 63968, 72035, 38149, 54355, 95275, 71894, 49339, 43093, 38469, 60229, 12060, 88255, 89963, 88340, 61379, 92928, 15781, 19779, 85018, 70253, 84494, 68352, 31595, 96318, 60451, 37407, 13491, 48236, 57638, 23333, 21411, 78013, 29744, 71620, 50938, 25514, 34140, 56162, 31606, 79543, 85867, 56273, 78751, 33441, 775, 49249, 29081, 18987, 77594, 74475, 74516, 40216, 41926, 152, 53583, 85790, 72181, 66020, 29473, 17662, 15948, 56864, 11529, 72121, 46241, 98525, 60226, 24379, 4873, 74689, 84443, 95400, 29060, 222, 16338, 54119, 45855, 68270, 30894, 24812, 4881, 44038, 57358, 115, 48475, 26934, 48825, 31964, 97542, 45752, 46004, 65162, 23004, 41323, 50347, 93842])"
38.0,1,1,76,2.9548087120056152,70229,"Genotype(dna=[25153, 44162, 74531, 82268, 36072, 87071, 94872, 89184, 77933, 90234, 34727, 13747, 39711, 64393, 73286, 46459, 38362, 79359, 10311, 69569, 33449, 73386, 44069, 5404, 44363, 45627, 45689, 96242, 71959, 27072, 73084, 92617, 36090, 96053, 98446, 64351, 12360, 78688, 22198, 69822, 99975, 22332, 81827, 33540, 72918, 23238, 32586, 81741, 9174, 34879, 56691, 14121, 22304, 24377, 71717, 27721, 44180, 64937, 89753, 80423, 21808, 23534, 11124, 38016, 29580, 3620, 89125, 27353, 14460, 40406, 62749, 31890, 87436, 36249, 82760, 12316, 31054, 79291, 54841, 30248, 71500, 72641, 21296, 31262, 6463, 68765, 54261, 53741, 84792, 56285, 38368, 94927, 71975, 53097, 33160, 96977, 36312, 82794, 69011, 34046, 25983, 30747, 84216, 51161, 88926, 56093, 93812, 50593, 63852, 89357, 54743, 49435, 67768, 18150, 81307, 55063, 8443, 28393, 40610, 7145, 29030, 6919, 49317, 84618, 61824, 78688, 23973, 37639, 37553, 483, 72986, 545, 70187, 5847, 64979, 74685, 85279, 20570, 89716, 8438, 65425, 12755, 30905, 79086, 58264, 53740, 24689, 52852, 84129, 33858, 14795, 96900, 93539, 4496, 85080, 46501, 30413, 74648, 87795, 64426, 77816, 55667, 26997, 46459, 33783, 47266, 70081, 36605, 30977, 81355, 19874, 67125, 33737, 78720, 98483, 54662, 89171, 99063, 44185, 37109, 197, 46564, 26367, 18232, 32589, 59330, 96679, 24047, 52093, 41728, 93837, 86020, 69658, 71748, 44770, 916, 77518, 15950, 33552, 95708, 55777, 18537, 51975, 43828, 81964, 19666, 29754, 93977, 48808, 85445, 35521, 97577, 74049, 76495, 58165, 97479, 16175, 66620, 22984, 16937, 54599, 42619, 10581, 68328, 92084, 31002, 39297, 86190, 91444, 82943, 30018, 99090, 20342, 21347, 26134, 40130, 90365, 65021, 76357, 99066, 88490, 1911, 36600, 63161, 63339, 96648, 64205, 78886, 80902, 34923, 25444, 15605, 78935, 64110, 70889, 46021])"
38.0,1,1,77,2.9637207984924316,70229,"Genotype(dna=[16059, 54367, 47290, 54810, 89936, 93667, 11640, 61611, 11645, 35617, 97862, 27567, 18275, 7201, 26005, 14886, 73034, 62166, 90624, 52681, 24950, 81186, 68897, 22127, 11956, 35006, 19352, 13500, 34221, 23703, 92003, 75803, 35884, 52336, 72840, 32170, 51711, 26999, 5025, 66946, 75523, 78770, 69535, 30035, 24834, 92316, 41924, 63285, 86206, 43263, 84338, 17669, 91632, 27017, 89816, 21425, 94714, 73068, 88635, 31778, 33622, 86353, 4182, 98504, 13954, 52104, 8289, 60302, 37213, 38076, 46037, 39747, 55003, 1572, 30822, 72899, 77781, 10968, 48063, 96306, 72829, 55129, 47710, 58188, 14133, 4465, 48797, 72042, 30786, 48404, 82976, 36456, 19264, 98890, 9577, 48329, 78908, 42353, 33136, 47945, 90796, 90439, 31630, 52386, 76254, 71562, 44207, 9469, 77812, 41710, 73530, 51780, 7442, 84689, 37274, 72835, 35976, 61534, 89715, 75703, 23612, 91737, 458, 597, 92795, 42703, 95761, 43475, 97635, 12985, 63955, 11855, 34941, 44471, 76594, 91984, 63447, 38743, 5139, 94639, 56890, 55407, 7476, 90830, 2265, 1521, 40160, 74489, 19945, 84580, 86867, 79763, 31059, 16720, 56032, 83716, 81844, 32472, 31275, 84550, 67818, 49203, 94902, 38499, 75314, 28167, 42492, 88076, 67228, 6871, 30322, 2291, 96142, 54560, 34002, 94137, 46682, 81820, 38982, 51014, 2008, 7912, 85258, 20401, 81436, 56291, 87596, 29004, 95284, 86554, 88599, 4759, 67671, 57909, 17945, 97433, 66690, 91676, 13504, 70942, 99370, 21377, 45367, 54101, 30297, 19288, 94954, 11300, 84793, 24229, 36023, 74845, 51992, 26193, 93564, 60684, 89856, 38420, 78589, 75131, 54641, 30467, 83888, 23921, 77012, 45590, 77829, 51447, 52931, 27809, 68197, 98019, 20300, 57571, 93455, 56546, 62845, 97411, 32874, 43563, 39632, 99176, 46242, 64472, 58464, 49997, 88886, 98105, 72974, 47553, 46360, 74687, 85742, 42588, 96128, 25153])"
38.0,1,1,78,3.0194578170776367,70229,"Genotype(dna=[43953, 75430, 14952, 91554, 86289, 87637, 44775, 30114, 73135, 34930, 64305, 54075, 99220, 11952, 80924, 84384, 93357, 75240, 67874, 86508, 15763, 99822, 31208, 47046, 97643, 76374, 68675, 6830, 73570, 99304, 95812, 24657, 86034, 76868, 63918, 73271, 17682, 12067, 47411, 71539, 2225, 75455, 78073, 48552, 49987, 42466, 78088, 23474, 96245, 96487, 92533, 92797, 36115, 39886, 79635, 45968, 59127, 66418, 58936, 45986, 32388, 46467, 36834, 68519, 36152, 38704, 68539, 63595, 65051, 68099, 15735, 14040, 36344, 51193, 60922, 82821, 32594, 22906, 61456, 14114, 61031, 11881, 2436, 4718, 89202, 15721, 90860, 37799, 51239, 99687, 44287, 32070, 7665, 81063, 63515, 86281, 5275, 35931, 85435, 10049, 32753, 61252, 9331, 44800, 57468, 2427, 39913, 43664, 84830, 82999, 26859, 63801, 83006, 16924, 46297, 57964, 22636, 78073, 42698, 5080, 99817, 29615, 86571, 89590, 62684, 68643, 8192, 18730, 46277, 62208, 85266, 91300, 23982, 52937, 41042, 11160, 52302, 38224, 15381, 22802, 54280, 91018, 9460, 29623, 51793, 56863, 30601, 92085, 706, 67486, 83970, 7903, 93311, 4959, 53033, 23498, 65801, 73701, 60596, 16317, 99302, 643, 47649, 94679, 86438, 26543, 96204, 48146, 99599, 32409, 46800, 16183, 47171, 4551, 83062, 7694, 90020, 87487, 80798, 94099, 91902, 63782, 45226, 91394, 99560, 16216, 61700, 673, 6513, 15451, 96812, 78983, 13585, 97423, 5061, 8521, 32710, 9352, 17464, 53171, 74499, 30629, 64237, 65124, 74342, 26623, 74522, 20144, 43121, 56937, 18274, 44014, 53127, 87994, 26151, 64833, 62252, 71225, 36433, 81103, 75889, 51004, 61925, 52660, 3871, 67331, 9487, 29528, 70390, 6512, 66304, 29456, 21313, 6636, 67907, 75546, 57341, 86328, 39938, 93117, 17192, 39755, 28619, 32270, 47163, 17604, 3045, 60014, 56294, 19334, 2402, 8902, 8262, 94116, 45279, 4667])"
38.0,1,1,79,3.0308279991149902,70229,"Genotype(dna=[74527, 69919, 98568, 88881, 11709, 50075, 6203, 80925, 9232, 14167, 83120, 14737, 80161, 77812, 83172, 86114, 35551, 10978, 81401, 69199, 47779, 74288, 90250, 89786, 13943, 97683, 58485, 24833, 79134, 28838, 19202, 77856, 2990, 61505, 6222, 71951, 13717, 16650, 81845, 76389, 99329, 84390, 95037, 92147, 77753, 1667, 9344, 82068, 72578, 22112, 54647, 95396, 98281, 20864, 59302, 30065, 99107, 22900, 56431, 43090, 53407, 8474, 79198, 4418, 28536, 99205, 83396, 73589, 92394, 98442, 46320, 38577, 95923, 85839, 10809, 43618, 23941, 81540, 22035, 1342, 33705, 18626, 52604, 60694, 2966, 69312, 57654, 61839, 72904, 72205, 43178, 34272, 27113, 37431, 20806, 42677, 35433, 82717, 40798, 42, 68807, 36780, 34348, 20689, 10445, 18058, 52985, 5699, 29740, 28243, 86980, 39625, 73723, 43030, 80037, 44819, 5796, 92083, 40504, 45756, 47631, 21304, 54763, 65024, 9046, 8901, 57312, 7101, 78678, 44078, 58823, 18894, 50557, 46277, 86393, 37277, 16718, 17335, 51663, 53061, 21771, 45642, 15679, 27832, 90343, 58417, 75148, 54, 39140, 73123, 96151, 70046, 83715, 13904, 76189, 80777, 16907, 54776, 7088, 7228, 38136, 55574, 96031, 38195, 4183, 76869, 85432, 37456, 85456, 57899, 50687, 19751, 64, 29072, 80260, 22855, 94333, 918, 27076, 23115, 43211, 19087, 3351, 62907, 97582, 91277, 24212, 66192, 72652, 58614, 48600, 55851, 31776, 38658, 6130, 56294, 29859, 44350, 47480, 25564, 84222, 59124, 23039, 64128, 24732, 38140, 92660, 42867, 99546, 73762, 87870, 38515, 27521, 42625, 38871, 63698, 26393, 35535, 11948, 16585, 94286, 59486, 55596, 33497, 58890, 78125, 80149, 37535, 87086, 34211, 99823, 87199, 71712, 67845, 91551, 77487, 93573, 4088, 45147, 30091, 72324, 59726, 39152, 65659, 84492, 51927, 97355, 60348, 63266, 99348, 31785, 63174, 58847, 99359, 9847, 65666])"
38.0,1,1,80,3.040943145751953,70229,"Genotype(dna=[69240, 91773, 23763, 88186, 99940, 32466, 79887, 44259, 31705, 61172, 30033, 31854, 67883, 47163, 92036, 18707, 6457, 40883, 8598, 31047, 99442, 36860, 88662, 62417, 52868, 754, 58045, 63686, 11124, 89846, 20418, 2589, 55775, 81908, 80430, 28202, 46704, 53319, 27749, 27282, 42738, 43693, 42742, 94315, 75174, 81531, 67498, 64257, 71117, 79216, 29478, 29709, 20751, 83146, 49014, 44653, 64529, 64226, 41759, 92968, 95118, 77730, 3586, 74646, 55250, 40269, 80025, 45055, 17527, 65636, 19611, 2669, 41866, 90082, 5088, 51716, 3712, 60747, 10387, 22038, 42981, 14420, 87591, 47389, 51784, 35930, 26328, 79982, 57149, 93750, 34717, 92077, 50155, 76708, 72458, 42614, 54843, 57462, 94334, 62572, 95557, 22684, 71451, 59100, 6009, 67251, 79983, 31426, 67939, 42814, 49829, 2544, 29816, 78734, 91243, 43045, 81722, 74883, 61931, 86416, 855, 1237, 54717, 76690, 81591, 26871, 21079, 62727, 64831, 13421, 30837, 61232, 73451, 31488, 48942, 67373, 74326, 28759, 69108, 45582, 22854, 47176, 33335, 75618, 6036, 63440, 27860, 19227, 19476, 36643, 3448, 36146, 45497, 46526, 27472, 75436, 9359, 49525, 85134, 65070, 14007, 39011, 721, 21147, 87107, 70923, 34492, 13956, 86803, 15851, 10562, 76252, 32856, 36303, 30737, 77858, 42080, 1909, 74952, 74848, 62190, 67537, 99719, 24621, 43037, 12734, 39616, 36904, 42356, 4743, 39963, 67021, 78212, 70761, 97598, 58021, 89524, 26282, 3260, 49591, 40591, 35358, 18969, 47698, 19474, 58127, 52370, 38780, 51815, 68800, 49417, 69491, 70641, 55223, 76288, 92951, 13272, 58609, 56486, 10396, 8308, 5364, 27451, 63886, 80635, 79978, 65281, 87111, 21787, 27446, 26808, 75827, 30787, 40074, 34744, 73565, 44988, 87290, 25978, 37590, 39515, 92925, 98029, 68178, 1681, 41633, 21728, 91579, 53310, 18910, 34212, 24223, 63314, 67312, 43660, 46630])"
38.0,1,1,81,3.091585874557495,70229,"Genotype(dna=[95406, 30287, 20642, 19860, 62048, 94870, 10622, 25675, 56049, 9978, 77647, 68911, 85284, 85135, 44396, 12325, 3955, 25135, 821, 22106, 18874, 38980, 5192, 86096, 7903, 46611, 68116, 74797, 22723, 14255, 24502, 69360, 37577, 82474, 15365, 84401, 84881, 62278, 3650, 3417, 69680, 62691, 58996, 31958, 90376, 33249, 40854, 56666, 84730, 67751, 18304, 82310, 11073, 24491, 59567, 64304, 87957, 88321, 89194, 71534, 16952, 68140, 85671, 17283, 95966, 24715, 56665, 20380, 87884, 15430, 92238, 41155, 5302, 45077, 83772, 91529, 15899, 77678, 31640, 44894, 59499, 48177, 35521, 34319, 4205, 66704, 80229, 82379, 40308, 80510, 14663, 22184, 9918, 36, 74470, 26307, 51600, 9039, 76410, 14992, 30973, 95839, 75966, 91351, 47696, 6725, 75590, 85726, 20190, 79770, 33494, 95373, 44496, 27394, 57194, 80247, 56639, 92926, 9198, 83169, 32961, 88744, 50660, 32995, 67651, 93400, 2655, 86206, 86159, 67627, 76774, 93553, 39131, 72351, 75295, 55651, 842, 78193, 93451, 21344, 23695, 4687, 10937, 31366, 51347, 81428, 70668, 29004, 4676, 81147, 27359, 59475, 76312, 80259, 57060, 87247, 33762, 40981, 30089, 7296, 9951, 30568, 17194, 57976, 67551, 80661, 58914, 13690, 91025, 13432, 75049, 80369, 96071, 75438, 94138, 36898, 52285, 38752, 85532, 92954, 84542, 80145, 24071, 93328, 93316, 17287, 93957, 81775, 12457, 21566, 57515, 93574, 82654, 11868, 51834, 71427, 46046, 53721, 90105, 41290, 57957, 14813, 8006, 40127, 15746, 31281, 76542, 93288, 48580, 91213, 40513, 74641, 43745, 7428, 11294, 8107, 29934, 18474, 80620, 20608, 45502, 81736, 18930, 65892, 26310, 94447, 45701, 49449, 40158, 12387, 46877, 1635, 83874, 21472, 79767, 22287, 77530, 16246, 50461, 31527, 7143, 19417, 53510, 44470, 97551, 82404, 41570, 31799, 43196, 82156, 88122, 70566, 43401, 84749, 74906, 45157])"
38.0,1,1,82,3.10213041305542,70229,"Genotype(dna=[17036, 74419, 10891, 14626, 46761, 74322, 95943, 46377, 57930, 563, 36005, 36156, 19825, 64957, 77865, 76443, 1024, 78911, 87116, 94667, 35722, 56072, 58486, 31168, 45515, 29497, 64714, 29711, 58547, 49367, 15808, 29632, 62720, 57923, 60151, 38143, 98925, 57764, 73805, 59533, 33776, 51346, 55636, 29504, 64795, 17296, 24503, 45123, 25177, 65027, 55079, 2433, 48759, 57627, 73118, 89970, 30128, 67716, 48380, 86045, 21190, 54233, 56454, 68669, 47481, 2067, 52550, 69518, 68899, 27125, 27646, 26472, 59883, 44008, 21066, 83163, 76197, 25255, 81227, 80271, 64942, 36169, 24449, 23918, 56782, 46471, 42694, 85984, 68509, 29904, 95157, 43908, 71877, 77595, 97830, 26266, 67190, 32876, 64775, 14271, 61512, 12483, 98041, 96075, 75110, 58219, 34750, 99132, 27580, 1780, 11718, 27170, 79928, 3132, 73428, 32092, 10750, 7257, 4347, 34142, 12891, 64073, 25319, 40685, 37141, 94978, 29552, 25236, 16058, 85367, 87613, 61114, 82649, 74130, 29476, 10484, 38450, 43205, 53309, 26763, 98255, 76122, 47766, 48647, 76788, 36684, 75053, 18554, 38125, 96581, 53776, 66341, 60267, 78400, 2044, 82754, 86815, 76231, 46661, 69041, 31019, 19924, 99090, 23891, 39542, 99204, 3421, 13127, 10323, 14659, 36318, 99388, 4492, 52907, 24379, 7049, 66796, 53792, 84687, 9101, 37578, 83158, 36983, 58647, 73139, 4187, 48202, 591, 56818, 11566, 22227, 84864, 78935, 9784, 87492, 90355, 95851, 41124, 31284, 78934, 50449, 62262, 67559, 95801, 9597, 47486, 19637, 76473, 94541, 58184, 40997, 41569, 55379, 32378, 89212, 25647, 95722, 64372, 13122, 76870, 7141, 13420, 73876, 79449, 60758, 34641, 79699, 20044, 10774, 49973, 56222, 74712, 17363, 97495, 44550, 17989, 16377, 63550, 98415, 97779, 44281, 4995, 97539, 87686, 53119, 62045, 72364, 63966, 27527, 77248, 23779, 66857, 72676, 40113, 33109, 42818])"
38.0,1,1,83,3.1131880283355713,70229,"Genotype(dna=[40789, 69430, 54367, 70558, 19080, 25886, 37702, 50637, 51806, 14122, 54099, 26946, 82901, 63204, 73163, 58693, 46306, 1085, 99323, 28754, 11296, 83339, 34700, 64919, 67749, 56171, 74707, 14899, 29247, 35225, 65452, 3229, 79462, 81247, 86697, 37831, 75478, 29111, 22771, 64738, 20957, 9621, 44551, 10789, 56026, 57731, 12789, 82679, 34512, 95302, 80224, 80537, 53620, 67124, 95349, 5096, 34039, 9307, 27145, 32213, 19684, 30645, 86741, 33951, 36827, 58528, 35682, 50947, 92264, 38504, 81576, 96707, 53773, 85126, 75125, 43500, 64676, 649, 35470, 11682, 16055, 85529, 2204, 66150, 72151, 75301, 43990, 21741, 21774, 60904, 12795, 57524, 37651, 56734, 28649, 54289, 95521, 46308, 34952, 13046, 64744, 97895, 3673, 52554, 12617, 30296, 66073, 504, 58555, 32899, 20040, 96353, 43754, 3540, 34243, 65379, 43585, 20037, 92146, 88826, 83054, 9889, 81487, 94741, 66974, 51252, 76188, 59786, 87067, 18291, 31015, 11788, 35092, 85450, 65143, 23332, 9094, 99552, 90601, 15870, 71765, 75713, 71289, 52676, 91598, 63046, 57481, 20330, 58638, 51235, 64663, 85184, 9144, 61832, 13182, 73665, 14834, 91467, 89815, 19541, 6015, 96047, 95330, 98862, 33141, 11485, 98519, 8989, 38889, 25383, 42823, 39410, 16138, 11836, 57526, 23409, 79132, 84237, 57478, 49095, 61271, 1556, 76043, 92384, 54167, 80258, 72663, 66273, 60581, 70599, 34272, 64024, 74300, 85124, 47592, 49572, 42635, 50688, 47017, 19174, 10703, 87404, 71971, 93418, 52444, 74022, 3958, 60048, 1028, 4234, 86171, 76505, 77177, 14566, 80307, 8925, 32575, 77508, 62109, 20887, 81568, 59641, 6972, 38623, 86079, 19641, 95923, 27489, 52167, 53468, 62569, 20902, 62309, 98514, 68376, 81108, 73609, 94170, 29147, 91692, 77382, 60548, 34352, 82044, 13177, 18896, 8726, 40770, 98242, 78581, 81485, 82054, 5635, 18754, 81273, 65477])"
38.0,1,1,84,3.123108148574829,70229,"Genotype(dna=[83515, 22373, 3060, 28985, 22701, 48609, 17314, 69886, 59346, 92689, 12651, 78865, 30244, 2138, 75155, 14681, 59772, 85555, 89594, 78941, 81273, 3638, 59462, 81051, 14503, 22471, 43578, 14516, 25825, 98507, 92980, 7234, 35972, 56932, 5757, 2917, 72930, 897, 47836, 12265, 97408, 40723, 52408, 48281, 49043, 60353, 84237, 72563, 91680, 97542, 65066, 6461, 62975, 64305, 73205, 56384, 49089, 27780, 11033, 89903, 30922, 17815, 55311, 40645, 47864, 35884, 68625, 28127, 4898, 62261, 60451, 32347, 40655, 81311, 78914, 51417, 68375, 63182, 3459, 28370, 79314, 69561, 59660, 85596, 30307, 49469, 75566, 63260, 58218, 7393, 84958, 48147, 75310, 97802, 33059, 1184, 503, 13157, 14560, 59936, 74554, 37924, 9367, 85112, 13883, 84583, 87823, 18172, 65118, 5030, 60418, 29948, 53181, 40520, 18408, 41022, 89248, 8362, 71130, 72528, 65749, 43119, 30864, 6264, 27760, 61428, 71766, 87522, 5841, 11739, 10997, 94254, 16966, 92665, 86689, 54773, 16254, 54806, 67125, 50314, 97325, 33189, 51089, 32385, 3165, 95865, 93699, 8700, 2076, 3556, 79169, 18569, 26612, 47846, 95758, 82390, 67045, 56711, 43373, 43984, 75602, 75293, 82919, 88720, 92628, 49937, 27255, 97156, 489, 68676, 56036, 75580, 93128, 18154, 5671, 31, 54671, 50369, 46265, 52435, 51348, 40628, 20429, 25579, 87319, 33991, 24894, 8640, 9136, 53875, 93106, 78894, 35168, 99896, 44813, 62045, 26166, 9224, 18036, 67281, 15431, 3525, 53401, 72960, 64283, 45314, 19931, 32057, 96207, 45693, 67079, 42771, 3136, 8935, 97515, 27062, 46603, 8330, 6743, 7466, 83378, 47965, 6612, 27606, 79538, 10258, 48600, 59344, 9617, 75492, 10540, 36776, 94168, 72174, 38938, 84810, 28754, 81279, 59818, 63386, 66740, 15880, 41292, 88916, 15805, 82781, 61449, 13054, 23007, 7630, 41510, 81527, 26972, 38436, 26438, 18111])"
38.0,1,1,85,3.1331586837768555,70229,"Genotype(dna=[51596, 44475, 36989, 37906, 60448, 93126, 1365, 93144, 92463, 53396, 89382, 29651, 41465, 62482, 92223, 6407, 75749, 42342, 83432, 53350, 91245, 42472, 66778, 53223, 71462, 16336, 79172, 96988, 78012, 32556, 2855, 73113, 41580, 67790, 39449, 32579, 38486, 67588, 44965, 62568, 33134, 18243, 20037, 87535, 55306, 97523, 93333, 93609, 65231, 36235, 27406, 12123, 13137, 43739, 26517, 4732, 85237, 40696, 70319, 38445, 44044, 67749, 99371, 78713, 39904, 34976, 47614, 34711, 22050, 71482, 65208, 63475, 56582, 69083, 469, 36369, 60743, 60296, 45668, 70621, 7566, 50488, 20355, 54371, 21177, 81460, 8377, 51388, 55299, 86873, 57470, 75197, 8883, 75741, 61457, 96462, 98704, 86195, 47259, 94148, 50425, 12845, 88266, 91408, 75585, 28467, 76344, 96754, 64446, 4425, 91444, 17383, 87791, 42403, 85825, 49972, 35990, 56604, 50143, 49434, 10722, 48611, 34287, 92156, 44141, 41071, 57403, 47165, 21174, 313, 76596, 48300, 95606, 46377, 73184, 61505, 70931, 21023, 24794, 73561, 94120, 4610, 27617, 71852, 40994, 3711, 82076, 51505, 88851, 36506, 85406, 37205, 52929, 31412, 47650, 93504, 65457, 88358, 25215, 73843, 96209, 52637, 90110, 4753, 69853, 81796, 32446, 62205, 84734, 15034, 16957, 82103, 27301, 98511, 43094, 24834, 44467, 7498, 23709, 62166, 57647, 69872, 75757, 51310, 6454, 37484, 87570, 72890, 18020, 41926, 64883, 27974, 36278, 12315, 89768, 81487, 29629, 74892, 74190, 29955, 60267, 46610, 21361, 5605, 97817, 24008, 11609, 13716, 50206, 37756, 49345, 38022, 55548, 56599, 27573, 85222, 67873, 44646, 40236, 95105, 22942, 84295, 52559, 86870, 78496, 55161, 90657, 68097, 66094, 70886, 50084, 4270, 13546, 43042, 45768, 928, 30435, 90287, 70928, 19521, 27961, 20103, 58753, 67016, 46939, 8111, 4427, 52570, 64048, 89275, 95669, 54463, 31284, 23450, 86192, 16988])"
38.0,1,1,86,3.143277883529663,70229,"Genotype(dna=[41251, 47690, 53906, 41326, 83037, 2194, 86777, 5672, 64639, 59831, 93219, 24137, 91495, 96989, 18413, 82680, 88007, 64420, 12539, 98351, 780, 20823, 76539, 37671, 94223, 2692, 41353, 46370, 48353, 37792, 5406, 72219, 49749, 38801, 5380, 22810, 2421, 12488, 99857, 32837, 34626, 56166, 47419, 71852, 84541, 12025, 81177, 81406, 6130, 98963, 45542, 16793, 80086, 31669, 9964, 96176, 40732, 36042, 38236, 70687, 84673, 35048, 78895, 30417, 11777, 80259, 44496, 59765, 19277, 18884, 68587, 3345, 61630, 4396, 45605, 1897, 12909, 93375, 61462, 67500, 96578, 2104, 81651, 48904, 14995, 7942, 89470, 18337, 93597, 74721, 56401, 32796, 22403, 65628, 75978, 75940, 90982, 68833, 2872, 25797, 10492, 29125, 18582, 79910, 92224, 51095, 64611, 22247, 78129, 67070, 82661, 35010, 17274, 32805, 77876, 40598, 12125, 83750, 2571, 73642, 5002, 4121, 46909, 6424, 476, 23781, 41968, 63252, 88439, 46790, 76784, 37555, 80503, 36869, 38876, 20723, 14398, 41738, 65690, 39633, 17209, 93125, 45, 61372, 3180, 23483, 11117, 46974, 58643, 29705, 51109, 45548, 27708, 48900, 75806, 58395, 59925, 58910, 49269, 72207, 22036, 47173, 88711, 87152, 37305, 46744, 52108, 90736, 17723, 14559, 57622, 42420, 51531, 73973, 37251, 2182, 61846, 88444, 46496, 9396, 56887, 80181, 1668, 51482, 33204, 54119, 55133, 19611, 74448, 86765, 27206, 71237, 68640, 69804, 39672, 44090, 51490, 86585, 28456, 23193, 2770, 13752, 8248, 8974, 99041, 33378, 5356, 95781, 90104, 73033, 71286, 44462, 5291, 77171, 7265, 48869, 29065, 67650, 69176, 84397, 15916, 48800, 36106, 41795, 18787, 62281, 80612, 40902, 26409, 58150, 99679, 42325, 23238, 24719, 8700, 29828, 69696, 1408, 69761, 9495, 12711, 69229, 83711, 100000, 7191, 14052, 32069, 36832, 33333, 58874, 83163, 79016, 31293, 95852, 10046, 52539])"
38.0,1,1,87,3.1625454425811768,70229,"Genotype(dna=[6553, 46051, 56642, 42126, 12758, 2389, 28497, 48414, 2713, 77483, 88033, 4347, 6529, 19625, 46667, 73982, 66513, 86213, 5479, 84934, 65904, 18616, 15313, 28770, 64663, 32476, 12056, 43184, 48834, 34507, 59913, 85095, 3340, 60774, 99399, 12292, 42052, 1863, 53291, 4029, 97021, 19426, 46849, 45751, 16908, 23733, 33546, 30686, 75703, 49604, 77458, 91124, 94491, 86049, 99087, 73298, 38949, 99359, 95140, 91726, 20281, 74987, 5420, 34998, 32787, 24712, 82614, 82765, 9797, 28825, 65786, 15909, 66406, 706, 26418, 86255, 90084, 45240, 40691, 19599, 75325, 486, 35873, 35540, 34319, 60076, 59439, 40538, 81581, 35012, 21195, 53718, 73192, 43482, 58072, 63840, 48360, 5483, 22356, 60729, 76636, 7771, 16833, 79616, 2798, 97782, 42676, 76460, 32116, 71753, 91387, 57508, 39348, 13751, 2878, 85559, 74752, 60175, 90036, 57284, 69448, 43536, 31008, 40600, 16956, 97806, 74387, 19988, 34083, 40575, 72798, 2209, 54503, 10202, 69636, 47096, 68094, 87294, 72329, 44355, 85312, 54106, 61238, 64081, 99172, 40984, 13864, 25856, 1386, 40755, 9807, 64147, 71290, 32509, 31621, 18630, 14304, 15738, 10304, 6376, 75821, 15500, 98932, 38376, 18635, 32592, 86682, 58038, 73165, 39222, 51847, 6761, 19624, 24542, 14204, 40951, 87354, 12180, 13475, 36265, 56224, 88640, 95329, 39780, 47105, 57781, 989, 94332, 11749, 75007, 59296, 92200, 18747, 75707, 46943, 47196, 89705, 23226, 26346, 16037, 16192, 32080, 61542, 4146, 4091, 68347, 35863, 52351, 65193, 10788, 32120, 31493, 66181, 7318, 45312, 45502, 33319, 66104, 88057, 12469, 17075, 10496, 91956, 89344, 79123, 40519, 53794, 60309, 92144, 19549, 96174, 62878, 72208, 93442, 47512, 26072, 57907, 70703, 4601, 63494, 55905, 9055, 29795, 38313, 41773, 13082, 82365, 50219, 16532, 12828, 80665, 22606, 38755, 23863, 78436, 7668])"
38.0,1,1,88,3.17329478263855,70229,"Genotype(dna=[80126, 61460, 65364, 96319, 51868, 95317, 28786, 34079, 76862, 480, 59979, 84088, 12344, 11321, 81370, 91835, 41375, 96679, 83542, 16978, 41036, 39478, 73847, 17424, 57118, 8827, 40606, 69346, 20886, 29241, 48464, 25378, 11420, 77331, 37040, 6061, 34493, 99167, 22694, 95872, 21406, 46635, 60194, 64165, 34723, 6717, 13353, 56924, 78691, 8094, 69036, 10771, 86308, 52063, 25118, 62341, 22714, 94823, 59116, 4798, 14199, 17899, 63308, 34736, 88752, 99033, 77849, 51765, 85403, 74667, 54194, 56602, 35334, 10532, 77852, 32965, 52404, 58864, 14950, 11353, 96478, 35110, 72780, 63217, 40642, 1499, 38423, 76889, 65696, 13766, 61596, 43120, 93275, 71430, 19656, 75903, 86347, 70943, 28578, 43106, 14149, 34173, 92178, 9926, 40420, 35825, 52872, 23467, 43842, 55281, 96061, 56460, 96059, 39006, 40604, 91399, 23075, 26991, 62914, 58823, 74124, 68092, 25165, 58885, 35099, 77842, 46911, 50065, 13883, 57980, 33758, 74973, 67598, 73783, 40850, 73459, 16948, 25346, 96099, 4641, 21654, 54916, 77265, 32316, 18213, 21366, 30936, 16432, 95563, 42438, 99032, 60302, 17864, 56959, 74236, 67875, 37148, 42626, 48494, 41583, 76846, 94701, 42597, 1124, 25219, 11292, 23616, 65596, 28369, 43787, 6696, 47712, 70189, 45548, 32555, 8915, 75253, 89274, 89817, 35606, 68053, 71461, 33102, 55077, 26978, 96210, 64284, 5279, 37222, 40347, 39023, 62900, 60354, 45290, 78420, 83552, 35615, 65517, 61657, 65218, 77615, 18444, 49046, 45832, 71633, 9656, 47633, 75667, 36423, 93623, 29639, 22827, 23451, 16113, 68793, 95402, 19174, 14179, 68576, 8070, 50567, 56748, 25542, 97362, 44377, 76219, 32751, 58635, 65086, 35236, 24111, 43582, 29565, 79533, 33356, 2172, 2020, 66498, 65399, 35480, 49490, 92496, 76822, 7268, 81020, 55270, 86912, 29293, 52684, 25825, 49677, 6598, 77553, 25179, 15168, 98767])"
38.0,1,1,89,3.183173894882202,70229,"Genotype(dna=[66584, 2703, 9147, 22515, 35676, 96914, 13806, 96751, 70087, 69428, 69449, 74658, 67495, 49590, 41682, 87504, 88709, 65943, 37413, 15235, 35622, 44300, 31185, 61634, 67721, 54352, 11108, 78750, 99835, 65660, 67554, 34235, 93959, 14721, 39992, 65633, 65198, 47686, 39885, 78515, 44973, 27885, 1217, 63737, 31216, 26249, 1609, 85743, 86790, 13068, 23987, 77883, 49088, 41960, 85522, 25797, 72977, 5855, 56630, 22745, 91141, 55210, 57497, 39672, 18357, 74842, 61388, 91620, 85781, 58478, 13444, 89772, 86087, 10222, 44354, 3148, 44599, 34509, 57479, 83573, 53807, 15260, 50917, 75913, 96516, 78140, 29093, 28245, 83888, 54318, 84175, 33439, 49243, 67401, 48634, 89852, 46847, 83953, 13623, 73213, 26468, 66624, 74168, 8277, 16751, 74623, 65411, 6234, 3308, 14131, 54669, 68024, 73643, 89968, 84978, 75455, 25712, 77982, 26592, 90114, 43168, 34014, 27144, 23455, 98229, 56098, 34572, 82252, 87260, 82074, 1691, 65245, 54537, 23303, 79252, 29202, 87379, 57057, 89756, 67059, 58692, 54266, 18016, 13208, 75257, 81155, 97595, 72304, 24535, 40486, 47127, 95641, 32534, 50998, 59452, 93291, 12316, 71494, 10136, 53511, 74559, 82931, 66424, 80383, 92852, 27069, 12317, 90005, 59889, 88612, 97696, 39197, 18584, 62730, 65482, 39299, 73869, 76955, 51713, 16830, 34560, 14203, 76973, 92690, 73088, 38128, 92423, 5104, 20926, 81529, 16616, 76679, 36305, 98563, 93084, 77752, 93396, 97340, 38767, 30699, 8679, 51365, 50793, 91718, 30099, 16759, 97101, 53757, 24329, 90793, 64101, 45754, 29959, 60548, 44788, 4814, 90351, 49615, 96573, 20506, 93432, 32860, 27894, 20919, 91825, 19994, 12149, 40756, 35103, 3633, 92489, 58063, 19122, 33776, 86315, 14218, 2486, 23455, 63103, 81137, 1297, 9738, 4179, 22061, 99691, 84745, 21070, 51394, 4685, 74925, 6623, 52958, 24148, 85918, 8722, 66075])"
38.0,1,1,90,3.2116494178771973,70229,"Genotype(dna=[12111, 6674, 56088, 50129, 23127, 16252, 12889, 89724, 86903, 12165, 30010, 35610, 83555, 26857, 78186, 80071, 72580, 38542, 4906, 1169, 25770, 62601, 4810, 84589, 3756, 48043, 56552, 53886, 2993, 62508, 84858, 68264, 56232, 49872, 72204, 86869, 53647, 68044, 87016, 68420, 51873, 25836, 8919, 22066, 57226, 21004, 83256, 79818, 66374, 35680, 51556, 27907, 24832, 72562, 25533, 94201, 32604, 21283, 40688, 71665, 36950, 42765, 91053, 37126, 45407, 18968, 47205, 56670, 32161, 84545, 24613, 6284, 36361, 25859, 46086, 34409, 63985, 27201, 74672, 46749, 41576, 96021, 98805, 5671, 61573, 97389, 23809, 13518, 40288, 1701, 10988, 56426, 24885, 95926, 71927, 27976, 7192, 27827, 76338, 15616, 63228, 90001, 2764, 8897, 78496, 97131, 28640, 34188, 84471, 57051, 95198, 83448, 70737, 28656, 10361, 12381, 37919, 81549, 74796, 24103, 91976, 21177, 87522, 77880, 35319, 24972, 83131, 24466, 91734, 98146, 31031, 1251, 23238, 26179, 45207, 96160, 25343, 63321, 60768, 49423, 79571, 61842, 79117, 35207, 72511, 31467, 88713, 65387, 77427, 6719, 43869, 24885, 36713, 40169, 6356, 27384, 24316, 23432, 65869, 63057, 99721, 17317, 61268, 79710, 80751, 27321, 88780, 30848, 90168, 39835, 83814, 84297, 7977, 77986, 90545, 47953, 25853, 25441, 95320, 21303, 26243, 91046, 93203, 37427, 40452, 1104, 48039, 69936, 17681, 8624, 901, 72457, 18441, 86874, 71777, 25262, 16399, 16863, 91033, 53033, 44291, 99349, 27909, 68811, 22832, 82163, 70354, 23273, 29699, 34312, 58252, 55028, 33989, 446, 22913, 19333, 6613, 74930, 3557, 87565, 67711, 41383, 51686, 68595, 20846, 18697, 70829, 16742, 41275, 19711, 65590, 53363, 92179, 19867, 27775, 91617, 16063, 39924, 32872, 75909, 30541, 71251, 20776, 78612, 30812, 13202, 10243, 69547, 29130, 21487, 97759, 20443, 4668, 67680, 73769, 6494])"
38.0,1,1,91,3.222201347351074,70229,"Genotype(dna=[99800, 95569, 71403, 67422, 9561, 73559, 90753, 25563, 99430, 70532, 38741, 9177, 46405, 43148, 32868, 5516, 24760, 86685, 47596, 34858, 60099, 40143, 79008, 81311, 15029, 8297, 13950, 20950, 70688, 31828, 67391, 99397, 7575, 12672, 86728, 14634, 30162, 78991, 62010, 76585, 46208, 50142, 90887, 64496, 31680, 69130, 50075, 48649, 70669, 46062, 12520, 41789, 15294, 97602, 85873, 72272, 26727, 28065, 47586, 74143, 12211, 19116, 22705, 37253, 43191, 92261, 52509, 24976, 10182, 51316, 79875, 80964, 40153, 3962, 64125, 26750, 85948, 36475, 1106, 63613, 2853, 75794, 75886, 4983, 48632, 53383, 73204, 54664, 32492, 59249, 16408, 470, 72745, 16432, 72566, 28047, 54231, 71554, 40480, 15893, 50249, 72400, 73133, 17324, 53941, 41354, 593, 61185, 41040, 84438, 91014, 45920, 59350, 94807, 12297, 24704, 59098, 19285, 28472, 82413, 83443, 49533, 45471, 73625, 40829, 86624, 57737, 90794, 78989, 34346, 79557, 15539, 21974, 87728, 9291, 33875, 60833, 91228, 8333, 30609, 53669, 90962, 18243, 19650, 35372, 11803, 51146, 90924, 45431, 25888, 88357, 38187, 1999, 89010, 75129, 97200, 61187, 19712, 57626, 38343, 27374, 5559, 26509, 7915, 40121, 10579, 71178, 57925, 60587, 35428, 46160, 48248, 16022, 36835, 19709, 39204, 64268, 31196, 92456, 23965, 79524, 56915, 92747, 28283, 33809, 76115, 91409, 11812, 2010, 43901, 50582, 35621, 70408, 41666, 79992, 80519, 16310, 65800, 54115, 97605, 53118, 26415, 80075, 27608, 70864, 74490, 41765, 33208, 44112, 79535, 38916, 36885, 1445, 10265, 92852, 69795, 63337, 90629, 15744, 448, 96854, 3293, 58976, 37150, 36793, 77094, 83569, 41482, 15713, 34039, 71470, 95460, 29370, 14837, 1497, 55659, 32810, 67794, 25574, 90659, 88113, 33129, 59278, 71776, 33368, 63107, 63565, 31990, 75242, 27907, 68071, 52707, 81724, 42554, 98226, 96450])"
38.0,1,1,92,3.2302632331848145,70229,"Genotype(dna=[23223, 90706, 16652, 75849, 82032, 45083, 4915, 21567, 76124, 39726, 31619, 95262, 34413, 44566, 42779, 64904, 75490, 7105, 21764, 47443, 72617, 22119, 20735, 59549, 57012, 62999, 40097, 70890, 36893, 99028, 42242, 63042, 47814, 12719, 92161, 51223, 19580, 32548, 21413, 34688, 16580, 81470, 53318, 76166, 38642, 17641, 14588, 45870, 96976, 93783, 38004, 79344, 89774, 29967, 28811, 95729, 3427, 79863, 1104, 78623, 47012, 95921, 8553, 47203, 76808, 27560, 34324, 31317, 22010, 20560, 16698, 16449, 68098, 57687, 27912, 31475, 87801, 29, 37923, 98677, 31193, 32012, 18416, 38481, 71181, 69078, 95480, 57324, 73878, 93276, 17668, 60500, 72878, 66652, 47122, 48997, 93571, 54580, 93372, 6816, 22471, 54, 18013, 68239, 29188, 83636, 21327, 8455, 77128, 89773, 84325, 62643, 39310, 44594, 77556, 32690, 73300, 55281, 66284, 68194, 86477, 43771, 60848, 41287, 84381, 89254, 32267, 70914, 19572, 54905, 4982, 48073, 10864, 50178, 66327, 12534, 18071, 86913, 25521, 16023, 18689, 6978, 8912, 34235, 23551, 26887, 27908, 54224, 70634, 11897, 706, 486, 24704, 27101, 6665, 30003, 35443, 94031, 55818, 94986, 74741, 39683, 75458, 84273, 77361, 9915, 55179, 34942, 62073, 3323, 4018, 92631, 54344, 69508, 94213, 27372, 53186, 34639, 85189, 38552, 47284, 83703, 41545, 2201, 9184, 95144, 97651, 96838, 48344, 43705, 70690, 71412, 658, 18238, 55400, 92678, 34169, 4788, 71849, 41508, 56767, 44256, 69476, 3162, 70183, 76723, 32085, 42059, 48386, 59860, 31579, 97342, 27266, 13939, 86557, 44582, 64556, 76005, 24872, 57344, 28319, 43656, 52518, 55889, 71293, 17221, 59945, 39168, 89502, 15101, 96223, 36616, 58525, 75169, 82572, 77002, 93989, 35664, 81493, 21211, 51196, 64204, 83889, 66632, 73101, 38382, 86170, 33499, 44339, 52354, 30711, 76363, 94095, 86641, 81059, 92906])"
38.0,1,1,93,3.239210605621338,70229,"Genotype(dna=[4029, 45316, 71748, 7644, 99639, 68585, 75597, 46890, 63404, 80264, 49545, 67798, 26529, 265, 85393, 67850, 3752, 92541, 64296, 51528, 92834, 67243, 68035, 82780, 22858, 46036, 99099, 94274, 33024, 53893, 23808, 83750, 61509, 78906, 30085, 54887, 21945, 24796, 9258, 50640, 14651, 44179, 18628, 24411, 45377, 42605, 28868, 79203, 70290, 78337, 16107, 70089, 41969, 1475, 64650, 91282, 49235, 91406, 84348, 29948, 18219, 1292, 86165, 47085, 46797, 95253, 94369, 57785, 12516, 33948, 57973, 39900, 70654, 62801, 22544, 45541, 77751, 55021, 80281, 17897, 86027, 33619, 41636, 27480, 83075, 90256, 72378, 82901, 72757, 38070, 65971, 22258, 38391, 61496, 21215, 66717, 99509, 20946, 44315, 97734, 60683, 40069, 74814, 37365, 82778, 7440, 57524, 71065, 80864, 69353, 71788, 54441, 5849, 19131, 35000, 60771, 13106, 17569, 7044, 18763, 93994, 39376, 8592, 66676, 21551, 30854, 62598, 92644, 45304, 78596, 60141, 14210, 12383, 40468, 97629, 50337, 40856, 82696, 75978, 48973, 60498, 64205, 80593, 61100, 42859, 61734, 98115, 21828, 86929, 28864, 98031, 50498, 28942, 51767, 98854, 60888, 14897, 71676, 32482, 41237, 13335, 84029, 97740, 56682, 38728, 94856, 49159, 44700, 23502, 38156, 48411, 95851, 33290, 26306, 74164, 29721, 65864, 64744, 62809, 3356, 43786, 68766, 24896, 53403, 58379, 88137, 8499, 52216, 8735, 84162, 40284, 49144, 72407, 69910, 86457, 67942, 95493, 97475, 98968, 95918, 96890, 72889, 869, 45497, 61849, 38671, 58732, 73491, 40442, 17243, 57864, 28357, 80336, 27338, 9857, 70450, 65281, 57609, 66340, 34490, 36250, 53573, 34524, 66673, 66914, 7710, 19058, 76941, 92779, 42416, 18734, 31940, 28183, 40765, 43019, 91247, 6870, 49876, 41722, 82974, 41372, 83206, 1055, 80082, 47973, 19671, 60886, 96527, 75919, 21114, 83736, 81864, 80868, 16411, 25830, 7939])"
38.0,1,1,94,3.248638391494751,70229,"Genotype(dna=[56774, 53849, 43402, 77512, 31671, 11143, 47152, 84415, 79551, 73714, 46049, 3418, 76125, 58139, 8849, 26353, 65096, 47357, 65909, 83141, 63823, 98811, 80760, 77505, 49002, 69328, 37814, 81392, 51661, 97967, 71545, 93238, 75211, 46674, 44322, 52145, 12123, 20976, 37440, 72728, 57057, 83804, 71629, 64929, 87131, 39307, 1612, 26655, 56446, 77299, 7510, 35162, 20060, 83980, 55941, 7251, 62370, 11874, 22446, 18767, 92187, 31865, 21758, 99656, 3736, 45179, 24827, 2070, 10450, 83714, 32378, 53272, 80133, 28972, 55070, 55782, 44276, 12396, 38300, 29512, 40388, 56551, 41902, 76880, 22058, 71395, 64527, 78174, 15594, 790, 63891, 24090, 70250, 14449, 74931, 810, 50764, 44746, 64873, 89025, 29133, 98654, 52062, 68142, 54832, 32674, 28688, 88510, 56621, 5303, 22976, 10210, 95161, 60135, 62516, 67828, 10128, 22089, 67479, 80685, 97830, 14862, 96392, 65305, 67419, 63176, 42565, 83926, 28177, 7613, 60145, 95812, 905, 63759, 18481, 20455, 64776, 70174, 43796, 7911, 294, 63931, 21497, 71787, 29226, 85570, 12744, 9248, 78133, 7684, 5127, 22865, 56389, 757, 84191, 9725, 91173, 25497, 53920, 70684, 77961, 56878, 21838, 20425, 2142, 54043, 99788, 72446, 37044, 43810, 92055, 70085, 63028, 30365, 88842, 89708, 80108, 5106, 40783, 76544, 80927, 44282, 12864, 29074, 92849, 37725, 84211, 49713, 72459, 56875, 78157, 11253, 43508, 34458, 44497, 23056, 86348, 78051, 64305, 89609, 77166, 49218, 8842, 48272, 35560, 73096, 5098, 77453, 4568, 68209, 89967, 20270, 45639, 92230, 64234, 63522, 35968, 10497, 33088, 19777, 85278, 84471, 54074, 32638, 18625, 26456, 60863, 38193, 90020, 65438, 89755, 56116, 76249, 20822, 30734, 94533, 28159, 80043, 19688, 14514, 4348, 45948, 96086, 32612, 16533, 32862, 33315, 51023, 8864, 65215, 21316, 17167, 78868, 26045, 60565, 99597])"
38.0,1,1,95,3.2575857639312744,70229,"Genotype(dna=[45646, 48810, 24311, 77524, 35086, 49495, 38098, 63063, 44502, 2297, 71839, 97935, 46519, 30173, 50021, 53630, 81708, 2203, 97303, 6046, 5336, 53912, 99073, 22161, 94098, 40567, 30613, 59482, 49849, 78641, 7867, 54693, 36186, 53666, 94589, 73714, 11441, 37304, 602, 6035, 7535, 21489, 74416, 59420, 97084, 98579, 93524, 87119, 95027, 71351, 55723, 36858, 74513, 97965, 60326, 99527, 68966, 92842, 93886, 24297, 25746, 50333, 99911, 36471, 24535, 98381, 98603, 38624, 62101, 80212, 69024, 34660, 65538, 90479, 20940, 29966, 59700, 64643, 26294, 19630, 5044, 72274, 55029, 14378, 25033, 3979, 54998, 98778, 86376, 84102, 75533, 88082, 95049, 54267, 94239, 69823, 64273, 10422, 60778, 27565, 27592, 33008, 34168, 24079, 39873, 43454, 91369, 4206, 60906, 95007, 72805, 30692, 51524, 8356, 31699, 49496, 91341, 65147, 22126, 11430, 60, 77208, 58944, 94871, 88710, 98556, 42876, 6443, 51991, 3545, 1083, 41772, 46674, 16832, 19448, 73633, 83107, 1863, 24031, 88720, 19201, 68399, 33537, 79610, 13559, 36444, 9669, 3549, 82318, 13636, 1914, 60633, 55903, 79329, 88347, 43569, 15839, 55181, 75906, 64647, 37307, 24758, 11991, 92590, 35713, 95954, 6704, 31340, 98710, 95689, 9614, 75660, 34144, 91323, 71754, 62645, 18340, 35216, 10417, 59132, 44219, 78787, 70608, 41117, 81570, 66325, 21558, 22143, 99976, 29350, 14222, 92618, 64305, 74928, 99400, 88544, 74158, 4918, 9001, 23017, 14797, 44943, 90315, 16319, 15538, 32432, 73845, 62130, 18098, 40064, 64391, 6079, 46835, 27066, 49449, 74271, 72220, 42693, 87508, 61758, 41593, 73027, 1763, 62878, 49649, 79951, 3240, 9637, 63141, 29313, 60640, 41511, 34069, 28728, 83822, 28578, 98121, 68474, 87066, 10782, 39195, 31249, 30607, 7112, 24293, 50052, 20681, 66810, 37726, 9535, 44970, 46179, 95508, 67728, 516, 72930])"
38.0,1,1,96,3.2700693607330322,70229,"Genotype(dna=[81103, 13569, 71193, 53730, 17215, 55436, 43359, 29393, 30792, 35758, 77119, 96492, 3044, 62283, 96485, 10314, 56451, 96949, 54186, 30402, 73857, 70209, 71272, 50934, 4893, 16479, 67012, 10078, 45320, 91088, 97464, 97686, 67443, 87163, 16451, 10070, 68044, 44854, 78851, 50821, 65665, 23929, 63484, 8477, 16185, 64666, 98974, 55272, 79060, 1654, 48399, 90392, 52453, 32305, 23219, 41347, 53462, 47283, 82731, 68155, 52037, 41635, 40544, 54579, 24106, 73639, 81871, 31185, 45060, 64468, 27738, 41163, 93110, 78094, 57272, 59492, 5186, 54789, 86191, 20197, 55766, 31567, 59054, 60477, 92325, 27681, 4988, 91857, 4552, 3285, 51404, 31931, 83624, 25107, 57564, 2487, 99534, 3056, 85767, 6079, 52462, 94783, 78624, 38470, 5536, 7843, 35092, 2744, 74252, 79523, 6636, 70776, 79844, 97436, 97958, 29270, 46241, 88518, 54909, 10677, 17722, 15079, 54911, 34366, 80896, 43476, 58470, 20761, 17876, 14234, 85803, 39974, 48560, 1088, 81427, 9777, 97016, 29827, 3282, 90234, 24744, 37338, 97254, 90847, 36199, 81094, 37314, 88908, 30632, 60671, 73480, 7961, 17437, 65404, 15854, 65523, 84306, 65964, 73745, 30564, 14662, 42010, 80088, 27112, 67599, 37273, 10416, 87977, 66083, 76710, 62479, 21146, 42232, 86762, 4482, 79271, 93570, 68038, 91946, 54469, 50726, 37780, 35620, 40203, 32473, 71365, 49376, 97226, 89654, 63984, 80066, 29791, 48228, 8086, 59243, 13250, 55094, 48463, 54872, 47750, 13013, 44290, 74568, 47005, 55496, 89164, 72592, 7100, 20517, 55329, 1624, 62914, 16787, 8165, 78586, 46326, 7253, 56517, 23406, 1835, 73527, 22272, 79560, 2268, 83273, 26176, 4854, 8478, 68029, 96041, 63073, 87046, 32197, 41230, 92977, 17059, 62642, 42467, 95541, 50345, 88756, 28076, 28980, 51053, 49811, 73076, 61192, 80116, 99862, 50696, 82815, 11431, 99703, 30807, 18302, 23007])"
38.0,1,1,97,3.2789435386657715,70229,"Genotype(dna=[78671, 56983, 20419, 45001, 91482, 86730, 28256, 28198, 33462, 65837, 60039, 375, 39052, 19445, 4088, 8517, 94123, 42594, 21993, 88618, 57197, 18274, 69164, 33875, 66257, 3004, 39063, 30070, 82668, 88210, 81746, 21183, 70088, 25273, 76586, 49232, 60717, 48249, 87920, 25199, 88774, 16545, 59299, 87079, 19337, 63610, 32781, 31718, 31924, 76026, 26609, 33851, 7269, 48940, 37938, 45788, 66188, 61229, 43138, 2229, 95735, 7006, 77057, 31569, 17706, 81462, 17424, 49144, 50635, 37181, 3470, 19558, 91341, 5996, 79625, 95672, 38346, 79647, 69535, 44780, 17931, 78677, 3997, 62424, 97647, 16374, 80233, 74256, 64660, 58129, 93207, 72680, 9043, 16573, 62359, 7445, 84052, 81161, 82021, 17632, 58927, 17313, 21013, 73091, 71537, 26983, 87176, 78498, 69585, 81270, 19500, 29055, 55167, 41298, 22431, 5719, 51347, 75269, 22863, 57891, 36819, 90526, 36733, 23557, 62071, 60599, 26307, 98695, 97820, 15097, 48819, 46340, 6160, 36132, 40175, 89483, 5018, 88861, 99872, 63977, 21673, 52580, 76594, 56106, 88950, 47177, 33314, 30357, 89763, 3396, 50795, 72052, 41020, 96987, 5570, 55732, 5152, 17110, 44871, 85555, 81470, 90354, 98530, 63143, 67767, 52478, 39736, 2584, 53798, 95238, 49271, 62413, 30163, 92967, 50434, 61846, 48086, 87437, 72129, 76582, 538, 93492, 81358, 81289, 30691, 12107, 24378, 25761, 57112, 45552, 82431, 61099, 7015, 33485, 84028, 12034, 1995, 75719, 60098, 95559, 76396, 80339, 73915, 56578, 30219, 75861, 26690, 63480, 88465, 29917, 95806, 18802, 70430, 85416, 77647, 9312, 92662, 33308, 75653, 88432, 9194, 97010, 57317, 89094, 87023, 94413, 7391, 44679, 86860, 57667, 62813, 68817, 99481, 54997, 7985, 49530, 74897, 74487, 38663, 65453, 19693, 46949, 68349, 35064, 62701, 89168, 71255, 39998, 44917, 34938, 3724, 82704, 78926, 43358, 30724, 99684])"
38.0,1,1,98,3.287850856781006,70229,"Genotype(dna=[95116, 75727, 82069, 22264, 91203, 22884, 650, 79168, 73822, 5131, 54603, 41234, 40749, 40903, 60822, 67542, 57115, 29740, 44569, 81796, 78050, 25527, 47164, 5738, 79857, 44029, 28960, 62979, 42831, 89687, 16908, 89732, 68768, 38929, 32808, 78732, 67520, 22029, 86399, 20550, 25639, 77134, 22286, 70411, 89268, 82157, 71586, 34735, 19386, 78160, 97047, 64945, 51821, 75513, 66322, 28207, 52787, 6770, 44640, 18136, 15619, 67881, 73928, 74218, 85342, 28232, 78542, 76722, 8965, 32547, 46646, 67299, 96418, 51618, 88770, 51256, 77508, 5647, 3113, 60866, 52771, 61094, 3730, 70107, 37047, 21274, 42036, 12309, 63991, 98268, 88405, 86315, 73031, 17955, 3505, 33124, 36043, 44863, 99312, 76106, 33103, 73796, 80477, 75413, 18481, 30065, 25987, 32885, 96541, 32790, 66026, 15333, 10321, 89004, 95494, 80778, 98779, 26377, 89476, 20809, 44509, 60593, 3951, 43096, 82715, 6739, 745, 67286, 51827, 46199, 88219, 72127, 10438, 83103, 22358, 31637, 84714, 82261, 72810, 38905, 65857, 63995, 215, 48755, 1031, 56184, 50025, 36411, 80640, 70212, 6379, 25512, 72704, 1846, 45131, 29509, 93785, 5637, 32948, 57955, 75224, 36908, 61153, 51522, 26843, 34263, 13222, 9453, 31831, 29750, 88941, 16124, 98564, 82489, 77961, 80508, 11493, 78973, 2010, 39653, 31020, 6500, 72481, 89245, 30857, 58230, 35050, 35898, 3412, 56893, 89480, 47614, 84799, 9881, 38740, 23024, 52538, 89729, 79488, 65068, 57566, 28341, 17689, 33583, 34218, 70573, 87656, 59492, 49700, 51674, 61922, 55237, 48113, 39107, 22665, 89962, 3411, 50281, 28778, 11211, 45528, 69841, 2499, 41753, 17240, 36469, 34547, 52228, 38633, 6677, 40647, 89602, 80946, 90755, 73483, 97571, 52146, 92393, 79597, 73370, 22663, 53751, 9903, 42051, 3419, 86850, 84723, 66365, 30663, 91842, 7610, 3686, 66319, 15807, 34997, 11037])"
38.0,1,1,99,3.29607892036438,70229,"Genotype(dna=[91799, 95526, 19187, 79565, 28752, 74775, 67114, 36284, 78706, 62018, 82232, 78686, 77266, 40767, 27655, 7992, 21511, 40510, 45202, 26315, 92313, 10526, 29979, 86439, 2414, 67708, 43153, 2003, 44628, 35020, 93849, 81500, 66526, 52713, 58763, 36688, 15603, 54371, 50666, 47834, 89492, 53016, 48793, 17470, 89782, 27657, 4463, 14480, 13201, 67862, 18224, 77002, 55937, 16810, 16553, 92705, 97663, 27632, 98114, 12071, 83116, 69449, 9741, 26527, 81084, 5923, 91020, 74225, 81749, 8983, 72444, 14256, 72600, 71196, 22524, 72004, 1256, 60308, 99666, 7174, 19599, 20995, 45284, 17741, 50802, 72682, 39041, 39078, 94304, 62223, 60209, 13169, 70046, 12957, 96591, 93003, 67060, 19177, 68855, 32998, 58871, 82618, 87124, 74704, 38199, 31043, 19674, 86659, 69075, 80627, 62241, 6865, 69620, 36441, 9758, 72572, 85260, 32545, 56369, 94697, 44985, 97980, 75310, 71930, 54218, 74404, 36067, 61690, 46572, 70157, 43771, 12925, 13413, 24766, 83338, 52100, 16410, 7962, 68787, 53546, 9865, 564, 35028, 25898, 89592, 78494, 65595, 14703, 64784, 72741, 28529, 52547, 92332, 44449, 75091, 11007, 5489, 68998, 42357, 27855, 22463, 47655, 1110, 13733, 294, 83939, 77837, 78218, 86664, 5298, 34088, 66944, 19131, 3061, 96644, 63171, 70640, 36306, 66106, 15084, 38254, 2262, 98892, 14614, 87617, 82898, 27057, 83135, 32486, 56417, 44462, 75323, 40746, 20064, 48394, 30055, 32400, 68386, 84385, 29440, 48858, 89371, 74353, 37146, 75470, 90959, 94301, 41746, 21339, 29965, 90623, 71405, 38556, 59135, 77412, 2388, 98221, 56394, 26421, 84491, 72334, 79938, 92788, 64071, 23969, 96571, 69320, 32756, 3989, 22784, 42952, 39189, 87655, 1090, 76936, 50178, 52925, 75834, 66306, 39978, 26213, 63469, 12580, 62679, 80955, 67445, 12450, 88501, 840, 66732, 60564, 9781, 64023, 45598, 99695, 14051])"
38.0,1,1,100,3.3040261268615723,70229,"Genotype(dna=[25267, 11089, 42113, 58349, 9517, 28316, 5343, 6051, 84673, 42781, 99187, 33907, 5667, 77896, 37040, 61568, 40813, 29931, 78485, 8066, 30542, 16246, 89760, 78480, 17676, 29925, 41461, 32794, 30685, 13012, 83844, 86365, 70885, 84304, 42132, 11673, 83047, 2967, 79575, 8632, 85616, 94646, 27697, 14996, 18488, 34982, 40376, 48782, 82885, 90655, 16610, 95594, 88669, 1320, 33950, 61316, 35762, 15785, 66680, 20844, 99167, 58903, 44942, 86222, 46973, 4101, 27625, 60935, 99836, 36396, 72356, 18068, 98275, 50063, 91234, 21464, 98421, 43639, 87691, 46283, 30563, 75311, 56859, 49193, 13520, 5175, 87919, 89167, 81772, 28010, 20306, 18656, 69696, 88824, 31302, 9259, 13436, 47979, 88742, 21754, 86366, 64313, 61513, 65114, 97047, 37946, 14896, 70453, 67115, 36703, 96221, 84993, 5413, 13298, 48714, 98916, 24706, 35969, 69168, 99346, 80529, 85158, 77281, 24561, 64309, 55181, 75135, 16819, 26590, 84979, 1903, 86086, 64731, 33783, 91219, 71719, 96361, 91200, 24176, 53383, 31704, 73385, 84803, 47945, 43618, 50891, 20237, 38569, 68090, 58410, 61482, 27941, 77601, 17294, 601, 66666, 4132, 92041, 194, 44385, 40984, 51544, 59899, 98678, 13657, 61720, 41165, 66272, 5733, 16763, 26126, 54828, 87434, 19918, 6803, 20261, 5440, 51139, 90773, 11224, 32872, 73527, 85732, 21520, 95147, 52837, 47238, 29030, 77288, 71424, 25660, 7322, 78924, 14310, 1289, 84566, 21218, 15492, 49070, 66582, 43338, 20057, 80399, 70781, 62705, 24228, 42749, 16461, 24104, 22342, 87253, 38820, 10582, 91767, 66343, 88442, 60225, 66200, 86031, 18291, 76797, 42636, 66175, 45314, 4279, 20314, 27541, 63933, 78919, 96071, 43542, 95422, 89228, 32663, 90723, 90038, 40059, 49155, 41233, 53334, 19570, 10838, 74745, 53923, 58084, 53249, 4186, 30383, 91207, 95942, 59308, 56678, 49732, 36183, 14733, 71356])"
