903,synthetic_903_14_easy,"Grammar<Starting=NT_0003,Productions=[NT_0003 -> NT_0003_P_00000(__a: NT_0003, __b: NT_0001, __c: NT_0000)|NT_0003_P_00001(__a: bool, __b: int)|NT_0003_P_00002(__a: NT_0001, __b: NT_0003, __c: NT_0000, __d: NT_0000, __e: NT_0000, __f: NT_0001, __g: NT_0003);NT_0001 -> NT_0001_P_00000(__a: bool, __b: NT_0000, __c: NT_0001)|NT_0001_P_00001(__a: NT_0000, __b: int, __c: int, __d: NT_0000, __e: NT_0001, __f: NT_0000);NT_0000 -> NT_0000_P_00000(__a: bool, __b: bool, __c: int, __d: NT_0000, __e: int)]>",easy,ge,14,0,0.15778541564941406,0,1,"Genotype(dna=[23057, 48799, 82882, 15063, 60886, 79377, 4467, 70057, 81241, 93736, 79779, 83621, 91541, 93048, 7505, 89522, 96778, 21280, 28687, 70930, 27428, 65783, 7776, 1310, 34309, 69510, 76259, 57275, 51612, 47117, 81982, 84377, 40414, 14919, 64824, 71013, 8846, 98001, 7830, 57838, 52411, 1125, 79505, 81607, 47663, 96427, 59596, 39286, 20966, 12804, 48803, 95034, 37488, 30997, 28390, 97580, 84116, 86746, 24515, 94927, 51272, 14801, 42270, 35943, 32574, 35434, 82504, 83063, 70623, 18794, 91443, 15963, 16797, 63870, 67299, 28261, 10596, 33735, 56829, 59261, 74775, 8591, 86269, 48898, 29472, 33519, 31542, 92637, 91994, 67407, 15941, 30747, 99624, 90520, 53929, 7991, 47526, 39654, 14909, 73968, 56183, 6172, 68383, 49869, 61161, 82012, 82041, 73397, 31459, 11673, 75200, 51821, 61878, 13534, 87199, 75195, 56500, 62505, 47619, 23114, 8263, 58971, 58665, 42310, 75040, 48946, 84316, 19410, 88442, 31475, 46476, 88084, 77428, 41165, 19409, 30742, 55200, 91204, 22027, 26506, 54685, 37173, 23436, 7931, 46012, 29959, 20868, 3599, 57119, 4053, 58107, 71970, 77348, 47079, 58125, 90395, 74097, 73358, 73170, 59658, 43660, 34681, 37856, 85296, 10605, 89633, 78382, 57172, 42041, 69237, 36443, 57066, 61643, 75196, 64458, 14460, 75208, 76203, 76331, 74881, 66730, 1746, 87459, 3142, 70501, 35993, 9384, 1215, 15018, 63582, 25128, 75272, 9328, 19797, 59376, 85794, 31828, 44452, 94595, 52047, 79722, 39440, 29000, 25053, 95069, 94285, 24103, 8911, 44265, 57839, 25486, 38535, 65185, 84912, 48767, 43476, 27840, 99106, 73841, 27957, 88186, 87302, 66241, 66042, 62349, 99667, 51988, 63818, 65269, 90079, 69892, 18070, 3946, 41053, 32790, 99698, 35569, 55232, 80205, 6222, 61675, 15951, 4371, 32929, 85419, 19329, 48045, 2075, 4300, 14668, 16736, 76427, 11358, 28627, 67339, 53544])",48,3,0.5242987038764328,0.7764386611887868,5,5,2,1000000,3,"{1: 1, 2: 1, 3: 1}",5,4,0,4,7
