827,synthetic_827_12_hard,"Grammar<Starting=NT_0013,Productions=[NT_0013 -> NT_0013_P_00000(__a: NT_0006, __b: NT_0009, __c: NT_0002, __d: NT_0005, __e: int);NT_0006 -> NT_0006_P_00000(__a: int, __b: NT_0001, __c: bool, __d: NT_0001)|NT_0006_P_00001(__a: int, __b: NT_0003);NT_0001 -> NT_0001_P_00000(__a: int, __b: NT_0001, __c: bool, __d: NT_0000)|NT_0001_P_00001(__a: NT_0001);NT_0000 -> NT_0000_P_00000(__a: NT_0000, __b: int)|NT_0000_P_00001(__a: bool, __b: int, __c: bool, __d: bool);NT_0003 -> NT_0003_P_00000(__a: bool)|NT_0003_P_00001(__a: NT_0002, __b: NT_0001, __c: NT_0001);NT_0002 -> NT_0002_P_00000(__a: int, __b: NT_0000)|NT_0002_P_00001();NT_0009 -> NT_0009_P_00000(__a: int, __b: NT_0007, __c: NT_0002)|NT_0009_P_00001(__a: int, __b: NT_0007, __c: NT_0000)|NT_0009_P_00002(__a: NT_0003, __b: NT_0004, __c: int, __d: NT_0005);NT_0007 -> NT_0007_P_00000(__a: int, __b: int, __c: NT_0000)|NT_0007_P_00001(__a: NT_0000, __b: NT_0001, __c: NT_0003, __d: NT_0002, __e: NT_0005, __f: NT_0004);NT_0005 -> NT_0005_P_00000(__a: NT_0004)|NT_0005_P_00001(__a: int, __b: NT_0003, __c: NT_0002, __d: int, __e: bool, __f: int, __g: int)|NT_0005_P_00002(__a: NT_0001);NT_0004 -> NT_0004_P_00000(__a: NT_0003, __b: NT_0002, __c: int, __d: bool, __e: bool)|NT_0004_P_00001(__a: bool, __b: NT_0002)|NT_0004_P_00002(__a: bool, __b: bool, __c: NT_0002, __d: NT_0000)]>",hard,ge,12,92,17.786379098892212,0,100,"Genotype(dna=[82743, 32619, 69081, 29662, 40295, 64759, 49304, 71375, 99280, 97592, 74812, 9404, 49619, 18231, 36499, 31280, 5503, 1727, 76588, 33306, 79271, 17030, 25654, 30613, 19894, 94998, 61652, 30142, 12019, 96144, 91698, 58238, 68178, 6289, 30660, 6000, 9255, 65947, 77827, 89384, 4013, 9376, 27236, 91693, 33439, 64307, 98739, 35033, 4811, 91261, 19194, 13233, 9337, 13341, 24050, 36422, 48632, 26684, 19723, 99651, 34197, 35444, 61971, 7582, 14594, 6018, 55646, 49422, 78876, 90296, 97895, 92336, 70769, 45581, 18098, 20642, 27233, 16035, 11275, 32924, 75301, 33395, 78820, 19721, 88744, 50822, 28474, 35658, 81968, 42538, 5681, 91290, 79691, 23801, 94541, 93223, 16430, 49166, 3945, 29332, 42284, 4036, 15059, 42721, 68590, 29208, 17210, 39139, 27434, 8410, 12551, 25609, 55561, 9306, 76069, 64135, 76032, 46856, 63913, 22804, 61118, 37069, 38963, 60950, 71856, 14681, 30383, 28825, 36498, 88273, 75138, 69838, 84982, 67609, 31743, 76160, 98821, 47185, 5244, 55091, 15362, 66421, 12443, 85798, 87765, 12907, 20338, 60662, 98214, 67589, 68668, 11052, 20123, 93268, 42456, 94756, 925, 89778, 43536, 37110, 43527, 58742, 46377, 95116, 96298, 97793, 10160, 26880, 57709, 12231, 72365, 31466, 43896, 30489, 11858, 69388, 64158, 49565, 8996, 27482, 4953, 60804, 17701, 8549, 40146, 47703, 62070, 34307, 41572, 69767, 89751, 89687, 68266, 33349, 2072, 33862, 67356, 36830, 99008, 89290, 60717, 16385, 20390, 80313, 89701, 91279, 81296, 99691, 43039, 27166, 72952, 66332, 6881, 79336, 1806, 94119, 68109, 29682, 95714, 11349, 1305, 33870, 49988, 8602, 60260, 63436, 75608, 23448, 38126, 20523, 29679, 50323, 2871, 29997, 88342, 50252, 92022, 81914, 54535, 34595, 67972, 73332, 68001, 23344, 34817, 52931, 89475, 18876, 49947, 46911, 47399, 63935, 23513, 39982, 66073, 99035])",48,5,0.9416751618529964,0.49773804103857805,5,3,5,1000000,10,"{1: 1, 2: 6, 3: 3}",3,14,13,4,7
