Fitness,Depth,Nodes,Generations,time_since_the_start_of_the_evolution,seed,genotype_as_str
0.0,2,2,1,0.043875694274902344,20030,NT_0014_P_00000(__a=NT_0008_P_00000(__a=NT_0002_P_00000()))
