485,synthetic_485_10_medium,"Grammar<Starting=NT_0006,Productions=[NT_0006 -> NT_0006_P_00000(__a: NT_0001, __b: NT_0001, __c: NT_0001, __d: NT_0003)|NT_0006_P_00001(__a: NT_0001, __b: int);NT_0001 -> NT_0001_P_00000(__a: NT_0001, __b: int, __c: NT_0000, __d: NT_0001, __e: bool, __f: bool)|NT_0001_P_00001(__a: bool, __b: NT_0000);NT_0000 -> NT_0000_P_00000(__a: bool, __b: bool, __c: bool, __d: bool, __e: bool);NT_0003 -> NT_0003_P_00000(__a: int)]>",medium,dsge,10,0,3.9392404556274414,0,1,"Genotype(dna={""<class 'abc.NT_0006'>"": [0, 42565], ""<class 'abc.NT_0006_P_00000'>"": [], ""<class 'abc.NT_0001'>"": [1, 0, 1, 0, 0, 1, 0, 1, 0, 1, 0, 0, 0, 0, 0, 1, 1, 1, 1, 47843], ""<class 'abc.NT_0001_P_00000'>"": [], ""<class 'int'>"": [16991, 59050, 8552, 54601, 41121, 19261, 3563, 5563, 59562, 6087], ""<class 'abc.NT_0000'>"": [0, 0, 0, 0, 0, 0, 0, 0, 0, 0, 0, 0, 0, 0, 0, 0, 0, 0, 0, 43218], ""<class 'abc.NT_0000_P_00000'>"": [], ""<class 'bool'>"": [21412, 90891, 70509, 54807, 79246, 14836, 73389, 17600, 73578, 43204, 66837, 12100, 89230, 88369, 57346, 31490, 7421, 81274, 63420, 72578, 44157, 99332, 18227, 67172, 91451, 6182, 2581, 91877, 86094, 2135, 52979, 25074, 98361, 48076, 14308, 27280, 20183, 35048, 41833, 56957, 17907, 76036, 71986, 67365, 70305, 11450, 24999, 36035, 61290, 23158, 73166, 9395, 20387, 1416, 13731, 48414, 22455, 4600, 71000, 49117, 55046, 7479, 27717, 60344, 33093, 63334, 46936, 57803, 331, 24634, 15299, 92000, 14745, 406, 52473, 53933, 10336, 19867, 75701, 96958, 42623, 51341, 1983, 81672, 68614, 45808, 89839, 21261, 77848, 62932, 51855, 15850, 28018, 85139, 48085, 76083, 58625, 13358, 79682, 60172, 11389, 60648, 78958, 15637, 52933, 62316, 10535, 8124, 49285, 97923, 3042, 15900, 59258, 72237, 75799, 55571, 24580, 53884, 63116, 96205, 33500, 65397, 15381], ""<class 'abc.NT_0001_P_00001'>"": [], ""<class 'abc.NT_0003'>"": [0, 95284], ""<class 'abc.NT_0003_P_00000'>"": [], ""<class 'abc.NT_0006_P_00001'>"": [], '$leftovers': [83306, 14369, 4871, 29200, 55294, 23325, 67231, 71316, 2506, 69755, 32053, 26516, 13714, 58401, 78706, 76181, 58099, 15501, 65256, 66682, 58900, 41853, 82349, 41164, 88081, 3765, 92545, 43786, 92850, 37229, 31845, 5522, 6738, 11845, 86256, 95458, 13494, 49228, 5977, 90753, 45872, 51516, 83285, 2430, 243, 77195, 56122, 92269, 9034, 6505, 27220, 22706, 77638, 13473, 2613, 23676, 16781, 28737, 60621, 23115, 27894, 19277, 35638, 86362, 95640, 87695, 69573, 76570, 9454, 92823, 50082, 24311, 1973, 24498, 82338, 59844, 87618, 21426, 23990, 74248, 83522, 13453, 5217, 91960, 28835, 7602, 82746, 44275, 26897, 26088, 85755, 5310, 58115, 6808, 22901, 18003, 66802, 15631, 15882, 45232, 21424, 15083, 76567, 7374, 33157, 85371, 39030, 85342, 90452, 74112, 21501, 22333, 53556, 69022, 46956, 33337, 66746, 94954, 67105, 94844, 60673, 94322, 32102, 93645, 24273, 83083, 84846, 59949, 8193, 28082, 30866, 57699, 86503, 17112, 80034, 69221, 74146, 27565, 45802, 2856, 83321, 91663, 97278, 65527, 5167, 80965, 44064, 43014, 3253, 81344, 98249, 44446, 92279, 42588, 74040, 21715, 93747, 89965, 56729, 20472, 20478, 39509, 93550, 52368, 35717, 59271, 79651, 7508, 16839, 70849, 71541, 88737, 14675, 62146, 49091, 89759, 77275, 96020, 95408, 32299, 32520, 75813, 7865, 56533, 59295, 34204, 72752, 59189, 38240, 40855, 81700, 62188, 47217, 78149, 38954, 4072, 22883, 95647, 98096, 61708, 40016, 54550, 25647, 27549, 72244, 87465, 39850, 66061, 12870, 26905, 27663, 72659, 60180, 38396, 54245, 85090, 53292, 84333, 68826, 64128, 70813, 22643, 25432, 55499, 66798, 97033, 66780, 8411, 1593, 91810, 83867, 73694, 52723, 28188, 71195, 64920, 33125, 17612, 1892, 33225, 81961, 14491, 88762, 32620, 74710, 54559, 12889, 11495, 62719, 5707, 98283, 10646, 78820, 58491, 95057, 44782, 57727, 17895, 60911, 41487, 74886, 18252, 44418, 14862, 12283, 83980, 79252, 68097, 87184, 14281, 64856, 48012, 98649, 52699, 81911, 87877, 69803, 12268, 4459, 33952, 59770, 335, 10868, 50768, 39868, 72812, 99418, 39969, 84797, 51793, 80600, 62567, 5099, 50770, 17875, 93099, 65618, 32062, 36866, 28459, 82445, 94747, 43965, 53238, 71326, 49102, 36289, 92754, 8082, 30999, 65756, 32210, 7917, 9161, 8317, 39795, 57325, 97813, 70979, 5686, 87934, 7076, 55008, 66976, 54643, 77799, 4477, 75481, 21858, 84790, 21382, 22085, 76863, 15857, 25358, 2323, 58590, 63368, 27864, 62568, 13089, 81012, 3783, 53424, 93042, 34064, 49991, 62247, 5358, 91293, 45870, 9512, 58376, 81466, 56565, 75407, 52054, 6879, 62285, 66694, 10109, 18377, 33542, 34730, 5099, 8792, 34624, 79399, 90349, 59952, 40687, 93408, 7672, 65349, 53402, 22564, 38080, 54446, 97274, 86536, 17640, 42209, 65746, 71612, 28108, 18364, 69661, 94747, 78361, 95873, 50608, 80719, 33998, 58051, 87071, 25210, 24910, 44216, 20668, 26139, 18707, 89959, 11069, 68806, 35590, 29228, 63627, 25984, 51128, 10005, 78191, 2517, 21111, 11039, 70885, 36447, 13532, 4376, 1251, 32449, 53116, 68077, 98469, 83950, 33109, 10971, 44995, 22975, 45415, 21937, 75494, 19416, 84096, 27431, 46136, 668, 72590, 58871, 44757, 98064, 36865, 5762, 53663, 47658, 5169, 60701, 633, 76496, 39568, 54380, 53290, 93621, 45587, 44687, 68750, 37028, 68089, 73797, 23678, 37260, 98625, 33247, 43711, 54269, 5582, 96981, 62093, 75901, 66616, 16243, 45934, 2285, 43489, 33516, 87239, 90070, 34866, 11941, 94071, 40, 75560, 63382, 9486, 44391, 50280, 86788, 98201, 39311, 15677, 24480, 9298, 16816, 34061, 31362, 16985, 4054, 3335, 80220, 88825, 29576, 77149, 60249, 42523, 93659, 44007, 74582, 43912, 85166, 96933, 10692, 9952, 734, 2288, 79909, 89555, 82758, 93095, 11498, 18779, 190, 90379, 51013, 46684, 46049, 82773, 51544, 71357, 96126, 81953, 1712, 3728, 97885, 13412, 41260, 18978, 4038, 14542, 56969, 44010, 74462, 26100, 48098, 67163, 69334, 4909, 82278, 65973, 97273, 81747, 76495, 94176, 33582, 66225, 15993, 11790, 1670, 2148, 73004, 59450, 18618, 687, 47708, 36558, 54782, 97723, 75724, 58319, 75955, 796, 39596, 83973, 63501, 91697, 73786, 91497, 85928, 15107, 99298, 75035, 26271, 802, 21163, 52881, 52803, 69133, 79981, 86746, 13177, 98779, 53234, 50906, 17861, 85352, 71380, 10787, 48355, 62685, 42972, 58820, 90731, 24891, 1218, 91538, 94798, 99324, 32518, 9616, 36258, 97768, 84706, 82306, 26093, 55500, 73596, 38787, 15168, 32834, 16820, 55955, 78316, 82658, 86735, 85588, 19096, 66209, 68786, 87422, 521, 75579, 23081, 64572, 19438, 74555, 32719, 86988, 86196, 73384, 52039, 26200, 78939, 43035, 4402, 57715, 33730, 7680, 22047, 16001, 27824, 53067, 18809, 93591, 28548, 63129, 86437, 63574, 60048, 81438, 20187, 48317, 4951, 99479, 25436, 30546, 56764, 29684, 74384, 56170, 28049, 75986, 3620, 10696, 93653, 51771, 26706, 67317, 74615, 90108, 74108, 5570, 27864, 14160, 72631, 45593, 5407, 19443, 74931, 11833, 93337, 53000, 35792, 55328, 10164, 33886, 60756, 76510, 84478, 46264, 31245, 7702, 71054, 95745, 26962, 34539, 93540, 24372, 66479, 19370, 96233, 30660, 84905, 7389, 31039, 92126, 35484, 11666, 86600, 36122, 18940, 22803, 89910, 74719, 80527, 10907, 64312, 63764, 43323, 70140, 27432, 21732, 20431, 64454, 40378, 46895, 44456, 53961, 26862, 90285, 332, 59129, 19347, 15141, 79330, 29282, 7033, 83875, 78692, 78719, 82951, 36236, 95936, 55569, 37152, 19228, 93703, 63088, 83444, 18323, 61903, 97588, 43435, 40948, 18777, 10345, 64889, 57561, 48828, 77341, 4366, 61065, 46753, 27699, 73629, 25015, 88643, 65517, 67618, 79781, 80570, 28567, 69100, 67222, 65041, 78658, 89504, 61681, 39353, 15788, 36000, 78927, 60595, 9259, 17210, 51327, 60921, 71710, 11560, 10473, 86688, 16874, 38939, 39153, 39427, 4266, 7422, 4881, 24032, 78905, 22131, 34795, 95169, 12128, 36039, 44158, 89417, 94769, 93392, 22196, 18304, 16423, 74329, 44108, 10878, 35333, 89075, 20897, 93111, 32140, 88941, 71485, 80965, 25668, 35303, 19906, 66043, 89982, 6883, 88765, 67156, 28877, 7122, 43666, 99414, 97584, 98274, 89461, 48965, 28126, 83347, 77889, 70965, 634, 2770, 26038, 95016, 63641, 64011, 98916, 34271, 58338, 61057, 23944, 47428, 43919, 9838, 25392, 52483, 99709, 92374, 61463, 16515, 74651, 61162, 56425, 85569, 47110, 25252, 88146, 6156, 7267, 96491, 64425, 10016, 11632, 91828, 99747, 94340, 19983, 87231, 88671, 63657, 41538, 10236, 64160, 31871, 32375, 13542, 8433, 57747, 69656, 40125, 27313, 96819, 86505, 27039, 88521, 42239, 68375, 23466, 81861, 37426, 76245, 29848, 9729, 26487, 99583, 96146, 10029, 82047, 27930, 73392, 16258, 16408, 49969, 62941, 1646, 72953, 93900, 32211, 88392, 44800, 57313, 19255, 78016, 94132, 93003, 15483, 1842, 67301, 85127, 60835, 12027, 23570, 47656, 95022, 68793, 55566, 25809, 35262, 221, 91362, 48585, 77595, 27041, 72875, 44515, 96800, 17509, 23528, 32609, 53220, 84669, 57638, 76868, 12781, 61903, 90215, 87606, 79366, 64541, 54054, 38705, 9383, 16668, 62889, 80139, 98922, 55288, 84646, 42184, 7391, 54585, 92586, 74966, 6749, 41499, 7485, 5009, 51553, 24556, 28338, 36028, 30136, 46679, 39212, 42565, 47843, 43218, 15381, 95284, 6087]})",50,5,0.7051870908743156,0.3939223257256338,4,3,4,4,4,"{1: 2, 2: 2}",1,7,1,2,7
