Fitness,Depth,Nodes,Generations,time_since_the_start_of_the_evolution,seed,genotype_as_str
657.0,7,74,1,4.295146703720093,10387,"Genotype(dna={""<class 'abc.NT_0008'>"": [0, 94974], ""<class 'abc.NT_0008_P_00000'>"": [], ""<class 'abc.NT_0001'>"": [], ""<class 'abc.NT_0001_P_00000'>"": [], ""<class 'int'>"": [80903, 4706, 47695, 45437, 25302, 38407, 85552, 41280, 20876, 47623, 86904, 55373, 23589, 19312, 57981, 5774, 4196, 62916, 78328, 34848, 89480, 72111, 84114, 27691], ""<class 'bool'>"": [86816, 9706, 44465, 94084, 50630, 94229, 53268, 83378, 51198, 52517, 80864, 56983, 84611, 9863, 26653, 14161, 75883, 17618, 64460, 24766, 79493, 24139, 88100, 59674, 19825, 58603, 88542, 86971, 40165, 83004, 36300, 72448, 62475, 95326, 75329, 35160, 97555, 34983, 24651, 89108, 35376, 67219, 39507, 74134, 23427, 17756, 12022, 24410, 47344, 70702, 9600, 88913, 31775, 97019, 43009, 13480, 56011], ""<class 'abc.NT_0000'>"": [0, 0, 23967, 0, 0, 0, 0, 1, 0, 0, 0, 1, 0, 0, 1, 0, 74871, 0, 1, 1, 0, 1, 0, 1, 0, 46858, 0, 0, 0, 0, 0, 0, 0, 0, 9925, 0, 0, 0, 0, 1, 0, 0, 0, 0, 0, 0, 1, 1, 1, 0, 1, 0, 0, 0, 77143, 29137, 48645, 45195, 9285, 51686, 77237, 71166, 74992, 54805, 8304, 86470, 42219, 37094, 83712, 71511, 34672, 89123, 38732, 32888, 85024, 24542, 32319, 30825, 19263, 78084, 10273, 37083, 54678, 19257, 40516, 88159, 51537, 56501, 90725, 89598, 79034, 83923, 5036, 82093, 7116, 77228, 35847, 57388, 67755, 65286, 68405, 97096, 64853, 41722, 49804, 34919, 69335, 61222, 4373, 81394, 76868, 72461, 28296, 43552, 30699], ""<class 'abc.NT_0000_P_00000'>"": [], ""<class 'abc.NT_0000_P_00001'>"": [], ""<class 'abc.NT_0008_P_00001'>"": [], ""<class 'abc.NT_0007'>"": [0, 30442], ""<class 'abc.NT_0007_P_00000'>"": [], ""<class 'abc.NT_0002'>"": [0, 2009, 1, 0, 0, 0, 0, 0, 0, 0, 1, 0, 21331, 0, 1, 1, 72856, 35135, 68688, 91088, 41794, 37834, 23899, 27140, 32412, 16605, 87250, 48617, 70996, 66420, 39098, 3194, 19778, 34998, 60968, 57395, 58847, 67190, 7904, 98402, 2086, 34529, 53358], ""<class 'abc.NT_0002_P_00000'>"": [], ""<class 'abc.NT_0002_P_00001'>"": [], ""<class 'abc.NT_0003'>"": [2, 1, 42987], ""<class 'abc.NT_0003_P_00000'>"": [], ""<class 'abc.NT_0003_P_00001'>"": [], ""<class 'abc.NT_0003_P_00002'>"": [], ""<class 'abc.NT_0006'>"": [1, 73921], ""<class 'abc.NT_0006_P_00000'>"": [], ""<class 'abc.NT_0004'>"": [], ""<class 'abc.NT_0004_P_00000'>"": [], ""<class 'abc.NT_0004_P_00001'>"": [], ""<class 'abc.NT_0006_P_00001'>"": [], ""<class 'abc.NT_0006_P_00002'>"": [], ""<class 'abc.NT_0006_P_00003'>"": [], '$leftovers': [98075, 13912, 31132, 79333, 67005, 60614, 89167, 61612, 72827, 95393, 7774, 4838, 80622, 19286, 388, 89247, 61119, 81985, 19388, 78051, 82137, 3298, 46052, 62641, 15125, 10693, 59273, 50230, 2725, 66359, 94734, 79927, 68945, 22935, 63942, 30886, 88313, 17000, 96538, 23762, 47069, 41591, 64582, 40855, 91942, 98035, 27160, 65777, 36640, 83286, 24245, 70012, 52716, 78622, 49933, 34674, 21545, 85515, 63596, 76834, 55706, 47571, 77999, 46871, 39758, 29268, 46755, 21424, 96377, 55045, 94655, 81266, 38729, 78370, 54466, 29207, 27070, 19950, 48714, 85283, 87118, 58445, 55295, 49791, 69639, 85835, 25451, 31208, 52354, 5252, 87857, 91470, 89621, 16918, 64589, 10774, 881, 56333, 90790, 65621, 27489, 54457, 34171, 74830, 31890, 50572, 65953, 35998, 64391, 95281, 20637, 33135, 31174, 47515, 11748, 5326, 17817, 70004, 97142, 48764, 9977, 74644, 82108, 68086, 583, 51473, 93489, 84890, 38149, 98649, 10844, 80482, 25381, 17020, 9347, 89949, 15014, 18882, 36628, 14633, 41856, 82037, 99404, 37653, 18649, 44344, 64413, 14642, 24495, 81627, 82442, 88737, 53766, 43356, 68048, 76857, 54180, 98414, 47699, 12953, 61699, 97194, 89429, 67184, 44588, 70450, 98116, 25260, 44483, 23173, 79095, 13425, 67243, 34275, 86145, 28169, 48308, 39880, 30534, 80777, 30118, 35147, 6330, 33047, 66138, 35106, 74980, 25433, 54994, 95227, 7978, 36144, 69832, 996, 86590, 74938, 93563, 39370, 8023, 18122, 28829, 32872, 79242, 70820, 98755, 81059, 10691, 50385, 39617, 19016, 1863, 56359, 38460, 67174, 91592, 22430, 17368, 97443, 878, 46355, 50098, 93139, 69976, 9080, 81250, 67133, 12450, 29860, 10515, 7229, 18784, 90514, 19054, 18495, 10502, 77269, 89119, 14108, 10620, 96989, 72023, 8856, 91521, 11678, 69216, 38189, 64461, 31020, 98319, 37543, 24755, 16609, 33556, 16612, 12763, 41905, 30677, 47421, 67343, 11855, 70264, 48856, 54312, 58986, 49212, 17225, 81724, 83758, 88507, 75316, 75104, 72850, 30442, 32626, 63929, 13975, 10352, 31178, 95848, 61832, 76994, 71041, 97101, 79981, 68823, 25960, 84031, 86511, 64668, 11598, 13801, 38277, 72117, 97914, 67271, 62497, 95121, 56480, 77291, 12295, 85165, 83568, 78821, 29000, 46548, 68710, 33837, 53867, 16757, 19744, 56490, 58506, 2704, 56409, 35185, 55884, 10413, 1967, 92366, 12720, 38904, 56674, 73494, 36995, 74568, 39592, 41098, 65909, 93224, 67867, 24312, 36412, 73676, 29939, 55884, 87263, 93716, 56026, 57244, 4070, 89635, 77378, 60358, 11337, 68615, 81852, 96708, 54183, 88797, 31269, 9360, 89105, 2535, 59726, 25955, 65244, 16768, 73543, 81718, 40902, 76314, 33436, 41909, 98773, 81808, 9719, 25421, 45418, 71987, 121, 11550, 65239, 40789, 44202, 36071, 57653, 43394, 36056, 23297, 64426, 23556, 86309, 21306, 27012, 42386, 48280, 10080, 4348, 88310, 90412, 82119, 9205, 49098, 2184, 83526, 11375, 6109, 97541, 35582, 21977, 35191, 38535, 67747, 59557, 46567, 34959, 10684, 671, 59720, 59887, 485, 14784, 36885, 67806, 20555, 39637, 90346, 34425, 6540, 18412, 78378, 59756, 27100, 45096, 77175, 81646, 59732, 18160, 89927, 40822, 95827, 99884, 32712, 63299, 13826, 85714, 22375, 34642, 93135, 95040, 87627, 56593, 10162, 1335, 24907, 11275, 57849, 31243, 19861, 99079, 15398, 23046, 39786, 73058, 18352, 90596, 73190, 18755, 43859, 95236, 53629, 45109, 83722, 79356, 47076, 62644, 97757, 13471, 27552, 93516, 12967, 49252, 1085, 54423, 9689, 79001, 15195, 48556, 32204, 40442, 35346, 62994, 33733, 67382, 49555, 60122, 40611, 12928, 92945, 10252, 45964, 84992, 1512, 78027, 75304, 45951, 56284, 25045, 39552, 38052, 75814, 1762, 99823, 76972, 67310, 62283, 41733, 23009, 32953, 78852, 84494, 34393, 32426, 77309, 29353, 87018, 31481, 22287, 73852, 13919, 95211, 57612, 5341, 78579, 87850, 58005, 44735, 76849, 63874, 54960, 17231, 90965, 88267, 87848, 83830, 59964, 7414, 27019, 63988, 28220, 60908, 57884, 71203, 30461, 65079, 25031, 40185, 78750, 46981, 80489, 92478, 38242, 60982, 98026, 5482, 58357, 82420, 69221, 47933, 41308, 46911, 93985, 74362, 98320, 32836, 21005, 85503, 60638, 52090, 16457, 81259, 97344, 71185, 51199, 32546, 37015, 82413, 74204, 2583, 41056, 12104, 19831, 19455, 13661, 3368, 6293, 24839, 2737, 57994, 65067, 22974, 80126, 70564, 55870, 22295, 54990, 188, 22708, 82010, 33866, 54839, 92881, 86023, 42822, 28002, 53771, 21295, 93768, 82639, 54827, 32269, 61670, 94699, 12629, 99213, 70585, 63371, 70163, 39410, 11420, 59374, 65058, 39544, 70840, 4105, 8975, 51408, 35270, 36395, 14905, 19463, 31253, 56593, 76004, 97054, 47585, 82196, 20301, 80867, 95726, 59810, 73784, 82432, 40019, 90101, 57866, 51891, 23969, 3726, 11832, 96918, 24802, 32825, 8453, 87570, 5910, 30479, 41802, 69112, 31765, 44030, 27039, 69845, 96240, 79148, 96989, 60634, 4975, 87175, 18069, 87499, 64971, 19045, 91141, 68569, 25404, 90932, 46267, 80532, 11728, 30381, 95769, 35013, 37457, 20905, 4517, 64695, 13129, 12749, 1818, 91327, 22606, 19672, 15427, 62325, 50224, 99886, 66678, 42678, 80750, 65241, 41447, 46222, 13943, 83906, 70729, 74336, 1726, 19116, 73335, 1723, 30675, 46925, 77182, 90826, 98994, 22759, 21028, 49319, 1714, 87944, 81788, 90533, 20925, 5438, 83502, 28657, 14540, 23899, 96217, 11472, 35876, 19131, 39399, 97335, 3323, 90272, 44040, 28073, 51304, 70624, 96620, 99178, 94411, 72001, 44800, 67313, 1790, 71579, 14737, 35858, 63905, 73477, 76009, 77549, 61502, 30404, 8360, 93569, 30438, 84984, 31813, 68448, 84388, 37695, 64509, 98530, 43872, 62143, 4409, 83775, 80273, 10350, 79665, 85682, 80513, 76395, 85135, 50, 99899, 64234, 25173, 9758, 89555, 73388, 69865, 87015, 65369, 28325, 55774, 56559, 91589, 18612, 75085, 48985, 12260, 55581, 52643, 30771, 53084, 74710, 37760, 93030, 63446, 4708, 3610, 20987, 34387, 7254, 40775, 63375, 36086, 68944, 85154, 97339, 582, 63463, 72341, 59954, 14020, 18086, 85698, 60806, 53178, 44623, 7009, 78538, 59250, 52896, 36953, 81979, 11585, 78783, 59912, 80451, 7908, 86148, 57967, 38859, 32429, 50491, 49646, 51605, 17936, 9071, 76700, 97994, 80026, 95215, 37158, 66905, 74561, 9845, 48648, 56873, 90265, 4935, 53997, 55323, 81384, 61656, 17380, 86036, 83384, 38040, 32058, 35626, 5574, 89012, 74225, 14736, 3774, 30442, 1927, 31150, 4053, 97867, 94199, 77143, 35135, 68688, 91088, 41794, 37834, 55373, 23899, 23589, 27140, 19312, 29137, 48645, 45195, 9285, 51686, 77237, 32412, 71166, 74992, 16605, 54805, 87250, 57981, 8304, 86470, 42219, 37094, 83712, 48617, 71511, 70996, 5774, 34672, 89123, 38732, 32888, 85024, 66420, 24542, 39098, 4196, 32319, 30825, 19263, 35160, 97555, 78084, 3194, 62916, 10273, 37083, 54678, 34983, 24651, 19257, 19778, 40516, 89108, 35376, 88159, 34998, 51537, 67219, 39507, 56501, 74134, 23427, 90725, 60968, 89598, 17756, 12022, 79034, 57395, 78328, 83923, 5036, 82093, 58847, 34848, 7116, 77228, 35847, 67190, 89480, 57388, 24410, 47344, 67755, 65286, 70702, 9600, 68405, 97096, 88913, 31775, 64853, 7904, 41722, 97019, 43009, 49804, 98402, 34919, 2086, 72111, 69335, 61222, 4373, 34529, 84114, 81394, 76868, 72461, 53358, 27691, 28296, 13480, 56011, 43552, 30699]})"
657.0,7,74,2,5.9309539794921875,10387,"Genotype(dna={""<class 'abc.NT_0008'>"": [0, 94974], ""<class 'abc.NT_0008_P_00000'>"": [], ""<class 'abc.NT_0001'>"": [], ""<class 'abc.NT_0001_P_00000'>"": [], ""<class 'int'>"": [80903, 4706, 47695, 45437, 25302, 38407, 85552, 41280, 20876, 47623, 86904, 55373, 23589, 19312, 57981, 5774, 4196, 62916, 78328, 34848, 89480, 72111, 84114, 27691], ""<class 'bool'>"": [86816, 9706, 44465, 94084, 50630, 94229, 53268, 83378, 51198, 52517, 80864, 56983, 84611, 9863, 26653, 14161, 75883, 17618, 64460, 24766, 79493, 24139, 88100, 59674, 19825, 58603, 88542, 86971, 40165, 83004, 36300, 72448, 62475, 95326, 75329, 35160, 97555, 34983, 24651, 89108, 35376, 67219, 39507, 74134, 23427, 17756, 12022, 24410, 47344, 70702, 9600, 88913, 31775, 97019, 43009, 13480, 56011], ""<class 'abc.NT_0000'>"": [0, 0, 23967, 0, 0, 0, 0, 1, 0, 0, 0, 1, 0, 0, 1, 0, 74871, 0, 1, 1, 0, 1, 0, 1, 0, 46858, 0, 0, 0, 0, 0, 0, 0, 0, 9925, 0, 0, 0, 0, 1, 0, 0, 0, 0, 0, 0, 1, 1, 1, 0, 1, 0, 0, 0, 77143, 29137, 48645, 45195, 9285, 51686, 77237, 71166, 74992, 54805, 8304, 86470, 42219, 37094, 83712, 71511, 34672, 89123, 38732, 32888, 85024, 24542, 32319, 30825, 19263, 78084, 10273, 37083, 54678, 19257, 40516, 88159, 51537, 56501, 90725, 89598, 79034, 83923, 5036, 82093, 7116, 77228, 35847, 57388, 67755, 65286, 68405, 97096, 64853, 41722, 49804, 34919, 69335, 61222, 4373, 81394, 76868, 72461, 28296, 43552, 30699], ""<class 'abc.NT_0000_P_00000'>"": [], ""<class 'abc.NT_0000_P_00001'>"": [], ""<class 'abc.NT_0008_P_00001'>"": [], ""<class 'abc.NT_0007'>"": [0, 30442], ""<class 'abc.NT_0007_P_00000'>"": [], ""<class 'abc.NT_0002'>"": [0, 2009, 1, 0, 0, 0, 0, 0, 0, 0, 1, 0, 21331, 0, 1, 1, 72856, 35135, 68688, 91088, 41794, 37834, 23899, 27140, 32412, 16605, 87250, 48617, 70996, 66420, 39098, 3194, 19778, 34998, 60968, 57395, 58847, 67190, 7904, 98402, 2086, 34529, 53358], ""<class 'abc.NT_0002_P_00000'>"": [], ""<class 'abc.NT_0002_P_00001'>"": [], ""<class 'abc.NT_0003'>"": [2, 1, 42987], ""<class 'abc.NT_0003_P_00000'>"": [], ""<class 'abc.NT_0003_P_00001'>"": [], ""<class 'abc.NT_0003_P_00002'>"": [], ""<class 'abc.NT_0006'>"": [1, 73921], ""<class 'abc.NT_0006_P_00000'>"": [], ""<class 'abc.NT_0004'>"": [], ""<class 'abc.NT_0004_P_00000'>"": [], ""<class 'abc.NT_0004_P_00001'>"": [], ""<class 'abc.NT_0006_P_00001'>"": [], ""<class 'abc.NT_0006_P_00002'>"": [], ""<class 'abc.NT_0006_P_00003'>"": [], '$leftovers': [98075, 13912, 31132, 79333, 67005, 60614, 89167, 61612, 72827, 95393, 7774, 4838, 80622, 19286, 388, 89247, 61119, 81985, 19388, 78051, 82137, 3298, 46052, 62641, 15125, 10693, 59273, 50230, 2725, 66359, 94734, 79927, 68945, 22935, 63942, 30886, 88313, 17000, 96538, 23762, 47069, 41591, 64582, 40855, 91942, 98035, 27160, 65777, 36640, 83286, 24245, 70012, 52716, 78622, 49933, 34674, 21545, 85515, 63596, 76834, 55706, 47571, 77999, 46871, 39758, 29268, 46755, 21424, 96377, 55045, 94655, 81266, 38729, 78370, 54466, 29207, 27070, 19950, 48714, 85283, 87118, 58445, 55295, 49791, 69639, 85835, 25451, 31208, 52354, 5252, 87857, 91470, 89621, 16918, 64589, 10774, 881, 56333, 90790, 65621, 27489, 54457, 34171, 74830, 31890, 50572, 65953, 35998, 64391, 95281, 20637, 33135, 31174, 47515, 11748, 5326, 17817, 70004, 97142, 48764, 9977, 74644, 82108, 68086, 583, 51473, 93489, 84890, 38149, 98649, 10844, 80482, 25381, 17020, 9347, 89949, 15014, 18882, 36628, 14633, 41856, 82037, 99404, 37653, 18649, 44344, 64413, 14642, 24495, 81627, 82442, 88737, 53766, 43356, 68048, 76857, 54180, 98414, 47699, 12953, 61699, 97194, 89429, 67184, 44588, 70450, 98116, 25260, 44483, 23173, 79095, 13425, 67243, 34275, 86145, 28169, 48308, 39880, 30534, 80777, 30118, 35147, 6330, 33047, 66138, 35106, 74980, 25433, 54994, 95227, 7978, 36144, 69832, 996, 86590, 74938, 93563, 39370, 8023, 18122, 28829, 32872, 79242, 70820, 98755, 81059, 10691, 50385, 39617, 19016, 1863, 56359, 38460, 67174, 91592, 22430, 17368, 97443, 878, 46355, 50098, 93139, 69976, 9080, 81250, 67133, 12450, 29860, 10515, 7229, 18784, 90514, 19054, 18495, 10502, 77269, 89119, 14108, 10620, 96989, 72023, 8856, 91521, 11678, 69216, 38189, 64461, 31020, 98319, 37543, 24755, 16609, 33556, 16612, 12763, 41905, 30677, 47421, 67343, 11855, 70264, 48856, 54312, 58986, 49212, 17225, 81724, 83758, 88507, 75316, 75104, 72850, 30442, 32626, 63929, 13975, 10352, 31178, 95848, 61832, 76994, 71041, 97101, 79981, 68823, 25960, 84031, 86511, 64668, 11598, 13801, 38277, 72117, 97914, 67271, 62497, 95121, 56480, 77291, 12295, 85165, 83568, 78821, 29000, 46548, 68710, 33837, 53867, 16757, 19744, 56490, 58506, 2704, 56409, 35185, 55884, 10413, 1967, 92366, 12720, 38904, 56674, 73494, 36995, 74568, 39592, 41098, 65909, 93224, 67867, 24312, 36412, 73676, 29939, 55884, 87263, 93716, 56026, 57244, 4070, 89635, 77378, 60358, 11337, 68615, 81852, 96708, 54183, 88797, 31269, 9360, 89105, 2535, 59726, 25955, 65244, 16768, 73543, 81718, 40902, 76314, 33436, 41909, 98773, 81808, 9719, 25421, 45418, 71987, 121, 11550, 65239, 40789, 44202, 36071, 57653, 43394, 36056, 23297, 64426, 23556, 86309, 21306, 27012, 42386, 48280, 10080, 4348, 88310, 90412, 82119, 9205, 49098, 2184, 83526, 11375, 6109, 97541, 35582, 21977, 35191, 38535, 67747, 59557, 46567, 34959, 10684, 671, 59720, 59887, 485, 14784, 36885, 67806, 20555, 39637, 90346, 34425, 6540, 18412, 78378, 59756, 27100, 45096, 77175, 81646, 59732, 18160, 89927, 40822, 95827, 99884, 32712, 63299, 13826, 85714, 22375, 34642, 93135, 95040, 87627, 56593, 10162, 1335, 24907, 11275, 57849, 31243, 19861, 99079, 15398, 23046, 39786, 73058, 18352, 90596, 73190, 18755, 43859, 95236, 53629, 45109, 83722, 79356, 47076, 62644, 97757, 13471, 27552, 93516, 12967, 49252, 1085, 54423, 9689, 79001, 15195, 48556, 32204, 40442, 35346, 62994, 33733, 67382, 49555, 60122, 40611, 12928, 92945, 10252, 45964, 84992, 1512, 78027, 75304, 45951, 56284, 25045, 39552, 38052, 75814, 1762, 99823, 76972, 67310, 62283, 41733, 23009, 32953, 78852, 84494, 34393, 32426, 77309, 29353, 87018, 31481, 22287, 73852, 13919, 95211, 57612, 5341, 78579, 87850, 58005, 44735, 76849, 63874, 54960, 17231, 90965, 88267, 87848, 83830, 59964, 7414, 27019, 63988, 28220, 60908, 57884, 71203, 30461, 65079, 25031, 40185, 78750, 46981, 80489, 92478, 38242, 60982, 98026, 5482, 58357, 82420, 69221, 47933, 41308, 46911, 93985, 74362, 98320, 32836, 21005, 85503, 60638, 52090, 16457, 81259, 97344, 71185, 51199, 32546, 37015, 82413, 74204, 2583, 41056, 12104, 19831, 19455, 13661, 3368, 6293, 24839, 2737, 57994, 65067, 22974, 80126, 70564, 55870, 22295, 54990, 188, 22708, 82010, 33866, 54839, 92881, 86023, 42822, 28002, 53771, 21295, 93768, 82639, 54827, 32269, 61670, 94699, 12629, 99213, 70585, 63371, 70163, 39410, 11420, 59374, 65058, 39544, 70840, 4105, 8975, 51408, 35270, 36395, 14905, 19463, 31253, 56593, 76004, 97054, 47585, 82196, 20301, 80867, 95726, 59810, 73784, 82432, 40019, 90101, 57866, 51891, 23969, 3726, 11832, 96918, 24802, 32825, 8453, 87570, 5910, 30479, 41802, 69112, 31765, 44030, 27039, 69845, 96240, 79148, 96989, 60634, 4975, 87175, 18069, 87499, 64971, 19045, 91141, 68569, 25404, 90932, 46267, 80532, 11728, 30381, 95769, 35013, 37457, 20905, 4517, 64695, 13129, 12749, 1818, 91327, 22606, 19672, 15427, 62325, 50224, 99886, 66678, 42678, 80750, 65241, 41447, 46222, 13943, 83906, 70729, 74336, 1726, 19116, 73335, 1723, 30675, 46925, 77182, 90826, 98994, 22759, 21028, 49319, 1714, 87944, 81788, 90533, 20925, 5438, 83502, 28657, 14540, 23899, 96217, 11472, 35876, 19131, 39399, 97335, 3323, 90272, 44040, 28073, 51304, 70624, 96620, 99178, 94411, 72001, 44800, 67313, 1790, 71579, 14737, 35858, 63905, 73477, 76009, 77549, 61502, 30404, 8360, 93569, 30438, 84984, 31813, 68448, 84388, 37695, 64509, 98530, 43872, 62143, 4409, 83775, 80273, 10350, 79665, 85682, 80513, 76395, 85135, 50, 99899, 64234, 25173, 9758, 89555, 73388, 69865, 87015, 65369, 28325, 55774, 56559, 91589, 18612, 75085, 48985, 12260, 55581, 52643, 30771, 53084, 74710, 37760, 93030, 63446, 4708, 3610, 20987, 34387, 7254, 40775, 63375, 36086, 68944, 85154, 97339, 582, 63463, 72341, 59954, 14020, 18086, 85698, 60806, 53178, 44623, 7009, 78538, 59250, 52896, 36953, 81979, 11585, 78783, 59912, 80451, 7908, 86148, 57967, 38859, 32429, 50491, 49646, 51605, 17936, 9071, 76700, 97994, 80026, 95215, 37158, 66905, 74561, 9845, 48648, 56873, 90265, 4935, 53997, 55323, 81384, 61656, 17380, 86036, 83384, 38040, 32058, 35626, 5574, 89012, 74225, 14736, 3774, 30442, 1927, 31150, 4053, 97867, 94199, 77143, 35135, 68688, 91088, 41794, 37834, 55373, 23899, 23589, 27140, 19312, 29137, 48645, 45195, 9285, 51686, 77237, 32412, 71166, 74992, 16605, 54805, 87250, 57981, 8304, 86470, 42219, 37094, 83712, 48617, 71511, 70996, 5774, 34672, 89123, 38732, 32888, 85024, 66420, 24542, 39098, 4196, 32319, 30825, 19263, 35160, 97555, 78084, 3194, 62916, 10273, 37083, 54678, 34983, 24651, 19257, 19778, 40516, 89108, 35376, 88159, 34998, 51537, 67219, 39507, 56501, 74134, 23427, 90725, 60968, 89598, 17756, 12022, 79034, 57395, 78328, 83923, 5036, 82093, 58847, 34848, 7116, 77228, 35847, 67190, 89480, 57388, 24410, 47344, 67755, 65286, 70702, 9600, 68405, 97096, 88913, 31775, 64853, 7904, 41722, 97019, 43009, 49804, 98402, 34919, 2086, 72111, 69335, 61222, 4373, 34529, 84114, 81394, 76868, 72461, 53358, 27691, 28296, 13480, 56011, 43552, 30699]})"
657.0,7,74,3,7.118563175201416,10387,"Genotype(dna={""<class 'abc.NT_0008'>"": [0, 94974], ""<class 'abc.NT_0008_P_00000'>"": [], ""<class 'abc.NT_0001'>"": [], ""<class 'abc.NT_0001_P_00000'>"": [], ""<class 'int'>"": [80903, 4706, 47695, 45437, 25302, 38407, 85552, 41280, 20876, 47623, 86904, 55373, 23589, 19312, 57981, 5774, 4196, 62916, 78328, 34848, 89480, 72111, 84114, 27691], ""<class 'bool'>"": [86816, 9706, 44465, 94084, 50630, 94229, 53268, 83378, 51198, 52517, 80864, 56983, 84611, 9863, 26653, 14161, 75883, 17618, 64460, 24766, 79493, 24139, 88100, 59674, 19825, 58603, 88542, 86971, 40165, 83004, 36300, 72448, 62475, 95326, 75329, 35160, 97555, 34983, 24651, 89108, 35376, 67219, 39507, 74134, 23427, 17756, 12022, 24410, 47344, 70702, 9600, 88913, 31775, 97019, 43009, 13480, 56011], ""<class 'abc.NT_0000'>"": [0, 0, 23967, 0, 0, 0, 0, 1, 0, 0, 0, 1, 0, 0, 1, 0, 74871, 0, 1, 1, 0, 1, 0, 1, 0, 46858, 0, 0, 0, 0, 0, 0, 0, 0, 9925, 0, 0, 0, 0, 1, 0, 0, 0, 0, 0, 0, 1, 1, 1, 0, 1, 0, 0, 0, 77143, 29137, 48645, 45195, 9285, 51686, 77237, 71166, 74992, 54805, 8304, 86470, 42219, 37094, 83712, 71511, 34672, 89123, 38732, 32888, 85024, 24542, 32319, 30825, 19263, 78084, 10273, 37083, 54678, 19257, 40516, 88159, 51537, 56501, 90725, 89598, 79034, 83923, 5036, 82093, 7116, 77228, 35847, 57388, 67755, 65286, 68405, 97096, 64853, 41722, 49804, 34919, 69335, 61222, 4373, 81394, 76868, 72461, 28296, 43552, 30699], ""<class 'abc.NT_0000_P_00000'>"": [], ""<class 'abc.NT_0000_P_00001'>"": [], ""<class 'abc.NT_0008_P_00001'>"": [], ""<class 'abc.NT_0007'>"": [0, 30442], ""<class 'abc.NT_0007_P_00000'>"": [], ""<class 'abc.NT_0002'>"": [0, 2009, 1, 0, 0, 0, 0, 0, 0, 0, 1, 0, 21331, 0, 1, 1, 72856, 35135, 68688, 91088, 41794, 37834, 23899, 27140, 32412, 16605, 87250, 48617, 70996, 66420, 39098, 3194, 19778, 34998, 60968, 57395, 58847, 67190, 7904, 98402, 2086, 34529, 53358], ""<class 'abc.NT_0002_P_00000'>"": [], ""<class 'abc.NT_0002_P_00001'>"": [], ""<class 'abc.NT_0003'>"": [2, 1, 42987], ""<class 'abc.NT_0003_P_00000'>"": [], ""<class 'abc.NT_0003_P_00001'>"": [], ""<class 'abc.NT_0003_P_00002'>"": [], ""<class 'abc.NT_0006'>"": [1, 73921], ""<class 'abc.NT_0006_P_00000'>"": [], ""<class 'abc.NT_0004'>"": [], ""<class 'abc.NT_0004_P_00000'>"": [], ""<class 'abc.NT_0004_P_00001'>"": [], ""<class 'abc.NT_0006_P_00001'>"": [], ""<class 'abc.NT_0006_P_00002'>"": [], ""<class 'abc.NT_0006_P_00003'>"": [], '$leftovers': [98075, 13912, 31132, 79333, 67005, 60614, 89167, 61612, 72827, 95393, 7774, 4838, 80622, 19286, 388, 89247, 61119, 81985, 19388, 78051, 82137, 3298, 46052, 62641, 15125, 10693, 59273, 50230, 2725, 66359, 94734, 79927, 68945, 22935, 63942, 30886, 88313, 17000, 96538, 23762, 47069, 41591, 64582, 40855, 91942, 98035, 27160, 65777, 36640, 83286, 24245, 70012, 52716, 78622, 49933, 34674, 21545, 85515, 63596, 76834, 55706, 47571, 77999, 46871, 39758, 29268, 46755, 21424, 96377, 55045, 94655, 81266, 38729, 78370, 54466, 29207, 27070, 19950, 48714, 85283, 87118, 58445, 55295, 49791, 69639, 85835, 25451, 31208, 52354, 5252, 87857, 91470, 89621, 16918, 64589, 10774, 881, 56333, 90790, 65621, 27489, 54457, 34171, 74830, 31890, 50572, 65953, 35998, 64391, 95281, 20637, 33135, 31174, 47515, 11748, 5326, 17817, 70004, 97142, 48764, 9977, 74644, 82108, 68086, 583, 51473, 93489, 84890, 38149, 98649, 10844, 80482, 25381, 17020, 9347, 89949, 15014, 18882, 36628, 14633, 41856, 82037, 99404, 37653, 18649, 44344, 64413, 14642, 24495, 81627, 82442, 88737, 53766, 43356, 68048, 76857, 54180, 98414, 47699, 12953, 61699, 97194, 89429, 67184, 44588, 70450, 98116, 25260, 44483, 23173, 79095, 13425, 67243, 34275, 86145, 28169, 48308, 39880, 30534, 80777, 30118, 35147, 6330, 33047, 66138, 35106, 74980, 25433, 54994, 95227, 7978, 36144, 69832, 996, 86590, 74938, 93563, 39370, 8023, 18122, 28829, 32872, 79242, 70820, 98755, 81059, 10691, 50385, 39617, 19016, 1863, 56359, 38460, 67174, 91592, 22430, 17368, 97443, 878, 46355, 50098, 93139, 69976, 9080, 81250, 67133, 12450, 29860, 10515, 7229, 18784, 90514, 19054, 18495, 10502, 77269, 89119, 14108, 10620, 96989, 72023, 8856, 91521, 11678, 69216, 38189, 64461, 31020, 98319, 37543, 24755, 16609, 33556, 16612, 12763, 41905, 30677, 47421, 67343, 11855, 70264, 48856, 54312, 58986, 49212, 17225, 81724, 83758, 88507, 75316, 75104, 72850, 30442, 32626, 63929, 13975, 10352, 31178, 95848, 61832, 76994, 71041, 97101, 79981, 68823, 25960, 84031, 86511, 64668, 11598, 13801, 38277, 72117, 97914, 67271, 62497, 95121, 56480, 77291, 12295, 85165, 83568, 78821, 29000, 46548, 68710, 33837, 53867, 16757, 19744, 56490, 58506, 2704, 56409, 35185, 55884, 10413, 1967, 92366, 12720, 38904, 56674, 73494, 36995, 74568, 39592, 41098, 65909, 93224, 67867, 24312, 36412, 73676, 29939, 55884, 87263, 93716, 56026, 57244, 4070, 89635, 77378, 60358, 11337, 68615, 81852, 96708, 54183, 88797, 31269, 9360, 89105, 2535, 59726, 25955, 65244, 16768, 73543, 81718, 40902, 76314, 33436, 41909, 98773, 81808, 9719, 25421, 45418, 71987, 121, 11550, 65239, 40789, 44202, 36071, 57653, 43394, 36056, 23297, 64426, 23556, 86309, 21306, 27012, 42386, 48280, 10080, 4348, 88310, 90412, 82119, 9205, 49098, 2184, 83526, 11375, 6109, 97541, 35582, 21977, 35191, 38535, 67747, 59557, 46567, 34959, 10684, 671, 59720, 59887, 485, 14784, 36885, 67806, 20555, 39637, 90346, 34425, 6540, 18412, 78378, 59756, 27100, 45096, 77175, 81646, 59732, 18160, 89927, 40822, 95827, 99884, 32712, 63299, 13826, 85714, 22375, 34642, 93135, 95040, 87627, 56593, 10162, 1335, 24907, 11275, 57849, 31243, 19861, 99079, 15398, 23046, 39786, 73058, 18352, 90596, 73190, 18755, 43859, 95236, 53629, 45109, 83722, 79356, 47076, 62644, 97757, 13471, 27552, 93516, 12967, 49252, 1085, 54423, 9689, 79001, 15195, 48556, 32204, 40442, 35346, 62994, 33733, 67382, 49555, 60122, 40611, 12928, 92945, 10252, 45964, 84992, 1512, 78027, 75304, 45951, 56284, 25045, 39552, 38052, 75814, 1762, 99823, 76972, 67310, 62283, 41733, 23009, 32953, 78852, 84494, 34393, 32426, 77309, 29353, 87018, 31481, 22287, 73852, 13919, 95211, 57612, 5341, 78579, 87850, 58005, 44735, 76849, 63874, 54960, 17231, 90965, 88267, 87848, 83830, 59964, 7414, 27019, 63988, 28220, 60908, 57884, 71203, 30461, 65079, 25031, 40185, 78750, 46981, 80489, 92478, 38242, 60982, 98026, 5482, 58357, 82420, 69221, 47933, 41308, 46911, 93985, 74362, 98320, 32836, 21005, 85503, 60638, 52090, 16457, 81259, 97344, 71185, 51199, 32546, 37015, 82413, 74204, 2583, 41056, 12104, 19831, 19455, 13661, 3368, 6293, 24839, 2737, 57994, 65067, 22974, 80126, 70564, 55870, 22295, 54990, 188, 22708, 82010, 33866, 54839, 92881, 86023, 42822, 28002, 53771, 21295, 93768, 82639, 54827, 32269, 61670, 94699, 12629, 99213, 70585, 63371, 70163, 39410, 11420, 59374, 65058, 39544, 70840, 4105, 8975, 51408, 35270, 36395, 14905, 19463, 31253, 56593, 76004, 97054, 47585, 82196, 20301, 80867, 95726, 59810, 73784, 82432, 40019, 90101, 57866, 51891, 23969, 3726, 11832, 96918, 24802, 32825, 8453, 87570, 5910, 30479, 41802, 69112, 31765, 44030, 27039, 69845, 96240, 79148, 96989, 60634, 4975, 87175, 18069, 87499, 64971, 19045, 91141, 68569, 25404, 90932, 46267, 80532, 11728, 30381, 95769, 35013, 37457, 20905, 4517, 64695, 13129, 12749, 1818, 91327, 22606, 19672, 15427, 62325, 50224, 99886, 66678, 42678, 80750, 65241, 41447, 46222, 13943, 83906, 70729, 74336, 1726, 19116, 73335, 1723, 30675, 46925, 77182, 90826, 98994, 22759, 21028, 49319, 1714, 87944, 81788, 90533, 20925, 5438, 83502, 28657, 14540, 23899, 96217, 11472, 35876, 19131, 39399, 97335, 3323, 90272, 44040, 28073, 51304, 70624, 96620, 99178, 94411, 72001, 44800, 67313, 1790, 71579, 14737, 35858, 63905, 73477, 76009, 77549, 61502, 30404, 8360, 93569, 30438, 84984, 31813, 68448, 84388, 37695, 64509, 98530, 43872, 62143, 4409, 83775, 80273, 10350, 79665, 85682, 80513, 76395, 85135, 50, 99899, 64234, 25173, 9758, 89555, 73388, 69865, 87015, 65369, 28325, 55774, 56559, 91589, 18612, 75085, 48985, 12260, 55581, 52643, 30771, 53084, 74710, 37760, 93030, 63446, 4708, 3610, 20987, 34387, 7254, 40775, 63375, 36086, 68944, 85154, 97339, 582, 63463, 72341, 59954, 14020, 18086, 85698, 60806, 53178, 44623, 7009, 78538, 59250, 52896, 36953, 81979, 11585, 78783, 59912, 80451, 7908, 86148, 57967, 38859, 32429, 50491, 49646, 51605, 17936, 9071, 76700, 97994, 80026, 95215, 37158, 66905, 74561, 9845, 48648, 56873, 90265, 4935, 53997, 55323, 81384, 61656, 17380, 86036, 83384, 38040, 32058, 35626, 5574, 89012, 74225, 14736, 3774, 30442, 1927, 31150, 4053, 97867, 94199, 77143, 35135, 68688, 91088, 41794, 37834, 55373, 23899, 23589, 27140, 19312, 29137, 48645, 45195, 9285, 51686, 77237, 32412, 71166, 74992, 16605, 54805, 87250, 57981, 8304, 86470, 42219, 37094, 83712, 48617, 71511, 70996, 5774, 34672, 89123, 38732, 32888, 85024, 66420, 24542, 39098, 4196, 32319, 30825, 19263, 35160, 97555, 78084, 3194, 62916, 10273, 37083, 54678, 34983, 24651, 19257, 19778, 40516, 89108, 35376, 88159, 34998, 51537, 67219, 39507, 56501, 74134, 23427, 90725, 60968, 89598, 17756, 12022, 79034, 57395, 78328, 83923, 5036, 82093, 58847, 34848, 7116, 77228, 35847, 67190, 89480, 57388, 24410, 47344, 67755, 65286, 70702, 9600, 68405, 97096, 88913, 31775, 64853, 7904, 41722, 97019, 43009, 49804, 98402, 34919, 2086, 72111, 69335, 61222, 4373, 34529, 84114, 81394, 76868, 72461, 53358, 27691, 28296, 13480, 56011, 43552, 30699]})"
657.0,7,74,4,8.12383246421814,10387,"Genotype(dna={""<class 'abc.NT_0008'>"": [0, 94974], ""<class 'abc.NT_0008_P_00000'>"": [], ""<class 'abc.NT_0001'>"": [], ""<class 'abc.NT_0001_P_00000'>"": [], ""<class 'int'>"": [80903, 4706, 47695, 45437, 25302, 38407, 85552, 41280, 20876, 47623, 86904, 55373, 23589, 19312, 57981, 5774, 4196, 62916, 78328, 34848, 89480, 72111, 84114, 27691], ""<class 'bool'>"": [86816, 9706, 44465, 94084, 50630, 94229, 53268, 83378, 51198, 52517, 80864, 56983, 84611, 9863, 26653, 14161, 75883, 17618, 64460, 24766, 79493, 24139, 88100, 59674, 19825, 58603, 88542, 86971, 40165, 83004, 36300, 72448, 62475, 95326, 75329, 35160, 97555, 34983, 24651, 89108, 35376, 67219, 39507, 74134, 23427, 17756, 12022, 24410, 47344, 70702, 9600, 88913, 31775, 97019, 43009, 13480, 56011], ""<class 'abc.NT_0000'>"": [0, 0, 23967, 0, 0, 0, 0, 1, 0, 0, 0, 1, 0, 0, 1, 0, 74871, 0, 1, 1, 0, 1, 0, 1, 0, 46858, 0, 0, 0, 0, 0, 0, 0, 0, 9925, 0, 0, 0, 0, 1, 0, 0, 0, 0, 0, 0, 1, 1, 1, 0, 1, 0, 0, 0, 77143, 29137, 48645, 45195, 9285, 51686, 77237, 71166, 74992, 54805, 8304, 86470, 42219, 37094, 83712, 71511, 34672, 89123, 38732, 32888, 85024, 24542, 32319, 30825, 19263, 78084, 10273, 37083, 54678, 19257, 40516, 88159, 51537, 56501, 90725, 89598, 79034, 83923, 5036, 82093, 7116, 77228, 35847, 57388, 67755, 65286, 68405, 97096, 64853, 41722, 49804, 34919, 69335, 61222, 4373, 81394, 76868, 72461, 28296, 43552, 30699], ""<class 'abc.NT_0000_P_00000'>"": [], ""<class 'abc.NT_0000_P_00001'>"": [], ""<class 'abc.NT_0008_P_00001'>"": [], ""<class 'abc.NT_0007'>"": [0, 30442], ""<class 'abc.NT_0007_P_00000'>"": [], ""<class 'abc.NT_0002'>"": [0, 2009, 1, 0, 0, 0, 0, 0, 0, 0, 1, 0, 21331, 0, 1, 1, 72856, 35135, 68688, 91088, 41794, 37834, 23899, 27140, 32412, 16605, 87250, 48617, 70996, 66420, 39098, 3194, 19778, 34998, 60968, 57395, 58847, 67190, 7904, 98402, 2086, 34529, 53358], ""<class 'abc.NT_0002_P_00000'>"": [], ""<class 'abc.NT_0002_P_00001'>"": [], ""<class 'abc.NT_0003'>"": [2, 1, 42987], ""<class 'abc.NT_0003_P_00000'>"": [], ""<class 'abc.NT_0003_P_00001'>"": [], ""<class 'abc.NT_0003_P_00002'>"": [], ""<class 'abc.NT_0006'>"": [1, 73921], ""<class 'abc.NT_0006_P_00000'>"": [], ""<class 'abc.NT_0004'>"": [], ""<class 'abc.NT_0004_P_00000'>"": [], ""<class 'abc.NT_0004_P_00001'>"": [], ""<class 'abc.NT_0006_P_00001'>"": [], ""<class 'abc.NT_0006_P_00002'>"": [], ""<class 'abc.NT_0006_P_00003'>"": [], '$leftovers': [98075, 13912, 31132, 79333, 67005, 60614, 89167, 61612, 72827, 95393, 7774, 4838, 80622, 19286, 388, 89247, 61119, 81985, 19388, 78051, 82137, 3298, 46052, 62641, 15125, 10693, 59273, 50230, 2725, 66359, 94734, 79927, 68945, 22935, 63942, 30886, 88313, 17000, 96538, 23762, 47069, 41591, 64582, 40855, 91942, 98035, 27160, 65777, 36640, 83286, 24245, 70012, 52716, 78622, 49933, 34674, 21545, 85515, 63596, 76834, 55706, 47571, 77999, 46871, 39758, 29268, 46755, 21424, 96377, 55045, 94655, 81266, 38729, 78370, 54466, 29207, 27070, 19950, 48714, 85283, 87118, 58445, 55295, 49791, 69639, 85835, 25451, 31208, 52354, 5252, 87857, 91470, 89621, 16918, 64589, 10774, 881, 56333, 90790, 65621, 27489, 54457, 34171, 74830, 31890, 50572, 65953, 35998, 64391, 95281, 20637, 33135, 31174, 47515, 11748, 5326, 17817, 70004, 97142, 48764, 9977, 74644, 82108, 68086, 583, 51473, 93489, 84890, 38149, 98649, 10844, 80482, 25381, 17020, 9347, 89949, 15014, 18882, 36628, 14633, 41856, 82037, 99404, 37653, 18649, 44344, 64413, 14642, 24495, 81627, 82442, 88737, 53766, 43356, 68048, 76857, 54180, 98414, 47699, 12953, 61699, 97194, 89429, 67184, 44588, 70450, 98116, 25260, 44483, 23173, 79095, 13425, 67243, 34275, 86145, 28169, 48308, 39880, 30534, 80777, 30118, 35147, 6330, 33047, 66138, 35106, 74980, 25433, 54994, 95227, 7978, 36144, 69832, 996, 86590, 74938, 93563, 39370, 8023, 18122, 28829, 32872, 79242, 70820, 98755, 81059, 10691, 50385, 39617, 19016, 1863, 56359, 38460, 67174, 91592, 22430, 17368, 97443, 878, 46355, 50098, 93139, 69976, 9080, 81250, 67133, 12450, 29860, 10515, 7229, 18784, 90514, 19054, 18495, 10502, 77269, 89119, 14108, 10620, 96989, 72023, 8856, 91521, 11678, 69216, 38189, 64461, 31020, 98319, 37543, 24755, 16609, 33556, 16612, 12763, 41905, 30677, 47421, 67343, 11855, 70264, 48856, 54312, 58986, 49212, 17225, 81724, 83758, 88507, 75316, 75104, 72850, 30442, 32626, 63929, 13975, 10352, 31178, 95848, 61832, 76994, 71041, 97101, 79981, 68823, 25960, 84031, 86511, 64668, 11598, 13801, 38277, 72117, 97914, 67271, 62497, 95121, 56480, 77291, 12295, 85165, 83568, 78821, 29000, 46548, 68710, 33837, 53867, 16757, 19744, 56490, 58506, 2704, 56409, 35185, 55884, 10413, 1967, 92366, 12720, 38904, 56674, 73494, 36995, 74568, 39592, 41098, 65909, 93224, 67867, 24312, 36412, 73676, 29939, 55884, 87263, 93716, 56026, 57244, 4070, 89635, 77378, 60358, 11337, 68615, 81852, 96708, 54183, 88797, 31269, 9360, 89105, 2535, 59726, 25955, 65244, 16768, 73543, 81718, 40902, 76314, 33436, 41909, 98773, 81808, 9719, 25421, 45418, 71987, 121, 11550, 65239, 40789, 44202, 36071, 57653, 43394, 36056, 23297, 64426, 23556, 86309, 21306, 27012, 42386, 48280, 10080, 4348, 88310, 90412, 82119, 9205, 49098, 2184, 83526, 11375, 6109, 97541, 35582, 21977, 35191, 38535, 67747, 59557, 46567, 34959, 10684, 671, 59720, 59887, 485, 14784, 36885, 67806, 20555, 39637, 90346, 34425, 6540, 18412, 78378, 59756, 27100, 45096, 77175, 81646, 59732, 18160, 89927, 40822, 95827, 99884, 32712, 63299, 13826, 85714, 22375, 34642, 93135, 95040, 87627, 56593, 10162, 1335, 24907, 11275, 57849, 31243, 19861, 99079, 15398, 23046, 39786, 73058, 18352, 90596, 73190, 18755, 43859, 95236, 53629, 45109, 83722, 79356, 47076, 62644, 97757, 13471, 27552, 93516, 12967, 49252, 1085, 54423, 9689, 79001, 15195, 48556, 32204, 40442, 35346, 62994, 33733, 67382, 49555, 60122, 40611, 12928, 92945, 10252, 45964, 84992, 1512, 78027, 75304, 45951, 56284, 25045, 39552, 38052, 75814, 1762, 99823, 76972, 67310, 62283, 41733, 23009, 32953, 78852, 84494, 34393, 32426, 77309, 29353, 87018, 31481, 22287, 73852, 13919, 95211, 57612, 5341, 78579, 87850, 58005, 44735, 76849, 63874, 54960, 17231, 90965, 88267, 87848, 83830, 59964, 7414, 27019, 63988, 28220, 60908, 57884, 71203, 30461, 65079, 25031, 40185, 78750, 46981, 80489, 92478, 38242, 60982, 98026, 5482, 58357, 82420, 69221, 47933, 41308, 46911, 93985, 74362, 98320, 32836, 21005, 85503, 60638, 52090, 16457, 81259, 97344, 71185, 51199, 32546, 37015, 82413, 74204, 2583, 41056, 12104, 19831, 19455, 13661, 3368, 6293, 24839, 2737, 57994, 65067, 22974, 80126, 70564, 55870, 22295, 54990, 188, 22708, 82010, 33866, 54839, 92881, 86023, 42822, 28002, 53771, 21295, 93768, 82639, 54827, 32269, 61670, 94699, 12629, 99213, 70585, 63371, 70163, 39410, 11420, 59374, 65058, 39544, 70840, 4105, 8975, 51408, 35270, 36395, 14905, 19463, 31253, 56593, 76004, 97054, 47585, 82196, 20301, 80867, 95726, 59810, 73784, 82432, 40019, 90101, 57866, 51891, 23969, 3726, 11832, 96918, 24802, 32825, 8453, 87570, 5910, 30479, 41802, 69112, 31765, 44030, 27039, 69845, 96240, 79148, 96989, 60634, 4975, 87175, 18069, 87499, 64971, 19045, 91141, 68569, 25404, 90932, 46267, 80532, 11728, 30381, 95769, 35013, 37457, 20905, 4517, 64695, 13129, 12749, 1818, 91327, 22606, 19672, 15427, 62325, 50224, 99886, 66678, 42678, 80750, 65241, 41447, 46222, 13943, 83906, 70729, 74336, 1726, 19116, 73335, 1723, 30675, 46925, 77182, 90826, 98994, 22759, 21028, 49319, 1714, 87944, 81788, 90533, 20925, 5438, 83502, 28657, 14540, 23899, 96217, 11472, 35876, 19131, 39399, 97335, 3323, 90272, 44040, 28073, 51304, 70624, 96620, 99178, 94411, 72001, 44800, 67313, 1790, 71579, 14737, 35858, 63905, 73477, 76009, 77549, 61502, 30404, 8360, 93569, 30438, 84984, 31813, 68448, 84388, 37695, 64509, 98530, 43872, 62143, 4409, 83775, 80273, 10350, 79665, 85682, 80513, 76395, 85135, 50, 99899, 64234, 25173, 9758, 89555, 73388, 69865, 87015, 65369, 28325, 55774, 56559, 91589, 18612, 75085, 48985, 12260, 55581, 52643, 30771, 53084, 74710, 37760, 93030, 63446, 4708, 3610, 20987, 34387, 7254, 40775, 63375, 36086, 68944, 85154, 97339, 582, 63463, 72341, 59954, 14020, 18086, 85698, 60806, 53178, 44623, 7009, 78538, 59250, 52896, 36953, 81979, 11585, 78783, 59912, 80451, 7908, 86148, 57967, 38859, 32429, 50491, 49646, 51605, 17936, 9071, 76700, 97994, 80026, 95215, 37158, 66905, 74561, 9845, 48648, 56873, 90265, 4935, 53997, 55323, 81384, 61656, 17380, 86036, 83384, 38040, 32058, 35626, 5574, 89012, 74225, 14736, 3774, 30442, 1927, 31150, 4053, 97867, 94199, 77143, 35135, 68688, 91088, 41794, 37834, 55373, 23899, 23589, 27140, 19312, 29137, 48645, 45195, 9285, 51686, 77237, 32412, 71166, 74992, 16605, 54805, 87250, 57981, 8304, 86470, 42219, 37094, 83712, 48617, 71511, 70996, 5774, 34672, 89123, 38732, 32888, 85024, 66420, 24542, 39098, 4196, 32319, 30825, 19263, 35160, 97555, 78084, 3194, 62916, 10273, 37083, 54678, 34983, 24651, 19257, 19778, 40516, 89108, 35376, 88159, 34998, 51537, 67219, 39507, 56501, 74134, 23427, 90725, 60968, 89598, 17756, 12022, 79034, 57395, 78328, 83923, 5036, 82093, 58847, 34848, 7116, 77228, 35847, 67190, 89480, 57388, 24410, 47344, 67755, 65286, 70702, 9600, 68405, 97096, 88913, 31775, 64853, 7904, 41722, 97019, 43009, 49804, 98402, 34919, 2086, 72111, 69335, 61222, 4373, 34529, 84114, 81394, 76868, 72461, 53358, 27691, 28296, 13480, 56011, 43552, 30699]})"
657.0,7,74,5,8.867940425872803,10387,"Genotype(dna={""<class 'abc.NT_0008'>"": [0, 94974], ""<class 'abc.NT_0008_P_00000'>"": [], ""<class 'abc.NT_0001'>"": [], ""<class 'abc.NT_0001_P_00000'>"": [], ""<class 'int'>"": [80903, 4706, 47695, 45437, 25302, 38407, 85552, 41280, 20876, 47623, 86904, 55373, 23589, 19312, 57981, 5774, 4196, 62916, 78328, 34848, 89480, 72111, 84114, 27691], ""<class 'bool'>"": [86816, 9706, 44465, 94084, 50630, 94229, 53268, 83378, 51198, 52517, 80864, 56983, 84611, 9863, 26653, 14161, 75883, 17618, 64460, 24766, 79493, 24139, 88100, 59674, 19825, 58603, 88542, 86971, 40165, 83004, 36300, 72448, 62475, 95326, 75329, 35160, 97555, 34983, 24651, 89108, 35376, 67219, 39507, 74134, 23427, 17756, 12022, 24410, 47344, 70702, 9600, 88913, 31775, 97019, 43009, 13480, 56011], ""<class 'abc.NT_0000'>"": [0, 0, 23967, 0, 0, 0, 0, 1, 0, 0, 0, 1, 0, 0, 1, 0, 74871, 0, 1, 1, 0, 1, 0, 1, 0, 46858, 0, 0, 0, 0, 0, 0, 0, 0, 9925, 0, 0, 0, 0, 1, 0, 0, 0, 0, 0, 0, 1, 1, 1, 0, 1, 0, 0, 0, 77143, 29137, 48645, 45195, 9285, 51686, 77237, 71166, 74992, 54805, 8304, 86470, 42219, 37094, 83712, 71511, 34672, 89123, 38732, 32888, 85024, 24542, 32319, 30825, 19263, 78084, 10273, 37083, 54678, 19257, 40516, 88159, 51537, 56501, 90725, 89598, 79034, 83923, 5036, 82093, 7116, 77228, 35847, 57388, 67755, 65286, 68405, 97096, 64853, 41722, 49804, 34919, 69335, 61222, 4373, 81394, 76868, 72461, 28296, 43552, 30699], ""<class 'abc.NT_0000_P_00000'>"": [], ""<class 'abc.NT_0000_P_00001'>"": [], ""<class 'abc.NT_0008_P_00001'>"": [], ""<class 'abc.NT_0007'>"": [0, 30442], ""<class 'abc.NT_0007_P_00000'>"": [], ""<class 'abc.NT_0002'>"": [0, 2009, 1, 0, 0, 0, 0, 0, 0, 0, 1, 0, 21331, 0, 1, 1, 72856, 35135, 68688, 91088, 41794, 37834, 23899, 27140, 32412, 16605, 87250, 48617, 70996, 66420, 39098, 3194, 19778, 34998, 60968, 57395, 58847, 67190, 7904, 98402, 2086, 34529, 53358], ""<class 'abc.NT_0002_P_00000'>"": [], ""<class 'abc.NT_0002_P_00001'>"": [], ""<class 'abc.NT_0003'>"": [2, 1, 42987], ""<class 'abc.NT_0003_P_00000'>"": [], ""<class 'abc.NT_0003_P_00001'>"": [], ""<class 'abc.NT_0003_P_00002'>"": [], ""<class 'abc.NT_0006'>"": [1, 73921], ""<class 'abc.NT_0006_P_00000'>"": [], ""<class 'abc.NT_0004'>"": [], ""<class 'abc.NT_0004_P_00000'>"": [], ""<class 'abc.NT_0004_P_00001'>"": [], ""<class 'abc.NT_0006_P_00001'>"": [], ""<class 'abc.NT_0006_P_00002'>"": [], ""<class 'abc.NT_0006_P_00003'>"": [], '$leftovers': [98075, 13912, 31132, 79333, 67005, 60614, 89167, 61612, 72827, 95393, 7774, 4838, 80622, 19286, 388, 89247, 61119, 81985, 19388, 78051, 82137, 3298, 46052, 62641, 15125, 10693, 59273, 50230, 2725, 66359, 94734, 79927, 68945, 22935, 63942, 30886, 88313, 17000, 96538, 23762, 47069, 41591, 64582, 40855, 91942, 98035, 27160, 65777, 36640, 83286, 24245, 70012, 52716, 78622, 49933, 34674, 21545, 85515, 63596, 76834, 55706, 47571, 77999, 46871, 39758, 29268, 46755, 21424, 96377, 55045, 94655, 81266, 38729, 78370, 54466, 29207, 27070, 19950, 48714, 85283, 87118, 58445, 55295, 49791, 69639, 85835, 25451, 31208, 52354, 5252, 87857, 91470, 89621, 16918, 64589, 10774, 881, 56333, 90790, 65621, 27489, 54457, 34171, 74830, 31890, 50572, 65953, 35998, 64391, 95281, 20637, 33135, 31174, 47515, 11748, 5326, 17817, 70004, 97142, 48764, 9977, 74644, 82108, 68086, 583, 51473, 93489, 84890, 38149, 98649, 10844, 80482, 25381, 17020, 9347, 89949, 15014, 18882, 36628, 14633, 41856, 82037, 99404, 37653, 18649, 44344, 64413, 14642, 24495, 81627, 82442, 88737, 53766, 43356, 68048, 76857, 54180, 98414, 47699, 12953, 61699, 97194, 89429, 67184, 44588, 70450, 98116, 25260, 44483, 23173, 79095, 13425, 67243, 34275, 86145, 28169, 48308, 39880, 30534, 80777, 30118, 35147, 6330, 33047, 66138, 35106, 74980, 25433, 54994, 95227, 7978, 36144, 69832, 996, 86590, 74938, 93563, 39370, 8023, 18122, 28829, 32872, 79242, 70820, 98755, 81059, 10691, 50385, 39617, 19016, 1863, 56359, 38460, 67174, 91592, 22430, 17368, 97443, 878, 46355, 50098, 93139, 69976, 9080, 81250, 67133, 12450, 29860, 10515, 7229, 18784, 90514, 19054, 18495, 10502, 77269, 89119, 14108, 10620, 96989, 72023, 8856, 91521, 11678, 69216, 38189, 64461, 31020, 98319, 37543, 24755, 16609, 33556, 16612, 12763, 41905, 30677, 47421, 67343, 11855, 70264, 48856, 54312, 58986, 49212, 17225, 81724, 83758, 88507, 75316, 75104, 72850, 30442, 32626, 63929, 13975, 10352, 31178, 95848, 61832, 76994, 71041, 97101, 79981, 68823, 25960, 84031, 86511, 64668, 11598, 13801, 38277, 72117, 97914, 67271, 62497, 95121, 56480, 77291, 12295, 85165, 83568, 78821, 29000, 46548, 68710, 33837, 53867, 16757, 19744, 56490, 58506, 2704, 56409, 35185, 55884, 10413, 1967, 92366, 12720, 38904, 56674, 73494, 36995, 74568, 39592, 41098, 65909, 93224, 67867, 24312, 36412, 73676, 29939, 55884, 87263, 93716, 56026, 57244, 4070, 89635, 77378, 60358, 11337, 68615, 81852, 96708, 54183, 88797, 31269, 9360, 89105, 2535, 59726, 25955, 65244, 16768, 73543, 81718, 40902, 76314, 33436, 41909, 98773, 81808, 9719, 25421, 45418, 71987, 121, 11550, 65239, 40789, 44202, 36071, 57653, 43394, 36056, 23297, 64426, 23556, 86309, 21306, 27012, 42386, 48280, 10080, 4348, 88310, 90412, 82119, 9205, 49098, 2184, 83526, 11375, 6109, 97541, 35582, 21977, 35191, 38535, 67747, 59557, 46567, 34959, 10684, 671, 59720, 59887, 485, 14784, 36885, 67806, 20555, 39637, 90346, 34425, 6540, 18412, 78378, 59756, 27100, 45096, 77175, 81646, 59732, 18160, 89927, 40822, 95827, 99884, 32712, 63299, 13826, 85714, 22375, 34642, 93135, 95040, 87627, 56593, 10162, 1335, 24907, 11275, 57849, 31243, 19861, 99079, 15398, 23046, 39786, 73058, 18352, 90596, 73190, 18755, 43859, 95236, 53629, 45109, 83722, 79356, 47076, 62644, 97757, 13471, 27552, 93516, 12967, 49252, 1085, 54423, 9689, 79001, 15195, 48556, 32204, 40442, 35346, 62994, 33733, 67382, 49555, 60122, 40611, 12928, 92945, 10252, 45964, 84992, 1512, 78027, 75304, 45951, 56284, 25045, 39552, 38052, 75814, 1762, 99823, 76972, 67310, 62283, 41733, 23009, 32953, 78852, 84494, 34393, 32426, 77309, 29353, 87018, 31481, 22287, 73852, 13919, 95211, 57612, 5341, 78579, 87850, 58005, 44735, 76849, 63874, 54960, 17231, 90965, 88267, 87848, 83830, 59964, 7414, 27019, 63988, 28220, 60908, 57884, 71203, 30461, 65079, 25031, 40185, 78750, 46981, 80489, 92478, 38242, 60982, 98026, 5482, 58357, 82420, 69221, 47933, 41308, 46911, 93985, 74362, 98320, 32836, 21005, 85503, 60638, 52090, 16457, 81259, 97344, 71185, 51199, 32546, 37015, 82413, 74204, 2583, 41056, 12104, 19831, 19455, 13661, 3368, 6293, 24839, 2737, 57994, 65067, 22974, 80126, 70564, 55870, 22295, 54990, 188, 22708, 82010, 33866, 54839, 92881, 86023, 42822, 28002, 53771, 21295, 93768, 82639, 54827, 32269, 61670, 94699, 12629, 99213, 70585, 63371, 70163, 39410, 11420, 59374, 65058, 39544, 70840, 4105, 8975, 51408, 35270, 36395, 14905, 19463, 31253, 56593, 76004, 97054, 47585, 82196, 20301, 80867, 95726, 59810, 73784, 82432, 40019, 90101, 57866, 51891, 23969, 3726, 11832, 96918, 24802, 32825, 8453, 87570, 5910, 30479, 41802, 69112, 31765, 44030, 27039, 69845, 96240, 79148, 96989, 60634, 4975, 87175, 18069, 87499, 64971, 19045, 91141, 68569, 25404, 90932, 46267, 80532, 11728, 30381, 95769, 35013, 37457, 20905, 4517, 64695, 13129, 12749, 1818, 91327, 22606, 19672, 15427, 62325, 50224, 99886, 66678, 42678, 80750, 65241, 41447, 46222, 13943, 83906, 70729, 74336, 1726, 19116, 73335, 1723, 30675, 46925, 77182, 90826, 98994, 22759, 21028, 49319, 1714, 87944, 81788, 90533, 20925, 5438, 83502, 28657, 14540, 23899, 96217, 11472, 35876, 19131, 39399, 97335, 3323, 90272, 44040, 28073, 51304, 70624, 96620, 99178, 94411, 72001, 44800, 67313, 1790, 71579, 14737, 35858, 63905, 73477, 76009, 77549, 61502, 30404, 8360, 93569, 30438, 84984, 31813, 68448, 84388, 37695, 64509, 98530, 43872, 62143, 4409, 83775, 80273, 10350, 79665, 85682, 80513, 76395, 85135, 50, 99899, 64234, 25173, 9758, 89555, 73388, 69865, 87015, 65369, 28325, 55774, 56559, 91589, 18612, 75085, 48985, 12260, 55581, 52643, 30771, 53084, 74710, 37760, 93030, 63446, 4708, 3610, 20987, 34387, 7254, 40775, 63375, 36086, 68944, 85154, 97339, 582, 63463, 72341, 59954, 14020, 18086, 85698, 60806, 53178, 44623, 7009, 78538, 59250, 52896, 36953, 81979, 11585, 78783, 59912, 80451, 7908, 86148, 57967, 38859, 32429, 50491, 49646, 51605, 17936, 9071, 76700, 97994, 80026, 95215, 37158, 66905, 74561, 9845, 48648, 56873, 90265, 4935, 53997, 55323, 81384, 61656, 17380, 86036, 83384, 38040, 32058, 35626, 5574, 89012, 74225, 14736, 3774, 30442, 1927, 31150, 4053, 97867, 94199, 77143, 35135, 68688, 91088, 41794, 37834, 55373, 23899, 23589, 27140, 19312, 29137, 48645, 45195, 9285, 51686, 77237, 32412, 71166, 74992, 16605, 54805, 87250, 57981, 8304, 86470, 42219, 37094, 83712, 48617, 71511, 70996, 5774, 34672, 89123, 38732, 32888, 85024, 66420, 24542, 39098, 4196, 32319, 30825, 19263, 35160, 97555, 78084, 3194, 62916, 10273, 37083, 54678, 34983, 24651, 19257, 19778, 40516, 89108, 35376, 88159, 34998, 51537, 67219, 39507, 56501, 74134, 23427, 90725, 60968, 89598, 17756, 12022, 79034, 57395, 78328, 83923, 5036, 82093, 58847, 34848, 7116, 77228, 35847, 67190, 89480, 57388, 24410, 47344, 67755, 65286, 70702, 9600, 68405, 97096, 88913, 31775, 64853, 7904, 41722, 97019, 43009, 49804, 98402, 34919, 2086, 72111, 69335, 61222, 4373, 34529, 84114, 81394, 76868, 72461, 53358, 27691, 28296, 13480, 56011, 43552, 30699]})"
657.0,7,74,6,9.71626615524292,10387,"Genotype(dna={""<class 'abc.NT_0008'>"": [0, 94974], ""<class 'abc.NT_0008_P_00000'>"": [], ""<class 'abc.NT_0001'>"": [], ""<class 'abc.NT_0001_P_00000'>"": [], ""<class 'int'>"": [80903, 4706, 47695, 45437, 25302, 38407, 85552, 41280, 20876, 47623, 86904, 55373, 23589, 19312, 57981, 5774, 4196, 62916, 78328, 34848, 89480, 72111, 84114, 27691], ""<class 'bool'>"": [86816, 9706, 44465, 94084, 50630, 94229, 53268, 83378, 51198, 52517, 80864, 56983, 84611, 9863, 26653, 14161, 75883, 17618, 64460, 24766, 79493, 24139, 88100, 59674, 19825, 58603, 88542, 86971, 40165, 83004, 36300, 72448, 62475, 95326, 75329, 35160, 97555, 34983, 24651, 89108, 35376, 67219, 39507, 74134, 23427, 17756, 12022, 24410, 47344, 70702, 9600, 88913, 31775, 97019, 43009, 13480, 56011], ""<class 'abc.NT_0000'>"": [0, 0, 23967, 0, 0, 0, 0, 1, 0, 0, 0, 1, 0, 0, 1, 0, 74871, 0, 1, 1, 0, 1, 0, 1, 0, 46858, 0, 0, 0, 0, 0, 0, 0, 0, 9925, 0, 0, 0, 0, 1, 0, 0, 0, 0, 0, 0, 1, 1, 1, 0, 1, 0, 0, 0, 77143, 29137, 48645, 45195, 9285, 51686, 77237, 71166, 74992, 54805, 8304, 86470, 42219, 37094, 83712, 71511, 34672, 89123, 38732, 32888, 85024, 24542, 32319, 30825, 19263, 78084, 10273, 37083, 54678, 19257, 40516, 88159, 51537, 56501, 90725, 89598, 79034, 83923, 5036, 82093, 7116, 77228, 35847, 57388, 67755, 65286, 68405, 97096, 64853, 41722, 49804, 34919, 69335, 61222, 4373, 81394, 76868, 72461, 28296, 43552, 30699], ""<class 'abc.NT_0000_P_00000'>"": [], ""<class 'abc.NT_0000_P_00001'>"": [], ""<class 'abc.NT_0008_P_00001'>"": [], ""<class 'abc.NT_0007'>"": [0, 30442], ""<class 'abc.NT_0007_P_00000'>"": [], ""<class 'abc.NT_0002'>"": [0, 2009, 1, 0, 0, 0, 0, 0, 0, 0, 1, 0, 21331, 0, 1, 1, 72856, 35135, 68688, 91088, 41794, 37834, 23899, 27140, 32412, 16605, 87250, 48617, 70996, 66420, 39098, 3194, 19778, 34998, 60968, 57395, 58847, 67190, 7904, 98402, 2086, 34529, 53358], ""<class 'abc.NT_0002_P_00000'>"": [], ""<class 'abc.NT_0002_P_00001'>"": [], ""<class 'abc.NT_0003'>"": [2, 1, 42987], ""<class 'abc.NT_0003_P_00000'>"": [], ""<class 'abc.NT_0003_P_00001'>"": [], ""<class 'abc.NT_0003_P_00002'>"": [], ""<class 'abc.NT_0006'>"": [1, 73921], ""<class 'abc.NT_0006_P_00000'>"": [], ""<class 'abc.NT_0004'>"": [], ""<class 'abc.NT_0004_P_00000'>"": [], ""<class 'abc.NT_0004_P_00001'>"": [], ""<class 'abc.NT_0006_P_00001'>"": [], ""<class 'abc.NT_0006_P_00002'>"": [], ""<class 'abc.NT_0006_P_00003'>"": [], '$leftovers': [98075, 13912, 31132, 79333, 67005, 60614, 89167, 61612, 72827, 95393, 7774, 4838, 80622, 19286, 388, 89247, 61119, 81985, 19388, 78051, 82137, 3298, 46052, 62641, 15125, 10693, 59273, 50230, 2725, 66359, 94734, 79927, 68945, 22935, 63942, 30886, 88313, 17000, 96538, 23762, 47069, 41591, 64582, 40855, 91942, 98035, 27160, 65777, 36640, 83286, 24245, 70012, 52716, 78622, 49933, 34674, 21545, 85515, 63596, 76834, 55706, 47571, 77999, 46871, 39758, 29268, 46755, 21424, 96377, 55045, 94655, 81266, 38729, 78370, 54466, 29207, 27070, 19950, 48714, 85283, 87118, 58445, 55295, 49791, 69639, 85835, 25451, 31208, 52354, 5252, 87857, 91470, 89621, 16918, 64589, 10774, 881, 56333, 90790, 65621, 27489, 54457, 34171, 74830, 31890, 50572, 65953, 35998, 64391, 95281, 20637, 33135, 31174, 47515, 11748, 5326, 17817, 70004, 97142, 48764, 9977, 74644, 82108, 68086, 583, 51473, 93489, 84890, 38149, 98649, 10844, 80482, 25381, 17020, 9347, 89949, 15014, 18882, 36628, 14633, 41856, 82037, 99404, 37653, 18649, 44344, 64413, 14642, 24495, 81627, 82442, 88737, 53766, 43356, 68048, 76857, 54180, 98414, 47699, 12953, 61699, 97194, 89429, 67184, 44588, 70450, 98116, 25260, 44483, 23173, 79095, 13425, 67243, 34275, 86145, 28169, 48308, 39880, 30534, 80777, 30118, 35147, 6330, 33047, 66138, 35106, 74980, 25433, 54994, 95227, 7978, 36144, 69832, 996, 86590, 74938, 93563, 39370, 8023, 18122, 28829, 32872, 79242, 70820, 98755, 81059, 10691, 50385, 39617, 19016, 1863, 56359, 38460, 67174, 91592, 22430, 17368, 97443, 878, 46355, 50098, 93139, 69976, 9080, 81250, 67133, 12450, 29860, 10515, 7229, 18784, 90514, 19054, 18495, 10502, 77269, 89119, 14108, 10620, 96989, 72023, 8856, 91521, 11678, 69216, 38189, 64461, 31020, 98319, 37543, 24755, 16609, 33556, 16612, 12763, 41905, 30677, 47421, 67343, 11855, 70264, 48856, 54312, 58986, 49212, 17225, 81724, 83758, 88507, 75316, 75104, 72850, 30442, 32626, 63929, 13975, 10352, 31178, 95848, 61832, 76994, 71041, 97101, 79981, 68823, 25960, 84031, 86511, 64668, 11598, 13801, 38277, 72117, 97914, 67271, 62497, 95121, 56480, 77291, 12295, 85165, 83568, 78821, 29000, 46548, 68710, 33837, 53867, 16757, 19744, 56490, 58506, 2704, 56409, 35185, 55884, 10413, 1967, 92366, 12720, 38904, 56674, 73494, 36995, 74568, 39592, 41098, 65909, 93224, 67867, 24312, 36412, 73676, 29939, 55884, 87263, 93716, 56026, 57244, 4070, 89635, 77378, 60358, 11337, 68615, 81852, 96708, 54183, 88797, 31269, 9360, 89105, 2535, 59726, 25955, 65244, 16768, 73543, 81718, 40902, 76314, 33436, 41909, 98773, 81808, 9719, 25421, 45418, 71987, 121, 11550, 65239, 40789, 44202, 36071, 57653, 43394, 36056, 23297, 64426, 23556, 86309, 21306, 27012, 42386, 48280, 10080, 4348, 88310, 90412, 82119, 9205, 49098, 2184, 83526, 11375, 6109, 97541, 35582, 21977, 35191, 38535, 67747, 59557, 46567, 34959, 10684, 671, 59720, 59887, 485, 14784, 36885, 67806, 20555, 39637, 90346, 34425, 6540, 18412, 78378, 59756, 27100, 45096, 77175, 81646, 59732, 18160, 89927, 40822, 95827, 99884, 32712, 63299, 13826, 85714, 22375, 34642, 93135, 95040, 87627, 56593, 10162, 1335, 24907, 11275, 57849, 31243, 19861, 99079, 15398, 23046, 39786, 73058, 18352, 90596, 73190, 18755, 43859, 95236, 53629, 45109, 83722, 79356, 47076, 62644, 97757, 13471, 27552, 93516, 12967, 49252, 1085, 54423, 9689, 79001, 15195, 48556, 32204, 40442, 35346, 62994, 33733, 67382, 49555, 60122, 40611, 12928, 92945, 10252, 45964, 84992, 1512, 78027, 75304, 45951, 56284, 25045, 39552, 38052, 75814, 1762, 99823, 76972, 67310, 62283, 41733, 23009, 32953, 78852, 84494, 34393, 32426, 77309, 29353, 87018, 31481, 22287, 73852, 13919, 95211, 57612, 5341, 78579, 87850, 58005, 44735, 76849, 63874, 54960, 17231, 90965, 88267, 87848, 83830, 59964, 7414, 27019, 63988, 28220, 60908, 57884, 71203, 30461, 65079, 25031, 40185, 78750, 46981, 80489, 92478, 38242, 60982, 98026, 5482, 58357, 82420, 69221, 47933, 41308, 46911, 93985, 74362, 98320, 32836, 21005, 85503, 60638, 52090, 16457, 81259, 97344, 71185, 51199, 32546, 37015, 82413, 74204, 2583, 41056, 12104, 19831, 19455, 13661, 3368, 6293, 24839, 2737, 57994, 65067, 22974, 80126, 70564, 55870, 22295, 54990, 188, 22708, 82010, 33866, 54839, 92881, 86023, 42822, 28002, 53771, 21295, 93768, 82639, 54827, 32269, 61670, 94699, 12629, 99213, 70585, 63371, 70163, 39410, 11420, 59374, 65058, 39544, 70840, 4105, 8975, 51408, 35270, 36395, 14905, 19463, 31253, 56593, 76004, 97054, 47585, 82196, 20301, 80867, 95726, 59810, 73784, 82432, 40019, 90101, 57866, 51891, 23969, 3726, 11832, 96918, 24802, 32825, 8453, 87570, 5910, 30479, 41802, 69112, 31765, 44030, 27039, 69845, 96240, 79148, 96989, 60634, 4975, 87175, 18069, 87499, 64971, 19045, 91141, 68569, 25404, 90932, 46267, 80532, 11728, 30381, 95769, 35013, 37457, 20905, 4517, 64695, 13129, 12749, 1818, 91327, 22606, 19672, 15427, 62325, 50224, 99886, 66678, 42678, 80750, 65241, 41447, 46222, 13943, 83906, 70729, 74336, 1726, 19116, 73335, 1723, 30675, 46925, 77182, 90826, 98994, 22759, 21028, 49319, 1714, 87944, 81788, 90533, 20925, 5438, 83502, 28657, 14540, 23899, 96217, 11472, 35876, 19131, 39399, 97335, 3323, 90272, 44040, 28073, 51304, 70624, 96620, 99178, 94411, 72001, 44800, 67313, 1790, 71579, 14737, 35858, 63905, 73477, 76009, 77549, 61502, 30404, 8360, 93569, 30438, 84984, 31813, 68448, 84388, 37695, 64509, 98530, 43872, 62143, 4409, 83775, 80273, 10350, 79665, 85682, 80513, 76395, 85135, 50, 99899, 64234, 25173, 9758, 89555, 73388, 69865, 87015, 65369, 28325, 55774, 56559, 91589, 18612, 75085, 48985, 12260, 55581, 52643, 30771, 53084, 74710, 37760, 93030, 63446, 4708, 3610, 20987, 34387, 7254, 40775, 63375, 36086, 68944, 85154, 97339, 582, 63463, 72341, 59954, 14020, 18086, 85698, 60806, 53178, 44623, 7009, 78538, 59250, 52896, 36953, 81979, 11585, 78783, 59912, 80451, 7908, 86148, 57967, 38859, 32429, 50491, 49646, 51605, 17936, 9071, 76700, 97994, 80026, 95215, 37158, 66905, 74561, 9845, 48648, 56873, 90265, 4935, 53997, 55323, 81384, 61656, 17380, 86036, 83384, 38040, 32058, 35626, 5574, 89012, 74225, 14736, 3774, 30442, 1927, 31150, 4053, 97867, 94199, 77143, 35135, 68688, 91088, 41794, 37834, 55373, 23899, 23589, 27140, 19312, 29137, 48645, 45195, 9285, 51686, 77237, 32412, 71166, 74992, 16605, 54805, 87250, 57981, 8304, 86470, 42219, 37094, 83712, 48617, 71511, 70996, 5774, 34672, 89123, 38732, 32888, 85024, 66420, 24542, 39098, 4196, 32319, 30825, 19263, 35160, 97555, 78084, 3194, 62916, 10273, 37083, 54678, 34983, 24651, 19257, 19778, 40516, 89108, 35376, 88159, 34998, 51537, 67219, 39507, 56501, 74134, 23427, 90725, 60968, 89598, 17756, 12022, 79034, 57395, 78328, 83923, 5036, 82093, 58847, 34848, 7116, 77228, 35847, 67190, 89480, 57388, 24410, 47344, 67755, 65286, 70702, 9600, 68405, 97096, 88913, 31775, 64853, 7904, 41722, 97019, 43009, 49804, 98402, 34919, 2086, 72111, 69335, 61222, 4373, 34529, 84114, 81394, 76868, 72461, 53358, 27691, 28296, 13480, 56011, 43552, 30699]})"
657.0,7,74,7,10.50888442993164,10387,"Genotype(dna={""<class 'abc.NT_0008'>"": [0, 94974], ""<class 'abc.NT_0008_P_00000'>"": [], ""<class 'abc.NT_0001'>"": [], ""<class 'abc.NT_0001_P_00000'>"": [], ""<class 'int'>"": [80903, 4706, 47695, 45437, 25302, 38407, 85552, 41280, 20876, 47623, 86904, 55373, 23589, 19312, 57981, 5774, 4196, 62916, 78328, 34848, 89480, 72111, 84114, 27691], ""<class 'bool'>"": [86816, 9706, 44465, 94084, 50630, 94229, 53268, 83378, 51198, 52517, 80864, 56983, 84611, 9863, 26653, 14161, 75883, 17618, 64460, 24766, 79493, 24139, 88100, 59674, 19825, 58603, 88542, 86971, 40165, 83004, 36300, 72448, 62475, 95326, 75329, 35160, 97555, 34983, 24651, 89108, 35376, 67219, 39507, 74134, 23427, 17756, 12022, 24410, 47344, 70702, 9600, 88913, 31775, 97019, 43009, 13480, 56011], ""<class 'abc.NT_0000'>"": [0, 0, 23967, 0, 0, 0, 0, 1, 0, 0, 0, 1, 0, 0, 1, 0, 74871, 0, 1, 1, 0, 1, 0, 1, 0, 46858, 0, 0, 0, 0, 0, 0, 0, 0, 9925, 0, 0, 0, 0, 1, 0, 0, 0, 0, 0, 0, 1, 1, 1, 0, 1, 0, 0, 0, 77143, 29137, 48645, 45195, 9285, 51686, 77237, 71166, 74992, 54805, 8304, 86470, 42219, 37094, 83712, 71511, 34672, 89123, 38732, 32888, 85024, 24542, 32319, 30825, 19263, 78084, 10273, 37083, 54678, 19257, 40516, 88159, 51537, 56501, 90725, 89598, 79034, 83923, 5036, 82093, 7116, 77228, 35847, 57388, 67755, 65286, 68405, 97096, 64853, 41722, 49804, 34919, 69335, 61222, 4373, 81394, 76868, 72461, 28296, 43552, 30699], ""<class 'abc.NT_0000_P_00000'>"": [], ""<class 'abc.NT_0000_P_00001'>"": [], ""<class 'abc.NT_0008_P_00001'>"": [], ""<class 'abc.NT_0007'>"": [0, 30442], ""<class 'abc.NT_0007_P_00000'>"": [], ""<class 'abc.NT_0002'>"": [0, 2009, 1, 0, 0, 0, 0, 0, 0, 0, 1, 0, 21331, 0, 1, 1, 72856, 35135, 68688, 91088, 41794, 37834, 23899, 27140, 32412, 16605, 87250, 48617, 70996, 66420, 39098, 3194, 19778, 34998, 60968, 57395, 58847, 67190, 7904, 98402, 2086, 34529, 53358], ""<class 'abc.NT_0002_P_00000'>"": [], ""<class 'abc.NT_0002_P_00001'>"": [], ""<class 'abc.NT_0003'>"": [2, 1, 42987], ""<class 'abc.NT_0003_P_00000'>"": [], ""<class 'abc.NT_0003_P_00001'>"": [], ""<class 'abc.NT_0003_P_00002'>"": [], ""<class 'abc.NT_0006'>"": [1, 73921], ""<class 'abc.NT_0006_P_00000'>"": [], ""<class 'abc.NT_0004'>"": [], ""<class 'abc.NT_0004_P_00000'>"": [], ""<class 'abc.NT_0004_P_00001'>"": [], ""<class 'abc.NT_0006_P_00001'>"": [], ""<class 'abc.NT_0006_P_00002'>"": [], ""<class 'abc.NT_0006_P_00003'>"": [], '$leftovers': [98075, 13912, 31132, 79333, 67005, 60614, 89167, 61612, 72827, 95393, 7774, 4838, 80622, 19286, 388, 89247, 61119, 81985, 19388, 78051, 82137, 3298, 46052, 62641, 15125, 10693, 59273, 50230, 2725, 66359, 94734, 79927, 68945, 22935, 63942, 30886, 88313, 17000, 96538, 23762, 47069, 41591, 64582, 40855, 91942, 98035, 27160, 65777, 36640, 83286, 24245, 70012, 52716, 78622, 49933, 34674, 21545, 85515, 63596, 76834, 55706, 47571, 77999, 46871, 39758, 29268, 46755, 21424, 96377, 55045, 94655, 81266, 38729, 78370, 54466, 29207, 27070, 19950, 48714, 85283, 87118, 58445, 55295, 49791, 69639, 85835, 25451, 31208, 52354, 5252, 87857, 91470, 89621, 16918, 64589, 10774, 881, 56333, 90790, 65621, 27489, 54457, 34171, 74830, 31890, 50572, 65953, 35998, 64391, 95281, 20637, 33135, 31174, 47515, 11748, 5326, 17817, 70004, 97142, 48764, 9977, 74644, 82108, 68086, 583, 51473, 93489, 84890, 38149, 98649, 10844, 80482, 25381, 17020, 9347, 89949, 15014, 18882, 36628, 14633, 41856, 82037, 99404, 37653, 18649, 44344, 64413, 14642, 24495, 81627, 82442, 88737, 53766, 43356, 68048, 76857, 54180, 98414, 47699, 12953, 61699, 97194, 89429, 67184, 44588, 70450, 98116, 25260, 44483, 23173, 79095, 13425, 67243, 34275, 86145, 28169, 48308, 39880, 30534, 80777, 30118, 35147, 6330, 33047, 66138, 35106, 74980, 25433, 54994, 95227, 7978, 36144, 69832, 996, 86590, 74938, 93563, 39370, 8023, 18122, 28829, 32872, 79242, 70820, 98755, 81059, 10691, 50385, 39617, 19016, 1863, 56359, 38460, 67174, 91592, 22430, 17368, 97443, 878, 46355, 50098, 93139, 69976, 9080, 81250, 67133, 12450, 29860, 10515, 7229, 18784, 90514, 19054, 18495, 10502, 77269, 89119, 14108, 10620, 96989, 72023, 8856, 91521, 11678, 69216, 38189, 64461, 31020, 98319, 37543, 24755, 16609, 33556, 16612, 12763, 41905, 30677, 47421, 67343, 11855, 70264, 48856, 54312, 58986, 49212, 17225, 81724, 83758, 88507, 75316, 75104, 72850, 30442, 32626, 63929, 13975, 10352, 31178, 95848, 61832, 76994, 71041, 97101, 79981, 68823, 25960, 84031, 86511, 64668, 11598, 13801, 38277, 72117, 97914, 67271, 62497, 95121, 56480, 77291, 12295, 85165, 83568, 78821, 29000, 46548, 68710, 33837, 53867, 16757, 19744, 56490, 58506, 2704, 56409, 35185, 55884, 10413, 1967, 92366, 12720, 38904, 56674, 73494, 36995, 74568, 39592, 41098, 65909, 93224, 67867, 24312, 36412, 73676, 29939, 55884, 87263, 93716, 56026, 57244, 4070, 89635, 77378, 60358, 11337, 68615, 81852, 96708, 54183, 88797, 31269, 9360, 89105, 2535, 59726, 25955, 65244, 16768, 73543, 81718, 40902, 76314, 33436, 41909, 98773, 81808, 9719, 25421, 45418, 71987, 121, 11550, 65239, 40789, 44202, 36071, 57653, 43394, 36056, 23297, 64426, 23556, 86309, 21306, 27012, 42386, 48280, 10080, 4348, 88310, 90412, 82119, 9205, 49098, 2184, 83526, 11375, 6109, 97541, 35582, 21977, 35191, 38535, 67747, 59557, 46567, 34959, 10684, 671, 59720, 59887, 485, 14784, 36885, 67806, 20555, 39637, 90346, 34425, 6540, 18412, 78378, 59756, 27100, 45096, 77175, 81646, 59732, 18160, 89927, 40822, 95827, 99884, 32712, 63299, 13826, 85714, 22375, 34642, 93135, 95040, 87627, 56593, 10162, 1335, 24907, 11275, 57849, 31243, 19861, 99079, 15398, 23046, 39786, 73058, 18352, 90596, 73190, 18755, 43859, 95236, 53629, 45109, 83722, 79356, 47076, 62644, 97757, 13471, 27552, 93516, 12967, 49252, 1085, 54423, 9689, 79001, 15195, 48556, 32204, 40442, 35346, 62994, 33733, 67382, 49555, 60122, 40611, 12928, 92945, 10252, 45964, 84992, 1512, 78027, 75304, 45951, 56284, 25045, 39552, 38052, 75814, 1762, 99823, 76972, 67310, 62283, 41733, 23009, 32953, 78852, 84494, 34393, 32426, 77309, 29353, 87018, 31481, 22287, 73852, 13919, 95211, 57612, 5341, 78579, 87850, 58005, 44735, 76849, 63874, 54960, 17231, 90965, 88267, 87848, 83830, 59964, 7414, 27019, 63988, 28220, 60908, 57884, 71203, 30461, 65079, 25031, 40185, 78750, 46981, 80489, 92478, 38242, 60982, 98026, 5482, 58357, 82420, 69221, 47933, 41308, 46911, 93985, 74362, 98320, 32836, 21005, 85503, 60638, 52090, 16457, 81259, 97344, 71185, 51199, 32546, 37015, 82413, 74204, 2583, 41056, 12104, 19831, 19455, 13661, 3368, 6293, 24839, 2737, 57994, 65067, 22974, 80126, 70564, 55870, 22295, 54990, 188, 22708, 82010, 33866, 54839, 92881, 86023, 42822, 28002, 53771, 21295, 93768, 82639, 54827, 32269, 61670, 94699, 12629, 99213, 70585, 63371, 70163, 39410, 11420, 59374, 65058, 39544, 70840, 4105, 8975, 51408, 35270, 36395, 14905, 19463, 31253, 56593, 76004, 97054, 47585, 82196, 20301, 80867, 95726, 59810, 73784, 82432, 40019, 90101, 57866, 51891, 23969, 3726, 11832, 96918, 24802, 32825, 8453, 87570, 5910, 30479, 41802, 69112, 31765, 44030, 27039, 69845, 96240, 79148, 96989, 60634, 4975, 87175, 18069, 87499, 64971, 19045, 91141, 68569, 25404, 90932, 46267, 80532, 11728, 30381, 95769, 35013, 37457, 20905, 4517, 64695, 13129, 12749, 1818, 91327, 22606, 19672, 15427, 62325, 50224, 99886, 66678, 42678, 80750, 65241, 41447, 46222, 13943, 83906, 70729, 74336, 1726, 19116, 73335, 1723, 30675, 46925, 77182, 90826, 98994, 22759, 21028, 49319, 1714, 87944, 81788, 90533, 20925, 5438, 83502, 28657, 14540, 23899, 96217, 11472, 35876, 19131, 39399, 97335, 3323, 90272, 44040, 28073, 51304, 70624, 96620, 99178, 94411, 72001, 44800, 67313, 1790, 71579, 14737, 35858, 63905, 73477, 76009, 77549, 61502, 30404, 8360, 93569, 30438, 84984, 31813, 68448, 84388, 37695, 64509, 98530, 43872, 62143, 4409, 83775, 80273, 10350, 79665, 85682, 80513, 76395, 85135, 50, 99899, 64234, 25173, 9758, 89555, 73388, 69865, 87015, 65369, 28325, 55774, 56559, 91589, 18612, 75085, 48985, 12260, 55581, 52643, 30771, 53084, 74710, 37760, 93030, 63446, 4708, 3610, 20987, 34387, 7254, 40775, 63375, 36086, 68944, 85154, 97339, 582, 63463, 72341, 59954, 14020, 18086, 85698, 60806, 53178, 44623, 7009, 78538, 59250, 52896, 36953, 81979, 11585, 78783, 59912, 80451, 7908, 86148, 57967, 38859, 32429, 50491, 49646, 51605, 17936, 9071, 76700, 97994, 80026, 95215, 37158, 66905, 74561, 9845, 48648, 56873, 90265, 4935, 53997, 55323, 81384, 61656, 17380, 86036, 83384, 38040, 32058, 35626, 5574, 89012, 74225, 14736, 3774, 30442, 1927, 31150, 4053, 97867, 94199, 77143, 35135, 68688, 91088, 41794, 37834, 55373, 23899, 23589, 27140, 19312, 29137, 48645, 45195, 9285, 51686, 77237, 32412, 71166, 74992, 16605, 54805, 87250, 57981, 8304, 86470, 42219, 37094, 83712, 48617, 71511, 70996, 5774, 34672, 89123, 38732, 32888, 85024, 66420, 24542, 39098, 4196, 32319, 30825, 19263, 35160, 97555, 78084, 3194, 62916, 10273, 37083, 54678, 34983, 24651, 19257, 19778, 40516, 89108, 35376, 88159, 34998, 51537, 67219, 39507, 56501, 74134, 23427, 90725, 60968, 89598, 17756, 12022, 79034, 57395, 78328, 83923, 5036, 82093, 58847, 34848, 7116, 77228, 35847, 67190, 89480, 57388, 24410, 47344, 67755, 65286, 70702, 9600, 68405, 97096, 88913, 31775, 64853, 7904, 41722, 97019, 43009, 49804, 98402, 34919, 2086, 72111, 69335, 61222, 4373, 34529, 84114, 81394, 76868, 72461, 53358, 27691, 28296, 13480, 56011, 43552, 30699]})"
657.0,7,74,8,11.343971014022827,10387,"Genotype(dna={""<class 'abc.NT_0008'>"": [0, 94974], ""<class 'abc.NT_0008_P_00000'>"": [], ""<class 'abc.NT_0001'>"": [], ""<class 'abc.NT_0001_P_00000'>"": [], ""<class 'int'>"": [80903, 4706, 47695, 45437, 25302, 38407, 85552, 41280, 20876, 47623, 86904, 55373, 23589, 19312, 57981, 5774, 4196, 62916, 78328, 34848, 89480, 72111, 84114, 27691], ""<class 'bool'>"": [86816, 9706, 44465, 94084, 50630, 94229, 53268, 83378, 51198, 52517, 80864, 56983, 84611, 9863, 26653, 14161, 75883, 17618, 64460, 24766, 79493, 24139, 88100, 59674, 19825, 58603, 88542, 86971, 40165, 83004, 36300, 72448, 62475, 95326, 75329, 35160, 97555, 34983, 24651, 89108, 35376, 67219, 39507, 74134, 23427, 17756, 12022, 24410, 47344, 70702, 9600, 88913, 31775, 97019, 43009, 13480, 56011], ""<class 'abc.NT_0000'>"": [0, 0, 23967, 0, 0, 0, 0, 1, 0, 0, 0, 1, 0, 0, 1, 0, 74871, 0, 1, 1, 0, 1, 0, 1, 0, 46858, 0, 0, 0, 0, 0, 0, 0, 0, 9925, 0, 0, 0, 0, 1, 0, 0, 0, 0, 0, 0, 1, 1, 1, 0, 1, 0, 0, 0, 77143, 29137, 48645, 45195, 9285, 51686, 77237, 71166, 74992, 54805, 8304, 86470, 42219, 37094, 83712, 71511, 34672, 89123, 38732, 32888, 85024, 24542, 32319, 30825, 19263, 78084, 10273, 37083, 54678, 19257, 40516, 88159, 51537, 56501, 90725, 89598, 79034, 83923, 5036, 82093, 7116, 77228, 35847, 57388, 67755, 65286, 68405, 97096, 64853, 41722, 49804, 34919, 69335, 61222, 4373, 81394, 76868, 72461, 28296, 43552, 30699], ""<class 'abc.NT_0000_P_00000'>"": [], ""<class 'abc.NT_0000_P_00001'>"": [], ""<class 'abc.NT_0008_P_00001'>"": [], ""<class 'abc.NT_0007'>"": [0, 30442], ""<class 'abc.NT_0007_P_00000'>"": [], ""<class 'abc.NT_0002'>"": [0, 2009, 1, 0, 0, 0, 0, 0, 0, 0, 1, 0, 21331, 0, 1, 1, 72856, 35135, 68688, 91088, 41794, 37834, 23899, 27140, 32412, 16605, 87250, 48617, 70996, 66420, 39098, 3194, 19778, 34998, 60968, 57395, 58847, 67190, 7904, 98402, 2086, 34529, 53358], ""<class 'abc.NT_0002_P_00000'>"": [], ""<class 'abc.NT_0002_P_00001'>"": [], ""<class 'abc.NT_0003'>"": [2, 1, 42987], ""<class 'abc.NT_0003_P_00000'>"": [], ""<class 'abc.NT_0003_P_00001'>"": [], ""<class 'abc.NT_0003_P_00002'>"": [], ""<class 'abc.NT_0006'>"": [1, 73921], ""<class 'abc.NT_0006_P_00000'>"": [], ""<class 'abc.NT_0004'>"": [], ""<class 'abc.NT_0004_P_00000'>"": [], ""<class 'abc.NT_0004_P_00001'>"": [], ""<class 'abc.NT_0006_P_00001'>"": [], ""<class 'abc.NT_0006_P_00002'>"": [], ""<class 'abc.NT_0006_P_00003'>"": [], '$leftovers': [98075, 13912, 31132, 79333, 67005, 60614, 89167, 61612, 72827, 95393, 7774, 4838, 80622, 19286, 388, 89247, 61119, 81985, 19388, 78051, 82137, 3298, 46052, 62641, 15125, 10693, 59273, 50230, 2725, 66359, 94734, 79927, 68945, 22935, 63942, 30886, 88313, 17000, 96538, 23762, 47069, 41591, 64582, 40855, 91942, 98035, 27160, 65777, 36640, 83286, 24245, 70012, 52716, 78622, 49933, 34674, 21545, 85515, 63596, 76834, 55706, 47571, 77999, 46871, 39758, 29268, 46755, 21424, 96377, 55045, 94655, 81266, 38729, 78370, 54466, 29207, 27070, 19950, 48714, 85283, 87118, 58445, 55295, 49791, 69639, 85835, 25451, 31208, 52354, 5252, 87857, 91470, 89621, 16918, 64589, 10774, 881, 56333, 90790, 65621, 27489, 54457, 34171, 74830, 31890, 50572, 65953, 35998, 64391, 95281, 20637, 33135, 31174, 47515, 11748, 5326, 17817, 70004, 97142, 48764, 9977, 74644, 82108, 68086, 583, 51473, 93489, 84890, 38149, 98649, 10844, 80482, 25381, 17020, 9347, 89949, 15014, 18882, 36628, 14633, 41856, 82037, 99404, 37653, 18649, 44344, 64413, 14642, 24495, 81627, 82442, 88737, 53766, 43356, 68048, 76857, 54180, 98414, 47699, 12953, 61699, 97194, 89429, 67184, 44588, 70450, 98116, 25260, 44483, 23173, 79095, 13425, 67243, 34275, 86145, 28169, 48308, 39880, 30534, 80777, 30118, 35147, 6330, 33047, 66138, 35106, 74980, 25433, 54994, 95227, 7978, 36144, 69832, 996, 86590, 74938, 93563, 39370, 8023, 18122, 28829, 32872, 79242, 70820, 98755, 81059, 10691, 50385, 39617, 19016, 1863, 56359, 38460, 67174, 91592, 22430, 17368, 97443, 878, 46355, 50098, 93139, 69976, 9080, 81250, 67133, 12450, 29860, 10515, 7229, 18784, 90514, 19054, 18495, 10502, 77269, 89119, 14108, 10620, 96989, 72023, 8856, 91521, 11678, 69216, 38189, 64461, 31020, 98319, 37543, 24755, 16609, 33556, 16612, 12763, 41905, 30677, 47421, 67343, 11855, 70264, 48856, 54312, 58986, 49212, 17225, 81724, 83758, 88507, 75316, 75104, 72850, 30442, 32626, 63929, 13975, 10352, 31178, 95848, 61832, 76994, 71041, 97101, 79981, 68823, 25960, 84031, 86511, 64668, 11598, 13801, 38277, 72117, 97914, 67271, 62497, 95121, 56480, 77291, 12295, 85165, 83568, 78821, 29000, 46548, 68710, 33837, 53867, 16757, 19744, 56490, 58506, 2704, 56409, 35185, 55884, 10413, 1967, 92366, 12720, 38904, 56674, 73494, 36995, 74568, 39592, 41098, 65909, 93224, 67867, 24312, 36412, 73676, 29939, 55884, 87263, 93716, 56026, 57244, 4070, 89635, 77378, 60358, 11337, 68615, 81852, 96708, 54183, 88797, 31269, 9360, 89105, 2535, 59726, 25955, 65244, 16768, 73543, 81718, 40902, 76314, 33436, 41909, 98773, 81808, 9719, 25421, 45418, 71987, 121, 11550, 65239, 40789, 44202, 36071, 57653, 43394, 36056, 23297, 64426, 23556, 86309, 21306, 27012, 42386, 48280, 10080, 4348, 88310, 90412, 82119, 9205, 49098, 2184, 83526, 11375, 6109, 97541, 35582, 21977, 35191, 38535, 67747, 59557, 46567, 34959, 10684, 671, 59720, 59887, 485, 14784, 36885, 67806, 20555, 39637, 90346, 34425, 6540, 18412, 78378, 59756, 27100, 45096, 77175, 81646, 59732, 18160, 89927, 40822, 95827, 99884, 32712, 63299, 13826, 85714, 22375, 34642, 93135, 95040, 87627, 56593, 10162, 1335, 24907, 11275, 57849, 31243, 19861, 99079, 15398, 23046, 39786, 73058, 18352, 90596, 73190, 18755, 43859, 95236, 53629, 45109, 83722, 79356, 47076, 62644, 97757, 13471, 27552, 93516, 12967, 49252, 1085, 54423, 9689, 79001, 15195, 48556, 32204, 40442, 35346, 62994, 33733, 67382, 49555, 60122, 40611, 12928, 92945, 10252, 45964, 84992, 1512, 78027, 75304, 45951, 56284, 25045, 39552, 38052, 75814, 1762, 99823, 76972, 67310, 62283, 41733, 23009, 32953, 78852, 84494, 34393, 32426, 77309, 29353, 87018, 31481, 22287, 73852, 13919, 95211, 57612, 5341, 78579, 87850, 58005, 44735, 76849, 63874, 54960, 17231, 90965, 88267, 87848, 83830, 59964, 7414, 27019, 63988, 28220, 60908, 57884, 71203, 30461, 65079, 25031, 40185, 78750, 46981, 80489, 92478, 38242, 60982, 98026, 5482, 58357, 82420, 69221, 47933, 41308, 46911, 93985, 74362, 98320, 32836, 21005, 85503, 60638, 52090, 16457, 81259, 97344, 71185, 51199, 32546, 37015, 82413, 74204, 2583, 41056, 12104, 19831, 19455, 13661, 3368, 6293, 24839, 2737, 57994, 65067, 22974, 80126, 70564, 55870, 22295, 54990, 188, 22708, 82010, 33866, 54839, 92881, 86023, 42822, 28002, 53771, 21295, 93768, 82639, 54827, 32269, 61670, 94699, 12629, 99213, 70585, 63371, 70163, 39410, 11420, 59374, 65058, 39544, 70840, 4105, 8975, 51408, 35270, 36395, 14905, 19463, 31253, 56593, 76004, 97054, 47585, 82196, 20301, 80867, 95726, 59810, 73784, 82432, 40019, 90101, 57866, 51891, 23969, 3726, 11832, 96918, 24802, 32825, 8453, 87570, 5910, 30479, 41802, 69112, 31765, 44030, 27039, 69845, 96240, 79148, 96989, 60634, 4975, 87175, 18069, 87499, 64971, 19045, 91141, 68569, 25404, 90932, 46267, 80532, 11728, 30381, 95769, 35013, 37457, 20905, 4517, 64695, 13129, 12749, 1818, 91327, 22606, 19672, 15427, 62325, 50224, 99886, 66678, 42678, 80750, 65241, 41447, 46222, 13943, 83906, 70729, 74336, 1726, 19116, 73335, 1723, 30675, 46925, 77182, 90826, 98994, 22759, 21028, 49319, 1714, 87944, 81788, 90533, 20925, 5438, 83502, 28657, 14540, 23899, 96217, 11472, 35876, 19131, 39399, 97335, 3323, 90272, 44040, 28073, 51304, 70624, 96620, 99178, 94411, 72001, 44800, 67313, 1790, 71579, 14737, 35858, 63905, 73477, 76009, 77549, 61502, 30404, 8360, 93569, 30438, 84984, 31813, 68448, 84388, 37695, 64509, 98530, 43872, 62143, 4409, 83775, 80273, 10350, 79665, 85682, 80513, 76395, 85135, 50, 99899, 64234, 25173, 9758, 89555, 73388, 69865, 87015, 65369, 28325, 55774, 56559, 91589, 18612, 75085, 48985, 12260, 55581, 52643, 30771, 53084, 74710, 37760, 93030, 63446, 4708, 3610, 20987, 34387, 7254, 40775, 63375, 36086, 68944, 85154, 97339, 582, 63463, 72341, 59954, 14020, 18086, 85698, 60806, 53178, 44623, 7009, 78538, 59250, 52896, 36953, 81979, 11585, 78783, 59912, 80451, 7908, 86148, 57967, 38859, 32429, 50491, 49646, 51605, 17936, 9071, 76700, 97994, 80026, 95215, 37158, 66905, 74561, 9845, 48648, 56873, 90265, 4935, 53997, 55323, 81384, 61656, 17380, 86036, 83384, 38040, 32058, 35626, 5574, 89012, 74225, 14736, 3774, 30442, 1927, 31150, 4053, 97867, 94199, 77143, 35135, 68688, 91088, 41794, 37834, 55373, 23899, 23589, 27140, 19312, 29137, 48645, 45195, 9285, 51686, 77237, 32412, 71166, 74992, 16605, 54805, 87250, 57981, 8304, 86470, 42219, 37094, 83712, 48617, 71511, 70996, 5774, 34672, 89123, 38732, 32888, 85024, 66420, 24542, 39098, 4196, 32319, 30825, 19263, 35160, 97555, 78084, 3194, 62916, 10273, 37083, 54678, 34983, 24651, 19257, 19778, 40516, 89108, 35376, 88159, 34998, 51537, 67219, 39507, 56501, 74134, 23427, 90725, 60968, 89598, 17756, 12022, 79034, 57395, 78328, 83923, 5036, 82093, 58847, 34848, 7116, 77228, 35847, 67190, 89480, 57388, 24410, 47344, 67755, 65286, 70702, 9600, 68405, 97096, 88913, 31775, 64853, 7904, 41722, 97019, 43009, 49804, 98402, 34919, 2086, 72111, 69335, 61222, 4373, 34529, 84114, 81394, 76868, 72461, 53358, 27691, 28296, 13480, 56011, 43552, 30699]})"
657.0,7,74,9,12.165119647979736,10387,"Genotype(dna={""<class 'abc.NT_0008'>"": [0, 94974], ""<class 'abc.NT_0008_P_00000'>"": [], ""<class 'abc.NT_0001'>"": [], ""<class 'abc.NT_0001_P_00000'>"": [], ""<class 'int'>"": [80903, 4706, 47695, 45437, 25302, 38407, 85552, 41280, 20876, 47623, 86904, 55373, 23589, 19312, 57981, 5774, 4196, 62916, 78328, 34848, 89480, 72111, 84114, 27691], ""<class 'bool'>"": [86816, 9706, 44465, 94084, 50630, 94229, 53268, 83378, 51198, 52517, 80864, 56983, 84611, 9863, 26653, 14161, 75883, 17618, 64460, 24766, 79493, 24139, 88100, 59674, 19825, 58603, 88542, 86971, 40165, 83004, 36300, 72448, 62475, 95326, 75329, 35160, 97555, 34983, 24651, 89108, 35376, 67219, 39507, 74134, 23427, 17756, 12022, 24410, 47344, 70702, 9600, 88913, 31775, 97019, 43009, 13480, 56011], ""<class 'abc.NT_0000'>"": [0, 0, 23967, 0, 0, 0, 0, 1, 0, 0, 0, 1, 0, 0, 1, 0, 74871, 0, 1, 1, 0, 1, 0, 1, 0, 46858, 0, 0, 0, 0, 0, 0, 0, 0, 9925, 0, 0, 0, 0, 1, 0, 0, 0, 0, 0, 0, 1, 1, 1, 0, 1, 0, 0, 0, 77143, 29137, 48645, 45195, 9285, 51686, 77237, 71166, 74992, 54805, 8304, 86470, 42219, 37094, 83712, 71511, 34672, 89123, 38732, 32888, 85024, 24542, 32319, 30825, 19263, 78084, 10273, 37083, 54678, 19257, 40516, 88159, 51537, 56501, 90725, 89598, 79034, 83923, 5036, 82093, 7116, 77228, 35847, 57388, 67755, 65286, 68405, 97096, 64853, 41722, 49804, 34919, 69335, 61222, 4373, 81394, 76868, 72461, 28296, 43552, 30699], ""<class 'abc.NT_0000_P_00000'>"": [], ""<class 'abc.NT_0000_P_00001'>"": [], ""<class 'abc.NT_0008_P_00001'>"": [], ""<class 'abc.NT_0007'>"": [0, 30442], ""<class 'abc.NT_0007_P_00000'>"": [], ""<class 'abc.NT_0002'>"": [0, 2009, 1, 0, 0, 0, 0, 0, 0, 0, 1, 0, 21331, 0, 1, 1, 72856, 35135, 68688, 91088, 41794, 37834, 23899, 27140, 32412, 16605, 87250, 48617, 70996, 66420, 39098, 3194, 19778, 34998, 60968, 57395, 58847, 67190, 7904, 98402, 2086, 34529, 53358], ""<class 'abc.NT_0002_P_00000'>"": [], ""<class 'abc.NT_0002_P_00001'>"": [], ""<class 'abc.NT_0003'>"": [2, 1, 42987], ""<class 'abc.NT_0003_P_00000'>"": [], ""<class 'abc.NT_0003_P_00001'>"": [], ""<class 'abc.NT_0003_P_00002'>"": [], ""<class 'abc.NT_0006'>"": [1, 73921], ""<class 'abc.NT_0006_P_00000'>"": [], ""<class 'abc.NT_0004'>"": [], ""<class 'abc.NT_0004_P_00000'>"": [], ""<class 'abc.NT_0004_P_00001'>"": [], ""<class 'abc.NT_0006_P_00001'>"": [], ""<class 'abc.NT_0006_P_00002'>"": [], ""<class 'abc.NT_0006_P_00003'>"": [], '$leftovers': [98075, 13912, 31132, 79333, 67005, 60614, 89167, 61612, 72827, 95393, 7774, 4838, 80622, 19286, 388, 89247, 61119, 81985, 19388, 78051, 82137, 3298, 46052, 62641, 15125, 10693, 59273, 50230, 2725, 66359, 94734, 79927, 68945, 22935, 63942, 30886, 88313, 17000, 96538, 23762, 47069, 41591, 64582, 40855, 91942, 98035, 27160, 65777, 36640, 83286, 24245, 70012, 52716, 78622, 49933, 34674, 21545, 85515, 63596, 76834, 55706, 47571, 77999, 46871, 39758, 29268, 46755, 21424, 96377, 55045, 94655, 81266, 38729, 78370, 54466, 29207, 27070, 19950, 48714, 85283, 87118, 58445, 55295, 49791, 69639, 85835, 25451, 31208, 52354, 5252, 87857, 91470, 89621, 16918, 64589, 10774, 881, 56333, 90790, 65621, 27489, 54457, 34171, 74830, 31890, 50572, 65953, 35998, 64391, 95281, 20637, 33135, 31174, 47515, 11748, 5326, 17817, 70004, 97142, 48764, 9977, 74644, 82108, 68086, 583, 51473, 93489, 84890, 38149, 98649, 10844, 80482, 25381, 17020, 9347, 89949, 15014, 18882, 36628, 14633, 41856, 82037, 99404, 37653, 18649, 44344, 64413, 14642, 24495, 81627, 82442, 88737, 53766, 43356, 68048, 76857, 54180, 98414, 47699, 12953, 61699, 97194, 89429, 67184, 44588, 70450, 98116, 25260, 44483, 23173, 79095, 13425, 67243, 34275, 86145, 28169, 48308, 39880, 30534, 80777, 30118, 35147, 6330, 33047, 66138, 35106, 74980, 25433, 54994, 95227, 7978, 36144, 69832, 996, 86590, 74938, 93563, 39370, 8023, 18122, 28829, 32872, 79242, 70820, 98755, 81059, 10691, 50385, 39617, 19016, 1863, 56359, 38460, 67174, 91592, 22430, 17368, 97443, 878, 46355, 50098, 93139, 69976, 9080, 81250, 67133, 12450, 29860, 10515, 7229, 18784, 90514, 19054, 18495, 10502, 77269, 89119, 14108, 10620, 96989, 72023, 8856, 91521, 11678, 69216, 38189, 64461, 31020, 98319, 37543, 24755, 16609, 33556, 16612, 12763, 41905, 30677, 47421, 67343, 11855, 70264, 48856, 54312, 58986, 49212, 17225, 81724, 83758, 88507, 75316, 75104, 72850, 30442, 32626, 63929, 13975, 10352, 31178, 95848, 61832, 76994, 71041, 97101, 79981, 68823, 25960, 84031, 86511, 64668, 11598, 13801, 38277, 72117, 97914, 67271, 62497, 95121, 56480, 77291, 12295, 85165, 83568, 78821, 29000, 46548, 68710, 33837, 53867, 16757, 19744, 56490, 58506, 2704, 56409, 35185, 55884, 10413, 1967, 92366, 12720, 38904, 56674, 73494, 36995, 74568, 39592, 41098, 65909, 93224, 67867, 24312, 36412, 73676, 29939, 55884, 87263, 93716, 56026, 57244, 4070, 89635, 77378, 60358, 11337, 68615, 81852, 96708, 54183, 88797, 31269, 9360, 89105, 2535, 59726, 25955, 65244, 16768, 73543, 81718, 40902, 76314, 33436, 41909, 98773, 81808, 9719, 25421, 45418, 71987, 121, 11550, 65239, 40789, 44202, 36071, 57653, 43394, 36056, 23297, 64426, 23556, 86309, 21306, 27012, 42386, 48280, 10080, 4348, 88310, 90412, 82119, 9205, 49098, 2184, 83526, 11375, 6109, 97541, 35582, 21977, 35191, 38535, 67747, 59557, 46567, 34959, 10684, 671, 59720, 59887, 485, 14784, 36885, 67806, 20555, 39637, 90346, 34425, 6540, 18412, 78378, 59756, 27100, 45096, 77175, 81646, 59732, 18160, 89927, 40822, 95827, 99884, 32712, 63299, 13826, 85714, 22375, 34642, 93135, 95040, 87627, 56593, 10162, 1335, 24907, 11275, 57849, 31243, 19861, 99079, 15398, 23046, 39786, 73058, 18352, 90596, 73190, 18755, 43859, 95236, 53629, 45109, 83722, 79356, 47076, 62644, 97757, 13471, 27552, 93516, 12967, 49252, 1085, 54423, 9689, 79001, 15195, 48556, 32204, 40442, 35346, 62994, 33733, 67382, 49555, 60122, 40611, 12928, 92945, 10252, 45964, 84992, 1512, 78027, 75304, 45951, 56284, 25045, 39552, 38052, 75814, 1762, 99823, 76972, 67310, 62283, 41733, 23009, 32953, 78852, 84494, 34393, 32426, 77309, 29353, 87018, 31481, 22287, 73852, 13919, 95211, 57612, 5341, 78579, 87850, 58005, 44735, 76849, 63874, 54960, 17231, 90965, 88267, 87848, 83830, 59964, 7414, 27019, 63988, 28220, 60908, 57884, 71203, 30461, 65079, 25031, 40185, 78750, 46981, 80489, 92478, 38242, 60982, 98026, 5482, 58357, 82420, 69221, 47933, 41308, 46911, 93985, 74362, 98320, 32836, 21005, 85503, 60638, 52090, 16457, 81259, 97344, 71185, 51199, 32546, 37015, 82413, 74204, 2583, 41056, 12104, 19831, 19455, 13661, 3368, 6293, 24839, 2737, 57994, 65067, 22974, 80126, 70564, 55870, 22295, 54990, 188, 22708, 82010, 33866, 54839, 92881, 86023, 42822, 28002, 53771, 21295, 93768, 82639, 54827, 32269, 61670, 94699, 12629, 99213, 70585, 63371, 70163, 39410, 11420, 59374, 65058, 39544, 70840, 4105, 8975, 51408, 35270, 36395, 14905, 19463, 31253, 56593, 76004, 97054, 47585, 82196, 20301, 80867, 95726, 59810, 73784, 82432, 40019, 90101, 57866, 51891, 23969, 3726, 11832, 96918, 24802, 32825, 8453, 87570, 5910, 30479, 41802, 69112, 31765, 44030, 27039, 69845, 96240, 79148, 96989, 60634, 4975, 87175, 18069, 87499, 64971, 19045, 91141, 68569, 25404, 90932, 46267, 80532, 11728, 30381, 95769, 35013, 37457, 20905, 4517, 64695, 13129, 12749, 1818, 91327, 22606, 19672, 15427, 62325, 50224, 99886, 66678, 42678, 80750, 65241, 41447, 46222, 13943, 83906, 70729, 74336, 1726, 19116, 73335, 1723, 30675, 46925, 77182, 90826, 98994, 22759, 21028, 49319, 1714, 87944, 81788, 90533, 20925, 5438, 83502, 28657, 14540, 23899, 96217, 11472, 35876, 19131, 39399, 97335, 3323, 90272, 44040, 28073, 51304, 70624, 96620, 99178, 94411, 72001, 44800, 67313, 1790, 71579, 14737, 35858, 63905, 73477, 76009, 77549, 61502, 30404, 8360, 93569, 30438, 84984, 31813, 68448, 84388, 37695, 64509, 98530, 43872, 62143, 4409, 83775, 80273, 10350, 79665, 85682, 80513, 76395, 85135, 50, 99899, 64234, 25173, 9758, 89555, 73388, 69865, 87015, 65369, 28325, 55774, 56559, 91589, 18612, 75085, 48985, 12260, 55581, 52643, 30771, 53084, 74710, 37760, 93030, 63446, 4708, 3610, 20987, 34387, 7254, 40775, 63375, 36086, 68944, 85154, 97339, 582, 63463, 72341, 59954, 14020, 18086, 85698, 60806, 53178, 44623, 7009, 78538, 59250, 52896, 36953, 81979, 11585, 78783, 59912, 80451, 7908, 86148, 57967, 38859, 32429, 50491, 49646, 51605, 17936, 9071, 76700, 97994, 80026, 95215, 37158, 66905, 74561, 9845, 48648, 56873, 90265, 4935, 53997, 55323, 81384, 61656, 17380, 86036, 83384, 38040, 32058, 35626, 5574, 89012, 74225, 14736, 3774, 30442, 1927, 31150, 4053, 97867, 94199, 77143, 35135, 68688, 91088, 41794, 37834, 55373, 23899, 23589, 27140, 19312, 29137, 48645, 45195, 9285, 51686, 77237, 32412, 71166, 74992, 16605, 54805, 87250, 57981, 8304, 86470, 42219, 37094, 83712, 48617, 71511, 70996, 5774, 34672, 89123, 38732, 32888, 85024, 66420, 24542, 39098, 4196, 32319, 30825, 19263, 35160, 97555, 78084, 3194, 62916, 10273, 37083, 54678, 34983, 24651, 19257, 19778, 40516, 89108, 35376, 88159, 34998, 51537, 67219, 39507, 56501, 74134, 23427, 90725, 60968, 89598, 17756, 12022, 79034, 57395, 78328, 83923, 5036, 82093, 58847, 34848, 7116, 77228, 35847, 67190, 89480, 57388, 24410, 47344, 67755, 65286, 70702, 9600, 68405, 97096, 88913, 31775, 64853, 7904, 41722, 97019, 43009, 49804, 98402, 34919, 2086, 72111, 69335, 61222, 4373, 34529, 84114, 81394, 76868, 72461, 53358, 27691, 28296, 13480, 56011, 43552, 30699]})"
657.0,7,74,10,12.884307622909546,10387,"Genotype(dna={""<class 'abc.NT_0008'>"": [0, 94974], ""<class 'abc.NT_0008_P_00000'>"": [], ""<class 'abc.NT_0001'>"": [], ""<class 'abc.NT_0001_P_00000'>"": [], ""<class 'int'>"": [80903, 4706, 47695, 45437, 25302, 38407, 85552, 41280, 20876, 47623, 86904, 55373, 23589, 19312, 57981, 5774, 4196, 62916, 78328, 34848, 89480, 72111, 84114, 27691], ""<class 'bool'>"": [86816, 9706, 44465, 94084, 50630, 94229, 53268, 83378, 51198, 52517, 80864, 56983, 84611, 9863, 26653, 14161, 75883, 17618, 64460, 24766, 79493, 24139, 88100, 59674, 19825, 58603, 88542, 86971, 40165, 83004, 36300, 72448, 62475, 95326, 75329, 35160, 97555, 34983, 24651, 89108, 35376, 67219, 39507, 74134, 23427, 17756, 12022, 24410, 47344, 70702, 9600, 88913, 31775, 97019, 43009, 13480, 56011], ""<class 'abc.NT_0000'>"": [0, 0, 23967, 0, 0, 0, 0, 1, 0, 0, 0, 1, 0, 0, 1, 0, 74871, 0, 1, 1, 0, 1, 0, 1, 0, 46858, 0, 0, 0, 0, 0, 0, 0, 0, 9925, 0, 0, 0, 0, 1, 0, 0, 0, 0, 0, 0, 1, 1, 1, 0, 1, 0, 0, 0, 77143, 29137, 48645, 45195, 9285, 51686, 77237, 71166, 74992, 54805, 8304, 86470, 42219, 37094, 83712, 71511, 34672, 89123, 38732, 32888, 85024, 24542, 32319, 30825, 19263, 78084, 10273, 37083, 54678, 19257, 40516, 88159, 51537, 56501, 90725, 89598, 79034, 83923, 5036, 82093, 7116, 77228, 35847, 57388, 67755, 65286, 68405, 97096, 64853, 41722, 49804, 34919, 69335, 61222, 4373, 81394, 76868, 72461, 28296, 43552, 30699], ""<class 'abc.NT_0000_P_00000'>"": [], ""<class 'abc.NT_0000_P_00001'>"": [], ""<class 'abc.NT_0008_P_00001'>"": [], ""<class 'abc.NT_0007'>"": [0, 30442], ""<class 'abc.NT_0007_P_00000'>"": [], ""<class 'abc.NT_0002'>"": [0, 2009, 1, 0, 0, 0, 0, 0, 0, 0, 1, 0, 21331, 0, 1, 1, 72856, 35135, 68688, 91088, 41794, 37834, 23899, 27140, 32412, 16605, 87250, 48617, 70996, 66420, 39098, 3194, 19778, 34998, 60968, 57395, 58847, 67190, 7904, 98402, 2086, 34529, 53358], ""<class 'abc.NT_0002_P_00000'>"": [], ""<class 'abc.NT_0002_P_00001'>"": [], ""<class 'abc.NT_0003'>"": [2, 1, 42987], ""<class 'abc.NT_0003_P_00000'>"": [], ""<class 'abc.NT_0003_P_00001'>"": [], ""<class 'abc.NT_0003_P_00002'>"": [], ""<class 'abc.NT_0006'>"": [1, 73921], ""<class 'abc.NT_0006_P_00000'>"": [], ""<class 'abc.NT_0004'>"": [], ""<class 'abc.NT_0004_P_00000'>"": [], ""<class 'abc.NT_0004_P_00001'>"": [], ""<class 'abc.NT_0006_P_00001'>"": [], ""<class 'abc.NT_0006_P_00002'>"": [], ""<class 'abc.NT_0006_P_00003'>"": [], '$leftovers': [98075, 13912, 31132, 79333, 67005, 60614, 89167, 61612, 72827, 95393, 7774, 4838, 80622, 19286, 388, 89247, 61119, 81985, 19388, 78051, 82137, 3298, 46052, 62641, 15125, 10693, 59273, 50230, 2725, 66359, 94734, 79927, 68945, 22935, 63942, 30886, 88313, 17000, 96538, 23762, 47069, 41591, 64582, 40855, 91942, 98035, 27160, 65777, 36640, 83286, 24245, 70012, 52716, 78622, 49933, 34674, 21545, 85515, 63596, 76834, 55706, 47571, 77999, 46871, 39758, 29268, 46755, 21424, 96377, 55045, 94655, 81266, 38729, 78370, 54466, 29207, 27070, 19950, 48714, 85283, 87118, 58445, 55295, 49791, 69639, 85835, 25451, 31208, 52354, 5252, 87857, 91470, 89621, 16918, 64589, 10774, 881, 56333, 90790, 65621, 27489, 54457, 34171, 74830, 31890, 50572, 65953, 35998, 64391, 95281, 20637, 33135, 31174, 47515, 11748, 5326, 17817, 70004, 97142, 48764, 9977, 74644, 82108, 68086, 583, 51473, 93489, 84890, 38149, 98649, 10844, 80482, 25381, 17020, 9347, 89949, 15014, 18882, 36628, 14633, 41856, 82037, 99404, 37653, 18649, 44344, 64413, 14642, 24495, 81627, 82442, 88737, 53766, 43356, 68048, 76857, 54180, 98414, 47699, 12953, 61699, 97194, 89429, 67184, 44588, 70450, 98116, 25260, 44483, 23173, 79095, 13425, 67243, 34275, 86145, 28169, 48308, 39880, 30534, 80777, 30118, 35147, 6330, 33047, 66138, 35106, 74980, 25433, 54994, 95227, 7978, 36144, 69832, 996, 86590, 74938, 93563, 39370, 8023, 18122, 28829, 32872, 79242, 70820, 98755, 81059, 10691, 50385, 39617, 19016, 1863, 56359, 38460, 67174, 91592, 22430, 17368, 97443, 878, 46355, 50098, 93139, 69976, 9080, 81250, 67133, 12450, 29860, 10515, 7229, 18784, 90514, 19054, 18495, 10502, 77269, 89119, 14108, 10620, 96989, 72023, 8856, 91521, 11678, 69216, 38189, 64461, 31020, 98319, 37543, 24755, 16609, 33556, 16612, 12763, 41905, 30677, 47421, 67343, 11855, 70264, 48856, 54312, 58986, 49212, 17225, 81724, 83758, 88507, 75316, 75104, 72850, 30442, 32626, 63929, 13975, 10352, 31178, 95848, 61832, 76994, 71041, 97101, 79981, 68823, 25960, 84031, 86511, 64668, 11598, 13801, 38277, 72117, 97914, 67271, 62497, 95121, 56480, 77291, 12295, 85165, 83568, 78821, 29000, 46548, 68710, 33837, 53867, 16757, 19744, 56490, 58506, 2704, 56409, 35185, 55884, 10413, 1967, 92366, 12720, 38904, 56674, 73494, 36995, 74568, 39592, 41098, 65909, 93224, 67867, 24312, 36412, 73676, 29939, 55884, 87263, 93716, 56026, 57244, 4070, 89635, 77378, 60358, 11337, 68615, 81852, 96708, 54183, 88797, 31269, 9360, 89105, 2535, 59726, 25955, 65244, 16768, 73543, 81718, 40902, 76314, 33436, 41909, 98773, 81808, 9719, 25421, 45418, 71987, 121, 11550, 65239, 40789, 44202, 36071, 57653, 43394, 36056, 23297, 64426, 23556, 86309, 21306, 27012, 42386, 48280, 10080, 4348, 88310, 90412, 82119, 9205, 49098, 2184, 83526, 11375, 6109, 97541, 35582, 21977, 35191, 38535, 67747, 59557, 46567, 34959, 10684, 671, 59720, 59887, 485, 14784, 36885, 67806, 20555, 39637, 90346, 34425, 6540, 18412, 78378, 59756, 27100, 45096, 77175, 81646, 59732, 18160, 89927, 40822, 95827, 99884, 32712, 63299, 13826, 85714, 22375, 34642, 93135, 95040, 87627, 56593, 10162, 1335, 24907, 11275, 57849, 31243, 19861, 99079, 15398, 23046, 39786, 73058, 18352, 90596, 73190, 18755, 43859, 95236, 53629, 45109, 83722, 79356, 47076, 62644, 97757, 13471, 27552, 93516, 12967, 49252, 1085, 54423, 9689, 79001, 15195, 48556, 32204, 40442, 35346, 62994, 33733, 67382, 49555, 60122, 40611, 12928, 92945, 10252, 45964, 84992, 1512, 78027, 75304, 45951, 56284, 25045, 39552, 38052, 75814, 1762, 99823, 76972, 67310, 62283, 41733, 23009, 32953, 78852, 84494, 34393, 32426, 77309, 29353, 87018, 31481, 22287, 73852, 13919, 95211, 57612, 5341, 78579, 87850, 58005, 44735, 76849, 63874, 54960, 17231, 90965, 88267, 87848, 83830, 59964, 7414, 27019, 63988, 28220, 60908, 57884, 71203, 30461, 65079, 25031, 40185, 78750, 46981, 80489, 92478, 38242, 60982, 98026, 5482, 58357, 82420, 69221, 47933, 41308, 46911, 93985, 74362, 98320, 32836, 21005, 85503, 60638, 52090, 16457, 81259, 97344, 71185, 51199, 32546, 37015, 82413, 74204, 2583, 41056, 12104, 19831, 19455, 13661, 3368, 6293, 24839, 2737, 57994, 65067, 22974, 80126, 70564, 55870, 22295, 54990, 188, 22708, 82010, 33866, 54839, 92881, 86023, 42822, 28002, 53771, 21295, 93768, 82639, 54827, 32269, 61670, 94699, 12629, 99213, 70585, 63371, 70163, 39410, 11420, 59374, 65058, 39544, 70840, 4105, 8975, 51408, 35270, 36395, 14905, 19463, 31253, 56593, 76004, 97054, 47585, 82196, 20301, 80867, 95726, 59810, 73784, 82432, 40019, 90101, 57866, 51891, 23969, 3726, 11832, 96918, 24802, 32825, 8453, 87570, 5910, 30479, 41802, 69112, 31765, 44030, 27039, 69845, 96240, 79148, 96989, 60634, 4975, 87175, 18069, 87499, 64971, 19045, 91141, 68569, 25404, 90932, 46267, 80532, 11728, 30381, 95769, 35013, 37457, 20905, 4517, 64695, 13129, 12749, 1818, 91327, 22606, 19672, 15427, 62325, 50224, 99886, 66678, 42678, 80750, 65241, 41447, 46222, 13943, 83906, 70729, 74336, 1726, 19116, 73335, 1723, 30675, 46925, 77182, 90826, 98994, 22759, 21028, 49319, 1714, 87944, 81788, 90533, 20925, 5438, 83502, 28657, 14540, 23899, 96217, 11472, 35876, 19131, 39399, 97335, 3323, 90272, 44040, 28073, 51304, 70624, 96620, 99178, 94411, 72001, 44800, 67313, 1790, 71579, 14737, 35858, 63905, 73477, 76009, 77549, 61502, 30404, 8360, 93569, 30438, 84984, 31813, 68448, 84388, 37695, 64509, 98530, 43872, 62143, 4409, 83775, 80273, 10350, 79665, 85682, 80513, 76395, 85135, 50, 99899, 64234, 25173, 9758, 89555, 73388, 69865, 87015, 65369, 28325, 55774, 56559, 91589, 18612, 75085, 48985, 12260, 55581, 52643, 30771, 53084, 74710, 37760, 93030, 63446, 4708, 3610, 20987, 34387, 7254, 40775, 63375, 36086, 68944, 85154, 97339, 582, 63463, 72341, 59954, 14020, 18086, 85698, 60806, 53178, 44623, 7009, 78538, 59250, 52896, 36953, 81979, 11585, 78783, 59912, 80451, 7908, 86148, 57967, 38859, 32429, 50491, 49646, 51605, 17936, 9071, 76700, 97994, 80026, 95215, 37158, 66905, 74561, 9845, 48648, 56873, 90265, 4935, 53997, 55323, 81384, 61656, 17380, 86036, 83384, 38040, 32058, 35626, 5574, 89012, 74225, 14736, 3774, 30442, 1927, 31150, 4053, 97867, 94199, 77143, 35135, 68688, 91088, 41794, 37834, 55373, 23899, 23589, 27140, 19312, 29137, 48645, 45195, 9285, 51686, 77237, 32412, 71166, 74992, 16605, 54805, 87250, 57981, 8304, 86470, 42219, 37094, 83712, 48617, 71511, 70996, 5774, 34672, 89123, 38732, 32888, 85024, 66420, 24542, 39098, 4196, 32319, 30825, 19263, 35160, 97555, 78084, 3194, 62916, 10273, 37083, 54678, 34983, 24651, 19257, 19778, 40516, 89108, 35376, 88159, 34998, 51537, 67219, 39507, 56501, 74134, 23427, 90725, 60968, 89598, 17756, 12022, 79034, 57395, 78328, 83923, 5036, 82093, 58847, 34848, 7116, 77228, 35847, 67190, 89480, 57388, 24410, 47344, 67755, 65286, 70702, 9600, 68405, 97096, 88913, 31775, 64853, 7904, 41722, 97019, 43009, 49804, 98402, 34919, 2086, 72111, 69335, 61222, 4373, 34529, 84114, 81394, 76868, 72461, 53358, 27691, 28296, 13480, 56011, 43552, 30699]})"
657.0,7,74,11,13.66636323928833,10387,"Genotype(dna={""<class 'abc.NT_0008'>"": [0, 94974], ""<class 'abc.NT_0008_P_00000'>"": [], ""<class 'abc.NT_0001'>"": [], ""<class 'abc.NT_0001_P_00000'>"": [], ""<class 'int'>"": [80903, 4706, 47695, 45437, 25302, 38407, 85552, 41280, 20876, 47623, 86904, 55373, 23589, 19312, 57981, 5774, 4196, 62916, 78328, 34848, 89480, 72111, 84114, 27691], ""<class 'bool'>"": [86816, 9706, 44465, 94084, 50630, 94229, 53268, 83378, 51198, 52517, 80864, 56983, 84611, 9863, 26653, 14161, 75883, 17618, 64460, 24766, 79493, 24139, 88100, 59674, 19825, 58603, 88542, 86971, 40165, 83004, 36300, 72448, 62475, 95326, 75329, 35160, 97555, 34983, 24651, 89108, 35376, 67219, 39507, 74134, 23427, 17756, 12022, 24410, 47344, 70702, 9600, 88913, 31775, 97019, 43009, 13480, 56011], ""<class 'abc.NT_0000'>"": [0, 0, 23967, 0, 0, 0, 0, 1, 0, 0, 0, 1, 0, 0, 1, 0, 74871, 0, 1, 1, 0, 1, 0, 1, 0, 46858, 0, 0, 0, 0, 0, 0, 0, 0, 9925, 0, 0, 0, 0, 1, 0, 0, 0, 0, 0, 0, 1, 1, 1, 0, 1, 0, 0, 0, 77143, 29137, 48645, 45195, 9285, 51686, 77237, 71166, 74992, 54805, 8304, 86470, 42219, 37094, 83712, 71511, 34672, 89123, 38732, 32888, 85024, 24542, 32319, 30825, 19263, 78084, 10273, 37083, 54678, 19257, 40516, 88159, 51537, 56501, 90725, 89598, 79034, 83923, 5036, 82093, 7116, 77228, 35847, 57388, 67755, 65286, 68405, 97096, 64853, 41722, 49804, 34919, 69335, 61222, 4373, 81394, 76868, 72461, 28296, 43552, 30699], ""<class 'abc.NT_0000_P_00000'>"": [], ""<class 'abc.NT_0000_P_00001'>"": [], ""<class 'abc.NT_0008_P_00001'>"": [], ""<class 'abc.NT_0007'>"": [0, 30442], ""<class 'abc.NT_0007_P_00000'>"": [], ""<class 'abc.NT_0002'>"": [0, 2009, 1, 0, 0, 0, 0, 0, 0, 0, 1, 0, 21331, 0, 1, 1, 72856, 35135, 68688, 91088, 41794, 37834, 23899, 27140, 32412, 16605, 87250, 48617, 70996, 66420, 39098, 3194, 19778, 34998, 60968, 57395, 58847, 67190, 7904, 98402, 2086, 34529, 53358], ""<class 'abc.NT_0002_P_00000'>"": [], ""<class 'abc.NT_0002_P_00001'>"": [], ""<class 'abc.NT_0003'>"": [2, 1, 42987], ""<class 'abc.NT_0003_P_00000'>"": [], ""<class 'abc.NT_0003_P_00001'>"": [], ""<class 'abc.NT_0003_P_00002'>"": [], ""<class 'abc.NT_0006'>"": [1, 73921], ""<class 'abc.NT_0006_P_00000'>"": [], ""<class 'abc.NT_0004'>"": [], ""<class 'abc.NT_0004_P_00000'>"": [], ""<class 'abc.NT_0004_P_00001'>"": [], ""<class 'abc.NT_0006_P_00001'>"": [], ""<class 'abc.NT_0006_P_00002'>"": [], ""<class 'abc.NT_0006_P_00003'>"": [], '$leftovers': [98075, 13912, 31132, 79333, 67005, 60614, 89167, 61612, 72827, 95393, 7774, 4838, 80622, 19286, 388, 89247, 61119, 81985, 19388, 78051, 82137, 3298, 46052, 62641, 15125, 10693, 59273, 50230, 2725, 66359, 94734, 79927, 68945, 22935, 63942, 30886, 88313, 17000, 96538, 23762, 47069, 41591, 64582, 40855, 91942, 98035, 27160, 65777, 36640, 83286, 24245, 70012, 52716, 78622, 49933, 34674, 21545, 85515, 63596, 76834, 55706, 47571, 77999, 46871, 39758, 29268, 46755, 21424, 96377, 55045, 94655, 81266, 38729, 78370, 54466, 29207, 27070, 19950, 48714, 85283, 87118, 58445, 55295, 49791, 69639, 85835, 25451, 31208, 52354, 5252, 87857, 91470, 89621, 16918, 64589, 10774, 881, 56333, 90790, 65621, 27489, 54457, 34171, 74830, 31890, 50572, 65953, 35998, 64391, 95281, 20637, 33135, 31174, 47515, 11748, 5326, 17817, 70004, 97142, 48764, 9977, 74644, 82108, 68086, 583, 51473, 93489, 84890, 38149, 98649, 10844, 80482, 25381, 17020, 9347, 89949, 15014, 18882, 36628, 14633, 41856, 82037, 99404, 37653, 18649, 44344, 64413, 14642, 24495, 81627, 82442, 88737, 53766, 43356, 68048, 76857, 54180, 98414, 47699, 12953, 61699, 97194, 89429, 67184, 44588, 70450, 98116, 25260, 44483, 23173, 79095, 13425, 67243, 34275, 86145, 28169, 48308, 39880, 30534, 80777, 30118, 35147, 6330, 33047, 66138, 35106, 74980, 25433, 54994, 95227, 7978, 36144, 69832, 996, 86590, 74938, 93563, 39370, 8023, 18122, 28829, 32872, 79242, 70820, 98755, 81059, 10691, 50385, 39617, 19016, 1863, 56359, 38460, 67174, 91592, 22430, 17368, 97443, 878, 46355, 50098, 93139, 69976, 9080, 81250, 67133, 12450, 29860, 10515, 7229, 18784, 90514, 19054, 18495, 10502, 77269, 89119, 14108, 10620, 96989, 72023, 8856, 91521, 11678, 69216, 38189, 64461, 31020, 98319, 37543, 24755, 16609, 33556, 16612, 12763, 41905, 30677, 47421, 67343, 11855, 70264, 48856, 54312, 58986, 49212, 17225, 81724, 83758, 88507, 75316, 75104, 72850, 30442, 32626, 63929, 13975, 10352, 31178, 95848, 61832, 76994, 71041, 97101, 79981, 68823, 25960, 84031, 86511, 64668, 11598, 13801, 38277, 72117, 97914, 67271, 62497, 95121, 56480, 77291, 12295, 85165, 83568, 78821, 29000, 46548, 68710, 33837, 53867, 16757, 19744, 56490, 58506, 2704, 56409, 35185, 55884, 10413, 1967, 92366, 12720, 38904, 56674, 73494, 36995, 74568, 39592, 41098, 65909, 93224, 67867, 24312, 36412, 73676, 29939, 55884, 87263, 93716, 56026, 57244, 4070, 89635, 77378, 60358, 11337, 68615, 81852, 96708, 54183, 88797, 31269, 9360, 89105, 2535, 59726, 25955, 65244, 16768, 73543, 81718, 40902, 76314, 33436, 41909, 98773, 81808, 9719, 25421, 45418, 71987, 121, 11550, 65239, 40789, 44202, 36071, 57653, 43394, 36056, 23297, 64426, 23556, 86309, 21306, 27012, 42386, 48280, 10080, 4348, 88310, 90412, 82119, 9205, 49098, 2184, 83526, 11375, 6109, 97541, 35582, 21977, 35191, 38535, 67747, 59557, 46567, 34959, 10684, 671, 59720, 59887, 485, 14784, 36885, 67806, 20555, 39637, 90346, 34425, 6540, 18412, 78378, 59756, 27100, 45096, 77175, 81646, 59732, 18160, 89927, 40822, 95827, 99884, 32712, 63299, 13826, 85714, 22375, 34642, 93135, 95040, 87627, 56593, 10162, 1335, 24907, 11275, 57849, 31243, 19861, 99079, 15398, 23046, 39786, 73058, 18352, 90596, 73190, 18755, 43859, 95236, 53629, 45109, 83722, 79356, 47076, 62644, 97757, 13471, 27552, 93516, 12967, 49252, 1085, 54423, 9689, 79001, 15195, 48556, 32204, 40442, 35346, 62994, 33733, 67382, 49555, 60122, 40611, 12928, 92945, 10252, 45964, 84992, 1512, 78027, 75304, 45951, 56284, 25045, 39552, 38052, 75814, 1762, 99823, 76972, 67310, 62283, 41733, 23009, 32953, 78852, 84494, 34393, 32426, 77309, 29353, 87018, 31481, 22287, 73852, 13919, 95211, 57612, 5341, 78579, 87850, 58005, 44735, 76849, 63874, 54960, 17231, 90965, 88267, 87848, 83830, 59964, 7414, 27019, 63988, 28220, 60908, 57884, 71203, 30461, 65079, 25031, 40185, 78750, 46981, 80489, 92478, 38242, 60982, 98026, 5482, 58357, 82420, 69221, 47933, 41308, 46911, 93985, 74362, 98320, 32836, 21005, 85503, 60638, 52090, 16457, 81259, 97344, 71185, 51199, 32546, 37015, 82413, 74204, 2583, 41056, 12104, 19831, 19455, 13661, 3368, 6293, 24839, 2737, 57994, 65067, 22974, 80126, 70564, 55870, 22295, 54990, 188, 22708, 82010, 33866, 54839, 92881, 86023, 42822, 28002, 53771, 21295, 93768, 82639, 54827, 32269, 61670, 94699, 12629, 99213, 70585, 63371, 70163, 39410, 11420, 59374, 65058, 39544, 70840, 4105, 8975, 51408, 35270, 36395, 14905, 19463, 31253, 56593, 76004, 97054, 47585, 82196, 20301, 80867, 95726, 59810, 73784, 82432, 40019, 90101, 57866, 51891, 23969, 3726, 11832, 96918, 24802, 32825, 8453, 87570, 5910, 30479, 41802, 69112, 31765, 44030, 27039, 69845, 96240, 79148, 96989, 60634, 4975, 87175, 18069, 87499, 64971, 19045, 91141, 68569, 25404, 90932, 46267, 80532, 11728, 30381, 95769, 35013, 37457, 20905, 4517, 64695, 13129, 12749, 1818, 91327, 22606, 19672, 15427, 62325, 50224, 99886, 66678, 42678, 80750, 65241, 41447, 46222, 13943, 83906, 70729, 74336, 1726, 19116, 73335, 1723, 30675, 46925, 77182, 90826, 98994, 22759, 21028, 49319, 1714, 87944, 81788, 90533, 20925, 5438, 83502, 28657, 14540, 23899, 96217, 11472, 35876, 19131, 39399, 97335, 3323, 90272, 44040, 28073, 51304, 70624, 96620, 99178, 94411, 72001, 44800, 67313, 1790, 71579, 14737, 35858, 63905, 73477, 76009, 77549, 61502, 30404, 8360, 93569, 30438, 84984, 31813, 68448, 84388, 37695, 64509, 98530, 43872, 62143, 4409, 83775, 80273, 10350, 79665, 85682, 80513, 76395, 85135, 50, 99899, 64234, 25173, 9758, 89555, 73388, 69865, 87015, 65369, 28325, 55774, 56559, 91589, 18612, 75085, 48985, 12260, 55581, 52643, 30771, 53084, 74710, 37760, 93030, 63446, 4708, 3610, 20987, 34387, 7254, 40775, 63375, 36086, 68944, 85154, 97339, 582, 63463, 72341, 59954, 14020, 18086, 85698, 60806, 53178, 44623, 7009, 78538, 59250, 52896, 36953, 81979, 11585, 78783, 59912, 80451, 7908, 86148, 57967, 38859, 32429, 50491, 49646, 51605, 17936, 9071, 76700, 97994, 80026, 95215, 37158, 66905, 74561, 9845, 48648, 56873, 90265, 4935, 53997, 55323, 81384, 61656, 17380, 86036, 83384, 38040, 32058, 35626, 5574, 89012, 74225, 14736, 3774, 30442, 1927, 31150, 4053, 97867, 94199, 77143, 35135, 68688, 91088, 41794, 37834, 55373, 23899, 23589, 27140, 19312, 29137, 48645, 45195, 9285, 51686, 77237, 32412, 71166, 74992, 16605, 54805, 87250, 57981, 8304, 86470, 42219, 37094, 83712, 48617, 71511, 70996, 5774, 34672, 89123, 38732, 32888, 85024, 66420, 24542, 39098, 4196, 32319, 30825, 19263, 35160, 97555, 78084, 3194, 62916, 10273, 37083, 54678, 34983, 24651, 19257, 19778, 40516, 89108, 35376, 88159, 34998, 51537, 67219, 39507, 56501, 74134, 23427, 90725, 60968, 89598, 17756, 12022, 79034, 57395, 78328, 83923, 5036, 82093, 58847, 34848, 7116, 77228, 35847, 67190, 89480, 57388, 24410, 47344, 67755, 65286, 70702, 9600, 68405, 97096, 88913, 31775, 64853, 7904, 41722, 97019, 43009, 49804, 98402, 34919, 2086, 72111, 69335, 61222, 4373, 34529, 84114, 81394, 76868, 72461, 53358, 27691, 28296, 13480, 56011, 43552, 30699]})"
657.0,7,74,12,14.520228624343872,10387,"Genotype(dna={""<class 'abc.NT_0008'>"": [0, 94974], ""<class 'abc.NT_0008_P_00000'>"": [], ""<class 'abc.NT_0001'>"": [], ""<class 'abc.NT_0001_P_00000'>"": [], ""<class 'int'>"": [80903, 4706, 47695, 45437, 25302, 38407, 85552, 41280, 20876, 47623, 86904, 55373, 23589, 19312, 57981, 5774, 4196, 62916, 78328, 34848, 89480, 72111, 84114, 27691], ""<class 'bool'>"": [86816, 9706, 44465, 94084, 50630, 94229, 53268, 83378, 51198, 52517, 80864, 56983, 84611, 9863, 26653, 14161, 75883, 17618, 64460, 24766, 79493, 24139, 88100, 59674, 19825, 58603, 88542, 86971, 40165, 83004, 36300, 72448, 62475, 95326, 75329, 35160, 97555, 34983, 24651, 89108, 35376, 67219, 39507, 74134, 23427, 17756, 12022, 24410, 47344, 70702, 9600, 88913, 31775, 97019, 43009, 13480, 56011], ""<class 'abc.NT_0000'>"": [0, 0, 23967, 0, 0, 0, 0, 1, 0, 0, 0, 1, 0, 0, 1, 0, 74871, 0, 1, 1, 0, 1, 0, 1, 0, 46858, 0, 0, 0, 0, 0, 0, 0, 0, 9925, 0, 0, 0, 0, 1, 0, 0, 0, 0, 0, 0, 1, 1, 1, 0, 1, 0, 0, 0, 77143, 29137, 48645, 45195, 9285, 51686, 77237, 71166, 74992, 54805, 8304, 86470, 42219, 37094, 83712, 71511, 34672, 89123, 38732, 32888, 85024, 24542, 32319, 30825, 19263, 78084, 10273, 37083, 54678, 19257, 40516, 88159, 51537, 56501, 90725, 89598, 79034, 83923, 5036, 82093, 7116, 77228, 35847, 57388, 67755, 65286, 68405, 97096, 64853, 41722, 49804, 34919, 69335, 61222, 4373, 81394, 76868, 72461, 28296, 43552, 30699], ""<class 'abc.NT_0000_P_00000'>"": [], ""<class 'abc.NT_0000_P_00001'>"": [], ""<class 'abc.NT_0008_P_00001'>"": [], ""<class 'abc.NT_0007'>"": [0, 30442], ""<class 'abc.NT_0007_P_00000'>"": [], ""<class 'abc.NT_0002'>"": [0, 2009, 1, 0, 0, 0, 0, 0, 0, 0, 1, 0, 21331, 0, 1, 1, 72856, 35135, 68688, 91088, 41794, 37834, 23899, 27140, 32412, 16605, 87250, 48617, 70996, 66420, 39098, 3194, 19778, 34998, 60968, 57395, 58847, 67190, 7904, 98402, 2086, 34529, 53358], ""<class 'abc.NT_0002_P_00000'>"": [], ""<class 'abc.NT_0002_P_00001'>"": [], ""<class 'abc.NT_0003'>"": [2, 1, 42987], ""<class 'abc.NT_0003_P_00000'>"": [], ""<class 'abc.NT_0003_P_00001'>"": [], ""<class 'abc.NT_0003_P_00002'>"": [], ""<class 'abc.NT_0006'>"": [1, 73921], ""<class 'abc.NT_0006_P_00000'>"": [], ""<class 'abc.NT_0004'>"": [], ""<class 'abc.NT_0004_P_00000'>"": [], ""<class 'abc.NT_0004_P_00001'>"": [], ""<class 'abc.NT_0006_P_00001'>"": [], ""<class 'abc.NT_0006_P_00002'>"": [], ""<class 'abc.NT_0006_P_00003'>"": [], '$leftovers': [98075, 13912, 31132, 79333, 67005, 60614, 89167, 61612, 72827, 95393, 7774, 4838, 80622, 19286, 388, 89247, 61119, 81985, 19388, 78051, 82137, 3298, 46052, 62641, 15125, 10693, 59273, 50230, 2725, 66359, 94734, 79927, 68945, 22935, 63942, 30886, 88313, 17000, 96538, 23762, 47069, 41591, 64582, 40855, 91942, 98035, 27160, 65777, 36640, 83286, 24245, 70012, 52716, 78622, 49933, 34674, 21545, 85515, 63596, 76834, 55706, 47571, 77999, 46871, 39758, 29268, 46755, 21424, 96377, 55045, 94655, 81266, 38729, 78370, 54466, 29207, 27070, 19950, 48714, 85283, 87118, 58445, 55295, 49791, 69639, 85835, 25451, 31208, 52354, 5252, 87857, 91470, 89621, 16918, 64589, 10774, 881, 56333, 90790, 65621, 27489, 54457, 34171, 74830, 31890, 50572, 65953, 35998, 64391, 95281, 20637, 33135, 31174, 47515, 11748, 5326, 17817, 70004, 97142, 48764, 9977, 74644, 82108, 68086, 583, 51473, 93489, 84890, 38149, 98649, 10844, 80482, 25381, 17020, 9347, 89949, 15014, 18882, 36628, 14633, 41856, 82037, 99404, 37653, 18649, 44344, 64413, 14642, 24495, 81627, 82442, 88737, 53766, 43356, 68048, 76857, 54180, 98414, 47699, 12953, 61699, 97194, 89429, 67184, 44588, 70450, 98116, 25260, 44483, 23173, 79095, 13425, 67243, 34275, 86145, 28169, 48308, 39880, 30534, 80777, 30118, 35147, 6330, 33047, 66138, 35106, 74980, 25433, 54994, 95227, 7978, 36144, 69832, 996, 86590, 74938, 93563, 39370, 8023, 18122, 28829, 32872, 79242, 70820, 98755, 81059, 10691, 50385, 39617, 19016, 1863, 56359, 38460, 67174, 91592, 22430, 17368, 97443, 878, 46355, 50098, 93139, 69976, 9080, 81250, 67133, 12450, 29860, 10515, 7229, 18784, 90514, 19054, 18495, 10502, 77269, 89119, 14108, 10620, 96989, 72023, 8856, 91521, 11678, 69216, 38189, 64461, 31020, 98319, 37543, 24755, 16609, 33556, 16612, 12763, 41905, 30677, 47421, 67343, 11855, 70264, 48856, 54312, 58986, 49212, 17225, 81724, 83758, 88507, 75316, 75104, 72850, 30442, 32626, 63929, 13975, 10352, 31178, 95848, 61832, 76994, 71041, 97101, 79981, 68823, 25960, 84031, 86511, 64668, 11598, 13801, 38277, 72117, 97914, 67271, 62497, 95121, 56480, 77291, 12295, 85165, 83568, 78821, 29000, 46548, 68710, 33837, 53867, 16757, 19744, 56490, 58506, 2704, 56409, 35185, 55884, 10413, 1967, 92366, 12720, 38904, 56674, 73494, 36995, 74568, 39592, 41098, 65909, 93224, 67867, 24312, 36412, 73676, 29939, 55884, 87263, 93716, 56026, 57244, 4070, 89635, 77378, 60358, 11337, 68615, 81852, 96708, 54183, 88797, 31269, 9360, 89105, 2535, 59726, 25955, 65244, 16768, 73543, 81718, 40902, 76314, 33436, 41909, 98773, 81808, 9719, 25421, 45418, 71987, 121, 11550, 65239, 40789, 44202, 36071, 57653, 43394, 36056, 23297, 64426, 23556, 86309, 21306, 27012, 42386, 48280, 10080, 4348, 88310, 90412, 82119, 9205, 49098, 2184, 83526, 11375, 6109, 97541, 35582, 21977, 35191, 38535, 67747, 59557, 46567, 34959, 10684, 671, 59720, 59887, 485, 14784, 36885, 67806, 20555, 39637, 90346, 34425, 6540, 18412, 78378, 59756, 27100, 45096, 77175, 81646, 59732, 18160, 89927, 40822, 95827, 99884, 32712, 63299, 13826, 85714, 22375, 34642, 93135, 95040, 87627, 56593, 10162, 1335, 24907, 11275, 57849, 31243, 19861, 99079, 15398, 23046, 39786, 73058, 18352, 90596, 73190, 18755, 43859, 95236, 53629, 45109, 83722, 79356, 47076, 62644, 97757, 13471, 27552, 93516, 12967, 49252, 1085, 54423, 9689, 79001, 15195, 48556, 32204, 40442, 35346, 62994, 33733, 67382, 49555, 60122, 40611, 12928, 92945, 10252, 45964, 84992, 1512, 78027, 75304, 45951, 56284, 25045, 39552, 38052, 75814, 1762, 99823, 76972, 67310, 62283, 41733, 23009, 32953, 78852, 84494, 34393, 32426, 77309, 29353, 87018, 31481, 22287, 73852, 13919, 95211, 57612, 5341, 78579, 87850, 58005, 44735, 76849, 63874, 54960, 17231, 90965, 88267, 87848, 83830, 59964, 7414, 27019, 63988, 28220, 60908, 57884, 71203, 30461, 65079, 25031, 40185, 78750, 46981, 80489, 92478, 38242, 60982, 98026, 5482, 58357, 82420, 69221, 47933, 41308, 46911, 93985, 74362, 98320, 32836, 21005, 85503, 60638, 52090, 16457, 81259, 97344, 71185, 51199, 32546, 37015, 82413, 74204, 2583, 41056, 12104, 19831, 19455, 13661, 3368, 6293, 24839, 2737, 57994, 65067, 22974, 80126, 70564, 55870, 22295, 54990, 188, 22708, 82010, 33866, 54839, 92881, 86023, 42822, 28002, 53771, 21295, 93768, 82639, 54827, 32269, 61670, 94699, 12629, 99213, 70585, 63371, 70163, 39410, 11420, 59374, 65058, 39544, 70840, 4105, 8975, 51408, 35270, 36395, 14905, 19463, 31253, 56593, 76004, 97054, 47585, 82196, 20301, 80867, 95726, 59810, 73784, 82432, 40019, 90101, 57866, 51891, 23969, 3726, 11832, 96918, 24802, 32825, 8453, 87570, 5910, 30479, 41802, 69112, 31765, 44030, 27039, 69845, 96240, 79148, 96989, 60634, 4975, 87175, 18069, 87499, 64971, 19045, 91141, 68569, 25404, 90932, 46267, 80532, 11728, 30381, 95769, 35013, 37457, 20905, 4517, 64695, 13129, 12749, 1818, 91327, 22606, 19672, 15427, 62325, 50224, 99886, 66678, 42678, 80750, 65241, 41447, 46222, 13943, 83906, 70729, 74336, 1726, 19116, 73335, 1723, 30675, 46925, 77182, 90826, 98994, 22759, 21028, 49319, 1714, 87944, 81788, 90533, 20925, 5438, 83502, 28657, 14540, 23899, 96217, 11472, 35876, 19131, 39399, 97335, 3323, 90272, 44040, 28073, 51304, 70624, 96620, 99178, 94411, 72001, 44800, 67313, 1790, 71579, 14737, 35858, 63905, 73477, 76009, 77549, 61502, 30404, 8360, 93569, 30438, 84984, 31813, 68448, 84388, 37695, 64509, 98530, 43872, 62143, 4409, 83775, 80273, 10350, 79665, 85682, 80513, 76395, 85135, 50, 99899, 64234, 25173, 9758, 89555, 73388, 69865, 87015, 65369, 28325, 55774, 56559, 91589, 18612, 75085, 48985, 12260, 55581, 52643, 30771, 53084, 74710, 37760, 93030, 63446, 4708, 3610, 20987, 34387, 7254, 40775, 63375, 36086, 68944, 85154, 97339, 582, 63463, 72341, 59954, 14020, 18086, 85698, 60806, 53178, 44623, 7009, 78538, 59250, 52896, 36953, 81979, 11585, 78783, 59912, 80451, 7908, 86148, 57967, 38859, 32429, 50491, 49646, 51605, 17936, 9071, 76700, 97994, 80026, 95215, 37158, 66905, 74561, 9845, 48648, 56873, 90265, 4935, 53997, 55323, 81384, 61656, 17380, 86036, 83384, 38040, 32058, 35626, 5574, 89012, 74225, 14736, 3774, 30442, 1927, 31150, 4053, 97867, 94199, 77143, 35135, 68688, 91088, 41794, 37834, 55373, 23899, 23589, 27140, 19312, 29137, 48645, 45195, 9285, 51686, 77237, 32412, 71166, 74992, 16605, 54805, 87250, 57981, 8304, 86470, 42219, 37094, 83712, 48617, 71511, 70996, 5774, 34672, 89123, 38732, 32888, 85024, 66420, 24542, 39098, 4196, 32319, 30825, 19263, 35160, 97555, 78084, 3194, 62916, 10273, 37083, 54678, 34983, 24651, 19257, 19778, 40516, 89108, 35376, 88159, 34998, 51537, 67219, 39507, 56501, 74134, 23427, 90725, 60968, 89598, 17756, 12022, 79034, 57395, 78328, 83923, 5036, 82093, 58847, 34848, 7116, 77228, 35847, 67190, 89480, 57388, 24410, 47344, 67755, 65286, 70702, 9600, 68405, 97096, 88913, 31775, 64853, 7904, 41722, 97019, 43009, 49804, 98402, 34919, 2086, 72111, 69335, 61222, 4373, 34529, 84114, 81394, 76868, 72461, 53358, 27691, 28296, 13480, 56011, 43552, 30699]})"
657.0,7,74,13,15.232920408248901,10387,"Genotype(dna={""<class 'abc.NT_0008'>"": [0, 94974], ""<class 'abc.NT_0008_P_00000'>"": [], ""<class 'abc.NT_0001'>"": [], ""<class 'abc.NT_0001_P_00000'>"": [], ""<class 'int'>"": [80903, 4706, 47695, 45437, 25302, 38407, 85552, 41280, 20876, 47623, 86904, 55373, 23589, 19312, 57981, 5774, 4196, 62916, 78328, 34848, 89480, 72111, 84114, 27691], ""<class 'bool'>"": [86816, 9706, 44465, 94084, 50630, 94229, 53268, 83378, 51198, 52517, 80864, 56983, 84611, 9863, 26653, 14161, 75883, 17618, 64460, 24766, 79493, 24139, 88100, 59674, 19825, 58603, 88542, 86971, 40165, 83004, 36300, 72448, 62475, 95326, 75329, 35160, 97555, 34983, 24651, 89108, 35376, 67219, 39507, 74134, 23427, 17756, 12022, 24410, 47344, 70702, 9600, 88913, 31775, 97019, 43009, 13480, 56011], ""<class 'abc.NT_0000'>"": [0, 0, 23967, 0, 0, 0, 0, 1, 0, 0, 0, 1, 0, 0, 1, 0, 74871, 0, 1, 1, 0, 1, 0, 1, 0, 46858, 0, 0, 0, 0, 0, 0, 0, 0, 9925, 0, 0, 0, 0, 1, 0, 0, 0, 0, 0, 0, 1, 1, 1, 0, 1, 0, 0, 0, 77143, 29137, 48645, 45195, 9285, 51686, 77237, 71166, 74992, 54805, 8304, 86470, 42219, 37094, 83712, 71511, 34672, 89123, 38732, 32888, 85024, 24542, 32319, 30825, 19263, 78084, 10273, 37083, 54678, 19257, 40516, 88159, 51537, 56501, 90725, 89598, 79034, 83923, 5036, 82093, 7116, 77228, 35847, 57388, 67755, 65286, 68405, 97096, 64853, 41722, 49804, 34919, 69335, 61222, 4373, 81394, 76868, 72461, 28296, 43552, 30699], ""<class 'abc.NT_0000_P_00000'>"": [], ""<class 'abc.NT_0000_P_00001'>"": [], ""<class 'abc.NT_0008_P_00001'>"": [], ""<class 'abc.NT_0007'>"": [0, 30442], ""<class 'abc.NT_0007_P_00000'>"": [], ""<class 'abc.NT_0002'>"": [0, 2009, 1, 0, 0, 0, 0, 0, 0, 0, 1, 0, 21331, 0, 1, 1, 72856, 35135, 68688, 91088, 41794, 37834, 23899, 27140, 32412, 16605, 87250, 48617, 70996, 66420, 39098, 3194, 19778, 34998, 60968, 57395, 58847, 67190, 7904, 98402, 2086, 34529, 53358], ""<class 'abc.NT_0002_P_00000'>"": [], ""<class 'abc.NT_0002_P_00001'>"": [], ""<class 'abc.NT_0003'>"": [2, 1, 42987], ""<class 'abc.NT_0003_P_00000'>"": [], ""<class 'abc.NT_0003_P_00001'>"": [], ""<class 'abc.NT_0003_P_00002'>"": [], ""<class 'abc.NT_0006'>"": [1, 73921], ""<class 'abc.NT_0006_P_00000'>"": [], ""<class 'abc.NT_0004'>"": [], ""<class 'abc.NT_0004_P_00000'>"": [], ""<class 'abc.NT_0004_P_00001'>"": [], ""<class 'abc.NT_0006_P_00001'>"": [], ""<class 'abc.NT_0006_P_00002'>"": [], ""<class 'abc.NT_0006_P_00003'>"": [], '$leftovers': [98075, 13912, 31132, 79333, 67005, 60614, 89167, 61612, 72827, 95393, 7774, 4838, 80622, 19286, 388, 89247, 61119, 81985, 19388, 78051, 82137, 3298, 46052, 62641, 15125, 10693, 59273, 50230, 2725, 66359, 94734, 79927, 68945, 22935, 63942, 30886, 88313, 17000, 96538, 23762, 47069, 41591, 64582, 40855, 91942, 98035, 27160, 65777, 36640, 83286, 24245, 70012, 52716, 78622, 49933, 34674, 21545, 85515, 63596, 76834, 55706, 47571, 77999, 46871, 39758, 29268, 46755, 21424, 96377, 55045, 94655, 81266, 38729, 78370, 54466, 29207, 27070, 19950, 48714, 85283, 87118, 58445, 55295, 49791, 69639, 85835, 25451, 31208, 52354, 5252, 87857, 91470, 89621, 16918, 64589, 10774, 881, 56333, 90790, 65621, 27489, 54457, 34171, 74830, 31890, 50572, 65953, 35998, 64391, 95281, 20637, 33135, 31174, 47515, 11748, 5326, 17817, 70004, 97142, 48764, 9977, 74644, 82108, 68086, 583, 51473, 93489, 84890, 38149, 98649, 10844, 80482, 25381, 17020, 9347, 89949, 15014, 18882, 36628, 14633, 41856, 82037, 99404, 37653, 18649, 44344, 64413, 14642, 24495, 81627, 82442, 88737, 53766, 43356, 68048, 76857, 54180, 98414, 47699, 12953, 61699, 97194, 89429, 67184, 44588, 70450, 98116, 25260, 44483, 23173, 79095, 13425, 67243, 34275, 86145, 28169, 48308, 39880, 30534, 80777, 30118, 35147, 6330, 33047, 66138, 35106, 74980, 25433, 54994, 95227, 7978, 36144, 69832, 996, 86590, 74938, 93563, 39370, 8023, 18122, 28829, 32872, 79242, 70820, 98755, 81059, 10691, 50385, 39617, 19016, 1863, 56359, 38460, 67174, 91592, 22430, 17368, 97443, 878, 46355, 50098, 93139, 69976, 9080, 81250, 67133, 12450, 29860, 10515, 7229, 18784, 90514, 19054, 18495, 10502, 77269, 89119, 14108, 10620, 96989, 72023, 8856, 91521, 11678, 69216, 38189, 64461, 31020, 98319, 37543, 24755, 16609, 33556, 16612, 12763, 41905, 30677, 47421, 67343, 11855, 70264, 48856, 54312, 58986, 49212, 17225, 81724, 83758, 88507, 75316, 75104, 72850, 30442, 32626, 63929, 13975, 10352, 31178, 95848, 61832, 76994, 71041, 97101, 79981, 68823, 25960, 84031, 86511, 64668, 11598, 13801, 38277, 72117, 97914, 67271, 62497, 95121, 56480, 77291, 12295, 85165, 83568, 78821, 29000, 46548, 68710, 33837, 53867, 16757, 19744, 56490, 58506, 2704, 56409, 35185, 55884, 10413, 1967, 92366, 12720, 38904, 56674, 73494, 36995, 74568, 39592, 41098, 65909, 93224, 67867, 24312, 36412, 73676, 29939, 55884, 87263, 93716, 56026, 57244, 4070, 89635, 77378, 60358, 11337, 68615, 81852, 96708, 54183, 88797, 31269, 9360, 89105, 2535, 59726, 25955, 65244, 16768, 73543, 81718, 40902, 76314, 33436, 41909, 98773, 81808, 9719, 25421, 45418, 71987, 121, 11550, 65239, 40789, 44202, 36071, 57653, 43394, 36056, 23297, 64426, 23556, 86309, 21306, 27012, 42386, 48280, 10080, 4348, 88310, 90412, 82119, 9205, 49098, 2184, 83526, 11375, 6109, 97541, 35582, 21977, 35191, 38535, 67747, 59557, 46567, 34959, 10684, 671, 59720, 59887, 485, 14784, 36885, 67806, 20555, 39637, 90346, 34425, 6540, 18412, 78378, 59756, 27100, 45096, 77175, 81646, 59732, 18160, 89927, 40822, 95827, 99884, 32712, 63299, 13826, 85714, 22375, 34642, 93135, 95040, 87627, 56593, 10162, 1335, 24907, 11275, 57849, 31243, 19861, 99079, 15398, 23046, 39786, 73058, 18352, 90596, 73190, 18755, 43859, 95236, 53629, 45109, 83722, 79356, 47076, 62644, 97757, 13471, 27552, 93516, 12967, 49252, 1085, 54423, 9689, 79001, 15195, 48556, 32204, 40442, 35346, 62994, 33733, 67382, 49555, 60122, 40611, 12928, 92945, 10252, 45964, 84992, 1512, 78027, 75304, 45951, 56284, 25045, 39552, 38052, 75814, 1762, 99823, 76972, 67310, 62283, 41733, 23009, 32953, 78852, 84494, 34393, 32426, 77309, 29353, 87018, 31481, 22287, 73852, 13919, 95211, 57612, 5341, 78579, 87850, 58005, 44735, 76849, 63874, 54960, 17231, 90965, 88267, 87848, 83830, 59964, 7414, 27019, 63988, 28220, 60908, 57884, 71203, 30461, 65079, 25031, 40185, 78750, 46981, 80489, 92478, 38242, 60982, 98026, 5482, 58357, 82420, 69221, 47933, 41308, 46911, 93985, 74362, 98320, 32836, 21005, 85503, 60638, 52090, 16457, 81259, 97344, 71185, 51199, 32546, 37015, 82413, 74204, 2583, 41056, 12104, 19831, 19455, 13661, 3368, 6293, 24839, 2737, 57994, 65067, 22974, 80126, 70564, 55870, 22295, 54990, 188, 22708, 82010, 33866, 54839, 92881, 86023, 42822, 28002, 53771, 21295, 93768, 82639, 54827, 32269, 61670, 94699, 12629, 99213, 70585, 63371, 70163, 39410, 11420, 59374, 65058, 39544, 70840, 4105, 8975, 51408, 35270, 36395, 14905, 19463, 31253, 56593, 76004, 97054, 47585, 82196, 20301, 80867, 95726, 59810, 73784, 82432, 40019, 90101, 57866, 51891, 23969, 3726, 11832, 96918, 24802, 32825, 8453, 87570, 5910, 30479, 41802, 69112, 31765, 44030, 27039, 69845, 96240, 79148, 96989, 60634, 4975, 87175, 18069, 87499, 64971, 19045, 91141, 68569, 25404, 90932, 46267, 80532, 11728, 30381, 95769, 35013, 37457, 20905, 4517, 64695, 13129, 12749, 1818, 91327, 22606, 19672, 15427, 62325, 50224, 99886, 66678, 42678, 80750, 65241, 41447, 46222, 13943, 83906, 70729, 74336, 1726, 19116, 73335, 1723, 30675, 46925, 77182, 90826, 98994, 22759, 21028, 49319, 1714, 87944, 81788, 90533, 20925, 5438, 83502, 28657, 14540, 23899, 96217, 11472, 35876, 19131, 39399, 97335, 3323, 90272, 44040, 28073, 51304, 70624, 96620, 99178, 94411, 72001, 44800, 67313, 1790, 71579, 14737, 35858, 63905, 73477, 76009, 77549, 61502, 30404, 8360, 93569, 30438, 84984, 31813, 68448, 84388, 37695, 64509, 98530, 43872, 62143, 4409, 83775, 80273, 10350, 79665, 85682, 80513, 76395, 85135, 50, 99899, 64234, 25173, 9758, 89555, 73388, 69865, 87015, 65369, 28325, 55774, 56559, 91589, 18612, 75085, 48985, 12260, 55581, 52643, 30771, 53084, 74710, 37760, 93030, 63446, 4708, 3610, 20987, 34387, 7254, 40775, 63375, 36086, 68944, 85154, 97339, 582, 63463, 72341, 59954, 14020, 18086, 85698, 60806, 53178, 44623, 7009, 78538, 59250, 52896, 36953, 81979, 11585, 78783, 59912, 80451, 7908, 86148, 57967, 38859, 32429, 50491, 49646, 51605, 17936, 9071, 76700, 97994, 80026, 95215, 37158, 66905, 74561, 9845, 48648, 56873, 90265, 4935, 53997, 55323, 81384, 61656, 17380, 86036, 83384, 38040, 32058, 35626, 5574, 89012, 74225, 14736, 3774, 30442, 1927, 31150, 4053, 97867, 94199, 77143, 35135, 68688, 91088, 41794, 37834, 55373, 23899, 23589, 27140, 19312, 29137, 48645, 45195, 9285, 51686, 77237, 32412, 71166, 74992, 16605, 54805, 87250, 57981, 8304, 86470, 42219, 37094, 83712, 48617, 71511, 70996, 5774, 34672, 89123, 38732, 32888, 85024, 66420, 24542, 39098, 4196, 32319, 30825, 19263, 35160, 97555, 78084, 3194, 62916, 10273, 37083, 54678, 34983, 24651, 19257, 19778, 40516, 89108, 35376, 88159, 34998, 51537, 67219, 39507, 56501, 74134, 23427, 90725, 60968, 89598, 17756, 12022, 79034, 57395, 78328, 83923, 5036, 82093, 58847, 34848, 7116, 77228, 35847, 67190, 89480, 57388, 24410, 47344, 67755, 65286, 70702, 9600, 68405, 97096, 88913, 31775, 64853, 7904, 41722, 97019, 43009, 49804, 98402, 34919, 2086, 72111, 69335, 61222, 4373, 34529, 84114, 81394, 76868, 72461, 53358, 27691, 28296, 13480, 56011, 43552, 30699]})"
657.0,7,74,14,15.86064624786377,10387,"Genotype(dna={""<class 'abc.NT_0008'>"": [0, 94974], ""<class 'abc.NT_0008_P_00000'>"": [], ""<class 'abc.NT_0001'>"": [], ""<class 'abc.NT_0001_P_00000'>"": [], ""<class 'int'>"": [80903, 4706, 47695, 45437, 25302, 38407, 85552, 41280, 20876, 47623, 86904, 55373, 23589, 19312, 57981, 5774, 4196, 62916, 78328, 34848, 89480, 72111, 84114, 27691], ""<class 'bool'>"": [86816, 9706, 44465, 94084, 50630, 94229, 53268, 83378, 51198, 52517, 80864, 56983, 84611, 9863, 26653, 14161, 75883, 17618, 64460, 24766, 79493, 24139, 88100, 59674, 19825, 58603, 88542, 86971, 40165, 83004, 36300, 72448, 62475, 95326, 75329, 35160, 97555, 34983, 24651, 89108, 35376, 67219, 39507, 74134, 23427, 17756, 12022, 24410, 47344, 70702, 9600, 88913, 31775, 97019, 43009, 13480, 56011], ""<class 'abc.NT_0000'>"": [0, 0, 23967, 0, 0, 0, 0, 1, 0, 0, 0, 1, 0, 0, 1, 0, 74871, 0, 1, 1, 0, 1, 0, 1, 0, 46858, 0, 0, 0, 0, 0, 0, 0, 0, 9925, 0, 0, 0, 0, 1, 0, 0, 0, 0, 0, 0, 1, 1, 1, 0, 1, 0, 0, 0, 77143, 29137, 48645, 45195, 9285, 51686, 77237, 71166, 74992, 54805, 8304, 86470, 42219, 37094, 83712, 71511, 34672, 89123, 38732, 32888, 85024, 24542, 32319, 30825, 19263, 78084, 10273, 37083, 54678, 19257, 40516, 88159, 51537, 56501, 90725, 89598, 79034, 83923, 5036, 82093, 7116, 77228, 35847, 57388, 67755, 65286, 68405, 97096, 64853, 41722, 49804, 34919, 69335, 61222, 4373, 81394, 76868, 72461, 28296, 43552, 30699], ""<class 'abc.NT_0000_P_00000'>"": [], ""<class 'abc.NT_0000_P_00001'>"": [], ""<class 'abc.NT_0008_P_00001'>"": [], ""<class 'abc.NT_0007'>"": [0, 30442], ""<class 'abc.NT_0007_P_00000'>"": [], ""<class 'abc.NT_0002'>"": [0, 2009, 1, 0, 0, 0, 0, 0, 0, 0, 1, 0, 21331, 0, 1, 1, 72856, 35135, 68688, 91088, 41794, 37834, 23899, 27140, 32412, 16605, 87250, 48617, 70996, 66420, 39098, 3194, 19778, 34998, 60968, 57395, 58847, 67190, 7904, 98402, 2086, 34529, 53358], ""<class 'abc.NT_0002_P_00000'>"": [], ""<class 'abc.NT_0002_P_00001'>"": [], ""<class 'abc.NT_0003'>"": [2, 1, 42987], ""<class 'abc.NT_0003_P_00000'>"": [], ""<class 'abc.NT_0003_P_00001'>"": [], ""<class 'abc.NT_0003_P_00002'>"": [], ""<class 'abc.NT_0006'>"": [1, 73921], ""<class 'abc.NT_0006_P_00000'>"": [], ""<class 'abc.NT_0004'>"": [], ""<class 'abc.NT_0004_P_00000'>"": [], ""<class 'abc.NT_0004_P_00001'>"": [], ""<class 'abc.NT_0006_P_00001'>"": [], ""<class 'abc.NT_0006_P_00002'>"": [], ""<class 'abc.NT_0006_P_00003'>"": [], '$leftovers': [98075, 13912, 31132, 79333, 67005, 60614, 89167, 61612, 72827, 95393, 7774, 4838, 80622, 19286, 388, 89247, 61119, 81985, 19388, 78051, 82137, 3298, 46052, 62641, 15125, 10693, 59273, 50230, 2725, 66359, 94734, 79927, 68945, 22935, 63942, 30886, 88313, 17000, 96538, 23762, 47069, 41591, 64582, 40855, 91942, 98035, 27160, 65777, 36640, 83286, 24245, 70012, 52716, 78622, 49933, 34674, 21545, 85515, 63596, 76834, 55706, 47571, 77999, 46871, 39758, 29268, 46755, 21424, 96377, 55045, 94655, 81266, 38729, 78370, 54466, 29207, 27070, 19950, 48714, 85283, 87118, 58445, 55295, 49791, 69639, 85835, 25451, 31208, 52354, 5252, 87857, 91470, 89621, 16918, 64589, 10774, 881, 56333, 90790, 65621, 27489, 54457, 34171, 74830, 31890, 50572, 65953, 35998, 64391, 95281, 20637, 33135, 31174, 47515, 11748, 5326, 17817, 70004, 97142, 48764, 9977, 74644, 82108, 68086, 583, 51473, 93489, 84890, 38149, 98649, 10844, 80482, 25381, 17020, 9347, 89949, 15014, 18882, 36628, 14633, 41856, 82037, 99404, 37653, 18649, 44344, 64413, 14642, 24495, 81627, 82442, 88737, 53766, 43356, 68048, 76857, 54180, 98414, 47699, 12953, 61699, 97194, 89429, 67184, 44588, 70450, 98116, 25260, 44483, 23173, 79095, 13425, 67243, 34275, 86145, 28169, 48308, 39880, 30534, 80777, 30118, 35147, 6330, 33047, 66138, 35106, 74980, 25433, 54994, 95227, 7978, 36144, 69832, 996, 86590, 74938, 93563, 39370, 8023, 18122, 28829, 32872, 79242, 70820, 98755, 81059, 10691, 50385, 39617, 19016, 1863, 56359, 38460, 67174, 91592, 22430, 17368, 97443, 878, 46355, 50098, 93139, 69976, 9080, 81250, 67133, 12450, 29860, 10515, 7229, 18784, 90514, 19054, 18495, 10502, 77269, 89119, 14108, 10620, 96989, 72023, 8856, 91521, 11678, 69216, 38189, 64461, 31020, 98319, 37543, 24755, 16609, 33556, 16612, 12763, 41905, 30677, 47421, 67343, 11855, 70264, 48856, 54312, 58986, 49212, 17225, 81724, 83758, 88507, 75316, 75104, 72850, 30442, 32626, 63929, 13975, 10352, 31178, 95848, 61832, 76994, 71041, 97101, 79981, 68823, 25960, 84031, 86511, 64668, 11598, 13801, 38277, 72117, 97914, 67271, 62497, 95121, 56480, 77291, 12295, 85165, 83568, 78821, 29000, 46548, 68710, 33837, 53867, 16757, 19744, 56490, 58506, 2704, 56409, 35185, 55884, 10413, 1967, 92366, 12720, 38904, 56674, 73494, 36995, 74568, 39592, 41098, 65909, 93224, 67867, 24312, 36412, 73676, 29939, 55884, 87263, 93716, 56026, 57244, 4070, 89635, 77378, 60358, 11337, 68615, 81852, 96708, 54183, 88797, 31269, 9360, 89105, 2535, 59726, 25955, 65244, 16768, 73543, 81718, 40902, 76314, 33436, 41909, 98773, 81808, 9719, 25421, 45418, 71987, 121, 11550, 65239, 40789, 44202, 36071, 57653, 43394, 36056, 23297, 64426, 23556, 86309, 21306, 27012, 42386, 48280, 10080, 4348, 88310, 90412, 82119, 9205, 49098, 2184, 83526, 11375, 6109, 97541, 35582, 21977, 35191, 38535, 67747, 59557, 46567, 34959, 10684, 671, 59720, 59887, 485, 14784, 36885, 67806, 20555, 39637, 90346, 34425, 6540, 18412, 78378, 59756, 27100, 45096, 77175, 81646, 59732, 18160, 89927, 40822, 95827, 99884, 32712, 63299, 13826, 85714, 22375, 34642, 93135, 95040, 87627, 56593, 10162, 1335, 24907, 11275, 57849, 31243, 19861, 99079, 15398, 23046, 39786, 73058, 18352, 90596, 73190, 18755, 43859, 95236, 53629, 45109, 83722, 79356, 47076, 62644, 97757, 13471, 27552, 93516, 12967, 49252, 1085, 54423, 9689, 79001, 15195, 48556, 32204, 40442, 35346, 62994, 33733, 67382, 49555, 60122, 40611, 12928, 92945, 10252, 45964, 84992, 1512, 78027, 75304, 45951, 56284, 25045, 39552, 38052, 75814, 1762, 99823, 76972, 67310, 62283, 41733, 23009, 32953, 78852, 84494, 34393, 32426, 77309, 29353, 87018, 31481, 22287, 73852, 13919, 95211, 57612, 5341, 78579, 87850, 58005, 44735, 76849, 63874, 54960, 17231, 90965, 88267, 87848, 83830, 59964, 7414, 27019, 63988, 28220, 60908, 57884, 71203, 30461, 65079, 25031, 40185, 78750, 46981, 80489, 92478, 38242, 60982, 98026, 5482, 58357, 82420, 69221, 47933, 41308, 46911, 93985, 74362, 98320, 32836, 21005, 85503, 60638, 52090, 16457, 81259, 97344, 71185, 51199, 32546, 37015, 82413, 74204, 2583, 41056, 12104, 19831, 19455, 13661, 3368, 6293, 24839, 2737, 57994, 65067, 22974, 80126, 70564, 55870, 22295, 54990, 188, 22708, 82010, 33866, 54839, 92881, 86023, 42822, 28002, 53771, 21295, 93768, 82639, 54827, 32269, 61670, 94699, 12629, 99213, 70585, 63371, 70163, 39410, 11420, 59374, 65058, 39544, 70840, 4105, 8975, 51408, 35270, 36395, 14905, 19463, 31253, 56593, 76004, 97054, 47585, 82196, 20301, 80867, 95726, 59810, 73784, 82432, 40019, 90101, 57866, 51891, 23969, 3726, 11832, 96918, 24802, 32825, 8453, 87570, 5910, 30479, 41802, 69112, 31765, 44030, 27039, 69845, 96240, 79148, 96989, 60634, 4975, 87175, 18069, 87499, 64971, 19045, 91141, 68569, 25404, 90932, 46267, 80532, 11728, 30381, 95769, 35013, 37457, 20905, 4517, 64695, 13129, 12749, 1818, 91327, 22606, 19672, 15427, 62325, 50224, 99886, 66678, 42678, 80750, 65241, 41447, 46222, 13943, 83906, 70729, 74336, 1726, 19116, 73335, 1723, 30675, 46925, 77182, 90826, 98994, 22759, 21028, 49319, 1714, 87944, 81788, 90533, 20925, 5438, 83502, 28657, 14540, 23899, 96217, 11472, 35876, 19131, 39399, 97335, 3323, 90272, 44040, 28073, 51304, 70624, 96620, 99178, 94411, 72001, 44800, 67313, 1790, 71579, 14737, 35858, 63905, 73477, 76009, 77549, 61502, 30404, 8360, 93569, 30438, 84984, 31813, 68448, 84388, 37695, 64509, 98530, 43872, 62143, 4409, 83775, 80273, 10350, 79665, 85682, 80513, 76395, 85135, 50, 99899, 64234, 25173, 9758, 89555, 73388, 69865, 87015, 65369, 28325, 55774, 56559, 91589, 18612, 75085, 48985, 12260, 55581, 52643, 30771, 53084, 74710, 37760, 93030, 63446, 4708, 3610, 20987, 34387, 7254, 40775, 63375, 36086, 68944, 85154, 97339, 582, 63463, 72341, 59954, 14020, 18086, 85698, 60806, 53178, 44623, 7009, 78538, 59250, 52896, 36953, 81979, 11585, 78783, 59912, 80451, 7908, 86148, 57967, 38859, 32429, 50491, 49646, 51605, 17936, 9071, 76700, 97994, 80026, 95215, 37158, 66905, 74561, 9845, 48648, 56873, 90265, 4935, 53997, 55323, 81384, 61656, 17380, 86036, 83384, 38040, 32058, 35626, 5574, 89012, 74225, 14736, 3774, 30442, 1927, 31150, 4053, 97867, 94199, 77143, 35135, 68688, 91088, 41794, 37834, 55373, 23899, 23589, 27140, 19312, 29137, 48645, 45195, 9285, 51686, 77237, 32412, 71166, 74992, 16605, 54805, 87250, 57981, 8304, 86470, 42219, 37094, 83712, 48617, 71511, 70996, 5774, 34672, 89123, 38732, 32888, 85024, 66420, 24542, 39098, 4196, 32319, 30825, 19263, 35160, 97555, 78084, 3194, 62916, 10273, 37083, 54678, 34983, 24651, 19257, 19778, 40516, 89108, 35376, 88159, 34998, 51537, 67219, 39507, 56501, 74134, 23427, 90725, 60968, 89598, 17756, 12022, 79034, 57395, 78328, 83923, 5036, 82093, 58847, 34848, 7116, 77228, 35847, 67190, 89480, 57388, 24410, 47344, 67755, 65286, 70702, 9600, 68405, 97096, 88913, 31775, 64853, 7904, 41722, 97019, 43009, 49804, 98402, 34919, 2086, 72111, 69335, 61222, 4373, 34529, 84114, 81394, 76868, 72461, 53358, 27691, 28296, 13480, 56011, 43552, 30699]})"
657.0,7,74,15,16.551080226898193,10387,"Genotype(dna={""<class 'abc.NT_0008'>"": [0, 94974], ""<class 'abc.NT_0008_P_00000'>"": [], ""<class 'abc.NT_0001'>"": [], ""<class 'abc.NT_0001_P_00000'>"": [], ""<class 'int'>"": [80903, 4706, 47695, 45437, 25302, 38407, 85552, 41280, 20876, 47623, 86904, 55373, 23589, 19312, 57981, 5774, 4196, 62916, 78328, 34848, 89480, 72111, 84114, 27691], ""<class 'bool'>"": [86816, 9706, 44465, 94084, 50630, 94229, 53268, 83378, 51198, 52517, 80864, 56983, 84611, 9863, 26653, 14161, 75883, 17618, 64460, 24766, 79493, 24139, 88100, 59674, 19825, 58603, 88542, 86971, 40165, 83004, 36300, 72448, 62475, 95326, 75329, 35160, 97555, 34983, 24651, 89108, 35376, 67219, 39507, 74134, 23427, 17756, 12022, 24410, 47344, 70702, 9600, 88913, 31775, 97019, 43009, 13480, 56011], ""<class 'abc.NT_0000'>"": [0, 0, 23967, 0, 0, 0, 0, 1, 0, 0, 0, 1, 0, 0, 1, 0, 74871, 0, 1, 1, 0, 1, 0, 1, 0, 46858, 0, 0, 0, 0, 0, 0, 0, 0, 9925, 0, 0, 0, 0, 1, 0, 0, 0, 0, 0, 0, 1, 1, 1, 0, 1, 0, 0, 0, 77143, 29137, 48645, 45195, 9285, 51686, 77237, 71166, 74992, 54805, 8304, 86470, 42219, 37094, 83712, 71511, 34672, 89123, 38732, 32888, 85024, 24542, 32319, 30825, 19263, 78084, 10273, 37083, 54678, 19257, 40516, 88159, 51537, 56501, 90725, 89598, 79034, 83923, 5036, 82093, 7116, 77228, 35847, 57388, 67755, 65286, 68405, 97096, 64853, 41722, 49804, 34919, 69335, 61222, 4373, 81394, 76868, 72461, 28296, 43552, 30699], ""<class 'abc.NT_0000_P_00000'>"": [], ""<class 'abc.NT_0000_P_00001'>"": [], ""<class 'abc.NT_0008_P_00001'>"": [], ""<class 'abc.NT_0007'>"": [0, 30442], ""<class 'abc.NT_0007_P_00000'>"": [], ""<class 'abc.NT_0002'>"": [0, 2009, 1, 0, 0, 0, 0, 0, 0, 0, 1, 0, 21331, 0, 1, 1, 72856, 35135, 68688, 91088, 41794, 37834, 23899, 27140, 32412, 16605, 87250, 48617, 70996, 66420, 39098, 3194, 19778, 34998, 60968, 57395, 58847, 67190, 7904, 98402, 2086, 34529, 53358], ""<class 'abc.NT_0002_P_00000'>"": [], ""<class 'abc.NT_0002_P_00001'>"": [], ""<class 'abc.NT_0003'>"": [2, 1, 42987], ""<class 'abc.NT_0003_P_00000'>"": [], ""<class 'abc.NT_0003_P_00001'>"": [], ""<class 'abc.NT_0003_P_00002'>"": [], ""<class 'abc.NT_0006'>"": [1, 73921], ""<class 'abc.NT_0006_P_00000'>"": [], ""<class 'abc.NT_0004'>"": [], ""<class 'abc.NT_0004_P_00000'>"": [], ""<class 'abc.NT_0004_P_00001'>"": [], ""<class 'abc.NT_0006_P_00001'>"": [], ""<class 'abc.NT_0006_P_00002'>"": [], ""<class 'abc.NT_0006_P_00003'>"": [], '$leftovers': [98075, 13912, 31132, 79333, 67005, 60614, 89167, 61612, 72827, 95393, 7774, 4838, 80622, 19286, 388, 89247, 61119, 81985, 19388, 78051, 82137, 3298, 46052, 62641, 15125, 10693, 59273, 50230, 2725, 66359, 94734, 79927, 68945, 22935, 63942, 30886, 88313, 17000, 96538, 23762, 47069, 41591, 64582, 40855, 91942, 98035, 27160, 65777, 36640, 83286, 24245, 70012, 52716, 78622, 49933, 34674, 21545, 85515, 63596, 76834, 55706, 47571, 77999, 46871, 39758, 29268, 46755, 21424, 96377, 55045, 94655, 81266, 38729, 78370, 54466, 29207, 27070, 19950, 48714, 85283, 87118, 58445, 55295, 49791, 69639, 85835, 25451, 31208, 52354, 5252, 87857, 91470, 89621, 16918, 64589, 10774, 881, 56333, 90790, 65621, 27489, 54457, 34171, 74830, 31890, 50572, 65953, 35998, 64391, 95281, 20637, 33135, 31174, 47515, 11748, 5326, 17817, 70004, 97142, 48764, 9977, 74644, 82108, 68086, 583, 51473, 93489, 84890, 38149, 98649, 10844, 80482, 25381, 17020, 9347, 89949, 15014, 18882, 36628, 14633, 41856, 82037, 99404, 37653, 18649, 44344, 64413, 14642, 24495, 81627, 82442, 88737, 53766, 43356, 68048, 76857, 54180, 98414, 47699, 12953, 61699, 97194, 89429, 67184, 44588, 70450, 98116, 25260, 44483, 23173, 79095, 13425, 67243, 34275, 86145, 28169, 48308, 39880, 30534, 80777, 30118, 35147, 6330, 33047, 66138, 35106, 74980, 25433, 54994, 95227, 7978, 36144, 69832, 996, 86590, 74938, 93563, 39370, 8023, 18122, 28829, 32872, 79242, 70820, 98755, 81059, 10691, 50385, 39617, 19016, 1863, 56359, 38460, 67174, 91592, 22430, 17368, 97443, 878, 46355, 50098, 93139, 69976, 9080, 81250, 67133, 12450, 29860, 10515, 7229, 18784, 90514, 19054, 18495, 10502, 77269, 89119, 14108, 10620, 96989, 72023, 8856, 91521, 11678, 69216, 38189, 64461, 31020, 98319, 37543, 24755, 16609, 33556, 16612, 12763, 41905, 30677, 47421, 67343, 11855, 70264, 48856, 54312, 58986, 49212, 17225, 81724, 83758, 88507, 75316, 75104, 72850, 30442, 32626, 63929, 13975, 10352, 31178, 95848, 61832, 76994, 71041, 97101, 79981, 68823, 25960, 84031, 86511, 64668, 11598, 13801, 38277, 72117, 97914, 67271, 62497, 95121, 56480, 77291, 12295, 85165, 83568, 78821, 29000, 46548, 68710, 33837, 53867, 16757, 19744, 56490, 58506, 2704, 56409, 35185, 55884, 10413, 1967, 92366, 12720, 38904, 56674, 73494, 36995, 74568, 39592, 41098, 65909, 93224, 67867, 24312, 36412, 73676, 29939, 55884, 87263, 93716, 56026, 57244, 4070, 89635, 77378, 60358, 11337, 68615, 81852, 96708, 54183, 88797, 31269, 9360, 89105, 2535, 59726, 25955, 65244, 16768, 73543, 81718, 40902, 76314, 33436, 41909, 98773, 81808, 9719, 25421, 45418, 71987, 121, 11550, 65239, 40789, 44202, 36071, 57653, 43394, 36056, 23297, 64426, 23556, 86309, 21306, 27012, 42386, 48280, 10080, 4348, 88310, 90412, 82119, 9205, 49098, 2184, 83526, 11375, 6109, 97541, 35582, 21977, 35191, 38535, 67747, 59557, 46567, 34959, 10684, 671, 59720, 59887, 485, 14784, 36885, 67806, 20555, 39637, 90346, 34425, 6540, 18412, 78378, 59756, 27100, 45096, 77175, 81646, 59732, 18160, 89927, 40822, 95827, 99884, 32712, 63299, 13826, 85714, 22375, 34642, 93135, 95040, 87627, 56593, 10162, 1335, 24907, 11275, 57849, 31243, 19861, 99079, 15398, 23046, 39786, 73058, 18352, 90596, 73190, 18755, 43859, 95236, 53629, 45109, 83722, 79356, 47076, 62644, 97757, 13471, 27552, 93516, 12967, 49252, 1085, 54423, 9689, 79001, 15195, 48556, 32204, 40442, 35346, 62994, 33733, 67382, 49555, 60122, 40611, 12928, 92945, 10252, 45964, 84992, 1512, 78027, 75304, 45951, 56284, 25045, 39552, 38052, 75814, 1762, 99823, 76972, 67310, 62283, 41733, 23009, 32953, 78852, 84494, 34393, 32426, 77309, 29353, 87018, 31481, 22287, 73852, 13919, 95211, 57612, 5341, 78579, 87850, 58005, 44735, 76849, 63874, 54960, 17231, 90965, 88267, 87848, 83830, 59964, 7414, 27019, 63988, 28220, 60908, 57884, 71203, 30461, 65079, 25031, 40185, 78750, 46981, 80489, 92478, 38242, 60982, 98026, 5482, 58357, 82420, 69221, 47933, 41308, 46911, 93985, 74362, 98320, 32836, 21005, 85503, 60638, 52090, 16457, 81259, 97344, 71185, 51199, 32546, 37015, 82413, 74204, 2583, 41056, 12104, 19831, 19455, 13661, 3368, 6293, 24839, 2737, 57994, 65067, 22974, 80126, 70564, 55870, 22295, 54990, 188, 22708, 82010, 33866, 54839, 92881, 86023, 42822, 28002, 53771, 21295, 93768, 82639, 54827, 32269, 61670, 94699, 12629, 99213, 70585, 63371, 70163, 39410, 11420, 59374, 65058, 39544, 70840, 4105, 8975, 51408, 35270, 36395, 14905, 19463, 31253, 56593, 76004, 97054, 47585, 82196, 20301, 80867, 95726, 59810, 73784, 82432, 40019, 90101, 57866, 51891, 23969, 3726, 11832, 96918, 24802, 32825, 8453, 87570, 5910, 30479, 41802, 69112, 31765, 44030, 27039, 69845, 96240, 79148, 96989, 60634, 4975, 87175, 18069, 87499, 64971, 19045, 91141, 68569, 25404, 90932, 46267, 80532, 11728, 30381, 95769, 35013, 37457, 20905, 4517, 64695, 13129, 12749, 1818, 91327, 22606, 19672, 15427, 62325, 50224, 99886, 66678, 42678, 80750, 65241, 41447, 46222, 13943, 83906, 70729, 74336, 1726, 19116, 73335, 1723, 30675, 46925, 77182, 90826, 98994, 22759, 21028, 49319, 1714, 87944, 81788, 90533, 20925, 5438, 83502, 28657, 14540, 23899, 96217, 11472, 35876, 19131, 39399, 97335, 3323, 90272, 44040, 28073, 51304, 70624, 96620, 99178, 94411, 72001, 44800, 67313, 1790, 71579, 14737, 35858, 63905, 73477, 76009, 77549, 61502, 30404, 8360, 93569, 30438, 84984, 31813, 68448, 84388, 37695, 64509, 98530, 43872, 62143, 4409, 83775, 80273, 10350, 79665, 85682, 80513, 76395, 85135, 50, 99899, 64234, 25173, 9758, 89555, 73388, 69865, 87015, 65369, 28325, 55774, 56559, 91589, 18612, 75085, 48985, 12260, 55581, 52643, 30771, 53084, 74710, 37760, 93030, 63446, 4708, 3610, 20987, 34387, 7254, 40775, 63375, 36086, 68944, 85154, 97339, 582, 63463, 72341, 59954, 14020, 18086, 85698, 60806, 53178, 44623, 7009, 78538, 59250, 52896, 36953, 81979, 11585, 78783, 59912, 80451, 7908, 86148, 57967, 38859, 32429, 50491, 49646, 51605, 17936, 9071, 76700, 97994, 80026, 95215, 37158, 66905, 74561, 9845, 48648, 56873, 90265, 4935, 53997, 55323, 81384, 61656, 17380, 86036, 83384, 38040, 32058, 35626, 5574, 89012, 74225, 14736, 3774, 30442, 1927, 31150, 4053, 97867, 94199, 77143, 35135, 68688, 91088, 41794, 37834, 55373, 23899, 23589, 27140, 19312, 29137, 48645, 45195, 9285, 51686, 77237, 32412, 71166, 74992, 16605, 54805, 87250, 57981, 8304, 86470, 42219, 37094, 83712, 48617, 71511, 70996, 5774, 34672, 89123, 38732, 32888, 85024, 66420, 24542, 39098, 4196, 32319, 30825, 19263, 35160, 97555, 78084, 3194, 62916, 10273, 37083, 54678, 34983, 24651, 19257, 19778, 40516, 89108, 35376, 88159, 34998, 51537, 67219, 39507, 56501, 74134, 23427, 90725, 60968, 89598, 17756, 12022, 79034, 57395, 78328, 83923, 5036, 82093, 58847, 34848, 7116, 77228, 35847, 67190, 89480, 57388, 24410, 47344, 67755, 65286, 70702, 9600, 68405, 97096, 88913, 31775, 64853, 7904, 41722, 97019, 43009, 49804, 98402, 34919, 2086, 72111, 69335, 61222, 4373, 34529, 84114, 81394, 76868, 72461, 53358, 27691, 28296, 13480, 56011, 43552, 30699]})"
656.0,7,74,16,17.200668573379517,10387,"Genotype(dna={""<class 'abc.NT_0008'>"": [0, 56999], ""<class 'abc.NT_0008_P_00000'>"": [], ""<class 'abc.NT_0001'>"": [], ""<class 'abc.NT_0001_P_00000'>"": [], ""<class 'int'>"": [80903, 4706, 47695, 45437, 25302, 38407, 47911, 41280, 20876, 47623, 86904, 55373, 23589, 19312, 57981, 5774, 4196, 62916, 78328, 34848, 89480, 72111, 84114, 27691], ""<class 'bool'>"": [90671, 9706, 41889, 69465, 50630, 94229, 53268, 83378, 51198, 52517, 80864, 56983, 84611, 9863, 26653, 46759, 75883, 17618, 64460, 24766, 79493, 24139, 88100, 59674, 68925, 58603, 88542, 86971, 2074, 83004, 36300, 72448, 62475, 95326, 82844, 35160, 97555, 34983, 49026, 89108, 35376, 67219, 39507, 20060, 23427, 17756, 12022, 87036, 47344, 70702, 9600, 88913, 31775, 97019, 34645, 13480, 56011, 23961, 61622, 64153, 75820, 97162, 70647, 7256, 68916, 30036, 48073, 74358, 68510, 26764, 28736, 68692, 44411, 95498, 54567, 25426, 53841, 4898, 99229, 74318, 88444], ""<class 'abc.NT_0000'>"": [0, 0, 23967, 0, 0, 0, 0, 1, 0, 10340, 0, 1, 0, 0, 1, 0, 74871, 0, 1, 1, 0, 1, 0, 1, 0, 46858, 0, 0, 0, 0, 0, 0, 0, 0, 9925, 0, 0, 0, 0, 1, 0, 0, 0, 0, 0, 0, 1, 1, 1, 0, 1, 0, 0, 0, 77143, 29137, 48645, 45195, 9285, 51686, 9777, 71166, 74992, 54805, 8304, 86470, 42219, 37094, 83712, 71511, 4920, 89123, 38732, 32888, 85024, 24542, 32319, 30825, 19263, 78084, 10273, 37083, 48613, 19257, 40516, 88159, 51537, 56501, 90725, 89598, 79034, 83923, 5036, 82093, 7116, 77228, 35847, 57388, 67755, 65286, 68405, 97096, 60396, 41722, 49804, 34919, 69335, 61222, 4373, 81394, 76868, 72461, 28296, 43552, 30699], ""<class 'abc.NT_0000_P_00000'>"": [], ""<class 'abc.NT_0000_P_00001'>"": [], ""<class 'abc.NT_0008_P_00001'>"": [], ""<class 'abc.NT_0007'>"": [0, 30442], ""<class 'abc.NT_0007_P_00000'>"": [], ""<class 'abc.NT_0002'>"": [0, 2009, 1, 0, 0, 0, 0, 43348, 0, 0, 1, 0, 21331, 0, 1, 1, 72856, 35135, 68688, 91088, 41794, 37834, 46209, 27140, 32412, 16605, 87250, 48617, 70996, 66420, 39098, 3194, 19778, 34998, 60968, 57395, 58847, 67190, 7904, 98402, 2086, 34529, 53358], ""<class 'abc.NT_0002_P_00000'>"": [], ""<class 'abc.NT_0002_P_00001'>"": [], ""<class 'abc.NT_0003'>"": [2, 1, 42987], ""<class 'abc.NT_0003_P_00000'>"": [], ""<class 'abc.NT_0003_P_00001'>"": [], ""<class 'abc.NT_0003_P_00002'>"": [], ""<class 'abc.NT_0006'>"": [1, 73921], ""<class 'abc.NT_0006_P_00000'>"": [], ""<class 'abc.NT_0004'>"": [], ""<class 'abc.NT_0004_P_00000'>"": [], ""<class 'abc.NT_0004_P_00001'>"": [], ""<class 'abc.NT_0006_P_00001'>"": [], ""<class 'abc.NT_0006_P_00002'>"": [], ""<class 'abc.NT_0006_P_00003'>"": [], '$leftovers': [98075, 13912, 31132, 79333, 67005, 60614, 89167, 61612, 72827, 95393, 7774, 4838, 80622, 19286, 388, 89247, 61119, 81985, 19388, 78051, 82137, 3298, 46052, 62641, 15125, 10693, 59273, 50230, 2725, 66359, 94734, 79927, 68945, 22935, 63942, 30886, 88313, 17000, 96538, 23762, 47069, 41591, 64582, 40855, 91942, 98035, 27160, 65777, 36640, 83286, 24245, 70012, 52716, 78622, 49933, 34674, 21545, 85515, 63596, 76834, 55706, 47571, 77999, 46871, 39758, 29268, 46755, 21424, 96377, 55045, 94655, 81266, 38729, 78370, 54466, 29207, 27070, 19950, 48714, 85283, 87118, 58445, 55295, 49791, 69639, 85835, 25451, 31208, 52354, 5252, 87857, 91470, 89621, 16918, 64589, 10774, 881, 56333, 90790, 65621, 27489, 54457, 34171, 74830, 31890, 50572, 65953, 35998, 64391, 95281, 20637, 33135, 31174, 47515, 11748, 5326, 17817, 70004, 97142, 48764, 9977, 74644, 82108, 68086, 583, 51473, 93489, 84890, 38149, 98649, 10844, 80482, 25381, 17020, 9347, 89949, 15014, 18882, 36628, 14633, 41856, 82037, 99404, 37653, 18649, 44344, 64413, 14642, 24495, 81627, 82442, 88737, 53766, 43356, 68048, 76857, 54180, 98414, 47699, 12953, 61699, 97194, 89429, 67184, 44588, 70450, 98116, 25260, 44483, 23173, 79095, 13425, 67243, 34275, 86145, 28169, 48308, 39880, 30534, 80777, 30118, 35147, 6330, 33047, 66138, 35106, 74980, 25433, 54994, 95227, 7978, 36144, 69832, 996, 86590, 74938, 93563, 39370, 8023, 18122, 28829, 32872, 79242, 70820, 98755, 81059, 10691, 50385, 39617, 19016, 1863, 56359, 38460, 67174, 91592, 22430, 17368, 97443, 878, 46355, 50098, 93139, 69976, 9080, 81250, 67133, 12450, 29860, 10515, 7229, 18784, 90514, 19054, 18495, 10502, 77269, 89119, 14108, 10620, 96989, 72023, 8856, 91521, 11678, 69216, 38189, 64461, 31020, 98319, 37543, 24755, 16609, 33556, 16612, 12763, 41905, 30677, 47421, 67343, 11855, 70264, 48856, 54312, 58986, 49212, 17225, 81724, 83758, 88507, 75316, 75104, 72850, 30442, 32626, 63929, 13975, 10352, 31178, 95848, 61832, 76994, 71041, 97101, 79981, 68823, 25960, 84031, 86511, 64668, 11598, 13801, 38277, 72117, 97914, 67271, 62497, 95121, 56480, 77291, 12295, 85165, 83568, 78821, 29000, 46548, 68710, 33837, 53867, 16757, 19744, 56490, 58506, 2704, 56409, 35185, 55884, 10413, 1967, 92366, 12720, 38904, 56674, 73494, 36995, 74568, 39592, 41098, 65909, 93224, 67867, 24312, 36412, 73676, 29939, 55884, 87263, 93716, 56026, 57244, 4070, 89635, 77378, 60358, 11337, 68615, 81852, 96708, 54183, 88797, 31269, 9360, 89105, 2535, 59726, 25955, 65244, 16768, 73543, 81718, 40902, 76314, 33436, 41909, 98773, 81808, 9719, 25421, 45418, 71987, 121, 11550, 65239, 40789, 44202, 36071, 57653, 43394, 36056, 23297, 64426, 23556, 86309, 21306, 27012, 42386, 48280, 10080, 4348, 88310, 90412, 82119, 9205, 49098, 2184, 83526, 11375, 6109, 97541, 35582, 21977, 35191, 38535, 67747, 59557, 46567, 34959, 10684, 671, 59720, 59887, 485, 14784, 36885, 67806, 20555, 39637, 90346, 34425, 6540, 18412, 78378, 59756, 27100, 45096, 77175, 81646, 59732, 18160, 89927, 40822, 95827, 99884, 32712, 63299, 13826, 85714, 22375, 34642, 93135, 95040, 87627, 56593, 10162, 1335, 24907, 11275, 57849, 31243, 19861, 99079, 15398, 23046, 39786, 73058, 18352, 90596, 73190, 18755, 43859, 95236, 53629, 45109, 83722, 79356, 47076, 62644, 97757, 13471, 27552, 93516, 12967, 49252, 1085, 54423, 9689, 79001, 15195, 48556, 32204, 40442, 35346, 62994, 33733, 67382, 49555, 60122, 40611, 12928, 92945, 10252, 45964, 84992, 1512, 78027, 75304, 45951, 56284, 25045, 39552, 38052, 75814, 1762, 99823, 76972, 67310, 62283, 41733, 23009, 32953, 78852, 84494, 34393, 32426, 77309, 29353, 87018, 31481, 22287, 73852, 13919, 95211, 57612, 5341, 78579, 87850, 58005, 44735, 76849, 63874, 54960, 17231, 90965, 88267, 87848, 83830, 59964, 7414, 27019, 63988, 28220, 60908, 57884, 71203, 30461, 65079, 25031, 40185, 78750, 46981, 80489, 92478, 38242, 60982, 98026, 5482, 58357, 82420, 69221, 47933, 41308, 46911, 93985, 74362, 98320, 32836, 21005, 85503, 60638, 52090, 16457, 81259, 97344, 71185, 51199, 32546, 37015, 82413, 74204, 2583, 41056, 12104, 19831, 19455, 13661, 3368, 6293, 24839, 2737, 57994, 65067, 22974, 80126, 70564, 55870, 22295, 54990, 188, 22708, 82010, 33866, 54839, 92881, 86023, 42822, 28002, 53771, 21295, 93768, 82639, 54827, 32269, 61670, 94699, 12629, 99213, 70585, 63371, 70163, 39410, 11420, 59374, 65058, 39544, 70840, 4105, 8975, 51408, 35270, 36395, 14905, 19463, 31253, 56593, 76004, 97054, 47585, 82196, 20301, 80867, 95726, 59810, 73784, 82432, 40019, 90101, 57866, 51891, 23969, 3726, 11832, 96918, 24802, 32825, 8453, 87570, 5910, 30479, 41802, 69112, 31765, 44030, 27039, 69845, 96240, 79148, 96989, 60634, 4975, 87175, 18069, 87499, 64971, 19045, 91141, 68569, 25404, 90932, 46267, 80532, 11728, 30381, 95769, 35013, 37457, 20905, 4517, 64695, 13129, 12749, 1818, 91327, 22606, 19672, 15427, 62325, 50224, 99886, 66678, 42678, 80750, 65241, 41447, 46222, 13943, 83906, 70729, 74336, 1726, 19116, 73335, 1723, 30675, 46925, 77182, 90826, 98994, 22759, 21028, 49319, 1714, 87944, 81788, 90533, 20925, 5438, 83502, 28657, 14540, 23899, 96217, 11472, 35876, 19131, 39399, 97335, 3323, 90272, 44040, 28073, 51304, 70624, 96620, 99178, 94411, 72001, 44800, 67313, 1790, 71579, 14737, 35858, 63905, 73477, 76009, 77549, 61502, 30404, 8360, 93569, 30438, 84984, 31813, 68448, 84388, 37695, 64509, 98530, 43872, 62143, 4409, 83775, 80273, 10350, 79665, 85682, 80513, 76395, 85135, 50, 99899, 64234, 25173, 9758, 89555, 73388, 69865, 87015, 65369, 28325, 55774, 56559, 91589, 18612, 75085, 48985, 12260, 55581, 52643, 30771, 53084, 74710, 37760, 93030, 63446, 4708, 3610, 20987, 34387, 7254, 40775, 63375, 36086, 68944, 85154, 97339, 582, 63463, 72341, 59954, 14020, 18086, 85698, 60806, 53178, 44623, 7009, 78538, 59250, 52896, 36953, 81979, 11585, 78783, 59912, 80451, 7908, 86148, 57967, 38859, 32429, 50491, 49646, 51605, 17936, 9071, 76700, 97994, 80026, 95215, 37158, 66905, 74561, 9845, 48648, 56873, 90265, 4935, 53997, 55323, 81384, 61656, 17380, 86036, 83384, 38040, 32058, 35626, 5574, 89012, 74225, 14736, 3774, 30442, 1927, 31150, 4053, 97867, 94199, 77143, 35135, 68688, 91088, 41794, 37834, 55373, 23899, 23589, 27140, 19312, 29137, 48645, 45195, 9285, 51686, 77237, 32412, 71166, 74992, 16605, 54805, 87250, 57981, 8304, 86470, 42219, 37094, 83712, 48617, 71511, 70996, 5774, 34672, 89123, 38732, 32888, 85024, 66420, 24542, 39098, 4196, 32319, 30825, 19263, 35160, 97555, 78084, 3194, 62916, 10273, 37083, 54678, 34983, 24651, 19257, 19778, 40516, 89108, 35376, 88159, 34998, 51537, 67219, 39507, 56501, 74134, 23427, 90725, 60968, 89598, 17756, 12022, 79034, 57395, 78328, 83923, 5036, 82093, 58847, 34848, 7116, 77228, 35847, 67190, 89480, 57388, 24410, 47344, 67755, 65286, 70702, 9600, 68405, 97096, 88913, 31775, 64853, 7904, 41722, 97019, 43009, 49804, 98402, 34919, 2086, 72111, 69335, 61222, 4373, 34529, 84114, 81394, 76868, 72461, 53358, 27691, 28296, 13480, 56011, 43552, 30699]})"
656.0,7,74,17,17.799379348754883,10387,"Genotype(dna={""<class 'abc.NT_0008'>"": [0, 56999], ""<class 'abc.NT_0008_P_00000'>"": [], ""<class 'abc.NT_0001'>"": [], ""<class 'abc.NT_0001_P_00000'>"": [], ""<class 'int'>"": [80903, 4706, 47695, 45437, 25302, 38407, 47911, 41280, 20876, 47623, 86904, 55373, 23589, 19312, 57981, 5774, 4196, 62916, 78328, 34848, 89480, 72111, 84114, 27691], ""<class 'bool'>"": [90671, 9706, 41889, 69465, 50630, 94229, 53268, 83378, 51198, 52517, 80864, 56983, 84611, 9863, 26653, 46759, 75883, 17618, 64460, 24766, 79493, 24139, 88100, 59674, 68925, 58603, 88542, 86971, 2074, 83004, 36300, 72448, 62475, 95326, 82844, 35160, 97555, 34983, 49026, 89108, 35376, 67219, 39507, 20060, 23427, 17756, 12022, 87036, 47344, 70702, 9600, 88913, 31775, 97019, 34645, 13480, 56011, 23961, 61622, 64153, 75820, 97162, 70647, 7256, 68916, 30036, 48073, 74358, 68510, 26764, 28736, 68692, 44411, 95498, 54567, 25426, 53841, 4898, 99229, 74318, 88444], ""<class 'abc.NT_0000'>"": [0, 0, 23967, 0, 0, 0, 0, 1, 0, 10340, 0, 1, 0, 0, 1, 0, 74871, 0, 1, 1, 0, 1, 0, 1, 0, 46858, 0, 0, 0, 0, 0, 0, 0, 0, 9925, 0, 0, 0, 0, 1, 0, 0, 0, 0, 0, 0, 1, 1, 1, 0, 1, 0, 0, 0, 77143, 29137, 48645, 45195, 9285, 51686, 9777, 71166, 74992, 54805, 8304, 86470, 42219, 37094, 83712, 71511, 4920, 89123, 38732, 32888, 85024, 24542, 32319, 30825, 19263, 78084, 10273, 37083, 48613, 19257, 40516, 88159, 51537, 56501, 90725, 89598, 79034, 83923, 5036, 82093, 7116, 77228, 35847, 57388, 67755, 65286, 68405, 97096, 60396, 41722, 49804, 34919, 69335, 61222, 4373, 81394, 76868, 72461, 28296, 43552, 30699], ""<class 'abc.NT_0000_P_00000'>"": [], ""<class 'abc.NT_0000_P_00001'>"": [], ""<class 'abc.NT_0008_P_00001'>"": [], ""<class 'abc.NT_0007'>"": [0, 30442], ""<class 'abc.NT_0007_P_00000'>"": [], ""<class 'abc.NT_0002'>"": [0, 2009, 1, 0, 0, 0, 0, 43348, 0, 0, 1, 0, 21331, 0, 1, 1, 72856, 35135, 68688, 91088, 41794, 37834, 46209, 27140, 32412, 16605, 87250, 48617, 70996, 66420, 39098, 3194, 19778, 34998, 60968, 57395, 58847, 67190, 7904, 98402, 2086, 34529, 53358], ""<class 'abc.NT_0002_P_00000'>"": [], ""<class 'abc.NT_0002_P_00001'>"": [], ""<class 'abc.NT_0003'>"": [2, 1, 42987], ""<class 'abc.NT_0003_P_00000'>"": [], ""<class 'abc.NT_0003_P_00001'>"": [], ""<class 'abc.NT_0003_P_00002'>"": [], ""<class 'abc.NT_0006'>"": [1, 73921], ""<class 'abc.NT_0006_P_00000'>"": [], ""<class 'abc.NT_0004'>"": [], ""<class 'abc.NT_0004_P_00000'>"": [], ""<class 'abc.NT_0004_P_00001'>"": [], ""<class 'abc.NT_0006_P_00001'>"": [], ""<class 'abc.NT_0006_P_00002'>"": [], ""<class 'abc.NT_0006_P_00003'>"": [], '$leftovers': [98075, 13912, 31132, 79333, 67005, 60614, 89167, 61612, 72827, 95393, 7774, 4838, 80622, 19286, 388, 89247, 61119, 81985, 19388, 78051, 82137, 3298, 46052, 62641, 15125, 10693, 59273, 50230, 2725, 66359, 94734, 79927, 68945, 22935, 63942, 30886, 88313, 17000, 96538, 23762, 47069, 41591, 64582, 40855, 91942, 98035, 27160, 65777, 36640, 83286, 24245, 70012, 52716, 78622, 49933, 34674, 21545, 85515, 63596, 76834, 55706, 47571, 77999, 46871, 39758, 29268, 46755, 21424, 96377, 55045, 94655, 81266, 38729, 78370, 54466, 29207, 27070, 19950, 48714, 85283, 87118, 58445, 55295, 49791, 69639, 85835, 25451, 31208, 52354, 5252, 87857, 91470, 89621, 16918, 64589, 10774, 881, 56333, 90790, 65621, 27489, 54457, 34171, 74830, 31890, 50572, 65953, 35998, 64391, 95281, 20637, 33135, 31174, 47515, 11748, 5326, 17817, 70004, 97142, 48764, 9977, 74644, 82108, 68086, 583, 51473, 93489, 84890, 38149, 98649, 10844, 80482, 25381, 17020, 9347, 89949, 15014, 18882, 36628, 14633, 41856, 82037, 99404, 37653, 18649, 44344, 64413, 14642, 24495, 81627, 82442, 88737, 53766, 43356, 68048, 76857, 54180, 98414, 47699, 12953, 61699, 97194, 89429, 67184, 44588, 70450, 98116, 25260, 44483, 23173, 79095, 13425, 67243, 34275, 86145, 28169, 48308, 39880, 30534, 80777, 30118, 35147, 6330, 33047, 66138, 35106, 74980, 25433, 54994, 95227, 7978, 36144, 69832, 996, 86590, 74938, 93563, 39370, 8023, 18122, 28829, 32872, 79242, 70820, 98755, 81059, 10691, 50385, 39617, 19016, 1863, 56359, 38460, 67174, 91592, 22430, 17368, 97443, 878, 46355, 50098, 93139, 69976, 9080, 81250, 67133, 12450, 29860, 10515, 7229, 18784, 90514, 19054, 18495, 10502, 77269, 89119, 14108, 10620, 96989, 72023, 8856, 91521, 11678, 69216, 38189, 64461, 31020, 98319, 37543, 24755, 16609, 33556, 16612, 12763, 41905, 30677, 47421, 67343, 11855, 70264, 48856, 54312, 58986, 49212, 17225, 81724, 83758, 88507, 75316, 75104, 72850, 30442, 32626, 63929, 13975, 10352, 31178, 95848, 61832, 76994, 71041, 97101, 79981, 68823, 25960, 84031, 86511, 64668, 11598, 13801, 38277, 72117, 97914, 67271, 62497, 95121, 56480, 77291, 12295, 85165, 83568, 78821, 29000, 46548, 68710, 33837, 53867, 16757, 19744, 56490, 58506, 2704, 56409, 35185, 55884, 10413, 1967, 92366, 12720, 38904, 56674, 73494, 36995, 74568, 39592, 41098, 65909, 93224, 67867, 24312, 36412, 73676, 29939, 55884, 87263, 93716, 56026, 57244, 4070, 89635, 77378, 60358, 11337, 68615, 81852, 96708, 54183, 88797, 31269, 9360, 89105, 2535, 59726, 25955, 65244, 16768, 73543, 81718, 40902, 76314, 33436, 41909, 98773, 81808, 9719, 25421, 45418, 71987, 121, 11550, 65239, 40789, 44202, 36071, 57653, 43394, 36056, 23297, 64426, 23556, 86309, 21306, 27012, 42386, 48280, 10080, 4348, 88310, 90412, 82119, 9205, 49098, 2184, 83526, 11375, 6109, 97541, 35582, 21977, 35191, 38535, 67747, 59557, 46567, 34959, 10684, 671, 59720, 59887, 485, 14784, 36885, 67806, 20555, 39637, 90346, 34425, 6540, 18412, 78378, 59756, 27100, 45096, 77175, 81646, 59732, 18160, 89927, 40822, 95827, 99884, 32712, 63299, 13826, 85714, 22375, 34642, 93135, 95040, 87627, 56593, 10162, 1335, 24907, 11275, 57849, 31243, 19861, 99079, 15398, 23046, 39786, 73058, 18352, 90596, 73190, 18755, 43859, 95236, 53629, 45109, 83722, 79356, 47076, 62644, 97757, 13471, 27552, 93516, 12967, 49252, 1085, 54423, 9689, 79001, 15195, 48556, 32204, 40442, 35346, 62994, 33733, 67382, 49555, 60122, 40611, 12928, 92945, 10252, 45964, 84992, 1512, 78027, 75304, 45951, 56284, 25045, 39552, 38052, 75814, 1762, 99823, 76972, 67310, 62283, 41733, 23009, 32953, 78852, 84494, 34393, 32426, 77309, 29353, 87018, 31481, 22287, 73852, 13919, 95211, 57612, 5341, 78579, 87850, 58005, 44735, 76849, 63874, 54960, 17231, 90965, 88267, 87848, 83830, 59964, 7414, 27019, 63988, 28220, 60908, 57884, 71203, 30461, 65079, 25031, 40185, 78750, 46981, 80489, 92478, 38242, 60982, 98026, 5482, 58357, 82420, 69221, 47933, 41308, 46911, 93985, 74362, 98320, 32836, 21005, 85503, 60638, 52090, 16457, 81259, 97344, 71185, 51199, 32546, 37015, 82413, 74204, 2583, 41056, 12104, 19831, 19455, 13661, 3368, 6293, 24839, 2737, 57994, 65067, 22974, 80126, 70564, 55870, 22295, 54990, 188, 22708, 82010, 33866, 54839, 92881, 86023, 42822, 28002, 53771, 21295, 93768, 82639, 54827, 32269, 61670, 94699, 12629, 99213, 70585, 63371, 70163, 39410, 11420, 59374, 65058, 39544, 70840, 4105, 8975, 51408, 35270, 36395, 14905, 19463, 31253, 56593, 76004, 97054, 47585, 82196, 20301, 80867, 95726, 59810, 73784, 82432, 40019, 90101, 57866, 51891, 23969, 3726, 11832, 96918, 24802, 32825, 8453, 87570, 5910, 30479, 41802, 69112, 31765, 44030, 27039, 69845, 96240, 79148, 96989, 60634, 4975, 87175, 18069, 87499, 64971, 19045, 91141, 68569, 25404, 90932, 46267, 80532, 11728, 30381, 95769, 35013, 37457, 20905, 4517, 64695, 13129, 12749, 1818, 91327, 22606, 19672, 15427, 62325, 50224, 99886, 66678, 42678, 80750, 65241, 41447, 46222, 13943, 83906, 70729, 74336, 1726, 19116, 73335, 1723, 30675, 46925, 77182, 90826, 98994, 22759, 21028, 49319, 1714, 87944, 81788, 90533, 20925, 5438, 83502, 28657, 14540, 23899, 96217, 11472, 35876, 19131, 39399, 97335, 3323, 90272, 44040, 28073, 51304, 70624, 96620, 99178, 94411, 72001, 44800, 67313, 1790, 71579, 14737, 35858, 63905, 73477, 76009, 77549, 61502, 30404, 8360, 93569, 30438, 84984, 31813, 68448, 84388, 37695, 64509, 98530, 43872, 62143, 4409, 83775, 80273, 10350, 79665, 85682, 80513, 76395, 85135, 50, 99899, 64234, 25173, 9758, 89555, 73388, 69865, 87015, 65369, 28325, 55774, 56559, 91589, 18612, 75085, 48985, 12260, 55581, 52643, 30771, 53084, 74710, 37760, 93030, 63446, 4708, 3610, 20987, 34387, 7254, 40775, 63375, 36086, 68944, 85154, 97339, 582, 63463, 72341, 59954, 14020, 18086, 85698, 60806, 53178, 44623, 7009, 78538, 59250, 52896, 36953, 81979, 11585, 78783, 59912, 80451, 7908, 86148, 57967, 38859, 32429, 50491, 49646, 51605, 17936, 9071, 76700, 97994, 80026, 95215, 37158, 66905, 74561, 9845, 48648, 56873, 90265, 4935, 53997, 55323, 81384, 61656, 17380, 86036, 83384, 38040, 32058, 35626, 5574, 89012, 74225, 14736, 3774, 30442, 1927, 31150, 4053, 97867, 94199, 77143, 35135, 68688, 91088, 41794, 37834, 55373, 23899, 23589, 27140, 19312, 29137, 48645, 45195, 9285, 51686, 77237, 32412, 71166, 74992, 16605, 54805, 87250, 57981, 8304, 86470, 42219, 37094, 83712, 48617, 71511, 70996, 5774, 34672, 89123, 38732, 32888, 85024, 66420, 24542, 39098, 4196, 32319, 30825, 19263, 35160, 97555, 78084, 3194, 62916, 10273, 37083, 54678, 34983, 24651, 19257, 19778, 40516, 89108, 35376, 88159, 34998, 51537, 67219, 39507, 56501, 74134, 23427, 90725, 60968, 89598, 17756, 12022, 79034, 57395, 78328, 83923, 5036, 82093, 58847, 34848, 7116, 77228, 35847, 67190, 89480, 57388, 24410, 47344, 67755, 65286, 70702, 9600, 68405, 97096, 88913, 31775, 64853, 7904, 41722, 97019, 43009, 49804, 98402, 34919, 2086, 72111, 69335, 61222, 4373, 34529, 84114, 81394, 76868, 72461, 53358, 27691, 28296, 13480, 56011, 43552, 30699]})"
656.0,7,74,18,18.512206554412842,10387,"Genotype(dna={""<class 'abc.NT_0008'>"": [0, 56999], ""<class 'abc.NT_0008_P_00000'>"": [], ""<class 'abc.NT_0001'>"": [], ""<class 'abc.NT_0001_P_00000'>"": [], ""<class 'int'>"": [80903, 4706, 47695, 45437, 25302, 38407, 47911, 41280, 20876, 47623, 86904, 55373, 23589, 19312, 57981, 5774, 4196, 62916, 78328, 34848, 89480, 72111, 84114, 27691], ""<class 'bool'>"": [90671, 9706, 41889, 69465, 50630, 94229, 53268, 83378, 51198, 52517, 80864, 56983, 84611, 9863, 26653, 46759, 75883, 17618, 64460, 24766, 79493, 24139, 88100, 59674, 68925, 58603, 88542, 86971, 2074, 83004, 36300, 72448, 62475, 95326, 82844, 35160, 97555, 34983, 49026, 89108, 35376, 67219, 39507, 20060, 23427, 17756, 12022, 87036, 47344, 70702, 9600, 88913, 31775, 97019, 34645, 13480, 56011, 23961, 61622, 64153, 75820, 97162, 70647, 7256, 68916, 30036, 48073, 74358, 68510, 26764, 28736, 68692, 44411, 95498, 54567, 25426, 53841, 4898, 99229, 74318, 88444], ""<class 'abc.NT_0000'>"": [0, 0, 23967, 0, 0, 0, 0, 1, 0, 10340, 0, 1, 0, 0, 1, 0, 74871, 0, 1, 1, 0, 1, 0, 1, 0, 46858, 0, 0, 0, 0, 0, 0, 0, 0, 9925, 0, 0, 0, 0, 1, 0, 0, 0, 0, 0, 0, 1, 1, 1, 0, 1, 0, 0, 0, 77143, 29137, 48645, 45195, 9285, 51686, 9777, 71166, 74992, 54805, 8304, 86470, 42219, 37094, 83712, 71511, 4920, 89123, 38732, 32888, 85024, 24542, 32319, 30825, 19263, 78084, 10273, 37083, 48613, 19257, 40516, 88159, 51537, 56501, 90725, 89598, 79034, 83923, 5036, 82093, 7116, 77228, 35847, 57388, 67755, 65286, 68405, 97096, 60396, 41722, 49804, 34919, 69335, 61222, 4373, 81394, 76868, 72461, 28296, 43552, 30699], ""<class 'abc.NT_0000_P_00000'>"": [], ""<class 'abc.NT_0000_P_00001'>"": [], ""<class 'abc.NT_0008_P_00001'>"": [], ""<class 'abc.NT_0007'>"": [0, 30442], ""<class 'abc.NT_0007_P_00000'>"": [], ""<class 'abc.NT_0002'>"": [0, 2009, 1, 0, 0, 0, 0, 43348, 0, 0, 1, 0, 21331, 0, 1, 1, 72856, 35135, 68688, 91088, 41794, 37834, 46209, 27140, 32412, 16605, 87250, 48617, 70996, 66420, 39098, 3194, 19778, 34998, 60968, 57395, 58847, 67190, 7904, 98402, 2086, 34529, 53358], ""<class 'abc.NT_0002_P_00000'>"": [], ""<class 'abc.NT_0002_P_00001'>"": [], ""<class 'abc.NT_0003'>"": [2, 1, 42987], ""<class 'abc.NT_0003_P_00000'>"": [], ""<class 'abc.NT_0003_P_00001'>"": [], ""<class 'abc.NT_0003_P_00002'>"": [], ""<class 'abc.NT_0006'>"": [1, 73921], ""<class 'abc.NT_0006_P_00000'>"": [], ""<class 'abc.NT_0004'>"": [], ""<class 'abc.NT_0004_P_00000'>"": [], ""<class 'abc.NT_0004_P_00001'>"": [], ""<class 'abc.NT_0006_P_00001'>"": [], ""<class 'abc.NT_0006_P_00002'>"": [], ""<class 'abc.NT_0006_P_00003'>"": [], '$leftovers': [98075, 13912, 31132, 79333, 67005, 60614, 89167, 61612, 72827, 95393, 7774, 4838, 80622, 19286, 388, 89247, 61119, 81985, 19388, 78051, 82137, 3298, 46052, 62641, 15125, 10693, 59273, 50230, 2725, 66359, 94734, 79927, 68945, 22935, 63942, 30886, 88313, 17000, 96538, 23762, 47069, 41591, 64582, 40855, 91942, 98035, 27160, 65777, 36640, 83286, 24245, 70012, 52716, 78622, 49933, 34674, 21545, 85515, 63596, 76834, 55706, 47571, 77999, 46871, 39758, 29268, 46755, 21424, 96377, 55045, 94655, 81266, 38729, 78370, 54466, 29207, 27070, 19950, 48714, 85283, 87118, 58445, 55295, 49791, 69639, 85835, 25451, 31208, 52354, 5252, 87857, 91470, 89621, 16918, 64589, 10774, 881, 56333, 90790, 65621, 27489, 54457, 34171, 74830, 31890, 50572, 65953, 35998, 64391, 95281, 20637, 33135, 31174, 47515, 11748, 5326, 17817, 70004, 97142, 48764, 9977, 74644, 82108, 68086, 583, 51473, 93489, 84890, 38149, 98649, 10844, 80482, 25381, 17020, 9347, 89949, 15014, 18882, 36628, 14633, 41856, 82037, 99404, 37653, 18649, 44344, 64413, 14642, 24495, 81627, 82442, 88737, 53766, 43356, 68048, 76857, 54180, 98414, 47699, 12953, 61699, 97194, 89429, 67184, 44588, 70450, 98116, 25260, 44483, 23173, 79095, 13425, 67243, 34275, 86145, 28169, 48308, 39880, 30534, 80777, 30118, 35147, 6330, 33047, 66138, 35106, 74980, 25433, 54994, 95227, 7978, 36144, 69832, 996, 86590, 74938, 93563, 39370, 8023, 18122, 28829, 32872, 79242, 70820, 98755, 81059, 10691, 50385, 39617, 19016, 1863, 56359, 38460, 67174, 91592, 22430, 17368, 97443, 878, 46355, 50098, 93139, 69976, 9080, 81250, 67133, 12450, 29860, 10515, 7229, 18784, 90514, 19054, 18495, 10502, 77269, 89119, 14108, 10620, 96989, 72023, 8856, 91521, 11678, 69216, 38189, 64461, 31020, 98319, 37543, 24755, 16609, 33556, 16612, 12763, 41905, 30677, 47421, 67343, 11855, 70264, 48856, 54312, 58986, 49212, 17225, 81724, 83758, 88507, 75316, 75104, 72850, 30442, 32626, 63929, 13975, 10352, 31178, 95848, 61832, 76994, 71041, 97101, 79981, 68823, 25960, 84031, 86511, 64668, 11598, 13801, 38277, 72117, 97914, 67271, 62497, 95121, 56480, 77291, 12295, 85165, 83568, 78821, 29000, 46548, 68710, 33837, 53867, 16757, 19744, 56490, 58506, 2704, 56409, 35185, 55884, 10413, 1967, 92366, 12720, 38904, 56674, 73494, 36995, 74568, 39592, 41098, 65909, 93224, 67867, 24312, 36412, 73676, 29939, 55884, 87263, 93716, 56026, 57244, 4070, 89635, 77378, 60358, 11337, 68615, 81852, 96708, 54183, 88797, 31269, 9360, 89105, 2535, 59726, 25955, 65244, 16768, 73543, 81718, 40902, 76314, 33436, 41909, 98773, 81808, 9719, 25421, 45418, 71987, 121, 11550, 65239, 40789, 44202, 36071, 57653, 43394, 36056, 23297, 64426, 23556, 86309, 21306, 27012, 42386, 48280, 10080, 4348, 88310, 90412, 82119, 9205, 49098, 2184, 83526, 11375, 6109, 97541, 35582, 21977, 35191, 38535, 67747, 59557, 46567, 34959, 10684, 671, 59720, 59887, 485, 14784, 36885, 67806, 20555, 39637, 90346, 34425, 6540, 18412, 78378, 59756, 27100, 45096, 77175, 81646, 59732, 18160, 89927, 40822, 95827, 99884, 32712, 63299, 13826, 85714, 22375, 34642, 93135, 95040, 87627, 56593, 10162, 1335, 24907, 11275, 57849, 31243, 19861, 99079, 15398, 23046, 39786, 73058, 18352, 90596, 73190, 18755, 43859, 95236, 53629, 45109, 83722, 79356, 47076, 62644, 97757, 13471, 27552, 93516, 12967, 49252, 1085, 54423, 9689, 79001, 15195, 48556, 32204, 40442, 35346, 62994, 33733, 67382, 49555, 60122, 40611, 12928, 92945, 10252, 45964, 84992, 1512, 78027, 75304, 45951, 56284, 25045, 39552, 38052, 75814, 1762, 99823, 76972, 67310, 62283, 41733, 23009, 32953, 78852, 84494, 34393, 32426, 77309, 29353, 87018, 31481, 22287, 73852, 13919, 95211, 57612, 5341, 78579, 87850, 58005, 44735, 76849, 63874, 54960, 17231, 90965, 88267, 87848, 83830, 59964, 7414, 27019, 63988, 28220, 60908, 57884, 71203, 30461, 65079, 25031, 40185, 78750, 46981, 80489, 92478, 38242, 60982, 98026, 5482, 58357, 82420, 69221, 47933, 41308, 46911, 93985, 74362, 98320, 32836, 21005, 85503, 60638, 52090, 16457, 81259, 97344, 71185, 51199, 32546, 37015, 82413, 74204, 2583, 41056, 12104, 19831, 19455, 13661, 3368, 6293, 24839, 2737, 57994, 65067, 22974, 80126, 70564, 55870, 22295, 54990, 188, 22708, 82010, 33866, 54839, 92881, 86023, 42822, 28002, 53771, 21295, 93768, 82639, 54827, 32269, 61670, 94699, 12629, 99213, 70585, 63371, 70163, 39410, 11420, 59374, 65058, 39544, 70840, 4105, 8975, 51408, 35270, 36395, 14905, 19463, 31253, 56593, 76004, 97054, 47585, 82196, 20301, 80867, 95726, 59810, 73784, 82432, 40019, 90101, 57866, 51891, 23969, 3726, 11832, 96918, 24802, 32825, 8453, 87570, 5910, 30479, 41802, 69112, 31765, 44030, 27039, 69845, 96240, 79148, 96989, 60634, 4975, 87175, 18069, 87499, 64971, 19045, 91141, 68569, 25404, 90932, 46267, 80532, 11728, 30381, 95769, 35013, 37457, 20905, 4517, 64695, 13129, 12749, 1818, 91327, 22606, 19672, 15427, 62325, 50224, 99886, 66678, 42678, 80750, 65241, 41447, 46222, 13943, 83906, 70729, 74336, 1726, 19116, 73335, 1723, 30675, 46925, 77182, 90826, 98994, 22759, 21028, 49319, 1714, 87944, 81788, 90533, 20925, 5438, 83502, 28657, 14540, 23899, 96217, 11472, 35876, 19131, 39399, 97335, 3323, 90272, 44040, 28073, 51304, 70624, 96620, 99178, 94411, 72001, 44800, 67313, 1790, 71579, 14737, 35858, 63905, 73477, 76009, 77549, 61502, 30404, 8360, 93569, 30438, 84984, 31813, 68448, 84388, 37695, 64509, 98530, 43872, 62143, 4409, 83775, 80273, 10350, 79665, 85682, 80513, 76395, 85135, 50, 99899, 64234, 25173, 9758, 89555, 73388, 69865, 87015, 65369, 28325, 55774, 56559, 91589, 18612, 75085, 48985, 12260, 55581, 52643, 30771, 53084, 74710, 37760, 93030, 63446, 4708, 3610, 20987, 34387, 7254, 40775, 63375, 36086, 68944, 85154, 97339, 582, 63463, 72341, 59954, 14020, 18086, 85698, 60806, 53178, 44623, 7009, 78538, 59250, 52896, 36953, 81979, 11585, 78783, 59912, 80451, 7908, 86148, 57967, 38859, 32429, 50491, 49646, 51605, 17936, 9071, 76700, 97994, 80026, 95215, 37158, 66905, 74561, 9845, 48648, 56873, 90265, 4935, 53997, 55323, 81384, 61656, 17380, 86036, 83384, 38040, 32058, 35626, 5574, 89012, 74225, 14736, 3774, 30442, 1927, 31150, 4053, 97867, 94199, 77143, 35135, 68688, 91088, 41794, 37834, 55373, 23899, 23589, 27140, 19312, 29137, 48645, 45195, 9285, 51686, 77237, 32412, 71166, 74992, 16605, 54805, 87250, 57981, 8304, 86470, 42219, 37094, 83712, 48617, 71511, 70996, 5774, 34672, 89123, 38732, 32888, 85024, 66420, 24542, 39098, 4196, 32319, 30825, 19263, 35160, 97555, 78084, 3194, 62916, 10273, 37083, 54678, 34983, 24651, 19257, 19778, 40516, 89108, 35376, 88159, 34998, 51537, 67219, 39507, 56501, 74134, 23427, 90725, 60968, 89598, 17756, 12022, 79034, 57395, 78328, 83923, 5036, 82093, 58847, 34848, 7116, 77228, 35847, 67190, 89480, 57388, 24410, 47344, 67755, 65286, 70702, 9600, 68405, 97096, 88913, 31775, 64853, 7904, 41722, 97019, 43009, 49804, 98402, 34919, 2086, 72111, 69335, 61222, 4373, 34529, 84114, 81394, 76868, 72461, 53358, 27691, 28296, 13480, 56011, 43552, 30699]})"
656.0,7,74,19,19.052820682525635,10387,"Genotype(dna={""<class 'abc.NT_0008'>"": [0, 56999], ""<class 'abc.NT_0008_P_00000'>"": [], ""<class 'abc.NT_0001'>"": [], ""<class 'abc.NT_0001_P_00000'>"": [], ""<class 'int'>"": [80903, 4706, 47695, 45437, 25302, 38407, 47911, 41280, 20876, 47623, 86904, 55373, 23589, 19312, 57981, 5774, 4196, 62916, 78328, 34848, 89480, 72111, 84114, 27691], ""<class 'bool'>"": [90671, 9706, 41889, 69465, 50630, 94229, 53268, 83378, 51198, 52517, 80864, 56983, 84611, 9863, 26653, 46759, 75883, 17618, 64460, 24766, 79493, 24139, 88100, 59674, 68925, 58603, 88542, 86971, 2074, 83004, 36300, 72448, 62475, 95326, 82844, 35160, 97555, 34983, 49026, 89108, 35376, 67219, 39507, 20060, 23427, 17756, 12022, 87036, 47344, 70702, 9600, 88913, 31775, 97019, 34645, 13480, 56011, 23961, 61622, 64153, 75820, 97162, 70647, 7256, 68916, 30036, 48073, 74358, 68510, 26764, 28736, 68692, 44411, 95498, 54567, 25426, 53841, 4898, 99229, 74318, 88444], ""<class 'abc.NT_0000'>"": [0, 0, 23967, 0, 0, 0, 0, 1, 0, 10340, 0, 1, 0, 0, 1, 0, 74871, 0, 1, 1, 0, 1, 0, 1, 0, 46858, 0, 0, 0, 0, 0, 0, 0, 0, 9925, 0, 0, 0, 0, 1, 0, 0, 0, 0, 0, 0, 1, 1, 1, 0, 1, 0, 0, 0, 77143, 29137, 48645, 45195, 9285, 51686, 9777, 71166, 74992, 54805, 8304, 86470, 42219, 37094, 83712, 71511, 4920, 89123, 38732, 32888, 85024, 24542, 32319, 30825, 19263, 78084, 10273, 37083, 48613, 19257, 40516, 88159, 51537, 56501, 90725, 89598, 79034, 83923, 5036, 82093, 7116, 77228, 35847, 57388, 67755, 65286, 68405, 97096, 60396, 41722, 49804, 34919, 69335, 61222, 4373, 81394, 76868, 72461, 28296, 43552, 30699], ""<class 'abc.NT_0000_P_00000'>"": [], ""<class 'abc.NT_0000_P_00001'>"": [], ""<class 'abc.NT_0008_P_00001'>"": [], ""<class 'abc.NT_0007'>"": [0, 30442], ""<class 'abc.NT_0007_P_00000'>"": [], ""<class 'abc.NT_0002'>"": [0, 2009, 1, 0, 0, 0, 0, 43348, 0, 0, 1, 0, 21331, 0, 1, 1, 72856, 35135, 68688, 91088, 41794, 37834, 46209, 27140, 32412, 16605, 87250, 48617, 70996, 66420, 39098, 3194, 19778, 34998, 60968, 57395, 58847, 67190, 7904, 98402, 2086, 34529, 53358], ""<class 'abc.NT_0002_P_00000'>"": [], ""<class 'abc.NT_0002_P_00001'>"": [], ""<class 'abc.NT_0003'>"": [2, 1, 42987], ""<class 'abc.NT_0003_P_00000'>"": [], ""<class 'abc.NT_0003_P_00001'>"": [], ""<class 'abc.NT_0003_P_00002'>"": [], ""<class 'abc.NT_0006'>"": [1, 73921], ""<class 'abc.NT_0006_P_00000'>"": [], ""<class 'abc.NT_0004'>"": [], ""<class 'abc.NT_0004_P_00000'>"": [], ""<class 'abc.NT_0004_P_00001'>"": [], ""<class 'abc.NT_0006_P_00001'>"": [], ""<class 'abc.NT_0006_P_00002'>"": [], ""<class 'abc.NT_0006_P_00003'>"": [], '$leftovers': [98075, 13912, 31132, 79333, 67005, 60614, 89167, 61612, 72827, 95393, 7774, 4838, 80622, 19286, 388, 89247, 61119, 81985, 19388, 78051, 82137, 3298, 46052, 62641, 15125, 10693, 59273, 50230, 2725, 66359, 94734, 79927, 68945, 22935, 63942, 30886, 88313, 17000, 96538, 23762, 47069, 41591, 64582, 40855, 91942, 98035, 27160, 65777, 36640, 83286, 24245, 70012, 52716, 78622, 49933, 34674, 21545, 85515, 63596, 76834, 55706, 47571, 77999, 46871, 39758, 29268, 46755, 21424, 96377, 55045, 94655, 81266, 38729, 78370, 54466, 29207, 27070, 19950, 48714, 85283, 87118, 58445, 55295, 49791, 69639, 85835, 25451, 31208, 52354, 5252, 87857, 91470, 89621, 16918, 64589, 10774, 881, 56333, 90790, 65621, 27489, 54457, 34171, 74830, 31890, 50572, 65953, 35998, 64391, 95281, 20637, 33135, 31174, 47515, 11748, 5326, 17817, 70004, 97142, 48764, 9977, 74644, 82108, 68086, 583, 51473, 93489, 84890, 38149, 98649, 10844, 80482, 25381, 17020, 9347, 89949, 15014, 18882, 36628, 14633, 41856, 82037, 99404, 37653, 18649, 44344, 64413, 14642, 24495, 81627, 82442, 88737, 53766, 43356, 68048, 76857, 54180, 98414, 47699, 12953, 61699, 97194, 89429, 67184, 44588, 70450, 98116, 25260, 44483, 23173, 79095, 13425, 67243, 34275, 86145, 28169, 48308, 39880, 30534, 80777, 30118, 35147, 6330, 33047, 66138, 35106, 74980, 25433, 54994, 95227, 7978, 36144, 69832, 996, 86590, 74938, 93563, 39370, 8023, 18122, 28829, 32872, 79242, 70820, 98755, 81059, 10691, 50385, 39617, 19016, 1863, 56359, 38460, 67174, 91592, 22430, 17368, 97443, 878, 46355, 50098, 93139, 69976, 9080, 81250, 67133, 12450, 29860, 10515, 7229, 18784, 90514, 19054, 18495, 10502, 77269, 89119, 14108, 10620, 96989, 72023, 8856, 91521, 11678, 69216, 38189, 64461, 31020, 98319, 37543, 24755, 16609, 33556, 16612, 12763, 41905, 30677, 47421, 67343, 11855, 70264, 48856, 54312, 58986, 49212, 17225, 81724, 83758, 88507, 75316, 75104, 72850, 30442, 32626, 63929, 13975, 10352, 31178, 95848, 61832, 76994, 71041, 97101, 79981, 68823, 25960, 84031, 86511, 64668, 11598, 13801, 38277, 72117, 97914, 67271, 62497, 95121, 56480, 77291, 12295, 85165, 83568, 78821, 29000, 46548, 68710, 33837, 53867, 16757, 19744, 56490, 58506, 2704, 56409, 35185, 55884, 10413, 1967, 92366, 12720, 38904, 56674, 73494, 36995, 74568, 39592, 41098, 65909, 93224, 67867, 24312, 36412, 73676, 29939, 55884, 87263, 93716, 56026, 57244, 4070, 89635, 77378, 60358, 11337, 68615, 81852, 96708, 54183, 88797, 31269, 9360, 89105, 2535, 59726, 25955, 65244, 16768, 73543, 81718, 40902, 76314, 33436, 41909, 98773, 81808, 9719, 25421, 45418, 71987, 121, 11550, 65239, 40789, 44202, 36071, 57653, 43394, 36056, 23297, 64426, 23556, 86309, 21306, 27012, 42386, 48280, 10080, 4348, 88310, 90412, 82119, 9205, 49098, 2184, 83526, 11375, 6109, 97541, 35582, 21977, 35191, 38535, 67747, 59557, 46567, 34959, 10684, 671, 59720, 59887, 485, 14784, 36885, 67806, 20555, 39637, 90346, 34425, 6540, 18412, 78378, 59756, 27100, 45096, 77175, 81646, 59732, 18160, 89927, 40822, 95827, 99884, 32712, 63299, 13826, 85714, 22375, 34642, 93135, 95040, 87627, 56593, 10162, 1335, 24907, 11275, 57849, 31243, 19861, 99079, 15398, 23046, 39786, 73058, 18352, 90596, 73190, 18755, 43859, 95236, 53629, 45109, 83722, 79356, 47076, 62644, 97757, 13471, 27552, 93516, 12967, 49252, 1085, 54423, 9689, 79001, 15195, 48556, 32204, 40442, 35346, 62994, 33733, 67382, 49555, 60122, 40611, 12928, 92945, 10252, 45964, 84992, 1512, 78027, 75304, 45951, 56284, 25045, 39552, 38052, 75814, 1762, 99823, 76972, 67310, 62283, 41733, 23009, 32953, 78852, 84494, 34393, 32426, 77309, 29353, 87018, 31481, 22287, 73852, 13919, 95211, 57612, 5341, 78579, 87850, 58005, 44735, 76849, 63874, 54960, 17231, 90965, 88267, 87848, 83830, 59964, 7414, 27019, 63988, 28220, 60908, 57884, 71203, 30461, 65079, 25031, 40185, 78750, 46981, 80489, 92478, 38242, 60982, 98026, 5482, 58357, 82420, 69221, 47933, 41308, 46911, 93985, 74362, 98320, 32836, 21005, 85503, 60638, 52090, 16457, 81259, 97344, 71185, 51199, 32546, 37015, 82413, 74204, 2583, 41056, 12104, 19831, 19455, 13661, 3368, 6293, 24839, 2737, 57994, 65067, 22974, 80126, 70564, 55870, 22295, 54990, 188, 22708, 82010, 33866, 54839, 92881, 86023, 42822, 28002, 53771, 21295, 93768, 82639, 54827, 32269, 61670, 94699, 12629, 99213, 70585, 63371, 70163, 39410, 11420, 59374, 65058, 39544, 70840, 4105, 8975, 51408, 35270, 36395, 14905, 19463, 31253, 56593, 76004, 97054, 47585, 82196, 20301, 80867, 95726, 59810, 73784, 82432, 40019, 90101, 57866, 51891, 23969, 3726, 11832, 96918, 24802, 32825, 8453, 87570, 5910, 30479, 41802, 69112, 31765, 44030, 27039, 69845, 96240, 79148, 96989, 60634, 4975, 87175, 18069, 87499, 64971, 19045, 91141, 68569, 25404, 90932, 46267, 80532, 11728, 30381, 95769, 35013, 37457, 20905, 4517, 64695, 13129, 12749, 1818, 91327, 22606, 19672, 15427, 62325, 50224, 99886, 66678, 42678, 80750, 65241, 41447, 46222, 13943, 83906, 70729, 74336, 1726, 19116, 73335, 1723, 30675, 46925, 77182, 90826, 98994, 22759, 21028, 49319, 1714, 87944, 81788, 90533, 20925, 5438, 83502, 28657, 14540, 23899, 96217, 11472, 35876, 19131, 39399, 97335, 3323, 90272, 44040, 28073, 51304, 70624, 96620, 99178, 94411, 72001, 44800, 67313, 1790, 71579, 14737, 35858, 63905, 73477, 76009, 77549, 61502, 30404, 8360, 93569, 30438, 84984, 31813, 68448, 84388, 37695, 64509, 98530, 43872, 62143, 4409, 83775, 80273, 10350, 79665, 85682, 80513, 76395, 85135, 50, 99899, 64234, 25173, 9758, 89555, 73388, 69865, 87015, 65369, 28325, 55774, 56559, 91589, 18612, 75085, 48985, 12260, 55581, 52643, 30771, 53084, 74710, 37760, 93030, 63446, 4708, 3610, 20987, 34387, 7254, 40775, 63375, 36086, 68944, 85154, 97339, 582, 63463, 72341, 59954, 14020, 18086, 85698, 60806, 53178, 44623, 7009, 78538, 59250, 52896, 36953, 81979, 11585, 78783, 59912, 80451, 7908, 86148, 57967, 38859, 32429, 50491, 49646, 51605, 17936, 9071, 76700, 97994, 80026, 95215, 37158, 66905, 74561, 9845, 48648, 56873, 90265, 4935, 53997, 55323, 81384, 61656, 17380, 86036, 83384, 38040, 32058, 35626, 5574, 89012, 74225, 14736, 3774, 30442, 1927, 31150, 4053, 97867, 94199, 77143, 35135, 68688, 91088, 41794, 37834, 55373, 23899, 23589, 27140, 19312, 29137, 48645, 45195, 9285, 51686, 77237, 32412, 71166, 74992, 16605, 54805, 87250, 57981, 8304, 86470, 42219, 37094, 83712, 48617, 71511, 70996, 5774, 34672, 89123, 38732, 32888, 85024, 66420, 24542, 39098, 4196, 32319, 30825, 19263, 35160, 97555, 78084, 3194, 62916, 10273, 37083, 54678, 34983, 24651, 19257, 19778, 40516, 89108, 35376, 88159, 34998, 51537, 67219, 39507, 56501, 74134, 23427, 90725, 60968, 89598, 17756, 12022, 79034, 57395, 78328, 83923, 5036, 82093, 58847, 34848, 7116, 77228, 35847, 67190, 89480, 57388, 24410, 47344, 67755, 65286, 70702, 9600, 68405, 97096, 88913, 31775, 64853, 7904, 41722, 97019, 43009, 49804, 98402, 34919, 2086, 72111, 69335, 61222, 4373, 34529, 84114, 81394, 76868, 72461, 53358, 27691, 28296, 13480, 56011, 43552, 30699]})"
656.0,7,74,20,19.69348168373108,10387,"Genotype(dna={""<class 'abc.NT_0008'>"": [0, 56999], ""<class 'abc.NT_0008_P_00000'>"": [], ""<class 'abc.NT_0001'>"": [], ""<class 'abc.NT_0001_P_00000'>"": [], ""<class 'int'>"": [80903, 4706, 47695, 45437, 25302, 38407, 47911, 41280, 20876, 47623, 86904, 55373, 23589, 19312, 57981, 5774, 4196, 62916, 78328, 34848, 89480, 72111, 84114, 27691], ""<class 'bool'>"": [90671, 9706, 41889, 69465, 50630, 94229, 53268, 83378, 51198, 52517, 80864, 56983, 84611, 9863, 26653, 46759, 75883, 17618, 64460, 24766, 79493, 24139, 88100, 59674, 68925, 58603, 88542, 86971, 2074, 83004, 36300, 72448, 62475, 95326, 82844, 35160, 97555, 34983, 49026, 89108, 35376, 67219, 39507, 20060, 23427, 17756, 12022, 87036, 47344, 70702, 9600, 88913, 31775, 97019, 34645, 13480, 56011, 23961, 61622, 64153, 75820, 97162, 70647, 7256, 68916, 30036, 48073, 74358, 68510, 26764, 28736, 68692, 44411, 95498, 54567, 25426, 53841, 4898, 99229, 74318, 88444], ""<class 'abc.NT_0000'>"": [0, 0, 23967, 0, 0, 0, 0, 1, 0, 10340, 0, 1, 0, 0, 1, 0, 74871, 0, 1, 1, 0, 1, 0, 1, 0, 46858, 0, 0, 0, 0, 0, 0, 0, 0, 9925, 0, 0, 0, 0, 1, 0, 0, 0, 0, 0, 0, 1, 1, 1, 0, 1, 0, 0, 0, 77143, 29137, 48645, 45195, 9285, 51686, 9777, 71166, 74992, 54805, 8304, 86470, 42219, 37094, 83712, 71511, 4920, 89123, 38732, 32888, 85024, 24542, 32319, 30825, 19263, 78084, 10273, 37083, 48613, 19257, 40516, 88159, 51537, 56501, 90725, 89598, 79034, 83923, 5036, 82093, 7116, 77228, 35847, 57388, 67755, 65286, 68405, 97096, 60396, 41722, 49804, 34919, 69335, 61222, 4373, 81394, 76868, 72461, 28296, 43552, 30699], ""<class 'abc.NT_0000_P_00000'>"": [], ""<class 'abc.NT_0000_P_00001'>"": [], ""<class 'abc.NT_0008_P_00001'>"": [], ""<class 'abc.NT_0007'>"": [0, 30442], ""<class 'abc.NT_0007_P_00000'>"": [], ""<class 'abc.NT_0002'>"": [0, 2009, 1, 0, 0, 0, 0, 43348, 0, 0, 1, 0, 21331, 0, 1, 1, 72856, 35135, 68688, 91088, 41794, 37834, 46209, 27140, 32412, 16605, 87250, 48617, 70996, 66420, 39098, 3194, 19778, 34998, 60968, 57395, 58847, 67190, 7904, 98402, 2086, 34529, 53358], ""<class 'abc.NT_0002_P_00000'>"": [], ""<class 'abc.NT_0002_P_00001'>"": [], ""<class 'abc.NT_0003'>"": [2, 1, 42987], ""<class 'abc.NT_0003_P_00000'>"": [], ""<class 'abc.NT_0003_P_00001'>"": [], ""<class 'abc.NT_0003_P_00002'>"": [], ""<class 'abc.NT_0006'>"": [1, 73921], ""<class 'abc.NT_0006_P_00000'>"": [], ""<class 'abc.NT_0004'>"": [], ""<class 'abc.NT_0004_P_00000'>"": [], ""<class 'abc.NT_0004_P_00001'>"": [], ""<class 'abc.NT_0006_P_00001'>"": [], ""<class 'abc.NT_0006_P_00002'>"": [], ""<class 'abc.NT_0006_P_00003'>"": [], '$leftovers': [98075, 13912, 31132, 79333, 67005, 60614, 89167, 61612, 72827, 95393, 7774, 4838, 80622, 19286, 388, 89247, 61119, 81985, 19388, 78051, 82137, 3298, 46052, 62641, 15125, 10693, 59273, 50230, 2725, 66359, 94734, 79927, 68945, 22935, 63942, 30886, 88313, 17000, 96538, 23762, 47069, 41591, 64582, 40855, 91942, 98035, 27160, 65777, 36640, 83286, 24245, 70012, 52716, 78622, 49933, 34674, 21545, 85515, 63596, 76834, 55706, 47571, 77999, 46871, 39758, 29268, 46755, 21424, 96377, 55045, 94655, 81266, 38729, 78370, 54466, 29207, 27070, 19950, 48714, 85283, 87118, 58445, 55295, 49791, 69639, 85835, 25451, 31208, 52354, 5252, 87857, 91470, 89621, 16918, 64589, 10774, 881, 56333, 90790, 65621, 27489, 54457, 34171, 74830, 31890, 50572, 65953, 35998, 64391, 95281, 20637, 33135, 31174, 47515, 11748, 5326, 17817, 70004, 97142, 48764, 9977, 74644, 82108, 68086, 583, 51473, 93489, 84890, 38149, 98649, 10844, 80482, 25381, 17020, 9347, 89949, 15014, 18882, 36628, 14633, 41856, 82037, 99404, 37653, 18649, 44344, 64413, 14642, 24495, 81627, 82442, 88737, 53766, 43356, 68048, 76857, 54180, 98414, 47699, 12953, 61699, 97194, 89429, 67184, 44588, 70450, 98116, 25260, 44483, 23173, 79095, 13425, 67243, 34275, 86145, 28169, 48308, 39880, 30534, 80777, 30118, 35147, 6330, 33047, 66138, 35106, 74980, 25433, 54994, 95227, 7978, 36144, 69832, 996, 86590, 74938, 93563, 39370, 8023, 18122, 28829, 32872, 79242, 70820, 98755, 81059, 10691, 50385, 39617, 19016, 1863, 56359, 38460, 67174, 91592, 22430, 17368, 97443, 878, 46355, 50098, 93139, 69976, 9080, 81250, 67133, 12450, 29860, 10515, 7229, 18784, 90514, 19054, 18495, 10502, 77269, 89119, 14108, 10620, 96989, 72023, 8856, 91521, 11678, 69216, 38189, 64461, 31020, 98319, 37543, 24755, 16609, 33556, 16612, 12763, 41905, 30677, 47421, 67343, 11855, 70264, 48856, 54312, 58986, 49212, 17225, 81724, 83758, 88507, 75316, 75104, 72850, 30442, 32626, 63929, 13975, 10352, 31178, 95848, 61832, 76994, 71041, 97101, 79981, 68823, 25960, 84031, 86511, 64668, 11598, 13801, 38277, 72117, 97914, 67271, 62497, 95121, 56480, 77291, 12295, 85165, 83568, 78821, 29000, 46548, 68710, 33837, 53867, 16757, 19744, 56490, 58506, 2704, 56409, 35185, 55884, 10413, 1967, 92366, 12720, 38904, 56674, 73494, 36995, 74568, 39592, 41098, 65909, 93224, 67867, 24312, 36412, 73676, 29939, 55884, 87263, 93716, 56026, 57244, 4070, 89635, 77378, 60358, 11337, 68615, 81852, 96708, 54183, 88797, 31269, 9360, 89105, 2535, 59726, 25955, 65244, 16768, 73543, 81718, 40902, 76314, 33436, 41909, 98773, 81808, 9719, 25421, 45418, 71987, 121, 11550, 65239, 40789, 44202, 36071, 57653, 43394, 36056, 23297, 64426, 23556, 86309, 21306, 27012, 42386, 48280, 10080, 4348, 88310, 90412, 82119, 9205, 49098, 2184, 83526, 11375, 6109, 97541, 35582, 21977, 35191, 38535, 67747, 59557, 46567, 34959, 10684, 671, 59720, 59887, 485, 14784, 36885, 67806, 20555, 39637, 90346, 34425, 6540, 18412, 78378, 59756, 27100, 45096, 77175, 81646, 59732, 18160, 89927, 40822, 95827, 99884, 32712, 63299, 13826, 85714, 22375, 34642, 93135, 95040, 87627, 56593, 10162, 1335, 24907, 11275, 57849, 31243, 19861, 99079, 15398, 23046, 39786, 73058, 18352, 90596, 73190, 18755, 43859, 95236, 53629, 45109, 83722, 79356, 47076, 62644, 97757, 13471, 27552, 93516, 12967, 49252, 1085, 54423, 9689, 79001, 15195, 48556, 32204, 40442, 35346, 62994, 33733, 67382, 49555, 60122, 40611, 12928, 92945, 10252, 45964, 84992, 1512, 78027, 75304, 45951, 56284, 25045, 39552, 38052, 75814, 1762, 99823, 76972, 67310, 62283, 41733, 23009, 32953, 78852, 84494, 34393, 32426, 77309, 29353, 87018, 31481, 22287, 73852, 13919, 95211, 57612, 5341, 78579, 87850, 58005, 44735, 76849, 63874, 54960, 17231, 90965, 88267, 87848, 83830, 59964, 7414, 27019, 63988, 28220, 60908, 57884, 71203, 30461, 65079, 25031, 40185, 78750, 46981, 80489, 92478, 38242, 60982, 98026, 5482, 58357, 82420, 69221, 47933, 41308, 46911, 93985, 74362, 98320, 32836, 21005, 85503, 60638, 52090, 16457, 81259, 97344, 71185, 51199, 32546, 37015, 82413, 74204, 2583, 41056, 12104, 19831, 19455, 13661, 3368, 6293, 24839, 2737, 57994, 65067, 22974, 80126, 70564, 55870, 22295, 54990, 188, 22708, 82010, 33866, 54839, 92881, 86023, 42822, 28002, 53771, 21295, 93768, 82639, 54827, 32269, 61670, 94699, 12629, 99213, 70585, 63371, 70163, 39410, 11420, 59374, 65058, 39544, 70840, 4105, 8975, 51408, 35270, 36395, 14905, 19463, 31253, 56593, 76004, 97054, 47585, 82196, 20301, 80867, 95726, 59810, 73784, 82432, 40019, 90101, 57866, 51891, 23969, 3726, 11832, 96918, 24802, 32825, 8453, 87570, 5910, 30479, 41802, 69112, 31765, 44030, 27039, 69845, 96240, 79148, 96989, 60634, 4975, 87175, 18069, 87499, 64971, 19045, 91141, 68569, 25404, 90932, 46267, 80532, 11728, 30381, 95769, 35013, 37457, 20905, 4517, 64695, 13129, 12749, 1818, 91327, 22606, 19672, 15427, 62325, 50224, 99886, 66678, 42678, 80750, 65241, 41447, 46222, 13943, 83906, 70729, 74336, 1726, 19116, 73335, 1723, 30675, 46925, 77182, 90826, 98994, 22759, 21028, 49319, 1714, 87944, 81788, 90533, 20925, 5438, 83502, 28657, 14540, 23899, 96217, 11472, 35876, 19131, 39399, 97335, 3323, 90272, 44040, 28073, 51304, 70624, 96620, 99178, 94411, 72001, 44800, 67313, 1790, 71579, 14737, 35858, 63905, 73477, 76009, 77549, 61502, 30404, 8360, 93569, 30438, 84984, 31813, 68448, 84388, 37695, 64509, 98530, 43872, 62143, 4409, 83775, 80273, 10350, 79665, 85682, 80513, 76395, 85135, 50, 99899, 64234, 25173, 9758, 89555, 73388, 69865, 87015, 65369, 28325, 55774, 56559, 91589, 18612, 75085, 48985, 12260, 55581, 52643, 30771, 53084, 74710, 37760, 93030, 63446, 4708, 3610, 20987, 34387, 7254, 40775, 63375, 36086, 68944, 85154, 97339, 582, 63463, 72341, 59954, 14020, 18086, 85698, 60806, 53178, 44623, 7009, 78538, 59250, 52896, 36953, 81979, 11585, 78783, 59912, 80451, 7908, 86148, 57967, 38859, 32429, 50491, 49646, 51605, 17936, 9071, 76700, 97994, 80026, 95215, 37158, 66905, 74561, 9845, 48648, 56873, 90265, 4935, 53997, 55323, 81384, 61656, 17380, 86036, 83384, 38040, 32058, 35626, 5574, 89012, 74225, 14736, 3774, 30442, 1927, 31150, 4053, 97867, 94199, 77143, 35135, 68688, 91088, 41794, 37834, 55373, 23899, 23589, 27140, 19312, 29137, 48645, 45195, 9285, 51686, 77237, 32412, 71166, 74992, 16605, 54805, 87250, 57981, 8304, 86470, 42219, 37094, 83712, 48617, 71511, 70996, 5774, 34672, 89123, 38732, 32888, 85024, 66420, 24542, 39098, 4196, 32319, 30825, 19263, 35160, 97555, 78084, 3194, 62916, 10273, 37083, 54678, 34983, 24651, 19257, 19778, 40516, 89108, 35376, 88159, 34998, 51537, 67219, 39507, 56501, 74134, 23427, 90725, 60968, 89598, 17756, 12022, 79034, 57395, 78328, 83923, 5036, 82093, 58847, 34848, 7116, 77228, 35847, 67190, 89480, 57388, 24410, 47344, 67755, 65286, 70702, 9600, 68405, 97096, 88913, 31775, 64853, 7904, 41722, 97019, 43009, 49804, 98402, 34919, 2086, 72111, 69335, 61222, 4373, 34529, 84114, 81394, 76868, 72461, 53358, 27691, 28296, 13480, 56011, 43552, 30699]})"
656.0,7,74,21,20.281599283218384,10387,"Genotype(dna={""<class 'abc.NT_0008'>"": [0, 56999], ""<class 'abc.NT_0008_P_00000'>"": [], ""<class 'abc.NT_0001'>"": [], ""<class 'abc.NT_0001_P_00000'>"": [], ""<class 'int'>"": [80903, 4706, 47695, 45437, 25302, 38407, 47911, 41280, 20876, 47623, 86904, 55373, 23589, 19312, 57981, 5774, 4196, 62916, 78328, 34848, 89480, 72111, 84114, 27691], ""<class 'bool'>"": [90671, 9706, 41889, 69465, 50630, 94229, 53268, 83378, 51198, 52517, 80864, 56983, 84611, 9863, 26653, 46759, 75883, 17618, 64460, 24766, 79493, 24139, 88100, 59674, 68925, 58603, 88542, 86971, 2074, 83004, 36300, 72448, 62475, 95326, 82844, 35160, 97555, 34983, 49026, 89108, 35376, 67219, 39507, 20060, 23427, 17756, 12022, 87036, 47344, 70702, 9600, 88913, 31775, 97019, 34645, 13480, 56011, 23961, 61622, 64153, 75820, 97162, 70647, 7256, 68916, 30036, 48073, 74358, 68510, 26764, 28736, 68692, 44411, 95498, 54567, 25426, 53841, 4898, 99229, 74318, 88444], ""<class 'abc.NT_0000'>"": [0, 0, 23967, 0, 0, 0, 0, 1, 0, 10340, 0, 1, 0, 0, 1, 0, 74871, 0, 1, 1, 0, 1, 0, 1, 0, 46858, 0, 0, 0, 0, 0, 0, 0, 0, 9925, 0, 0, 0, 0, 1, 0, 0, 0, 0, 0, 0, 1, 1, 1, 0, 1, 0, 0, 0, 77143, 29137, 48645, 45195, 9285, 51686, 9777, 71166, 74992, 54805, 8304, 86470, 42219, 37094, 83712, 71511, 4920, 89123, 38732, 32888, 85024, 24542, 32319, 30825, 19263, 78084, 10273, 37083, 48613, 19257, 40516, 88159, 51537, 56501, 90725, 89598, 79034, 83923, 5036, 82093, 7116, 77228, 35847, 57388, 67755, 65286, 68405, 97096, 60396, 41722, 49804, 34919, 69335, 61222, 4373, 81394, 76868, 72461, 28296, 43552, 30699], ""<class 'abc.NT_0000_P_00000'>"": [], ""<class 'abc.NT_0000_P_00001'>"": [], ""<class 'abc.NT_0008_P_00001'>"": [], ""<class 'abc.NT_0007'>"": [0, 30442], ""<class 'abc.NT_0007_P_00000'>"": [], ""<class 'abc.NT_0002'>"": [0, 2009, 1, 0, 0, 0, 0, 43348, 0, 0, 1, 0, 21331, 0, 1, 1, 72856, 35135, 68688, 91088, 41794, 37834, 46209, 27140, 32412, 16605, 87250, 48617, 70996, 66420, 39098, 3194, 19778, 34998, 60968, 57395, 58847, 67190, 7904, 98402, 2086, 34529, 53358], ""<class 'abc.NT_0002_P_00000'>"": [], ""<class 'abc.NT_0002_P_00001'>"": [], ""<class 'abc.NT_0003'>"": [2, 1, 42987], ""<class 'abc.NT_0003_P_00000'>"": [], ""<class 'abc.NT_0003_P_00001'>"": [], ""<class 'abc.NT_0003_P_00002'>"": [], ""<class 'abc.NT_0006'>"": [1, 73921], ""<class 'abc.NT_0006_P_00000'>"": [], ""<class 'abc.NT_0004'>"": [], ""<class 'abc.NT_0004_P_00000'>"": [], ""<class 'abc.NT_0004_P_00001'>"": [], ""<class 'abc.NT_0006_P_00001'>"": [], ""<class 'abc.NT_0006_P_00002'>"": [], ""<class 'abc.NT_0006_P_00003'>"": [], '$leftovers': [98075, 13912, 31132, 79333, 67005, 60614, 89167, 61612, 72827, 95393, 7774, 4838, 80622, 19286, 388, 89247, 61119, 81985, 19388, 78051, 82137, 3298, 46052, 62641, 15125, 10693, 59273, 50230, 2725, 66359, 94734, 79927, 68945, 22935, 63942, 30886, 88313, 17000, 96538, 23762, 47069, 41591, 64582, 40855, 91942, 98035, 27160, 65777, 36640, 83286, 24245, 70012, 52716, 78622, 49933, 34674, 21545, 85515, 63596, 76834, 55706, 47571, 77999, 46871, 39758, 29268, 46755, 21424, 96377, 55045, 94655, 81266, 38729, 78370, 54466, 29207, 27070, 19950, 48714, 85283, 87118, 58445, 55295, 49791, 69639, 85835, 25451, 31208, 52354, 5252, 87857, 91470, 89621, 16918, 64589, 10774, 881, 56333, 90790, 65621, 27489, 54457, 34171, 74830, 31890, 50572, 65953, 35998, 64391, 95281, 20637, 33135, 31174, 47515, 11748, 5326, 17817, 70004, 97142, 48764, 9977, 74644, 82108, 68086, 583, 51473, 93489, 84890, 38149, 98649, 10844, 80482, 25381, 17020, 9347, 89949, 15014, 18882, 36628, 14633, 41856, 82037, 99404, 37653, 18649, 44344, 64413, 14642, 24495, 81627, 82442, 88737, 53766, 43356, 68048, 76857, 54180, 98414, 47699, 12953, 61699, 97194, 89429, 67184, 44588, 70450, 98116, 25260, 44483, 23173, 79095, 13425, 67243, 34275, 86145, 28169, 48308, 39880, 30534, 80777, 30118, 35147, 6330, 33047, 66138, 35106, 74980, 25433, 54994, 95227, 7978, 36144, 69832, 996, 86590, 74938, 93563, 39370, 8023, 18122, 28829, 32872, 79242, 70820, 98755, 81059, 10691, 50385, 39617, 19016, 1863, 56359, 38460, 67174, 91592, 22430, 17368, 97443, 878, 46355, 50098, 93139, 69976, 9080, 81250, 67133, 12450, 29860, 10515, 7229, 18784, 90514, 19054, 18495, 10502, 77269, 89119, 14108, 10620, 96989, 72023, 8856, 91521, 11678, 69216, 38189, 64461, 31020, 98319, 37543, 24755, 16609, 33556, 16612, 12763, 41905, 30677, 47421, 67343, 11855, 70264, 48856, 54312, 58986, 49212, 17225, 81724, 83758, 88507, 75316, 75104, 72850, 30442, 32626, 63929, 13975, 10352, 31178, 95848, 61832, 76994, 71041, 97101, 79981, 68823, 25960, 84031, 86511, 64668, 11598, 13801, 38277, 72117, 97914, 67271, 62497, 95121, 56480, 77291, 12295, 85165, 83568, 78821, 29000, 46548, 68710, 33837, 53867, 16757, 19744, 56490, 58506, 2704, 56409, 35185, 55884, 10413, 1967, 92366, 12720, 38904, 56674, 73494, 36995, 74568, 39592, 41098, 65909, 93224, 67867, 24312, 36412, 73676, 29939, 55884, 87263, 93716, 56026, 57244, 4070, 89635, 77378, 60358, 11337, 68615, 81852, 96708, 54183, 88797, 31269, 9360, 89105, 2535, 59726, 25955, 65244, 16768, 73543, 81718, 40902, 76314, 33436, 41909, 98773, 81808, 9719, 25421, 45418, 71987, 121, 11550, 65239, 40789, 44202, 36071, 57653, 43394, 36056, 23297, 64426, 23556, 86309, 21306, 27012, 42386, 48280, 10080, 4348, 88310, 90412, 82119, 9205, 49098, 2184, 83526, 11375, 6109, 97541, 35582, 21977, 35191, 38535, 67747, 59557, 46567, 34959, 10684, 671, 59720, 59887, 485, 14784, 36885, 67806, 20555, 39637, 90346, 34425, 6540, 18412, 78378, 59756, 27100, 45096, 77175, 81646, 59732, 18160, 89927, 40822, 95827, 99884, 32712, 63299, 13826, 85714, 22375, 34642, 93135, 95040, 87627, 56593, 10162, 1335, 24907, 11275, 57849, 31243, 19861, 99079, 15398, 23046, 39786, 73058, 18352, 90596, 73190, 18755, 43859, 95236, 53629, 45109, 83722, 79356, 47076, 62644, 97757, 13471, 27552, 93516, 12967, 49252, 1085, 54423, 9689, 79001, 15195, 48556, 32204, 40442, 35346, 62994, 33733, 67382, 49555, 60122, 40611, 12928, 92945, 10252, 45964, 84992, 1512, 78027, 75304, 45951, 56284, 25045, 39552, 38052, 75814, 1762, 99823, 76972, 67310, 62283, 41733, 23009, 32953, 78852, 84494, 34393, 32426, 77309, 29353, 87018, 31481, 22287, 73852, 13919, 95211, 57612, 5341, 78579, 87850, 58005, 44735, 76849, 63874, 54960, 17231, 90965, 88267, 87848, 83830, 59964, 7414, 27019, 63988, 28220, 60908, 57884, 71203, 30461, 65079, 25031, 40185, 78750, 46981, 80489, 92478, 38242, 60982, 98026, 5482, 58357, 82420, 69221, 47933, 41308, 46911, 93985, 74362, 98320, 32836, 21005, 85503, 60638, 52090, 16457, 81259, 97344, 71185, 51199, 32546, 37015, 82413, 74204, 2583, 41056, 12104, 19831, 19455, 13661, 3368, 6293, 24839, 2737, 57994, 65067, 22974, 80126, 70564, 55870, 22295, 54990, 188, 22708, 82010, 33866, 54839, 92881, 86023, 42822, 28002, 53771, 21295, 93768, 82639, 54827, 32269, 61670, 94699, 12629, 99213, 70585, 63371, 70163, 39410, 11420, 59374, 65058, 39544, 70840, 4105, 8975, 51408, 35270, 36395, 14905, 19463, 31253, 56593, 76004, 97054, 47585, 82196, 20301, 80867, 95726, 59810, 73784, 82432, 40019, 90101, 57866, 51891, 23969, 3726, 11832, 96918, 24802, 32825, 8453, 87570, 5910, 30479, 41802, 69112, 31765, 44030, 27039, 69845, 96240, 79148, 96989, 60634, 4975, 87175, 18069, 87499, 64971, 19045, 91141, 68569, 25404, 90932, 46267, 80532, 11728, 30381, 95769, 35013, 37457, 20905, 4517, 64695, 13129, 12749, 1818, 91327, 22606, 19672, 15427, 62325, 50224, 99886, 66678, 42678, 80750, 65241, 41447, 46222, 13943, 83906, 70729, 74336, 1726, 19116, 73335, 1723, 30675, 46925, 77182, 90826, 98994, 22759, 21028, 49319, 1714, 87944, 81788, 90533, 20925, 5438, 83502, 28657, 14540, 23899, 96217, 11472, 35876, 19131, 39399, 97335, 3323, 90272, 44040, 28073, 51304, 70624, 96620, 99178, 94411, 72001, 44800, 67313, 1790, 71579, 14737, 35858, 63905, 73477, 76009, 77549, 61502, 30404, 8360, 93569, 30438, 84984, 31813, 68448, 84388, 37695, 64509, 98530, 43872, 62143, 4409, 83775, 80273, 10350, 79665, 85682, 80513, 76395, 85135, 50, 99899, 64234, 25173, 9758, 89555, 73388, 69865, 87015, 65369, 28325, 55774, 56559, 91589, 18612, 75085, 48985, 12260, 55581, 52643, 30771, 53084, 74710, 37760, 93030, 63446, 4708, 3610, 20987, 34387, 7254, 40775, 63375, 36086, 68944, 85154, 97339, 582, 63463, 72341, 59954, 14020, 18086, 85698, 60806, 53178, 44623, 7009, 78538, 59250, 52896, 36953, 81979, 11585, 78783, 59912, 80451, 7908, 86148, 57967, 38859, 32429, 50491, 49646, 51605, 17936, 9071, 76700, 97994, 80026, 95215, 37158, 66905, 74561, 9845, 48648, 56873, 90265, 4935, 53997, 55323, 81384, 61656, 17380, 86036, 83384, 38040, 32058, 35626, 5574, 89012, 74225, 14736, 3774, 30442, 1927, 31150, 4053, 97867, 94199, 77143, 35135, 68688, 91088, 41794, 37834, 55373, 23899, 23589, 27140, 19312, 29137, 48645, 45195, 9285, 51686, 77237, 32412, 71166, 74992, 16605, 54805, 87250, 57981, 8304, 86470, 42219, 37094, 83712, 48617, 71511, 70996, 5774, 34672, 89123, 38732, 32888, 85024, 66420, 24542, 39098, 4196, 32319, 30825, 19263, 35160, 97555, 78084, 3194, 62916, 10273, 37083, 54678, 34983, 24651, 19257, 19778, 40516, 89108, 35376, 88159, 34998, 51537, 67219, 39507, 56501, 74134, 23427, 90725, 60968, 89598, 17756, 12022, 79034, 57395, 78328, 83923, 5036, 82093, 58847, 34848, 7116, 77228, 35847, 67190, 89480, 57388, 24410, 47344, 67755, 65286, 70702, 9600, 68405, 97096, 88913, 31775, 64853, 7904, 41722, 97019, 43009, 49804, 98402, 34919, 2086, 72111, 69335, 61222, 4373, 34529, 84114, 81394, 76868, 72461, 53358, 27691, 28296, 13480, 56011, 43552, 30699]})"
656.0,7,74,22,20.883107662200928,10387,"Genotype(dna={""<class 'abc.NT_0008'>"": [0, 56999], ""<class 'abc.NT_0008_P_00000'>"": [], ""<class 'abc.NT_0001'>"": [], ""<class 'abc.NT_0001_P_00000'>"": [], ""<class 'int'>"": [80903, 4706, 47695, 45437, 25302, 38407, 47911, 41280, 20876, 47623, 86904, 55373, 23589, 19312, 57981, 5774, 4196, 62916, 78328, 34848, 89480, 72111, 84114, 27691], ""<class 'bool'>"": [90671, 9706, 41889, 69465, 50630, 94229, 53268, 83378, 51198, 52517, 80864, 56983, 84611, 9863, 26653, 46759, 75883, 17618, 64460, 24766, 79493, 24139, 88100, 59674, 68925, 58603, 88542, 86971, 2074, 83004, 36300, 72448, 62475, 95326, 82844, 35160, 97555, 34983, 49026, 89108, 35376, 67219, 39507, 20060, 23427, 17756, 12022, 87036, 47344, 70702, 9600, 88913, 31775, 97019, 34645, 13480, 56011, 23961, 61622, 64153, 75820, 97162, 70647, 7256, 68916, 30036, 48073, 74358, 68510, 26764, 28736, 68692, 44411, 95498, 54567, 25426, 53841, 4898, 99229, 74318, 88444], ""<class 'abc.NT_0000'>"": [0, 0, 23967, 0, 0, 0, 0, 1, 0, 10340, 0, 1, 0, 0, 1, 0, 74871, 0, 1, 1, 0, 1, 0, 1, 0, 46858, 0, 0, 0, 0, 0, 0, 0, 0, 9925, 0, 0, 0, 0, 1, 0, 0, 0, 0, 0, 0, 1, 1, 1, 0, 1, 0, 0, 0, 77143, 29137, 48645, 45195, 9285, 51686, 9777, 71166, 74992, 54805, 8304, 86470, 42219, 37094, 83712, 71511, 4920, 89123, 38732, 32888, 85024, 24542, 32319, 30825, 19263, 78084, 10273, 37083, 48613, 19257, 40516, 88159, 51537, 56501, 90725, 89598, 79034, 83923, 5036, 82093, 7116, 77228, 35847, 57388, 67755, 65286, 68405, 97096, 60396, 41722, 49804, 34919, 69335, 61222, 4373, 81394, 76868, 72461, 28296, 43552, 30699], ""<class 'abc.NT_0000_P_00000'>"": [], ""<class 'abc.NT_0000_P_00001'>"": [], ""<class 'abc.NT_0008_P_00001'>"": [], ""<class 'abc.NT_0007'>"": [0, 30442], ""<class 'abc.NT_0007_P_00000'>"": [], ""<class 'abc.NT_0002'>"": [0, 2009, 1, 0, 0, 0, 0, 43348, 0, 0, 1, 0, 21331, 0, 1, 1, 72856, 35135, 68688, 91088, 41794, 37834, 46209, 27140, 32412, 16605, 87250, 48617, 70996, 66420, 39098, 3194, 19778, 34998, 60968, 57395, 58847, 67190, 7904, 98402, 2086, 34529, 53358], ""<class 'abc.NT_0002_P_00000'>"": [], ""<class 'abc.NT_0002_P_00001'>"": [], ""<class 'abc.NT_0003'>"": [2, 1, 42987], ""<class 'abc.NT_0003_P_00000'>"": [], ""<class 'abc.NT_0003_P_00001'>"": [], ""<class 'abc.NT_0003_P_00002'>"": [], ""<class 'abc.NT_0006'>"": [1, 73921], ""<class 'abc.NT_0006_P_00000'>"": [], ""<class 'abc.NT_0004'>"": [], ""<class 'abc.NT_0004_P_00000'>"": [], ""<class 'abc.NT_0004_P_00001'>"": [], ""<class 'abc.NT_0006_P_00001'>"": [], ""<class 'abc.NT_0006_P_00002'>"": [], ""<class 'abc.NT_0006_P_00003'>"": [], '$leftovers': [98075, 13912, 31132, 79333, 67005, 60614, 89167, 61612, 72827, 95393, 7774, 4838, 80622, 19286, 388, 89247, 61119, 81985, 19388, 78051, 82137, 3298, 46052, 62641, 15125, 10693, 59273, 50230, 2725, 66359, 94734, 79927, 68945, 22935, 63942, 30886, 88313, 17000, 96538, 23762, 47069, 41591, 64582, 40855, 91942, 98035, 27160, 65777, 36640, 83286, 24245, 70012, 52716, 78622, 49933, 34674, 21545, 85515, 63596, 76834, 55706, 47571, 77999, 46871, 39758, 29268, 46755, 21424, 96377, 55045, 94655, 81266, 38729, 78370, 54466, 29207, 27070, 19950, 48714, 85283, 87118, 58445, 55295, 49791, 69639, 85835, 25451, 31208, 52354, 5252, 87857, 91470, 89621, 16918, 64589, 10774, 881, 56333, 90790, 65621, 27489, 54457, 34171, 74830, 31890, 50572, 65953, 35998, 64391, 95281, 20637, 33135, 31174, 47515, 11748, 5326, 17817, 70004, 97142, 48764, 9977, 74644, 82108, 68086, 583, 51473, 93489, 84890, 38149, 98649, 10844, 80482, 25381, 17020, 9347, 89949, 15014, 18882, 36628, 14633, 41856, 82037, 99404, 37653, 18649, 44344, 64413, 14642, 24495, 81627, 82442, 88737, 53766, 43356, 68048, 76857, 54180, 98414, 47699, 12953, 61699, 97194, 89429, 67184, 44588, 70450, 98116, 25260, 44483, 23173, 79095, 13425, 67243, 34275, 86145, 28169, 48308, 39880, 30534, 80777, 30118, 35147, 6330, 33047, 66138, 35106, 74980, 25433, 54994, 95227, 7978, 36144, 69832, 996, 86590, 74938, 93563, 39370, 8023, 18122, 28829, 32872, 79242, 70820, 98755, 81059, 10691, 50385, 39617, 19016, 1863, 56359, 38460, 67174, 91592, 22430, 17368, 97443, 878, 46355, 50098, 93139, 69976, 9080, 81250, 67133, 12450, 29860, 10515, 7229, 18784, 90514, 19054, 18495, 10502, 77269, 89119, 14108, 10620, 96989, 72023, 8856, 91521, 11678, 69216, 38189, 64461, 31020, 98319, 37543, 24755, 16609, 33556, 16612, 12763, 41905, 30677, 47421, 67343, 11855, 70264, 48856, 54312, 58986, 49212, 17225, 81724, 83758, 88507, 75316, 75104, 72850, 30442, 32626, 63929, 13975, 10352, 31178, 95848, 61832, 76994, 71041, 97101, 79981, 68823, 25960, 84031, 86511, 64668, 11598, 13801, 38277, 72117, 97914, 67271, 62497, 95121, 56480, 77291, 12295, 85165, 83568, 78821, 29000, 46548, 68710, 33837, 53867, 16757, 19744, 56490, 58506, 2704, 56409, 35185, 55884, 10413, 1967, 92366, 12720, 38904, 56674, 73494, 36995, 74568, 39592, 41098, 65909, 93224, 67867, 24312, 36412, 73676, 29939, 55884, 87263, 93716, 56026, 57244, 4070, 89635, 77378, 60358, 11337, 68615, 81852, 96708, 54183, 88797, 31269, 9360, 89105, 2535, 59726, 25955, 65244, 16768, 73543, 81718, 40902, 76314, 33436, 41909, 98773, 81808, 9719, 25421, 45418, 71987, 121, 11550, 65239, 40789, 44202, 36071, 57653, 43394, 36056, 23297, 64426, 23556, 86309, 21306, 27012, 42386, 48280, 10080, 4348, 88310, 90412, 82119, 9205, 49098, 2184, 83526, 11375, 6109, 97541, 35582, 21977, 35191, 38535, 67747, 59557, 46567, 34959, 10684, 671, 59720, 59887, 485, 14784, 36885, 67806, 20555, 39637, 90346, 34425, 6540, 18412, 78378, 59756, 27100, 45096, 77175, 81646, 59732, 18160, 89927, 40822, 95827, 99884, 32712, 63299, 13826, 85714, 22375, 34642, 93135, 95040, 87627, 56593, 10162, 1335, 24907, 11275, 57849, 31243, 19861, 99079, 15398, 23046, 39786, 73058, 18352, 90596, 73190, 18755, 43859, 95236, 53629, 45109, 83722, 79356, 47076, 62644, 97757, 13471, 27552, 93516, 12967, 49252, 1085, 54423, 9689, 79001, 15195, 48556, 32204, 40442, 35346, 62994, 33733, 67382, 49555, 60122, 40611, 12928, 92945, 10252, 45964, 84992, 1512, 78027, 75304, 45951, 56284, 25045, 39552, 38052, 75814, 1762, 99823, 76972, 67310, 62283, 41733, 23009, 32953, 78852, 84494, 34393, 32426, 77309, 29353, 87018, 31481, 22287, 73852, 13919, 95211, 57612, 5341, 78579, 87850, 58005, 44735, 76849, 63874, 54960, 17231, 90965, 88267, 87848, 83830, 59964, 7414, 27019, 63988, 28220, 60908, 57884, 71203, 30461, 65079, 25031, 40185, 78750, 46981, 80489, 92478, 38242, 60982, 98026, 5482, 58357, 82420, 69221, 47933, 41308, 46911, 93985, 74362, 98320, 32836, 21005, 85503, 60638, 52090, 16457, 81259, 97344, 71185, 51199, 32546, 37015, 82413, 74204, 2583, 41056, 12104, 19831, 19455, 13661, 3368, 6293, 24839, 2737, 57994, 65067, 22974, 80126, 70564, 55870, 22295, 54990, 188, 22708, 82010, 33866, 54839, 92881, 86023, 42822, 28002, 53771, 21295, 93768, 82639, 54827, 32269, 61670, 94699, 12629, 99213, 70585, 63371, 70163, 39410, 11420, 59374, 65058, 39544, 70840, 4105, 8975, 51408, 35270, 36395, 14905, 19463, 31253, 56593, 76004, 97054, 47585, 82196, 20301, 80867, 95726, 59810, 73784, 82432, 40019, 90101, 57866, 51891, 23969, 3726, 11832, 96918, 24802, 32825, 8453, 87570, 5910, 30479, 41802, 69112, 31765, 44030, 27039, 69845, 96240, 79148, 96989, 60634, 4975, 87175, 18069, 87499, 64971, 19045, 91141, 68569, 25404, 90932, 46267, 80532, 11728, 30381, 95769, 35013, 37457, 20905, 4517, 64695, 13129, 12749, 1818, 91327, 22606, 19672, 15427, 62325, 50224, 99886, 66678, 42678, 80750, 65241, 41447, 46222, 13943, 83906, 70729, 74336, 1726, 19116, 73335, 1723, 30675, 46925, 77182, 90826, 98994, 22759, 21028, 49319, 1714, 87944, 81788, 90533, 20925, 5438, 83502, 28657, 14540, 23899, 96217, 11472, 35876, 19131, 39399, 97335, 3323, 90272, 44040, 28073, 51304, 70624, 96620, 99178, 94411, 72001, 44800, 67313, 1790, 71579, 14737, 35858, 63905, 73477, 76009, 77549, 61502, 30404, 8360, 93569, 30438, 84984, 31813, 68448, 84388, 37695, 64509, 98530, 43872, 62143, 4409, 83775, 80273, 10350, 79665, 85682, 80513, 76395, 85135, 50, 99899, 64234, 25173, 9758, 89555, 73388, 69865, 87015, 65369, 28325, 55774, 56559, 91589, 18612, 75085, 48985, 12260, 55581, 52643, 30771, 53084, 74710, 37760, 93030, 63446, 4708, 3610, 20987, 34387, 7254, 40775, 63375, 36086, 68944, 85154, 97339, 582, 63463, 72341, 59954, 14020, 18086, 85698, 60806, 53178, 44623, 7009, 78538, 59250, 52896, 36953, 81979, 11585, 78783, 59912, 80451, 7908, 86148, 57967, 38859, 32429, 50491, 49646, 51605, 17936, 9071, 76700, 97994, 80026, 95215, 37158, 66905, 74561, 9845, 48648, 56873, 90265, 4935, 53997, 55323, 81384, 61656, 17380, 86036, 83384, 38040, 32058, 35626, 5574, 89012, 74225, 14736, 3774, 30442, 1927, 31150, 4053, 97867, 94199, 77143, 35135, 68688, 91088, 41794, 37834, 55373, 23899, 23589, 27140, 19312, 29137, 48645, 45195, 9285, 51686, 77237, 32412, 71166, 74992, 16605, 54805, 87250, 57981, 8304, 86470, 42219, 37094, 83712, 48617, 71511, 70996, 5774, 34672, 89123, 38732, 32888, 85024, 66420, 24542, 39098, 4196, 32319, 30825, 19263, 35160, 97555, 78084, 3194, 62916, 10273, 37083, 54678, 34983, 24651, 19257, 19778, 40516, 89108, 35376, 88159, 34998, 51537, 67219, 39507, 56501, 74134, 23427, 90725, 60968, 89598, 17756, 12022, 79034, 57395, 78328, 83923, 5036, 82093, 58847, 34848, 7116, 77228, 35847, 67190, 89480, 57388, 24410, 47344, 67755, 65286, 70702, 9600, 68405, 97096, 88913, 31775, 64853, 7904, 41722, 97019, 43009, 49804, 98402, 34919, 2086, 72111, 69335, 61222, 4373, 34529, 84114, 81394, 76868, 72461, 53358, 27691, 28296, 13480, 56011, 43552, 30699]})"
656.0,7,74,23,21.509783267974854,10387,"Genotype(dna={""<class 'abc.NT_0008'>"": [0, 56999], ""<class 'abc.NT_0008_P_00000'>"": [], ""<class 'abc.NT_0001'>"": [], ""<class 'abc.NT_0001_P_00000'>"": [], ""<class 'int'>"": [80903, 4706, 47695, 45437, 25302, 38407, 47911, 41280, 20876, 47623, 86904, 55373, 23589, 19312, 57981, 5774, 4196, 62916, 78328, 34848, 89480, 72111, 84114, 27691], ""<class 'bool'>"": [90671, 9706, 41889, 69465, 50630, 94229, 53268, 83378, 51198, 52517, 80864, 56983, 84611, 9863, 26653, 46759, 75883, 17618, 64460, 24766, 79493, 24139, 88100, 59674, 68925, 58603, 88542, 86971, 2074, 83004, 36300, 72448, 62475, 95326, 82844, 35160, 97555, 34983, 49026, 89108, 35376, 67219, 39507, 20060, 23427, 17756, 12022, 87036, 47344, 70702, 9600, 88913, 31775, 97019, 34645, 13480, 56011, 23961, 61622, 64153, 75820, 97162, 70647, 7256, 68916, 30036, 48073, 74358, 68510, 26764, 28736, 68692, 44411, 95498, 54567, 25426, 53841, 4898, 99229, 74318, 88444], ""<class 'abc.NT_0000'>"": [0, 0, 23967, 0, 0, 0, 0, 1, 0, 10340, 0, 1, 0, 0, 1, 0, 74871, 0, 1, 1, 0, 1, 0, 1, 0, 46858, 0, 0, 0, 0, 0, 0, 0, 0, 9925, 0, 0, 0, 0, 1, 0, 0, 0, 0, 0, 0, 1, 1, 1, 0, 1, 0, 0, 0, 77143, 29137, 48645, 45195, 9285, 51686, 9777, 71166, 74992, 54805, 8304, 86470, 42219, 37094, 83712, 71511, 4920, 89123, 38732, 32888, 85024, 24542, 32319, 30825, 19263, 78084, 10273, 37083, 48613, 19257, 40516, 88159, 51537, 56501, 90725, 89598, 79034, 83923, 5036, 82093, 7116, 77228, 35847, 57388, 67755, 65286, 68405, 97096, 60396, 41722, 49804, 34919, 69335, 61222, 4373, 81394, 76868, 72461, 28296, 43552, 30699], ""<class 'abc.NT_0000_P_00000'>"": [], ""<class 'abc.NT_0000_P_00001'>"": [], ""<class 'abc.NT_0008_P_00001'>"": [], ""<class 'abc.NT_0007'>"": [0, 30442], ""<class 'abc.NT_0007_P_00000'>"": [], ""<class 'abc.NT_0002'>"": [0, 2009, 1, 0, 0, 0, 0, 43348, 0, 0, 1, 0, 21331, 0, 1, 1, 72856, 35135, 68688, 91088, 41794, 37834, 46209, 27140, 32412, 16605, 87250, 48617, 70996, 66420, 39098, 3194, 19778, 34998, 60968, 57395, 58847, 67190, 7904, 98402, 2086, 34529, 53358], ""<class 'abc.NT_0002_P_00000'>"": [], ""<class 'abc.NT_0002_P_00001'>"": [], ""<class 'abc.NT_0003'>"": [2, 1, 42987], ""<class 'abc.NT_0003_P_00000'>"": [], ""<class 'abc.NT_0003_P_00001'>"": [], ""<class 'abc.NT_0003_P_00002'>"": [], ""<class 'abc.NT_0006'>"": [1, 73921], ""<class 'abc.NT_0006_P_00000'>"": [], ""<class 'abc.NT_0004'>"": [], ""<class 'abc.NT_0004_P_00000'>"": [], ""<class 'abc.NT_0004_P_00001'>"": [], ""<class 'abc.NT_0006_P_00001'>"": [], ""<class 'abc.NT_0006_P_00002'>"": [], ""<class 'abc.NT_0006_P_00003'>"": [], '$leftovers': [98075, 13912, 31132, 79333, 67005, 60614, 89167, 61612, 72827, 95393, 7774, 4838, 80622, 19286, 388, 89247, 61119, 81985, 19388, 78051, 82137, 3298, 46052, 62641, 15125, 10693, 59273, 50230, 2725, 66359, 94734, 79927, 68945, 22935, 63942, 30886, 88313, 17000, 96538, 23762, 47069, 41591, 64582, 40855, 91942, 98035, 27160, 65777, 36640, 83286, 24245, 70012, 52716, 78622, 49933, 34674, 21545, 85515, 63596, 76834, 55706, 47571, 77999, 46871, 39758, 29268, 46755, 21424, 96377, 55045, 94655, 81266, 38729, 78370, 54466, 29207, 27070, 19950, 48714, 85283, 87118, 58445, 55295, 49791, 69639, 85835, 25451, 31208, 52354, 5252, 87857, 91470, 89621, 16918, 64589, 10774, 881, 56333, 90790, 65621, 27489, 54457, 34171, 74830, 31890, 50572, 65953, 35998, 64391, 95281, 20637, 33135, 31174, 47515, 11748, 5326, 17817, 70004, 97142, 48764, 9977, 74644, 82108, 68086, 583, 51473, 93489, 84890, 38149, 98649, 10844, 80482, 25381, 17020, 9347, 89949, 15014, 18882, 36628, 14633, 41856, 82037, 99404, 37653, 18649, 44344, 64413, 14642, 24495, 81627, 82442, 88737, 53766, 43356, 68048, 76857, 54180, 98414, 47699, 12953, 61699, 97194, 89429, 67184, 44588, 70450, 98116, 25260, 44483, 23173, 79095, 13425, 67243, 34275, 86145, 28169, 48308, 39880, 30534, 80777, 30118, 35147, 6330, 33047, 66138, 35106, 74980, 25433, 54994, 95227, 7978, 36144, 69832, 996, 86590, 74938, 93563, 39370, 8023, 18122, 28829, 32872, 79242, 70820, 98755, 81059, 10691, 50385, 39617, 19016, 1863, 56359, 38460, 67174, 91592, 22430, 17368, 97443, 878, 46355, 50098, 93139, 69976, 9080, 81250, 67133, 12450, 29860, 10515, 7229, 18784, 90514, 19054, 18495, 10502, 77269, 89119, 14108, 10620, 96989, 72023, 8856, 91521, 11678, 69216, 38189, 64461, 31020, 98319, 37543, 24755, 16609, 33556, 16612, 12763, 41905, 30677, 47421, 67343, 11855, 70264, 48856, 54312, 58986, 49212, 17225, 81724, 83758, 88507, 75316, 75104, 72850, 30442, 32626, 63929, 13975, 10352, 31178, 95848, 61832, 76994, 71041, 97101, 79981, 68823, 25960, 84031, 86511, 64668, 11598, 13801, 38277, 72117, 97914, 67271, 62497, 95121, 56480, 77291, 12295, 85165, 83568, 78821, 29000, 46548, 68710, 33837, 53867, 16757, 19744, 56490, 58506, 2704, 56409, 35185, 55884, 10413, 1967, 92366, 12720, 38904, 56674, 73494, 36995, 74568, 39592, 41098, 65909, 93224, 67867, 24312, 36412, 73676, 29939, 55884, 87263, 93716, 56026, 57244, 4070, 89635, 77378, 60358, 11337, 68615, 81852, 96708, 54183, 88797, 31269, 9360, 89105, 2535, 59726, 25955, 65244, 16768, 73543, 81718, 40902, 76314, 33436, 41909, 98773, 81808, 9719, 25421, 45418, 71987, 121, 11550, 65239, 40789, 44202, 36071, 57653, 43394, 36056, 23297, 64426, 23556, 86309, 21306, 27012, 42386, 48280, 10080, 4348, 88310, 90412, 82119, 9205, 49098, 2184, 83526, 11375, 6109, 97541, 35582, 21977, 35191, 38535, 67747, 59557, 46567, 34959, 10684, 671, 59720, 59887, 485, 14784, 36885, 67806, 20555, 39637, 90346, 34425, 6540, 18412, 78378, 59756, 27100, 45096, 77175, 81646, 59732, 18160, 89927, 40822, 95827, 99884, 32712, 63299, 13826, 85714, 22375, 34642, 93135, 95040, 87627, 56593, 10162, 1335, 24907, 11275, 57849, 31243, 19861, 99079, 15398, 23046, 39786, 73058, 18352, 90596, 73190, 18755, 43859, 95236, 53629, 45109, 83722, 79356, 47076, 62644, 97757, 13471, 27552, 93516, 12967, 49252, 1085, 54423, 9689, 79001, 15195, 48556, 32204, 40442, 35346, 62994, 33733, 67382, 49555, 60122, 40611, 12928, 92945, 10252, 45964, 84992, 1512, 78027, 75304, 45951, 56284, 25045, 39552, 38052, 75814, 1762, 99823, 76972, 67310, 62283, 41733, 23009, 32953, 78852, 84494, 34393, 32426, 77309, 29353, 87018, 31481, 22287, 73852, 13919, 95211, 57612, 5341, 78579, 87850, 58005, 44735, 76849, 63874, 54960, 17231, 90965, 88267, 87848, 83830, 59964, 7414, 27019, 63988, 28220, 60908, 57884, 71203, 30461, 65079, 25031, 40185, 78750, 46981, 80489, 92478, 38242, 60982, 98026, 5482, 58357, 82420, 69221, 47933, 41308, 46911, 93985, 74362, 98320, 32836, 21005, 85503, 60638, 52090, 16457, 81259, 97344, 71185, 51199, 32546, 37015, 82413, 74204, 2583, 41056, 12104, 19831, 19455, 13661, 3368, 6293, 24839, 2737, 57994, 65067, 22974, 80126, 70564, 55870, 22295, 54990, 188, 22708, 82010, 33866, 54839, 92881, 86023, 42822, 28002, 53771, 21295, 93768, 82639, 54827, 32269, 61670, 94699, 12629, 99213, 70585, 63371, 70163, 39410, 11420, 59374, 65058, 39544, 70840, 4105, 8975, 51408, 35270, 36395, 14905, 19463, 31253, 56593, 76004, 97054, 47585, 82196, 20301, 80867, 95726, 59810, 73784, 82432, 40019, 90101, 57866, 51891, 23969, 3726, 11832, 96918, 24802, 32825, 8453, 87570, 5910, 30479, 41802, 69112, 31765, 44030, 27039, 69845, 96240, 79148, 96989, 60634, 4975, 87175, 18069, 87499, 64971, 19045, 91141, 68569, 25404, 90932, 46267, 80532, 11728, 30381, 95769, 35013, 37457, 20905, 4517, 64695, 13129, 12749, 1818, 91327, 22606, 19672, 15427, 62325, 50224, 99886, 66678, 42678, 80750, 65241, 41447, 46222, 13943, 83906, 70729, 74336, 1726, 19116, 73335, 1723, 30675, 46925, 77182, 90826, 98994, 22759, 21028, 49319, 1714, 87944, 81788, 90533, 20925, 5438, 83502, 28657, 14540, 23899, 96217, 11472, 35876, 19131, 39399, 97335, 3323, 90272, 44040, 28073, 51304, 70624, 96620, 99178, 94411, 72001, 44800, 67313, 1790, 71579, 14737, 35858, 63905, 73477, 76009, 77549, 61502, 30404, 8360, 93569, 30438, 84984, 31813, 68448, 84388, 37695, 64509, 98530, 43872, 62143, 4409, 83775, 80273, 10350, 79665, 85682, 80513, 76395, 85135, 50, 99899, 64234, 25173, 9758, 89555, 73388, 69865, 87015, 65369, 28325, 55774, 56559, 91589, 18612, 75085, 48985, 12260, 55581, 52643, 30771, 53084, 74710, 37760, 93030, 63446, 4708, 3610, 20987, 34387, 7254, 40775, 63375, 36086, 68944, 85154, 97339, 582, 63463, 72341, 59954, 14020, 18086, 85698, 60806, 53178, 44623, 7009, 78538, 59250, 52896, 36953, 81979, 11585, 78783, 59912, 80451, 7908, 86148, 57967, 38859, 32429, 50491, 49646, 51605, 17936, 9071, 76700, 97994, 80026, 95215, 37158, 66905, 74561, 9845, 48648, 56873, 90265, 4935, 53997, 55323, 81384, 61656, 17380, 86036, 83384, 38040, 32058, 35626, 5574, 89012, 74225, 14736, 3774, 30442, 1927, 31150, 4053, 97867, 94199, 77143, 35135, 68688, 91088, 41794, 37834, 55373, 23899, 23589, 27140, 19312, 29137, 48645, 45195, 9285, 51686, 77237, 32412, 71166, 74992, 16605, 54805, 87250, 57981, 8304, 86470, 42219, 37094, 83712, 48617, 71511, 70996, 5774, 34672, 89123, 38732, 32888, 85024, 66420, 24542, 39098, 4196, 32319, 30825, 19263, 35160, 97555, 78084, 3194, 62916, 10273, 37083, 54678, 34983, 24651, 19257, 19778, 40516, 89108, 35376, 88159, 34998, 51537, 67219, 39507, 56501, 74134, 23427, 90725, 60968, 89598, 17756, 12022, 79034, 57395, 78328, 83923, 5036, 82093, 58847, 34848, 7116, 77228, 35847, 67190, 89480, 57388, 24410, 47344, 67755, 65286, 70702, 9600, 68405, 97096, 88913, 31775, 64853, 7904, 41722, 97019, 43009, 49804, 98402, 34919, 2086, 72111, 69335, 61222, 4373, 34529, 84114, 81394, 76868, 72461, 53358, 27691, 28296, 13480, 56011, 43552, 30699]})"
656.0,7,74,24,22.05341863632202,10387,"Genotype(dna={""<class 'abc.NT_0008'>"": [0, 56999], ""<class 'abc.NT_0008_P_00000'>"": [], ""<class 'abc.NT_0001'>"": [], ""<class 'abc.NT_0001_P_00000'>"": [], ""<class 'int'>"": [80903, 4706, 47695, 45437, 25302, 38407, 47911, 41280, 20876, 47623, 86904, 55373, 23589, 19312, 57981, 5774, 4196, 62916, 78328, 34848, 89480, 72111, 84114, 27691], ""<class 'bool'>"": [90671, 9706, 41889, 69465, 50630, 94229, 53268, 83378, 51198, 52517, 80864, 56983, 84611, 9863, 26653, 46759, 75883, 17618, 64460, 24766, 79493, 24139, 88100, 59674, 68925, 58603, 88542, 86971, 2074, 83004, 36300, 72448, 62475, 95326, 82844, 35160, 97555, 34983, 49026, 89108, 35376, 67219, 39507, 20060, 23427, 17756, 12022, 87036, 47344, 70702, 9600, 88913, 31775, 97019, 34645, 13480, 56011, 23961, 61622, 64153, 75820, 97162, 70647, 7256, 68916, 30036, 48073, 74358, 68510, 26764, 28736, 68692, 44411, 95498, 54567, 25426, 53841, 4898, 99229, 74318, 88444], ""<class 'abc.NT_0000'>"": [0, 0, 23967, 0, 0, 0, 0, 1, 0, 10340, 0, 1, 0, 0, 1, 0, 74871, 0, 1, 1, 0, 1, 0, 1, 0, 46858, 0, 0, 0, 0, 0, 0, 0, 0, 9925, 0, 0, 0, 0, 1, 0, 0, 0, 0, 0, 0, 1, 1, 1, 0, 1, 0, 0, 0, 77143, 29137, 48645, 45195, 9285, 51686, 9777, 71166, 74992, 54805, 8304, 86470, 42219, 37094, 83712, 71511, 4920, 89123, 38732, 32888, 85024, 24542, 32319, 30825, 19263, 78084, 10273, 37083, 48613, 19257, 40516, 88159, 51537, 56501, 90725, 89598, 79034, 83923, 5036, 82093, 7116, 77228, 35847, 57388, 67755, 65286, 68405, 97096, 60396, 41722, 49804, 34919, 69335, 61222, 4373, 81394, 76868, 72461, 28296, 43552, 30699], ""<class 'abc.NT_0000_P_00000'>"": [], ""<class 'abc.NT_0000_P_00001'>"": [], ""<class 'abc.NT_0008_P_00001'>"": [], ""<class 'abc.NT_0007'>"": [0, 30442], ""<class 'abc.NT_0007_P_00000'>"": [], ""<class 'abc.NT_0002'>"": [0, 2009, 1, 0, 0, 0, 0, 43348, 0, 0, 1, 0, 21331, 0, 1, 1, 72856, 35135, 68688, 91088, 41794, 37834, 46209, 27140, 32412, 16605, 87250, 48617, 70996, 66420, 39098, 3194, 19778, 34998, 60968, 57395, 58847, 67190, 7904, 98402, 2086, 34529, 53358], ""<class 'abc.NT_0002_P_00000'>"": [], ""<class 'abc.NT_0002_P_00001'>"": [], ""<class 'abc.NT_0003'>"": [2, 1, 42987], ""<class 'abc.NT_0003_P_00000'>"": [], ""<class 'abc.NT_0003_P_00001'>"": [], ""<class 'abc.NT_0003_P_00002'>"": [], ""<class 'abc.NT_0006'>"": [1, 73921], ""<class 'abc.NT_0006_P_00000'>"": [], ""<class 'abc.NT_0004'>"": [], ""<class 'abc.NT_0004_P_00000'>"": [], ""<class 'abc.NT_0004_P_00001'>"": [], ""<class 'abc.NT_0006_P_00001'>"": [], ""<class 'abc.NT_0006_P_00002'>"": [], ""<class 'abc.NT_0006_P_00003'>"": [], '$leftovers': [98075, 13912, 31132, 79333, 67005, 60614, 89167, 61612, 72827, 95393, 7774, 4838, 80622, 19286, 388, 89247, 61119, 81985, 19388, 78051, 82137, 3298, 46052, 62641, 15125, 10693, 59273, 50230, 2725, 66359, 94734, 79927, 68945, 22935, 63942, 30886, 88313, 17000, 96538, 23762, 47069, 41591, 64582, 40855, 91942, 98035, 27160, 65777, 36640, 83286, 24245, 70012, 52716, 78622, 49933, 34674, 21545, 85515, 63596, 76834, 55706, 47571, 77999, 46871, 39758, 29268, 46755, 21424, 96377, 55045, 94655, 81266, 38729, 78370, 54466, 29207, 27070, 19950, 48714, 85283, 87118, 58445, 55295, 49791, 69639, 85835, 25451, 31208, 52354, 5252, 87857, 91470, 89621, 16918, 64589, 10774, 881, 56333, 90790, 65621, 27489, 54457, 34171, 74830, 31890, 50572, 65953, 35998, 64391, 95281, 20637, 33135, 31174, 47515, 11748, 5326, 17817, 70004, 97142, 48764, 9977, 74644, 82108, 68086, 583, 51473, 93489, 84890, 38149, 98649, 10844, 80482, 25381, 17020, 9347, 89949, 15014, 18882, 36628, 14633, 41856, 82037, 99404, 37653, 18649, 44344, 64413, 14642, 24495, 81627, 82442, 88737, 53766, 43356, 68048, 76857, 54180, 98414, 47699, 12953, 61699, 97194, 89429, 67184, 44588, 70450, 98116, 25260, 44483, 23173, 79095, 13425, 67243, 34275, 86145, 28169, 48308, 39880, 30534, 80777, 30118, 35147, 6330, 33047, 66138, 35106, 74980, 25433, 54994, 95227, 7978, 36144, 69832, 996, 86590, 74938, 93563, 39370, 8023, 18122, 28829, 32872, 79242, 70820, 98755, 81059, 10691, 50385, 39617, 19016, 1863, 56359, 38460, 67174, 91592, 22430, 17368, 97443, 878, 46355, 50098, 93139, 69976, 9080, 81250, 67133, 12450, 29860, 10515, 7229, 18784, 90514, 19054, 18495, 10502, 77269, 89119, 14108, 10620, 96989, 72023, 8856, 91521, 11678, 69216, 38189, 64461, 31020, 98319, 37543, 24755, 16609, 33556, 16612, 12763, 41905, 30677, 47421, 67343, 11855, 70264, 48856, 54312, 58986, 49212, 17225, 81724, 83758, 88507, 75316, 75104, 72850, 30442, 32626, 63929, 13975, 10352, 31178, 95848, 61832, 76994, 71041, 97101, 79981, 68823, 25960, 84031, 86511, 64668, 11598, 13801, 38277, 72117, 97914, 67271, 62497, 95121, 56480, 77291, 12295, 85165, 83568, 78821, 29000, 46548, 68710, 33837, 53867, 16757, 19744, 56490, 58506, 2704, 56409, 35185, 55884, 10413, 1967, 92366, 12720, 38904, 56674, 73494, 36995, 74568, 39592, 41098, 65909, 93224, 67867, 24312, 36412, 73676, 29939, 55884, 87263, 93716, 56026, 57244, 4070, 89635, 77378, 60358, 11337, 68615, 81852, 96708, 54183, 88797, 31269, 9360, 89105, 2535, 59726, 25955, 65244, 16768, 73543, 81718, 40902, 76314, 33436, 41909, 98773, 81808, 9719, 25421, 45418, 71987, 121, 11550, 65239, 40789, 44202, 36071, 57653, 43394, 36056, 23297, 64426, 23556, 86309, 21306, 27012, 42386, 48280, 10080, 4348, 88310, 90412, 82119, 9205, 49098, 2184, 83526, 11375, 6109, 97541, 35582, 21977, 35191, 38535, 67747, 59557, 46567, 34959, 10684, 671, 59720, 59887, 485, 14784, 36885, 67806, 20555, 39637, 90346, 34425, 6540, 18412, 78378, 59756, 27100, 45096, 77175, 81646, 59732, 18160, 89927, 40822, 95827, 99884, 32712, 63299, 13826, 85714, 22375, 34642, 93135, 95040, 87627, 56593, 10162, 1335, 24907, 11275, 57849, 31243, 19861, 99079, 15398, 23046, 39786, 73058, 18352, 90596, 73190, 18755, 43859, 95236, 53629, 45109, 83722, 79356, 47076, 62644, 97757, 13471, 27552, 93516, 12967, 49252, 1085, 54423, 9689, 79001, 15195, 48556, 32204, 40442, 35346, 62994, 33733, 67382, 49555, 60122, 40611, 12928, 92945, 10252, 45964, 84992, 1512, 78027, 75304, 45951, 56284, 25045, 39552, 38052, 75814, 1762, 99823, 76972, 67310, 62283, 41733, 23009, 32953, 78852, 84494, 34393, 32426, 77309, 29353, 87018, 31481, 22287, 73852, 13919, 95211, 57612, 5341, 78579, 87850, 58005, 44735, 76849, 63874, 54960, 17231, 90965, 88267, 87848, 83830, 59964, 7414, 27019, 63988, 28220, 60908, 57884, 71203, 30461, 65079, 25031, 40185, 78750, 46981, 80489, 92478, 38242, 60982, 98026, 5482, 58357, 82420, 69221, 47933, 41308, 46911, 93985, 74362, 98320, 32836, 21005, 85503, 60638, 52090, 16457, 81259, 97344, 71185, 51199, 32546, 37015, 82413, 74204, 2583, 41056, 12104, 19831, 19455, 13661, 3368, 6293, 24839, 2737, 57994, 65067, 22974, 80126, 70564, 55870, 22295, 54990, 188, 22708, 82010, 33866, 54839, 92881, 86023, 42822, 28002, 53771, 21295, 93768, 82639, 54827, 32269, 61670, 94699, 12629, 99213, 70585, 63371, 70163, 39410, 11420, 59374, 65058, 39544, 70840, 4105, 8975, 51408, 35270, 36395, 14905, 19463, 31253, 56593, 76004, 97054, 47585, 82196, 20301, 80867, 95726, 59810, 73784, 82432, 40019, 90101, 57866, 51891, 23969, 3726, 11832, 96918, 24802, 32825, 8453, 87570, 5910, 30479, 41802, 69112, 31765, 44030, 27039, 69845, 96240, 79148, 96989, 60634, 4975, 87175, 18069, 87499, 64971, 19045, 91141, 68569, 25404, 90932, 46267, 80532, 11728, 30381, 95769, 35013, 37457, 20905, 4517, 64695, 13129, 12749, 1818, 91327, 22606, 19672, 15427, 62325, 50224, 99886, 66678, 42678, 80750, 65241, 41447, 46222, 13943, 83906, 70729, 74336, 1726, 19116, 73335, 1723, 30675, 46925, 77182, 90826, 98994, 22759, 21028, 49319, 1714, 87944, 81788, 90533, 20925, 5438, 83502, 28657, 14540, 23899, 96217, 11472, 35876, 19131, 39399, 97335, 3323, 90272, 44040, 28073, 51304, 70624, 96620, 99178, 94411, 72001, 44800, 67313, 1790, 71579, 14737, 35858, 63905, 73477, 76009, 77549, 61502, 30404, 8360, 93569, 30438, 84984, 31813, 68448, 84388, 37695, 64509, 98530, 43872, 62143, 4409, 83775, 80273, 10350, 79665, 85682, 80513, 76395, 85135, 50, 99899, 64234, 25173, 9758, 89555, 73388, 69865, 87015, 65369, 28325, 55774, 56559, 91589, 18612, 75085, 48985, 12260, 55581, 52643, 30771, 53084, 74710, 37760, 93030, 63446, 4708, 3610, 20987, 34387, 7254, 40775, 63375, 36086, 68944, 85154, 97339, 582, 63463, 72341, 59954, 14020, 18086, 85698, 60806, 53178, 44623, 7009, 78538, 59250, 52896, 36953, 81979, 11585, 78783, 59912, 80451, 7908, 86148, 57967, 38859, 32429, 50491, 49646, 51605, 17936, 9071, 76700, 97994, 80026, 95215, 37158, 66905, 74561, 9845, 48648, 56873, 90265, 4935, 53997, 55323, 81384, 61656, 17380, 86036, 83384, 38040, 32058, 35626, 5574, 89012, 74225, 14736, 3774, 30442, 1927, 31150, 4053, 97867, 94199, 77143, 35135, 68688, 91088, 41794, 37834, 55373, 23899, 23589, 27140, 19312, 29137, 48645, 45195, 9285, 51686, 77237, 32412, 71166, 74992, 16605, 54805, 87250, 57981, 8304, 86470, 42219, 37094, 83712, 48617, 71511, 70996, 5774, 34672, 89123, 38732, 32888, 85024, 66420, 24542, 39098, 4196, 32319, 30825, 19263, 35160, 97555, 78084, 3194, 62916, 10273, 37083, 54678, 34983, 24651, 19257, 19778, 40516, 89108, 35376, 88159, 34998, 51537, 67219, 39507, 56501, 74134, 23427, 90725, 60968, 89598, 17756, 12022, 79034, 57395, 78328, 83923, 5036, 82093, 58847, 34848, 7116, 77228, 35847, 67190, 89480, 57388, 24410, 47344, 67755, 65286, 70702, 9600, 68405, 97096, 88913, 31775, 64853, 7904, 41722, 97019, 43009, 49804, 98402, 34919, 2086, 72111, 69335, 61222, 4373, 34529, 84114, 81394, 76868, 72461, 53358, 27691, 28296, 13480, 56011, 43552, 30699]})"
656.0,7,74,25,22.779694080352783,10387,"Genotype(dna={""<class 'abc.NT_0008'>"": [0, 56999], ""<class 'abc.NT_0008_P_00000'>"": [], ""<class 'abc.NT_0001'>"": [], ""<class 'abc.NT_0001_P_00000'>"": [], ""<class 'int'>"": [80903, 4706, 47695, 45437, 25302, 38407, 47911, 41280, 20876, 47623, 86904, 55373, 23589, 19312, 57981, 5774, 4196, 62916, 78328, 34848, 89480, 72111, 84114, 27691], ""<class 'bool'>"": [90671, 9706, 41889, 69465, 50630, 94229, 53268, 83378, 51198, 52517, 80864, 56983, 84611, 9863, 26653, 46759, 75883, 17618, 64460, 24766, 79493, 24139, 88100, 59674, 68925, 58603, 88542, 86971, 2074, 83004, 36300, 72448, 62475, 95326, 82844, 35160, 97555, 34983, 49026, 89108, 35376, 67219, 39507, 20060, 23427, 17756, 12022, 87036, 47344, 70702, 9600, 88913, 31775, 97019, 34645, 13480, 56011, 23961, 61622, 64153, 75820, 97162, 70647, 7256, 68916, 30036, 48073, 74358, 68510, 26764, 28736, 68692, 44411, 95498, 54567, 25426, 53841, 4898, 99229, 74318, 88444], ""<class 'abc.NT_0000'>"": [0, 0, 23967, 0, 0, 0, 0, 1, 0, 10340, 0, 1, 0, 0, 1, 0, 74871, 0, 1, 1, 0, 1, 0, 1, 0, 46858, 0, 0, 0, 0, 0, 0, 0, 0, 9925, 0, 0, 0, 0, 1, 0, 0, 0, 0, 0, 0, 1, 1, 1, 0, 1, 0, 0, 0, 77143, 29137, 48645, 45195, 9285, 51686, 9777, 71166, 74992, 54805, 8304, 86470, 42219, 37094, 83712, 71511, 4920, 89123, 38732, 32888, 85024, 24542, 32319, 30825, 19263, 78084, 10273, 37083, 48613, 19257, 40516, 88159, 51537, 56501, 90725, 89598, 79034, 83923, 5036, 82093, 7116, 77228, 35847, 57388, 67755, 65286, 68405, 97096, 60396, 41722, 49804, 34919, 69335, 61222, 4373, 81394, 76868, 72461, 28296, 43552, 30699], ""<class 'abc.NT_0000_P_00000'>"": [], ""<class 'abc.NT_0000_P_00001'>"": [], ""<class 'abc.NT_0008_P_00001'>"": [], ""<class 'abc.NT_0007'>"": [0, 30442], ""<class 'abc.NT_0007_P_00000'>"": [], ""<class 'abc.NT_0002'>"": [0, 2009, 1, 0, 0, 0, 0, 43348, 0, 0, 1, 0, 21331, 0, 1, 1, 72856, 35135, 68688, 91088, 41794, 37834, 46209, 27140, 32412, 16605, 87250, 48617, 70996, 66420, 39098, 3194, 19778, 34998, 60968, 57395, 58847, 67190, 7904, 98402, 2086, 34529, 53358], ""<class 'abc.NT_0002_P_00000'>"": [], ""<class 'abc.NT_0002_P_00001'>"": [], ""<class 'abc.NT_0003'>"": [2, 1, 42987], ""<class 'abc.NT_0003_P_00000'>"": [], ""<class 'abc.NT_0003_P_00001'>"": [], ""<class 'abc.NT_0003_P_00002'>"": [], ""<class 'abc.NT_0006'>"": [1, 73921], ""<class 'abc.NT_0006_P_00000'>"": [], ""<class 'abc.NT_0004'>"": [], ""<class 'abc.NT_0004_P_00000'>"": [], ""<class 'abc.NT_0004_P_00001'>"": [], ""<class 'abc.NT_0006_P_00001'>"": [], ""<class 'abc.NT_0006_P_00002'>"": [], ""<class 'abc.NT_0006_P_00003'>"": [], '$leftovers': [98075, 13912, 31132, 79333, 67005, 60614, 89167, 61612, 72827, 95393, 7774, 4838, 80622, 19286, 388, 89247, 61119, 81985, 19388, 78051, 82137, 3298, 46052, 62641, 15125, 10693, 59273, 50230, 2725, 66359, 94734, 79927, 68945, 22935, 63942, 30886, 88313, 17000, 96538, 23762, 47069, 41591, 64582, 40855, 91942, 98035, 27160, 65777, 36640, 83286, 24245, 70012, 52716, 78622, 49933, 34674, 21545, 85515, 63596, 76834, 55706, 47571, 77999, 46871, 39758, 29268, 46755, 21424, 96377, 55045, 94655, 81266, 38729, 78370, 54466, 29207, 27070, 19950, 48714, 85283, 87118, 58445, 55295, 49791, 69639, 85835, 25451, 31208, 52354, 5252, 87857, 91470, 89621, 16918, 64589, 10774, 881, 56333, 90790, 65621, 27489, 54457, 34171, 74830, 31890, 50572, 65953, 35998, 64391, 95281, 20637, 33135, 31174, 47515, 11748, 5326, 17817, 70004, 97142, 48764, 9977, 74644, 82108, 68086, 583, 51473, 93489, 84890, 38149, 98649, 10844, 80482, 25381, 17020, 9347, 89949, 15014, 18882, 36628, 14633, 41856, 82037, 99404, 37653, 18649, 44344, 64413, 14642, 24495, 81627, 82442, 88737, 53766, 43356, 68048, 76857, 54180, 98414, 47699, 12953, 61699, 97194, 89429, 67184, 44588, 70450, 98116, 25260, 44483, 23173, 79095, 13425, 67243, 34275, 86145, 28169, 48308, 39880, 30534, 80777, 30118, 35147, 6330, 33047, 66138, 35106, 74980, 25433, 54994, 95227, 7978, 36144, 69832, 996, 86590, 74938, 93563, 39370, 8023, 18122, 28829, 32872, 79242, 70820, 98755, 81059, 10691, 50385, 39617, 19016, 1863, 56359, 38460, 67174, 91592, 22430, 17368, 97443, 878, 46355, 50098, 93139, 69976, 9080, 81250, 67133, 12450, 29860, 10515, 7229, 18784, 90514, 19054, 18495, 10502, 77269, 89119, 14108, 10620, 96989, 72023, 8856, 91521, 11678, 69216, 38189, 64461, 31020, 98319, 37543, 24755, 16609, 33556, 16612, 12763, 41905, 30677, 47421, 67343, 11855, 70264, 48856, 54312, 58986, 49212, 17225, 81724, 83758, 88507, 75316, 75104, 72850, 30442, 32626, 63929, 13975, 10352, 31178, 95848, 61832, 76994, 71041, 97101, 79981, 68823, 25960, 84031, 86511, 64668, 11598, 13801, 38277, 72117, 97914, 67271, 62497, 95121, 56480, 77291, 12295, 85165, 83568, 78821, 29000, 46548, 68710, 33837, 53867, 16757, 19744, 56490, 58506, 2704, 56409, 35185, 55884, 10413, 1967, 92366, 12720, 38904, 56674, 73494, 36995, 74568, 39592, 41098, 65909, 93224, 67867, 24312, 36412, 73676, 29939, 55884, 87263, 93716, 56026, 57244, 4070, 89635, 77378, 60358, 11337, 68615, 81852, 96708, 54183, 88797, 31269, 9360, 89105, 2535, 59726, 25955, 65244, 16768, 73543, 81718, 40902, 76314, 33436, 41909, 98773, 81808, 9719, 25421, 45418, 71987, 121, 11550, 65239, 40789, 44202, 36071, 57653, 43394, 36056, 23297, 64426, 23556, 86309, 21306, 27012, 42386, 48280, 10080, 4348, 88310, 90412, 82119, 9205, 49098, 2184, 83526, 11375, 6109, 97541, 35582, 21977, 35191, 38535, 67747, 59557, 46567, 34959, 10684, 671, 59720, 59887, 485, 14784, 36885, 67806, 20555, 39637, 90346, 34425, 6540, 18412, 78378, 59756, 27100, 45096, 77175, 81646, 59732, 18160, 89927, 40822, 95827, 99884, 32712, 63299, 13826, 85714, 22375, 34642, 93135, 95040, 87627, 56593, 10162, 1335, 24907, 11275, 57849, 31243, 19861, 99079, 15398, 23046, 39786, 73058, 18352, 90596, 73190, 18755, 43859, 95236, 53629, 45109, 83722, 79356, 47076, 62644, 97757, 13471, 27552, 93516, 12967, 49252, 1085, 54423, 9689, 79001, 15195, 48556, 32204, 40442, 35346, 62994, 33733, 67382, 49555, 60122, 40611, 12928, 92945, 10252, 45964, 84992, 1512, 78027, 75304, 45951, 56284, 25045, 39552, 38052, 75814, 1762, 99823, 76972, 67310, 62283, 41733, 23009, 32953, 78852, 84494, 34393, 32426, 77309, 29353, 87018, 31481, 22287, 73852, 13919, 95211, 57612, 5341, 78579, 87850, 58005, 44735, 76849, 63874, 54960, 17231, 90965, 88267, 87848, 83830, 59964, 7414, 27019, 63988, 28220, 60908, 57884, 71203, 30461, 65079, 25031, 40185, 78750, 46981, 80489, 92478, 38242, 60982, 98026, 5482, 58357, 82420, 69221, 47933, 41308, 46911, 93985, 74362, 98320, 32836, 21005, 85503, 60638, 52090, 16457, 81259, 97344, 71185, 51199, 32546, 37015, 82413, 74204, 2583, 41056, 12104, 19831, 19455, 13661, 3368, 6293, 24839, 2737, 57994, 65067, 22974, 80126, 70564, 55870, 22295, 54990, 188, 22708, 82010, 33866, 54839, 92881, 86023, 42822, 28002, 53771, 21295, 93768, 82639, 54827, 32269, 61670, 94699, 12629, 99213, 70585, 63371, 70163, 39410, 11420, 59374, 65058, 39544, 70840, 4105, 8975, 51408, 35270, 36395, 14905, 19463, 31253, 56593, 76004, 97054, 47585, 82196, 20301, 80867, 95726, 59810, 73784, 82432, 40019, 90101, 57866, 51891, 23969, 3726, 11832, 96918, 24802, 32825, 8453, 87570, 5910, 30479, 41802, 69112, 31765, 44030, 27039, 69845, 96240, 79148, 96989, 60634, 4975, 87175, 18069, 87499, 64971, 19045, 91141, 68569, 25404, 90932, 46267, 80532, 11728, 30381, 95769, 35013, 37457, 20905, 4517, 64695, 13129, 12749, 1818, 91327, 22606, 19672, 15427, 62325, 50224, 99886, 66678, 42678, 80750, 65241, 41447, 46222, 13943, 83906, 70729, 74336, 1726, 19116, 73335, 1723, 30675, 46925, 77182, 90826, 98994, 22759, 21028, 49319, 1714, 87944, 81788, 90533, 20925, 5438, 83502, 28657, 14540, 23899, 96217, 11472, 35876, 19131, 39399, 97335, 3323, 90272, 44040, 28073, 51304, 70624, 96620, 99178, 94411, 72001, 44800, 67313, 1790, 71579, 14737, 35858, 63905, 73477, 76009, 77549, 61502, 30404, 8360, 93569, 30438, 84984, 31813, 68448, 84388, 37695, 64509, 98530, 43872, 62143, 4409, 83775, 80273, 10350, 79665, 85682, 80513, 76395, 85135, 50, 99899, 64234, 25173, 9758, 89555, 73388, 69865, 87015, 65369, 28325, 55774, 56559, 91589, 18612, 75085, 48985, 12260, 55581, 52643, 30771, 53084, 74710, 37760, 93030, 63446, 4708, 3610, 20987, 34387, 7254, 40775, 63375, 36086, 68944, 85154, 97339, 582, 63463, 72341, 59954, 14020, 18086, 85698, 60806, 53178, 44623, 7009, 78538, 59250, 52896, 36953, 81979, 11585, 78783, 59912, 80451, 7908, 86148, 57967, 38859, 32429, 50491, 49646, 51605, 17936, 9071, 76700, 97994, 80026, 95215, 37158, 66905, 74561, 9845, 48648, 56873, 90265, 4935, 53997, 55323, 81384, 61656, 17380, 86036, 83384, 38040, 32058, 35626, 5574, 89012, 74225, 14736, 3774, 30442, 1927, 31150, 4053, 97867, 94199, 77143, 35135, 68688, 91088, 41794, 37834, 55373, 23899, 23589, 27140, 19312, 29137, 48645, 45195, 9285, 51686, 77237, 32412, 71166, 74992, 16605, 54805, 87250, 57981, 8304, 86470, 42219, 37094, 83712, 48617, 71511, 70996, 5774, 34672, 89123, 38732, 32888, 85024, 66420, 24542, 39098, 4196, 32319, 30825, 19263, 35160, 97555, 78084, 3194, 62916, 10273, 37083, 54678, 34983, 24651, 19257, 19778, 40516, 89108, 35376, 88159, 34998, 51537, 67219, 39507, 56501, 74134, 23427, 90725, 60968, 89598, 17756, 12022, 79034, 57395, 78328, 83923, 5036, 82093, 58847, 34848, 7116, 77228, 35847, 67190, 89480, 57388, 24410, 47344, 67755, 65286, 70702, 9600, 68405, 97096, 88913, 31775, 64853, 7904, 41722, 97019, 43009, 49804, 98402, 34919, 2086, 72111, 69335, 61222, 4373, 34529, 84114, 81394, 76868, 72461, 53358, 27691, 28296, 13480, 56011, 43552, 30699]})"
656.0,7,74,26,23.364715814590454,10387,"Genotype(dna={""<class 'abc.NT_0008'>"": [0, 56999], ""<class 'abc.NT_0008_P_00000'>"": [], ""<class 'abc.NT_0001'>"": [], ""<class 'abc.NT_0001_P_00000'>"": [], ""<class 'int'>"": [80903, 4706, 47695, 45437, 25302, 38407, 47911, 41280, 20876, 47623, 86904, 55373, 23589, 19312, 57981, 5774, 4196, 62916, 78328, 34848, 89480, 72111, 84114, 27691], ""<class 'bool'>"": [90671, 9706, 41889, 69465, 50630, 94229, 53268, 83378, 51198, 52517, 80864, 56983, 84611, 9863, 26653, 46759, 75883, 17618, 64460, 24766, 79493, 24139, 88100, 59674, 68925, 58603, 88542, 86971, 2074, 83004, 36300, 72448, 62475, 95326, 82844, 35160, 97555, 34983, 49026, 89108, 35376, 67219, 39507, 20060, 23427, 17756, 12022, 87036, 47344, 70702, 9600, 88913, 31775, 97019, 34645, 13480, 56011, 23961, 61622, 64153, 75820, 97162, 70647, 7256, 68916, 30036, 48073, 74358, 68510, 26764, 28736, 68692, 44411, 95498, 54567, 25426, 53841, 4898, 99229, 74318, 88444], ""<class 'abc.NT_0000'>"": [0, 0, 23967, 0, 0, 0, 0, 1, 0, 10340, 0, 1, 0, 0, 1, 0, 74871, 0, 1, 1, 0, 1, 0, 1, 0, 46858, 0, 0, 0, 0, 0, 0, 0, 0, 9925, 0, 0, 0, 0, 1, 0, 0, 0, 0, 0, 0, 1, 1, 1, 0, 1, 0, 0, 0, 77143, 29137, 48645, 45195, 9285, 51686, 9777, 71166, 74992, 54805, 8304, 86470, 42219, 37094, 83712, 71511, 4920, 89123, 38732, 32888, 85024, 24542, 32319, 30825, 19263, 78084, 10273, 37083, 48613, 19257, 40516, 88159, 51537, 56501, 90725, 89598, 79034, 83923, 5036, 82093, 7116, 77228, 35847, 57388, 67755, 65286, 68405, 97096, 60396, 41722, 49804, 34919, 69335, 61222, 4373, 81394, 76868, 72461, 28296, 43552, 30699], ""<class 'abc.NT_0000_P_00000'>"": [], ""<class 'abc.NT_0000_P_00001'>"": [], ""<class 'abc.NT_0008_P_00001'>"": [], ""<class 'abc.NT_0007'>"": [0, 30442], ""<class 'abc.NT_0007_P_00000'>"": [], ""<class 'abc.NT_0002'>"": [0, 2009, 1, 0, 0, 0, 0, 43348, 0, 0, 1, 0, 21331, 0, 1, 1, 72856, 35135, 68688, 91088, 41794, 37834, 46209, 27140, 32412, 16605, 87250, 48617, 70996, 66420, 39098, 3194, 19778, 34998, 60968, 57395, 58847, 67190, 7904, 98402, 2086, 34529, 53358], ""<class 'abc.NT_0002_P_00000'>"": [], ""<class 'abc.NT_0002_P_00001'>"": [], ""<class 'abc.NT_0003'>"": [2, 1, 42987], ""<class 'abc.NT_0003_P_00000'>"": [], ""<class 'abc.NT_0003_P_00001'>"": [], ""<class 'abc.NT_0003_P_00002'>"": [], ""<class 'abc.NT_0006'>"": [1, 73921], ""<class 'abc.NT_0006_P_00000'>"": [], ""<class 'abc.NT_0004'>"": [], ""<class 'abc.NT_0004_P_00000'>"": [], ""<class 'abc.NT_0004_P_00001'>"": [], ""<class 'abc.NT_0006_P_00001'>"": [], ""<class 'abc.NT_0006_P_00002'>"": [], ""<class 'abc.NT_0006_P_00003'>"": [], '$leftovers': [98075, 13912, 31132, 79333, 67005, 60614, 89167, 61612, 72827, 95393, 7774, 4838, 80622, 19286, 388, 89247, 61119, 81985, 19388, 78051, 82137, 3298, 46052, 62641, 15125, 10693, 59273, 50230, 2725, 66359, 94734, 79927, 68945, 22935, 63942, 30886, 88313, 17000, 96538, 23762, 47069, 41591, 64582, 40855, 91942, 98035, 27160, 65777, 36640, 83286, 24245, 70012, 52716, 78622, 49933, 34674, 21545, 85515, 63596, 76834, 55706, 47571, 77999, 46871, 39758, 29268, 46755, 21424, 96377, 55045, 94655, 81266, 38729, 78370, 54466, 29207, 27070, 19950, 48714, 85283, 87118, 58445, 55295, 49791, 69639, 85835, 25451, 31208, 52354, 5252, 87857, 91470, 89621, 16918, 64589, 10774, 881, 56333, 90790, 65621, 27489, 54457, 34171, 74830, 31890, 50572, 65953, 35998, 64391, 95281, 20637, 33135, 31174, 47515, 11748, 5326, 17817, 70004, 97142, 48764, 9977, 74644, 82108, 68086, 583, 51473, 93489, 84890, 38149, 98649, 10844, 80482, 25381, 17020, 9347, 89949, 15014, 18882, 36628, 14633, 41856, 82037, 99404, 37653, 18649, 44344, 64413, 14642, 24495, 81627, 82442, 88737, 53766, 43356, 68048, 76857, 54180, 98414, 47699, 12953, 61699, 97194, 89429, 67184, 44588, 70450, 98116, 25260, 44483, 23173, 79095, 13425, 67243, 34275, 86145, 28169, 48308, 39880, 30534, 80777, 30118, 35147, 6330, 33047, 66138, 35106, 74980, 25433, 54994, 95227, 7978, 36144, 69832, 996, 86590, 74938, 93563, 39370, 8023, 18122, 28829, 32872, 79242, 70820, 98755, 81059, 10691, 50385, 39617, 19016, 1863, 56359, 38460, 67174, 91592, 22430, 17368, 97443, 878, 46355, 50098, 93139, 69976, 9080, 81250, 67133, 12450, 29860, 10515, 7229, 18784, 90514, 19054, 18495, 10502, 77269, 89119, 14108, 10620, 96989, 72023, 8856, 91521, 11678, 69216, 38189, 64461, 31020, 98319, 37543, 24755, 16609, 33556, 16612, 12763, 41905, 30677, 47421, 67343, 11855, 70264, 48856, 54312, 58986, 49212, 17225, 81724, 83758, 88507, 75316, 75104, 72850, 30442, 32626, 63929, 13975, 10352, 31178, 95848, 61832, 76994, 71041, 97101, 79981, 68823, 25960, 84031, 86511, 64668, 11598, 13801, 38277, 72117, 97914, 67271, 62497, 95121, 56480, 77291, 12295, 85165, 83568, 78821, 29000, 46548, 68710, 33837, 53867, 16757, 19744, 56490, 58506, 2704, 56409, 35185, 55884, 10413, 1967, 92366, 12720, 38904, 56674, 73494, 36995, 74568, 39592, 41098, 65909, 93224, 67867, 24312, 36412, 73676, 29939, 55884, 87263, 93716, 56026, 57244, 4070, 89635, 77378, 60358, 11337, 68615, 81852, 96708, 54183, 88797, 31269, 9360, 89105, 2535, 59726, 25955, 65244, 16768, 73543, 81718, 40902, 76314, 33436, 41909, 98773, 81808, 9719, 25421, 45418, 71987, 121, 11550, 65239, 40789, 44202, 36071, 57653, 43394, 36056, 23297, 64426, 23556, 86309, 21306, 27012, 42386, 48280, 10080, 4348, 88310, 90412, 82119, 9205, 49098, 2184, 83526, 11375, 6109, 97541, 35582, 21977, 35191, 38535, 67747, 59557, 46567, 34959, 10684, 671, 59720, 59887, 485, 14784, 36885, 67806, 20555, 39637, 90346, 34425, 6540, 18412, 78378, 59756, 27100, 45096, 77175, 81646, 59732, 18160, 89927, 40822, 95827, 99884, 32712, 63299, 13826, 85714, 22375, 34642, 93135, 95040, 87627, 56593, 10162, 1335, 24907, 11275, 57849, 31243, 19861, 99079, 15398, 23046, 39786, 73058, 18352, 90596, 73190, 18755, 43859, 95236, 53629, 45109, 83722, 79356, 47076, 62644, 97757, 13471, 27552, 93516, 12967, 49252, 1085, 54423, 9689, 79001, 15195, 48556, 32204, 40442, 35346, 62994, 33733, 67382, 49555, 60122, 40611, 12928, 92945, 10252, 45964, 84992, 1512, 78027, 75304, 45951, 56284, 25045, 39552, 38052, 75814, 1762, 99823, 76972, 67310, 62283, 41733, 23009, 32953, 78852, 84494, 34393, 32426, 77309, 29353, 87018, 31481, 22287, 73852, 13919, 95211, 57612, 5341, 78579, 87850, 58005, 44735, 76849, 63874, 54960, 17231, 90965, 88267, 87848, 83830, 59964, 7414, 27019, 63988, 28220, 60908, 57884, 71203, 30461, 65079, 25031, 40185, 78750, 46981, 80489, 92478, 38242, 60982, 98026, 5482, 58357, 82420, 69221, 47933, 41308, 46911, 93985, 74362, 98320, 32836, 21005, 85503, 60638, 52090, 16457, 81259, 97344, 71185, 51199, 32546, 37015, 82413, 74204, 2583, 41056, 12104, 19831, 19455, 13661, 3368, 6293, 24839, 2737, 57994, 65067, 22974, 80126, 70564, 55870, 22295, 54990, 188, 22708, 82010, 33866, 54839, 92881, 86023, 42822, 28002, 53771, 21295, 93768, 82639, 54827, 32269, 61670, 94699, 12629, 99213, 70585, 63371, 70163, 39410, 11420, 59374, 65058, 39544, 70840, 4105, 8975, 51408, 35270, 36395, 14905, 19463, 31253, 56593, 76004, 97054, 47585, 82196, 20301, 80867, 95726, 59810, 73784, 82432, 40019, 90101, 57866, 51891, 23969, 3726, 11832, 96918, 24802, 32825, 8453, 87570, 5910, 30479, 41802, 69112, 31765, 44030, 27039, 69845, 96240, 79148, 96989, 60634, 4975, 87175, 18069, 87499, 64971, 19045, 91141, 68569, 25404, 90932, 46267, 80532, 11728, 30381, 95769, 35013, 37457, 20905, 4517, 64695, 13129, 12749, 1818, 91327, 22606, 19672, 15427, 62325, 50224, 99886, 66678, 42678, 80750, 65241, 41447, 46222, 13943, 83906, 70729, 74336, 1726, 19116, 73335, 1723, 30675, 46925, 77182, 90826, 98994, 22759, 21028, 49319, 1714, 87944, 81788, 90533, 20925, 5438, 83502, 28657, 14540, 23899, 96217, 11472, 35876, 19131, 39399, 97335, 3323, 90272, 44040, 28073, 51304, 70624, 96620, 99178, 94411, 72001, 44800, 67313, 1790, 71579, 14737, 35858, 63905, 73477, 76009, 77549, 61502, 30404, 8360, 93569, 30438, 84984, 31813, 68448, 84388, 37695, 64509, 98530, 43872, 62143, 4409, 83775, 80273, 10350, 79665, 85682, 80513, 76395, 85135, 50, 99899, 64234, 25173, 9758, 89555, 73388, 69865, 87015, 65369, 28325, 55774, 56559, 91589, 18612, 75085, 48985, 12260, 55581, 52643, 30771, 53084, 74710, 37760, 93030, 63446, 4708, 3610, 20987, 34387, 7254, 40775, 63375, 36086, 68944, 85154, 97339, 582, 63463, 72341, 59954, 14020, 18086, 85698, 60806, 53178, 44623, 7009, 78538, 59250, 52896, 36953, 81979, 11585, 78783, 59912, 80451, 7908, 86148, 57967, 38859, 32429, 50491, 49646, 51605, 17936, 9071, 76700, 97994, 80026, 95215, 37158, 66905, 74561, 9845, 48648, 56873, 90265, 4935, 53997, 55323, 81384, 61656, 17380, 86036, 83384, 38040, 32058, 35626, 5574, 89012, 74225, 14736, 3774, 30442, 1927, 31150, 4053, 97867, 94199, 77143, 35135, 68688, 91088, 41794, 37834, 55373, 23899, 23589, 27140, 19312, 29137, 48645, 45195, 9285, 51686, 77237, 32412, 71166, 74992, 16605, 54805, 87250, 57981, 8304, 86470, 42219, 37094, 83712, 48617, 71511, 70996, 5774, 34672, 89123, 38732, 32888, 85024, 66420, 24542, 39098, 4196, 32319, 30825, 19263, 35160, 97555, 78084, 3194, 62916, 10273, 37083, 54678, 34983, 24651, 19257, 19778, 40516, 89108, 35376, 88159, 34998, 51537, 67219, 39507, 56501, 74134, 23427, 90725, 60968, 89598, 17756, 12022, 79034, 57395, 78328, 83923, 5036, 82093, 58847, 34848, 7116, 77228, 35847, 67190, 89480, 57388, 24410, 47344, 67755, 65286, 70702, 9600, 68405, 97096, 88913, 31775, 64853, 7904, 41722, 97019, 43009, 49804, 98402, 34919, 2086, 72111, 69335, 61222, 4373, 34529, 84114, 81394, 76868, 72461, 53358, 27691, 28296, 13480, 56011, 43552, 30699]})"
651.0,7,74,27,23.88553547859192,10387,"Genotype(dna={""<class 'abc.NT_0008'>"": [0, 44458], ""<class 'abc.NT_0008_P_00000'>"": [], ""<class 'abc.NT_0001'>"": [], ""<class 'abc.NT_0001_P_00000'>"": [], ""<class 'int'>"": [80903, 4706, 47695, 45437, 36791, 38407, 45651, 41280, 20876, 47623, 86904, 55373, 54597, 19312, 57981, 5774, 4196, 50252, 78328, 34848, 89480, 72111, 84114, 27691, 95393], ""<class 'bool'>"": [90671, 9706, 41889, 69465, 50630, 94229, 53268, 83378, 51198, 52517, 80864, 56983, 84611, 9863, 26653, 46759, 75883, 17618, 64460, 24766, 79493, 24139, 88100, 59674, 68925, 58603, 88542, 86971, 2074, 83004, 36300, 72448, 62475, 95326, 82844, 35160, 97555, 34983, 49026, 89108, 35376, 67219, 39507, 20060, 23427, 17756, 12022, 87036, 47344, 70702, 9600, 88913, 31775, 97019, 34645, 13480, 56011, 23961, 61622, 64153, 75820, 97162, 70647, 7256, 68916, 30036, 48073, 74358, 68510, 26764, 28736, 68692, 44411, 95498, 54567, 25426, 53841, 4898, 99229, 74318, 88444], ""<class 'abc.NT_0000'>"": [0, 0, 23967, 0, 0, 0, 0, 1, 0, 10340, 0, 1, 0, 0, 1, 0, 74871, 0, 1, 1, 0, 1, 0, 1, 0, 46858, 0, 0, 0, 0, 0, 0, 0, 0, 9925, 0, 0, 0, 0, 1, 0, 0, 0, 0, 0, 0, 1, 1, 1, 0, 1, 0, 0, 0, 77143, 29137, 48645, 45195, 9285, 51686, 9777, 71166, 74992, 54805, 8304, 86470, 42219, 37094, 83712, 71511, 4920, 89123, 38732, 32888, 85024, 24542, 32319, 30825, 19263, 78084, 10273, 37083, 48613, 19257, 40516, 88159, 51537, 56501, 90725, 89598, 79034, 83923, 5036, 82093, 7116, 77228, 35847, 57388, 67755, 65286, 68405, 97096, 60396, 41722, 49804, 34919, 69335, 61222, 4373, 81394, 76868, 72461, 28296, 43552, 30699], ""<class 'abc.NT_0000_P_00000'>"": [], ""<class 'abc.NT_0000_P_00001'>"": [], ""<class 'abc.NT_0008_P_00001'>"": [], ""<class 'abc.NT_0007'>"": [0, 30442], ""<class 'abc.NT_0007_P_00000'>"": [], ""<class 'abc.NT_0002'>"": [0, 2009, 1, 0, 0, 0, 0, 43348, 0, 0, 1, 0, 21331, 0, 1, 1, 72856, 35135, 68688, 91088, 41794, 37834, 46209, 27140, 32412, 16605, 87250, 48617, 70996, 66420, 39098, 3194, 19778, 34998, 60968, 57395, 58847, 67190, 7904, 98402, 2086, 34529, 53358], ""<class 'abc.NT_0002_P_00000'>"": [], ""<class 'abc.NT_0002_P_00001'>"": [], ""<class 'abc.NT_0003'>"": [2, 1, 42987], ""<class 'abc.NT_0003_P_00000'>"": [], ""<class 'abc.NT_0003_P_00001'>"": [], ""<class 'abc.NT_0003_P_00002'>"": [], ""<class 'abc.NT_0006'>"": [1, 73921], ""<class 'abc.NT_0006_P_00000'>"": [], ""<class 'abc.NT_0004'>"": [], ""<class 'abc.NT_0004_P_00000'>"": [], ""<class 'abc.NT_0004_P_00001'>"": [], ""<class 'abc.NT_0006_P_00001'>"": [], ""<class 'abc.NT_0006_P_00002'>"": [], ""<class 'abc.NT_0006_P_00003'>"": [], '$leftovers': [98075, 13912, 31132, 79333, 67005, 60614, 89167, 61612, 72827, 95393, 7774, 4838, 80622, 19286, 388, 89247, 61119, 81985, 19388, 78051, 82137, 3298, 46052, 62641, 15125, 10693, 59273, 50230, 2725, 66359, 94734, 79927, 68945, 22935, 63942, 30886, 88313, 17000, 96538, 23762, 47069, 41591, 64582, 40855, 91942, 98035, 27160, 65777, 36640, 83286, 24245, 70012, 52716, 78622, 49933, 34674, 21545, 85515, 63596, 76834, 55706, 47571, 77999, 46871, 39758, 29268, 46755, 21424, 96377, 55045, 94655, 81266, 38729, 78370, 54466, 29207, 27070, 19950, 48714, 85283, 87118, 58445, 55295, 49791, 69639, 85835, 25451, 31208, 52354, 5252, 87857, 91470, 89621, 16918, 64589, 10774, 881, 56333, 90790, 65621, 27489, 54457, 34171, 74830, 31890, 50572, 65953, 35998, 64391, 95281, 20637, 33135, 31174, 47515, 11748, 5326, 17817, 70004, 97142, 48764, 9977, 74644, 82108, 68086, 583, 51473, 93489, 84890, 38149, 98649, 10844, 80482, 25381, 17020, 9347, 89949, 15014, 18882, 36628, 14633, 41856, 82037, 99404, 37653, 18649, 44344, 64413, 14642, 24495, 81627, 82442, 88737, 53766, 43356, 68048, 76857, 54180, 98414, 47699, 12953, 61699, 97194, 89429, 67184, 44588, 70450, 98116, 25260, 44483, 23173, 79095, 13425, 67243, 34275, 86145, 28169, 48308, 39880, 30534, 80777, 30118, 35147, 6330, 33047, 66138, 35106, 74980, 25433, 54994, 95227, 7978, 36144, 69832, 996, 86590, 74938, 93563, 39370, 8023, 18122, 28829, 32872, 79242, 70820, 98755, 81059, 10691, 50385, 39617, 19016, 1863, 56359, 38460, 67174, 91592, 22430, 17368, 97443, 878, 46355, 50098, 93139, 69976, 9080, 81250, 67133, 12450, 29860, 10515, 7229, 18784, 90514, 19054, 18495, 10502, 77269, 89119, 14108, 10620, 96989, 72023, 8856, 91521, 11678, 69216, 38189, 64461, 31020, 98319, 37543, 24755, 16609, 33556, 16612, 12763, 41905, 30677, 47421, 67343, 11855, 70264, 48856, 54312, 58986, 49212, 17225, 81724, 83758, 88507, 75316, 75104, 72850, 30442, 32626, 63929, 13975, 10352, 31178, 95848, 61832, 76994, 71041, 97101, 79981, 68823, 25960, 84031, 86511, 64668, 11598, 13801, 38277, 72117, 97914, 67271, 62497, 95121, 56480, 77291, 12295, 85165, 83568, 78821, 29000, 46548, 68710, 33837, 53867, 16757, 19744, 56490, 58506, 2704, 56409, 35185, 55884, 10413, 1967, 92366, 12720, 38904, 56674, 73494, 36995, 74568, 39592, 41098, 65909, 93224, 67867, 24312, 36412, 73676, 29939, 55884, 87263, 93716, 56026, 57244, 4070, 89635, 77378, 60358, 11337, 68615, 81852, 96708, 54183, 88797, 31269, 9360, 89105, 2535, 59726, 25955, 65244, 16768, 73543, 81718, 40902, 76314, 33436, 41909, 98773, 81808, 9719, 25421, 45418, 71987, 121, 11550, 65239, 40789, 44202, 36071, 57653, 43394, 36056, 23297, 64426, 23556, 86309, 21306, 27012, 42386, 48280, 10080, 4348, 88310, 90412, 82119, 9205, 49098, 2184, 83526, 11375, 6109, 97541, 35582, 21977, 35191, 38535, 67747, 59557, 46567, 34959, 10684, 671, 59720, 59887, 485, 14784, 36885, 67806, 20555, 39637, 90346, 34425, 6540, 18412, 78378, 59756, 27100, 45096, 77175, 81646, 59732, 18160, 89927, 40822, 95827, 99884, 32712, 63299, 13826, 85714, 22375, 34642, 93135, 95040, 87627, 56593, 10162, 1335, 24907, 11275, 57849, 31243, 19861, 99079, 15398, 23046, 39786, 73058, 18352, 90596, 73190, 18755, 43859, 95236, 53629, 45109, 83722, 79356, 47076, 62644, 97757, 13471, 27552, 93516, 12967, 49252, 1085, 54423, 9689, 79001, 15195, 48556, 32204, 40442, 35346, 62994, 33733, 67382, 49555, 60122, 40611, 12928, 92945, 10252, 45964, 84992, 1512, 78027, 75304, 45951, 56284, 25045, 39552, 38052, 75814, 1762, 99823, 76972, 67310, 62283, 41733, 23009, 32953, 78852, 84494, 34393, 32426, 77309, 29353, 87018, 31481, 22287, 73852, 13919, 95211, 57612, 5341, 78579, 87850, 58005, 44735, 76849, 63874, 54960, 17231, 90965, 88267, 87848, 83830, 59964, 7414, 27019, 63988, 28220, 60908, 57884, 71203, 30461, 65079, 25031, 40185, 78750, 46981, 80489, 92478, 38242, 60982, 98026, 5482, 58357, 82420, 69221, 47933, 41308, 46911, 93985, 74362, 98320, 32836, 21005, 85503, 60638, 52090, 16457, 81259, 97344, 71185, 51199, 32546, 37015, 82413, 74204, 2583, 41056, 12104, 19831, 19455, 13661, 3368, 6293, 24839, 2737, 57994, 65067, 22974, 80126, 70564, 55870, 22295, 54990, 188, 22708, 82010, 33866, 54839, 92881, 86023, 42822, 28002, 53771, 21295, 93768, 82639, 54827, 32269, 61670, 94699, 12629, 99213, 70585, 63371, 70163, 39410, 11420, 59374, 65058, 39544, 70840, 4105, 8975, 51408, 35270, 36395, 14905, 19463, 31253, 56593, 76004, 97054, 47585, 82196, 20301, 80867, 95726, 59810, 73784, 82432, 40019, 90101, 57866, 51891, 23969, 3726, 11832, 96918, 24802, 32825, 8453, 87570, 5910, 30479, 41802, 69112, 31765, 44030, 27039, 69845, 96240, 79148, 96989, 60634, 4975, 87175, 18069, 87499, 64971, 19045, 91141, 68569, 25404, 90932, 46267, 80532, 11728, 30381, 95769, 35013, 37457, 20905, 4517, 64695, 13129, 12749, 1818, 91327, 22606, 19672, 15427, 62325, 50224, 99886, 66678, 42678, 80750, 65241, 41447, 46222, 13943, 83906, 70729, 74336, 1726, 19116, 73335, 1723, 30675, 46925, 77182, 90826, 98994, 22759, 21028, 49319, 1714, 87944, 81788, 90533, 20925, 5438, 83502, 28657, 14540, 23899, 96217, 11472, 35876, 19131, 39399, 97335, 3323, 90272, 44040, 28073, 51304, 70624, 96620, 99178, 94411, 72001, 44800, 67313, 1790, 71579, 14737, 35858, 63905, 73477, 76009, 77549, 61502, 30404, 8360, 93569, 30438, 84984, 31813, 68448, 84388, 37695, 64509, 98530, 43872, 62143, 4409, 83775, 80273, 10350, 79665, 85682, 80513, 76395, 85135, 50, 99899, 64234, 25173, 9758, 89555, 73388, 69865, 87015, 65369, 28325, 55774, 56559, 91589, 18612, 75085, 48985, 12260, 55581, 52643, 30771, 53084, 74710, 37760, 93030, 63446, 4708, 3610, 20987, 34387, 7254, 40775, 63375, 36086, 68944, 85154, 97339, 582, 63463, 72341, 59954, 14020, 18086, 85698, 60806, 53178, 44623, 7009, 78538, 59250, 52896, 36953, 81979, 11585, 78783, 59912, 80451, 7908, 86148, 57967, 38859, 32429, 50491, 49646, 51605, 17936, 9071, 76700, 97994, 80026, 95215, 37158, 66905, 74561, 9845, 48648, 56873, 90265, 4935, 53997, 55323, 81384, 61656, 17380, 86036, 83384, 38040, 32058, 35626, 5574, 89012, 74225, 14736, 3774, 30442, 1927, 31150, 4053, 97867, 94199, 77143, 35135, 68688, 91088, 41794, 37834, 55373, 23899, 23589, 27140, 19312, 29137, 48645, 45195, 9285, 51686, 77237, 32412, 71166, 74992, 16605, 54805, 87250, 57981, 8304, 86470, 42219, 37094, 83712, 48617, 71511, 70996, 5774, 34672, 89123, 38732, 32888, 85024, 66420, 24542, 39098, 4196, 32319, 30825, 19263, 35160, 97555, 78084, 3194, 62916, 10273, 37083, 54678, 34983, 24651, 19257, 19778, 40516, 89108, 35376, 88159, 34998, 51537, 67219, 39507, 56501, 74134, 23427, 90725, 60968, 89598, 17756, 12022, 79034, 57395, 78328, 83923, 5036, 82093, 58847, 34848, 7116, 77228, 35847, 67190, 89480, 57388, 24410, 47344, 67755, 65286, 70702, 9600, 68405, 97096, 88913, 31775, 64853, 7904, 41722, 97019, 43009, 49804, 98402, 34919, 2086, 72111, 69335, 61222, 4373, 34529, 84114, 81394, 76868, 72461, 53358, 27691, 28296, 13480, 56011, 43552, 30699]})"
651.0,7,74,28,24.47956371307373,10387,"Genotype(dna={""<class 'abc.NT_0008'>"": [0, 44458], ""<class 'abc.NT_0008_P_00000'>"": [], ""<class 'abc.NT_0001'>"": [], ""<class 'abc.NT_0001_P_00000'>"": [], ""<class 'int'>"": [80903, 4706, 47695, 45437, 36791, 38407, 45651, 41280, 20876, 47623, 86904, 55373, 54597, 19312, 57981, 5774, 4196, 50252, 78328, 34848, 89480, 72111, 84114, 27691, 95393], ""<class 'bool'>"": [90671, 9706, 41889, 69465, 50630, 94229, 53268, 83378, 51198, 52517, 80864, 56983, 84611, 9863, 26653, 46759, 75883, 17618, 64460, 24766, 79493, 24139, 88100, 59674, 68925, 58603, 88542, 86971, 2074, 83004, 36300, 72448, 62475, 95326, 82844, 35160, 97555, 34983, 49026, 89108, 35376, 67219, 39507, 20060, 23427, 17756, 12022, 87036, 47344, 70702, 9600, 88913, 31775, 97019, 34645, 13480, 56011, 23961, 61622, 64153, 75820, 97162, 70647, 7256, 68916, 30036, 48073, 74358, 68510, 26764, 28736, 68692, 44411, 95498, 54567, 25426, 53841, 4898, 99229, 74318, 88444], ""<class 'abc.NT_0000'>"": [0, 0, 23967, 0, 0, 0, 0, 1, 0, 10340, 0, 1, 0, 0, 1, 0, 74871, 0, 1, 1, 0, 1, 0, 1, 0, 46858, 0, 0, 0, 0, 0, 0, 0, 0, 9925, 0, 0, 0, 0, 1, 0, 0, 0, 0, 0, 0, 1, 1, 1, 0, 1, 0, 0, 0, 77143, 29137, 48645, 45195, 9285, 51686, 9777, 71166, 74992, 54805, 8304, 86470, 42219, 37094, 83712, 71511, 4920, 89123, 38732, 32888, 85024, 24542, 32319, 30825, 19263, 78084, 10273, 37083, 48613, 19257, 40516, 88159, 51537, 56501, 90725, 89598, 79034, 83923, 5036, 82093, 7116, 77228, 35847, 57388, 67755, 65286, 68405, 97096, 60396, 41722, 49804, 34919, 69335, 61222, 4373, 81394, 76868, 72461, 28296, 43552, 30699], ""<class 'abc.NT_0000_P_00000'>"": [], ""<class 'abc.NT_0000_P_00001'>"": [], ""<class 'abc.NT_0008_P_00001'>"": [], ""<class 'abc.NT_0007'>"": [0, 30442], ""<class 'abc.NT_0007_P_00000'>"": [], ""<class 'abc.NT_0002'>"": [0, 2009, 1, 0, 0, 0, 0, 43348, 0, 0, 1, 0, 21331, 0, 1, 1, 72856, 35135, 68688, 91088, 41794, 37834, 46209, 27140, 32412, 16605, 87250, 48617, 70996, 66420, 39098, 3194, 19778, 34998, 60968, 57395, 58847, 67190, 7904, 98402, 2086, 34529, 53358], ""<class 'abc.NT_0002_P_00000'>"": [], ""<class 'abc.NT_0002_P_00001'>"": [], ""<class 'abc.NT_0003'>"": [2, 1, 42987], ""<class 'abc.NT_0003_P_00000'>"": [], ""<class 'abc.NT_0003_P_00001'>"": [], ""<class 'abc.NT_0003_P_00002'>"": [], ""<class 'abc.NT_0006'>"": [1, 73921], ""<class 'abc.NT_0006_P_00000'>"": [], ""<class 'abc.NT_0004'>"": [], ""<class 'abc.NT_0004_P_00000'>"": [], ""<class 'abc.NT_0004_P_00001'>"": [], ""<class 'abc.NT_0006_P_00001'>"": [], ""<class 'abc.NT_0006_P_00002'>"": [], ""<class 'abc.NT_0006_P_00003'>"": [], '$leftovers': [98075, 13912, 31132, 79333, 67005, 60614, 89167, 61612, 72827, 95393, 7774, 4838, 80622, 19286, 388, 89247, 61119, 81985, 19388, 78051, 82137, 3298, 46052, 62641, 15125, 10693, 59273, 50230, 2725, 66359, 94734, 79927, 68945, 22935, 63942, 30886, 88313, 17000, 96538, 23762, 47069, 41591, 64582, 40855, 91942, 98035, 27160, 65777, 36640, 83286, 24245, 70012, 52716, 78622, 49933, 34674, 21545, 85515, 63596, 76834, 55706, 47571, 77999, 46871, 39758, 29268, 46755, 21424, 96377, 55045, 94655, 81266, 38729, 78370, 54466, 29207, 27070, 19950, 48714, 85283, 87118, 58445, 55295, 49791, 69639, 85835, 25451, 31208, 52354, 5252, 87857, 91470, 89621, 16918, 64589, 10774, 881, 56333, 90790, 65621, 27489, 54457, 34171, 74830, 31890, 50572, 65953, 35998, 64391, 95281, 20637, 33135, 31174, 47515, 11748, 5326, 17817, 70004, 97142, 48764, 9977, 74644, 82108, 68086, 583, 51473, 93489, 84890, 38149, 98649, 10844, 80482, 25381, 17020, 9347, 89949, 15014, 18882, 36628, 14633, 41856, 82037, 99404, 37653, 18649, 44344, 64413, 14642, 24495, 81627, 82442, 88737, 53766, 43356, 68048, 76857, 54180, 98414, 47699, 12953, 61699, 97194, 89429, 67184, 44588, 70450, 98116, 25260, 44483, 23173, 79095, 13425, 67243, 34275, 86145, 28169, 48308, 39880, 30534, 80777, 30118, 35147, 6330, 33047, 66138, 35106, 74980, 25433, 54994, 95227, 7978, 36144, 69832, 996, 86590, 74938, 93563, 39370, 8023, 18122, 28829, 32872, 79242, 70820, 98755, 81059, 10691, 50385, 39617, 19016, 1863, 56359, 38460, 67174, 91592, 22430, 17368, 97443, 878, 46355, 50098, 93139, 69976, 9080, 81250, 67133, 12450, 29860, 10515, 7229, 18784, 90514, 19054, 18495, 10502, 77269, 89119, 14108, 10620, 96989, 72023, 8856, 91521, 11678, 69216, 38189, 64461, 31020, 98319, 37543, 24755, 16609, 33556, 16612, 12763, 41905, 30677, 47421, 67343, 11855, 70264, 48856, 54312, 58986, 49212, 17225, 81724, 83758, 88507, 75316, 75104, 72850, 30442, 32626, 63929, 13975, 10352, 31178, 95848, 61832, 76994, 71041, 97101, 79981, 68823, 25960, 84031, 86511, 64668, 11598, 13801, 38277, 72117, 97914, 67271, 62497, 95121, 56480, 77291, 12295, 85165, 83568, 78821, 29000, 46548, 68710, 33837, 53867, 16757, 19744, 56490, 58506, 2704, 56409, 35185, 55884, 10413, 1967, 92366, 12720, 38904, 56674, 73494, 36995, 74568, 39592, 41098, 65909, 93224, 67867, 24312, 36412, 73676, 29939, 55884, 87263, 93716, 56026, 57244, 4070, 89635, 77378, 60358, 11337, 68615, 81852, 96708, 54183, 88797, 31269, 9360, 89105, 2535, 59726, 25955, 65244, 16768, 73543, 81718, 40902, 76314, 33436, 41909, 98773, 81808, 9719, 25421, 45418, 71987, 121, 11550, 65239, 40789, 44202, 36071, 57653, 43394, 36056, 23297, 64426, 23556, 86309, 21306, 27012, 42386, 48280, 10080, 4348, 88310, 90412, 82119, 9205, 49098, 2184, 83526, 11375, 6109, 97541, 35582, 21977, 35191, 38535, 67747, 59557, 46567, 34959, 10684, 671, 59720, 59887, 485, 14784, 36885, 67806, 20555, 39637, 90346, 34425, 6540, 18412, 78378, 59756, 27100, 45096, 77175, 81646, 59732, 18160, 89927, 40822, 95827, 99884, 32712, 63299, 13826, 85714, 22375, 34642, 93135, 95040, 87627, 56593, 10162, 1335, 24907, 11275, 57849, 31243, 19861, 99079, 15398, 23046, 39786, 73058, 18352, 90596, 73190, 18755, 43859, 95236, 53629, 45109, 83722, 79356, 47076, 62644, 97757, 13471, 27552, 93516, 12967, 49252, 1085, 54423, 9689, 79001, 15195, 48556, 32204, 40442, 35346, 62994, 33733, 67382, 49555, 60122, 40611, 12928, 92945, 10252, 45964, 84992, 1512, 78027, 75304, 45951, 56284, 25045, 39552, 38052, 75814, 1762, 99823, 76972, 67310, 62283, 41733, 23009, 32953, 78852, 84494, 34393, 32426, 77309, 29353, 87018, 31481, 22287, 73852, 13919, 95211, 57612, 5341, 78579, 87850, 58005, 44735, 76849, 63874, 54960, 17231, 90965, 88267, 87848, 83830, 59964, 7414, 27019, 63988, 28220, 60908, 57884, 71203, 30461, 65079, 25031, 40185, 78750, 46981, 80489, 92478, 38242, 60982, 98026, 5482, 58357, 82420, 69221, 47933, 41308, 46911, 93985, 74362, 98320, 32836, 21005, 85503, 60638, 52090, 16457, 81259, 97344, 71185, 51199, 32546, 37015, 82413, 74204, 2583, 41056, 12104, 19831, 19455, 13661, 3368, 6293, 24839, 2737, 57994, 65067, 22974, 80126, 70564, 55870, 22295, 54990, 188, 22708, 82010, 33866, 54839, 92881, 86023, 42822, 28002, 53771, 21295, 93768, 82639, 54827, 32269, 61670, 94699, 12629, 99213, 70585, 63371, 70163, 39410, 11420, 59374, 65058, 39544, 70840, 4105, 8975, 51408, 35270, 36395, 14905, 19463, 31253, 56593, 76004, 97054, 47585, 82196, 20301, 80867, 95726, 59810, 73784, 82432, 40019, 90101, 57866, 51891, 23969, 3726, 11832, 96918, 24802, 32825, 8453, 87570, 5910, 30479, 41802, 69112, 31765, 44030, 27039, 69845, 96240, 79148, 96989, 60634, 4975, 87175, 18069, 87499, 64971, 19045, 91141, 68569, 25404, 90932, 46267, 80532, 11728, 30381, 95769, 35013, 37457, 20905, 4517, 64695, 13129, 12749, 1818, 91327, 22606, 19672, 15427, 62325, 50224, 99886, 66678, 42678, 80750, 65241, 41447, 46222, 13943, 83906, 70729, 74336, 1726, 19116, 73335, 1723, 30675, 46925, 77182, 90826, 98994, 22759, 21028, 49319, 1714, 87944, 81788, 90533, 20925, 5438, 83502, 28657, 14540, 23899, 96217, 11472, 35876, 19131, 39399, 97335, 3323, 90272, 44040, 28073, 51304, 70624, 96620, 99178, 94411, 72001, 44800, 67313, 1790, 71579, 14737, 35858, 63905, 73477, 76009, 77549, 61502, 30404, 8360, 93569, 30438, 84984, 31813, 68448, 84388, 37695, 64509, 98530, 43872, 62143, 4409, 83775, 80273, 10350, 79665, 85682, 80513, 76395, 85135, 50, 99899, 64234, 25173, 9758, 89555, 73388, 69865, 87015, 65369, 28325, 55774, 56559, 91589, 18612, 75085, 48985, 12260, 55581, 52643, 30771, 53084, 74710, 37760, 93030, 63446, 4708, 3610, 20987, 34387, 7254, 40775, 63375, 36086, 68944, 85154, 97339, 582, 63463, 72341, 59954, 14020, 18086, 85698, 60806, 53178, 44623, 7009, 78538, 59250, 52896, 36953, 81979, 11585, 78783, 59912, 80451, 7908, 86148, 57967, 38859, 32429, 50491, 49646, 51605, 17936, 9071, 76700, 97994, 80026, 95215, 37158, 66905, 74561, 9845, 48648, 56873, 90265, 4935, 53997, 55323, 81384, 61656, 17380, 86036, 83384, 38040, 32058, 35626, 5574, 89012, 74225, 14736, 3774, 30442, 1927, 31150, 4053, 97867, 94199, 77143, 35135, 68688, 91088, 41794, 37834, 55373, 23899, 23589, 27140, 19312, 29137, 48645, 45195, 9285, 51686, 77237, 32412, 71166, 74992, 16605, 54805, 87250, 57981, 8304, 86470, 42219, 37094, 83712, 48617, 71511, 70996, 5774, 34672, 89123, 38732, 32888, 85024, 66420, 24542, 39098, 4196, 32319, 30825, 19263, 35160, 97555, 78084, 3194, 62916, 10273, 37083, 54678, 34983, 24651, 19257, 19778, 40516, 89108, 35376, 88159, 34998, 51537, 67219, 39507, 56501, 74134, 23427, 90725, 60968, 89598, 17756, 12022, 79034, 57395, 78328, 83923, 5036, 82093, 58847, 34848, 7116, 77228, 35847, 67190, 89480, 57388, 24410, 47344, 67755, 65286, 70702, 9600, 68405, 97096, 88913, 31775, 64853, 7904, 41722, 97019, 43009, 49804, 98402, 34919, 2086, 72111, 69335, 61222, 4373, 34529, 84114, 81394, 76868, 72461, 53358, 27691, 28296, 13480, 56011, 43552, 30699]})"
648.0,7,74,29,25.024048328399658,10387,"Genotype(dna={""<class 'abc.NT_0008'>"": [0, 56999], ""<class 'abc.NT_0008_P_00000'>"": [], ""<class 'abc.NT_0001'>"": [], ""<class 'abc.NT_0001_P_00000'>"": [], ""<class 'int'>"": [14814, 4706, 47695, 45437, 25302, 44958, 47911, 41280, 20876, 47623, 86904, 55373, 23589, 19312, 57981, 5774, 74851, 62916, 78328, 34848, 41883, 37373, 84114, 27691], ""<class 'bool'>"": [90671, 9706, 41889, 69465, 50630, 94229, 53268, 83378, 51198, 52517, 80864, 56983, 84611, 9863, 26653, 46759, 75883, 17618, 64460, 24766, 79493, 24139, 88100, 59674, 68925, 58603, 88542, 86971, 2074, 83004, 36300, 72448, 62475, 95326, 82844, 35160, 97555, 34983, 49026, 89108, 35376, 67219, 39507, 20060, 23427, 17756, 12022, 87036, 47344, 70702, 9600, 88913, 31775, 97019, 34645, 13480, 56011, 23961, 61622, 64153, 75820, 97162, 70647, 7256, 68916, 30036, 48073, 74358, 68510, 26764, 28736, 68692, 44411, 95498, 54567, 25426, 53841, 4898, 99229, 74318, 88444], ""<class 'abc.NT_0000'>"": [0, 0, 23967, 0, 0, 0, 0, 1, 0, 10340, 0, 1, 0, 0, 1, 0, 74871, 0, 1, 1, 0, 1, 0, 1, 0, 46858, 0, 0, 0, 0, 0, 0, 0, 0, 9925, 0, 0, 0, 0, 1, 0, 0, 0, 0, 0, 0, 1, 1, 1, 0, 1, 0, 0, 0, 77143, 29137, 48645, 45195, 9285, 51686, 9777, 71166, 74992, 54805, 8304, 86470, 42219, 37094, 83712, 71511, 4920, 89123, 38732, 32888, 85024, 24542, 32319, 30825, 19263, 78084, 10273, 37083, 48613, 19257, 40516, 88159, 51537, 56501, 90725, 89598, 79034, 83923, 5036, 82093, 7116, 77228, 35847, 57388, 67755, 65286, 68405, 97096, 60396, 41722, 49804, 34919, 69335, 61222, 4373, 81394, 76868, 72461, 28296, 43552, 30699], ""<class 'abc.NT_0000_P_00000'>"": [], ""<class 'abc.NT_0000_P_00001'>"": [], ""<class 'abc.NT_0008_P_00001'>"": [], ""<class 'abc.NT_0007'>"": [0, 30442], ""<class 'abc.NT_0007_P_00000'>"": [], ""<class 'abc.NT_0002'>"": [0, 2009, 1, 0, 0, 0, 0, 43348, 0, 0, 1, 0, 21331, 0, 1, 1, 72856, 35135, 68688, 91088, 41794, 37834, 46209, 27140, 32412, 16605, 87250, 48617, 70996, 66420, 39098, 3194, 19778, 34998, 60968, 57395, 58847, 67190, 7904, 98402, 2086, 34529, 53358], ""<class 'abc.NT_0002_P_00000'>"": [], ""<class 'abc.NT_0002_P_00001'>"": [], ""<class 'abc.NT_0003'>"": [2, 1, 42987], ""<class 'abc.NT_0003_P_00000'>"": [], ""<class 'abc.NT_0003_P_00001'>"": [], ""<class 'abc.NT_0003_P_00002'>"": [], ""<class 'abc.NT_0006'>"": [1, 73921], ""<class 'abc.NT_0006_P_00000'>"": [], ""<class 'abc.NT_0004'>"": [], ""<class 'abc.NT_0004_P_00000'>"": [], ""<class 'abc.NT_0004_P_00001'>"": [], ""<class 'abc.NT_0006_P_00001'>"": [], ""<class 'abc.NT_0006_P_00002'>"": [], ""<class 'abc.NT_0006_P_00003'>"": [], '$leftovers': [19388, 78051, 82137, 3298, 46052, 62641, 15125, 10693, 59273, 50230, 2725, 66359, 94734, 79927, 68945, 22935, 63942, 30886, 88313, 17000, 96538, 23762, 47069, 41591, 64582, 40855, 91942, 98035, 27160, 65777, 36640, 83286, 24245, 70012, 52716, 78622, 49933, 34674, 21545, 85515, 63596, 76834, 55706, 47571, 77999, 46871, 39758, 29268, 46755, 21424, 96377, 55045, 94655, 81266, 38729, 78370, 54466, 29207, 27070, 19950, 48714, 85283, 87118, 58445, 55295, 49791, 69639, 85835, 25451, 31208, 52354, 5252, 87857, 91470, 89621, 16918, 64589, 10774, 881, 56333, 90790, 65621, 27489, 54457, 34171, 74830, 31890, 50572, 65953, 35998, 64391, 95281, 20637, 33135, 31174, 47515, 11748, 5326, 17817, 70004, 97142, 48764, 9977, 74644, 82108, 68086, 583, 51473, 93489, 84890, 38149, 98649, 10844, 80482, 25381, 17020, 9347, 89949, 15014, 18882, 36628, 14633, 41856, 82037, 99404, 37653, 18649, 44344, 64413, 14642, 24495, 81627, 82442, 88737, 53766, 43356, 68048, 76857, 54180, 98414, 47699, 12953, 61699, 97194, 89429, 67184, 44588, 70450, 98116, 25260, 44483, 23173, 79095, 13425, 67243, 34275, 86145, 28169, 48308, 39880, 30534, 80777, 30118, 35147, 6330, 33047, 66138, 35106, 74980, 25433, 54994, 95227, 7978, 36144, 69832, 996, 86590, 74938, 93563, 39370, 8023, 18122, 28829, 32872, 79242, 70820, 98755, 81059, 10691, 50385, 39617, 19016, 1863, 56359, 38460, 67174, 91592, 22430, 17368, 97443, 878, 46355, 50098, 93139, 69976, 9080, 81250, 67133, 12450, 29860, 10515, 7229, 18784, 90514, 19054, 18495, 10502, 77269, 89119, 14108, 10620, 96989, 72023, 8856, 91521, 11678, 69216, 38189, 64461, 31020, 98319, 37543, 24755, 16609, 33556, 16612, 12763, 41905, 30677, 47421, 67343, 11855, 70264, 48856, 54312, 58986, 49212, 17225, 81724, 83758, 88507, 75316, 75104, 72850, 30442, 32626, 63929, 13975, 10352, 31178, 95848, 61832, 76994, 71041, 97101, 79981, 68823, 25960, 84031, 86511, 64668, 11598, 13801, 38277, 72117, 97914, 67271, 62497, 95121, 56480, 77291, 12295, 85165, 83568, 78821, 29000, 46548, 68710, 33837, 53867, 16757, 19744, 56490, 58506, 2704, 56409, 35185, 55884, 10413, 1967, 92366, 12720, 38904, 56674, 73494, 36995, 74568, 39592, 41098, 65909, 93224, 67867, 24312, 36412, 73676, 29939, 55884, 87263, 93716, 56026, 57244, 4070, 89635, 77378, 60358, 11337, 68615, 81852, 96708, 54183, 88797, 31269, 9360, 89105, 2535, 59726, 25955, 65244, 16768, 73543, 81718, 40902, 76314, 33436, 41909, 98773, 81808, 9719, 25421, 45418, 71987, 121, 11550, 65239, 40789, 44202, 36071, 57653, 43394, 36056, 23297, 64426, 23556, 86309, 21306, 27012, 42386, 48280, 10080, 4348, 88310, 90412, 82119, 9205, 49098, 2184, 83526, 11375, 6109, 97541, 35582, 21977, 35191, 38535, 67747, 59557, 46567, 34959, 10684, 671, 59720, 59887, 485, 14784, 36885, 67806, 20555, 39637, 90346, 34425, 6540, 18412, 78378, 59756, 27100, 45096, 77175, 81646, 59732, 18160, 89927, 40822, 95827, 99884, 32712, 63299, 13826, 85714, 22375, 34642, 93135, 95040, 87627, 56593, 10162, 1335, 24907, 11275, 57849, 31243, 19861, 99079, 15398, 23046, 39786, 73058, 18352, 90596, 73190, 18755, 43859, 95236, 53629, 45109, 83722, 79356, 47076, 62644, 97757, 13471, 27552, 93516, 12967, 49252, 1085, 54423, 9689, 79001, 15195, 48556, 32204, 40442, 35346, 62994, 33733, 67382, 49555, 60122, 40611, 12928, 92945, 10252, 45964, 84992, 1512, 78027, 75304, 45951, 56284, 25045, 39552, 38052, 75814, 1762, 99823, 76972, 67310, 62283, 41733, 23009, 32953, 78852, 84494, 34393, 32426, 77309, 29353, 87018, 31481, 22287, 73852, 13919, 95211, 57612, 5341, 78579, 87850, 58005, 44735, 76849, 63874, 54960, 17231, 90965, 88267, 87848, 83830, 59964, 7414, 27019, 63988, 28220, 60908, 57884, 71203, 30461, 65079, 25031, 40185, 78750, 46981, 80489, 92478, 38242, 60982, 98026, 5482, 58357, 82420, 69221, 47933, 41308, 46911, 93985, 74362, 98320, 32836, 21005, 85503, 60638, 52090, 16457, 81259, 97344, 71185, 51199, 32546, 37015, 82413, 74204, 2583, 41056, 12104, 19831, 19455, 13661, 3368, 6293, 24839, 2737, 57994, 65067, 22974, 80126, 70564, 55870, 22295, 54990, 188, 22708, 82010, 33866, 54839, 92881, 86023, 42822, 28002, 53771, 21295, 93768, 82639, 54827, 32269, 61670, 94699, 12629, 99213, 70585, 63371, 70163, 39410, 11420, 59374, 65058, 39544, 70840, 4105, 8975, 51408, 35270, 36395, 14905, 19463, 31253, 56593, 76004, 97054, 47585, 82196, 20301, 80867, 95726, 59810, 73784, 82432, 40019, 90101, 57866, 51891, 23969, 3726, 11832, 96918, 24802, 32825, 8453, 87570, 5910, 30479, 41802, 69112, 31765, 44030, 27039, 69845, 96240, 79148, 96989, 60634, 4975, 87175, 18069, 87499, 64971, 19045, 91141, 68569, 25404, 90932, 46267, 80532, 11728, 30381, 95769, 35013, 37457, 20905, 4517, 64695, 13129, 12749, 1818, 91327, 22606, 19672, 15427, 62325, 50224, 99886, 66678, 42678, 80750, 65241, 41447, 46222, 13943, 83906, 70729, 74336, 1726, 19116, 73335, 1723, 30675, 46925, 77182, 90826, 98994, 22759, 21028, 49319, 1714, 87944, 81788, 90533, 20925, 5438, 83502, 28657, 14540, 23899, 96217, 11472, 35876, 19131, 39399, 97335, 3323, 90272, 44040, 28073, 51304, 70624, 96620, 99178, 94411, 72001, 44800, 67313, 1790, 71579, 14737, 35858, 63905, 73477, 76009, 77549, 61502, 30404, 8360, 93569, 30438, 84984, 31813, 68448, 84388, 37695, 64509, 98530, 43872, 62143, 4409, 83775, 80273, 10350, 79665, 85682, 80513, 76395, 85135, 50, 99899, 64234, 25173, 9758, 89555, 73388, 69865, 87015, 65369, 28325, 55774, 56559, 91589, 18612, 75085, 48985, 12260, 55581, 52643, 30771, 53084, 74710, 37760, 93030, 63446, 4708, 3610, 20987, 34387, 7254, 40775, 63375, 36086, 68944, 85154, 97339, 582, 63463, 72341, 59954, 14020, 18086, 85698, 60806, 53178, 44623, 7009, 78538, 59250, 52896, 36953, 81979, 11585, 78783, 59912, 80451, 7908, 86148, 57967, 38859, 32429, 50491, 49646, 51605, 17936, 9071, 76700, 97994, 80026, 95215, 37158, 66905, 74561, 9845, 48648, 56873, 90265, 4935, 53997, 55323, 81384, 61656, 17380, 86036, 83384, 38040, 32058, 35626, 5574, 89012, 74225, 14736, 3774, 30442, 1927, 31150, 4053, 97867, 94199, 77143, 35135, 68688, 91088, 41794, 37834, 55373, 23899, 23589, 27140, 19312, 29137, 48645, 45195, 9285, 51686, 77237, 32412, 71166, 74992, 16605, 54805, 87250, 57981, 8304, 86470, 42219, 37094, 83712, 48617, 71511, 70996, 5774, 34672, 89123, 38732, 32888, 85024, 66420, 24542, 39098, 4196, 32319, 30825, 19263, 35160, 97555, 78084, 3194, 62916, 10273, 37083, 54678, 34983, 24651, 19257, 19778, 40516, 89108, 35376, 88159, 34998, 51537, 67219, 39507, 56501, 74134, 23427, 90725, 60968, 89598, 17756, 12022, 79034, 57395, 78328, 83923, 5036, 82093, 58847, 34848, 7116, 77228, 35847, 67190, 89480, 57388, 24410, 47344, 67755, 65286, 70702, 9600, 68405, 97096, 88913, 31775, 64853, 7904, 41722, 97019, 43009, 49804, 98402, 34919, 2086, 72111, 69335, 61222, 4373, 34529, 84114, 81394, 76868, 72461, 53358, 27691, 28296, 13480, 56011, 43552, 30699, 98075, 13912, 31132, 79333, 67005, 60614, 89167, 61612, 72827, 95393, 7774, 4838, 80622, 19286, 388, 89247, 61119, 81985]})"
644.0,7,74,30,25.45295739173889,10387,"Genotype(dna={""<class 'abc.NT_0008'>"": [0, 56999], ""<class 'abc.NT_0008_P_00000'>"": [], ""<class 'abc.NT_0001'>"": [], ""<class 'abc.NT_0001_P_00000'>"": [], ""<class 'int'>"": [80903, 4706, 47695, 34814, 25302, 38407, 47911, 41280, 20876, 47623, 86904, 55373, 23589, 19312, 57981, 5774, 4196, 62916, 78328, 34848, 89480, 72111, 84114, 27691], ""<class 'bool'>"": [90671, 9706, 41889, 69465, 50630, 94229, 53268, 83378, 51198, 52517, 80864, 56983, 84611, 9863, 26653, 46759, 75883, 17618, 64460, 24766, 79493, 24139, 88100, 59674, 68925, 58603, 88542, 86971, 2074, 83004, 36300, 72448, 62475, 95326, 82844, 35160, 97555, 34983, 49026, 89108, 35376, 67219, 39507, 20060, 23427, 17756, 12022, 87036, 47344, 70702, 9600, 88913, 31775, 97019, 34645, 13480, 56011, 23961, 61622, 64153, 75820, 97162, 70647, 7256, 68916, 30036, 48073, 74358, 68510, 26764, 28736, 68692, 44411, 95498, 54567, 25426, 53841, 4898, 99229, 74318, 88444], ""<class 'abc.NT_0000'>"": [0, 0, 23967, 0, 0, 0, 0, 1, 0, 0, 0, 1, 0, 0, 1, 0, 74871, 0, 1, 1, 0, 1, 0, 1, 0, 46858, 0, 0, 0, 0, 0, 0, 0, 0, 9925, 0, 0, 0, 0, 1, 0, 0, 0, 0, 0, 0, 1, 1, 1, 0, 1, 0, 0, 0, 77143, 29137, 48645, 45195, 9285, 51686, 77237, 71166, 74992, 54805, 8304, 86470, 42219, 37094, 83712, 71511, 34672, 89123, 38732, 32888, 85024, 24542, 32319, 30825, 19263, 78084, 10273, 37083, 54678, 19257, 40516, 88159, 51537, 56501, 90725, 89598, 79034, 83923, 5036, 82093, 7116, 77228, 35847, 57388, 67755, 65286, 68405, 97096, 64853, 41722, 49804, 34919, 69335, 61222, 4373, 81394, 76868, 72461, 28296, 43552, 30699], ""<class 'abc.NT_0000_P_00000'>"": [], ""<class 'abc.NT_0000_P_00001'>"": [], ""<class 'abc.NT_0008_P_00001'>"": [], ""<class 'abc.NT_0007'>"": [0, 30442], ""<class 'abc.NT_0007_P_00000'>"": [], ""<class 'abc.NT_0002'>"": [0, 2009, 1, 0, 0, 0, 0, 43348, 0, 0, 1, 0, 21331, 0, 1, 1, 72856, 35135, 68688, 91088, 41794, 37834, 46209, 27140, 32412, 16605, 87250, 48617, 70996, 66420, 39098, 3194, 19778, 34998, 60968, 57395, 58847, 67190, 7904, 98402, 2086, 34529, 53358], ""<class 'abc.NT_0002_P_00000'>"": [], ""<class 'abc.NT_0002_P_00001'>"": [], ""<class 'abc.NT_0003'>"": [2, 1, 42987], ""<class 'abc.NT_0003_P_00000'>"": [], ""<class 'abc.NT_0003_P_00001'>"": [], ""<class 'abc.NT_0003_P_00002'>"": [], ""<class 'abc.NT_0006'>"": [1, 73921], ""<class 'abc.NT_0006_P_00000'>"": [], ""<class 'abc.NT_0004'>"": [], ""<class 'abc.NT_0004_P_00000'>"": [], ""<class 'abc.NT_0004_P_00001'>"": [], ""<class 'abc.NT_0006_P_00001'>"": [], ""<class 'abc.NT_0006_P_00002'>"": [], ""<class 'abc.NT_0006_P_00003'>"": [], '$leftovers': [98075, 13912, 31132, 79333, 67005, 60614, 89167, 61612, 72827, 95393, 7774, 4838, 80622, 19286, 388, 89247, 61119, 81985, 19388, 78051, 82137, 3298, 46052, 62641, 15125, 10693, 59273, 50230, 2725, 66359, 94734, 79927, 68945, 22935, 63942, 30886, 88313, 17000, 96538, 23762, 47069, 41591, 64582, 40855, 91942, 98035, 27160, 65777, 36640, 83286, 24245, 70012, 52716, 78622, 49933, 34674, 21545, 85515, 63596, 76834, 55706, 47571, 77999, 46871, 39758, 29268, 46755, 21424, 96377, 55045, 94655, 81266, 38729, 78370, 54466, 29207, 27070, 19950, 48714, 85283, 87118, 58445, 55295, 49791, 69639, 85835, 25451, 31208, 52354, 5252, 87857, 91470, 89621, 16918, 64589, 10774, 881, 56333, 90790, 65621, 27489, 54457, 34171, 74830, 31890, 50572, 65953, 35998, 64391, 95281, 20637, 33135, 31174, 47515, 11748, 5326, 17817, 70004, 97142, 48764, 9977, 74644, 82108, 68086, 583, 51473, 93489, 84890, 38149, 98649, 10844, 80482, 25381, 17020, 9347, 89949, 15014, 18882, 36628, 14633, 41856, 82037, 99404, 37653, 18649, 44344, 64413, 14642, 24495, 81627, 82442, 88737, 53766, 43356, 68048, 76857, 54180, 98414, 47699, 12953, 61699, 97194, 89429, 67184, 44588, 70450, 98116, 25260, 44483, 23173, 79095, 13425, 67243, 34275, 86145, 28169, 48308, 39880, 30534, 80777, 30118, 35147, 6330, 33047, 66138, 35106, 74980, 25433, 54994, 95227, 7978, 36144, 69832, 996, 86590, 74938, 93563, 39370, 8023, 18122, 28829, 32872, 79242, 70820, 98755, 81059, 10691, 50385, 39617, 19016, 1863, 56359, 38460, 67174, 91592, 22430, 17368, 97443, 878, 46355, 50098, 93139, 69976, 9080, 81250, 67133, 12450, 29860, 10515, 7229, 18784, 90514, 19054, 18495, 10502, 77269, 89119, 14108, 10620, 96989, 72023, 8856, 91521, 11678, 69216, 38189, 64461, 31020, 98319, 37543, 24755, 16609, 33556, 16612, 12763, 41905, 30677, 47421, 67343, 11855, 70264, 48856, 54312, 58986, 49212, 17225, 81724, 83758, 88507, 75316, 75104, 72850, 30442, 32626, 63929, 13975, 10352, 31178, 95848, 61832, 76994, 71041, 97101, 79981, 68823, 25960, 84031, 86511, 64668, 11598, 13801, 38277, 72117, 97914, 67271, 62497, 95121, 56480, 77291, 12295, 85165, 83568, 78821, 29000, 46548, 68710, 33837, 53867, 16757, 19744, 56490, 58506, 2704, 56409, 35185, 55884, 10413, 1967, 92366, 12720, 38904, 56674, 73494, 36995, 74568, 39592, 41098, 65909, 93224, 67867, 24312, 36412, 73676, 29939, 55884, 87263, 93716, 56026, 57244, 4070, 89635, 77378, 60358, 11337, 68615, 81852, 96708, 54183, 88797, 31269, 9360, 89105, 2535, 59726, 25955, 65244, 16768, 73543, 81718, 40902, 76314, 33436, 41909, 98773, 81808, 9719, 25421, 45418, 71987, 121, 11550, 65239, 40789, 44202, 36071, 57653, 43394, 36056, 23297, 64426, 23556, 86309, 21306, 27012, 42386, 48280, 10080, 4348, 88310, 90412, 82119, 9205, 49098, 2184, 83526, 11375, 6109, 97541, 35582, 21977, 35191, 38535, 67747, 59557, 46567, 34959, 10684, 671, 59720, 59887, 485, 14784, 36885, 67806, 20555, 39637, 90346, 34425, 6540, 18412, 78378, 59756, 27100, 45096, 77175, 81646, 59732, 18160, 89927, 40822, 95827, 99884, 32712, 63299, 13826, 85714, 22375, 34642, 93135, 95040, 87627, 56593, 10162, 1335, 24907, 11275, 57849, 31243, 19861, 99079, 15398, 23046, 39786, 73058, 18352, 90596, 73190, 18755, 43859, 95236, 53629, 45109, 83722, 79356, 47076, 62644, 97757, 13471, 27552, 93516, 12967, 49252, 1085, 54423, 9689, 79001, 15195, 48556, 32204, 40442, 35346, 62994, 33733, 67382, 49555, 60122, 40611, 12928, 92945, 10252, 45964, 84992, 1512, 78027, 75304, 45951, 56284, 25045, 39552, 38052, 75814, 1762, 99823, 76972, 67310, 62283, 41733, 23009, 32953, 78852, 84494, 34393, 32426, 77309, 29353, 87018, 31481, 22287, 73852, 13919, 95211, 57612, 5341, 78579, 87850, 58005, 44735, 76849, 63874, 54960, 17231, 90965, 88267, 87848, 83830, 59964, 7414, 27019, 63988, 28220, 60908, 57884, 71203, 30461, 65079, 25031, 40185, 78750, 46981, 80489, 92478, 38242, 60982, 98026, 5482, 58357, 82420, 69221, 47933, 41308, 46911, 93985, 74362, 98320, 32836, 21005, 85503, 60638, 52090, 16457, 81259, 97344, 71185, 51199, 32546, 37015, 82413, 74204, 2583, 41056, 12104, 19831, 19455, 13661, 3368, 6293, 24839, 2737, 57994, 65067, 22974, 80126, 70564, 55870, 22295, 54990, 188, 22708, 82010, 33866, 54839, 92881, 86023, 42822, 28002, 53771, 21295, 93768, 82639, 54827, 32269, 61670, 94699, 12629, 99213, 70585, 63371, 70163, 39410, 11420, 59374, 65058, 39544, 70840, 4105, 8975, 51408, 35270, 36395, 14905, 19463, 31253, 56593, 76004, 97054, 47585, 82196, 20301, 80867, 95726, 59810, 73784, 82432, 40019, 90101, 57866, 51891, 23969, 3726, 11832, 96918, 24802, 32825, 8453, 87570, 5910, 30479, 41802, 69112, 31765, 44030, 27039, 69845, 96240, 79148, 96989, 60634, 4975, 87175, 18069, 87499, 64971, 19045, 91141, 68569, 25404, 90932, 46267, 80532, 11728, 30381, 95769, 35013, 37457, 20905, 4517, 64695, 13129, 12749, 1818, 91327, 22606, 19672, 15427, 62325, 50224, 99886, 66678, 42678, 80750, 65241, 41447, 46222, 13943, 83906, 70729, 74336, 1726, 19116, 73335, 1723, 30675, 46925, 77182, 90826, 98994, 22759, 21028, 49319, 1714, 87944, 81788, 90533, 20925, 5438, 83502, 28657, 14540, 23899, 96217, 11472, 35876, 19131, 39399, 97335, 3323, 90272, 44040, 28073, 51304, 70624, 96620, 99178, 94411, 72001, 44800, 67313, 1790, 71579, 14737, 35858, 63905, 73477, 76009, 77549, 61502, 30404, 8360, 93569, 30438, 84984, 31813, 68448, 84388, 37695, 64509, 98530, 43872, 62143, 4409, 83775, 80273, 10350, 79665, 85682, 80513, 76395, 85135, 50, 99899, 64234, 25173, 9758, 89555, 73388, 69865, 87015, 65369, 28325, 55774, 56559, 91589, 18612, 75085, 48985, 12260, 55581, 52643, 30771, 53084, 74710, 37760, 93030, 63446, 4708, 3610, 20987, 34387, 7254, 40775, 63375, 36086, 68944, 85154, 97339, 582, 63463, 72341, 59954, 14020, 18086, 85698, 60806, 53178, 44623, 7009, 78538, 59250, 52896, 36953, 81979, 11585, 78783, 59912, 80451, 7908, 86148, 57967, 38859, 32429, 50491, 49646, 51605, 17936, 9071, 76700, 97994, 80026, 95215, 37158, 66905, 74561, 9845, 48648, 56873, 90265, 4935, 53997, 55323, 81384, 61656, 17380, 86036, 83384, 38040, 32058, 35626, 5574, 89012, 74225, 14736, 3774, 30442, 1927, 31150, 4053, 97867, 94199, 77143, 35135, 68688, 91088, 41794, 37834, 55373, 23899, 23589, 27140, 19312, 29137, 48645, 45195, 9285, 51686, 77237, 32412, 71166, 74992, 16605, 54805, 87250, 57981, 8304, 86470, 42219, 37094, 83712, 48617, 71511, 70996, 5774, 34672, 89123, 38732, 32888, 85024, 66420, 24542, 39098, 4196, 32319, 30825, 19263, 35160, 97555, 78084, 3194, 62916, 10273, 37083, 54678, 34983, 24651, 19257, 19778, 40516, 89108, 35376, 88159, 34998, 51537, 67219, 39507, 56501, 74134, 23427, 90725, 60968, 89598, 17756, 12022, 79034, 57395, 78328, 83923, 5036, 82093, 58847, 34848, 7116, 77228, 35847, 67190, 89480, 57388, 24410, 47344, 67755, 65286, 70702, 9600, 68405, 97096, 88913, 31775, 64853, 7904, 41722, 97019, 43009, 49804, 98402, 34919, 2086, 72111, 69335, 61222, 4373, 34529, 84114, 81394, 76868, 72461, 53358, 27691, 28296, 13480, 56011, 43552, 30699]})"
644.0,7,74,31,25.944081783294678,10387,"Genotype(dna={""<class 'abc.NT_0008'>"": [0, 56999], ""<class 'abc.NT_0008_P_00000'>"": [], ""<class 'abc.NT_0001'>"": [], ""<class 'abc.NT_0001_P_00000'>"": [], ""<class 'int'>"": [80903, 4706, 47695, 34814, 25302, 38407, 47911, 41280, 20876, 47623, 86904, 55373, 23589, 19312, 57981, 5774, 4196, 62916, 78328, 34848, 89480, 72111, 84114, 27691], ""<class 'bool'>"": [90671, 9706, 41889, 69465, 50630, 94229, 53268, 83378, 51198, 52517, 80864, 56983, 84611, 9863, 26653, 46759, 75883, 17618, 64460, 24766, 79493, 24139, 88100, 59674, 68925, 58603, 88542, 86971, 2074, 83004, 36300, 72448, 62475, 95326, 82844, 35160, 97555, 34983, 49026, 89108, 35376, 67219, 39507, 20060, 23427, 17756, 12022, 87036, 47344, 70702, 9600, 88913, 31775, 97019, 34645, 13480, 56011, 23961, 61622, 64153, 75820, 97162, 70647, 7256, 68916, 30036, 48073, 74358, 68510, 26764, 28736, 68692, 44411, 95498, 54567, 25426, 53841, 4898, 99229, 74318, 88444], ""<class 'abc.NT_0000'>"": [0, 0, 23967, 0, 0, 0, 0, 1, 0, 0, 0, 1, 0, 0, 1, 0, 74871, 0, 1, 1, 0, 1, 0, 1, 0, 46858, 0, 0, 0, 0, 0, 0, 0, 0, 9925, 0, 0, 0, 0, 1, 0, 0, 0, 0, 0, 0, 1, 1, 1, 0, 1, 0, 0, 0, 77143, 29137, 48645, 45195, 9285, 51686, 77237, 71166, 74992, 54805, 8304, 86470, 42219, 37094, 83712, 71511, 34672, 89123, 38732, 32888, 85024, 24542, 32319, 30825, 19263, 78084, 10273, 37083, 54678, 19257, 40516, 88159, 51537, 56501, 90725, 89598, 79034, 83923, 5036, 82093, 7116, 77228, 35847, 57388, 67755, 65286, 68405, 97096, 64853, 41722, 49804, 34919, 69335, 61222, 4373, 81394, 76868, 72461, 28296, 43552, 30699], ""<class 'abc.NT_0000_P_00000'>"": [], ""<class 'abc.NT_0000_P_00001'>"": [], ""<class 'abc.NT_0008_P_00001'>"": [], ""<class 'abc.NT_0007'>"": [0, 30442], ""<class 'abc.NT_0007_P_00000'>"": [], ""<class 'abc.NT_0002'>"": [0, 2009, 1, 0, 0, 0, 0, 43348, 0, 0, 1, 0, 21331, 0, 1, 1, 72856, 35135, 68688, 91088, 41794, 37834, 46209, 27140, 32412, 16605, 87250, 48617, 70996, 66420, 39098, 3194, 19778, 34998, 60968, 57395, 58847, 67190, 7904, 98402, 2086, 34529, 53358], ""<class 'abc.NT_0002_P_00000'>"": [], ""<class 'abc.NT_0002_P_00001'>"": [], ""<class 'abc.NT_0003'>"": [2, 1, 42987], ""<class 'abc.NT_0003_P_00000'>"": [], ""<class 'abc.NT_0003_P_00001'>"": [], ""<class 'abc.NT_0003_P_00002'>"": [], ""<class 'abc.NT_0006'>"": [1, 73921], ""<class 'abc.NT_0006_P_00000'>"": [], ""<class 'abc.NT_0004'>"": [], ""<class 'abc.NT_0004_P_00000'>"": [], ""<class 'abc.NT_0004_P_00001'>"": [], ""<class 'abc.NT_0006_P_00001'>"": [], ""<class 'abc.NT_0006_P_00002'>"": [], ""<class 'abc.NT_0006_P_00003'>"": [], '$leftovers': [98075, 13912, 31132, 79333, 67005, 60614, 89167, 61612, 72827, 95393, 7774, 4838, 80622, 19286, 388, 89247, 61119, 81985, 19388, 78051, 82137, 3298, 46052, 62641, 15125, 10693, 59273, 50230, 2725, 66359, 94734, 79927, 68945, 22935, 63942, 30886, 88313, 17000, 96538, 23762, 47069, 41591, 64582, 40855, 91942, 98035, 27160, 65777, 36640, 83286, 24245, 70012, 52716, 78622, 49933, 34674, 21545, 85515, 63596, 76834, 55706, 47571, 77999, 46871, 39758, 29268, 46755, 21424, 96377, 55045, 94655, 81266, 38729, 78370, 54466, 29207, 27070, 19950, 48714, 85283, 87118, 58445, 55295, 49791, 69639, 85835, 25451, 31208, 52354, 5252, 87857, 91470, 89621, 16918, 64589, 10774, 881, 56333, 90790, 65621, 27489, 54457, 34171, 74830, 31890, 50572, 65953, 35998, 64391, 95281, 20637, 33135, 31174, 47515, 11748, 5326, 17817, 70004, 97142, 48764, 9977, 74644, 82108, 68086, 583, 51473, 93489, 84890, 38149, 98649, 10844, 80482, 25381, 17020, 9347, 89949, 15014, 18882, 36628, 14633, 41856, 82037, 99404, 37653, 18649, 44344, 64413, 14642, 24495, 81627, 82442, 88737, 53766, 43356, 68048, 76857, 54180, 98414, 47699, 12953, 61699, 97194, 89429, 67184, 44588, 70450, 98116, 25260, 44483, 23173, 79095, 13425, 67243, 34275, 86145, 28169, 48308, 39880, 30534, 80777, 30118, 35147, 6330, 33047, 66138, 35106, 74980, 25433, 54994, 95227, 7978, 36144, 69832, 996, 86590, 74938, 93563, 39370, 8023, 18122, 28829, 32872, 79242, 70820, 98755, 81059, 10691, 50385, 39617, 19016, 1863, 56359, 38460, 67174, 91592, 22430, 17368, 97443, 878, 46355, 50098, 93139, 69976, 9080, 81250, 67133, 12450, 29860, 10515, 7229, 18784, 90514, 19054, 18495, 10502, 77269, 89119, 14108, 10620, 96989, 72023, 8856, 91521, 11678, 69216, 38189, 64461, 31020, 98319, 37543, 24755, 16609, 33556, 16612, 12763, 41905, 30677, 47421, 67343, 11855, 70264, 48856, 54312, 58986, 49212, 17225, 81724, 83758, 88507, 75316, 75104, 72850, 30442, 32626, 63929, 13975, 10352, 31178, 95848, 61832, 76994, 71041, 97101, 79981, 68823, 25960, 84031, 86511, 64668, 11598, 13801, 38277, 72117, 97914, 67271, 62497, 95121, 56480, 77291, 12295, 85165, 83568, 78821, 29000, 46548, 68710, 33837, 53867, 16757, 19744, 56490, 58506, 2704, 56409, 35185, 55884, 10413, 1967, 92366, 12720, 38904, 56674, 73494, 36995, 74568, 39592, 41098, 65909, 93224, 67867, 24312, 36412, 73676, 29939, 55884, 87263, 93716, 56026, 57244, 4070, 89635, 77378, 60358, 11337, 68615, 81852, 96708, 54183, 88797, 31269, 9360, 89105, 2535, 59726, 25955, 65244, 16768, 73543, 81718, 40902, 76314, 33436, 41909, 98773, 81808, 9719, 25421, 45418, 71987, 121, 11550, 65239, 40789, 44202, 36071, 57653, 43394, 36056, 23297, 64426, 23556, 86309, 21306, 27012, 42386, 48280, 10080, 4348, 88310, 90412, 82119, 9205, 49098, 2184, 83526, 11375, 6109, 97541, 35582, 21977, 35191, 38535, 67747, 59557, 46567, 34959, 10684, 671, 59720, 59887, 485, 14784, 36885, 67806, 20555, 39637, 90346, 34425, 6540, 18412, 78378, 59756, 27100, 45096, 77175, 81646, 59732, 18160, 89927, 40822, 95827, 99884, 32712, 63299, 13826, 85714, 22375, 34642, 93135, 95040, 87627, 56593, 10162, 1335, 24907, 11275, 57849, 31243, 19861, 99079, 15398, 23046, 39786, 73058, 18352, 90596, 73190, 18755, 43859, 95236, 53629, 45109, 83722, 79356, 47076, 62644, 97757, 13471, 27552, 93516, 12967, 49252, 1085, 54423, 9689, 79001, 15195, 48556, 32204, 40442, 35346, 62994, 33733, 67382, 49555, 60122, 40611, 12928, 92945, 10252, 45964, 84992, 1512, 78027, 75304, 45951, 56284, 25045, 39552, 38052, 75814, 1762, 99823, 76972, 67310, 62283, 41733, 23009, 32953, 78852, 84494, 34393, 32426, 77309, 29353, 87018, 31481, 22287, 73852, 13919, 95211, 57612, 5341, 78579, 87850, 58005, 44735, 76849, 63874, 54960, 17231, 90965, 88267, 87848, 83830, 59964, 7414, 27019, 63988, 28220, 60908, 57884, 71203, 30461, 65079, 25031, 40185, 78750, 46981, 80489, 92478, 38242, 60982, 98026, 5482, 58357, 82420, 69221, 47933, 41308, 46911, 93985, 74362, 98320, 32836, 21005, 85503, 60638, 52090, 16457, 81259, 97344, 71185, 51199, 32546, 37015, 82413, 74204, 2583, 41056, 12104, 19831, 19455, 13661, 3368, 6293, 24839, 2737, 57994, 65067, 22974, 80126, 70564, 55870, 22295, 54990, 188, 22708, 82010, 33866, 54839, 92881, 86023, 42822, 28002, 53771, 21295, 93768, 82639, 54827, 32269, 61670, 94699, 12629, 99213, 70585, 63371, 70163, 39410, 11420, 59374, 65058, 39544, 70840, 4105, 8975, 51408, 35270, 36395, 14905, 19463, 31253, 56593, 76004, 97054, 47585, 82196, 20301, 80867, 95726, 59810, 73784, 82432, 40019, 90101, 57866, 51891, 23969, 3726, 11832, 96918, 24802, 32825, 8453, 87570, 5910, 30479, 41802, 69112, 31765, 44030, 27039, 69845, 96240, 79148, 96989, 60634, 4975, 87175, 18069, 87499, 64971, 19045, 91141, 68569, 25404, 90932, 46267, 80532, 11728, 30381, 95769, 35013, 37457, 20905, 4517, 64695, 13129, 12749, 1818, 91327, 22606, 19672, 15427, 62325, 50224, 99886, 66678, 42678, 80750, 65241, 41447, 46222, 13943, 83906, 70729, 74336, 1726, 19116, 73335, 1723, 30675, 46925, 77182, 90826, 98994, 22759, 21028, 49319, 1714, 87944, 81788, 90533, 20925, 5438, 83502, 28657, 14540, 23899, 96217, 11472, 35876, 19131, 39399, 97335, 3323, 90272, 44040, 28073, 51304, 70624, 96620, 99178, 94411, 72001, 44800, 67313, 1790, 71579, 14737, 35858, 63905, 73477, 76009, 77549, 61502, 30404, 8360, 93569, 30438, 84984, 31813, 68448, 84388, 37695, 64509, 98530, 43872, 62143, 4409, 83775, 80273, 10350, 79665, 85682, 80513, 76395, 85135, 50, 99899, 64234, 25173, 9758, 89555, 73388, 69865, 87015, 65369, 28325, 55774, 56559, 91589, 18612, 75085, 48985, 12260, 55581, 52643, 30771, 53084, 74710, 37760, 93030, 63446, 4708, 3610, 20987, 34387, 7254, 40775, 63375, 36086, 68944, 85154, 97339, 582, 63463, 72341, 59954, 14020, 18086, 85698, 60806, 53178, 44623, 7009, 78538, 59250, 52896, 36953, 81979, 11585, 78783, 59912, 80451, 7908, 86148, 57967, 38859, 32429, 50491, 49646, 51605, 17936, 9071, 76700, 97994, 80026, 95215, 37158, 66905, 74561, 9845, 48648, 56873, 90265, 4935, 53997, 55323, 81384, 61656, 17380, 86036, 83384, 38040, 32058, 35626, 5574, 89012, 74225, 14736, 3774, 30442, 1927, 31150, 4053, 97867, 94199, 77143, 35135, 68688, 91088, 41794, 37834, 55373, 23899, 23589, 27140, 19312, 29137, 48645, 45195, 9285, 51686, 77237, 32412, 71166, 74992, 16605, 54805, 87250, 57981, 8304, 86470, 42219, 37094, 83712, 48617, 71511, 70996, 5774, 34672, 89123, 38732, 32888, 85024, 66420, 24542, 39098, 4196, 32319, 30825, 19263, 35160, 97555, 78084, 3194, 62916, 10273, 37083, 54678, 34983, 24651, 19257, 19778, 40516, 89108, 35376, 88159, 34998, 51537, 67219, 39507, 56501, 74134, 23427, 90725, 60968, 89598, 17756, 12022, 79034, 57395, 78328, 83923, 5036, 82093, 58847, 34848, 7116, 77228, 35847, 67190, 89480, 57388, 24410, 47344, 67755, 65286, 70702, 9600, 68405, 97096, 88913, 31775, 64853, 7904, 41722, 97019, 43009, 49804, 98402, 34919, 2086, 72111, 69335, 61222, 4373, 34529, 84114, 81394, 76868, 72461, 53358, 27691, 28296, 13480, 56011, 43552, 30699]})"
620.0,7,74,32,26.445603609085083,10387,"Genotype(dna={""<class 'abc.NT_0008'>"": [0, 44458], ""<class 'abc.NT_0008_P_00000'>"": [], ""<class 'abc.NT_0001'>"": [], ""<class 'abc.NT_0001_P_00000'>"": [], ""<class 'int'>"": [80903, 4706, 47695, 45437, 36791, 38407, 45651, 41280, 20876, 47623, 86904, 55373, 54597, 19312, 57981, 5774, 4196, 50252, 78328, 34848, 89480, 72111, 84114, 27691, 95393], ""<class 'bool'>"": [90671, 9706, 68793, 69465, 50630, 94229, 53268, 83378, 51198, 52517, 80864, 56983, 84611, 9863, 26653, 46759, 75883, 17618, 64460, 24766, 24616, 24139, 88100, 59674, 68925, 58603, 88542, 86971, 2074, 83004, 36300, 72448, 62475, 19830, 82844, 35160, 97555, 34983, 49026, 89108, 35376, 67219, 39507, 20060, 23427, 17756, 12022, 87036, 47344, 70702, 9600, 88913, 64900, 97019, 34645, 13480, 56011, 23961, 61622, 64153, 24398, 97162, 70647, 7256, 68916, 26200, 48073, 74358, 68510, 26764, 28736, 68692, 44411, 95498, 54567, 25426, 53841, 4898, 99229, 74318, 88444], ""<class 'abc.NT_0000'>"": [0, 0, 23967, 0, 0, 0, 0, 1, 0, 0, 0, 1, 0, 0, 1, 0, 74871, 0, 1, 1, 0, 1, 0, 1, 0, 46858, 0, 0, 0, 0, 0, 0, 0, 0, 9925, 0, 0, 0, 0, 1, 0, 0, 0, 0, 0, 0, 1, 1, 1, 0, 1, 0, 0, 0, 77143, 29137, 48645, 45195, 9285, 51686, 77237, 71166, 74992, 54805, 8304, 86470, 42219, 37094, 83712, 71511, 34672, 89123, 38732, 32888, 85024, 24542, 32319, 30825, 19263, 78084, 10273, 37083, 54678, 19257, 40516, 88159, 51537, 56501, 90725, 89598, 79034, 83923, 5036, 82093, 7116, 77228, 35847, 57388, 67755, 65286, 68405, 97096, 64853, 41722, 49804, 34919, 69335, 61222, 4373, 81394, 76868, 72461, 28296, 43552, 30699], ""<class 'abc.NT_0000_P_00000'>"": [], ""<class 'abc.NT_0000_P_00001'>"": [], ""<class 'abc.NT_0008_P_00001'>"": [], ""<class 'abc.NT_0007'>"": [0, 30442], ""<class 'abc.NT_0007_P_00000'>"": [], ""<class 'abc.NT_0002'>"": [0, 2009, 1, 0, 0, 0, 0, 43348, 0, 0, 1, 0, 21331, 0, 1, 1, 72856, 35135, 68688, 91088, 41794, 37834, 46209, 27140, 32412, 16605, 87250, 48617, 70996, 66420, 39098, 3194, 19778, 34998, 60968, 57395, 58847, 67190, 7904, 98402, 2086, 34529, 53358], ""<class 'abc.NT_0002_P_00000'>"": [], ""<class 'abc.NT_0002_P_00001'>"": [], ""<class 'abc.NT_0003'>"": [2, 1, 42987], ""<class 'abc.NT_0003_P_00000'>"": [], ""<class 'abc.NT_0003_P_00001'>"": [], ""<class 'abc.NT_0003_P_00002'>"": [], ""<class 'abc.NT_0006'>"": [1, 73921], ""<class 'abc.NT_0006_P_00000'>"": [], ""<class 'abc.NT_0004'>"": [], ""<class 'abc.NT_0004_P_00000'>"": [], ""<class 'abc.NT_0004_P_00001'>"": [], ""<class 'abc.NT_0006_P_00001'>"": [], ""<class 'abc.NT_0006_P_00002'>"": [], ""<class 'abc.NT_0006_P_00003'>"": [], '$leftovers': [98075, 13912, 31132, 79333, 67005, 60614, 89167, 61612, 72827, 95393, 7774, 4838, 80622, 19286, 388, 89247, 61119, 81985, 19388, 78051, 82137, 3298, 46052, 62641, 15125, 10693, 59273, 50230, 2725, 66359, 94734, 79927, 68945, 22935, 63942, 30886, 88313, 17000, 96538, 23762, 47069, 41591, 64582, 40855, 91942, 98035, 27160, 65777, 36640, 83286, 24245, 70012, 52716, 78622, 49933, 34674, 21545, 85515, 63596, 76834, 55706, 47571, 77999, 46871, 39758, 29268, 46755, 21424, 96377, 55045, 94655, 81266, 38729, 78370, 54466, 29207, 27070, 19950, 48714, 85283, 87118, 58445, 55295, 49791, 69639, 85835, 25451, 31208, 52354, 5252, 87857, 91470, 89621, 16918, 64589, 10774, 881, 56333, 90790, 65621, 27489, 54457, 34171, 74830, 31890, 50572, 65953, 35998, 64391, 95281, 20637, 33135, 31174, 47515, 11748, 5326, 17817, 70004, 97142, 48764, 9977, 74644, 82108, 68086, 583, 51473, 93489, 84890, 38149, 98649, 10844, 80482, 25381, 17020, 9347, 89949, 15014, 18882, 36628, 14633, 41856, 82037, 99404, 37653, 18649, 44344, 64413, 14642, 24495, 81627, 82442, 88737, 53766, 43356, 68048, 76857, 54180, 98414, 47699, 12953, 61699, 97194, 89429, 67184, 44588, 70450, 98116, 25260, 44483, 23173, 79095, 13425, 67243, 34275, 86145, 28169, 48308, 39880, 30534, 80777, 30118, 35147, 6330, 33047, 66138, 35106, 74980, 25433, 54994, 95227, 7978, 36144, 69832, 996, 86590, 74938, 93563, 39370, 8023, 18122, 28829, 32872, 79242, 70820, 98755, 81059, 10691, 50385, 39617, 19016, 1863, 56359, 38460, 67174, 91592, 22430, 17368, 97443, 878, 46355, 50098, 93139, 69976, 9080, 81250, 67133, 12450, 29860, 10515, 7229, 18784, 90514, 19054, 18495, 10502, 77269, 89119, 14108, 10620, 96989, 72023, 8856, 91521, 11678, 69216, 38189, 64461, 31020, 98319, 37543, 24755, 16609, 33556, 16612, 12763, 41905, 30677, 47421, 67343, 11855, 70264, 48856, 54312, 58986, 49212, 17225, 81724, 83758, 88507, 75316, 75104, 72850, 30442, 32626, 63929, 13975, 10352, 31178, 95848, 61832, 76994, 71041, 97101, 79981, 68823, 25960, 84031, 86511, 64668, 11598, 13801, 38277, 72117, 97914, 67271, 62497, 95121, 56480, 77291, 12295, 85165, 83568, 78821, 29000, 46548, 68710, 33837, 53867, 16757, 19744, 56490, 58506, 2704, 56409, 35185, 55884, 10413, 1967, 92366, 12720, 38904, 56674, 73494, 36995, 74568, 39592, 41098, 65909, 93224, 67867, 24312, 36412, 73676, 29939, 55884, 87263, 93716, 56026, 57244, 4070, 89635, 77378, 60358, 11337, 68615, 81852, 96708, 54183, 88797, 31269, 9360, 89105, 2535, 59726, 25955, 65244, 16768, 73543, 81718, 40902, 76314, 33436, 41909, 98773, 81808, 9719, 25421, 45418, 71987, 121, 11550, 65239, 40789, 44202, 36071, 57653, 43394, 36056, 23297, 64426, 23556, 86309, 21306, 27012, 42386, 48280, 10080, 4348, 88310, 90412, 82119, 9205, 49098, 2184, 83526, 11375, 6109, 97541, 35582, 21977, 35191, 38535, 67747, 59557, 46567, 34959, 10684, 671, 59720, 59887, 485, 14784, 36885, 67806, 20555, 39637, 90346, 34425, 6540, 18412, 78378, 59756, 27100, 45096, 77175, 81646, 59732, 18160, 89927, 40822, 95827, 99884, 32712, 63299, 13826, 85714, 22375, 34642, 93135, 95040, 87627, 56593, 10162, 1335, 24907, 11275, 57849, 31243, 19861, 99079, 15398, 23046, 39786, 73058, 18352, 90596, 73190, 18755, 43859, 95236, 53629, 45109, 83722, 79356, 47076, 62644, 97757, 13471, 27552, 93516, 12967, 49252, 1085, 54423, 9689, 79001, 15195, 48556, 32204, 40442, 35346, 62994, 33733, 67382, 49555, 60122, 40611, 12928, 92945, 10252, 45964, 84992, 1512, 78027, 75304, 45951, 56284, 25045, 39552, 38052, 75814, 1762, 99823, 76972, 67310, 62283, 41733, 23009, 32953, 78852, 84494, 34393, 32426, 77309, 29353, 87018, 31481, 22287, 73852, 13919, 95211, 57612, 5341, 78579, 87850, 58005, 44735, 76849, 63874, 54960, 17231, 90965, 88267, 87848, 83830, 59964, 7414, 27019, 63988, 28220, 60908, 57884, 71203, 30461, 65079, 25031, 40185, 78750, 46981, 80489, 92478, 38242, 60982, 98026, 5482, 58357, 82420, 69221, 47933, 41308, 46911, 93985, 74362, 98320, 32836, 21005, 85503, 60638, 52090, 16457, 81259, 97344, 71185, 51199, 32546, 37015, 82413, 74204, 2583, 41056, 12104, 19831, 19455, 13661, 3368, 6293, 24839, 2737, 57994, 65067, 22974, 80126, 70564, 55870, 22295, 54990, 188, 22708, 82010, 33866, 54839, 92881, 86023, 42822, 28002, 53771, 21295, 93768, 82639, 54827, 32269, 61670, 94699, 12629, 99213, 70585, 63371, 70163, 39410, 11420, 59374, 65058, 39544, 70840, 4105, 8975, 51408, 35270, 36395, 14905, 19463, 31253, 56593, 76004, 97054, 47585, 82196, 20301, 80867, 95726, 59810, 73784, 82432, 40019, 90101, 57866, 51891, 23969, 3726, 11832, 96918, 24802, 32825, 8453, 87570, 5910, 30479, 41802, 69112, 31765, 44030, 27039, 69845, 96240, 79148, 96989, 60634, 4975, 87175, 18069, 87499, 64971, 19045, 91141, 68569, 25404, 90932, 46267, 80532, 11728, 30381, 95769, 35013, 37457, 20905, 4517, 64695, 13129, 12749, 1818, 91327, 22606, 19672, 15427, 62325, 50224, 99886, 66678, 42678, 80750, 65241, 41447, 46222, 13943, 83906, 70729, 74336, 1726, 19116, 73335, 1723, 30675, 46925, 77182, 90826, 98994, 22759, 21028, 49319, 1714, 87944, 81788, 90533, 20925, 5438, 83502, 28657, 14540, 23899, 96217, 11472, 35876, 19131, 39399, 97335, 3323, 90272, 44040, 28073, 51304, 70624, 96620, 99178, 94411, 72001, 44800, 67313, 1790, 71579, 14737, 35858, 63905, 73477, 76009, 77549, 61502, 30404, 8360, 93569, 30438, 84984, 31813, 68448, 84388, 37695, 64509, 98530, 43872, 62143, 4409, 83775, 80273, 10350, 79665, 85682, 80513, 76395, 85135, 50, 99899, 64234, 25173, 9758, 89555, 73388, 69865, 87015, 65369, 28325, 55774, 56559, 91589, 18612, 75085, 48985, 12260, 55581, 52643, 30771, 53084, 74710, 37760, 93030, 63446, 4708, 3610, 20987, 34387, 7254, 40775, 63375, 36086, 68944, 85154, 97339, 582, 63463, 72341, 59954, 14020, 18086, 85698, 60806, 53178, 44623, 7009, 78538, 59250, 52896, 36953, 81979, 11585, 78783, 59912, 80451, 7908, 86148, 57967, 38859, 32429, 50491, 49646, 51605, 17936, 9071, 76700, 97994, 80026, 95215, 37158, 66905, 74561, 9845, 48648, 56873, 90265, 4935, 53997, 55323, 81384, 61656, 17380, 86036, 83384, 38040, 32058, 35626, 5574, 89012, 74225, 14736, 3774, 30442, 1927, 31150, 4053, 97867, 94199, 77143, 35135, 68688, 91088, 41794, 37834, 55373, 23899, 23589, 27140, 19312, 29137, 48645, 45195, 9285, 51686, 77237, 32412, 71166, 74992, 16605, 54805, 87250, 57981, 8304, 86470, 42219, 37094, 83712, 48617, 71511, 70996, 5774, 34672, 89123, 38732, 32888, 85024, 66420, 24542, 39098, 4196, 32319, 30825, 19263, 35160, 97555, 78084, 3194, 62916, 10273, 37083, 54678, 34983, 24651, 19257, 19778, 40516, 89108, 35376, 88159, 34998, 51537, 67219, 39507, 56501, 74134, 23427, 90725, 60968, 89598, 17756, 12022, 79034, 57395, 78328, 83923, 5036, 82093, 58847, 34848, 7116, 77228, 35847, 67190, 89480, 57388, 24410, 47344, 67755, 65286, 70702, 9600, 68405, 97096, 88913, 31775, 64853, 7904, 41722, 97019, 43009, 49804, 98402, 34919, 2086, 72111, 69335, 61222, 4373, 34529, 84114, 81394, 76868, 72461, 53358, 27691, 28296, 13480, 56011, 43552, 30699]})"
620.0,7,74,33,26.857671976089478,10387,"Genotype(dna={""<class 'abc.NT_0008'>"": [0, 44458], ""<class 'abc.NT_0008_P_00000'>"": [], ""<class 'abc.NT_0001'>"": [], ""<class 'abc.NT_0001_P_00000'>"": [], ""<class 'int'>"": [80903, 4706, 47695, 45437, 36791, 38407, 45651, 41280, 20876, 47623, 86904, 55373, 54597, 19312, 57981, 5774, 4196, 50252, 78328, 34848, 89480, 72111, 84114, 27691, 95393], ""<class 'bool'>"": [90671, 9706, 68793, 69465, 50630, 94229, 53268, 83378, 51198, 52517, 80864, 56983, 84611, 9863, 26653, 46759, 75883, 17618, 64460, 24766, 24616, 24139, 88100, 59674, 68925, 58603, 88542, 86971, 2074, 83004, 36300, 72448, 62475, 19830, 82844, 35160, 97555, 34983, 49026, 89108, 35376, 67219, 39507, 20060, 23427, 17756, 12022, 87036, 47344, 70702, 9600, 88913, 64900, 97019, 34645, 13480, 56011, 23961, 61622, 64153, 24398, 97162, 70647, 7256, 68916, 26200, 48073, 74358, 68510, 26764, 28736, 68692, 44411, 95498, 54567, 25426, 53841, 4898, 99229, 74318, 88444], ""<class 'abc.NT_0000'>"": [0, 0, 23967, 0, 0, 0, 0, 1, 0, 0, 0, 1, 0, 0, 1, 0, 74871, 0, 1, 1, 0, 1, 0, 1, 0, 46858, 0, 0, 0, 0, 0, 0, 0, 0, 9925, 0, 0, 0, 0, 1, 0, 0, 0, 0, 0, 0, 1, 1, 1, 0, 1, 0, 0, 0, 77143, 29137, 48645, 45195, 9285, 51686, 77237, 71166, 74992, 54805, 8304, 86470, 42219, 37094, 83712, 71511, 34672, 89123, 38732, 32888, 85024, 24542, 32319, 30825, 19263, 78084, 10273, 37083, 54678, 19257, 40516, 88159, 51537, 56501, 90725, 89598, 79034, 83923, 5036, 82093, 7116, 77228, 35847, 57388, 67755, 65286, 68405, 97096, 64853, 41722, 49804, 34919, 69335, 61222, 4373, 81394, 76868, 72461, 28296, 43552, 30699], ""<class 'abc.NT_0000_P_00000'>"": [], ""<class 'abc.NT_0000_P_00001'>"": [], ""<class 'abc.NT_0008_P_00001'>"": [], ""<class 'abc.NT_0007'>"": [0, 30442], ""<class 'abc.NT_0007_P_00000'>"": [], ""<class 'abc.NT_0002'>"": [0, 2009, 1, 0, 0, 0, 0, 43348, 0, 0, 1, 0, 21331, 0, 1, 1, 72856, 35135, 68688, 91088, 41794, 37834, 46209, 27140, 32412, 16605, 87250, 48617, 70996, 66420, 39098, 3194, 19778, 34998, 60968, 57395, 58847, 67190, 7904, 98402, 2086, 34529, 53358], ""<class 'abc.NT_0002_P_00000'>"": [], ""<class 'abc.NT_0002_P_00001'>"": [], ""<class 'abc.NT_0003'>"": [2, 1, 42987], ""<class 'abc.NT_0003_P_00000'>"": [], ""<class 'abc.NT_0003_P_00001'>"": [], ""<class 'abc.NT_0003_P_00002'>"": [], ""<class 'abc.NT_0006'>"": [1, 73921], ""<class 'abc.NT_0006_P_00000'>"": [], ""<class 'abc.NT_0004'>"": [], ""<class 'abc.NT_0004_P_00000'>"": [], ""<class 'abc.NT_0004_P_00001'>"": [], ""<class 'abc.NT_0006_P_00001'>"": [], ""<class 'abc.NT_0006_P_00002'>"": [], ""<class 'abc.NT_0006_P_00003'>"": [], '$leftovers': [98075, 13912, 31132, 79333, 67005, 60614, 89167, 61612, 72827, 95393, 7774, 4838, 80622, 19286, 388, 89247, 61119, 81985, 19388, 78051, 82137, 3298, 46052, 62641, 15125, 10693, 59273, 50230, 2725, 66359, 94734, 79927, 68945, 22935, 63942, 30886, 88313, 17000, 96538, 23762, 47069, 41591, 64582, 40855, 91942, 98035, 27160, 65777, 36640, 83286, 24245, 70012, 52716, 78622, 49933, 34674, 21545, 85515, 63596, 76834, 55706, 47571, 77999, 46871, 39758, 29268, 46755, 21424, 96377, 55045, 94655, 81266, 38729, 78370, 54466, 29207, 27070, 19950, 48714, 85283, 87118, 58445, 55295, 49791, 69639, 85835, 25451, 31208, 52354, 5252, 87857, 91470, 89621, 16918, 64589, 10774, 881, 56333, 90790, 65621, 27489, 54457, 34171, 74830, 31890, 50572, 65953, 35998, 64391, 95281, 20637, 33135, 31174, 47515, 11748, 5326, 17817, 70004, 97142, 48764, 9977, 74644, 82108, 68086, 583, 51473, 93489, 84890, 38149, 98649, 10844, 80482, 25381, 17020, 9347, 89949, 15014, 18882, 36628, 14633, 41856, 82037, 99404, 37653, 18649, 44344, 64413, 14642, 24495, 81627, 82442, 88737, 53766, 43356, 68048, 76857, 54180, 98414, 47699, 12953, 61699, 97194, 89429, 67184, 44588, 70450, 98116, 25260, 44483, 23173, 79095, 13425, 67243, 34275, 86145, 28169, 48308, 39880, 30534, 80777, 30118, 35147, 6330, 33047, 66138, 35106, 74980, 25433, 54994, 95227, 7978, 36144, 69832, 996, 86590, 74938, 93563, 39370, 8023, 18122, 28829, 32872, 79242, 70820, 98755, 81059, 10691, 50385, 39617, 19016, 1863, 56359, 38460, 67174, 91592, 22430, 17368, 97443, 878, 46355, 50098, 93139, 69976, 9080, 81250, 67133, 12450, 29860, 10515, 7229, 18784, 90514, 19054, 18495, 10502, 77269, 89119, 14108, 10620, 96989, 72023, 8856, 91521, 11678, 69216, 38189, 64461, 31020, 98319, 37543, 24755, 16609, 33556, 16612, 12763, 41905, 30677, 47421, 67343, 11855, 70264, 48856, 54312, 58986, 49212, 17225, 81724, 83758, 88507, 75316, 75104, 72850, 30442, 32626, 63929, 13975, 10352, 31178, 95848, 61832, 76994, 71041, 97101, 79981, 68823, 25960, 84031, 86511, 64668, 11598, 13801, 38277, 72117, 97914, 67271, 62497, 95121, 56480, 77291, 12295, 85165, 83568, 78821, 29000, 46548, 68710, 33837, 53867, 16757, 19744, 56490, 58506, 2704, 56409, 35185, 55884, 10413, 1967, 92366, 12720, 38904, 56674, 73494, 36995, 74568, 39592, 41098, 65909, 93224, 67867, 24312, 36412, 73676, 29939, 55884, 87263, 93716, 56026, 57244, 4070, 89635, 77378, 60358, 11337, 68615, 81852, 96708, 54183, 88797, 31269, 9360, 89105, 2535, 59726, 25955, 65244, 16768, 73543, 81718, 40902, 76314, 33436, 41909, 98773, 81808, 9719, 25421, 45418, 71987, 121, 11550, 65239, 40789, 44202, 36071, 57653, 43394, 36056, 23297, 64426, 23556, 86309, 21306, 27012, 42386, 48280, 10080, 4348, 88310, 90412, 82119, 9205, 49098, 2184, 83526, 11375, 6109, 97541, 35582, 21977, 35191, 38535, 67747, 59557, 46567, 34959, 10684, 671, 59720, 59887, 485, 14784, 36885, 67806, 20555, 39637, 90346, 34425, 6540, 18412, 78378, 59756, 27100, 45096, 77175, 81646, 59732, 18160, 89927, 40822, 95827, 99884, 32712, 63299, 13826, 85714, 22375, 34642, 93135, 95040, 87627, 56593, 10162, 1335, 24907, 11275, 57849, 31243, 19861, 99079, 15398, 23046, 39786, 73058, 18352, 90596, 73190, 18755, 43859, 95236, 53629, 45109, 83722, 79356, 47076, 62644, 97757, 13471, 27552, 93516, 12967, 49252, 1085, 54423, 9689, 79001, 15195, 48556, 32204, 40442, 35346, 62994, 33733, 67382, 49555, 60122, 40611, 12928, 92945, 10252, 45964, 84992, 1512, 78027, 75304, 45951, 56284, 25045, 39552, 38052, 75814, 1762, 99823, 76972, 67310, 62283, 41733, 23009, 32953, 78852, 84494, 34393, 32426, 77309, 29353, 87018, 31481, 22287, 73852, 13919, 95211, 57612, 5341, 78579, 87850, 58005, 44735, 76849, 63874, 54960, 17231, 90965, 88267, 87848, 83830, 59964, 7414, 27019, 63988, 28220, 60908, 57884, 71203, 30461, 65079, 25031, 40185, 78750, 46981, 80489, 92478, 38242, 60982, 98026, 5482, 58357, 82420, 69221, 47933, 41308, 46911, 93985, 74362, 98320, 32836, 21005, 85503, 60638, 52090, 16457, 81259, 97344, 71185, 51199, 32546, 37015, 82413, 74204, 2583, 41056, 12104, 19831, 19455, 13661, 3368, 6293, 24839, 2737, 57994, 65067, 22974, 80126, 70564, 55870, 22295, 54990, 188, 22708, 82010, 33866, 54839, 92881, 86023, 42822, 28002, 53771, 21295, 93768, 82639, 54827, 32269, 61670, 94699, 12629, 99213, 70585, 63371, 70163, 39410, 11420, 59374, 65058, 39544, 70840, 4105, 8975, 51408, 35270, 36395, 14905, 19463, 31253, 56593, 76004, 97054, 47585, 82196, 20301, 80867, 95726, 59810, 73784, 82432, 40019, 90101, 57866, 51891, 23969, 3726, 11832, 96918, 24802, 32825, 8453, 87570, 5910, 30479, 41802, 69112, 31765, 44030, 27039, 69845, 96240, 79148, 96989, 60634, 4975, 87175, 18069, 87499, 64971, 19045, 91141, 68569, 25404, 90932, 46267, 80532, 11728, 30381, 95769, 35013, 37457, 20905, 4517, 64695, 13129, 12749, 1818, 91327, 22606, 19672, 15427, 62325, 50224, 99886, 66678, 42678, 80750, 65241, 41447, 46222, 13943, 83906, 70729, 74336, 1726, 19116, 73335, 1723, 30675, 46925, 77182, 90826, 98994, 22759, 21028, 49319, 1714, 87944, 81788, 90533, 20925, 5438, 83502, 28657, 14540, 23899, 96217, 11472, 35876, 19131, 39399, 97335, 3323, 90272, 44040, 28073, 51304, 70624, 96620, 99178, 94411, 72001, 44800, 67313, 1790, 71579, 14737, 35858, 63905, 73477, 76009, 77549, 61502, 30404, 8360, 93569, 30438, 84984, 31813, 68448, 84388, 37695, 64509, 98530, 43872, 62143, 4409, 83775, 80273, 10350, 79665, 85682, 80513, 76395, 85135, 50, 99899, 64234, 25173, 9758, 89555, 73388, 69865, 87015, 65369, 28325, 55774, 56559, 91589, 18612, 75085, 48985, 12260, 55581, 52643, 30771, 53084, 74710, 37760, 93030, 63446, 4708, 3610, 20987, 34387, 7254, 40775, 63375, 36086, 68944, 85154, 97339, 582, 63463, 72341, 59954, 14020, 18086, 85698, 60806, 53178, 44623, 7009, 78538, 59250, 52896, 36953, 81979, 11585, 78783, 59912, 80451, 7908, 86148, 57967, 38859, 32429, 50491, 49646, 51605, 17936, 9071, 76700, 97994, 80026, 95215, 37158, 66905, 74561, 9845, 48648, 56873, 90265, 4935, 53997, 55323, 81384, 61656, 17380, 86036, 83384, 38040, 32058, 35626, 5574, 89012, 74225, 14736, 3774, 30442, 1927, 31150, 4053, 97867, 94199, 77143, 35135, 68688, 91088, 41794, 37834, 55373, 23899, 23589, 27140, 19312, 29137, 48645, 45195, 9285, 51686, 77237, 32412, 71166, 74992, 16605, 54805, 87250, 57981, 8304, 86470, 42219, 37094, 83712, 48617, 71511, 70996, 5774, 34672, 89123, 38732, 32888, 85024, 66420, 24542, 39098, 4196, 32319, 30825, 19263, 35160, 97555, 78084, 3194, 62916, 10273, 37083, 54678, 34983, 24651, 19257, 19778, 40516, 89108, 35376, 88159, 34998, 51537, 67219, 39507, 56501, 74134, 23427, 90725, 60968, 89598, 17756, 12022, 79034, 57395, 78328, 83923, 5036, 82093, 58847, 34848, 7116, 77228, 35847, 67190, 89480, 57388, 24410, 47344, 67755, 65286, 70702, 9600, 68405, 97096, 88913, 31775, 64853, 7904, 41722, 97019, 43009, 49804, 98402, 34919, 2086, 72111, 69335, 61222, 4373, 34529, 84114, 81394, 76868, 72461, 53358, 27691, 28296, 13480, 56011, 43552, 30699]})"
620.0,7,74,34,27.77657461166382,10387,"Genotype(dna={""<class 'abc.NT_0008'>"": [0, 44458], ""<class 'abc.NT_0008_P_00000'>"": [], ""<class 'abc.NT_0001'>"": [], ""<class 'abc.NT_0001_P_00000'>"": [], ""<class 'int'>"": [80903, 4706, 47695, 45437, 36791, 38407, 45651, 41280, 20876, 47623, 86904, 55373, 54597, 19312, 57981, 5774, 4196, 50252, 78328, 34848, 89480, 72111, 84114, 27691, 95393], ""<class 'bool'>"": [90671, 9706, 68793, 69465, 50630, 94229, 53268, 83378, 51198, 52517, 80864, 56983, 84611, 9863, 26653, 46759, 75883, 17618, 64460, 24766, 24616, 24139, 88100, 59674, 68925, 58603, 88542, 86971, 2074, 83004, 36300, 72448, 62475, 19830, 82844, 35160, 97555, 34983, 49026, 89108, 35376, 67219, 39507, 20060, 23427, 17756, 12022, 87036, 47344, 70702, 9600, 88913, 64900, 97019, 34645, 13480, 56011, 23961, 61622, 64153, 24398, 97162, 70647, 7256, 68916, 26200, 48073, 74358, 68510, 26764, 28736, 68692, 44411, 95498, 54567, 25426, 53841, 4898, 99229, 74318, 88444], ""<class 'abc.NT_0000'>"": [0, 0, 23967, 0, 0, 0, 0, 1, 0, 0, 0, 1, 0, 0, 1, 0, 74871, 0, 1, 1, 0, 1, 0, 1, 0, 46858, 0, 0, 0, 0, 0, 0, 0, 0, 9925, 0, 0, 0, 0, 1, 0, 0, 0, 0, 0, 0, 1, 1, 1, 0, 1, 0, 0, 0, 77143, 29137, 48645, 45195, 9285, 51686, 77237, 71166, 74992, 54805, 8304, 86470, 42219, 37094, 83712, 71511, 34672, 89123, 38732, 32888, 85024, 24542, 32319, 30825, 19263, 78084, 10273, 37083, 54678, 19257, 40516, 88159, 51537, 56501, 90725, 89598, 79034, 83923, 5036, 82093, 7116, 77228, 35847, 57388, 67755, 65286, 68405, 97096, 64853, 41722, 49804, 34919, 69335, 61222, 4373, 81394, 76868, 72461, 28296, 43552, 30699], ""<class 'abc.NT_0000_P_00000'>"": [], ""<class 'abc.NT_0000_P_00001'>"": [], ""<class 'abc.NT_0008_P_00001'>"": [], ""<class 'abc.NT_0007'>"": [0, 30442], ""<class 'abc.NT_0007_P_00000'>"": [], ""<class 'abc.NT_0002'>"": [0, 2009, 1, 0, 0, 0, 0, 43348, 0, 0, 1, 0, 21331, 0, 1, 1, 72856, 35135, 68688, 91088, 41794, 37834, 46209, 27140, 32412, 16605, 87250, 48617, 70996, 66420, 39098, 3194, 19778, 34998, 60968, 57395, 58847, 67190, 7904, 98402, 2086, 34529, 53358], ""<class 'abc.NT_0002_P_00000'>"": [], ""<class 'abc.NT_0002_P_00001'>"": [], ""<class 'abc.NT_0003'>"": [2, 1, 42987], ""<class 'abc.NT_0003_P_00000'>"": [], ""<class 'abc.NT_0003_P_00001'>"": [], ""<class 'abc.NT_0003_P_00002'>"": [], ""<class 'abc.NT_0006'>"": [1, 73921], ""<class 'abc.NT_0006_P_00000'>"": [], ""<class 'abc.NT_0004'>"": [], ""<class 'abc.NT_0004_P_00000'>"": [], ""<class 'abc.NT_0004_P_00001'>"": [], ""<class 'abc.NT_0006_P_00001'>"": [], ""<class 'abc.NT_0006_P_00002'>"": [], ""<class 'abc.NT_0006_P_00003'>"": [], '$leftovers': [98075, 13912, 31132, 79333, 67005, 60614, 89167, 61612, 72827, 95393, 7774, 4838, 80622, 19286, 388, 89247, 61119, 81985, 19388, 78051, 82137, 3298, 46052, 62641, 15125, 10693, 59273, 50230, 2725, 66359, 94734, 79927, 68945, 22935, 63942, 30886, 88313, 17000, 96538, 23762, 47069, 41591, 64582, 40855, 91942, 98035, 27160, 65777, 36640, 83286, 24245, 70012, 52716, 78622, 49933, 34674, 21545, 85515, 63596, 76834, 55706, 47571, 77999, 46871, 39758, 29268, 46755, 21424, 96377, 55045, 94655, 81266, 38729, 78370, 54466, 29207, 27070, 19950, 48714, 85283, 87118, 58445, 55295, 49791, 69639, 85835, 25451, 31208, 52354, 5252, 87857, 91470, 89621, 16918, 64589, 10774, 881, 56333, 90790, 65621, 27489, 54457, 34171, 74830, 31890, 50572, 65953, 35998, 64391, 95281, 20637, 33135, 31174, 47515, 11748, 5326, 17817, 70004, 97142, 48764, 9977, 74644, 82108, 68086, 583, 51473, 93489, 84890, 38149, 98649, 10844, 80482, 25381, 17020, 9347, 89949, 15014, 18882, 36628, 14633, 41856, 82037, 99404, 37653, 18649, 44344, 64413, 14642, 24495, 81627, 82442, 88737, 53766, 43356, 68048, 76857, 54180, 98414, 47699, 12953, 61699, 97194, 89429, 67184, 44588, 70450, 98116, 25260, 44483, 23173, 79095, 13425, 67243, 34275, 86145, 28169, 48308, 39880, 30534, 80777, 30118, 35147, 6330, 33047, 66138, 35106, 74980, 25433, 54994, 95227, 7978, 36144, 69832, 996, 86590, 74938, 93563, 39370, 8023, 18122, 28829, 32872, 79242, 70820, 98755, 81059, 10691, 50385, 39617, 19016, 1863, 56359, 38460, 67174, 91592, 22430, 17368, 97443, 878, 46355, 50098, 93139, 69976, 9080, 81250, 67133, 12450, 29860, 10515, 7229, 18784, 90514, 19054, 18495, 10502, 77269, 89119, 14108, 10620, 96989, 72023, 8856, 91521, 11678, 69216, 38189, 64461, 31020, 98319, 37543, 24755, 16609, 33556, 16612, 12763, 41905, 30677, 47421, 67343, 11855, 70264, 48856, 54312, 58986, 49212, 17225, 81724, 83758, 88507, 75316, 75104, 72850, 30442, 32626, 63929, 13975, 10352, 31178, 95848, 61832, 76994, 71041, 97101, 79981, 68823, 25960, 84031, 86511, 64668, 11598, 13801, 38277, 72117, 97914, 67271, 62497, 95121, 56480, 77291, 12295, 85165, 83568, 78821, 29000, 46548, 68710, 33837, 53867, 16757, 19744, 56490, 58506, 2704, 56409, 35185, 55884, 10413, 1967, 92366, 12720, 38904, 56674, 73494, 36995, 74568, 39592, 41098, 65909, 93224, 67867, 24312, 36412, 73676, 29939, 55884, 87263, 93716, 56026, 57244, 4070, 89635, 77378, 60358, 11337, 68615, 81852, 96708, 54183, 88797, 31269, 9360, 89105, 2535, 59726, 25955, 65244, 16768, 73543, 81718, 40902, 76314, 33436, 41909, 98773, 81808, 9719, 25421, 45418, 71987, 121, 11550, 65239, 40789, 44202, 36071, 57653, 43394, 36056, 23297, 64426, 23556, 86309, 21306, 27012, 42386, 48280, 10080, 4348, 88310, 90412, 82119, 9205, 49098, 2184, 83526, 11375, 6109, 97541, 35582, 21977, 35191, 38535, 67747, 59557, 46567, 34959, 10684, 671, 59720, 59887, 485, 14784, 36885, 67806, 20555, 39637, 90346, 34425, 6540, 18412, 78378, 59756, 27100, 45096, 77175, 81646, 59732, 18160, 89927, 40822, 95827, 99884, 32712, 63299, 13826, 85714, 22375, 34642, 93135, 95040, 87627, 56593, 10162, 1335, 24907, 11275, 57849, 31243, 19861, 99079, 15398, 23046, 39786, 73058, 18352, 90596, 73190, 18755, 43859, 95236, 53629, 45109, 83722, 79356, 47076, 62644, 97757, 13471, 27552, 93516, 12967, 49252, 1085, 54423, 9689, 79001, 15195, 48556, 32204, 40442, 35346, 62994, 33733, 67382, 49555, 60122, 40611, 12928, 92945, 10252, 45964, 84992, 1512, 78027, 75304, 45951, 56284, 25045, 39552, 38052, 75814, 1762, 99823, 76972, 67310, 62283, 41733, 23009, 32953, 78852, 84494, 34393, 32426, 77309, 29353, 87018, 31481, 22287, 73852, 13919, 95211, 57612, 5341, 78579, 87850, 58005, 44735, 76849, 63874, 54960, 17231, 90965, 88267, 87848, 83830, 59964, 7414, 27019, 63988, 28220, 60908, 57884, 71203, 30461, 65079, 25031, 40185, 78750, 46981, 80489, 92478, 38242, 60982, 98026, 5482, 58357, 82420, 69221, 47933, 41308, 46911, 93985, 74362, 98320, 32836, 21005, 85503, 60638, 52090, 16457, 81259, 97344, 71185, 51199, 32546, 37015, 82413, 74204, 2583, 41056, 12104, 19831, 19455, 13661, 3368, 6293, 24839, 2737, 57994, 65067, 22974, 80126, 70564, 55870, 22295, 54990, 188, 22708, 82010, 33866, 54839, 92881, 86023, 42822, 28002, 53771, 21295, 93768, 82639, 54827, 32269, 61670, 94699, 12629, 99213, 70585, 63371, 70163, 39410, 11420, 59374, 65058, 39544, 70840, 4105, 8975, 51408, 35270, 36395, 14905, 19463, 31253, 56593, 76004, 97054, 47585, 82196, 20301, 80867, 95726, 59810, 73784, 82432, 40019, 90101, 57866, 51891, 23969, 3726, 11832, 96918, 24802, 32825, 8453, 87570, 5910, 30479, 41802, 69112, 31765, 44030, 27039, 69845, 96240, 79148, 96989, 60634, 4975, 87175, 18069, 87499, 64971, 19045, 91141, 68569, 25404, 90932, 46267, 80532, 11728, 30381, 95769, 35013, 37457, 20905, 4517, 64695, 13129, 12749, 1818, 91327, 22606, 19672, 15427, 62325, 50224, 99886, 66678, 42678, 80750, 65241, 41447, 46222, 13943, 83906, 70729, 74336, 1726, 19116, 73335, 1723, 30675, 46925, 77182, 90826, 98994, 22759, 21028, 49319, 1714, 87944, 81788, 90533, 20925, 5438, 83502, 28657, 14540, 23899, 96217, 11472, 35876, 19131, 39399, 97335, 3323, 90272, 44040, 28073, 51304, 70624, 96620, 99178, 94411, 72001, 44800, 67313, 1790, 71579, 14737, 35858, 63905, 73477, 76009, 77549, 61502, 30404, 8360, 93569, 30438, 84984, 31813, 68448, 84388, 37695, 64509, 98530, 43872, 62143, 4409, 83775, 80273, 10350, 79665, 85682, 80513, 76395, 85135, 50, 99899, 64234, 25173, 9758, 89555, 73388, 69865, 87015, 65369, 28325, 55774, 56559, 91589, 18612, 75085, 48985, 12260, 55581, 52643, 30771, 53084, 74710, 37760, 93030, 63446, 4708, 3610, 20987, 34387, 7254, 40775, 63375, 36086, 68944, 85154, 97339, 582, 63463, 72341, 59954, 14020, 18086, 85698, 60806, 53178, 44623, 7009, 78538, 59250, 52896, 36953, 81979, 11585, 78783, 59912, 80451, 7908, 86148, 57967, 38859, 32429, 50491, 49646, 51605, 17936, 9071, 76700, 97994, 80026, 95215, 37158, 66905, 74561, 9845, 48648, 56873, 90265, 4935, 53997, 55323, 81384, 61656, 17380, 86036, 83384, 38040, 32058, 35626, 5574, 89012, 74225, 14736, 3774, 30442, 1927, 31150, 4053, 97867, 94199, 77143, 35135, 68688, 91088, 41794, 37834, 55373, 23899, 23589, 27140, 19312, 29137, 48645, 45195, 9285, 51686, 77237, 32412, 71166, 74992, 16605, 54805, 87250, 57981, 8304, 86470, 42219, 37094, 83712, 48617, 71511, 70996, 5774, 34672, 89123, 38732, 32888, 85024, 66420, 24542, 39098, 4196, 32319, 30825, 19263, 35160, 97555, 78084, 3194, 62916, 10273, 37083, 54678, 34983, 24651, 19257, 19778, 40516, 89108, 35376, 88159, 34998, 51537, 67219, 39507, 56501, 74134, 23427, 90725, 60968, 89598, 17756, 12022, 79034, 57395, 78328, 83923, 5036, 82093, 58847, 34848, 7116, 77228, 35847, 67190, 89480, 57388, 24410, 47344, 67755, 65286, 70702, 9600, 68405, 97096, 88913, 31775, 64853, 7904, 41722, 97019, 43009, 49804, 98402, 34919, 2086, 72111, 69335, 61222, 4373, 34529, 84114, 81394, 76868, 72461, 53358, 27691, 28296, 13480, 56011, 43552, 30699]})"
620.0,7,74,35,28.239595651626587,10387,"Genotype(dna={""<class 'abc.NT_0008'>"": [0, 44458], ""<class 'abc.NT_0008_P_00000'>"": [], ""<class 'abc.NT_0001'>"": [], ""<class 'abc.NT_0001_P_00000'>"": [], ""<class 'int'>"": [80903, 4706, 47695, 45437, 36791, 38407, 45651, 41280, 20876, 47623, 86904, 55373, 54597, 19312, 57981, 5774, 4196, 50252, 78328, 34848, 89480, 72111, 84114, 27691, 95393], ""<class 'bool'>"": [90671, 9706, 68793, 69465, 50630, 94229, 53268, 83378, 51198, 52517, 80864, 56983, 84611, 9863, 26653, 46759, 75883, 17618, 64460, 24766, 24616, 24139, 88100, 59674, 68925, 58603, 88542, 86971, 2074, 83004, 36300, 72448, 62475, 19830, 82844, 35160, 97555, 34983, 49026, 89108, 35376, 67219, 39507, 20060, 23427, 17756, 12022, 87036, 47344, 70702, 9600, 88913, 64900, 97019, 34645, 13480, 56011, 23961, 61622, 64153, 24398, 97162, 70647, 7256, 68916, 26200, 48073, 74358, 68510, 26764, 28736, 68692, 44411, 95498, 54567, 25426, 53841, 4898, 99229, 74318, 88444], ""<class 'abc.NT_0000'>"": [0, 0, 23967, 0, 0, 0, 0, 1, 0, 0, 0, 1, 0, 0, 1, 0, 74871, 0, 1, 1, 0, 1, 0, 1, 0, 46858, 0, 0, 0, 0, 0, 0, 0, 0, 9925, 0, 0, 0, 0, 1, 0, 0, 0, 0, 0, 0, 1, 1, 1, 0, 1, 0, 0, 0, 77143, 29137, 48645, 45195, 9285, 51686, 77237, 71166, 74992, 54805, 8304, 86470, 42219, 37094, 83712, 71511, 34672, 89123, 38732, 32888, 85024, 24542, 32319, 30825, 19263, 78084, 10273, 37083, 54678, 19257, 40516, 88159, 51537, 56501, 90725, 89598, 79034, 83923, 5036, 82093, 7116, 77228, 35847, 57388, 67755, 65286, 68405, 97096, 64853, 41722, 49804, 34919, 69335, 61222, 4373, 81394, 76868, 72461, 28296, 43552, 30699], ""<class 'abc.NT_0000_P_00000'>"": [], ""<class 'abc.NT_0000_P_00001'>"": [], ""<class 'abc.NT_0008_P_00001'>"": [], ""<class 'abc.NT_0007'>"": [0, 30442], ""<class 'abc.NT_0007_P_00000'>"": [], ""<class 'abc.NT_0002'>"": [0, 2009, 1, 0, 0, 0, 0, 43348, 0, 0, 1, 0, 21331, 0, 1, 1, 72856, 35135, 68688, 91088, 41794, 37834, 46209, 27140, 32412, 16605, 87250, 48617, 70996, 66420, 39098, 3194, 19778, 34998, 60968, 57395, 58847, 67190, 7904, 98402, 2086, 34529, 53358], ""<class 'abc.NT_0002_P_00000'>"": [], ""<class 'abc.NT_0002_P_00001'>"": [], ""<class 'abc.NT_0003'>"": [2, 1, 42987], ""<class 'abc.NT_0003_P_00000'>"": [], ""<class 'abc.NT_0003_P_00001'>"": [], ""<class 'abc.NT_0003_P_00002'>"": [], ""<class 'abc.NT_0006'>"": [1, 73921], ""<class 'abc.NT_0006_P_00000'>"": [], ""<class 'abc.NT_0004'>"": [], ""<class 'abc.NT_0004_P_00000'>"": [], ""<class 'abc.NT_0004_P_00001'>"": [], ""<class 'abc.NT_0006_P_00001'>"": [], ""<class 'abc.NT_0006_P_00002'>"": [], ""<class 'abc.NT_0006_P_00003'>"": [], '$leftovers': [98075, 13912, 31132, 79333, 67005, 60614, 89167, 61612, 72827, 95393, 7774, 4838, 80622, 19286, 388, 89247, 61119, 81985, 19388, 78051, 82137, 3298, 46052, 62641, 15125, 10693, 59273, 50230, 2725, 66359, 94734, 79927, 68945, 22935, 63942, 30886, 88313, 17000, 96538, 23762, 47069, 41591, 64582, 40855, 91942, 98035, 27160, 65777, 36640, 83286, 24245, 70012, 52716, 78622, 49933, 34674, 21545, 85515, 63596, 76834, 55706, 47571, 77999, 46871, 39758, 29268, 46755, 21424, 96377, 55045, 94655, 81266, 38729, 78370, 54466, 29207, 27070, 19950, 48714, 85283, 87118, 58445, 55295, 49791, 69639, 85835, 25451, 31208, 52354, 5252, 87857, 91470, 89621, 16918, 64589, 10774, 881, 56333, 90790, 65621, 27489, 54457, 34171, 74830, 31890, 50572, 65953, 35998, 64391, 95281, 20637, 33135, 31174, 47515, 11748, 5326, 17817, 70004, 97142, 48764, 9977, 74644, 82108, 68086, 583, 51473, 93489, 84890, 38149, 98649, 10844, 80482, 25381, 17020, 9347, 89949, 15014, 18882, 36628, 14633, 41856, 82037, 99404, 37653, 18649, 44344, 64413, 14642, 24495, 81627, 82442, 88737, 53766, 43356, 68048, 76857, 54180, 98414, 47699, 12953, 61699, 97194, 89429, 67184, 44588, 70450, 98116, 25260, 44483, 23173, 79095, 13425, 67243, 34275, 86145, 28169, 48308, 39880, 30534, 80777, 30118, 35147, 6330, 33047, 66138, 35106, 74980, 25433, 54994, 95227, 7978, 36144, 69832, 996, 86590, 74938, 93563, 39370, 8023, 18122, 28829, 32872, 79242, 70820, 98755, 81059, 10691, 50385, 39617, 19016, 1863, 56359, 38460, 67174, 91592, 22430, 17368, 97443, 878, 46355, 50098, 93139, 69976, 9080, 81250, 67133, 12450, 29860, 10515, 7229, 18784, 90514, 19054, 18495, 10502, 77269, 89119, 14108, 10620, 96989, 72023, 8856, 91521, 11678, 69216, 38189, 64461, 31020, 98319, 37543, 24755, 16609, 33556, 16612, 12763, 41905, 30677, 47421, 67343, 11855, 70264, 48856, 54312, 58986, 49212, 17225, 81724, 83758, 88507, 75316, 75104, 72850, 30442, 32626, 63929, 13975, 10352, 31178, 95848, 61832, 76994, 71041, 97101, 79981, 68823, 25960, 84031, 86511, 64668, 11598, 13801, 38277, 72117, 97914, 67271, 62497, 95121, 56480, 77291, 12295, 85165, 83568, 78821, 29000, 46548, 68710, 33837, 53867, 16757, 19744, 56490, 58506, 2704, 56409, 35185, 55884, 10413, 1967, 92366, 12720, 38904, 56674, 73494, 36995, 74568, 39592, 41098, 65909, 93224, 67867, 24312, 36412, 73676, 29939, 55884, 87263, 93716, 56026, 57244, 4070, 89635, 77378, 60358, 11337, 68615, 81852, 96708, 54183, 88797, 31269, 9360, 89105, 2535, 59726, 25955, 65244, 16768, 73543, 81718, 40902, 76314, 33436, 41909, 98773, 81808, 9719, 25421, 45418, 71987, 121, 11550, 65239, 40789, 44202, 36071, 57653, 43394, 36056, 23297, 64426, 23556, 86309, 21306, 27012, 42386, 48280, 10080, 4348, 88310, 90412, 82119, 9205, 49098, 2184, 83526, 11375, 6109, 97541, 35582, 21977, 35191, 38535, 67747, 59557, 46567, 34959, 10684, 671, 59720, 59887, 485, 14784, 36885, 67806, 20555, 39637, 90346, 34425, 6540, 18412, 78378, 59756, 27100, 45096, 77175, 81646, 59732, 18160, 89927, 40822, 95827, 99884, 32712, 63299, 13826, 85714, 22375, 34642, 93135, 95040, 87627, 56593, 10162, 1335, 24907, 11275, 57849, 31243, 19861, 99079, 15398, 23046, 39786, 73058, 18352, 90596, 73190, 18755, 43859, 95236, 53629, 45109, 83722, 79356, 47076, 62644, 97757, 13471, 27552, 93516, 12967, 49252, 1085, 54423, 9689, 79001, 15195, 48556, 32204, 40442, 35346, 62994, 33733, 67382, 49555, 60122, 40611, 12928, 92945, 10252, 45964, 84992, 1512, 78027, 75304, 45951, 56284, 25045, 39552, 38052, 75814, 1762, 99823, 76972, 67310, 62283, 41733, 23009, 32953, 78852, 84494, 34393, 32426, 77309, 29353, 87018, 31481, 22287, 73852, 13919, 95211, 57612, 5341, 78579, 87850, 58005, 44735, 76849, 63874, 54960, 17231, 90965, 88267, 87848, 83830, 59964, 7414, 27019, 63988, 28220, 60908, 57884, 71203, 30461, 65079, 25031, 40185, 78750, 46981, 80489, 92478, 38242, 60982, 98026, 5482, 58357, 82420, 69221, 47933, 41308, 46911, 93985, 74362, 98320, 32836, 21005, 85503, 60638, 52090, 16457, 81259, 97344, 71185, 51199, 32546, 37015, 82413, 74204, 2583, 41056, 12104, 19831, 19455, 13661, 3368, 6293, 24839, 2737, 57994, 65067, 22974, 80126, 70564, 55870, 22295, 54990, 188, 22708, 82010, 33866, 54839, 92881, 86023, 42822, 28002, 53771, 21295, 93768, 82639, 54827, 32269, 61670, 94699, 12629, 99213, 70585, 63371, 70163, 39410, 11420, 59374, 65058, 39544, 70840, 4105, 8975, 51408, 35270, 36395, 14905, 19463, 31253, 56593, 76004, 97054, 47585, 82196, 20301, 80867, 95726, 59810, 73784, 82432, 40019, 90101, 57866, 51891, 23969, 3726, 11832, 96918, 24802, 32825, 8453, 87570, 5910, 30479, 41802, 69112, 31765, 44030, 27039, 69845, 96240, 79148, 96989, 60634, 4975, 87175, 18069, 87499, 64971, 19045, 91141, 68569, 25404, 90932, 46267, 80532, 11728, 30381, 95769, 35013, 37457, 20905, 4517, 64695, 13129, 12749, 1818, 91327, 22606, 19672, 15427, 62325, 50224, 99886, 66678, 42678, 80750, 65241, 41447, 46222, 13943, 83906, 70729, 74336, 1726, 19116, 73335, 1723, 30675, 46925, 77182, 90826, 98994, 22759, 21028, 49319, 1714, 87944, 81788, 90533, 20925, 5438, 83502, 28657, 14540, 23899, 96217, 11472, 35876, 19131, 39399, 97335, 3323, 90272, 44040, 28073, 51304, 70624, 96620, 99178, 94411, 72001, 44800, 67313, 1790, 71579, 14737, 35858, 63905, 73477, 76009, 77549, 61502, 30404, 8360, 93569, 30438, 84984, 31813, 68448, 84388, 37695, 64509, 98530, 43872, 62143, 4409, 83775, 80273, 10350, 79665, 85682, 80513, 76395, 85135, 50, 99899, 64234, 25173, 9758, 89555, 73388, 69865, 87015, 65369, 28325, 55774, 56559, 91589, 18612, 75085, 48985, 12260, 55581, 52643, 30771, 53084, 74710, 37760, 93030, 63446, 4708, 3610, 20987, 34387, 7254, 40775, 63375, 36086, 68944, 85154, 97339, 582, 63463, 72341, 59954, 14020, 18086, 85698, 60806, 53178, 44623, 7009, 78538, 59250, 52896, 36953, 81979, 11585, 78783, 59912, 80451, 7908, 86148, 57967, 38859, 32429, 50491, 49646, 51605, 17936, 9071, 76700, 97994, 80026, 95215, 37158, 66905, 74561, 9845, 48648, 56873, 90265, 4935, 53997, 55323, 81384, 61656, 17380, 86036, 83384, 38040, 32058, 35626, 5574, 89012, 74225, 14736, 3774, 30442, 1927, 31150, 4053, 97867, 94199, 77143, 35135, 68688, 91088, 41794, 37834, 55373, 23899, 23589, 27140, 19312, 29137, 48645, 45195, 9285, 51686, 77237, 32412, 71166, 74992, 16605, 54805, 87250, 57981, 8304, 86470, 42219, 37094, 83712, 48617, 71511, 70996, 5774, 34672, 89123, 38732, 32888, 85024, 66420, 24542, 39098, 4196, 32319, 30825, 19263, 35160, 97555, 78084, 3194, 62916, 10273, 37083, 54678, 34983, 24651, 19257, 19778, 40516, 89108, 35376, 88159, 34998, 51537, 67219, 39507, 56501, 74134, 23427, 90725, 60968, 89598, 17756, 12022, 79034, 57395, 78328, 83923, 5036, 82093, 58847, 34848, 7116, 77228, 35847, 67190, 89480, 57388, 24410, 47344, 67755, 65286, 70702, 9600, 68405, 97096, 88913, 31775, 64853, 7904, 41722, 97019, 43009, 49804, 98402, 34919, 2086, 72111, 69335, 61222, 4373, 34529, 84114, 81394, 76868, 72461, 53358, 27691, 28296, 13480, 56011, 43552, 30699]})"
620.0,7,74,36,28.68138313293457,10387,"Genotype(dna={""<class 'abc.NT_0008'>"": [0, 44458], ""<class 'abc.NT_0008_P_00000'>"": [], ""<class 'abc.NT_0001'>"": [], ""<class 'abc.NT_0001_P_00000'>"": [], ""<class 'int'>"": [80903, 4706, 47695, 45437, 36791, 38407, 45651, 41280, 20876, 47623, 86904, 55373, 54597, 19312, 57981, 5774, 4196, 50252, 78328, 34848, 89480, 72111, 84114, 27691, 95393], ""<class 'bool'>"": [90671, 9706, 68793, 69465, 50630, 94229, 53268, 83378, 51198, 52517, 80864, 56983, 84611, 9863, 26653, 46759, 75883, 17618, 64460, 24766, 24616, 24139, 88100, 59674, 68925, 58603, 88542, 86971, 2074, 83004, 36300, 72448, 62475, 19830, 82844, 35160, 97555, 34983, 49026, 89108, 35376, 67219, 39507, 20060, 23427, 17756, 12022, 87036, 47344, 70702, 9600, 88913, 64900, 97019, 34645, 13480, 56011, 23961, 61622, 64153, 24398, 97162, 70647, 7256, 68916, 26200, 48073, 74358, 68510, 26764, 28736, 68692, 44411, 95498, 54567, 25426, 53841, 4898, 99229, 74318, 88444], ""<class 'abc.NT_0000'>"": [0, 0, 23967, 0, 0, 0, 0, 1, 0, 0, 0, 1, 0, 0, 1, 0, 74871, 0, 1, 1, 0, 1, 0, 1, 0, 46858, 0, 0, 0, 0, 0, 0, 0, 0, 9925, 0, 0, 0, 0, 1, 0, 0, 0, 0, 0, 0, 1, 1, 1, 0, 1, 0, 0, 0, 77143, 29137, 48645, 45195, 9285, 51686, 77237, 71166, 74992, 54805, 8304, 86470, 42219, 37094, 83712, 71511, 34672, 89123, 38732, 32888, 85024, 24542, 32319, 30825, 19263, 78084, 10273, 37083, 54678, 19257, 40516, 88159, 51537, 56501, 90725, 89598, 79034, 83923, 5036, 82093, 7116, 77228, 35847, 57388, 67755, 65286, 68405, 97096, 64853, 41722, 49804, 34919, 69335, 61222, 4373, 81394, 76868, 72461, 28296, 43552, 30699], ""<class 'abc.NT_0000_P_00000'>"": [], ""<class 'abc.NT_0000_P_00001'>"": [], ""<class 'abc.NT_0008_P_00001'>"": [], ""<class 'abc.NT_0007'>"": [0, 30442], ""<class 'abc.NT_0007_P_00000'>"": [], ""<class 'abc.NT_0002'>"": [0, 2009, 1, 0, 0, 0, 0, 43348, 0, 0, 1, 0, 21331, 0, 1, 1, 72856, 35135, 68688, 91088, 41794, 37834, 46209, 27140, 32412, 16605, 87250, 48617, 70996, 66420, 39098, 3194, 19778, 34998, 60968, 57395, 58847, 67190, 7904, 98402, 2086, 34529, 53358], ""<class 'abc.NT_0002_P_00000'>"": [], ""<class 'abc.NT_0002_P_00001'>"": [], ""<class 'abc.NT_0003'>"": [2, 1, 42987], ""<class 'abc.NT_0003_P_00000'>"": [], ""<class 'abc.NT_0003_P_00001'>"": [], ""<class 'abc.NT_0003_P_00002'>"": [], ""<class 'abc.NT_0006'>"": [1, 73921], ""<class 'abc.NT_0006_P_00000'>"": [], ""<class 'abc.NT_0004'>"": [], ""<class 'abc.NT_0004_P_00000'>"": [], ""<class 'abc.NT_0004_P_00001'>"": [], ""<class 'abc.NT_0006_P_00001'>"": [], ""<class 'abc.NT_0006_P_00002'>"": [], ""<class 'abc.NT_0006_P_00003'>"": [], '$leftovers': [98075, 13912, 31132, 79333, 67005, 60614, 89167, 61612, 72827, 95393, 7774, 4838, 80622, 19286, 388, 89247, 61119, 81985, 19388, 78051, 82137, 3298, 46052, 62641, 15125, 10693, 59273, 50230, 2725, 66359, 94734, 79927, 68945, 22935, 63942, 30886, 88313, 17000, 96538, 23762, 47069, 41591, 64582, 40855, 91942, 98035, 27160, 65777, 36640, 83286, 24245, 70012, 52716, 78622, 49933, 34674, 21545, 85515, 63596, 76834, 55706, 47571, 77999, 46871, 39758, 29268, 46755, 21424, 96377, 55045, 94655, 81266, 38729, 78370, 54466, 29207, 27070, 19950, 48714, 85283, 87118, 58445, 55295, 49791, 69639, 85835, 25451, 31208, 52354, 5252, 87857, 91470, 89621, 16918, 64589, 10774, 881, 56333, 90790, 65621, 27489, 54457, 34171, 74830, 31890, 50572, 65953, 35998, 64391, 95281, 20637, 33135, 31174, 47515, 11748, 5326, 17817, 70004, 97142, 48764, 9977, 74644, 82108, 68086, 583, 51473, 93489, 84890, 38149, 98649, 10844, 80482, 25381, 17020, 9347, 89949, 15014, 18882, 36628, 14633, 41856, 82037, 99404, 37653, 18649, 44344, 64413, 14642, 24495, 81627, 82442, 88737, 53766, 43356, 68048, 76857, 54180, 98414, 47699, 12953, 61699, 97194, 89429, 67184, 44588, 70450, 98116, 25260, 44483, 23173, 79095, 13425, 67243, 34275, 86145, 28169, 48308, 39880, 30534, 80777, 30118, 35147, 6330, 33047, 66138, 35106, 74980, 25433, 54994, 95227, 7978, 36144, 69832, 996, 86590, 74938, 93563, 39370, 8023, 18122, 28829, 32872, 79242, 70820, 98755, 81059, 10691, 50385, 39617, 19016, 1863, 56359, 38460, 67174, 91592, 22430, 17368, 97443, 878, 46355, 50098, 93139, 69976, 9080, 81250, 67133, 12450, 29860, 10515, 7229, 18784, 90514, 19054, 18495, 10502, 77269, 89119, 14108, 10620, 96989, 72023, 8856, 91521, 11678, 69216, 38189, 64461, 31020, 98319, 37543, 24755, 16609, 33556, 16612, 12763, 41905, 30677, 47421, 67343, 11855, 70264, 48856, 54312, 58986, 49212, 17225, 81724, 83758, 88507, 75316, 75104, 72850, 30442, 32626, 63929, 13975, 10352, 31178, 95848, 61832, 76994, 71041, 97101, 79981, 68823, 25960, 84031, 86511, 64668, 11598, 13801, 38277, 72117, 97914, 67271, 62497, 95121, 56480, 77291, 12295, 85165, 83568, 78821, 29000, 46548, 68710, 33837, 53867, 16757, 19744, 56490, 58506, 2704, 56409, 35185, 55884, 10413, 1967, 92366, 12720, 38904, 56674, 73494, 36995, 74568, 39592, 41098, 65909, 93224, 67867, 24312, 36412, 73676, 29939, 55884, 87263, 93716, 56026, 57244, 4070, 89635, 77378, 60358, 11337, 68615, 81852, 96708, 54183, 88797, 31269, 9360, 89105, 2535, 59726, 25955, 65244, 16768, 73543, 81718, 40902, 76314, 33436, 41909, 98773, 81808, 9719, 25421, 45418, 71987, 121, 11550, 65239, 40789, 44202, 36071, 57653, 43394, 36056, 23297, 64426, 23556, 86309, 21306, 27012, 42386, 48280, 10080, 4348, 88310, 90412, 82119, 9205, 49098, 2184, 83526, 11375, 6109, 97541, 35582, 21977, 35191, 38535, 67747, 59557, 46567, 34959, 10684, 671, 59720, 59887, 485, 14784, 36885, 67806, 20555, 39637, 90346, 34425, 6540, 18412, 78378, 59756, 27100, 45096, 77175, 81646, 59732, 18160, 89927, 40822, 95827, 99884, 32712, 63299, 13826, 85714, 22375, 34642, 93135, 95040, 87627, 56593, 10162, 1335, 24907, 11275, 57849, 31243, 19861, 99079, 15398, 23046, 39786, 73058, 18352, 90596, 73190, 18755, 43859, 95236, 53629, 45109, 83722, 79356, 47076, 62644, 97757, 13471, 27552, 93516, 12967, 49252, 1085, 54423, 9689, 79001, 15195, 48556, 32204, 40442, 35346, 62994, 33733, 67382, 49555, 60122, 40611, 12928, 92945, 10252, 45964, 84992, 1512, 78027, 75304, 45951, 56284, 25045, 39552, 38052, 75814, 1762, 99823, 76972, 67310, 62283, 41733, 23009, 32953, 78852, 84494, 34393, 32426, 77309, 29353, 87018, 31481, 22287, 73852, 13919, 95211, 57612, 5341, 78579, 87850, 58005, 44735, 76849, 63874, 54960, 17231, 90965, 88267, 87848, 83830, 59964, 7414, 27019, 63988, 28220, 60908, 57884, 71203, 30461, 65079, 25031, 40185, 78750, 46981, 80489, 92478, 38242, 60982, 98026, 5482, 58357, 82420, 69221, 47933, 41308, 46911, 93985, 74362, 98320, 32836, 21005, 85503, 60638, 52090, 16457, 81259, 97344, 71185, 51199, 32546, 37015, 82413, 74204, 2583, 41056, 12104, 19831, 19455, 13661, 3368, 6293, 24839, 2737, 57994, 65067, 22974, 80126, 70564, 55870, 22295, 54990, 188, 22708, 82010, 33866, 54839, 92881, 86023, 42822, 28002, 53771, 21295, 93768, 82639, 54827, 32269, 61670, 94699, 12629, 99213, 70585, 63371, 70163, 39410, 11420, 59374, 65058, 39544, 70840, 4105, 8975, 51408, 35270, 36395, 14905, 19463, 31253, 56593, 76004, 97054, 47585, 82196, 20301, 80867, 95726, 59810, 73784, 82432, 40019, 90101, 57866, 51891, 23969, 3726, 11832, 96918, 24802, 32825, 8453, 87570, 5910, 30479, 41802, 69112, 31765, 44030, 27039, 69845, 96240, 79148, 96989, 60634, 4975, 87175, 18069, 87499, 64971, 19045, 91141, 68569, 25404, 90932, 46267, 80532, 11728, 30381, 95769, 35013, 37457, 20905, 4517, 64695, 13129, 12749, 1818, 91327, 22606, 19672, 15427, 62325, 50224, 99886, 66678, 42678, 80750, 65241, 41447, 46222, 13943, 83906, 70729, 74336, 1726, 19116, 73335, 1723, 30675, 46925, 77182, 90826, 98994, 22759, 21028, 49319, 1714, 87944, 81788, 90533, 20925, 5438, 83502, 28657, 14540, 23899, 96217, 11472, 35876, 19131, 39399, 97335, 3323, 90272, 44040, 28073, 51304, 70624, 96620, 99178, 94411, 72001, 44800, 67313, 1790, 71579, 14737, 35858, 63905, 73477, 76009, 77549, 61502, 30404, 8360, 93569, 30438, 84984, 31813, 68448, 84388, 37695, 64509, 98530, 43872, 62143, 4409, 83775, 80273, 10350, 79665, 85682, 80513, 76395, 85135, 50, 99899, 64234, 25173, 9758, 89555, 73388, 69865, 87015, 65369, 28325, 55774, 56559, 91589, 18612, 75085, 48985, 12260, 55581, 52643, 30771, 53084, 74710, 37760, 93030, 63446, 4708, 3610, 20987, 34387, 7254, 40775, 63375, 36086, 68944, 85154, 97339, 582, 63463, 72341, 59954, 14020, 18086, 85698, 60806, 53178, 44623, 7009, 78538, 59250, 52896, 36953, 81979, 11585, 78783, 59912, 80451, 7908, 86148, 57967, 38859, 32429, 50491, 49646, 51605, 17936, 9071, 76700, 97994, 80026, 95215, 37158, 66905, 74561, 9845, 48648, 56873, 90265, 4935, 53997, 55323, 81384, 61656, 17380, 86036, 83384, 38040, 32058, 35626, 5574, 89012, 74225, 14736, 3774, 30442, 1927, 31150, 4053, 97867, 94199, 77143, 35135, 68688, 91088, 41794, 37834, 55373, 23899, 23589, 27140, 19312, 29137, 48645, 45195, 9285, 51686, 77237, 32412, 71166, 74992, 16605, 54805, 87250, 57981, 8304, 86470, 42219, 37094, 83712, 48617, 71511, 70996, 5774, 34672, 89123, 38732, 32888, 85024, 66420, 24542, 39098, 4196, 32319, 30825, 19263, 35160, 97555, 78084, 3194, 62916, 10273, 37083, 54678, 34983, 24651, 19257, 19778, 40516, 89108, 35376, 88159, 34998, 51537, 67219, 39507, 56501, 74134, 23427, 90725, 60968, 89598, 17756, 12022, 79034, 57395, 78328, 83923, 5036, 82093, 58847, 34848, 7116, 77228, 35847, 67190, 89480, 57388, 24410, 47344, 67755, 65286, 70702, 9600, 68405, 97096, 88913, 31775, 64853, 7904, 41722, 97019, 43009, 49804, 98402, 34919, 2086, 72111, 69335, 61222, 4373, 34529, 84114, 81394, 76868, 72461, 53358, 27691, 28296, 13480, 56011, 43552, 30699]})"
618.0,7,74,37,29.146310806274414,10387,"Genotype(dna={""<class 'abc.NT_0008'>"": [0, 56999], ""<class 'abc.NT_0008_P_00000'>"": [], ""<class 'abc.NT_0001'>"": [], ""<class 'abc.NT_0001_P_00000'>"": [], ""<class 'int'>"": [80903, 4706, 47695, 45437, 36791, 38407, 45651, 41280, 20876, 47623, 86904, 55373, 54597, 19312, 57981, 5774, 4196, 50252, 78328, 34848, 89480, 72111, 84114, 27691, 95393], ""<class 'bool'>"": [90671, 9706, 68793, 69465, 50630, 94229, 53268, 83378, 51198, 52517, 80864, 56983, 84611, 9863, 26653, 46759, 75883, 17618, 64460, 24766, 24616, 24139, 88100, 59674, 68925, 58603, 88542, 86971, 2074, 83004, 36300, 72448, 62475, 19830, 82844, 35160, 97555, 34983, 49026, 89108, 57812, 67219, 39507, 20060, 23427, 17756, 12022, 87036, 47344, 70702, 45692, 88913, 64900, 97019, 34645, 13480, 56011, 23961, 61622, 64153, 24398, 97162, 70647, 7256, 68916, 26200, 48073, 30572, 68510, 26764, 28736, 68692, 44411, 95498, 8365, 25426, 53841, 4898, 99229, 74318, 88444], ""<class 'abc.NT_0000'>"": [0, 0, 23967, 0, 0, 0, 0, 1, 0, 0, 0, 1, 0, 0, 1, 0, 74871, 0, 1, 1, 0, 1, 0, 1, 0, 46858, 39822, 0, 0, 0, 0, 0, 0, 0, 9925, 0, 0, 0, 0, 1, 0, 0, 0, 0, 0, 0, 1, 73131, 46429, 0, 1, 0, 0, 0, 61708, 29137, 48645, 45195, 9285, 51686, 77237, 71166, 74992, 79081, 8304, 86470, 42219, 37094, 83712, 71511, 34672, 89123, 38732, 32888, 85024, 24542, 32319, 30825, 19263, 78084, 10273, 37083, 54678, 19257, 40516, 88159, 51537, 56501, 90725, 89598, 79034, 83923, 5036, 82093, 1824, 77228, 35847, 57388, 67755, 65286, 68405, 97096, 73987, 41722, 49804, 34919, 69335, 61222, 4373, 81394, 93672, 72461, 28296, 43552, 30699], ""<class 'abc.NT_0000_P_00000'>"": [], ""<class 'abc.NT_0000_P_00001'>"": [], ""<class 'abc.NT_0008_P_00001'>"": [], ""<class 'abc.NT_0007'>"": [0, 30442], ""<class 'abc.NT_0007_P_00000'>"": [], ""<class 'abc.NT_0002'>"": [0, 2009, 1, 0, 0, 0, 0, 43348, 0, 0, 1, 0, 21331, 0, 1, 1, 72856, 35135, 68688, 91088, 41794, 37834, 46209, 27140, 32412, 16605, 87250, 48617, 70996, 66420, 39098, 3194, 19778, 34998, 60968, 57395, 58847, 67190, 7904, 98402, 2086, 34529, 53358], ""<class 'abc.NT_0002_P_00000'>"": [], ""<class 'abc.NT_0002_P_00001'>"": [], ""<class 'abc.NT_0003'>"": [2, 1, 42987], ""<class 'abc.NT_0003_P_00000'>"": [], ""<class 'abc.NT_0003_P_00001'>"": [], ""<class 'abc.NT_0003_P_00002'>"": [], ""<class 'abc.NT_0006'>"": [1, 73921], ""<class 'abc.NT_0006_P_00000'>"": [], ""<class 'abc.NT_0004'>"": [], ""<class 'abc.NT_0004_P_00000'>"": [], ""<class 'abc.NT_0004_P_00001'>"": [], ""<class 'abc.NT_0006_P_00001'>"": [], ""<class 'abc.NT_0006_P_00002'>"": [], ""<class 'abc.NT_0006_P_00003'>"": [], '$leftovers': [98075, 13912, 31132, 79333, 67005, 60614, 89167, 61612, 72827, 95393, 7774, 4838, 80622, 19286, 388, 89247, 61119, 81985, 19388, 78051, 82137, 3298, 46052, 62641, 15125, 10693, 59273, 50230, 2725, 66359, 94734, 79927, 68945, 22935, 63942, 30886, 88313, 17000, 96538, 23762, 47069, 41591, 64582, 40855, 91942, 98035, 27160, 65777, 36640, 83286, 24245, 70012, 52716, 78622, 49933, 34674, 21545, 85515, 63596, 76834, 55706, 47571, 77999, 46871, 39758, 29268, 46755, 21424, 96377, 55045, 94655, 81266, 38729, 78370, 54466, 29207, 27070, 19950, 48714, 85283, 87118, 58445, 55295, 49791, 69639, 85835, 25451, 31208, 52354, 5252, 87857, 91470, 89621, 16918, 64589, 10774, 881, 56333, 90790, 65621, 27489, 54457, 34171, 74830, 31890, 50572, 65953, 35998, 64391, 95281, 20637, 33135, 31174, 47515, 11748, 5326, 17817, 70004, 97142, 48764, 9977, 74644, 82108, 68086, 583, 51473, 93489, 84890, 38149, 98649, 10844, 80482, 25381, 17020, 9347, 89949, 15014, 18882, 36628, 14633, 41856, 82037, 99404, 37653, 18649, 44344, 64413, 14642, 24495, 81627, 82442, 88737, 53766, 43356, 68048, 76857, 54180, 98414, 47699, 12953, 61699, 97194, 89429, 67184, 44588, 70450, 98116, 25260, 44483, 23173, 79095, 13425, 67243, 34275, 86145, 28169, 48308, 39880, 30534, 80777, 30118, 35147, 6330, 33047, 66138, 35106, 74980, 25433, 54994, 95227, 7978, 36144, 69832, 996, 86590, 74938, 93563, 39370, 8023, 18122, 28829, 32872, 79242, 70820, 98755, 81059, 10691, 50385, 39617, 19016, 1863, 56359, 38460, 67174, 91592, 22430, 17368, 97443, 878, 46355, 50098, 93139, 69976, 9080, 81250, 67133, 12450, 29860, 10515, 7229, 18784, 90514, 19054, 18495, 10502, 77269, 89119, 14108, 10620, 96989, 72023, 8856, 91521, 11678, 69216, 38189, 64461, 31020, 98319, 37543, 24755, 16609, 33556, 16612, 12763, 41905, 30677, 47421, 67343, 11855, 70264, 48856, 54312, 58986, 49212, 17225, 81724, 83758, 88507, 75316, 75104, 72850, 30442, 32626, 63929, 13975, 10352, 31178, 95848, 61832, 76994, 71041, 97101, 79981, 68823, 25960, 84031, 86511, 64668, 11598, 13801, 38277, 72117, 97914, 67271, 62497, 95121, 56480, 77291, 12295, 85165, 83568, 78821, 29000, 46548, 68710, 33837, 53867, 16757, 19744, 56490, 58506, 2704, 56409, 35185, 55884, 10413, 1967, 92366, 12720, 38904, 56674, 73494, 36995, 74568, 39592, 41098, 65909, 93224, 67867, 24312, 36412, 73676, 29939, 55884, 87263, 93716, 56026, 57244, 4070, 89635, 77378, 60358, 11337, 68615, 81852, 96708, 54183, 88797, 31269, 9360, 89105, 2535, 59726, 25955, 65244, 16768, 73543, 81718, 40902, 76314, 33436, 41909, 98773, 81808, 9719, 25421, 45418, 71987, 121, 11550, 65239, 40789, 44202, 36071, 57653, 43394, 36056, 23297, 64426, 23556, 86309, 21306, 27012, 42386, 48280, 10080, 4348, 88310, 90412, 82119, 9205, 49098, 2184, 83526, 11375, 6109, 97541, 35582, 21977, 35191, 38535, 67747, 59557, 46567, 34959, 10684, 671, 59720, 59887, 485, 14784, 36885, 67806, 20555, 39637, 90346, 34425, 6540, 18412, 78378, 59756, 27100, 45096, 77175, 81646, 59732, 18160, 89927, 40822, 95827, 99884, 32712, 63299, 13826, 85714, 22375, 34642, 93135, 95040, 87627, 56593, 10162, 1335, 24907, 11275, 57849, 31243, 19861, 99079, 15398, 23046, 39786, 73058, 18352, 90596, 73190, 18755, 43859, 95236, 53629, 45109, 83722, 79356, 47076, 62644, 97757, 13471, 27552, 93516, 12967, 49252, 1085, 54423, 9689, 79001, 15195, 48556, 32204, 40442, 35346, 62994, 33733, 67382, 49555, 60122, 40611, 12928, 92945, 10252, 45964, 84992, 1512, 78027, 75304, 45951, 56284, 25045, 39552, 38052, 75814, 1762, 99823, 76972, 67310, 62283, 41733, 23009, 32953, 78852, 84494, 34393, 32426, 77309, 29353, 87018, 31481, 22287, 73852, 13919, 95211, 57612, 5341, 78579, 87850, 58005, 44735, 76849, 63874, 54960, 17231, 90965, 88267, 87848, 83830, 59964, 7414, 27019, 63988, 28220, 60908, 57884, 71203, 30461, 65079, 25031, 40185, 78750, 46981, 80489, 92478, 38242, 60982, 98026, 5482, 58357, 82420, 69221, 47933, 41308, 46911, 93985, 74362, 98320, 32836, 21005, 85503, 60638, 52090, 16457, 81259, 97344, 71185, 51199, 32546, 37015, 82413, 74204, 2583, 41056, 12104, 19831, 19455, 13661, 3368, 6293, 24839, 2737, 57994, 65067, 22974, 80126, 70564, 55870, 22295, 54990, 188, 22708, 82010, 33866, 54839, 92881, 86023, 42822, 28002, 53771, 21295, 93768, 82639, 54827, 32269, 61670, 94699, 12629, 99213, 70585, 63371, 70163, 39410, 11420, 59374, 65058, 39544, 70840, 4105, 8975, 51408, 35270, 36395, 14905, 19463, 31253, 56593, 76004, 97054, 47585, 82196, 20301, 80867, 95726, 59810, 73784, 82432, 40019, 90101, 57866, 51891, 23969, 3726, 11832, 96918, 24802, 32825, 8453, 87570, 5910, 30479, 41802, 69112, 31765, 44030, 27039, 69845, 96240, 79148, 96989, 60634, 4975, 87175, 18069, 87499, 64971, 19045, 91141, 68569, 25404, 90932, 46267, 80532, 11728, 30381, 95769, 35013, 37457, 20905, 4517, 64695, 13129, 12749, 1818, 91327, 22606, 19672, 15427, 62325, 50224, 99886, 66678, 42678, 80750, 65241, 41447, 46222, 13943, 83906, 70729, 74336, 1726, 19116, 73335, 1723, 30675, 46925, 77182, 90826, 98994, 22759, 21028, 49319, 1714, 87944, 81788, 90533, 20925, 5438, 83502, 28657, 14540, 23899, 96217, 11472, 35876, 19131, 39399, 97335, 3323, 90272, 44040, 28073, 51304, 70624, 96620, 99178, 94411, 72001, 44800, 67313, 1790, 71579, 14737, 35858, 63905, 73477, 76009, 77549, 61502, 30404, 8360, 93569, 30438, 84984, 31813, 68448, 84388, 37695, 64509, 98530, 43872, 62143, 4409, 83775, 80273, 10350, 79665, 85682, 80513, 76395, 85135, 50, 99899, 64234, 25173, 9758, 89555, 73388, 69865, 87015, 65369, 28325, 55774, 56559, 91589, 18612, 75085, 48985, 12260, 55581, 52643, 30771, 53084, 74710, 37760, 93030, 63446, 4708, 3610, 20987, 34387, 7254, 40775, 63375, 36086, 68944, 85154, 97339, 582, 63463, 72341, 59954, 14020, 18086, 85698, 60806, 53178, 44623, 7009, 78538, 59250, 52896, 36953, 81979, 11585, 78783, 59912, 80451, 7908, 86148, 57967, 38859, 32429, 50491, 49646, 51605, 17936, 9071, 76700, 97994, 80026, 95215, 37158, 66905, 74561, 9845, 48648, 56873, 90265, 4935, 53997, 55323, 81384, 61656, 17380, 86036, 83384, 38040, 32058, 35626, 5574, 89012, 74225, 14736, 3774, 30442, 1927, 31150, 4053, 97867, 94199, 77143, 35135, 68688, 91088, 41794, 37834, 55373, 23899, 23589, 27140, 19312, 29137, 48645, 45195, 9285, 51686, 77237, 32412, 71166, 74992, 16605, 54805, 87250, 57981, 8304, 86470, 42219, 37094, 83712, 48617, 71511, 70996, 5774, 34672, 89123, 38732, 32888, 85024, 66420, 24542, 39098, 4196, 32319, 30825, 19263, 35160, 97555, 78084, 3194, 62916, 10273, 37083, 54678, 34983, 24651, 19257, 19778, 40516, 89108, 35376, 88159, 34998, 51537, 67219, 39507, 56501, 74134, 23427, 90725, 60968, 89598, 17756, 12022, 79034, 57395, 78328, 83923, 5036, 82093, 58847, 34848, 7116, 77228, 35847, 67190, 89480, 57388, 24410, 47344, 67755, 65286, 70702, 9600, 68405, 97096, 88913, 31775, 64853, 7904, 41722, 97019, 43009, 49804, 98402, 34919, 2086, 72111, 69335, 61222, 4373, 34529, 84114, 81394, 76868, 72461, 53358, 27691, 28296, 13480, 56011, 43552, 30699]})"
618.0,7,74,38,29.5716290473938,10387,"Genotype(dna={""<class 'abc.NT_0008'>"": [0, 56999], ""<class 'abc.NT_0008_P_00000'>"": [], ""<class 'abc.NT_0001'>"": [], ""<class 'abc.NT_0001_P_00000'>"": [], ""<class 'int'>"": [80903, 4706, 47695, 45437, 36791, 38407, 45651, 41280, 20876, 47623, 86904, 55373, 54597, 19312, 57981, 5774, 4196, 50252, 78328, 34848, 89480, 72111, 84114, 27691, 95393], ""<class 'bool'>"": [90671, 9706, 68793, 69465, 50630, 94229, 53268, 83378, 51198, 52517, 80864, 56983, 84611, 9863, 26653, 46759, 75883, 17618, 64460, 24766, 24616, 24139, 88100, 59674, 68925, 58603, 88542, 86971, 2074, 83004, 36300, 72448, 62475, 19830, 82844, 35160, 97555, 34983, 49026, 89108, 57812, 67219, 39507, 20060, 23427, 17756, 12022, 87036, 47344, 70702, 45692, 88913, 64900, 97019, 34645, 13480, 56011, 23961, 61622, 64153, 24398, 97162, 70647, 7256, 68916, 26200, 48073, 30572, 68510, 26764, 28736, 68692, 44411, 95498, 8365, 25426, 53841, 4898, 99229, 74318, 88444], ""<class 'abc.NT_0000'>"": [0, 0, 23967, 0, 0, 0, 0, 1, 0, 0, 0, 1, 0, 0, 1, 0, 74871, 0, 1, 1, 0, 1, 0, 1, 0, 46858, 39822, 0, 0, 0, 0, 0, 0, 0, 9925, 0, 0, 0, 0, 1, 0, 0, 0, 0, 0, 0, 1, 73131, 46429, 0, 1, 0, 0, 0, 61708, 29137, 48645, 45195, 9285, 51686, 77237, 71166, 74992, 79081, 8304, 86470, 42219, 37094, 83712, 71511, 34672, 89123, 38732, 32888, 85024, 24542, 32319, 30825, 19263, 78084, 10273, 37083, 54678, 19257, 40516, 88159, 51537, 56501, 90725, 89598, 79034, 83923, 5036, 82093, 1824, 77228, 35847, 57388, 67755, 65286, 68405, 97096, 73987, 41722, 49804, 34919, 69335, 61222, 4373, 81394, 93672, 72461, 28296, 43552, 30699], ""<class 'abc.NT_0000_P_00000'>"": [], ""<class 'abc.NT_0000_P_00001'>"": [], ""<class 'abc.NT_0008_P_00001'>"": [], ""<class 'abc.NT_0007'>"": [0, 30442], ""<class 'abc.NT_0007_P_00000'>"": [], ""<class 'abc.NT_0002'>"": [0, 2009, 1, 0, 0, 0, 0, 43348, 0, 0, 1, 0, 21331, 0, 1, 1, 72856, 35135, 68688, 91088, 41794, 37834, 46209, 27140, 32412, 16605, 87250, 48617, 70996, 66420, 39098, 3194, 19778, 34998, 60968, 57395, 58847, 67190, 7904, 98402, 2086, 34529, 53358], ""<class 'abc.NT_0002_P_00000'>"": [], ""<class 'abc.NT_0002_P_00001'>"": [], ""<class 'abc.NT_0003'>"": [2, 1, 42987], ""<class 'abc.NT_0003_P_00000'>"": [], ""<class 'abc.NT_0003_P_00001'>"": [], ""<class 'abc.NT_0003_P_00002'>"": [], ""<class 'abc.NT_0006'>"": [1, 73921], ""<class 'abc.NT_0006_P_00000'>"": [], ""<class 'abc.NT_0004'>"": [], ""<class 'abc.NT_0004_P_00000'>"": [], ""<class 'abc.NT_0004_P_00001'>"": [], ""<class 'abc.NT_0006_P_00001'>"": [], ""<class 'abc.NT_0006_P_00002'>"": [], ""<class 'abc.NT_0006_P_00003'>"": [], '$leftovers': [98075, 13912, 31132, 79333, 67005, 60614, 89167, 61612, 72827, 95393, 7774, 4838, 80622, 19286, 388, 89247, 61119, 81985, 19388, 78051, 82137, 3298, 46052, 62641, 15125, 10693, 59273, 50230, 2725, 66359, 94734, 79927, 68945, 22935, 63942, 30886, 88313, 17000, 96538, 23762, 47069, 41591, 64582, 40855, 91942, 98035, 27160, 65777, 36640, 83286, 24245, 70012, 52716, 78622, 49933, 34674, 21545, 85515, 63596, 76834, 55706, 47571, 77999, 46871, 39758, 29268, 46755, 21424, 96377, 55045, 94655, 81266, 38729, 78370, 54466, 29207, 27070, 19950, 48714, 85283, 87118, 58445, 55295, 49791, 69639, 85835, 25451, 31208, 52354, 5252, 87857, 91470, 89621, 16918, 64589, 10774, 881, 56333, 90790, 65621, 27489, 54457, 34171, 74830, 31890, 50572, 65953, 35998, 64391, 95281, 20637, 33135, 31174, 47515, 11748, 5326, 17817, 70004, 97142, 48764, 9977, 74644, 82108, 68086, 583, 51473, 93489, 84890, 38149, 98649, 10844, 80482, 25381, 17020, 9347, 89949, 15014, 18882, 36628, 14633, 41856, 82037, 99404, 37653, 18649, 44344, 64413, 14642, 24495, 81627, 82442, 88737, 53766, 43356, 68048, 76857, 54180, 98414, 47699, 12953, 61699, 97194, 89429, 67184, 44588, 70450, 98116, 25260, 44483, 23173, 79095, 13425, 67243, 34275, 86145, 28169, 48308, 39880, 30534, 80777, 30118, 35147, 6330, 33047, 66138, 35106, 74980, 25433, 54994, 95227, 7978, 36144, 69832, 996, 86590, 74938, 93563, 39370, 8023, 18122, 28829, 32872, 79242, 70820, 98755, 81059, 10691, 50385, 39617, 19016, 1863, 56359, 38460, 67174, 91592, 22430, 17368, 97443, 878, 46355, 50098, 93139, 69976, 9080, 81250, 67133, 12450, 29860, 10515, 7229, 18784, 90514, 19054, 18495, 10502, 77269, 89119, 14108, 10620, 96989, 72023, 8856, 91521, 11678, 69216, 38189, 64461, 31020, 98319, 37543, 24755, 16609, 33556, 16612, 12763, 41905, 30677, 47421, 67343, 11855, 70264, 48856, 54312, 58986, 49212, 17225, 81724, 83758, 88507, 75316, 75104, 72850, 30442, 32626, 63929, 13975, 10352, 31178, 95848, 61832, 76994, 71041, 97101, 79981, 68823, 25960, 84031, 86511, 64668, 11598, 13801, 38277, 72117, 97914, 67271, 62497, 95121, 56480, 77291, 12295, 85165, 83568, 78821, 29000, 46548, 68710, 33837, 53867, 16757, 19744, 56490, 58506, 2704, 56409, 35185, 55884, 10413, 1967, 92366, 12720, 38904, 56674, 73494, 36995, 74568, 39592, 41098, 65909, 93224, 67867, 24312, 36412, 73676, 29939, 55884, 87263, 93716, 56026, 57244, 4070, 89635, 77378, 60358, 11337, 68615, 81852, 96708, 54183, 88797, 31269, 9360, 89105, 2535, 59726, 25955, 65244, 16768, 73543, 81718, 40902, 76314, 33436, 41909, 98773, 81808, 9719, 25421, 45418, 71987, 121, 11550, 65239, 40789, 44202, 36071, 57653, 43394, 36056, 23297, 64426, 23556, 86309, 21306, 27012, 42386, 48280, 10080, 4348, 88310, 90412, 82119, 9205, 49098, 2184, 83526, 11375, 6109, 97541, 35582, 21977, 35191, 38535, 67747, 59557, 46567, 34959, 10684, 671, 59720, 59887, 485, 14784, 36885, 67806, 20555, 39637, 90346, 34425, 6540, 18412, 78378, 59756, 27100, 45096, 77175, 81646, 59732, 18160, 89927, 40822, 95827, 99884, 32712, 63299, 13826, 85714, 22375, 34642, 93135, 95040, 87627, 56593, 10162, 1335, 24907, 11275, 57849, 31243, 19861, 99079, 15398, 23046, 39786, 73058, 18352, 90596, 73190, 18755, 43859, 95236, 53629, 45109, 83722, 79356, 47076, 62644, 97757, 13471, 27552, 93516, 12967, 49252, 1085, 54423, 9689, 79001, 15195, 48556, 32204, 40442, 35346, 62994, 33733, 67382, 49555, 60122, 40611, 12928, 92945, 10252, 45964, 84992, 1512, 78027, 75304, 45951, 56284, 25045, 39552, 38052, 75814, 1762, 99823, 76972, 67310, 62283, 41733, 23009, 32953, 78852, 84494, 34393, 32426, 77309, 29353, 87018, 31481, 22287, 73852, 13919, 95211, 57612, 5341, 78579, 87850, 58005, 44735, 76849, 63874, 54960, 17231, 90965, 88267, 87848, 83830, 59964, 7414, 27019, 63988, 28220, 60908, 57884, 71203, 30461, 65079, 25031, 40185, 78750, 46981, 80489, 92478, 38242, 60982, 98026, 5482, 58357, 82420, 69221, 47933, 41308, 46911, 93985, 74362, 98320, 32836, 21005, 85503, 60638, 52090, 16457, 81259, 97344, 71185, 51199, 32546, 37015, 82413, 74204, 2583, 41056, 12104, 19831, 19455, 13661, 3368, 6293, 24839, 2737, 57994, 65067, 22974, 80126, 70564, 55870, 22295, 54990, 188, 22708, 82010, 33866, 54839, 92881, 86023, 42822, 28002, 53771, 21295, 93768, 82639, 54827, 32269, 61670, 94699, 12629, 99213, 70585, 63371, 70163, 39410, 11420, 59374, 65058, 39544, 70840, 4105, 8975, 51408, 35270, 36395, 14905, 19463, 31253, 56593, 76004, 97054, 47585, 82196, 20301, 80867, 95726, 59810, 73784, 82432, 40019, 90101, 57866, 51891, 23969, 3726, 11832, 96918, 24802, 32825, 8453, 87570, 5910, 30479, 41802, 69112, 31765, 44030, 27039, 69845, 96240, 79148, 96989, 60634, 4975, 87175, 18069, 87499, 64971, 19045, 91141, 68569, 25404, 90932, 46267, 80532, 11728, 30381, 95769, 35013, 37457, 20905, 4517, 64695, 13129, 12749, 1818, 91327, 22606, 19672, 15427, 62325, 50224, 99886, 66678, 42678, 80750, 65241, 41447, 46222, 13943, 83906, 70729, 74336, 1726, 19116, 73335, 1723, 30675, 46925, 77182, 90826, 98994, 22759, 21028, 49319, 1714, 87944, 81788, 90533, 20925, 5438, 83502, 28657, 14540, 23899, 96217, 11472, 35876, 19131, 39399, 97335, 3323, 90272, 44040, 28073, 51304, 70624, 96620, 99178, 94411, 72001, 44800, 67313, 1790, 71579, 14737, 35858, 63905, 73477, 76009, 77549, 61502, 30404, 8360, 93569, 30438, 84984, 31813, 68448, 84388, 37695, 64509, 98530, 43872, 62143, 4409, 83775, 80273, 10350, 79665, 85682, 80513, 76395, 85135, 50, 99899, 64234, 25173, 9758, 89555, 73388, 69865, 87015, 65369, 28325, 55774, 56559, 91589, 18612, 75085, 48985, 12260, 55581, 52643, 30771, 53084, 74710, 37760, 93030, 63446, 4708, 3610, 20987, 34387, 7254, 40775, 63375, 36086, 68944, 85154, 97339, 582, 63463, 72341, 59954, 14020, 18086, 85698, 60806, 53178, 44623, 7009, 78538, 59250, 52896, 36953, 81979, 11585, 78783, 59912, 80451, 7908, 86148, 57967, 38859, 32429, 50491, 49646, 51605, 17936, 9071, 76700, 97994, 80026, 95215, 37158, 66905, 74561, 9845, 48648, 56873, 90265, 4935, 53997, 55323, 81384, 61656, 17380, 86036, 83384, 38040, 32058, 35626, 5574, 89012, 74225, 14736, 3774, 30442, 1927, 31150, 4053, 97867, 94199, 77143, 35135, 68688, 91088, 41794, 37834, 55373, 23899, 23589, 27140, 19312, 29137, 48645, 45195, 9285, 51686, 77237, 32412, 71166, 74992, 16605, 54805, 87250, 57981, 8304, 86470, 42219, 37094, 83712, 48617, 71511, 70996, 5774, 34672, 89123, 38732, 32888, 85024, 66420, 24542, 39098, 4196, 32319, 30825, 19263, 35160, 97555, 78084, 3194, 62916, 10273, 37083, 54678, 34983, 24651, 19257, 19778, 40516, 89108, 35376, 88159, 34998, 51537, 67219, 39507, 56501, 74134, 23427, 90725, 60968, 89598, 17756, 12022, 79034, 57395, 78328, 83923, 5036, 82093, 58847, 34848, 7116, 77228, 35847, 67190, 89480, 57388, 24410, 47344, 67755, 65286, 70702, 9600, 68405, 97096, 88913, 31775, 64853, 7904, 41722, 97019, 43009, 49804, 98402, 34919, 2086, 72111, 69335, 61222, 4373, 34529, 84114, 81394, 76868, 72461, 53358, 27691, 28296, 13480, 56011, 43552, 30699]})"
618.0,7,74,39,29.90424108505249,10387,"Genotype(dna={""<class 'abc.NT_0008'>"": [0, 56999], ""<class 'abc.NT_0008_P_00000'>"": [], ""<class 'abc.NT_0001'>"": [], ""<class 'abc.NT_0001_P_00000'>"": [], ""<class 'int'>"": [80903, 4706, 47695, 45437, 36791, 38407, 45651, 41280, 20876, 47623, 86904, 55373, 54597, 19312, 57981, 5774, 4196, 50252, 78328, 34848, 89480, 72111, 84114, 27691, 95393], ""<class 'bool'>"": [90671, 9706, 68793, 69465, 50630, 94229, 53268, 83378, 51198, 52517, 80864, 56983, 84611, 9863, 26653, 46759, 75883, 17618, 64460, 24766, 24616, 24139, 88100, 59674, 68925, 58603, 88542, 86971, 2074, 83004, 36300, 72448, 62475, 19830, 82844, 35160, 97555, 34983, 49026, 89108, 57812, 67219, 39507, 20060, 23427, 17756, 12022, 87036, 47344, 70702, 45692, 88913, 64900, 97019, 34645, 13480, 56011, 23961, 61622, 64153, 24398, 97162, 70647, 7256, 68916, 26200, 48073, 30572, 68510, 26764, 28736, 68692, 44411, 95498, 8365, 25426, 53841, 4898, 99229, 74318, 88444], ""<class 'abc.NT_0000'>"": [0, 0, 23967, 0, 0, 0, 0, 1, 0, 0, 0, 1, 0, 0, 1, 0, 74871, 0, 1, 1, 0, 1, 0, 1, 0, 46858, 39822, 0, 0, 0, 0, 0, 0, 0, 9925, 0, 0, 0, 0, 1, 0, 0, 0, 0, 0, 0, 1, 73131, 46429, 0, 1, 0, 0, 0, 61708, 29137, 48645, 45195, 9285, 51686, 77237, 71166, 74992, 79081, 8304, 86470, 42219, 37094, 83712, 71511, 34672, 89123, 38732, 32888, 85024, 24542, 32319, 30825, 19263, 78084, 10273, 37083, 54678, 19257, 40516, 88159, 51537, 56501, 90725, 89598, 79034, 83923, 5036, 82093, 1824, 77228, 35847, 57388, 67755, 65286, 68405, 97096, 73987, 41722, 49804, 34919, 69335, 61222, 4373, 81394, 93672, 72461, 28296, 43552, 30699], ""<class 'abc.NT_0000_P_00000'>"": [], ""<class 'abc.NT_0000_P_00001'>"": [], ""<class 'abc.NT_0008_P_00001'>"": [], ""<class 'abc.NT_0007'>"": [0, 30442], ""<class 'abc.NT_0007_P_00000'>"": [], ""<class 'abc.NT_0002'>"": [0, 2009, 1, 0, 0, 0, 0, 43348, 0, 0, 1, 0, 21331, 0, 1, 1, 72856, 35135, 68688, 91088, 41794, 37834, 46209, 27140, 32412, 16605, 87250, 48617, 70996, 66420, 39098, 3194, 19778, 34998, 60968, 57395, 58847, 67190, 7904, 98402, 2086, 34529, 53358], ""<class 'abc.NT_0002_P_00000'>"": [], ""<class 'abc.NT_0002_P_00001'>"": [], ""<class 'abc.NT_0003'>"": [2, 1, 42987], ""<class 'abc.NT_0003_P_00000'>"": [], ""<class 'abc.NT_0003_P_00001'>"": [], ""<class 'abc.NT_0003_P_00002'>"": [], ""<class 'abc.NT_0006'>"": [1, 73921], ""<class 'abc.NT_0006_P_00000'>"": [], ""<class 'abc.NT_0004'>"": [], ""<class 'abc.NT_0004_P_00000'>"": [], ""<class 'abc.NT_0004_P_00001'>"": [], ""<class 'abc.NT_0006_P_00001'>"": [], ""<class 'abc.NT_0006_P_00002'>"": [], ""<class 'abc.NT_0006_P_00003'>"": [], '$leftovers': [98075, 13912, 31132, 79333, 67005, 60614, 89167, 61612, 72827, 95393, 7774, 4838, 80622, 19286, 388, 89247, 61119, 81985, 19388, 78051, 82137, 3298, 46052, 62641, 15125, 10693, 59273, 50230, 2725, 66359, 94734, 79927, 68945, 22935, 63942, 30886, 88313, 17000, 96538, 23762, 47069, 41591, 64582, 40855, 91942, 98035, 27160, 65777, 36640, 83286, 24245, 70012, 52716, 78622, 49933, 34674, 21545, 85515, 63596, 76834, 55706, 47571, 77999, 46871, 39758, 29268, 46755, 21424, 96377, 55045, 94655, 81266, 38729, 78370, 54466, 29207, 27070, 19950, 48714, 85283, 87118, 58445, 55295, 49791, 69639, 85835, 25451, 31208, 52354, 5252, 87857, 91470, 89621, 16918, 64589, 10774, 881, 56333, 90790, 65621, 27489, 54457, 34171, 74830, 31890, 50572, 65953, 35998, 64391, 95281, 20637, 33135, 31174, 47515, 11748, 5326, 17817, 70004, 97142, 48764, 9977, 74644, 82108, 68086, 583, 51473, 93489, 84890, 38149, 98649, 10844, 80482, 25381, 17020, 9347, 89949, 15014, 18882, 36628, 14633, 41856, 82037, 99404, 37653, 18649, 44344, 64413, 14642, 24495, 81627, 82442, 88737, 53766, 43356, 68048, 76857, 54180, 98414, 47699, 12953, 61699, 97194, 89429, 67184, 44588, 70450, 98116, 25260, 44483, 23173, 79095, 13425, 67243, 34275, 86145, 28169, 48308, 39880, 30534, 80777, 30118, 35147, 6330, 33047, 66138, 35106, 74980, 25433, 54994, 95227, 7978, 36144, 69832, 996, 86590, 74938, 93563, 39370, 8023, 18122, 28829, 32872, 79242, 70820, 98755, 81059, 10691, 50385, 39617, 19016, 1863, 56359, 38460, 67174, 91592, 22430, 17368, 97443, 878, 46355, 50098, 93139, 69976, 9080, 81250, 67133, 12450, 29860, 10515, 7229, 18784, 90514, 19054, 18495, 10502, 77269, 89119, 14108, 10620, 96989, 72023, 8856, 91521, 11678, 69216, 38189, 64461, 31020, 98319, 37543, 24755, 16609, 33556, 16612, 12763, 41905, 30677, 47421, 67343, 11855, 70264, 48856, 54312, 58986, 49212, 17225, 81724, 83758, 88507, 75316, 75104, 72850, 30442, 32626, 63929, 13975, 10352, 31178, 95848, 61832, 76994, 71041, 97101, 79981, 68823, 25960, 84031, 86511, 64668, 11598, 13801, 38277, 72117, 97914, 67271, 62497, 95121, 56480, 77291, 12295, 85165, 83568, 78821, 29000, 46548, 68710, 33837, 53867, 16757, 19744, 56490, 58506, 2704, 56409, 35185, 55884, 10413, 1967, 92366, 12720, 38904, 56674, 73494, 36995, 74568, 39592, 41098, 65909, 93224, 67867, 24312, 36412, 73676, 29939, 55884, 87263, 93716, 56026, 57244, 4070, 89635, 77378, 60358, 11337, 68615, 81852, 96708, 54183, 88797, 31269, 9360, 89105, 2535, 59726, 25955, 65244, 16768, 73543, 81718, 40902, 76314, 33436, 41909, 98773, 81808, 9719, 25421, 45418, 71987, 121, 11550, 65239, 40789, 44202, 36071, 57653, 43394, 36056, 23297, 64426, 23556, 86309, 21306, 27012, 42386, 48280, 10080, 4348, 88310, 90412, 82119, 9205, 49098, 2184, 83526, 11375, 6109, 97541, 35582, 21977, 35191, 38535, 67747, 59557, 46567, 34959, 10684, 671, 59720, 59887, 485, 14784, 36885, 67806, 20555, 39637, 90346, 34425, 6540, 18412, 78378, 59756, 27100, 45096, 77175, 81646, 59732, 18160, 89927, 40822, 95827, 99884, 32712, 63299, 13826, 85714, 22375, 34642, 93135, 95040, 87627, 56593, 10162, 1335, 24907, 11275, 57849, 31243, 19861, 99079, 15398, 23046, 39786, 73058, 18352, 90596, 73190, 18755, 43859, 95236, 53629, 45109, 83722, 79356, 47076, 62644, 97757, 13471, 27552, 93516, 12967, 49252, 1085, 54423, 9689, 79001, 15195, 48556, 32204, 40442, 35346, 62994, 33733, 67382, 49555, 60122, 40611, 12928, 92945, 10252, 45964, 84992, 1512, 78027, 75304, 45951, 56284, 25045, 39552, 38052, 75814, 1762, 99823, 76972, 67310, 62283, 41733, 23009, 32953, 78852, 84494, 34393, 32426, 77309, 29353, 87018, 31481, 22287, 73852, 13919, 95211, 57612, 5341, 78579, 87850, 58005, 44735, 76849, 63874, 54960, 17231, 90965, 88267, 87848, 83830, 59964, 7414, 27019, 63988, 28220, 60908, 57884, 71203, 30461, 65079, 25031, 40185, 78750, 46981, 80489, 92478, 38242, 60982, 98026, 5482, 58357, 82420, 69221, 47933, 41308, 46911, 93985, 74362, 98320, 32836, 21005, 85503, 60638, 52090, 16457, 81259, 97344, 71185, 51199, 32546, 37015, 82413, 74204, 2583, 41056, 12104, 19831, 19455, 13661, 3368, 6293, 24839, 2737, 57994, 65067, 22974, 80126, 70564, 55870, 22295, 54990, 188, 22708, 82010, 33866, 54839, 92881, 86023, 42822, 28002, 53771, 21295, 93768, 82639, 54827, 32269, 61670, 94699, 12629, 99213, 70585, 63371, 70163, 39410, 11420, 59374, 65058, 39544, 70840, 4105, 8975, 51408, 35270, 36395, 14905, 19463, 31253, 56593, 76004, 97054, 47585, 82196, 20301, 80867, 95726, 59810, 73784, 82432, 40019, 90101, 57866, 51891, 23969, 3726, 11832, 96918, 24802, 32825, 8453, 87570, 5910, 30479, 41802, 69112, 31765, 44030, 27039, 69845, 96240, 79148, 96989, 60634, 4975, 87175, 18069, 87499, 64971, 19045, 91141, 68569, 25404, 90932, 46267, 80532, 11728, 30381, 95769, 35013, 37457, 20905, 4517, 64695, 13129, 12749, 1818, 91327, 22606, 19672, 15427, 62325, 50224, 99886, 66678, 42678, 80750, 65241, 41447, 46222, 13943, 83906, 70729, 74336, 1726, 19116, 73335, 1723, 30675, 46925, 77182, 90826, 98994, 22759, 21028, 49319, 1714, 87944, 81788, 90533, 20925, 5438, 83502, 28657, 14540, 23899, 96217, 11472, 35876, 19131, 39399, 97335, 3323, 90272, 44040, 28073, 51304, 70624, 96620, 99178, 94411, 72001, 44800, 67313, 1790, 71579, 14737, 35858, 63905, 73477, 76009, 77549, 61502, 30404, 8360, 93569, 30438, 84984, 31813, 68448, 84388, 37695, 64509, 98530, 43872, 62143, 4409, 83775, 80273, 10350, 79665, 85682, 80513, 76395, 85135, 50, 99899, 64234, 25173, 9758, 89555, 73388, 69865, 87015, 65369, 28325, 55774, 56559, 91589, 18612, 75085, 48985, 12260, 55581, 52643, 30771, 53084, 74710, 37760, 93030, 63446, 4708, 3610, 20987, 34387, 7254, 40775, 63375, 36086, 68944, 85154, 97339, 582, 63463, 72341, 59954, 14020, 18086, 85698, 60806, 53178, 44623, 7009, 78538, 59250, 52896, 36953, 81979, 11585, 78783, 59912, 80451, 7908, 86148, 57967, 38859, 32429, 50491, 49646, 51605, 17936, 9071, 76700, 97994, 80026, 95215, 37158, 66905, 74561, 9845, 48648, 56873, 90265, 4935, 53997, 55323, 81384, 61656, 17380, 86036, 83384, 38040, 32058, 35626, 5574, 89012, 74225, 14736, 3774, 30442, 1927, 31150, 4053, 97867, 94199, 77143, 35135, 68688, 91088, 41794, 37834, 55373, 23899, 23589, 27140, 19312, 29137, 48645, 45195, 9285, 51686, 77237, 32412, 71166, 74992, 16605, 54805, 87250, 57981, 8304, 86470, 42219, 37094, 83712, 48617, 71511, 70996, 5774, 34672, 89123, 38732, 32888, 85024, 66420, 24542, 39098, 4196, 32319, 30825, 19263, 35160, 97555, 78084, 3194, 62916, 10273, 37083, 54678, 34983, 24651, 19257, 19778, 40516, 89108, 35376, 88159, 34998, 51537, 67219, 39507, 56501, 74134, 23427, 90725, 60968, 89598, 17756, 12022, 79034, 57395, 78328, 83923, 5036, 82093, 58847, 34848, 7116, 77228, 35847, 67190, 89480, 57388, 24410, 47344, 67755, 65286, 70702, 9600, 68405, 97096, 88913, 31775, 64853, 7904, 41722, 97019, 43009, 49804, 98402, 34919, 2086, 72111, 69335, 61222, 4373, 34529, 84114, 81394, 76868, 72461, 53358, 27691, 28296, 13480, 56011, 43552, 30699]})"
618.0,7,74,40,30.259157180786133,10387,"Genotype(dna={""<class 'abc.NT_0008'>"": [0, 56999], ""<class 'abc.NT_0008_P_00000'>"": [], ""<class 'abc.NT_0001'>"": [], ""<class 'abc.NT_0001_P_00000'>"": [], ""<class 'int'>"": [80903, 4706, 47695, 45437, 36791, 38407, 45651, 41280, 20876, 47623, 86904, 55373, 54597, 19312, 57981, 5774, 4196, 50252, 78328, 34848, 89480, 72111, 84114, 27691, 95393], ""<class 'bool'>"": [90671, 9706, 68793, 69465, 50630, 94229, 53268, 83378, 51198, 52517, 80864, 56983, 84611, 9863, 26653, 46759, 75883, 17618, 64460, 24766, 24616, 24139, 88100, 59674, 68925, 58603, 88542, 86971, 2074, 83004, 36300, 72448, 62475, 19830, 82844, 35160, 97555, 34983, 49026, 89108, 57812, 67219, 39507, 20060, 23427, 17756, 12022, 87036, 47344, 70702, 45692, 88913, 64900, 97019, 34645, 13480, 56011, 23961, 61622, 64153, 24398, 97162, 70647, 7256, 68916, 26200, 48073, 30572, 68510, 26764, 28736, 68692, 44411, 95498, 8365, 25426, 53841, 4898, 99229, 74318, 88444], ""<class 'abc.NT_0000'>"": [0, 0, 23967, 0, 0, 0, 0, 1, 0, 0, 0, 1, 0, 0, 1, 0, 74871, 0, 1, 1, 0, 1, 0, 1, 0, 46858, 39822, 0, 0, 0, 0, 0, 0, 0, 9925, 0, 0, 0, 0, 1, 0, 0, 0, 0, 0, 0, 1, 73131, 46429, 0, 1, 0, 0, 0, 61708, 29137, 48645, 45195, 9285, 51686, 77237, 71166, 74992, 79081, 8304, 86470, 42219, 37094, 83712, 71511, 34672, 89123, 38732, 32888, 85024, 24542, 32319, 30825, 19263, 78084, 10273, 37083, 54678, 19257, 40516, 88159, 51537, 56501, 90725, 89598, 79034, 83923, 5036, 82093, 1824, 77228, 35847, 57388, 67755, 65286, 68405, 97096, 73987, 41722, 49804, 34919, 69335, 61222, 4373, 81394, 93672, 72461, 28296, 43552, 30699], ""<class 'abc.NT_0000_P_00000'>"": [], ""<class 'abc.NT_0000_P_00001'>"": [], ""<class 'abc.NT_0008_P_00001'>"": [], ""<class 'abc.NT_0007'>"": [0, 30442], ""<class 'abc.NT_0007_P_00000'>"": [], ""<class 'abc.NT_0002'>"": [0, 2009, 1, 0, 0, 0, 0, 43348, 0, 0, 1, 0, 21331, 0, 1, 1, 72856, 35135, 68688, 91088, 41794, 37834, 46209, 27140, 32412, 16605, 87250, 48617, 70996, 66420, 39098, 3194, 19778, 34998, 60968, 57395, 58847, 67190, 7904, 98402, 2086, 34529, 53358], ""<class 'abc.NT_0002_P_00000'>"": [], ""<class 'abc.NT_0002_P_00001'>"": [], ""<class 'abc.NT_0003'>"": [2, 1, 42987], ""<class 'abc.NT_0003_P_00000'>"": [], ""<class 'abc.NT_0003_P_00001'>"": [], ""<class 'abc.NT_0003_P_00002'>"": [], ""<class 'abc.NT_0006'>"": [1, 73921], ""<class 'abc.NT_0006_P_00000'>"": [], ""<class 'abc.NT_0004'>"": [], ""<class 'abc.NT_0004_P_00000'>"": [], ""<class 'abc.NT_0004_P_00001'>"": [], ""<class 'abc.NT_0006_P_00001'>"": [], ""<class 'abc.NT_0006_P_00002'>"": [], ""<class 'abc.NT_0006_P_00003'>"": [], '$leftovers': [98075, 13912, 31132, 79333, 67005, 60614, 89167, 61612, 72827, 95393, 7774, 4838, 80622, 19286, 388, 89247, 61119, 81985, 19388, 78051, 82137, 3298, 46052, 62641, 15125, 10693, 59273, 50230, 2725, 66359, 94734, 79927, 68945, 22935, 63942, 30886, 88313, 17000, 96538, 23762, 47069, 41591, 64582, 40855, 91942, 98035, 27160, 65777, 36640, 83286, 24245, 70012, 52716, 78622, 49933, 34674, 21545, 85515, 63596, 76834, 55706, 47571, 77999, 46871, 39758, 29268, 46755, 21424, 96377, 55045, 94655, 81266, 38729, 78370, 54466, 29207, 27070, 19950, 48714, 85283, 87118, 58445, 55295, 49791, 69639, 85835, 25451, 31208, 52354, 5252, 87857, 91470, 89621, 16918, 64589, 10774, 881, 56333, 90790, 65621, 27489, 54457, 34171, 74830, 31890, 50572, 65953, 35998, 64391, 95281, 20637, 33135, 31174, 47515, 11748, 5326, 17817, 70004, 97142, 48764, 9977, 74644, 82108, 68086, 583, 51473, 93489, 84890, 38149, 98649, 10844, 80482, 25381, 17020, 9347, 89949, 15014, 18882, 36628, 14633, 41856, 82037, 99404, 37653, 18649, 44344, 64413, 14642, 24495, 81627, 82442, 88737, 53766, 43356, 68048, 76857, 54180, 98414, 47699, 12953, 61699, 97194, 89429, 67184, 44588, 70450, 98116, 25260, 44483, 23173, 79095, 13425, 67243, 34275, 86145, 28169, 48308, 39880, 30534, 80777, 30118, 35147, 6330, 33047, 66138, 35106, 74980, 25433, 54994, 95227, 7978, 36144, 69832, 996, 86590, 74938, 93563, 39370, 8023, 18122, 28829, 32872, 79242, 70820, 98755, 81059, 10691, 50385, 39617, 19016, 1863, 56359, 38460, 67174, 91592, 22430, 17368, 97443, 878, 46355, 50098, 93139, 69976, 9080, 81250, 67133, 12450, 29860, 10515, 7229, 18784, 90514, 19054, 18495, 10502, 77269, 89119, 14108, 10620, 96989, 72023, 8856, 91521, 11678, 69216, 38189, 64461, 31020, 98319, 37543, 24755, 16609, 33556, 16612, 12763, 41905, 30677, 47421, 67343, 11855, 70264, 48856, 54312, 58986, 49212, 17225, 81724, 83758, 88507, 75316, 75104, 72850, 30442, 32626, 63929, 13975, 10352, 31178, 95848, 61832, 76994, 71041, 97101, 79981, 68823, 25960, 84031, 86511, 64668, 11598, 13801, 38277, 72117, 97914, 67271, 62497, 95121, 56480, 77291, 12295, 85165, 83568, 78821, 29000, 46548, 68710, 33837, 53867, 16757, 19744, 56490, 58506, 2704, 56409, 35185, 55884, 10413, 1967, 92366, 12720, 38904, 56674, 73494, 36995, 74568, 39592, 41098, 65909, 93224, 67867, 24312, 36412, 73676, 29939, 55884, 87263, 93716, 56026, 57244, 4070, 89635, 77378, 60358, 11337, 68615, 81852, 96708, 54183, 88797, 31269, 9360, 89105, 2535, 59726, 25955, 65244, 16768, 73543, 81718, 40902, 76314, 33436, 41909, 98773, 81808, 9719, 25421, 45418, 71987, 121, 11550, 65239, 40789, 44202, 36071, 57653, 43394, 36056, 23297, 64426, 23556, 86309, 21306, 27012, 42386, 48280, 10080, 4348, 88310, 90412, 82119, 9205, 49098, 2184, 83526, 11375, 6109, 97541, 35582, 21977, 35191, 38535, 67747, 59557, 46567, 34959, 10684, 671, 59720, 59887, 485, 14784, 36885, 67806, 20555, 39637, 90346, 34425, 6540, 18412, 78378, 59756, 27100, 45096, 77175, 81646, 59732, 18160, 89927, 40822, 95827, 99884, 32712, 63299, 13826, 85714, 22375, 34642, 93135, 95040, 87627, 56593, 10162, 1335, 24907, 11275, 57849, 31243, 19861, 99079, 15398, 23046, 39786, 73058, 18352, 90596, 73190, 18755, 43859, 95236, 53629, 45109, 83722, 79356, 47076, 62644, 97757, 13471, 27552, 93516, 12967, 49252, 1085, 54423, 9689, 79001, 15195, 48556, 32204, 40442, 35346, 62994, 33733, 67382, 49555, 60122, 40611, 12928, 92945, 10252, 45964, 84992, 1512, 78027, 75304, 45951, 56284, 25045, 39552, 38052, 75814, 1762, 99823, 76972, 67310, 62283, 41733, 23009, 32953, 78852, 84494, 34393, 32426, 77309, 29353, 87018, 31481, 22287, 73852, 13919, 95211, 57612, 5341, 78579, 87850, 58005, 44735, 76849, 63874, 54960, 17231, 90965, 88267, 87848, 83830, 59964, 7414, 27019, 63988, 28220, 60908, 57884, 71203, 30461, 65079, 25031, 40185, 78750, 46981, 80489, 92478, 38242, 60982, 98026, 5482, 58357, 82420, 69221, 47933, 41308, 46911, 93985, 74362, 98320, 32836, 21005, 85503, 60638, 52090, 16457, 81259, 97344, 71185, 51199, 32546, 37015, 82413, 74204, 2583, 41056, 12104, 19831, 19455, 13661, 3368, 6293, 24839, 2737, 57994, 65067, 22974, 80126, 70564, 55870, 22295, 54990, 188, 22708, 82010, 33866, 54839, 92881, 86023, 42822, 28002, 53771, 21295, 93768, 82639, 54827, 32269, 61670, 94699, 12629, 99213, 70585, 63371, 70163, 39410, 11420, 59374, 65058, 39544, 70840, 4105, 8975, 51408, 35270, 36395, 14905, 19463, 31253, 56593, 76004, 97054, 47585, 82196, 20301, 80867, 95726, 59810, 73784, 82432, 40019, 90101, 57866, 51891, 23969, 3726, 11832, 96918, 24802, 32825, 8453, 87570, 5910, 30479, 41802, 69112, 31765, 44030, 27039, 69845, 96240, 79148, 96989, 60634, 4975, 87175, 18069, 87499, 64971, 19045, 91141, 68569, 25404, 90932, 46267, 80532, 11728, 30381, 95769, 35013, 37457, 20905, 4517, 64695, 13129, 12749, 1818, 91327, 22606, 19672, 15427, 62325, 50224, 99886, 66678, 42678, 80750, 65241, 41447, 46222, 13943, 83906, 70729, 74336, 1726, 19116, 73335, 1723, 30675, 46925, 77182, 90826, 98994, 22759, 21028, 49319, 1714, 87944, 81788, 90533, 20925, 5438, 83502, 28657, 14540, 23899, 96217, 11472, 35876, 19131, 39399, 97335, 3323, 90272, 44040, 28073, 51304, 70624, 96620, 99178, 94411, 72001, 44800, 67313, 1790, 71579, 14737, 35858, 63905, 73477, 76009, 77549, 61502, 30404, 8360, 93569, 30438, 84984, 31813, 68448, 84388, 37695, 64509, 98530, 43872, 62143, 4409, 83775, 80273, 10350, 79665, 85682, 80513, 76395, 85135, 50, 99899, 64234, 25173, 9758, 89555, 73388, 69865, 87015, 65369, 28325, 55774, 56559, 91589, 18612, 75085, 48985, 12260, 55581, 52643, 30771, 53084, 74710, 37760, 93030, 63446, 4708, 3610, 20987, 34387, 7254, 40775, 63375, 36086, 68944, 85154, 97339, 582, 63463, 72341, 59954, 14020, 18086, 85698, 60806, 53178, 44623, 7009, 78538, 59250, 52896, 36953, 81979, 11585, 78783, 59912, 80451, 7908, 86148, 57967, 38859, 32429, 50491, 49646, 51605, 17936, 9071, 76700, 97994, 80026, 95215, 37158, 66905, 74561, 9845, 48648, 56873, 90265, 4935, 53997, 55323, 81384, 61656, 17380, 86036, 83384, 38040, 32058, 35626, 5574, 89012, 74225, 14736, 3774, 30442, 1927, 31150, 4053, 97867, 94199, 77143, 35135, 68688, 91088, 41794, 37834, 55373, 23899, 23589, 27140, 19312, 29137, 48645, 45195, 9285, 51686, 77237, 32412, 71166, 74992, 16605, 54805, 87250, 57981, 8304, 86470, 42219, 37094, 83712, 48617, 71511, 70996, 5774, 34672, 89123, 38732, 32888, 85024, 66420, 24542, 39098, 4196, 32319, 30825, 19263, 35160, 97555, 78084, 3194, 62916, 10273, 37083, 54678, 34983, 24651, 19257, 19778, 40516, 89108, 35376, 88159, 34998, 51537, 67219, 39507, 56501, 74134, 23427, 90725, 60968, 89598, 17756, 12022, 79034, 57395, 78328, 83923, 5036, 82093, 58847, 34848, 7116, 77228, 35847, 67190, 89480, 57388, 24410, 47344, 67755, 65286, 70702, 9600, 68405, 97096, 88913, 31775, 64853, 7904, 41722, 97019, 43009, 49804, 98402, 34919, 2086, 72111, 69335, 61222, 4373, 34529, 84114, 81394, 76868, 72461, 53358, 27691, 28296, 13480, 56011, 43552, 30699]})"
618.0,7,74,41,30.643975496292114,10387,"Genotype(dna={""<class 'abc.NT_0008'>"": [0, 56999], ""<class 'abc.NT_0008_P_00000'>"": [], ""<class 'abc.NT_0001'>"": [], ""<class 'abc.NT_0001_P_00000'>"": [], ""<class 'int'>"": [80903, 4706, 47695, 45437, 36791, 38407, 45651, 41280, 20876, 47623, 86904, 55373, 54597, 19312, 57981, 5774, 4196, 50252, 78328, 34848, 89480, 72111, 84114, 27691, 95393], ""<class 'bool'>"": [90671, 9706, 68793, 69465, 50630, 94229, 53268, 83378, 51198, 52517, 80864, 56983, 84611, 9863, 26653, 46759, 75883, 17618, 64460, 24766, 24616, 24139, 88100, 59674, 68925, 58603, 88542, 86971, 2074, 83004, 36300, 72448, 62475, 19830, 82844, 35160, 97555, 34983, 49026, 89108, 57812, 67219, 39507, 20060, 23427, 17756, 12022, 87036, 47344, 70702, 45692, 88913, 64900, 97019, 34645, 13480, 56011, 23961, 61622, 64153, 24398, 97162, 70647, 7256, 68916, 26200, 48073, 30572, 68510, 26764, 28736, 68692, 44411, 95498, 8365, 25426, 53841, 4898, 99229, 74318, 88444], ""<class 'abc.NT_0000'>"": [0, 0, 23967, 0, 0, 0, 0, 1, 0, 0, 0, 1, 0, 0, 1, 0, 74871, 0, 1, 1, 0, 1, 0, 1, 0, 46858, 39822, 0, 0, 0, 0, 0, 0, 0, 9925, 0, 0, 0, 0, 1, 0, 0, 0, 0, 0, 0, 1, 73131, 46429, 0, 1, 0, 0, 0, 61708, 29137, 48645, 45195, 9285, 51686, 77237, 71166, 74992, 79081, 8304, 86470, 42219, 37094, 83712, 71511, 34672, 89123, 38732, 32888, 85024, 24542, 32319, 30825, 19263, 78084, 10273, 37083, 54678, 19257, 40516, 88159, 51537, 56501, 90725, 89598, 79034, 83923, 5036, 82093, 1824, 77228, 35847, 57388, 67755, 65286, 68405, 97096, 73987, 41722, 49804, 34919, 69335, 61222, 4373, 81394, 93672, 72461, 28296, 43552, 30699], ""<class 'abc.NT_0000_P_00000'>"": [], ""<class 'abc.NT_0000_P_00001'>"": [], ""<class 'abc.NT_0008_P_00001'>"": [], ""<class 'abc.NT_0007'>"": [0, 30442], ""<class 'abc.NT_0007_P_00000'>"": [], ""<class 'abc.NT_0002'>"": [0, 2009, 1, 0, 0, 0, 0, 43348, 0, 0, 1, 0, 21331, 0, 1, 1, 72856, 35135, 68688, 91088, 41794, 37834, 46209, 27140, 32412, 16605, 87250, 48617, 70996, 66420, 39098, 3194, 19778, 34998, 60968, 57395, 58847, 67190, 7904, 98402, 2086, 34529, 53358], ""<class 'abc.NT_0002_P_00000'>"": [], ""<class 'abc.NT_0002_P_00001'>"": [], ""<class 'abc.NT_0003'>"": [2, 1, 42987], ""<class 'abc.NT_0003_P_00000'>"": [], ""<class 'abc.NT_0003_P_00001'>"": [], ""<class 'abc.NT_0003_P_00002'>"": [], ""<class 'abc.NT_0006'>"": [1, 73921], ""<class 'abc.NT_0006_P_00000'>"": [], ""<class 'abc.NT_0004'>"": [], ""<class 'abc.NT_0004_P_00000'>"": [], ""<class 'abc.NT_0004_P_00001'>"": [], ""<class 'abc.NT_0006_P_00001'>"": [], ""<class 'abc.NT_0006_P_00002'>"": [], ""<class 'abc.NT_0006_P_00003'>"": [], '$leftovers': [98075, 13912, 31132, 79333, 67005, 60614, 89167, 61612, 72827, 95393, 7774, 4838, 80622, 19286, 388, 89247, 61119, 81985, 19388, 78051, 82137, 3298, 46052, 62641, 15125, 10693, 59273, 50230, 2725, 66359, 94734, 79927, 68945, 22935, 63942, 30886, 88313, 17000, 96538, 23762, 47069, 41591, 64582, 40855, 91942, 98035, 27160, 65777, 36640, 83286, 24245, 70012, 52716, 78622, 49933, 34674, 21545, 85515, 63596, 76834, 55706, 47571, 77999, 46871, 39758, 29268, 46755, 21424, 96377, 55045, 94655, 81266, 38729, 78370, 54466, 29207, 27070, 19950, 48714, 85283, 87118, 58445, 55295, 49791, 69639, 85835, 25451, 31208, 52354, 5252, 87857, 91470, 89621, 16918, 64589, 10774, 881, 56333, 90790, 65621, 27489, 54457, 34171, 74830, 31890, 50572, 65953, 35998, 64391, 95281, 20637, 33135, 31174, 47515, 11748, 5326, 17817, 70004, 97142, 48764, 9977, 74644, 82108, 68086, 583, 51473, 93489, 84890, 38149, 98649, 10844, 80482, 25381, 17020, 9347, 89949, 15014, 18882, 36628, 14633, 41856, 82037, 99404, 37653, 18649, 44344, 64413, 14642, 24495, 81627, 82442, 88737, 53766, 43356, 68048, 76857, 54180, 98414, 47699, 12953, 61699, 97194, 89429, 67184, 44588, 70450, 98116, 25260, 44483, 23173, 79095, 13425, 67243, 34275, 86145, 28169, 48308, 39880, 30534, 80777, 30118, 35147, 6330, 33047, 66138, 35106, 74980, 25433, 54994, 95227, 7978, 36144, 69832, 996, 86590, 74938, 93563, 39370, 8023, 18122, 28829, 32872, 79242, 70820, 98755, 81059, 10691, 50385, 39617, 19016, 1863, 56359, 38460, 67174, 91592, 22430, 17368, 97443, 878, 46355, 50098, 93139, 69976, 9080, 81250, 67133, 12450, 29860, 10515, 7229, 18784, 90514, 19054, 18495, 10502, 77269, 89119, 14108, 10620, 96989, 72023, 8856, 91521, 11678, 69216, 38189, 64461, 31020, 98319, 37543, 24755, 16609, 33556, 16612, 12763, 41905, 30677, 47421, 67343, 11855, 70264, 48856, 54312, 58986, 49212, 17225, 81724, 83758, 88507, 75316, 75104, 72850, 30442, 32626, 63929, 13975, 10352, 31178, 95848, 61832, 76994, 71041, 97101, 79981, 68823, 25960, 84031, 86511, 64668, 11598, 13801, 38277, 72117, 97914, 67271, 62497, 95121, 56480, 77291, 12295, 85165, 83568, 78821, 29000, 46548, 68710, 33837, 53867, 16757, 19744, 56490, 58506, 2704, 56409, 35185, 55884, 10413, 1967, 92366, 12720, 38904, 56674, 73494, 36995, 74568, 39592, 41098, 65909, 93224, 67867, 24312, 36412, 73676, 29939, 55884, 87263, 93716, 56026, 57244, 4070, 89635, 77378, 60358, 11337, 68615, 81852, 96708, 54183, 88797, 31269, 9360, 89105, 2535, 59726, 25955, 65244, 16768, 73543, 81718, 40902, 76314, 33436, 41909, 98773, 81808, 9719, 25421, 45418, 71987, 121, 11550, 65239, 40789, 44202, 36071, 57653, 43394, 36056, 23297, 64426, 23556, 86309, 21306, 27012, 42386, 48280, 10080, 4348, 88310, 90412, 82119, 9205, 49098, 2184, 83526, 11375, 6109, 97541, 35582, 21977, 35191, 38535, 67747, 59557, 46567, 34959, 10684, 671, 59720, 59887, 485, 14784, 36885, 67806, 20555, 39637, 90346, 34425, 6540, 18412, 78378, 59756, 27100, 45096, 77175, 81646, 59732, 18160, 89927, 40822, 95827, 99884, 32712, 63299, 13826, 85714, 22375, 34642, 93135, 95040, 87627, 56593, 10162, 1335, 24907, 11275, 57849, 31243, 19861, 99079, 15398, 23046, 39786, 73058, 18352, 90596, 73190, 18755, 43859, 95236, 53629, 45109, 83722, 79356, 47076, 62644, 97757, 13471, 27552, 93516, 12967, 49252, 1085, 54423, 9689, 79001, 15195, 48556, 32204, 40442, 35346, 62994, 33733, 67382, 49555, 60122, 40611, 12928, 92945, 10252, 45964, 84992, 1512, 78027, 75304, 45951, 56284, 25045, 39552, 38052, 75814, 1762, 99823, 76972, 67310, 62283, 41733, 23009, 32953, 78852, 84494, 34393, 32426, 77309, 29353, 87018, 31481, 22287, 73852, 13919, 95211, 57612, 5341, 78579, 87850, 58005, 44735, 76849, 63874, 54960, 17231, 90965, 88267, 87848, 83830, 59964, 7414, 27019, 63988, 28220, 60908, 57884, 71203, 30461, 65079, 25031, 40185, 78750, 46981, 80489, 92478, 38242, 60982, 98026, 5482, 58357, 82420, 69221, 47933, 41308, 46911, 93985, 74362, 98320, 32836, 21005, 85503, 60638, 52090, 16457, 81259, 97344, 71185, 51199, 32546, 37015, 82413, 74204, 2583, 41056, 12104, 19831, 19455, 13661, 3368, 6293, 24839, 2737, 57994, 65067, 22974, 80126, 70564, 55870, 22295, 54990, 188, 22708, 82010, 33866, 54839, 92881, 86023, 42822, 28002, 53771, 21295, 93768, 82639, 54827, 32269, 61670, 94699, 12629, 99213, 70585, 63371, 70163, 39410, 11420, 59374, 65058, 39544, 70840, 4105, 8975, 51408, 35270, 36395, 14905, 19463, 31253, 56593, 76004, 97054, 47585, 82196, 20301, 80867, 95726, 59810, 73784, 82432, 40019, 90101, 57866, 51891, 23969, 3726, 11832, 96918, 24802, 32825, 8453, 87570, 5910, 30479, 41802, 69112, 31765, 44030, 27039, 69845, 96240, 79148, 96989, 60634, 4975, 87175, 18069, 87499, 64971, 19045, 91141, 68569, 25404, 90932, 46267, 80532, 11728, 30381, 95769, 35013, 37457, 20905, 4517, 64695, 13129, 12749, 1818, 91327, 22606, 19672, 15427, 62325, 50224, 99886, 66678, 42678, 80750, 65241, 41447, 46222, 13943, 83906, 70729, 74336, 1726, 19116, 73335, 1723, 30675, 46925, 77182, 90826, 98994, 22759, 21028, 49319, 1714, 87944, 81788, 90533, 20925, 5438, 83502, 28657, 14540, 23899, 96217, 11472, 35876, 19131, 39399, 97335, 3323, 90272, 44040, 28073, 51304, 70624, 96620, 99178, 94411, 72001, 44800, 67313, 1790, 71579, 14737, 35858, 63905, 73477, 76009, 77549, 61502, 30404, 8360, 93569, 30438, 84984, 31813, 68448, 84388, 37695, 64509, 98530, 43872, 62143, 4409, 83775, 80273, 10350, 79665, 85682, 80513, 76395, 85135, 50, 99899, 64234, 25173, 9758, 89555, 73388, 69865, 87015, 65369, 28325, 55774, 56559, 91589, 18612, 75085, 48985, 12260, 55581, 52643, 30771, 53084, 74710, 37760, 93030, 63446, 4708, 3610, 20987, 34387, 7254, 40775, 63375, 36086, 68944, 85154, 97339, 582, 63463, 72341, 59954, 14020, 18086, 85698, 60806, 53178, 44623, 7009, 78538, 59250, 52896, 36953, 81979, 11585, 78783, 59912, 80451, 7908, 86148, 57967, 38859, 32429, 50491, 49646, 51605, 17936, 9071, 76700, 97994, 80026, 95215, 37158, 66905, 74561, 9845, 48648, 56873, 90265, 4935, 53997, 55323, 81384, 61656, 17380, 86036, 83384, 38040, 32058, 35626, 5574, 89012, 74225, 14736, 3774, 30442, 1927, 31150, 4053, 97867, 94199, 77143, 35135, 68688, 91088, 41794, 37834, 55373, 23899, 23589, 27140, 19312, 29137, 48645, 45195, 9285, 51686, 77237, 32412, 71166, 74992, 16605, 54805, 87250, 57981, 8304, 86470, 42219, 37094, 83712, 48617, 71511, 70996, 5774, 34672, 89123, 38732, 32888, 85024, 66420, 24542, 39098, 4196, 32319, 30825, 19263, 35160, 97555, 78084, 3194, 62916, 10273, 37083, 54678, 34983, 24651, 19257, 19778, 40516, 89108, 35376, 88159, 34998, 51537, 67219, 39507, 56501, 74134, 23427, 90725, 60968, 89598, 17756, 12022, 79034, 57395, 78328, 83923, 5036, 82093, 58847, 34848, 7116, 77228, 35847, 67190, 89480, 57388, 24410, 47344, 67755, 65286, 70702, 9600, 68405, 97096, 88913, 31775, 64853, 7904, 41722, 97019, 43009, 49804, 98402, 34919, 2086, 72111, 69335, 61222, 4373, 34529, 84114, 81394, 76868, 72461, 53358, 27691, 28296, 13480, 56011, 43552, 30699]})"
618.0,7,74,42,30.994969129562378,10387,"Genotype(dna={""<class 'abc.NT_0008'>"": [0, 56999], ""<class 'abc.NT_0008_P_00000'>"": [], ""<class 'abc.NT_0001'>"": [], ""<class 'abc.NT_0001_P_00000'>"": [], ""<class 'int'>"": [80903, 4706, 47695, 45437, 36791, 38407, 45651, 41280, 20876, 47623, 86904, 55373, 54597, 19312, 57981, 5774, 4196, 50252, 78328, 34848, 89480, 72111, 84114, 27691, 95393], ""<class 'bool'>"": [90671, 9706, 68793, 69465, 50630, 94229, 53268, 83378, 51198, 52517, 80864, 56983, 84611, 9863, 26653, 46759, 75883, 17618, 64460, 24766, 24616, 24139, 88100, 59674, 68925, 58603, 88542, 86971, 2074, 83004, 36300, 72448, 62475, 19830, 82844, 35160, 97555, 34983, 49026, 89108, 57812, 67219, 39507, 20060, 23427, 17756, 12022, 87036, 47344, 70702, 45692, 88913, 64900, 97019, 34645, 13480, 56011, 23961, 61622, 64153, 24398, 97162, 70647, 7256, 68916, 26200, 48073, 30572, 68510, 26764, 28736, 68692, 44411, 95498, 8365, 25426, 53841, 4898, 99229, 74318, 88444], ""<class 'abc.NT_0000'>"": [0, 0, 23967, 0, 0, 0, 0, 1, 0, 0, 0, 1, 0, 0, 1, 0, 74871, 0, 1, 1, 0, 1, 0, 1, 0, 46858, 39822, 0, 0, 0, 0, 0, 0, 0, 9925, 0, 0, 0, 0, 1, 0, 0, 0, 0, 0, 0, 1, 73131, 46429, 0, 1, 0, 0, 0, 61708, 29137, 48645, 45195, 9285, 51686, 77237, 71166, 74992, 79081, 8304, 86470, 42219, 37094, 83712, 71511, 34672, 89123, 38732, 32888, 85024, 24542, 32319, 30825, 19263, 78084, 10273, 37083, 54678, 19257, 40516, 88159, 51537, 56501, 90725, 89598, 79034, 83923, 5036, 82093, 1824, 77228, 35847, 57388, 67755, 65286, 68405, 97096, 73987, 41722, 49804, 34919, 69335, 61222, 4373, 81394, 93672, 72461, 28296, 43552, 30699], ""<class 'abc.NT_0000_P_00000'>"": [], ""<class 'abc.NT_0000_P_00001'>"": [], ""<class 'abc.NT_0008_P_00001'>"": [], ""<class 'abc.NT_0007'>"": [0, 30442], ""<class 'abc.NT_0007_P_00000'>"": [], ""<class 'abc.NT_0002'>"": [0, 2009, 1, 0, 0, 0, 0, 43348, 0, 0, 1, 0, 21331, 0, 1, 1, 72856, 35135, 68688, 91088, 41794, 37834, 46209, 27140, 32412, 16605, 87250, 48617, 70996, 66420, 39098, 3194, 19778, 34998, 60968, 57395, 58847, 67190, 7904, 98402, 2086, 34529, 53358], ""<class 'abc.NT_0002_P_00000'>"": [], ""<class 'abc.NT_0002_P_00001'>"": [], ""<class 'abc.NT_0003'>"": [2, 1, 42987], ""<class 'abc.NT_0003_P_00000'>"": [], ""<class 'abc.NT_0003_P_00001'>"": [], ""<class 'abc.NT_0003_P_00002'>"": [], ""<class 'abc.NT_0006'>"": [1, 73921], ""<class 'abc.NT_0006_P_00000'>"": [], ""<class 'abc.NT_0004'>"": [], ""<class 'abc.NT_0004_P_00000'>"": [], ""<class 'abc.NT_0004_P_00001'>"": [], ""<class 'abc.NT_0006_P_00001'>"": [], ""<class 'abc.NT_0006_P_00002'>"": [], ""<class 'abc.NT_0006_P_00003'>"": [], '$leftovers': [98075, 13912, 31132, 79333, 67005, 60614, 89167, 61612, 72827, 95393, 7774, 4838, 80622, 19286, 388, 89247, 61119, 81985, 19388, 78051, 82137, 3298, 46052, 62641, 15125, 10693, 59273, 50230, 2725, 66359, 94734, 79927, 68945, 22935, 63942, 30886, 88313, 17000, 96538, 23762, 47069, 41591, 64582, 40855, 91942, 98035, 27160, 65777, 36640, 83286, 24245, 70012, 52716, 78622, 49933, 34674, 21545, 85515, 63596, 76834, 55706, 47571, 77999, 46871, 39758, 29268, 46755, 21424, 96377, 55045, 94655, 81266, 38729, 78370, 54466, 29207, 27070, 19950, 48714, 85283, 87118, 58445, 55295, 49791, 69639, 85835, 25451, 31208, 52354, 5252, 87857, 91470, 89621, 16918, 64589, 10774, 881, 56333, 90790, 65621, 27489, 54457, 34171, 74830, 31890, 50572, 65953, 35998, 64391, 95281, 20637, 33135, 31174, 47515, 11748, 5326, 17817, 70004, 97142, 48764, 9977, 74644, 82108, 68086, 583, 51473, 93489, 84890, 38149, 98649, 10844, 80482, 25381, 17020, 9347, 89949, 15014, 18882, 36628, 14633, 41856, 82037, 99404, 37653, 18649, 44344, 64413, 14642, 24495, 81627, 82442, 88737, 53766, 43356, 68048, 76857, 54180, 98414, 47699, 12953, 61699, 97194, 89429, 67184, 44588, 70450, 98116, 25260, 44483, 23173, 79095, 13425, 67243, 34275, 86145, 28169, 48308, 39880, 30534, 80777, 30118, 35147, 6330, 33047, 66138, 35106, 74980, 25433, 54994, 95227, 7978, 36144, 69832, 996, 86590, 74938, 93563, 39370, 8023, 18122, 28829, 32872, 79242, 70820, 98755, 81059, 10691, 50385, 39617, 19016, 1863, 56359, 38460, 67174, 91592, 22430, 17368, 97443, 878, 46355, 50098, 93139, 69976, 9080, 81250, 67133, 12450, 29860, 10515, 7229, 18784, 90514, 19054, 18495, 10502, 77269, 89119, 14108, 10620, 96989, 72023, 8856, 91521, 11678, 69216, 38189, 64461, 31020, 98319, 37543, 24755, 16609, 33556, 16612, 12763, 41905, 30677, 47421, 67343, 11855, 70264, 48856, 54312, 58986, 49212, 17225, 81724, 83758, 88507, 75316, 75104, 72850, 30442, 32626, 63929, 13975, 10352, 31178, 95848, 61832, 76994, 71041, 97101, 79981, 68823, 25960, 84031, 86511, 64668, 11598, 13801, 38277, 72117, 97914, 67271, 62497, 95121, 56480, 77291, 12295, 85165, 83568, 78821, 29000, 46548, 68710, 33837, 53867, 16757, 19744, 56490, 58506, 2704, 56409, 35185, 55884, 10413, 1967, 92366, 12720, 38904, 56674, 73494, 36995, 74568, 39592, 41098, 65909, 93224, 67867, 24312, 36412, 73676, 29939, 55884, 87263, 93716, 56026, 57244, 4070, 89635, 77378, 60358, 11337, 68615, 81852, 96708, 54183, 88797, 31269, 9360, 89105, 2535, 59726, 25955, 65244, 16768, 73543, 81718, 40902, 76314, 33436, 41909, 98773, 81808, 9719, 25421, 45418, 71987, 121, 11550, 65239, 40789, 44202, 36071, 57653, 43394, 36056, 23297, 64426, 23556, 86309, 21306, 27012, 42386, 48280, 10080, 4348, 88310, 90412, 82119, 9205, 49098, 2184, 83526, 11375, 6109, 97541, 35582, 21977, 35191, 38535, 67747, 59557, 46567, 34959, 10684, 671, 59720, 59887, 485, 14784, 36885, 67806, 20555, 39637, 90346, 34425, 6540, 18412, 78378, 59756, 27100, 45096, 77175, 81646, 59732, 18160, 89927, 40822, 95827, 99884, 32712, 63299, 13826, 85714, 22375, 34642, 93135, 95040, 87627, 56593, 10162, 1335, 24907, 11275, 57849, 31243, 19861, 99079, 15398, 23046, 39786, 73058, 18352, 90596, 73190, 18755, 43859, 95236, 53629, 45109, 83722, 79356, 47076, 62644, 97757, 13471, 27552, 93516, 12967, 49252, 1085, 54423, 9689, 79001, 15195, 48556, 32204, 40442, 35346, 62994, 33733, 67382, 49555, 60122, 40611, 12928, 92945, 10252, 45964, 84992, 1512, 78027, 75304, 45951, 56284, 25045, 39552, 38052, 75814, 1762, 99823, 76972, 67310, 62283, 41733, 23009, 32953, 78852, 84494, 34393, 32426, 77309, 29353, 87018, 31481, 22287, 73852, 13919, 95211, 57612, 5341, 78579, 87850, 58005, 44735, 76849, 63874, 54960, 17231, 90965, 88267, 87848, 83830, 59964, 7414, 27019, 63988, 28220, 60908, 57884, 71203, 30461, 65079, 25031, 40185, 78750, 46981, 80489, 92478, 38242, 60982, 98026, 5482, 58357, 82420, 69221, 47933, 41308, 46911, 93985, 74362, 98320, 32836, 21005, 85503, 60638, 52090, 16457, 81259, 97344, 71185, 51199, 32546, 37015, 82413, 74204, 2583, 41056, 12104, 19831, 19455, 13661, 3368, 6293, 24839, 2737, 57994, 65067, 22974, 80126, 70564, 55870, 22295, 54990, 188, 22708, 82010, 33866, 54839, 92881, 86023, 42822, 28002, 53771, 21295, 93768, 82639, 54827, 32269, 61670, 94699, 12629, 99213, 70585, 63371, 70163, 39410, 11420, 59374, 65058, 39544, 70840, 4105, 8975, 51408, 35270, 36395, 14905, 19463, 31253, 56593, 76004, 97054, 47585, 82196, 20301, 80867, 95726, 59810, 73784, 82432, 40019, 90101, 57866, 51891, 23969, 3726, 11832, 96918, 24802, 32825, 8453, 87570, 5910, 30479, 41802, 69112, 31765, 44030, 27039, 69845, 96240, 79148, 96989, 60634, 4975, 87175, 18069, 87499, 64971, 19045, 91141, 68569, 25404, 90932, 46267, 80532, 11728, 30381, 95769, 35013, 37457, 20905, 4517, 64695, 13129, 12749, 1818, 91327, 22606, 19672, 15427, 62325, 50224, 99886, 66678, 42678, 80750, 65241, 41447, 46222, 13943, 83906, 70729, 74336, 1726, 19116, 73335, 1723, 30675, 46925, 77182, 90826, 98994, 22759, 21028, 49319, 1714, 87944, 81788, 90533, 20925, 5438, 83502, 28657, 14540, 23899, 96217, 11472, 35876, 19131, 39399, 97335, 3323, 90272, 44040, 28073, 51304, 70624, 96620, 99178, 94411, 72001, 44800, 67313, 1790, 71579, 14737, 35858, 63905, 73477, 76009, 77549, 61502, 30404, 8360, 93569, 30438, 84984, 31813, 68448, 84388, 37695, 64509, 98530, 43872, 62143, 4409, 83775, 80273, 10350, 79665, 85682, 80513, 76395, 85135, 50, 99899, 64234, 25173, 9758, 89555, 73388, 69865, 87015, 65369, 28325, 55774, 56559, 91589, 18612, 75085, 48985, 12260, 55581, 52643, 30771, 53084, 74710, 37760, 93030, 63446, 4708, 3610, 20987, 34387, 7254, 40775, 63375, 36086, 68944, 85154, 97339, 582, 63463, 72341, 59954, 14020, 18086, 85698, 60806, 53178, 44623, 7009, 78538, 59250, 52896, 36953, 81979, 11585, 78783, 59912, 80451, 7908, 86148, 57967, 38859, 32429, 50491, 49646, 51605, 17936, 9071, 76700, 97994, 80026, 95215, 37158, 66905, 74561, 9845, 48648, 56873, 90265, 4935, 53997, 55323, 81384, 61656, 17380, 86036, 83384, 38040, 32058, 35626, 5574, 89012, 74225, 14736, 3774, 30442, 1927, 31150, 4053, 97867, 94199, 77143, 35135, 68688, 91088, 41794, 37834, 55373, 23899, 23589, 27140, 19312, 29137, 48645, 45195, 9285, 51686, 77237, 32412, 71166, 74992, 16605, 54805, 87250, 57981, 8304, 86470, 42219, 37094, 83712, 48617, 71511, 70996, 5774, 34672, 89123, 38732, 32888, 85024, 66420, 24542, 39098, 4196, 32319, 30825, 19263, 35160, 97555, 78084, 3194, 62916, 10273, 37083, 54678, 34983, 24651, 19257, 19778, 40516, 89108, 35376, 88159, 34998, 51537, 67219, 39507, 56501, 74134, 23427, 90725, 60968, 89598, 17756, 12022, 79034, 57395, 78328, 83923, 5036, 82093, 58847, 34848, 7116, 77228, 35847, 67190, 89480, 57388, 24410, 47344, 67755, 65286, 70702, 9600, 68405, 97096, 88913, 31775, 64853, 7904, 41722, 97019, 43009, 49804, 98402, 34919, 2086, 72111, 69335, 61222, 4373, 34529, 84114, 81394, 76868, 72461, 53358, 27691, 28296, 13480, 56011, 43552, 30699]})"
607.0,7,74,43,31.368155479431152,10387,"Genotype(dna={""<class 'abc.NT_0008'>"": [0, 56999], ""<class 'abc.NT_0008_P_00000'>"": [], ""<class 'abc.NT_0001'>"": [], ""<class 'abc.NT_0001_P_00000'>"": [], ""<class 'int'>"": [97653, 20406, 47695, 45437, 36791, 12753, 45651, 80211, 20876, 43747, 86904, 59270, 65598, 19312, 57981, 41571, 50140, 23587, 78328, 34848, 6322, 72111, 84114, 27691, 95393], ""<class 'bool'>"": [90671, 9706, 68793, 69465, 50630, 94229, 53268, 83378, 51198, 52517, 80864, 56983, 84611, 9863, 26653, 46759, 75883, 17618, 64460, 24766, 24616, 24139, 88100, 59674, 68925, 58603, 88542, 86971, 2074, 83004, 36300, 72448, 62475, 19830, 82844, 35160, 97555, 34983, 49026, 89108, 57812, 67219, 39507, 20060, 23427, 17756, 12022, 87036, 47344, 70702, 45692, 88913, 64900, 97019, 34645, 13480, 56011, 23961, 61622, 64153, 24398, 97162, 70647, 7256, 68916, 26200, 48073, 30572, 68510, 26764, 28736, 68692, 44411, 95498, 8365, 25426, 53841, 4898, 99229, 74318, 88444], ""<class 'abc.NT_0000'>"": [0, 0, 23967, 0, 0, 0, 0, 1, 0, 0, 0, 1, 0, 0, 1, 0, 74871, 0, 1, 1, 0, 1, 0, 1, 0, 46858, 39822, 0, 0, 0, 0, 0, 0, 0, 9925, 0, 0, 0, 0, 1, 0, 0, 0, 0, 0, 0, 1, 73131, 46429, 0, 1, 0, 0, 0, 61708, 29137, 48645, 45195, 9285, 51686, 77237, 71166, 74992, 79081, 8304, 86470, 42219, 37094, 83712, 71511, 34672, 89123, 38732, 32888, 85024, 24542, 32319, 30825, 19263, 78084, 10273, 37083, 54678, 19257, 40516, 88159, 51537, 56501, 90725, 89598, 79034, 83923, 5036, 82093, 1824, 77228, 35847, 57388, 67755, 65286, 68405, 97096, 73987, 41722, 49804, 34919, 69335, 61222, 4373, 81394, 93672, 72461, 28296, 43552, 30699], ""<class 'abc.NT_0000_P_00000'>"": [], ""<class 'abc.NT_0000_P_00001'>"": [], ""<class 'abc.NT_0008_P_00001'>"": [], ""<class 'abc.NT_0007'>"": [0, 30442], ""<class 'abc.NT_0007_P_00000'>"": [], ""<class 'abc.NT_0002'>"": [0, 2009, 1, 0, 0, 0, 0, 43348, 0, 0, 1, 0, 21331, 0, 1, 1, 72856, 35135, 68688, 91088, 41794, 37834, 46209, 27140, 32412, 16605, 87250, 48617, 70996, 66420, 39098, 3194, 19778, 34998, 60968, 57395, 58847, 67190, 7904, 98402, 2086, 34529, 53358], ""<class 'abc.NT_0002_P_00000'>"": [], ""<class 'abc.NT_0002_P_00001'>"": [], ""<class 'abc.NT_0003'>"": [2, 1, 42987], ""<class 'abc.NT_0003_P_00000'>"": [], ""<class 'abc.NT_0003_P_00001'>"": [], ""<class 'abc.NT_0003_P_00002'>"": [], ""<class 'abc.NT_0006'>"": [1, 73921], ""<class 'abc.NT_0006_P_00000'>"": [], ""<class 'abc.NT_0004'>"": [], ""<class 'abc.NT_0004_P_00000'>"": [], ""<class 'abc.NT_0004_P_00001'>"": [], ""<class 'abc.NT_0006_P_00001'>"": [], ""<class 'abc.NT_0006_P_00002'>"": [], ""<class 'abc.NT_0006_P_00003'>"": [], '$leftovers': [98075, 13912, 31132, 79333, 67005, 60614, 89167, 61612, 72827, 95393, 7774, 4838, 80622, 19286, 388, 89247, 61119, 81985, 19388, 78051, 82137, 3298, 46052, 62641, 15125, 10693, 59273, 50230, 2725, 66359, 94734, 79927, 68945, 22935, 63942, 30886, 88313, 17000, 96538, 23762, 47069, 41591, 64582, 40855, 91942, 98035, 27160, 65777, 36640, 83286, 24245, 70012, 52716, 78622, 49933, 34674, 21545, 85515, 63596, 76834, 55706, 47571, 77999, 46871, 39758, 29268, 46755, 21424, 96377, 55045, 94655, 81266, 38729, 78370, 54466, 29207, 27070, 19950, 48714, 85283, 87118, 58445, 55295, 49791, 69639, 85835, 25451, 31208, 52354, 5252, 87857, 91470, 89621, 16918, 64589, 10774, 881, 56333, 90790, 65621, 27489, 54457, 34171, 74830, 31890, 50572, 65953, 35998, 64391, 95281, 20637, 33135, 31174, 47515, 11748, 5326, 17817, 70004, 97142, 48764, 9977, 74644, 82108, 68086, 583, 51473, 93489, 84890, 38149, 98649, 10844, 80482, 25381, 17020, 9347, 89949, 15014, 18882, 36628, 14633, 41856, 82037, 99404, 37653, 18649, 44344, 64413, 14642, 24495, 81627, 82442, 88737, 53766, 43356, 68048, 76857, 54180, 98414, 47699, 12953, 61699, 97194, 89429, 67184, 44588, 70450, 98116, 25260, 44483, 23173, 79095, 13425, 67243, 34275, 86145, 28169, 48308, 39880, 30534, 80777, 30118, 35147, 6330, 33047, 66138, 35106, 74980, 25433, 54994, 95227, 7978, 36144, 69832, 996, 86590, 74938, 93563, 39370, 8023, 18122, 28829, 32872, 79242, 70820, 98755, 81059, 10691, 50385, 39617, 19016, 1863, 56359, 38460, 67174, 91592, 22430, 17368, 97443, 878, 46355, 50098, 93139, 69976, 9080, 81250, 67133, 12450, 29860, 10515, 7229, 18784, 90514, 19054, 18495, 10502, 77269, 89119, 14108, 10620, 96989, 72023, 8856, 91521, 11678, 69216, 38189, 64461, 31020, 98319, 37543, 24755, 16609, 33556, 16612, 12763, 41905, 30677, 47421, 67343, 11855, 70264, 48856, 54312, 58986, 49212, 17225, 81724, 83758, 88507, 75316, 75104, 72850, 30442, 32626, 63929, 13975, 10352, 31178, 95848, 61832, 76994, 71041, 97101, 79981, 68823, 25960, 84031, 86511, 64668, 11598, 13801, 38277, 72117, 97914, 67271, 62497, 95121, 56480, 77291, 12295, 85165, 83568, 78821, 29000, 46548, 68710, 33837, 53867, 16757, 19744, 56490, 58506, 2704, 56409, 35185, 55884, 10413, 1967, 92366, 12720, 38904, 56674, 73494, 36995, 74568, 39592, 41098, 65909, 93224, 67867, 24312, 36412, 73676, 29939, 55884, 87263, 93716, 56026, 57244, 4070, 89635, 77378, 60358, 11337, 68615, 81852, 96708, 54183, 88797, 31269, 9360, 89105, 2535, 59726, 25955, 65244, 16768, 73543, 81718, 40902, 76314, 33436, 41909, 98773, 81808, 9719, 25421, 45418, 71987, 121, 11550, 65239, 40789, 44202, 36071, 57653, 43394, 36056, 23297, 64426, 23556, 86309, 21306, 27012, 42386, 48280, 10080, 4348, 88310, 90412, 82119, 9205, 49098, 2184, 83526, 11375, 6109, 97541, 35582, 21977, 35191, 38535, 67747, 59557, 46567, 34959, 10684, 671, 59720, 59887, 485, 14784, 36885, 67806, 20555, 39637, 90346, 34425, 6540, 18412, 78378, 59756, 27100, 45096, 77175, 81646, 59732, 18160, 89927, 40822, 95827, 99884, 32712, 63299, 13826, 85714, 22375, 34642, 93135, 95040, 87627, 56593, 10162, 1335, 24907, 11275, 57849, 31243, 19861, 99079, 15398, 23046, 39786, 73058, 18352, 90596, 73190, 18755, 43859, 95236, 53629, 45109, 83722, 79356, 47076, 62644, 97757, 13471, 27552, 93516, 12967, 49252, 1085, 54423, 9689, 79001, 15195, 48556, 32204, 40442, 35346, 62994, 33733, 67382, 49555, 60122, 40611, 12928, 92945, 10252, 45964, 84992, 1512, 78027, 75304, 45951, 56284, 25045, 39552, 38052, 75814, 1762, 99823, 76972, 67310, 62283, 41733, 23009, 32953, 78852, 84494, 34393, 32426, 77309, 29353, 87018, 31481, 22287, 73852, 13919, 95211, 57612, 5341, 78579, 87850, 58005, 44735, 76849, 63874, 54960, 17231, 90965, 88267, 87848, 83830, 59964, 7414, 27019, 63988, 28220, 60908, 57884, 71203, 30461, 65079, 25031, 40185, 78750, 46981, 80489, 92478, 38242, 60982, 98026, 5482, 58357, 82420, 69221, 47933, 41308, 46911, 93985, 74362, 98320, 32836, 21005, 85503, 60638, 52090, 16457, 81259, 97344, 71185, 51199, 32546, 37015, 82413, 74204, 2583, 41056, 12104, 19831, 19455, 13661, 3368, 6293, 24839, 2737, 57994, 65067, 22974, 80126, 70564, 55870, 22295, 54990, 188, 22708, 82010, 33866, 54839, 92881, 86023, 42822, 28002, 53771, 21295, 93768, 82639, 54827, 32269, 61670, 94699, 12629, 99213, 70585, 63371, 70163, 39410, 11420, 59374, 65058, 39544, 70840, 4105, 8975, 51408, 35270, 36395, 14905, 19463, 31253, 56593, 76004, 97054, 47585, 82196, 20301, 80867, 95726, 59810, 73784, 82432, 40019, 90101, 57866, 51891, 23969, 3726, 11832, 96918, 24802, 32825, 8453, 87570, 5910, 30479, 41802, 69112, 31765, 44030, 27039, 69845, 96240, 79148, 96989, 60634, 4975, 87175, 18069, 87499, 64971, 19045, 91141, 68569, 25404, 90932, 46267, 80532, 11728, 30381, 95769, 35013, 37457, 20905, 4517, 64695, 13129, 12749, 1818, 91327, 22606, 19672, 15427, 62325, 50224, 99886, 66678, 42678, 80750, 65241, 41447, 46222, 13943, 83906, 70729, 74336, 1726, 19116, 73335, 1723, 30675, 46925, 77182, 90826, 98994, 22759, 21028, 49319, 1714, 87944, 81788, 90533, 20925, 5438, 83502, 28657, 14540, 23899, 96217, 11472, 35876, 19131, 39399, 97335, 3323, 90272, 44040, 28073, 51304, 70624, 96620, 99178, 94411, 72001, 44800, 67313, 1790, 71579, 14737, 35858, 63905, 73477, 76009, 77549, 61502, 30404, 8360, 93569, 30438, 84984, 31813, 68448, 84388, 37695, 64509, 98530, 43872, 62143, 4409, 83775, 80273, 10350, 79665, 85682, 80513, 76395, 85135, 50, 99899, 64234, 25173, 9758, 89555, 73388, 69865, 87015, 65369, 28325, 55774, 56559, 91589, 18612, 75085, 48985, 12260, 55581, 52643, 30771, 53084, 74710, 37760, 93030, 63446, 4708, 3610, 20987, 34387, 7254, 40775, 63375, 36086, 68944, 85154, 97339, 582, 63463, 72341, 59954, 14020, 18086, 85698, 60806, 53178, 44623, 7009, 78538, 59250, 52896, 36953, 81979, 11585, 78783, 59912, 80451, 7908, 86148, 57967, 38859, 32429, 50491, 49646, 51605, 17936, 9071, 76700, 97994, 80026, 95215, 37158, 66905, 74561, 9845, 48648, 56873, 90265, 4935, 53997, 55323, 81384, 61656, 17380, 86036, 83384, 38040, 32058, 35626, 5574, 89012, 74225, 14736, 3774, 30442, 1927, 31150, 4053, 97867, 94199, 77143, 35135, 68688, 91088, 41794, 37834, 55373, 23899, 23589, 27140, 19312, 29137, 48645, 45195, 9285, 51686, 77237, 32412, 71166, 74992, 16605, 54805, 87250, 57981, 8304, 86470, 42219, 37094, 83712, 48617, 71511, 70996, 5774, 34672, 89123, 38732, 32888, 85024, 66420, 24542, 39098, 4196, 32319, 30825, 19263, 35160, 97555, 78084, 3194, 62916, 10273, 37083, 54678, 34983, 24651, 19257, 19778, 40516, 89108, 35376, 88159, 34998, 51537, 67219, 39507, 56501, 74134, 23427, 90725, 60968, 89598, 17756, 12022, 79034, 57395, 78328, 83923, 5036, 82093, 58847, 34848, 7116, 77228, 35847, 67190, 89480, 57388, 24410, 47344, 67755, 65286, 70702, 9600, 68405, 97096, 88913, 31775, 64853, 7904, 41722, 97019, 43009, 49804, 98402, 34919, 2086, 72111, 69335, 61222, 4373, 34529, 84114, 81394, 76868, 72461, 53358, 27691, 28296, 13480, 56011, 43552, 30699]})"
607.0,7,74,44,31.742384910583496,10387,"Genotype(dna={""<class 'abc.NT_0008'>"": [0, 56999], ""<class 'abc.NT_0008_P_00000'>"": [], ""<class 'abc.NT_0001'>"": [], ""<class 'abc.NT_0001_P_00000'>"": [], ""<class 'int'>"": [97653, 20406, 47695, 45437, 36791, 12753, 45651, 80211, 20876, 43747, 86904, 59270, 65598, 19312, 57981, 41571, 50140, 23587, 78328, 34848, 6322, 72111, 84114, 27691, 95393], ""<class 'bool'>"": [90671, 9706, 68793, 69465, 50630, 94229, 53268, 83378, 51198, 52517, 80864, 56983, 84611, 9863, 26653, 46759, 75883, 17618, 64460, 24766, 24616, 24139, 88100, 59674, 68925, 58603, 88542, 86971, 2074, 83004, 36300, 72448, 62475, 19830, 82844, 35160, 97555, 34983, 49026, 89108, 57812, 67219, 39507, 20060, 23427, 17756, 12022, 87036, 47344, 70702, 45692, 88913, 64900, 97019, 34645, 13480, 56011, 23961, 61622, 64153, 24398, 97162, 70647, 7256, 68916, 26200, 48073, 30572, 68510, 26764, 28736, 68692, 44411, 95498, 8365, 25426, 53841, 4898, 99229, 74318, 88444], ""<class 'abc.NT_0000'>"": [0, 0, 23967, 0, 0, 0, 0, 1, 0, 0, 0, 1, 0, 0, 1, 0, 74871, 0, 1, 1, 0, 1, 0, 1, 0, 46858, 39822, 0, 0, 0, 0, 0, 0, 0, 9925, 0, 0, 0, 0, 1, 0, 0, 0, 0, 0, 0, 1, 73131, 46429, 0, 1, 0, 0, 0, 61708, 29137, 48645, 45195, 9285, 51686, 77237, 71166, 74992, 79081, 8304, 86470, 42219, 37094, 83712, 71511, 34672, 89123, 38732, 32888, 85024, 24542, 32319, 30825, 19263, 78084, 10273, 37083, 54678, 19257, 40516, 88159, 51537, 56501, 90725, 89598, 79034, 83923, 5036, 82093, 1824, 77228, 35847, 57388, 67755, 65286, 68405, 97096, 73987, 41722, 49804, 34919, 69335, 61222, 4373, 81394, 93672, 72461, 28296, 43552, 30699], ""<class 'abc.NT_0000_P_00000'>"": [], ""<class 'abc.NT_0000_P_00001'>"": [], ""<class 'abc.NT_0008_P_00001'>"": [], ""<class 'abc.NT_0007'>"": [0, 30442], ""<class 'abc.NT_0007_P_00000'>"": [], ""<class 'abc.NT_0002'>"": [0, 2009, 1, 0, 0, 0, 0, 43348, 0, 0, 1, 0, 21331, 0, 1, 1, 72856, 35135, 68688, 91088, 41794, 37834, 46209, 27140, 32412, 16605, 87250, 48617, 70996, 66420, 39098, 3194, 19778, 34998, 60968, 57395, 58847, 67190, 7904, 98402, 2086, 34529, 53358], ""<class 'abc.NT_0002_P_00000'>"": [], ""<class 'abc.NT_0002_P_00001'>"": [], ""<class 'abc.NT_0003'>"": [2, 1, 42987], ""<class 'abc.NT_0003_P_00000'>"": [], ""<class 'abc.NT_0003_P_00001'>"": [], ""<class 'abc.NT_0003_P_00002'>"": [], ""<class 'abc.NT_0006'>"": [1, 73921], ""<class 'abc.NT_0006_P_00000'>"": [], ""<class 'abc.NT_0004'>"": [], ""<class 'abc.NT_0004_P_00000'>"": [], ""<class 'abc.NT_0004_P_00001'>"": [], ""<class 'abc.NT_0006_P_00001'>"": [], ""<class 'abc.NT_0006_P_00002'>"": [], ""<class 'abc.NT_0006_P_00003'>"": [], '$leftovers': [98075, 13912, 31132, 79333, 67005, 60614, 89167, 61612, 72827, 95393, 7774, 4838, 80622, 19286, 388, 89247, 61119, 81985, 19388, 78051, 82137, 3298, 46052, 62641, 15125, 10693, 59273, 50230, 2725, 66359, 94734, 79927, 68945, 22935, 63942, 30886, 88313, 17000, 96538, 23762, 47069, 41591, 64582, 40855, 91942, 98035, 27160, 65777, 36640, 83286, 24245, 70012, 52716, 78622, 49933, 34674, 21545, 85515, 63596, 76834, 55706, 47571, 77999, 46871, 39758, 29268, 46755, 21424, 96377, 55045, 94655, 81266, 38729, 78370, 54466, 29207, 27070, 19950, 48714, 85283, 87118, 58445, 55295, 49791, 69639, 85835, 25451, 31208, 52354, 5252, 87857, 91470, 89621, 16918, 64589, 10774, 881, 56333, 90790, 65621, 27489, 54457, 34171, 74830, 31890, 50572, 65953, 35998, 64391, 95281, 20637, 33135, 31174, 47515, 11748, 5326, 17817, 70004, 97142, 48764, 9977, 74644, 82108, 68086, 583, 51473, 93489, 84890, 38149, 98649, 10844, 80482, 25381, 17020, 9347, 89949, 15014, 18882, 36628, 14633, 41856, 82037, 99404, 37653, 18649, 44344, 64413, 14642, 24495, 81627, 82442, 88737, 53766, 43356, 68048, 76857, 54180, 98414, 47699, 12953, 61699, 97194, 89429, 67184, 44588, 70450, 98116, 25260, 44483, 23173, 79095, 13425, 67243, 34275, 86145, 28169, 48308, 39880, 30534, 80777, 30118, 35147, 6330, 33047, 66138, 35106, 74980, 25433, 54994, 95227, 7978, 36144, 69832, 996, 86590, 74938, 93563, 39370, 8023, 18122, 28829, 32872, 79242, 70820, 98755, 81059, 10691, 50385, 39617, 19016, 1863, 56359, 38460, 67174, 91592, 22430, 17368, 97443, 878, 46355, 50098, 93139, 69976, 9080, 81250, 67133, 12450, 29860, 10515, 7229, 18784, 90514, 19054, 18495, 10502, 77269, 89119, 14108, 10620, 96989, 72023, 8856, 91521, 11678, 69216, 38189, 64461, 31020, 98319, 37543, 24755, 16609, 33556, 16612, 12763, 41905, 30677, 47421, 67343, 11855, 70264, 48856, 54312, 58986, 49212, 17225, 81724, 83758, 88507, 75316, 75104, 72850, 30442, 32626, 63929, 13975, 10352, 31178, 95848, 61832, 76994, 71041, 97101, 79981, 68823, 25960, 84031, 86511, 64668, 11598, 13801, 38277, 72117, 97914, 67271, 62497, 95121, 56480, 77291, 12295, 85165, 83568, 78821, 29000, 46548, 68710, 33837, 53867, 16757, 19744, 56490, 58506, 2704, 56409, 35185, 55884, 10413, 1967, 92366, 12720, 38904, 56674, 73494, 36995, 74568, 39592, 41098, 65909, 93224, 67867, 24312, 36412, 73676, 29939, 55884, 87263, 93716, 56026, 57244, 4070, 89635, 77378, 60358, 11337, 68615, 81852, 96708, 54183, 88797, 31269, 9360, 89105, 2535, 59726, 25955, 65244, 16768, 73543, 81718, 40902, 76314, 33436, 41909, 98773, 81808, 9719, 25421, 45418, 71987, 121, 11550, 65239, 40789, 44202, 36071, 57653, 43394, 36056, 23297, 64426, 23556, 86309, 21306, 27012, 42386, 48280, 10080, 4348, 88310, 90412, 82119, 9205, 49098, 2184, 83526, 11375, 6109, 97541, 35582, 21977, 35191, 38535, 67747, 59557, 46567, 34959, 10684, 671, 59720, 59887, 485, 14784, 36885, 67806, 20555, 39637, 90346, 34425, 6540, 18412, 78378, 59756, 27100, 45096, 77175, 81646, 59732, 18160, 89927, 40822, 95827, 99884, 32712, 63299, 13826, 85714, 22375, 34642, 93135, 95040, 87627, 56593, 10162, 1335, 24907, 11275, 57849, 31243, 19861, 99079, 15398, 23046, 39786, 73058, 18352, 90596, 73190, 18755, 43859, 95236, 53629, 45109, 83722, 79356, 47076, 62644, 97757, 13471, 27552, 93516, 12967, 49252, 1085, 54423, 9689, 79001, 15195, 48556, 32204, 40442, 35346, 62994, 33733, 67382, 49555, 60122, 40611, 12928, 92945, 10252, 45964, 84992, 1512, 78027, 75304, 45951, 56284, 25045, 39552, 38052, 75814, 1762, 99823, 76972, 67310, 62283, 41733, 23009, 32953, 78852, 84494, 34393, 32426, 77309, 29353, 87018, 31481, 22287, 73852, 13919, 95211, 57612, 5341, 78579, 87850, 58005, 44735, 76849, 63874, 54960, 17231, 90965, 88267, 87848, 83830, 59964, 7414, 27019, 63988, 28220, 60908, 57884, 71203, 30461, 65079, 25031, 40185, 78750, 46981, 80489, 92478, 38242, 60982, 98026, 5482, 58357, 82420, 69221, 47933, 41308, 46911, 93985, 74362, 98320, 32836, 21005, 85503, 60638, 52090, 16457, 81259, 97344, 71185, 51199, 32546, 37015, 82413, 74204, 2583, 41056, 12104, 19831, 19455, 13661, 3368, 6293, 24839, 2737, 57994, 65067, 22974, 80126, 70564, 55870, 22295, 54990, 188, 22708, 82010, 33866, 54839, 92881, 86023, 42822, 28002, 53771, 21295, 93768, 82639, 54827, 32269, 61670, 94699, 12629, 99213, 70585, 63371, 70163, 39410, 11420, 59374, 65058, 39544, 70840, 4105, 8975, 51408, 35270, 36395, 14905, 19463, 31253, 56593, 76004, 97054, 47585, 82196, 20301, 80867, 95726, 59810, 73784, 82432, 40019, 90101, 57866, 51891, 23969, 3726, 11832, 96918, 24802, 32825, 8453, 87570, 5910, 30479, 41802, 69112, 31765, 44030, 27039, 69845, 96240, 79148, 96989, 60634, 4975, 87175, 18069, 87499, 64971, 19045, 91141, 68569, 25404, 90932, 46267, 80532, 11728, 30381, 95769, 35013, 37457, 20905, 4517, 64695, 13129, 12749, 1818, 91327, 22606, 19672, 15427, 62325, 50224, 99886, 66678, 42678, 80750, 65241, 41447, 46222, 13943, 83906, 70729, 74336, 1726, 19116, 73335, 1723, 30675, 46925, 77182, 90826, 98994, 22759, 21028, 49319, 1714, 87944, 81788, 90533, 20925, 5438, 83502, 28657, 14540, 23899, 96217, 11472, 35876, 19131, 39399, 97335, 3323, 90272, 44040, 28073, 51304, 70624, 96620, 99178, 94411, 72001, 44800, 67313, 1790, 71579, 14737, 35858, 63905, 73477, 76009, 77549, 61502, 30404, 8360, 93569, 30438, 84984, 31813, 68448, 84388, 37695, 64509, 98530, 43872, 62143, 4409, 83775, 80273, 10350, 79665, 85682, 80513, 76395, 85135, 50, 99899, 64234, 25173, 9758, 89555, 73388, 69865, 87015, 65369, 28325, 55774, 56559, 91589, 18612, 75085, 48985, 12260, 55581, 52643, 30771, 53084, 74710, 37760, 93030, 63446, 4708, 3610, 20987, 34387, 7254, 40775, 63375, 36086, 68944, 85154, 97339, 582, 63463, 72341, 59954, 14020, 18086, 85698, 60806, 53178, 44623, 7009, 78538, 59250, 52896, 36953, 81979, 11585, 78783, 59912, 80451, 7908, 86148, 57967, 38859, 32429, 50491, 49646, 51605, 17936, 9071, 76700, 97994, 80026, 95215, 37158, 66905, 74561, 9845, 48648, 56873, 90265, 4935, 53997, 55323, 81384, 61656, 17380, 86036, 83384, 38040, 32058, 35626, 5574, 89012, 74225, 14736, 3774, 30442, 1927, 31150, 4053, 97867, 94199, 77143, 35135, 68688, 91088, 41794, 37834, 55373, 23899, 23589, 27140, 19312, 29137, 48645, 45195, 9285, 51686, 77237, 32412, 71166, 74992, 16605, 54805, 87250, 57981, 8304, 86470, 42219, 37094, 83712, 48617, 71511, 70996, 5774, 34672, 89123, 38732, 32888, 85024, 66420, 24542, 39098, 4196, 32319, 30825, 19263, 35160, 97555, 78084, 3194, 62916, 10273, 37083, 54678, 34983, 24651, 19257, 19778, 40516, 89108, 35376, 88159, 34998, 51537, 67219, 39507, 56501, 74134, 23427, 90725, 60968, 89598, 17756, 12022, 79034, 57395, 78328, 83923, 5036, 82093, 58847, 34848, 7116, 77228, 35847, 67190, 89480, 57388, 24410, 47344, 67755, 65286, 70702, 9600, 68405, 97096, 88913, 31775, 64853, 7904, 41722, 97019, 43009, 49804, 98402, 34919, 2086, 72111, 69335, 61222, 4373, 34529, 84114, 81394, 76868, 72461, 53358, 27691, 28296, 13480, 56011, 43552, 30699]})"
607.0,7,74,45,32.378822565078735,10387,"Genotype(dna={""<class 'abc.NT_0008'>"": [0, 56999], ""<class 'abc.NT_0008_P_00000'>"": [], ""<class 'abc.NT_0001'>"": [], ""<class 'abc.NT_0001_P_00000'>"": [], ""<class 'int'>"": [97653, 20406, 47695, 45437, 36791, 12753, 45651, 80211, 20876, 43747, 86904, 59270, 65598, 19312, 57981, 41571, 50140, 23587, 78328, 34848, 6322, 72111, 84114, 27691, 95393], ""<class 'bool'>"": [90671, 9706, 68793, 69465, 50630, 94229, 53268, 83378, 51198, 52517, 80864, 56983, 84611, 9863, 26653, 46759, 75883, 17618, 64460, 24766, 24616, 24139, 88100, 59674, 68925, 58603, 88542, 86971, 2074, 83004, 36300, 72448, 62475, 19830, 82844, 35160, 97555, 34983, 49026, 89108, 57812, 67219, 39507, 20060, 23427, 17756, 12022, 87036, 47344, 70702, 45692, 88913, 64900, 97019, 34645, 13480, 56011, 23961, 61622, 64153, 24398, 97162, 70647, 7256, 68916, 26200, 48073, 30572, 68510, 26764, 28736, 68692, 44411, 95498, 8365, 25426, 53841, 4898, 99229, 74318, 88444], ""<class 'abc.NT_0000'>"": [0, 0, 23967, 0, 0, 0, 0, 1, 0, 0, 0, 1, 0, 0, 1, 0, 74871, 0, 1, 1, 0, 1, 0, 1, 0, 46858, 39822, 0, 0, 0, 0, 0, 0, 0, 9925, 0, 0, 0, 0, 1, 0, 0, 0, 0, 0, 0, 1, 73131, 46429, 0, 1, 0, 0, 0, 61708, 29137, 48645, 45195, 9285, 51686, 77237, 71166, 74992, 79081, 8304, 86470, 42219, 37094, 83712, 71511, 34672, 89123, 38732, 32888, 85024, 24542, 32319, 30825, 19263, 78084, 10273, 37083, 54678, 19257, 40516, 88159, 51537, 56501, 90725, 89598, 79034, 83923, 5036, 82093, 1824, 77228, 35847, 57388, 67755, 65286, 68405, 97096, 73987, 41722, 49804, 34919, 69335, 61222, 4373, 81394, 93672, 72461, 28296, 43552, 30699], ""<class 'abc.NT_0000_P_00000'>"": [], ""<class 'abc.NT_0000_P_00001'>"": [], ""<class 'abc.NT_0008_P_00001'>"": [], ""<class 'abc.NT_0007'>"": [0, 30442], ""<class 'abc.NT_0007_P_00000'>"": [], ""<class 'abc.NT_0002'>"": [0, 2009, 1, 0, 0, 0, 0, 43348, 0, 0, 1, 0, 21331, 0, 1, 1, 72856, 35135, 68688, 91088, 41794, 37834, 46209, 27140, 32412, 16605, 87250, 48617, 70996, 66420, 39098, 3194, 19778, 34998, 60968, 57395, 58847, 67190, 7904, 98402, 2086, 34529, 53358], ""<class 'abc.NT_0002_P_00000'>"": [], ""<class 'abc.NT_0002_P_00001'>"": [], ""<class 'abc.NT_0003'>"": [2, 1, 42987], ""<class 'abc.NT_0003_P_00000'>"": [], ""<class 'abc.NT_0003_P_00001'>"": [], ""<class 'abc.NT_0003_P_00002'>"": [], ""<class 'abc.NT_0006'>"": [1, 73921], ""<class 'abc.NT_0006_P_00000'>"": [], ""<class 'abc.NT_0004'>"": [], ""<class 'abc.NT_0004_P_00000'>"": [], ""<class 'abc.NT_0004_P_00001'>"": [], ""<class 'abc.NT_0006_P_00001'>"": [], ""<class 'abc.NT_0006_P_00002'>"": [], ""<class 'abc.NT_0006_P_00003'>"": [], '$leftovers': [98075, 13912, 31132, 79333, 67005, 60614, 89167, 61612, 72827, 95393, 7774, 4838, 80622, 19286, 388, 89247, 61119, 81985, 19388, 78051, 82137, 3298, 46052, 62641, 15125, 10693, 59273, 50230, 2725, 66359, 94734, 79927, 68945, 22935, 63942, 30886, 88313, 17000, 96538, 23762, 47069, 41591, 64582, 40855, 91942, 98035, 27160, 65777, 36640, 83286, 24245, 70012, 52716, 78622, 49933, 34674, 21545, 85515, 63596, 76834, 55706, 47571, 77999, 46871, 39758, 29268, 46755, 21424, 96377, 55045, 94655, 81266, 38729, 78370, 54466, 29207, 27070, 19950, 48714, 85283, 87118, 58445, 55295, 49791, 69639, 85835, 25451, 31208, 52354, 5252, 87857, 91470, 89621, 16918, 64589, 10774, 881, 56333, 90790, 65621, 27489, 54457, 34171, 74830, 31890, 50572, 65953, 35998, 64391, 95281, 20637, 33135, 31174, 47515, 11748, 5326, 17817, 70004, 97142, 48764, 9977, 74644, 82108, 68086, 583, 51473, 93489, 84890, 38149, 98649, 10844, 80482, 25381, 17020, 9347, 89949, 15014, 18882, 36628, 14633, 41856, 82037, 99404, 37653, 18649, 44344, 64413, 14642, 24495, 81627, 82442, 88737, 53766, 43356, 68048, 76857, 54180, 98414, 47699, 12953, 61699, 97194, 89429, 67184, 44588, 70450, 98116, 25260, 44483, 23173, 79095, 13425, 67243, 34275, 86145, 28169, 48308, 39880, 30534, 80777, 30118, 35147, 6330, 33047, 66138, 35106, 74980, 25433, 54994, 95227, 7978, 36144, 69832, 996, 86590, 74938, 93563, 39370, 8023, 18122, 28829, 32872, 79242, 70820, 98755, 81059, 10691, 50385, 39617, 19016, 1863, 56359, 38460, 67174, 91592, 22430, 17368, 97443, 878, 46355, 50098, 93139, 69976, 9080, 81250, 67133, 12450, 29860, 10515, 7229, 18784, 90514, 19054, 18495, 10502, 77269, 89119, 14108, 10620, 96989, 72023, 8856, 91521, 11678, 69216, 38189, 64461, 31020, 98319, 37543, 24755, 16609, 33556, 16612, 12763, 41905, 30677, 47421, 67343, 11855, 70264, 48856, 54312, 58986, 49212, 17225, 81724, 83758, 88507, 75316, 75104, 72850, 30442, 32626, 63929, 13975, 10352, 31178, 95848, 61832, 76994, 71041, 97101, 79981, 68823, 25960, 84031, 86511, 64668, 11598, 13801, 38277, 72117, 97914, 67271, 62497, 95121, 56480, 77291, 12295, 85165, 83568, 78821, 29000, 46548, 68710, 33837, 53867, 16757, 19744, 56490, 58506, 2704, 56409, 35185, 55884, 10413, 1967, 92366, 12720, 38904, 56674, 73494, 36995, 74568, 39592, 41098, 65909, 93224, 67867, 24312, 36412, 73676, 29939, 55884, 87263, 93716, 56026, 57244, 4070, 89635, 77378, 60358, 11337, 68615, 81852, 96708, 54183, 88797, 31269, 9360, 89105, 2535, 59726, 25955, 65244, 16768, 73543, 81718, 40902, 76314, 33436, 41909, 98773, 81808, 9719, 25421, 45418, 71987, 121, 11550, 65239, 40789, 44202, 36071, 57653, 43394, 36056, 23297, 64426, 23556, 86309, 21306, 27012, 42386, 48280, 10080, 4348, 88310, 90412, 82119, 9205, 49098, 2184, 83526, 11375, 6109, 97541, 35582, 21977, 35191, 38535, 67747, 59557, 46567, 34959, 10684, 671, 59720, 59887, 485, 14784, 36885, 67806, 20555, 39637, 90346, 34425, 6540, 18412, 78378, 59756, 27100, 45096, 77175, 81646, 59732, 18160, 89927, 40822, 95827, 99884, 32712, 63299, 13826, 85714, 22375, 34642, 93135, 95040, 87627, 56593, 10162, 1335, 24907, 11275, 57849, 31243, 19861, 99079, 15398, 23046, 39786, 73058, 18352, 90596, 73190, 18755, 43859, 95236, 53629, 45109, 83722, 79356, 47076, 62644, 97757, 13471, 27552, 93516, 12967, 49252, 1085, 54423, 9689, 79001, 15195, 48556, 32204, 40442, 35346, 62994, 33733, 67382, 49555, 60122, 40611, 12928, 92945, 10252, 45964, 84992, 1512, 78027, 75304, 45951, 56284, 25045, 39552, 38052, 75814, 1762, 99823, 76972, 67310, 62283, 41733, 23009, 32953, 78852, 84494, 34393, 32426, 77309, 29353, 87018, 31481, 22287, 73852, 13919, 95211, 57612, 5341, 78579, 87850, 58005, 44735, 76849, 63874, 54960, 17231, 90965, 88267, 87848, 83830, 59964, 7414, 27019, 63988, 28220, 60908, 57884, 71203, 30461, 65079, 25031, 40185, 78750, 46981, 80489, 92478, 38242, 60982, 98026, 5482, 58357, 82420, 69221, 47933, 41308, 46911, 93985, 74362, 98320, 32836, 21005, 85503, 60638, 52090, 16457, 81259, 97344, 71185, 51199, 32546, 37015, 82413, 74204, 2583, 41056, 12104, 19831, 19455, 13661, 3368, 6293, 24839, 2737, 57994, 65067, 22974, 80126, 70564, 55870, 22295, 54990, 188, 22708, 82010, 33866, 54839, 92881, 86023, 42822, 28002, 53771, 21295, 93768, 82639, 54827, 32269, 61670, 94699, 12629, 99213, 70585, 63371, 70163, 39410, 11420, 59374, 65058, 39544, 70840, 4105, 8975, 51408, 35270, 36395, 14905, 19463, 31253, 56593, 76004, 97054, 47585, 82196, 20301, 80867, 95726, 59810, 73784, 82432, 40019, 90101, 57866, 51891, 23969, 3726, 11832, 96918, 24802, 32825, 8453, 87570, 5910, 30479, 41802, 69112, 31765, 44030, 27039, 69845, 96240, 79148, 96989, 60634, 4975, 87175, 18069, 87499, 64971, 19045, 91141, 68569, 25404, 90932, 46267, 80532, 11728, 30381, 95769, 35013, 37457, 20905, 4517, 64695, 13129, 12749, 1818, 91327, 22606, 19672, 15427, 62325, 50224, 99886, 66678, 42678, 80750, 65241, 41447, 46222, 13943, 83906, 70729, 74336, 1726, 19116, 73335, 1723, 30675, 46925, 77182, 90826, 98994, 22759, 21028, 49319, 1714, 87944, 81788, 90533, 20925, 5438, 83502, 28657, 14540, 23899, 96217, 11472, 35876, 19131, 39399, 97335, 3323, 90272, 44040, 28073, 51304, 70624, 96620, 99178, 94411, 72001, 44800, 67313, 1790, 71579, 14737, 35858, 63905, 73477, 76009, 77549, 61502, 30404, 8360, 93569, 30438, 84984, 31813, 68448, 84388, 37695, 64509, 98530, 43872, 62143, 4409, 83775, 80273, 10350, 79665, 85682, 80513, 76395, 85135, 50, 99899, 64234, 25173, 9758, 89555, 73388, 69865, 87015, 65369, 28325, 55774, 56559, 91589, 18612, 75085, 48985, 12260, 55581, 52643, 30771, 53084, 74710, 37760, 93030, 63446, 4708, 3610, 20987, 34387, 7254, 40775, 63375, 36086, 68944, 85154, 97339, 582, 63463, 72341, 59954, 14020, 18086, 85698, 60806, 53178, 44623, 7009, 78538, 59250, 52896, 36953, 81979, 11585, 78783, 59912, 80451, 7908, 86148, 57967, 38859, 32429, 50491, 49646, 51605, 17936, 9071, 76700, 97994, 80026, 95215, 37158, 66905, 74561, 9845, 48648, 56873, 90265, 4935, 53997, 55323, 81384, 61656, 17380, 86036, 83384, 38040, 32058, 35626, 5574, 89012, 74225, 14736, 3774, 30442, 1927, 31150, 4053, 97867, 94199, 77143, 35135, 68688, 91088, 41794, 37834, 55373, 23899, 23589, 27140, 19312, 29137, 48645, 45195, 9285, 51686, 77237, 32412, 71166, 74992, 16605, 54805, 87250, 57981, 8304, 86470, 42219, 37094, 83712, 48617, 71511, 70996, 5774, 34672, 89123, 38732, 32888, 85024, 66420, 24542, 39098, 4196, 32319, 30825, 19263, 35160, 97555, 78084, 3194, 62916, 10273, 37083, 54678, 34983, 24651, 19257, 19778, 40516, 89108, 35376, 88159, 34998, 51537, 67219, 39507, 56501, 74134, 23427, 90725, 60968, 89598, 17756, 12022, 79034, 57395, 78328, 83923, 5036, 82093, 58847, 34848, 7116, 77228, 35847, 67190, 89480, 57388, 24410, 47344, 67755, 65286, 70702, 9600, 68405, 97096, 88913, 31775, 64853, 7904, 41722, 97019, 43009, 49804, 98402, 34919, 2086, 72111, 69335, 61222, 4373, 34529, 84114, 81394, 76868, 72461, 53358, 27691, 28296, 13480, 56011, 43552, 30699]})"
607.0,7,74,46,32.740565061569214,10387,"Genotype(dna={""<class 'abc.NT_0008'>"": [0, 56999], ""<class 'abc.NT_0008_P_00000'>"": [], ""<class 'abc.NT_0001'>"": [], ""<class 'abc.NT_0001_P_00000'>"": [], ""<class 'int'>"": [97653, 20406, 47695, 45437, 36791, 12753, 45651, 80211, 20876, 43747, 86904, 59270, 65598, 19312, 57981, 41571, 50140, 23587, 78328, 34848, 6322, 72111, 84114, 27691, 95393], ""<class 'bool'>"": [90671, 9706, 68793, 69465, 50630, 94229, 53268, 83378, 51198, 52517, 80864, 56983, 84611, 9863, 26653, 46759, 75883, 17618, 64460, 24766, 24616, 24139, 88100, 59674, 68925, 58603, 88542, 86971, 2074, 83004, 36300, 72448, 62475, 19830, 82844, 35160, 97555, 34983, 49026, 89108, 57812, 67219, 39507, 20060, 23427, 17756, 12022, 87036, 47344, 70702, 45692, 88913, 64900, 97019, 34645, 13480, 56011, 23961, 61622, 64153, 24398, 97162, 70647, 7256, 68916, 26200, 48073, 30572, 68510, 26764, 28736, 68692, 44411, 95498, 8365, 25426, 53841, 4898, 99229, 74318, 88444], ""<class 'abc.NT_0000'>"": [0, 0, 23967, 0, 0, 0, 0, 1, 0, 0, 0, 1, 0, 0, 1, 0, 74871, 0, 1, 1, 0, 1, 0, 1, 0, 46858, 39822, 0, 0, 0, 0, 0, 0, 0, 9925, 0, 0, 0, 0, 1, 0, 0, 0, 0, 0, 0, 1, 73131, 46429, 0, 1, 0, 0, 0, 61708, 29137, 48645, 45195, 9285, 51686, 77237, 71166, 74992, 79081, 8304, 86470, 42219, 37094, 83712, 71511, 34672, 89123, 38732, 32888, 85024, 24542, 32319, 30825, 19263, 78084, 10273, 37083, 54678, 19257, 40516, 88159, 51537, 56501, 90725, 89598, 79034, 83923, 5036, 82093, 1824, 77228, 35847, 57388, 67755, 65286, 68405, 97096, 73987, 41722, 49804, 34919, 69335, 61222, 4373, 81394, 93672, 72461, 28296, 43552, 30699], ""<class 'abc.NT_0000_P_00000'>"": [], ""<class 'abc.NT_0000_P_00001'>"": [], ""<class 'abc.NT_0008_P_00001'>"": [], ""<class 'abc.NT_0007'>"": [0, 30442], ""<class 'abc.NT_0007_P_00000'>"": [], ""<class 'abc.NT_0002'>"": [0, 2009, 1, 0, 0, 0, 0, 43348, 0, 0, 1, 0, 21331, 0, 1, 1, 72856, 35135, 68688, 91088, 41794, 37834, 46209, 27140, 32412, 16605, 87250, 48617, 70996, 66420, 39098, 3194, 19778, 34998, 60968, 57395, 58847, 67190, 7904, 98402, 2086, 34529, 53358], ""<class 'abc.NT_0002_P_00000'>"": [], ""<class 'abc.NT_0002_P_00001'>"": [], ""<class 'abc.NT_0003'>"": [2, 1, 42987], ""<class 'abc.NT_0003_P_00000'>"": [], ""<class 'abc.NT_0003_P_00001'>"": [], ""<class 'abc.NT_0003_P_00002'>"": [], ""<class 'abc.NT_0006'>"": [1, 73921], ""<class 'abc.NT_0006_P_00000'>"": [], ""<class 'abc.NT_0004'>"": [], ""<class 'abc.NT_0004_P_00000'>"": [], ""<class 'abc.NT_0004_P_00001'>"": [], ""<class 'abc.NT_0006_P_00001'>"": [], ""<class 'abc.NT_0006_P_00002'>"": [], ""<class 'abc.NT_0006_P_00003'>"": [], '$leftovers': [98075, 13912, 31132, 79333, 67005, 60614, 89167, 61612, 72827, 95393, 7774, 4838, 80622, 19286, 388, 89247, 61119, 81985, 19388, 78051, 82137, 3298, 46052, 62641, 15125, 10693, 59273, 50230, 2725, 66359, 94734, 79927, 68945, 22935, 63942, 30886, 88313, 17000, 96538, 23762, 47069, 41591, 64582, 40855, 91942, 98035, 27160, 65777, 36640, 83286, 24245, 70012, 52716, 78622, 49933, 34674, 21545, 85515, 63596, 76834, 55706, 47571, 77999, 46871, 39758, 29268, 46755, 21424, 96377, 55045, 94655, 81266, 38729, 78370, 54466, 29207, 27070, 19950, 48714, 85283, 87118, 58445, 55295, 49791, 69639, 85835, 25451, 31208, 52354, 5252, 87857, 91470, 89621, 16918, 64589, 10774, 881, 56333, 90790, 65621, 27489, 54457, 34171, 74830, 31890, 50572, 65953, 35998, 64391, 95281, 20637, 33135, 31174, 47515, 11748, 5326, 17817, 70004, 97142, 48764, 9977, 74644, 82108, 68086, 583, 51473, 93489, 84890, 38149, 98649, 10844, 80482, 25381, 17020, 9347, 89949, 15014, 18882, 36628, 14633, 41856, 82037, 99404, 37653, 18649, 44344, 64413, 14642, 24495, 81627, 82442, 88737, 53766, 43356, 68048, 76857, 54180, 98414, 47699, 12953, 61699, 97194, 89429, 67184, 44588, 70450, 98116, 25260, 44483, 23173, 79095, 13425, 67243, 34275, 86145, 28169, 48308, 39880, 30534, 80777, 30118, 35147, 6330, 33047, 66138, 35106, 74980, 25433, 54994, 95227, 7978, 36144, 69832, 996, 86590, 74938, 93563, 39370, 8023, 18122, 28829, 32872, 79242, 70820, 98755, 81059, 10691, 50385, 39617, 19016, 1863, 56359, 38460, 67174, 91592, 22430, 17368, 97443, 878, 46355, 50098, 93139, 69976, 9080, 81250, 67133, 12450, 29860, 10515, 7229, 18784, 90514, 19054, 18495, 10502, 77269, 89119, 14108, 10620, 96989, 72023, 8856, 91521, 11678, 69216, 38189, 64461, 31020, 98319, 37543, 24755, 16609, 33556, 16612, 12763, 41905, 30677, 47421, 67343, 11855, 70264, 48856, 54312, 58986, 49212, 17225, 81724, 83758, 88507, 75316, 75104, 72850, 30442, 32626, 63929, 13975, 10352, 31178, 95848, 61832, 76994, 71041, 97101, 79981, 68823, 25960, 84031, 86511, 64668, 11598, 13801, 38277, 72117, 97914, 67271, 62497, 95121, 56480, 77291, 12295, 85165, 83568, 78821, 29000, 46548, 68710, 33837, 53867, 16757, 19744, 56490, 58506, 2704, 56409, 35185, 55884, 10413, 1967, 92366, 12720, 38904, 56674, 73494, 36995, 74568, 39592, 41098, 65909, 93224, 67867, 24312, 36412, 73676, 29939, 55884, 87263, 93716, 56026, 57244, 4070, 89635, 77378, 60358, 11337, 68615, 81852, 96708, 54183, 88797, 31269, 9360, 89105, 2535, 59726, 25955, 65244, 16768, 73543, 81718, 40902, 76314, 33436, 41909, 98773, 81808, 9719, 25421, 45418, 71987, 121, 11550, 65239, 40789, 44202, 36071, 57653, 43394, 36056, 23297, 64426, 23556, 86309, 21306, 27012, 42386, 48280, 10080, 4348, 88310, 90412, 82119, 9205, 49098, 2184, 83526, 11375, 6109, 97541, 35582, 21977, 35191, 38535, 67747, 59557, 46567, 34959, 10684, 671, 59720, 59887, 485, 14784, 36885, 67806, 20555, 39637, 90346, 34425, 6540, 18412, 78378, 59756, 27100, 45096, 77175, 81646, 59732, 18160, 89927, 40822, 95827, 99884, 32712, 63299, 13826, 85714, 22375, 34642, 93135, 95040, 87627, 56593, 10162, 1335, 24907, 11275, 57849, 31243, 19861, 99079, 15398, 23046, 39786, 73058, 18352, 90596, 73190, 18755, 43859, 95236, 53629, 45109, 83722, 79356, 47076, 62644, 97757, 13471, 27552, 93516, 12967, 49252, 1085, 54423, 9689, 79001, 15195, 48556, 32204, 40442, 35346, 62994, 33733, 67382, 49555, 60122, 40611, 12928, 92945, 10252, 45964, 84992, 1512, 78027, 75304, 45951, 56284, 25045, 39552, 38052, 75814, 1762, 99823, 76972, 67310, 62283, 41733, 23009, 32953, 78852, 84494, 34393, 32426, 77309, 29353, 87018, 31481, 22287, 73852, 13919, 95211, 57612, 5341, 78579, 87850, 58005, 44735, 76849, 63874, 54960, 17231, 90965, 88267, 87848, 83830, 59964, 7414, 27019, 63988, 28220, 60908, 57884, 71203, 30461, 65079, 25031, 40185, 78750, 46981, 80489, 92478, 38242, 60982, 98026, 5482, 58357, 82420, 69221, 47933, 41308, 46911, 93985, 74362, 98320, 32836, 21005, 85503, 60638, 52090, 16457, 81259, 97344, 71185, 51199, 32546, 37015, 82413, 74204, 2583, 41056, 12104, 19831, 19455, 13661, 3368, 6293, 24839, 2737, 57994, 65067, 22974, 80126, 70564, 55870, 22295, 54990, 188, 22708, 82010, 33866, 54839, 92881, 86023, 42822, 28002, 53771, 21295, 93768, 82639, 54827, 32269, 61670, 94699, 12629, 99213, 70585, 63371, 70163, 39410, 11420, 59374, 65058, 39544, 70840, 4105, 8975, 51408, 35270, 36395, 14905, 19463, 31253, 56593, 76004, 97054, 47585, 82196, 20301, 80867, 95726, 59810, 73784, 82432, 40019, 90101, 57866, 51891, 23969, 3726, 11832, 96918, 24802, 32825, 8453, 87570, 5910, 30479, 41802, 69112, 31765, 44030, 27039, 69845, 96240, 79148, 96989, 60634, 4975, 87175, 18069, 87499, 64971, 19045, 91141, 68569, 25404, 90932, 46267, 80532, 11728, 30381, 95769, 35013, 37457, 20905, 4517, 64695, 13129, 12749, 1818, 91327, 22606, 19672, 15427, 62325, 50224, 99886, 66678, 42678, 80750, 65241, 41447, 46222, 13943, 83906, 70729, 74336, 1726, 19116, 73335, 1723, 30675, 46925, 77182, 90826, 98994, 22759, 21028, 49319, 1714, 87944, 81788, 90533, 20925, 5438, 83502, 28657, 14540, 23899, 96217, 11472, 35876, 19131, 39399, 97335, 3323, 90272, 44040, 28073, 51304, 70624, 96620, 99178, 94411, 72001, 44800, 67313, 1790, 71579, 14737, 35858, 63905, 73477, 76009, 77549, 61502, 30404, 8360, 93569, 30438, 84984, 31813, 68448, 84388, 37695, 64509, 98530, 43872, 62143, 4409, 83775, 80273, 10350, 79665, 85682, 80513, 76395, 85135, 50, 99899, 64234, 25173, 9758, 89555, 73388, 69865, 87015, 65369, 28325, 55774, 56559, 91589, 18612, 75085, 48985, 12260, 55581, 52643, 30771, 53084, 74710, 37760, 93030, 63446, 4708, 3610, 20987, 34387, 7254, 40775, 63375, 36086, 68944, 85154, 97339, 582, 63463, 72341, 59954, 14020, 18086, 85698, 60806, 53178, 44623, 7009, 78538, 59250, 52896, 36953, 81979, 11585, 78783, 59912, 80451, 7908, 86148, 57967, 38859, 32429, 50491, 49646, 51605, 17936, 9071, 76700, 97994, 80026, 95215, 37158, 66905, 74561, 9845, 48648, 56873, 90265, 4935, 53997, 55323, 81384, 61656, 17380, 86036, 83384, 38040, 32058, 35626, 5574, 89012, 74225, 14736, 3774, 30442, 1927, 31150, 4053, 97867, 94199, 77143, 35135, 68688, 91088, 41794, 37834, 55373, 23899, 23589, 27140, 19312, 29137, 48645, 45195, 9285, 51686, 77237, 32412, 71166, 74992, 16605, 54805, 87250, 57981, 8304, 86470, 42219, 37094, 83712, 48617, 71511, 70996, 5774, 34672, 89123, 38732, 32888, 85024, 66420, 24542, 39098, 4196, 32319, 30825, 19263, 35160, 97555, 78084, 3194, 62916, 10273, 37083, 54678, 34983, 24651, 19257, 19778, 40516, 89108, 35376, 88159, 34998, 51537, 67219, 39507, 56501, 74134, 23427, 90725, 60968, 89598, 17756, 12022, 79034, 57395, 78328, 83923, 5036, 82093, 58847, 34848, 7116, 77228, 35847, 67190, 89480, 57388, 24410, 47344, 67755, 65286, 70702, 9600, 68405, 97096, 88913, 31775, 64853, 7904, 41722, 97019, 43009, 49804, 98402, 34919, 2086, 72111, 69335, 61222, 4373, 34529, 84114, 81394, 76868, 72461, 53358, 27691, 28296, 13480, 56011, 43552, 30699]})"
607.0,7,74,47,33.13369083404541,10387,"Genotype(dna={""<class 'abc.NT_0008'>"": [0, 56999], ""<class 'abc.NT_0008_P_00000'>"": [], ""<class 'abc.NT_0001'>"": [], ""<class 'abc.NT_0001_P_00000'>"": [], ""<class 'int'>"": [97653, 20406, 47695, 45437, 36791, 12753, 45651, 80211, 20876, 43747, 86904, 59270, 65598, 19312, 57981, 41571, 50140, 23587, 78328, 34848, 6322, 72111, 84114, 27691, 95393], ""<class 'bool'>"": [90671, 9706, 68793, 69465, 50630, 94229, 53268, 83378, 51198, 52517, 80864, 56983, 84611, 9863, 26653, 46759, 75883, 17618, 64460, 24766, 24616, 24139, 88100, 59674, 68925, 58603, 88542, 86971, 2074, 83004, 36300, 72448, 62475, 19830, 82844, 35160, 97555, 34983, 49026, 89108, 57812, 67219, 39507, 20060, 23427, 17756, 12022, 87036, 47344, 70702, 45692, 88913, 64900, 97019, 34645, 13480, 56011, 23961, 61622, 64153, 24398, 97162, 70647, 7256, 68916, 26200, 48073, 30572, 68510, 26764, 28736, 68692, 44411, 95498, 8365, 25426, 53841, 4898, 99229, 74318, 88444], ""<class 'abc.NT_0000'>"": [0, 0, 23967, 0, 0, 0, 0, 1, 0, 0, 0, 1, 0, 0, 1, 0, 74871, 0, 1, 1, 0, 1, 0, 1, 0, 46858, 39822, 0, 0, 0, 0, 0, 0, 0, 9925, 0, 0, 0, 0, 1, 0, 0, 0, 0, 0, 0, 1, 73131, 46429, 0, 1, 0, 0, 0, 61708, 29137, 48645, 45195, 9285, 51686, 77237, 71166, 74992, 79081, 8304, 86470, 42219, 37094, 83712, 71511, 34672, 89123, 38732, 32888, 85024, 24542, 32319, 30825, 19263, 78084, 10273, 37083, 54678, 19257, 40516, 88159, 51537, 56501, 90725, 89598, 79034, 83923, 5036, 82093, 1824, 77228, 35847, 57388, 67755, 65286, 68405, 97096, 73987, 41722, 49804, 34919, 69335, 61222, 4373, 81394, 93672, 72461, 28296, 43552, 30699], ""<class 'abc.NT_0000_P_00000'>"": [], ""<class 'abc.NT_0000_P_00001'>"": [], ""<class 'abc.NT_0008_P_00001'>"": [], ""<class 'abc.NT_0007'>"": [0, 30442], ""<class 'abc.NT_0007_P_00000'>"": [], ""<class 'abc.NT_0002'>"": [0, 2009, 1, 0, 0, 0, 0, 43348, 0, 0, 1, 0, 21331, 0, 1, 1, 72856, 35135, 68688, 91088, 41794, 37834, 46209, 27140, 32412, 16605, 87250, 48617, 70996, 66420, 39098, 3194, 19778, 34998, 60968, 57395, 58847, 67190, 7904, 98402, 2086, 34529, 53358], ""<class 'abc.NT_0002_P_00000'>"": [], ""<class 'abc.NT_0002_P_00001'>"": [], ""<class 'abc.NT_0003'>"": [2, 1, 42987], ""<class 'abc.NT_0003_P_00000'>"": [], ""<class 'abc.NT_0003_P_00001'>"": [], ""<class 'abc.NT_0003_P_00002'>"": [], ""<class 'abc.NT_0006'>"": [1, 73921], ""<class 'abc.NT_0006_P_00000'>"": [], ""<class 'abc.NT_0004'>"": [], ""<class 'abc.NT_0004_P_00000'>"": [], ""<class 'abc.NT_0004_P_00001'>"": [], ""<class 'abc.NT_0006_P_00001'>"": [], ""<class 'abc.NT_0006_P_00002'>"": [], ""<class 'abc.NT_0006_P_00003'>"": [], '$leftovers': [98075, 13912, 31132, 79333, 67005, 60614, 89167, 61612, 72827, 95393, 7774, 4838, 80622, 19286, 388, 89247, 61119, 81985, 19388, 78051, 82137, 3298, 46052, 62641, 15125, 10693, 59273, 50230, 2725, 66359, 94734, 79927, 68945, 22935, 63942, 30886, 88313, 17000, 96538, 23762, 47069, 41591, 64582, 40855, 91942, 98035, 27160, 65777, 36640, 83286, 24245, 70012, 52716, 78622, 49933, 34674, 21545, 85515, 63596, 76834, 55706, 47571, 77999, 46871, 39758, 29268, 46755, 21424, 96377, 55045, 94655, 81266, 38729, 78370, 54466, 29207, 27070, 19950, 48714, 85283, 87118, 58445, 55295, 49791, 69639, 85835, 25451, 31208, 52354, 5252, 87857, 91470, 89621, 16918, 64589, 10774, 881, 56333, 90790, 65621, 27489, 54457, 34171, 74830, 31890, 50572, 65953, 35998, 64391, 95281, 20637, 33135, 31174, 47515, 11748, 5326, 17817, 70004, 97142, 48764, 9977, 74644, 82108, 68086, 583, 51473, 93489, 84890, 38149, 98649, 10844, 80482, 25381, 17020, 9347, 89949, 15014, 18882, 36628, 14633, 41856, 82037, 99404, 37653, 18649, 44344, 64413, 14642, 24495, 81627, 82442, 88737, 53766, 43356, 68048, 76857, 54180, 98414, 47699, 12953, 61699, 97194, 89429, 67184, 44588, 70450, 98116, 25260, 44483, 23173, 79095, 13425, 67243, 34275, 86145, 28169, 48308, 39880, 30534, 80777, 30118, 35147, 6330, 33047, 66138, 35106, 74980, 25433, 54994, 95227, 7978, 36144, 69832, 996, 86590, 74938, 93563, 39370, 8023, 18122, 28829, 32872, 79242, 70820, 98755, 81059, 10691, 50385, 39617, 19016, 1863, 56359, 38460, 67174, 91592, 22430, 17368, 97443, 878, 46355, 50098, 93139, 69976, 9080, 81250, 67133, 12450, 29860, 10515, 7229, 18784, 90514, 19054, 18495, 10502, 77269, 89119, 14108, 10620, 96989, 72023, 8856, 91521, 11678, 69216, 38189, 64461, 31020, 98319, 37543, 24755, 16609, 33556, 16612, 12763, 41905, 30677, 47421, 67343, 11855, 70264, 48856, 54312, 58986, 49212, 17225, 81724, 83758, 88507, 75316, 75104, 72850, 30442, 32626, 63929, 13975, 10352, 31178, 95848, 61832, 76994, 71041, 97101, 79981, 68823, 25960, 84031, 86511, 64668, 11598, 13801, 38277, 72117, 97914, 67271, 62497, 95121, 56480, 77291, 12295, 85165, 83568, 78821, 29000, 46548, 68710, 33837, 53867, 16757, 19744, 56490, 58506, 2704, 56409, 35185, 55884, 10413, 1967, 92366, 12720, 38904, 56674, 73494, 36995, 74568, 39592, 41098, 65909, 93224, 67867, 24312, 36412, 73676, 29939, 55884, 87263, 93716, 56026, 57244, 4070, 89635, 77378, 60358, 11337, 68615, 81852, 96708, 54183, 88797, 31269, 9360, 89105, 2535, 59726, 25955, 65244, 16768, 73543, 81718, 40902, 76314, 33436, 41909, 98773, 81808, 9719, 25421, 45418, 71987, 121, 11550, 65239, 40789, 44202, 36071, 57653, 43394, 36056, 23297, 64426, 23556, 86309, 21306, 27012, 42386, 48280, 10080, 4348, 88310, 90412, 82119, 9205, 49098, 2184, 83526, 11375, 6109, 97541, 35582, 21977, 35191, 38535, 67747, 59557, 46567, 34959, 10684, 671, 59720, 59887, 485, 14784, 36885, 67806, 20555, 39637, 90346, 34425, 6540, 18412, 78378, 59756, 27100, 45096, 77175, 81646, 59732, 18160, 89927, 40822, 95827, 99884, 32712, 63299, 13826, 85714, 22375, 34642, 93135, 95040, 87627, 56593, 10162, 1335, 24907, 11275, 57849, 31243, 19861, 99079, 15398, 23046, 39786, 73058, 18352, 90596, 73190, 18755, 43859, 95236, 53629, 45109, 83722, 79356, 47076, 62644, 97757, 13471, 27552, 93516, 12967, 49252, 1085, 54423, 9689, 79001, 15195, 48556, 32204, 40442, 35346, 62994, 33733, 67382, 49555, 60122, 40611, 12928, 92945, 10252, 45964, 84992, 1512, 78027, 75304, 45951, 56284, 25045, 39552, 38052, 75814, 1762, 99823, 76972, 67310, 62283, 41733, 23009, 32953, 78852, 84494, 34393, 32426, 77309, 29353, 87018, 31481, 22287, 73852, 13919, 95211, 57612, 5341, 78579, 87850, 58005, 44735, 76849, 63874, 54960, 17231, 90965, 88267, 87848, 83830, 59964, 7414, 27019, 63988, 28220, 60908, 57884, 71203, 30461, 65079, 25031, 40185, 78750, 46981, 80489, 92478, 38242, 60982, 98026, 5482, 58357, 82420, 69221, 47933, 41308, 46911, 93985, 74362, 98320, 32836, 21005, 85503, 60638, 52090, 16457, 81259, 97344, 71185, 51199, 32546, 37015, 82413, 74204, 2583, 41056, 12104, 19831, 19455, 13661, 3368, 6293, 24839, 2737, 57994, 65067, 22974, 80126, 70564, 55870, 22295, 54990, 188, 22708, 82010, 33866, 54839, 92881, 86023, 42822, 28002, 53771, 21295, 93768, 82639, 54827, 32269, 61670, 94699, 12629, 99213, 70585, 63371, 70163, 39410, 11420, 59374, 65058, 39544, 70840, 4105, 8975, 51408, 35270, 36395, 14905, 19463, 31253, 56593, 76004, 97054, 47585, 82196, 20301, 80867, 95726, 59810, 73784, 82432, 40019, 90101, 57866, 51891, 23969, 3726, 11832, 96918, 24802, 32825, 8453, 87570, 5910, 30479, 41802, 69112, 31765, 44030, 27039, 69845, 96240, 79148, 96989, 60634, 4975, 87175, 18069, 87499, 64971, 19045, 91141, 68569, 25404, 90932, 46267, 80532, 11728, 30381, 95769, 35013, 37457, 20905, 4517, 64695, 13129, 12749, 1818, 91327, 22606, 19672, 15427, 62325, 50224, 99886, 66678, 42678, 80750, 65241, 41447, 46222, 13943, 83906, 70729, 74336, 1726, 19116, 73335, 1723, 30675, 46925, 77182, 90826, 98994, 22759, 21028, 49319, 1714, 87944, 81788, 90533, 20925, 5438, 83502, 28657, 14540, 23899, 96217, 11472, 35876, 19131, 39399, 97335, 3323, 90272, 44040, 28073, 51304, 70624, 96620, 99178, 94411, 72001, 44800, 67313, 1790, 71579, 14737, 35858, 63905, 73477, 76009, 77549, 61502, 30404, 8360, 93569, 30438, 84984, 31813, 68448, 84388, 37695, 64509, 98530, 43872, 62143, 4409, 83775, 80273, 10350, 79665, 85682, 80513, 76395, 85135, 50, 99899, 64234, 25173, 9758, 89555, 73388, 69865, 87015, 65369, 28325, 55774, 56559, 91589, 18612, 75085, 48985, 12260, 55581, 52643, 30771, 53084, 74710, 37760, 93030, 63446, 4708, 3610, 20987, 34387, 7254, 40775, 63375, 36086, 68944, 85154, 97339, 582, 63463, 72341, 59954, 14020, 18086, 85698, 60806, 53178, 44623, 7009, 78538, 59250, 52896, 36953, 81979, 11585, 78783, 59912, 80451, 7908, 86148, 57967, 38859, 32429, 50491, 49646, 51605, 17936, 9071, 76700, 97994, 80026, 95215, 37158, 66905, 74561, 9845, 48648, 56873, 90265, 4935, 53997, 55323, 81384, 61656, 17380, 86036, 83384, 38040, 32058, 35626, 5574, 89012, 74225, 14736, 3774, 30442, 1927, 31150, 4053, 97867, 94199, 77143, 35135, 68688, 91088, 41794, 37834, 55373, 23899, 23589, 27140, 19312, 29137, 48645, 45195, 9285, 51686, 77237, 32412, 71166, 74992, 16605, 54805, 87250, 57981, 8304, 86470, 42219, 37094, 83712, 48617, 71511, 70996, 5774, 34672, 89123, 38732, 32888, 85024, 66420, 24542, 39098, 4196, 32319, 30825, 19263, 35160, 97555, 78084, 3194, 62916, 10273, 37083, 54678, 34983, 24651, 19257, 19778, 40516, 89108, 35376, 88159, 34998, 51537, 67219, 39507, 56501, 74134, 23427, 90725, 60968, 89598, 17756, 12022, 79034, 57395, 78328, 83923, 5036, 82093, 58847, 34848, 7116, 77228, 35847, 67190, 89480, 57388, 24410, 47344, 67755, 65286, 70702, 9600, 68405, 97096, 88913, 31775, 64853, 7904, 41722, 97019, 43009, 49804, 98402, 34919, 2086, 72111, 69335, 61222, 4373, 34529, 84114, 81394, 76868, 72461, 53358, 27691, 28296, 13480, 56011, 43552, 30699]})"
607.0,7,74,48,33.47273325920105,10387,"Genotype(dna={""<class 'abc.NT_0008'>"": [0, 56999], ""<class 'abc.NT_0008_P_00000'>"": [], ""<class 'abc.NT_0001'>"": [], ""<class 'abc.NT_0001_P_00000'>"": [], ""<class 'int'>"": [97653, 20406, 47695, 45437, 36791, 12753, 45651, 80211, 20876, 43747, 86904, 59270, 65598, 19312, 57981, 41571, 50140, 23587, 78328, 34848, 6322, 72111, 84114, 27691, 95393], ""<class 'bool'>"": [90671, 9706, 68793, 69465, 50630, 94229, 53268, 83378, 51198, 52517, 80864, 56983, 84611, 9863, 26653, 46759, 75883, 17618, 64460, 24766, 24616, 24139, 88100, 59674, 68925, 58603, 88542, 86971, 2074, 83004, 36300, 72448, 62475, 19830, 82844, 35160, 97555, 34983, 49026, 89108, 57812, 67219, 39507, 20060, 23427, 17756, 12022, 87036, 47344, 70702, 45692, 88913, 64900, 97019, 34645, 13480, 56011, 23961, 61622, 64153, 24398, 97162, 70647, 7256, 68916, 26200, 48073, 30572, 68510, 26764, 28736, 68692, 44411, 95498, 8365, 25426, 53841, 4898, 99229, 74318, 88444], ""<class 'abc.NT_0000'>"": [0, 0, 23967, 0, 0, 0, 0, 1, 0, 0, 0, 1, 0, 0, 1, 0, 74871, 0, 1, 1, 0, 1, 0, 1, 0, 46858, 39822, 0, 0, 0, 0, 0, 0, 0, 9925, 0, 0, 0, 0, 1, 0, 0, 0, 0, 0, 0, 1, 73131, 46429, 0, 1, 0, 0, 0, 61708, 29137, 48645, 45195, 9285, 51686, 77237, 71166, 74992, 79081, 8304, 86470, 42219, 37094, 83712, 71511, 34672, 89123, 38732, 32888, 85024, 24542, 32319, 30825, 19263, 78084, 10273, 37083, 54678, 19257, 40516, 88159, 51537, 56501, 90725, 89598, 79034, 83923, 5036, 82093, 1824, 77228, 35847, 57388, 67755, 65286, 68405, 97096, 73987, 41722, 49804, 34919, 69335, 61222, 4373, 81394, 93672, 72461, 28296, 43552, 30699], ""<class 'abc.NT_0000_P_00000'>"": [], ""<class 'abc.NT_0000_P_00001'>"": [], ""<class 'abc.NT_0008_P_00001'>"": [], ""<class 'abc.NT_0007'>"": [0, 30442], ""<class 'abc.NT_0007_P_00000'>"": [], ""<class 'abc.NT_0002'>"": [0, 2009, 1, 0, 0, 0, 0, 43348, 0, 0, 1, 0, 21331, 0, 1, 1, 72856, 35135, 68688, 91088, 41794, 37834, 46209, 27140, 32412, 16605, 87250, 48617, 70996, 66420, 39098, 3194, 19778, 34998, 60968, 57395, 58847, 67190, 7904, 98402, 2086, 34529, 53358], ""<class 'abc.NT_0002_P_00000'>"": [], ""<class 'abc.NT_0002_P_00001'>"": [], ""<class 'abc.NT_0003'>"": [2, 1, 42987], ""<class 'abc.NT_0003_P_00000'>"": [], ""<class 'abc.NT_0003_P_00001'>"": [], ""<class 'abc.NT_0003_P_00002'>"": [], ""<class 'abc.NT_0006'>"": [1, 73921], ""<class 'abc.NT_0006_P_00000'>"": [], ""<class 'abc.NT_0004'>"": [], ""<class 'abc.NT_0004_P_00000'>"": [], ""<class 'abc.NT_0004_P_00001'>"": [], ""<class 'abc.NT_0006_P_00001'>"": [], ""<class 'abc.NT_0006_P_00002'>"": [], ""<class 'abc.NT_0006_P_00003'>"": [], '$leftovers': [98075, 13912, 31132, 79333, 67005, 60614, 89167, 61612, 72827, 95393, 7774, 4838, 80622, 19286, 388, 89247, 61119, 81985, 19388, 78051, 82137, 3298, 46052, 62641, 15125, 10693, 59273, 50230, 2725, 66359, 94734, 79927, 68945, 22935, 63942, 30886, 88313, 17000, 96538, 23762, 47069, 41591, 64582, 40855, 91942, 98035, 27160, 65777, 36640, 83286, 24245, 70012, 52716, 78622, 49933, 34674, 21545, 85515, 63596, 76834, 55706, 47571, 77999, 46871, 39758, 29268, 46755, 21424, 96377, 55045, 94655, 81266, 38729, 78370, 54466, 29207, 27070, 19950, 48714, 85283, 87118, 58445, 55295, 49791, 69639, 85835, 25451, 31208, 52354, 5252, 87857, 91470, 89621, 16918, 64589, 10774, 881, 56333, 90790, 65621, 27489, 54457, 34171, 74830, 31890, 50572, 65953, 35998, 64391, 95281, 20637, 33135, 31174, 47515, 11748, 5326, 17817, 70004, 97142, 48764, 9977, 74644, 82108, 68086, 583, 51473, 93489, 84890, 38149, 98649, 10844, 80482, 25381, 17020, 9347, 89949, 15014, 18882, 36628, 14633, 41856, 82037, 99404, 37653, 18649, 44344, 64413, 14642, 24495, 81627, 82442, 88737, 53766, 43356, 68048, 76857, 54180, 98414, 47699, 12953, 61699, 97194, 89429, 67184, 44588, 70450, 98116, 25260, 44483, 23173, 79095, 13425, 67243, 34275, 86145, 28169, 48308, 39880, 30534, 80777, 30118, 35147, 6330, 33047, 66138, 35106, 74980, 25433, 54994, 95227, 7978, 36144, 69832, 996, 86590, 74938, 93563, 39370, 8023, 18122, 28829, 32872, 79242, 70820, 98755, 81059, 10691, 50385, 39617, 19016, 1863, 56359, 38460, 67174, 91592, 22430, 17368, 97443, 878, 46355, 50098, 93139, 69976, 9080, 81250, 67133, 12450, 29860, 10515, 7229, 18784, 90514, 19054, 18495, 10502, 77269, 89119, 14108, 10620, 96989, 72023, 8856, 91521, 11678, 69216, 38189, 64461, 31020, 98319, 37543, 24755, 16609, 33556, 16612, 12763, 41905, 30677, 47421, 67343, 11855, 70264, 48856, 54312, 58986, 49212, 17225, 81724, 83758, 88507, 75316, 75104, 72850, 30442, 32626, 63929, 13975, 10352, 31178, 95848, 61832, 76994, 71041, 97101, 79981, 68823, 25960, 84031, 86511, 64668, 11598, 13801, 38277, 72117, 97914, 67271, 62497, 95121, 56480, 77291, 12295, 85165, 83568, 78821, 29000, 46548, 68710, 33837, 53867, 16757, 19744, 56490, 58506, 2704, 56409, 35185, 55884, 10413, 1967, 92366, 12720, 38904, 56674, 73494, 36995, 74568, 39592, 41098, 65909, 93224, 67867, 24312, 36412, 73676, 29939, 55884, 87263, 93716, 56026, 57244, 4070, 89635, 77378, 60358, 11337, 68615, 81852, 96708, 54183, 88797, 31269, 9360, 89105, 2535, 59726, 25955, 65244, 16768, 73543, 81718, 40902, 76314, 33436, 41909, 98773, 81808, 9719, 25421, 45418, 71987, 121, 11550, 65239, 40789, 44202, 36071, 57653, 43394, 36056, 23297, 64426, 23556, 86309, 21306, 27012, 42386, 48280, 10080, 4348, 88310, 90412, 82119, 9205, 49098, 2184, 83526, 11375, 6109, 97541, 35582, 21977, 35191, 38535, 67747, 59557, 46567, 34959, 10684, 671, 59720, 59887, 485, 14784, 36885, 67806, 20555, 39637, 90346, 34425, 6540, 18412, 78378, 59756, 27100, 45096, 77175, 81646, 59732, 18160, 89927, 40822, 95827, 99884, 32712, 63299, 13826, 85714, 22375, 34642, 93135, 95040, 87627, 56593, 10162, 1335, 24907, 11275, 57849, 31243, 19861, 99079, 15398, 23046, 39786, 73058, 18352, 90596, 73190, 18755, 43859, 95236, 53629, 45109, 83722, 79356, 47076, 62644, 97757, 13471, 27552, 93516, 12967, 49252, 1085, 54423, 9689, 79001, 15195, 48556, 32204, 40442, 35346, 62994, 33733, 67382, 49555, 60122, 40611, 12928, 92945, 10252, 45964, 84992, 1512, 78027, 75304, 45951, 56284, 25045, 39552, 38052, 75814, 1762, 99823, 76972, 67310, 62283, 41733, 23009, 32953, 78852, 84494, 34393, 32426, 77309, 29353, 87018, 31481, 22287, 73852, 13919, 95211, 57612, 5341, 78579, 87850, 58005, 44735, 76849, 63874, 54960, 17231, 90965, 88267, 87848, 83830, 59964, 7414, 27019, 63988, 28220, 60908, 57884, 71203, 30461, 65079, 25031, 40185, 78750, 46981, 80489, 92478, 38242, 60982, 98026, 5482, 58357, 82420, 69221, 47933, 41308, 46911, 93985, 74362, 98320, 32836, 21005, 85503, 60638, 52090, 16457, 81259, 97344, 71185, 51199, 32546, 37015, 82413, 74204, 2583, 41056, 12104, 19831, 19455, 13661, 3368, 6293, 24839, 2737, 57994, 65067, 22974, 80126, 70564, 55870, 22295, 54990, 188, 22708, 82010, 33866, 54839, 92881, 86023, 42822, 28002, 53771, 21295, 93768, 82639, 54827, 32269, 61670, 94699, 12629, 99213, 70585, 63371, 70163, 39410, 11420, 59374, 65058, 39544, 70840, 4105, 8975, 51408, 35270, 36395, 14905, 19463, 31253, 56593, 76004, 97054, 47585, 82196, 20301, 80867, 95726, 59810, 73784, 82432, 40019, 90101, 57866, 51891, 23969, 3726, 11832, 96918, 24802, 32825, 8453, 87570, 5910, 30479, 41802, 69112, 31765, 44030, 27039, 69845, 96240, 79148, 96989, 60634, 4975, 87175, 18069, 87499, 64971, 19045, 91141, 68569, 25404, 90932, 46267, 80532, 11728, 30381, 95769, 35013, 37457, 20905, 4517, 64695, 13129, 12749, 1818, 91327, 22606, 19672, 15427, 62325, 50224, 99886, 66678, 42678, 80750, 65241, 41447, 46222, 13943, 83906, 70729, 74336, 1726, 19116, 73335, 1723, 30675, 46925, 77182, 90826, 98994, 22759, 21028, 49319, 1714, 87944, 81788, 90533, 20925, 5438, 83502, 28657, 14540, 23899, 96217, 11472, 35876, 19131, 39399, 97335, 3323, 90272, 44040, 28073, 51304, 70624, 96620, 99178, 94411, 72001, 44800, 67313, 1790, 71579, 14737, 35858, 63905, 73477, 76009, 77549, 61502, 30404, 8360, 93569, 30438, 84984, 31813, 68448, 84388, 37695, 64509, 98530, 43872, 62143, 4409, 83775, 80273, 10350, 79665, 85682, 80513, 76395, 85135, 50, 99899, 64234, 25173, 9758, 89555, 73388, 69865, 87015, 65369, 28325, 55774, 56559, 91589, 18612, 75085, 48985, 12260, 55581, 52643, 30771, 53084, 74710, 37760, 93030, 63446, 4708, 3610, 20987, 34387, 7254, 40775, 63375, 36086, 68944, 85154, 97339, 582, 63463, 72341, 59954, 14020, 18086, 85698, 60806, 53178, 44623, 7009, 78538, 59250, 52896, 36953, 81979, 11585, 78783, 59912, 80451, 7908, 86148, 57967, 38859, 32429, 50491, 49646, 51605, 17936, 9071, 76700, 97994, 80026, 95215, 37158, 66905, 74561, 9845, 48648, 56873, 90265, 4935, 53997, 55323, 81384, 61656, 17380, 86036, 83384, 38040, 32058, 35626, 5574, 89012, 74225, 14736, 3774, 30442, 1927, 31150, 4053, 97867, 94199, 77143, 35135, 68688, 91088, 41794, 37834, 55373, 23899, 23589, 27140, 19312, 29137, 48645, 45195, 9285, 51686, 77237, 32412, 71166, 74992, 16605, 54805, 87250, 57981, 8304, 86470, 42219, 37094, 83712, 48617, 71511, 70996, 5774, 34672, 89123, 38732, 32888, 85024, 66420, 24542, 39098, 4196, 32319, 30825, 19263, 35160, 97555, 78084, 3194, 62916, 10273, 37083, 54678, 34983, 24651, 19257, 19778, 40516, 89108, 35376, 88159, 34998, 51537, 67219, 39507, 56501, 74134, 23427, 90725, 60968, 89598, 17756, 12022, 79034, 57395, 78328, 83923, 5036, 82093, 58847, 34848, 7116, 77228, 35847, 67190, 89480, 57388, 24410, 47344, 67755, 65286, 70702, 9600, 68405, 97096, 88913, 31775, 64853, 7904, 41722, 97019, 43009, 49804, 98402, 34919, 2086, 72111, 69335, 61222, 4373, 34529, 84114, 81394, 76868, 72461, 53358, 27691, 28296, 13480, 56011, 43552, 30699]})"
607.0,7,74,49,33.84607744216919,10387,"Genotype(dna={""<class 'abc.NT_0008'>"": [0, 56999], ""<class 'abc.NT_0008_P_00000'>"": [], ""<class 'abc.NT_0001'>"": [], ""<class 'abc.NT_0001_P_00000'>"": [], ""<class 'int'>"": [97653, 20406, 47695, 45437, 36791, 12753, 45651, 80211, 20876, 43747, 86904, 59270, 65598, 19312, 57981, 41571, 50140, 23587, 78328, 34848, 6322, 72111, 84114, 27691, 95393], ""<class 'bool'>"": [90671, 9706, 68793, 69465, 50630, 94229, 53268, 83378, 51198, 52517, 80864, 56983, 84611, 9863, 26653, 46759, 75883, 17618, 64460, 24766, 24616, 24139, 88100, 59674, 68925, 58603, 88542, 86971, 2074, 83004, 36300, 72448, 62475, 19830, 82844, 35160, 97555, 34983, 49026, 89108, 57812, 67219, 39507, 20060, 23427, 17756, 12022, 87036, 47344, 70702, 45692, 88913, 64900, 97019, 34645, 13480, 56011, 23961, 61622, 64153, 24398, 97162, 70647, 7256, 68916, 26200, 48073, 30572, 68510, 26764, 28736, 68692, 44411, 95498, 8365, 25426, 53841, 4898, 99229, 74318, 88444], ""<class 'abc.NT_0000'>"": [0, 0, 23967, 0, 0, 0, 0, 1, 0, 0, 0, 1, 0, 0, 1, 0, 74871, 0, 1, 1, 0, 1, 0, 1, 0, 46858, 39822, 0, 0, 0, 0, 0, 0, 0, 9925, 0, 0, 0, 0, 1, 0, 0, 0, 0, 0, 0, 1, 73131, 46429, 0, 1, 0, 0, 0, 61708, 29137, 48645, 45195, 9285, 51686, 77237, 71166, 74992, 79081, 8304, 86470, 42219, 37094, 83712, 71511, 34672, 89123, 38732, 32888, 85024, 24542, 32319, 30825, 19263, 78084, 10273, 37083, 54678, 19257, 40516, 88159, 51537, 56501, 90725, 89598, 79034, 83923, 5036, 82093, 1824, 77228, 35847, 57388, 67755, 65286, 68405, 97096, 73987, 41722, 49804, 34919, 69335, 61222, 4373, 81394, 93672, 72461, 28296, 43552, 30699], ""<class 'abc.NT_0000_P_00000'>"": [], ""<class 'abc.NT_0000_P_00001'>"": [], ""<class 'abc.NT_0008_P_00001'>"": [], ""<class 'abc.NT_0007'>"": [0, 30442], ""<class 'abc.NT_0007_P_00000'>"": [], ""<class 'abc.NT_0002'>"": [0, 2009, 1, 0, 0, 0, 0, 43348, 0, 0, 1, 0, 21331, 0, 1, 1, 72856, 35135, 68688, 91088, 41794, 37834, 46209, 27140, 32412, 16605, 87250, 48617, 70996, 66420, 39098, 3194, 19778, 34998, 60968, 57395, 58847, 67190, 7904, 98402, 2086, 34529, 53358], ""<class 'abc.NT_0002_P_00000'>"": [], ""<class 'abc.NT_0002_P_00001'>"": [], ""<class 'abc.NT_0003'>"": [2, 1, 42987], ""<class 'abc.NT_0003_P_00000'>"": [], ""<class 'abc.NT_0003_P_00001'>"": [], ""<class 'abc.NT_0003_P_00002'>"": [], ""<class 'abc.NT_0006'>"": [1, 73921], ""<class 'abc.NT_0006_P_00000'>"": [], ""<class 'abc.NT_0004'>"": [], ""<class 'abc.NT_0004_P_00000'>"": [], ""<class 'abc.NT_0004_P_00001'>"": [], ""<class 'abc.NT_0006_P_00001'>"": [], ""<class 'abc.NT_0006_P_00002'>"": [], ""<class 'abc.NT_0006_P_00003'>"": [], '$leftovers': [98075, 13912, 31132, 79333, 67005, 60614, 89167, 61612, 72827, 95393, 7774, 4838, 80622, 19286, 388, 89247, 61119, 81985, 19388, 78051, 82137, 3298, 46052, 62641, 15125, 10693, 59273, 50230, 2725, 66359, 94734, 79927, 68945, 22935, 63942, 30886, 88313, 17000, 96538, 23762, 47069, 41591, 64582, 40855, 91942, 98035, 27160, 65777, 36640, 83286, 24245, 70012, 52716, 78622, 49933, 34674, 21545, 85515, 63596, 76834, 55706, 47571, 77999, 46871, 39758, 29268, 46755, 21424, 96377, 55045, 94655, 81266, 38729, 78370, 54466, 29207, 27070, 19950, 48714, 85283, 87118, 58445, 55295, 49791, 69639, 85835, 25451, 31208, 52354, 5252, 87857, 91470, 89621, 16918, 64589, 10774, 881, 56333, 90790, 65621, 27489, 54457, 34171, 74830, 31890, 50572, 65953, 35998, 64391, 95281, 20637, 33135, 31174, 47515, 11748, 5326, 17817, 70004, 97142, 48764, 9977, 74644, 82108, 68086, 583, 51473, 93489, 84890, 38149, 98649, 10844, 80482, 25381, 17020, 9347, 89949, 15014, 18882, 36628, 14633, 41856, 82037, 99404, 37653, 18649, 44344, 64413, 14642, 24495, 81627, 82442, 88737, 53766, 43356, 68048, 76857, 54180, 98414, 47699, 12953, 61699, 97194, 89429, 67184, 44588, 70450, 98116, 25260, 44483, 23173, 79095, 13425, 67243, 34275, 86145, 28169, 48308, 39880, 30534, 80777, 30118, 35147, 6330, 33047, 66138, 35106, 74980, 25433, 54994, 95227, 7978, 36144, 69832, 996, 86590, 74938, 93563, 39370, 8023, 18122, 28829, 32872, 79242, 70820, 98755, 81059, 10691, 50385, 39617, 19016, 1863, 56359, 38460, 67174, 91592, 22430, 17368, 97443, 878, 46355, 50098, 93139, 69976, 9080, 81250, 67133, 12450, 29860, 10515, 7229, 18784, 90514, 19054, 18495, 10502, 77269, 89119, 14108, 10620, 96989, 72023, 8856, 91521, 11678, 69216, 38189, 64461, 31020, 98319, 37543, 24755, 16609, 33556, 16612, 12763, 41905, 30677, 47421, 67343, 11855, 70264, 48856, 54312, 58986, 49212, 17225, 81724, 83758, 88507, 75316, 75104, 72850, 30442, 32626, 63929, 13975, 10352, 31178, 95848, 61832, 76994, 71041, 97101, 79981, 68823, 25960, 84031, 86511, 64668, 11598, 13801, 38277, 72117, 97914, 67271, 62497, 95121, 56480, 77291, 12295, 85165, 83568, 78821, 29000, 46548, 68710, 33837, 53867, 16757, 19744, 56490, 58506, 2704, 56409, 35185, 55884, 10413, 1967, 92366, 12720, 38904, 56674, 73494, 36995, 74568, 39592, 41098, 65909, 93224, 67867, 24312, 36412, 73676, 29939, 55884, 87263, 93716, 56026, 57244, 4070, 89635, 77378, 60358, 11337, 68615, 81852, 96708, 54183, 88797, 31269, 9360, 89105, 2535, 59726, 25955, 65244, 16768, 73543, 81718, 40902, 76314, 33436, 41909, 98773, 81808, 9719, 25421, 45418, 71987, 121, 11550, 65239, 40789, 44202, 36071, 57653, 43394, 36056, 23297, 64426, 23556, 86309, 21306, 27012, 42386, 48280, 10080, 4348, 88310, 90412, 82119, 9205, 49098, 2184, 83526, 11375, 6109, 97541, 35582, 21977, 35191, 38535, 67747, 59557, 46567, 34959, 10684, 671, 59720, 59887, 485, 14784, 36885, 67806, 20555, 39637, 90346, 34425, 6540, 18412, 78378, 59756, 27100, 45096, 77175, 81646, 59732, 18160, 89927, 40822, 95827, 99884, 32712, 63299, 13826, 85714, 22375, 34642, 93135, 95040, 87627, 56593, 10162, 1335, 24907, 11275, 57849, 31243, 19861, 99079, 15398, 23046, 39786, 73058, 18352, 90596, 73190, 18755, 43859, 95236, 53629, 45109, 83722, 79356, 47076, 62644, 97757, 13471, 27552, 93516, 12967, 49252, 1085, 54423, 9689, 79001, 15195, 48556, 32204, 40442, 35346, 62994, 33733, 67382, 49555, 60122, 40611, 12928, 92945, 10252, 45964, 84992, 1512, 78027, 75304, 45951, 56284, 25045, 39552, 38052, 75814, 1762, 99823, 76972, 67310, 62283, 41733, 23009, 32953, 78852, 84494, 34393, 32426, 77309, 29353, 87018, 31481, 22287, 73852, 13919, 95211, 57612, 5341, 78579, 87850, 58005, 44735, 76849, 63874, 54960, 17231, 90965, 88267, 87848, 83830, 59964, 7414, 27019, 63988, 28220, 60908, 57884, 71203, 30461, 65079, 25031, 40185, 78750, 46981, 80489, 92478, 38242, 60982, 98026, 5482, 58357, 82420, 69221, 47933, 41308, 46911, 93985, 74362, 98320, 32836, 21005, 85503, 60638, 52090, 16457, 81259, 97344, 71185, 51199, 32546, 37015, 82413, 74204, 2583, 41056, 12104, 19831, 19455, 13661, 3368, 6293, 24839, 2737, 57994, 65067, 22974, 80126, 70564, 55870, 22295, 54990, 188, 22708, 82010, 33866, 54839, 92881, 86023, 42822, 28002, 53771, 21295, 93768, 82639, 54827, 32269, 61670, 94699, 12629, 99213, 70585, 63371, 70163, 39410, 11420, 59374, 65058, 39544, 70840, 4105, 8975, 51408, 35270, 36395, 14905, 19463, 31253, 56593, 76004, 97054, 47585, 82196, 20301, 80867, 95726, 59810, 73784, 82432, 40019, 90101, 57866, 51891, 23969, 3726, 11832, 96918, 24802, 32825, 8453, 87570, 5910, 30479, 41802, 69112, 31765, 44030, 27039, 69845, 96240, 79148, 96989, 60634, 4975, 87175, 18069, 87499, 64971, 19045, 91141, 68569, 25404, 90932, 46267, 80532, 11728, 30381, 95769, 35013, 37457, 20905, 4517, 64695, 13129, 12749, 1818, 91327, 22606, 19672, 15427, 62325, 50224, 99886, 66678, 42678, 80750, 65241, 41447, 46222, 13943, 83906, 70729, 74336, 1726, 19116, 73335, 1723, 30675, 46925, 77182, 90826, 98994, 22759, 21028, 49319, 1714, 87944, 81788, 90533, 20925, 5438, 83502, 28657, 14540, 23899, 96217, 11472, 35876, 19131, 39399, 97335, 3323, 90272, 44040, 28073, 51304, 70624, 96620, 99178, 94411, 72001, 44800, 67313, 1790, 71579, 14737, 35858, 63905, 73477, 76009, 77549, 61502, 30404, 8360, 93569, 30438, 84984, 31813, 68448, 84388, 37695, 64509, 98530, 43872, 62143, 4409, 83775, 80273, 10350, 79665, 85682, 80513, 76395, 85135, 50, 99899, 64234, 25173, 9758, 89555, 73388, 69865, 87015, 65369, 28325, 55774, 56559, 91589, 18612, 75085, 48985, 12260, 55581, 52643, 30771, 53084, 74710, 37760, 93030, 63446, 4708, 3610, 20987, 34387, 7254, 40775, 63375, 36086, 68944, 85154, 97339, 582, 63463, 72341, 59954, 14020, 18086, 85698, 60806, 53178, 44623, 7009, 78538, 59250, 52896, 36953, 81979, 11585, 78783, 59912, 80451, 7908, 86148, 57967, 38859, 32429, 50491, 49646, 51605, 17936, 9071, 76700, 97994, 80026, 95215, 37158, 66905, 74561, 9845, 48648, 56873, 90265, 4935, 53997, 55323, 81384, 61656, 17380, 86036, 83384, 38040, 32058, 35626, 5574, 89012, 74225, 14736, 3774, 30442, 1927, 31150, 4053, 97867, 94199, 77143, 35135, 68688, 91088, 41794, 37834, 55373, 23899, 23589, 27140, 19312, 29137, 48645, 45195, 9285, 51686, 77237, 32412, 71166, 74992, 16605, 54805, 87250, 57981, 8304, 86470, 42219, 37094, 83712, 48617, 71511, 70996, 5774, 34672, 89123, 38732, 32888, 85024, 66420, 24542, 39098, 4196, 32319, 30825, 19263, 35160, 97555, 78084, 3194, 62916, 10273, 37083, 54678, 34983, 24651, 19257, 19778, 40516, 89108, 35376, 88159, 34998, 51537, 67219, 39507, 56501, 74134, 23427, 90725, 60968, 89598, 17756, 12022, 79034, 57395, 78328, 83923, 5036, 82093, 58847, 34848, 7116, 77228, 35847, 67190, 89480, 57388, 24410, 47344, 67755, 65286, 70702, 9600, 68405, 97096, 88913, 31775, 64853, 7904, 41722, 97019, 43009, 49804, 98402, 34919, 2086, 72111, 69335, 61222, 4373, 34529, 84114, 81394, 76868, 72461, 53358, 27691, 28296, 13480, 56011, 43552, 30699]})"
607.0,7,74,50,34.22244310379028,10387,"Genotype(dna={""<class 'abc.NT_0008'>"": [0, 56999], ""<class 'abc.NT_0008_P_00000'>"": [], ""<class 'abc.NT_0001'>"": [], ""<class 'abc.NT_0001_P_00000'>"": [], ""<class 'int'>"": [97653, 20406, 47695, 45437, 36791, 12753, 45651, 80211, 20876, 43747, 86904, 59270, 65598, 19312, 57981, 41571, 50140, 23587, 78328, 34848, 6322, 72111, 84114, 27691, 95393], ""<class 'bool'>"": [90671, 9706, 68793, 69465, 50630, 94229, 53268, 83378, 51198, 52517, 80864, 56983, 84611, 9863, 26653, 46759, 75883, 17618, 64460, 24766, 24616, 24139, 88100, 59674, 68925, 58603, 88542, 86971, 2074, 83004, 36300, 72448, 62475, 19830, 82844, 35160, 97555, 34983, 49026, 89108, 57812, 67219, 39507, 20060, 23427, 17756, 12022, 87036, 47344, 70702, 45692, 88913, 64900, 97019, 34645, 13480, 56011, 23961, 61622, 64153, 24398, 97162, 70647, 7256, 68916, 26200, 48073, 30572, 68510, 26764, 28736, 68692, 44411, 95498, 8365, 25426, 53841, 4898, 99229, 74318, 88444], ""<class 'abc.NT_0000'>"": [0, 0, 23967, 0, 0, 0, 0, 1, 0, 0, 0, 1, 0, 0, 1, 0, 74871, 0, 1, 1, 0, 1, 0, 1, 0, 46858, 39822, 0, 0, 0, 0, 0, 0, 0, 9925, 0, 0, 0, 0, 1, 0, 0, 0, 0, 0, 0, 1, 73131, 46429, 0, 1, 0, 0, 0, 61708, 29137, 48645, 45195, 9285, 51686, 77237, 71166, 74992, 79081, 8304, 86470, 42219, 37094, 83712, 71511, 34672, 89123, 38732, 32888, 85024, 24542, 32319, 30825, 19263, 78084, 10273, 37083, 54678, 19257, 40516, 88159, 51537, 56501, 90725, 89598, 79034, 83923, 5036, 82093, 1824, 77228, 35847, 57388, 67755, 65286, 68405, 97096, 73987, 41722, 49804, 34919, 69335, 61222, 4373, 81394, 93672, 72461, 28296, 43552, 30699], ""<class 'abc.NT_0000_P_00000'>"": [], ""<class 'abc.NT_0000_P_00001'>"": [], ""<class 'abc.NT_0008_P_00001'>"": [], ""<class 'abc.NT_0007'>"": [0, 30442], ""<class 'abc.NT_0007_P_00000'>"": [], ""<class 'abc.NT_0002'>"": [0, 2009, 1, 0, 0, 0, 0, 43348, 0, 0, 1, 0, 21331, 0, 1, 1, 72856, 35135, 68688, 91088, 41794, 37834, 46209, 27140, 32412, 16605, 87250, 48617, 70996, 66420, 39098, 3194, 19778, 34998, 60968, 57395, 58847, 67190, 7904, 98402, 2086, 34529, 53358], ""<class 'abc.NT_0002_P_00000'>"": [], ""<class 'abc.NT_0002_P_00001'>"": [], ""<class 'abc.NT_0003'>"": [2, 1, 42987], ""<class 'abc.NT_0003_P_00000'>"": [], ""<class 'abc.NT_0003_P_00001'>"": [], ""<class 'abc.NT_0003_P_00002'>"": [], ""<class 'abc.NT_0006'>"": [1, 73921], ""<class 'abc.NT_0006_P_00000'>"": [], ""<class 'abc.NT_0004'>"": [], ""<class 'abc.NT_0004_P_00000'>"": [], ""<class 'abc.NT_0004_P_00001'>"": [], ""<class 'abc.NT_0006_P_00001'>"": [], ""<class 'abc.NT_0006_P_00002'>"": [], ""<class 'abc.NT_0006_P_00003'>"": [], '$leftovers': [98075, 13912, 31132, 79333, 67005, 60614, 89167, 61612, 72827, 95393, 7774, 4838, 80622, 19286, 388, 89247, 61119, 81985, 19388, 78051, 82137, 3298, 46052, 62641, 15125, 10693, 59273, 50230, 2725, 66359, 94734, 79927, 68945, 22935, 63942, 30886, 88313, 17000, 96538, 23762, 47069, 41591, 64582, 40855, 91942, 98035, 27160, 65777, 36640, 83286, 24245, 70012, 52716, 78622, 49933, 34674, 21545, 85515, 63596, 76834, 55706, 47571, 77999, 46871, 39758, 29268, 46755, 21424, 96377, 55045, 94655, 81266, 38729, 78370, 54466, 29207, 27070, 19950, 48714, 85283, 87118, 58445, 55295, 49791, 69639, 85835, 25451, 31208, 52354, 5252, 87857, 91470, 89621, 16918, 64589, 10774, 881, 56333, 90790, 65621, 27489, 54457, 34171, 74830, 31890, 50572, 65953, 35998, 64391, 95281, 20637, 33135, 31174, 47515, 11748, 5326, 17817, 70004, 97142, 48764, 9977, 74644, 82108, 68086, 583, 51473, 93489, 84890, 38149, 98649, 10844, 80482, 25381, 17020, 9347, 89949, 15014, 18882, 36628, 14633, 41856, 82037, 99404, 37653, 18649, 44344, 64413, 14642, 24495, 81627, 82442, 88737, 53766, 43356, 68048, 76857, 54180, 98414, 47699, 12953, 61699, 97194, 89429, 67184, 44588, 70450, 98116, 25260, 44483, 23173, 79095, 13425, 67243, 34275, 86145, 28169, 48308, 39880, 30534, 80777, 30118, 35147, 6330, 33047, 66138, 35106, 74980, 25433, 54994, 95227, 7978, 36144, 69832, 996, 86590, 74938, 93563, 39370, 8023, 18122, 28829, 32872, 79242, 70820, 98755, 81059, 10691, 50385, 39617, 19016, 1863, 56359, 38460, 67174, 91592, 22430, 17368, 97443, 878, 46355, 50098, 93139, 69976, 9080, 81250, 67133, 12450, 29860, 10515, 7229, 18784, 90514, 19054, 18495, 10502, 77269, 89119, 14108, 10620, 96989, 72023, 8856, 91521, 11678, 69216, 38189, 64461, 31020, 98319, 37543, 24755, 16609, 33556, 16612, 12763, 41905, 30677, 47421, 67343, 11855, 70264, 48856, 54312, 58986, 49212, 17225, 81724, 83758, 88507, 75316, 75104, 72850, 30442, 32626, 63929, 13975, 10352, 31178, 95848, 61832, 76994, 71041, 97101, 79981, 68823, 25960, 84031, 86511, 64668, 11598, 13801, 38277, 72117, 97914, 67271, 62497, 95121, 56480, 77291, 12295, 85165, 83568, 78821, 29000, 46548, 68710, 33837, 53867, 16757, 19744, 56490, 58506, 2704, 56409, 35185, 55884, 10413, 1967, 92366, 12720, 38904, 56674, 73494, 36995, 74568, 39592, 41098, 65909, 93224, 67867, 24312, 36412, 73676, 29939, 55884, 87263, 93716, 56026, 57244, 4070, 89635, 77378, 60358, 11337, 68615, 81852, 96708, 54183, 88797, 31269, 9360, 89105, 2535, 59726, 25955, 65244, 16768, 73543, 81718, 40902, 76314, 33436, 41909, 98773, 81808, 9719, 25421, 45418, 71987, 121, 11550, 65239, 40789, 44202, 36071, 57653, 43394, 36056, 23297, 64426, 23556, 86309, 21306, 27012, 42386, 48280, 10080, 4348, 88310, 90412, 82119, 9205, 49098, 2184, 83526, 11375, 6109, 97541, 35582, 21977, 35191, 38535, 67747, 59557, 46567, 34959, 10684, 671, 59720, 59887, 485, 14784, 36885, 67806, 20555, 39637, 90346, 34425, 6540, 18412, 78378, 59756, 27100, 45096, 77175, 81646, 59732, 18160, 89927, 40822, 95827, 99884, 32712, 63299, 13826, 85714, 22375, 34642, 93135, 95040, 87627, 56593, 10162, 1335, 24907, 11275, 57849, 31243, 19861, 99079, 15398, 23046, 39786, 73058, 18352, 90596, 73190, 18755, 43859, 95236, 53629, 45109, 83722, 79356, 47076, 62644, 97757, 13471, 27552, 93516, 12967, 49252, 1085, 54423, 9689, 79001, 15195, 48556, 32204, 40442, 35346, 62994, 33733, 67382, 49555, 60122, 40611, 12928, 92945, 10252, 45964, 84992, 1512, 78027, 75304, 45951, 56284, 25045, 39552, 38052, 75814, 1762, 99823, 76972, 67310, 62283, 41733, 23009, 32953, 78852, 84494, 34393, 32426, 77309, 29353, 87018, 31481, 22287, 73852, 13919, 95211, 57612, 5341, 78579, 87850, 58005, 44735, 76849, 63874, 54960, 17231, 90965, 88267, 87848, 83830, 59964, 7414, 27019, 63988, 28220, 60908, 57884, 71203, 30461, 65079, 25031, 40185, 78750, 46981, 80489, 92478, 38242, 60982, 98026, 5482, 58357, 82420, 69221, 47933, 41308, 46911, 93985, 74362, 98320, 32836, 21005, 85503, 60638, 52090, 16457, 81259, 97344, 71185, 51199, 32546, 37015, 82413, 74204, 2583, 41056, 12104, 19831, 19455, 13661, 3368, 6293, 24839, 2737, 57994, 65067, 22974, 80126, 70564, 55870, 22295, 54990, 188, 22708, 82010, 33866, 54839, 92881, 86023, 42822, 28002, 53771, 21295, 93768, 82639, 54827, 32269, 61670, 94699, 12629, 99213, 70585, 63371, 70163, 39410, 11420, 59374, 65058, 39544, 70840, 4105, 8975, 51408, 35270, 36395, 14905, 19463, 31253, 56593, 76004, 97054, 47585, 82196, 20301, 80867, 95726, 59810, 73784, 82432, 40019, 90101, 57866, 51891, 23969, 3726, 11832, 96918, 24802, 32825, 8453, 87570, 5910, 30479, 41802, 69112, 31765, 44030, 27039, 69845, 96240, 79148, 96989, 60634, 4975, 87175, 18069, 87499, 64971, 19045, 91141, 68569, 25404, 90932, 46267, 80532, 11728, 30381, 95769, 35013, 37457, 20905, 4517, 64695, 13129, 12749, 1818, 91327, 22606, 19672, 15427, 62325, 50224, 99886, 66678, 42678, 80750, 65241, 41447, 46222, 13943, 83906, 70729, 74336, 1726, 19116, 73335, 1723, 30675, 46925, 77182, 90826, 98994, 22759, 21028, 49319, 1714, 87944, 81788, 90533, 20925, 5438, 83502, 28657, 14540, 23899, 96217, 11472, 35876, 19131, 39399, 97335, 3323, 90272, 44040, 28073, 51304, 70624, 96620, 99178, 94411, 72001, 44800, 67313, 1790, 71579, 14737, 35858, 63905, 73477, 76009, 77549, 61502, 30404, 8360, 93569, 30438, 84984, 31813, 68448, 84388, 37695, 64509, 98530, 43872, 62143, 4409, 83775, 80273, 10350, 79665, 85682, 80513, 76395, 85135, 50, 99899, 64234, 25173, 9758, 89555, 73388, 69865, 87015, 65369, 28325, 55774, 56559, 91589, 18612, 75085, 48985, 12260, 55581, 52643, 30771, 53084, 74710, 37760, 93030, 63446, 4708, 3610, 20987, 34387, 7254, 40775, 63375, 36086, 68944, 85154, 97339, 582, 63463, 72341, 59954, 14020, 18086, 85698, 60806, 53178, 44623, 7009, 78538, 59250, 52896, 36953, 81979, 11585, 78783, 59912, 80451, 7908, 86148, 57967, 38859, 32429, 50491, 49646, 51605, 17936, 9071, 76700, 97994, 80026, 95215, 37158, 66905, 74561, 9845, 48648, 56873, 90265, 4935, 53997, 55323, 81384, 61656, 17380, 86036, 83384, 38040, 32058, 35626, 5574, 89012, 74225, 14736, 3774, 30442, 1927, 31150, 4053, 97867, 94199, 77143, 35135, 68688, 91088, 41794, 37834, 55373, 23899, 23589, 27140, 19312, 29137, 48645, 45195, 9285, 51686, 77237, 32412, 71166, 74992, 16605, 54805, 87250, 57981, 8304, 86470, 42219, 37094, 83712, 48617, 71511, 70996, 5774, 34672, 89123, 38732, 32888, 85024, 66420, 24542, 39098, 4196, 32319, 30825, 19263, 35160, 97555, 78084, 3194, 62916, 10273, 37083, 54678, 34983, 24651, 19257, 19778, 40516, 89108, 35376, 88159, 34998, 51537, 67219, 39507, 56501, 74134, 23427, 90725, 60968, 89598, 17756, 12022, 79034, 57395, 78328, 83923, 5036, 82093, 58847, 34848, 7116, 77228, 35847, 67190, 89480, 57388, 24410, 47344, 67755, 65286, 70702, 9600, 68405, 97096, 88913, 31775, 64853, 7904, 41722, 97019, 43009, 49804, 98402, 34919, 2086, 72111, 69335, 61222, 4373, 34529, 84114, 81394, 76868, 72461, 53358, 27691, 28296, 13480, 56011, 43552, 30699]})"
607.0,7,74,51,34.57752180099487,10387,"Genotype(dna={""<class 'abc.NT_0008'>"": [0, 56999], ""<class 'abc.NT_0008_P_00000'>"": [], ""<class 'abc.NT_0001'>"": [], ""<class 'abc.NT_0001_P_00000'>"": [], ""<class 'int'>"": [97653, 20406, 47695, 45437, 36791, 12753, 45651, 80211, 20876, 43747, 86904, 59270, 65598, 19312, 57981, 41571, 50140, 23587, 78328, 34848, 6322, 72111, 84114, 27691, 95393], ""<class 'bool'>"": [90671, 9706, 68793, 69465, 50630, 94229, 53268, 83378, 51198, 52517, 80864, 56983, 84611, 9863, 26653, 46759, 75883, 17618, 64460, 24766, 24616, 24139, 88100, 59674, 68925, 58603, 88542, 86971, 2074, 83004, 36300, 72448, 62475, 19830, 82844, 35160, 97555, 34983, 49026, 89108, 57812, 67219, 39507, 20060, 23427, 17756, 12022, 87036, 47344, 70702, 45692, 88913, 64900, 97019, 34645, 13480, 56011, 23961, 61622, 64153, 24398, 97162, 70647, 7256, 68916, 26200, 48073, 30572, 68510, 26764, 28736, 68692, 44411, 95498, 8365, 25426, 53841, 4898, 99229, 74318, 88444], ""<class 'abc.NT_0000'>"": [0, 0, 23967, 0, 0, 0, 0, 1, 0, 0, 0, 1, 0, 0, 1, 0, 74871, 0, 1, 1, 0, 1, 0, 1, 0, 46858, 39822, 0, 0, 0, 0, 0, 0, 0, 9925, 0, 0, 0, 0, 1, 0, 0, 0, 0, 0, 0, 1, 73131, 46429, 0, 1, 0, 0, 0, 61708, 29137, 48645, 45195, 9285, 51686, 77237, 71166, 74992, 79081, 8304, 86470, 42219, 37094, 83712, 71511, 34672, 89123, 38732, 32888, 85024, 24542, 32319, 30825, 19263, 78084, 10273, 37083, 54678, 19257, 40516, 88159, 51537, 56501, 90725, 89598, 79034, 83923, 5036, 82093, 1824, 77228, 35847, 57388, 67755, 65286, 68405, 97096, 73987, 41722, 49804, 34919, 69335, 61222, 4373, 81394, 93672, 72461, 28296, 43552, 30699], ""<class 'abc.NT_0000_P_00000'>"": [], ""<class 'abc.NT_0000_P_00001'>"": [], ""<class 'abc.NT_0008_P_00001'>"": [], ""<class 'abc.NT_0007'>"": [0, 30442], ""<class 'abc.NT_0007_P_00000'>"": [], ""<class 'abc.NT_0002'>"": [0, 2009, 1, 0, 0, 0, 0, 43348, 0, 0, 1, 0, 21331, 0, 1, 1, 72856, 35135, 68688, 91088, 41794, 37834, 46209, 27140, 32412, 16605, 87250, 48617, 70996, 66420, 39098, 3194, 19778, 34998, 60968, 57395, 58847, 67190, 7904, 98402, 2086, 34529, 53358], ""<class 'abc.NT_0002_P_00000'>"": [], ""<class 'abc.NT_0002_P_00001'>"": [], ""<class 'abc.NT_0003'>"": [2, 1, 42987], ""<class 'abc.NT_0003_P_00000'>"": [], ""<class 'abc.NT_0003_P_00001'>"": [], ""<class 'abc.NT_0003_P_00002'>"": [], ""<class 'abc.NT_0006'>"": [1, 73921], ""<class 'abc.NT_0006_P_00000'>"": [], ""<class 'abc.NT_0004'>"": [], ""<class 'abc.NT_0004_P_00000'>"": [], ""<class 'abc.NT_0004_P_00001'>"": [], ""<class 'abc.NT_0006_P_00001'>"": [], ""<class 'abc.NT_0006_P_00002'>"": [], ""<class 'abc.NT_0006_P_00003'>"": [], '$leftovers': [98075, 13912, 31132, 79333, 67005, 60614, 89167, 61612, 72827, 95393, 7774, 4838, 80622, 19286, 388, 89247, 61119, 81985, 19388, 78051, 82137, 3298, 46052, 62641, 15125, 10693, 59273, 50230, 2725, 66359, 94734, 79927, 68945, 22935, 63942, 30886, 88313, 17000, 96538, 23762, 47069, 41591, 64582, 40855, 91942, 98035, 27160, 65777, 36640, 83286, 24245, 70012, 52716, 78622, 49933, 34674, 21545, 85515, 63596, 76834, 55706, 47571, 77999, 46871, 39758, 29268, 46755, 21424, 96377, 55045, 94655, 81266, 38729, 78370, 54466, 29207, 27070, 19950, 48714, 85283, 87118, 58445, 55295, 49791, 69639, 85835, 25451, 31208, 52354, 5252, 87857, 91470, 89621, 16918, 64589, 10774, 881, 56333, 90790, 65621, 27489, 54457, 34171, 74830, 31890, 50572, 65953, 35998, 64391, 95281, 20637, 33135, 31174, 47515, 11748, 5326, 17817, 70004, 97142, 48764, 9977, 74644, 82108, 68086, 583, 51473, 93489, 84890, 38149, 98649, 10844, 80482, 25381, 17020, 9347, 89949, 15014, 18882, 36628, 14633, 41856, 82037, 99404, 37653, 18649, 44344, 64413, 14642, 24495, 81627, 82442, 88737, 53766, 43356, 68048, 76857, 54180, 98414, 47699, 12953, 61699, 97194, 89429, 67184, 44588, 70450, 98116, 25260, 44483, 23173, 79095, 13425, 67243, 34275, 86145, 28169, 48308, 39880, 30534, 80777, 30118, 35147, 6330, 33047, 66138, 35106, 74980, 25433, 54994, 95227, 7978, 36144, 69832, 996, 86590, 74938, 93563, 39370, 8023, 18122, 28829, 32872, 79242, 70820, 98755, 81059, 10691, 50385, 39617, 19016, 1863, 56359, 38460, 67174, 91592, 22430, 17368, 97443, 878, 46355, 50098, 93139, 69976, 9080, 81250, 67133, 12450, 29860, 10515, 7229, 18784, 90514, 19054, 18495, 10502, 77269, 89119, 14108, 10620, 96989, 72023, 8856, 91521, 11678, 69216, 38189, 64461, 31020, 98319, 37543, 24755, 16609, 33556, 16612, 12763, 41905, 30677, 47421, 67343, 11855, 70264, 48856, 54312, 58986, 49212, 17225, 81724, 83758, 88507, 75316, 75104, 72850, 30442, 32626, 63929, 13975, 10352, 31178, 95848, 61832, 76994, 71041, 97101, 79981, 68823, 25960, 84031, 86511, 64668, 11598, 13801, 38277, 72117, 97914, 67271, 62497, 95121, 56480, 77291, 12295, 85165, 83568, 78821, 29000, 46548, 68710, 33837, 53867, 16757, 19744, 56490, 58506, 2704, 56409, 35185, 55884, 10413, 1967, 92366, 12720, 38904, 56674, 73494, 36995, 74568, 39592, 41098, 65909, 93224, 67867, 24312, 36412, 73676, 29939, 55884, 87263, 93716, 56026, 57244, 4070, 89635, 77378, 60358, 11337, 68615, 81852, 96708, 54183, 88797, 31269, 9360, 89105, 2535, 59726, 25955, 65244, 16768, 73543, 81718, 40902, 76314, 33436, 41909, 98773, 81808, 9719, 25421, 45418, 71987, 121, 11550, 65239, 40789, 44202, 36071, 57653, 43394, 36056, 23297, 64426, 23556, 86309, 21306, 27012, 42386, 48280, 10080, 4348, 88310, 90412, 82119, 9205, 49098, 2184, 83526, 11375, 6109, 97541, 35582, 21977, 35191, 38535, 67747, 59557, 46567, 34959, 10684, 671, 59720, 59887, 485, 14784, 36885, 67806, 20555, 39637, 90346, 34425, 6540, 18412, 78378, 59756, 27100, 45096, 77175, 81646, 59732, 18160, 89927, 40822, 95827, 99884, 32712, 63299, 13826, 85714, 22375, 34642, 93135, 95040, 87627, 56593, 10162, 1335, 24907, 11275, 57849, 31243, 19861, 99079, 15398, 23046, 39786, 73058, 18352, 90596, 73190, 18755, 43859, 95236, 53629, 45109, 83722, 79356, 47076, 62644, 97757, 13471, 27552, 93516, 12967, 49252, 1085, 54423, 9689, 79001, 15195, 48556, 32204, 40442, 35346, 62994, 33733, 67382, 49555, 60122, 40611, 12928, 92945, 10252, 45964, 84992, 1512, 78027, 75304, 45951, 56284, 25045, 39552, 38052, 75814, 1762, 99823, 76972, 67310, 62283, 41733, 23009, 32953, 78852, 84494, 34393, 32426, 77309, 29353, 87018, 31481, 22287, 73852, 13919, 95211, 57612, 5341, 78579, 87850, 58005, 44735, 76849, 63874, 54960, 17231, 90965, 88267, 87848, 83830, 59964, 7414, 27019, 63988, 28220, 60908, 57884, 71203, 30461, 65079, 25031, 40185, 78750, 46981, 80489, 92478, 38242, 60982, 98026, 5482, 58357, 82420, 69221, 47933, 41308, 46911, 93985, 74362, 98320, 32836, 21005, 85503, 60638, 52090, 16457, 81259, 97344, 71185, 51199, 32546, 37015, 82413, 74204, 2583, 41056, 12104, 19831, 19455, 13661, 3368, 6293, 24839, 2737, 57994, 65067, 22974, 80126, 70564, 55870, 22295, 54990, 188, 22708, 82010, 33866, 54839, 92881, 86023, 42822, 28002, 53771, 21295, 93768, 82639, 54827, 32269, 61670, 94699, 12629, 99213, 70585, 63371, 70163, 39410, 11420, 59374, 65058, 39544, 70840, 4105, 8975, 51408, 35270, 36395, 14905, 19463, 31253, 56593, 76004, 97054, 47585, 82196, 20301, 80867, 95726, 59810, 73784, 82432, 40019, 90101, 57866, 51891, 23969, 3726, 11832, 96918, 24802, 32825, 8453, 87570, 5910, 30479, 41802, 69112, 31765, 44030, 27039, 69845, 96240, 79148, 96989, 60634, 4975, 87175, 18069, 87499, 64971, 19045, 91141, 68569, 25404, 90932, 46267, 80532, 11728, 30381, 95769, 35013, 37457, 20905, 4517, 64695, 13129, 12749, 1818, 91327, 22606, 19672, 15427, 62325, 50224, 99886, 66678, 42678, 80750, 65241, 41447, 46222, 13943, 83906, 70729, 74336, 1726, 19116, 73335, 1723, 30675, 46925, 77182, 90826, 98994, 22759, 21028, 49319, 1714, 87944, 81788, 90533, 20925, 5438, 83502, 28657, 14540, 23899, 96217, 11472, 35876, 19131, 39399, 97335, 3323, 90272, 44040, 28073, 51304, 70624, 96620, 99178, 94411, 72001, 44800, 67313, 1790, 71579, 14737, 35858, 63905, 73477, 76009, 77549, 61502, 30404, 8360, 93569, 30438, 84984, 31813, 68448, 84388, 37695, 64509, 98530, 43872, 62143, 4409, 83775, 80273, 10350, 79665, 85682, 80513, 76395, 85135, 50, 99899, 64234, 25173, 9758, 89555, 73388, 69865, 87015, 65369, 28325, 55774, 56559, 91589, 18612, 75085, 48985, 12260, 55581, 52643, 30771, 53084, 74710, 37760, 93030, 63446, 4708, 3610, 20987, 34387, 7254, 40775, 63375, 36086, 68944, 85154, 97339, 582, 63463, 72341, 59954, 14020, 18086, 85698, 60806, 53178, 44623, 7009, 78538, 59250, 52896, 36953, 81979, 11585, 78783, 59912, 80451, 7908, 86148, 57967, 38859, 32429, 50491, 49646, 51605, 17936, 9071, 76700, 97994, 80026, 95215, 37158, 66905, 74561, 9845, 48648, 56873, 90265, 4935, 53997, 55323, 81384, 61656, 17380, 86036, 83384, 38040, 32058, 35626, 5574, 89012, 74225, 14736, 3774, 30442, 1927, 31150, 4053, 97867, 94199, 77143, 35135, 68688, 91088, 41794, 37834, 55373, 23899, 23589, 27140, 19312, 29137, 48645, 45195, 9285, 51686, 77237, 32412, 71166, 74992, 16605, 54805, 87250, 57981, 8304, 86470, 42219, 37094, 83712, 48617, 71511, 70996, 5774, 34672, 89123, 38732, 32888, 85024, 66420, 24542, 39098, 4196, 32319, 30825, 19263, 35160, 97555, 78084, 3194, 62916, 10273, 37083, 54678, 34983, 24651, 19257, 19778, 40516, 89108, 35376, 88159, 34998, 51537, 67219, 39507, 56501, 74134, 23427, 90725, 60968, 89598, 17756, 12022, 79034, 57395, 78328, 83923, 5036, 82093, 58847, 34848, 7116, 77228, 35847, 67190, 89480, 57388, 24410, 47344, 67755, 65286, 70702, 9600, 68405, 97096, 88913, 31775, 64853, 7904, 41722, 97019, 43009, 49804, 98402, 34919, 2086, 72111, 69335, 61222, 4373, 34529, 84114, 81394, 76868, 72461, 53358, 27691, 28296, 13480, 56011, 43552, 30699]})"
607.0,7,74,52,34.91977643966675,10387,"Genotype(dna={""<class 'abc.NT_0008'>"": [0, 56999], ""<class 'abc.NT_0008_P_00000'>"": [], ""<class 'abc.NT_0001'>"": [], ""<class 'abc.NT_0001_P_00000'>"": [], ""<class 'int'>"": [97653, 20406, 47695, 45437, 36791, 12753, 45651, 80211, 20876, 43747, 86904, 59270, 65598, 19312, 57981, 41571, 50140, 23587, 78328, 34848, 6322, 72111, 84114, 27691, 95393], ""<class 'bool'>"": [90671, 9706, 68793, 69465, 50630, 94229, 53268, 83378, 51198, 52517, 80864, 56983, 84611, 9863, 26653, 46759, 75883, 17618, 64460, 24766, 24616, 24139, 88100, 59674, 68925, 58603, 88542, 86971, 2074, 83004, 36300, 72448, 62475, 19830, 82844, 35160, 97555, 34983, 49026, 89108, 57812, 67219, 39507, 20060, 23427, 17756, 12022, 87036, 47344, 70702, 45692, 88913, 64900, 97019, 34645, 13480, 56011, 23961, 61622, 64153, 24398, 97162, 70647, 7256, 68916, 26200, 48073, 30572, 68510, 26764, 28736, 68692, 44411, 95498, 8365, 25426, 53841, 4898, 99229, 74318, 88444], ""<class 'abc.NT_0000'>"": [0, 0, 23967, 0, 0, 0, 0, 1, 0, 0, 0, 1, 0, 0, 1, 0, 74871, 0, 1, 1, 0, 1, 0, 1, 0, 46858, 39822, 0, 0, 0, 0, 0, 0, 0, 9925, 0, 0, 0, 0, 1, 0, 0, 0, 0, 0, 0, 1, 73131, 46429, 0, 1, 0, 0, 0, 61708, 29137, 48645, 45195, 9285, 51686, 77237, 71166, 74992, 79081, 8304, 86470, 42219, 37094, 83712, 71511, 34672, 89123, 38732, 32888, 85024, 24542, 32319, 30825, 19263, 78084, 10273, 37083, 54678, 19257, 40516, 88159, 51537, 56501, 90725, 89598, 79034, 83923, 5036, 82093, 1824, 77228, 35847, 57388, 67755, 65286, 68405, 97096, 73987, 41722, 49804, 34919, 69335, 61222, 4373, 81394, 93672, 72461, 28296, 43552, 30699], ""<class 'abc.NT_0000_P_00000'>"": [], ""<class 'abc.NT_0000_P_00001'>"": [], ""<class 'abc.NT_0008_P_00001'>"": [], ""<class 'abc.NT_0007'>"": [0, 30442], ""<class 'abc.NT_0007_P_00000'>"": [], ""<class 'abc.NT_0002'>"": [0, 2009, 1, 0, 0, 0, 0, 43348, 0, 0, 1, 0, 21331, 0, 1, 1, 72856, 35135, 68688, 91088, 41794, 37834, 46209, 27140, 32412, 16605, 87250, 48617, 70996, 66420, 39098, 3194, 19778, 34998, 60968, 57395, 58847, 67190, 7904, 98402, 2086, 34529, 53358], ""<class 'abc.NT_0002_P_00000'>"": [], ""<class 'abc.NT_0002_P_00001'>"": [], ""<class 'abc.NT_0003'>"": [2, 1, 42987], ""<class 'abc.NT_0003_P_00000'>"": [], ""<class 'abc.NT_0003_P_00001'>"": [], ""<class 'abc.NT_0003_P_00002'>"": [], ""<class 'abc.NT_0006'>"": [1, 73921], ""<class 'abc.NT_0006_P_00000'>"": [], ""<class 'abc.NT_0004'>"": [], ""<class 'abc.NT_0004_P_00000'>"": [], ""<class 'abc.NT_0004_P_00001'>"": [], ""<class 'abc.NT_0006_P_00001'>"": [], ""<class 'abc.NT_0006_P_00002'>"": [], ""<class 'abc.NT_0006_P_00003'>"": [], '$leftovers': [98075, 13912, 31132, 79333, 67005, 60614, 89167, 61612, 72827, 95393, 7774, 4838, 80622, 19286, 388, 89247, 61119, 81985, 19388, 78051, 82137, 3298, 46052, 62641, 15125, 10693, 59273, 50230, 2725, 66359, 94734, 79927, 68945, 22935, 63942, 30886, 88313, 17000, 96538, 23762, 47069, 41591, 64582, 40855, 91942, 98035, 27160, 65777, 36640, 83286, 24245, 70012, 52716, 78622, 49933, 34674, 21545, 85515, 63596, 76834, 55706, 47571, 77999, 46871, 39758, 29268, 46755, 21424, 96377, 55045, 94655, 81266, 38729, 78370, 54466, 29207, 27070, 19950, 48714, 85283, 87118, 58445, 55295, 49791, 69639, 85835, 25451, 31208, 52354, 5252, 87857, 91470, 89621, 16918, 64589, 10774, 881, 56333, 90790, 65621, 27489, 54457, 34171, 74830, 31890, 50572, 65953, 35998, 64391, 95281, 20637, 33135, 31174, 47515, 11748, 5326, 17817, 70004, 97142, 48764, 9977, 74644, 82108, 68086, 583, 51473, 93489, 84890, 38149, 98649, 10844, 80482, 25381, 17020, 9347, 89949, 15014, 18882, 36628, 14633, 41856, 82037, 99404, 37653, 18649, 44344, 64413, 14642, 24495, 81627, 82442, 88737, 53766, 43356, 68048, 76857, 54180, 98414, 47699, 12953, 61699, 97194, 89429, 67184, 44588, 70450, 98116, 25260, 44483, 23173, 79095, 13425, 67243, 34275, 86145, 28169, 48308, 39880, 30534, 80777, 30118, 35147, 6330, 33047, 66138, 35106, 74980, 25433, 54994, 95227, 7978, 36144, 69832, 996, 86590, 74938, 93563, 39370, 8023, 18122, 28829, 32872, 79242, 70820, 98755, 81059, 10691, 50385, 39617, 19016, 1863, 56359, 38460, 67174, 91592, 22430, 17368, 97443, 878, 46355, 50098, 93139, 69976, 9080, 81250, 67133, 12450, 29860, 10515, 7229, 18784, 90514, 19054, 18495, 10502, 77269, 89119, 14108, 10620, 96989, 72023, 8856, 91521, 11678, 69216, 38189, 64461, 31020, 98319, 37543, 24755, 16609, 33556, 16612, 12763, 41905, 30677, 47421, 67343, 11855, 70264, 48856, 54312, 58986, 49212, 17225, 81724, 83758, 88507, 75316, 75104, 72850, 30442, 32626, 63929, 13975, 10352, 31178, 95848, 61832, 76994, 71041, 97101, 79981, 68823, 25960, 84031, 86511, 64668, 11598, 13801, 38277, 72117, 97914, 67271, 62497, 95121, 56480, 77291, 12295, 85165, 83568, 78821, 29000, 46548, 68710, 33837, 53867, 16757, 19744, 56490, 58506, 2704, 56409, 35185, 55884, 10413, 1967, 92366, 12720, 38904, 56674, 73494, 36995, 74568, 39592, 41098, 65909, 93224, 67867, 24312, 36412, 73676, 29939, 55884, 87263, 93716, 56026, 57244, 4070, 89635, 77378, 60358, 11337, 68615, 81852, 96708, 54183, 88797, 31269, 9360, 89105, 2535, 59726, 25955, 65244, 16768, 73543, 81718, 40902, 76314, 33436, 41909, 98773, 81808, 9719, 25421, 45418, 71987, 121, 11550, 65239, 40789, 44202, 36071, 57653, 43394, 36056, 23297, 64426, 23556, 86309, 21306, 27012, 42386, 48280, 10080, 4348, 88310, 90412, 82119, 9205, 49098, 2184, 83526, 11375, 6109, 97541, 35582, 21977, 35191, 38535, 67747, 59557, 46567, 34959, 10684, 671, 59720, 59887, 485, 14784, 36885, 67806, 20555, 39637, 90346, 34425, 6540, 18412, 78378, 59756, 27100, 45096, 77175, 81646, 59732, 18160, 89927, 40822, 95827, 99884, 32712, 63299, 13826, 85714, 22375, 34642, 93135, 95040, 87627, 56593, 10162, 1335, 24907, 11275, 57849, 31243, 19861, 99079, 15398, 23046, 39786, 73058, 18352, 90596, 73190, 18755, 43859, 95236, 53629, 45109, 83722, 79356, 47076, 62644, 97757, 13471, 27552, 93516, 12967, 49252, 1085, 54423, 9689, 79001, 15195, 48556, 32204, 40442, 35346, 62994, 33733, 67382, 49555, 60122, 40611, 12928, 92945, 10252, 45964, 84992, 1512, 78027, 75304, 45951, 56284, 25045, 39552, 38052, 75814, 1762, 99823, 76972, 67310, 62283, 41733, 23009, 32953, 78852, 84494, 34393, 32426, 77309, 29353, 87018, 31481, 22287, 73852, 13919, 95211, 57612, 5341, 78579, 87850, 58005, 44735, 76849, 63874, 54960, 17231, 90965, 88267, 87848, 83830, 59964, 7414, 27019, 63988, 28220, 60908, 57884, 71203, 30461, 65079, 25031, 40185, 78750, 46981, 80489, 92478, 38242, 60982, 98026, 5482, 58357, 82420, 69221, 47933, 41308, 46911, 93985, 74362, 98320, 32836, 21005, 85503, 60638, 52090, 16457, 81259, 97344, 71185, 51199, 32546, 37015, 82413, 74204, 2583, 41056, 12104, 19831, 19455, 13661, 3368, 6293, 24839, 2737, 57994, 65067, 22974, 80126, 70564, 55870, 22295, 54990, 188, 22708, 82010, 33866, 54839, 92881, 86023, 42822, 28002, 53771, 21295, 93768, 82639, 54827, 32269, 61670, 94699, 12629, 99213, 70585, 63371, 70163, 39410, 11420, 59374, 65058, 39544, 70840, 4105, 8975, 51408, 35270, 36395, 14905, 19463, 31253, 56593, 76004, 97054, 47585, 82196, 20301, 80867, 95726, 59810, 73784, 82432, 40019, 90101, 57866, 51891, 23969, 3726, 11832, 96918, 24802, 32825, 8453, 87570, 5910, 30479, 41802, 69112, 31765, 44030, 27039, 69845, 96240, 79148, 96989, 60634, 4975, 87175, 18069, 87499, 64971, 19045, 91141, 68569, 25404, 90932, 46267, 80532, 11728, 30381, 95769, 35013, 37457, 20905, 4517, 64695, 13129, 12749, 1818, 91327, 22606, 19672, 15427, 62325, 50224, 99886, 66678, 42678, 80750, 65241, 41447, 46222, 13943, 83906, 70729, 74336, 1726, 19116, 73335, 1723, 30675, 46925, 77182, 90826, 98994, 22759, 21028, 49319, 1714, 87944, 81788, 90533, 20925, 5438, 83502, 28657, 14540, 23899, 96217, 11472, 35876, 19131, 39399, 97335, 3323, 90272, 44040, 28073, 51304, 70624, 96620, 99178, 94411, 72001, 44800, 67313, 1790, 71579, 14737, 35858, 63905, 73477, 76009, 77549, 61502, 30404, 8360, 93569, 30438, 84984, 31813, 68448, 84388, 37695, 64509, 98530, 43872, 62143, 4409, 83775, 80273, 10350, 79665, 85682, 80513, 76395, 85135, 50, 99899, 64234, 25173, 9758, 89555, 73388, 69865, 87015, 65369, 28325, 55774, 56559, 91589, 18612, 75085, 48985, 12260, 55581, 52643, 30771, 53084, 74710, 37760, 93030, 63446, 4708, 3610, 20987, 34387, 7254, 40775, 63375, 36086, 68944, 85154, 97339, 582, 63463, 72341, 59954, 14020, 18086, 85698, 60806, 53178, 44623, 7009, 78538, 59250, 52896, 36953, 81979, 11585, 78783, 59912, 80451, 7908, 86148, 57967, 38859, 32429, 50491, 49646, 51605, 17936, 9071, 76700, 97994, 80026, 95215, 37158, 66905, 74561, 9845, 48648, 56873, 90265, 4935, 53997, 55323, 81384, 61656, 17380, 86036, 83384, 38040, 32058, 35626, 5574, 89012, 74225, 14736, 3774, 30442, 1927, 31150, 4053, 97867, 94199, 77143, 35135, 68688, 91088, 41794, 37834, 55373, 23899, 23589, 27140, 19312, 29137, 48645, 45195, 9285, 51686, 77237, 32412, 71166, 74992, 16605, 54805, 87250, 57981, 8304, 86470, 42219, 37094, 83712, 48617, 71511, 70996, 5774, 34672, 89123, 38732, 32888, 85024, 66420, 24542, 39098, 4196, 32319, 30825, 19263, 35160, 97555, 78084, 3194, 62916, 10273, 37083, 54678, 34983, 24651, 19257, 19778, 40516, 89108, 35376, 88159, 34998, 51537, 67219, 39507, 56501, 74134, 23427, 90725, 60968, 89598, 17756, 12022, 79034, 57395, 78328, 83923, 5036, 82093, 58847, 34848, 7116, 77228, 35847, 67190, 89480, 57388, 24410, 47344, 67755, 65286, 70702, 9600, 68405, 97096, 88913, 31775, 64853, 7904, 41722, 97019, 43009, 49804, 98402, 34919, 2086, 72111, 69335, 61222, 4373, 34529, 84114, 81394, 76868, 72461, 53358, 27691, 28296, 13480, 56011, 43552, 30699]})"
607.0,7,74,53,35.236161947250366,10387,"Genotype(dna={""<class 'abc.NT_0008'>"": [0, 56999], ""<class 'abc.NT_0008_P_00000'>"": [], ""<class 'abc.NT_0001'>"": [], ""<class 'abc.NT_0001_P_00000'>"": [], ""<class 'int'>"": [97653, 20406, 47695, 45437, 36791, 12753, 45651, 80211, 20876, 43747, 86904, 59270, 65598, 19312, 57981, 41571, 50140, 23587, 78328, 34848, 6322, 72111, 84114, 27691, 95393], ""<class 'bool'>"": [90671, 9706, 68793, 69465, 50630, 94229, 53268, 83378, 51198, 52517, 80864, 56983, 84611, 9863, 26653, 46759, 75883, 17618, 64460, 24766, 24616, 24139, 88100, 59674, 68925, 58603, 88542, 86971, 2074, 83004, 36300, 72448, 62475, 19830, 82844, 35160, 97555, 34983, 49026, 89108, 57812, 67219, 39507, 20060, 23427, 17756, 12022, 87036, 47344, 70702, 45692, 88913, 64900, 97019, 34645, 13480, 56011, 23961, 61622, 64153, 24398, 97162, 70647, 7256, 68916, 26200, 48073, 30572, 68510, 26764, 28736, 68692, 44411, 95498, 8365, 25426, 53841, 4898, 99229, 74318, 88444], ""<class 'abc.NT_0000'>"": [0, 0, 23967, 0, 0, 0, 0, 1, 0, 0, 0, 1, 0, 0, 1, 0, 74871, 0, 1, 1, 0, 1, 0, 1, 0, 46858, 39822, 0, 0, 0, 0, 0, 0, 0, 9925, 0, 0, 0, 0, 1, 0, 0, 0, 0, 0, 0, 1, 73131, 46429, 0, 1, 0, 0, 0, 61708, 29137, 48645, 45195, 9285, 51686, 77237, 71166, 74992, 79081, 8304, 86470, 42219, 37094, 83712, 71511, 34672, 89123, 38732, 32888, 85024, 24542, 32319, 30825, 19263, 78084, 10273, 37083, 54678, 19257, 40516, 88159, 51537, 56501, 90725, 89598, 79034, 83923, 5036, 82093, 1824, 77228, 35847, 57388, 67755, 65286, 68405, 97096, 73987, 41722, 49804, 34919, 69335, 61222, 4373, 81394, 93672, 72461, 28296, 43552, 30699], ""<class 'abc.NT_0000_P_00000'>"": [], ""<class 'abc.NT_0000_P_00001'>"": [], ""<class 'abc.NT_0008_P_00001'>"": [], ""<class 'abc.NT_0007'>"": [0, 30442], ""<class 'abc.NT_0007_P_00000'>"": [], ""<class 'abc.NT_0002'>"": [0, 2009, 1, 0, 0, 0, 0, 43348, 0, 0, 1, 0, 21331, 0, 1, 1, 72856, 35135, 68688, 91088, 41794, 37834, 46209, 27140, 32412, 16605, 87250, 48617, 70996, 66420, 39098, 3194, 19778, 34998, 60968, 57395, 58847, 67190, 7904, 98402, 2086, 34529, 53358], ""<class 'abc.NT_0002_P_00000'>"": [], ""<class 'abc.NT_0002_P_00001'>"": [], ""<class 'abc.NT_0003'>"": [2, 1, 42987], ""<class 'abc.NT_0003_P_00000'>"": [], ""<class 'abc.NT_0003_P_00001'>"": [], ""<class 'abc.NT_0003_P_00002'>"": [], ""<class 'abc.NT_0006'>"": [1, 73921], ""<class 'abc.NT_0006_P_00000'>"": [], ""<class 'abc.NT_0004'>"": [], ""<class 'abc.NT_0004_P_00000'>"": [], ""<class 'abc.NT_0004_P_00001'>"": [], ""<class 'abc.NT_0006_P_00001'>"": [], ""<class 'abc.NT_0006_P_00002'>"": [], ""<class 'abc.NT_0006_P_00003'>"": [], '$leftovers': [98075, 13912, 31132, 79333, 67005, 60614, 89167, 61612, 72827, 95393, 7774, 4838, 80622, 19286, 388, 89247, 61119, 81985, 19388, 78051, 82137, 3298, 46052, 62641, 15125, 10693, 59273, 50230, 2725, 66359, 94734, 79927, 68945, 22935, 63942, 30886, 88313, 17000, 96538, 23762, 47069, 41591, 64582, 40855, 91942, 98035, 27160, 65777, 36640, 83286, 24245, 70012, 52716, 78622, 49933, 34674, 21545, 85515, 63596, 76834, 55706, 47571, 77999, 46871, 39758, 29268, 46755, 21424, 96377, 55045, 94655, 81266, 38729, 78370, 54466, 29207, 27070, 19950, 48714, 85283, 87118, 58445, 55295, 49791, 69639, 85835, 25451, 31208, 52354, 5252, 87857, 91470, 89621, 16918, 64589, 10774, 881, 56333, 90790, 65621, 27489, 54457, 34171, 74830, 31890, 50572, 65953, 35998, 64391, 95281, 20637, 33135, 31174, 47515, 11748, 5326, 17817, 70004, 97142, 48764, 9977, 74644, 82108, 68086, 583, 51473, 93489, 84890, 38149, 98649, 10844, 80482, 25381, 17020, 9347, 89949, 15014, 18882, 36628, 14633, 41856, 82037, 99404, 37653, 18649, 44344, 64413, 14642, 24495, 81627, 82442, 88737, 53766, 43356, 68048, 76857, 54180, 98414, 47699, 12953, 61699, 97194, 89429, 67184, 44588, 70450, 98116, 25260, 44483, 23173, 79095, 13425, 67243, 34275, 86145, 28169, 48308, 39880, 30534, 80777, 30118, 35147, 6330, 33047, 66138, 35106, 74980, 25433, 54994, 95227, 7978, 36144, 69832, 996, 86590, 74938, 93563, 39370, 8023, 18122, 28829, 32872, 79242, 70820, 98755, 81059, 10691, 50385, 39617, 19016, 1863, 56359, 38460, 67174, 91592, 22430, 17368, 97443, 878, 46355, 50098, 93139, 69976, 9080, 81250, 67133, 12450, 29860, 10515, 7229, 18784, 90514, 19054, 18495, 10502, 77269, 89119, 14108, 10620, 96989, 72023, 8856, 91521, 11678, 69216, 38189, 64461, 31020, 98319, 37543, 24755, 16609, 33556, 16612, 12763, 41905, 30677, 47421, 67343, 11855, 70264, 48856, 54312, 58986, 49212, 17225, 81724, 83758, 88507, 75316, 75104, 72850, 30442, 32626, 63929, 13975, 10352, 31178, 95848, 61832, 76994, 71041, 97101, 79981, 68823, 25960, 84031, 86511, 64668, 11598, 13801, 38277, 72117, 97914, 67271, 62497, 95121, 56480, 77291, 12295, 85165, 83568, 78821, 29000, 46548, 68710, 33837, 53867, 16757, 19744, 56490, 58506, 2704, 56409, 35185, 55884, 10413, 1967, 92366, 12720, 38904, 56674, 73494, 36995, 74568, 39592, 41098, 65909, 93224, 67867, 24312, 36412, 73676, 29939, 55884, 87263, 93716, 56026, 57244, 4070, 89635, 77378, 60358, 11337, 68615, 81852, 96708, 54183, 88797, 31269, 9360, 89105, 2535, 59726, 25955, 65244, 16768, 73543, 81718, 40902, 76314, 33436, 41909, 98773, 81808, 9719, 25421, 45418, 71987, 121, 11550, 65239, 40789, 44202, 36071, 57653, 43394, 36056, 23297, 64426, 23556, 86309, 21306, 27012, 42386, 48280, 10080, 4348, 88310, 90412, 82119, 9205, 49098, 2184, 83526, 11375, 6109, 97541, 35582, 21977, 35191, 38535, 67747, 59557, 46567, 34959, 10684, 671, 59720, 59887, 485, 14784, 36885, 67806, 20555, 39637, 90346, 34425, 6540, 18412, 78378, 59756, 27100, 45096, 77175, 81646, 59732, 18160, 89927, 40822, 95827, 99884, 32712, 63299, 13826, 85714, 22375, 34642, 93135, 95040, 87627, 56593, 10162, 1335, 24907, 11275, 57849, 31243, 19861, 99079, 15398, 23046, 39786, 73058, 18352, 90596, 73190, 18755, 43859, 95236, 53629, 45109, 83722, 79356, 47076, 62644, 97757, 13471, 27552, 93516, 12967, 49252, 1085, 54423, 9689, 79001, 15195, 48556, 32204, 40442, 35346, 62994, 33733, 67382, 49555, 60122, 40611, 12928, 92945, 10252, 45964, 84992, 1512, 78027, 75304, 45951, 56284, 25045, 39552, 38052, 75814, 1762, 99823, 76972, 67310, 62283, 41733, 23009, 32953, 78852, 84494, 34393, 32426, 77309, 29353, 87018, 31481, 22287, 73852, 13919, 95211, 57612, 5341, 78579, 87850, 58005, 44735, 76849, 63874, 54960, 17231, 90965, 88267, 87848, 83830, 59964, 7414, 27019, 63988, 28220, 60908, 57884, 71203, 30461, 65079, 25031, 40185, 78750, 46981, 80489, 92478, 38242, 60982, 98026, 5482, 58357, 82420, 69221, 47933, 41308, 46911, 93985, 74362, 98320, 32836, 21005, 85503, 60638, 52090, 16457, 81259, 97344, 71185, 51199, 32546, 37015, 82413, 74204, 2583, 41056, 12104, 19831, 19455, 13661, 3368, 6293, 24839, 2737, 57994, 65067, 22974, 80126, 70564, 55870, 22295, 54990, 188, 22708, 82010, 33866, 54839, 92881, 86023, 42822, 28002, 53771, 21295, 93768, 82639, 54827, 32269, 61670, 94699, 12629, 99213, 70585, 63371, 70163, 39410, 11420, 59374, 65058, 39544, 70840, 4105, 8975, 51408, 35270, 36395, 14905, 19463, 31253, 56593, 76004, 97054, 47585, 82196, 20301, 80867, 95726, 59810, 73784, 82432, 40019, 90101, 57866, 51891, 23969, 3726, 11832, 96918, 24802, 32825, 8453, 87570, 5910, 30479, 41802, 69112, 31765, 44030, 27039, 69845, 96240, 79148, 96989, 60634, 4975, 87175, 18069, 87499, 64971, 19045, 91141, 68569, 25404, 90932, 46267, 80532, 11728, 30381, 95769, 35013, 37457, 20905, 4517, 64695, 13129, 12749, 1818, 91327, 22606, 19672, 15427, 62325, 50224, 99886, 66678, 42678, 80750, 65241, 41447, 46222, 13943, 83906, 70729, 74336, 1726, 19116, 73335, 1723, 30675, 46925, 77182, 90826, 98994, 22759, 21028, 49319, 1714, 87944, 81788, 90533, 20925, 5438, 83502, 28657, 14540, 23899, 96217, 11472, 35876, 19131, 39399, 97335, 3323, 90272, 44040, 28073, 51304, 70624, 96620, 99178, 94411, 72001, 44800, 67313, 1790, 71579, 14737, 35858, 63905, 73477, 76009, 77549, 61502, 30404, 8360, 93569, 30438, 84984, 31813, 68448, 84388, 37695, 64509, 98530, 43872, 62143, 4409, 83775, 80273, 10350, 79665, 85682, 80513, 76395, 85135, 50, 99899, 64234, 25173, 9758, 89555, 73388, 69865, 87015, 65369, 28325, 55774, 56559, 91589, 18612, 75085, 48985, 12260, 55581, 52643, 30771, 53084, 74710, 37760, 93030, 63446, 4708, 3610, 20987, 34387, 7254, 40775, 63375, 36086, 68944, 85154, 97339, 582, 63463, 72341, 59954, 14020, 18086, 85698, 60806, 53178, 44623, 7009, 78538, 59250, 52896, 36953, 81979, 11585, 78783, 59912, 80451, 7908, 86148, 57967, 38859, 32429, 50491, 49646, 51605, 17936, 9071, 76700, 97994, 80026, 95215, 37158, 66905, 74561, 9845, 48648, 56873, 90265, 4935, 53997, 55323, 81384, 61656, 17380, 86036, 83384, 38040, 32058, 35626, 5574, 89012, 74225, 14736, 3774, 30442, 1927, 31150, 4053, 97867, 94199, 77143, 35135, 68688, 91088, 41794, 37834, 55373, 23899, 23589, 27140, 19312, 29137, 48645, 45195, 9285, 51686, 77237, 32412, 71166, 74992, 16605, 54805, 87250, 57981, 8304, 86470, 42219, 37094, 83712, 48617, 71511, 70996, 5774, 34672, 89123, 38732, 32888, 85024, 66420, 24542, 39098, 4196, 32319, 30825, 19263, 35160, 97555, 78084, 3194, 62916, 10273, 37083, 54678, 34983, 24651, 19257, 19778, 40516, 89108, 35376, 88159, 34998, 51537, 67219, 39507, 56501, 74134, 23427, 90725, 60968, 89598, 17756, 12022, 79034, 57395, 78328, 83923, 5036, 82093, 58847, 34848, 7116, 77228, 35847, 67190, 89480, 57388, 24410, 47344, 67755, 65286, 70702, 9600, 68405, 97096, 88913, 31775, 64853, 7904, 41722, 97019, 43009, 49804, 98402, 34919, 2086, 72111, 69335, 61222, 4373, 34529, 84114, 81394, 76868, 72461, 53358, 27691, 28296, 13480, 56011, 43552, 30699]})"
607.0,7,74,54,35.605414628982544,10387,"Genotype(dna={""<class 'abc.NT_0008'>"": [0, 56999], ""<class 'abc.NT_0008_P_00000'>"": [], ""<class 'abc.NT_0001'>"": [], ""<class 'abc.NT_0001_P_00000'>"": [], ""<class 'int'>"": [97653, 20406, 47695, 45437, 36791, 12753, 45651, 80211, 20876, 43747, 86904, 59270, 65598, 19312, 57981, 41571, 50140, 23587, 78328, 34848, 6322, 72111, 84114, 27691, 95393], ""<class 'bool'>"": [90671, 9706, 68793, 69465, 50630, 94229, 53268, 83378, 51198, 52517, 80864, 56983, 84611, 9863, 26653, 46759, 75883, 17618, 64460, 24766, 24616, 24139, 88100, 59674, 68925, 58603, 88542, 86971, 2074, 83004, 36300, 72448, 62475, 19830, 82844, 35160, 97555, 34983, 49026, 89108, 57812, 67219, 39507, 20060, 23427, 17756, 12022, 87036, 47344, 70702, 45692, 88913, 64900, 97019, 34645, 13480, 56011, 23961, 61622, 64153, 24398, 97162, 70647, 7256, 68916, 26200, 48073, 30572, 68510, 26764, 28736, 68692, 44411, 95498, 8365, 25426, 53841, 4898, 99229, 74318, 88444], ""<class 'abc.NT_0000'>"": [0, 0, 23967, 0, 0, 0, 0, 1, 0, 0, 0, 1, 0, 0, 1, 0, 74871, 0, 1, 1, 0, 1, 0, 1, 0, 46858, 39822, 0, 0, 0, 0, 0, 0, 0, 9925, 0, 0, 0, 0, 1, 0, 0, 0, 0, 0, 0, 1, 73131, 46429, 0, 1, 0, 0, 0, 61708, 29137, 48645, 45195, 9285, 51686, 77237, 71166, 74992, 79081, 8304, 86470, 42219, 37094, 83712, 71511, 34672, 89123, 38732, 32888, 85024, 24542, 32319, 30825, 19263, 78084, 10273, 37083, 54678, 19257, 40516, 88159, 51537, 56501, 90725, 89598, 79034, 83923, 5036, 82093, 1824, 77228, 35847, 57388, 67755, 65286, 68405, 97096, 73987, 41722, 49804, 34919, 69335, 61222, 4373, 81394, 93672, 72461, 28296, 43552, 30699], ""<class 'abc.NT_0000_P_00000'>"": [], ""<class 'abc.NT_0000_P_00001'>"": [], ""<class 'abc.NT_0008_P_00001'>"": [], ""<class 'abc.NT_0007'>"": [0, 30442], ""<class 'abc.NT_0007_P_00000'>"": [], ""<class 'abc.NT_0002'>"": [0, 2009, 1, 0, 0, 0, 0, 43348, 0, 0, 1, 0, 21331, 0, 1, 1, 72856, 35135, 68688, 91088, 41794, 37834, 46209, 27140, 32412, 16605, 87250, 48617, 70996, 66420, 39098, 3194, 19778, 34998, 60968, 57395, 58847, 67190, 7904, 98402, 2086, 34529, 53358], ""<class 'abc.NT_0002_P_00000'>"": [], ""<class 'abc.NT_0002_P_00001'>"": [], ""<class 'abc.NT_0003'>"": [2, 1, 42987], ""<class 'abc.NT_0003_P_00000'>"": [], ""<class 'abc.NT_0003_P_00001'>"": [], ""<class 'abc.NT_0003_P_00002'>"": [], ""<class 'abc.NT_0006'>"": [1, 73921], ""<class 'abc.NT_0006_P_00000'>"": [], ""<class 'abc.NT_0004'>"": [], ""<class 'abc.NT_0004_P_00000'>"": [], ""<class 'abc.NT_0004_P_00001'>"": [], ""<class 'abc.NT_0006_P_00001'>"": [], ""<class 'abc.NT_0006_P_00002'>"": [], ""<class 'abc.NT_0006_P_00003'>"": [], '$leftovers': [98075, 13912, 31132, 79333, 67005, 60614, 89167, 61612, 72827, 95393, 7774, 4838, 80622, 19286, 388, 89247, 61119, 81985, 19388, 78051, 82137, 3298, 46052, 62641, 15125, 10693, 59273, 50230, 2725, 66359, 94734, 79927, 68945, 22935, 63942, 30886, 88313, 17000, 96538, 23762, 47069, 41591, 64582, 40855, 91942, 98035, 27160, 65777, 36640, 83286, 24245, 70012, 52716, 78622, 49933, 34674, 21545, 85515, 63596, 76834, 55706, 47571, 77999, 46871, 39758, 29268, 46755, 21424, 96377, 55045, 94655, 81266, 38729, 78370, 54466, 29207, 27070, 19950, 48714, 85283, 87118, 58445, 55295, 49791, 69639, 85835, 25451, 31208, 52354, 5252, 87857, 91470, 89621, 16918, 64589, 10774, 881, 56333, 90790, 65621, 27489, 54457, 34171, 74830, 31890, 50572, 65953, 35998, 64391, 95281, 20637, 33135, 31174, 47515, 11748, 5326, 17817, 70004, 97142, 48764, 9977, 74644, 82108, 68086, 583, 51473, 93489, 84890, 38149, 98649, 10844, 80482, 25381, 17020, 9347, 89949, 15014, 18882, 36628, 14633, 41856, 82037, 99404, 37653, 18649, 44344, 64413, 14642, 24495, 81627, 82442, 88737, 53766, 43356, 68048, 76857, 54180, 98414, 47699, 12953, 61699, 97194, 89429, 67184, 44588, 70450, 98116, 25260, 44483, 23173, 79095, 13425, 67243, 34275, 86145, 28169, 48308, 39880, 30534, 80777, 30118, 35147, 6330, 33047, 66138, 35106, 74980, 25433, 54994, 95227, 7978, 36144, 69832, 996, 86590, 74938, 93563, 39370, 8023, 18122, 28829, 32872, 79242, 70820, 98755, 81059, 10691, 50385, 39617, 19016, 1863, 56359, 38460, 67174, 91592, 22430, 17368, 97443, 878, 46355, 50098, 93139, 69976, 9080, 81250, 67133, 12450, 29860, 10515, 7229, 18784, 90514, 19054, 18495, 10502, 77269, 89119, 14108, 10620, 96989, 72023, 8856, 91521, 11678, 69216, 38189, 64461, 31020, 98319, 37543, 24755, 16609, 33556, 16612, 12763, 41905, 30677, 47421, 67343, 11855, 70264, 48856, 54312, 58986, 49212, 17225, 81724, 83758, 88507, 75316, 75104, 72850, 30442, 32626, 63929, 13975, 10352, 31178, 95848, 61832, 76994, 71041, 97101, 79981, 68823, 25960, 84031, 86511, 64668, 11598, 13801, 38277, 72117, 97914, 67271, 62497, 95121, 56480, 77291, 12295, 85165, 83568, 78821, 29000, 46548, 68710, 33837, 53867, 16757, 19744, 56490, 58506, 2704, 56409, 35185, 55884, 10413, 1967, 92366, 12720, 38904, 56674, 73494, 36995, 74568, 39592, 41098, 65909, 93224, 67867, 24312, 36412, 73676, 29939, 55884, 87263, 93716, 56026, 57244, 4070, 89635, 77378, 60358, 11337, 68615, 81852, 96708, 54183, 88797, 31269, 9360, 89105, 2535, 59726, 25955, 65244, 16768, 73543, 81718, 40902, 76314, 33436, 41909, 98773, 81808, 9719, 25421, 45418, 71987, 121, 11550, 65239, 40789, 44202, 36071, 57653, 43394, 36056, 23297, 64426, 23556, 86309, 21306, 27012, 42386, 48280, 10080, 4348, 88310, 90412, 82119, 9205, 49098, 2184, 83526, 11375, 6109, 97541, 35582, 21977, 35191, 38535, 67747, 59557, 46567, 34959, 10684, 671, 59720, 59887, 485, 14784, 36885, 67806, 20555, 39637, 90346, 34425, 6540, 18412, 78378, 59756, 27100, 45096, 77175, 81646, 59732, 18160, 89927, 40822, 95827, 99884, 32712, 63299, 13826, 85714, 22375, 34642, 93135, 95040, 87627, 56593, 10162, 1335, 24907, 11275, 57849, 31243, 19861, 99079, 15398, 23046, 39786, 73058, 18352, 90596, 73190, 18755, 43859, 95236, 53629, 45109, 83722, 79356, 47076, 62644, 97757, 13471, 27552, 93516, 12967, 49252, 1085, 54423, 9689, 79001, 15195, 48556, 32204, 40442, 35346, 62994, 33733, 67382, 49555, 60122, 40611, 12928, 92945, 10252, 45964, 84992, 1512, 78027, 75304, 45951, 56284, 25045, 39552, 38052, 75814, 1762, 99823, 76972, 67310, 62283, 41733, 23009, 32953, 78852, 84494, 34393, 32426, 77309, 29353, 87018, 31481, 22287, 73852, 13919, 95211, 57612, 5341, 78579, 87850, 58005, 44735, 76849, 63874, 54960, 17231, 90965, 88267, 87848, 83830, 59964, 7414, 27019, 63988, 28220, 60908, 57884, 71203, 30461, 65079, 25031, 40185, 78750, 46981, 80489, 92478, 38242, 60982, 98026, 5482, 58357, 82420, 69221, 47933, 41308, 46911, 93985, 74362, 98320, 32836, 21005, 85503, 60638, 52090, 16457, 81259, 97344, 71185, 51199, 32546, 37015, 82413, 74204, 2583, 41056, 12104, 19831, 19455, 13661, 3368, 6293, 24839, 2737, 57994, 65067, 22974, 80126, 70564, 55870, 22295, 54990, 188, 22708, 82010, 33866, 54839, 92881, 86023, 42822, 28002, 53771, 21295, 93768, 82639, 54827, 32269, 61670, 94699, 12629, 99213, 70585, 63371, 70163, 39410, 11420, 59374, 65058, 39544, 70840, 4105, 8975, 51408, 35270, 36395, 14905, 19463, 31253, 56593, 76004, 97054, 47585, 82196, 20301, 80867, 95726, 59810, 73784, 82432, 40019, 90101, 57866, 51891, 23969, 3726, 11832, 96918, 24802, 32825, 8453, 87570, 5910, 30479, 41802, 69112, 31765, 44030, 27039, 69845, 96240, 79148, 96989, 60634, 4975, 87175, 18069, 87499, 64971, 19045, 91141, 68569, 25404, 90932, 46267, 80532, 11728, 30381, 95769, 35013, 37457, 20905, 4517, 64695, 13129, 12749, 1818, 91327, 22606, 19672, 15427, 62325, 50224, 99886, 66678, 42678, 80750, 65241, 41447, 46222, 13943, 83906, 70729, 74336, 1726, 19116, 73335, 1723, 30675, 46925, 77182, 90826, 98994, 22759, 21028, 49319, 1714, 87944, 81788, 90533, 20925, 5438, 83502, 28657, 14540, 23899, 96217, 11472, 35876, 19131, 39399, 97335, 3323, 90272, 44040, 28073, 51304, 70624, 96620, 99178, 94411, 72001, 44800, 67313, 1790, 71579, 14737, 35858, 63905, 73477, 76009, 77549, 61502, 30404, 8360, 93569, 30438, 84984, 31813, 68448, 84388, 37695, 64509, 98530, 43872, 62143, 4409, 83775, 80273, 10350, 79665, 85682, 80513, 76395, 85135, 50, 99899, 64234, 25173, 9758, 89555, 73388, 69865, 87015, 65369, 28325, 55774, 56559, 91589, 18612, 75085, 48985, 12260, 55581, 52643, 30771, 53084, 74710, 37760, 93030, 63446, 4708, 3610, 20987, 34387, 7254, 40775, 63375, 36086, 68944, 85154, 97339, 582, 63463, 72341, 59954, 14020, 18086, 85698, 60806, 53178, 44623, 7009, 78538, 59250, 52896, 36953, 81979, 11585, 78783, 59912, 80451, 7908, 86148, 57967, 38859, 32429, 50491, 49646, 51605, 17936, 9071, 76700, 97994, 80026, 95215, 37158, 66905, 74561, 9845, 48648, 56873, 90265, 4935, 53997, 55323, 81384, 61656, 17380, 86036, 83384, 38040, 32058, 35626, 5574, 89012, 74225, 14736, 3774, 30442, 1927, 31150, 4053, 97867, 94199, 77143, 35135, 68688, 91088, 41794, 37834, 55373, 23899, 23589, 27140, 19312, 29137, 48645, 45195, 9285, 51686, 77237, 32412, 71166, 74992, 16605, 54805, 87250, 57981, 8304, 86470, 42219, 37094, 83712, 48617, 71511, 70996, 5774, 34672, 89123, 38732, 32888, 85024, 66420, 24542, 39098, 4196, 32319, 30825, 19263, 35160, 97555, 78084, 3194, 62916, 10273, 37083, 54678, 34983, 24651, 19257, 19778, 40516, 89108, 35376, 88159, 34998, 51537, 67219, 39507, 56501, 74134, 23427, 90725, 60968, 89598, 17756, 12022, 79034, 57395, 78328, 83923, 5036, 82093, 58847, 34848, 7116, 77228, 35847, 67190, 89480, 57388, 24410, 47344, 67755, 65286, 70702, 9600, 68405, 97096, 88913, 31775, 64853, 7904, 41722, 97019, 43009, 49804, 98402, 34919, 2086, 72111, 69335, 61222, 4373, 34529, 84114, 81394, 76868, 72461, 53358, 27691, 28296, 13480, 56011, 43552, 30699]})"
607.0,7,74,55,35.925522327423096,10387,"Genotype(dna={""<class 'abc.NT_0008'>"": [0, 56999], ""<class 'abc.NT_0008_P_00000'>"": [], ""<class 'abc.NT_0001'>"": [], ""<class 'abc.NT_0001_P_00000'>"": [], ""<class 'int'>"": [97653, 20406, 47695, 45437, 36791, 12753, 45651, 80211, 20876, 43747, 86904, 59270, 65598, 19312, 57981, 41571, 50140, 23587, 78328, 34848, 6322, 72111, 84114, 27691, 95393], ""<class 'bool'>"": [90671, 9706, 68793, 69465, 50630, 94229, 53268, 83378, 51198, 52517, 80864, 56983, 84611, 9863, 26653, 46759, 75883, 17618, 64460, 24766, 24616, 24139, 88100, 59674, 68925, 58603, 88542, 86971, 2074, 83004, 36300, 72448, 62475, 19830, 82844, 35160, 97555, 34983, 49026, 89108, 57812, 67219, 39507, 20060, 23427, 17756, 12022, 87036, 47344, 70702, 45692, 88913, 64900, 97019, 34645, 13480, 56011, 23961, 61622, 64153, 24398, 97162, 70647, 7256, 68916, 26200, 48073, 30572, 68510, 26764, 28736, 68692, 44411, 95498, 8365, 25426, 53841, 4898, 99229, 74318, 88444], ""<class 'abc.NT_0000'>"": [0, 0, 23967, 0, 0, 0, 0, 1, 0, 0, 0, 1, 0, 0, 1, 0, 74871, 0, 1, 1, 0, 1, 0, 1, 0, 46858, 39822, 0, 0, 0, 0, 0, 0, 0, 9925, 0, 0, 0, 0, 1, 0, 0, 0, 0, 0, 0, 1, 73131, 46429, 0, 1, 0, 0, 0, 61708, 29137, 48645, 45195, 9285, 51686, 77237, 71166, 74992, 79081, 8304, 86470, 42219, 37094, 83712, 71511, 34672, 89123, 38732, 32888, 85024, 24542, 32319, 30825, 19263, 78084, 10273, 37083, 54678, 19257, 40516, 88159, 51537, 56501, 90725, 89598, 79034, 83923, 5036, 82093, 1824, 77228, 35847, 57388, 67755, 65286, 68405, 97096, 73987, 41722, 49804, 34919, 69335, 61222, 4373, 81394, 93672, 72461, 28296, 43552, 30699], ""<class 'abc.NT_0000_P_00000'>"": [], ""<class 'abc.NT_0000_P_00001'>"": [], ""<class 'abc.NT_0008_P_00001'>"": [], ""<class 'abc.NT_0007'>"": [0, 30442], ""<class 'abc.NT_0007_P_00000'>"": [], ""<class 'abc.NT_0002'>"": [0, 2009, 1, 0, 0, 0, 0, 43348, 0, 0, 1, 0, 21331, 0, 1, 1, 72856, 35135, 68688, 91088, 41794, 37834, 46209, 27140, 32412, 16605, 87250, 48617, 70996, 66420, 39098, 3194, 19778, 34998, 60968, 57395, 58847, 67190, 7904, 98402, 2086, 34529, 53358], ""<class 'abc.NT_0002_P_00000'>"": [], ""<class 'abc.NT_0002_P_00001'>"": [], ""<class 'abc.NT_0003'>"": [2, 1, 42987], ""<class 'abc.NT_0003_P_00000'>"": [], ""<class 'abc.NT_0003_P_00001'>"": [], ""<class 'abc.NT_0003_P_00002'>"": [], ""<class 'abc.NT_0006'>"": [1, 73921], ""<class 'abc.NT_0006_P_00000'>"": [], ""<class 'abc.NT_0004'>"": [], ""<class 'abc.NT_0004_P_00000'>"": [], ""<class 'abc.NT_0004_P_00001'>"": [], ""<class 'abc.NT_0006_P_00001'>"": [], ""<class 'abc.NT_0006_P_00002'>"": [], ""<class 'abc.NT_0006_P_00003'>"": [], '$leftovers': [98075, 13912, 31132, 79333, 67005, 60614, 89167, 61612, 72827, 95393, 7774, 4838, 80622, 19286, 388, 89247, 61119, 81985, 19388, 78051, 82137, 3298, 46052, 62641, 15125, 10693, 59273, 50230, 2725, 66359, 94734, 79927, 68945, 22935, 63942, 30886, 88313, 17000, 96538, 23762, 47069, 41591, 64582, 40855, 91942, 98035, 27160, 65777, 36640, 83286, 24245, 70012, 52716, 78622, 49933, 34674, 21545, 85515, 63596, 76834, 55706, 47571, 77999, 46871, 39758, 29268, 46755, 21424, 96377, 55045, 94655, 81266, 38729, 78370, 54466, 29207, 27070, 19950, 48714, 85283, 87118, 58445, 55295, 49791, 69639, 85835, 25451, 31208, 52354, 5252, 87857, 91470, 89621, 16918, 64589, 10774, 881, 56333, 90790, 65621, 27489, 54457, 34171, 74830, 31890, 50572, 65953, 35998, 64391, 95281, 20637, 33135, 31174, 47515, 11748, 5326, 17817, 70004, 97142, 48764, 9977, 74644, 82108, 68086, 583, 51473, 93489, 84890, 38149, 98649, 10844, 80482, 25381, 17020, 9347, 89949, 15014, 18882, 36628, 14633, 41856, 82037, 99404, 37653, 18649, 44344, 64413, 14642, 24495, 81627, 82442, 88737, 53766, 43356, 68048, 76857, 54180, 98414, 47699, 12953, 61699, 97194, 89429, 67184, 44588, 70450, 98116, 25260, 44483, 23173, 79095, 13425, 67243, 34275, 86145, 28169, 48308, 39880, 30534, 80777, 30118, 35147, 6330, 33047, 66138, 35106, 74980, 25433, 54994, 95227, 7978, 36144, 69832, 996, 86590, 74938, 93563, 39370, 8023, 18122, 28829, 32872, 79242, 70820, 98755, 81059, 10691, 50385, 39617, 19016, 1863, 56359, 38460, 67174, 91592, 22430, 17368, 97443, 878, 46355, 50098, 93139, 69976, 9080, 81250, 67133, 12450, 29860, 10515, 7229, 18784, 90514, 19054, 18495, 10502, 77269, 89119, 14108, 10620, 96989, 72023, 8856, 91521, 11678, 69216, 38189, 64461, 31020, 98319, 37543, 24755, 16609, 33556, 16612, 12763, 41905, 30677, 47421, 67343, 11855, 70264, 48856, 54312, 58986, 49212, 17225, 81724, 83758, 88507, 75316, 75104, 72850, 30442, 32626, 63929, 13975, 10352, 31178, 95848, 61832, 76994, 71041, 97101, 79981, 68823, 25960, 84031, 86511, 64668, 11598, 13801, 38277, 72117, 97914, 67271, 62497, 95121, 56480, 77291, 12295, 85165, 83568, 78821, 29000, 46548, 68710, 33837, 53867, 16757, 19744, 56490, 58506, 2704, 56409, 35185, 55884, 10413, 1967, 92366, 12720, 38904, 56674, 73494, 36995, 74568, 39592, 41098, 65909, 93224, 67867, 24312, 36412, 73676, 29939, 55884, 87263, 93716, 56026, 57244, 4070, 89635, 77378, 60358, 11337, 68615, 81852, 96708, 54183, 88797, 31269, 9360, 89105, 2535, 59726, 25955, 65244, 16768, 73543, 81718, 40902, 76314, 33436, 41909, 98773, 81808, 9719, 25421, 45418, 71987, 121, 11550, 65239, 40789, 44202, 36071, 57653, 43394, 36056, 23297, 64426, 23556, 86309, 21306, 27012, 42386, 48280, 10080, 4348, 88310, 90412, 82119, 9205, 49098, 2184, 83526, 11375, 6109, 97541, 35582, 21977, 35191, 38535, 67747, 59557, 46567, 34959, 10684, 671, 59720, 59887, 485, 14784, 36885, 67806, 20555, 39637, 90346, 34425, 6540, 18412, 78378, 59756, 27100, 45096, 77175, 81646, 59732, 18160, 89927, 40822, 95827, 99884, 32712, 63299, 13826, 85714, 22375, 34642, 93135, 95040, 87627, 56593, 10162, 1335, 24907, 11275, 57849, 31243, 19861, 99079, 15398, 23046, 39786, 73058, 18352, 90596, 73190, 18755, 43859, 95236, 53629, 45109, 83722, 79356, 47076, 62644, 97757, 13471, 27552, 93516, 12967, 49252, 1085, 54423, 9689, 79001, 15195, 48556, 32204, 40442, 35346, 62994, 33733, 67382, 49555, 60122, 40611, 12928, 92945, 10252, 45964, 84992, 1512, 78027, 75304, 45951, 56284, 25045, 39552, 38052, 75814, 1762, 99823, 76972, 67310, 62283, 41733, 23009, 32953, 78852, 84494, 34393, 32426, 77309, 29353, 87018, 31481, 22287, 73852, 13919, 95211, 57612, 5341, 78579, 87850, 58005, 44735, 76849, 63874, 54960, 17231, 90965, 88267, 87848, 83830, 59964, 7414, 27019, 63988, 28220, 60908, 57884, 71203, 30461, 65079, 25031, 40185, 78750, 46981, 80489, 92478, 38242, 60982, 98026, 5482, 58357, 82420, 69221, 47933, 41308, 46911, 93985, 74362, 98320, 32836, 21005, 85503, 60638, 52090, 16457, 81259, 97344, 71185, 51199, 32546, 37015, 82413, 74204, 2583, 41056, 12104, 19831, 19455, 13661, 3368, 6293, 24839, 2737, 57994, 65067, 22974, 80126, 70564, 55870, 22295, 54990, 188, 22708, 82010, 33866, 54839, 92881, 86023, 42822, 28002, 53771, 21295, 93768, 82639, 54827, 32269, 61670, 94699, 12629, 99213, 70585, 63371, 70163, 39410, 11420, 59374, 65058, 39544, 70840, 4105, 8975, 51408, 35270, 36395, 14905, 19463, 31253, 56593, 76004, 97054, 47585, 82196, 20301, 80867, 95726, 59810, 73784, 82432, 40019, 90101, 57866, 51891, 23969, 3726, 11832, 96918, 24802, 32825, 8453, 87570, 5910, 30479, 41802, 69112, 31765, 44030, 27039, 69845, 96240, 79148, 96989, 60634, 4975, 87175, 18069, 87499, 64971, 19045, 91141, 68569, 25404, 90932, 46267, 80532, 11728, 30381, 95769, 35013, 37457, 20905, 4517, 64695, 13129, 12749, 1818, 91327, 22606, 19672, 15427, 62325, 50224, 99886, 66678, 42678, 80750, 65241, 41447, 46222, 13943, 83906, 70729, 74336, 1726, 19116, 73335, 1723, 30675, 46925, 77182, 90826, 98994, 22759, 21028, 49319, 1714, 87944, 81788, 90533, 20925, 5438, 83502, 28657, 14540, 23899, 96217, 11472, 35876, 19131, 39399, 97335, 3323, 90272, 44040, 28073, 51304, 70624, 96620, 99178, 94411, 72001, 44800, 67313, 1790, 71579, 14737, 35858, 63905, 73477, 76009, 77549, 61502, 30404, 8360, 93569, 30438, 84984, 31813, 68448, 84388, 37695, 64509, 98530, 43872, 62143, 4409, 83775, 80273, 10350, 79665, 85682, 80513, 76395, 85135, 50, 99899, 64234, 25173, 9758, 89555, 73388, 69865, 87015, 65369, 28325, 55774, 56559, 91589, 18612, 75085, 48985, 12260, 55581, 52643, 30771, 53084, 74710, 37760, 93030, 63446, 4708, 3610, 20987, 34387, 7254, 40775, 63375, 36086, 68944, 85154, 97339, 582, 63463, 72341, 59954, 14020, 18086, 85698, 60806, 53178, 44623, 7009, 78538, 59250, 52896, 36953, 81979, 11585, 78783, 59912, 80451, 7908, 86148, 57967, 38859, 32429, 50491, 49646, 51605, 17936, 9071, 76700, 97994, 80026, 95215, 37158, 66905, 74561, 9845, 48648, 56873, 90265, 4935, 53997, 55323, 81384, 61656, 17380, 86036, 83384, 38040, 32058, 35626, 5574, 89012, 74225, 14736, 3774, 30442, 1927, 31150, 4053, 97867, 94199, 77143, 35135, 68688, 91088, 41794, 37834, 55373, 23899, 23589, 27140, 19312, 29137, 48645, 45195, 9285, 51686, 77237, 32412, 71166, 74992, 16605, 54805, 87250, 57981, 8304, 86470, 42219, 37094, 83712, 48617, 71511, 70996, 5774, 34672, 89123, 38732, 32888, 85024, 66420, 24542, 39098, 4196, 32319, 30825, 19263, 35160, 97555, 78084, 3194, 62916, 10273, 37083, 54678, 34983, 24651, 19257, 19778, 40516, 89108, 35376, 88159, 34998, 51537, 67219, 39507, 56501, 74134, 23427, 90725, 60968, 89598, 17756, 12022, 79034, 57395, 78328, 83923, 5036, 82093, 58847, 34848, 7116, 77228, 35847, 67190, 89480, 57388, 24410, 47344, 67755, 65286, 70702, 9600, 68405, 97096, 88913, 31775, 64853, 7904, 41722, 97019, 43009, 49804, 98402, 34919, 2086, 72111, 69335, 61222, 4373, 34529, 84114, 81394, 76868, 72461, 53358, 27691, 28296, 13480, 56011, 43552, 30699]})"
607.0,7,74,56,36.26968240737915,10387,"Genotype(dna={""<class 'abc.NT_0008'>"": [0, 56999], ""<class 'abc.NT_0008_P_00000'>"": [], ""<class 'abc.NT_0001'>"": [], ""<class 'abc.NT_0001_P_00000'>"": [], ""<class 'int'>"": [97653, 20406, 47695, 45437, 36791, 12753, 45651, 80211, 20876, 43747, 86904, 59270, 65598, 19312, 57981, 41571, 50140, 23587, 78328, 34848, 6322, 72111, 84114, 27691, 95393], ""<class 'bool'>"": [90671, 9706, 68793, 69465, 50630, 94229, 53268, 83378, 51198, 52517, 80864, 56983, 84611, 9863, 26653, 46759, 75883, 17618, 64460, 24766, 24616, 24139, 88100, 59674, 68925, 58603, 88542, 86971, 2074, 83004, 36300, 72448, 62475, 19830, 82844, 35160, 97555, 34983, 49026, 89108, 57812, 67219, 39507, 20060, 23427, 17756, 12022, 87036, 47344, 70702, 45692, 88913, 64900, 97019, 34645, 13480, 56011, 23961, 61622, 64153, 24398, 97162, 70647, 7256, 68916, 26200, 48073, 30572, 68510, 26764, 28736, 68692, 44411, 95498, 8365, 25426, 53841, 4898, 99229, 74318, 88444], ""<class 'abc.NT_0000'>"": [0, 0, 23967, 0, 0, 0, 0, 1, 0, 0, 0, 1, 0, 0, 1, 0, 74871, 0, 1, 1, 0, 1, 0, 1, 0, 46858, 39822, 0, 0, 0, 0, 0, 0, 0, 9925, 0, 0, 0, 0, 1, 0, 0, 0, 0, 0, 0, 1, 73131, 46429, 0, 1, 0, 0, 0, 61708, 29137, 48645, 45195, 9285, 51686, 77237, 71166, 74992, 79081, 8304, 86470, 42219, 37094, 83712, 71511, 34672, 89123, 38732, 32888, 85024, 24542, 32319, 30825, 19263, 78084, 10273, 37083, 54678, 19257, 40516, 88159, 51537, 56501, 90725, 89598, 79034, 83923, 5036, 82093, 1824, 77228, 35847, 57388, 67755, 65286, 68405, 97096, 73987, 41722, 49804, 34919, 69335, 61222, 4373, 81394, 93672, 72461, 28296, 43552, 30699], ""<class 'abc.NT_0000_P_00000'>"": [], ""<class 'abc.NT_0000_P_00001'>"": [], ""<class 'abc.NT_0008_P_00001'>"": [], ""<class 'abc.NT_0007'>"": [0, 30442], ""<class 'abc.NT_0007_P_00000'>"": [], ""<class 'abc.NT_0002'>"": [0, 2009, 1, 0, 0, 0, 0, 43348, 0, 0, 1, 0, 21331, 0, 1, 1, 72856, 35135, 68688, 91088, 41794, 37834, 46209, 27140, 32412, 16605, 87250, 48617, 70996, 66420, 39098, 3194, 19778, 34998, 60968, 57395, 58847, 67190, 7904, 98402, 2086, 34529, 53358], ""<class 'abc.NT_0002_P_00000'>"": [], ""<class 'abc.NT_0002_P_00001'>"": [], ""<class 'abc.NT_0003'>"": [2, 1, 42987], ""<class 'abc.NT_0003_P_00000'>"": [], ""<class 'abc.NT_0003_P_00001'>"": [], ""<class 'abc.NT_0003_P_00002'>"": [], ""<class 'abc.NT_0006'>"": [1, 73921], ""<class 'abc.NT_0006_P_00000'>"": [], ""<class 'abc.NT_0004'>"": [], ""<class 'abc.NT_0004_P_00000'>"": [], ""<class 'abc.NT_0004_P_00001'>"": [], ""<class 'abc.NT_0006_P_00001'>"": [], ""<class 'abc.NT_0006_P_00002'>"": [], ""<class 'abc.NT_0006_P_00003'>"": [], '$leftovers': [98075, 13912, 31132, 79333, 67005, 60614, 89167, 61612, 72827, 95393, 7774, 4838, 80622, 19286, 388, 89247, 61119, 81985, 19388, 78051, 82137, 3298, 46052, 62641, 15125, 10693, 59273, 50230, 2725, 66359, 94734, 79927, 68945, 22935, 63942, 30886, 88313, 17000, 96538, 23762, 47069, 41591, 64582, 40855, 91942, 98035, 27160, 65777, 36640, 83286, 24245, 70012, 52716, 78622, 49933, 34674, 21545, 85515, 63596, 76834, 55706, 47571, 77999, 46871, 39758, 29268, 46755, 21424, 96377, 55045, 94655, 81266, 38729, 78370, 54466, 29207, 27070, 19950, 48714, 85283, 87118, 58445, 55295, 49791, 69639, 85835, 25451, 31208, 52354, 5252, 87857, 91470, 89621, 16918, 64589, 10774, 881, 56333, 90790, 65621, 27489, 54457, 34171, 74830, 31890, 50572, 65953, 35998, 64391, 95281, 20637, 33135, 31174, 47515, 11748, 5326, 17817, 70004, 97142, 48764, 9977, 74644, 82108, 68086, 583, 51473, 93489, 84890, 38149, 98649, 10844, 80482, 25381, 17020, 9347, 89949, 15014, 18882, 36628, 14633, 41856, 82037, 99404, 37653, 18649, 44344, 64413, 14642, 24495, 81627, 82442, 88737, 53766, 43356, 68048, 76857, 54180, 98414, 47699, 12953, 61699, 97194, 89429, 67184, 44588, 70450, 98116, 25260, 44483, 23173, 79095, 13425, 67243, 34275, 86145, 28169, 48308, 39880, 30534, 80777, 30118, 35147, 6330, 33047, 66138, 35106, 74980, 25433, 54994, 95227, 7978, 36144, 69832, 996, 86590, 74938, 93563, 39370, 8023, 18122, 28829, 32872, 79242, 70820, 98755, 81059, 10691, 50385, 39617, 19016, 1863, 56359, 38460, 67174, 91592, 22430, 17368, 97443, 878, 46355, 50098, 93139, 69976, 9080, 81250, 67133, 12450, 29860, 10515, 7229, 18784, 90514, 19054, 18495, 10502, 77269, 89119, 14108, 10620, 96989, 72023, 8856, 91521, 11678, 69216, 38189, 64461, 31020, 98319, 37543, 24755, 16609, 33556, 16612, 12763, 41905, 30677, 47421, 67343, 11855, 70264, 48856, 54312, 58986, 49212, 17225, 81724, 83758, 88507, 75316, 75104, 72850, 30442, 32626, 63929, 13975, 10352, 31178, 95848, 61832, 76994, 71041, 97101, 79981, 68823, 25960, 84031, 86511, 64668, 11598, 13801, 38277, 72117, 97914, 67271, 62497, 95121, 56480, 77291, 12295, 85165, 83568, 78821, 29000, 46548, 68710, 33837, 53867, 16757, 19744, 56490, 58506, 2704, 56409, 35185, 55884, 10413, 1967, 92366, 12720, 38904, 56674, 73494, 36995, 74568, 39592, 41098, 65909, 93224, 67867, 24312, 36412, 73676, 29939, 55884, 87263, 93716, 56026, 57244, 4070, 89635, 77378, 60358, 11337, 68615, 81852, 96708, 54183, 88797, 31269, 9360, 89105, 2535, 59726, 25955, 65244, 16768, 73543, 81718, 40902, 76314, 33436, 41909, 98773, 81808, 9719, 25421, 45418, 71987, 121, 11550, 65239, 40789, 44202, 36071, 57653, 43394, 36056, 23297, 64426, 23556, 86309, 21306, 27012, 42386, 48280, 10080, 4348, 88310, 90412, 82119, 9205, 49098, 2184, 83526, 11375, 6109, 97541, 35582, 21977, 35191, 38535, 67747, 59557, 46567, 34959, 10684, 671, 59720, 59887, 485, 14784, 36885, 67806, 20555, 39637, 90346, 34425, 6540, 18412, 78378, 59756, 27100, 45096, 77175, 81646, 59732, 18160, 89927, 40822, 95827, 99884, 32712, 63299, 13826, 85714, 22375, 34642, 93135, 95040, 87627, 56593, 10162, 1335, 24907, 11275, 57849, 31243, 19861, 99079, 15398, 23046, 39786, 73058, 18352, 90596, 73190, 18755, 43859, 95236, 53629, 45109, 83722, 79356, 47076, 62644, 97757, 13471, 27552, 93516, 12967, 49252, 1085, 54423, 9689, 79001, 15195, 48556, 32204, 40442, 35346, 62994, 33733, 67382, 49555, 60122, 40611, 12928, 92945, 10252, 45964, 84992, 1512, 78027, 75304, 45951, 56284, 25045, 39552, 38052, 75814, 1762, 99823, 76972, 67310, 62283, 41733, 23009, 32953, 78852, 84494, 34393, 32426, 77309, 29353, 87018, 31481, 22287, 73852, 13919, 95211, 57612, 5341, 78579, 87850, 58005, 44735, 76849, 63874, 54960, 17231, 90965, 88267, 87848, 83830, 59964, 7414, 27019, 63988, 28220, 60908, 57884, 71203, 30461, 65079, 25031, 40185, 78750, 46981, 80489, 92478, 38242, 60982, 98026, 5482, 58357, 82420, 69221, 47933, 41308, 46911, 93985, 74362, 98320, 32836, 21005, 85503, 60638, 52090, 16457, 81259, 97344, 71185, 51199, 32546, 37015, 82413, 74204, 2583, 41056, 12104, 19831, 19455, 13661, 3368, 6293, 24839, 2737, 57994, 65067, 22974, 80126, 70564, 55870, 22295, 54990, 188, 22708, 82010, 33866, 54839, 92881, 86023, 42822, 28002, 53771, 21295, 93768, 82639, 54827, 32269, 61670, 94699, 12629, 99213, 70585, 63371, 70163, 39410, 11420, 59374, 65058, 39544, 70840, 4105, 8975, 51408, 35270, 36395, 14905, 19463, 31253, 56593, 76004, 97054, 47585, 82196, 20301, 80867, 95726, 59810, 73784, 82432, 40019, 90101, 57866, 51891, 23969, 3726, 11832, 96918, 24802, 32825, 8453, 87570, 5910, 30479, 41802, 69112, 31765, 44030, 27039, 69845, 96240, 79148, 96989, 60634, 4975, 87175, 18069, 87499, 64971, 19045, 91141, 68569, 25404, 90932, 46267, 80532, 11728, 30381, 95769, 35013, 37457, 20905, 4517, 64695, 13129, 12749, 1818, 91327, 22606, 19672, 15427, 62325, 50224, 99886, 66678, 42678, 80750, 65241, 41447, 46222, 13943, 83906, 70729, 74336, 1726, 19116, 73335, 1723, 30675, 46925, 77182, 90826, 98994, 22759, 21028, 49319, 1714, 87944, 81788, 90533, 20925, 5438, 83502, 28657, 14540, 23899, 96217, 11472, 35876, 19131, 39399, 97335, 3323, 90272, 44040, 28073, 51304, 70624, 96620, 99178, 94411, 72001, 44800, 67313, 1790, 71579, 14737, 35858, 63905, 73477, 76009, 77549, 61502, 30404, 8360, 93569, 30438, 84984, 31813, 68448, 84388, 37695, 64509, 98530, 43872, 62143, 4409, 83775, 80273, 10350, 79665, 85682, 80513, 76395, 85135, 50, 99899, 64234, 25173, 9758, 89555, 73388, 69865, 87015, 65369, 28325, 55774, 56559, 91589, 18612, 75085, 48985, 12260, 55581, 52643, 30771, 53084, 74710, 37760, 93030, 63446, 4708, 3610, 20987, 34387, 7254, 40775, 63375, 36086, 68944, 85154, 97339, 582, 63463, 72341, 59954, 14020, 18086, 85698, 60806, 53178, 44623, 7009, 78538, 59250, 52896, 36953, 81979, 11585, 78783, 59912, 80451, 7908, 86148, 57967, 38859, 32429, 50491, 49646, 51605, 17936, 9071, 76700, 97994, 80026, 95215, 37158, 66905, 74561, 9845, 48648, 56873, 90265, 4935, 53997, 55323, 81384, 61656, 17380, 86036, 83384, 38040, 32058, 35626, 5574, 89012, 74225, 14736, 3774, 30442, 1927, 31150, 4053, 97867, 94199, 77143, 35135, 68688, 91088, 41794, 37834, 55373, 23899, 23589, 27140, 19312, 29137, 48645, 45195, 9285, 51686, 77237, 32412, 71166, 74992, 16605, 54805, 87250, 57981, 8304, 86470, 42219, 37094, 83712, 48617, 71511, 70996, 5774, 34672, 89123, 38732, 32888, 85024, 66420, 24542, 39098, 4196, 32319, 30825, 19263, 35160, 97555, 78084, 3194, 62916, 10273, 37083, 54678, 34983, 24651, 19257, 19778, 40516, 89108, 35376, 88159, 34998, 51537, 67219, 39507, 56501, 74134, 23427, 90725, 60968, 89598, 17756, 12022, 79034, 57395, 78328, 83923, 5036, 82093, 58847, 34848, 7116, 77228, 35847, 67190, 89480, 57388, 24410, 47344, 67755, 65286, 70702, 9600, 68405, 97096, 88913, 31775, 64853, 7904, 41722, 97019, 43009, 49804, 98402, 34919, 2086, 72111, 69335, 61222, 4373, 34529, 84114, 81394, 76868, 72461, 53358, 27691, 28296, 13480, 56011, 43552, 30699]})"
607.0,7,74,57,36.836426734924316,10387,"Genotype(dna={""<class 'abc.NT_0008'>"": [0, 56999], ""<class 'abc.NT_0008_P_00000'>"": [], ""<class 'abc.NT_0001'>"": [], ""<class 'abc.NT_0001_P_00000'>"": [], ""<class 'int'>"": [97653, 20406, 47695, 45437, 36791, 12753, 45651, 80211, 20876, 43747, 86904, 59270, 65598, 19312, 57981, 41571, 50140, 23587, 78328, 34848, 6322, 72111, 84114, 27691, 95393], ""<class 'bool'>"": [90671, 9706, 68793, 69465, 50630, 94229, 53268, 83378, 51198, 52517, 80864, 56983, 84611, 9863, 26653, 46759, 75883, 17618, 64460, 24766, 24616, 24139, 88100, 59674, 68925, 58603, 88542, 86971, 2074, 83004, 36300, 72448, 62475, 19830, 82844, 35160, 97555, 34983, 49026, 89108, 57812, 67219, 39507, 20060, 23427, 17756, 12022, 87036, 47344, 70702, 45692, 88913, 64900, 97019, 34645, 13480, 56011, 23961, 61622, 64153, 24398, 97162, 70647, 7256, 68916, 26200, 48073, 30572, 68510, 26764, 28736, 68692, 44411, 95498, 8365, 25426, 53841, 4898, 99229, 74318, 88444], ""<class 'abc.NT_0000'>"": [0, 0, 23967, 0, 0, 0, 0, 1, 0, 0, 0, 1, 0, 0, 1, 0, 74871, 0, 1, 1, 0, 1, 0, 1, 0, 46858, 39822, 0, 0, 0, 0, 0, 0, 0, 9925, 0, 0, 0, 0, 1, 0, 0, 0, 0, 0, 0, 1, 73131, 46429, 0, 1, 0, 0, 0, 61708, 29137, 48645, 45195, 9285, 51686, 77237, 71166, 74992, 79081, 8304, 86470, 42219, 37094, 83712, 71511, 34672, 89123, 38732, 32888, 85024, 24542, 32319, 30825, 19263, 78084, 10273, 37083, 54678, 19257, 40516, 88159, 51537, 56501, 90725, 89598, 79034, 83923, 5036, 82093, 1824, 77228, 35847, 57388, 67755, 65286, 68405, 97096, 73987, 41722, 49804, 34919, 69335, 61222, 4373, 81394, 93672, 72461, 28296, 43552, 30699], ""<class 'abc.NT_0000_P_00000'>"": [], ""<class 'abc.NT_0000_P_00001'>"": [], ""<class 'abc.NT_0008_P_00001'>"": [], ""<class 'abc.NT_0007'>"": [0, 30442], ""<class 'abc.NT_0007_P_00000'>"": [], ""<class 'abc.NT_0002'>"": [0, 2009, 1, 0, 0, 0, 0, 43348, 0, 0, 1, 0, 21331, 0, 1, 1, 72856, 35135, 68688, 91088, 41794, 37834, 46209, 27140, 32412, 16605, 87250, 48617, 70996, 66420, 39098, 3194, 19778, 34998, 60968, 57395, 58847, 67190, 7904, 98402, 2086, 34529, 53358], ""<class 'abc.NT_0002_P_00000'>"": [], ""<class 'abc.NT_0002_P_00001'>"": [], ""<class 'abc.NT_0003'>"": [2, 1, 42987], ""<class 'abc.NT_0003_P_00000'>"": [], ""<class 'abc.NT_0003_P_00001'>"": [], ""<class 'abc.NT_0003_P_00002'>"": [], ""<class 'abc.NT_0006'>"": [1, 73921], ""<class 'abc.NT_0006_P_00000'>"": [], ""<class 'abc.NT_0004'>"": [], ""<class 'abc.NT_0004_P_00000'>"": [], ""<class 'abc.NT_0004_P_00001'>"": [], ""<class 'abc.NT_0006_P_00001'>"": [], ""<class 'abc.NT_0006_P_00002'>"": [], ""<class 'abc.NT_0006_P_00003'>"": [], '$leftovers': [98075, 13912, 31132, 79333, 67005, 60614, 89167, 61612, 72827, 95393, 7774, 4838, 80622, 19286, 388, 89247, 61119, 81985, 19388, 78051, 82137, 3298, 46052, 62641, 15125, 10693, 59273, 50230, 2725, 66359, 94734, 79927, 68945, 22935, 63942, 30886, 88313, 17000, 96538, 23762, 47069, 41591, 64582, 40855, 91942, 98035, 27160, 65777, 36640, 83286, 24245, 70012, 52716, 78622, 49933, 34674, 21545, 85515, 63596, 76834, 55706, 47571, 77999, 46871, 39758, 29268, 46755, 21424, 96377, 55045, 94655, 81266, 38729, 78370, 54466, 29207, 27070, 19950, 48714, 85283, 87118, 58445, 55295, 49791, 69639, 85835, 25451, 31208, 52354, 5252, 87857, 91470, 89621, 16918, 64589, 10774, 881, 56333, 90790, 65621, 27489, 54457, 34171, 74830, 31890, 50572, 65953, 35998, 64391, 95281, 20637, 33135, 31174, 47515, 11748, 5326, 17817, 70004, 97142, 48764, 9977, 74644, 82108, 68086, 583, 51473, 93489, 84890, 38149, 98649, 10844, 80482, 25381, 17020, 9347, 89949, 15014, 18882, 36628, 14633, 41856, 82037, 99404, 37653, 18649, 44344, 64413, 14642, 24495, 81627, 82442, 88737, 53766, 43356, 68048, 76857, 54180, 98414, 47699, 12953, 61699, 97194, 89429, 67184, 44588, 70450, 98116, 25260, 44483, 23173, 79095, 13425, 67243, 34275, 86145, 28169, 48308, 39880, 30534, 80777, 30118, 35147, 6330, 33047, 66138, 35106, 74980, 25433, 54994, 95227, 7978, 36144, 69832, 996, 86590, 74938, 93563, 39370, 8023, 18122, 28829, 32872, 79242, 70820, 98755, 81059, 10691, 50385, 39617, 19016, 1863, 56359, 38460, 67174, 91592, 22430, 17368, 97443, 878, 46355, 50098, 93139, 69976, 9080, 81250, 67133, 12450, 29860, 10515, 7229, 18784, 90514, 19054, 18495, 10502, 77269, 89119, 14108, 10620, 96989, 72023, 8856, 91521, 11678, 69216, 38189, 64461, 31020, 98319, 37543, 24755, 16609, 33556, 16612, 12763, 41905, 30677, 47421, 67343, 11855, 70264, 48856, 54312, 58986, 49212, 17225, 81724, 83758, 88507, 75316, 75104, 72850, 30442, 32626, 63929, 13975, 10352, 31178, 95848, 61832, 76994, 71041, 97101, 79981, 68823, 25960, 84031, 86511, 64668, 11598, 13801, 38277, 72117, 97914, 67271, 62497, 95121, 56480, 77291, 12295, 85165, 83568, 78821, 29000, 46548, 68710, 33837, 53867, 16757, 19744, 56490, 58506, 2704, 56409, 35185, 55884, 10413, 1967, 92366, 12720, 38904, 56674, 73494, 36995, 74568, 39592, 41098, 65909, 93224, 67867, 24312, 36412, 73676, 29939, 55884, 87263, 93716, 56026, 57244, 4070, 89635, 77378, 60358, 11337, 68615, 81852, 96708, 54183, 88797, 31269, 9360, 89105, 2535, 59726, 25955, 65244, 16768, 73543, 81718, 40902, 76314, 33436, 41909, 98773, 81808, 9719, 25421, 45418, 71987, 121, 11550, 65239, 40789, 44202, 36071, 57653, 43394, 36056, 23297, 64426, 23556, 86309, 21306, 27012, 42386, 48280, 10080, 4348, 88310, 90412, 82119, 9205, 49098, 2184, 83526, 11375, 6109, 97541, 35582, 21977, 35191, 38535, 67747, 59557, 46567, 34959, 10684, 671, 59720, 59887, 485, 14784, 36885, 67806, 20555, 39637, 90346, 34425, 6540, 18412, 78378, 59756, 27100, 45096, 77175, 81646, 59732, 18160, 89927, 40822, 95827, 99884, 32712, 63299, 13826, 85714, 22375, 34642, 93135, 95040, 87627, 56593, 10162, 1335, 24907, 11275, 57849, 31243, 19861, 99079, 15398, 23046, 39786, 73058, 18352, 90596, 73190, 18755, 43859, 95236, 53629, 45109, 83722, 79356, 47076, 62644, 97757, 13471, 27552, 93516, 12967, 49252, 1085, 54423, 9689, 79001, 15195, 48556, 32204, 40442, 35346, 62994, 33733, 67382, 49555, 60122, 40611, 12928, 92945, 10252, 45964, 84992, 1512, 78027, 75304, 45951, 56284, 25045, 39552, 38052, 75814, 1762, 99823, 76972, 67310, 62283, 41733, 23009, 32953, 78852, 84494, 34393, 32426, 77309, 29353, 87018, 31481, 22287, 73852, 13919, 95211, 57612, 5341, 78579, 87850, 58005, 44735, 76849, 63874, 54960, 17231, 90965, 88267, 87848, 83830, 59964, 7414, 27019, 63988, 28220, 60908, 57884, 71203, 30461, 65079, 25031, 40185, 78750, 46981, 80489, 92478, 38242, 60982, 98026, 5482, 58357, 82420, 69221, 47933, 41308, 46911, 93985, 74362, 98320, 32836, 21005, 85503, 60638, 52090, 16457, 81259, 97344, 71185, 51199, 32546, 37015, 82413, 74204, 2583, 41056, 12104, 19831, 19455, 13661, 3368, 6293, 24839, 2737, 57994, 65067, 22974, 80126, 70564, 55870, 22295, 54990, 188, 22708, 82010, 33866, 54839, 92881, 86023, 42822, 28002, 53771, 21295, 93768, 82639, 54827, 32269, 61670, 94699, 12629, 99213, 70585, 63371, 70163, 39410, 11420, 59374, 65058, 39544, 70840, 4105, 8975, 51408, 35270, 36395, 14905, 19463, 31253, 56593, 76004, 97054, 47585, 82196, 20301, 80867, 95726, 59810, 73784, 82432, 40019, 90101, 57866, 51891, 23969, 3726, 11832, 96918, 24802, 32825, 8453, 87570, 5910, 30479, 41802, 69112, 31765, 44030, 27039, 69845, 96240, 79148, 96989, 60634, 4975, 87175, 18069, 87499, 64971, 19045, 91141, 68569, 25404, 90932, 46267, 80532, 11728, 30381, 95769, 35013, 37457, 20905, 4517, 64695, 13129, 12749, 1818, 91327, 22606, 19672, 15427, 62325, 50224, 99886, 66678, 42678, 80750, 65241, 41447, 46222, 13943, 83906, 70729, 74336, 1726, 19116, 73335, 1723, 30675, 46925, 77182, 90826, 98994, 22759, 21028, 49319, 1714, 87944, 81788, 90533, 20925, 5438, 83502, 28657, 14540, 23899, 96217, 11472, 35876, 19131, 39399, 97335, 3323, 90272, 44040, 28073, 51304, 70624, 96620, 99178, 94411, 72001, 44800, 67313, 1790, 71579, 14737, 35858, 63905, 73477, 76009, 77549, 61502, 30404, 8360, 93569, 30438, 84984, 31813, 68448, 84388, 37695, 64509, 98530, 43872, 62143, 4409, 83775, 80273, 10350, 79665, 85682, 80513, 76395, 85135, 50, 99899, 64234, 25173, 9758, 89555, 73388, 69865, 87015, 65369, 28325, 55774, 56559, 91589, 18612, 75085, 48985, 12260, 55581, 52643, 30771, 53084, 74710, 37760, 93030, 63446, 4708, 3610, 20987, 34387, 7254, 40775, 63375, 36086, 68944, 85154, 97339, 582, 63463, 72341, 59954, 14020, 18086, 85698, 60806, 53178, 44623, 7009, 78538, 59250, 52896, 36953, 81979, 11585, 78783, 59912, 80451, 7908, 86148, 57967, 38859, 32429, 50491, 49646, 51605, 17936, 9071, 76700, 97994, 80026, 95215, 37158, 66905, 74561, 9845, 48648, 56873, 90265, 4935, 53997, 55323, 81384, 61656, 17380, 86036, 83384, 38040, 32058, 35626, 5574, 89012, 74225, 14736, 3774, 30442, 1927, 31150, 4053, 97867, 94199, 77143, 35135, 68688, 91088, 41794, 37834, 55373, 23899, 23589, 27140, 19312, 29137, 48645, 45195, 9285, 51686, 77237, 32412, 71166, 74992, 16605, 54805, 87250, 57981, 8304, 86470, 42219, 37094, 83712, 48617, 71511, 70996, 5774, 34672, 89123, 38732, 32888, 85024, 66420, 24542, 39098, 4196, 32319, 30825, 19263, 35160, 97555, 78084, 3194, 62916, 10273, 37083, 54678, 34983, 24651, 19257, 19778, 40516, 89108, 35376, 88159, 34998, 51537, 67219, 39507, 56501, 74134, 23427, 90725, 60968, 89598, 17756, 12022, 79034, 57395, 78328, 83923, 5036, 82093, 58847, 34848, 7116, 77228, 35847, 67190, 89480, 57388, 24410, 47344, 67755, 65286, 70702, 9600, 68405, 97096, 88913, 31775, 64853, 7904, 41722, 97019, 43009, 49804, 98402, 34919, 2086, 72111, 69335, 61222, 4373, 34529, 84114, 81394, 76868, 72461, 53358, 27691, 28296, 13480, 56011, 43552, 30699]})"
601.0,7,74,58,37.30416774749756,10387,"Genotype(dna={""<class 'abc.NT_0008'>"": [0, 56999], ""<class 'abc.NT_0008_P_00000'>"": [], ""<class 'abc.NT_0001'>"": [], ""<class 'abc.NT_0001_P_00000'>"": [], ""<class 'int'>"": [97653, 20406, 47695, 45437, 36791, 12753, 45651, 80211, 20876, 43747, 86904, 59270, 65598, 19312, 57981, 41571, 50140, 23587, 78328, 34848, 6322, 72111, 84114, 27691, 68898], ""<class 'bool'>"": [90671, 9706, 68793, 69465, 50630, 94229, 53268, 83378, 51198, 52517, 80864, 56983, 84611, 9863, 26653, 46759, 75883, 17618, 64460, 24766, 24616, 24139, 88100, 59674, 68925, 58603, 88542, 86971, 2074, 19771, 36300, 72448, 62475, 57494, 82844, 35160, 69828, 34983, 49026, 89108, 57812, 24784, 39507, 20060, 23427, 17756, 12022, 93336, 47344, 70702, 45692, 88913, 77481, 97019, 34645, 13480, 56011, 23961, 61622, 64153, 24398, 97162, 70647, 61083, 68916, 26200, 90421, 30572, 68510, 26764, 28736, 68692, 44411, 95498, 8365, 25426, 53841, 4898, 99229, 20080, 88444], ""<class 'abc.NT_0000'>"": [0, 0, 23967, 0, 0, 0, 0, 1, 0, 0, 0, 1, 0, 0, 1, 0, 74871, 0, 1, 1, 0, 1, 0, 1, 0, 46858, 39822, 0, 0, 0, 0, 0, 0, 0, 9925, 0, 0, 0, 0, 1, 8521, 0, 0, 0, 77798, 0, 17297, 73131, 46429, 0, 1, 0, 0, 0, 61708, 29137, 48645, 45195, 9285, 51686, 77237, 71166, 74992, 79081, 8304, 86470, 42219, 37094, 83712, 71511, 34672, 89123, 38732, 32888, 85024, 24542, 32319, 30825, 19263, 78084, 10273, 37083, 54678, 19257, 40516, 88159, 51537, 56501, 90725, 89598, 79034, 83923, 5036, 82093, 1824, 77228, 35847, 57388, 67755, 65286, 68405, 97096, 73987, 41722, 49804, 34919, 69335, 61222, 4373, 81394, 93672, 72461, 28296, 43552, 30699], ""<class 'abc.NT_0000_P_00000'>"": [], ""<class 'abc.NT_0000_P_00001'>"": [], ""<class 'abc.NT_0008_P_00001'>"": [], ""<class 'abc.NT_0007'>"": [0, 30442], ""<class 'abc.NT_0007_P_00000'>"": [], ""<class 'abc.NT_0002'>"": [0, 2009, 1, 0, 0, 0, 0, 43348, 0, 0, 1, 0, 59947, 0, 1, 51023, 72856, 35135, 68688, 91088, 41794, 37834, 46209, 27140, 32412, 16605, 87250, 48617, 70996, 66420, 39098, 3194, 19778, 34998, 60968, 57395, 58847, 67190, 7904, 98402, 2086, 34529, 53358], ""<class 'abc.NT_0002_P_00000'>"": [], ""<class 'abc.NT_0002_P_00001'>"": [], ""<class 'abc.NT_0003'>"": [2, 1, 42987], ""<class 'abc.NT_0003_P_00000'>"": [], ""<class 'abc.NT_0003_P_00001'>"": [], ""<class 'abc.NT_0003_P_00002'>"": [], ""<class 'abc.NT_0006'>"": [1, 61721], ""<class 'abc.NT_0006_P_00000'>"": [], ""<class 'abc.NT_0004'>"": [], ""<class 'abc.NT_0004_P_00000'>"": [], ""<class 'abc.NT_0004_P_00001'>"": [], ""<class 'abc.NT_0006_P_00001'>"": [], ""<class 'abc.NT_0006_P_00002'>"": [], ""<class 'abc.NT_0006_P_00003'>"": [], '$leftovers': [98075, 13912, 31132, 79333, 67005, 60614, 89167, 61612, 72827, 95393, 7774, 4838, 80622, 19286, 388, 89247, 61119, 81985, 19388, 78051, 82137, 3298, 46052, 62641, 15125, 10693, 59273, 50230, 2725, 66359, 94734, 79927, 68945, 22935, 63942, 30886, 88313, 17000, 96538, 23762, 47069, 41591, 64582, 40855, 91942, 98035, 27160, 65777, 36640, 83286, 24245, 70012, 52716, 78622, 49933, 34674, 21545, 85515, 63596, 76834, 55706, 47571, 77999, 46871, 39758, 29268, 46755, 21424, 96377, 55045, 94655, 81266, 38729, 78370, 54466, 29207, 27070, 19950, 48714, 85283, 87118, 58445, 55295, 49791, 69639, 85835, 25451, 31208, 52354, 5252, 87857, 91470, 89621, 16918, 64589, 10774, 881, 56333, 90790, 65621, 27489, 54457, 34171, 74830, 31890, 50572, 65953, 35998, 64391, 95281, 20637, 33135, 31174, 47515, 11748, 5326, 17817, 70004, 97142, 48764, 9977, 74644, 82108, 68086, 583, 51473, 93489, 84890, 38149, 98649, 10844, 80482, 25381, 17020, 9347, 89949, 15014, 18882, 36628, 14633, 41856, 82037, 99404, 37653, 18649, 44344, 64413, 14642, 24495, 81627, 82442, 88737, 53766, 43356, 68048, 76857, 54180, 98414, 47699, 12953, 61699, 97194, 89429, 67184, 44588, 70450, 98116, 25260, 44483, 23173, 79095, 13425, 67243, 34275, 86145, 28169, 48308, 39880, 30534, 80777, 30118, 35147, 6330, 33047, 66138, 35106, 74980, 25433, 54994, 95227, 7978, 36144, 69832, 996, 86590, 74938, 93563, 39370, 8023, 18122, 28829, 32872, 79242, 70820, 98755, 81059, 10691, 50385, 39617, 19016, 1863, 56359, 38460, 67174, 91592, 22430, 17368, 97443, 878, 46355, 50098, 93139, 69976, 9080, 81250, 67133, 12450, 29860, 10515, 7229, 18784, 90514, 19054, 18495, 10502, 77269, 89119, 14108, 10620, 96989, 72023, 8856, 91521, 11678, 69216, 38189, 64461, 31020, 98319, 37543, 24755, 16609, 33556, 16612, 12763, 41905, 30677, 47421, 67343, 11855, 70264, 48856, 54312, 58986, 49212, 17225, 81724, 83758, 88507, 75316, 75104, 72850, 30442, 32626, 63929, 13975, 10352, 31178, 95848, 61832, 76994, 71041, 97101, 79981, 68823, 25960, 84031, 86511, 64668, 11598, 13801, 38277, 72117, 97914, 67271, 62497, 95121, 56480, 77291, 12295, 85165, 83568, 78821, 29000, 46548, 68710, 33837, 53867, 16757, 19744, 56490, 58506, 2704, 56409, 35185, 55884, 10413, 1967, 92366, 12720, 38904, 56674, 73494, 36995, 74568, 39592, 41098, 65909, 93224, 67867, 24312, 36412, 73676, 29939, 55884, 87263, 93716, 56026, 57244, 4070, 89635, 77378, 60358, 11337, 68615, 81852, 96708, 54183, 88797, 31269, 9360, 89105, 2535, 59726, 25955, 65244, 16768, 73543, 81718, 40902, 76314, 33436, 41909, 98773, 81808, 9719, 25421, 45418, 71987, 121, 11550, 65239, 40789, 44202, 36071, 57653, 43394, 36056, 23297, 64426, 23556, 86309, 21306, 27012, 42386, 48280, 10080, 4348, 88310, 90412, 82119, 9205, 49098, 2184, 83526, 11375, 6109, 97541, 35582, 21977, 35191, 38535, 67747, 59557, 46567, 34959, 10684, 671, 59720, 59887, 485, 14784, 36885, 67806, 20555, 39637, 90346, 34425, 6540, 18412, 78378, 59756, 27100, 45096, 77175, 81646, 59732, 18160, 89927, 40822, 95827, 99884, 32712, 63299, 13826, 85714, 22375, 34642, 93135, 95040, 87627, 56593, 10162, 1335, 24907, 11275, 57849, 31243, 19861, 99079, 15398, 23046, 39786, 73058, 18352, 90596, 73190, 18755, 43859, 95236, 53629, 45109, 83722, 79356, 47076, 62644, 97757, 13471, 27552, 93516, 12967, 49252, 1085, 54423, 9689, 79001, 15195, 48556, 32204, 40442, 35346, 62994, 33733, 67382, 49555, 60122, 40611, 12928, 92945, 10252, 45964, 84992, 1512, 78027, 75304, 45951, 56284, 25045, 39552, 38052, 75814, 1762, 99823, 76972, 67310, 62283, 41733, 23009, 32953, 78852, 84494, 34393, 32426, 77309, 29353, 87018, 31481, 22287, 73852, 13919, 95211, 57612, 5341, 78579, 87850, 58005, 44735, 76849, 63874, 54960, 17231, 90965, 88267, 87848, 83830, 59964, 7414, 27019, 63988, 28220, 60908, 57884, 71203, 30461, 65079, 25031, 40185, 78750, 46981, 80489, 92478, 38242, 60982, 98026, 5482, 58357, 82420, 69221, 47933, 41308, 46911, 93985, 74362, 98320, 32836, 21005, 85503, 60638, 52090, 16457, 81259, 97344, 71185, 51199, 32546, 37015, 82413, 74204, 2583, 41056, 12104, 19831, 19455, 13661, 3368, 6293, 24839, 2737, 57994, 65067, 22974, 80126, 70564, 55870, 22295, 54990, 188, 22708, 82010, 33866, 54839, 92881, 86023, 42822, 28002, 53771, 21295, 93768, 82639, 54827, 32269, 61670, 94699, 12629, 99213, 70585, 63371, 70163, 39410, 11420, 59374, 65058, 39544, 70840, 4105, 8975, 51408, 35270, 36395, 14905, 19463, 31253, 56593, 76004, 97054, 47585, 82196, 20301, 80867, 95726, 59810, 73784, 82432, 40019, 90101, 57866, 51891, 23969, 3726, 11832, 96918, 24802, 32825, 8453, 87570, 5910, 30479, 41802, 69112, 31765, 44030, 27039, 69845, 96240, 79148, 96989, 60634, 4975, 87175, 18069, 87499, 64971, 19045, 91141, 68569, 25404, 90932, 46267, 80532, 11728, 30381, 95769, 35013, 37457, 20905, 4517, 64695, 13129, 12749, 1818, 91327, 22606, 19672, 15427, 62325, 50224, 99886, 66678, 42678, 80750, 65241, 41447, 46222, 13943, 83906, 70729, 74336, 1726, 19116, 73335, 1723, 30675, 46925, 77182, 90826, 98994, 22759, 21028, 49319, 1714, 87944, 81788, 90533, 20925, 5438, 83502, 28657, 14540, 23899, 96217, 11472, 35876, 19131, 39399, 97335, 3323, 90272, 44040, 28073, 51304, 70624, 96620, 99178, 94411, 72001, 44800, 67313, 1790, 71579, 14737, 35858, 63905, 73477, 76009, 77549, 61502, 30404, 8360, 93569, 30438, 84984, 31813, 68448, 84388, 37695, 64509, 98530, 43872, 62143, 4409, 83775, 80273, 10350, 79665, 85682, 80513, 76395, 85135, 50, 99899, 64234, 25173, 9758, 89555, 73388, 69865, 87015, 65369, 28325, 55774, 56559, 91589, 18612, 75085, 48985, 12260, 55581, 52643, 30771, 53084, 74710, 37760, 93030, 63446, 4708, 3610, 20987, 34387, 7254, 40775, 63375, 36086, 68944, 85154, 97339, 582, 63463, 72341, 59954, 14020, 18086, 85698, 60806, 53178, 44623, 7009, 78538, 59250, 52896, 36953, 81979, 11585, 78783, 59912, 80451, 7908, 86148, 57967, 38859, 32429, 50491, 49646, 51605, 17936, 9071, 76700, 97994, 80026, 95215, 37158, 66905, 74561, 9845, 48648, 56873, 90265, 4935, 53997, 55323, 81384, 61656, 17380, 86036, 83384, 38040, 32058, 35626, 5574, 89012, 74225, 14736, 3774, 30442, 1927, 31150, 4053, 97867, 94199, 77143, 35135, 68688, 91088, 41794, 37834, 55373, 23899, 23589, 27140, 19312, 29137, 48645, 45195, 9285, 51686, 77237, 32412, 71166, 74992, 16605, 54805, 87250, 57981, 8304, 86470, 42219, 37094, 83712, 48617, 71511, 70996, 5774, 34672, 89123, 38732, 32888, 85024, 66420, 24542, 39098, 4196, 32319, 30825, 19263, 35160, 97555, 78084, 3194, 62916, 10273, 37083, 54678, 34983, 24651, 19257, 19778, 40516, 89108, 35376, 88159, 34998, 51537, 67219, 39507, 56501, 74134, 23427, 90725, 60968, 89598, 17756, 12022, 79034, 57395, 78328, 83923, 5036, 82093, 58847, 34848, 7116, 77228, 35847, 67190, 89480, 57388, 24410, 47344, 67755, 65286, 70702, 9600, 68405, 97096, 88913, 31775, 64853, 7904, 41722, 97019, 43009, 49804, 98402, 34919, 2086, 72111, 69335, 61222, 4373, 34529, 84114, 81394, 76868, 72461, 53358, 27691, 28296, 13480, 56011, 43552, 30699]})"
601.0,7,74,59,37.67162799835205,10387,"Genotype(dna={""<class 'abc.NT_0008'>"": [0, 56999], ""<class 'abc.NT_0008_P_00000'>"": [], ""<class 'abc.NT_0001'>"": [], ""<class 'abc.NT_0001_P_00000'>"": [], ""<class 'int'>"": [97653, 20406, 47695, 45437, 36791, 12753, 45651, 80211, 20876, 43747, 86904, 59270, 65598, 19312, 57981, 41571, 50140, 23587, 78328, 34848, 6322, 72111, 84114, 27691, 68898], ""<class 'bool'>"": [90671, 9706, 68793, 69465, 50630, 94229, 53268, 83378, 51198, 52517, 80864, 56983, 84611, 9863, 26653, 46759, 75883, 17618, 64460, 24766, 24616, 24139, 88100, 59674, 68925, 58603, 88542, 86971, 2074, 19771, 36300, 72448, 62475, 57494, 82844, 35160, 69828, 34983, 49026, 89108, 57812, 24784, 39507, 20060, 23427, 17756, 12022, 93336, 47344, 70702, 45692, 88913, 77481, 97019, 34645, 13480, 56011, 23961, 61622, 64153, 24398, 97162, 70647, 61083, 68916, 26200, 90421, 30572, 68510, 26764, 28736, 68692, 44411, 95498, 8365, 25426, 53841, 4898, 99229, 20080, 88444], ""<class 'abc.NT_0000'>"": [0, 0, 23967, 0, 0, 0, 0, 1, 0, 0, 0, 1, 0, 0, 1, 0, 74871, 0, 1, 1, 0, 1, 0, 1, 0, 46858, 39822, 0, 0, 0, 0, 0, 0, 0, 9925, 0, 0, 0, 0, 1, 8521, 0, 0, 0, 77798, 0, 17297, 73131, 46429, 0, 1, 0, 0, 0, 61708, 29137, 48645, 45195, 9285, 51686, 77237, 71166, 74992, 79081, 8304, 86470, 42219, 37094, 83712, 71511, 34672, 89123, 38732, 32888, 85024, 24542, 32319, 30825, 19263, 78084, 10273, 37083, 54678, 19257, 40516, 88159, 51537, 56501, 90725, 89598, 79034, 83923, 5036, 82093, 1824, 77228, 35847, 57388, 67755, 65286, 68405, 97096, 73987, 41722, 49804, 34919, 69335, 61222, 4373, 81394, 93672, 72461, 28296, 43552, 30699], ""<class 'abc.NT_0000_P_00000'>"": [], ""<class 'abc.NT_0000_P_00001'>"": [], ""<class 'abc.NT_0008_P_00001'>"": [], ""<class 'abc.NT_0007'>"": [0, 30442], ""<class 'abc.NT_0007_P_00000'>"": [], ""<class 'abc.NT_0002'>"": [0, 2009, 1, 0, 0, 0, 0, 43348, 0, 0, 1, 0, 59947, 0, 1, 51023, 72856, 35135, 68688, 91088, 41794, 37834, 46209, 27140, 32412, 16605, 87250, 48617, 70996, 66420, 39098, 3194, 19778, 34998, 60968, 57395, 58847, 67190, 7904, 98402, 2086, 34529, 53358], ""<class 'abc.NT_0002_P_00000'>"": [], ""<class 'abc.NT_0002_P_00001'>"": [], ""<class 'abc.NT_0003'>"": [2, 1, 42987], ""<class 'abc.NT_0003_P_00000'>"": [], ""<class 'abc.NT_0003_P_00001'>"": [], ""<class 'abc.NT_0003_P_00002'>"": [], ""<class 'abc.NT_0006'>"": [1, 61721], ""<class 'abc.NT_0006_P_00000'>"": [], ""<class 'abc.NT_0004'>"": [], ""<class 'abc.NT_0004_P_00000'>"": [], ""<class 'abc.NT_0004_P_00001'>"": [], ""<class 'abc.NT_0006_P_00001'>"": [], ""<class 'abc.NT_0006_P_00002'>"": [], ""<class 'abc.NT_0006_P_00003'>"": [], '$leftovers': [98075, 13912, 31132, 79333, 67005, 60614, 89167, 61612, 72827, 95393, 7774, 4838, 80622, 19286, 388, 89247, 61119, 81985, 19388, 78051, 82137, 3298, 46052, 62641, 15125, 10693, 59273, 50230, 2725, 66359, 94734, 79927, 68945, 22935, 63942, 30886, 88313, 17000, 96538, 23762, 47069, 41591, 64582, 40855, 91942, 98035, 27160, 65777, 36640, 83286, 24245, 70012, 52716, 78622, 49933, 34674, 21545, 85515, 63596, 76834, 55706, 47571, 77999, 46871, 39758, 29268, 46755, 21424, 96377, 55045, 94655, 81266, 38729, 78370, 54466, 29207, 27070, 19950, 48714, 85283, 87118, 58445, 55295, 49791, 69639, 85835, 25451, 31208, 52354, 5252, 87857, 91470, 89621, 16918, 64589, 10774, 881, 56333, 90790, 65621, 27489, 54457, 34171, 74830, 31890, 50572, 65953, 35998, 64391, 95281, 20637, 33135, 31174, 47515, 11748, 5326, 17817, 70004, 97142, 48764, 9977, 74644, 82108, 68086, 583, 51473, 93489, 84890, 38149, 98649, 10844, 80482, 25381, 17020, 9347, 89949, 15014, 18882, 36628, 14633, 41856, 82037, 99404, 37653, 18649, 44344, 64413, 14642, 24495, 81627, 82442, 88737, 53766, 43356, 68048, 76857, 54180, 98414, 47699, 12953, 61699, 97194, 89429, 67184, 44588, 70450, 98116, 25260, 44483, 23173, 79095, 13425, 67243, 34275, 86145, 28169, 48308, 39880, 30534, 80777, 30118, 35147, 6330, 33047, 66138, 35106, 74980, 25433, 54994, 95227, 7978, 36144, 69832, 996, 86590, 74938, 93563, 39370, 8023, 18122, 28829, 32872, 79242, 70820, 98755, 81059, 10691, 50385, 39617, 19016, 1863, 56359, 38460, 67174, 91592, 22430, 17368, 97443, 878, 46355, 50098, 93139, 69976, 9080, 81250, 67133, 12450, 29860, 10515, 7229, 18784, 90514, 19054, 18495, 10502, 77269, 89119, 14108, 10620, 96989, 72023, 8856, 91521, 11678, 69216, 38189, 64461, 31020, 98319, 37543, 24755, 16609, 33556, 16612, 12763, 41905, 30677, 47421, 67343, 11855, 70264, 48856, 54312, 58986, 49212, 17225, 81724, 83758, 88507, 75316, 75104, 72850, 30442, 32626, 63929, 13975, 10352, 31178, 95848, 61832, 76994, 71041, 97101, 79981, 68823, 25960, 84031, 86511, 64668, 11598, 13801, 38277, 72117, 97914, 67271, 62497, 95121, 56480, 77291, 12295, 85165, 83568, 78821, 29000, 46548, 68710, 33837, 53867, 16757, 19744, 56490, 58506, 2704, 56409, 35185, 55884, 10413, 1967, 92366, 12720, 38904, 56674, 73494, 36995, 74568, 39592, 41098, 65909, 93224, 67867, 24312, 36412, 73676, 29939, 55884, 87263, 93716, 56026, 57244, 4070, 89635, 77378, 60358, 11337, 68615, 81852, 96708, 54183, 88797, 31269, 9360, 89105, 2535, 59726, 25955, 65244, 16768, 73543, 81718, 40902, 76314, 33436, 41909, 98773, 81808, 9719, 25421, 45418, 71987, 121, 11550, 65239, 40789, 44202, 36071, 57653, 43394, 36056, 23297, 64426, 23556, 86309, 21306, 27012, 42386, 48280, 10080, 4348, 88310, 90412, 82119, 9205, 49098, 2184, 83526, 11375, 6109, 97541, 35582, 21977, 35191, 38535, 67747, 59557, 46567, 34959, 10684, 671, 59720, 59887, 485, 14784, 36885, 67806, 20555, 39637, 90346, 34425, 6540, 18412, 78378, 59756, 27100, 45096, 77175, 81646, 59732, 18160, 89927, 40822, 95827, 99884, 32712, 63299, 13826, 85714, 22375, 34642, 93135, 95040, 87627, 56593, 10162, 1335, 24907, 11275, 57849, 31243, 19861, 99079, 15398, 23046, 39786, 73058, 18352, 90596, 73190, 18755, 43859, 95236, 53629, 45109, 83722, 79356, 47076, 62644, 97757, 13471, 27552, 93516, 12967, 49252, 1085, 54423, 9689, 79001, 15195, 48556, 32204, 40442, 35346, 62994, 33733, 67382, 49555, 60122, 40611, 12928, 92945, 10252, 45964, 84992, 1512, 78027, 75304, 45951, 56284, 25045, 39552, 38052, 75814, 1762, 99823, 76972, 67310, 62283, 41733, 23009, 32953, 78852, 84494, 34393, 32426, 77309, 29353, 87018, 31481, 22287, 73852, 13919, 95211, 57612, 5341, 78579, 87850, 58005, 44735, 76849, 63874, 54960, 17231, 90965, 88267, 87848, 83830, 59964, 7414, 27019, 63988, 28220, 60908, 57884, 71203, 30461, 65079, 25031, 40185, 78750, 46981, 80489, 92478, 38242, 60982, 98026, 5482, 58357, 82420, 69221, 47933, 41308, 46911, 93985, 74362, 98320, 32836, 21005, 85503, 60638, 52090, 16457, 81259, 97344, 71185, 51199, 32546, 37015, 82413, 74204, 2583, 41056, 12104, 19831, 19455, 13661, 3368, 6293, 24839, 2737, 57994, 65067, 22974, 80126, 70564, 55870, 22295, 54990, 188, 22708, 82010, 33866, 54839, 92881, 86023, 42822, 28002, 53771, 21295, 93768, 82639, 54827, 32269, 61670, 94699, 12629, 99213, 70585, 63371, 70163, 39410, 11420, 59374, 65058, 39544, 70840, 4105, 8975, 51408, 35270, 36395, 14905, 19463, 31253, 56593, 76004, 97054, 47585, 82196, 20301, 80867, 95726, 59810, 73784, 82432, 40019, 90101, 57866, 51891, 23969, 3726, 11832, 96918, 24802, 32825, 8453, 87570, 5910, 30479, 41802, 69112, 31765, 44030, 27039, 69845, 96240, 79148, 96989, 60634, 4975, 87175, 18069, 87499, 64971, 19045, 91141, 68569, 25404, 90932, 46267, 80532, 11728, 30381, 95769, 35013, 37457, 20905, 4517, 64695, 13129, 12749, 1818, 91327, 22606, 19672, 15427, 62325, 50224, 99886, 66678, 42678, 80750, 65241, 41447, 46222, 13943, 83906, 70729, 74336, 1726, 19116, 73335, 1723, 30675, 46925, 77182, 90826, 98994, 22759, 21028, 49319, 1714, 87944, 81788, 90533, 20925, 5438, 83502, 28657, 14540, 23899, 96217, 11472, 35876, 19131, 39399, 97335, 3323, 90272, 44040, 28073, 51304, 70624, 96620, 99178, 94411, 72001, 44800, 67313, 1790, 71579, 14737, 35858, 63905, 73477, 76009, 77549, 61502, 30404, 8360, 93569, 30438, 84984, 31813, 68448, 84388, 37695, 64509, 98530, 43872, 62143, 4409, 83775, 80273, 10350, 79665, 85682, 80513, 76395, 85135, 50, 99899, 64234, 25173, 9758, 89555, 73388, 69865, 87015, 65369, 28325, 55774, 56559, 91589, 18612, 75085, 48985, 12260, 55581, 52643, 30771, 53084, 74710, 37760, 93030, 63446, 4708, 3610, 20987, 34387, 7254, 40775, 63375, 36086, 68944, 85154, 97339, 582, 63463, 72341, 59954, 14020, 18086, 85698, 60806, 53178, 44623, 7009, 78538, 59250, 52896, 36953, 81979, 11585, 78783, 59912, 80451, 7908, 86148, 57967, 38859, 32429, 50491, 49646, 51605, 17936, 9071, 76700, 97994, 80026, 95215, 37158, 66905, 74561, 9845, 48648, 56873, 90265, 4935, 53997, 55323, 81384, 61656, 17380, 86036, 83384, 38040, 32058, 35626, 5574, 89012, 74225, 14736, 3774, 30442, 1927, 31150, 4053, 97867, 94199, 77143, 35135, 68688, 91088, 41794, 37834, 55373, 23899, 23589, 27140, 19312, 29137, 48645, 45195, 9285, 51686, 77237, 32412, 71166, 74992, 16605, 54805, 87250, 57981, 8304, 86470, 42219, 37094, 83712, 48617, 71511, 70996, 5774, 34672, 89123, 38732, 32888, 85024, 66420, 24542, 39098, 4196, 32319, 30825, 19263, 35160, 97555, 78084, 3194, 62916, 10273, 37083, 54678, 34983, 24651, 19257, 19778, 40516, 89108, 35376, 88159, 34998, 51537, 67219, 39507, 56501, 74134, 23427, 90725, 60968, 89598, 17756, 12022, 79034, 57395, 78328, 83923, 5036, 82093, 58847, 34848, 7116, 77228, 35847, 67190, 89480, 57388, 24410, 47344, 67755, 65286, 70702, 9600, 68405, 97096, 88913, 31775, 64853, 7904, 41722, 97019, 43009, 49804, 98402, 34919, 2086, 72111, 69335, 61222, 4373, 34529, 84114, 81394, 76868, 72461, 53358, 27691, 28296, 13480, 56011, 43552, 30699]})"
601.0,7,74,60,38.06685662269592,10387,"Genotype(dna={""<class 'abc.NT_0008'>"": [0, 56999], ""<class 'abc.NT_0008_P_00000'>"": [], ""<class 'abc.NT_0001'>"": [], ""<class 'abc.NT_0001_P_00000'>"": [], ""<class 'int'>"": [97653, 20406, 47695, 45437, 36791, 12753, 45651, 80211, 20876, 43747, 86904, 59270, 65598, 19312, 57981, 41571, 50140, 23587, 78328, 34848, 6322, 72111, 84114, 27691, 68898], ""<class 'bool'>"": [90671, 9706, 68793, 69465, 50630, 94229, 53268, 83378, 51198, 52517, 80864, 56983, 84611, 9863, 26653, 46759, 75883, 17618, 64460, 24766, 24616, 24139, 88100, 59674, 68925, 58603, 88542, 86971, 2074, 19771, 36300, 72448, 62475, 57494, 82844, 35160, 69828, 34983, 49026, 89108, 57812, 24784, 39507, 20060, 23427, 17756, 12022, 93336, 47344, 70702, 45692, 88913, 77481, 97019, 34645, 13480, 56011, 23961, 61622, 64153, 24398, 97162, 70647, 61083, 68916, 26200, 90421, 30572, 68510, 26764, 28736, 68692, 44411, 95498, 8365, 25426, 53841, 4898, 99229, 20080, 88444], ""<class 'abc.NT_0000'>"": [0, 0, 23967, 0, 0, 0, 0, 1, 0, 0, 0, 1, 0, 0, 1, 0, 74871, 0, 1, 1, 0, 1, 0, 1, 0, 46858, 39822, 0, 0, 0, 0, 0, 0, 0, 9925, 0, 0, 0, 0, 1, 8521, 0, 0, 0, 77798, 0, 17297, 73131, 46429, 0, 1, 0, 0, 0, 61708, 29137, 48645, 45195, 9285, 51686, 77237, 71166, 74992, 79081, 8304, 86470, 42219, 37094, 83712, 71511, 34672, 89123, 38732, 32888, 85024, 24542, 32319, 30825, 19263, 78084, 10273, 37083, 54678, 19257, 40516, 88159, 51537, 56501, 90725, 89598, 79034, 83923, 5036, 82093, 1824, 77228, 35847, 57388, 67755, 65286, 68405, 97096, 73987, 41722, 49804, 34919, 69335, 61222, 4373, 81394, 93672, 72461, 28296, 43552, 30699], ""<class 'abc.NT_0000_P_00000'>"": [], ""<class 'abc.NT_0000_P_00001'>"": [], ""<class 'abc.NT_0008_P_00001'>"": [], ""<class 'abc.NT_0007'>"": [0, 30442], ""<class 'abc.NT_0007_P_00000'>"": [], ""<class 'abc.NT_0002'>"": [0, 2009, 1, 0, 0, 0, 0, 43348, 0, 0, 1, 0, 59947, 0, 1, 51023, 72856, 35135, 68688, 91088, 41794, 37834, 46209, 27140, 32412, 16605, 87250, 48617, 70996, 66420, 39098, 3194, 19778, 34998, 60968, 57395, 58847, 67190, 7904, 98402, 2086, 34529, 53358], ""<class 'abc.NT_0002_P_00000'>"": [], ""<class 'abc.NT_0002_P_00001'>"": [], ""<class 'abc.NT_0003'>"": [2, 1, 42987], ""<class 'abc.NT_0003_P_00000'>"": [], ""<class 'abc.NT_0003_P_00001'>"": [], ""<class 'abc.NT_0003_P_00002'>"": [], ""<class 'abc.NT_0006'>"": [1, 61721], ""<class 'abc.NT_0006_P_00000'>"": [], ""<class 'abc.NT_0004'>"": [], ""<class 'abc.NT_0004_P_00000'>"": [], ""<class 'abc.NT_0004_P_00001'>"": [], ""<class 'abc.NT_0006_P_00001'>"": [], ""<class 'abc.NT_0006_P_00002'>"": [], ""<class 'abc.NT_0006_P_00003'>"": [], '$leftovers': [98075, 13912, 31132, 79333, 67005, 60614, 89167, 61612, 72827, 95393, 7774, 4838, 80622, 19286, 388, 89247, 61119, 81985, 19388, 78051, 82137, 3298, 46052, 62641, 15125, 10693, 59273, 50230, 2725, 66359, 94734, 79927, 68945, 22935, 63942, 30886, 88313, 17000, 96538, 23762, 47069, 41591, 64582, 40855, 91942, 98035, 27160, 65777, 36640, 83286, 24245, 70012, 52716, 78622, 49933, 34674, 21545, 85515, 63596, 76834, 55706, 47571, 77999, 46871, 39758, 29268, 46755, 21424, 96377, 55045, 94655, 81266, 38729, 78370, 54466, 29207, 27070, 19950, 48714, 85283, 87118, 58445, 55295, 49791, 69639, 85835, 25451, 31208, 52354, 5252, 87857, 91470, 89621, 16918, 64589, 10774, 881, 56333, 90790, 65621, 27489, 54457, 34171, 74830, 31890, 50572, 65953, 35998, 64391, 95281, 20637, 33135, 31174, 47515, 11748, 5326, 17817, 70004, 97142, 48764, 9977, 74644, 82108, 68086, 583, 51473, 93489, 84890, 38149, 98649, 10844, 80482, 25381, 17020, 9347, 89949, 15014, 18882, 36628, 14633, 41856, 82037, 99404, 37653, 18649, 44344, 64413, 14642, 24495, 81627, 82442, 88737, 53766, 43356, 68048, 76857, 54180, 98414, 47699, 12953, 61699, 97194, 89429, 67184, 44588, 70450, 98116, 25260, 44483, 23173, 79095, 13425, 67243, 34275, 86145, 28169, 48308, 39880, 30534, 80777, 30118, 35147, 6330, 33047, 66138, 35106, 74980, 25433, 54994, 95227, 7978, 36144, 69832, 996, 86590, 74938, 93563, 39370, 8023, 18122, 28829, 32872, 79242, 70820, 98755, 81059, 10691, 50385, 39617, 19016, 1863, 56359, 38460, 67174, 91592, 22430, 17368, 97443, 878, 46355, 50098, 93139, 69976, 9080, 81250, 67133, 12450, 29860, 10515, 7229, 18784, 90514, 19054, 18495, 10502, 77269, 89119, 14108, 10620, 96989, 72023, 8856, 91521, 11678, 69216, 38189, 64461, 31020, 98319, 37543, 24755, 16609, 33556, 16612, 12763, 41905, 30677, 47421, 67343, 11855, 70264, 48856, 54312, 58986, 49212, 17225, 81724, 83758, 88507, 75316, 75104, 72850, 30442, 32626, 63929, 13975, 10352, 31178, 95848, 61832, 76994, 71041, 97101, 79981, 68823, 25960, 84031, 86511, 64668, 11598, 13801, 38277, 72117, 97914, 67271, 62497, 95121, 56480, 77291, 12295, 85165, 83568, 78821, 29000, 46548, 68710, 33837, 53867, 16757, 19744, 56490, 58506, 2704, 56409, 35185, 55884, 10413, 1967, 92366, 12720, 38904, 56674, 73494, 36995, 74568, 39592, 41098, 65909, 93224, 67867, 24312, 36412, 73676, 29939, 55884, 87263, 93716, 56026, 57244, 4070, 89635, 77378, 60358, 11337, 68615, 81852, 96708, 54183, 88797, 31269, 9360, 89105, 2535, 59726, 25955, 65244, 16768, 73543, 81718, 40902, 76314, 33436, 41909, 98773, 81808, 9719, 25421, 45418, 71987, 121, 11550, 65239, 40789, 44202, 36071, 57653, 43394, 36056, 23297, 64426, 23556, 86309, 21306, 27012, 42386, 48280, 10080, 4348, 88310, 90412, 82119, 9205, 49098, 2184, 83526, 11375, 6109, 97541, 35582, 21977, 35191, 38535, 67747, 59557, 46567, 34959, 10684, 671, 59720, 59887, 485, 14784, 36885, 67806, 20555, 39637, 90346, 34425, 6540, 18412, 78378, 59756, 27100, 45096, 77175, 81646, 59732, 18160, 89927, 40822, 95827, 99884, 32712, 63299, 13826, 85714, 22375, 34642, 93135, 95040, 87627, 56593, 10162, 1335, 24907, 11275, 57849, 31243, 19861, 99079, 15398, 23046, 39786, 73058, 18352, 90596, 73190, 18755, 43859, 95236, 53629, 45109, 83722, 79356, 47076, 62644, 97757, 13471, 27552, 93516, 12967, 49252, 1085, 54423, 9689, 79001, 15195, 48556, 32204, 40442, 35346, 62994, 33733, 67382, 49555, 60122, 40611, 12928, 92945, 10252, 45964, 84992, 1512, 78027, 75304, 45951, 56284, 25045, 39552, 38052, 75814, 1762, 99823, 76972, 67310, 62283, 41733, 23009, 32953, 78852, 84494, 34393, 32426, 77309, 29353, 87018, 31481, 22287, 73852, 13919, 95211, 57612, 5341, 78579, 87850, 58005, 44735, 76849, 63874, 54960, 17231, 90965, 88267, 87848, 83830, 59964, 7414, 27019, 63988, 28220, 60908, 57884, 71203, 30461, 65079, 25031, 40185, 78750, 46981, 80489, 92478, 38242, 60982, 98026, 5482, 58357, 82420, 69221, 47933, 41308, 46911, 93985, 74362, 98320, 32836, 21005, 85503, 60638, 52090, 16457, 81259, 97344, 71185, 51199, 32546, 37015, 82413, 74204, 2583, 41056, 12104, 19831, 19455, 13661, 3368, 6293, 24839, 2737, 57994, 65067, 22974, 80126, 70564, 55870, 22295, 54990, 188, 22708, 82010, 33866, 54839, 92881, 86023, 42822, 28002, 53771, 21295, 93768, 82639, 54827, 32269, 61670, 94699, 12629, 99213, 70585, 63371, 70163, 39410, 11420, 59374, 65058, 39544, 70840, 4105, 8975, 51408, 35270, 36395, 14905, 19463, 31253, 56593, 76004, 97054, 47585, 82196, 20301, 80867, 95726, 59810, 73784, 82432, 40019, 90101, 57866, 51891, 23969, 3726, 11832, 96918, 24802, 32825, 8453, 87570, 5910, 30479, 41802, 69112, 31765, 44030, 27039, 69845, 96240, 79148, 96989, 60634, 4975, 87175, 18069, 87499, 64971, 19045, 91141, 68569, 25404, 90932, 46267, 80532, 11728, 30381, 95769, 35013, 37457, 20905, 4517, 64695, 13129, 12749, 1818, 91327, 22606, 19672, 15427, 62325, 50224, 99886, 66678, 42678, 80750, 65241, 41447, 46222, 13943, 83906, 70729, 74336, 1726, 19116, 73335, 1723, 30675, 46925, 77182, 90826, 98994, 22759, 21028, 49319, 1714, 87944, 81788, 90533, 20925, 5438, 83502, 28657, 14540, 23899, 96217, 11472, 35876, 19131, 39399, 97335, 3323, 90272, 44040, 28073, 51304, 70624, 96620, 99178, 94411, 72001, 44800, 67313, 1790, 71579, 14737, 35858, 63905, 73477, 76009, 77549, 61502, 30404, 8360, 93569, 30438, 84984, 31813, 68448, 84388, 37695, 64509, 98530, 43872, 62143, 4409, 83775, 80273, 10350, 79665, 85682, 80513, 76395, 85135, 50, 99899, 64234, 25173, 9758, 89555, 73388, 69865, 87015, 65369, 28325, 55774, 56559, 91589, 18612, 75085, 48985, 12260, 55581, 52643, 30771, 53084, 74710, 37760, 93030, 63446, 4708, 3610, 20987, 34387, 7254, 40775, 63375, 36086, 68944, 85154, 97339, 582, 63463, 72341, 59954, 14020, 18086, 85698, 60806, 53178, 44623, 7009, 78538, 59250, 52896, 36953, 81979, 11585, 78783, 59912, 80451, 7908, 86148, 57967, 38859, 32429, 50491, 49646, 51605, 17936, 9071, 76700, 97994, 80026, 95215, 37158, 66905, 74561, 9845, 48648, 56873, 90265, 4935, 53997, 55323, 81384, 61656, 17380, 86036, 83384, 38040, 32058, 35626, 5574, 89012, 74225, 14736, 3774, 30442, 1927, 31150, 4053, 97867, 94199, 77143, 35135, 68688, 91088, 41794, 37834, 55373, 23899, 23589, 27140, 19312, 29137, 48645, 45195, 9285, 51686, 77237, 32412, 71166, 74992, 16605, 54805, 87250, 57981, 8304, 86470, 42219, 37094, 83712, 48617, 71511, 70996, 5774, 34672, 89123, 38732, 32888, 85024, 66420, 24542, 39098, 4196, 32319, 30825, 19263, 35160, 97555, 78084, 3194, 62916, 10273, 37083, 54678, 34983, 24651, 19257, 19778, 40516, 89108, 35376, 88159, 34998, 51537, 67219, 39507, 56501, 74134, 23427, 90725, 60968, 89598, 17756, 12022, 79034, 57395, 78328, 83923, 5036, 82093, 58847, 34848, 7116, 77228, 35847, 67190, 89480, 57388, 24410, 47344, 67755, 65286, 70702, 9600, 68405, 97096, 88913, 31775, 64853, 7904, 41722, 97019, 43009, 49804, 98402, 34919, 2086, 72111, 69335, 61222, 4373, 34529, 84114, 81394, 76868, 72461, 53358, 27691, 28296, 13480, 56011, 43552, 30699]})"
601.0,7,74,61,38.47205066680908,10387,"Genotype(dna={""<class 'abc.NT_0008'>"": [0, 56999], ""<class 'abc.NT_0008_P_00000'>"": [], ""<class 'abc.NT_0001'>"": [], ""<class 'abc.NT_0001_P_00000'>"": [], ""<class 'int'>"": [97653, 20406, 47695, 45437, 36791, 12753, 45651, 80211, 20876, 43747, 86904, 59270, 65598, 19312, 57981, 41571, 50140, 23587, 78328, 34848, 6322, 72111, 84114, 27691, 68898], ""<class 'bool'>"": [90671, 9706, 68793, 69465, 50630, 94229, 53268, 83378, 51198, 52517, 80864, 56983, 84611, 9863, 26653, 46759, 75883, 17618, 64460, 24766, 24616, 24139, 88100, 59674, 68925, 58603, 88542, 86971, 2074, 19771, 36300, 72448, 62475, 57494, 82844, 35160, 69828, 34983, 49026, 89108, 57812, 24784, 39507, 20060, 23427, 17756, 12022, 93336, 47344, 70702, 45692, 88913, 77481, 97019, 34645, 13480, 56011, 23961, 61622, 64153, 24398, 97162, 70647, 61083, 68916, 26200, 90421, 30572, 68510, 26764, 28736, 68692, 44411, 95498, 8365, 25426, 53841, 4898, 99229, 20080, 88444], ""<class 'abc.NT_0000'>"": [0, 0, 23967, 0, 0, 0, 0, 1, 0, 0, 0, 1, 0, 0, 1, 0, 74871, 0, 1, 1, 0, 1, 0, 1, 0, 46858, 39822, 0, 0, 0, 0, 0, 0, 0, 9925, 0, 0, 0, 0, 1, 8521, 0, 0, 0, 77798, 0, 17297, 73131, 46429, 0, 1, 0, 0, 0, 61708, 29137, 48645, 45195, 9285, 51686, 77237, 71166, 74992, 79081, 8304, 86470, 42219, 37094, 83712, 71511, 34672, 89123, 38732, 32888, 85024, 24542, 32319, 30825, 19263, 78084, 10273, 37083, 54678, 19257, 40516, 88159, 51537, 56501, 90725, 89598, 79034, 83923, 5036, 82093, 1824, 77228, 35847, 57388, 67755, 65286, 68405, 97096, 73987, 41722, 49804, 34919, 69335, 61222, 4373, 81394, 93672, 72461, 28296, 43552, 30699], ""<class 'abc.NT_0000_P_00000'>"": [], ""<class 'abc.NT_0000_P_00001'>"": [], ""<class 'abc.NT_0008_P_00001'>"": [], ""<class 'abc.NT_0007'>"": [0, 30442], ""<class 'abc.NT_0007_P_00000'>"": [], ""<class 'abc.NT_0002'>"": [0, 2009, 1, 0, 0, 0, 0, 43348, 0, 0, 1, 0, 59947, 0, 1, 51023, 72856, 35135, 68688, 91088, 41794, 37834, 46209, 27140, 32412, 16605, 87250, 48617, 70996, 66420, 39098, 3194, 19778, 34998, 60968, 57395, 58847, 67190, 7904, 98402, 2086, 34529, 53358], ""<class 'abc.NT_0002_P_00000'>"": [], ""<class 'abc.NT_0002_P_00001'>"": [], ""<class 'abc.NT_0003'>"": [2, 1, 42987], ""<class 'abc.NT_0003_P_00000'>"": [], ""<class 'abc.NT_0003_P_00001'>"": [], ""<class 'abc.NT_0003_P_00002'>"": [], ""<class 'abc.NT_0006'>"": [1, 61721], ""<class 'abc.NT_0006_P_00000'>"": [], ""<class 'abc.NT_0004'>"": [], ""<class 'abc.NT_0004_P_00000'>"": [], ""<class 'abc.NT_0004_P_00001'>"": [], ""<class 'abc.NT_0006_P_00001'>"": [], ""<class 'abc.NT_0006_P_00002'>"": [], ""<class 'abc.NT_0006_P_00003'>"": [], '$leftovers': [98075, 13912, 31132, 79333, 67005, 60614, 89167, 61612, 72827, 95393, 7774, 4838, 80622, 19286, 388, 89247, 61119, 81985, 19388, 78051, 82137, 3298, 46052, 62641, 15125, 10693, 59273, 50230, 2725, 66359, 94734, 79927, 68945, 22935, 63942, 30886, 88313, 17000, 96538, 23762, 47069, 41591, 64582, 40855, 91942, 98035, 27160, 65777, 36640, 83286, 24245, 70012, 52716, 78622, 49933, 34674, 21545, 85515, 63596, 76834, 55706, 47571, 77999, 46871, 39758, 29268, 46755, 21424, 96377, 55045, 94655, 81266, 38729, 78370, 54466, 29207, 27070, 19950, 48714, 85283, 87118, 58445, 55295, 49791, 69639, 85835, 25451, 31208, 52354, 5252, 87857, 91470, 89621, 16918, 64589, 10774, 881, 56333, 90790, 65621, 27489, 54457, 34171, 74830, 31890, 50572, 65953, 35998, 64391, 95281, 20637, 33135, 31174, 47515, 11748, 5326, 17817, 70004, 97142, 48764, 9977, 74644, 82108, 68086, 583, 51473, 93489, 84890, 38149, 98649, 10844, 80482, 25381, 17020, 9347, 89949, 15014, 18882, 36628, 14633, 41856, 82037, 99404, 37653, 18649, 44344, 64413, 14642, 24495, 81627, 82442, 88737, 53766, 43356, 68048, 76857, 54180, 98414, 47699, 12953, 61699, 97194, 89429, 67184, 44588, 70450, 98116, 25260, 44483, 23173, 79095, 13425, 67243, 34275, 86145, 28169, 48308, 39880, 30534, 80777, 30118, 35147, 6330, 33047, 66138, 35106, 74980, 25433, 54994, 95227, 7978, 36144, 69832, 996, 86590, 74938, 93563, 39370, 8023, 18122, 28829, 32872, 79242, 70820, 98755, 81059, 10691, 50385, 39617, 19016, 1863, 56359, 38460, 67174, 91592, 22430, 17368, 97443, 878, 46355, 50098, 93139, 69976, 9080, 81250, 67133, 12450, 29860, 10515, 7229, 18784, 90514, 19054, 18495, 10502, 77269, 89119, 14108, 10620, 96989, 72023, 8856, 91521, 11678, 69216, 38189, 64461, 31020, 98319, 37543, 24755, 16609, 33556, 16612, 12763, 41905, 30677, 47421, 67343, 11855, 70264, 48856, 54312, 58986, 49212, 17225, 81724, 83758, 88507, 75316, 75104, 72850, 30442, 32626, 63929, 13975, 10352, 31178, 95848, 61832, 76994, 71041, 97101, 79981, 68823, 25960, 84031, 86511, 64668, 11598, 13801, 38277, 72117, 97914, 67271, 62497, 95121, 56480, 77291, 12295, 85165, 83568, 78821, 29000, 46548, 68710, 33837, 53867, 16757, 19744, 56490, 58506, 2704, 56409, 35185, 55884, 10413, 1967, 92366, 12720, 38904, 56674, 73494, 36995, 74568, 39592, 41098, 65909, 93224, 67867, 24312, 36412, 73676, 29939, 55884, 87263, 93716, 56026, 57244, 4070, 89635, 77378, 60358, 11337, 68615, 81852, 96708, 54183, 88797, 31269, 9360, 89105, 2535, 59726, 25955, 65244, 16768, 73543, 81718, 40902, 76314, 33436, 41909, 98773, 81808, 9719, 25421, 45418, 71987, 121, 11550, 65239, 40789, 44202, 36071, 57653, 43394, 36056, 23297, 64426, 23556, 86309, 21306, 27012, 42386, 48280, 10080, 4348, 88310, 90412, 82119, 9205, 49098, 2184, 83526, 11375, 6109, 97541, 35582, 21977, 35191, 38535, 67747, 59557, 46567, 34959, 10684, 671, 59720, 59887, 485, 14784, 36885, 67806, 20555, 39637, 90346, 34425, 6540, 18412, 78378, 59756, 27100, 45096, 77175, 81646, 59732, 18160, 89927, 40822, 95827, 99884, 32712, 63299, 13826, 85714, 22375, 34642, 93135, 95040, 87627, 56593, 10162, 1335, 24907, 11275, 57849, 31243, 19861, 99079, 15398, 23046, 39786, 73058, 18352, 90596, 73190, 18755, 43859, 95236, 53629, 45109, 83722, 79356, 47076, 62644, 97757, 13471, 27552, 93516, 12967, 49252, 1085, 54423, 9689, 79001, 15195, 48556, 32204, 40442, 35346, 62994, 33733, 67382, 49555, 60122, 40611, 12928, 92945, 10252, 45964, 84992, 1512, 78027, 75304, 45951, 56284, 25045, 39552, 38052, 75814, 1762, 99823, 76972, 67310, 62283, 41733, 23009, 32953, 78852, 84494, 34393, 32426, 77309, 29353, 87018, 31481, 22287, 73852, 13919, 95211, 57612, 5341, 78579, 87850, 58005, 44735, 76849, 63874, 54960, 17231, 90965, 88267, 87848, 83830, 59964, 7414, 27019, 63988, 28220, 60908, 57884, 71203, 30461, 65079, 25031, 40185, 78750, 46981, 80489, 92478, 38242, 60982, 98026, 5482, 58357, 82420, 69221, 47933, 41308, 46911, 93985, 74362, 98320, 32836, 21005, 85503, 60638, 52090, 16457, 81259, 97344, 71185, 51199, 32546, 37015, 82413, 74204, 2583, 41056, 12104, 19831, 19455, 13661, 3368, 6293, 24839, 2737, 57994, 65067, 22974, 80126, 70564, 55870, 22295, 54990, 188, 22708, 82010, 33866, 54839, 92881, 86023, 42822, 28002, 53771, 21295, 93768, 82639, 54827, 32269, 61670, 94699, 12629, 99213, 70585, 63371, 70163, 39410, 11420, 59374, 65058, 39544, 70840, 4105, 8975, 51408, 35270, 36395, 14905, 19463, 31253, 56593, 76004, 97054, 47585, 82196, 20301, 80867, 95726, 59810, 73784, 82432, 40019, 90101, 57866, 51891, 23969, 3726, 11832, 96918, 24802, 32825, 8453, 87570, 5910, 30479, 41802, 69112, 31765, 44030, 27039, 69845, 96240, 79148, 96989, 60634, 4975, 87175, 18069, 87499, 64971, 19045, 91141, 68569, 25404, 90932, 46267, 80532, 11728, 30381, 95769, 35013, 37457, 20905, 4517, 64695, 13129, 12749, 1818, 91327, 22606, 19672, 15427, 62325, 50224, 99886, 66678, 42678, 80750, 65241, 41447, 46222, 13943, 83906, 70729, 74336, 1726, 19116, 73335, 1723, 30675, 46925, 77182, 90826, 98994, 22759, 21028, 49319, 1714, 87944, 81788, 90533, 20925, 5438, 83502, 28657, 14540, 23899, 96217, 11472, 35876, 19131, 39399, 97335, 3323, 90272, 44040, 28073, 51304, 70624, 96620, 99178, 94411, 72001, 44800, 67313, 1790, 71579, 14737, 35858, 63905, 73477, 76009, 77549, 61502, 30404, 8360, 93569, 30438, 84984, 31813, 68448, 84388, 37695, 64509, 98530, 43872, 62143, 4409, 83775, 80273, 10350, 79665, 85682, 80513, 76395, 85135, 50, 99899, 64234, 25173, 9758, 89555, 73388, 69865, 87015, 65369, 28325, 55774, 56559, 91589, 18612, 75085, 48985, 12260, 55581, 52643, 30771, 53084, 74710, 37760, 93030, 63446, 4708, 3610, 20987, 34387, 7254, 40775, 63375, 36086, 68944, 85154, 97339, 582, 63463, 72341, 59954, 14020, 18086, 85698, 60806, 53178, 44623, 7009, 78538, 59250, 52896, 36953, 81979, 11585, 78783, 59912, 80451, 7908, 86148, 57967, 38859, 32429, 50491, 49646, 51605, 17936, 9071, 76700, 97994, 80026, 95215, 37158, 66905, 74561, 9845, 48648, 56873, 90265, 4935, 53997, 55323, 81384, 61656, 17380, 86036, 83384, 38040, 32058, 35626, 5574, 89012, 74225, 14736, 3774, 30442, 1927, 31150, 4053, 97867, 94199, 77143, 35135, 68688, 91088, 41794, 37834, 55373, 23899, 23589, 27140, 19312, 29137, 48645, 45195, 9285, 51686, 77237, 32412, 71166, 74992, 16605, 54805, 87250, 57981, 8304, 86470, 42219, 37094, 83712, 48617, 71511, 70996, 5774, 34672, 89123, 38732, 32888, 85024, 66420, 24542, 39098, 4196, 32319, 30825, 19263, 35160, 97555, 78084, 3194, 62916, 10273, 37083, 54678, 34983, 24651, 19257, 19778, 40516, 89108, 35376, 88159, 34998, 51537, 67219, 39507, 56501, 74134, 23427, 90725, 60968, 89598, 17756, 12022, 79034, 57395, 78328, 83923, 5036, 82093, 58847, 34848, 7116, 77228, 35847, 67190, 89480, 57388, 24410, 47344, 67755, 65286, 70702, 9600, 68405, 97096, 88913, 31775, 64853, 7904, 41722, 97019, 43009, 49804, 98402, 34919, 2086, 72111, 69335, 61222, 4373, 34529, 84114, 81394, 76868, 72461, 53358, 27691, 28296, 13480, 56011, 43552, 30699]})"
601.0,7,74,62,38.909565448760986,10387,"Genotype(dna={""<class 'abc.NT_0008'>"": [0, 56999], ""<class 'abc.NT_0008_P_00000'>"": [], ""<class 'abc.NT_0001'>"": [], ""<class 'abc.NT_0001_P_00000'>"": [], ""<class 'int'>"": [97653, 20406, 47695, 45437, 36791, 12753, 45651, 80211, 20876, 43747, 86904, 59270, 65598, 19312, 57981, 41571, 50140, 23587, 78328, 34848, 6322, 72111, 84114, 27691, 68898], ""<class 'bool'>"": [90671, 9706, 68793, 69465, 50630, 94229, 53268, 83378, 51198, 52517, 80864, 56983, 84611, 9863, 26653, 46759, 75883, 17618, 64460, 24766, 24616, 24139, 88100, 59674, 68925, 58603, 88542, 86971, 2074, 19771, 36300, 72448, 62475, 57494, 82844, 35160, 69828, 34983, 49026, 89108, 57812, 24784, 39507, 20060, 23427, 17756, 12022, 93336, 47344, 70702, 45692, 88913, 77481, 97019, 34645, 13480, 56011, 23961, 61622, 64153, 24398, 97162, 70647, 61083, 68916, 26200, 90421, 30572, 68510, 26764, 28736, 68692, 44411, 95498, 8365, 25426, 53841, 4898, 99229, 20080, 88444], ""<class 'abc.NT_0000'>"": [0, 0, 23967, 0, 0, 0, 0, 1, 0, 0, 0, 1, 0, 0, 1, 0, 74871, 0, 1, 1, 0, 1, 0, 1, 0, 46858, 39822, 0, 0, 0, 0, 0, 0, 0, 9925, 0, 0, 0, 0, 1, 8521, 0, 0, 0, 77798, 0, 17297, 73131, 46429, 0, 1, 0, 0, 0, 61708, 29137, 48645, 45195, 9285, 51686, 77237, 71166, 74992, 79081, 8304, 86470, 42219, 37094, 83712, 71511, 34672, 89123, 38732, 32888, 85024, 24542, 32319, 30825, 19263, 78084, 10273, 37083, 54678, 19257, 40516, 88159, 51537, 56501, 90725, 89598, 79034, 83923, 5036, 82093, 1824, 77228, 35847, 57388, 67755, 65286, 68405, 97096, 73987, 41722, 49804, 34919, 69335, 61222, 4373, 81394, 93672, 72461, 28296, 43552, 30699], ""<class 'abc.NT_0000_P_00000'>"": [], ""<class 'abc.NT_0000_P_00001'>"": [], ""<class 'abc.NT_0008_P_00001'>"": [], ""<class 'abc.NT_0007'>"": [0, 30442], ""<class 'abc.NT_0007_P_00000'>"": [], ""<class 'abc.NT_0002'>"": [0, 2009, 1, 0, 0, 0, 0, 43348, 0, 0, 1, 0, 59947, 0, 1, 51023, 72856, 35135, 68688, 91088, 41794, 37834, 46209, 27140, 32412, 16605, 87250, 48617, 70996, 66420, 39098, 3194, 19778, 34998, 60968, 57395, 58847, 67190, 7904, 98402, 2086, 34529, 53358], ""<class 'abc.NT_0002_P_00000'>"": [], ""<class 'abc.NT_0002_P_00001'>"": [], ""<class 'abc.NT_0003'>"": [2, 1, 42987], ""<class 'abc.NT_0003_P_00000'>"": [], ""<class 'abc.NT_0003_P_00001'>"": [], ""<class 'abc.NT_0003_P_00002'>"": [], ""<class 'abc.NT_0006'>"": [1, 61721], ""<class 'abc.NT_0006_P_00000'>"": [], ""<class 'abc.NT_0004'>"": [], ""<class 'abc.NT_0004_P_00000'>"": [], ""<class 'abc.NT_0004_P_00001'>"": [], ""<class 'abc.NT_0006_P_00001'>"": [], ""<class 'abc.NT_0006_P_00002'>"": [], ""<class 'abc.NT_0006_P_00003'>"": [], '$leftovers': [98075, 13912, 31132, 79333, 67005, 60614, 89167, 61612, 72827, 95393, 7774, 4838, 80622, 19286, 388, 89247, 61119, 81985, 19388, 78051, 82137, 3298, 46052, 62641, 15125, 10693, 59273, 50230, 2725, 66359, 94734, 79927, 68945, 22935, 63942, 30886, 88313, 17000, 96538, 23762, 47069, 41591, 64582, 40855, 91942, 98035, 27160, 65777, 36640, 83286, 24245, 70012, 52716, 78622, 49933, 34674, 21545, 85515, 63596, 76834, 55706, 47571, 77999, 46871, 39758, 29268, 46755, 21424, 96377, 55045, 94655, 81266, 38729, 78370, 54466, 29207, 27070, 19950, 48714, 85283, 87118, 58445, 55295, 49791, 69639, 85835, 25451, 31208, 52354, 5252, 87857, 91470, 89621, 16918, 64589, 10774, 881, 56333, 90790, 65621, 27489, 54457, 34171, 74830, 31890, 50572, 65953, 35998, 64391, 95281, 20637, 33135, 31174, 47515, 11748, 5326, 17817, 70004, 97142, 48764, 9977, 74644, 82108, 68086, 583, 51473, 93489, 84890, 38149, 98649, 10844, 80482, 25381, 17020, 9347, 89949, 15014, 18882, 36628, 14633, 41856, 82037, 99404, 37653, 18649, 44344, 64413, 14642, 24495, 81627, 82442, 88737, 53766, 43356, 68048, 76857, 54180, 98414, 47699, 12953, 61699, 97194, 89429, 67184, 44588, 70450, 98116, 25260, 44483, 23173, 79095, 13425, 67243, 34275, 86145, 28169, 48308, 39880, 30534, 80777, 30118, 35147, 6330, 33047, 66138, 35106, 74980, 25433, 54994, 95227, 7978, 36144, 69832, 996, 86590, 74938, 93563, 39370, 8023, 18122, 28829, 32872, 79242, 70820, 98755, 81059, 10691, 50385, 39617, 19016, 1863, 56359, 38460, 67174, 91592, 22430, 17368, 97443, 878, 46355, 50098, 93139, 69976, 9080, 81250, 67133, 12450, 29860, 10515, 7229, 18784, 90514, 19054, 18495, 10502, 77269, 89119, 14108, 10620, 96989, 72023, 8856, 91521, 11678, 69216, 38189, 64461, 31020, 98319, 37543, 24755, 16609, 33556, 16612, 12763, 41905, 30677, 47421, 67343, 11855, 70264, 48856, 54312, 58986, 49212, 17225, 81724, 83758, 88507, 75316, 75104, 72850, 30442, 32626, 63929, 13975, 10352, 31178, 95848, 61832, 76994, 71041, 97101, 79981, 68823, 25960, 84031, 86511, 64668, 11598, 13801, 38277, 72117, 97914, 67271, 62497, 95121, 56480, 77291, 12295, 85165, 83568, 78821, 29000, 46548, 68710, 33837, 53867, 16757, 19744, 56490, 58506, 2704, 56409, 35185, 55884, 10413, 1967, 92366, 12720, 38904, 56674, 73494, 36995, 74568, 39592, 41098, 65909, 93224, 67867, 24312, 36412, 73676, 29939, 55884, 87263, 93716, 56026, 57244, 4070, 89635, 77378, 60358, 11337, 68615, 81852, 96708, 54183, 88797, 31269, 9360, 89105, 2535, 59726, 25955, 65244, 16768, 73543, 81718, 40902, 76314, 33436, 41909, 98773, 81808, 9719, 25421, 45418, 71987, 121, 11550, 65239, 40789, 44202, 36071, 57653, 43394, 36056, 23297, 64426, 23556, 86309, 21306, 27012, 42386, 48280, 10080, 4348, 88310, 90412, 82119, 9205, 49098, 2184, 83526, 11375, 6109, 97541, 35582, 21977, 35191, 38535, 67747, 59557, 46567, 34959, 10684, 671, 59720, 59887, 485, 14784, 36885, 67806, 20555, 39637, 90346, 34425, 6540, 18412, 78378, 59756, 27100, 45096, 77175, 81646, 59732, 18160, 89927, 40822, 95827, 99884, 32712, 63299, 13826, 85714, 22375, 34642, 93135, 95040, 87627, 56593, 10162, 1335, 24907, 11275, 57849, 31243, 19861, 99079, 15398, 23046, 39786, 73058, 18352, 90596, 73190, 18755, 43859, 95236, 53629, 45109, 83722, 79356, 47076, 62644, 97757, 13471, 27552, 93516, 12967, 49252, 1085, 54423, 9689, 79001, 15195, 48556, 32204, 40442, 35346, 62994, 33733, 67382, 49555, 60122, 40611, 12928, 92945, 10252, 45964, 84992, 1512, 78027, 75304, 45951, 56284, 25045, 39552, 38052, 75814, 1762, 99823, 76972, 67310, 62283, 41733, 23009, 32953, 78852, 84494, 34393, 32426, 77309, 29353, 87018, 31481, 22287, 73852, 13919, 95211, 57612, 5341, 78579, 87850, 58005, 44735, 76849, 63874, 54960, 17231, 90965, 88267, 87848, 83830, 59964, 7414, 27019, 63988, 28220, 60908, 57884, 71203, 30461, 65079, 25031, 40185, 78750, 46981, 80489, 92478, 38242, 60982, 98026, 5482, 58357, 82420, 69221, 47933, 41308, 46911, 93985, 74362, 98320, 32836, 21005, 85503, 60638, 52090, 16457, 81259, 97344, 71185, 51199, 32546, 37015, 82413, 74204, 2583, 41056, 12104, 19831, 19455, 13661, 3368, 6293, 24839, 2737, 57994, 65067, 22974, 80126, 70564, 55870, 22295, 54990, 188, 22708, 82010, 33866, 54839, 92881, 86023, 42822, 28002, 53771, 21295, 93768, 82639, 54827, 32269, 61670, 94699, 12629, 99213, 70585, 63371, 70163, 39410, 11420, 59374, 65058, 39544, 70840, 4105, 8975, 51408, 35270, 36395, 14905, 19463, 31253, 56593, 76004, 97054, 47585, 82196, 20301, 80867, 95726, 59810, 73784, 82432, 40019, 90101, 57866, 51891, 23969, 3726, 11832, 96918, 24802, 32825, 8453, 87570, 5910, 30479, 41802, 69112, 31765, 44030, 27039, 69845, 96240, 79148, 96989, 60634, 4975, 87175, 18069, 87499, 64971, 19045, 91141, 68569, 25404, 90932, 46267, 80532, 11728, 30381, 95769, 35013, 37457, 20905, 4517, 64695, 13129, 12749, 1818, 91327, 22606, 19672, 15427, 62325, 50224, 99886, 66678, 42678, 80750, 65241, 41447, 46222, 13943, 83906, 70729, 74336, 1726, 19116, 73335, 1723, 30675, 46925, 77182, 90826, 98994, 22759, 21028, 49319, 1714, 87944, 81788, 90533, 20925, 5438, 83502, 28657, 14540, 23899, 96217, 11472, 35876, 19131, 39399, 97335, 3323, 90272, 44040, 28073, 51304, 70624, 96620, 99178, 94411, 72001, 44800, 67313, 1790, 71579, 14737, 35858, 63905, 73477, 76009, 77549, 61502, 30404, 8360, 93569, 30438, 84984, 31813, 68448, 84388, 37695, 64509, 98530, 43872, 62143, 4409, 83775, 80273, 10350, 79665, 85682, 80513, 76395, 85135, 50, 99899, 64234, 25173, 9758, 89555, 73388, 69865, 87015, 65369, 28325, 55774, 56559, 91589, 18612, 75085, 48985, 12260, 55581, 52643, 30771, 53084, 74710, 37760, 93030, 63446, 4708, 3610, 20987, 34387, 7254, 40775, 63375, 36086, 68944, 85154, 97339, 582, 63463, 72341, 59954, 14020, 18086, 85698, 60806, 53178, 44623, 7009, 78538, 59250, 52896, 36953, 81979, 11585, 78783, 59912, 80451, 7908, 86148, 57967, 38859, 32429, 50491, 49646, 51605, 17936, 9071, 76700, 97994, 80026, 95215, 37158, 66905, 74561, 9845, 48648, 56873, 90265, 4935, 53997, 55323, 81384, 61656, 17380, 86036, 83384, 38040, 32058, 35626, 5574, 89012, 74225, 14736, 3774, 30442, 1927, 31150, 4053, 97867, 94199, 77143, 35135, 68688, 91088, 41794, 37834, 55373, 23899, 23589, 27140, 19312, 29137, 48645, 45195, 9285, 51686, 77237, 32412, 71166, 74992, 16605, 54805, 87250, 57981, 8304, 86470, 42219, 37094, 83712, 48617, 71511, 70996, 5774, 34672, 89123, 38732, 32888, 85024, 66420, 24542, 39098, 4196, 32319, 30825, 19263, 35160, 97555, 78084, 3194, 62916, 10273, 37083, 54678, 34983, 24651, 19257, 19778, 40516, 89108, 35376, 88159, 34998, 51537, 67219, 39507, 56501, 74134, 23427, 90725, 60968, 89598, 17756, 12022, 79034, 57395, 78328, 83923, 5036, 82093, 58847, 34848, 7116, 77228, 35847, 67190, 89480, 57388, 24410, 47344, 67755, 65286, 70702, 9600, 68405, 97096, 88913, 31775, 64853, 7904, 41722, 97019, 43009, 49804, 98402, 34919, 2086, 72111, 69335, 61222, 4373, 34529, 84114, 81394, 76868, 72461, 53358, 27691, 28296, 13480, 56011, 43552, 30699]})"
601.0,7,74,63,39.35840392112732,10387,"Genotype(dna={""<class 'abc.NT_0008'>"": [0, 56999], ""<class 'abc.NT_0008_P_00000'>"": [], ""<class 'abc.NT_0001'>"": [], ""<class 'abc.NT_0001_P_00000'>"": [], ""<class 'int'>"": [97653, 20406, 47695, 45437, 36791, 12753, 45651, 80211, 20876, 43747, 86904, 59270, 65598, 19312, 57981, 41571, 50140, 23587, 78328, 34848, 6322, 72111, 84114, 27691, 68898], ""<class 'bool'>"": [90671, 9706, 68793, 69465, 50630, 94229, 53268, 83378, 51198, 52517, 80864, 56983, 84611, 9863, 26653, 46759, 75883, 17618, 64460, 24766, 24616, 24139, 88100, 59674, 68925, 58603, 88542, 86971, 2074, 19771, 36300, 72448, 62475, 57494, 82844, 35160, 69828, 34983, 49026, 89108, 57812, 24784, 39507, 20060, 23427, 17756, 12022, 93336, 47344, 70702, 45692, 88913, 77481, 97019, 34645, 13480, 56011, 23961, 61622, 64153, 24398, 97162, 70647, 61083, 68916, 26200, 90421, 30572, 68510, 26764, 28736, 68692, 44411, 95498, 8365, 25426, 53841, 4898, 99229, 20080, 88444], ""<class 'abc.NT_0000'>"": [0, 0, 23967, 0, 0, 0, 0, 1, 0, 0, 0, 1, 0, 0, 1, 0, 74871, 0, 1, 1, 0, 1, 0, 1, 0, 46858, 39822, 0, 0, 0, 0, 0, 0, 0, 9925, 0, 0, 0, 0, 1, 8521, 0, 0, 0, 77798, 0, 17297, 73131, 46429, 0, 1, 0, 0, 0, 61708, 29137, 48645, 45195, 9285, 51686, 77237, 71166, 74992, 79081, 8304, 86470, 42219, 37094, 83712, 71511, 34672, 89123, 38732, 32888, 85024, 24542, 32319, 30825, 19263, 78084, 10273, 37083, 54678, 19257, 40516, 88159, 51537, 56501, 90725, 89598, 79034, 83923, 5036, 82093, 1824, 77228, 35847, 57388, 67755, 65286, 68405, 97096, 73987, 41722, 49804, 34919, 69335, 61222, 4373, 81394, 93672, 72461, 28296, 43552, 30699], ""<class 'abc.NT_0000_P_00000'>"": [], ""<class 'abc.NT_0000_P_00001'>"": [], ""<class 'abc.NT_0008_P_00001'>"": [], ""<class 'abc.NT_0007'>"": [0, 30442], ""<class 'abc.NT_0007_P_00000'>"": [], ""<class 'abc.NT_0002'>"": [0, 2009, 1, 0, 0, 0, 0, 43348, 0, 0, 1, 0, 59947, 0, 1, 51023, 72856, 35135, 68688, 91088, 41794, 37834, 46209, 27140, 32412, 16605, 87250, 48617, 70996, 66420, 39098, 3194, 19778, 34998, 60968, 57395, 58847, 67190, 7904, 98402, 2086, 34529, 53358], ""<class 'abc.NT_0002_P_00000'>"": [], ""<class 'abc.NT_0002_P_00001'>"": [], ""<class 'abc.NT_0003'>"": [2, 1, 42987], ""<class 'abc.NT_0003_P_00000'>"": [], ""<class 'abc.NT_0003_P_00001'>"": [], ""<class 'abc.NT_0003_P_00002'>"": [], ""<class 'abc.NT_0006'>"": [1, 61721], ""<class 'abc.NT_0006_P_00000'>"": [], ""<class 'abc.NT_0004'>"": [], ""<class 'abc.NT_0004_P_00000'>"": [], ""<class 'abc.NT_0004_P_00001'>"": [], ""<class 'abc.NT_0006_P_00001'>"": [], ""<class 'abc.NT_0006_P_00002'>"": [], ""<class 'abc.NT_0006_P_00003'>"": [], '$leftovers': [98075, 13912, 31132, 79333, 67005, 60614, 89167, 61612, 72827, 95393, 7774, 4838, 80622, 19286, 388, 89247, 61119, 81985, 19388, 78051, 82137, 3298, 46052, 62641, 15125, 10693, 59273, 50230, 2725, 66359, 94734, 79927, 68945, 22935, 63942, 30886, 88313, 17000, 96538, 23762, 47069, 41591, 64582, 40855, 91942, 98035, 27160, 65777, 36640, 83286, 24245, 70012, 52716, 78622, 49933, 34674, 21545, 85515, 63596, 76834, 55706, 47571, 77999, 46871, 39758, 29268, 46755, 21424, 96377, 55045, 94655, 81266, 38729, 78370, 54466, 29207, 27070, 19950, 48714, 85283, 87118, 58445, 55295, 49791, 69639, 85835, 25451, 31208, 52354, 5252, 87857, 91470, 89621, 16918, 64589, 10774, 881, 56333, 90790, 65621, 27489, 54457, 34171, 74830, 31890, 50572, 65953, 35998, 64391, 95281, 20637, 33135, 31174, 47515, 11748, 5326, 17817, 70004, 97142, 48764, 9977, 74644, 82108, 68086, 583, 51473, 93489, 84890, 38149, 98649, 10844, 80482, 25381, 17020, 9347, 89949, 15014, 18882, 36628, 14633, 41856, 82037, 99404, 37653, 18649, 44344, 64413, 14642, 24495, 81627, 82442, 88737, 53766, 43356, 68048, 76857, 54180, 98414, 47699, 12953, 61699, 97194, 89429, 67184, 44588, 70450, 98116, 25260, 44483, 23173, 79095, 13425, 67243, 34275, 86145, 28169, 48308, 39880, 30534, 80777, 30118, 35147, 6330, 33047, 66138, 35106, 74980, 25433, 54994, 95227, 7978, 36144, 69832, 996, 86590, 74938, 93563, 39370, 8023, 18122, 28829, 32872, 79242, 70820, 98755, 81059, 10691, 50385, 39617, 19016, 1863, 56359, 38460, 67174, 91592, 22430, 17368, 97443, 878, 46355, 50098, 93139, 69976, 9080, 81250, 67133, 12450, 29860, 10515, 7229, 18784, 90514, 19054, 18495, 10502, 77269, 89119, 14108, 10620, 96989, 72023, 8856, 91521, 11678, 69216, 38189, 64461, 31020, 98319, 37543, 24755, 16609, 33556, 16612, 12763, 41905, 30677, 47421, 67343, 11855, 70264, 48856, 54312, 58986, 49212, 17225, 81724, 83758, 88507, 75316, 75104, 72850, 30442, 32626, 63929, 13975, 10352, 31178, 95848, 61832, 76994, 71041, 97101, 79981, 68823, 25960, 84031, 86511, 64668, 11598, 13801, 38277, 72117, 97914, 67271, 62497, 95121, 56480, 77291, 12295, 85165, 83568, 78821, 29000, 46548, 68710, 33837, 53867, 16757, 19744, 56490, 58506, 2704, 56409, 35185, 55884, 10413, 1967, 92366, 12720, 38904, 56674, 73494, 36995, 74568, 39592, 41098, 65909, 93224, 67867, 24312, 36412, 73676, 29939, 55884, 87263, 93716, 56026, 57244, 4070, 89635, 77378, 60358, 11337, 68615, 81852, 96708, 54183, 88797, 31269, 9360, 89105, 2535, 59726, 25955, 65244, 16768, 73543, 81718, 40902, 76314, 33436, 41909, 98773, 81808, 9719, 25421, 45418, 71987, 121, 11550, 65239, 40789, 44202, 36071, 57653, 43394, 36056, 23297, 64426, 23556, 86309, 21306, 27012, 42386, 48280, 10080, 4348, 88310, 90412, 82119, 9205, 49098, 2184, 83526, 11375, 6109, 97541, 35582, 21977, 35191, 38535, 67747, 59557, 46567, 34959, 10684, 671, 59720, 59887, 485, 14784, 36885, 67806, 20555, 39637, 90346, 34425, 6540, 18412, 78378, 59756, 27100, 45096, 77175, 81646, 59732, 18160, 89927, 40822, 95827, 99884, 32712, 63299, 13826, 85714, 22375, 34642, 93135, 95040, 87627, 56593, 10162, 1335, 24907, 11275, 57849, 31243, 19861, 99079, 15398, 23046, 39786, 73058, 18352, 90596, 73190, 18755, 43859, 95236, 53629, 45109, 83722, 79356, 47076, 62644, 97757, 13471, 27552, 93516, 12967, 49252, 1085, 54423, 9689, 79001, 15195, 48556, 32204, 40442, 35346, 62994, 33733, 67382, 49555, 60122, 40611, 12928, 92945, 10252, 45964, 84992, 1512, 78027, 75304, 45951, 56284, 25045, 39552, 38052, 75814, 1762, 99823, 76972, 67310, 62283, 41733, 23009, 32953, 78852, 84494, 34393, 32426, 77309, 29353, 87018, 31481, 22287, 73852, 13919, 95211, 57612, 5341, 78579, 87850, 58005, 44735, 76849, 63874, 54960, 17231, 90965, 88267, 87848, 83830, 59964, 7414, 27019, 63988, 28220, 60908, 57884, 71203, 30461, 65079, 25031, 40185, 78750, 46981, 80489, 92478, 38242, 60982, 98026, 5482, 58357, 82420, 69221, 47933, 41308, 46911, 93985, 74362, 98320, 32836, 21005, 85503, 60638, 52090, 16457, 81259, 97344, 71185, 51199, 32546, 37015, 82413, 74204, 2583, 41056, 12104, 19831, 19455, 13661, 3368, 6293, 24839, 2737, 57994, 65067, 22974, 80126, 70564, 55870, 22295, 54990, 188, 22708, 82010, 33866, 54839, 92881, 86023, 42822, 28002, 53771, 21295, 93768, 82639, 54827, 32269, 61670, 94699, 12629, 99213, 70585, 63371, 70163, 39410, 11420, 59374, 65058, 39544, 70840, 4105, 8975, 51408, 35270, 36395, 14905, 19463, 31253, 56593, 76004, 97054, 47585, 82196, 20301, 80867, 95726, 59810, 73784, 82432, 40019, 90101, 57866, 51891, 23969, 3726, 11832, 96918, 24802, 32825, 8453, 87570, 5910, 30479, 41802, 69112, 31765, 44030, 27039, 69845, 96240, 79148, 96989, 60634, 4975, 87175, 18069, 87499, 64971, 19045, 91141, 68569, 25404, 90932, 46267, 80532, 11728, 30381, 95769, 35013, 37457, 20905, 4517, 64695, 13129, 12749, 1818, 91327, 22606, 19672, 15427, 62325, 50224, 99886, 66678, 42678, 80750, 65241, 41447, 46222, 13943, 83906, 70729, 74336, 1726, 19116, 73335, 1723, 30675, 46925, 77182, 90826, 98994, 22759, 21028, 49319, 1714, 87944, 81788, 90533, 20925, 5438, 83502, 28657, 14540, 23899, 96217, 11472, 35876, 19131, 39399, 97335, 3323, 90272, 44040, 28073, 51304, 70624, 96620, 99178, 94411, 72001, 44800, 67313, 1790, 71579, 14737, 35858, 63905, 73477, 76009, 77549, 61502, 30404, 8360, 93569, 30438, 84984, 31813, 68448, 84388, 37695, 64509, 98530, 43872, 62143, 4409, 83775, 80273, 10350, 79665, 85682, 80513, 76395, 85135, 50, 99899, 64234, 25173, 9758, 89555, 73388, 69865, 87015, 65369, 28325, 55774, 56559, 91589, 18612, 75085, 48985, 12260, 55581, 52643, 30771, 53084, 74710, 37760, 93030, 63446, 4708, 3610, 20987, 34387, 7254, 40775, 63375, 36086, 68944, 85154, 97339, 582, 63463, 72341, 59954, 14020, 18086, 85698, 60806, 53178, 44623, 7009, 78538, 59250, 52896, 36953, 81979, 11585, 78783, 59912, 80451, 7908, 86148, 57967, 38859, 32429, 50491, 49646, 51605, 17936, 9071, 76700, 97994, 80026, 95215, 37158, 66905, 74561, 9845, 48648, 56873, 90265, 4935, 53997, 55323, 81384, 61656, 17380, 86036, 83384, 38040, 32058, 35626, 5574, 89012, 74225, 14736, 3774, 30442, 1927, 31150, 4053, 97867, 94199, 77143, 35135, 68688, 91088, 41794, 37834, 55373, 23899, 23589, 27140, 19312, 29137, 48645, 45195, 9285, 51686, 77237, 32412, 71166, 74992, 16605, 54805, 87250, 57981, 8304, 86470, 42219, 37094, 83712, 48617, 71511, 70996, 5774, 34672, 89123, 38732, 32888, 85024, 66420, 24542, 39098, 4196, 32319, 30825, 19263, 35160, 97555, 78084, 3194, 62916, 10273, 37083, 54678, 34983, 24651, 19257, 19778, 40516, 89108, 35376, 88159, 34998, 51537, 67219, 39507, 56501, 74134, 23427, 90725, 60968, 89598, 17756, 12022, 79034, 57395, 78328, 83923, 5036, 82093, 58847, 34848, 7116, 77228, 35847, 67190, 89480, 57388, 24410, 47344, 67755, 65286, 70702, 9600, 68405, 97096, 88913, 31775, 64853, 7904, 41722, 97019, 43009, 49804, 98402, 34919, 2086, 72111, 69335, 61222, 4373, 34529, 84114, 81394, 76868, 72461, 53358, 27691, 28296, 13480, 56011, 43552, 30699]})"
601.0,7,74,64,39.79941940307617,10387,"Genotype(dna={""<class 'abc.NT_0008'>"": [0, 56999], ""<class 'abc.NT_0008_P_00000'>"": [], ""<class 'abc.NT_0001'>"": [], ""<class 'abc.NT_0001_P_00000'>"": [], ""<class 'int'>"": [97653, 20406, 47695, 45437, 36791, 12753, 45651, 80211, 20876, 43747, 86904, 59270, 65598, 19312, 57981, 41571, 50140, 23587, 78328, 34848, 6322, 72111, 84114, 27691, 68898], ""<class 'bool'>"": [90671, 9706, 68793, 69465, 50630, 94229, 53268, 83378, 51198, 52517, 80864, 56983, 84611, 9863, 26653, 46759, 75883, 17618, 64460, 24766, 24616, 24139, 88100, 59674, 68925, 58603, 88542, 86971, 2074, 19771, 36300, 72448, 62475, 57494, 82844, 35160, 69828, 34983, 49026, 89108, 57812, 24784, 39507, 20060, 23427, 17756, 12022, 93336, 47344, 70702, 45692, 88913, 77481, 97019, 34645, 13480, 56011, 23961, 61622, 64153, 24398, 97162, 70647, 61083, 68916, 26200, 90421, 30572, 68510, 26764, 28736, 68692, 44411, 95498, 8365, 25426, 53841, 4898, 99229, 20080, 88444], ""<class 'abc.NT_0000'>"": [0, 0, 23967, 0, 0, 0, 0, 1, 0, 0, 0, 1, 0, 0, 1, 0, 74871, 0, 1, 1, 0, 1, 0, 1, 0, 46858, 39822, 0, 0, 0, 0, 0, 0, 0, 9925, 0, 0, 0, 0, 1, 8521, 0, 0, 0, 77798, 0, 17297, 73131, 46429, 0, 1, 0, 0, 0, 61708, 29137, 48645, 45195, 9285, 51686, 77237, 71166, 74992, 79081, 8304, 86470, 42219, 37094, 83712, 71511, 34672, 89123, 38732, 32888, 85024, 24542, 32319, 30825, 19263, 78084, 10273, 37083, 54678, 19257, 40516, 88159, 51537, 56501, 90725, 89598, 79034, 83923, 5036, 82093, 1824, 77228, 35847, 57388, 67755, 65286, 68405, 97096, 73987, 41722, 49804, 34919, 69335, 61222, 4373, 81394, 93672, 72461, 28296, 43552, 30699], ""<class 'abc.NT_0000_P_00000'>"": [], ""<class 'abc.NT_0000_P_00001'>"": [], ""<class 'abc.NT_0008_P_00001'>"": [], ""<class 'abc.NT_0007'>"": [0, 30442], ""<class 'abc.NT_0007_P_00000'>"": [], ""<class 'abc.NT_0002'>"": [0, 2009, 1, 0, 0, 0, 0, 43348, 0, 0, 1, 0, 59947, 0, 1, 51023, 72856, 35135, 68688, 91088, 41794, 37834, 46209, 27140, 32412, 16605, 87250, 48617, 70996, 66420, 39098, 3194, 19778, 34998, 60968, 57395, 58847, 67190, 7904, 98402, 2086, 34529, 53358], ""<class 'abc.NT_0002_P_00000'>"": [], ""<class 'abc.NT_0002_P_00001'>"": [], ""<class 'abc.NT_0003'>"": [2, 1, 42987], ""<class 'abc.NT_0003_P_00000'>"": [], ""<class 'abc.NT_0003_P_00001'>"": [], ""<class 'abc.NT_0003_P_00002'>"": [], ""<class 'abc.NT_0006'>"": [1, 61721], ""<class 'abc.NT_0006_P_00000'>"": [], ""<class 'abc.NT_0004'>"": [], ""<class 'abc.NT_0004_P_00000'>"": [], ""<class 'abc.NT_0004_P_00001'>"": [], ""<class 'abc.NT_0006_P_00001'>"": [], ""<class 'abc.NT_0006_P_00002'>"": [], ""<class 'abc.NT_0006_P_00003'>"": [], '$leftovers': [98075, 13912, 31132, 79333, 67005, 60614, 89167, 61612, 72827, 95393, 7774, 4838, 80622, 19286, 388, 89247, 61119, 81985, 19388, 78051, 82137, 3298, 46052, 62641, 15125, 10693, 59273, 50230, 2725, 66359, 94734, 79927, 68945, 22935, 63942, 30886, 88313, 17000, 96538, 23762, 47069, 41591, 64582, 40855, 91942, 98035, 27160, 65777, 36640, 83286, 24245, 70012, 52716, 78622, 49933, 34674, 21545, 85515, 63596, 76834, 55706, 47571, 77999, 46871, 39758, 29268, 46755, 21424, 96377, 55045, 94655, 81266, 38729, 78370, 54466, 29207, 27070, 19950, 48714, 85283, 87118, 58445, 55295, 49791, 69639, 85835, 25451, 31208, 52354, 5252, 87857, 91470, 89621, 16918, 64589, 10774, 881, 56333, 90790, 65621, 27489, 54457, 34171, 74830, 31890, 50572, 65953, 35998, 64391, 95281, 20637, 33135, 31174, 47515, 11748, 5326, 17817, 70004, 97142, 48764, 9977, 74644, 82108, 68086, 583, 51473, 93489, 84890, 38149, 98649, 10844, 80482, 25381, 17020, 9347, 89949, 15014, 18882, 36628, 14633, 41856, 82037, 99404, 37653, 18649, 44344, 64413, 14642, 24495, 81627, 82442, 88737, 53766, 43356, 68048, 76857, 54180, 98414, 47699, 12953, 61699, 97194, 89429, 67184, 44588, 70450, 98116, 25260, 44483, 23173, 79095, 13425, 67243, 34275, 86145, 28169, 48308, 39880, 30534, 80777, 30118, 35147, 6330, 33047, 66138, 35106, 74980, 25433, 54994, 95227, 7978, 36144, 69832, 996, 86590, 74938, 93563, 39370, 8023, 18122, 28829, 32872, 79242, 70820, 98755, 81059, 10691, 50385, 39617, 19016, 1863, 56359, 38460, 67174, 91592, 22430, 17368, 97443, 878, 46355, 50098, 93139, 69976, 9080, 81250, 67133, 12450, 29860, 10515, 7229, 18784, 90514, 19054, 18495, 10502, 77269, 89119, 14108, 10620, 96989, 72023, 8856, 91521, 11678, 69216, 38189, 64461, 31020, 98319, 37543, 24755, 16609, 33556, 16612, 12763, 41905, 30677, 47421, 67343, 11855, 70264, 48856, 54312, 58986, 49212, 17225, 81724, 83758, 88507, 75316, 75104, 72850, 30442, 32626, 63929, 13975, 10352, 31178, 95848, 61832, 76994, 71041, 97101, 79981, 68823, 25960, 84031, 86511, 64668, 11598, 13801, 38277, 72117, 97914, 67271, 62497, 95121, 56480, 77291, 12295, 85165, 83568, 78821, 29000, 46548, 68710, 33837, 53867, 16757, 19744, 56490, 58506, 2704, 56409, 35185, 55884, 10413, 1967, 92366, 12720, 38904, 56674, 73494, 36995, 74568, 39592, 41098, 65909, 93224, 67867, 24312, 36412, 73676, 29939, 55884, 87263, 93716, 56026, 57244, 4070, 89635, 77378, 60358, 11337, 68615, 81852, 96708, 54183, 88797, 31269, 9360, 89105, 2535, 59726, 25955, 65244, 16768, 73543, 81718, 40902, 76314, 33436, 41909, 98773, 81808, 9719, 25421, 45418, 71987, 121, 11550, 65239, 40789, 44202, 36071, 57653, 43394, 36056, 23297, 64426, 23556, 86309, 21306, 27012, 42386, 48280, 10080, 4348, 88310, 90412, 82119, 9205, 49098, 2184, 83526, 11375, 6109, 97541, 35582, 21977, 35191, 38535, 67747, 59557, 46567, 34959, 10684, 671, 59720, 59887, 485, 14784, 36885, 67806, 20555, 39637, 90346, 34425, 6540, 18412, 78378, 59756, 27100, 45096, 77175, 81646, 59732, 18160, 89927, 40822, 95827, 99884, 32712, 63299, 13826, 85714, 22375, 34642, 93135, 95040, 87627, 56593, 10162, 1335, 24907, 11275, 57849, 31243, 19861, 99079, 15398, 23046, 39786, 73058, 18352, 90596, 73190, 18755, 43859, 95236, 53629, 45109, 83722, 79356, 47076, 62644, 97757, 13471, 27552, 93516, 12967, 49252, 1085, 54423, 9689, 79001, 15195, 48556, 32204, 40442, 35346, 62994, 33733, 67382, 49555, 60122, 40611, 12928, 92945, 10252, 45964, 84992, 1512, 78027, 75304, 45951, 56284, 25045, 39552, 38052, 75814, 1762, 99823, 76972, 67310, 62283, 41733, 23009, 32953, 78852, 84494, 34393, 32426, 77309, 29353, 87018, 31481, 22287, 73852, 13919, 95211, 57612, 5341, 78579, 87850, 58005, 44735, 76849, 63874, 54960, 17231, 90965, 88267, 87848, 83830, 59964, 7414, 27019, 63988, 28220, 60908, 57884, 71203, 30461, 65079, 25031, 40185, 78750, 46981, 80489, 92478, 38242, 60982, 98026, 5482, 58357, 82420, 69221, 47933, 41308, 46911, 93985, 74362, 98320, 32836, 21005, 85503, 60638, 52090, 16457, 81259, 97344, 71185, 51199, 32546, 37015, 82413, 74204, 2583, 41056, 12104, 19831, 19455, 13661, 3368, 6293, 24839, 2737, 57994, 65067, 22974, 80126, 70564, 55870, 22295, 54990, 188, 22708, 82010, 33866, 54839, 92881, 86023, 42822, 28002, 53771, 21295, 93768, 82639, 54827, 32269, 61670, 94699, 12629, 99213, 70585, 63371, 70163, 39410, 11420, 59374, 65058, 39544, 70840, 4105, 8975, 51408, 35270, 36395, 14905, 19463, 31253, 56593, 76004, 97054, 47585, 82196, 20301, 80867, 95726, 59810, 73784, 82432, 40019, 90101, 57866, 51891, 23969, 3726, 11832, 96918, 24802, 32825, 8453, 87570, 5910, 30479, 41802, 69112, 31765, 44030, 27039, 69845, 96240, 79148, 96989, 60634, 4975, 87175, 18069, 87499, 64971, 19045, 91141, 68569, 25404, 90932, 46267, 80532, 11728, 30381, 95769, 35013, 37457, 20905, 4517, 64695, 13129, 12749, 1818, 91327, 22606, 19672, 15427, 62325, 50224, 99886, 66678, 42678, 80750, 65241, 41447, 46222, 13943, 83906, 70729, 74336, 1726, 19116, 73335, 1723, 30675, 46925, 77182, 90826, 98994, 22759, 21028, 49319, 1714, 87944, 81788, 90533, 20925, 5438, 83502, 28657, 14540, 23899, 96217, 11472, 35876, 19131, 39399, 97335, 3323, 90272, 44040, 28073, 51304, 70624, 96620, 99178, 94411, 72001, 44800, 67313, 1790, 71579, 14737, 35858, 63905, 73477, 76009, 77549, 61502, 30404, 8360, 93569, 30438, 84984, 31813, 68448, 84388, 37695, 64509, 98530, 43872, 62143, 4409, 83775, 80273, 10350, 79665, 85682, 80513, 76395, 85135, 50, 99899, 64234, 25173, 9758, 89555, 73388, 69865, 87015, 65369, 28325, 55774, 56559, 91589, 18612, 75085, 48985, 12260, 55581, 52643, 30771, 53084, 74710, 37760, 93030, 63446, 4708, 3610, 20987, 34387, 7254, 40775, 63375, 36086, 68944, 85154, 97339, 582, 63463, 72341, 59954, 14020, 18086, 85698, 60806, 53178, 44623, 7009, 78538, 59250, 52896, 36953, 81979, 11585, 78783, 59912, 80451, 7908, 86148, 57967, 38859, 32429, 50491, 49646, 51605, 17936, 9071, 76700, 97994, 80026, 95215, 37158, 66905, 74561, 9845, 48648, 56873, 90265, 4935, 53997, 55323, 81384, 61656, 17380, 86036, 83384, 38040, 32058, 35626, 5574, 89012, 74225, 14736, 3774, 30442, 1927, 31150, 4053, 97867, 94199, 77143, 35135, 68688, 91088, 41794, 37834, 55373, 23899, 23589, 27140, 19312, 29137, 48645, 45195, 9285, 51686, 77237, 32412, 71166, 74992, 16605, 54805, 87250, 57981, 8304, 86470, 42219, 37094, 83712, 48617, 71511, 70996, 5774, 34672, 89123, 38732, 32888, 85024, 66420, 24542, 39098, 4196, 32319, 30825, 19263, 35160, 97555, 78084, 3194, 62916, 10273, 37083, 54678, 34983, 24651, 19257, 19778, 40516, 89108, 35376, 88159, 34998, 51537, 67219, 39507, 56501, 74134, 23427, 90725, 60968, 89598, 17756, 12022, 79034, 57395, 78328, 83923, 5036, 82093, 58847, 34848, 7116, 77228, 35847, 67190, 89480, 57388, 24410, 47344, 67755, 65286, 70702, 9600, 68405, 97096, 88913, 31775, 64853, 7904, 41722, 97019, 43009, 49804, 98402, 34919, 2086, 72111, 69335, 61222, 4373, 34529, 84114, 81394, 76868, 72461, 53358, 27691, 28296, 13480, 56011, 43552, 30699]})"
601.0,7,74,65,40.18663549423218,10387,"Genotype(dna={""<class 'abc.NT_0008'>"": [0, 56999], ""<class 'abc.NT_0008_P_00000'>"": [], ""<class 'abc.NT_0001'>"": [], ""<class 'abc.NT_0001_P_00000'>"": [], ""<class 'int'>"": [97653, 20406, 47695, 45437, 36791, 12753, 45651, 80211, 20876, 43747, 86904, 59270, 65598, 19312, 57981, 41571, 50140, 23587, 78328, 34848, 6322, 72111, 84114, 27691, 68898], ""<class 'bool'>"": [90671, 9706, 68793, 69465, 50630, 94229, 53268, 83378, 51198, 52517, 80864, 56983, 84611, 9863, 26653, 46759, 75883, 17618, 64460, 24766, 24616, 24139, 88100, 59674, 68925, 58603, 88542, 86971, 2074, 19771, 36300, 72448, 62475, 57494, 82844, 35160, 69828, 34983, 49026, 89108, 57812, 24784, 39507, 20060, 23427, 17756, 12022, 93336, 47344, 70702, 45692, 88913, 77481, 97019, 34645, 13480, 56011, 23961, 61622, 64153, 24398, 97162, 70647, 61083, 68916, 26200, 90421, 30572, 68510, 26764, 28736, 68692, 44411, 95498, 8365, 25426, 53841, 4898, 99229, 20080, 88444], ""<class 'abc.NT_0000'>"": [0, 0, 23967, 0, 0, 0, 0, 1, 0, 0, 0, 1, 0, 0, 1, 0, 74871, 0, 1, 1, 0, 1, 0, 1, 0, 46858, 39822, 0, 0, 0, 0, 0, 0, 0, 9925, 0, 0, 0, 0, 1, 8521, 0, 0, 0, 77798, 0, 17297, 73131, 46429, 0, 1, 0, 0, 0, 61708, 29137, 48645, 45195, 9285, 51686, 77237, 71166, 74992, 79081, 8304, 86470, 42219, 37094, 83712, 71511, 34672, 89123, 38732, 32888, 85024, 24542, 32319, 30825, 19263, 78084, 10273, 37083, 54678, 19257, 40516, 88159, 51537, 56501, 90725, 89598, 79034, 83923, 5036, 82093, 1824, 77228, 35847, 57388, 67755, 65286, 68405, 97096, 73987, 41722, 49804, 34919, 69335, 61222, 4373, 81394, 93672, 72461, 28296, 43552, 30699], ""<class 'abc.NT_0000_P_00000'>"": [], ""<class 'abc.NT_0000_P_00001'>"": [], ""<class 'abc.NT_0008_P_00001'>"": [], ""<class 'abc.NT_0007'>"": [0, 30442], ""<class 'abc.NT_0007_P_00000'>"": [], ""<class 'abc.NT_0002'>"": [0, 2009, 1, 0, 0, 0, 0, 43348, 0, 0, 1, 0, 59947, 0, 1, 51023, 72856, 35135, 68688, 91088, 41794, 37834, 46209, 27140, 32412, 16605, 87250, 48617, 70996, 66420, 39098, 3194, 19778, 34998, 60968, 57395, 58847, 67190, 7904, 98402, 2086, 34529, 53358], ""<class 'abc.NT_0002_P_00000'>"": [], ""<class 'abc.NT_0002_P_00001'>"": [], ""<class 'abc.NT_0003'>"": [2, 1, 42987], ""<class 'abc.NT_0003_P_00000'>"": [], ""<class 'abc.NT_0003_P_00001'>"": [], ""<class 'abc.NT_0003_P_00002'>"": [], ""<class 'abc.NT_0006'>"": [1, 61721], ""<class 'abc.NT_0006_P_00000'>"": [], ""<class 'abc.NT_0004'>"": [], ""<class 'abc.NT_0004_P_00000'>"": [], ""<class 'abc.NT_0004_P_00001'>"": [], ""<class 'abc.NT_0006_P_00001'>"": [], ""<class 'abc.NT_0006_P_00002'>"": [], ""<class 'abc.NT_0006_P_00003'>"": [], '$leftovers': [98075, 13912, 31132, 79333, 67005, 60614, 89167, 61612, 72827, 95393, 7774, 4838, 80622, 19286, 388, 89247, 61119, 81985, 19388, 78051, 82137, 3298, 46052, 62641, 15125, 10693, 59273, 50230, 2725, 66359, 94734, 79927, 68945, 22935, 63942, 30886, 88313, 17000, 96538, 23762, 47069, 41591, 64582, 40855, 91942, 98035, 27160, 65777, 36640, 83286, 24245, 70012, 52716, 78622, 49933, 34674, 21545, 85515, 63596, 76834, 55706, 47571, 77999, 46871, 39758, 29268, 46755, 21424, 96377, 55045, 94655, 81266, 38729, 78370, 54466, 29207, 27070, 19950, 48714, 85283, 87118, 58445, 55295, 49791, 69639, 85835, 25451, 31208, 52354, 5252, 87857, 91470, 89621, 16918, 64589, 10774, 881, 56333, 90790, 65621, 27489, 54457, 34171, 74830, 31890, 50572, 65953, 35998, 64391, 95281, 20637, 33135, 31174, 47515, 11748, 5326, 17817, 70004, 97142, 48764, 9977, 74644, 82108, 68086, 583, 51473, 93489, 84890, 38149, 98649, 10844, 80482, 25381, 17020, 9347, 89949, 15014, 18882, 36628, 14633, 41856, 82037, 99404, 37653, 18649, 44344, 64413, 14642, 24495, 81627, 82442, 88737, 53766, 43356, 68048, 76857, 54180, 98414, 47699, 12953, 61699, 97194, 89429, 67184, 44588, 70450, 98116, 25260, 44483, 23173, 79095, 13425, 67243, 34275, 86145, 28169, 48308, 39880, 30534, 80777, 30118, 35147, 6330, 33047, 66138, 35106, 74980, 25433, 54994, 95227, 7978, 36144, 69832, 996, 86590, 74938, 93563, 39370, 8023, 18122, 28829, 32872, 79242, 70820, 98755, 81059, 10691, 50385, 39617, 19016, 1863, 56359, 38460, 67174, 91592, 22430, 17368, 97443, 878, 46355, 50098, 93139, 69976, 9080, 81250, 67133, 12450, 29860, 10515, 7229, 18784, 90514, 19054, 18495, 10502, 77269, 89119, 14108, 10620, 96989, 72023, 8856, 91521, 11678, 69216, 38189, 64461, 31020, 98319, 37543, 24755, 16609, 33556, 16612, 12763, 41905, 30677, 47421, 67343, 11855, 70264, 48856, 54312, 58986, 49212, 17225, 81724, 83758, 88507, 75316, 75104, 72850, 30442, 32626, 63929, 13975, 10352, 31178, 95848, 61832, 76994, 71041, 97101, 79981, 68823, 25960, 84031, 86511, 64668, 11598, 13801, 38277, 72117, 97914, 67271, 62497, 95121, 56480, 77291, 12295, 85165, 83568, 78821, 29000, 46548, 68710, 33837, 53867, 16757, 19744, 56490, 58506, 2704, 56409, 35185, 55884, 10413, 1967, 92366, 12720, 38904, 56674, 73494, 36995, 74568, 39592, 41098, 65909, 93224, 67867, 24312, 36412, 73676, 29939, 55884, 87263, 93716, 56026, 57244, 4070, 89635, 77378, 60358, 11337, 68615, 81852, 96708, 54183, 88797, 31269, 9360, 89105, 2535, 59726, 25955, 65244, 16768, 73543, 81718, 40902, 76314, 33436, 41909, 98773, 81808, 9719, 25421, 45418, 71987, 121, 11550, 65239, 40789, 44202, 36071, 57653, 43394, 36056, 23297, 64426, 23556, 86309, 21306, 27012, 42386, 48280, 10080, 4348, 88310, 90412, 82119, 9205, 49098, 2184, 83526, 11375, 6109, 97541, 35582, 21977, 35191, 38535, 67747, 59557, 46567, 34959, 10684, 671, 59720, 59887, 485, 14784, 36885, 67806, 20555, 39637, 90346, 34425, 6540, 18412, 78378, 59756, 27100, 45096, 77175, 81646, 59732, 18160, 89927, 40822, 95827, 99884, 32712, 63299, 13826, 85714, 22375, 34642, 93135, 95040, 87627, 56593, 10162, 1335, 24907, 11275, 57849, 31243, 19861, 99079, 15398, 23046, 39786, 73058, 18352, 90596, 73190, 18755, 43859, 95236, 53629, 45109, 83722, 79356, 47076, 62644, 97757, 13471, 27552, 93516, 12967, 49252, 1085, 54423, 9689, 79001, 15195, 48556, 32204, 40442, 35346, 62994, 33733, 67382, 49555, 60122, 40611, 12928, 92945, 10252, 45964, 84992, 1512, 78027, 75304, 45951, 56284, 25045, 39552, 38052, 75814, 1762, 99823, 76972, 67310, 62283, 41733, 23009, 32953, 78852, 84494, 34393, 32426, 77309, 29353, 87018, 31481, 22287, 73852, 13919, 95211, 57612, 5341, 78579, 87850, 58005, 44735, 76849, 63874, 54960, 17231, 90965, 88267, 87848, 83830, 59964, 7414, 27019, 63988, 28220, 60908, 57884, 71203, 30461, 65079, 25031, 40185, 78750, 46981, 80489, 92478, 38242, 60982, 98026, 5482, 58357, 82420, 69221, 47933, 41308, 46911, 93985, 74362, 98320, 32836, 21005, 85503, 60638, 52090, 16457, 81259, 97344, 71185, 51199, 32546, 37015, 82413, 74204, 2583, 41056, 12104, 19831, 19455, 13661, 3368, 6293, 24839, 2737, 57994, 65067, 22974, 80126, 70564, 55870, 22295, 54990, 188, 22708, 82010, 33866, 54839, 92881, 86023, 42822, 28002, 53771, 21295, 93768, 82639, 54827, 32269, 61670, 94699, 12629, 99213, 70585, 63371, 70163, 39410, 11420, 59374, 65058, 39544, 70840, 4105, 8975, 51408, 35270, 36395, 14905, 19463, 31253, 56593, 76004, 97054, 47585, 82196, 20301, 80867, 95726, 59810, 73784, 82432, 40019, 90101, 57866, 51891, 23969, 3726, 11832, 96918, 24802, 32825, 8453, 87570, 5910, 30479, 41802, 69112, 31765, 44030, 27039, 69845, 96240, 79148, 96989, 60634, 4975, 87175, 18069, 87499, 64971, 19045, 91141, 68569, 25404, 90932, 46267, 80532, 11728, 30381, 95769, 35013, 37457, 20905, 4517, 64695, 13129, 12749, 1818, 91327, 22606, 19672, 15427, 62325, 50224, 99886, 66678, 42678, 80750, 65241, 41447, 46222, 13943, 83906, 70729, 74336, 1726, 19116, 73335, 1723, 30675, 46925, 77182, 90826, 98994, 22759, 21028, 49319, 1714, 87944, 81788, 90533, 20925, 5438, 83502, 28657, 14540, 23899, 96217, 11472, 35876, 19131, 39399, 97335, 3323, 90272, 44040, 28073, 51304, 70624, 96620, 99178, 94411, 72001, 44800, 67313, 1790, 71579, 14737, 35858, 63905, 73477, 76009, 77549, 61502, 30404, 8360, 93569, 30438, 84984, 31813, 68448, 84388, 37695, 64509, 98530, 43872, 62143, 4409, 83775, 80273, 10350, 79665, 85682, 80513, 76395, 85135, 50, 99899, 64234, 25173, 9758, 89555, 73388, 69865, 87015, 65369, 28325, 55774, 56559, 91589, 18612, 75085, 48985, 12260, 55581, 52643, 30771, 53084, 74710, 37760, 93030, 63446, 4708, 3610, 20987, 34387, 7254, 40775, 63375, 36086, 68944, 85154, 97339, 582, 63463, 72341, 59954, 14020, 18086, 85698, 60806, 53178, 44623, 7009, 78538, 59250, 52896, 36953, 81979, 11585, 78783, 59912, 80451, 7908, 86148, 57967, 38859, 32429, 50491, 49646, 51605, 17936, 9071, 76700, 97994, 80026, 95215, 37158, 66905, 74561, 9845, 48648, 56873, 90265, 4935, 53997, 55323, 81384, 61656, 17380, 86036, 83384, 38040, 32058, 35626, 5574, 89012, 74225, 14736, 3774, 30442, 1927, 31150, 4053, 97867, 94199, 77143, 35135, 68688, 91088, 41794, 37834, 55373, 23899, 23589, 27140, 19312, 29137, 48645, 45195, 9285, 51686, 77237, 32412, 71166, 74992, 16605, 54805, 87250, 57981, 8304, 86470, 42219, 37094, 83712, 48617, 71511, 70996, 5774, 34672, 89123, 38732, 32888, 85024, 66420, 24542, 39098, 4196, 32319, 30825, 19263, 35160, 97555, 78084, 3194, 62916, 10273, 37083, 54678, 34983, 24651, 19257, 19778, 40516, 89108, 35376, 88159, 34998, 51537, 67219, 39507, 56501, 74134, 23427, 90725, 60968, 89598, 17756, 12022, 79034, 57395, 78328, 83923, 5036, 82093, 58847, 34848, 7116, 77228, 35847, 67190, 89480, 57388, 24410, 47344, 67755, 65286, 70702, 9600, 68405, 97096, 88913, 31775, 64853, 7904, 41722, 97019, 43009, 49804, 98402, 34919, 2086, 72111, 69335, 61222, 4373, 34529, 84114, 81394, 76868, 72461, 53358, 27691, 28296, 13480, 56011, 43552, 30699]})"
601.0,7,74,66,40.58709716796875,10387,"Genotype(dna={""<class 'abc.NT_0008'>"": [0, 56999], ""<class 'abc.NT_0008_P_00000'>"": [], ""<class 'abc.NT_0001'>"": [], ""<class 'abc.NT_0001_P_00000'>"": [], ""<class 'int'>"": [97653, 20406, 47695, 45437, 36791, 12753, 45651, 80211, 20876, 43747, 86904, 59270, 65598, 19312, 57981, 41571, 50140, 23587, 78328, 34848, 6322, 72111, 84114, 27691, 68898], ""<class 'bool'>"": [90671, 9706, 68793, 69465, 50630, 94229, 53268, 83378, 51198, 52517, 80864, 56983, 84611, 9863, 26653, 46759, 75883, 17618, 64460, 24766, 24616, 24139, 88100, 59674, 68925, 58603, 88542, 86971, 2074, 19771, 36300, 72448, 62475, 57494, 82844, 35160, 69828, 34983, 49026, 89108, 57812, 24784, 39507, 20060, 23427, 17756, 12022, 93336, 47344, 70702, 45692, 88913, 77481, 97019, 34645, 13480, 56011, 23961, 61622, 64153, 24398, 97162, 70647, 61083, 68916, 26200, 90421, 30572, 68510, 26764, 28736, 68692, 44411, 95498, 8365, 25426, 53841, 4898, 99229, 20080, 88444], ""<class 'abc.NT_0000'>"": [0, 0, 23967, 0, 0, 0, 0, 1, 0, 0, 0, 1, 0, 0, 1, 0, 74871, 0, 1, 1, 0, 1, 0, 1, 0, 46858, 39822, 0, 0, 0, 0, 0, 0, 0, 9925, 0, 0, 0, 0, 1, 8521, 0, 0, 0, 77798, 0, 17297, 73131, 46429, 0, 1, 0, 0, 0, 61708, 29137, 48645, 45195, 9285, 51686, 77237, 71166, 74992, 79081, 8304, 86470, 42219, 37094, 83712, 71511, 34672, 89123, 38732, 32888, 85024, 24542, 32319, 30825, 19263, 78084, 10273, 37083, 54678, 19257, 40516, 88159, 51537, 56501, 90725, 89598, 79034, 83923, 5036, 82093, 1824, 77228, 35847, 57388, 67755, 65286, 68405, 97096, 73987, 41722, 49804, 34919, 69335, 61222, 4373, 81394, 93672, 72461, 28296, 43552, 30699], ""<class 'abc.NT_0000_P_00000'>"": [], ""<class 'abc.NT_0000_P_00001'>"": [], ""<class 'abc.NT_0008_P_00001'>"": [], ""<class 'abc.NT_0007'>"": [0, 30442], ""<class 'abc.NT_0007_P_00000'>"": [], ""<class 'abc.NT_0002'>"": [0, 2009, 1, 0, 0, 0, 0, 43348, 0, 0, 1, 0, 59947, 0, 1, 51023, 72856, 35135, 68688, 91088, 41794, 37834, 46209, 27140, 32412, 16605, 87250, 48617, 70996, 66420, 39098, 3194, 19778, 34998, 60968, 57395, 58847, 67190, 7904, 98402, 2086, 34529, 53358], ""<class 'abc.NT_0002_P_00000'>"": [], ""<class 'abc.NT_0002_P_00001'>"": [], ""<class 'abc.NT_0003'>"": [2, 1, 42987], ""<class 'abc.NT_0003_P_00000'>"": [], ""<class 'abc.NT_0003_P_00001'>"": [], ""<class 'abc.NT_0003_P_00002'>"": [], ""<class 'abc.NT_0006'>"": [1, 61721], ""<class 'abc.NT_0006_P_00000'>"": [], ""<class 'abc.NT_0004'>"": [], ""<class 'abc.NT_0004_P_00000'>"": [], ""<class 'abc.NT_0004_P_00001'>"": [], ""<class 'abc.NT_0006_P_00001'>"": [], ""<class 'abc.NT_0006_P_00002'>"": [], ""<class 'abc.NT_0006_P_00003'>"": [], '$leftovers': [98075, 13912, 31132, 79333, 67005, 60614, 89167, 61612, 72827, 95393, 7774, 4838, 80622, 19286, 388, 89247, 61119, 81985, 19388, 78051, 82137, 3298, 46052, 62641, 15125, 10693, 59273, 50230, 2725, 66359, 94734, 79927, 68945, 22935, 63942, 30886, 88313, 17000, 96538, 23762, 47069, 41591, 64582, 40855, 91942, 98035, 27160, 65777, 36640, 83286, 24245, 70012, 52716, 78622, 49933, 34674, 21545, 85515, 63596, 76834, 55706, 47571, 77999, 46871, 39758, 29268, 46755, 21424, 96377, 55045, 94655, 81266, 38729, 78370, 54466, 29207, 27070, 19950, 48714, 85283, 87118, 58445, 55295, 49791, 69639, 85835, 25451, 31208, 52354, 5252, 87857, 91470, 89621, 16918, 64589, 10774, 881, 56333, 90790, 65621, 27489, 54457, 34171, 74830, 31890, 50572, 65953, 35998, 64391, 95281, 20637, 33135, 31174, 47515, 11748, 5326, 17817, 70004, 97142, 48764, 9977, 74644, 82108, 68086, 583, 51473, 93489, 84890, 38149, 98649, 10844, 80482, 25381, 17020, 9347, 89949, 15014, 18882, 36628, 14633, 41856, 82037, 99404, 37653, 18649, 44344, 64413, 14642, 24495, 81627, 82442, 88737, 53766, 43356, 68048, 76857, 54180, 98414, 47699, 12953, 61699, 97194, 89429, 67184, 44588, 70450, 98116, 25260, 44483, 23173, 79095, 13425, 67243, 34275, 86145, 28169, 48308, 39880, 30534, 80777, 30118, 35147, 6330, 33047, 66138, 35106, 74980, 25433, 54994, 95227, 7978, 36144, 69832, 996, 86590, 74938, 93563, 39370, 8023, 18122, 28829, 32872, 79242, 70820, 98755, 81059, 10691, 50385, 39617, 19016, 1863, 56359, 38460, 67174, 91592, 22430, 17368, 97443, 878, 46355, 50098, 93139, 69976, 9080, 81250, 67133, 12450, 29860, 10515, 7229, 18784, 90514, 19054, 18495, 10502, 77269, 89119, 14108, 10620, 96989, 72023, 8856, 91521, 11678, 69216, 38189, 64461, 31020, 98319, 37543, 24755, 16609, 33556, 16612, 12763, 41905, 30677, 47421, 67343, 11855, 70264, 48856, 54312, 58986, 49212, 17225, 81724, 83758, 88507, 75316, 75104, 72850, 30442, 32626, 63929, 13975, 10352, 31178, 95848, 61832, 76994, 71041, 97101, 79981, 68823, 25960, 84031, 86511, 64668, 11598, 13801, 38277, 72117, 97914, 67271, 62497, 95121, 56480, 77291, 12295, 85165, 83568, 78821, 29000, 46548, 68710, 33837, 53867, 16757, 19744, 56490, 58506, 2704, 56409, 35185, 55884, 10413, 1967, 92366, 12720, 38904, 56674, 73494, 36995, 74568, 39592, 41098, 65909, 93224, 67867, 24312, 36412, 73676, 29939, 55884, 87263, 93716, 56026, 57244, 4070, 89635, 77378, 60358, 11337, 68615, 81852, 96708, 54183, 88797, 31269, 9360, 89105, 2535, 59726, 25955, 65244, 16768, 73543, 81718, 40902, 76314, 33436, 41909, 98773, 81808, 9719, 25421, 45418, 71987, 121, 11550, 65239, 40789, 44202, 36071, 57653, 43394, 36056, 23297, 64426, 23556, 86309, 21306, 27012, 42386, 48280, 10080, 4348, 88310, 90412, 82119, 9205, 49098, 2184, 83526, 11375, 6109, 97541, 35582, 21977, 35191, 38535, 67747, 59557, 46567, 34959, 10684, 671, 59720, 59887, 485, 14784, 36885, 67806, 20555, 39637, 90346, 34425, 6540, 18412, 78378, 59756, 27100, 45096, 77175, 81646, 59732, 18160, 89927, 40822, 95827, 99884, 32712, 63299, 13826, 85714, 22375, 34642, 93135, 95040, 87627, 56593, 10162, 1335, 24907, 11275, 57849, 31243, 19861, 99079, 15398, 23046, 39786, 73058, 18352, 90596, 73190, 18755, 43859, 95236, 53629, 45109, 83722, 79356, 47076, 62644, 97757, 13471, 27552, 93516, 12967, 49252, 1085, 54423, 9689, 79001, 15195, 48556, 32204, 40442, 35346, 62994, 33733, 67382, 49555, 60122, 40611, 12928, 92945, 10252, 45964, 84992, 1512, 78027, 75304, 45951, 56284, 25045, 39552, 38052, 75814, 1762, 99823, 76972, 67310, 62283, 41733, 23009, 32953, 78852, 84494, 34393, 32426, 77309, 29353, 87018, 31481, 22287, 73852, 13919, 95211, 57612, 5341, 78579, 87850, 58005, 44735, 76849, 63874, 54960, 17231, 90965, 88267, 87848, 83830, 59964, 7414, 27019, 63988, 28220, 60908, 57884, 71203, 30461, 65079, 25031, 40185, 78750, 46981, 80489, 92478, 38242, 60982, 98026, 5482, 58357, 82420, 69221, 47933, 41308, 46911, 93985, 74362, 98320, 32836, 21005, 85503, 60638, 52090, 16457, 81259, 97344, 71185, 51199, 32546, 37015, 82413, 74204, 2583, 41056, 12104, 19831, 19455, 13661, 3368, 6293, 24839, 2737, 57994, 65067, 22974, 80126, 70564, 55870, 22295, 54990, 188, 22708, 82010, 33866, 54839, 92881, 86023, 42822, 28002, 53771, 21295, 93768, 82639, 54827, 32269, 61670, 94699, 12629, 99213, 70585, 63371, 70163, 39410, 11420, 59374, 65058, 39544, 70840, 4105, 8975, 51408, 35270, 36395, 14905, 19463, 31253, 56593, 76004, 97054, 47585, 82196, 20301, 80867, 95726, 59810, 73784, 82432, 40019, 90101, 57866, 51891, 23969, 3726, 11832, 96918, 24802, 32825, 8453, 87570, 5910, 30479, 41802, 69112, 31765, 44030, 27039, 69845, 96240, 79148, 96989, 60634, 4975, 87175, 18069, 87499, 64971, 19045, 91141, 68569, 25404, 90932, 46267, 80532, 11728, 30381, 95769, 35013, 37457, 20905, 4517, 64695, 13129, 12749, 1818, 91327, 22606, 19672, 15427, 62325, 50224, 99886, 66678, 42678, 80750, 65241, 41447, 46222, 13943, 83906, 70729, 74336, 1726, 19116, 73335, 1723, 30675, 46925, 77182, 90826, 98994, 22759, 21028, 49319, 1714, 87944, 81788, 90533, 20925, 5438, 83502, 28657, 14540, 23899, 96217, 11472, 35876, 19131, 39399, 97335, 3323, 90272, 44040, 28073, 51304, 70624, 96620, 99178, 94411, 72001, 44800, 67313, 1790, 71579, 14737, 35858, 63905, 73477, 76009, 77549, 61502, 30404, 8360, 93569, 30438, 84984, 31813, 68448, 84388, 37695, 64509, 98530, 43872, 62143, 4409, 83775, 80273, 10350, 79665, 85682, 80513, 76395, 85135, 50, 99899, 64234, 25173, 9758, 89555, 73388, 69865, 87015, 65369, 28325, 55774, 56559, 91589, 18612, 75085, 48985, 12260, 55581, 52643, 30771, 53084, 74710, 37760, 93030, 63446, 4708, 3610, 20987, 34387, 7254, 40775, 63375, 36086, 68944, 85154, 97339, 582, 63463, 72341, 59954, 14020, 18086, 85698, 60806, 53178, 44623, 7009, 78538, 59250, 52896, 36953, 81979, 11585, 78783, 59912, 80451, 7908, 86148, 57967, 38859, 32429, 50491, 49646, 51605, 17936, 9071, 76700, 97994, 80026, 95215, 37158, 66905, 74561, 9845, 48648, 56873, 90265, 4935, 53997, 55323, 81384, 61656, 17380, 86036, 83384, 38040, 32058, 35626, 5574, 89012, 74225, 14736, 3774, 30442, 1927, 31150, 4053, 97867, 94199, 77143, 35135, 68688, 91088, 41794, 37834, 55373, 23899, 23589, 27140, 19312, 29137, 48645, 45195, 9285, 51686, 77237, 32412, 71166, 74992, 16605, 54805, 87250, 57981, 8304, 86470, 42219, 37094, 83712, 48617, 71511, 70996, 5774, 34672, 89123, 38732, 32888, 85024, 66420, 24542, 39098, 4196, 32319, 30825, 19263, 35160, 97555, 78084, 3194, 62916, 10273, 37083, 54678, 34983, 24651, 19257, 19778, 40516, 89108, 35376, 88159, 34998, 51537, 67219, 39507, 56501, 74134, 23427, 90725, 60968, 89598, 17756, 12022, 79034, 57395, 78328, 83923, 5036, 82093, 58847, 34848, 7116, 77228, 35847, 67190, 89480, 57388, 24410, 47344, 67755, 65286, 70702, 9600, 68405, 97096, 88913, 31775, 64853, 7904, 41722, 97019, 43009, 49804, 98402, 34919, 2086, 72111, 69335, 61222, 4373, 34529, 84114, 81394, 76868, 72461, 53358, 27691, 28296, 13480, 56011, 43552, 30699]})"
601.0,7,74,67,40.98567724227905,10387,"Genotype(dna={""<class 'abc.NT_0008'>"": [0, 56999], ""<class 'abc.NT_0008_P_00000'>"": [], ""<class 'abc.NT_0001'>"": [], ""<class 'abc.NT_0001_P_00000'>"": [], ""<class 'int'>"": [97653, 20406, 47695, 45437, 36791, 12753, 45651, 80211, 20876, 43747, 86904, 59270, 65598, 19312, 57981, 41571, 50140, 23587, 78328, 34848, 6322, 72111, 84114, 27691, 68898], ""<class 'bool'>"": [90671, 9706, 68793, 69465, 50630, 94229, 53268, 83378, 51198, 52517, 80864, 56983, 84611, 9863, 26653, 46759, 75883, 17618, 64460, 24766, 24616, 24139, 88100, 59674, 68925, 58603, 88542, 86971, 2074, 19771, 36300, 72448, 62475, 57494, 82844, 35160, 69828, 34983, 49026, 89108, 57812, 24784, 39507, 20060, 23427, 17756, 12022, 93336, 47344, 70702, 45692, 88913, 77481, 97019, 34645, 13480, 56011, 23961, 61622, 64153, 24398, 97162, 70647, 61083, 68916, 26200, 90421, 30572, 68510, 26764, 28736, 68692, 44411, 95498, 8365, 25426, 53841, 4898, 99229, 20080, 88444], ""<class 'abc.NT_0000'>"": [0, 0, 23967, 0, 0, 0, 0, 1, 0, 0, 0, 1, 0, 0, 1, 0, 74871, 0, 1, 1, 0, 1, 0, 1, 0, 46858, 39822, 0, 0, 0, 0, 0, 0, 0, 9925, 0, 0, 0, 0, 1, 8521, 0, 0, 0, 77798, 0, 17297, 73131, 46429, 0, 1, 0, 0, 0, 61708, 29137, 48645, 45195, 9285, 51686, 77237, 71166, 74992, 79081, 8304, 86470, 42219, 37094, 83712, 71511, 34672, 89123, 38732, 32888, 85024, 24542, 32319, 30825, 19263, 78084, 10273, 37083, 54678, 19257, 40516, 88159, 51537, 56501, 90725, 89598, 79034, 83923, 5036, 82093, 1824, 77228, 35847, 57388, 67755, 65286, 68405, 97096, 73987, 41722, 49804, 34919, 69335, 61222, 4373, 81394, 93672, 72461, 28296, 43552, 30699], ""<class 'abc.NT_0000_P_00000'>"": [], ""<class 'abc.NT_0000_P_00001'>"": [], ""<class 'abc.NT_0008_P_00001'>"": [], ""<class 'abc.NT_0007'>"": [0, 30442], ""<class 'abc.NT_0007_P_00000'>"": [], ""<class 'abc.NT_0002'>"": [0, 2009, 1, 0, 0, 0, 0, 43348, 0, 0, 1, 0, 59947, 0, 1, 51023, 72856, 35135, 68688, 91088, 41794, 37834, 46209, 27140, 32412, 16605, 87250, 48617, 70996, 66420, 39098, 3194, 19778, 34998, 60968, 57395, 58847, 67190, 7904, 98402, 2086, 34529, 53358], ""<class 'abc.NT_0002_P_00000'>"": [], ""<class 'abc.NT_0002_P_00001'>"": [], ""<class 'abc.NT_0003'>"": [2, 1, 42987], ""<class 'abc.NT_0003_P_00000'>"": [], ""<class 'abc.NT_0003_P_00001'>"": [], ""<class 'abc.NT_0003_P_00002'>"": [], ""<class 'abc.NT_0006'>"": [1, 61721], ""<class 'abc.NT_0006_P_00000'>"": [], ""<class 'abc.NT_0004'>"": [], ""<class 'abc.NT_0004_P_00000'>"": [], ""<class 'abc.NT_0004_P_00001'>"": [], ""<class 'abc.NT_0006_P_00001'>"": [], ""<class 'abc.NT_0006_P_00002'>"": [], ""<class 'abc.NT_0006_P_00003'>"": [], '$leftovers': [98075, 13912, 31132, 79333, 67005, 60614, 89167, 61612, 72827, 95393, 7774, 4838, 80622, 19286, 388, 89247, 61119, 81985, 19388, 78051, 82137, 3298, 46052, 62641, 15125, 10693, 59273, 50230, 2725, 66359, 94734, 79927, 68945, 22935, 63942, 30886, 88313, 17000, 96538, 23762, 47069, 41591, 64582, 40855, 91942, 98035, 27160, 65777, 36640, 83286, 24245, 70012, 52716, 78622, 49933, 34674, 21545, 85515, 63596, 76834, 55706, 47571, 77999, 46871, 39758, 29268, 46755, 21424, 96377, 55045, 94655, 81266, 38729, 78370, 54466, 29207, 27070, 19950, 48714, 85283, 87118, 58445, 55295, 49791, 69639, 85835, 25451, 31208, 52354, 5252, 87857, 91470, 89621, 16918, 64589, 10774, 881, 56333, 90790, 65621, 27489, 54457, 34171, 74830, 31890, 50572, 65953, 35998, 64391, 95281, 20637, 33135, 31174, 47515, 11748, 5326, 17817, 70004, 97142, 48764, 9977, 74644, 82108, 68086, 583, 51473, 93489, 84890, 38149, 98649, 10844, 80482, 25381, 17020, 9347, 89949, 15014, 18882, 36628, 14633, 41856, 82037, 99404, 37653, 18649, 44344, 64413, 14642, 24495, 81627, 82442, 88737, 53766, 43356, 68048, 76857, 54180, 98414, 47699, 12953, 61699, 97194, 89429, 67184, 44588, 70450, 98116, 25260, 44483, 23173, 79095, 13425, 67243, 34275, 86145, 28169, 48308, 39880, 30534, 80777, 30118, 35147, 6330, 33047, 66138, 35106, 74980, 25433, 54994, 95227, 7978, 36144, 69832, 996, 86590, 74938, 93563, 39370, 8023, 18122, 28829, 32872, 79242, 70820, 98755, 81059, 10691, 50385, 39617, 19016, 1863, 56359, 38460, 67174, 91592, 22430, 17368, 97443, 878, 46355, 50098, 93139, 69976, 9080, 81250, 67133, 12450, 29860, 10515, 7229, 18784, 90514, 19054, 18495, 10502, 77269, 89119, 14108, 10620, 96989, 72023, 8856, 91521, 11678, 69216, 38189, 64461, 31020, 98319, 37543, 24755, 16609, 33556, 16612, 12763, 41905, 30677, 47421, 67343, 11855, 70264, 48856, 54312, 58986, 49212, 17225, 81724, 83758, 88507, 75316, 75104, 72850, 30442, 32626, 63929, 13975, 10352, 31178, 95848, 61832, 76994, 71041, 97101, 79981, 68823, 25960, 84031, 86511, 64668, 11598, 13801, 38277, 72117, 97914, 67271, 62497, 95121, 56480, 77291, 12295, 85165, 83568, 78821, 29000, 46548, 68710, 33837, 53867, 16757, 19744, 56490, 58506, 2704, 56409, 35185, 55884, 10413, 1967, 92366, 12720, 38904, 56674, 73494, 36995, 74568, 39592, 41098, 65909, 93224, 67867, 24312, 36412, 73676, 29939, 55884, 87263, 93716, 56026, 57244, 4070, 89635, 77378, 60358, 11337, 68615, 81852, 96708, 54183, 88797, 31269, 9360, 89105, 2535, 59726, 25955, 65244, 16768, 73543, 81718, 40902, 76314, 33436, 41909, 98773, 81808, 9719, 25421, 45418, 71987, 121, 11550, 65239, 40789, 44202, 36071, 57653, 43394, 36056, 23297, 64426, 23556, 86309, 21306, 27012, 42386, 48280, 10080, 4348, 88310, 90412, 82119, 9205, 49098, 2184, 83526, 11375, 6109, 97541, 35582, 21977, 35191, 38535, 67747, 59557, 46567, 34959, 10684, 671, 59720, 59887, 485, 14784, 36885, 67806, 20555, 39637, 90346, 34425, 6540, 18412, 78378, 59756, 27100, 45096, 77175, 81646, 59732, 18160, 89927, 40822, 95827, 99884, 32712, 63299, 13826, 85714, 22375, 34642, 93135, 95040, 87627, 56593, 10162, 1335, 24907, 11275, 57849, 31243, 19861, 99079, 15398, 23046, 39786, 73058, 18352, 90596, 73190, 18755, 43859, 95236, 53629, 45109, 83722, 79356, 47076, 62644, 97757, 13471, 27552, 93516, 12967, 49252, 1085, 54423, 9689, 79001, 15195, 48556, 32204, 40442, 35346, 62994, 33733, 67382, 49555, 60122, 40611, 12928, 92945, 10252, 45964, 84992, 1512, 78027, 75304, 45951, 56284, 25045, 39552, 38052, 75814, 1762, 99823, 76972, 67310, 62283, 41733, 23009, 32953, 78852, 84494, 34393, 32426, 77309, 29353, 87018, 31481, 22287, 73852, 13919, 95211, 57612, 5341, 78579, 87850, 58005, 44735, 76849, 63874, 54960, 17231, 90965, 88267, 87848, 83830, 59964, 7414, 27019, 63988, 28220, 60908, 57884, 71203, 30461, 65079, 25031, 40185, 78750, 46981, 80489, 92478, 38242, 60982, 98026, 5482, 58357, 82420, 69221, 47933, 41308, 46911, 93985, 74362, 98320, 32836, 21005, 85503, 60638, 52090, 16457, 81259, 97344, 71185, 51199, 32546, 37015, 82413, 74204, 2583, 41056, 12104, 19831, 19455, 13661, 3368, 6293, 24839, 2737, 57994, 65067, 22974, 80126, 70564, 55870, 22295, 54990, 188, 22708, 82010, 33866, 54839, 92881, 86023, 42822, 28002, 53771, 21295, 93768, 82639, 54827, 32269, 61670, 94699, 12629, 99213, 70585, 63371, 70163, 39410, 11420, 59374, 65058, 39544, 70840, 4105, 8975, 51408, 35270, 36395, 14905, 19463, 31253, 56593, 76004, 97054, 47585, 82196, 20301, 80867, 95726, 59810, 73784, 82432, 40019, 90101, 57866, 51891, 23969, 3726, 11832, 96918, 24802, 32825, 8453, 87570, 5910, 30479, 41802, 69112, 31765, 44030, 27039, 69845, 96240, 79148, 96989, 60634, 4975, 87175, 18069, 87499, 64971, 19045, 91141, 68569, 25404, 90932, 46267, 80532, 11728, 30381, 95769, 35013, 37457, 20905, 4517, 64695, 13129, 12749, 1818, 91327, 22606, 19672, 15427, 62325, 50224, 99886, 66678, 42678, 80750, 65241, 41447, 46222, 13943, 83906, 70729, 74336, 1726, 19116, 73335, 1723, 30675, 46925, 77182, 90826, 98994, 22759, 21028, 49319, 1714, 87944, 81788, 90533, 20925, 5438, 83502, 28657, 14540, 23899, 96217, 11472, 35876, 19131, 39399, 97335, 3323, 90272, 44040, 28073, 51304, 70624, 96620, 99178, 94411, 72001, 44800, 67313, 1790, 71579, 14737, 35858, 63905, 73477, 76009, 77549, 61502, 30404, 8360, 93569, 30438, 84984, 31813, 68448, 84388, 37695, 64509, 98530, 43872, 62143, 4409, 83775, 80273, 10350, 79665, 85682, 80513, 76395, 85135, 50, 99899, 64234, 25173, 9758, 89555, 73388, 69865, 87015, 65369, 28325, 55774, 56559, 91589, 18612, 75085, 48985, 12260, 55581, 52643, 30771, 53084, 74710, 37760, 93030, 63446, 4708, 3610, 20987, 34387, 7254, 40775, 63375, 36086, 68944, 85154, 97339, 582, 63463, 72341, 59954, 14020, 18086, 85698, 60806, 53178, 44623, 7009, 78538, 59250, 52896, 36953, 81979, 11585, 78783, 59912, 80451, 7908, 86148, 57967, 38859, 32429, 50491, 49646, 51605, 17936, 9071, 76700, 97994, 80026, 95215, 37158, 66905, 74561, 9845, 48648, 56873, 90265, 4935, 53997, 55323, 81384, 61656, 17380, 86036, 83384, 38040, 32058, 35626, 5574, 89012, 74225, 14736, 3774, 30442, 1927, 31150, 4053, 97867, 94199, 77143, 35135, 68688, 91088, 41794, 37834, 55373, 23899, 23589, 27140, 19312, 29137, 48645, 45195, 9285, 51686, 77237, 32412, 71166, 74992, 16605, 54805, 87250, 57981, 8304, 86470, 42219, 37094, 83712, 48617, 71511, 70996, 5774, 34672, 89123, 38732, 32888, 85024, 66420, 24542, 39098, 4196, 32319, 30825, 19263, 35160, 97555, 78084, 3194, 62916, 10273, 37083, 54678, 34983, 24651, 19257, 19778, 40516, 89108, 35376, 88159, 34998, 51537, 67219, 39507, 56501, 74134, 23427, 90725, 60968, 89598, 17756, 12022, 79034, 57395, 78328, 83923, 5036, 82093, 58847, 34848, 7116, 77228, 35847, 67190, 89480, 57388, 24410, 47344, 67755, 65286, 70702, 9600, 68405, 97096, 88913, 31775, 64853, 7904, 41722, 97019, 43009, 49804, 98402, 34919, 2086, 72111, 69335, 61222, 4373, 34529, 84114, 81394, 76868, 72461, 53358, 27691, 28296, 13480, 56011, 43552, 30699]})"
601.0,7,74,68,41.44983172416687,10387,"Genotype(dna={""<class 'abc.NT_0008'>"": [0, 56999], ""<class 'abc.NT_0008_P_00000'>"": [], ""<class 'abc.NT_0001'>"": [], ""<class 'abc.NT_0001_P_00000'>"": [], ""<class 'int'>"": [97653, 20406, 47695, 45437, 36791, 12753, 45651, 80211, 20876, 43747, 86904, 59270, 65598, 19312, 57981, 41571, 50140, 23587, 78328, 34848, 6322, 72111, 84114, 27691, 68898], ""<class 'bool'>"": [90671, 9706, 68793, 69465, 50630, 94229, 53268, 83378, 51198, 52517, 80864, 56983, 84611, 9863, 26653, 46759, 75883, 17618, 64460, 24766, 24616, 24139, 88100, 59674, 68925, 58603, 88542, 86971, 2074, 19771, 36300, 72448, 62475, 57494, 82844, 35160, 69828, 34983, 49026, 89108, 57812, 24784, 39507, 20060, 23427, 17756, 12022, 93336, 47344, 70702, 45692, 88913, 77481, 97019, 34645, 13480, 56011, 23961, 61622, 64153, 24398, 97162, 70647, 61083, 68916, 26200, 90421, 30572, 68510, 26764, 28736, 68692, 44411, 95498, 8365, 25426, 53841, 4898, 99229, 20080, 88444], ""<class 'abc.NT_0000'>"": [0, 0, 23967, 0, 0, 0, 0, 1, 0, 0, 0, 1, 0, 0, 1, 0, 74871, 0, 1, 1, 0, 1, 0, 1, 0, 46858, 39822, 0, 0, 0, 0, 0, 0, 0, 9925, 0, 0, 0, 0, 1, 8521, 0, 0, 0, 77798, 0, 17297, 73131, 46429, 0, 1, 0, 0, 0, 61708, 29137, 48645, 45195, 9285, 51686, 77237, 71166, 74992, 79081, 8304, 86470, 42219, 37094, 83712, 71511, 34672, 89123, 38732, 32888, 85024, 24542, 32319, 30825, 19263, 78084, 10273, 37083, 54678, 19257, 40516, 88159, 51537, 56501, 90725, 89598, 79034, 83923, 5036, 82093, 1824, 77228, 35847, 57388, 67755, 65286, 68405, 97096, 73987, 41722, 49804, 34919, 69335, 61222, 4373, 81394, 93672, 72461, 28296, 43552, 30699], ""<class 'abc.NT_0000_P_00000'>"": [], ""<class 'abc.NT_0000_P_00001'>"": [], ""<class 'abc.NT_0008_P_00001'>"": [], ""<class 'abc.NT_0007'>"": [0, 30442], ""<class 'abc.NT_0007_P_00000'>"": [], ""<class 'abc.NT_0002'>"": [0, 2009, 1, 0, 0, 0, 0, 43348, 0, 0, 1, 0, 59947, 0, 1, 51023, 72856, 35135, 68688, 91088, 41794, 37834, 46209, 27140, 32412, 16605, 87250, 48617, 70996, 66420, 39098, 3194, 19778, 34998, 60968, 57395, 58847, 67190, 7904, 98402, 2086, 34529, 53358], ""<class 'abc.NT_0002_P_00000'>"": [], ""<class 'abc.NT_0002_P_00001'>"": [], ""<class 'abc.NT_0003'>"": [2, 1, 42987], ""<class 'abc.NT_0003_P_00000'>"": [], ""<class 'abc.NT_0003_P_00001'>"": [], ""<class 'abc.NT_0003_P_00002'>"": [], ""<class 'abc.NT_0006'>"": [1, 61721], ""<class 'abc.NT_0006_P_00000'>"": [], ""<class 'abc.NT_0004'>"": [], ""<class 'abc.NT_0004_P_00000'>"": [], ""<class 'abc.NT_0004_P_00001'>"": [], ""<class 'abc.NT_0006_P_00001'>"": [], ""<class 'abc.NT_0006_P_00002'>"": [], ""<class 'abc.NT_0006_P_00003'>"": [], '$leftovers': [98075, 13912, 31132, 79333, 67005, 60614, 89167, 61612, 72827, 95393, 7774, 4838, 80622, 19286, 388, 89247, 61119, 81985, 19388, 78051, 82137, 3298, 46052, 62641, 15125, 10693, 59273, 50230, 2725, 66359, 94734, 79927, 68945, 22935, 63942, 30886, 88313, 17000, 96538, 23762, 47069, 41591, 64582, 40855, 91942, 98035, 27160, 65777, 36640, 83286, 24245, 70012, 52716, 78622, 49933, 34674, 21545, 85515, 63596, 76834, 55706, 47571, 77999, 46871, 39758, 29268, 46755, 21424, 96377, 55045, 94655, 81266, 38729, 78370, 54466, 29207, 27070, 19950, 48714, 85283, 87118, 58445, 55295, 49791, 69639, 85835, 25451, 31208, 52354, 5252, 87857, 91470, 89621, 16918, 64589, 10774, 881, 56333, 90790, 65621, 27489, 54457, 34171, 74830, 31890, 50572, 65953, 35998, 64391, 95281, 20637, 33135, 31174, 47515, 11748, 5326, 17817, 70004, 97142, 48764, 9977, 74644, 82108, 68086, 583, 51473, 93489, 84890, 38149, 98649, 10844, 80482, 25381, 17020, 9347, 89949, 15014, 18882, 36628, 14633, 41856, 82037, 99404, 37653, 18649, 44344, 64413, 14642, 24495, 81627, 82442, 88737, 53766, 43356, 68048, 76857, 54180, 98414, 47699, 12953, 61699, 97194, 89429, 67184, 44588, 70450, 98116, 25260, 44483, 23173, 79095, 13425, 67243, 34275, 86145, 28169, 48308, 39880, 30534, 80777, 30118, 35147, 6330, 33047, 66138, 35106, 74980, 25433, 54994, 95227, 7978, 36144, 69832, 996, 86590, 74938, 93563, 39370, 8023, 18122, 28829, 32872, 79242, 70820, 98755, 81059, 10691, 50385, 39617, 19016, 1863, 56359, 38460, 67174, 91592, 22430, 17368, 97443, 878, 46355, 50098, 93139, 69976, 9080, 81250, 67133, 12450, 29860, 10515, 7229, 18784, 90514, 19054, 18495, 10502, 77269, 89119, 14108, 10620, 96989, 72023, 8856, 91521, 11678, 69216, 38189, 64461, 31020, 98319, 37543, 24755, 16609, 33556, 16612, 12763, 41905, 30677, 47421, 67343, 11855, 70264, 48856, 54312, 58986, 49212, 17225, 81724, 83758, 88507, 75316, 75104, 72850, 30442, 32626, 63929, 13975, 10352, 31178, 95848, 61832, 76994, 71041, 97101, 79981, 68823, 25960, 84031, 86511, 64668, 11598, 13801, 38277, 72117, 97914, 67271, 62497, 95121, 56480, 77291, 12295, 85165, 83568, 78821, 29000, 46548, 68710, 33837, 53867, 16757, 19744, 56490, 58506, 2704, 56409, 35185, 55884, 10413, 1967, 92366, 12720, 38904, 56674, 73494, 36995, 74568, 39592, 41098, 65909, 93224, 67867, 24312, 36412, 73676, 29939, 55884, 87263, 93716, 56026, 57244, 4070, 89635, 77378, 60358, 11337, 68615, 81852, 96708, 54183, 88797, 31269, 9360, 89105, 2535, 59726, 25955, 65244, 16768, 73543, 81718, 40902, 76314, 33436, 41909, 98773, 81808, 9719, 25421, 45418, 71987, 121, 11550, 65239, 40789, 44202, 36071, 57653, 43394, 36056, 23297, 64426, 23556, 86309, 21306, 27012, 42386, 48280, 10080, 4348, 88310, 90412, 82119, 9205, 49098, 2184, 83526, 11375, 6109, 97541, 35582, 21977, 35191, 38535, 67747, 59557, 46567, 34959, 10684, 671, 59720, 59887, 485, 14784, 36885, 67806, 20555, 39637, 90346, 34425, 6540, 18412, 78378, 59756, 27100, 45096, 77175, 81646, 59732, 18160, 89927, 40822, 95827, 99884, 32712, 63299, 13826, 85714, 22375, 34642, 93135, 95040, 87627, 56593, 10162, 1335, 24907, 11275, 57849, 31243, 19861, 99079, 15398, 23046, 39786, 73058, 18352, 90596, 73190, 18755, 43859, 95236, 53629, 45109, 83722, 79356, 47076, 62644, 97757, 13471, 27552, 93516, 12967, 49252, 1085, 54423, 9689, 79001, 15195, 48556, 32204, 40442, 35346, 62994, 33733, 67382, 49555, 60122, 40611, 12928, 92945, 10252, 45964, 84992, 1512, 78027, 75304, 45951, 56284, 25045, 39552, 38052, 75814, 1762, 99823, 76972, 67310, 62283, 41733, 23009, 32953, 78852, 84494, 34393, 32426, 77309, 29353, 87018, 31481, 22287, 73852, 13919, 95211, 57612, 5341, 78579, 87850, 58005, 44735, 76849, 63874, 54960, 17231, 90965, 88267, 87848, 83830, 59964, 7414, 27019, 63988, 28220, 60908, 57884, 71203, 30461, 65079, 25031, 40185, 78750, 46981, 80489, 92478, 38242, 60982, 98026, 5482, 58357, 82420, 69221, 47933, 41308, 46911, 93985, 74362, 98320, 32836, 21005, 85503, 60638, 52090, 16457, 81259, 97344, 71185, 51199, 32546, 37015, 82413, 74204, 2583, 41056, 12104, 19831, 19455, 13661, 3368, 6293, 24839, 2737, 57994, 65067, 22974, 80126, 70564, 55870, 22295, 54990, 188, 22708, 82010, 33866, 54839, 92881, 86023, 42822, 28002, 53771, 21295, 93768, 82639, 54827, 32269, 61670, 94699, 12629, 99213, 70585, 63371, 70163, 39410, 11420, 59374, 65058, 39544, 70840, 4105, 8975, 51408, 35270, 36395, 14905, 19463, 31253, 56593, 76004, 97054, 47585, 82196, 20301, 80867, 95726, 59810, 73784, 82432, 40019, 90101, 57866, 51891, 23969, 3726, 11832, 96918, 24802, 32825, 8453, 87570, 5910, 30479, 41802, 69112, 31765, 44030, 27039, 69845, 96240, 79148, 96989, 60634, 4975, 87175, 18069, 87499, 64971, 19045, 91141, 68569, 25404, 90932, 46267, 80532, 11728, 30381, 95769, 35013, 37457, 20905, 4517, 64695, 13129, 12749, 1818, 91327, 22606, 19672, 15427, 62325, 50224, 99886, 66678, 42678, 80750, 65241, 41447, 46222, 13943, 83906, 70729, 74336, 1726, 19116, 73335, 1723, 30675, 46925, 77182, 90826, 98994, 22759, 21028, 49319, 1714, 87944, 81788, 90533, 20925, 5438, 83502, 28657, 14540, 23899, 96217, 11472, 35876, 19131, 39399, 97335, 3323, 90272, 44040, 28073, 51304, 70624, 96620, 99178, 94411, 72001, 44800, 67313, 1790, 71579, 14737, 35858, 63905, 73477, 76009, 77549, 61502, 30404, 8360, 93569, 30438, 84984, 31813, 68448, 84388, 37695, 64509, 98530, 43872, 62143, 4409, 83775, 80273, 10350, 79665, 85682, 80513, 76395, 85135, 50, 99899, 64234, 25173, 9758, 89555, 73388, 69865, 87015, 65369, 28325, 55774, 56559, 91589, 18612, 75085, 48985, 12260, 55581, 52643, 30771, 53084, 74710, 37760, 93030, 63446, 4708, 3610, 20987, 34387, 7254, 40775, 63375, 36086, 68944, 85154, 97339, 582, 63463, 72341, 59954, 14020, 18086, 85698, 60806, 53178, 44623, 7009, 78538, 59250, 52896, 36953, 81979, 11585, 78783, 59912, 80451, 7908, 86148, 57967, 38859, 32429, 50491, 49646, 51605, 17936, 9071, 76700, 97994, 80026, 95215, 37158, 66905, 74561, 9845, 48648, 56873, 90265, 4935, 53997, 55323, 81384, 61656, 17380, 86036, 83384, 38040, 32058, 35626, 5574, 89012, 74225, 14736, 3774, 30442, 1927, 31150, 4053, 97867, 94199, 77143, 35135, 68688, 91088, 41794, 37834, 55373, 23899, 23589, 27140, 19312, 29137, 48645, 45195, 9285, 51686, 77237, 32412, 71166, 74992, 16605, 54805, 87250, 57981, 8304, 86470, 42219, 37094, 83712, 48617, 71511, 70996, 5774, 34672, 89123, 38732, 32888, 85024, 66420, 24542, 39098, 4196, 32319, 30825, 19263, 35160, 97555, 78084, 3194, 62916, 10273, 37083, 54678, 34983, 24651, 19257, 19778, 40516, 89108, 35376, 88159, 34998, 51537, 67219, 39507, 56501, 74134, 23427, 90725, 60968, 89598, 17756, 12022, 79034, 57395, 78328, 83923, 5036, 82093, 58847, 34848, 7116, 77228, 35847, 67190, 89480, 57388, 24410, 47344, 67755, 65286, 70702, 9600, 68405, 97096, 88913, 31775, 64853, 7904, 41722, 97019, 43009, 49804, 98402, 34919, 2086, 72111, 69335, 61222, 4373, 34529, 84114, 81394, 76868, 72461, 53358, 27691, 28296, 13480, 56011, 43552, 30699]})"
601.0,7,74,69,41.867374897003174,10387,"Genotype(dna={""<class 'abc.NT_0008'>"": [0, 56999], ""<class 'abc.NT_0008_P_00000'>"": [], ""<class 'abc.NT_0001'>"": [], ""<class 'abc.NT_0001_P_00000'>"": [], ""<class 'int'>"": [97653, 20406, 47695, 45437, 36791, 12753, 45651, 80211, 20876, 43747, 86904, 59270, 65598, 19312, 57981, 41571, 50140, 23587, 78328, 34848, 6322, 72111, 84114, 27691, 68898], ""<class 'bool'>"": [90671, 9706, 68793, 69465, 50630, 94229, 53268, 83378, 51198, 52517, 80864, 56983, 84611, 9863, 26653, 46759, 75883, 17618, 64460, 24766, 24616, 24139, 88100, 59674, 68925, 58603, 88542, 86971, 2074, 19771, 36300, 72448, 62475, 57494, 82844, 35160, 69828, 34983, 49026, 89108, 57812, 24784, 39507, 20060, 23427, 17756, 12022, 93336, 47344, 70702, 45692, 88913, 77481, 97019, 34645, 13480, 56011, 23961, 61622, 64153, 24398, 97162, 70647, 61083, 68916, 26200, 90421, 30572, 68510, 26764, 28736, 68692, 44411, 95498, 8365, 25426, 53841, 4898, 99229, 20080, 88444], ""<class 'abc.NT_0000'>"": [0, 0, 23967, 0, 0, 0, 0, 1, 0, 0, 0, 1, 0, 0, 1, 0, 74871, 0, 1, 1, 0, 1, 0, 1, 0, 46858, 39822, 0, 0, 0, 0, 0, 0, 0, 9925, 0, 0, 0, 0, 1, 8521, 0, 0, 0, 77798, 0, 17297, 73131, 46429, 0, 1, 0, 0, 0, 61708, 29137, 48645, 45195, 9285, 51686, 77237, 71166, 74992, 79081, 8304, 86470, 42219, 37094, 83712, 71511, 34672, 89123, 38732, 32888, 85024, 24542, 32319, 30825, 19263, 78084, 10273, 37083, 54678, 19257, 40516, 88159, 51537, 56501, 90725, 89598, 79034, 83923, 5036, 82093, 1824, 77228, 35847, 57388, 67755, 65286, 68405, 97096, 73987, 41722, 49804, 34919, 69335, 61222, 4373, 81394, 93672, 72461, 28296, 43552, 30699], ""<class 'abc.NT_0000_P_00000'>"": [], ""<class 'abc.NT_0000_P_00001'>"": [], ""<class 'abc.NT_0008_P_00001'>"": [], ""<class 'abc.NT_0007'>"": [0, 30442], ""<class 'abc.NT_0007_P_00000'>"": [], ""<class 'abc.NT_0002'>"": [0, 2009, 1, 0, 0, 0, 0, 43348, 0, 0, 1, 0, 59947, 0, 1, 51023, 72856, 35135, 68688, 91088, 41794, 37834, 46209, 27140, 32412, 16605, 87250, 48617, 70996, 66420, 39098, 3194, 19778, 34998, 60968, 57395, 58847, 67190, 7904, 98402, 2086, 34529, 53358], ""<class 'abc.NT_0002_P_00000'>"": [], ""<class 'abc.NT_0002_P_00001'>"": [], ""<class 'abc.NT_0003'>"": [2, 1, 42987], ""<class 'abc.NT_0003_P_00000'>"": [], ""<class 'abc.NT_0003_P_00001'>"": [], ""<class 'abc.NT_0003_P_00002'>"": [], ""<class 'abc.NT_0006'>"": [1, 61721], ""<class 'abc.NT_0006_P_00000'>"": [], ""<class 'abc.NT_0004'>"": [], ""<class 'abc.NT_0004_P_00000'>"": [], ""<class 'abc.NT_0004_P_00001'>"": [], ""<class 'abc.NT_0006_P_00001'>"": [], ""<class 'abc.NT_0006_P_00002'>"": [], ""<class 'abc.NT_0006_P_00003'>"": [], '$leftovers': [98075, 13912, 31132, 79333, 67005, 60614, 89167, 61612, 72827, 95393, 7774, 4838, 80622, 19286, 388, 89247, 61119, 81985, 19388, 78051, 82137, 3298, 46052, 62641, 15125, 10693, 59273, 50230, 2725, 66359, 94734, 79927, 68945, 22935, 63942, 30886, 88313, 17000, 96538, 23762, 47069, 41591, 64582, 40855, 91942, 98035, 27160, 65777, 36640, 83286, 24245, 70012, 52716, 78622, 49933, 34674, 21545, 85515, 63596, 76834, 55706, 47571, 77999, 46871, 39758, 29268, 46755, 21424, 96377, 55045, 94655, 81266, 38729, 78370, 54466, 29207, 27070, 19950, 48714, 85283, 87118, 58445, 55295, 49791, 69639, 85835, 25451, 31208, 52354, 5252, 87857, 91470, 89621, 16918, 64589, 10774, 881, 56333, 90790, 65621, 27489, 54457, 34171, 74830, 31890, 50572, 65953, 35998, 64391, 95281, 20637, 33135, 31174, 47515, 11748, 5326, 17817, 70004, 97142, 48764, 9977, 74644, 82108, 68086, 583, 51473, 93489, 84890, 38149, 98649, 10844, 80482, 25381, 17020, 9347, 89949, 15014, 18882, 36628, 14633, 41856, 82037, 99404, 37653, 18649, 44344, 64413, 14642, 24495, 81627, 82442, 88737, 53766, 43356, 68048, 76857, 54180, 98414, 47699, 12953, 61699, 97194, 89429, 67184, 44588, 70450, 98116, 25260, 44483, 23173, 79095, 13425, 67243, 34275, 86145, 28169, 48308, 39880, 30534, 80777, 30118, 35147, 6330, 33047, 66138, 35106, 74980, 25433, 54994, 95227, 7978, 36144, 69832, 996, 86590, 74938, 93563, 39370, 8023, 18122, 28829, 32872, 79242, 70820, 98755, 81059, 10691, 50385, 39617, 19016, 1863, 56359, 38460, 67174, 91592, 22430, 17368, 97443, 878, 46355, 50098, 93139, 69976, 9080, 81250, 67133, 12450, 29860, 10515, 7229, 18784, 90514, 19054, 18495, 10502, 77269, 89119, 14108, 10620, 96989, 72023, 8856, 91521, 11678, 69216, 38189, 64461, 31020, 98319, 37543, 24755, 16609, 33556, 16612, 12763, 41905, 30677, 47421, 67343, 11855, 70264, 48856, 54312, 58986, 49212, 17225, 81724, 83758, 88507, 75316, 75104, 72850, 30442, 32626, 63929, 13975, 10352, 31178, 95848, 61832, 76994, 71041, 97101, 79981, 68823, 25960, 84031, 86511, 64668, 11598, 13801, 38277, 72117, 97914, 67271, 62497, 95121, 56480, 77291, 12295, 85165, 83568, 78821, 29000, 46548, 68710, 33837, 53867, 16757, 19744, 56490, 58506, 2704, 56409, 35185, 55884, 10413, 1967, 92366, 12720, 38904, 56674, 73494, 36995, 74568, 39592, 41098, 65909, 93224, 67867, 24312, 36412, 73676, 29939, 55884, 87263, 93716, 56026, 57244, 4070, 89635, 77378, 60358, 11337, 68615, 81852, 96708, 54183, 88797, 31269, 9360, 89105, 2535, 59726, 25955, 65244, 16768, 73543, 81718, 40902, 76314, 33436, 41909, 98773, 81808, 9719, 25421, 45418, 71987, 121, 11550, 65239, 40789, 44202, 36071, 57653, 43394, 36056, 23297, 64426, 23556, 86309, 21306, 27012, 42386, 48280, 10080, 4348, 88310, 90412, 82119, 9205, 49098, 2184, 83526, 11375, 6109, 97541, 35582, 21977, 35191, 38535, 67747, 59557, 46567, 34959, 10684, 671, 59720, 59887, 485, 14784, 36885, 67806, 20555, 39637, 90346, 34425, 6540, 18412, 78378, 59756, 27100, 45096, 77175, 81646, 59732, 18160, 89927, 40822, 95827, 99884, 32712, 63299, 13826, 85714, 22375, 34642, 93135, 95040, 87627, 56593, 10162, 1335, 24907, 11275, 57849, 31243, 19861, 99079, 15398, 23046, 39786, 73058, 18352, 90596, 73190, 18755, 43859, 95236, 53629, 45109, 83722, 79356, 47076, 62644, 97757, 13471, 27552, 93516, 12967, 49252, 1085, 54423, 9689, 79001, 15195, 48556, 32204, 40442, 35346, 62994, 33733, 67382, 49555, 60122, 40611, 12928, 92945, 10252, 45964, 84992, 1512, 78027, 75304, 45951, 56284, 25045, 39552, 38052, 75814, 1762, 99823, 76972, 67310, 62283, 41733, 23009, 32953, 78852, 84494, 34393, 32426, 77309, 29353, 87018, 31481, 22287, 73852, 13919, 95211, 57612, 5341, 78579, 87850, 58005, 44735, 76849, 63874, 54960, 17231, 90965, 88267, 87848, 83830, 59964, 7414, 27019, 63988, 28220, 60908, 57884, 71203, 30461, 65079, 25031, 40185, 78750, 46981, 80489, 92478, 38242, 60982, 98026, 5482, 58357, 82420, 69221, 47933, 41308, 46911, 93985, 74362, 98320, 32836, 21005, 85503, 60638, 52090, 16457, 81259, 97344, 71185, 51199, 32546, 37015, 82413, 74204, 2583, 41056, 12104, 19831, 19455, 13661, 3368, 6293, 24839, 2737, 57994, 65067, 22974, 80126, 70564, 55870, 22295, 54990, 188, 22708, 82010, 33866, 54839, 92881, 86023, 42822, 28002, 53771, 21295, 93768, 82639, 54827, 32269, 61670, 94699, 12629, 99213, 70585, 63371, 70163, 39410, 11420, 59374, 65058, 39544, 70840, 4105, 8975, 51408, 35270, 36395, 14905, 19463, 31253, 56593, 76004, 97054, 47585, 82196, 20301, 80867, 95726, 59810, 73784, 82432, 40019, 90101, 57866, 51891, 23969, 3726, 11832, 96918, 24802, 32825, 8453, 87570, 5910, 30479, 41802, 69112, 31765, 44030, 27039, 69845, 96240, 79148, 96989, 60634, 4975, 87175, 18069, 87499, 64971, 19045, 91141, 68569, 25404, 90932, 46267, 80532, 11728, 30381, 95769, 35013, 37457, 20905, 4517, 64695, 13129, 12749, 1818, 91327, 22606, 19672, 15427, 62325, 50224, 99886, 66678, 42678, 80750, 65241, 41447, 46222, 13943, 83906, 70729, 74336, 1726, 19116, 73335, 1723, 30675, 46925, 77182, 90826, 98994, 22759, 21028, 49319, 1714, 87944, 81788, 90533, 20925, 5438, 83502, 28657, 14540, 23899, 96217, 11472, 35876, 19131, 39399, 97335, 3323, 90272, 44040, 28073, 51304, 70624, 96620, 99178, 94411, 72001, 44800, 67313, 1790, 71579, 14737, 35858, 63905, 73477, 76009, 77549, 61502, 30404, 8360, 93569, 30438, 84984, 31813, 68448, 84388, 37695, 64509, 98530, 43872, 62143, 4409, 83775, 80273, 10350, 79665, 85682, 80513, 76395, 85135, 50, 99899, 64234, 25173, 9758, 89555, 73388, 69865, 87015, 65369, 28325, 55774, 56559, 91589, 18612, 75085, 48985, 12260, 55581, 52643, 30771, 53084, 74710, 37760, 93030, 63446, 4708, 3610, 20987, 34387, 7254, 40775, 63375, 36086, 68944, 85154, 97339, 582, 63463, 72341, 59954, 14020, 18086, 85698, 60806, 53178, 44623, 7009, 78538, 59250, 52896, 36953, 81979, 11585, 78783, 59912, 80451, 7908, 86148, 57967, 38859, 32429, 50491, 49646, 51605, 17936, 9071, 76700, 97994, 80026, 95215, 37158, 66905, 74561, 9845, 48648, 56873, 90265, 4935, 53997, 55323, 81384, 61656, 17380, 86036, 83384, 38040, 32058, 35626, 5574, 89012, 74225, 14736, 3774, 30442, 1927, 31150, 4053, 97867, 94199, 77143, 35135, 68688, 91088, 41794, 37834, 55373, 23899, 23589, 27140, 19312, 29137, 48645, 45195, 9285, 51686, 77237, 32412, 71166, 74992, 16605, 54805, 87250, 57981, 8304, 86470, 42219, 37094, 83712, 48617, 71511, 70996, 5774, 34672, 89123, 38732, 32888, 85024, 66420, 24542, 39098, 4196, 32319, 30825, 19263, 35160, 97555, 78084, 3194, 62916, 10273, 37083, 54678, 34983, 24651, 19257, 19778, 40516, 89108, 35376, 88159, 34998, 51537, 67219, 39507, 56501, 74134, 23427, 90725, 60968, 89598, 17756, 12022, 79034, 57395, 78328, 83923, 5036, 82093, 58847, 34848, 7116, 77228, 35847, 67190, 89480, 57388, 24410, 47344, 67755, 65286, 70702, 9600, 68405, 97096, 88913, 31775, 64853, 7904, 41722, 97019, 43009, 49804, 98402, 34919, 2086, 72111, 69335, 61222, 4373, 34529, 84114, 81394, 76868, 72461, 53358, 27691, 28296, 13480, 56011, 43552, 30699]})"
592.0,7,74,70,42.2898006439209,10387,"Genotype(dna={""<class 'abc.NT_0008'>"": [0, 56999], ""<class 'abc.NT_0008_P_00000'>"": [], ""<class 'abc.NT_0001'>"": [], ""<class 'abc.NT_0001_P_00000'>"": [], ""<class 'int'>"": [97653, 20406, 47695, 45437, 36791, 12753, 45651, 80211, 20876, 43747, 86904, 59270, 24543, 19312, 57981, 41571, 50140, 23587, 78328, 34848, 6322, 72111, 84114, 27691, 68898], ""<class 'bool'>"": [90671, 9706, 68793, 69465, 50630, 94229, 53268, 83378, 51198, 52517, 80864, 56983, 84611, 9863, 26653, 46759, 75883, 17618, 64460, 24766, 24616, 24139, 88100, 59674, 68925, 58603, 88542, 86971, 27699, 19771, 36300, 72448, 62475, 57494, 82844, 35160, 69828, 34983, 49026, 89108, 57812, 24784, 39507, 8947, 23427, 17756, 12022, 93336, 47344, 70702, 45692, 42395, 77481, 97019, 34645, 13480, 56011, 23961, 61622, 64153, 24398, 97162, 70647, 61083, 68916, 26200, 41381, 30572, 68510, 53169, 28736, 68692, 44411, 95498, 8365, 25426, 53841, 4898, 99229, 20080, 88444], ""<class 'abc.NT_0000'>"": [0, 0, 23967, 0, 0, 0, 0, 1, 0, 0, 0, 1, 0, 0, 1, 0, 74871, 0, 1, 58617, 0, 1, 0, 1, 0, 46858, 39822, 0, 0, 7126, 92594, 0, 0, 17808, 9925, 0, 0, 0, 0, 1, 8521, 0, 0, 0, 77798, 0, 17297, 73131, 46429, 0, 1, 0, 0, 0, 61708, 29137, 48645, 45195, 9285, 51686, 18313, 71166, 74992, 79081, 8304, 86470, 42219, 37094, 83712, 71511, 34672, 60829, 38732, 32888, 85024, 24542, 32319, 84869, 19263, 78084, 7411, 37083, 54678, 19257, 40516, 88159, 22368, 56501, 3274, 75249, 79034, 58805, 5036, 82093, 1824, 77228, 35847, 57388, 67755, 34694, 68405, 97096, 73987, 41722, 49804, 34919, 69335, 61222, 4373, 55374, 93672, 72461, 59235, 43552, 30699], ""<class 'abc.NT_0000_P_00000'>"": [], ""<class 'abc.NT_0000_P_00001'>"": [], ""<class 'abc.NT_0008_P_00001'>"": [], ""<class 'abc.NT_0007'>"": [0, 30442], ""<class 'abc.NT_0007_P_00000'>"": [], ""<class 'abc.NT_0002'>"": [0, 2009, 1, 0, 0, 0, 0, 43348, 0, 0, 1, 0, 59947, 0, 1, 51023, 72856, 35135, 68688, 91088, 41794, 37834, 46209, 27140, 32412, 16605, 71302, 48617, 70996, 66420, 39098, 3194, 19778, 34998, 60968, 57395, 58847, 67190, 7904, 98402, 2086, 34529, 19386], ""<class 'abc.NT_0002_P_00000'>"": [], ""<class 'abc.NT_0002_P_00001'>"": [], ""<class 'abc.NT_0003'>"": [2, 1, 42987], ""<class 'abc.NT_0003_P_00000'>"": [], ""<class 'abc.NT_0003_P_00001'>"": [], ""<class 'abc.NT_0003_P_00002'>"": [], ""<class 'abc.NT_0006'>"": [1, 61721], ""<class 'abc.NT_0006_P_00000'>"": [], ""<class 'abc.NT_0004'>"": [], ""<class 'abc.NT_0004_P_00000'>"": [], ""<class 'abc.NT_0004_P_00001'>"": [], ""<class 'abc.NT_0006_P_00001'>"": [], ""<class 'abc.NT_0006_P_00002'>"": [], ""<class 'abc.NT_0006_P_00003'>"": [], '$leftovers': [98075, 13912, 31132, 79333, 67005, 60614, 89167, 61612, 72827, 95393, 7774, 4838, 80622, 19286, 388, 89247, 61119, 81985, 19388, 78051, 82137, 3298, 46052, 62641, 15125, 10693, 59273, 50230, 2725, 66359, 94734, 79927, 68945, 22935, 63942, 30886, 88313, 17000, 96538, 23762, 47069, 41591, 64582, 40855, 91942, 98035, 27160, 65777, 36640, 83286, 24245, 70012, 52716, 78622, 49933, 34674, 21545, 85515, 63596, 76834, 55706, 47571, 77999, 46871, 39758, 29268, 46755, 21424, 96377, 55045, 94655, 81266, 38729, 78370, 54466, 29207, 27070, 19950, 48714, 85283, 87118, 58445, 55295, 49791, 69639, 85835, 25451, 31208, 52354, 5252, 87857, 91470, 89621, 16918, 64589, 10774, 881, 56333, 90790, 65621, 27489, 54457, 34171, 74830, 31890, 50572, 65953, 35998, 64391, 95281, 20637, 33135, 31174, 47515, 11748, 5326, 17817, 70004, 97142, 48764, 9977, 74644, 82108, 68086, 583, 51473, 93489, 84890, 38149, 98649, 10844, 80482, 25381, 17020, 9347, 89949, 15014, 18882, 36628, 14633, 41856, 82037, 99404, 37653, 18649, 44344, 64413, 14642, 24495, 81627, 82442, 88737, 53766, 43356, 68048, 76857, 54180, 98414, 47699, 12953, 61699, 97194, 89429, 67184, 44588, 70450, 98116, 25260, 44483, 23173, 79095, 13425, 67243, 34275, 86145, 28169, 48308, 39880, 30534, 80777, 30118, 35147, 6330, 33047, 66138, 35106, 74980, 25433, 54994, 95227, 7978, 36144, 69832, 996, 86590, 74938, 93563, 39370, 8023, 18122, 28829, 32872, 79242, 70820, 98755, 81059, 10691, 50385, 39617, 19016, 1863, 56359, 38460, 67174, 91592, 22430, 17368, 97443, 878, 46355, 50098, 93139, 69976, 9080, 81250, 67133, 12450, 29860, 10515, 7229, 18784, 90514, 19054, 18495, 10502, 77269, 89119, 14108, 10620, 96989, 72023, 8856, 91521, 11678, 69216, 38189, 64461, 31020, 98319, 37543, 24755, 16609, 33556, 16612, 12763, 41905, 30677, 47421, 67343, 11855, 70264, 48856, 54312, 58986, 49212, 17225, 81724, 83758, 88507, 75316, 75104, 72850, 30442, 32626, 63929, 13975, 10352, 31178, 95848, 61832, 76994, 71041, 97101, 79981, 68823, 25960, 84031, 86511, 64668, 11598, 13801, 38277, 72117, 97914, 67271, 62497, 95121, 56480, 77291, 12295, 85165, 83568, 78821, 29000, 46548, 68710, 33837, 53867, 16757, 19744, 56490, 58506, 2704, 56409, 35185, 55884, 10413, 1967, 92366, 12720, 38904, 56674, 73494, 36995, 74568, 39592, 41098, 65909, 93224, 67867, 24312, 36412, 73676, 29939, 55884, 87263, 93716, 56026, 57244, 4070, 89635, 77378, 60358, 11337, 68615, 81852, 96708, 54183, 88797, 31269, 9360, 89105, 2535, 59726, 25955, 65244, 16768, 73543, 81718, 40902, 76314, 33436, 41909, 98773, 81808, 9719, 25421, 45418, 71987, 121, 11550, 65239, 40789, 44202, 36071, 57653, 43394, 36056, 23297, 64426, 23556, 86309, 21306, 27012, 42386, 48280, 10080, 4348, 88310, 90412, 82119, 9205, 49098, 2184, 83526, 11375, 6109, 97541, 35582, 21977, 35191, 38535, 67747, 59557, 46567, 34959, 10684, 671, 59720, 59887, 485, 14784, 36885, 67806, 20555, 39637, 90346, 34425, 6540, 18412, 78378, 59756, 27100, 45096, 77175, 81646, 59732, 18160, 89927, 40822, 95827, 99884, 32712, 63299, 13826, 85714, 22375, 34642, 93135, 95040, 87627, 56593, 10162, 1335, 24907, 11275, 57849, 31243, 19861, 99079, 15398, 23046, 39786, 73058, 18352, 90596, 73190, 18755, 43859, 95236, 53629, 45109, 83722, 79356, 47076, 62644, 97757, 13471, 27552, 93516, 12967, 49252, 1085, 54423, 9689, 79001, 15195, 48556, 32204, 40442, 35346, 62994, 33733, 67382, 49555, 60122, 40611, 12928, 92945, 10252, 45964, 84992, 1512, 78027, 75304, 45951, 56284, 25045, 39552, 38052, 75814, 1762, 99823, 76972, 67310, 62283, 41733, 23009, 32953, 78852, 84494, 34393, 32426, 77309, 29353, 87018, 31481, 22287, 73852, 13919, 95211, 57612, 5341, 78579, 87850, 58005, 44735, 76849, 63874, 54960, 17231, 90965, 88267, 87848, 83830, 59964, 7414, 27019, 63988, 28220, 60908, 57884, 71203, 30461, 65079, 25031, 40185, 78750, 46981, 80489, 92478, 38242, 60982, 98026, 5482, 58357, 82420, 69221, 47933, 41308, 46911, 93985, 74362, 98320, 32836, 21005, 85503, 60638, 52090, 16457, 81259, 97344, 71185, 51199, 32546, 37015, 82413, 74204, 2583, 41056, 12104, 19831, 19455, 13661, 3368, 6293, 24839, 2737, 57994, 65067, 22974, 80126, 70564, 55870, 22295, 54990, 188, 22708, 82010, 33866, 54839, 92881, 86023, 42822, 28002, 53771, 21295, 93768, 82639, 54827, 32269, 61670, 94699, 12629, 99213, 70585, 63371, 70163, 39410, 11420, 59374, 65058, 39544, 70840, 4105, 8975, 51408, 35270, 36395, 14905, 19463, 31253, 56593, 76004, 97054, 47585, 82196, 20301, 80867, 95726, 59810, 73784, 82432, 40019, 90101, 57866, 51891, 23969, 3726, 11832, 96918, 24802, 32825, 8453, 87570, 5910, 30479, 41802, 69112, 31765, 44030, 27039, 69845, 96240, 79148, 96989, 60634, 4975, 87175, 18069, 87499, 64971, 19045, 91141, 68569, 25404, 90932, 46267, 80532, 11728, 30381, 95769, 35013, 37457, 20905, 4517, 64695, 13129, 12749, 1818, 91327, 22606, 19672, 15427, 62325, 50224, 99886, 66678, 42678, 80750, 65241, 41447, 46222, 13943, 83906, 70729, 74336, 1726, 19116, 73335, 1723, 30675, 46925, 77182, 90826, 98994, 22759, 21028, 49319, 1714, 87944, 81788, 90533, 20925, 5438, 83502, 28657, 14540, 23899, 96217, 11472, 35876, 19131, 39399, 97335, 3323, 90272, 44040, 28073, 51304, 70624, 96620, 99178, 94411, 72001, 44800, 67313, 1790, 71579, 14737, 35858, 63905, 73477, 76009, 77549, 61502, 30404, 8360, 93569, 30438, 84984, 31813, 68448, 84388, 37695, 64509, 98530, 43872, 62143, 4409, 83775, 80273, 10350, 79665, 85682, 80513, 76395, 85135, 50, 99899, 64234, 25173, 9758, 89555, 73388, 69865, 87015, 65369, 28325, 55774, 56559, 91589, 18612, 75085, 48985, 12260, 55581, 52643, 30771, 53084, 74710, 37760, 93030, 63446, 4708, 3610, 20987, 34387, 7254, 40775, 63375, 36086, 68944, 85154, 97339, 582, 63463, 72341, 59954, 14020, 18086, 85698, 60806, 53178, 44623, 7009, 78538, 59250, 52896, 36953, 81979, 11585, 78783, 59912, 80451, 7908, 86148, 57967, 38859, 32429, 50491, 49646, 51605, 17936, 9071, 76700, 97994, 80026, 95215, 37158, 66905, 74561, 9845, 48648, 56873, 90265, 4935, 53997, 55323, 81384, 61656, 17380, 86036, 83384, 38040, 32058, 35626, 5574, 89012, 74225, 14736, 3774, 30442, 1927, 31150, 4053, 97867, 94199, 77143, 35135, 68688, 91088, 41794, 37834, 55373, 23899, 23589, 27140, 19312, 29137, 48645, 45195, 9285, 51686, 77237, 32412, 71166, 74992, 16605, 54805, 87250, 57981, 8304, 86470, 42219, 37094, 83712, 48617, 71511, 70996, 5774, 34672, 89123, 38732, 32888, 85024, 66420, 24542, 39098, 4196, 32319, 30825, 19263, 35160, 97555, 78084, 3194, 62916, 10273, 37083, 54678, 34983, 24651, 19257, 19778, 40516, 89108, 35376, 88159, 34998, 51537, 67219, 39507, 56501, 74134, 23427, 90725, 60968, 89598, 17756, 12022, 79034, 57395, 78328, 83923, 5036, 82093, 58847, 34848, 7116, 77228, 35847, 67190, 89480, 57388, 24410, 47344, 67755, 65286, 70702, 9600, 68405, 97096, 88913, 31775, 64853, 7904, 41722, 97019, 43009, 49804, 98402, 34919, 2086, 72111, 69335, 61222, 4373, 34529, 84114, 81394, 76868, 72461, 53358, 27691, 28296, 13480, 56011, 43552, 30699]})"
592.0,7,74,71,42.68799924850464,10387,"Genotype(dna={""<class 'abc.NT_0008'>"": [0, 56999], ""<class 'abc.NT_0008_P_00000'>"": [], ""<class 'abc.NT_0001'>"": [], ""<class 'abc.NT_0001_P_00000'>"": [], ""<class 'int'>"": [97653, 20406, 47695, 45437, 36791, 12753, 45651, 80211, 20876, 43747, 86904, 59270, 24543, 19312, 57981, 41571, 50140, 23587, 78328, 34848, 6322, 72111, 84114, 27691, 68898], ""<class 'bool'>"": [90671, 9706, 68793, 69465, 50630, 94229, 53268, 83378, 51198, 52517, 80864, 56983, 84611, 9863, 26653, 46759, 75883, 17618, 64460, 24766, 24616, 24139, 88100, 59674, 68925, 58603, 88542, 86971, 27699, 19771, 36300, 72448, 62475, 57494, 82844, 35160, 69828, 34983, 49026, 89108, 57812, 24784, 39507, 8947, 23427, 17756, 12022, 93336, 47344, 70702, 45692, 42395, 77481, 97019, 34645, 13480, 56011, 23961, 61622, 64153, 24398, 97162, 70647, 61083, 68916, 26200, 41381, 30572, 68510, 53169, 28736, 68692, 44411, 95498, 8365, 25426, 53841, 4898, 99229, 20080, 88444], ""<class 'abc.NT_0000'>"": [0, 0, 23967, 0, 0, 0, 0, 1, 0, 0, 0, 1, 0, 0, 1, 0, 74871, 0, 1, 58617, 0, 1, 0, 1, 0, 46858, 39822, 0, 0, 7126, 92594, 0, 0, 17808, 9925, 0, 0, 0, 0, 1, 8521, 0, 0, 0, 77798, 0, 17297, 73131, 46429, 0, 1, 0, 0, 0, 61708, 29137, 48645, 45195, 9285, 51686, 18313, 71166, 74992, 79081, 8304, 86470, 42219, 37094, 83712, 71511, 34672, 60829, 38732, 32888, 85024, 24542, 32319, 84869, 19263, 78084, 7411, 37083, 54678, 19257, 40516, 88159, 22368, 56501, 3274, 75249, 79034, 58805, 5036, 82093, 1824, 77228, 35847, 57388, 67755, 34694, 68405, 97096, 73987, 41722, 49804, 34919, 69335, 61222, 4373, 55374, 93672, 72461, 59235, 43552, 30699], ""<class 'abc.NT_0000_P_00000'>"": [], ""<class 'abc.NT_0000_P_00001'>"": [], ""<class 'abc.NT_0008_P_00001'>"": [], ""<class 'abc.NT_0007'>"": [0, 30442], ""<class 'abc.NT_0007_P_00000'>"": [], ""<class 'abc.NT_0002'>"": [0, 2009, 1, 0, 0, 0, 0, 43348, 0, 0, 1, 0, 59947, 0, 1, 51023, 72856, 35135, 68688, 91088, 41794, 37834, 46209, 27140, 32412, 16605, 71302, 48617, 70996, 66420, 39098, 3194, 19778, 34998, 60968, 57395, 58847, 67190, 7904, 98402, 2086, 34529, 19386], ""<class 'abc.NT_0002_P_00000'>"": [], ""<class 'abc.NT_0002_P_00001'>"": [], ""<class 'abc.NT_0003'>"": [2, 1, 42987], ""<class 'abc.NT_0003_P_00000'>"": [], ""<class 'abc.NT_0003_P_00001'>"": [], ""<class 'abc.NT_0003_P_00002'>"": [], ""<class 'abc.NT_0006'>"": [1, 61721], ""<class 'abc.NT_0006_P_00000'>"": [], ""<class 'abc.NT_0004'>"": [], ""<class 'abc.NT_0004_P_00000'>"": [], ""<class 'abc.NT_0004_P_00001'>"": [], ""<class 'abc.NT_0006_P_00001'>"": [], ""<class 'abc.NT_0006_P_00002'>"": [], ""<class 'abc.NT_0006_P_00003'>"": [], '$leftovers': [98075, 13912, 31132, 79333, 67005, 60614, 89167, 61612, 72827, 95393, 7774, 4838, 80622, 19286, 388, 89247, 61119, 81985, 19388, 78051, 82137, 3298, 46052, 62641, 15125, 10693, 59273, 50230, 2725, 66359, 94734, 79927, 68945, 22935, 63942, 30886, 88313, 17000, 96538, 23762, 47069, 41591, 64582, 40855, 91942, 98035, 27160, 65777, 36640, 83286, 24245, 70012, 52716, 78622, 49933, 34674, 21545, 85515, 63596, 76834, 55706, 47571, 77999, 46871, 39758, 29268, 46755, 21424, 96377, 55045, 94655, 81266, 38729, 78370, 54466, 29207, 27070, 19950, 48714, 85283, 87118, 58445, 55295, 49791, 69639, 85835, 25451, 31208, 52354, 5252, 87857, 91470, 89621, 16918, 64589, 10774, 881, 56333, 90790, 65621, 27489, 54457, 34171, 74830, 31890, 50572, 65953, 35998, 64391, 95281, 20637, 33135, 31174, 47515, 11748, 5326, 17817, 70004, 97142, 48764, 9977, 74644, 82108, 68086, 583, 51473, 93489, 84890, 38149, 98649, 10844, 80482, 25381, 17020, 9347, 89949, 15014, 18882, 36628, 14633, 41856, 82037, 99404, 37653, 18649, 44344, 64413, 14642, 24495, 81627, 82442, 88737, 53766, 43356, 68048, 76857, 54180, 98414, 47699, 12953, 61699, 97194, 89429, 67184, 44588, 70450, 98116, 25260, 44483, 23173, 79095, 13425, 67243, 34275, 86145, 28169, 48308, 39880, 30534, 80777, 30118, 35147, 6330, 33047, 66138, 35106, 74980, 25433, 54994, 95227, 7978, 36144, 69832, 996, 86590, 74938, 93563, 39370, 8023, 18122, 28829, 32872, 79242, 70820, 98755, 81059, 10691, 50385, 39617, 19016, 1863, 56359, 38460, 67174, 91592, 22430, 17368, 97443, 878, 46355, 50098, 93139, 69976, 9080, 81250, 67133, 12450, 29860, 10515, 7229, 18784, 90514, 19054, 18495, 10502, 77269, 89119, 14108, 10620, 96989, 72023, 8856, 91521, 11678, 69216, 38189, 64461, 31020, 98319, 37543, 24755, 16609, 33556, 16612, 12763, 41905, 30677, 47421, 67343, 11855, 70264, 48856, 54312, 58986, 49212, 17225, 81724, 83758, 88507, 75316, 75104, 72850, 30442, 32626, 63929, 13975, 10352, 31178, 95848, 61832, 76994, 71041, 97101, 79981, 68823, 25960, 84031, 86511, 64668, 11598, 13801, 38277, 72117, 97914, 67271, 62497, 95121, 56480, 77291, 12295, 85165, 83568, 78821, 29000, 46548, 68710, 33837, 53867, 16757, 19744, 56490, 58506, 2704, 56409, 35185, 55884, 10413, 1967, 92366, 12720, 38904, 56674, 73494, 36995, 74568, 39592, 41098, 65909, 93224, 67867, 24312, 36412, 73676, 29939, 55884, 87263, 93716, 56026, 57244, 4070, 89635, 77378, 60358, 11337, 68615, 81852, 96708, 54183, 88797, 31269, 9360, 89105, 2535, 59726, 25955, 65244, 16768, 73543, 81718, 40902, 76314, 33436, 41909, 98773, 81808, 9719, 25421, 45418, 71987, 121, 11550, 65239, 40789, 44202, 36071, 57653, 43394, 36056, 23297, 64426, 23556, 86309, 21306, 27012, 42386, 48280, 10080, 4348, 88310, 90412, 82119, 9205, 49098, 2184, 83526, 11375, 6109, 97541, 35582, 21977, 35191, 38535, 67747, 59557, 46567, 34959, 10684, 671, 59720, 59887, 485, 14784, 36885, 67806, 20555, 39637, 90346, 34425, 6540, 18412, 78378, 59756, 27100, 45096, 77175, 81646, 59732, 18160, 89927, 40822, 95827, 99884, 32712, 63299, 13826, 85714, 22375, 34642, 93135, 95040, 87627, 56593, 10162, 1335, 24907, 11275, 57849, 31243, 19861, 99079, 15398, 23046, 39786, 73058, 18352, 90596, 73190, 18755, 43859, 95236, 53629, 45109, 83722, 79356, 47076, 62644, 97757, 13471, 27552, 93516, 12967, 49252, 1085, 54423, 9689, 79001, 15195, 48556, 32204, 40442, 35346, 62994, 33733, 67382, 49555, 60122, 40611, 12928, 92945, 10252, 45964, 84992, 1512, 78027, 75304, 45951, 56284, 25045, 39552, 38052, 75814, 1762, 99823, 76972, 67310, 62283, 41733, 23009, 32953, 78852, 84494, 34393, 32426, 77309, 29353, 87018, 31481, 22287, 73852, 13919, 95211, 57612, 5341, 78579, 87850, 58005, 44735, 76849, 63874, 54960, 17231, 90965, 88267, 87848, 83830, 59964, 7414, 27019, 63988, 28220, 60908, 57884, 71203, 30461, 65079, 25031, 40185, 78750, 46981, 80489, 92478, 38242, 60982, 98026, 5482, 58357, 82420, 69221, 47933, 41308, 46911, 93985, 74362, 98320, 32836, 21005, 85503, 60638, 52090, 16457, 81259, 97344, 71185, 51199, 32546, 37015, 82413, 74204, 2583, 41056, 12104, 19831, 19455, 13661, 3368, 6293, 24839, 2737, 57994, 65067, 22974, 80126, 70564, 55870, 22295, 54990, 188, 22708, 82010, 33866, 54839, 92881, 86023, 42822, 28002, 53771, 21295, 93768, 82639, 54827, 32269, 61670, 94699, 12629, 99213, 70585, 63371, 70163, 39410, 11420, 59374, 65058, 39544, 70840, 4105, 8975, 51408, 35270, 36395, 14905, 19463, 31253, 56593, 76004, 97054, 47585, 82196, 20301, 80867, 95726, 59810, 73784, 82432, 40019, 90101, 57866, 51891, 23969, 3726, 11832, 96918, 24802, 32825, 8453, 87570, 5910, 30479, 41802, 69112, 31765, 44030, 27039, 69845, 96240, 79148, 96989, 60634, 4975, 87175, 18069, 87499, 64971, 19045, 91141, 68569, 25404, 90932, 46267, 80532, 11728, 30381, 95769, 35013, 37457, 20905, 4517, 64695, 13129, 12749, 1818, 91327, 22606, 19672, 15427, 62325, 50224, 99886, 66678, 42678, 80750, 65241, 41447, 46222, 13943, 83906, 70729, 74336, 1726, 19116, 73335, 1723, 30675, 46925, 77182, 90826, 98994, 22759, 21028, 49319, 1714, 87944, 81788, 90533, 20925, 5438, 83502, 28657, 14540, 23899, 96217, 11472, 35876, 19131, 39399, 97335, 3323, 90272, 44040, 28073, 51304, 70624, 96620, 99178, 94411, 72001, 44800, 67313, 1790, 71579, 14737, 35858, 63905, 73477, 76009, 77549, 61502, 30404, 8360, 93569, 30438, 84984, 31813, 68448, 84388, 37695, 64509, 98530, 43872, 62143, 4409, 83775, 80273, 10350, 79665, 85682, 80513, 76395, 85135, 50, 99899, 64234, 25173, 9758, 89555, 73388, 69865, 87015, 65369, 28325, 55774, 56559, 91589, 18612, 75085, 48985, 12260, 55581, 52643, 30771, 53084, 74710, 37760, 93030, 63446, 4708, 3610, 20987, 34387, 7254, 40775, 63375, 36086, 68944, 85154, 97339, 582, 63463, 72341, 59954, 14020, 18086, 85698, 60806, 53178, 44623, 7009, 78538, 59250, 52896, 36953, 81979, 11585, 78783, 59912, 80451, 7908, 86148, 57967, 38859, 32429, 50491, 49646, 51605, 17936, 9071, 76700, 97994, 80026, 95215, 37158, 66905, 74561, 9845, 48648, 56873, 90265, 4935, 53997, 55323, 81384, 61656, 17380, 86036, 83384, 38040, 32058, 35626, 5574, 89012, 74225, 14736, 3774, 30442, 1927, 31150, 4053, 97867, 94199, 77143, 35135, 68688, 91088, 41794, 37834, 55373, 23899, 23589, 27140, 19312, 29137, 48645, 45195, 9285, 51686, 77237, 32412, 71166, 74992, 16605, 54805, 87250, 57981, 8304, 86470, 42219, 37094, 83712, 48617, 71511, 70996, 5774, 34672, 89123, 38732, 32888, 85024, 66420, 24542, 39098, 4196, 32319, 30825, 19263, 35160, 97555, 78084, 3194, 62916, 10273, 37083, 54678, 34983, 24651, 19257, 19778, 40516, 89108, 35376, 88159, 34998, 51537, 67219, 39507, 56501, 74134, 23427, 90725, 60968, 89598, 17756, 12022, 79034, 57395, 78328, 83923, 5036, 82093, 58847, 34848, 7116, 77228, 35847, 67190, 89480, 57388, 24410, 47344, 67755, 65286, 70702, 9600, 68405, 97096, 88913, 31775, 64853, 7904, 41722, 97019, 43009, 49804, 98402, 34919, 2086, 72111, 69335, 61222, 4373, 34529, 84114, 81394, 76868, 72461, 53358, 27691, 28296, 13480, 56011, 43552, 30699]})"
592.0,7,74,72,43.4707932472229,10387,"Genotype(dna={""<class 'abc.NT_0008'>"": [0, 56999], ""<class 'abc.NT_0008_P_00000'>"": [], ""<class 'abc.NT_0001'>"": [], ""<class 'abc.NT_0001_P_00000'>"": [], ""<class 'int'>"": [97653, 20406, 47695, 45437, 36791, 12753, 45651, 80211, 20876, 43747, 86904, 59270, 24543, 19312, 57981, 41571, 50140, 23587, 78328, 34848, 6322, 72111, 84114, 27691, 68898], ""<class 'bool'>"": [90671, 9706, 68793, 69465, 50630, 94229, 53268, 83378, 51198, 52517, 80864, 56983, 84611, 9863, 26653, 46759, 75883, 17618, 64460, 24766, 24616, 24139, 88100, 59674, 68925, 58603, 88542, 86971, 27699, 19771, 36300, 72448, 62475, 57494, 82844, 35160, 69828, 34983, 49026, 89108, 57812, 24784, 39507, 8947, 23427, 17756, 12022, 93336, 47344, 70702, 45692, 42395, 77481, 97019, 34645, 13480, 56011, 23961, 61622, 64153, 24398, 97162, 70647, 61083, 68916, 26200, 41381, 30572, 68510, 53169, 28736, 68692, 44411, 95498, 8365, 25426, 53841, 4898, 99229, 20080, 88444], ""<class 'abc.NT_0000'>"": [0, 0, 23967, 0, 0, 0, 0, 1, 0, 0, 0, 1, 0, 0, 1, 0, 74871, 0, 1, 58617, 0, 1, 0, 1, 0, 46858, 39822, 0, 0, 7126, 92594, 0, 0, 17808, 9925, 0, 0, 0, 0, 1, 8521, 0, 0, 0, 77798, 0, 17297, 73131, 46429, 0, 1, 0, 0, 0, 61708, 29137, 48645, 45195, 9285, 51686, 18313, 71166, 74992, 79081, 8304, 86470, 42219, 37094, 83712, 71511, 34672, 60829, 38732, 32888, 85024, 24542, 32319, 84869, 19263, 78084, 7411, 37083, 54678, 19257, 40516, 88159, 22368, 56501, 3274, 75249, 79034, 58805, 5036, 82093, 1824, 77228, 35847, 57388, 67755, 34694, 68405, 97096, 73987, 41722, 49804, 34919, 69335, 61222, 4373, 55374, 93672, 72461, 59235, 43552, 30699], ""<class 'abc.NT_0000_P_00000'>"": [], ""<class 'abc.NT_0000_P_00001'>"": [], ""<class 'abc.NT_0008_P_00001'>"": [], ""<class 'abc.NT_0007'>"": [0, 30442], ""<class 'abc.NT_0007_P_00000'>"": [], ""<class 'abc.NT_0002'>"": [0, 2009, 1, 0, 0, 0, 0, 43348, 0, 0, 1, 0, 59947, 0, 1, 51023, 72856, 35135, 68688, 91088, 41794, 37834, 46209, 27140, 32412, 16605, 71302, 48617, 70996, 66420, 39098, 3194, 19778, 34998, 60968, 57395, 58847, 67190, 7904, 98402, 2086, 34529, 19386], ""<class 'abc.NT_0002_P_00000'>"": [], ""<class 'abc.NT_0002_P_00001'>"": [], ""<class 'abc.NT_0003'>"": [2, 1, 42987], ""<class 'abc.NT_0003_P_00000'>"": [], ""<class 'abc.NT_0003_P_00001'>"": [], ""<class 'abc.NT_0003_P_00002'>"": [], ""<class 'abc.NT_0006'>"": [1, 61721], ""<class 'abc.NT_0006_P_00000'>"": [], ""<class 'abc.NT_0004'>"": [], ""<class 'abc.NT_0004_P_00000'>"": [], ""<class 'abc.NT_0004_P_00001'>"": [], ""<class 'abc.NT_0006_P_00001'>"": [], ""<class 'abc.NT_0006_P_00002'>"": [], ""<class 'abc.NT_0006_P_00003'>"": [], '$leftovers': [98075, 13912, 31132, 79333, 67005, 60614, 89167, 61612, 72827, 95393, 7774, 4838, 80622, 19286, 388, 89247, 61119, 81985, 19388, 78051, 82137, 3298, 46052, 62641, 15125, 10693, 59273, 50230, 2725, 66359, 94734, 79927, 68945, 22935, 63942, 30886, 88313, 17000, 96538, 23762, 47069, 41591, 64582, 40855, 91942, 98035, 27160, 65777, 36640, 83286, 24245, 70012, 52716, 78622, 49933, 34674, 21545, 85515, 63596, 76834, 55706, 47571, 77999, 46871, 39758, 29268, 46755, 21424, 96377, 55045, 94655, 81266, 38729, 78370, 54466, 29207, 27070, 19950, 48714, 85283, 87118, 58445, 55295, 49791, 69639, 85835, 25451, 31208, 52354, 5252, 87857, 91470, 89621, 16918, 64589, 10774, 881, 56333, 90790, 65621, 27489, 54457, 34171, 74830, 31890, 50572, 65953, 35998, 64391, 95281, 20637, 33135, 31174, 47515, 11748, 5326, 17817, 70004, 97142, 48764, 9977, 74644, 82108, 68086, 583, 51473, 93489, 84890, 38149, 98649, 10844, 80482, 25381, 17020, 9347, 89949, 15014, 18882, 36628, 14633, 41856, 82037, 99404, 37653, 18649, 44344, 64413, 14642, 24495, 81627, 82442, 88737, 53766, 43356, 68048, 76857, 54180, 98414, 47699, 12953, 61699, 97194, 89429, 67184, 44588, 70450, 98116, 25260, 44483, 23173, 79095, 13425, 67243, 34275, 86145, 28169, 48308, 39880, 30534, 80777, 30118, 35147, 6330, 33047, 66138, 35106, 74980, 25433, 54994, 95227, 7978, 36144, 69832, 996, 86590, 74938, 93563, 39370, 8023, 18122, 28829, 32872, 79242, 70820, 98755, 81059, 10691, 50385, 39617, 19016, 1863, 56359, 38460, 67174, 91592, 22430, 17368, 97443, 878, 46355, 50098, 93139, 69976, 9080, 81250, 67133, 12450, 29860, 10515, 7229, 18784, 90514, 19054, 18495, 10502, 77269, 89119, 14108, 10620, 96989, 72023, 8856, 91521, 11678, 69216, 38189, 64461, 31020, 98319, 37543, 24755, 16609, 33556, 16612, 12763, 41905, 30677, 47421, 67343, 11855, 70264, 48856, 54312, 58986, 49212, 17225, 81724, 83758, 88507, 75316, 75104, 72850, 30442, 32626, 63929, 13975, 10352, 31178, 95848, 61832, 76994, 71041, 97101, 79981, 68823, 25960, 84031, 86511, 64668, 11598, 13801, 38277, 72117, 97914, 67271, 62497, 95121, 56480, 77291, 12295, 85165, 83568, 78821, 29000, 46548, 68710, 33837, 53867, 16757, 19744, 56490, 58506, 2704, 56409, 35185, 55884, 10413, 1967, 92366, 12720, 38904, 56674, 73494, 36995, 74568, 39592, 41098, 65909, 93224, 67867, 24312, 36412, 73676, 29939, 55884, 87263, 93716, 56026, 57244, 4070, 89635, 77378, 60358, 11337, 68615, 81852, 96708, 54183, 88797, 31269, 9360, 89105, 2535, 59726, 25955, 65244, 16768, 73543, 81718, 40902, 76314, 33436, 41909, 98773, 81808, 9719, 25421, 45418, 71987, 121, 11550, 65239, 40789, 44202, 36071, 57653, 43394, 36056, 23297, 64426, 23556, 86309, 21306, 27012, 42386, 48280, 10080, 4348, 88310, 90412, 82119, 9205, 49098, 2184, 83526, 11375, 6109, 97541, 35582, 21977, 35191, 38535, 67747, 59557, 46567, 34959, 10684, 671, 59720, 59887, 485, 14784, 36885, 67806, 20555, 39637, 90346, 34425, 6540, 18412, 78378, 59756, 27100, 45096, 77175, 81646, 59732, 18160, 89927, 40822, 95827, 99884, 32712, 63299, 13826, 85714, 22375, 34642, 93135, 95040, 87627, 56593, 10162, 1335, 24907, 11275, 57849, 31243, 19861, 99079, 15398, 23046, 39786, 73058, 18352, 90596, 73190, 18755, 43859, 95236, 53629, 45109, 83722, 79356, 47076, 62644, 97757, 13471, 27552, 93516, 12967, 49252, 1085, 54423, 9689, 79001, 15195, 48556, 32204, 40442, 35346, 62994, 33733, 67382, 49555, 60122, 40611, 12928, 92945, 10252, 45964, 84992, 1512, 78027, 75304, 45951, 56284, 25045, 39552, 38052, 75814, 1762, 99823, 76972, 67310, 62283, 41733, 23009, 32953, 78852, 84494, 34393, 32426, 77309, 29353, 87018, 31481, 22287, 73852, 13919, 95211, 57612, 5341, 78579, 87850, 58005, 44735, 76849, 63874, 54960, 17231, 90965, 88267, 87848, 83830, 59964, 7414, 27019, 63988, 28220, 60908, 57884, 71203, 30461, 65079, 25031, 40185, 78750, 46981, 80489, 92478, 38242, 60982, 98026, 5482, 58357, 82420, 69221, 47933, 41308, 46911, 93985, 74362, 98320, 32836, 21005, 85503, 60638, 52090, 16457, 81259, 97344, 71185, 51199, 32546, 37015, 82413, 74204, 2583, 41056, 12104, 19831, 19455, 13661, 3368, 6293, 24839, 2737, 57994, 65067, 22974, 80126, 70564, 55870, 22295, 54990, 188, 22708, 82010, 33866, 54839, 92881, 86023, 42822, 28002, 53771, 21295, 93768, 82639, 54827, 32269, 61670, 94699, 12629, 99213, 70585, 63371, 70163, 39410, 11420, 59374, 65058, 39544, 70840, 4105, 8975, 51408, 35270, 36395, 14905, 19463, 31253, 56593, 76004, 97054, 47585, 82196, 20301, 80867, 95726, 59810, 73784, 82432, 40019, 90101, 57866, 51891, 23969, 3726, 11832, 96918, 24802, 32825, 8453, 87570, 5910, 30479, 41802, 69112, 31765, 44030, 27039, 69845, 96240, 79148, 96989, 60634, 4975, 87175, 18069, 87499, 64971, 19045, 91141, 68569, 25404, 90932, 46267, 80532, 11728, 30381, 95769, 35013, 37457, 20905, 4517, 64695, 13129, 12749, 1818, 91327, 22606, 19672, 15427, 62325, 50224, 99886, 66678, 42678, 80750, 65241, 41447, 46222, 13943, 83906, 70729, 74336, 1726, 19116, 73335, 1723, 30675, 46925, 77182, 90826, 98994, 22759, 21028, 49319, 1714, 87944, 81788, 90533, 20925, 5438, 83502, 28657, 14540, 23899, 96217, 11472, 35876, 19131, 39399, 97335, 3323, 90272, 44040, 28073, 51304, 70624, 96620, 99178, 94411, 72001, 44800, 67313, 1790, 71579, 14737, 35858, 63905, 73477, 76009, 77549, 61502, 30404, 8360, 93569, 30438, 84984, 31813, 68448, 84388, 37695, 64509, 98530, 43872, 62143, 4409, 83775, 80273, 10350, 79665, 85682, 80513, 76395, 85135, 50, 99899, 64234, 25173, 9758, 89555, 73388, 69865, 87015, 65369, 28325, 55774, 56559, 91589, 18612, 75085, 48985, 12260, 55581, 52643, 30771, 53084, 74710, 37760, 93030, 63446, 4708, 3610, 20987, 34387, 7254, 40775, 63375, 36086, 68944, 85154, 97339, 582, 63463, 72341, 59954, 14020, 18086, 85698, 60806, 53178, 44623, 7009, 78538, 59250, 52896, 36953, 81979, 11585, 78783, 59912, 80451, 7908, 86148, 57967, 38859, 32429, 50491, 49646, 51605, 17936, 9071, 76700, 97994, 80026, 95215, 37158, 66905, 74561, 9845, 48648, 56873, 90265, 4935, 53997, 55323, 81384, 61656, 17380, 86036, 83384, 38040, 32058, 35626, 5574, 89012, 74225, 14736, 3774, 30442, 1927, 31150, 4053, 97867, 94199, 77143, 35135, 68688, 91088, 41794, 37834, 55373, 23899, 23589, 27140, 19312, 29137, 48645, 45195, 9285, 51686, 77237, 32412, 71166, 74992, 16605, 54805, 87250, 57981, 8304, 86470, 42219, 37094, 83712, 48617, 71511, 70996, 5774, 34672, 89123, 38732, 32888, 85024, 66420, 24542, 39098, 4196, 32319, 30825, 19263, 35160, 97555, 78084, 3194, 62916, 10273, 37083, 54678, 34983, 24651, 19257, 19778, 40516, 89108, 35376, 88159, 34998, 51537, 67219, 39507, 56501, 74134, 23427, 90725, 60968, 89598, 17756, 12022, 79034, 57395, 78328, 83923, 5036, 82093, 58847, 34848, 7116, 77228, 35847, 67190, 89480, 57388, 24410, 47344, 67755, 65286, 70702, 9600, 68405, 97096, 88913, 31775, 64853, 7904, 41722, 97019, 43009, 49804, 98402, 34919, 2086, 72111, 69335, 61222, 4373, 34529, 84114, 81394, 76868, 72461, 53358, 27691, 28296, 13480, 56011, 43552, 30699]})"
592.0,7,74,73,43.92349338531494,10387,"Genotype(dna={""<class 'abc.NT_0008'>"": [0, 56999], ""<class 'abc.NT_0008_P_00000'>"": [], ""<class 'abc.NT_0001'>"": [], ""<class 'abc.NT_0001_P_00000'>"": [], ""<class 'int'>"": [97653, 20406, 47695, 45437, 36791, 12753, 45651, 80211, 20876, 43747, 86904, 59270, 24543, 19312, 57981, 41571, 50140, 23587, 78328, 34848, 6322, 72111, 84114, 27691, 68898], ""<class 'bool'>"": [90671, 9706, 68793, 69465, 50630, 94229, 53268, 83378, 51198, 52517, 80864, 56983, 84611, 9863, 26653, 46759, 75883, 17618, 64460, 24766, 24616, 24139, 88100, 59674, 68925, 58603, 88542, 86971, 27699, 19771, 36300, 72448, 62475, 57494, 82844, 35160, 69828, 34983, 49026, 89108, 57812, 24784, 39507, 8947, 23427, 17756, 12022, 93336, 47344, 70702, 45692, 42395, 77481, 97019, 34645, 13480, 56011, 23961, 61622, 64153, 24398, 97162, 70647, 61083, 68916, 26200, 41381, 30572, 68510, 53169, 28736, 68692, 44411, 95498, 8365, 25426, 53841, 4898, 99229, 20080, 88444], ""<class 'abc.NT_0000'>"": [0, 0, 23967, 0, 0, 0, 0, 1, 0, 0, 0, 1, 0, 0, 1, 0, 74871, 0, 1, 58617, 0, 1, 0, 1, 0, 46858, 39822, 0, 0, 7126, 92594, 0, 0, 17808, 9925, 0, 0, 0, 0, 1, 8521, 0, 0, 0, 77798, 0, 17297, 73131, 46429, 0, 1, 0, 0, 0, 61708, 29137, 48645, 45195, 9285, 51686, 18313, 71166, 74992, 79081, 8304, 86470, 42219, 37094, 83712, 71511, 34672, 60829, 38732, 32888, 85024, 24542, 32319, 84869, 19263, 78084, 7411, 37083, 54678, 19257, 40516, 88159, 22368, 56501, 3274, 75249, 79034, 58805, 5036, 82093, 1824, 77228, 35847, 57388, 67755, 34694, 68405, 97096, 73987, 41722, 49804, 34919, 69335, 61222, 4373, 55374, 93672, 72461, 59235, 43552, 30699], ""<class 'abc.NT_0000_P_00000'>"": [], ""<class 'abc.NT_0000_P_00001'>"": [], ""<class 'abc.NT_0008_P_00001'>"": [], ""<class 'abc.NT_0007'>"": [0, 30442], ""<class 'abc.NT_0007_P_00000'>"": [], ""<class 'abc.NT_0002'>"": [0, 2009, 1, 0, 0, 0, 0, 43348, 0, 0, 1, 0, 59947, 0, 1, 51023, 72856, 35135, 68688, 91088, 41794, 37834, 46209, 27140, 32412, 16605, 71302, 48617, 70996, 66420, 39098, 3194, 19778, 34998, 60968, 57395, 58847, 67190, 7904, 98402, 2086, 34529, 19386], ""<class 'abc.NT_0002_P_00000'>"": [], ""<class 'abc.NT_0002_P_00001'>"": [], ""<class 'abc.NT_0003'>"": [2, 1, 42987], ""<class 'abc.NT_0003_P_00000'>"": [], ""<class 'abc.NT_0003_P_00001'>"": [], ""<class 'abc.NT_0003_P_00002'>"": [], ""<class 'abc.NT_0006'>"": [1, 61721], ""<class 'abc.NT_0006_P_00000'>"": [], ""<class 'abc.NT_0004'>"": [], ""<class 'abc.NT_0004_P_00000'>"": [], ""<class 'abc.NT_0004_P_00001'>"": [], ""<class 'abc.NT_0006_P_00001'>"": [], ""<class 'abc.NT_0006_P_00002'>"": [], ""<class 'abc.NT_0006_P_00003'>"": [], '$leftovers': [98075, 13912, 31132, 79333, 67005, 60614, 89167, 61612, 72827, 95393, 7774, 4838, 80622, 19286, 388, 89247, 61119, 81985, 19388, 78051, 82137, 3298, 46052, 62641, 15125, 10693, 59273, 50230, 2725, 66359, 94734, 79927, 68945, 22935, 63942, 30886, 88313, 17000, 96538, 23762, 47069, 41591, 64582, 40855, 91942, 98035, 27160, 65777, 36640, 83286, 24245, 70012, 52716, 78622, 49933, 34674, 21545, 85515, 63596, 76834, 55706, 47571, 77999, 46871, 39758, 29268, 46755, 21424, 96377, 55045, 94655, 81266, 38729, 78370, 54466, 29207, 27070, 19950, 48714, 85283, 87118, 58445, 55295, 49791, 69639, 85835, 25451, 31208, 52354, 5252, 87857, 91470, 89621, 16918, 64589, 10774, 881, 56333, 90790, 65621, 27489, 54457, 34171, 74830, 31890, 50572, 65953, 35998, 64391, 95281, 20637, 33135, 31174, 47515, 11748, 5326, 17817, 70004, 97142, 48764, 9977, 74644, 82108, 68086, 583, 51473, 93489, 84890, 38149, 98649, 10844, 80482, 25381, 17020, 9347, 89949, 15014, 18882, 36628, 14633, 41856, 82037, 99404, 37653, 18649, 44344, 64413, 14642, 24495, 81627, 82442, 88737, 53766, 43356, 68048, 76857, 54180, 98414, 47699, 12953, 61699, 97194, 89429, 67184, 44588, 70450, 98116, 25260, 44483, 23173, 79095, 13425, 67243, 34275, 86145, 28169, 48308, 39880, 30534, 80777, 30118, 35147, 6330, 33047, 66138, 35106, 74980, 25433, 54994, 95227, 7978, 36144, 69832, 996, 86590, 74938, 93563, 39370, 8023, 18122, 28829, 32872, 79242, 70820, 98755, 81059, 10691, 50385, 39617, 19016, 1863, 56359, 38460, 67174, 91592, 22430, 17368, 97443, 878, 46355, 50098, 93139, 69976, 9080, 81250, 67133, 12450, 29860, 10515, 7229, 18784, 90514, 19054, 18495, 10502, 77269, 89119, 14108, 10620, 96989, 72023, 8856, 91521, 11678, 69216, 38189, 64461, 31020, 98319, 37543, 24755, 16609, 33556, 16612, 12763, 41905, 30677, 47421, 67343, 11855, 70264, 48856, 54312, 58986, 49212, 17225, 81724, 83758, 88507, 75316, 75104, 72850, 30442, 32626, 63929, 13975, 10352, 31178, 95848, 61832, 76994, 71041, 97101, 79981, 68823, 25960, 84031, 86511, 64668, 11598, 13801, 38277, 72117, 97914, 67271, 62497, 95121, 56480, 77291, 12295, 85165, 83568, 78821, 29000, 46548, 68710, 33837, 53867, 16757, 19744, 56490, 58506, 2704, 56409, 35185, 55884, 10413, 1967, 92366, 12720, 38904, 56674, 73494, 36995, 74568, 39592, 41098, 65909, 93224, 67867, 24312, 36412, 73676, 29939, 55884, 87263, 93716, 56026, 57244, 4070, 89635, 77378, 60358, 11337, 68615, 81852, 96708, 54183, 88797, 31269, 9360, 89105, 2535, 59726, 25955, 65244, 16768, 73543, 81718, 40902, 76314, 33436, 41909, 98773, 81808, 9719, 25421, 45418, 71987, 121, 11550, 65239, 40789, 44202, 36071, 57653, 43394, 36056, 23297, 64426, 23556, 86309, 21306, 27012, 42386, 48280, 10080, 4348, 88310, 90412, 82119, 9205, 49098, 2184, 83526, 11375, 6109, 97541, 35582, 21977, 35191, 38535, 67747, 59557, 46567, 34959, 10684, 671, 59720, 59887, 485, 14784, 36885, 67806, 20555, 39637, 90346, 34425, 6540, 18412, 78378, 59756, 27100, 45096, 77175, 81646, 59732, 18160, 89927, 40822, 95827, 99884, 32712, 63299, 13826, 85714, 22375, 34642, 93135, 95040, 87627, 56593, 10162, 1335, 24907, 11275, 57849, 31243, 19861, 99079, 15398, 23046, 39786, 73058, 18352, 90596, 73190, 18755, 43859, 95236, 53629, 45109, 83722, 79356, 47076, 62644, 97757, 13471, 27552, 93516, 12967, 49252, 1085, 54423, 9689, 79001, 15195, 48556, 32204, 40442, 35346, 62994, 33733, 67382, 49555, 60122, 40611, 12928, 92945, 10252, 45964, 84992, 1512, 78027, 75304, 45951, 56284, 25045, 39552, 38052, 75814, 1762, 99823, 76972, 67310, 62283, 41733, 23009, 32953, 78852, 84494, 34393, 32426, 77309, 29353, 87018, 31481, 22287, 73852, 13919, 95211, 57612, 5341, 78579, 87850, 58005, 44735, 76849, 63874, 54960, 17231, 90965, 88267, 87848, 83830, 59964, 7414, 27019, 63988, 28220, 60908, 57884, 71203, 30461, 65079, 25031, 40185, 78750, 46981, 80489, 92478, 38242, 60982, 98026, 5482, 58357, 82420, 69221, 47933, 41308, 46911, 93985, 74362, 98320, 32836, 21005, 85503, 60638, 52090, 16457, 81259, 97344, 71185, 51199, 32546, 37015, 82413, 74204, 2583, 41056, 12104, 19831, 19455, 13661, 3368, 6293, 24839, 2737, 57994, 65067, 22974, 80126, 70564, 55870, 22295, 54990, 188, 22708, 82010, 33866, 54839, 92881, 86023, 42822, 28002, 53771, 21295, 93768, 82639, 54827, 32269, 61670, 94699, 12629, 99213, 70585, 63371, 70163, 39410, 11420, 59374, 65058, 39544, 70840, 4105, 8975, 51408, 35270, 36395, 14905, 19463, 31253, 56593, 76004, 97054, 47585, 82196, 20301, 80867, 95726, 59810, 73784, 82432, 40019, 90101, 57866, 51891, 23969, 3726, 11832, 96918, 24802, 32825, 8453, 87570, 5910, 30479, 41802, 69112, 31765, 44030, 27039, 69845, 96240, 79148, 96989, 60634, 4975, 87175, 18069, 87499, 64971, 19045, 91141, 68569, 25404, 90932, 46267, 80532, 11728, 30381, 95769, 35013, 37457, 20905, 4517, 64695, 13129, 12749, 1818, 91327, 22606, 19672, 15427, 62325, 50224, 99886, 66678, 42678, 80750, 65241, 41447, 46222, 13943, 83906, 70729, 74336, 1726, 19116, 73335, 1723, 30675, 46925, 77182, 90826, 98994, 22759, 21028, 49319, 1714, 87944, 81788, 90533, 20925, 5438, 83502, 28657, 14540, 23899, 96217, 11472, 35876, 19131, 39399, 97335, 3323, 90272, 44040, 28073, 51304, 70624, 96620, 99178, 94411, 72001, 44800, 67313, 1790, 71579, 14737, 35858, 63905, 73477, 76009, 77549, 61502, 30404, 8360, 93569, 30438, 84984, 31813, 68448, 84388, 37695, 64509, 98530, 43872, 62143, 4409, 83775, 80273, 10350, 79665, 85682, 80513, 76395, 85135, 50, 99899, 64234, 25173, 9758, 89555, 73388, 69865, 87015, 65369, 28325, 55774, 56559, 91589, 18612, 75085, 48985, 12260, 55581, 52643, 30771, 53084, 74710, 37760, 93030, 63446, 4708, 3610, 20987, 34387, 7254, 40775, 63375, 36086, 68944, 85154, 97339, 582, 63463, 72341, 59954, 14020, 18086, 85698, 60806, 53178, 44623, 7009, 78538, 59250, 52896, 36953, 81979, 11585, 78783, 59912, 80451, 7908, 86148, 57967, 38859, 32429, 50491, 49646, 51605, 17936, 9071, 76700, 97994, 80026, 95215, 37158, 66905, 74561, 9845, 48648, 56873, 90265, 4935, 53997, 55323, 81384, 61656, 17380, 86036, 83384, 38040, 32058, 35626, 5574, 89012, 74225, 14736, 3774, 30442, 1927, 31150, 4053, 97867, 94199, 77143, 35135, 68688, 91088, 41794, 37834, 55373, 23899, 23589, 27140, 19312, 29137, 48645, 45195, 9285, 51686, 77237, 32412, 71166, 74992, 16605, 54805, 87250, 57981, 8304, 86470, 42219, 37094, 83712, 48617, 71511, 70996, 5774, 34672, 89123, 38732, 32888, 85024, 66420, 24542, 39098, 4196, 32319, 30825, 19263, 35160, 97555, 78084, 3194, 62916, 10273, 37083, 54678, 34983, 24651, 19257, 19778, 40516, 89108, 35376, 88159, 34998, 51537, 67219, 39507, 56501, 74134, 23427, 90725, 60968, 89598, 17756, 12022, 79034, 57395, 78328, 83923, 5036, 82093, 58847, 34848, 7116, 77228, 35847, 67190, 89480, 57388, 24410, 47344, 67755, 65286, 70702, 9600, 68405, 97096, 88913, 31775, 64853, 7904, 41722, 97019, 43009, 49804, 98402, 34919, 2086, 72111, 69335, 61222, 4373, 34529, 84114, 81394, 76868, 72461, 53358, 27691, 28296, 13480, 56011, 43552, 30699]})"
592.0,7,74,74,44.247835874557495,10387,"Genotype(dna={""<class 'abc.NT_0008'>"": [0, 56999], ""<class 'abc.NT_0008_P_00000'>"": [], ""<class 'abc.NT_0001'>"": [], ""<class 'abc.NT_0001_P_00000'>"": [], ""<class 'int'>"": [97653, 20406, 47695, 45437, 36791, 12753, 45651, 80211, 20876, 43747, 86904, 59270, 24543, 19312, 57981, 41571, 50140, 23587, 78328, 34848, 6322, 72111, 84114, 27691, 68898], ""<class 'bool'>"": [90671, 9706, 68793, 69465, 50630, 94229, 53268, 83378, 51198, 52517, 80864, 56983, 84611, 9863, 26653, 46759, 75883, 17618, 64460, 24766, 24616, 24139, 88100, 59674, 68925, 58603, 88542, 86971, 27699, 19771, 36300, 72448, 62475, 57494, 82844, 35160, 69828, 34983, 49026, 89108, 57812, 24784, 39507, 8947, 23427, 17756, 12022, 93336, 47344, 70702, 45692, 42395, 77481, 97019, 34645, 13480, 56011, 23961, 61622, 64153, 24398, 97162, 70647, 61083, 68916, 26200, 41381, 30572, 68510, 53169, 28736, 68692, 44411, 95498, 8365, 25426, 53841, 4898, 99229, 20080, 88444], ""<class 'abc.NT_0000'>"": [0, 0, 23967, 0, 0, 0, 0, 1, 0, 0, 0, 1, 0, 0, 1, 0, 74871, 0, 1, 58617, 0, 1, 0, 1, 0, 46858, 39822, 0, 0, 7126, 92594, 0, 0, 17808, 9925, 0, 0, 0, 0, 1, 8521, 0, 0, 0, 77798, 0, 17297, 73131, 46429, 0, 1, 0, 0, 0, 61708, 29137, 48645, 45195, 9285, 51686, 18313, 71166, 74992, 79081, 8304, 86470, 42219, 37094, 83712, 71511, 34672, 60829, 38732, 32888, 85024, 24542, 32319, 84869, 19263, 78084, 7411, 37083, 54678, 19257, 40516, 88159, 22368, 56501, 3274, 75249, 79034, 58805, 5036, 82093, 1824, 77228, 35847, 57388, 67755, 34694, 68405, 97096, 73987, 41722, 49804, 34919, 69335, 61222, 4373, 55374, 93672, 72461, 59235, 43552, 30699], ""<class 'abc.NT_0000_P_00000'>"": [], ""<class 'abc.NT_0000_P_00001'>"": [], ""<class 'abc.NT_0008_P_00001'>"": [], ""<class 'abc.NT_0007'>"": [0, 30442], ""<class 'abc.NT_0007_P_00000'>"": [], ""<class 'abc.NT_0002'>"": [0, 2009, 1, 0, 0, 0, 0, 43348, 0, 0, 1, 0, 59947, 0, 1, 51023, 72856, 35135, 68688, 91088, 41794, 37834, 46209, 27140, 32412, 16605, 71302, 48617, 70996, 66420, 39098, 3194, 19778, 34998, 60968, 57395, 58847, 67190, 7904, 98402, 2086, 34529, 19386], ""<class 'abc.NT_0002_P_00000'>"": [], ""<class 'abc.NT_0002_P_00001'>"": [], ""<class 'abc.NT_0003'>"": [2, 1, 42987], ""<class 'abc.NT_0003_P_00000'>"": [], ""<class 'abc.NT_0003_P_00001'>"": [], ""<class 'abc.NT_0003_P_00002'>"": [], ""<class 'abc.NT_0006'>"": [1, 61721], ""<class 'abc.NT_0006_P_00000'>"": [], ""<class 'abc.NT_0004'>"": [], ""<class 'abc.NT_0004_P_00000'>"": [], ""<class 'abc.NT_0004_P_00001'>"": [], ""<class 'abc.NT_0006_P_00001'>"": [], ""<class 'abc.NT_0006_P_00002'>"": [], ""<class 'abc.NT_0006_P_00003'>"": [], '$leftovers': [98075, 13912, 31132, 79333, 67005, 60614, 89167, 61612, 72827, 95393, 7774, 4838, 80622, 19286, 388, 89247, 61119, 81985, 19388, 78051, 82137, 3298, 46052, 62641, 15125, 10693, 59273, 50230, 2725, 66359, 94734, 79927, 68945, 22935, 63942, 30886, 88313, 17000, 96538, 23762, 47069, 41591, 64582, 40855, 91942, 98035, 27160, 65777, 36640, 83286, 24245, 70012, 52716, 78622, 49933, 34674, 21545, 85515, 63596, 76834, 55706, 47571, 77999, 46871, 39758, 29268, 46755, 21424, 96377, 55045, 94655, 81266, 38729, 78370, 54466, 29207, 27070, 19950, 48714, 85283, 87118, 58445, 55295, 49791, 69639, 85835, 25451, 31208, 52354, 5252, 87857, 91470, 89621, 16918, 64589, 10774, 881, 56333, 90790, 65621, 27489, 54457, 34171, 74830, 31890, 50572, 65953, 35998, 64391, 95281, 20637, 33135, 31174, 47515, 11748, 5326, 17817, 70004, 97142, 48764, 9977, 74644, 82108, 68086, 583, 51473, 93489, 84890, 38149, 98649, 10844, 80482, 25381, 17020, 9347, 89949, 15014, 18882, 36628, 14633, 41856, 82037, 99404, 37653, 18649, 44344, 64413, 14642, 24495, 81627, 82442, 88737, 53766, 43356, 68048, 76857, 54180, 98414, 47699, 12953, 61699, 97194, 89429, 67184, 44588, 70450, 98116, 25260, 44483, 23173, 79095, 13425, 67243, 34275, 86145, 28169, 48308, 39880, 30534, 80777, 30118, 35147, 6330, 33047, 66138, 35106, 74980, 25433, 54994, 95227, 7978, 36144, 69832, 996, 86590, 74938, 93563, 39370, 8023, 18122, 28829, 32872, 79242, 70820, 98755, 81059, 10691, 50385, 39617, 19016, 1863, 56359, 38460, 67174, 91592, 22430, 17368, 97443, 878, 46355, 50098, 93139, 69976, 9080, 81250, 67133, 12450, 29860, 10515, 7229, 18784, 90514, 19054, 18495, 10502, 77269, 89119, 14108, 10620, 96989, 72023, 8856, 91521, 11678, 69216, 38189, 64461, 31020, 98319, 37543, 24755, 16609, 33556, 16612, 12763, 41905, 30677, 47421, 67343, 11855, 70264, 48856, 54312, 58986, 49212, 17225, 81724, 83758, 88507, 75316, 75104, 72850, 30442, 32626, 63929, 13975, 10352, 31178, 95848, 61832, 76994, 71041, 97101, 79981, 68823, 25960, 84031, 86511, 64668, 11598, 13801, 38277, 72117, 97914, 67271, 62497, 95121, 56480, 77291, 12295, 85165, 83568, 78821, 29000, 46548, 68710, 33837, 53867, 16757, 19744, 56490, 58506, 2704, 56409, 35185, 55884, 10413, 1967, 92366, 12720, 38904, 56674, 73494, 36995, 74568, 39592, 41098, 65909, 93224, 67867, 24312, 36412, 73676, 29939, 55884, 87263, 93716, 56026, 57244, 4070, 89635, 77378, 60358, 11337, 68615, 81852, 96708, 54183, 88797, 31269, 9360, 89105, 2535, 59726, 25955, 65244, 16768, 73543, 81718, 40902, 76314, 33436, 41909, 98773, 81808, 9719, 25421, 45418, 71987, 121, 11550, 65239, 40789, 44202, 36071, 57653, 43394, 36056, 23297, 64426, 23556, 86309, 21306, 27012, 42386, 48280, 10080, 4348, 88310, 90412, 82119, 9205, 49098, 2184, 83526, 11375, 6109, 97541, 35582, 21977, 35191, 38535, 67747, 59557, 46567, 34959, 10684, 671, 59720, 59887, 485, 14784, 36885, 67806, 20555, 39637, 90346, 34425, 6540, 18412, 78378, 59756, 27100, 45096, 77175, 81646, 59732, 18160, 89927, 40822, 95827, 99884, 32712, 63299, 13826, 85714, 22375, 34642, 93135, 95040, 87627, 56593, 10162, 1335, 24907, 11275, 57849, 31243, 19861, 99079, 15398, 23046, 39786, 73058, 18352, 90596, 73190, 18755, 43859, 95236, 53629, 45109, 83722, 79356, 47076, 62644, 97757, 13471, 27552, 93516, 12967, 49252, 1085, 54423, 9689, 79001, 15195, 48556, 32204, 40442, 35346, 62994, 33733, 67382, 49555, 60122, 40611, 12928, 92945, 10252, 45964, 84992, 1512, 78027, 75304, 45951, 56284, 25045, 39552, 38052, 75814, 1762, 99823, 76972, 67310, 62283, 41733, 23009, 32953, 78852, 84494, 34393, 32426, 77309, 29353, 87018, 31481, 22287, 73852, 13919, 95211, 57612, 5341, 78579, 87850, 58005, 44735, 76849, 63874, 54960, 17231, 90965, 88267, 87848, 83830, 59964, 7414, 27019, 63988, 28220, 60908, 57884, 71203, 30461, 65079, 25031, 40185, 78750, 46981, 80489, 92478, 38242, 60982, 98026, 5482, 58357, 82420, 69221, 47933, 41308, 46911, 93985, 74362, 98320, 32836, 21005, 85503, 60638, 52090, 16457, 81259, 97344, 71185, 51199, 32546, 37015, 82413, 74204, 2583, 41056, 12104, 19831, 19455, 13661, 3368, 6293, 24839, 2737, 57994, 65067, 22974, 80126, 70564, 55870, 22295, 54990, 188, 22708, 82010, 33866, 54839, 92881, 86023, 42822, 28002, 53771, 21295, 93768, 82639, 54827, 32269, 61670, 94699, 12629, 99213, 70585, 63371, 70163, 39410, 11420, 59374, 65058, 39544, 70840, 4105, 8975, 51408, 35270, 36395, 14905, 19463, 31253, 56593, 76004, 97054, 47585, 82196, 20301, 80867, 95726, 59810, 73784, 82432, 40019, 90101, 57866, 51891, 23969, 3726, 11832, 96918, 24802, 32825, 8453, 87570, 5910, 30479, 41802, 69112, 31765, 44030, 27039, 69845, 96240, 79148, 96989, 60634, 4975, 87175, 18069, 87499, 64971, 19045, 91141, 68569, 25404, 90932, 46267, 80532, 11728, 30381, 95769, 35013, 37457, 20905, 4517, 64695, 13129, 12749, 1818, 91327, 22606, 19672, 15427, 62325, 50224, 99886, 66678, 42678, 80750, 65241, 41447, 46222, 13943, 83906, 70729, 74336, 1726, 19116, 73335, 1723, 30675, 46925, 77182, 90826, 98994, 22759, 21028, 49319, 1714, 87944, 81788, 90533, 20925, 5438, 83502, 28657, 14540, 23899, 96217, 11472, 35876, 19131, 39399, 97335, 3323, 90272, 44040, 28073, 51304, 70624, 96620, 99178, 94411, 72001, 44800, 67313, 1790, 71579, 14737, 35858, 63905, 73477, 76009, 77549, 61502, 30404, 8360, 93569, 30438, 84984, 31813, 68448, 84388, 37695, 64509, 98530, 43872, 62143, 4409, 83775, 80273, 10350, 79665, 85682, 80513, 76395, 85135, 50, 99899, 64234, 25173, 9758, 89555, 73388, 69865, 87015, 65369, 28325, 55774, 56559, 91589, 18612, 75085, 48985, 12260, 55581, 52643, 30771, 53084, 74710, 37760, 93030, 63446, 4708, 3610, 20987, 34387, 7254, 40775, 63375, 36086, 68944, 85154, 97339, 582, 63463, 72341, 59954, 14020, 18086, 85698, 60806, 53178, 44623, 7009, 78538, 59250, 52896, 36953, 81979, 11585, 78783, 59912, 80451, 7908, 86148, 57967, 38859, 32429, 50491, 49646, 51605, 17936, 9071, 76700, 97994, 80026, 95215, 37158, 66905, 74561, 9845, 48648, 56873, 90265, 4935, 53997, 55323, 81384, 61656, 17380, 86036, 83384, 38040, 32058, 35626, 5574, 89012, 74225, 14736, 3774, 30442, 1927, 31150, 4053, 97867, 94199, 77143, 35135, 68688, 91088, 41794, 37834, 55373, 23899, 23589, 27140, 19312, 29137, 48645, 45195, 9285, 51686, 77237, 32412, 71166, 74992, 16605, 54805, 87250, 57981, 8304, 86470, 42219, 37094, 83712, 48617, 71511, 70996, 5774, 34672, 89123, 38732, 32888, 85024, 66420, 24542, 39098, 4196, 32319, 30825, 19263, 35160, 97555, 78084, 3194, 62916, 10273, 37083, 54678, 34983, 24651, 19257, 19778, 40516, 89108, 35376, 88159, 34998, 51537, 67219, 39507, 56501, 74134, 23427, 90725, 60968, 89598, 17756, 12022, 79034, 57395, 78328, 83923, 5036, 82093, 58847, 34848, 7116, 77228, 35847, 67190, 89480, 57388, 24410, 47344, 67755, 65286, 70702, 9600, 68405, 97096, 88913, 31775, 64853, 7904, 41722, 97019, 43009, 49804, 98402, 34919, 2086, 72111, 69335, 61222, 4373, 34529, 84114, 81394, 76868, 72461, 53358, 27691, 28296, 13480, 56011, 43552, 30699]})"
592.0,7,74,75,44.59102153778076,10387,"Genotype(dna={""<class 'abc.NT_0008'>"": [0, 56999], ""<class 'abc.NT_0008_P_00000'>"": [], ""<class 'abc.NT_0001'>"": [], ""<class 'abc.NT_0001_P_00000'>"": [], ""<class 'int'>"": [97653, 20406, 47695, 45437, 36791, 12753, 45651, 80211, 20876, 43747, 86904, 59270, 24543, 19312, 57981, 41571, 50140, 23587, 78328, 34848, 6322, 72111, 84114, 27691, 68898], ""<class 'bool'>"": [90671, 9706, 68793, 69465, 50630, 94229, 53268, 83378, 51198, 52517, 80864, 56983, 84611, 9863, 26653, 46759, 75883, 17618, 64460, 24766, 24616, 24139, 88100, 59674, 68925, 58603, 88542, 86971, 27699, 19771, 36300, 72448, 62475, 57494, 82844, 35160, 69828, 34983, 49026, 89108, 57812, 24784, 39507, 8947, 23427, 17756, 12022, 93336, 47344, 70702, 45692, 42395, 77481, 97019, 34645, 13480, 56011, 23961, 61622, 64153, 24398, 97162, 70647, 61083, 68916, 26200, 41381, 30572, 68510, 53169, 28736, 68692, 44411, 95498, 8365, 25426, 53841, 4898, 99229, 20080, 88444], ""<class 'abc.NT_0000'>"": [0, 0, 23967, 0, 0, 0, 0, 1, 0, 0, 0, 1, 0, 0, 1, 0, 74871, 0, 1, 58617, 0, 1, 0, 1, 0, 46858, 39822, 0, 0, 7126, 92594, 0, 0, 17808, 9925, 0, 0, 0, 0, 1, 8521, 0, 0, 0, 77798, 0, 17297, 73131, 46429, 0, 1, 0, 0, 0, 61708, 29137, 48645, 45195, 9285, 51686, 18313, 71166, 74992, 79081, 8304, 86470, 42219, 37094, 83712, 71511, 34672, 60829, 38732, 32888, 85024, 24542, 32319, 84869, 19263, 78084, 7411, 37083, 54678, 19257, 40516, 88159, 22368, 56501, 3274, 75249, 79034, 58805, 5036, 82093, 1824, 77228, 35847, 57388, 67755, 34694, 68405, 97096, 73987, 41722, 49804, 34919, 69335, 61222, 4373, 55374, 93672, 72461, 59235, 43552, 30699], ""<class 'abc.NT_0000_P_00000'>"": [], ""<class 'abc.NT_0000_P_00001'>"": [], ""<class 'abc.NT_0008_P_00001'>"": [], ""<class 'abc.NT_0007'>"": [0, 30442], ""<class 'abc.NT_0007_P_00000'>"": [], ""<class 'abc.NT_0002'>"": [0, 2009, 1, 0, 0, 0, 0, 43348, 0, 0, 1, 0, 59947, 0, 1, 51023, 72856, 35135, 68688, 91088, 41794, 37834, 46209, 27140, 32412, 16605, 71302, 48617, 70996, 66420, 39098, 3194, 19778, 34998, 60968, 57395, 58847, 67190, 7904, 98402, 2086, 34529, 19386], ""<class 'abc.NT_0002_P_00000'>"": [], ""<class 'abc.NT_0002_P_00001'>"": [], ""<class 'abc.NT_0003'>"": [2, 1, 42987], ""<class 'abc.NT_0003_P_00000'>"": [], ""<class 'abc.NT_0003_P_00001'>"": [], ""<class 'abc.NT_0003_P_00002'>"": [], ""<class 'abc.NT_0006'>"": [1, 61721], ""<class 'abc.NT_0006_P_00000'>"": [], ""<class 'abc.NT_0004'>"": [], ""<class 'abc.NT_0004_P_00000'>"": [], ""<class 'abc.NT_0004_P_00001'>"": [], ""<class 'abc.NT_0006_P_00001'>"": [], ""<class 'abc.NT_0006_P_00002'>"": [], ""<class 'abc.NT_0006_P_00003'>"": [], '$leftovers': [98075, 13912, 31132, 79333, 67005, 60614, 89167, 61612, 72827, 95393, 7774, 4838, 80622, 19286, 388, 89247, 61119, 81985, 19388, 78051, 82137, 3298, 46052, 62641, 15125, 10693, 59273, 50230, 2725, 66359, 94734, 79927, 68945, 22935, 63942, 30886, 88313, 17000, 96538, 23762, 47069, 41591, 64582, 40855, 91942, 98035, 27160, 65777, 36640, 83286, 24245, 70012, 52716, 78622, 49933, 34674, 21545, 85515, 63596, 76834, 55706, 47571, 77999, 46871, 39758, 29268, 46755, 21424, 96377, 55045, 94655, 81266, 38729, 78370, 54466, 29207, 27070, 19950, 48714, 85283, 87118, 58445, 55295, 49791, 69639, 85835, 25451, 31208, 52354, 5252, 87857, 91470, 89621, 16918, 64589, 10774, 881, 56333, 90790, 65621, 27489, 54457, 34171, 74830, 31890, 50572, 65953, 35998, 64391, 95281, 20637, 33135, 31174, 47515, 11748, 5326, 17817, 70004, 97142, 48764, 9977, 74644, 82108, 68086, 583, 51473, 93489, 84890, 38149, 98649, 10844, 80482, 25381, 17020, 9347, 89949, 15014, 18882, 36628, 14633, 41856, 82037, 99404, 37653, 18649, 44344, 64413, 14642, 24495, 81627, 82442, 88737, 53766, 43356, 68048, 76857, 54180, 98414, 47699, 12953, 61699, 97194, 89429, 67184, 44588, 70450, 98116, 25260, 44483, 23173, 79095, 13425, 67243, 34275, 86145, 28169, 48308, 39880, 30534, 80777, 30118, 35147, 6330, 33047, 66138, 35106, 74980, 25433, 54994, 95227, 7978, 36144, 69832, 996, 86590, 74938, 93563, 39370, 8023, 18122, 28829, 32872, 79242, 70820, 98755, 81059, 10691, 50385, 39617, 19016, 1863, 56359, 38460, 67174, 91592, 22430, 17368, 97443, 878, 46355, 50098, 93139, 69976, 9080, 81250, 67133, 12450, 29860, 10515, 7229, 18784, 90514, 19054, 18495, 10502, 77269, 89119, 14108, 10620, 96989, 72023, 8856, 91521, 11678, 69216, 38189, 64461, 31020, 98319, 37543, 24755, 16609, 33556, 16612, 12763, 41905, 30677, 47421, 67343, 11855, 70264, 48856, 54312, 58986, 49212, 17225, 81724, 83758, 88507, 75316, 75104, 72850, 30442, 32626, 63929, 13975, 10352, 31178, 95848, 61832, 76994, 71041, 97101, 79981, 68823, 25960, 84031, 86511, 64668, 11598, 13801, 38277, 72117, 97914, 67271, 62497, 95121, 56480, 77291, 12295, 85165, 83568, 78821, 29000, 46548, 68710, 33837, 53867, 16757, 19744, 56490, 58506, 2704, 56409, 35185, 55884, 10413, 1967, 92366, 12720, 38904, 56674, 73494, 36995, 74568, 39592, 41098, 65909, 93224, 67867, 24312, 36412, 73676, 29939, 55884, 87263, 93716, 56026, 57244, 4070, 89635, 77378, 60358, 11337, 68615, 81852, 96708, 54183, 88797, 31269, 9360, 89105, 2535, 59726, 25955, 65244, 16768, 73543, 81718, 40902, 76314, 33436, 41909, 98773, 81808, 9719, 25421, 45418, 71987, 121, 11550, 65239, 40789, 44202, 36071, 57653, 43394, 36056, 23297, 64426, 23556, 86309, 21306, 27012, 42386, 48280, 10080, 4348, 88310, 90412, 82119, 9205, 49098, 2184, 83526, 11375, 6109, 97541, 35582, 21977, 35191, 38535, 67747, 59557, 46567, 34959, 10684, 671, 59720, 59887, 485, 14784, 36885, 67806, 20555, 39637, 90346, 34425, 6540, 18412, 78378, 59756, 27100, 45096, 77175, 81646, 59732, 18160, 89927, 40822, 95827, 99884, 32712, 63299, 13826, 85714, 22375, 34642, 93135, 95040, 87627, 56593, 10162, 1335, 24907, 11275, 57849, 31243, 19861, 99079, 15398, 23046, 39786, 73058, 18352, 90596, 73190, 18755, 43859, 95236, 53629, 45109, 83722, 79356, 47076, 62644, 97757, 13471, 27552, 93516, 12967, 49252, 1085, 54423, 9689, 79001, 15195, 48556, 32204, 40442, 35346, 62994, 33733, 67382, 49555, 60122, 40611, 12928, 92945, 10252, 45964, 84992, 1512, 78027, 75304, 45951, 56284, 25045, 39552, 38052, 75814, 1762, 99823, 76972, 67310, 62283, 41733, 23009, 32953, 78852, 84494, 34393, 32426, 77309, 29353, 87018, 31481, 22287, 73852, 13919, 95211, 57612, 5341, 78579, 87850, 58005, 44735, 76849, 63874, 54960, 17231, 90965, 88267, 87848, 83830, 59964, 7414, 27019, 63988, 28220, 60908, 57884, 71203, 30461, 65079, 25031, 40185, 78750, 46981, 80489, 92478, 38242, 60982, 98026, 5482, 58357, 82420, 69221, 47933, 41308, 46911, 93985, 74362, 98320, 32836, 21005, 85503, 60638, 52090, 16457, 81259, 97344, 71185, 51199, 32546, 37015, 82413, 74204, 2583, 41056, 12104, 19831, 19455, 13661, 3368, 6293, 24839, 2737, 57994, 65067, 22974, 80126, 70564, 55870, 22295, 54990, 188, 22708, 82010, 33866, 54839, 92881, 86023, 42822, 28002, 53771, 21295, 93768, 82639, 54827, 32269, 61670, 94699, 12629, 99213, 70585, 63371, 70163, 39410, 11420, 59374, 65058, 39544, 70840, 4105, 8975, 51408, 35270, 36395, 14905, 19463, 31253, 56593, 76004, 97054, 47585, 82196, 20301, 80867, 95726, 59810, 73784, 82432, 40019, 90101, 57866, 51891, 23969, 3726, 11832, 96918, 24802, 32825, 8453, 87570, 5910, 30479, 41802, 69112, 31765, 44030, 27039, 69845, 96240, 79148, 96989, 60634, 4975, 87175, 18069, 87499, 64971, 19045, 91141, 68569, 25404, 90932, 46267, 80532, 11728, 30381, 95769, 35013, 37457, 20905, 4517, 64695, 13129, 12749, 1818, 91327, 22606, 19672, 15427, 62325, 50224, 99886, 66678, 42678, 80750, 65241, 41447, 46222, 13943, 83906, 70729, 74336, 1726, 19116, 73335, 1723, 30675, 46925, 77182, 90826, 98994, 22759, 21028, 49319, 1714, 87944, 81788, 90533, 20925, 5438, 83502, 28657, 14540, 23899, 96217, 11472, 35876, 19131, 39399, 97335, 3323, 90272, 44040, 28073, 51304, 70624, 96620, 99178, 94411, 72001, 44800, 67313, 1790, 71579, 14737, 35858, 63905, 73477, 76009, 77549, 61502, 30404, 8360, 93569, 30438, 84984, 31813, 68448, 84388, 37695, 64509, 98530, 43872, 62143, 4409, 83775, 80273, 10350, 79665, 85682, 80513, 76395, 85135, 50, 99899, 64234, 25173, 9758, 89555, 73388, 69865, 87015, 65369, 28325, 55774, 56559, 91589, 18612, 75085, 48985, 12260, 55581, 52643, 30771, 53084, 74710, 37760, 93030, 63446, 4708, 3610, 20987, 34387, 7254, 40775, 63375, 36086, 68944, 85154, 97339, 582, 63463, 72341, 59954, 14020, 18086, 85698, 60806, 53178, 44623, 7009, 78538, 59250, 52896, 36953, 81979, 11585, 78783, 59912, 80451, 7908, 86148, 57967, 38859, 32429, 50491, 49646, 51605, 17936, 9071, 76700, 97994, 80026, 95215, 37158, 66905, 74561, 9845, 48648, 56873, 90265, 4935, 53997, 55323, 81384, 61656, 17380, 86036, 83384, 38040, 32058, 35626, 5574, 89012, 74225, 14736, 3774, 30442, 1927, 31150, 4053, 97867, 94199, 77143, 35135, 68688, 91088, 41794, 37834, 55373, 23899, 23589, 27140, 19312, 29137, 48645, 45195, 9285, 51686, 77237, 32412, 71166, 74992, 16605, 54805, 87250, 57981, 8304, 86470, 42219, 37094, 83712, 48617, 71511, 70996, 5774, 34672, 89123, 38732, 32888, 85024, 66420, 24542, 39098, 4196, 32319, 30825, 19263, 35160, 97555, 78084, 3194, 62916, 10273, 37083, 54678, 34983, 24651, 19257, 19778, 40516, 89108, 35376, 88159, 34998, 51537, 67219, 39507, 56501, 74134, 23427, 90725, 60968, 89598, 17756, 12022, 79034, 57395, 78328, 83923, 5036, 82093, 58847, 34848, 7116, 77228, 35847, 67190, 89480, 57388, 24410, 47344, 67755, 65286, 70702, 9600, 68405, 97096, 88913, 31775, 64853, 7904, 41722, 97019, 43009, 49804, 98402, 34919, 2086, 72111, 69335, 61222, 4373, 34529, 84114, 81394, 76868, 72461, 53358, 27691, 28296, 13480, 56011, 43552, 30699]})"
592.0,7,74,76,44.973809480667114,10387,"Genotype(dna={""<class 'abc.NT_0008'>"": [0, 56999], ""<class 'abc.NT_0008_P_00000'>"": [], ""<class 'abc.NT_0001'>"": [], ""<class 'abc.NT_0001_P_00000'>"": [], ""<class 'int'>"": [97653, 20406, 47695, 45437, 36791, 12753, 45651, 80211, 20876, 43747, 86904, 59270, 24543, 19312, 57981, 41571, 50140, 23587, 78328, 34848, 6322, 72111, 84114, 27691, 68898], ""<class 'bool'>"": [90671, 9706, 68793, 69465, 50630, 94229, 53268, 83378, 51198, 52517, 80864, 56983, 84611, 9863, 26653, 46759, 75883, 17618, 64460, 24766, 24616, 24139, 88100, 59674, 68925, 58603, 88542, 86971, 27699, 19771, 36300, 72448, 62475, 57494, 82844, 35160, 69828, 34983, 49026, 89108, 57812, 24784, 39507, 8947, 23427, 17756, 12022, 93336, 47344, 70702, 45692, 42395, 77481, 97019, 34645, 13480, 56011, 23961, 61622, 64153, 24398, 97162, 70647, 61083, 68916, 26200, 41381, 30572, 68510, 53169, 28736, 68692, 44411, 95498, 8365, 25426, 53841, 4898, 99229, 20080, 88444], ""<class 'abc.NT_0000'>"": [0, 0, 23967, 0, 0, 0, 0, 1, 0, 0, 0, 1, 0, 0, 1, 0, 74871, 0, 1, 58617, 0, 1, 0, 1, 0, 46858, 39822, 0, 0, 7126, 92594, 0, 0, 17808, 9925, 0, 0, 0, 0, 1, 8521, 0, 0, 0, 77798, 0, 17297, 73131, 46429, 0, 1, 0, 0, 0, 61708, 29137, 48645, 45195, 9285, 51686, 18313, 71166, 74992, 79081, 8304, 86470, 42219, 37094, 83712, 71511, 34672, 60829, 38732, 32888, 85024, 24542, 32319, 84869, 19263, 78084, 7411, 37083, 54678, 19257, 40516, 88159, 22368, 56501, 3274, 75249, 79034, 58805, 5036, 82093, 1824, 77228, 35847, 57388, 67755, 34694, 68405, 97096, 73987, 41722, 49804, 34919, 69335, 61222, 4373, 55374, 93672, 72461, 59235, 43552, 30699], ""<class 'abc.NT_0000_P_00000'>"": [], ""<class 'abc.NT_0000_P_00001'>"": [], ""<class 'abc.NT_0008_P_00001'>"": [], ""<class 'abc.NT_0007'>"": [0, 30442], ""<class 'abc.NT_0007_P_00000'>"": [], ""<class 'abc.NT_0002'>"": [0, 2009, 1, 0, 0, 0, 0, 43348, 0, 0, 1, 0, 59947, 0, 1, 51023, 72856, 35135, 68688, 91088, 41794, 37834, 46209, 27140, 32412, 16605, 71302, 48617, 70996, 66420, 39098, 3194, 19778, 34998, 60968, 57395, 58847, 67190, 7904, 98402, 2086, 34529, 19386], ""<class 'abc.NT_0002_P_00000'>"": [], ""<class 'abc.NT_0002_P_00001'>"": [], ""<class 'abc.NT_0003'>"": [2, 1, 42987], ""<class 'abc.NT_0003_P_00000'>"": [], ""<class 'abc.NT_0003_P_00001'>"": [], ""<class 'abc.NT_0003_P_00002'>"": [], ""<class 'abc.NT_0006'>"": [1, 61721], ""<class 'abc.NT_0006_P_00000'>"": [], ""<class 'abc.NT_0004'>"": [], ""<class 'abc.NT_0004_P_00000'>"": [], ""<class 'abc.NT_0004_P_00001'>"": [], ""<class 'abc.NT_0006_P_00001'>"": [], ""<class 'abc.NT_0006_P_00002'>"": [], ""<class 'abc.NT_0006_P_00003'>"": [], '$leftovers': [98075, 13912, 31132, 79333, 67005, 60614, 89167, 61612, 72827, 95393, 7774, 4838, 80622, 19286, 388, 89247, 61119, 81985, 19388, 78051, 82137, 3298, 46052, 62641, 15125, 10693, 59273, 50230, 2725, 66359, 94734, 79927, 68945, 22935, 63942, 30886, 88313, 17000, 96538, 23762, 47069, 41591, 64582, 40855, 91942, 98035, 27160, 65777, 36640, 83286, 24245, 70012, 52716, 78622, 49933, 34674, 21545, 85515, 63596, 76834, 55706, 47571, 77999, 46871, 39758, 29268, 46755, 21424, 96377, 55045, 94655, 81266, 38729, 78370, 54466, 29207, 27070, 19950, 48714, 85283, 87118, 58445, 55295, 49791, 69639, 85835, 25451, 31208, 52354, 5252, 87857, 91470, 89621, 16918, 64589, 10774, 881, 56333, 90790, 65621, 27489, 54457, 34171, 74830, 31890, 50572, 65953, 35998, 64391, 95281, 20637, 33135, 31174, 47515, 11748, 5326, 17817, 70004, 97142, 48764, 9977, 74644, 82108, 68086, 583, 51473, 93489, 84890, 38149, 98649, 10844, 80482, 25381, 17020, 9347, 89949, 15014, 18882, 36628, 14633, 41856, 82037, 99404, 37653, 18649, 44344, 64413, 14642, 24495, 81627, 82442, 88737, 53766, 43356, 68048, 76857, 54180, 98414, 47699, 12953, 61699, 97194, 89429, 67184, 44588, 70450, 98116, 25260, 44483, 23173, 79095, 13425, 67243, 34275, 86145, 28169, 48308, 39880, 30534, 80777, 30118, 35147, 6330, 33047, 66138, 35106, 74980, 25433, 54994, 95227, 7978, 36144, 69832, 996, 86590, 74938, 93563, 39370, 8023, 18122, 28829, 32872, 79242, 70820, 98755, 81059, 10691, 50385, 39617, 19016, 1863, 56359, 38460, 67174, 91592, 22430, 17368, 97443, 878, 46355, 50098, 93139, 69976, 9080, 81250, 67133, 12450, 29860, 10515, 7229, 18784, 90514, 19054, 18495, 10502, 77269, 89119, 14108, 10620, 96989, 72023, 8856, 91521, 11678, 69216, 38189, 64461, 31020, 98319, 37543, 24755, 16609, 33556, 16612, 12763, 41905, 30677, 47421, 67343, 11855, 70264, 48856, 54312, 58986, 49212, 17225, 81724, 83758, 88507, 75316, 75104, 72850, 30442, 32626, 63929, 13975, 10352, 31178, 95848, 61832, 76994, 71041, 97101, 79981, 68823, 25960, 84031, 86511, 64668, 11598, 13801, 38277, 72117, 97914, 67271, 62497, 95121, 56480, 77291, 12295, 85165, 83568, 78821, 29000, 46548, 68710, 33837, 53867, 16757, 19744, 56490, 58506, 2704, 56409, 35185, 55884, 10413, 1967, 92366, 12720, 38904, 56674, 73494, 36995, 74568, 39592, 41098, 65909, 93224, 67867, 24312, 36412, 73676, 29939, 55884, 87263, 93716, 56026, 57244, 4070, 89635, 77378, 60358, 11337, 68615, 81852, 96708, 54183, 88797, 31269, 9360, 89105, 2535, 59726, 25955, 65244, 16768, 73543, 81718, 40902, 76314, 33436, 41909, 98773, 81808, 9719, 25421, 45418, 71987, 121, 11550, 65239, 40789, 44202, 36071, 57653, 43394, 36056, 23297, 64426, 23556, 86309, 21306, 27012, 42386, 48280, 10080, 4348, 88310, 90412, 82119, 9205, 49098, 2184, 83526, 11375, 6109, 97541, 35582, 21977, 35191, 38535, 67747, 59557, 46567, 34959, 10684, 671, 59720, 59887, 485, 14784, 36885, 67806, 20555, 39637, 90346, 34425, 6540, 18412, 78378, 59756, 27100, 45096, 77175, 81646, 59732, 18160, 89927, 40822, 95827, 99884, 32712, 63299, 13826, 85714, 22375, 34642, 93135, 95040, 87627, 56593, 10162, 1335, 24907, 11275, 57849, 31243, 19861, 99079, 15398, 23046, 39786, 73058, 18352, 90596, 73190, 18755, 43859, 95236, 53629, 45109, 83722, 79356, 47076, 62644, 97757, 13471, 27552, 93516, 12967, 49252, 1085, 54423, 9689, 79001, 15195, 48556, 32204, 40442, 35346, 62994, 33733, 67382, 49555, 60122, 40611, 12928, 92945, 10252, 45964, 84992, 1512, 78027, 75304, 45951, 56284, 25045, 39552, 38052, 75814, 1762, 99823, 76972, 67310, 62283, 41733, 23009, 32953, 78852, 84494, 34393, 32426, 77309, 29353, 87018, 31481, 22287, 73852, 13919, 95211, 57612, 5341, 78579, 87850, 58005, 44735, 76849, 63874, 54960, 17231, 90965, 88267, 87848, 83830, 59964, 7414, 27019, 63988, 28220, 60908, 57884, 71203, 30461, 65079, 25031, 40185, 78750, 46981, 80489, 92478, 38242, 60982, 98026, 5482, 58357, 82420, 69221, 47933, 41308, 46911, 93985, 74362, 98320, 32836, 21005, 85503, 60638, 52090, 16457, 81259, 97344, 71185, 51199, 32546, 37015, 82413, 74204, 2583, 41056, 12104, 19831, 19455, 13661, 3368, 6293, 24839, 2737, 57994, 65067, 22974, 80126, 70564, 55870, 22295, 54990, 188, 22708, 82010, 33866, 54839, 92881, 86023, 42822, 28002, 53771, 21295, 93768, 82639, 54827, 32269, 61670, 94699, 12629, 99213, 70585, 63371, 70163, 39410, 11420, 59374, 65058, 39544, 70840, 4105, 8975, 51408, 35270, 36395, 14905, 19463, 31253, 56593, 76004, 97054, 47585, 82196, 20301, 80867, 95726, 59810, 73784, 82432, 40019, 90101, 57866, 51891, 23969, 3726, 11832, 96918, 24802, 32825, 8453, 87570, 5910, 30479, 41802, 69112, 31765, 44030, 27039, 69845, 96240, 79148, 96989, 60634, 4975, 87175, 18069, 87499, 64971, 19045, 91141, 68569, 25404, 90932, 46267, 80532, 11728, 30381, 95769, 35013, 37457, 20905, 4517, 64695, 13129, 12749, 1818, 91327, 22606, 19672, 15427, 62325, 50224, 99886, 66678, 42678, 80750, 65241, 41447, 46222, 13943, 83906, 70729, 74336, 1726, 19116, 73335, 1723, 30675, 46925, 77182, 90826, 98994, 22759, 21028, 49319, 1714, 87944, 81788, 90533, 20925, 5438, 83502, 28657, 14540, 23899, 96217, 11472, 35876, 19131, 39399, 97335, 3323, 90272, 44040, 28073, 51304, 70624, 96620, 99178, 94411, 72001, 44800, 67313, 1790, 71579, 14737, 35858, 63905, 73477, 76009, 77549, 61502, 30404, 8360, 93569, 30438, 84984, 31813, 68448, 84388, 37695, 64509, 98530, 43872, 62143, 4409, 83775, 80273, 10350, 79665, 85682, 80513, 76395, 85135, 50, 99899, 64234, 25173, 9758, 89555, 73388, 69865, 87015, 65369, 28325, 55774, 56559, 91589, 18612, 75085, 48985, 12260, 55581, 52643, 30771, 53084, 74710, 37760, 93030, 63446, 4708, 3610, 20987, 34387, 7254, 40775, 63375, 36086, 68944, 85154, 97339, 582, 63463, 72341, 59954, 14020, 18086, 85698, 60806, 53178, 44623, 7009, 78538, 59250, 52896, 36953, 81979, 11585, 78783, 59912, 80451, 7908, 86148, 57967, 38859, 32429, 50491, 49646, 51605, 17936, 9071, 76700, 97994, 80026, 95215, 37158, 66905, 74561, 9845, 48648, 56873, 90265, 4935, 53997, 55323, 81384, 61656, 17380, 86036, 83384, 38040, 32058, 35626, 5574, 89012, 74225, 14736, 3774, 30442, 1927, 31150, 4053, 97867, 94199, 77143, 35135, 68688, 91088, 41794, 37834, 55373, 23899, 23589, 27140, 19312, 29137, 48645, 45195, 9285, 51686, 77237, 32412, 71166, 74992, 16605, 54805, 87250, 57981, 8304, 86470, 42219, 37094, 83712, 48617, 71511, 70996, 5774, 34672, 89123, 38732, 32888, 85024, 66420, 24542, 39098, 4196, 32319, 30825, 19263, 35160, 97555, 78084, 3194, 62916, 10273, 37083, 54678, 34983, 24651, 19257, 19778, 40516, 89108, 35376, 88159, 34998, 51537, 67219, 39507, 56501, 74134, 23427, 90725, 60968, 89598, 17756, 12022, 79034, 57395, 78328, 83923, 5036, 82093, 58847, 34848, 7116, 77228, 35847, 67190, 89480, 57388, 24410, 47344, 67755, 65286, 70702, 9600, 68405, 97096, 88913, 31775, 64853, 7904, 41722, 97019, 43009, 49804, 98402, 34919, 2086, 72111, 69335, 61222, 4373, 34529, 84114, 81394, 76868, 72461, 53358, 27691, 28296, 13480, 56011, 43552, 30699]})"
592.0,7,74,77,45.44344401359558,10387,"Genotype(dna={""<class 'abc.NT_0008'>"": [0, 56999], ""<class 'abc.NT_0008_P_00000'>"": [], ""<class 'abc.NT_0001'>"": [], ""<class 'abc.NT_0001_P_00000'>"": [], ""<class 'int'>"": [97653, 20406, 47695, 45437, 36791, 12753, 45651, 80211, 20876, 43747, 86904, 59270, 24543, 19312, 57981, 41571, 50140, 23587, 78328, 34848, 6322, 72111, 84114, 27691, 68898], ""<class 'bool'>"": [90671, 9706, 68793, 69465, 50630, 94229, 53268, 83378, 51198, 52517, 80864, 56983, 84611, 9863, 26653, 46759, 75883, 17618, 64460, 24766, 24616, 24139, 88100, 59674, 68925, 58603, 88542, 86971, 27699, 19771, 36300, 72448, 62475, 57494, 82844, 35160, 69828, 34983, 49026, 89108, 57812, 24784, 39507, 8947, 23427, 17756, 12022, 93336, 47344, 70702, 45692, 42395, 77481, 97019, 34645, 13480, 56011, 23961, 61622, 64153, 24398, 97162, 70647, 61083, 68916, 26200, 41381, 30572, 68510, 53169, 28736, 68692, 44411, 95498, 8365, 25426, 53841, 4898, 99229, 20080, 88444], ""<class 'abc.NT_0000'>"": [0, 0, 23967, 0, 0, 0, 0, 1, 0, 0, 0, 1, 0, 0, 1, 0, 74871, 0, 1, 58617, 0, 1, 0, 1, 0, 46858, 39822, 0, 0, 7126, 92594, 0, 0, 17808, 9925, 0, 0, 0, 0, 1, 8521, 0, 0, 0, 77798, 0, 17297, 73131, 46429, 0, 1, 0, 0, 0, 61708, 29137, 48645, 45195, 9285, 51686, 18313, 71166, 74992, 79081, 8304, 86470, 42219, 37094, 83712, 71511, 34672, 60829, 38732, 32888, 85024, 24542, 32319, 84869, 19263, 78084, 7411, 37083, 54678, 19257, 40516, 88159, 22368, 56501, 3274, 75249, 79034, 58805, 5036, 82093, 1824, 77228, 35847, 57388, 67755, 34694, 68405, 97096, 73987, 41722, 49804, 34919, 69335, 61222, 4373, 55374, 93672, 72461, 59235, 43552, 30699], ""<class 'abc.NT_0000_P_00000'>"": [], ""<class 'abc.NT_0000_P_00001'>"": [], ""<class 'abc.NT_0008_P_00001'>"": [], ""<class 'abc.NT_0007'>"": [0, 30442], ""<class 'abc.NT_0007_P_00000'>"": [], ""<class 'abc.NT_0002'>"": [0, 2009, 1, 0, 0, 0, 0, 43348, 0, 0, 1, 0, 59947, 0, 1, 51023, 72856, 35135, 68688, 91088, 41794, 37834, 46209, 27140, 32412, 16605, 71302, 48617, 70996, 66420, 39098, 3194, 19778, 34998, 60968, 57395, 58847, 67190, 7904, 98402, 2086, 34529, 19386], ""<class 'abc.NT_0002_P_00000'>"": [], ""<class 'abc.NT_0002_P_00001'>"": [], ""<class 'abc.NT_0003'>"": [2, 1, 42987], ""<class 'abc.NT_0003_P_00000'>"": [], ""<class 'abc.NT_0003_P_00001'>"": [], ""<class 'abc.NT_0003_P_00002'>"": [], ""<class 'abc.NT_0006'>"": [1, 61721], ""<class 'abc.NT_0006_P_00000'>"": [], ""<class 'abc.NT_0004'>"": [], ""<class 'abc.NT_0004_P_00000'>"": [], ""<class 'abc.NT_0004_P_00001'>"": [], ""<class 'abc.NT_0006_P_00001'>"": [], ""<class 'abc.NT_0006_P_00002'>"": [], ""<class 'abc.NT_0006_P_00003'>"": [], '$leftovers': [98075, 13912, 31132, 79333, 67005, 60614, 89167, 61612, 72827, 95393, 7774, 4838, 80622, 19286, 388, 89247, 61119, 81985, 19388, 78051, 82137, 3298, 46052, 62641, 15125, 10693, 59273, 50230, 2725, 66359, 94734, 79927, 68945, 22935, 63942, 30886, 88313, 17000, 96538, 23762, 47069, 41591, 64582, 40855, 91942, 98035, 27160, 65777, 36640, 83286, 24245, 70012, 52716, 78622, 49933, 34674, 21545, 85515, 63596, 76834, 55706, 47571, 77999, 46871, 39758, 29268, 46755, 21424, 96377, 55045, 94655, 81266, 38729, 78370, 54466, 29207, 27070, 19950, 48714, 85283, 87118, 58445, 55295, 49791, 69639, 85835, 25451, 31208, 52354, 5252, 87857, 91470, 89621, 16918, 64589, 10774, 881, 56333, 90790, 65621, 27489, 54457, 34171, 74830, 31890, 50572, 65953, 35998, 64391, 95281, 20637, 33135, 31174, 47515, 11748, 5326, 17817, 70004, 97142, 48764, 9977, 74644, 82108, 68086, 583, 51473, 93489, 84890, 38149, 98649, 10844, 80482, 25381, 17020, 9347, 89949, 15014, 18882, 36628, 14633, 41856, 82037, 99404, 37653, 18649, 44344, 64413, 14642, 24495, 81627, 82442, 88737, 53766, 43356, 68048, 76857, 54180, 98414, 47699, 12953, 61699, 97194, 89429, 67184, 44588, 70450, 98116, 25260, 44483, 23173, 79095, 13425, 67243, 34275, 86145, 28169, 48308, 39880, 30534, 80777, 30118, 35147, 6330, 33047, 66138, 35106, 74980, 25433, 54994, 95227, 7978, 36144, 69832, 996, 86590, 74938, 93563, 39370, 8023, 18122, 28829, 32872, 79242, 70820, 98755, 81059, 10691, 50385, 39617, 19016, 1863, 56359, 38460, 67174, 91592, 22430, 17368, 97443, 878, 46355, 50098, 93139, 69976, 9080, 81250, 67133, 12450, 29860, 10515, 7229, 18784, 90514, 19054, 18495, 10502, 77269, 89119, 14108, 10620, 96989, 72023, 8856, 91521, 11678, 69216, 38189, 64461, 31020, 98319, 37543, 24755, 16609, 33556, 16612, 12763, 41905, 30677, 47421, 67343, 11855, 70264, 48856, 54312, 58986, 49212, 17225, 81724, 83758, 88507, 75316, 75104, 72850, 30442, 32626, 63929, 13975, 10352, 31178, 95848, 61832, 76994, 71041, 97101, 79981, 68823, 25960, 84031, 86511, 64668, 11598, 13801, 38277, 72117, 97914, 67271, 62497, 95121, 56480, 77291, 12295, 85165, 83568, 78821, 29000, 46548, 68710, 33837, 53867, 16757, 19744, 56490, 58506, 2704, 56409, 35185, 55884, 10413, 1967, 92366, 12720, 38904, 56674, 73494, 36995, 74568, 39592, 41098, 65909, 93224, 67867, 24312, 36412, 73676, 29939, 55884, 87263, 93716, 56026, 57244, 4070, 89635, 77378, 60358, 11337, 68615, 81852, 96708, 54183, 88797, 31269, 9360, 89105, 2535, 59726, 25955, 65244, 16768, 73543, 81718, 40902, 76314, 33436, 41909, 98773, 81808, 9719, 25421, 45418, 71987, 121, 11550, 65239, 40789, 44202, 36071, 57653, 43394, 36056, 23297, 64426, 23556, 86309, 21306, 27012, 42386, 48280, 10080, 4348, 88310, 90412, 82119, 9205, 49098, 2184, 83526, 11375, 6109, 97541, 35582, 21977, 35191, 38535, 67747, 59557, 46567, 34959, 10684, 671, 59720, 59887, 485, 14784, 36885, 67806, 20555, 39637, 90346, 34425, 6540, 18412, 78378, 59756, 27100, 45096, 77175, 81646, 59732, 18160, 89927, 40822, 95827, 99884, 32712, 63299, 13826, 85714, 22375, 34642, 93135, 95040, 87627, 56593, 10162, 1335, 24907, 11275, 57849, 31243, 19861, 99079, 15398, 23046, 39786, 73058, 18352, 90596, 73190, 18755, 43859, 95236, 53629, 45109, 83722, 79356, 47076, 62644, 97757, 13471, 27552, 93516, 12967, 49252, 1085, 54423, 9689, 79001, 15195, 48556, 32204, 40442, 35346, 62994, 33733, 67382, 49555, 60122, 40611, 12928, 92945, 10252, 45964, 84992, 1512, 78027, 75304, 45951, 56284, 25045, 39552, 38052, 75814, 1762, 99823, 76972, 67310, 62283, 41733, 23009, 32953, 78852, 84494, 34393, 32426, 77309, 29353, 87018, 31481, 22287, 73852, 13919, 95211, 57612, 5341, 78579, 87850, 58005, 44735, 76849, 63874, 54960, 17231, 90965, 88267, 87848, 83830, 59964, 7414, 27019, 63988, 28220, 60908, 57884, 71203, 30461, 65079, 25031, 40185, 78750, 46981, 80489, 92478, 38242, 60982, 98026, 5482, 58357, 82420, 69221, 47933, 41308, 46911, 93985, 74362, 98320, 32836, 21005, 85503, 60638, 52090, 16457, 81259, 97344, 71185, 51199, 32546, 37015, 82413, 74204, 2583, 41056, 12104, 19831, 19455, 13661, 3368, 6293, 24839, 2737, 57994, 65067, 22974, 80126, 70564, 55870, 22295, 54990, 188, 22708, 82010, 33866, 54839, 92881, 86023, 42822, 28002, 53771, 21295, 93768, 82639, 54827, 32269, 61670, 94699, 12629, 99213, 70585, 63371, 70163, 39410, 11420, 59374, 65058, 39544, 70840, 4105, 8975, 51408, 35270, 36395, 14905, 19463, 31253, 56593, 76004, 97054, 47585, 82196, 20301, 80867, 95726, 59810, 73784, 82432, 40019, 90101, 57866, 51891, 23969, 3726, 11832, 96918, 24802, 32825, 8453, 87570, 5910, 30479, 41802, 69112, 31765, 44030, 27039, 69845, 96240, 79148, 96989, 60634, 4975, 87175, 18069, 87499, 64971, 19045, 91141, 68569, 25404, 90932, 46267, 80532, 11728, 30381, 95769, 35013, 37457, 20905, 4517, 64695, 13129, 12749, 1818, 91327, 22606, 19672, 15427, 62325, 50224, 99886, 66678, 42678, 80750, 65241, 41447, 46222, 13943, 83906, 70729, 74336, 1726, 19116, 73335, 1723, 30675, 46925, 77182, 90826, 98994, 22759, 21028, 49319, 1714, 87944, 81788, 90533, 20925, 5438, 83502, 28657, 14540, 23899, 96217, 11472, 35876, 19131, 39399, 97335, 3323, 90272, 44040, 28073, 51304, 70624, 96620, 99178, 94411, 72001, 44800, 67313, 1790, 71579, 14737, 35858, 63905, 73477, 76009, 77549, 61502, 30404, 8360, 93569, 30438, 84984, 31813, 68448, 84388, 37695, 64509, 98530, 43872, 62143, 4409, 83775, 80273, 10350, 79665, 85682, 80513, 76395, 85135, 50, 99899, 64234, 25173, 9758, 89555, 73388, 69865, 87015, 65369, 28325, 55774, 56559, 91589, 18612, 75085, 48985, 12260, 55581, 52643, 30771, 53084, 74710, 37760, 93030, 63446, 4708, 3610, 20987, 34387, 7254, 40775, 63375, 36086, 68944, 85154, 97339, 582, 63463, 72341, 59954, 14020, 18086, 85698, 60806, 53178, 44623, 7009, 78538, 59250, 52896, 36953, 81979, 11585, 78783, 59912, 80451, 7908, 86148, 57967, 38859, 32429, 50491, 49646, 51605, 17936, 9071, 76700, 97994, 80026, 95215, 37158, 66905, 74561, 9845, 48648, 56873, 90265, 4935, 53997, 55323, 81384, 61656, 17380, 86036, 83384, 38040, 32058, 35626, 5574, 89012, 74225, 14736, 3774, 30442, 1927, 31150, 4053, 97867, 94199, 77143, 35135, 68688, 91088, 41794, 37834, 55373, 23899, 23589, 27140, 19312, 29137, 48645, 45195, 9285, 51686, 77237, 32412, 71166, 74992, 16605, 54805, 87250, 57981, 8304, 86470, 42219, 37094, 83712, 48617, 71511, 70996, 5774, 34672, 89123, 38732, 32888, 85024, 66420, 24542, 39098, 4196, 32319, 30825, 19263, 35160, 97555, 78084, 3194, 62916, 10273, 37083, 54678, 34983, 24651, 19257, 19778, 40516, 89108, 35376, 88159, 34998, 51537, 67219, 39507, 56501, 74134, 23427, 90725, 60968, 89598, 17756, 12022, 79034, 57395, 78328, 83923, 5036, 82093, 58847, 34848, 7116, 77228, 35847, 67190, 89480, 57388, 24410, 47344, 67755, 65286, 70702, 9600, 68405, 97096, 88913, 31775, 64853, 7904, 41722, 97019, 43009, 49804, 98402, 34919, 2086, 72111, 69335, 61222, 4373, 34529, 84114, 81394, 76868, 72461, 53358, 27691, 28296, 13480, 56011, 43552, 30699]})"
592.0,7,74,78,45.84642815589905,10387,"Genotype(dna={""<class 'abc.NT_0008'>"": [0, 56999], ""<class 'abc.NT_0008_P_00000'>"": [], ""<class 'abc.NT_0001'>"": [], ""<class 'abc.NT_0001_P_00000'>"": [], ""<class 'int'>"": [97653, 20406, 47695, 45437, 36791, 12753, 45651, 80211, 20876, 43747, 86904, 59270, 24543, 19312, 57981, 41571, 50140, 23587, 78328, 34848, 6322, 72111, 84114, 27691, 68898], ""<class 'bool'>"": [90671, 9706, 68793, 69465, 50630, 94229, 53268, 83378, 51198, 52517, 80864, 56983, 84611, 9863, 26653, 46759, 75883, 17618, 64460, 24766, 24616, 24139, 88100, 59674, 68925, 58603, 88542, 86971, 27699, 19771, 36300, 72448, 62475, 57494, 82844, 35160, 69828, 34983, 49026, 89108, 57812, 24784, 39507, 8947, 23427, 17756, 12022, 93336, 47344, 70702, 45692, 42395, 77481, 97019, 34645, 13480, 56011, 23961, 61622, 64153, 24398, 97162, 70647, 61083, 68916, 26200, 41381, 30572, 68510, 53169, 28736, 68692, 44411, 95498, 8365, 25426, 53841, 4898, 99229, 20080, 88444], ""<class 'abc.NT_0000'>"": [0, 0, 23967, 0, 0, 0, 0, 1, 0, 0, 0, 1, 0, 0, 1, 0, 74871, 0, 1, 58617, 0, 1, 0, 1, 0, 46858, 39822, 0, 0, 7126, 92594, 0, 0, 17808, 9925, 0, 0, 0, 0, 1, 8521, 0, 0, 0, 77798, 0, 17297, 73131, 46429, 0, 1, 0, 0, 0, 61708, 29137, 48645, 45195, 9285, 51686, 18313, 71166, 74992, 79081, 8304, 86470, 42219, 37094, 83712, 71511, 34672, 60829, 38732, 32888, 85024, 24542, 32319, 84869, 19263, 78084, 7411, 37083, 54678, 19257, 40516, 88159, 22368, 56501, 3274, 75249, 79034, 58805, 5036, 82093, 1824, 77228, 35847, 57388, 67755, 34694, 68405, 97096, 73987, 41722, 49804, 34919, 69335, 61222, 4373, 55374, 93672, 72461, 59235, 43552, 30699], ""<class 'abc.NT_0000_P_00000'>"": [], ""<class 'abc.NT_0000_P_00001'>"": [], ""<class 'abc.NT_0008_P_00001'>"": [], ""<class 'abc.NT_0007'>"": [0, 30442], ""<class 'abc.NT_0007_P_00000'>"": [], ""<class 'abc.NT_0002'>"": [0, 2009, 1, 0, 0, 0, 0, 43348, 0, 0, 1, 0, 59947, 0, 1, 51023, 72856, 35135, 68688, 91088, 41794, 37834, 46209, 27140, 32412, 16605, 71302, 48617, 70996, 66420, 39098, 3194, 19778, 34998, 60968, 57395, 58847, 67190, 7904, 98402, 2086, 34529, 19386], ""<class 'abc.NT_0002_P_00000'>"": [], ""<class 'abc.NT_0002_P_00001'>"": [], ""<class 'abc.NT_0003'>"": [2, 1, 42987], ""<class 'abc.NT_0003_P_00000'>"": [], ""<class 'abc.NT_0003_P_00001'>"": [], ""<class 'abc.NT_0003_P_00002'>"": [], ""<class 'abc.NT_0006'>"": [1, 61721], ""<class 'abc.NT_0006_P_00000'>"": [], ""<class 'abc.NT_0004'>"": [], ""<class 'abc.NT_0004_P_00000'>"": [], ""<class 'abc.NT_0004_P_00001'>"": [], ""<class 'abc.NT_0006_P_00001'>"": [], ""<class 'abc.NT_0006_P_00002'>"": [], ""<class 'abc.NT_0006_P_00003'>"": [], '$leftovers': [98075, 13912, 31132, 79333, 67005, 60614, 89167, 61612, 72827, 95393, 7774, 4838, 80622, 19286, 388, 89247, 61119, 81985, 19388, 78051, 82137, 3298, 46052, 62641, 15125, 10693, 59273, 50230, 2725, 66359, 94734, 79927, 68945, 22935, 63942, 30886, 88313, 17000, 96538, 23762, 47069, 41591, 64582, 40855, 91942, 98035, 27160, 65777, 36640, 83286, 24245, 70012, 52716, 78622, 49933, 34674, 21545, 85515, 63596, 76834, 55706, 47571, 77999, 46871, 39758, 29268, 46755, 21424, 96377, 55045, 94655, 81266, 38729, 78370, 54466, 29207, 27070, 19950, 48714, 85283, 87118, 58445, 55295, 49791, 69639, 85835, 25451, 31208, 52354, 5252, 87857, 91470, 89621, 16918, 64589, 10774, 881, 56333, 90790, 65621, 27489, 54457, 34171, 74830, 31890, 50572, 65953, 35998, 64391, 95281, 20637, 33135, 31174, 47515, 11748, 5326, 17817, 70004, 97142, 48764, 9977, 74644, 82108, 68086, 583, 51473, 93489, 84890, 38149, 98649, 10844, 80482, 25381, 17020, 9347, 89949, 15014, 18882, 36628, 14633, 41856, 82037, 99404, 37653, 18649, 44344, 64413, 14642, 24495, 81627, 82442, 88737, 53766, 43356, 68048, 76857, 54180, 98414, 47699, 12953, 61699, 97194, 89429, 67184, 44588, 70450, 98116, 25260, 44483, 23173, 79095, 13425, 67243, 34275, 86145, 28169, 48308, 39880, 30534, 80777, 30118, 35147, 6330, 33047, 66138, 35106, 74980, 25433, 54994, 95227, 7978, 36144, 69832, 996, 86590, 74938, 93563, 39370, 8023, 18122, 28829, 32872, 79242, 70820, 98755, 81059, 10691, 50385, 39617, 19016, 1863, 56359, 38460, 67174, 91592, 22430, 17368, 97443, 878, 46355, 50098, 93139, 69976, 9080, 81250, 67133, 12450, 29860, 10515, 7229, 18784, 90514, 19054, 18495, 10502, 77269, 89119, 14108, 10620, 96989, 72023, 8856, 91521, 11678, 69216, 38189, 64461, 31020, 98319, 37543, 24755, 16609, 33556, 16612, 12763, 41905, 30677, 47421, 67343, 11855, 70264, 48856, 54312, 58986, 49212, 17225, 81724, 83758, 88507, 75316, 75104, 72850, 30442, 32626, 63929, 13975, 10352, 31178, 95848, 61832, 76994, 71041, 97101, 79981, 68823, 25960, 84031, 86511, 64668, 11598, 13801, 38277, 72117, 97914, 67271, 62497, 95121, 56480, 77291, 12295, 85165, 83568, 78821, 29000, 46548, 68710, 33837, 53867, 16757, 19744, 56490, 58506, 2704, 56409, 35185, 55884, 10413, 1967, 92366, 12720, 38904, 56674, 73494, 36995, 74568, 39592, 41098, 65909, 93224, 67867, 24312, 36412, 73676, 29939, 55884, 87263, 93716, 56026, 57244, 4070, 89635, 77378, 60358, 11337, 68615, 81852, 96708, 54183, 88797, 31269, 9360, 89105, 2535, 59726, 25955, 65244, 16768, 73543, 81718, 40902, 76314, 33436, 41909, 98773, 81808, 9719, 25421, 45418, 71987, 121, 11550, 65239, 40789, 44202, 36071, 57653, 43394, 36056, 23297, 64426, 23556, 86309, 21306, 27012, 42386, 48280, 10080, 4348, 88310, 90412, 82119, 9205, 49098, 2184, 83526, 11375, 6109, 97541, 35582, 21977, 35191, 38535, 67747, 59557, 46567, 34959, 10684, 671, 59720, 59887, 485, 14784, 36885, 67806, 20555, 39637, 90346, 34425, 6540, 18412, 78378, 59756, 27100, 45096, 77175, 81646, 59732, 18160, 89927, 40822, 95827, 99884, 32712, 63299, 13826, 85714, 22375, 34642, 93135, 95040, 87627, 56593, 10162, 1335, 24907, 11275, 57849, 31243, 19861, 99079, 15398, 23046, 39786, 73058, 18352, 90596, 73190, 18755, 43859, 95236, 53629, 45109, 83722, 79356, 47076, 62644, 97757, 13471, 27552, 93516, 12967, 49252, 1085, 54423, 9689, 79001, 15195, 48556, 32204, 40442, 35346, 62994, 33733, 67382, 49555, 60122, 40611, 12928, 92945, 10252, 45964, 84992, 1512, 78027, 75304, 45951, 56284, 25045, 39552, 38052, 75814, 1762, 99823, 76972, 67310, 62283, 41733, 23009, 32953, 78852, 84494, 34393, 32426, 77309, 29353, 87018, 31481, 22287, 73852, 13919, 95211, 57612, 5341, 78579, 87850, 58005, 44735, 76849, 63874, 54960, 17231, 90965, 88267, 87848, 83830, 59964, 7414, 27019, 63988, 28220, 60908, 57884, 71203, 30461, 65079, 25031, 40185, 78750, 46981, 80489, 92478, 38242, 60982, 98026, 5482, 58357, 82420, 69221, 47933, 41308, 46911, 93985, 74362, 98320, 32836, 21005, 85503, 60638, 52090, 16457, 81259, 97344, 71185, 51199, 32546, 37015, 82413, 74204, 2583, 41056, 12104, 19831, 19455, 13661, 3368, 6293, 24839, 2737, 57994, 65067, 22974, 80126, 70564, 55870, 22295, 54990, 188, 22708, 82010, 33866, 54839, 92881, 86023, 42822, 28002, 53771, 21295, 93768, 82639, 54827, 32269, 61670, 94699, 12629, 99213, 70585, 63371, 70163, 39410, 11420, 59374, 65058, 39544, 70840, 4105, 8975, 51408, 35270, 36395, 14905, 19463, 31253, 56593, 76004, 97054, 47585, 82196, 20301, 80867, 95726, 59810, 73784, 82432, 40019, 90101, 57866, 51891, 23969, 3726, 11832, 96918, 24802, 32825, 8453, 87570, 5910, 30479, 41802, 69112, 31765, 44030, 27039, 69845, 96240, 79148, 96989, 60634, 4975, 87175, 18069, 87499, 64971, 19045, 91141, 68569, 25404, 90932, 46267, 80532, 11728, 30381, 95769, 35013, 37457, 20905, 4517, 64695, 13129, 12749, 1818, 91327, 22606, 19672, 15427, 62325, 50224, 99886, 66678, 42678, 80750, 65241, 41447, 46222, 13943, 83906, 70729, 74336, 1726, 19116, 73335, 1723, 30675, 46925, 77182, 90826, 98994, 22759, 21028, 49319, 1714, 87944, 81788, 90533, 20925, 5438, 83502, 28657, 14540, 23899, 96217, 11472, 35876, 19131, 39399, 97335, 3323, 90272, 44040, 28073, 51304, 70624, 96620, 99178, 94411, 72001, 44800, 67313, 1790, 71579, 14737, 35858, 63905, 73477, 76009, 77549, 61502, 30404, 8360, 93569, 30438, 84984, 31813, 68448, 84388, 37695, 64509, 98530, 43872, 62143, 4409, 83775, 80273, 10350, 79665, 85682, 80513, 76395, 85135, 50, 99899, 64234, 25173, 9758, 89555, 73388, 69865, 87015, 65369, 28325, 55774, 56559, 91589, 18612, 75085, 48985, 12260, 55581, 52643, 30771, 53084, 74710, 37760, 93030, 63446, 4708, 3610, 20987, 34387, 7254, 40775, 63375, 36086, 68944, 85154, 97339, 582, 63463, 72341, 59954, 14020, 18086, 85698, 60806, 53178, 44623, 7009, 78538, 59250, 52896, 36953, 81979, 11585, 78783, 59912, 80451, 7908, 86148, 57967, 38859, 32429, 50491, 49646, 51605, 17936, 9071, 76700, 97994, 80026, 95215, 37158, 66905, 74561, 9845, 48648, 56873, 90265, 4935, 53997, 55323, 81384, 61656, 17380, 86036, 83384, 38040, 32058, 35626, 5574, 89012, 74225, 14736, 3774, 30442, 1927, 31150, 4053, 97867, 94199, 77143, 35135, 68688, 91088, 41794, 37834, 55373, 23899, 23589, 27140, 19312, 29137, 48645, 45195, 9285, 51686, 77237, 32412, 71166, 74992, 16605, 54805, 87250, 57981, 8304, 86470, 42219, 37094, 83712, 48617, 71511, 70996, 5774, 34672, 89123, 38732, 32888, 85024, 66420, 24542, 39098, 4196, 32319, 30825, 19263, 35160, 97555, 78084, 3194, 62916, 10273, 37083, 54678, 34983, 24651, 19257, 19778, 40516, 89108, 35376, 88159, 34998, 51537, 67219, 39507, 56501, 74134, 23427, 90725, 60968, 89598, 17756, 12022, 79034, 57395, 78328, 83923, 5036, 82093, 58847, 34848, 7116, 77228, 35847, 67190, 89480, 57388, 24410, 47344, 67755, 65286, 70702, 9600, 68405, 97096, 88913, 31775, 64853, 7904, 41722, 97019, 43009, 49804, 98402, 34919, 2086, 72111, 69335, 61222, 4373, 34529, 84114, 81394, 76868, 72461, 53358, 27691, 28296, 13480, 56011, 43552, 30699]})"
592.0,7,74,79,46.200315952301025,10387,"Genotype(dna={""<class 'abc.NT_0008'>"": [0, 56999], ""<class 'abc.NT_0008_P_00000'>"": [], ""<class 'abc.NT_0001'>"": [], ""<class 'abc.NT_0001_P_00000'>"": [], ""<class 'int'>"": [97653, 20406, 47695, 45437, 36791, 12753, 45651, 80211, 20876, 43747, 86904, 59270, 24543, 19312, 57981, 41571, 50140, 23587, 78328, 34848, 6322, 72111, 84114, 27691, 68898], ""<class 'bool'>"": [90671, 9706, 68793, 69465, 50630, 94229, 53268, 83378, 51198, 52517, 80864, 56983, 84611, 9863, 26653, 46759, 75883, 17618, 64460, 24766, 24616, 24139, 88100, 59674, 68925, 58603, 88542, 86971, 27699, 19771, 36300, 72448, 62475, 57494, 82844, 35160, 69828, 34983, 49026, 89108, 57812, 24784, 39507, 8947, 23427, 17756, 12022, 93336, 47344, 70702, 45692, 42395, 77481, 97019, 34645, 13480, 56011, 23961, 61622, 64153, 24398, 97162, 70647, 61083, 68916, 26200, 41381, 30572, 68510, 53169, 28736, 68692, 44411, 95498, 8365, 25426, 53841, 4898, 99229, 20080, 88444], ""<class 'abc.NT_0000'>"": [0, 0, 23967, 0, 0, 0, 0, 1, 0, 0, 0, 1, 0, 0, 1, 0, 74871, 0, 1, 58617, 0, 1, 0, 1, 0, 46858, 39822, 0, 0, 7126, 92594, 0, 0, 17808, 9925, 0, 0, 0, 0, 1, 8521, 0, 0, 0, 77798, 0, 17297, 73131, 46429, 0, 1, 0, 0, 0, 61708, 29137, 48645, 45195, 9285, 51686, 18313, 71166, 74992, 79081, 8304, 86470, 42219, 37094, 83712, 71511, 34672, 60829, 38732, 32888, 85024, 24542, 32319, 84869, 19263, 78084, 7411, 37083, 54678, 19257, 40516, 88159, 22368, 56501, 3274, 75249, 79034, 58805, 5036, 82093, 1824, 77228, 35847, 57388, 67755, 34694, 68405, 97096, 73987, 41722, 49804, 34919, 69335, 61222, 4373, 55374, 93672, 72461, 59235, 43552, 30699], ""<class 'abc.NT_0000_P_00000'>"": [], ""<class 'abc.NT_0000_P_00001'>"": [], ""<class 'abc.NT_0008_P_00001'>"": [], ""<class 'abc.NT_0007'>"": [0, 30442], ""<class 'abc.NT_0007_P_00000'>"": [], ""<class 'abc.NT_0002'>"": [0, 2009, 1, 0, 0, 0, 0, 43348, 0, 0, 1, 0, 59947, 0, 1, 51023, 72856, 35135, 68688, 91088, 41794, 37834, 46209, 27140, 32412, 16605, 71302, 48617, 70996, 66420, 39098, 3194, 19778, 34998, 60968, 57395, 58847, 67190, 7904, 98402, 2086, 34529, 19386], ""<class 'abc.NT_0002_P_00000'>"": [], ""<class 'abc.NT_0002_P_00001'>"": [], ""<class 'abc.NT_0003'>"": [2, 1, 42987], ""<class 'abc.NT_0003_P_00000'>"": [], ""<class 'abc.NT_0003_P_00001'>"": [], ""<class 'abc.NT_0003_P_00002'>"": [], ""<class 'abc.NT_0006'>"": [1, 61721], ""<class 'abc.NT_0006_P_00000'>"": [], ""<class 'abc.NT_0004'>"": [], ""<class 'abc.NT_0004_P_00000'>"": [], ""<class 'abc.NT_0004_P_00001'>"": [], ""<class 'abc.NT_0006_P_00001'>"": [], ""<class 'abc.NT_0006_P_00002'>"": [], ""<class 'abc.NT_0006_P_00003'>"": [], '$leftovers': [98075, 13912, 31132, 79333, 67005, 60614, 89167, 61612, 72827, 95393, 7774, 4838, 80622, 19286, 388, 89247, 61119, 81985, 19388, 78051, 82137, 3298, 46052, 62641, 15125, 10693, 59273, 50230, 2725, 66359, 94734, 79927, 68945, 22935, 63942, 30886, 88313, 17000, 96538, 23762, 47069, 41591, 64582, 40855, 91942, 98035, 27160, 65777, 36640, 83286, 24245, 70012, 52716, 78622, 49933, 34674, 21545, 85515, 63596, 76834, 55706, 47571, 77999, 46871, 39758, 29268, 46755, 21424, 96377, 55045, 94655, 81266, 38729, 78370, 54466, 29207, 27070, 19950, 48714, 85283, 87118, 58445, 55295, 49791, 69639, 85835, 25451, 31208, 52354, 5252, 87857, 91470, 89621, 16918, 64589, 10774, 881, 56333, 90790, 65621, 27489, 54457, 34171, 74830, 31890, 50572, 65953, 35998, 64391, 95281, 20637, 33135, 31174, 47515, 11748, 5326, 17817, 70004, 97142, 48764, 9977, 74644, 82108, 68086, 583, 51473, 93489, 84890, 38149, 98649, 10844, 80482, 25381, 17020, 9347, 89949, 15014, 18882, 36628, 14633, 41856, 82037, 99404, 37653, 18649, 44344, 64413, 14642, 24495, 81627, 82442, 88737, 53766, 43356, 68048, 76857, 54180, 98414, 47699, 12953, 61699, 97194, 89429, 67184, 44588, 70450, 98116, 25260, 44483, 23173, 79095, 13425, 67243, 34275, 86145, 28169, 48308, 39880, 30534, 80777, 30118, 35147, 6330, 33047, 66138, 35106, 74980, 25433, 54994, 95227, 7978, 36144, 69832, 996, 86590, 74938, 93563, 39370, 8023, 18122, 28829, 32872, 79242, 70820, 98755, 81059, 10691, 50385, 39617, 19016, 1863, 56359, 38460, 67174, 91592, 22430, 17368, 97443, 878, 46355, 50098, 93139, 69976, 9080, 81250, 67133, 12450, 29860, 10515, 7229, 18784, 90514, 19054, 18495, 10502, 77269, 89119, 14108, 10620, 96989, 72023, 8856, 91521, 11678, 69216, 38189, 64461, 31020, 98319, 37543, 24755, 16609, 33556, 16612, 12763, 41905, 30677, 47421, 67343, 11855, 70264, 48856, 54312, 58986, 49212, 17225, 81724, 83758, 88507, 75316, 75104, 72850, 30442, 32626, 63929, 13975, 10352, 31178, 95848, 61832, 76994, 71041, 97101, 79981, 68823, 25960, 84031, 86511, 64668, 11598, 13801, 38277, 72117, 97914, 67271, 62497, 95121, 56480, 77291, 12295, 85165, 83568, 78821, 29000, 46548, 68710, 33837, 53867, 16757, 19744, 56490, 58506, 2704, 56409, 35185, 55884, 10413, 1967, 92366, 12720, 38904, 56674, 73494, 36995, 74568, 39592, 41098, 65909, 93224, 67867, 24312, 36412, 73676, 29939, 55884, 87263, 93716, 56026, 57244, 4070, 89635, 77378, 60358, 11337, 68615, 81852, 96708, 54183, 88797, 31269, 9360, 89105, 2535, 59726, 25955, 65244, 16768, 73543, 81718, 40902, 76314, 33436, 41909, 98773, 81808, 9719, 25421, 45418, 71987, 121, 11550, 65239, 40789, 44202, 36071, 57653, 43394, 36056, 23297, 64426, 23556, 86309, 21306, 27012, 42386, 48280, 10080, 4348, 88310, 90412, 82119, 9205, 49098, 2184, 83526, 11375, 6109, 97541, 35582, 21977, 35191, 38535, 67747, 59557, 46567, 34959, 10684, 671, 59720, 59887, 485, 14784, 36885, 67806, 20555, 39637, 90346, 34425, 6540, 18412, 78378, 59756, 27100, 45096, 77175, 81646, 59732, 18160, 89927, 40822, 95827, 99884, 32712, 63299, 13826, 85714, 22375, 34642, 93135, 95040, 87627, 56593, 10162, 1335, 24907, 11275, 57849, 31243, 19861, 99079, 15398, 23046, 39786, 73058, 18352, 90596, 73190, 18755, 43859, 95236, 53629, 45109, 83722, 79356, 47076, 62644, 97757, 13471, 27552, 93516, 12967, 49252, 1085, 54423, 9689, 79001, 15195, 48556, 32204, 40442, 35346, 62994, 33733, 67382, 49555, 60122, 40611, 12928, 92945, 10252, 45964, 84992, 1512, 78027, 75304, 45951, 56284, 25045, 39552, 38052, 75814, 1762, 99823, 76972, 67310, 62283, 41733, 23009, 32953, 78852, 84494, 34393, 32426, 77309, 29353, 87018, 31481, 22287, 73852, 13919, 95211, 57612, 5341, 78579, 87850, 58005, 44735, 76849, 63874, 54960, 17231, 90965, 88267, 87848, 83830, 59964, 7414, 27019, 63988, 28220, 60908, 57884, 71203, 30461, 65079, 25031, 40185, 78750, 46981, 80489, 92478, 38242, 60982, 98026, 5482, 58357, 82420, 69221, 47933, 41308, 46911, 93985, 74362, 98320, 32836, 21005, 85503, 60638, 52090, 16457, 81259, 97344, 71185, 51199, 32546, 37015, 82413, 74204, 2583, 41056, 12104, 19831, 19455, 13661, 3368, 6293, 24839, 2737, 57994, 65067, 22974, 80126, 70564, 55870, 22295, 54990, 188, 22708, 82010, 33866, 54839, 92881, 86023, 42822, 28002, 53771, 21295, 93768, 82639, 54827, 32269, 61670, 94699, 12629, 99213, 70585, 63371, 70163, 39410, 11420, 59374, 65058, 39544, 70840, 4105, 8975, 51408, 35270, 36395, 14905, 19463, 31253, 56593, 76004, 97054, 47585, 82196, 20301, 80867, 95726, 59810, 73784, 82432, 40019, 90101, 57866, 51891, 23969, 3726, 11832, 96918, 24802, 32825, 8453, 87570, 5910, 30479, 41802, 69112, 31765, 44030, 27039, 69845, 96240, 79148, 96989, 60634, 4975, 87175, 18069, 87499, 64971, 19045, 91141, 68569, 25404, 90932, 46267, 80532, 11728, 30381, 95769, 35013, 37457, 20905, 4517, 64695, 13129, 12749, 1818, 91327, 22606, 19672, 15427, 62325, 50224, 99886, 66678, 42678, 80750, 65241, 41447, 46222, 13943, 83906, 70729, 74336, 1726, 19116, 73335, 1723, 30675, 46925, 77182, 90826, 98994, 22759, 21028, 49319, 1714, 87944, 81788, 90533, 20925, 5438, 83502, 28657, 14540, 23899, 96217, 11472, 35876, 19131, 39399, 97335, 3323, 90272, 44040, 28073, 51304, 70624, 96620, 99178, 94411, 72001, 44800, 67313, 1790, 71579, 14737, 35858, 63905, 73477, 76009, 77549, 61502, 30404, 8360, 93569, 30438, 84984, 31813, 68448, 84388, 37695, 64509, 98530, 43872, 62143, 4409, 83775, 80273, 10350, 79665, 85682, 80513, 76395, 85135, 50, 99899, 64234, 25173, 9758, 89555, 73388, 69865, 87015, 65369, 28325, 55774, 56559, 91589, 18612, 75085, 48985, 12260, 55581, 52643, 30771, 53084, 74710, 37760, 93030, 63446, 4708, 3610, 20987, 34387, 7254, 40775, 63375, 36086, 68944, 85154, 97339, 582, 63463, 72341, 59954, 14020, 18086, 85698, 60806, 53178, 44623, 7009, 78538, 59250, 52896, 36953, 81979, 11585, 78783, 59912, 80451, 7908, 86148, 57967, 38859, 32429, 50491, 49646, 51605, 17936, 9071, 76700, 97994, 80026, 95215, 37158, 66905, 74561, 9845, 48648, 56873, 90265, 4935, 53997, 55323, 81384, 61656, 17380, 86036, 83384, 38040, 32058, 35626, 5574, 89012, 74225, 14736, 3774, 30442, 1927, 31150, 4053, 97867, 94199, 77143, 35135, 68688, 91088, 41794, 37834, 55373, 23899, 23589, 27140, 19312, 29137, 48645, 45195, 9285, 51686, 77237, 32412, 71166, 74992, 16605, 54805, 87250, 57981, 8304, 86470, 42219, 37094, 83712, 48617, 71511, 70996, 5774, 34672, 89123, 38732, 32888, 85024, 66420, 24542, 39098, 4196, 32319, 30825, 19263, 35160, 97555, 78084, 3194, 62916, 10273, 37083, 54678, 34983, 24651, 19257, 19778, 40516, 89108, 35376, 88159, 34998, 51537, 67219, 39507, 56501, 74134, 23427, 90725, 60968, 89598, 17756, 12022, 79034, 57395, 78328, 83923, 5036, 82093, 58847, 34848, 7116, 77228, 35847, 67190, 89480, 57388, 24410, 47344, 67755, 65286, 70702, 9600, 68405, 97096, 88913, 31775, 64853, 7904, 41722, 97019, 43009, 49804, 98402, 34919, 2086, 72111, 69335, 61222, 4373, 34529, 84114, 81394, 76868, 72461, 53358, 27691, 28296, 13480, 56011, 43552, 30699]})"
592.0,7,74,80,46.52457880973816,10387,"Genotype(dna={""<class 'abc.NT_0008'>"": [0, 56999], ""<class 'abc.NT_0008_P_00000'>"": [], ""<class 'abc.NT_0001'>"": [], ""<class 'abc.NT_0001_P_00000'>"": [], ""<class 'int'>"": [97653, 20406, 47695, 45437, 36791, 12753, 45651, 80211, 20876, 43747, 86904, 59270, 24543, 19312, 57981, 41571, 50140, 23587, 78328, 34848, 6322, 72111, 84114, 27691, 68898], ""<class 'bool'>"": [90671, 9706, 68793, 69465, 50630, 94229, 53268, 83378, 51198, 52517, 80864, 56983, 84611, 9863, 26653, 46759, 75883, 17618, 64460, 24766, 24616, 24139, 88100, 59674, 68925, 58603, 88542, 86971, 27699, 19771, 36300, 72448, 62475, 57494, 82844, 35160, 69828, 34983, 49026, 89108, 57812, 24784, 39507, 8947, 23427, 17756, 12022, 93336, 47344, 70702, 45692, 42395, 77481, 97019, 34645, 13480, 56011, 23961, 61622, 64153, 24398, 97162, 70647, 61083, 68916, 26200, 41381, 30572, 68510, 53169, 28736, 68692, 44411, 95498, 8365, 25426, 53841, 4898, 99229, 20080, 88444], ""<class 'abc.NT_0000'>"": [0, 0, 23967, 0, 0, 0, 0, 1, 0, 0, 0, 1, 0, 0, 1, 0, 74871, 0, 1, 58617, 0, 1, 0, 1, 0, 46858, 39822, 0, 0, 7126, 92594, 0, 0, 17808, 9925, 0, 0, 0, 0, 1, 8521, 0, 0, 0, 77798, 0, 17297, 73131, 46429, 0, 1, 0, 0, 0, 61708, 29137, 48645, 45195, 9285, 51686, 18313, 71166, 74992, 79081, 8304, 86470, 42219, 37094, 83712, 71511, 34672, 60829, 38732, 32888, 85024, 24542, 32319, 84869, 19263, 78084, 7411, 37083, 54678, 19257, 40516, 88159, 22368, 56501, 3274, 75249, 79034, 58805, 5036, 82093, 1824, 77228, 35847, 57388, 67755, 34694, 68405, 97096, 73987, 41722, 49804, 34919, 69335, 61222, 4373, 55374, 93672, 72461, 59235, 43552, 30699], ""<class 'abc.NT_0000_P_00000'>"": [], ""<class 'abc.NT_0000_P_00001'>"": [], ""<class 'abc.NT_0008_P_00001'>"": [], ""<class 'abc.NT_0007'>"": [0, 30442], ""<class 'abc.NT_0007_P_00000'>"": [], ""<class 'abc.NT_0002'>"": [0, 2009, 1, 0, 0, 0, 0, 43348, 0, 0, 1, 0, 59947, 0, 1, 51023, 72856, 35135, 68688, 91088, 41794, 37834, 46209, 27140, 32412, 16605, 71302, 48617, 70996, 66420, 39098, 3194, 19778, 34998, 60968, 57395, 58847, 67190, 7904, 98402, 2086, 34529, 19386], ""<class 'abc.NT_0002_P_00000'>"": [], ""<class 'abc.NT_0002_P_00001'>"": [], ""<class 'abc.NT_0003'>"": [2, 1, 42987], ""<class 'abc.NT_0003_P_00000'>"": [], ""<class 'abc.NT_0003_P_00001'>"": [], ""<class 'abc.NT_0003_P_00002'>"": [], ""<class 'abc.NT_0006'>"": [1, 61721], ""<class 'abc.NT_0006_P_00000'>"": [], ""<class 'abc.NT_0004'>"": [], ""<class 'abc.NT_0004_P_00000'>"": [], ""<class 'abc.NT_0004_P_00001'>"": [], ""<class 'abc.NT_0006_P_00001'>"": [], ""<class 'abc.NT_0006_P_00002'>"": [], ""<class 'abc.NT_0006_P_00003'>"": [], '$leftovers': [98075, 13912, 31132, 79333, 67005, 60614, 89167, 61612, 72827, 95393, 7774, 4838, 80622, 19286, 388, 89247, 61119, 81985, 19388, 78051, 82137, 3298, 46052, 62641, 15125, 10693, 59273, 50230, 2725, 66359, 94734, 79927, 68945, 22935, 63942, 30886, 88313, 17000, 96538, 23762, 47069, 41591, 64582, 40855, 91942, 98035, 27160, 65777, 36640, 83286, 24245, 70012, 52716, 78622, 49933, 34674, 21545, 85515, 63596, 76834, 55706, 47571, 77999, 46871, 39758, 29268, 46755, 21424, 96377, 55045, 94655, 81266, 38729, 78370, 54466, 29207, 27070, 19950, 48714, 85283, 87118, 58445, 55295, 49791, 69639, 85835, 25451, 31208, 52354, 5252, 87857, 91470, 89621, 16918, 64589, 10774, 881, 56333, 90790, 65621, 27489, 54457, 34171, 74830, 31890, 50572, 65953, 35998, 64391, 95281, 20637, 33135, 31174, 47515, 11748, 5326, 17817, 70004, 97142, 48764, 9977, 74644, 82108, 68086, 583, 51473, 93489, 84890, 38149, 98649, 10844, 80482, 25381, 17020, 9347, 89949, 15014, 18882, 36628, 14633, 41856, 82037, 99404, 37653, 18649, 44344, 64413, 14642, 24495, 81627, 82442, 88737, 53766, 43356, 68048, 76857, 54180, 98414, 47699, 12953, 61699, 97194, 89429, 67184, 44588, 70450, 98116, 25260, 44483, 23173, 79095, 13425, 67243, 34275, 86145, 28169, 48308, 39880, 30534, 80777, 30118, 35147, 6330, 33047, 66138, 35106, 74980, 25433, 54994, 95227, 7978, 36144, 69832, 996, 86590, 74938, 93563, 39370, 8023, 18122, 28829, 32872, 79242, 70820, 98755, 81059, 10691, 50385, 39617, 19016, 1863, 56359, 38460, 67174, 91592, 22430, 17368, 97443, 878, 46355, 50098, 93139, 69976, 9080, 81250, 67133, 12450, 29860, 10515, 7229, 18784, 90514, 19054, 18495, 10502, 77269, 89119, 14108, 10620, 96989, 72023, 8856, 91521, 11678, 69216, 38189, 64461, 31020, 98319, 37543, 24755, 16609, 33556, 16612, 12763, 41905, 30677, 47421, 67343, 11855, 70264, 48856, 54312, 58986, 49212, 17225, 81724, 83758, 88507, 75316, 75104, 72850, 30442, 32626, 63929, 13975, 10352, 31178, 95848, 61832, 76994, 71041, 97101, 79981, 68823, 25960, 84031, 86511, 64668, 11598, 13801, 38277, 72117, 97914, 67271, 62497, 95121, 56480, 77291, 12295, 85165, 83568, 78821, 29000, 46548, 68710, 33837, 53867, 16757, 19744, 56490, 58506, 2704, 56409, 35185, 55884, 10413, 1967, 92366, 12720, 38904, 56674, 73494, 36995, 74568, 39592, 41098, 65909, 93224, 67867, 24312, 36412, 73676, 29939, 55884, 87263, 93716, 56026, 57244, 4070, 89635, 77378, 60358, 11337, 68615, 81852, 96708, 54183, 88797, 31269, 9360, 89105, 2535, 59726, 25955, 65244, 16768, 73543, 81718, 40902, 76314, 33436, 41909, 98773, 81808, 9719, 25421, 45418, 71987, 121, 11550, 65239, 40789, 44202, 36071, 57653, 43394, 36056, 23297, 64426, 23556, 86309, 21306, 27012, 42386, 48280, 10080, 4348, 88310, 90412, 82119, 9205, 49098, 2184, 83526, 11375, 6109, 97541, 35582, 21977, 35191, 38535, 67747, 59557, 46567, 34959, 10684, 671, 59720, 59887, 485, 14784, 36885, 67806, 20555, 39637, 90346, 34425, 6540, 18412, 78378, 59756, 27100, 45096, 77175, 81646, 59732, 18160, 89927, 40822, 95827, 99884, 32712, 63299, 13826, 85714, 22375, 34642, 93135, 95040, 87627, 56593, 10162, 1335, 24907, 11275, 57849, 31243, 19861, 99079, 15398, 23046, 39786, 73058, 18352, 90596, 73190, 18755, 43859, 95236, 53629, 45109, 83722, 79356, 47076, 62644, 97757, 13471, 27552, 93516, 12967, 49252, 1085, 54423, 9689, 79001, 15195, 48556, 32204, 40442, 35346, 62994, 33733, 67382, 49555, 60122, 40611, 12928, 92945, 10252, 45964, 84992, 1512, 78027, 75304, 45951, 56284, 25045, 39552, 38052, 75814, 1762, 99823, 76972, 67310, 62283, 41733, 23009, 32953, 78852, 84494, 34393, 32426, 77309, 29353, 87018, 31481, 22287, 73852, 13919, 95211, 57612, 5341, 78579, 87850, 58005, 44735, 76849, 63874, 54960, 17231, 90965, 88267, 87848, 83830, 59964, 7414, 27019, 63988, 28220, 60908, 57884, 71203, 30461, 65079, 25031, 40185, 78750, 46981, 80489, 92478, 38242, 60982, 98026, 5482, 58357, 82420, 69221, 47933, 41308, 46911, 93985, 74362, 98320, 32836, 21005, 85503, 60638, 52090, 16457, 81259, 97344, 71185, 51199, 32546, 37015, 82413, 74204, 2583, 41056, 12104, 19831, 19455, 13661, 3368, 6293, 24839, 2737, 57994, 65067, 22974, 80126, 70564, 55870, 22295, 54990, 188, 22708, 82010, 33866, 54839, 92881, 86023, 42822, 28002, 53771, 21295, 93768, 82639, 54827, 32269, 61670, 94699, 12629, 99213, 70585, 63371, 70163, 39410, 11420, 59374, 65058, 39544, 70840, 4105, 8975, 51408, 35270, 36395, 14905, 19463, 31253, 56593, 76004, 97054, 47585, 82196, 20301, 80867, 95726, 59810, 73784, 82432, 40019, 90101, 57866, 51891, 23969, 3726, 11832, 96918, 24802, 32825, 8453, 87570, 5910, 30479, 41802, 69112, 31765, 44030, 27039, 69845, 96240, 79148, 96989, 60634, 4975, 87175, 18069, 87499, 64971, 19045, 91141, 68569, 25404, 90932, 46267, 80532, 11728, 30381, 95769, 35013, 37457, 20905, 4517, 64695, 13129, 12749, 1818, 91327, 22606, 19672, 15427, 62325, 50224, 99886, 66678, 42678, 80750, 65241, 41447, 46222, 13943, 83906, 70729, 74336, 1726, 19116, 73335, 1723, 30675, 46925, 77182, 90826, 98994, 22759, 21028, 49319, 1714, 87944, 81788, 90533, 20925, 5438, 83502, 28657, 14540, 23899, 96217, 11472, 35876, 19131, 39399, 97335, 3323, 90272, 44040, 28073, 51304, 70624, 96620, 99178, 94411, 72001, 44800, 67313, 1790, 71579, 14737, 35858, 63905, 73477, 76009, 77549, 61502, 30404, 8360, 93569, 30438, 84984, 31813, 68448, 84388, 37695, 64509, 98530, 43872, 62143, 4409, 83775, 80273, 10350, 79665, 85682, 80513, 76395, 85135, 50, 99899, 64234, 25173, 9758, 89555, 73388, 69865, 87015, 65369, 28325, 55774, 56559, 91589, 18612, 75085, 48985, 12260, 55581, 52643, 30771, 53084, 74710, 37760, 93030, 63446, 4708, 3610, 20987, 34387, 7254, 40775, 63375, 36086, 68944, 85154, 97339, 582, 63463, 72341, 59954, 14020, 18086, 85698, 60806, 53178, 44623, 7009, 78538, 59250, 52896, 36953, 81979, 11585, 78783, 59912, 80451, 7908, 86148, 57967, 38859, 32429, 50491, 49646, 51605, 17936, 9071, 76700, 97994, 80026, 95215, 37158, 66905, 74561, 9845, 48648, 56873, 90265, 4935, 53997, 55323, 81384, 61656, 17380, 86036, 83384, 38040, 32058, 35626, 5574, 89012, 74225, 14736, 3774, 30442, 1927, 31150, 4053, 97867, 94199, 77143, 35135, 68688, 91088, 41794, 37834, 55373, 23899, 23589, 27140, 19312, 29137, 48645, 45195, 9285, 51686, 77237, 32412, 71166, 74992, 16605, 54805, 87250, 57981, 8304, 86470, 42219, 37094, 83712, 48617, 71511, 70996, 5774, 34672, 89123, 38732, 32888, 85024, 66420, 24542, 39098, 4196, 32319, 30825, 19263, 35160, 97555, 78084, 3194, 62916, 10273, 37083, 54678, 34983, 24651, 19257, 19778, 40516, 89108, 35376, 88159, 34998, 51537, 67219, 39507, 56501, 74134, 23427, 90725, 60968, 89598, 17756, 12022, 79034, 57395, 78328, 83923, 5036, 82093, 58847, 34848, 7116, 77228, 35847, 67190, 89480, 57388, 24410, 47344, 67755, 65286, 70702, 9600, 68405, 97096, 88913, 31775, 64853, 7904, 41722, 97019, 43009, 49804, 98402, 34919, 2086, 72111, 69335, 61222, 4373, 34529, 84114, 81394, 76868, 72461, 53358, 27691, 28296, 13480, 56011, 43552, 30699]})"
592.0,7,74,81,46.91710662841797,10387,"Genotype(dna={""<class 'abc.NT_0008'>"": [0, 56999], ""<class 'abc.NT_0008_P_00000'>"": [], ""<class 'abc.NT_0001'>"": [], ""<class 'abc.NT_0001_P_00000'>"": [], ""<class 'int'>"": [97653, 20406, 47695, 45437, 36791, 12753, 45651, 80211, 20876, 43747, 86904, 59270, 24543, 19312, 57981, 41571, 50140, 23587, 78328, 34848, 6322, 72111, 84114, 27691, 68898], ""<class 'bool'>"": [90671, 9706, 68793, 69465, 50630, 94229, 53268, 83378, 51198, 52517, 80864, 56983, 84611, 9863, 26653, 46759, 75883, 17618, 64460, 24766, 24616, 24139, 88100, 59674, 68925, 58603, 88542, 86971, 27699, 19771, 36300, 72448, 62475, 57494, 82844, 35160, 69828, 34983, 49026, 89108, 57812, 24784, 39507, 8947, 23427, 17756, 12022, 93336, 47344, 70702, 45692, 42395, 77481, 97019, 34645, 13480, 56011, 23961, 61622, 64153, 24398, 97162, 70647, 61083, 68916, 26200, 41381, 30572, 68510, 53169, 28736, 68692, 44411, 95498, 8365, 25426, 53841, 4898, 99229, 20080, 88444], ""<class 'abc.NT_0000'>"": [0, 0, 23967, 0, 0, 0, 0, 1, 0, 0, 0, 1, 0, 0, 1, 0, 74871, 0, 1, 58617, 0, 1, 0, 1, 0, 46858, 39822, 0, 0, 7126, 92594, 0, 0, 17808, 9925, 0, 0, 0, 0, 1, 8521, 0, 0, 0, 77798, 0, 17297, 73131, 46429, 0, 1, 0, 0, 0, 61708, 29137, 48645, 45195, 9285, 51686, 18313, 71166, 74992, 79081, 8304, 86470, 42219, 37094, 83712, 71511, 34672, 60829, 38732, 32888, 85024, 24542, 32319, 84869, 19263, 78084, 7411, 37083, 54678, 19257, 40516, 88159, 22368, 56501, 3274, 75249, 79034, 58805, 5036, 82093, 1824, 77228, 35847, 57388, 67755, 34694, 68405, 97096, 73987, 41722, 49804, 34919, 69335, 61222, 4373, 55374, 93672, 72461, 59235, 43552, 30699], ""<class 'abc.NT_0000_P_00000'>"": [], ""<class 'abc.NT_0000_P_00001'>"": [], ""<class 'abc.NT_0008_P_00001'>"": [], ""<class 'abc.NT_0007'>"": [0, 30442], ""<class 'abc.NT_0007_P_00000'>"": [], ""<class 'abc.NT_0002'>"": [0, 2009, 1, 0, 0, 0, 0, 43348, 0, 0, 1, 0, 59947, 0, 1, 51023, 72856, 35135, 68688, 91088, 41794, 37834, 46209, 27140, 32412, 16605, 71302, 48617, 70996, 66420, 39098, 3194, 19778, 34998, 60968, 57395, 58847, 67190, 7904, 98402, 2086, 34529, 19386], ""<class 'abc.NT_0002_P_00000'>"": [], ""<class 'abc.NT_0002_P_00001'>"": [], ""<class 'abc.NT_0003'>"": [2, 1, 42987], ""<class 'abc.NT_0003_P_00000'>"": [], ""<class 'abc.NT_0003_P_00001'>"": [], ""<class 'abc.NT_0003_P_00002'>"": [], ""<class 'abc.NT_0006'>"": [1, 61721], ""<class 'abc.NT_0006_P_00000'>"": [], ""<class 'abc.NT_0004'>"": [], ""<class 'abc.NT_0004_P_00000'>"": [], ""<class 'abc.NT_0004_P_00001'>"": [], ""<class 'abc.NT_0006_P_00001'>"": [], ""<class 'abc.NT_0006_P_00002'>"": [], ""<class 'abc.NT_0006_P_00003'>"": [], '$leftovers': [98075, 13912, 31132, 79333, 67005, 60614, 89167, 61612, 72827, 95393, 7774, 4838, 80622, 19286, 388, 89247, 61119, 81985, 19388, 78051, 82137, 3298, 46052, 62641, 15125, 10693, 59273, 50230, 2725, 66359, 94734, 79927, 68945, 22935, 63942, 30886, 88313, 17000, 96538, 23762, 47069, 41591, 64582, 40855, 91942, 98035, 27160, 65777, 36640, 83286, 24245, 70012, 52716, 78622, 49933, 34674, 21545, 85515, 63596, 76834, 55706, 47571, 77999, 46871, 39758, 29268, 46755, 21424, 96377, 55045, 94655, 81266, 38729, 78370, 54466, 29207, 27070, 19950, 48714, 85283, 87118, 58445, 55295, 49791, 69639, 85835, 25451, 31208, 52354, 5252, 87857, 91470, 89621, 16918, 64589, 10774, 881, 56333, 90790, 65621, 27489, 54457, 34171, 74830, 31890, 50572, 65953, 35998, 64391, 95281, 20637, 33135, 31174, 47515, 11748, 5326, 17817, 70004, 97142, 48764, 9977, 74644, 82108, 68086, 583, 51473, 93489, 84890, 38149, 98649, 10844, 80482, 25381, 17020, 9347, 89949, 15014, 18882, 36628, 14633, 41856, 82037, 99404, 37653, 18649, 44344, 64413, 14642, 24495, 81627, 82442, 88737, 53766, 43356, 68048, 76857, 54180, 98414, 47699, 12953, 61699, 97194, 89429, 67184, 44588, 70450, 98116, 25260, 44483, 23173, 79095, 13425, 67243, 34275, 86145, 28169, 48308, 39880, 30534, 80777, 30118, 35147, 6330, 33047, 66138, 35106, 74980, 25433, 54994, 95227, 7978, 36144, 69832, 996, 86590, 74938, 93563, 39370, 8023, 18122, 28829, 32872, 79242, 70820, 98755, 81059, 10691, 50385, 39617, 19016, 1863, 56359, 38460, 67174, 91592, 22430, 17368, 97443, 878, 46355, 50098, 93139, 69976, 9080, 81250, 67133, 12450, 29860, 10515, 7229, 18784, 90514, 19054, 18495, 10502, 77269, 89119, 14108, 10620, 96989, 72023, 8856, 91521, 11678, 69216, 38189, 64461, 31020, 98319, 37543, 24755, 16609, 33556, 16612, 12763, 41905, 30677, 47421, 67343, 11855, 70264, 48856, 54312, 58986, 49212, 17225, 81724, 83758, 88507, 75316, 75104, 72850, 30442, 32626, 63929, 13975, 10352, 31178, 95848, 61832, 76994, 71041, 97101, 79981, 68823, 25960, 84031, 86511, 64668, 11598, 13801, 38277, 72117, 97914, 67271, 62497, 95121, 56480, 77291, 12295, 85165, 83568, 78821, 29000, 46548, 68710, 33837, 53867, 16757, 19744, 56490, 58506, 2704, 56409, 35185, 55884, 10413, 1967, 92366, 12720, 38904, 56674, 73494, 36995, 74568, 39592, 41098, 65909, 93224, 67867, 24312, 36412, 73676, 29939, 55884, 87263, 93716, 56026, 57244, 4070, 89635, 77378, 60358, 11337, 68615, 81852, 96708, 54183, 88797, 31269, 9360, 89105, 2535, 59726, 25955, 65244, 16768, 73543, 81718, 40902, 76314, 33436, 41909, 98773, 81808, 9719, 25421, 45418, 71987, 121, 11550, 65239, 40789, 44202, 36071, 57653, 43394, 36056, 23297, 64426, 23556, 86309, 21306, 27012, 42386, 48280, 10080, 4348, 88310, 90412, 82119, 9205, 49098, 2184, 83526, 11375, 6109, 97541, 35582, 21977, 35191, 38535, 67747, 59557, 46567, 34959, 10684, 671, 59720, 59887, 485, 14784, 36885, 67806, 20555, 39637, 90346, 34425, 6540, 18412, 78378, 59756, 27100, 45096, 77175, 81646, 59732, 18160, 89927, 40822, 95827, 99884, 32712, 63299, 13826, 85714, 22375, 34642, 93135, 95040, 87627, 56593, 10162, 1335, 24907, 11275, 57849, 31243, 19861, 99079, 15398, 23046, 39786, 73058, 18352, 90596, 73190, 18755, 43859, 95236, 53629, 45109, 83722, 79356, 47076, 62644, 97757, 13471, 27552, 93516, 12967, 49252, 1085, 54423, 9689, 79001, 15195, 48556, 32204, 40442, 35346, 62994, 33733, 67382, 49555, 60122, 40611, 12928, 92945, 10252, 45964, 84992, 1512, 78027, 75304, 45951, 56284, 25045, 39552, 38052, 75814, 1762, 99823, 76972, 67310, 62283, 41733, 23009, 32953, 78852, 84494, 34393, 32426, 77309, 29353, 87018, 31481, 22287, 73852, 13919, 95211, 57612, 5341, 78579, 87850, 58005, 44735, 76849, 63874, 54960, 17231, 90965, 88267, 87848, 83830, 59964, 7414, 27019, 63988, 28220, 60908, 57884, 71203, 30461, 65079, 25031, 40185, 78750, 46981, 80489, 92478, 38242, 60982, 98026, 5482, 58357, 82420, 69221, 47933, 41308, 46911, 93985, 74362, 98320, 32836, 21005, 85503, 60638, 52090, 16457, 81259, 97344, 71185, 51199, 32546, 37015, 82413, 74204, 2583, 41056, 12104, 19831, 19455, 13661, 3368, 6293, 24839, 2737, 57994, 65067, 22974, 80126, 70564, 55870, 22295, 54990, 188, 22708, 82010, 33866, 54839, 92881, 86023, 42822, 28002, 53771, 21295, 93768, 82639, 54827, 32269, 61670, 94699, 12629, 99213, 70585, 63371, 70163, 39410, 11420, 59374, 65058, 39544, 70840, 4105, 8975, 51408, 35270, 36395, 14905, 19463, 31253, 56593, 76004, 97054, 47585, 82196, 20301, 80867, 95726, 59810, 73784, 82432, 40019, 90101, 57866, 51891, 23969, 3726, 11832, 96918, 24802, 32825, 8453, 87570, 5910, 30479, 41802, 69112, 31765, 44030, 27039, 69845, 96240, 79148, 96989, 60634, 4975, 87175, 18069, 87499, 64971, 19045, 91141, 68569, 25404, 90932, 46267, 80532, 11728, 30381, 95769, 35013, 37457, 20905, 4517, 64695, 13129, 12749, 1818, 91327, 22606, 19672, 15427, 62325, 50224, 99886, 66678, 42678, 80750, 65241, 41447, 46222, 13943, 83906, 70729, 74336, 1726, 19116, 73335, 1723, 30675, 46925, 77182, 90826, 98994, 22759, 21028, 49319, 1714, 87944, 81788, 90533, 20925, 5438, 83502, 28657, 14540, 23899, 96217, 11472, 35876, 19131, 39399, 97335, 3323, 90272, 44040, 28073, 51304, 70624, 96620, 99178, 94411, 72001, 44800, 67313, 1790, 71579, 14737, 35858, 63905, 73477, 76009, 77549, 61502, 30404, 8360, 93569, 30438, 84984, 31813, 68448, 84388, 37695, 64509, 98530, 43872, 62143, 4409, 83775, 80273, 10350, 79665, 85682, 80513, 76395, 85135, 50, 99899, 64234, 25173, 9758, 89555, 73388, 69865, 87015, 65369, 28325, 55774, 56559, 91589, 18612, 75085, 48985, 12260, 55581, 52643, 30771, 53084, 74710, 37760, 93030, 63446, 4708, 3610, 20987, 34387, 7254, 40775, 63375, 36086, 68944, 85154, 97339, 582, 63463, 72341, 59954, 14020, 18086, 85698, 60806, 53178, 44623, 7009, 78538, 59250, 52896, 36953, 81979, 11585, 78783, 59912, 80451, 7908, 86148, 57967, 38859, 32429, 50491, 49646, 51605, 17936, 9071, 76700, 97994, 80026, 95215, 37158, 66905, 74561, 9845, 48648, 56873, 90265, 4935, 53997, 55323, 81384, 61656, 17380, 86036, 83384, 38040, 32058, 35626, 5574, 89012, 74225, 14736, 3774, 30442, 1927, 31150, 4053, 97867, 94199, 77143, 35135, 68688, 91088, 41794, 37834, 55373, 23899, 23589, 27140, 19312, 29137, 48645, 45195, 9285, 51686, 77237, 32412, 71166, 74992, 16605, 54805, 87250, 57981, 8304, 86470, 42219, 37094, 83712, 48617, 71511, 70996, 5774, 34672, 89123, 38732, 32888, 85024, 66420, 24542, 39098, 4196, 32319, 30825, 19263, 35160, 97555, 78084, 3194, 62916, 10273, 37083, 54678, 34983, 24651, 19257, 19778, 40516, 89108, 35376, 88159, 34998, 51537, 67219, 39507, 56501, 74134, 23427, 90725, 60968, 89598, 17756, 12022, 79034, 57395, 78328, 83923, 5036, 82093, 58847, 34848, 7116, 77228, 35847, 67190, 89480, 57388, 24410, 47344, 67755, 65286, 70702, 9600, 68405, 97096, 88913, 31775, 64853, 7904, 41722, 97019, 43009, 49804, 98402, 34919, 2086, 72111, 69335, 61222, 4373, 34529, 84114, 81394, 76868, 72461, 53358, 27691, 28296, 13480, 56011, 43552, 30699]})"
592.0,7,74,82,47.27129769325256,10387,"Genotype(dna={""<class 'abc.NT_0008'>"": [0, 56999], ""<class 'abc.NT_0008_P_00000'>"": [], ""<class 'abc.NT_0001'>"": [], ""<class 'abc.NT_0001_P_00000'>"": [], ""<class 'int'>"": [97653, 20406, 47695, 45437, 36791, 12753, 45651, 80211, 20876, 43747, 86904, 59270, 24543, 19312, 57981, 41571, 50140, 23587, 78328, 34848, 6322, 72111, 84114, 27691, 68898], ""<class 'bool'>"": [90671, 9706, 68793, 69465, 50630, 94229, 53268, 83378, 51198, 52517, 80864, 56983, 84611, 9863, 26653, 46759, 75883, 17618, 64460, 24766, 24616, 24139, 88100, 59674, 68925, 58603, 88542, 86971, 27699, 19771, 36300, 72448, 62475, 57494, 82844, 35160, 69828, 34983, 49026, 89108, 57812, 24784, 39507, 8947, 23427, 17756, 12022, 93336, 47344, 70702, 45692, 42395, 77481, 97019, 34645, 13480, 56011, 23961, 61622, 64153, 24398, 97162, 70647, 61083, 68916, 26200, 41381, 30572, 68510, 53169, 28736, 68692, 44411, 95498, 8365, 25426, 53841, 4898, 99229, 20080, 88444], ""<class 'abc.NT_0000'>"": [0, 0, 23967, 0, 0, 0, 0, 1, 0, 0, 0, 1, 0, 0, 1, 0, 74871, 0, 1, 58617, 0, 1, 0, 1, 0, 46858, 39822, 0, 0, 7126, 92594, 0, 0, 17808, 9925, 0, 0, 0, 0, 1, 8521, 0, 0, 0, 77798, 0, 17297, 73131, 46429, 0, 1, 0, 0, 0, 61708, 29137, 48645, 45195, 9285, 51686, 18313, 71166, 74992, 79081, 8304, 86470, 42219, 37094, 83712, 71511, 34672, 60829, 38732, 32888, 85024, 24542, 32319, 84869, 19263, 78084, 7411, 37083, 54678, 19257, 40516, 88159, 22368, 56501, 3274, 75249, 79034, 58805, 5036, 82093, 1824, 77228, 35847, 57388, 67755, 34694, 68405, 97096, 73987, 41722, 49804, 34919, 69335, 61222, 4373, 55374, 93672, 72461, 59235, 43552, 30699], ""<class 'abc.NT_0000_P_00000'>"": [], ""<class 'abc.NT_0000_P_00001'>"": [], ""<class 'abc.NT_0008_P_00001'>"": [], ""<class 'abc.NT_0007'>"": [0, 30442], ""<class 'abc.NT_0007_P_00000'>"": [], ""<class 'abc.NT_0002'>"": [0, 2009, 1, 0, 0, 0, 0, 43348, 0, 0, 1, 0, 59947, 0, 1, 51023, 72856, 35135, 68688, 91088, 41794, 37834, 46209, 27140, 32412, 16605, 71302, 48617, 70996, 66420, 39098, 3194, 19778, 34998, 60968, 57395, 58847, 67190, 7904, 98402, 2086, 34529, 19386], ""<class 'abc.NT_0002_P_00000'>"": [], ""<class 'abc.NT_0002_P_00001'>"": [], ""<class 'abc.NT_0003'>"": [2, 1, 42987], ""<class 'abc.NT_0003_P_00000'>"": [], ""<class 'abc.NT_0003_P_00001'>"": [], ""<class 'abc.NT_0003_P_00002'>"": [], ""<class 'abc.NT_0006'>"": [1, 61721], ""<class 'abc.NT_0006_P_00000'>"": [], ""<class 'abc.NT_0004'>"": [], ""<class 'abc.NT_0004_P_00000'>"": [], ""<class 'abc.NT_0004_P_00001'>"": [], ""<class 'abc.NT_0006_P_00001'>"": [], ""<class 'abc.NT_0006_P_00002'>"": [], ""<class 'abc.NT_0006_P_00003'>"": [], '$leftovers': [98075, 13912, 31132, 79333, 67005, 60614, 89167, 61612, 72827, 95393, 7774, 4838, 80622, 19286, 388, 89247, 61119, 81985, 19388, 78051, 82137, 3298, 46052, 62641, 15125, 10693, 59273, 50230, 2725, 66359, 94734, 79927, 68945, 22935, 63942, 30886, 88313, 17000, 96538, 23762, 47069, 41591, 64582, 40855, 91942, 98035, 27160, 65777, 36640, 83286, 24245, 70012, 52716, 78622, 49933, 34674, 21545, 85515, 63596, 76834, 55706, 47571, 77999, 46871, 39758, 29268, 46755, 21424, 96377, 55045, 94655, 81266, 38729, 78370, 54466, 29207, 27070, 19950, 48714, 85283, 87118, 58445, 55295, 49791, 69639, 85835, 25451, 31208, 52354, 5252, 87857, 91470, 89621, 16918, 64589, 10774, 881, 56333, 90790, 65621, 27489, 54457, 34171, 74830, 31890, 50572, 65953, 35998, 64391, 95281, 20637, 33135, 31174, 47515, 11748, 5326, 17817, 70004, 97142, 48764, 9977, 74644, 82108, 68086, 583, 51473, 93489, 84890, 38149, 98649, 10844, 80482, 25381, 17020, 9347, 89949, 15014, 18882, 36628, 14633, 41856, 82037, 99404, 37653, 18649, 44344, 64413, 14642, 24495, 81627, 82442, 88737, 53766, 43356, 68048, 76857, 54180, 98414, 47699, 12953, 61699, 97194, 89429, 67184, 44588, 70450, 98116, 25260, 44483, 23173, 79095, 13425, 67243, 34275, 86145, 28169, 48308, 39880, 30534, 80777, 30118, 35147, 6330, 33047, 66138, 35106, 74980, 25433, 54994, 95227, 7978, 36144, 69832, 996, 86590, 74938, 93563, 39370, 8023, 18122, 28829, 32872, 79242, 70820, 98755, 81059, 10691, 50385, 39617, 19016, 1863, 56359, 38460, 67174, 91592, 22430, 17368, 97443, 878, 46355, 50098, 93139, 69976, 9080, 81250, 67133, 12450, 29860, 10515, 7229, 18784, 90514, 19054, 18495, 10502, 77269, 89119, 14108, 10620, 96989, 72023, 8856, 91521, 11678, 69216, 38189, 64461, 31020, 98319, 37543, 24755, 16609, 33556, 16612, 12763, 41905, 30677, 47421, 67343, 11855, 70264, 48856, 54312, 58986, 49212, 17225, 81724, 83758, 88507, 75316, 75104, 72850, 30442, 32626, 63929, 13975, 10352, 31178, 95848, 61832, 76994, 71041, 97101, 79981, 68823, 25960, 84031, 86511, 64668, 11598, 13801, 38277, 72117, 97914, 67271, 62497, 95121, 56480, 77291, 12295, 85165, 83568, 78821, 29000, 46548, 68710, 33837, 53867, 16757, 19744, 56490, 58506, 2704, 56409, 35185, 55884, 10413, 1967, 92366, 12720, 38904, 56674, 73494, 36995, 74568, 39592, 41098, 65909, 93224, 67867, 24312, 36412, 73676, 29939, 55884, 87263, 93716, 56026, 57244, 4070, 89635, 77378, 60358, 11337, 68615, 81852, 96708, 54183, 88797, 31269, 9360, 89105, 2535, 59726, 25955, 65244, 16768, 73543, 81718, 40902, 76314, 33436, 41909, 98773, 81808, 9719, 25421, 45418, 71987, 121, 11550, 65239, 40789, 44202, 36071, 57653, 43394, 36056, 23297, 64426, 23556, 86309, 21306, 27012, 42386, 48280, 10080, 4348, 88310, 90412, 82119, 9205, 49098, 2184, 83526, 11375, 6109, 97541, 35582, 21977, 35191, 38535, 67747, 59557, 46567, 34959, 10684, 671, 59720, 59887, 485, 14784, 36885, 67806, 20555, 39637, 90346, 34425, 6540, 18412, 78378, 59756, 27100, 45096, 77175, 81646, 59732, 18160, 89927, 40822, 95827, 99884, 32712, 63299, 13826, 85714, 22375, 34642, 93135, 95040, 87627, 56593, 10162, 1335, 24907, 11275, 57849, 31243, 19861, 99079, 15398, 23046, 39786, 73058, 18352, 90596, 73190, 18755, 43859, 95236, 53629, 45109, 83722, 79356, 47076, 62644, 97757, 13471, 27552, 93516, 12967, 49252, 1085, 54423, 9689, 79001, 15195, 48556, 32204, 40442, 35346, 62994, 33733, 67382, 49555, 60122, 40611, 12928, 92945, 10252, 45964, 84992, 1512, 78027, 75304, 45951, 56284, 25045, 39552, 38052, 75814, 1762, 99823, 76972, 67310, 62283, 41733, 23009, 32953, 78852, 84494, 34393, 32426, 77309, 29353, 87018, 31481, 22287, 73852, 13919, 95211, 57612, 5341, 78579, 87850, 58005, 44735, 76849, 63874, 54960, 17231, 90965, 88267, 87848, 83830, 59964, 7414, 27019, 63988, 28220, 60908, 57884, 71203, 30461, 65079, 25031, 40185, 78750, 46981, 80489, 92478, 38242, 60982, 98026, 5482, 58357, 82420, 69221, 47933, 41308, 46911, 93985, 74362, 98320, 32836, 21005, 85503, 60638, 52090, 16457, 81259, 97344, 71185, 51199, 32546, 37015, 82413, 74204, 2583, 41056, 12104, 19831, 19455, 13661, 3368, 6293, 24839, 2737, 57994, 65067, 22974, 80126, 70564, 55870, 22295, 54990, 188, 22708, 82010, 33866, 54839, 92881, 86023, 42822, 28002, 53771, 21295, 93768, 82639, 54827, 32269, 61670, 94699, 12629, 99213, 70585, 63371, 70163, 39410, 11420, 59374, 65058, 39544, 70840, 4105, 8975, 51408, 35270, 36395, 14905, 19463, 31253, 56593, 76004, 97054, 47585, 82196, 20301, 80867, 95726, 59810, 73784, 82432, 40019, 90101, 57866, 51891, 23969, 3726, 11832, 96918, 24802, 32825, 8453, 87570, 5910, 30479, 41802, 69112, 31765, 44030, 27039, 69845, 96240, 79148, 96989, 60634, 4975, 87175, 18069, 87499, 64971, 19045, 91141, 68569, 25404, 90932, 46267, 80532, 11728, 30381, 95769, 35013, 37457, 20905, 4517, 64695, 13129, 12749, 1818, 91327, 22606, 19672, 15427, 62325, 50224, 99886, 66678, 42678, 80750, 65241, 41447, 46222, 13943, 83906, 70729, 74336, 1726, 19116, 73335, 1723, 30675, 46925, 77182, 90826, 98994, 22759, 21028, 49319, 1714, 87944, 81788, 90533, 20925, 5438, 83502, 28657, 14540, 23899, 96217, 11472, 35876, 19131, 39399, 97335, 3323, 90272, 44040, 28073, 51304, 70624, 96620, 99178, 94411, 72001, 44800, 67313, 1790, 71579, 14737, 35858, 63905, 73477, 76009, 77549, 61502, 30404, 8360, 93569, 30438, 84984, 31813, 68448, 84388, 37695, 64509, 98530, 43872, 62143, 4409, 83775, 80273, 10350, 79665, 85682, 80513, 76395, 85135, 50, 99899, 64234, 25173, 9758, 89555, 73388, 69865, 87015, 65369, 28325, 55774, 56559, 91589, 18612, 75085, 48985, 12260, 55581, 52643, 30771, 53084, 74710, 37760, 93030, 63446, 4708, 3610, 20987, 34387, 7254, 40775, 63375, 36086, 68944, 85154, 97339, 582, 63463, 72341, 59954, 14020, 18086, 85698, 60806, 53178, 44623, 7009, 78538, 59250, 52896, 36953, 81979, 11585, 78783, 59912, 80451, 7908, 86148, 57967, 38859, 32429, 50491, 49646, 51605, 17936, 9071, 76700, 97994, 80026, 95215, 37158, 66905, 74561, 9845, 48648, 56873, 90265, 4935, 53997, 55323, 81384, 61656, 17380, 86036, 83384, 38040, 32058, 35626, 5574, 89012, 74225, 14736, 3774, 30442, 1927, 31150, 4053, 97867, 94199, 77143, 35135, 68688, 91088, 41794, 37834, 55373, 23899, 23589, 27140, 19312, 29137, 48645, 45195, 9285, 51686, 77237, 32412, 71166, 74992, 16605, 54805, 87250, 57981, 8304, 86470, 42219, 37094, 83712, 48617, 71511, 70996, 5774, 34672, 89123, 38732, 32888, 85024, 66420, 24542, 39098, 4196, 32319, 30825, 19263, 35160, 97555, 78084, 3194, 62916, 10273, 37083, 54678, 34983, 24651, 19257, 19778, 40516, 89108, 35376, 88159, 34998, 51537, 67219, 39507, 56501, 74134, 23427, 90725, 60968, 89598, 17756, 12022, 79034, 57395, 78328, 83923, 5036, 82093, 58847, 34848, 7116, 77228, 35847, 67190, 89480, 57388, 24410, 47344, 67755, 65286, 70702, 9600, 68405, 97096, 88913, 31775, 64853, 7904, 41722, 97019, 43009, 49804, 98402, 34919, 2086, 72111, 69335, 61222, 4373, 34529, 84114, 81394, 76868, 72461, 53358, 27691, 28296, 13480, 56011, 43552, 30699]})"
592.0,7,74,83,47.76798915863037,10387,"Genotype(dna={""<class 'abc.NT_0008'>"": [0, 56999], ""<class 'abc.NT_0008_P_00000'>"": [], ""<class 'abc.NT_0001'>"": [], ""<class 'abc.NT_0001_P_00000'>"": [], ""<class 'int'>"": [97653, 20406, 47695, 45437, 36791, 12753, 45651, 80211, 20876, 43747, 86904, 59270, 24543, 19312, 57981, 41571, 50140, 23587, 78328, 34848, 6322, 72111, 84114, 27691, 68898], ""<class 'bool'>"": [90671, 9706, 68793, 69465, 50630, 94229, 53268, 83378, 51198, 52517, 80864, 56983, 84611, 9863, 26653, 46759, 75883, 17618, 64460, 24766, 24616, 24139, 88100, 59674, 68925, 58603, 88542, 86971, 27699, 19771, 36300, 72448, 62475, 57494, 82844, 35160, 69828, 34983, 49026, 89108, 57812, 24784, 39507, 8947, 23427, 17756, 12022, 93336, 47344, 70702, 45692, 42395, 77481, 97019, 34645, 13480, 56011, 23961, 61622, 64153, 24398, 97162, 70647, 61083, 68916, 26200, 41381, 30572, 68510, 53169, 28736, 68692, 44411, 95498, 8365, 25426, 53841, 4898, 99229, 20080, 88444], ""<class 'abc.NT_0000'>"": [0, 0, 23967, 0, 0, 0, 0, 1, 0, 0, 0, 1, 0, 0, 1, 0, 74871, 0, 1, 58617, 0, 1, 0, 1, 0, 46858, 39822, 0, 0, 7126, 92594, 0, 0, 17808, 9925, 0, 0, 0, 0, 1, 8521, 0, 0, 0, 77798, 0, 17297, 73131, 46429, 0, 1, 0, 0, 0, 61708, 29137, 48645, 45195, 9285, 51686, 18313, 71166, 74992, 79081, 8304, 86470, 42219, 37094, 83712, 71511, 34672, 60829, 38732, 32888, 85024, 24542, 32319, 84869, 19263, 78084, 7411, 37083, 54678, 19257, 40516, 88159, 22368, 56501, 3274, 75249, 79034, 58805, 5036, 82093, 1824, 77228, 35847, 57388, 67755, 34694, 68405, 97096, 73987, 41722, 49804, 34919, 69335, 61222, 4373, 55374, 93672, 72461, 59235, 43552, 30699], ""<class 'abc.NT_0000_P_00000'>"": [], ""<class 'abc.NT_0000_P_00001'>"": [], ""<class 'abc.NT_0008_P_00001'>"": [], ""<class 'abc.NT_0007'>"": [0, 30442], ""<class 'abc.NT_0007_P_00000'>"": [], ""<class 'abc.NT_0002'>"": [0, 2009, 1, 0, 0, 0, 0, 43348, 0, 0, 1, 0, 59947, 0, 1, 51023, 72856, 35135, 68688, 91088, 41794, 37834, 46209, 27140, 32412, 16605, 71302, 48617, 70996, 66420, 39098, 3194, 19778, 34998, 60968, 57395, 58847, 67190, 7904, 98402, 2086, 34529, 19386], ""<class 'abc.NT_0002_P_00000'>"": [], ""<class 'abc.NT_0002_P_00001'>"": [], ""<class 'abc.NT_0003'>"": [2, 1, 42987], ""<class 'abc.NT_0003_P_00000'>"": [], ""<class 'abc.NT_0003_P_00001'>"": [], ""<class 'abc.NT_0003_P_00002'>"": [], ""<class 'abc.NT_0006'>"": [1, 61721], ""<class 'abc.NT_0006_P_00000'>"": [], ""<class 'abc.NT_0004'>"": [], ""<class 'abc.NT_0004_P_00000'>"": [], ""<class 'abc.NT_0004_P_00001'>"": [], ""<class 'abc.NT_0006_P_00001'>"": [], ""<class 'abc.NT_0006_P_00002'>"": [], ""<class 'abc.NT_0006_P_00003'>"": [], '$leftovers': [98075, 13912, 31132, 79333, 67005, 60614, 89167, 61612, 72827, 95393, 7774, 4838, 80622, 19286, 388, 89247, 61119, 81985, 19388, 78051, 82137, 3298, 46052, 62641, 15125, 10693, 59273, 50230, 2725, 66359, 94734, 79927, 68945, 22935, 63942, 30886, 88313, 17000, 96538, 23762, 47069, 41591, 64582, 40855, 91942, 98035, 27160, 65777, 36640, 83286, 24245, 70012, 52716, 78622, 49933, 34674, 21545, 85515, 63596, 76834, 55706, 47571, 77999, 46871, 39758, 29268, 46755, 21424, 96377, 55045, 94655, 81266, 38729, 78370, 54466, 29207, 27070, 19950, 48714, 85283, 87118, 58445, 55295, 49791, 69639, 85835, 25451, 31208, 52354, 5252, 87857, 91470, 89621, 16918, 64589, 10774, 881, 56333, 90790, 65621, 27489, 54457, 34171, 74830, 31890, 50572, 65953, 35998, 64391, 95281, 20637, 33135, 31174, 47515, 11748, 5326, 17817, 70004, 97142, 48764, 9977, 74644, 82108, 68086, 583, 51473, 93489, 84890, 38149, 98649, 10844, 80482, 25381, 17020, 9347, 89949, 15014, 18882, 36628, 14633, 41856, 82037, 99404, 37653, 18649, 44344, 64413, 14642, 24495, 81627, 82442, 88737, 53766, 43356, 68048, 76857, 54180, 98414, 47699, 12953, 61699, 97194, 89429, 67184, 44588, 70450, 98116, 25260, 44483, 23173, 79095, 13425, 67243, 34275, 86145, 28169, 48308, 39880, 30534, 80777, 30118, 35147, 6330, 33047, 66138, 35106, 74980, 25433, 54994, 95227, 7978, 36144, 69832, 996, 86590, 74938, 93563, 39370, 8023, 18122, 28829, 32872, 79242, 70820, 98755, 81059, 10691, 50385, 39617, 19016, 1863, 56359, 38460, 67174, 91592, 22430, 17368, 97443, 878, 46355, 50098, 93139, 69976, 9080, 81250, 67133, 12450, 29860, 10515, 7229, 18784, 90514, 19054, 18495, 10502, 77269, 89119, 14108, 10620, 96989, 72023, 8856, 91521, 11678, 69216, 38189, 64461, 31020, 98319, 37543, 24755, 16609, 33556, 16612, 12763, 41905, 30677, 47421, 67343, 11855, 70264, 48856, 54312, 58986, 49212, 17225, 81724, 83758, 88507, 75316, 75104, 72850, 30442, 32626, 63929, 13975, 10352, 31178, 95848, 61832, 76994, 71041, 97101, 79981, 68823, 25960, 84031, 86511, 64668, 11598, 13801, 38277, 72117, 97914, 67271, 62497, 95121, 56480, 77291, 12295, 85165, 83568, 78821, 29000, 46548, 68710, 33837, 53867, 16757, 19744, 56490, 58506, 2704, 56409, 35185, 55884, 10413, 1967, 92366, 12720, 38904, 56674, 73494, 36995, 74568, 39592, 41098, 65909, 93224, 67867, 24312, 36412, 73676, 29939, 55884, 87263, 93716, 56026, 57244, 4070, 89635, 77378, 60358, 11337, 68615, 81852, 96708, 54183, 88797, 31269, 9360, 89105, 2535, 59726, 25955, 65244, 16768, 73543, 81718, 40902, 76314, 33436, 41909, 98773, 81808, 9719, 25421, 45418, 71987, 121, 11550, 65239, 40789, 44202, 36071, 57653, 43394, 36056, 23297, 64426, 23556, 86309, 21306, 27012, 42386, 48280, 10080, 4348, 88310, 90412, 82119, 9205, 49098, 2184, 83526, 11375, 6109, 97541, 35582, 21977, 35191, 38535, 67747, 59557, 46567, 34959, 10684, 671, 59720, 59887, 485, 14784, 36885, 67806, 20555, 39637, 90346, 34425, 6540, 18412, 78378, 59756, 27100, 45096, 77175, 81646, 59732, 18160, 89927, 40822, 95827, 99884, 32712, 63299, 13826, 85714, 22375, 34642, 93135, 95040, 87627, 56593, 10162, 1335, 24907, 11275, 57849, 31243, 19861, 99079, 15398, 23046, 39786, 73058, 18352, 90596, 73190, 18755, 43859, 95236, 53629, 45109, 83722, 79356, 47076, 62644, 97757, 13471, 27552, 93516, 12967, 49252, 1085, 54423, 9689, 79001, 15195, 48556, 32204, 40442, 35346, 62994, 33733, 67382, 49555, 60122, 40611, 12928, 92945, 10252, 45964, 84992, 1512, 78027, 75304, 45951, 56284, 25045, 39552, 38052, 75814, 1762, 99823, 76972, 67310, 62283, 41733, 23009, 32953, 78852, 84494, 34393, 32426, 77309, 29353, 87018, 31481, 22287, 73852, 13919, 95211, 57612, 5341, 78579, 87850, 58005, 44735, 76849, 63874, 54960, 17231, 90965, 88267, 87848, 83830, 59964, 7414, 27019, 63988, 28220, 60908, 57884, 71203, 30461, 65079, 25031, 40185, 78750, 46981, 80489, 92478, 38242, 60982, 98026, 5482, 58357, 82420, 69221, 47933, 41308, 46911, 93985, 74362, 98320, 32836, 21005, 85503, 60638, 52090, 16457, 81259, 97344, 71185, 51199, 32546, 37015, 82413, 74204, 2583, 41056, 12104, 19831, 19455, 13661, 3368, 6293, 24839, 2737, 57994, 65067, 22974, 80126, 70564, 55870, 22295, 54990, 188, 22708, 82010, 33866, 54839, 92881, 86023, 42822, 28002, 53771, 21295, 93768, 82639, 54827, 32269, 61670, 94699, 12629, 99213, 70585, 63371, 70163, 39410, 11420, 59374, 65058, 39544, 70840, 4105, 8975, 51408, 35270, 36395, 14905, 19463, 31253, 56593, 76004, 97054, 47585, 82196, 20301, 80867, 95726, 59810, 73784, 82432, 40019, 90101, 57866, 51891, 23969, 3726, 11832, 96918, 24802, 32825, 8453, 87570, 5910, 30479, 41802, 69112, 31765, 44030, 27039, 69845, 96240, 79148, 96989, 60634, 4975, 87175, 18069, 87499, 64971, 19045, 91141, 68569, 25404, 90932, 46267, 80532, 11728, 30381, 95769, 35013, 37457, 20905, 4517, 64695, 13129, 12749, 1818, 91327, 22606, 19672, 15427, 62325, 50224, 99886, 66678, 42678, 80750, 65241, 41447, 46222, 13943, 83906, 70729, 74336, 1726, 19116, 73335, 1723, 30675, 46925, 77182, 90826, 98994, 22759, 21028, 49319, 1714, 87944, 81788, 90533, 20925, 5438, 83502, 28657, 14540, 23899, 96217, 11472, 35876, 19131, 39399, 97335, 3323, 90272, 44040, 28073, 51304, 70624, 96620, 99178, 94411, 72001, 44800, 67313, 1790, 71579, 14737, 35858, 63905, 73477, 76009, 77549, 61502, 30404, 8360, 93569, 30438, 84984, 31813, 68448, 84388, 37695, 64509, 98530, 43872, 62143, 4409, 83775, 80273, 10350, 79665, 85682, 80513, 76395, 85135, 50, 99899, 64234, 25173, 9758, 89555, 73388, 69865, 87015, 65369, 28325, 55774, 56559, 91589, 18612, 75085, 48985, 12260, 55581, 52643, 30771, 53084, 74710, 37760, 93030, 63446, 4708, 3610, 20987, 34387, 7254, 40775, 63375, 36086, 68944, 85154, 97339, 582, 63463, 72341, 59954, 14020, 18086, 85698, 60806, 53178, 44623, 7009, 78538, 59250, 52896, 36953, 81979, 11585, 78783, 59912, 80451, 7908, 86148, 57967, 38859, 32429, 50491, 49646, 51605, 17936, 9071, 76700, 97994, 80026, 95215, 37158, 66905, 74561, 9845, 48648, 56873, 90265, 4935, 53997, 55323, 81384, 61656, 17380, 86036, 83384, 38040, 32058, 35626, 5574, 89012, 74225, 14736, 3774, 30442, 1927, 31150, 4053, 97867, 94199, 77143, 35135, 68688, 91088, 41794, 37834, 55373, 23899, 23589, 27140, 19312, 29137, 48645, 45195, 9285, 51686, 77237, 32412, 71166, 74992, 16605, 54805, 87250, 57981, 8304, 86470, 42219, 37094, 83712, 48617, 71511, 70996, 5774, 34672, 89123, 38732, 32888, 85024, 66420, 24542, 39098, 4196, 32319, 30825, 19263, 35160, 97555, 78084, 3194, 62916, 10273, 37083, 54678, 34983, 24651, 19257, 19778, 40516, 89108, 35376, 88159, 34998, 51537, 67219, 39507, 56501, 74134, 23427, 90725, 60968, 89598, 17756, 12022, 79034, 57395, 78328, 83923, 5036, 82093, 58847, 34848, 7116, 77228, 35847, 67190, 89480, 57388, 24410, 47344, 67755, 65286, 70702, 9600, 68405, 97096, 88913, 31775, 64853, 7904, 41722, 97019, 43009, 49804, 98402, 34919, 2086, 72111, 69335, 61222, 4373, 34529, 84114, 81394, 76868, 72461, 53358, 27691, 28296, 13480, 56011, 43552, 30699]})"
592.0,7,74,84,48.13000822067261,10387,"Genotype(dna={""<class 'abc.NT_0008'>"": [0, 56999], ""<class 'abc.NT_0008_P_00000'>"": [], ""<class 'abc.NT_0001'>"": [], ""<class 'abc.NT_0001_P_00000'>"": [], ""<class 'int'>"": [97653, 20406, 47695, 45437, 36791, 12753, 45651, 80211, 20876, 43747, 86904, 59270, 24543, 19312, 57981, 41571, 50140, 23587, 78328, 34848, 6322, 72111, 84114, 27691, 68898], ""<class 'bool'>"": [90671, 9706, 68793, 69465, 50630, 94229, 53268, 83378, 51198, 52517, 80864, 56983, 84611, 9863, 26653, 46759, 75883, 17618, 64460, 24766, 24616, 24139, 88100, 59674, 68925, 58603, 88542, 86971, 27699, 19771, 36300, 72448, 62475, 57494, 82844, 35160, 69828, 34983, 49026, 89108, 57812, 24784, 39507, 8947, 23427, 17756, 12022, 93336, 47344, 70702, 45692, 42395, 77481, 97019, 34645, 13480, 56011, 23961, 61622, 64153, 24398, 97162, 70647, 61083, 68916, 26200, 41381, 30572, 68510, 53169, 28736, 68692, 44411, 95498, 8365, 25426, 53841, 4898, 99229, 20080, 88444], ""<class 'abc.NT_0000'>"": [0, 0, 23967, 0, 0, 0, 0, 1, 0, 0, 0, 1, 0, 0, 1, 0, 74871, 0, 1, 58617, 0, 1, 0, 1, 0, 46858, 39822, 0, 0, 7126, 92594, 0, 0, 17808, 9925, 0, 0, 0, 0, 1, 8521, 0, 0, 0, 77798, 0, 17297, 73131, 46429, 0, 1, 0, 0, 0, 61708, 29137, 48645, 45195, 9285, 51686, 18313, 71166, 74992, 79081, 8304, 86470, 42219, 37094, 83712, 71511, 34672, 60829, 38732, 32888, 85024, 24542, 32319, 84869, 19263, 78084, 7411, 37083, 54678, 19257, 40516, 88159, 22368, 56501, 3274, 75249, 79034, 58805, 5036, 82093, 1824, 77228, 35847, 57388, 67755, 34694, 68405, 97096, 73987, 41722, 49804, 34919, 69335, 61222, 4373, 55374, 93672, 72461, 59235, 43552, 30699], ""<class 'abc.NT_0000_P_00000'>"": [], ""<class 'abc.NT_0000_P_00001'>"": [], ""<class 'abc.NT_0008_P_00001'>"": [], ""<class 'abc.NT_0007'>"": [0, 30442], ""<class 'abc.NT_0007_P_00000'>"": [], ""<class 'abc.NT_0002'>"": [0, 2009, 1, 0, 0, 0, 0, 43348, 0, 0, 1, 0, 59947, 0, 1, 51023, 72856, 35135, 68688, 91088, 41794, 37834, 46209, 27140, 32412, 16605, 71302, 48617, 70996, 66420, 39098, 3194, 19778, 34998, 60968, 57395, 58847, 67190, 7904, 98402, 2086, 34529, 19386], ""<class 'abc.NT_0002_P_00000'>"": [], ""<class 'abc.NT_0002_P_00001'>"": [], ""<class 'abc.NT_0003'>"": [2, 1, 42987], ""<class 'abc.NT_0003_P_00000'>"": [], ""<class 'abc.NT_0003_P_00001'>"": [], ""<class 'abc.NT_0003_P_00002'>"": [], ""<class 'abc.NT_0006'>"": [1, 61721], ""<class 'abc.NT_0006_P_00000'>"": [], ""<class 'abc.NT_0004'>"": [], ""<class 'abc.NT_0004_P_00000'>"": [], ""<class 'abc.NT_0004_P_00001'>"": [], ""<class 'abc.NT_0006_P_00001'>"": [], ""<class 'abc.NT_0006_P_00002'>"": [], ""<class 'abc.NT_0006_P_00003'>"": [], '$leftovers': [98075, 13912, 31132, 79333, 67005, 60614, 89167, 61612, 72827, 95393, 7774, 4838, 80622, 19286, 388, 89247, 61119, 81985, 19388, 78051, 82137, 3298, 46052, 62641, 15125, 10693, 59273, 50230, 2725, 66359, 94734, 79927, 68945, 22935, 63942, 30886, 88313, 17000, 96538, 23762, 47069, 41591, 64582, 40855, 91942, 98035, 27160, 65777, 36640, 83286, 24245, 70012, 52716, 78622, 49933, 34674, 21545, 85515, 63596, 76834, 55706, 47571, 77999, 46871, 39758, 29268, 46755, 21424, 96377, 55045, 94655, 81266, 38729, 78370, 54466, 29207, 27070, 19950, 48714, 85283, 87118, 58445, 55295, 49791, 69639, 85835, 25451, 31208, 52354, 5252, 87857, 91470, 89621, 16918, 64589, 10774, 881, 56333, 90790, 65621, 27489, 54457, 34171, 74830, 31890, 50572, 65953, 35998, 64391, 95281, 20637, 33135, 31174, 47515, 11748, 5326, 17817, 70004, 97142, 48764, 9977, 74644, 82108, 68086, 583, 51473, 93489, 84890, 38149, 98649, 10844, 80482, 25381, 17020, 9347, 89949, 15014, 18882, 36628, 14633, 41856, 82037, 99404, 37653, 18649, 44344, 64413, 14642, 24495, 81627, 82442, 88737, 53766, 43356, 68048, 76857, 54180, 98414, 47699, 12953, 61699, 97194, 89429, 67184, 44588, 70450, 98116, 25260, 44483, 23173, 79095, 13425, 67243, 34275, 86145, 28169, 48308, 39880, 30534, 80777, 30118, 35147, 6330, 33047, 66138, 35106, 74980, 25433, 54994, 95227, 7978, 36144, 69832, 996, 86590, 74938, 93563, 39370, 8023, 18122, 28829, 32872, 79242, 70820, 98755, 81059, 10691, 50385, 39617, 19016, 1863, 56359, 38460, 67174, 91592, 22430, 17368, 97443, 878, 46355, 50098, 93139, 69976, 9080, 81250, 67133, 12450, 29860, 10515, 7229, 18784, 90514, 19054, 18495, 10502, 77269, 89119, 14108, 10620, 96989, 72023, 8856, 91521, 11678, 69216, 38189, 64461, 31020, 98319, 37543, 24755, 16609, 33556, 16612, 12763, 41905, 30677, 47421, 67343, 11855, 70264, 48856, 54312, 58986, 49212, 17225, 81724, 83758, 88507, 75316, 75104, 72850, 30442, 32626, 63929, 13975, 10352, 31178, 95848, 61832, 76994, 71041, 97101, 79981, 68823, 25960, 84031, 86511, 64668, 11598, 13801, 38277, 72117, 97914, 67271, 62497, 95121, 56480, 77291, 12295, 85165, 83568, 78821, 29000, 46548, 68710, 33837, 53867, 16757, 19744, 56490, 58506, 2704, 56409, 35185, 55884, 10413, 1967, 92366, 12720, 38904, 56674, 73494, 36995, 74568, 39592, 41098, 65909, 93224, 67867, 24312, 36412, 73676, 29939, 55884, 87263, 93716, 56026, 57244, 4070, 89635, 77378, 60358, 11337, 68615, 81852, 96708, 54183, 88797, 31269, 9360, 89105, 2535, 59726, 25955, 65244, 16768, 73543, 81718, 40902, 76314, 33436, 41909, 98773, 81808, 9719, 25421, 45418, 71987, 121, 11550, 65239, 40789, 44202, 36071, 57653, 43394, 36056, 23297, 64426, 23556, 86309, 21306, 27012, 42386, 48280, 10080, 4348, 88310, 90412, 82119, 9205, 49098, 2184, 83526, 11375, 6109, 97541, 35582, 21977, 35191, 38535, 67747, 59557, 46567, 34959, 10684, 671, 59720, 59887, 485, 14784, 36885, 67806, 20555, 39637, 90346, 34425, 6540, 18412, 78378, 59756, 27100, 45096, 77175, 81646, 59732, 18160, 89927, 40822, 95827, 99884, 32712, 63299, 13826, 85714, 22375, 34642, 93135, 95040, 87627, 56593, 10162, 1335, 24907, 11275, 57849, 31243, 19861, 99079, 15398, 23046, 39786, 73058, 18352, 90596, 73190, 18755, 43859, 95236, 53629, 45109, 83722, 79356, 47076, 62644, 97757, 13471, 27552, 93516, 12967, 49252, 1085, 54423, 9689, 79001, 15195, 48556, 32204, 40442, 35346, 62994, 33733, 67382, 49555, 60122, 40611, 12928, 92945, 10252, 45964, 84992, 1512, 78027, 75304, 45951, 56284, 25045, 39552, 38052, 75814, 1762, 99823, 76972, 67310, 62283, 41733, 23009, 32953, 78852, 84494, 34393, 32426, 77309, 29353, 87018, 31481, 22287, 73852, 13919, 95211, 57612, 5341, 78579, 87850, 58005, 44735, 76849, 63874, 54960, 17231, 90965, 88267, 87848, 83830, 59964, 7414, 27019, 63988, 28220, 60908, 57884, 71203, 30461, 65079, 25031, 40185, 78750, 46981, 80489, 92478, 38242, 60982, 98026, 5482, 58357, 82420, 69221, 47933, 41308, 46911, 93985, 74362, 98320, 32836, 21005, 85503, 60638, 52090, 16457, 81259, 97344, 71185, 51199, 32546, 37015, 82413, 74204, 2583, 41056, 12104, 19831, 19455, 13661, 3368, 6293, 24839, 2737, 57994, 65067, 22974, 80126, 70564, 55870, 22295, 54990, 188, 22708, 82010, 33866, 54839, 92881, 86023, 42822, 28002, 53771, 21295, 93768, 82639, 54827, 32269, 61670, 94699, 12629, 99213, 70585, 63371, 70163, 39410, 11420, 59374, 65058, 39544, 70840, 4105, 8975, 51408, 35270, 36395, 14905, 19463, 31253, 56593, 76004, 97054, 47585, 82196, 20301, 80867, 95726, 59810, 73784, 82432, 40019, 90101, 57866, 51891, 23969, 3726, 11832, 96918, 24802, 32825, 8453, 87570, 5910, 30479, 41802, 69112, 31765, 44030, 27039, 69845, 96240, 79148, 96989, 60634, 4975, 87175, 18069, 87499, 64971, 19045, 91141, 68569, 25404, 90932, 46267, 80532, 11728, 30381, 95769, 35013, 37457, 20905, 4517, 64695, 13129, 12749, 1818, 91327, 22606, 19672, 15427, 62325, 50224, 99886, 66678, 42678, 80750, 65241, 41447, 46222, 13943, 83906, 70729, 74336, 1726, 19116, 73335, 1723, 30675, 46925, 77182, 90826, 98994, 22759, 21028, 49319, 1714, 87944, 81788, 90533, 20925, 5438, 83502, 28657, 14540, 23899, 96217, 11472, 35876, 19131, 39399, 97335, 3323, 90272, 44040, 28073, 51304, 70624, 96620, 99178, 94411, 72001, 44800, 67313, 1790, 71579, 14737, 35858, 63905, 73477, 76009, 77549, 61502, 30404, 8360, 93569, 30438, 84984, 31813, 68448, 84388, 37695, 64509, 98530, 43872, 62143, 4409, 83775, 80273, 10350, 79665, 85682, 80513, 76395, 85135, 50, 99899, 64234, 25173, 9758, 89555, 73388, 69865, 87015, 65369, 28325, 55774, 56559, 91589, 18612, 75085, 48985, 12260, 55581, 52643, 30771, 53084, 74710, 37760, 93030, 63446, 4708, 3610, 20987, 34387, 7254, 40775, 63375, 36086, 68944, 85154, 97339, 582, 63463, 72341, 59954, 14020, 18086, 85698, 60806, 53178, 44623, 7009, 78538, 59250, 52896, 36953, 81979, 11585, 78783, 59912, 80451, 7908, 86148, 57967, 38859, 32429, 50491, 49646, 51605, 17936, 9071, 76700, 97994, 80026, 95215, 37158, 66905, 74561, 9845, 48648, 56873, 90265, 4935, 53997, 55323, 81384, 61656, 17380, 86036, 83384, 38040, 32058, 35626, 5574, 89012, 74225, 14736, 3774, 30442, 1927, 31150, 4053, 97867, 94199, 77143, 35135, 68688, 91088, 41794, 37834, 55373, 23899, 23589, 27140, 19312, 29137, 48645, 45195, 9285, 51686, 77237, 32412, 71166, 74992, 16605, 54805, 87250, 57981, 8304, 86470, 42219, 37094, 83712, 48617, 71511, 70996, 5774, 34672, 89123, 38732, 32888, 85024, 66420, 24542, 39098, 4196, 32319, 30825, 19263, 35160, 97555, 78084, 3194, 62916, 10273, 37083, 54678, 34983, 24651, 19257, 19778, 40516, 89108, 35376, 88159, 34998, 51537, 67219, 39507, 56501, 74134, 23427, 90725, 60968, 89598, 17756, 12022, 79034, 57395, 78328, 83923, 5036, 82093, 58847, 34848, 7116, 77228, 35847, 67190, 89480, 57388, 24410, 47344, 67755, 65286, 70702, 9600, 68405, 97096, 88913, 31775, 64853, 7904, 41722, 97019, 43009, 49804, 98402, 34919, 2086, 72111, 69335, 61222, 4373, 34529, 84114, 81394, 76868, 72461, 53358, 27691, 28296, 13480, 56011, 43552, 30699]})"
592.0,7,74,85,48.47916316986084,10387,"Genotype(dna={""<class 'abc.NT_0008'>"": [0, 56999], ""<class 'abc.NT_0008_P_00000'>"": [], ""<class 'abc.NT_0001'>"": [], ""<class 'abc.NT_0001_P_00000'>"": [], ""<class 'int'>"": [97653, 20406, 47695, 45437, 36791, 12753, 45651, 80211, 20876, 43747, 86904, 59270, 24543, 19312, 57981, 41571, 50140, 23587, 78328, 34848, 6322, 72111, 84114, 27691, 68898], ""<class 'bool'>"": [90671, 9706, 68793, 69465, 50630, 94229, 53268, 83378, 51198, 52517, 80864, 56983, 84611, 9863, 26653, 46759, 75883, 17618, 64460, 24766, 24616, 24139, 88100, 59674, 68925, 58603, 88542, 86971, 27699, 19771, 36300, 72448, 62475, 57494, 82844, 35160, 69828, 34983, 49026, 89108, 57812, 24784, 39507, 8947, 23427, 17756, 12022, 93336, 47344, 70702, 45692, 42395, 77481, 97019, 34645, 13480, 56011, 23961, 61622, 64153, 24398, 97162, 70647, 61083, 68916, 26200, 41381, 30572, 68510, 53169, 28736, 68692, 44411, 95498, 8365, 25426, 53841, 4898, 99229, 20080, 88444], ""<class 'abc.NT_0000'>"": [0, 0, 23967, 0, 0, 0, 0, 1, 0, 0, 0, 1, 0, 0, 1, 0, 74871, 0, 1, 58617, 0, 1, 0, 1, 0, 46858, 39822, 0, 0, 7126, 92594, 0, 0, 17808, 9925, 0, 0, 0, 0, 1, 8521, 0, 0, 0, 77798, 0, 17297, 73131, 46429, 0, 1, 0, 0, 0, 61708, 29137, 48645, 45195, 9285, 51686, 18313, 71166, 74992, 79081, 8304, 86470, 42219, 37094, 83712, 71511, 34672, 60829, 38732, 32888, 85024, 24542, 32319, 84869, 19263, 78084, 7411, 37083, 54678, 19257, 40516, 88159, 22368, 56501, 3274, 75249, 79034, 58805, 5036, 82093, 1824, 77228, 35847, 57388, 67755, 34694, 68405, 97096, 73987, 41722, 49804, 34919, 69335, 61222, 4373, 55374, 93672, 72461, 59235, 43552, 30699], ""<class 'abc.NT_0000_P_00000'>"": [], ""<class 'abc.NT_0000_P_00001'>"": [], ""<class 'abc.NT_0008_P_00001'>"": [], ""<class 'abc.NT_0007'>"": [0, 30442], ""<class 'abc.NT_0007_P_00000'>"": [], ""<class 'abc.NT_0002'>"": [0, 2009, 1, 0, 0, 0, 0, 43348, 0, 0, 1, 0, 59947, 0, 1, 51023, 72856, 35135, 68688, 91088, 41794, 37834, 46209, 27140, 32412, 16605, 71302, 48617, 70996, 66420, 39098, 3194, 19778, 34998, 60968, 57395, 58847, 67190, 7904, 98402, 2086, 34529, 19386], ""<class 'abc.NT_0002_P_00000'>"": [], ""<class 'abc.NT_0002_P_00001'>"": [], ""<class 'abc.NT_0003'>"": [2, 1, 42987], ""<class 'abc.NT_0003_P_00000'>"": [], ""<class 'abc.NT_0003_P_00001'>"": [], ""<class 'abc.NT_0003_P_00002'>"": [], ""<class 'abc.NT_0006'>"": [1, 61721], ""<class 'abc.NT_0006_P_00000'>"": [], ""<class 'abc.NT_0004'>"": [], ""<class 'abc.NT_0004_P_00000'>"": [], ""<class 'abc.NT_0004_P_00001'>"": [], ""<class 'abc.NT_0006_P_00001'>"": [], ""<class 'abc.NT_0006_P_00002'>"": [], ""<class 'abc.NT_0006_P_00003'>"": [], '$leftovers': [98075, 13912, 31132, 79333, 67005, 60614, 89167, 61612, 72827, 95393, 7774, 4838, 80622, 19286, 388, 89247, 61119, 81985, 19388, 78051, 82137, 3298, 46052, 62641, 15125, 10693, 59273, 50230, 2725, 66359, 94734, 79927, 68945, 22935, 63942, 30886, 88313, 17000, 96538, 23762, 47069, 41591, 64582, 40855, 91942, 98035, 27160, 65777, 36640, 83286, 24245, 70012, 52716, 78622, 49933, 34674, 21545, 85515, 63596, 76834, 55706, 47571, 77999, 46871, 39758, 29268, 46755, 21424, 96377, 55045, 94655, 81266, 38729, 78370, 54466, 29207, 27070, 19950, 48714, 85283, 87118, 58445, 55295, 49791, 69639, 85835, 25451, 31208, 52354, 5252, 87857, 91470, 89621, 16918, 64589, 10774, 881, 56333, 90790, 65621, 27489, 54457, 34171, 74830, 31890, 50572, 65953, 35998, 64391, 95281, 20637, 33135, 31174, 47515, 11748, 5326, 17817, 70004, 97142, 48764, 9977, 74644, 82108, 68086, 583, 51473, 93489, 84890, 38149, 98649, 10844, 80482, 25381, 17020, 9347, 89949, 15014, 18882, 36628, 14633, 41856, 82037, 99404, 37653, 18649, 44344, 64413, 14642, 24495, 81627, 82442, 88737, 53766, 43356, 68048, 76857, 54180, 98414, 47699, 12953, 61699, 97194, 89429, 67184, 44588, 70450, 98116, 25260, 44483, 23173, 79095, 13425, 67243, 34275, 86145, 28169, 48308, 39880, 30534, 80777, 30118, 35147, 6330, 33047, 66138, 35106, 74980, 25433, 54994, 95227, 7978, 36144, 69832, 996, 86590, 74938, 93563, 39370, 8023, 18122, 28829, 32872, 79242, 70820, 98755, 81059, 10691, 50385, 39617, 19016, 1863, 56359, 38460, 67174, 91592, 22430, 17368, 97443, 878, 46355, 50098, 93139, 69976, 9080, 81250, 67133, 12450, 29860, 10515, 7229, 18784, 90514, 19054, 18495, 10502, 77269, 89119, 14108, 10620, 96989, 72023, 8856, 91521, 11678, 69216, 38189, 64461, 31020, 98319, 37543, 24755, 16609, 33556, 16612, 12763, 41905, 30677, 47421, 67343, 11855, 70264, 48856, 54312, 58986, 49212, 17225, 81724, 83758, 88507, 75316, 75104, 72850, 30442, 32626, 63929, 13975, 10352, 31178, 95848, 61832, 76994, 71041, 97101, 79981, 68823, 25960, 84031, 86511, 64668, 11598, 13801, 38277, 72117, 97914, 67271, 62497, 95121, 56480, 77291, 12295, 85165, 83568, 78821, 29000, 46548, 68710, 33837, 53867, 16757, 19744, 56490, 58506, 2704, 56409, 35185, 55884, 10413, 1967, 92366, 12720, 38904, 56674, 73494, 36995, 74568, 39592, 41098, 65909, 93224, 67867, 24312, 36412, 73676, 29939, 55884, 87263, 93716, 56026, 57244, 4070, 89635, 77378, 60358, 11337, 68615, 81852, 96708, 54183, 88797, 31269, 9360, 89105, 2535, 59726, 25955, 65244, 16768, 73543, 81718, 40902, 76314, 33436, 41909, 98773, 81808, 9719, 25421, 45418, 71987, 121, 11550, 65239, 40789, 44202, 36071, 57653, 43394, 36056, 23297, 64426, 23556, 86309, 21306, 27012, 42386, 48280, 10080, 4348, 88310, 90412, 82119, 9205, 49098, 2184, 83526, 11375, 6109, 97541, 35582, 21977, 35191, 38535, 67747, 59557, 46567, 34959, 10684, 671, 59720, 59887, 485, 14784, 36885, 67806, 20555, 39637, 90346, 34425, 6540, 18412, 78378, 59756, 27100, 45096, 77175, 81646, 59732, 18160, 89927, 40822, 95827, 99884, 32712, 63299, 13826, 85714, 22375, 34642, 93135, 95040, 87627, 56593, 10162, 1335, 24907, 11275, 57849, 31243, 19861, 99079, 15398, 23046, 39786, 73058, 18352, 90596, 73190, 18755, 43859, 95236, 53629, 45109, 83722, 79356, 47076, 62644, 97757, 13471, 27552, 93516, 12967, 49252, 1085, 54423, 9689, 79001, 15195, 48556, 32204, 40442, 35346, 62994, 33733, 67382, 49555, 60122, 40611, 12928, 92945, 10252, 45964, 84992, 1512, 78027, 75304, 45951, 56284, 25045, 39552, 38052, 75814, 1762, 99823, 76972, 67310, 62283, 41733, 23009, 32953, 78852, 84494, 34393, 32426, 77309, 29353, 87018, 31481, 22287, 73852, 13919, 95211, 57612, 5341, 78579, 87850, 58005, 44735, 76849, 63874, 54960, 17231, 90965, 88267, 87848, 83830, 59964, 7414, 27019, 63988, 28220, 60908, 57884, 71203, 30461, 65079, 25031, 40185, 78750, 46981, 80489, 92478, 38242, 60982, 98026, 5482, 58357, 82420, 69221, 47933, 41308, 46911, 93985, 74362, 98320, 32836, 21005, 85503, 60638, 52090, 16457, 81259, 97344, 71185, 51199, 32546, 37015, 82413, 74204, 2583, 41056, 12104, 19831, 19455, 13661, 3368, 6293, 24839, 2737, 57994, 65067, 22974, 80126, 70564, 55870, 22295, 54990, 188, 22708, 82010, 33866, 54839, 92881, 86023, 42822, 28002, 53771, 21295, 93768, 82639, 54827, 32269, 61670, 94699, 12629, 99213, 70585, 63371, 70163, 39410, 11420, 59374, 65058, 39544, 70840, 4105, 8975, 51408, 35270, 36395, 14905, 19463, 31253, 56593, 76004, 97054, 47585, 82196, 20301, 80867, 95726, 59810, 73784, 82432, 40019, 90101, 57866, 51891, 23969, 3726, 11832, 96918, 24802, 32825, 8453, 87570, 5910, 30479, 41802, 69112, 31765, 44030, 27039, 69845, 96240, 79148, 96989, 60634, 4975, 87175, 18069, 87499, 64971, 19045, 91141, 68569, 25404, 90932, 46267, 80532, 11728, 30381, 95769, 35013, 37457, 20905, 4517, 64695, 13129, 12749, 1818, 91327, 22606, 19672, 15427, 62325, 50224, 99886, 66678, 42678, 80750, 65241, 41447, 46222, 13943, 83906, 70729, 74336, 1726, 19116, 73335, 1723, 30675, 46925, 77182, 90826, 98994, 22759, 21028, 49319, 1714, 87944, 81788, 90533, 20925, 5438, 83502, 28657, 14540, 23899, 96217, 11472, 35876, 19131, 39399, 97335, 3323, 90272, 44040, 28073, 51304, 70624, 96620, 99178, 94411, 72001, 44800, 67313, 1790, 71579, 14737, 35858, 63905, 73477, 76009, 77549, 61502, 30404, 8360, 93569, 30438, 84984, 31813, 68448, 84388, 37695, 64509, 98530, 43872, 62143, 4409, 83775, 80273, 10350, 79665, 85682, 80513, 76395, 85135, 50, 99899, 64234, 25173, 9758, 89555, 73388, 69865, 87015, 65369, 28325, 55774, 56559, 91589, 18612, 75085, 48985, 12260, 55581, 52643, 30771, 53084, 74710, 37760, 93030, 63446, 4708, 3610, 20987, 34387, 7254, 40775, 63375, 36086, 68944, 85154, 97339, 582, 63463, 72341, 59954, 14020, 18086, 85698, 60806, 53178, 44623, 7009, 78538, 59250, 52896, 36953, 81979, 11585, 78783, 59912, 80451, 7908, 86148, 57967, 38859, 32429, 50491, 49646, 51605, 17936, 9071, 76700, 97994, 80026, 95215, 37158, 66905, 74561, 9845, 48648, 56873, 90265, 4935, 53997, 55323, 81384, 61656, 17380, 86036, 83384, 38040, 32058, 35626, 5574, 89012, 74225, 14736, 3774, 30442, 1927, 31150, 4053, 97867, 94199, 77143, 35135, 68688, 91088, 41794, 37834, 55373, 23899, 23589, 27140, 19312, 29137, 48645, 45195, 9285, 51686, 77237, 32412, 71166, 74992, 16605, 54805, 87250, 57981, 8304, 86470, 42219, 37094, 83712, 48617, 71511, 70996, 5774, 34672, 89123, 38732, 32888, 85024, 66420, 24542, 39098, 4196, 32319, 30825, 19263, 35160, 97555, 78084, 3194, 62916, 10273, 37083, 54678, 34983, 24651, 19257, 19778, 40516, 89108, 35376, 88159, 34998, 51537, 67219, 39507, 56501, 74134, 23427, 90725, 60968, 89598, 17756, 12022, 79034, 57395, 78328, 83923, 5036, 82093, 58847, 34848, 7116, 77228, 35847, 67190, 89480, 57388, 24410, 47344, 67755, 65286, 70702, 9600, 68405, 97096, 88913, 31775, 64853, 7904, 41722, 97019, 43009, 49804, 98402, 34919, 2086, 72111, 69335, 61222, 4373, 34529, 84114, 81394, 76868, 72461, 53358, 27691, 28296, 13480, 56011, 43552, 30699]})"
592.0,7,74,86,48.840181827545166,10387,"Genotype(dna={""<class 'abc.NT_0008'>"": [0, 56999], ""<class 'abc.NT_0008_P_00000'>"": [], ""<class 'abc.NT_0001'>"": [], ""<class 'abc.NT_0001_P_00000'>"": [], ""<class 'int'>"": [97653, 20406, 47695, 45437, 36791, 12753, 45651, 80211, 20876, 43747, 86904, 59270, 24543, 19312, 57981, 41571, 50140, 23587, 78328, 34848, 6322, 72111, 84114, 27691, 68898], ""<class 'bool'>"": [90671, 9706, 68793, 69465, 50630, 94229, 53268, 83378, 51198, 52517, 80864, 56983, 84611, 9863, 26653, 46759, 75883, 17618, 64460, 24766, 24616, 24139, 88100, 59674, 68925, 58603, 88542, 86971, 27699, 19771, 36300, 72448, 62475, 57494, 82844, 35160, 69828, 34983, 49026, 89108, 57812, 24784, 39507, 8947, 23427, 17756, 12022, 93336, 47344, 70702, 45692, 42395, 77481, 97019, 34645, 13480, 56011, 23961, 61622, 64153, 24398, 97162, 70647, 61083, 68916, 26200, 41381, 30572, 68510, 53169, 28736, 68692, 44411, 95498, 8365, 25426, 53841, 4898, 99229, 20080, 88444], ""<class 'abc.NT_0000'>"": [0, 0, 23967, 0, 0, 0, 0, 1, 0, 0, 0, 1, 0, 0, 1, 0, 74871, 0, 1, 58617, 0, 1, 0, 1, 0, 46858, 39822, 0, 0, 7126, 92594, 0, 0, 17808, 9925, 0, 0, 0, 0, 1, 8521, 0, 0, 0, 77798, 0, 17297, 73131, 46429, 0, 1, 0, 0, 0, 61708, 29137, 48645, 45195, 9285, 51686, 18313, 71166, 74992, 79081, 8304, 86470, 42219, 37094, 83712, 71511, 34672, 60829, 38732, 32888, 85024, 24542, 32319, 84869, 19263, 78084, 7411, 37083, 54678, 19257, 40516, 88159, 22368, 56501, 3274, 75249, 79034, 58805, 5036, 82093, 1824, 77228, 35847, 57388, 67755, 34694, 68405, 97096, 73987, 41722, 49804, 34919, 69335, 61222, 4373, 55374, 93672, 72461, 59235, 43552, 30699], ""<class 'abc.NT_0000_P_00000'>"": [], ""<class 'abc.NT_0000_P_00001'>"": [], ""<class 'abc.NT_0008_P_00001'>"": [], ""<class 'abc.NT_0007'>"": [0, 30442], ""<class 'abc.NT_0007_P_00000'>"": [], ""<class 'abc.NT_0002'>"": [0, 2009, 1, 0, 0, 0, 0, 43348, 0, 0, 1, 0, 59947, 0, 1, 51023, 72856, 35135, 68688, 91088, 41794, 37834, 46209, 27140, 32412, 16605, 71302, 48617, 70996, 66420, 39098, 3194, 19778, 34998, 60968, 57395, 58847, 67190, 7904, 98402, 2086, 34529, 19386], ""<class 'abc.NT_0002_P_00000'>"": [], ""<class 'abc.NT_0002_P_00001'>"": [], ""<class 'abc.NT_0003'>"": [2, 1, 42987], ""<class 'abc.NT_0003_P_00000'>"": [], ""<class 'abc.NT_0003_P_00001'>"": [], ""<class 'abc.NT_0003_P_00002'>"": [], ""<class 'abc.NT_0006'>"": [1, 61721], ""<class 'abc.NT_0006_P_00000'>"": [], ""<class 'abc.NT_0004'>"": [], ""<class 'abc.NT_0004_P_00000'>"": [], ""<class 'abc.NT_0004_P_00001'>"": [], ""<class 'abc.NT_0006_P_00001'>"": [], ""<class 'abc.NT_0006_P_00002'>"": [], ""<class 'abc.NT_0006_P_00003'>"": [], '$leftovers': [98075, 13912, 31132, 79333, 67005, 60614, 89167, 61612, 72827, 95393, 7774, 4838, 80622, 19286, 388, 89247, 61119, 81985, 19388, 78051, 82137, 3298, 46052, 62641, 15125, 10693, 59273, 50230, 2725, 66359, 94734, 79927, 68945, 22935, 63942, 30886, 88313, 17000, 96538, 23762, 47069, 41591, 64582, 40855, 91942, 98035, 27160, 65777, 36640, 83286, 24245, 70012, 52716, 78622, 49933, 34674, 21545, 85515, 63596, 76834, 55706, 47571, 77999, 46871, 39758, 29268, 46755, 21424, 96377, 55045, 94655, 81266, 38729, 78370, 54466, 29207, 27070, 19950, 48714, 85283, 87118, 58445, 55295, 49791, 69639, 85835, 25451, 31208, 52354, 5252, 87857, 91470, 89621, 16918, 64589, 10774, 881, 56333, 90790, 65621, 27489, 54457, 34171, 74830, 31890, 50572, 65953, 35998, 64391, 95281, 20637, 33135, 31174, 47515, 11748, 5326, 17817, 70004, 97142, 48764, 9977, 74644, 82108, 68086, 583, 51473, 93489, 84890, 38149, 98649, 10844, 80482, 25381, 17020, 9347, 89949, 15014, 18882, 36628, 14633, 41856, 82037, 99404, 37653, 18649, 44344, 64413, 14642, 24495, 81627, 82442, 88737, 53766, 43356, 68048, 76857, 54180, 98414, 47699, 12953, 61699, 97194, 89429, 67184, 44588, 70450, 98116, 25260, 44483, 23173, 79095, 13425, 67243, 34275, 86145, 28169, 48308, 39880, 30534, 80777, 30118, 35147, 6330, 33047, 66138, 35106, 74980, 25433, 54994, 95227, 7978, 36144, 69832, 996, 86590, 74938, 93563, 39370, 8023, 18122, 28829, 32872, 79242, 70820, 98755, 81059, 10691, 50385, 39617, 19016, 1863, 56359, 38460, 67174, 91592, 22430, 17368, 97443, 878, 46355, 50098, 93139, 69976, 9080, 81250, 67133, 12450, 29860, 10515, 7229, 18784, 90514, 19054, 18495, 10502, 77269, 89119, 14108, 10620, 96989, 72023, 8856, 91521, 11678, 69216, 38189, 64461, 31020, 98319, 37543, 24755, 16609, 33556, 16612, 12763, 41905, 30677, 47421, 67343, 11855, 70264, 48856, 54312, 58986, 49212, 17225, 81724, 83758, 88507, 75316, 75104, 72850, 30442, 32626, 63929, 13975, 10352, 31178, 95848, 61832, 76994, 71041, 97101, 79981, 68823, 25960, 84031, 86511, 64668, 11598, 13801, 38277, 72117, 97914, 67271, 62497, 95121, 56480, 77291, 12295, 85165, 83568, 78821, 29000, 46548, 68710, 33837, 53867, 16757, 19744, 56490, 58506, 2704, 56409, 35185, 55884, 10413, 1967, 92366, 12720, 38904, 56674, 73494, 36995, 74568, 39592, 41098, 65909, 93224, 67867, 24312, 36412, 73676, 29939, 55884, 87263, 93716, 56026, 57244, 4070, 89635, 77378, 60358, 11337, 68615, 81852, 96708, 54183, 88797, 31269, 9360, 89105, 2535, 59726, 25955, 65244, 16768, 73543, 81718, 40902, 76314, 33436, 41909, 98773, 81808, 9719, 25421, 45418, 71987, 121, 11550, 65239, 40789, 44202, 36071, 57653, 43394, 36056, 23297, 64426, 23556, 86309, 21306, 27012, 42386, 48280, 10080, 4348, 88310, 90412, 82119, 9205, 49098, 2184, 83526, 11375, 6109, 97541, 35582, 21977, 35191, 38535, 67747, 59557, 46567, 34959, 10684, 671, 59720, 59887, 485, 14784, 36885, 67806, 20555, 39637, 90346, 34425, 6540, 18412, 78378, 59756, 27100, 45096, 77175, 81646, 59732, 18160, 89927, 40822, 95827, 99884, 32712, 63299, 13826, 85714, 22375, 34642, 93135, 95040, 87627, 56593, 10162, 1335, 24907, 11275, 57849, 31243, 19861, 99079, 15398, 23046, 39786, 73058, 18352, 90596, 73190, 18755, 43859, 95236, 53629, 45109, 83722, 79356, 47076, 62644, 97757, 13471, 27552, 93516, 12967, 49252, 1085, 54423, 9689, 79001, 15195, 48556, 32204, 40442, 35346, 62994, 33733, 67382, 49555, 60122, 40611, 12928, 92945, 10252, 45964, 84992, 1512, 78027, 75304, 45951, 56284, 25045, 39552, 38052, 75814, 1762, 99823, 76972, 67310, 62283, 41733, 23009, 32953, 78852, 84494, 34393, 32426, 77309, 29353, 87018, 31481, 22287, 73852, 13919, 95211, 57612, 5341, 78579, 87850, 58005, 44735, 76849, 63874, 54960, 17231, 90965, 88267, 87848, 83830, 59964, 7414, 27019, 63988, 28220, 60908, 57884, 71203, 30461, 65079, 25031, 40185, 78750, 46981, 80489, 92478, 38242, 60982, 98026, 5482, 58357, 82420, 69221, 47933, 41308, 46911, 93985, 74362, 98320, 32836, 21005, 85503, 60638, 52090, 16457, 81259, 97344, 71185, 51199, 32546, 37015, 82413, 74204, 2583, 41056, 12104, 19831, 19455, 13661, 3368, 6293, 24839, 2737, 57994, 65067, 22974, 80126, 70564, 55870, 22295, 54990, 188, 22708, 82010, 33866, 54839, 92881, 86023, 42822, 28002, 53771, 21295, 93768, 82639, 54827, 32269, 61670, 94699, 12629, 99213, 70585, 63371, 70163, 39410, 11420, 59374, 65058, 39544, 70840, 4105, 8975, 51408, 35270, 36395, 14905, 19463, 31253, 56593, 76004, 97054, 47585, 82196, 20301, 80867, 95726, 59810, 73784, 82432, 40019, 90101, 57866, 51891, 23969, 3726, 11832, 96918, 24802, 32825, 8453, 87570, 5910, 30479, 41802, 69112, 31765, 44030, 27039, 69845, 96240, 79148, 96989, 60634, 4975, 87175, 18069, 87499, 64971, 19045, 91141, 68569, 25404, 90932, 46267, 80532, 11728, 30381, 95769, 35013, 37457, 20905, 4517, 64695, 13129, 12749, 1818, 91327, 22606, 19672, 15427, 62325, 50224, 99886, 66678, 42678, 80750, 65241, 41447, 46222, 13943, 83906, 70729, 74336, 1726, 19116, 73335, 1723, 30675, 46925, 77182, 90826, 98994, 22759, 21028, 49319, 1714, 87944, 81788, 90533, 20925, 5438, 83502, 28657, 14540, 23899, 96217, 11472, 35876, 19131, 39399, 97335, 3323, 90272, 44040, 28073, 51304, 70624, 96620, 99178, 94411, 72001, 44800, 67313, 1790, 71579, 14737, 35858, 63905, 73477, 76009, 77549, 61502, 30404, 8360, 93569, 30438, 84984, 31813, 68448, 84388, 37695, 64509, 98530, 43872, 62143, 4409, 83775, 80273, 10350, 79665, 85682, 80513, 76395, 85135, 50, 99899, 64234, 25173, 9758, 89555, 73388, 69865, 87015, 65369, 28325, 55774, 56559, 91589, 18612, 75085, 48985, 12260, 55581, 52643, 30771, 53084, 74710, 37760, 93030, 63446, 4708, 3610, 20987, 34387, 7254, 40775, 63375, 36086, 68944, 85154, 97339, 582, 63463, 72341, 59954, 14020, 18086, 85698, 60806, 53178, 44623, 7009, 78538, 59250, 52896, 36953, 81979, 11585, 78783, 59912, 80451, 7908, 86148, 57967, 38859, 32429, 50491, 49646, 51605, 17936, 9071, 76700, 97994, 80026, 95215, 37158, 66905, 74561, 9845, 48648, 56873, 90265, 4935, 53997, 55323, 81384, 61656, 17380, 86036, 83384, 38040, 32058, 35626, 5574, 89012, 74225, 14736, 3774, 30442, 1927, 31150, 4053, 97867, 94199, 77143, 35135, 68688, 91088, 41794, 37834, 55373, 23899, 23589, 27140, 19312, 29137, 48645, 45195, 9285, 51686, 77237, 32412, 71166, 74992, 16605, 54805, 87250, 57981, 8304, 86470, 42219, 37094, 83712, 48617, 71511, 70996, 5774, 34672, 89123, 38732, 32888, 85024, 66420, 24542, 39098, 4196, 32319, 30825, 19263, 35160, 97555, 78084, 3194, 62916, 10273, 37083, 54678, 34983, 24651, 19257, 19778, 40516, 89108, 35376, 88159, 34998, 51537, 67219, 39507, 56501, 74134, 23427, 90725, 60968, 89598, 17756, 12022, 79034, 57395, 78328, 83923, 5036, 82093, 58847, 34848, 7116, 77228, 35847, 67190, 89480, 57388, 24410, 47344, 67755, 65286, 70702, 9600, 68405, 97096, 88913, 31775, 64853, 7904, 41722, 97019, 43009, 49804, 98402, 34919, 2086, 72111, 69335, 61222, 4373, 34529, 84114, 81394, 76868, 72461, 53358, 27691, 28296, 13480, 56011, 43552, 30699]})"
592.0,7,74,87,49.163355350494385,10387,"Genotype(dna={""<class 'abc.NT_0008'>"": [0, 56999], ""<class 'abc.NT_0008_P_00000'>"": [], ""<class 'abc.NT_0001'>"": [], ""<class 'abc.NT_0001_P_00000'>"": [], ""<class 'int'>"": [97653, 20406, 47695, 45437, 36791, 12753, 45651, 80211, 20876, 43747, 86904, 59270, 24543, 19312, 57981, 41571, 50140, 23587, 78328, 34848, 6322, 72111, 84114, 27691, 68898], ""<class 'bool'>"": [90671, 9706, 68793, 69465, 50630, 94229, 53268, 83378, 51198, 52517, 80864, 56983, 84611, 9863, 26653, 46759, 75883, 17618, 64460, 24766, 24616, 24139, 88100, 59674, 68925, 58603, 88542, 86971, 27699, 19771, 36300, 72448, 62475, 57494, 82844, 35160, 69828, 34983, 49026, 89108, 57812, 24784, 39507, 8947, 23427, 17756, 12022, 93336, 47344, 70702, 45692, 42395, 77481, 97019, 34645, 13480, 56011, 23961, 61622, 64153, 24398, 97162, 70647, 61083, 68916, 26200, 41381, 30572, 68510, 53169, 28736, 68692, 44411, 95498, 8365, 25426, 53841, 4898, 99229, 20080, 88444], ""<class 'abc.NT_0000'>"": [0, 0, 23967, 0, 0, 0, 0, 1, 0, 0, 0, 1, 0, 0, 1, 0, 74871, 0, 1, 58617, 0, 1, 0, 1, 0, 46858, 39822, 0, 0, 7126, 92594, 0, 0, 17808, 9925, 0, 0, 0, 0, 1, 8521, 0, 0, 0, 77798, 0, 17297, 73131, 46429, 0, 1, 0, 0, 0, 61708, 29137, 48645, 45195, 9285, 51686, 18313, 71166, 74992, 79081, 8304, 86470, 42219, 37094, 83712, 71511, 34672, 60829, 38732, 32888, 85024, 24542, 32319, 84869, 19263, 78084, 7411, 37083, 54678, 19257, 40516, 88159, 22368, 56501, 3274, 75249, 79034, 58805, 5036, 82093, 1824, 77228, 35847, 57388, 67755, 34694, 68405, 97096, 73987, 41722, 49804, 34919, 69335, 61222, 4373, 55374, 93672, 72461, 59235, 43552, 30699], ""<class 'abc.NT_0000_P_00000'>"": [], ""<class 'abc.NT_0000_P_00001'>"": [], ""<class 'abc.NT_0008_P_00001'>"": [], ""<class 'abc.NT_0007'>"": [0, 30442], ""<class 'abc.NT_0007_P_00000'>"": [], ""<class 'abc.NT_0002'>"": [0, 2009, 1, 0, 0, 0, 0, 43348, 0, 0, 1, 0, 59947, 0, 1, 51023, 72856, 35135, 68688, 91088, 41794, 37834, 46209, 27140, 32412, 16605, 71302, 48617, 70996, 66420, 39098, 3194, 19778, 34998, 60968, 57395, 58847, 67190, 7904, 98402, 2086, 34529, 19386], ""<class 'abc.NT_0002_P_00000'>"": [], ""<class 'abc.NT_0002_P_00001'>"": [], ""<class 'abc.NT_0003'>"": [2, 1, 42987], ""<class 'abc.NT_0003_P_00000'>"": [], ""<class 'abc.NT_0003_P_00001'>"": [], ""<class 'abc.NT_0003_P_00002'>"": [], ""<class 'abc.NT_0006'>"": [1, 61721], ""<class 'abc.NT_0006_P_00000'>"": [], ""<class 'abc.NT_0004'>"": [], ""<class 'abc.NT_0004_P_00000'>"": [], ""<class 'abc.NT_0004_P_00001'>"": [], ""<class 'abc.NT_0006_P_00001'>"": [], ""<class 'abc.NT_0006_P_00002'>"": [], ""<class 'abc.NT_0006_P_00003'>"": [], '$leftovers': [98075, 13912, 31132, 79333, 67005, 60614, 89167, 61612, 72827, 95393, 7774, 4838, 80622, 19286, 388, 89247, 61119, 81985, 19388, 78051, 82137, 3298, 46052, 62641, 15125, 10693, 59273, 50230, 2725, 66359, 94734, 79927, 68945, 22935, 63942, 30886, 88313, 17000, 96538, 23762, 47069, 41591, 64582, 40855, 91942, 98035, 27160, 65777, 36640, 83286, 24245, 70012, 52716, 78622, 49933, 34674, 21545, 85515, 63596, 76834, 55706, 47571, 77999, 46871, 39758, 29268, 46755, 21424, 96377, 55045, 94655, 81266, 38729, 78370, 54466, 29207, 27070, 19950, 48714, 85283, 87118, 58445, 55295, 49791, 69639, 85835, 25451, 31208, 52354, 5252, 87857, 91470, 89621, 16918, 64589, 10774, 881, 56333, 90790, 65621, 27489, 54457, 34171, 74830, 31890, 50572, 65953, 35998, 64391, 95281, 20637, 33135, 31174, 47515, 11748, 5326, 17817, 70004, 97142, 48764, 9977, 74644, 82108, 68086, 583, 51473, 93489, 84890, 38149, 98649, 10844, 80482, 25381, 17020, 9347, 89949, 15014, 18882, 36628, 14633, 41856, 82037, 99404, 37653, 18649, 44344, 64413, 14642, 24495, 81627, 82442, 88737, 53766, 43356, 68048, 76857, 54180, 98414, 47699, 12953, 61699, 97194, 89429, 67184, 44588, 70450, 98116, 25260, 44483, 23173, 79095, 13425, 67243, 34275, 86145, 28169, 48308, 39880, 30534, 80777, 30118, 35147, 6330, 33047, 66138, 35106, 74980, 25433, 54994, 95227, 7978, 36144, 69832, 996, 86590, 74938, 93563, 39370, 8023, 18122, 28829, 32872, 79242, 70820, 98755, 81059, 10691, 50385, 39617, 19016, 1863, 56359, 38460, 67174, 91592, 22430, 17368, 97443, 878, 46355, 50098, 93139, 69976, 9080, 81250, 67133, 12450, 29860, 10515, 7229, 18784, 90514, 19054, 18495, 10502, 77269, 89119, 14108, 10620, 96989, 72023, 8856, 91521, 11678, 69216, 38189, 64461, 31020, 98319, 37543, 24755, 16609, 33556, 16612, 12763, 41905, 30677, 47421, 67343, 11855, 70264, 48856, 54312, 58986, 49212, 17225, 81724, 83758, 88507, 75316, 75104, 72850, 30442, 32626, 63929, 13975, 10352, 31178, 95848, 61832, 76994, 71041, 97101, 79981, 68823, 25960, 84031, 86511, 64668, 11598, 13801, 38277, 72117, 97914, 67271, 62497, 95121, 56480, 77291, 12295, 85165, 83568, 78821, 29000, 46548, 68710, 33837, 53867, 16757, 19744, 56490, 58506, 2704, 56409, 35185, 55884, 10413, 1967, 92366, 12720, 38904, 56674, 73494, 36995, 74568, 39592, 41098, 65909, 93224, 67867, 24312, 36412, 73676, 29939, 55884, 87263, 93716, 56026, 57244, 4070, 89635, 77378, 60358, 11337, 68615, 81852, 96708, 54183, 88797, 31269, 9360, 89105, 2535, 59726, 25955, 65244, 16768, 73543, 81718, 40902, 76314, 33436, 41909, 98773, 81808, 9719, 25421, 45418, 71987, 121, 11550, 65239, 40789, 44202, 36071, 57653, 43394, 36056, 23297, 64426, 23556, 86309, 21306, 27012, 42386, 48280, 10080, 4348, 88310, 90412, 82119, 9205, 49098, 2184, 83526, 11375, 6109, 97541, 35582, 21977, 35191, 38535, 67747, 59557, 46567, 34959, 10684, 671, 59720, 59887, 485, 14784, 36885, 67806, 20555, 39637, 90346, 34425, 6540, 18412, 78378, 59756, 27100, 45096, 77175, 81646, 59732, 18160, 89927, 40822, 95827, 99884, 32712, 63299, 13826, 85714, 22375, 34642, 93135, 95040, 87627, 56593, 10162, 1335, 24907, 11275, 57849, 31243, 19861, 99079, 15398, 23046, 39786, 73058, 18352, 90596, 73190, 18755, 43859, 95236, 53629, 45109, 83722, 79356, 47076, 62644, 97757, 13471, 27552, 93516, 12967, 49252, 1085, 54423, 9689, 79001, 15195, 48556, 32204, 40442, 35346, 62994, 33733, 67382, 49555, 60122, 40611, 12928, 92945, 10252, 45964, 84992, 1512, 78027, 75304, 45951, 56284, 25045, 39552, 38052, 75814, 1762, 99823, 76972, 67310, 62283, 41733, 23009, 32953, 78852, 84494, 34393, 32426, 77309, 29353, 87018, 31481, 22287, 73852, 13919, 95211, 57612, 5341, 78579, 87850, 58005, 44735, 76849, 63874, 54960, 17231, 90965, 88267, 87848, 83830, 59964, 7414, 27019, 63988, 28220, 60908, 57884, 71203, 30461, 65079, 25031, 40185, 78750, 46981, 80489, 92478, 38242, 60982, 98026, 5482, 58357, 82420, 69221, 47933, 41308, 46911, 93985, 74362, 98320, 32836, 21005, 85503, 60638, 52090, 16457, 81259, 97344, 71185, 51199, 32546, 37015, 82413, 74204, 2583, 41056, 12104, 19831, 19455, 13661, 3368, 6293, 24839, 2737, 57994, 65067, 22974, 80126, 70564, 55870, 22295, 54990, 188, 22708, 82010, 33866, 54839, 92881, 86023, 42822, 28002, 53771, 21295, 93768, 82639, 54827, 32269, 61670, 94699, 12629, 99213, 70585, 63371, 70163, 39410, 11420, 59374, 65058, 39544, 70840, 4105, 8975, 51408, 35270, 36395, 14905, 19463, 31253, 56593, 76004, 97054, 47585, 82196, 20301, 80867, 95726, 59810, 73784, 82432, 40019, 90101, 57866, 51891, 23969, 3726, 11832, 96918, 24802, 32825, 8453, 87570, 5910, 30479, 41802, 69112, 31765, 44030, 27039, 69845, 96240, 79148, 96989, 60634, 4975, 87175, 18069, 87499, 64971, 19045, 91141, 68569, 25404, 90932, 46267, 80532, 11728, 30381, 95769, 35013, 37457, 20905, 4517, 64695, 13129, 12749, 1818, 91327, 22606, 19672, 15427, 62325, 50224, 99886, 66678, 42678, 80750, 65241, 41447, 46222, 13943, 83906, 70729, 74336, 1726, 19116, 73335, 1723, 30675, 46925, 77182, 90826, 98994, 22759, 21028, 49319, 1714, 87944, 81788, 90533, 20925, 5438, 83502, 28657, 14540, 23899, 96217, 11472, 35876, 19131, 39399, 97335, 3323, 90272, 44040, 28073, 51304, 70624, 96620, 99178, 94411, 72001, 44800, 67313, 1790, 71579, 14737, 35858, 63905, 73477, 76009, 77549, 61502, 30404, 8360, 93569, 30438, 84984, 31813, 68448, 84388, 37695, 64509, 98530, 43872, 62143, 4409, 83775, 80273, 10350, 79665, 85682, 80513, 76395, 85135, 50, 99899, 64234, 25173, 9758, 89555, 73388, 69865, 87015, 65369, 28325, 55774, 56559, 91589, 18612, 75085, 48985, 12260, 55581, 52643, 30771, 53084, 74710, 37760, 93030, 63446, 4708, 3610, 20987, 34387, 7254, 40775, 63375, 36086, 68944, 85154, 97339, 582, 63463, 72341, 59954, 14020, 18086, 85698, 60806, 53178, 44623, 7009, 78538, 59250, 52896, 36953, 81979, 11585, 78783, 59912, 80451, 7908, 86148, 57967, 38859, 32429, 50491, 49646, 51605, 17936, 9071, 76700, 97994, 80026, 95215, 37158, 66905, 74561, 9845, 48648, 56873, 90265, 4935, 53997, 55323, 81384, 61656, 17380, 86036, 83384, 38040, 32058, 35626, 5574, 89012, 74225, 14736, 3774, 30442, 1927, 31150, 4053, 97867, 94199, 77143, 35135, 68688, 91088, 41794, 37834, 55373, 23899, 23589, 27140, 19312, 29137, 48645, 45195, 9285, 51686, 77237, 32412, 71166, 74992, 16605, 54805, 87250, 57981, 8304, 86470, 42219, 37094, 83712, 48617, 71511, 70996, 5774, 34672, 89123, 38732, 32888, 85024, 66420, 24542, 39098, 4196, 32319, 30825, 19263, 35160, 97555, 78084, 3194, 62916, 10273, 37083, 54678, 34983, 24651, 19257, 19778, 40516, 89108, 35376, 88159, 34998, 51537, 67219, 39507, 56501, 74134, 23427, 90725, 60968, 89598, 17756, 12022, 79034, 57395, 78328, 83923, 5036, 82093, 58847, 34848, 7116, 77228, 35847, 67190, 89480, 57388, 24410, 47344, 67755, 65286, 70702, 9600, 68405, 97096, 88913, 31775, 64853, 7904, 41722, 97019, 43009, 49804, 98402, 34919, 2086, 72111, 69335, 61222, 4373, 34529, 84114, 81394, 76868, 72461, 53358, 27691, 28296, 13480, 56011, 43552, 30699]})"
592.0,7,74,88,49.494335889816284,10387,"Genotype(dna={""<class 'abc.NT_0008'>"": [0, 56999], ""<class 'abc.NT_0008_P_00000'>"": [], ""<class 'abc.NT_0001'>"": [], ""<class 'abc.NT_0001_P_00000'>"": [], ""<class 'int'>"": [97653, 20406, 47695, 45437, 36791, 12753, 45651, 80211, 20876, 43747, 86904, 59270, 24543, 19312, 57981, 41571, 50140, 23587, 78328, 34848, 6322, 72111, 84114, 27691, 68898], ""<class 'bool'>"": [90671, 9706, 68793, 69465, 50630, 94229, 53268, 83378, 51198, 52517, 80864, 56983, 84611, 9863, 26653, 46759, 75883, 17618, 64460, 24766, 24616, 24139, 88100, 59674, 68925, 58603, 88542, 86971, 27699, 19771, 36300, 72448, 62475, 57494, 82844, 35160, 69828, 34983, 49026, 89108, 57812, 24784, 39507, 8947, 23427, 17756, 12022, 93336, 47344, 70702, 45692, 42395, 77481, 97019, 34645, 13480, 56011, 23961, 61622, 64153, 24398, 97162, 70647, 61083, 68916, 26200, 41381, 30572, 68510, 53169, 28736, 68692, 44411, 95498, 8365, 25426, 53841, 4898, 99229, 20080, 88444], ""<class 'abc.NT_0000'>"": [0, 0, 23967, 0, 0, 0, 0, 1, 0, 0, 0, 1, 0, 0, 1, 0, 74871, 0, 1, 58617, 0, 1, 0, 1, 0, 46858, 39822, 0, 0, 7126, 92594, 0, 0, 17808, 9925, 0, 0, 0, 0, 1, 8521, 0, 0, 0, 77798, 0, 17297, 73131, 46429, 0, 1, 0, 0, 0, 61708, 29137, 48645, 45195, 9285, 51686, 18313, 71166, 74992, 79081, 8304, 86470, 42219, 37094, 83712, 71511, 34672, 60829, 38732, 32888, 85024, 24542, 32319, 84869, 19263, 78084, 7411, 37083, 54678, 19257, 40516, 88159, 22368, 56501, 3274, 75249, 79034, 58805, 5036, 82093, 1824, 77228, 35847, 57388, 67755, 34694, 68405, 97096, 73987, 41722, 49804, 34919, 69335, 61222, 4373, 55374, 93672, 72461, 59235, 43552, 30699], ""<class 'abc.NT_0000_P_00000'>"": [], ""<class 'abc.NT_0000_P_00001'>"": [], ""<class 'abc.NT_0008_P_00001'>"": [], ""<class 'abc.NT_0007'>"": [0, 30442], ""<class 'abc.NT_0007_P_00000'>"": [], ""<class 'abc.NT_0002'>"": [0, 2009, 1, 0, 0, 0, 0, 43348, 0, 0, 1, 0, 59947, 0, 1, 51023, 72856, 35135, 68688, 91088, 41794, 37834, 46209, 27140, 32412, 16605, 71302, 48617, 70996, 66420, 39098, 3194, 19778, 34998, 60968, 57395, 58847, 67190, 7904, 98402, 2086, 34529, 19386], ""<class 'abc.NT_0002_P_00000'>"": [], ""<class 'abc.NT_0002_P_00001'>"": [], ""<class 'abc.NT_0003'>"": [2, 1, 42987], ""<class 'abc.NT_0003_P_00000'>"": [], ""<class 'abc.NT_0003_P_00001'>"": [], ""<class 'abc.NT_0003_P_00002'>"": [], ""<class 'abc.NT_0006'>"": [1, 61721], ""<class 'abc.NT_0006_P_00000'>"": [], ""<class 'abc.NT_0004'>"": [], ""<class 'abc.NT_0004_P_00000'>"": [], ""<class 'abc.NT_0004_P_00001'>"": [], ""<class 'abc.NT_0006_P_00001'>"": [], ""<class 'abc.NT_0006_P_00002'>"": [], ""<class 'abc.NT_0006_P_00003'>"": [], '$leftovers': [98075, 13912, 31132, 79333, 67005, 60614, 89167, 61612, 72827, 95393, 7774, 4838, 80622, 19286, 388, 89247, 61119, 81985, 19388, 78051, 82137, 3298, 46052, 62641, 15125, 10693, 59273, 50230, 2725, 66359, 94734, 79927, 68945, 22935, 63942, 30886, 88313, 17000, 96538, 23762, 47069, 41591, 64582, 40855, 91942, 98035, 27160, 65777, 36640, 83286, 24245, 70012, 52716, 78622, 49933, 34674, 21545, 85515, 63596, 76834, 55706, 47571, 77999, 46871, 39758, 29268, 46755, 21424, 96377, 55045, 94655, 81266, 38729, 78370, 54466, 29207, 27070, 19950, 48714, 85283, 87118, 58445, 55295, 49791, 69639, 85835, 25451, 31208, 52354, 5252, 87857, 91470, 89621, 16918, 64589, 10774, 881, 56333, 90790, 65621, 27489, 54457, 34171, 74830, 31890, 50572, 65953, 35998, 64391, 95281, 20637, 33135, 31174, 47515, 11748, 5326, 17817, 70004, 97142, 48764, 9977, 74644, 82108, 68086, 583, 51473, 93489, 84890, 38149, 98649, 10844, 80482, 25381, 17020, 9347, 89949, 15014, 18882, 36628, 14633, 41856, 82037, 99404, 37653, 18649, 44344, 64413, 14642, 24495, 81627, 82442, 88737, 53766, 43356, 68048, 76857, 54180, 98414, 47699, 12953, 61699, 97194, 89429, 67184, 44588, 70450, 98116, 25260, 44483, 23173, 79095, 13425, 67243, 34275, 86145, 28169, 48308, 39880, 30534, 80777, 30118, 35147, 6330, 33047, 66138, 35106, 74980, 25433, 54994, 95227, 7978, 36144, 69832, 996, 86590, 74938, 93563, 39370, 8023, 18122, 28829, 32872, 79242, 70820, 98755, 81059, 10691, 50385, 39617, 19016, 1863, 56359, 38460, 67174, 91592, 22430, 17368, 97443, 878, 46355, 50098, 93139, 69976, 9080, 81250, 67133, 12450, 29860, 10515, 7229, 18784, 90514, 19054, 18495, 10502, 77269, 89119, 14108, 10620, 96989, 72023, 8856, 91521, 11678, 69216, 38189, 64461, 31020, 98319, 37543, 24755, 16609, 33556, 16612, 12763, 41905, 30677, 47421, 67343, 11855, 70264, 48856, 54312, 58986, 49212, 17225, 81724, 83758, 88507, 75316, 75104, 72850, 30442, 32626, 63929, 13975, 10352, 31178, 95848, 61832, 76994, 71041, 97101, 79981, 68823, 25960, 84031, 86511, 64668, 11598, 13801, 38277, 72117, 97914, 67271, 62497, 95121, 56480, 77291, 12295, 85165, 83568, 78821, 29000, 46548, 68710, 33837, 53867, 16757, 19744, 56490, 58506, 2704, 56409, 35185, 55884, 10413, 1967, 92366, 12720, 38904, 56674, 73494, 36995, 74568, 39592, 41098, 65909, 93224, 67867, 24312, 36412, 73676, 29939, 55884, 87263, 93716, 56026, 57244, 4070, 89635, 77378, 60358, 11337, 68615, 81852, 96708, 54183, 88797, 31269, 9360, 89105, 2535, 59726, 25955, 65244, 16768, 73543, 81718, 40902, 76314, 33436, 41909, 98773, 81808, 9719, 25421, 45418, 71987, 121, 11550, 65239, 40789, 44202, 36071, 57653, 43394, 36056, 23297, 64426, 23556, 86309, 21306, 27012, 42386, 48280, 10080, 4348, 88310, 90412, 82119, 9205, 49098, 2184, 83526, 11375, 6109, 97541, 35582, 21977, 35191, 38535, 67747, 59557, 46567, 34959, 10684, 671, 59720, 59887, 485, 14784, 36885, 67806, 20555, 39637, 90346, 34425, 6540, 18412, 78378, 59756, 27100, 45096, 77175, 81646, 59732, 18160, 89927, 40822, 95827, 99884, 32712, 63299, 13826, 85714, 22375, 34642, 93135, 95040, 87627, 56593, 10162, 1335, 24907, 11275, 57849, 31243, 19861, 99079, 15398, 23046, 39786, 73058, 18352, 90596, 73190, 18755, 43859, 95236, 53629, 45109, 83722, 79356, 47076, 62644, 97757, 13471, 27552, 93516, 12967, 49252, 1085, 54423, 9689, 79001, 15195, 48556, 32204, 40442, 35346, 62994, 33733, 67382, 49555, 60122, 40611, 12928, 92945, 10252, 45964, 84992, 1512, 78027, 75304, 45951, 56284, 25045, 39552, 38052, 75814, 1762, 99823, 76972, 67310, 62283, 41733, 23009, 32953, 78852, 84494, 34393, 32426, 77309, 29353, 87018, 31481, 22287, 73852, 13919, 95211, 57612, 5341, 78579, 87850, 58005, 44735, 76849, 63874, 54960, 17231, 90965, 88267, 87848, 83830, 59964, 7414, 27019, 63988, 28220, 60908, 57884, 71203, 30461, 65079, 25031, 40185, 78750, 46981, 80489, 92478, 38242, 60982, 98026, 5482, 58357, 82420, 69221, 47933, 41308, 46911, 93985, 74362, 98320, 32836, 21005, 85503, 60638, 52090, 16457, 81259, 97344, 71185, 51199, 32546, 37015, 82413, 74204, 2583, 41056, 12104, 19831, 19455, 13661, 3368, 6293, 24839, 2737, 57994, 65067, 22974, 80126, 70564, 55870, 22295, 54990, 188, 22708, 82010, 33866, 54839, 92881, 86023, 42822, 28002, 53771, 21295, 93768, 82639, 54827, 32269, 61670, 94699, 12629, 99213, 70585, 63371, 70163, 39410, 11420, 59374, 65058, 39544, 70840, 4105, 8975, 51408, 35270, 36395, 14905, 19463, 31253, 56593, 76004, 97054, 47585, 82196, 20301, 80867, 95726, 59810, 73784, 82432, 40019, 90101, 57866, 51891, 23969, 3726, 11832, 96918, 24802, 32825, 8453, 87570, 5910, 30479, 41802, 69112, 31765, 44030, 27039, 69845, 96240, 79148, 96989, 60634, 4975, 87175, 18069, 87499, 64971, 19045, 91141, 68569, 25404, 90932, 46267, 80532, 11728, 30381, 95769, 35013, 37457, 20905, 4517, 64695, 13129, 12749, 1818, 91327, 22606, 19672, 15427, 62325, 50224, 99886, 66678, 42678, 80750, 65241, 41447, 46222, 13943, 83906, 70729, 74336, 1726, 19116, 73335, 1723, 30675, 46925, 77182, 90826, 98994, 22759, 21028, 49319, 1714, 87944, 81788, 90533, 20925, 5438, 83502, 28657, 14540, 23899, 96217, 11472, 35876, 19131, 39399, 97335, 3323, 90272, 44040, 28073, 51304, 70624, 96620, 99178, 94411, 72001, 44800, 67313, 1790, 71579, 14737, 35858, 63905, 73477, 76009, 77549, 61502, 30404, 8360, 93569, 30438, 84984, 31813, 68448, 84388, 37695, 64509, 98530, 43872, 62143, 4409, 83775, 80273, 10350, 79665, 85682, 80513, 76395, 85135, 50, 99899, 64234, 25173, 9758, 89555, 73388, 69865, 87015, 65369, 28325, 55774, 56559, 91589, 18612, 75085, 48985, 12260, 55581, 52643, 30771, 53084, 74710, 37760, 93030, 63446, 4708, 3610, 20987, 34387, 7254, 40775, 63375, 36086, 68944, 85154, 97339, 582, 63463, 72341, 59954, 14020, 18086, 85698, 60806, 53178, 44623, 7009, 78538, 59250, 52896, 36953, 81979, 11585, 78783, 59912, 80451, 7908, 86148, 57967, 38859, 32429, 50491, 49646, 51605, 17936, 9071, 76700, 97994, 80026, 95215, 37158, 66905, 74561, 9845, 48648, 56873, 90265, 4935, 53997, 55323, 81384, 61656, 17380, 86036, 83384, 38040, 32058, 35626, 5574, 89012, 74225, 14736, 3774, 30442, 1927, 31150, 4053, 97867, 94199, 77143, 35135, 68688, 91088, 41794, 37834, 55373, 23899, 23589, 27140, 19312, 29137, 48645, 45195, 9285, 51686, 77237, 32412, 71166, 74992, 16605, 54805, 87250, 57981, 8304, 86470, 42219, 37094, 83712, 48617, 71511, 70996, 5774, 34672, 89123, 38732, 32888, 85024, 66420, 24542, 39098, 4196, 32319, 30825, 19263, 35160, 97555, 78084, 3194, 62916, 10273, 37083, 54678, 34983, 24651, 19257, 19778, 40516, 89108, 35376, 88159, 34998, 51537, 67219, 39507, 56501, 74134, 23427, 90725, 60968, 89598, 17756, 12022, 79034, 57395, 78328, 83923, 5036, 82093, 58847, 34848, 7116, 77228, 35847, 67190, 89480, 57388, 24410, 47344, 67755, 65286, 70702, 9600, 68405, 97096, 88913, 31775, 64853, 7904, 41722, 97019, 43009, 49804, 98402, 34919, 2086, 72111, 69335, 61222, 4373, 34529, 84114, 81394, 76868, 72461, 53358, 27691, 28296, 13480, 56011, 43552, 30699]})"
592.0,7,74,89,49.90665674209595,10387,"Genotype(dna={""<class 'abc.NT_0008'>"": [0, 56999], ""<class 'abc.NT_0008_P_00000'>"": [], ""<class 'abc.NT_0001'>"": [], ""<class 'abc.NT_0001_P_00000'>"": [], ""<class 'int'>"": [97653, 20406, 47695, 45437, 36791, 12753, 45651, 80211, 20876, 43747, 86904, 59270, 24543, 19312, 57981, 41571, 50140, 23587, 78328, 34848, 6322, 72111, 84114, 27691, 68898], ""<class 'bool'>"": [90671, 9706, 68793, 69465, 50630, 94229, 53268, 83378, 51198, 52517, 80864, 56983, 84611, 9863, 26653, 46759, 75883, 17618, 64460, 24766, 24616, 24139, 88100, 59674, 68925, 58603, 88542, 86971, 27699, 19771, 36300, 72448, 62475, 57494, 82844, 35160, 69828, 34983, 49026, 89108, 57812, 24784, 39507, 8947, 23427, 17756, 12022, 93336, 47344, 70702, 45692, 42395, 77481, 97019, 34645, 13480, 56011, 23961, 61622, 64153, 24398, 97162, 70647, 61083, 68916, 26200, 41381, 30572, 68510, 53169, 28736, 68692, 44411, 95498, 8365, 25426, 53841, 4898, 99229, 20080, 88444], ""<class 'abc.NT_0000'>"": [0, 0, 23967, 0, 0, 0, 0, 1, 0, 0, 0, 1, 0, 0, 1, 0, 74871, 0, 1, 58617, 0, 1, 0, 1, 0, 46858, 39822, 0, 0, 7126, 92594, 0, 0, 17808, 9925, 0, 0, 0, 0, 1, 8521, 0, 0, 0, 77798, 0, 17297, 73131, 46429, 0, 1, 0, 0, 0, 61708, 29137, 48645, 45195, 9285, 51686, 18313, 71166, 74992, 79081, 8304, 86470, 42219, 37094, 83712, 71511, 34672, 60829, 38732, 32888, 85024, 24542, 32319, 84869, 19263, 78084, 7411, 37083, 54678, 19257, 40516, 88159, 22368, 56501, 3274, 75249, 79034, 58805, 5036, 82093, 1824, 77228, 35847, 57388, 67755, 34694, 68405, 97096, 73987, 41722, 49804, 34919, 69335, 61222, 4373, 55374, 93672, 72461, 59235, 43552, 30699], ""<class 'abc.NT_0000_P_00000'>"": [], ""<class 'abc.NT_0000_P_00001'>"": [], ""<class 'abc.NT_0008_P_00001'>"": [], ""<class 'abc.NT_0007'>"": [0, 30442], ""<class 'abc.NT_0007_P_00000'>"": [], ""<class 'abc.NT_0002'>"": [0, 2009, 1, 0, 0, 0, 0, 43348, 0, 0, 1, 0, 59947, 0, 1, 51023, 72856, 35135, 68688, 91088, 41794, 37834, 46209, 27140, 32412, 16605, 71302, 48617, 70996, 66420, 39098, 3194, 19778, 34998, 60968, 57395, 58847, 67190, 7904, 98402, 2086, 34529, 19386], ""<class 'abc.NT_0002_P_00000'>"": [], ""<class 'abc.NT_0002_P_00001'>"": [], ""<class 'abc.NT_0003'>"": [2, 1, 42987], ""<class 'abc.NT_0003_P_00000'>"": [], ""<class 'abc.NT_0003_P_00001'>"": [], ""<class 'abc.NT_0003_P_00002'>"": [], ""<class 'abc.NT_0006'>"": [1, 61721], ""<class 'abc.NT_0006_P_00000'>"": [], ""<class 'abc.NT_0004'>"": [], ""<class 'abc.NT_0004_P_00000'>"": [], ""<class 'abc.NT_0004_P_00001'>"": [], ""<class 'abc.NT_0006_P_00001'>"": [], ""<class 'abc.NT_0006_P_00002'>"": [], ""<class 'abc.NT_0006_P_00003'>"": [], '$leftovers': [98075, 13912, 31132, 79333, 67005, 60614, 89167, 61612, 72827, 95393, 7774, 4838, 80622, 19286, 388, 89247, 61119, 81985, 19388, 78051, 82137, 3298, 46052, 62641, 15125, 10693, 59273, 50230, 2725, 66359, 94734, 79927, 68945, 22935, 63942, 30886, 88313, 17000, 96538, 23762, 47069, 41591, 64582, 40855, 91942, 98035, 27160, 65777, 36640, 83286, 24245, 70012, 52716, 78622, 49933, 34674, 21545, 85515, 63596, 76834, 55706, 47571, 77999, 46871, 39758, 29268, 46755, 21424, 96377, 55045, 94655, 81266, 38729, 78370, 54466, 29207, 27070, 19950, 48714, 85283, 87118, 58445, 55295, 49791, 69639, 85835, 25451, 31208, 52354, 5252, 87857, 91470, 89621, 16918, 64589, 10774, 881, 56333, 90790, 65621, 27489, 54457, 34171, 74830, 31890, 50572, 65953, 35998, 64391, 95281, 20637, 33135, 31174, 47515, 11748, 5326, 17817, 70004, 97142, 48764, 9977, 74644, 82108, 68086, 583, 51473, 93489, 84890, 38149, 98649, 10844, 80482, 25381, 17020, 9347, 89949, 15014, 18882, 36628, 14633, 41856, 82037, 99404, 37653, 18649, 44344, 64413, 14642, 24495, 81627, 82442, 88737, 53766, 43356, 68048, 76857, 54180, 98414, 47699, 12953, 61699, 97194, 89429, 67184, 44588, 70450, 98116, 25260, 44483, 23173, 79095, 13425, 67243, 34275, 86145, 28169, 48308, 39880, 30534, 80777, 30118, 35147, 6330, 33047, 66138, 35106, 74980, 25433, 54994, 95227, 7978, 36144, 69832, 996, 86590, 74938, 93563, 39370, 8023, 18122, 28829, 32872, 79242, 70820, 98755, 81059, 10691, 50385, 39617, 19016, 1863, 56359, 38460, 67174, 91592, 22430, 17368, 97443, 878, 46355, 50098, 93139, 69976, 9080, 81250, 67133, 12450, 29860, 10515, 7229, 18784, 90514, 19054, 18495, 10502, 77269, 89119, 14108, 10620, 96989, 72023, 8856, 91521, 11678, 69216, 38189, 64461, 31020, 98319, 37543, 24755, 16609, 33556, 16612, 12763, 41905, 30677, 47421, 67343, 11855, 70264, 48856, 54312, 58986, 49212, 17225, 81724, 83758, 88507, 75316, 75104, 72850, 30442, 32626, 63929, 13975, 10352, 31178, 95848, 61832, 76994, 71041, 97101, 79981, 68823, 25960, 84031, 86511, 64668, 11598, 13801, 38277, 72117, 97914, 67271, 62497, 95121, 56480, 77291, 12295, 85165, 83568, 78821, 29000, 46548, 68710, 33837, 53867, 16757, 19744, 56490, 58506, 2704, 56409, 35185, 55884, 10413, 1967, 92366, 12720, 38904, 56674, 73494, 36995, 74568, 39592, 41098, 65909, 93224, 67867, 24312, 36412, 73676, 29939, 55884, 87263, 93716, 56026, 57244, 4070, 89635, 77378, 60358, 11337, 68615, 81852, 96708, 54183, 88797, 31269, 9360, 89105, 2535, 59726, 25955, 65244, 16768, 73543, 81718, 40902, 76314, 33436, 41909, 98773, 81808, 9719, 25421, 45418, 71987, 121, 11550, 65239, 40789, 44202, 36071, 57653, 43394, 36056, 23297, 64426, 23556, 86309, 21306, 27012, 42386, 48280, 10080, 4348, 88310, 90412, 82119, 9205, 49098, 2184, 83526, 11375, 6109, 97541, 35582, 21977, 35191, 38535, 67747, 59557, 46567, 34959, 10684, 671, 59720, 59887, 485, 14784, 36885, 67806, 20555, 39637, 90346, 34425, 6540, 18412, 78378, 59756, 27100, 45096, 77175, 81646, 59732, 18160, 89927, 40822, 95827, 99884, 32712, 63299, 13826, 85714, 22375, 34642, 93135, 95040, 87627, 56593, 10162, 1335, 24907, 11275, 57849, 31243, 19861, 99079, 15398, 23046, 39786, 73058, 18352, 90596, 73190, 18755, 43859, 95236, 53629, 45109, 83722, 79356, 47076, 62644, 97757, 13471, 27552, 93516, 12967, 49252, 1085, 54423, 9689, 79001, 15195, 48556, 32204, 40442, 35346, 62994, 33733, 67382, 49555, 60122, 40611, 12928, 92945, 10252, 45964, 84992, 1512, 78027, 75304, 45951, 56284, 25045, 39552, 38052, 75814, 1762, 99823, 76972, 67310, 62283, 41733, 23009, 32953, 78852, 84494, 34393, 32426, 77309, 29353, 87018, 31481, 22287, 73852, 13919, 95211, 57612, 5341, 78579, 87850, 58005, 44735, 76849, 63874, 54960, 17231, 90965, 88267, 87848, 83830, 59964, 7414, 27019, 63988, 28220, 60908, 57884, 71203, 30461, 65079, 25031, 40185, 78750, 46981, 80489, 92478, 38242, 60982, 98026, 5482, 58357, 82420, 69221, 47933, 41308, 46911, 93985, 74362, 98320, 32836, 21005, 85503, 60638, 52090, 16457, 81259, 97344, 71185, 51199, 32546, 37015, 82413, 74204, 2583, 41056, 12104, 19831, 19455, 13661, 3368, 6293, 24839, 2737, 57994, 65067, 22974, 80126, 70564, 55870, 22295, 54990, 188, 22708, 82010, 33866, 54839, 92881, 86023, 42822, 28002, 53771, 21295, 93768, 82639, 54827, 32269, 61670, 94699, 12629, 99213, 70585, 63371, 70163, 39410, 11420, 59374, 65058, 39544, 70840, 4105, 8975, 51408, 35270, 36395, 14905, 19463, 31253, 56593, 76004, 97054, 47585, 82196, 20301, 80867, 95726, 59810, 73784, 82432, 40019, 90101, 57866, 51891, 23969, 3726, 11832, 96918, 24802, 32825, 8453, 87570, 5910, 30479, 41802, 69112, 31765, 44030, 27039, 69845, 96240, 79148, 96989, 60634, 4975, 87175, 18069, 87499, 64971, 19045, 91141, 68569, 25404, 90932, 46267, 80532, 11728, 30381, 95769, 35013, 37457, 20905, 4517, 64695, 13129, 12749, 1818, 91327, 22606, 19672, 15427, 62325, 50224, 99886, 66678, 42678, 80750, 65241, 41447, 46222, 13943, 83906, 70729, 74336, 1726, 19116, 73335, 1723, 30675, 46925, 77182, 90826, 98994, 22759, 21028, 49319, 1714, 87944, 81788, 90533, 20925, 5438, 83502, 28657, 14540, 23899, 96217, 11472, 35876, 19131, 39399, 97335, 3323, 90272, 44040, 28073, 51304, 70624, 96620, 99178, 94411, 72001, 44800, 67313, 1790, 71579, 14737, 35858, 63905, 73477, 76009, 77549, 61502, 30404, 8360, 93569, 30438, 84984, 31813, 68448, 84388, 37695, 64509, 98530, 43872, 62143, 4409, 83775, 80273, 10350, 79665, 85682, 80513, 76395, 85135, 50, 99899, 64234, 25173, 9758, 89555, 73388, 69865, 87015, 65369, 28325, 55774, 56559, 91589, 18612, 75085, 48985, 12260, 55581, 52643, 30771, 53084, 74710, 37760, 93030, 63446, 4708, 3610, 20987, 34387, 7254, 40775, 63375, 36086, 68944, 85154, 97339, 582, 63463, 72341, 59954, 14020, 18086, 85698, 60806, 53178, 44623, 7009, 78538, 59250, 52896, 36953, 81979, 11585, 78783, 59912, 80451, 7908, 86148, 57967, 38859, 32429, 50491, 49646, 51605, 17936, 9071, 76700, 97994, 80026, 95215, 37158, 66905, 74561, 9845, 48648, 56873, 90265, 4935, 53997, 55323, 81384, 61656, 17380, 86036, 83384, 38040, 32058, 35626, 5574, 89012, 74225, 14736, 3774, 30442, 1927, 31150, 4053, 97867, 94199, 77143, 35135, 68688, 91088, 41794, 37834, 55373, 23899, 23589, 27140, 19312, 29137, 48645, 45195, 9285, 51686, 77237, 32412, 71166, 74992, 16605, 54805, 87250, 57981, 8304, 86470, 42219, 37094, 83712, 48617, 71511, 70996, 5774, 34672, 89123, 38732, 32888, 85024, 66420, 24542, 39098, 4196, 32319, 30825, 19263, 35160, 97555, 78084, 3194, 62916, 10273, 37083, 54678, 34983, 24651, 19257, 19778, 40516, 89108, 35376, 88159, 34998, 51537, 67219, 39507, 56501, 74134, 23427, 90725, 60968, 89598, 17756, 12022, 79034, 57395, 78328, 83923, 5036, 82093, 58847, 34848, 7116, 77228, 35847, 67190, 89480, 57388, 24410, 47344, 67755, 65286, 70702, 9600, 68405, 97096, 88913, 31775, 64853, 7904, 41722, 97019, 43009, 49804, 98402, 34919, 2086, 72111, 69335, 61222, 4373, 34529, 84114, 81394, 76868, 72461, 53358, 27691, 28296, 13480, 56011, 43552, 30699]})"
592.0,7,74,90,50.58202052116394,10387,"Genotype(dna={""<class 'abc.NT_0008'>"": [0, 56999], ""<class 'abc.NT_0008_P_00000'>"": [], ""<class 'abc.NT_0001'>"": [], ""<class 'abc.NT_0001_P_00000'>"": [], ""<class 'int'>"": [97653, 20406, 47695, 45437, 36791, 12753, 45651, 80211, 20876, 43747, 86904, 59270, 24543, 19312, 57981, 41571, 50140, 23587, 78328, 34848, 6322, 72111, 84114, 27691, 68898], ""<class 'bool'>"": [90671, 9706, 68793, 69465, 50630, 94229, 53268, 83378, 51198, 52517, 80864, 56983, 84611, 9863, 26653, 46759, 75883, 17618, 64460, 24766, 24616, 24139, 88100, 59674, 68925, 58603, 88542, 86971, 27699, 19771, 36300, 72448, 62475, 57494, 82844, 35160, 69828, 34983, 49026, 89108, 57812, 24784, 39507, 8947, 23427, 17756, 12022, 93336, 47344, 70702, 45692, 42395, 77481, 97019, 34645, 13480, 56011, 23961, 61622, 64153, 24398, 97162, 70647, 61083, 68916, 26200, 41381, 30572, 68510, 53169, 28736, 68692, 44411, 95498, 8365, 25426, 53841, 4898, 99229, 20080, 88444], ""<class 'abc.NT_0000'>"": [0, 0, 23967, 0, 0, 0, 0, 1, 0, 0, 0, 1, 0, 0, 1, 0, 74871, 0, 1, 58617, 0, 1, 0, 1, 0, 46858, 39822, 0, 0, 7126, 92594, 0, 0, 17808, 9925, 0, 0, 0, 0, 1, 8521, 0, 0, 0, 77798, 0, 17297, 73131, 46429, 0, 1, 0, 0, 0, 61708, 29137, 48645, 45195, 9285, 51686, 18313, 71166, 74992, 79081, 8304, 86470, 42219, 37094, 83712, 71511, 34672, 60829, 38732, 32888, 85024, 24542, 32319, 84869, 19263, 78084, 7411, 37083, 54678, 19257, 40516, 88159, 22368, 56501, 3274, 75249, 79034, 58805, 5036, 82093, 1824, 77228, 35847, 57388, 67755, 34694, 68405, 97096, 73987, 41722, 49804, 34919, 69335, 61222, 4373, 55374, 93672, 72461, 59235, 43552, 30699], ""<class 'abc.NT_0000_P_00000'>"": [], ""<class 'abc.NT_0000_P_00001'>"": [], ""<class 'abc.NT_0008_P_00001'>"": [], ""<class 'abc.NT_0007'>"": [0, 30442], ""<class 'abc.NT_0007_P_00000'>"": [], ""<class 'abc.NT_0002'>"": [0, 2009, 1, 0, 0, 0, 0, 43348, 0, 0, 1, 0, 59947, 0, 1, 51023, 72856, 35135, 68688, 91088, 41794, 37834, 46209, 27140, 32412, 16605, 71302, 48617, 70996, 66420, 39098, 3194, 19778, 34998, 60968, 57395, 58847, 67190, 7904, 98402, 2086, 34529, 19386], ""<class 'abc.NT_0002_P_00000'>"": [], ""<class 'abc.NT_0002_P_00001'>"": [], ""<class 'abc.NT_0003'>"": [2, 1, 42987], ""<class 'abc.NT_0003_P_00000'>"": [], ""<class 'abc.NT_0003_P_00001'>"": [], ""<class 'abc.NT_0003_P_00002'>"": [], ""<class 'abc.NT_0006'>"": [1, 61721], ""<class 'abc.NT_0006_P_00000'>"": [], ""<class 'abc.NT_0004'>"": [], ""<class 'abc.NT_0004_P_00000'>"": [], ""<class 'abc.NT_0004_P_00001'>"": [], ""<class 'abc.NT_0006_P_00001'>"": [], ""<class 'abc.NT_0006_P_00002'>"": [], ""<class 'abc.NT_0006_P_00003'>"": [], '$leftovers': [98075, 13912, 31132, 79333, 67005, 60614, 89167, 61612, 72827, 95393, 7774, 4838, 80622, 19286, 388, 89247, 61119, 81985, 19388, 78051, 82137, 3298, 46052, 62641, 15125, 10693, 59273, 50230, 2725, 66359, 94734, 79927, 68945, 22935, 63942, 30886, 88313, 17000, 96538, 23762, 47069, 41591, 64582, 40855, 91942, 98035, 27160, 65777, 36640, 83286, 24245, 70012, 52716, 78622, 49933, 34674, 21545, 85515, 63596, 76834, 55706, 47571, 77999, 46871, 39758, 29268, 46755, 21424, 96377, 55045, 94655, 81266, 38729, 78370, 54466, 29207, 27070, 19950, 48714, 85283, 87118, 58445, 55295, 49791, 69639, 85835, 25451, 31208, 52354, 5252, 87857, 91470, 89621, 16918, 64589, 10774, 881, 56333, 90790, 65621, 27489, 54457, 34171, 74830, 31890, 50572, 65953, 35998, 64391, 95281, 20637, 33135, 31174, 47515, 11748, 5326, 17817, 70004, 97142, 48764, 9977, 74644, 82108, 68086, 583, 51473, 93489, 84890, 38149, 98649, 10844, 80482, 25381, 17020, 9347, 89949, 15014, 18882, 36628, 14633, 41856, 82037, 99404, 37653, 18649, 44344, 64413, 14642, 24495, 81627, 82442, 88737, 53766, 43356, 68048, 76857, 54180, 98414, 47699, 12953, 61699, 97194, 89429, 67184, 44588, 70450, 98116, 25260, 44483, 23173, 79095, 13425, 67243, 34275, 86145, 28169, 48308, 39880, 30534, 80777, 30118, 35147, 6330, 33047, 66138, 35106, 74980, 25433, 54994, 95227, 7978, 36144, 69832, 996, 86590, 74938, 93563, 39370, 8023, 18122, 28829, 32872, 79242, 70820, 98755, 81059, 10691, 50385, 39617, 19016, 1863, 56359, 38460, 67174, 91592, 22430, 17368, 97443, 878, 46355, 50098, 93139, 69976, 9080, 81250, 67133, 12450, 29860, 10515, 7229, 18784, 90514, 19054, 18495, 10502, 77269, 89119, 14108, 10620, 96989, 72023, 8856, 91521, 11678, 69216, 38189, 64461, 31020, 98319, 37543, 24755, 16609, 33556, 16612, 12763, 41905, 30677, 47421, 67343, 11855, 70264, 48856, 54312, 58986, 49212, 17225, 81724, 83758, 88507, 75316, 75104, 72850, 30442, 32626, 63929, 13975, 10352, 31178, 95848, 61832, 76994, 71041, 97101, 79981, 68823, 25960, 84031, 86511, 64668, 11598, 13801, 38277, 72117, 97914, 67271, 62497, 95121, 56480, 77291, 12295, 85165, 83568, 78821, 29000, 46548, 68710, 33837, 53867, 16757, 19744, 56490, 58506, 2704, 56409, 35185, 55884, 10413, 1967, 92366, 12720, 38904, 56674, 73494, 36995, 74568, 39592, 41098, 65909, 93224, 67867, 24312, 36412, 73676, 29939, 55884, 87263, 93716, 56026, 57244, 4070, 89635, 77378, 60358, 11337, 68615, 81852, 96708, 54183, 88797, 31269, 9360, 89105, 2535, 59726, 25955, 65244, 16768, 73543, 81718, 40902, 76314, 33436, 41909, 98773, 81808, 9719, 25421, 45418, 71987, 121, 11550, 65239, 40789, 44202, 36071, 57653, 43394, 36056, 23297, 64426, 23556, 86309, 21306, 27012, 42386, 48280, 10080, 4348, 88310, 90412, 82119, 9205, 49098, 2184, 83526, 11375, 6109, 97541, 35582, 21977, 35191, 38535, 67747, 59557, 46567, 34959, 10684, 671, 59720, 59887, 485, 14784, 36885, 67806, 20555, 39637, 90346, 34425, 6540, 18412, 78378, 59756, 27100, 45096, 77175, 81646, 59732, 18160, 89927, 40822, 95827, 99884, 32712, 63299, 13826, 85714, 22375, 34642, 93135, 95040, 87627, 56593, 10162, 1335, 24907, 11275, 57849, 31243, 19861, 99079, 15398, 23046, 39786, 73058, 18352, 90596, 73190, 18755, 43859, 95236, 53629, 45109, 83722, 79356, 47076, 62644, 97757, 13471, 27552, 93516, 12967, 49252, 1085, 54423, 9689, 79001, 15195, 48556, 32204, 40442, 35346, 62994, 33733, 67382, 49555, 60122, 40611, 12928, 92945, 10252, 45964, 84992, 1512, 78027, 75304, 45951, 56284, 25045, 39552, 38052, 75814, 1762, 99823, 76972, 67310, 62283, 41733, 23009, 32953, 78852, 84494, 34393, 32426, 77309, 29353, 87018, 31481, 22287, 73852, 13919, 95211, 57612, 5341, 78579, 87850, 58005, 44735, 76849, 63874, 54960, 17231, 90965, 88267, 87848, 83830, 59964, 7414, 27019, 63988, 28220, 60908, 57884, 71203, 30461, 65079, 25031, 40185, 78750, 46981, 80489, 92478, 38242, 60982, 98026, 5482, 58357, 82420, 69221, 47933, 41308, 46911, 93985, 74362, 98320, 32836, 21005, 85503, 60638, 52090, 16457, 81259, 97344, 71185, 51199, 32546, 37015, 82413, 74204, 2583, 41056, 12104, 19831, 19455, 13661, 3368, 6293, 24839, 2737, 57994, 65067, 22974, 80126, 70564, 55870, 22295, 54990, 188, 22708, 82010, 33866, 54839, 92881, 86023, 42822, 28002, 53771, 21295, 93768, 82639, 54827, 32269, 61670, 94699, 12629, 99213, 70585, 63371, 70163, 39410, 11420, 59374, 65058, 39544, 70840, 4105, 8975, 51408, 35270, 36395, 14905, 19463, 31253, 56593, 76004, 97054, 47585, 82196, 20301, 80867, 95726, 59810, 73784, 82432, 40019, 90101, 57866, 51891, 23969, 3726, 11832, 96918, 24802, 32825, 8453, 87570, 5910, 30479, 41802, 69112, 31765, 44030, 27039, 69845, 96240, 79148, 96989, 60634, 4975, 87175, 18069, 87499, 64971, 19045, 91141, 68569, 25404, 90932, 46267, 80532, 11728, 30381, 95769, 35013, 37457, 20905, 4517, 64695, 13129, 12749, 1818, 91327, 22606, 19672, 15427, 62325, 50224, 99886, 66678, 42678, 80750, 65241, 41447, 46222, 13943, 83906, 70729, 74336, 1726, 19116, 73335, 1723, 30675, 46925, 77182, 90826, 98994, 22759, 21028, 49319, 1714, 87944, 81788, 90533, 20925, 5438, 83502, 28657, 14540, 23899, 96217, 11472, 35876, 19131, 39399, 97335, 3323, 90272, 44040, 28073, 51304, 70624, 96620, 99178, 94411, 72001, 44800, 67313, 1790, 71579, 14737, 35858, 63905, 73477, 76009, 77549, 61502, 30404, 8360, 93569, 30438, 84984, 31813, 68448, 84388, 37695, 64509, 98530, 43872, 62143, 4409, 83775, 80273, 10350, 79665, 85682, 80513, 76395, 85135, 50, 99899, 64234, 25173, 9758, 89555, 73388, 69865, 87015, 65369, 28325, 55774, 56559, 91589, 18612, 75085, 48985, 12260, 55581, 52643, 30771, 53084, 74710, 37760, 93030, 63446, 4708, 3610, 20987, 34387, 7254, 40775, 63375, 36086, 68944, 85154, 97339, 582, 63463, 72341, 59954, 14020, 18086, 85698, 60806, 53178, 44623, 7009, 78538, 59250, 52896, 36953, 81979, 11585, 78783, 59912, 80451, 7908, 86148, 57967, 38859, 32429, 50491, 49646, 51605, 17936, 9071, 76700, 97994, 80026, 95215, 37158, 66905, 74561, 9845, 48648, 56873, 90265, 4935, 53997, 55323, 81384, 61656, 17380, 86036, 83384, 38040, 32058, 35626, 5574, 89012, 74225, 14736, 3774, 30442, 1927, 31150, 4053, 97867, 94199, 77143, 35135, 68688, 91088, 41794, 37834, 55373, 23899, 23589, 27140, 19312, 29137, 48645, 45195, 9285, 51686, 77237, 32412, 71166, 74992, 16605, 54805, 87250, 57981, 8304, 86470, 42219, 37094, 83712, 48617, 71511, 70996, 5774, 34672, 89123, 38732, 32888, 85024, 66420, 24542, 39098, 4196, 32319, 30825, 19263, 35160, 97555, 78084, 3194, 62916, 10273, 37083, 54678, 34983, 24651, 19257, 19778, 40516, 89108, 35376, 88159, 34998, 51537, 67219, 39507, 56501, 74134, 23427, 90725, 60968, 89598, 17756, 12022, 79034, 57395, 78328, 83923, 5036, 82093, 58847, 34848, 7116, 77228, 35847, 67190, 89480, 57388, 24410, 47344, 67755, 65286, 70702, 9600, 68405, 97096, 88913, 31775, 64853, 7904, 41722, 97019, 43009, 49804, 98402, 34919, 2086, 72111, 69335, 61222, 4373, 34529, 84114, 81394, 76868, 72461, 53358, 27691, 28296, 13480, 56011, 43552, 30699]})"
592.0,7,74,91,50.94706320762634,10387,"Genotype(dna={""<class 'abc.NT_0008'>"": [0, 56999], ""<class 'abc.NT_0008_P_00000'>"": [], ""<class 'abc.NT_0001'>"": [], ""<class 'abc.NT_0001_P_00000'>"": [], ""<class 'int'>"": [97653, 20406, 47695, 45437, 36791, 12753, 45651, 80211, 20876, 43747, 86904, 59270, 24543, 19312, 57981, 41571, 50140, 23587, 78328, 34848, 6322, 72111, 84114, 27691, 68898], ""<class 'bool'>"": [90671, 9706, 68793, 69465, 50630, 94229, 53268, 83378, 51198, 52517, 80864, 56983, 84611, 9863, 26653, 46759, 75883, 17618, 64460, 24766, 24616, 24139, 88100, 59674, 68925, 58603, 88542, 86971, 27699, 19771, 36300, 72448, 62475, 57494, 82844, 35160, 69828, 34983, 49026, 89108, 57812, 24784, 39507, 8947, 23427, 17756, 12022, 93336, 47344, 70702, 45692, 42395, 77481, 97019, 34645, 13480, 56011, 23961, 61622, 64153, 24398, 97162, 70647, 61083, 68916, 26200, 41381, 30572, 68510, 53169, 28736, 68692, 44411, 95498, 8365, 25426, 53841, 4898, 99229, 20080, 88444], ""<class 'abc.NT_0000'>"": [0, 0, 23967, 0, 0, 0, 0, 1, 0, 0, 0, 1, 0, 0, 1, 0, 74871, 0, 1, 58617, 0, 1, 0, 1, 0, 46858, 39822, 0, 0, 7126, 92594, 0, 0, 17808, 9925, 0, 0, 0, 0, 1, 8521, 0, 0, 0, 77798, 0, 17297, 73131, 46429, 0, 1, 0, 0, 0, 61708, 29137, 48645, 45195, 9285, 51686, 18313, 71166, 74992, 79081, 8304, 86470, 42219, 37094, 83712, 71511, 34672, 60829, 38732, 32888, 85024, 24542, 32319, 84869, 19263, 78084, 7411, 37083, 54678, 19257, 40516, 88159, 22368, 56501, 3274, 75249, 79034, 58805, 5036, 82093, 1824, 77228, 35847, 57388, 67755, 34694, 68405, 97096, 73987, 41722, 49804, 34919, 69335, 61222, 4373, 55374, 93672, 72461, 59235, 43552, 30699], ""<class 'abc.NT_0000_P_00000'>"": [], ""<class 'abc.NT_0000_P_00001'>"": [], ""<class 'abc.NT_0008_P_00001'>"": [], ""<class 'abc.NT_0007'>"": [0, 30442], ""<class 'abc.NT_0007_P_00000'>"": [], ""<class 'abc.NT_0002'>"": [0, 2009, 1, 0, 0, 0, 0, 43348, 0, 0, 1, 0, 59947, 0, 1, 51023, 72856, 35135, 68688, 91088, 41794, 37834, 46209, 27140, 32412, 16605, 71302, 48617, 70996, 66420, 39098, 3194, 19778, 34998, 60968, 57395, 58847, 67190, 7904, 98402, 2086, 34529, 19386], ""<class 'abc.NT_0002_P_00000'>"": [], ""<class 'abc.NT_0002_P_00001'>"": [], ""<class 'abc.NT_0003'>"": [2, 1, 42987], ""<class 'abc.NT_0003_P_00000'>"": [], ""<class 'abc.NT_0003_P_00001'>"": [], ""<class 'abc.NT_0003_P_00002'>"": [], ""<class 'abc.NT_0006'>"": [1, 61721], ""<class 'abc.NT_0006_P_00000'>"": [], ""<class 'abc.NT_0004'>"": [], ""<class 'abc.NT_0004_P_00000'>"": [], ""<class 'abc.NT_0004_P_00001'>"": [], ""<class 'abc.NT_0006_P_00001'>"": [], ""<class 'abc.NT_0006_P_00002'>"": [], ""<class 'abc.NT_0006_P_00003'>"": [], '$leftovers': [98075, 13912, 31132, 79333, 67005, 60614, 89167, 61612, 72827, 95393, 7774, 4838, 80622, 19286, 388, 89247, 61119, 81985, 19388, 78051, 82137, 3298, 46052, 62641, 15125, 10693, 59273, 50230, 2725, 66359, 94734, 79927, 68945, 22935, 63942, 30886, 88313, 17000, 96538, 23762, 47069, 41591, 64582, 40855, 91942, 98035, 27160, 65777, 36640, 83286, 24245, 70012, 52716, 78622, 49933, 34674, 21545, 85515, 63596, 76834, 55706, 47571, 77999, 46871, 39758, 29268, 46755, 21424, 96377, 55045, 94655, 81266, 38729, 78370, 54466, 29207, 27070, 19950, 48714, 85283, 87118, 58445, 55295, 49791, 69639, 85835, 25451, 31208, 52354, 5252, 87857, 91470, 89621, 16918, 64589, 10774, 881, 56333, 90790, 65621, 27489, 54457, 34171, 74830, 31890, 50572, 65953, 35998, 64391, 95281, 20637, 33135, 31174, 47515, 11748, 5326, 17817, 70004, 97142, 48764, 9977, 74644, 82108, 68086, 583, 51473, 93489, 84890, 38149, 98649, 10844, 80482, 25381, 17020, 9347, 89949, 15014, 18882, 36628, 14633, 41856, 82037, 99404, 37653, 18649, 44344, 64413, 14642, 24495, 81627, 82442, 88737, 53766, 43356, 68048, 76857, 54180, 98414, 47699, 12953, 61699, 97194, 89429, 67184, 44588, 70450, 98116, 25260, 44483, 23173, 79095, 13425, 67243, 34275, 86145, 28169, 48308, 39880, 30534, 80777, 30118, 35147, 6330, 33047, 66138, 35106, 74980, 25433, 54994, 95227, 7978, 36144, 69832, 996, 86590, 74938, 93563, 39370, 8023, 18122, 28829, 32872, 79242, 70820, 98755, 81059, 10691, 50385, 39617, 19016, 1863, 56359, 38460, 67174, 91592, 22430, 17368, 97443, 878, 46355, 50098, 93139, 69976, 9080, 81250, 67133, 12450, 29860, 10515, 7229, 18784, 90514, 19054, 18495, 10502, 77269, 89119, 14108, 10620, 96989, 72023, 8856, 91521, 11678, 69216, 38189, 64461, 31020, 98319, 37543, 24755, 16609, 33556, 16612, 12763, 41905, 30677, 47421, 67343, 11855, 70264, 48856, 54312, 58986, 49212, 17225, 81724, 83758, 88507, 75316, 75104, 72850, 30442, 32626, 63929, 13975, 10352, 31178, 95848, 61832, 76994, 71041, 97101, 79981, 68823, 25960, 84031, 86511, 64668, 11598, 13801, 38277, 72117, 97914, 67271, 62497, 95121, 56480, 77291, 12295, 85165, 83568, 78821, 29000, 46548, 68710, 33837, 53867, 16757, 19744, 56490, 58506, 2704, 56409, 35185, 55884, 10413, 1967, 92366, 12720, 38904, 56674, 73494, 36995, 74568, 39592, 41098, 65909, 93224, 67867, 24312, 36412, 73676, 29939, 55884, 87263, 93716, 56026, 57244, 4070, 89635, 77378, 60358, 11337, 68615, 81852, 96708, 54183, 88797, 31269, 9360, 89105, 2535, 59726, 25955, 65244, 16768, 73543, 81718, 40902, 76314, 33436, 41909, 98773, 81808, 9719, 25421, 45418, 71987, 121, 11550, 65239, 40789, 44202, 36071, 57653, 43394, 36056, 23297, 64426, 23556, 86309, 21306, 27012, 42386, 48280, 10080, 4348, 88310, 90412, 82119, 9205, 49098, 2184, 83526, 11375, 6109, 97541, 35582, 21977, 35191, 38535, 67747, 59557, 46567, 34959, 10684, 671, 59720, 59887, 485, 14784, 36885, 67806, 20555, 39637, 90346, 34425, 6540, 18412, 78378, 59756, 27100, 45096, 77175, 81646, 59732, 18160, 89927, 40822, 95827, 99884, 32712, 63299, 13826, 85714, 22375, 34642, 93135, 95040, 87627, 56593, 10162, 1335, 24907, 11275, 57849, 31243, 19861, 99079, 15398, 23046, 39786, 73058, 18352, 90596, 73190, 18755, 43859, 95236, 53629, 45109, 83722, 79356, 47076, 62644, 97757, 13471, 27552, 93516, 12967, 49252, 1085, 54423, 9689, 79001, 15195, 48556, 32204, 40442, 35346, 62994, 33733, 67382, 49555, 60122, 40611, 12928, 92945, 10252, 45964, 84992, 1512, 78027, 75304, 45951, 56284, 25045, 39552, 38052, 75814, 1762, 99823, 76972, 67310, 62283, 41733, 23009, 32953, 78852, 84494, 34393, 32426, 77309, 29353, 87018, 31481, 22287, 73852, 13919, 95211, 57612, 5341, 78579, 87850, 58005, 44735, 76849, 63874, 54960, 17231, 90965, 88267, 87848, 83830, 59964, 7414, 27019, 63988, 28220, 60908, 57884, 71203, 30461, 65079, 25031, 40185, 78750, 46981, 80489, 92478, 38242, 60982, 98026, 5482, 58357, 82420, 69221, 47933, 41308, 46911, 93985, 74362, 98320, 32836, 21005, 85503, 60638, 52090, 16457, 81259, 97344, 71185, 51199, 32546, 37015, 82413, 74204, 2583, 41056, 12104, 19831, 19455, 13661, 3368, 6293, 24839, 2737, 57994, 65067, 22974, 80126, 70564, 55870, 22295, 54990, 188, 22708, 82010, 33866, 54839, 92881, 86023, 42822, 28002, 53771, 21295, 93768, 82639, 54827, 32269, 61670, 94699, 12629, 99213, 70585, 63371, 70163, 39410, 11420, 59374, 65058, 39544, 70840, 4105, 8975, 51408, 35270, 36395, 14905, 19463, 31253, 56593, 76004, 97054, 47585, 82196, 20301, 80867, 95726, 59810, 73784, 82432, 40019, 90101, 57866, 51891, 23969, 3726, 11832, 96918, 24802, 32825, 8453, 87570, 5910, 30479, 41802, 69112, 31765, 44030, 27039, 69845, 96240, 79148, 96989, 60634, 4975, 87175, 18069, 87499, 64971, 19045, 91141, 68569, 25404, 90932, 46267, 80532, 11728, 30381, 95769, 35013, 37457, 20905, 4517, 64695, 13129, 12749, 1818, 91327, 22606, 19672, 15427, 62325, 50224, 99886, 66678, 42678, 80750, 65241, 41447, 46222, 13943, 83906, 70729, 74336, 1726, 19116, 73335, 1723, 30675, 46925, 77182, 90826, 98994, 22759, 21028, 49319, 1714, 87944, 81788, 90533, 20925, 5438, 83502, 28657, 14540, 23899, 96217, 11472, 35876, 19131, 39399, 97335, 3323, 90272, 44040, 28073, 51304, 70624, 96620, 99178, 94411, 72001, 44800, 67313, 1790, 71579, 14737, 35858, 63905, 73477, 76009, 77549, 61502, 30404, 8360, 93569, 30438, 84984, 31813, 68448, 84388, 37695, 64509, 98530, 43872, 62143, 4409, 83775, 80273, 10350, 79665, 85682, 80513, 76395, 85135, 50, 99899, 64234, 25173, 9758, 89555, 73388, 69865, 87015, 65369, 28325, 55774, 56559, 91589, 18612, 75085, 48985, 12260, 55581, 52643, 30771, 53084, 74710, 37760, 93030, 63446, 4708, 3610, 20987, 34387, 7254, 40775, 63375, 36086, 68944, 85154, 97339, 582, 63463, 72341, 59954, 14020, 18086, 85698, 60806, 53178, 44623, 7009, 78538, 59250, 52896, 36953, 81979, 11585, 78783, 59912, 80451, 7908, 86148, 57967, 38859, 32429, 50491, 49646, 51605, 17936, 9071, 76700, 97994, 80026, 95215, 37158, 66905, 74561, 9845, 48648, 56873, 90265, 4935, 53997, 55323, 81384, 61656, 17380, 86036, 83384, 38040, 32058, 35626, 5574, 89012, 74225, 14736, 3774, 30442, 1927, 31150, 4053, 97867, 94199, 77143, 35135, 68688, 91088, 41794, 37834, 55373, 23899, 23589, 27140, 19312, 29137, 48645, 45195, 9285, 51686, 77237, 32412, 71166, 74992, 16605, 54805, 87250, 57981, 8304, 86470, 42219, 37094, 83712, 48617, 71511, 70996, 5774, 34672, 89123, 38732, 32888, 85024, 66420, 24542, 39098, 4196, 32319, 30825, 19263, 35160, 97555, 78084, 3194, 62916, 10273, 37083, 54678, 34983, 24651, 19257, 19778, 40516, 89108, 35376, 88159, 34998, 51537, 67219, 39507, 56501, 74134, 23427, 90725, 60968, 89598, 17756, 12022, 79034, 57395, 78328, 83923, 5036, 82093, 58847, 34848, 7116, 77228, 35847, 67190, 89480, 57388, 24410, 47344, 67755, 65286, 70702, 9600, 68405, 97096, 88913, 31775, 64853, 7904, 41722, 97019, 43009, 49804, 98402, 34919, 2086, 72111, 69335, 61222, 4373, 34529, 84114, 81394, 76868, 72461, 53358, 27691, 28296, 13480, 56011, 43552, 30699]})"
592.0,7,74,92,51.27284121513367,10387,"Genotype(dna={""<class 'abc.NT_0008'>"": [0, 56999], ""<class 'abc.NT_0008_P_00000'>"": [], ""<class 'abc.NT_0001'>"": [], ""<class 'abc.NT_0001_P_00000'>"": [], ""<class 'int'>"": [97653, 20406, 47695, 45437, 36791, 12753, 45651, 80211, 20876, 43747, 86904, 59270, 24543, 19312, 57981, 41571, 50140, 23587, 78328, 34848, 6322, 72111, 84114, 27691, 68898], ""<class 'bool'>"": [90671, 9706, 68793, 69465, 50630, 94229, 53268, 83378, 51198, 52517, 80864, 56983, 84611, 9863, 26653, 46759, 75883, 17618, 64460, 24766, 24616, 24139, 88100, 59674, 68925, 58603, 88542, 86971, 27699, 19771, 36300, 72448, 62475, 57494, 82844, 35160, 69828, 34983, 49026, 89108, 57812, 24784, 39507, 8947, 23427, 17756, 12022, 93336, 47344, 70702, 45692, 42395, 77481, 97019, 34645, 13480, 56011, 23961, 61622, 64153, 24398, 97162, 70647, 61083, 68916, 26200, 41381, 30572, 68510, 53169, 28736, 68692, 44411, 95498, 8365, 25426, 53841, 4898, 99229, 20080, 88444], ""<class 'abc.NT_0000'>"": [0, 0, 23967, 0, 0, 0, 0, 1, 0, 0, 0, 1, 0, 0, 1, 0, 74871, 0, 1, 58617, 0, 1, 0, 1, 0, 46858, 39822, 0, 0, 7126, 92594, 0, 0, 17808, 9925, 0, 0, 0, 0, 1, 8521, 0, 0, 0, 77798, 0, 17297, 73131, 46429, 0, 1, 0, 0, 0, 61708, 29137, 48645, 45195, 9285, 51686, 18313, 71166, 74992, 79081, 8304, 86470, 42219, 37094, 83712, 71511, 34672, 60829, 38732, 32888, 85024, 24542, 32319, 84869, 19263, 78084, 7411, 37083, 54678, 19257, 40516, 88159, 22368, 56501, 3274, 75249, 79034, 58805, 5036, 82093, 1824, 77228, 35847, 57388, 67755, 34694, 68405, 97096, 73987, 41722, 49804, 34919, 69335, 61222, 4373, 55374, 93672, 72461, 59235, 43552, 30699], ""<class 'abc.NT_0000_P_00000'>"": [], ""<class 'abc.NT_0000_P_00001'>"": [], ""<class 'abc.NT_0008_P_00001'>"": [], ""<class 'abc.NT_0007'>"": [0, 30442], ""<class 'abc.NT_0007_P_00000'>"": [], ""<class 'abc.NT_0002'>"": [0, 2009, 1, 0, 0, 0, 0, 43348, 0, 0, 1, 0, 59947, 0, 1, 51023, 72856, 35135, 68688, 91088, 41794, 37834, 46209, 27140, 32412, 16605, 71302, 48617, 70996, 66420, 39098, 3194, 19778, 34998, 60968, 57395, 58847, 67190, 7904, 98402, 2086, 34529, 19386], ""<class 'abc.NT_0002_P_00000'>"": [], ""<class 'abc.NT_0002_P_00001'>"": [], ""<class 'abc.NT_0003'>"": [2, 1, 42987], ""<class 'abc.NT_0003_P_00000'>"": [], ""<class 'abc.NT_0003_P_00001'>"": [], ""<class 'abc.NT_0003_P_00002'>"": [], ""<class 'abc.NT_0006'>"": [1, 61721], ""<class 'abc.NT_0006_P_00000'>"": [], ""<class 'abc.NT_0004'>"": [], ""<class 'abc.NT_0004_P_00000'>"": [], ""<class 'abc.NT_0004_P_00001'>"": [], ""<class 'abc.NT_0006_P_00001'>"": [], ""<class 'abc.NT_0006_P_00002'>"": [], ""<class 'abc.NT_0006_P_00003'>"": [], '$leftovers': [98075, 13912, 31132, 79333, 67005, 60614, 89167, 61612, 72827, 95393, 7774, 4838, 80622, 19286, 388, 89247, 61119, 81985, 19388, 78051, 82137, 3298, 46052, 62641, 15125, 10693, 59273, 50230, 2725, 66359, 94734, 79927, 68945, 22935, 63942, 30886, 88313, 17000, 96538, 23762, 47069, 41591, 64582, 40855, 91942, 98035, 27160, 65777, 36640, 83286, 24245, 70012, 52716, 78622, 49933, 34674, 21545, 85515, 63596, 76834, 55706, 47571, 77999, 46871, 39758, 29268, 46755, 21424, 96377, 55045, 94655, 81266, 38729, 78370, 54466, 29207, 27070, 19950, 48714, 85283, 87118, 58445, 55295, 49791, 69639, 85835, 25451, 31208, 52354, 5252, 87857, 91470, 89621, 16918, 64589, 10774, 881, 56333, 90790, 65621, 27489, 54457, 34171, 74830, 31890, 50572, 65953, 35998, 64391, 95281, 20637, 33135, 31174, 47515, 11748, 5326, 17817, 70004, 97142, 48764, 9977, 74644, 82108, 68086, 583, 51473, 93489, 84890, 38149, 98649, 10844, 80482, 25381, 17020, 9347, 89949, 15014, 18882, 36628, 14633, 41856, 82037, 99404, 37653, 18649, 44344, 64413, 14642, 24495, 81627, 82442, 88737, 53766, 43356, 68048, 76857, 54180, 98414, 47699, 12953, 61699, 97194, 89429, 67184, 44588, 70450, 98116, 25260, 44483, 23173, 79095, 13425, 67243, 34275, 86145, 28169, 48308, 39880, 30534, 80777, 30118, 35147, 6330, 33047, 66138, 35106, 74980, 25433, 54994, 95227, 7978, 36144, 69832, 996, 86590, 74938, 93563, 39370, 8023, 18122, 28829, 32872, 79242, 70820, 98755, 81059, 10691, 50385, 39617, 19016, 1863, 56359, 38460, 67174, 91592, 22430, 17368, 97443, 878, 46355, 50098, 93139, 69976, 9080, 81250, 67133, 12450, 29860, 10515, 7229, 18784, 90514, 19054, 18495, 10502, 77269, 89119, 14108, 10620, 96989, 72023, 8856, 91521, 11678, 69216, 38189, 64461, 31020, 98319, 37543, 24755, 16609, 33556, 16612, 12763, 41905, 30677, 47421, 67343, 11855, 70264, 48856, 54312, 58986, 49212, 17225, 81724, 83758, 88507, 75316, 75104, 72850, 30442, 32626, 63929, 13975, 10352, 31178, 95848, 61832, 76994, 71041, 97101, 79981, 68823, 25960, 84031, 86511, 64668, 11598, 13801, 38277, 72117, 97914, 67271, 62497, 95121, 56480, 77291, 12295, 85165, 83568, 78821, 29000, 46548, 68710, 33837, 53867, 16757, 19744, 56490, 58506, 2704, 56409, 35185, 55884, 10413, 1967, 92366, 12720, 38904, 56674, 73494, 36995, 74568, 39592, 41098, 65909, 93224, 67867, 24312, 36412, 73676, 29939, 55884, 87263, 93716, 56026, 57244, 4070, 89635, 77378, 60358, 11337, 68615, 81852, 96708, 54183, 88797, 31269, 9360, 89105, 2535, 59726, 25955, 65244, 16768, 73543, 81718, 40902, 76314, 33436, 41909, 98773, 81808, 9719, 25421, 45418, 71987, 121, 11550, 65239, 40789, 44202, 36071, 57653, 43394, 36056, 23297, 64426, 23556, 86309, 21306, 27012, 42386, 48280, 10080, 4348, 88310, 90412, 82119, 9205, 49098, 2184, 83526, 11375, 6109, 97541, 35582, 21977, 35191, 38535, 67747, 59557, 46567, 34959, 10684, 671, 59720, 59887, 485, 14784, 36885, 67806, 20555, 39637, 90346, 34425, 6540, 18412, 78378, 59756, 27100, 45096, 77175, 81646, 59732, 18160, 89927, 40822, 95827, 99884, 32712, 63299, 13826, 85714, 22375, 34642, 93135, 95040, 87627, 56593, 10162, 1335, 24907, 11275, 57849, 31243, 19861, 99079, 15398, 23046, 39786, 73058, 18352, 90596, 73190, 18755, 43859, 95236, 53629, 45109, 83722, 79356, 47076, 62644, 97757, 13471, 27552, 93516, 12967, 49252, 1085, 54423, 9689, 79001, 15195, 48556, 32204, 40442, 35346, 62994, 33733, 67382, 49555, 60122, 40611, 12928, 92945, 10252, 45964, 84992, 1512, 78027, 75304, 45951, 56284, 25045, 39552, 38052, 75814, 1762, 99823, 76972, 67310, 62283, 41733, 23009, 32953, 78852, 84494, 34393, 32426, 77309, 29353, 87018, 31481, 22287, 73852, 13919, 95211, 57612, 5341, 78579, 87850, 58005, 44735, 76849, 63874, 54960, 17231, 90965, 88267, 87848, 83830, 59964, 7414, 27019, 63988, 28220, 60908, 57884, 71203, 30461, 65079, 25031, 40185, 78750, 46981, 80489, 92478, 38242, 60982, 98026, 5482, 58357, 82420, 69221, 47933, 41308, 46911, 93985, 74362, 98320, 32836, 21005, 85503, 60638, 52090, 16457, 81259, 97344, 71185, 51199, 32546, 37015, 82413, 74204, 2583, 41056, 12104, 19831, 19455, 13661, 3368, 6293, 24839, 2737, 57994, 65067, 22974, 80126, 70564, 55870, 22295, 54990, 188, 22708, 82010, 33866, 54839, 92881, 86023, 42822, 28002, 53771, 21295, 93768, 82639, 54827, 32269, 61670, 94699, 12629, 99213, 70585, 63371, 70163, 39410, 11420, 59374, 65058, 39544, 70840, 4105, 8975, 51408, 35270, 36395, 14905, 19463, 31253, 56593, 76004, 97054, 47585, 82196, 20301, 80867, 95726, 59810, 73784, 82432, 40019, 90101, 57866, 51891, 23969, 3726, 11832, 96918, 24802, 32825, 8453, 87570, 5910, 30479, 41802, 69112, 31765, 44030, 27039, 69845, 96240, 79148, 96989, 60634, 4975, 87175, 18069, 87499, 64971, 19045, 91141, 68569, 25404, 90932, 46267, 80532, 11728, 30381, 95769, 35013, 37457, 20905, 4517, 64695, 13129, 12749, 1818, 91327, 22606, 19672, 15427, 62325, 50224, 99886, 66678, 42678, 80750, 65241, 41447, 46222, 13943, 83906, 70729, 74336, 1726, 19116, 73335, 1723, 30675, 46925, 77182, 90826, 98994, 22759, 21028, 49319, 1714, 87944, 81788, 90533, 20925, 5438, 83502, 28657, 14540, 23899, 96217, 11472, 35876, 19131, 39399, 97335, 3323, 90272, 44040, 28073, 51304, 70624, 96620, 99178, 94411, 72001, 44800, 67313, 1790, 71579, 14737, 35858, 63905, 73477, 76009, 77549, 61502, 30404, 8360, 93569, 30438, 84984, 31813, 68448, 84388, 37695, 64509, 98530, 43872, 62143, 4409, 83775, 80273, 10350, 79665, 85682, 80513, 76395, 85135, 50, 99899, 64234, 25173, 9758, 89555, 73388, 69865, 87015, 65369, 28325, 55774, 56559, 91589, 18612, 75085, 48985, 12260, 55581, 52643, 30771, 53084, 74710, 37760, 93030, 63446, 4708, 3610, 20987, 34387, 7254, 40775, 63375, 36086, 68944, 85154, 97339, 582, 63463, 72341, 59954, 14020, 18086, 85698, 60806, 53178, 44623, 7009, 78538, 59250, 52896, 36953, 81979, 11585, 78783, 59912, 80451, 7908, 86148, 57967, 38859, 32429, 50491, 49646, 51605, 17936, 9071, 76700, 97994, 80026, 95215, 37158, 66905, 74561, 9845, 48648, 56873, 90265, 4935, 53997, 55323, 81384, 61656, 17380, 86036, 83384, 38040, 32058, 35626, 5574, 89012, 74225, 14736, 3774, 30442, 1927, 31150, 4053, 97867, 94199, 77143, 35135, 68688, 91088, 41794, 37834, 55373, 23899, 23589, 27140, 19312, 29137, 48645, 45195, 9285, 51686, 77237, 32412, 71166, 74992, 16605, 54805, 87250, 57981, 8304, 86470, 42219, 37094, 83712, 48617, 71511, 70996, 5774, 34672, 89123, 38732, 32888, 85024, 66420, 24542, 39098, 4196, 32319, 30825, 19263, 35160, 97555, 78084, 3194, 62916, 10273, 37083, 54678, 34983, 24651, 19257, 19778, 40516, 89108, 35376, 88159, 34998, 51537, 67219, 39507, 56501, 74134, 23427, 90725, 60968, 89598, 17756, 12022, 79034, 57395, 78328, 83923, 5036, 82093, 58847, 34848, 7116, 77228, 35847, 67190, 89480, 57388, 24410, 47344, 67755, 65286, 70702, 9600, 68405, 97096, 88913, 31775, 64853, 7904, 41722, 97019, 43009, 49804, 98402, 34919, 2086, 72111, 69335, 61222, 4373, 34529, 84114, 81394, 76868, 72461, 53358, 27691, 28296, 13480, 56011, 43552, 30699]})"
592.0,7,74,93,51.58786869049072,10387,"Genotype(dna={""<class 'abc.NT_0008'>"": [0, 56999], ""<class 'abc.NT_0008_P_00000'>"": [], ""<class 'abc.NT_0001'>"": [], ""<class 'abc.NT_0001_P_00000'>"": [], ""<class 'int'>"": [97653, 20406, 47695, 45437, 36791, 12753, 45651, 80211, 20876, 43747, 86904, 59270, 24543, 19312, 57981, 41571, 50140, 23587, 78328, 34848, 6322, 72111, 84114, 27691, 68898], ""<class 'bool'>"": [90671, 9706, 68793, 69465, 50630, 94229, 53268, 83378, 51198, 52517, 80864, 56983, 84611, 9863, 26653, 46759, 75883, 17618, 64460, 24766, 24616, 24139, 88100, 59674, 68925, 58603, 88542, 86971, 27699, 19771, 36300, 72448, 62475, 57494, 82844, 35160, 69828, 34983, 49026, 89108, 57812, 24784, 39507, 8947, 23427, 17756, 12022, 93336, 47344, 70702, 45692, 42395, 77481, 97019, 34645, 13480, 56011, 23961, 61622, 64153, 24398, 97162, 70647, 61083, 68916, 26200, 41381, 30572, 68510, 53169, 28736, 68692, 44411, 95498, 8365, 25426, 53841, 4898, 99229, 20080, 88444], ""<class 'abc.NT_0000'>"": [0, 0, 23967, 0, 0, 0, 0, 1, 0, 0, 0, 1, 0, 0, 1, 0, 74871, 0, 1, 58617, 0, 1, 0, 1, 0, 46858, 39822, 0, 0, 7126, 92594, 0, 0, 17808, 9925, 0, 0, 0, 0, 1, 8521, 0, 0, 0, 77798, 0, 17297, 73131, 46429, 0, 1, 0, 0, 0, 61708, 29137, 48645, 45195, 9285, 51686, 18313, 71166, 74992, 79081, 8304, 86470, 42219, 37094, 83712, 71511, 34672, 60829, 38732, 32888, 85024, 24542, 32319, 84869, 19263, 78084, 7411, 37083, 54678, 19257, 40516, 88159, 22368, 56501, 3274, 75249, 79034, 58805, 5036, 82093, 1824, 77228, 35847, 57388, 67755, 34694, 68405, 97096, 73987, 41722, 49804, 34919, 69335, 61222, 4373, 55374, 93672, 72461, 59235, 43552, 30699], ""<class 'abc.NT_0000_P_00000'>"": [], ""<class 'abc.NT_0000_P_00001'>"": [], ""<class 'abc.NT_0008_P_00001'>"": [], ""<class 'abc.NT_0007'>"": [0, 30442], ""<class 'abc.NT_0007_P_00000'>"": [], ""<class 'abc.NT_0002'>"": [0, 2009, 1, 0, 0, 0, 0, 43348, 0, 0, 1, 0, 59947, 0, 1, 51023, 72856, 35135, 68688, 91088, 41794, 37834, 46209, 27140, 32412, 16605, 71302, 48617, 70996, 66420, 39098, 3194, 19778, 34998, 60968, 57395, 58847, 67190, 7904, 98402, 2086, 34529, 19386], ""<class 'abc.NT_0002_P_00000'>"": [], ""<class 'abc.NT_0002_P_00001'>"": [], ""<class 'abc.NT_0003'>"": [2, 1, 42987], ""<class 'abc.NT_0003_P_00000'>"": [], ""<class 'abc.NT_0003_P_00001'>"": [], ""<class 'abc.NT_0003_P_00002'>"": [], ""<class 'abc.NT_0006'>"": [1, 61721], ""<class 'abc.NT_0006_P_00000'>"": [], ""<class 'abc.NT_0004'>"": [], ""<class 'abc.NT_0004_P_00000'>"": [], ""<class 'abc.NT_0004_P_00001'>"": [], ""<class 'abc.NT_0006_P_00001'>"": [], ""<class 'abc.NT_0006_P_00002'>"": [], ""<class 'abc.NT_0006_P_00003'>"": [], '$leftovers': [98075, 13912, 31132, 79333, 67005, 60614, 89167, 61612, 72827, 95393, 7774, 4838, 80622, 19286, 388, 89247, 61119, 81985, 19388, 78051, 82137, 3298, 46052, 62641, 15125, 10693, 59273, 50230, 2725, 66359, 94734, 79927, 68945, 22935, 63942, 30886, 88313, 17000, 96538, 23762, 47069, 41591, 64582, 40855, 91942, 98035, 27160, 65777, 36640, 83286, 24245, 70012, 52716, 78622, 49933, 34674, 21545, 85515, 63596, 76834, 55706, 47571, 77999, 46871, 39758, 29268, 46755, 21424, 96377, 55045, 94655, 81266, 38729, 78370, 54466, 29207, 27070, 19950, 48714, 85283, 87118, 58445, 55295, 49791, 69639, 85835, 25451, 31208, 52354, 5252, 87857, 91470, 89621, 16918, 64589, 10774, 881, 56333, 90790, 65621, 27489, 54457, 34171, 74830, 31890, 50572, 65953, 35998, 64391, 95281, 20637, 33135, 31174, 47515, 11748, 5326, 17817, 70004, 97142, 48764, 9977, 74644, 82108, 68086, 583, 51473, 93489, 84890, 38149, 98649, 10844, 80482, 25381, 17020, 9347, 89949, 15014, 18882, 36628, 14633, 41856, 82037, 99404, 37653, 18649, 44344, 64413, 14642, 24495, 81627, 82442, 88737, 53766, 43356, 68048, 76857, 54180, 98414, 47699, 12953, 61699, 97194, 89429, 67184, 44588, 70450, 98116, 25260, 44483, 23173, 79095, 13425, 67243, 34275, 86145, 28169, 48308, 39880, 30534, 80777, 30118, 35147, 6330, 33047, 66138, 35106, 74980, 25433, 54994, 95227, 7978, 36144, 69832, 996, 86590, 74938, 93563, 39370, 8023, 18122, 28829, 32872, 79242, 70820, 98755, 81059, 10691, 50385, 39617, 19016, 1863, 56359, 38460, 67174, 91592, 22430, 17368, 97443, 878, 46355, 50098, 93139, 69976, 9080, 81250, 67133, 12450, 29860, 10515, 7229, 18784, 90514, 19054, 18495, 10502, 77269, 89119, 14108, 10620, 96989, 72023, 8856, 91521, 11678, 69216, 38189, 64461, 31020, 98319, 37543, 24755, 16609, 33556, 16612, 12763, 41905, 30677, 47421, 67343, 11855, 70264, 48856, 54312, 58986, 49212, 17225, 81724, 83758, 88507, 75316, 75104, 72850, 30442, 32626, 63929, 13975, 10352, 31178, 95848, 61832, 76994, 71041, 97101, 79981, 68823, 25960, 84031, 86511, 64668, 11598, 13801, 38277, 72117, 97914, 67271, 62497, 95121, 56480, 77291, 12295, 85165, 83568, 78821, 29000, 46548, 68710, 33837, 53867, 16757, 19744, 56490, 58506, 2704, 56409, 35185, 55884, 10413, 1967, 92366, 12720, 38904, 56674, 73494, 36995, 74568, 39592, 41098, 65909, 93224, 67867, 24312, 36412, 73676, 29939, 55884, 87263, 93716, 56026, 57244, 4070, 89635, 77378, 60358, 11337, 68615, 81852, 96708, 54183, 88797, 31269, 9360, 89105, 2535, 59726, 25955, 65244, 16768, 73543, 81718, 40902, 76314, 33436, 41909, 98773, 81808, 9719, 25421, 45418, 71987, 121, 11550, 65239, 40789, 44202, 36071, 57653, 43394, 36056, 23297, 64426, 23556, 86309, 21306, 27012, 42386, 48280, 10080, 4348, 88310, 90412, 82119, 9205, 49098, 2184, 83526, 11375, 6109, 97541, 35582, 21977, 35191, 38535, 67747, 59557, 46567, 34959, 10684, 671, 59720, 59887, 485, 14784, 36885, 67806, 20555, 39637, 90346, 34425, 6540, 18412, 78378, 59756, 27100, 45096, 77175, 81646, 59732, 18160, 89927, 40822, 95827, 99884, 32712, 63299, 13826, 85714, 22375, 34642, 93135, 95040, 87627, 56593, 10162, 1335, 24907, 11275, 57849, 31243, 19861, 99079, 15398, 23046, 39786, 73058, 18352, 90596, 73190, 18755, 43859, 95236, 53629, 45109, 83722, 79356, 47076, 62644, 97757, 13471, 27552, 93516, 12967, 49252, 1085, 54423, 9689, 79001, 15195, 48556, 32204, 40442, 35346, 62994, 33733, 67382, 49555, 60122, 40611, 12928, 92945, 10252, 45964, 84992, 1512, 78027, 75304, 45951, 56284, 25045, 39552, 38052, 75814, 1762, 99823, 76972, 67310, 62283, 41733, 23009, 32953, 78852, 84494, 34393, 32426, 77309, 29353, 87018, 31481, 22287, 73852, 13919, 95211, 57612, 5341, 78579, 87850, 58005, 44735, 76849, 63874, 54960, 17231, 90965, 88267, 87848, 83830, 59964, 7414, 27019, 63988, 28220, 60908, 57884, 71203, 30461, 65079, 25031, 40185, 78750, 46981, 80489, 92478, 38242, 60982, 98026, 5482, 58357, 82420, 69221, 47933, 41308, 46911, 93985, 74362, 98320, 32836, 21005, 85503, 60638, 52090, 16457, 81259, 97344, 71185, 51199, 32546, 37015, 82413, 74204, 2583, 41056, 12104, 19831, 19455, 13661, 3368, 6293, 24839, 2737, 57994, 65067, 22974, 80126, 70564, 55870, 22295, 54990, 188, 22708, 82010, 33866, 54839, 92881, 86023, 42822, 28002, 53771, 21295, 93768, 82639, 54827, 32269, 61670, 94699, 12629, 99213, 70585, 63371, 70163, 39410, 11420, 59374, 65058, 39544, 70840, 4105, 8975, 51408, 35270, 36395, 14905, 19463, 31253, 56593, 76004, 97054, 47585, 82196, 20301, 80867, 95726, 59810, 73784, 82432, 40019, 90101, 57866, 51891, 23969, 3726, 11832, 96918, 24802, 32825, 8453, 87570, 5910, 30479, 41802, 69112, 31765, 44030, 27039, 69845, 96240, 79148, 96989, 60634, 4975, 87175, 18069, 87499, 64971, 19045, 91141, 68569, 25404, 90932, 46267, 80532, 11728, 30381, 95769, 35013, 37457, 20905, 4517, 64695, 13129, 12749, 1818, 91327, 22606, 19672, 15427, 62325, 50224, 99886, 66678, 42678, 80750, 65241, 41447, 46222, 13943, 83906, 70729, 74336, 1726, 19116, 73335, 1723, 30675, 46925, 77182, 90826, 98994, 22759, 21028, 49319, 1714, 87944, 81788, 90533, 20925, 5438, 83502, 28657, 14540, 23899, 96217, 11472, 35876, 19131, 39399, 97335, 3323, 90272, 44040, 28073, 51304, 70624, 96620, 99178, 94411, 72001, 44800, 67313, 1790, 71579, 14737, 35858, 63905, 73477, 76009, 77549, 61502, 30404, 8360, 93569, 30438, 84984, 31813, 68448, 84388, 37695, 64509, 98530, 43872, 62143, 4409, 83775, 80273, 10350, 79665, 85682, 80513, 76395, 85135, 50, 99899, 64234, 25173, 9758, 89555, 73388, 69865, 87015, 65369, 28325, 55774, 56559, 91589, 18612, 75085, 48985, 12260, 55581, 52643, 30771, 53084, 74710, 37760, 93030, 63446, 4708, 3610, 20987, 34387, 7254, 40775, 63375, 36086, 68944, 85154, 97339, 582, 63463, 72341, 59954, 14020, 18086, 85698, 60806, 53178, 44623, 7009, 78538, 59250, 52896, 36953, 81979, 11585, 78783, 59912, 80451, 7908, 86148, 57967, 38859, 32429, 50491, 49646, 51605, 17936, 9071, 76700, 97994, 80026, 95215, 37158, 66905, 74561, 9845, 48648, 56873, 90265, 4935, 53997, 55323, 81384, 61656, 17380, 86036, 83384, 38040, 32058, 35626, 5574, 89012, 74225, 14736, 3774, 30442, 1927, 31150, 4053, 97867, 94199, 77143, 35135, 68688, 91088, 41794, 37834, 55373, 23899, 23589, 27140, 19312, 29137, 48645, 45195, 9285, 51686, 77237, 32412, 71166, 74992, 16605, 54805, 87250, 57981, 8304, 86470, 42219, 37094, 83712, 48617, 71511, 70996, 5774, 34672, 89123, 38732, 32888, 85024, 66420, 24542, 39098, 4196, 32319, 30825, 19263, 35160, 97555, 78084, 3194, 62916, 10273, 37083, 54678, 34983, 24651, 19257, 19778, 40516, 89108, 35376, 88159, 34998, 51537, 67219, 39507, 56501, 74134, 23427, 90725, 60968, 89598, 17756, 12022, 79034, 57395, 78328, 83923, 5036, 82093, 58847, 34848, 7116, 77228, 35847, 67190, 89480, 57388, 24410, 47344, 67755, 65286, 70702, 9600, 68405, 97096, 88913, 31775, 64853, 7904, 41722, 97019, 43009, 49804, 98402, 34919, 2086, 72111, 69335, 61222, 4373, 34529, 84114, 81394, 76868, 72461, 53358, 27691, 28296, 13480, 56011, 43552, 30699]})"
592.0,7,74,94,51.90954303741455,10387,"Genotype(dna={""<class 'abc.NT_0008'>"": [0, 56999], ""<class 'abc.NT_0008_P_00000'>"": [], ""<class 'abc.NT_0001'>"": [], ""<class 'abc.NT_0001_P_00000'>"": [], ""<class 'int'>"": [97653, 20406, 47695, 45437, 36791, 12753, 45651, 80211, 20876, 43747, 86904, 59270, 24543, 19312, 57981, 41571, 50140, 23587, 78328, 34848, 6322, 72111, 84114, 27691, 68898], ""<class 'bool'>"": [90671, 9706, 68793, 69465, 50630, 94229, 53268, 83378, 51198, 52517, 80864, 56983, 84611, 9863, 26653, 46759, 75883, 17618, 64460, 24766, 24616, 24139, 88100, 59674, 68925, 58603, 88542, 86971, 27699, 19771, 36300, 72448, 62475, 57494, 82844, 35160, 69828, 34983, 49026, 89108, 57812, 24784, 39507, 8947, 23427, 17756, 12022, 93336, 47344, 70702, 45692, 42395, 77481, 97019, 34645, 13480, 56011, 23961, 61622, 64153, 24398, 97162, 70647, 61083, 68916, 26200, 41381, 30572, 68510, 53169, 28736, 68692, 44411, 95498, 8365, 25426, 53841, 4898, 99229, 20080, 88444], ""<class 'abc.NT_0000'>"": [0, 0, 23967, 0, 0, 0, 0, 1, 0, 0, 0, 1, 0, 0, 1, 0, 74871, 0, 1, 58617, 0, 1, 0, 1, 0, 46858, 39822, 0, 0, 7126, 92594, 0, 0, 17808, 9925, 0, 0, 0, 0, 1, 8521, 0, 0, 0, 77798, 0, 17297, 73131, 46429, 0, 1, 0, 0, 0, 61708, 29137, 48645, 45195, 9285, 51686, 18313, 71166, 74992, 79081, 8304, 86470, 42219, 37094, 83712, 71511, 34672, 60829, 38732, 32888, 85024, 24542, 32319, 84869, 19263, 78084, 7411, 37083, 54678, 19257, 40516, 88159, 22368, 56501, 3274, 75249, 79034, 58805, 5036, 82093, 1824, 77228, 35847, 57388, 67755, 34694, 68405, 97096, 73987, 41722, 49804, 34919, 69335, 61222, 4373, 55374, 93672, 72461, 59235, 43552, 30699], ""<class 'abc.NT_0000_P_00000'>"": [], ""<class 'abc.NT_0000_P_00001'>"": [], ""<class 'abc.NT_0008_P_00001'>"": [], ""<class 'abc.NT_0007'>"": [0, 30442], ""<class 'abc.NT_0007_P_00000'>"": [], ""<class 'abc.NT_0002'>"": [0, 2009, 1, 0, 0, 0, 0, 43348, 0, 0, 1, 0, 59947, 0, 1, 51023, 72856, 35135, 68688, 91088, 41794, 37834, 46209, 27140, 32412, 16605, 71302, 48617, 70996, 66420, 39098, 3194, 19778, 34998, 60968, 57395, 58847, 67190, 7904, 98402, 2086, 34529, 19386], ""<class 'abc.NT_0002_P_00000'>"": [], ""<class 'abc.NT_0002_P_00001'>"": [], ""<class 'abc.NT_0003'>"": [2, 1, 42987], ""<class 'abc.NT_0003_P_00000'>"": [], ""<class 'abc.NT_0003_P_00001'>"": [], ""<class 'abc.NT_0003_P_00002'>"": [], ""<class 'abc.NT_0006'>"": [1, 61721], ""<class 'abc.NT_0006_P_00000'>"": [], ""<class 'abc.NT_0004'>"": [], ""<class 'abc.NT_0004_P_00000'>"": [], ""<class 'abc.NT_0004_P_00001'>"": [], ""<class 'abc.NT_0006_P_00001'>"": [], ""<class 'abc.NT_0006_P_00002'>"": [], ""<class 'abc.NT_0006_P_00003'>"": [], '$leftovers': [98075, 13912, 31132, 79333, 67005, 60614, 89167, 61612, 72827, 95393, 7774, 4838, 80622, 19286, 388, 89247, 61119, 81985, 19388, 78051, 82137, 3298, 46052, 62641, 15125, 10693, 59273, 50230, 2725, 66359, 94734, 79927, 68945, 22935, 63942, 30886, 88313, 17000, 96538, 23762, 47069, 41591, 64582, 40855, 91942, 98035, 27160, 65777, 36640, 83286, 24245, 70012, 52716, 78622, 49933, 34674, 21545, 85515, 63596, 76834, 55706, 47571, 77999, 46871, 39758, 29268, 46755, 21424, 96377, 55045, 94655, 81266, 38729, 78370, 54466, 29207, 27070, 19950, 48714, 85283, 87118, 58445, 55295, 49791, 69639, 85835, 25451, 31208, 52354, 5252, 87857, 91470, 89621, 16918, 64589, 10774, 881, 56333, 90790, 65621, 27489, 54457, 34171, 74830, 31890, 50572, 65953, 35998, 64391, 95281, 20637, 33135, 31174, 47515, 11748, 5326, 17817, 70004, 97142, 48764, 9977, 74644, 82108, 68086, 583, 51473, 93489, 84890, 38149, 98649, 10844, 80482, 25381, 17020, 9347, 89949, 15014, 18882, 36628, 14633, 41856, 82037, 99404, 37653, 18649, 44344, 64413, 14642, 24495, 81627, 82442, 88737, 53766, 43356, 68048, 76857, 54180, 98414, 47699, 12953, 61699, 97194, 89429, 67184, 44588, 70450, 98116, 25260, 44483, 23173, 79095, 13425, 67243, 34275, 86145, 28169, 48308, 39880, 30534, 80777, 30118, 35147, 6330, 33047, 66138, 35106, 74980, 25433, 54994, 95227, 7978, 36144, 69832, 996, 86590, 74938, 93563, 39370, 8023, 18122, 28829, 32872, 79242, 70820, 98755, 81059, 10691, 50385, 39617, 19016, 1863, 56359, 38460, 67174, 91592, 22430, 17368, 97443, 878, 46355, 50098, 93139, 69976, 9080, 81250, 67133, 12450, 29860, 10515, 7229, 18784, 90514, 19054, 18495, 10502, 77269, 89119, 14108, 10620, 96989, 72023, 8856, 91521, 11678, 69216, 38189, 64461, 31020, 98319, 37543, 24755, 16609, 33556, 16612, 12763, 41905, 30677, 47421, 67343, 11855, 70264, 48856, 54312, 58986, 49212, 17225, 81724, 83758, 88507, 75316, 75104, 72850, 30442, 32626, 63929, 13975, 10352, 31178, 95848, 61832, 76994, 71041, 97101, 79981, 68823, 25960, 84031, 86511, 64668, 11598, 13801, 38277, 72117, 97914, 67271, 62497, 95121, 56480, 77291, 12295, 85165, 83568, 78821, 29000, 46548, 68710, 33837, 53867, 16757, 19744, 56490, 58506, 2704, 56409, 35185, 55884, 10413, 1967, 92366, 12720, 38904, 56674, 73494, 36995, 74568, 39592, 41098, 65909, 93224, 67867, 24312, 36412, 73676, 29939, 55884, 87263, 93716, 56026, 57244, 4070, 89635, 77378, 60358, 11337, 68615, 81852, 96708, 54183, 88797, 31269, 9360, 89105, 2535, 59726, 25955, 65244, 16768, 73543, 81718, 40902, 76314, 33436, 41909, 98773, 81808, 9719, 25421, 45418, 71987, 121, 11550, 65239, 40789, 44202, 36071, 57653, 43394, 36056, 23297, 64426, 23556, 86309, 21306, 27012, 42386, 48280, 10080, 4348, 88310, 90412, 82119, 9205, 49098, 2184, 83526, 11375, 6109, 97541, 35582, 21977, 35191, 38535, 67747, 59557, 46567, 34959, 10684, 671, 59720, 59887, 485, 14784, 36885, 67806, 20555, 39637, 90346, 34425, 6540, 18412, 78378, 59756, 27100, 45096, 77175, 81646, 59732, 18160, 89927, 40822, 95827, 99884, 32712, 63299, 13826, 85714, 22375, 34642, 93135, 95040, 87627, 56593, 10162, 1335, 24907, 11275, 57849, 31243, 19861, 99079, 15398, 23046, 39786, 73058, 18352, 90596, 73190, 18755, 43859, 95236, 53629, 45109, 83722, 79356, 47076, 62644, 97757, 13471, 27552, 93516, 12967, 49252, 1085, 54423, 9689, 79001, 15195, 48556, 32204, 40442, 35346, 62994, 33733, 67382, 49555, 60122, 40611, 12928, 92945, 10252, 45964, 84992, 1512, 78027, 75304, 45951, 56284, 25045, 39552, 38052, 75814, 1762, 99823, 76972, 67310, 62283, 41733, 23009, 32953, 78852, 84494, 34393, 32426, 77309, 29353, 87018, 31481, 22287, 73852, 13919, 95211, 57612, 5341, 78579, 87850, 58005, 44735, 76849, 63874, 54960, 17231, 90965, 88267, 87848, 83830, 59964, 7414, 27019, 63988, 28220, 60908, 57884, 71203, 30461, 65079, 25031, 40185, 78750, 46981, 80489, 92478, 38242, 60982, 98026, 5482, 58357, 82420, 69221, 47933, 41308, 46911, 93985, 74362, 98320, 32836, 21005, 85503, 60638, 52090, 16457, 81259, 97344, 71185, 51199, 32546, 37015, 82413, 74204, 2583, 41056, 12104, 19831, 19455, 13661, 3368, 6293, 24839, 2737, 57994, 65067, 22974, 80126, 70564, 55870, 22295, 54990, 188, 22708, 82010, 33866, 54839, 92881, 86023, 42822, 28002, 53771, 21295, 93768, 82639, 54827, 32269, 61670, 94699, 12629, 99213, 70585, 63371, 70163, 39410, 11420, 59374, 65058, 39544, 70840, 4105, 8975, 51408, 35270, 36395, 14905, 19463, 31253, 56593, 76004, 97054, 47585, 82196, 20301, 80867, 95726, 59810, 73784, 82432, 40019, 90101, 57866, 51891, 23969, 3726, 11832, 96918, 24802, 32825, 8453, 87570, 5910, 30479, 41802, 69112, 31765, 44030, 27039, 69845, 96240, 79148, 96989, 60634, 4975, 87175, 18069, 87499, 64971, 19045, 91141, 68569, 25404, 90932, 46267, 80532, 11728, 30381, 95769, 35013, 37457, 20905, 4517, 64695, 13129, 12749, 1818, 91327, 22606, 19672, 15427, 62325, 50224, 99886, 66678, 42678, 80750, 65241, 41447, 46222, 13943, 83906, 70729, 74336, 1726, 19116, 73335, 1723, 30675, 46925, 77182, 90826, 98994, 22759, 21028, 49319, 1714, 87944, 81788, 90533, 20925, 5438, 83502, 28657, 14540, 23899, 96217, 11472, 35876, 19131, 39399, 97335, 3323, 90272, 44040, 28073, 51304, 70624, 96620, 99178, 94411, 72001, 44800, 67313, 1790, 71579, 14737, 35858, 63905, 73477, 76009, 77549, 61502, 30404, 8360, 93569, 30438, 84984, 31813, 68448, 84388, 37695, 64509, 98530, 43872, 62143, 4409, 83775, 80273, 10350, 79665, 85682, 80513, 76395, 85135, 50, 99899, 64234, 25173, 9758, 89555, 73388, 69865, 87015, 65369, 28325, 55774, 56559, 91589, 18612, 75085, 48985, 12260, 55581, 52643, 30771, 53084, 74710, 37760, 93030, 63446, 4708, 3610, 20987, 34387, 7254, 40775, 63375, 36086, 68944, 85154, 97339, 582, 63463, 72341, 59954, 14020, 18086, 85698, 60806, 53178, 44623, 7009, 78538, 59250, 52896, 36953, 81979, 11585, 78783, 59912, 80451, 7908, 86148, 57967, 38859, 32429, 50491, 49646, 51605, 17936, 9071, 76700, 97994, 80026, 95215, 37158, 66905, 74561, 9845, 48648, 56873, 90265, 4935, 53997, 55323, 81384, 61656, 17380, 86036, 83384, 38040, 32058, 35626, 5574, 89012, 74225, 14736, 3774, 30442, 1927, 31150, 4053, 97867, 94199, 77143, 35135, 68688, 91088, 41794, 37834, 55373, 23899, 23589, 27140, 19312, 29137, 48645, 45195, 9285, 51686, 77237, 32412, 71166, 74992, 16605, 54805, 87250, 57981, 8304, 86470, 42219, 37094, 83712, 48617, 71511, 70996, 5774, 34672, 89123, 38732, 32888, 85024, 66420, 24542, 39098, 4196, 32319, 30825, 19263, 35160, 97555, 78084, 3194, 62916, 10273, 37083, 54678, 34983, 24651, 19257, 19778, 40516, 89108, 35376, 88159, 34998, 51537, 67219, 39507, 56501, 74134, 23427, 90725, 60968, 89598, 17756, 12022, 79034, 57395, 78328, 83923, 5036, 82093, 58847, 34848, 7116, 77228, 35847, 67190, 89480, 57388, 24410, 47344, 67755, 65286, 70702, 9600, 68405, 97096, 88913, 31775, 64853, 7904, 41722, 97019, 43009, 49804, 98402, 34919, 2086, 72111, 69335, 61222, 4373, 34529, 84114, 81394, 76868, 72461, 53358, 27691, 28296, 13480, 56011, 43552, 30699]})"
592.0,7,74,95,52.28815817832947,10387,"Genotype(dna={""<class 'abc.NT_0008'>"": [0, 56999], ""<class 'abc.NT_0008_P_00000'>"": [], ""<class 'abc.NT_0001'>"": [], ""<class 'abc.NT_0001_P_00000'>"": [], ""<class 'int'>"": [97653, 20406, 47695, 45437, 36791, 12753, 45651, 80211, 20876, 43747, 86904, 59270, 24543, 19312, 57981, 41571, 50140, 23587, 78328, 34848, 6322, 72111, 84114, 27691, 68898], ""<class 'bool'>"": [90671, 9706, 68793, 69465, 50630, 94229, 53268, 83378, 51198, 52517, 80864, 56983, 84611, 9863, 26653, 46759, 75883, 17618, 64460, 24766, 24616, 24139, 88100, 59674, 68925, 58603, 88542, 86971, 27699, 19771, 36300, 72448, 62475, 57494, 82844, 35160, 69828, 34983, 49026, 89108, 57812, 24784, 39507, 8947, 23427, 17756, 12022, 93336, 47344, 70702, 45692, 42395, 77481, 97019, 34645, 13480, 56011, 23961, 61622, 64153, 24398, 97162, 70647, 61083, 68916, 26200, 41381, 30572, 68510, 53169, 28736, 68692, 44411, 95498, 8365, 25426, 53841, 4898, 99229, 20080, 88444], ""<class 'abc.NT_0000'>"": [0, 0, 23967, 0, 0, 0, 0, 1, 0, 0, 0, 1, 0, 0, 1, 0, 74871, 0, 1, 58617, 0, 1, 0, 1, 0, 46858, 39822, 0, 0, 7126, 92594, 0, 0, 17808, 9925, 0, 0, 0, 0, 1, 8521, 0, 0, 0, 77798, 0, 17297, 73131, 46429, 0, 1, 0, 0, 0, 61708, 29137, 48645, 45195, 9285, 51686, 18313, 71166, 74992, 79081, 8304, 86470, 42219, 37094, 83712, 71511, 34672, 60829, 38732, 32888, 85024, 24542, 32319, 84869, 19263, 78084, 7411, 37083, 54678, 19257, 40516, 88159, 22368, 56501, 3274, 75249, 79034, 58805, 5036, 82093, 1824, 77228, 35847, 57388, 67755, 34694, 68405, 97096, 73987, 41722, 49804, 34919, 69335, 61222, 4373, 55374, 93672, 72461, 59235, 43552, 30699], ""<class 'abc.NT_0000_P_00000'>"": [], ""<class 'abc.NT_0000_P_00001'>"": [], ""<class 'abc.NT_0008_P_00001'>"": [], ""<class 'abc.NT_0007'>"": [0, 30442], ""<class 'abc.NT_0007_P_00000'>"": [], ""<class 'abc.NT_0002'>"": [0, 2009, 1, 0, 0, 0, 0, 43348, 0, 0, 1, 0, 59947, 0, 1, 51023, 72856, 35135, 68688, 91088, 41794, 37834, 46209, 27140, 32412, 16605, 71302, 48617, 70996, 66420, 39098, 3194, 19778, 34998, 60968, 57395, 58847, 67190, 7904, 98402, 2086, 34529, 19386], ""<class 'abc.NT_0002_P_00000'>"": [], ""<class 'abc.NT_0002_P_00001'>"": [], ""<class 'abc.NT_0003'>"": [2, 1, 42987], ""<class 'abc.NT_0003_P_00000'>"": [], ""<class 'abc.NT_0003_P_00001'>"": [], ""<class 'abc.NT_0003_P_00002'>"": [], ""<class 'abc.NT_0006'>"": [1, 61721], ""<class 'abc.NT_0006_P_00000'>"": [], ""<class 'abc.NT_0004'>"": [], ""<class 'abc.NT_0004_P_00000'>"": [], ""<class 'abc.NT_0004_P_00001'>"": [], ""<class 'abc.NT_0006_P_00001'>"": [], ""<class 'abc.NT_0006_P_00002'>"": [], ""<class 'abc.NT_0006_P_00003'>"": [], '$leftovers': [98075, 13912, 31132, 79333, 67005, 60614, 89167, 61612, 72827, 95393, 7774, 4838, 80622, 19286, 388, 89247, 61119, 81985, 19388, 78051, 82137, 3298, 46052, 62641, 15125, 10693, 59273, 50230, 2725, 66359, 94734, 79927, 68945, 22935, 63942, 30886, 88313, 17000, 96538, 23762, 47069, 41591, 64582, 40855, 91942, 98035, 27160, 65777, 36640, 83286, 24245, 70012, 52716, 78622, 49933, 34674, 21545, 85515, 63596, 76834, 55706, 47571, 77999, 46871, 39758, 29268, 46755, 21424, 96377, 55045, 94655, 81266, 38729, 78370, 54466, 29207, 27070, 19950, 48714, 85283, 87118, 58445, 55295, 49791, 69639, 85835, 25451, 31208, 52354, 5252, 87857, 91470, 89621, 16918, 64589, 10774, 881, 56333, 90790, 65621, 27489, 54457, 34171, 74830, 31890, 50572, 65953, 35998, 64391, 95281, 20637, 33135, 31174, 47515, 11748, 5326, 17817, 70004, 97142, 48764, 9977, 74644, 82108, 68086, 583, 51473, 93489, 84890, 38149, 98649, 10844, 80482, 25381, 17020, 9347, 89949, 15014, 18882, 36628, 14633, 41856, 82037, 99404, 37653, 18649, 44344, 64413, 14642, 24495, 81627, 82442, 88737, 53766, 43356, 68048, 76857, 54180, 98414, 47699, 12953, 61699, 97194, 89429, 67184, 44588, 70450, 98116, 25260, 44483, 23173, 79095, 13425, 67243, 34275, 86145, 28169, 48308, 39880, 30534, 80777, 30118, 35147, 6330, 33047, 66138, 35106, 74980, 25433, 54994, 95227, 7978, 36144, 69832, 996, 86590, 74938, 93563, 39370, 8023, 18122, 28829, 32872, 79242, 70820, 98755, 81059, 10691, 50385, 39617, 19016, 1863, 56359, 38460, 67174, 91592, 22430, 17368, 97443, 878, 46355, 50098, 93139, 69976, 9080, 81250, 67133, 12450, 29860, 10515, 7229, 18784, 90514, 19054, 18495, 10502, 77269, 89119, 14108, 10620, 96989, 72023, 8856, 91521, 11678, 69216, 38189, 64461, 31020, 98319, 37543, 24755, 16609, 33556, 16612, 12763, 41905, 30677, 47421, 67343, 11855, 70264, 48856, 54312, 58986, 49212, 17225, 81724, 83758, 88507, 75316, 75104, 72850, 30442, 32626, 63929, 13975, 10352, 31178, 95848, 61832, 76994, 71041, 97101, 79981, 68823, 25960, 84031, 86511, 64668, 11598, 13801, 38277, 72117, 97914, 67271, 62497, 95121, 56480, 77291, 12295, 85165, 83568, 78821, 29000, 46548, 68710, 33837, 53867, 16757, 19744, 56490, 58506, 2704, 56409, 35185, 55884, 10413, 1967, 92366, 12720, 38904, 56674, 73494, 36995, 74568, 39592, 41098, 65909, 93224, 67867, 24312, 36412, 73676, 29939, 55884, 87263, 93716, 56026, 57244, 4070, 89635, 77378, 60358, 11337, 68615, 81852, 96708, 54183, 88797, 31269, 9360, 89105, 2535, 59726, 25955, 65244, 16768, 73543, 81718, 40902, 76314, 33436, 41909, 98773, 81808, 9719, 25421, 45418, 71987, 121, 11550, 65239, 40789, 44202, 36071, 57653, 43394, 36056, 23297, 64426, 23556, 86309, 21306, 27012, 42386, 48280, 10080, 4348, 88310, 90412, 82119, 9205, 49098, 2184, 83526, 11375, 6109, 97541, 35582, 21977, 35191, 38535, 67747, 59557, 46567, 34959, 10684, 671, 59720, 59887, 485, 14784, 36885, 67806, 20555, 39637, 90346, 34425, 6540, 18412, 78378, 59756, 27100, 45096, 77175, 81646, 59732, 18160, 89927, 40822, 95827, 99884, 32712, 63299, 13826, 85714, 22375, 34642, 93135, 95040, 87627, 56593, 10162, 1335, 24907, 11275, 57849, 31243, 19861, 99079, 15398, 23046, 39786, 73058, 18352, 90596, 73190, 18755, 43859, 95236, 53629, 45109, 83722, 79356, 47076, 62644, 97757, 13471, 27552, 93516, 12967, 49252, 1085, 54423, 9689, 79001, 15195, 48556, 32204, 40442, 35346, 62994, 33733, 67382, 49555, 60122, 40611, 12928, 92945, 10252, 45964, 84992, 1512, 78027, 75304, 45951, 56284, 25045, 39552, 38052, 75814, 1762, 99823, 76972, 67310, 62283, 41733, 23009, 32953, 78852, 84494, 34393, 32426, 77309, 29353, 87018, 31481, 22287, 73852, 13919, 95211, 57612, 5341, 78579, 87850, 58005, 44735, 76849, 63874, 54960, 17231, 90965, 88267, 87848, 83830, 59964, 7414, 27019, 63988, 28220, 60908, 57884, 71203, 30461, 65079, 25031, 40185, 78750, 46981, 80489, 92478, 38242, 60982, 98026, 5482, 58357, 82420, 69221, 47933, 41308, 46911, 93985, 74362, 98320, 32836, 21005, 85503, 60638, 52090, 16457, 81259, 97344, 71185, 51199, 32546, 37015, 82413, 74204, 2583, 41056, 12104, 19831, 19455, 13661, 3368, 6293, 24839, 2737, 57994, 65067, 22974, 80126, 70564, 55870, 22295, 54990, 188, 22708, 82010, 33866, 54839, 92881, 86023, 42822, 28002, 53771, 21295, 93768, 82639, 54827, 32269, 61670, 94699, 12629, 99213, 70585, 63371, 70163, 39410, 11420, 59374, 65058, 39544, 70840, 4105, 8975, 51408, 35270, 36395, 14905, 19463, 31253, 56593, 76004, 97054, 47585, 82196, 20301, 80867, 95726, 59810, 73784, 82432, 40019, 90101, 57866, 51891, 23969, 3726, 11832, 96918, 24802, 32825, 8453, 87570, 5910, 30479, 41802, 69112, 31765, 44030, 27039, 69845, 96240, 79148, 96989, 60634, 4975, 87175, 18069, 87499, 64971, 19045, 91141, 68569, 25404, 90932, 46267, 80532, 11728, 30381, 95769, 35013, 37457, 20905, 4517, 64695, 13129, 12749, 1818, 91327, 22606, 19672, 15427, 62325, 50224, 99886, 66678, 42678, 80750, 65241, 41447, 46222, 13943, 83906, 70729, 74336, 1726, 19116, 73335, 1723, 30675, 46925, 77182, 90826, 98994, 22759, 21028, 49319, 1714, 87944, 81788, 90533, 20925, 5438, 83502, 28657, 14540, 23899, 96217, 11472, 35876, 19131, 39399, 97335, 3323, 90272, 44040, 28073, 51304, 70624, 96620, 99178, 94411, 72001, 44800, 67313, 1790, 71579, 14737, 35858, 63905, 73477, 76009, 77549, 61502, 30404, 8360, 93569, 30438, 84984, 31813, 68448, 84388, 37695, 64509, 98530, 43872, 62143, 4409, 83775, 80273, 10350, 79665, 85682, 80513, 76395, 85135, 50, 99899, 64234, 25173, 9758, 89555, 73388, 69865, 87015, 65369, 28325, 55774, 56559, 91589, 18612, 75085, 48985, 12260, 55581, 52643, 30771, 53084, 74710, 37760, 93030, 63446, 4708, 3610, 20987, 34387, 7254, 40775, 63375, 36086, 68944, 85154, 97339, 582, 63463, 72341, 59954, 14020, 18086, 85698, 60806, 53178, 44623, 7009, 78538, 59250, 52896, 36953, 81979, 11585, 78783, 59912, 80451, 7908, 86148, 57967, 38859, 32429, 50491, 49646, 51605, 17936, 9071, 76700, 97994, 80026, 95215, 37158, 66905, 74561, 9845, 48648, 56873, 90265, 4935, 53997, 55323, 81384, 61656, 17380, 86036, 83384, 38040, 32058, 35626, 5574, 89012, 74225, 14736, 3774, 30442, 1927, 31150, 4053, 97867, 94199, 77143, 35135, 68688, 91088, 41794, 37834, 55373, 23899, 23589, 27140, 19312, 29137, 48645, 45195, 9285, 51686, 77237, 32412, 71166, 74992, 16605, 54805, 87250, 57981, 8304, 86470, 42219, 37094, 83712, 48617, 71511, 70996, 5774, 34672, 89123, 38732, 32888, 85024, 66420, 24542, 39098, 4196, 32319, 30825, 19263, 35160, 97555, 78084, 3194, 62916, 10273, 37083, 54678, 34983, 24651, 19257, 19778, 40516, 89108, 35376, 88159, 34998, 51537, 67219, 39507, 56501, 74134, 23427, 90725, 60968, 89598, 17756, 12022, 79034, 57395, 78328, 83923, 5036, 82093, 58847, 34848, 7116, 77228, 35847, 67190, 89480, 57388, 24410, 47344, 67755, 65286, 70702, 9600, 68405, 97096, 88913, 31775, 64853, 7904, 41722, 97019, 43009, 49804, 98402, 34919, 2086, 72111, 69335, 61222, 4373, 34529, 84114, 81394, 76868, 72461, 53358, 27691, 28296, 13480, 56011, 43552, 30699]})"
592.0,7,74,96,52.66528606414795,10387,"Genotype(dna={""<class 'abc.NT_0008'>"": [0, 56999], ""<class 'abc.NT_0008_P_00000'>"": [], ""<class 'abc.NT_0001'>"": [], ""<class 'abc.NT_0001_P_00000'>"": [], ""<class 'int'>"": [97653, 20406, 47695, 45437, 36791, 12753, 45651, 80211, 20876, 43747, 86904, 59270, 24543, 19312, 57981, 41571, 50140, 23587, 78328, 34848, 6322, 72111, 84114, 27691, 68898], ""<class 'bool'>"": [90671, 9706, 68793, 69465, 50630, 94229, 53268, 83378, 51198, 52517, 80864, 56983, 84611, 9863, 26653, 46759, 75883, 17618, 64460, 24766, 24616, 24139, 88100, 59674, 68925, 58603, 88542, 86971, 27699, 19771, 36300, 72448, 62475, 57494, 82844, 35160, 69828, 34983, 49026, 89108, 57812, 24784, 39507, 8947, 23427, 17756, 12022, 93336, 47344, 70702, 45692, 42395, 77481, 97019, 34645, 13480, 56011, 23961, 61622, 64153, 24398, 97162, 70647, 61083, 68916, 26200, 41381, 30572, 68510, 53169, 28736, 68692, 44411, 95498, 8365, 25426, 53841, 4898, 99229, 20080, 88444], ""<class 'abc.NT_0000'>"": [0, 0, 23967, 0, 0, 0, 0, 1, 0, 0, 0, 1, 0, 0, 1, 0, 74871, 0, 1, 58617, 0, 1, 0, 1, 0, 46858, 39822, 0, 0, 7126, 92594, 0, 0, 17808, 9925, 0, 0, 0, 0, 1, 8521, 0, 0, 0, 77798, 0, 17297, 73131, 46429, 0, 1, 0, 0, 0, 61708, 29137, 48645, 45195, 9285, 51686, 18313, 71166, 74992, 79081, 8304, 86470, 42219, 37094, 83712, 71511, 34672, 60829, 38732, 32888, 85024, 24542, 32319, 84869, 19263, 78084, 7411, 37083, 54678, 19257, 40516, 88159, 22368, 56501, 3274, 75249, 79034, 58805, 5036, 82093, 1824, 77228, 35847, 57388, 67755, 34694, 68405, 97096, 73987, 41722, 49804, 34919, 69335, 61222, 4373, 55374, 93672, 72461, 59235, 43552, 30699], ""<class 'abc.NT_0000_P_00000'>"": [], ""<class 'abc.NT_0000_P_00001'>"": [], ""<class 'abc.NT_0008_P_00001'>"": [], ""<class 'abc.NT_0007'>"": [0, 30442], ""<class 'abc.NT_0007_P_00000'>"": [], ""<class 'abc.NT_0002'>"": [0, 2009, 1, 0, 0, 0, 0, 43348, 0, 0, 1, 0, 59947, 0, 1, 51023, 72856, 35135, 68688, 91088, 41794, 37834, 46209, 27140, 32412, 16605, 71302, 48617, 70996, 66420, 39098, 3194, 19778, 34998, 60968, 57395, 58847, 67190, 7904, 98402, 2086, 34529, 19386], ""<class 'abc.NT_0002_P_00000'>"": [], ""<class 'abc.NT_0002_P_00001'>"": [], ""<class 'abc.NT_0003'>"": [2, 1, 42987], ""<class 'abc.NT_0003_P_00000'>"": [], ""<class 'abc.NT_0003_P_00001'>"": [], ""<class 'abc.NT_0003_P_00002'>"": [], ""<class 'abc.NT_0006'>"": [1, 61721], ""<class 'abc.NT_0006_P_00000'>"": [], ""<class 'abc.NT_0004'>"": [], ""<class 'abc.NT_0004_P_00000'>"": [], ""<class 'abc.NT_0004_P_00001'>"": [], ""<class 'abc.NT_0006_P_00001'>"": [], ""<class 'abc.NT_0006_P_00002'>"": [], ""<class 'abc.NT_0006_P_00003'>"": [], '$leftovers': [98075, 13912, 31132, 79333, 67005, 60614, 89167, 61612, 72827, 95393, 7774, 4838, 80622, 19286, 388, 89247, 61119, 81985, 19388, 78051, 82137, 3298, 46052, 62641, 15125, 10693, 59273, 50230, 2725, 66359, 94734, 79927, 68945, 22935, 63942, 30886, 88313, 17000, 96538, 23762, 47069, 41591, 64582, 40855, 91942, 98035, 27160, 65777, 36640, 83286, 24245, 70012, 52716, 78622, 49933, 34674, 21545, 85515, 63596, 76834, 55706, 47571, 77999, 46871, 39758, 29268, 46755, 21424, 96377, 55045, 94655, 81266, 38729, 78370, 54466, 29207, 27070, 19950, 48714, 85283, 87118, 58445, 55295, 49791, 69639, 85835, 25451, 31208, 52354, 5252, 87857, 91470, 89621, 16918, 64589, 10774, 881, 56333, 90790, 65621, 27489, 54457, 34171, 74830, 31890, 50572, 65953, 35998, 64391, 95281, 20637, 33135, 31174, 47515, 11748, 5326, 17817, 70004, 97142, 48764, 9977, 74644, 82108, 68086, 583, 51473, 93489, 84890, 38149, 98649, 10844, 80482, 25381, 17020, 9347, 89949, 15014, 18882, 36628, 14633, 41856, 82037, 99404, 37653, 18649, 44344, 64413, 14642, 24495, 81627, 82442, 88737, 53766, 43356, 68048, 76857, 54180, 98414, 47699, 12953, 61699, 97194, 89429, 67184, 44588, 70450, 98116, 25260, 44483, 23173, 79095, 13425, 67243, 34275, 86145, 28169, 48308, 39880, 30534, 80777, 30118, 35147, 6330, 33047, 66138, 35106, 74980, 25433, 54994, 95227, 7978, 36144, 69832, 996, 86590, 74938, 93563, 39370, 8023, 18122, 28829, 32872, 79242, 70820, 98755, 81059, 10691, 50385, 39617, 19016, 1863, 56359, 38460, 67174, 91592, 22430, 17368, 97443, 878, 46355, 50098, 93139, 69976, 9080, 81250, 67133, 12450, 29860, 10515, 7229, 18784, 90514, 19054, 18495, 10502, 77269, 89119, 14108, 10620, 96989, 72023, 8856, 91521, 11678, 69216, 38189, 64461, 31020, 98319, 37543, 24755, 16609, 33556, 16612, 12763, 41905, 30677, 47421, 67343, 11855, 70264, 48856, 54312, 58986, 49212, 17225, 81724, 83758, 88507, 75316, 75104, 72850, 30442, 32626, 63929, 13975, 10352, 31178, 95848, 61832, 76994, 71041, 97101, 79981, 68823, 25960, 84031, 86511, 64668, 11598, 13801, 38277, 72117, 97914, 67271, 62497, 95121, 56480, 77291, 12295, 85165, 83568, 78821, 29000, 46548, 68710, 33837, 53867, 16757, 19744, 56490, 58506, 2704, 56409, 35185, 55884, 10413, 1967, 92366, 12720, 38904, 56674, 73494, 36995, 74568, 39592, 41098, 65909, 93224, 67867, 24312, 36412, 73676, 29939, 55884, 87263, 93716, 56026, 57244, 4070, 89635, 77378, 60358, 11337, 68615, 81852, 96708, 54183, 88797, 31269, 9360, 89105, 2535, 59726, 25955, 65244, 16768, 73543, 81718, 40902, 76314, 33436, 41909, 98773, 81808, 9719, 25421, 45418, 71987, 121, 11550, 65239, 40789, 44202, 36071, 57653, 43394, 36056, 23297, 64426, 23556, 86309, 21306, 27012, 42386, 48280, 10080, 4348, 88310, 90412, 82119, 9205, 49098, 2184, 83526, 11375, 6109, 97541, 35582, 21977, 35191, 38535, 67747, 59557, 46567, 34959, 10684, 671, 59720, 59887, 485, 14784, 36885, 67806, 20555, 39637, 90346, 34425, 6540, 18412, 78378, 59756, 27100, 45096, 77175, 81646, 59732, 18160, 89927, 40822, 95827, 99884, 32712, 63299, 13826, 85714, 22375, 34642, 93135, 95040, 87627, 56593, 10162, 1335, 24907, 11275, 57849, 31243, 19861, 99079, 15398, 23046, 39786, 73058, 18352, 90596, 73190, 18755, 43859, 95236, 53629, 45109, 83722, 79356, 47076, 62644, 97757, 13471, 27552, 93516, 12967, 49252, 1085, 54423, 9689, 79001, 15195, 48556, 32204, 40442, 35346, 62994, 33733, 67382, 49555, 60122, 40611, 12928, 92945, 10252, 45964, 84992, 1512, 78027, 75304, 45951, 56284, 25045, 39552, 38052, 75814, 1762, 99823, 76972, 67310, 62283, 41733, 23009, 32953, 78852, 84494, 34393, 32426, 77309, 29353, 87018, 31481, 22287, 73852, 13919, 95211, 57612, 5341, 78579, 87850, 58005, 44735, 76849, 63874, 54960, 17231, 90965, 88267, 87848, 83830, 59964, 7414, 27019, 63988, 28220, 60908, 57884, 71203, 30461, 65079, 25031, 40185, 78750, 46981, 80489, 92478, 38242, 60982, 98026, 5482, 58357, 82420, 69221, 47933, 41308, 46911, 93985, 74362, 98320, 32836, 21005, 85503, 60638, 52090, 16457, 81259, 97344, 71185, 51199, 32546, 37015, 82413, 74204, 2583, 41056, 12104, 19831, 19455, 13661, 3368, 6293, 24839, 2737, 57994, 65067, 22974, 80126, 70564, 55870, 22295, 54990, 188, 22708, 82010, 33866, 54839, 92881, 86023, 42822, 28002, 53771, 21295, 93768, 82639, 54827, 32269, 61670, 94699, 12629, 99213, 70585, 63371, 70163, 39410, 11420, 59374, 65058, 39544, 70840, 4105, 8975, 51408, 35270, 36395, 14905, 19463, 31253, 56593, 76004, 97054, 47585, 82196, 20301, 80867, 95726, 59810, 73784, 82432, 40019, 90101, 57866, 51891, 23969, 3726, 11832, 96918, 24802, 32825, 8453, 87570, 5910, 30479, 41802, 69112, 31765, 44030, 27039, 69845, 96240, 79148, 96989, 60634, 4975, 87175, 18069, 87499, 64971, 19045, 91141, 68569, 25404, 90932, 46267, 80532, 11728, 30381, 95769, 35013, 37457, 20905, 4517, 64695, 13129, 12749, 1818, 91327, 22606, 19672, 15427, 62325, 50224, 99886, 66678, 42678, 80750, 65241, 41447, 46222, 13943, 83906, 70729, 74336, 1726, 19116, 73335, 1723, 30675, 46925, 77182, 90826, 98994, 22759, 21028, 49319, 1714, 87944, 81788, 90533, 20925, 5438, 83502, 28657, 14540, 23899, 96217, 11472, 35876, 19131, 39399, 97335, 3323, 90272, 44040, 28073, 51304, 70624, 96620, 99178, 94411, 72001, 44800, 67313, 1790, 71579, 14737, 35858, 63905, 73477, 76009, 77549, 61502, 30404, 8360, 93569, 30438, 84984, 31813, 68448, 84388, 37695, 64509, 98530, 43872, 62143, 4409, 83775, 80273, 10350, 79665, 85682, 80513, 76395, 85135, 50, 99899, 64234, 25173, 9758, 89555, 73388, 69865, 87015, 65369, 28325, 55774, 56559, 91589, 18612, 75085, 48985, 12260, 55581, 52643, 30771, 53084, 74710, 37760, 93030, 63446, 4708, 3610, 20987, 34387, 7254, 40775, 63375, 36086, 68944, 85154, 97339, 582, 63463, 72341, 59954, 14020, 18086, 85698, 60806, 53178, 44623, 7009, 78538, 59250, 52896, 36953, 81979, 11585, 78783, 59912, 80451, 7908, 86148, 57967, 38859, 32429, 50491, 49646, 51605, 17936, 9071, 76700, 97994, 80026, 95215, 37158, 66905, 74561, 9845, 48648, 56873, 90265, 4935, 53997, 55323, 81384, 61656, 17380, 86036, 83384, 38040, 32058, 35626, 5574, 89012, 74225, 14736, 3774, 30442, 1927, 31150, 4053, 97867, 94199, 77143, 35135, 68688, 91088, 41794, 37834, 55373, 23899, 23589, 27140, 19312, 29137, 48645, 45195, 9285, 51686, 77237, 32412, 71166, 74992, 16605, 54805, 87250, 57981, 8304, 86470, 42219, 37094, 83712, 48617, 71511, 70996, 5774, 34672, 89123, 38732, 32888, 85024, 66420, 24542, 39098, 4196, 32319, 30825, 19263, 35160, 97555, 78084, 3194, 62916, 10273, 37083, 54678, 34983, 24651, 19257, 19778, 40516, 89108, 35376, 88159, 34998, 51537, 67219, 39507, 56501, 74134, 23427, 90725, 60968, 89598, 17756, 12022, 79034, 57395, 78328, 83923, 5036, 82093, 58847, 34848, 7116, 77228, 35847, 67190, 89480, 57388, 24410, 47344, 67755, 65286, 70702, 9600, 68405, 97096, 88913, 31775, 64853, 7904, 41722, 97019, 43009, 49804, 98402, 34919, 2086, 72111, 69335, 61222, 4373, 34529, 84114, 81394, 76868, 72461, 53358, 27691, 28296, 13480, 56011, 43552, 30699]})"
592.0,7,74,97,53.08757019042969,10387,"Genotype(dna={""<class 'abc.NT_0008'>"": [0, 56999], ""<class 'abc.NT_0008_P_00000'>"": [], ""<class 'abc.NT_0001'>"": [], ""<class 'abc.NT_0001_P_00000'>"": [], ""<class 'int'>"": [97653, 20406, 47695, 45437, 36791, 12753, 45651, 80211, 20876, 43747, 86904, 59270, 24543, 19312, 57981, 41571, 50140, 23587, 78328, 34848, 6322, 72111, 84114, 27691, 68898], ""<class 'bool'>"": [90671, 9706, 68793, 69465, 50630, 94229, 53268, 83378, 51198, 52517, 80864, 56983, 84611, 9863, 26653, 46759, 75883, 17618, 64460, 24766, 24616, 24139, 88100, 59674, 68925, 58603, 88542, 86971, 27699, 19771, 36300, 72448, 62475, 57494, 82844, 35160, 69828, 34983, 49026, 89108, 57812, 24784, 39507, 8947, 23427, 17756, 12022, 93336, 47344, 70702, 45692, 42395, 77481, 97019, 34645, 13480, 56011, 23961, 61622, 64153, 24398, 97162, 70647, 61083, 68916, 26200, 41381, 30572, 68510, 53169, 28736, 68692, 44411, 95498, 8365, 25426, 53841, 4898, 99229, 20080, 88444], ""<class 'abc.NT_0000'>"": [0, 0, 23967, 0, 0, 0, 0, 1, 0, 0, 0, 1, 0, 0, 1, 0, 74871, 0, 1, 58617, 0, 1, 0, 1, 0, 46858, 39822, 0, 0, 7126, 92594, 0, 0, 17808, 9925, 0, 0, 0, 0, 1, 8521, 0, 0, 0, 77798, 0, 17297, 73131, 46429, 0, 1, 0, 0, 0, 61708, 29137, 48645, 45195, 9285, 51686, 18313, 71166, 74992, 79081, 8304, 86470, 42219, 37094, 83712, 71511, 34672, 60829, 38732, 32888, 85024, 24542, 32319, 84869, 19263, 78084, 7411, 37083, 54678, 19257, 40516, 88159, 22368, 56501, 3274, 75249, 79034, 58805, 5036, 82093, 1824, 77228, 35847, 57388, 67755, 34694, 68405, 97096, 73987, 41722, 49804, 34919, 69335, 61222, 4373, 55374, 93672, 72461, 59235, 43552, 30699], ""<class 'abc.NT_0000_P_00000'>"": [], ""<class 'abc.NT_0000_P_00001'>"": [], ""<class 'abc.NT_0008_P_00001'>"": [], ""<class 'abc.NT_0007'>"": [0, 30442], ""<class 'abc.NT_0007_P_00000'>"": [], ""<class 'abc.NT_0002'>"": [0, 2009, 1, 0, 0, 0, 0, 43348, 0, 0, 1, 0, 59947, 0, 1, 51023, 72856, 35135, 68688, 91088, 41794, 37834, 46209, 27140, 32412, 16605, 71302, 48617, 70996, 66420, 39098, 3194, 19778, 34998, 60968, 57395, 58847, 67190, 7904, 98402, 2086, 34529, 19386], ""<class 'abc.NT_0002_P_00000'>"": [], ""<class 'abc.NT_0002_P_00001'>"": [], ""<class 'abc.NT_0003'>"": [2, 1, 42987], ""<class 'abc.NT_0003_P_00000'>"": [], ""<class 'abc.NT_0003_P_00001'>"": [], ""<class 'abc.NT_0003_P_00002'>"": [], ""<class 'abc.NT_0006'>"": [1, 61721], ""<class 'abc.NT_0006_P_00000'>"": [], ""<class 'abc.NT_0004'>"": [], ""<class 'abc.NT_0004_P_00000'>"": [], ""<class 'abc.NT_0004_P_00001'>"": [], ""<class 'abc.NT_0006_P_00001'>"": [], ""<class 'abc.NT_0006_P_00002'>"": [], ""<class 'abc.NT_0006_P_00003'>"": [], '$leftovers': [98075, 13912, 31132, 79333, 67005, 60614, 89167, 61612, 72827, 95393, 7774, 4838, 80622, 19286, 388, 89247, 61119, 81985, 19388, 78051, 82137, 3298, 46052, 62641, 15125, 10693, 59273, 50230, 2725, 66359, 94734, 79927, 68945, 22935, 63942, 30886, 88313, 17000, 96538, 23762, 47069, 41591, 64582, 40855, 91942, 98035, 27160, 65777, 36640, 83286, 24245, 70012, 52716, 78622, 49933, 34674, 21545, 85515, 63596, 76834, 55706, 47571, 77999, 46871, 39758, 29268, 46755, 21424, 96377, 55045, 94655, 81266, 38729, 78370, 54466, 29207, 27070, 19950, 48714, 85283, 87118, 58445, 55295, 49791, 69639, 85835, 25451, 31208, 52354, 5252, 87857, 91470, 89621, 16918, 64589, 10774, 881, 56333, 90790, 65621, 27489, 54457, 34171, 74830, 31890, 50572, 65953, 35998, 64391, 95281, 20637, 33135, 31174, 47515, 11748, 5326, 17817, 70004, 97142, 48764, 9977, 74644, 82108, 68086, 583, 51473, 93489, 84890, 38149, 98649, 10844, 80482, 25381, 17020, 9347, 89949, 15014, 18882, 36628, 14633, 41856, 82037, 99404, 37653, 18649, 44344, 64413, 14642, 24495, 81627, 82442, 88737, 53766, 43356, 68048, 76857, 54180, 98414, 47699, 12953, 61699, 97194, 89429, 67184, 44588, 70450, 98116, 25260, 44483, 23173, 79095, 13425, 67243, 34275, 86145, 28169, 48308, 39880, 30534, 80777, 30118, 35147, 6330, 33047, 66138, 35106, 74980, 25433, 54994, 95227, 7978, 36144, 69832, 996, 86590, 74938, 93563, 39370, 8023, 18122, 28829, 32872, 79242, 70820, 98755, 81059, 10691, 50385, 39617, 19016, 1863, 56359, 38460, 67174, 91592, 22430, 17368, 97443, 878, 46355, 50098, 93139, 69976, 9080, 81250, 67133, 12450, 29860, 10515, 7229, 18784, 90514, 19054, 18495, 10502, 77269, 89119, 14108, 10620, 96989, 72023, 8856, 91521, 11678, 69216, 38189, 64461, 31020, 98319, 37543, 24755, 16609, 33556, 16612, 12763, 41905, 30677, 47421, 67343, 11855, 70264, 48856, 54312, 58986, 49212, 17225, 81724, 83758, 88507, 75316, 75104, 72850, 30442, 32626, 63929, 13975, 10352, 31178, 95848, 61832, 76994, 71041, 97101, 79981, 68823, 25960, 84031, 86511, 64668, 11598, 13801, 38277, 72117, 97914, 67271, 62497, 95121, 56480, 77291, 12295, 85165, 83568, 78821, 29000, 46548, 68710, 33837, 53867, 16757, 19744, 56490, 58506, 2704, 56409, 35185, 55884, 10413, 1967, 92366, 12720, 38904, 56674, 73494, 36995, 74568, 39592, 41098, 65909, 93224, 67867, 24312, 36412, 73676, 29939, 55884, 87263, 93716, 56026, 57244, 4070, 89635, 77378, 60358, 11337, 68615, 81852, 96708, 54183, 88797, 31269, 9360, 89105, 2535, 59726, 25955, 65244, 16768, 73543, 81718, 40902, 76314, 33436, 41909, 98773, 81808, 9719, 25421, 45418, 71987, 121, 11550, 65239, 40789, 44202, 36071, 57653, 43394, 36056, 23297, 64426, 23556, 86309, 21306, 27012, 42386, 48280, 10080, 4348, 88310, 90412, 82119, 9205, 49098, 2184, 83526, 11375, 6109, 97541, 35582, 21977, 35191, 38535, 67747, 59557, 46567, 34959, 10684, 671, 59720, 59887, 485, 14784, 36885, 67806, 20555, 39637, 90346, 34425, 6540, 18412, 78378, 59756, 27100, 45096, 77175, 81646, 59732, 18160, 89927, 40822, 95827, 99884, 32712, 63299, 13826, 85714, 22375, 34642, 93135, 95040, 87627, 56593, 10162, 1335, 24907, 11275, 57849, 31243, 19861, 99079, 15398, 23046, 39786, 73058, 18352, 90596, 73190, 18755, 43859, 95236, 53629, 45109, 83722, 79356, 47076, 62644, 97757, 13471, 27552, 93516, 12967, 49252, 1085, 54423, 9689, 79001, 15195, 48556, 32204, 40442, 35346, 62994, 33733, 67382, 49555, 60122, 40611, 12928, 92945, 10252, 45964, 84992, 1512, 78027, 75304, 45951, 56284, 25045, 39552, 38052, 75814, 1762, 99823, 76972, 67310, 62283, 41733, 23009, 32953, 78852, 84494, 34393, 32426, 77309, 29353, 87018, 31481, 22287, 73852, 13919, 95211, 57612, 5341, 78579, 87850, 58005, 44735, 76849, 63874, 54960, 17231, 90965, 88267, 87848, 83830, 59964, 7414, 27019, 63988, 28220, 60908, 57884, 71203, 30461, 65079, 25031, 40185, 78750, 46981, 80489, 92478, 38242, 60982, 98026, 5482, 58357, 82420, 69221, 47933, 41308, 46911, 93985, 74362, 98320, 32836, 21005, 85503, 60638, 52090, 16457, 81259, 97344, 71185, 51199, 32546, 37015, 82413, 74204, 2583, 41056, 12104, 19831, 19455, 13661, 3368, 6293, 24839, 2737, 57994, 65067, 22974, 80126, 70564, 55870, 22295, 54990, 188, 22708, 82010, 33866, 54839, 92881, 86023, 42822, 28002, 53771, 21295, 93768, 82639, 54827, 32269, 61670, 94699, 12629, 99213, 70585, 63371, 70163, 39410, 11420, 59374, 65058, 39544, 70840, 4105, 8975, 51408, 35270, 36395, 14905, 19463, 31253, 56593, 76004, 97054, 47585, 82196, 20301, 80867, 95726, 59810, 73784, 82432, 40019, 90101, 57866, 51891, 23969, 3726, 11832, 96918, 24802, 32825, 8453, 87570, 5910, 30479, 41802, 69112, 31765, 44030, 27039, 69845, 96240, 79148, 96989, 60634, 4975, 87175, 18069, 87499, 64971, 19045, 91141, 68569, 25404, 90932, 46267, 80532, 11728, 30381, 95769, 35013, 37457, 20905, 4517, 64695, 13129, 12749, 1818, 91327, 22606, 19672, 15427, 62325, 50224, 99886, 66678, 42678, 80750, 65241, 41447, 46222, 13943, 83906, 70729, 74336, 1726, 19116, 73335, 1723, 30675, 46925, 77182, 90826, 98994, 22759, 21028, 49319, 1714, 87944, 81788, 90533, 20925, 5438, 83502, 28657, 14540, 23899, 96217, 11472, 35876, 19131, 39399, 97335, 3323, 90272, 44040, 28073, 51304, 70624, 96620, 99178, 94411, 72001, 44800, 67313, 1790, 71579, 14737, 35858, 63905, 73477, 76009, 77549, 61502, 30404, 8360, 93569, 30438, 84984, 31813, 68448, 84388, 37695, 64509, 98530, 43872, 62143, 4409, 83775, 80273, 10350, 79665, 85682, 80513, 76395, 85135, 50, 99899, 64234, 25173, 9758, 89555, 73388, 69865, 87015, 65369, 28325, 55774, 56559, 91589, 18612, 75085, 48985, 12260, 55581, 52643, 30771, 53084, 74710, 37760, 93030, 63446, 4708, 3610, 20987, 34387, 7254, 40775, 63375, 36086, 68944, 85154, 97339, 582, 63463, 72341, 59954, 14020, 18086, 85698, 60806, 53178, 44623, 7009, 78538, 59250, 52896, 36953, 81979, 11585, 78783, 59912, 80451, 7908, 86148, 57967, 38859, 32429, 50491, 49646, 51605, 17936, 9071, 76700, 97994, 80026, 95215, 37158, 66905, 74561, 9845, 48648, 56873, 90265, 4935, 53997, 55323, 81384, 61656, 17380, 86036, 83384, 38040, 32058, 35626, 5574, 89012, 74225, 14736, 3774, 30442, 1927, 31150, 4053, 97867, 94199, 77143, 35135, 68688, 91088, 41794, 37834, 55373, 23899, 23589, 27140, 19312, 29137, 48645, 45195, 9285, 51686, 77237, 32412, 71166, 74992, 16605, 54805, 87250, 57981, 8304, 86470, 42219, 37094, 83712, 48617, 71511, 70996, 5774, 34672, 89123, 38732, 32888, 85024, 66420, 24542, 39098, 4196, 32319, 30825, 19263, 35160, 97555, 78084, 3194, 62916, 10273, 37083, 54678, 34983, 24651, 19257, 19778, 40516, 89108, 35376, 88159, 34998, 51537, 67219, 39507, 56501, 74134, 23427, 90725, 60968, 89598, 17756, 12022, 79034, 57395, 78328, 83923, 5036, 82093, 58847, 34848, 7116, 77228, 35847, 67190, 89480, 57388, 24410, 47344, 67755, 65286, 70702, 9600, 68405, 97096, 88913, 31775, 64853, 7904, 41722, 97019, 43009, 49804, 98402, 34919, 2086, 72111, 69335, 61222, 4373, 34529, 84114, 81394, 76868, 72461, 53358, 27691, 28296, 13480, 56011, 43552, 30699]})"
592.0,7,74,98,53.459593057632446,10387,"Genotype(dna={""<class 'abc.NT_0008'>"": [0, 56999], ""<class 'abc.NT_0008_P_00000'>"": [], ""<class 'abc.NT_0001'>"": [], ""<class 'abc.NT_0001_P_00000'>"": [], ""<class 'int'>"": [97653, 20406, 47695, 45437, 36791, 12753, 45651, 80211, 20876, 43747, 86904, 59270, 24543, 19312, 57981, 41571, 50140, 23587, 78328, 34848, 6322, 72111, 84114, 27691, 68898], ""<class 'bool'>"": [90671, 9706, 68793, 69465, 50630, 94229, 53268, 83378, 51198, 52517, 80864, 56983, 84611, 9863, 26653, 46759, 75883, 17618, 64460, 24766, 24616, 24139, 88100, 59674, 68925, 58603, 88542, 86971, 27699, 19771, 36300, 72448, 62475, 57494, 82844, 35160, 69828, 34983, 49026, 89108, 57812, 24784, 39507, 8947, 23427, 17756, 12022, 93336, 47344, 70702, 45692, 42395, 77481, 97019, 34645, 13480, 56011, 23961, 61622, 64153, 24398, 97162, 70647, 61083, 68916, 26200, 41381, 30572, 68510, 53169, 28736, 68692, 44411, 95498, 8365, 25426, 53841, 4898, 99229, 20080, 88444], ""<class 'abc.NT_0000'>"": [0, 0, 23967, 0, 0, 0, 0, 1, 0, 0, 0, 1, 0, 0, 1, 0, 74871, 0, 1, 58617, 0, 1, 0, 1, 0, 46858, 39822, 0, 0, 7126, 92594, 0, 0, 17808, 9925, 0, 0, 0, 0, 1, 8521, 0, 0, 0, 77798, 0, 17297, 73131, 46429, 0, 1, 0, 0, 0, 61708, 29137, 48645, 45195, 9285, 51686, 18313, 71166, 74992, 79081, 8304, 86470, 42219, 37094, 83712, 71511, 34672, 60829, 38732, 32888, 85024, 24542, 32319, 84869, 19263, 78084, 7411, 37083, 54678, 19257, 40516, 88159, 22368, 56501, 3274, 75249, 79034, 58805, 5036, 82093, 1824, 77228, 35847, 57388, 67755, 34694, 68405, 97096, 73987, 41722, 49804, 34919, 69335, 61222, 4373, 55374, 93672, 72461, 59235, 43552, 30699], ""<class 'abc.NT_0000_P_00000'>"": [], ""<class 'abc.NT_0000_P_00001'>"": [], ""<class 'abc.NT_0008_P_00001'>"": [], ""<class 'abc.NT_0007'>"": [0, 30442], ""<class 'abc.NT_0007_P_00000'>"": [], ""<class 'abc.NT_0002'>"": [0, 2009, 1, 0, 0, 0, 0, 43348, 0, 0, 1, 0, 59947, 0, 1, 51023, 72856, 35135, 68688, 91088, 41794, 37834, 46209, 27140, 32412, 16605, 71302, 48617, 70996, 66420, 39098, 3194, 19778, 34998, 60968, 57395, 58847, 67190, 7904, 98402, 2086, 34529, 19386], ""<class 'abc.NT_0002_P_00000'>"": [], ""<class 'abc.NT_0002_P_00001'>"": [], ""<class 'abc.NT_0003'>"": [2, 1, 42987], ""<class 'abc.NT_0003_P_00000'>"": [], ""<class 'abc.NT_0003_P_00001'>"": [], ""<class 'abc.NT_0003_P_00002'>"": [], ""<class 'abc.NT_0006'>"": [1, 61721], ""<class 'abc.NT_0006_P_00000'>"": [], ""<class 'abc.NT_0004'>"": [], ""<class 'abc.NT_0004_P_00000'>"": [], ""<class 'abc.NT_0004_P_00001'>"": [], ""<class 'abc.NT_0006_P_00001'>"": [], ""<class 'abc.NT_0006_P_00002'>"": [], ""<class 'abc.NT_0006_P_00003'>"": [], '$leftovers': [98075, 13912, 31132, 79333, 67005, 60614, 89167, 61612, 72827, 95393, 7774, 4838, 80622, 19286, 388, 89247, 61119, 81985, 19388, 78051, 82137, 3298, 46052, 62641, 15125, 10693, 59273, 50230, 2725, 66359, 94734, 79927, 68945, 22935, 63942, 30886, 88313, 17000, 96538, 23762, 47069, 41591, 64582, 40855, 91942, 98035, 27160, 65777, 36640, 83286, 24245, 70012, 52716, 78622, 49933, 34674, 21545, 85515, 63596, 76834, 55706, 47571, 77999, 46871, 39758, 29268, 46755, 21424, 96377, 55045, 94655, 81266, 38729, 78370, 54466, 29207, 27070, 19950, 48714, 85283, 87118, 58445, 55295, 49791, 69639, 85835, 25451, 31208, 52354, 5252, 87857, 91470, 89621, 16918, 64589, 10774, 881, 56333, 90790, 65621, 27489, 54457, 34171, 74830, 31890, 50572, 65953, 35998, 64391, 95281, 20637, 33135, 31174, 47515, 11748, 5326, 17817, 70004, 97142, 48764, 9977, 74644, 82108, 68086, 583, 51473, 93489, 84890, 38149, 98649, 10844, 80482, 25381, 17020, 9347, 89949, 15014, 18882, 36628, 14633, 41856, 82037, 99404, 37653, 18649, 44344, 64413, 14642, 24495, 81627, 82442, 88737, 53766, 43356, 68048, 76857, 54180, 98414, 47699, 12953, 61699, 97194, 89429, 67184, 44588, 70450, 98116, 25260, 44483, 23173, 79095, 13425, 67243, 34275, 86145, 28169, 48308, 39880, 30534, 80777, 30118, 35147, 6330, 33047, 66138, 35106, 74980, 25433, 54994, 95227, 7978, 36144, 69832, 996, 86590, 74938, 93563, 39370, 8023, 18122, 28829, 32872, 79242, 70820, 98755, 81059, 10691, 50385, 39617, 19016, 1863, 56359, 38460, 67174, 91592, 22430, 17368, 97443, 878, 46355, 50098, 93139, 69976, 9080, 81250, 67133, 12450, 29860, 10515, 7229, 18784, 90514, 19054, 18495, 10502, 77269, 89119, 14108, 10620, 96989, 72023, 8856, 91521, 11678, 69216, 38189, 64461, 31020, 98319, 37543, 24755, 16609, 33556, 16612, 12763, 41905, 30677, 47421, 67343, 11855, 70264, 48856, 54312, 58986, 49212, 17225, 81724, 83758, 88507, 75316, 75104, 72850, 30442, 32626, 63929, 13975, 10352, 31178, 95848, 61832, 76994, 71041, 97101, 79981, 68823, 25960, 84031, 86511, 64668, 11598, 13801, 38277, 72117, 97914, 67271, 62497, 95121, 56480, 77291, 12295, 85165, 83568, 78821, 29000, 46548, 68710, 33837, 53867, 16757, 19744, 56490, 58506, 2704, 56409, 35185, 55884, 10413, 1967, 92366, 12720, 38904, 56674, 73494, 36995, 74568, 39592, 41098, 65909, 93224, 67867, 24312, 36412, 73676, 29939, 55884, 87263, 93716, 56026, 57244, 4070, 89635, 77378, 60358, 11337, 68615, 81852, 96708, 54183, 88797, 31269, 9360, 89105, 2535, 59726, 25955, 65244, 16768, 73543, 81718, 40902, 76314, 33436, 41909, 98773, 81808, 9719, 25421, 45418, 71987, 121, 11550, 65239, 40789, 44202, 36071, 57653, 43394, 36056, 23297, 64426, 23556, 86309, 21306, 27012, 42386, 48280, 10080, 4348, 88310, 90412, 82119, 9205, 49098, 2184, 83526, 11375, 6109, 97541, 35582, 21977, 35191, 38535, 67747, 59557, 46567, 34959, 10684, 671, 59720, 59887, 485, 14784, 36885, 67806, 20555, 39637, 90346, 34425, 6540, 18412, 78378, 59756, 27100, 45096, 77175, 81646, 59732, 18160, 89927, 40822, 95827, 99884, 32712, 63299, 13826, 85714, 22375, 34642, 93135, 95040, 87627, 56593, 10162, 1335, 24907, 11275, 57849, 31243, 19861, 99079, 15398, 23046, 39786, 73058, 18352, 90596, 73190, 18755, 43859, 95236, 53629, 45109, 83722, 79356, 47076, 62644, 97757, 13471, 27552, 93516, 12967, 49252, 1085, 54423, 9689, 79001, 15195, 48556, 32204, 40442, 35346, 62994, 33733, 67382, 49555, 60122, 40611, 12928, 92945, 10252, 45964, 84992, 1512, 78027, 75304, 45951, 56284, 25045, 39552, 38052, 75814, 1762, 99823, 76972, 67310, 62283, 41733, 23009, 32953, 78852, 84494, 34393, 32426, 77309, 29353, 87018, 31481, 22287, 73852, 13919, 95211, 57612, 5341, 78579, 87850, 58005, 44735, 76849, 63874, 54960, 17231, 90965, 88267, 87848, 83830, 59964, 7414, 27019, 63988, 28220, 60908, 57884, 71203, 30461, 65079, 25031, 40185, 78750, 46981, 80489, 92478, 38242, 60982, 98026, 5482, 58357, 82420, 69221, 47933, 41308, 46911, 93985, 74362, 98320, 32836, 21005, 85503, 60638, 52090, 16457, 81259, 97344, 71185, 51199, 32546, 37015, 82413, 74204, 2583, 41056, 12104, 19831, 19455, 13661, 3368, 6293, 24839, 2737, 57994, 65067, 22974, 80126, 70564, 55870, 22295, 54990, 188, 22708, 82010, 33866, 54839, 92881, 86023, 42822, 28002, 53771, 21295, 93768, 82639, 54827, 32269, 61670, 94699, 12629, 99213, 70585, 63371, 70163, 39410, 11420, 59374, 65058, 39544, 70840, 4105, 8975, 51408, 35270, 36395, 14905, 19463, 31253, 56593, 76004, 97054, 47585, 82196, 20301, 80867, 95726, 59810, 73784, 82432, 40019, 90101, 57866, 51891, 23969, 3726, 11832, 96918, 24802, 32825, 8453, 87570, 5910, 30479, 41802, 69112, 31765, 44030, 27039, 69845, 96240, 79148, 96989, 60634, 4975, 87175, 18069, 87499, 64971, 19045, 91141, 68569, 25404, 90932, 46267, 80532, 11728, 30381, 95769, 35013, 37457, 20905, 4517, 64695, 13129, 12749, 1818, 91327, 22606, 19672, 15427, 62325, 50224, 99886, 66678, 42678, 80750, 65241, 41447, 46222, 13943, 83906, 70729, 74336, 1726, 19116, 73335, 1723, 30675, 46925, 77182, 90826, 98994, 22759, 21028, 49319, 1714, 87944, 81788, 90533, 20925, 5438, 83502, 28657, 14540, 23899, 96217, 11472, 35876, 19131, 39399, 97335, 3323, 90272, 44040, 28073, 51304, 70624, 96620, 99178, 94411, 72001, 44800, 67313, 1790, 71579, 14737, 35858, 63905, 73477, 76009, 77549, 61502, 30404, 8360, 93569, 30438, 84984, 31813, 68448, 84388, 37695, 64509, 98530, 43872, 62143, 4409, 83775, 80273, 10350, 79665, 85682, 80513, 76395, 85135, 50, 99899, 64234, 25173, 9758, 89555, 73388, 69865, 87015, 65369, 28325, 55774, 56559, 91589, 18612, 75085, 48985, 12260, 55581, 52643, 30771, 53084, 74710, 37760, 93030, 63446, 4708, 3610, 20987, 34387, 7254, 40775, 63375, 36086, 68944, 85154, 97339, 582, 63463, 72341, 59954, 14020, 18086, 85698, 60806, 53178, 44623, 7009, 78538, 59250, 52896, 36953, 81979, 11585, 78783, 59912, 80451, 7908, 86148, 57967, 38859, 32429, 50491, 49646, 51605, 17936, 9071, 76700, 97994, 80026, 95215, 37158, 66905, 74561, 9845, 48648, 56873, 90265, 4935, 53997, 55323, 81384, 61656, 17380, 86036, 83384, 38040, 32058, 35626, 5574, 89012, 74225, 14736, 3774, 30442, 1927, 31150, 4053, 97867, 94199, 77143, 35135, 68688, 91088, 41794, 37834, 55373, 23899, 23589, 27140, 19312, 29137, 48645, 45195, 9285, 51686, 77237, 32412, 71166, 74992, 16605, 54805, 87250, 57981, 8304, 86470, 42219, 37094, 83712, 48617, 71511, 70996, 5774, 34672, 89123, 38732, 32888, 85024, 66420, 24542, 39098, 4196, 32319, 30825, 19263, 35160, 97555, 78084, 3194, 62916, 10273, 37083, 54678, 34983, 24651, 19257, 19778, 40516, 89108, 35376, 88159, 34998, 51537, 67219, 39507, 56501, 74134, 23427, 90725, 60968, 89598, 17756, 12022, 79034, 57395, 78328, 83923, 5036, 82093, 58847, 34848, 7116, 77228, 35847, 67190, 89480, 57388, 24410, 47344, 67755, 65286, 70702, 9600, 68405, 97096, 88913, 31775, 64853, 7904, 41722, 97019, 43009, 49804, 98402, 34919, 2086, 72111, 69335, 61222, 4373, 34529, 84114, 81394, 76868, 72461, 53358, 27691, 28296, 13480, 56011, 43552, 30699]})"
592.0,7,74,99,53.85178780555725,10387,"Genotype(dna={""<class 'abc.NT_0008'>"": [0, 56999], ""<class 'abc.NT_0008_P_00000'>"": [], ""<class 'abc.NT_0001'>"": [], ""<class 'abc.NT_0001_P_00000'>"": [], ""<class 'int'>"": [97653, 20406, 47695, 45437, 36791, 12753, 45651, 80211, 20876, 43747, 86904, 59270, 24543, 19312, 57981, 41571, 50140, 23587, 78328, 34848, 6322, 72111, 84114, 27691, 68898], ""<class 'bool'>"": [90671, 9706, 68793, 69465, 50630, 94229, 53268, 83378, 51198, 52517, 80864, 56983, 84611, 9863, 26653, 46759, 75883, 17618, 64460, 24766, 24616, 24139, 88100, 59674, 68925, 58603, 88542, 86971, 27699, 19771, 36300, 72448, 62475, 57494, 82844, 35160, 69828, 34983, 49026, 89108, 57812, 24784, 39507, 8947, 23427, 17756, 12022, 93336, 47344, 70702, 45692, 42395, 77481, 97019, 34645, 13480, 56011, 23961, 61622, 64153, 24398, 97162, 70647, 61083, 68916, 26200, 41381, 30572, 68510, 53169, 28736, 68692, 44411, 95498, 8365, 25426, 53841, 4898, 99229, 20080, 88444], ""<class 'abc.NT_0000'>"": [0, 0, 23967, 0, 0, 0, 0, 1, 0, 0, 0, 1, 0, 0, 1, 0, 74871, 0, 1, 58617, 0, 1, 0, 1, 0, 46858, 39822, 0, 0, 7126, 92594, 0, 0, 17808, 9925, 0, 0, 0, 0, 1, 8521, 0, 0, 0, 77798, 0, 17297, 73131, 46429, 0, 1, 0, 0, 0, 61708, 29137, 48645, 45195, 9285, 51686, 18313, 71166, 74992, 79081, 8304, 86470, 42219, 37094, 83712, 71511, 34672, 60829, 38732, 32888, 85024, 24542, 32319, 84869, 19263, 78084, 7411, 37083, 54678, 19257, 40516, 88159, 22368, 56501, 3274, 75249, 79034, 58805, 5036, 82093, 1824, 77228, 35847, 57388, 67755, 34694, 68405, 97096, 73987, 41722, 49804, 34919, 69335, 61222, 4373, 55374, 93672, 72461, 59235, 43552, 30699], ""<class 'abc.NT_0000_P_00000'>"": [], ""<class 'abc.NT_0000_P_00001'>"": [], ""<class 'abc.NT_0008_P_00001'>"": [], ""<class 'abc.NT_0007'>"": [0, 30442], ""<class 'abc.NT_0007_P_00000'>"": [], ""<class 'abc.NT_0002'>"": [0, 2009, 1, 0, 0, 0, 0, 43348, 0, 0, 1, 0, 59947, 0, 1, 51023, 72856, 35135, 68688, 91088, 41794, 37834, 46209, 27140, 32412, 16605, 71302, 48617, 70996, 66420, 39098, 3194, 19778, 34998, 60968, 57395, 58847, 67190, 7904, 98402, 2086, 34529, 19386], ""<class 'abc.NT_0002_P_00000'>"": [], ""<class 'abc.NT_0002_P_00001'>"": [], ""<class 'abc.NT_0003'>"": [2, 1, 42987], ""<class 'abc.NT_0003_P_00000'>"": [], ""<class 'abc.NT_0003_P_00001'>"": [], ""<class 'abc.NT_0003_P_00002'>"": [], ""<class 'abc.NT_0006'>"": [1, 61721], ""<class 'abc.NT_0006_P_00000'>"": [], ""<class 'abc.NT_0004'>"": [], ""<class 'abc.NT_0004_P_00000'>"": [], ""<class 'abc.NT_0004_P_00001'>"": [], ""<class 'abc.NT_0006_P_00001'>"": [], ""<class 'abc.NT_0006_P_00002'>"": [], ""<class 'abc.NT_0006_P_00003'>"": [], '$leftovers': [98075, 13912, 31132, 79333, 67005, 60614, 89167, 61612, 72827, 95393, 7774, 4838, 80622, 19286, 388, 89247, 61119, 81985, 19388, 78051, 82137, 3298, 46052, 62641, 15125, 10693, 59273, 50230, 2725, 66359, 94734, 79927, 68945, 22935, 63942, 30886, 88313, 17000, 96538, 23762, 47069, 41591, 64582, 40855, 91942, 98035, 27160, 65777, 36640, 83286, 24245, 70012, 52716, 78622, 49933, 34674, 21545, 85515, 63596, 76834, 55706, 47571, 77999, 46871, 39758, 29268, 46755, 21424, 96377, 55045, 94655, 81266, 38729, 78370, 54466, 29207, 27070, 19950, 48714, 85283, 87118, 58445, 55295, 49791, 69639, 85835, 25451, 31208, 52354, 5252, 87857, 91470, 89621, 16918, 64589, 10774, 881, 56333, 90790, 65621, 27489, 54457, 34171, 74830, 31890, 50572, 65953, 35998, 64391, 95281, 20637, 33135, 31174, 47515, 11748, 5326, 17817, 70004, 97142, 48764, 9977, 74644, 82108, 68086, 583, 51473, 93489, 84890, 38149, 98649, 10844, 80482, 25381, 17020, 9347, 89949, 15014, 18882, 36628, 14633, 41856, 82037, 99404, 37653, 18649, 44344, 64413, 14642, 24495, 81627, 82442, 88737, 53766, 43356, 68048, 76857, 54180, 98414, 47699, 12953, 61699, 97194, 89429, 67184, 44588, 70450, 98116, 25260, 44483, 23173, 79095, 13425, 67243, 34275, 86145, 28169, 48308, 39880, 30534, 80777, 30118, 35147, 6330, 33047, 66138, 35106, 74980, 25433, 54994, 95227, 7978, 36144, 69832, 996, 86590, 74938, 93563, 39370, 8023, 18122, 28829, 32872, 79242, 70820, 98755, 81059, 10691, 50385, 39617, 19016, 1863, 56359, 38460, 67174, 91592, 22430, 17368, 97443, 878, 46355, 50098, 93139, 69976, 9080, 81250, 67133, 12450, 29860, 10515, 7229, 18784, 90514, 19054, 18495, 10502, 77269, 89119, 14108, 10620, 96989, 72023, 8856, 91521, 11678, 69216, 38189, 64461, 31020, 98319, 37543, 24755, 16609, 33556, 16612, 12763, 41905, 30677, 47421, 67343, 11855, 70264, 48856, 54312, 58986, 49212, 17225, 81724, 83758, 88507, 75316, 75104, 72850, 30442, 32626, 63929, 13975, 10352, 31178, 95848, 61832, 76994, 71041, 97101, 79981, 68823, 25960, 84031, 86511, 64668, 11598, 13801, 38277, 72117, 97914, 67271, 62497, 95121, 56480, 77291, 12295, 85165, 83568, 78821, 29000, 46548, 68710, 33837, 53867, 16757, 19744, 56490, 58506, 2704, 56409, 35185, 55884, 10413, 1967, 92366, 12720, 38904, 56674, 73494, 36995, 74568, 39592, 41098, 65909, 93224, 67867, 24312, 36412, 73676, 29939, 55884, 87263, 93716, 56026, 57244, 4070, 89635, 77378, 60358, 11337, 68615, 81852, 96708, 54183, 88797, 31269, 9360, 89105, 2535, 59726, 25955, 65244, 16768, 73543, 81718, 40902, 76314, 33436, 41909, 98773, 81808, 9719, 25421, 45418, 71987, 121, 11550, 65239, 40789, 44202, 36071, 57653, 43394, 36056, 23297, 64426, 23556, 86309, 21306, 27012, 42386, 48280, 10080, 4348, 88310, 90412, 82119, 9205, 49098, 2184, 83526, 11375, 6109, 97541, 35582, 21977, 35191, 38535, 67747, 59557, 46567, 34959, 10684, 671, 59720, 59887, 485, 14784, 36885, 67806, 20555, 39637, 90346, 34425, 6540, 18412, 78378, 59756, 27100, 45096, 77175, 81646, 59732, 18160, 89927, 40822, 95827, 99884, 32712, 63299, 13826, 85714, 22375, 34642, 93135, 95040, 87627, 56593, 10162, 1335, 24907, 11275, 57849, 31243, 19861, 99079, 15398, 23046, 39786, 73058, 18352, 90596, 73190, 18755, 43859, 95236, 53629, 45109, 83722, 79356, 47076, 62644, 97757, 13471, 27552, 93516, 12967, 49252, 1085, 54423, 9689, 79001, 15195, 48556, 32204, 40442, 35346, 62994, 33733, 67382, 49555, 60122, 40611, 12928, 92945, 10252, 45964, 84992, 1512, 78027, 75304, 45951, 56284, 25045, 39552, 38052, 75814, 1762, 99823, 76972, 67310, 62283, 41733, 23009, 32953, 78852, 84494, 34393, 32426, 77309, 29353, 87018, 31481, 22287, 73852, 13919, 95211, 57612, 5341, 78579, 87850, 58005, 44735, 76849, 63874, 54960, 17231, 90965, 88267, 87848, 83830, 59964, 7414, 27019, 63988, 28220, 60908, 57884, 71203, 30461, 65079, 25031, 40185, 78750, 46981, 80489, 92478, 38242, 60982, 98026, 5482, 58357, 82420, 69221, 47933, 41308, 46911, 93985, 74362, 98320, 32836, 21005, 85503, 60638, 52090, 16457, 81259, 97344, 71185, 51199, 32546, 37015, 82413, 74204, 2583, 41056, 12104, 19831, 19455, 13661, 3368, 6293, 24839, 2737, 57994, 65067, 22974, 80126, 70564, 55870, 22295, 54990, 188, 22708, 82010, 33866, 54839, 92881, 86023, 42822, 28002, 53771, 21295, 93768, 82639, 54827, 32269, 61670, 94699, 12629, 99213, 70585, 63371, 70163, 39410, 11420, 59374, 65058, 39544, 70840, 4105, 8975, 51408, 35270, 36395, 14905, 19463, 31253, 56593, 76004, 97054, 47585, 82196, 20301, 80867, 95726, 59810, 73784, 82432, 40019, 90101, 57866, 51891, 23969, 3726, 11832, 96918, 24802, 32825, 8453, 87570, 5910, 30479, 41802, 69112, 31765, 44030, 27039, 69845, 96240, 79148, 96989, 60634, 4975, 87175, 18069, 87499, 64971, 19045, 91141, 68569, 25404, 90932, 46267, 80532, 11728, 30381, 95769, 35013, 37457, 20905, 4517, 64695, 13129, 12749, 1818, 91327, 22606, 19672, 15427, 62325, 50224, 99886, 66678, 42678, 80750, 65241, 41447, 46222, 13943, 83906, 70729, 74336, 1726, 19116, 73335, 1723, 30675, 46925, 77182, 90826, 98994, 22759, 21028, 49319, 1714, 87944, 81788, 90533, 20925, 5438, 83502, 28657, 14540, 23899, 96217, 11472, 35876, 19131, 39399, 97335, 3323, 90272, 44040, 28073, 51304, 70624, 96620, 99178, 94411, 72001, 44800, 67313, 1790, 71579, 14737, 35858, 63905, 73477, 76009, 77549, 61502, 30404, 8360, 93569, 30438, 84984, 31813, 68448, 84388, 37695, 64509, 98530, 43872, 62143, 4409, 83775, 80273, 10350, 79665, 85682, 80513, 76395, 85135, 50, 99899, 64234, 25173, 9758, 89555, 73388, 69865, 87015, 65369, 28325, 55774, 56559, 91589, 18612, 75085, 48985, 12260, 55581, 52643, 30771, 53084, 74710, 37760, 93030, 63446, 4708, 3610, 20987, 34387, 7254, 40775, 63375, 36086, 68944, 85154, 97339, 582, 63463, 72341, 59954, 14020, 18086, 85698, 60806, 53178, 44623, 7009, 78538, 59250, 52896, 36953, 81979, 11585, 78783, 59912, 80451, 7908, 86148, 57967, 38859, 32429, 50491, 49646, 51605, 17936, 9071, 76700, 97994, 80026, 95215, 37158, 66905, 74561, 9845, 48648, 56873, 90265, 4935, 53997, 55323, 81384, 61656, 17380, 86036, 83384, 38040, 32058, 35626, 5574, 89012, 74225, 14736, 3774, 30442, 1927, 31150, 4053, 97867, 94199, 77143, 35135, 68688, 91088, 41794, 37834, 55373, 23899, 23589, 27140, 19312, 29137, 48645, 45195, 9285, 51686, 77237, 32412, 71166, 74992, 16605, 54805, 87250, 57981, 8304, 86470, 42219, 37094, 83712, 48617, 71511, 70996, 5774, 34672, 89123, 38732, 32888, 85024, 66420, 24542, 39098, 4196, 32319, 30825, 19263, 35160, 97555, 78084, 3194, 62916, 10273, 37083, 54678, 34983, 24651, 19257, 19778, 40516, 89108, 35376, 88159, 34998, 51537, 67219, 39507, 56501, 74134, 23427, 90725, 60968, 89598, 17756, 12022, 79034, 57395, 78328, 83923, 5036, 82093, 58847, 34848, 7116, 77228, 35847, 67190, 89480, 57388, 24410, 47344, 67755, 65286, 70702, 9600, 68405, 97096, 88913, 31775, 64853, 7904, 41722, 97019, 43009, 49804, 98402, 34919, 2086, 72111, 69335, 61222, 4373, 34529, 84114, 81394, 76868, 72461, 53358, 27691, 28296, 13480, 56011, 43552, 30699]})"
592.0,7,74,100,54.20279312133789,10387,"Genotype(dna={""<class 'abc.NT_0008'>"": [0, 56999], ""<class 'abc.NT_0008_P_00000'>"": [], ""<class 'abc.NT_0001'>"": [], ""<class 'abc.NT_0001_P_00000'>"": [], ""<class 'int'>"": [97653, 20406, 47695, 45437, 36791, 12753, 45651, 80211, 20876, 43747, 86904, 59270, 24543, 19312, 57981, 41571, 50140, 23587, 78328, 34848, 6322, 72111, 84114, 27691, 68898], ""<class 'bool'>"": [90671, 9706, 68793, 69465, 50630, 94229, 53268, 83378, 51198, 52517, 80864, 56983, 84611, 9863, 26653, 46759, 75883, 17618, 64460, 24766, 24616, 24139, 88100, 59674, 68925, 58603, 88542, 86971, 27699, 19771, 36300, 72448, 62475, 57494, 82844, 35160, 69828, 34983, 49026, 89108, 57812, 24784, 39507, 8947, 23427, 17756, 12022, 93336, 47344, 70702, 45692, 42395, 77481, 97019, 34645, 13480, 56011, 23961, 61622, 64153, 24398, 97162, 70647, 61083, 68916, 26200, 41381, 30572, 68510, 53169, 28736, 68692, 44411, 95498, 8365, 25426, 53841, 4898, 99229, 20080, 88444], ""<class 'abc.NT_0000'>"": [0, 0, 23967, 0, 0, 0, 0, 1, 0, 0, 0, 1, 0, 0, 1, 0, 74871, 0, 1, 58617, 0, 1, 0, 1, 0, 46858, 39822, 0, 0, 7126, 92594, 0, 0, 17808, 9925, 0, 0, 0, 0, 1, 8521, 0, 0, 0, 77798, 0, 17297, 73131, 46429, 0, 1, 0, 0, 0, 61708, 29137, 48645, 45195, 9285, 51686, 18313, 71166, 74992, 79081, 8304, 86470, 42219, 37094, 83712, 71511, 34672, 60829, 38732, 32888, 85024, 24542, 32319, 84869, 19263, 78084, 7411, 37083, 54678, 19257, 40516, 88159, 22368, 56501, 3274, 75249, 79034, 58805, 5036, 82093, 1824, 77228, 35847, 57388, 67755, 34694, 68405, 97096, 73987, 41722, 49804, 34919, 69335, 61222, 4373, 55374, 93672, 72461, 59235, 43552, 30699], ""<class 'abc.NT_0000_P_00000'>"": [], ""<class 'abc.NT_0000_P_00001'>"": [], ""<class 'abc.NT_0008_P_00001'>"": [], ""<class 'abc.NT_0007'>"": [0, 30442], ""<class 'abc.NT_0007_P_00000'>"": [], ""<class 'abc.NT_0002'>"": [0, 2009, 1, 0, 0, 0, 0, 43348, 0, 0, 1, 0, 59947, 0, 1, 51023, 72856, 35135, 68688, 91088, 41794, 37834, 46209, 27140, 32412, 16605, 71302, 48617, 70996, 66420, 39098, 3194, 19778, 34998, 60968, 57395, 58847, 67190, 7904, 98402, 2086, 34529, 19386], ""<class 'abc.NT_0002_P_00000'>"": [], ""<class 'abc.NT_0002_P_00001'>"": [], ""<class 'abc.NT_0003'>"": [2, 1, 42987], ""<class 'abc.NT_0003_P_00000'>"": [], ""<class 'abc.NT_0003_P_00001'>"": [], ""<class 'abc.NT_0003_P_00002'>"": [], ""<class 'abc.NT_0006'>"": [1, 61721], ""<class 'abc.NT_0006_P_00000'>"": [], ""<class 'abc.NT_0004'>"": [], ""<class 'abc.NT_0004_P_00000'>"": [], ""<class 'abc.NT_0004_P_00001'>"": [], ""<class 'abc.NT_0006_P_00001'>"": [], ""<class 'abc.NT_0006_P_00002'>"": [], ""<class 'abc.NT_0006_P_00003'>"": [], '$leftovers': [98075, 13912, 31132, 79333, 67005, 60614, 89167, 61612, 72827, 95393, 7774, 4838, 80622, 19286, 388, 89247, 61119, 81985, 19388, 78051, 82137, 3298, 46052, 62641, 15125, 10693, 59273, 50230, 2725, 66359, 94734, 79927, 68945, 22935, 63942, 30886, 88313, 17000, 96538, 23762, 47069, 41591, 64582, 40855, 91942, 98035, 27160, 65777, 36640, 83286, 24245, 70012, 52716, 78622, 49933, 34674, 21545, 85515, 63596, 76834, 55706, 47571, 77999, 46871, 39758, 29268, 46755, 21424, 96377, 55045, 94655, 81266, 38729, 78370, 54466, 29207, 27070, 19950, 48714, 85283, 87118, 58445, 55295, 49791, 69639, 85835, 25451, 31208, 52354, 5252, 87857, 91470, 89621, 16918, 64589, 10774, 881, 56333, 90790, 65621, 27489, 54457, 34171, 74830, 31890, 50572, 65953, 35998, 64391, 95281, 20637, 33135, 31174, 47515, 11748, 5326, 17817, 70004, 97142, 48764, 9977, 74644, 82108, 68086, 583, 51473, 93489, 84890, 38149, 98649, 10844, 80482, 25381, 17020, 9347, 89949, 15014, 18882, 36628, 14633, 41856, 82037, 99404, 37653, 18649, 44344, 64413, 14642, 24495, 81627, 82442, 88737, 53766, 43356, 68048, 76857, 54180, 98414, 47699, 12953, 61699, 97194, 89429, 67184, 44588, 70450, 98116, 25260, 44483, 23173, 79095, 13425, 67243, 34275, 86145, 28169, 48308, 39880, 30534, 80777, 30118, 35147, 6330, 33047, 66138, 35106, 74980, 25433, 54994, 95227, 7978, 36144, 69832, 996, 86590, 74938, 93563, 39370, 8023, 18122, 28829, 32872, 79242, 70820, 98755, 81059, 10691, 50385, 39617, 19016, 1863, 56359, 38460, 67174, 91592, 22430, 17368, 97443, 878, 46355, 50098, 93139, 69976, 9080, 81250, 67133, 12450, 29860, 10515, 7229, 18784, 90514, 19054, 18495, 10502, 77269, 89119, 14108, 10620, 96989, 72023, 8856, 91521, 11678, 69216, 38189, 64461, 31020, 98319, 37543, 24755, 16609, 33556, 16612, 12763, 41905, 30677, 47421, 67343, 11855, 70264, 48856, 54312, 58986, 49212, 17225, 81724, 83758, 88507, 75316, 75104, 72850, 30442, 32626, 63929, 13975, 10352, 31178, 95848, 61832, 76994, 71041, 97101, 79981, 68823, 25960, 84031, 86511, 64668, 11598, 13801, 38277, 72117, 97914, 67271, 62497, 95121, 56480, 77291, 12295, 85165, 83568, 78821, 29000, 46548, 68710, 33837, 53867, 16757, 19744, 56490, 58506, 2704, 56409, 35185, 55884, 10413, 1967, 92366, 12720, 38904, 56674, 73494, 36995, 74568, 39592, 41098, 65909, 93224, 67867, 24312, 36412, 73676, 29939, 55884, 87263, 93716, 56026, 57244, 4070, 89635, 77378, 60358, 11337, 68615, 81852, 96708, 54183, 88797, 31269, 9360, 89105, 2535, 59726, 25955, 65244, 16768, 73543, 81718, 40902, 76314, 33436, 41909, 98773, 81808, 9719, 25421, 45418, 71987, 121, 11550, 65239, 40789, 44202, 36071, 57653, 43394, 36056, 23297, 64426, 23556, 86309, 21306, 27012, 42386, 48280, 10080, 4348, 88310, 90412, 82119, 9205, 49098, 2184, 83526, 11375, 6109, 97541, 35582, 21977, 35191, 38535, 67747, 59557, 46567, 34959, 10684, 671, 59720, 59887, 485, 14784, 36885, 67806, 20555, 39637, 90346, 34425, 6540, 18412, 78378, 59756, 27100, 45096, 77175, 81646, 59732, 18160, 89927, 40822, 95827, 99884, 32712, 63299, 13826, 85714, 22375, 34642, 93135, 95040, 87627, 56593, 10162, 1335, 24907, 11275, 57849, 31243, 19861, 99079, 15398, 23046, 39786, 73058, 18352, 90596, 73190, 18755, 43859, 95236, 53629, 45109, 83722, 79356, 47076, 62644, 97757, 13471, 27552, 93516, 12967, 49252, 1085, 54423, 9689, 79001, 15195, 48556, 32204, 40442, 35346, 62994, 33733, 67382, 49555, 60122, 40611, 12928, 92945, 10252, 45964, 84992, 1512, 78027, 75304, 45951, 56284, 25045, 39552, 38052, 75814, 1762, 99823, 76972, 67310, 62283, 41733, 23009, 32953, 78852, 84494, 34393, 32426, 77309, 29353, 87018, 31481, 22287, 73852, 13919, 95211, 57612, 5341, 78579, 87850, 58005, 44735, 76849, 63874, 54960, 17231, 90965, 88267, 87848, 83830, 59964, 7414, 27019, 63988, 28220, 60908, 57884, 71203, 30461, 65079, 25031, 40185, 78750, 46981, 80489, 92478, 38242, 60982, 98026, 5482, 58357, 82420, 69221, 47933, 41308, 46911, 93985, 74362, 98320, 32836, 21005, 85503, 60638, 52090, 16457, 81259, 97344, 71185, 51199, 32546, 37015, 82413, 74204, 2583, 41056, 12104, 19831, 19455, 13661, 3368, 6293, 24839, 2737, 57994, 65067, 22974, 80126, 70564, 55870, 22295, 54990, 188, 22708, 82010, 33866, 54839, 92881, 86023, 42822, 28002, 53771, 21295, 93768, 82639, 54827, 32269, 61670, 94699, 12629, 99213, 70585, 63371, 70163, 39410, 11420, 59374, 65058, 39544, 70840, 4105, 8975, 51408, 35270, 36395, 14905, 19463, 31253, 56593, 76004, 97054, 47585, 82196, 20301, 80867, 95726, 59810, 73784, 82432, 40019, 90101, 57866, 51891, 23969, 3726, 11832, 96918, 24802, 32825, 8453, 87570, 5910, 30479, 41802, 69112, 31765, 44030, 27039, 69845, 96240, 79148, 96989, 60634, 4975, 87175, 18069, 87499, 64971, 19045, 91141, 68569, 25404, 90932, 46267, 80532, 11728, 30381, 95769, 35013, 37457, 20905, 4517, 64695, 13129, 12749, 1818, 91327, 22606, 19672, 15427, 62325, 50224, 99886, 66678, 42678, 80750, 65241, 41447, 46222, 13943, 83906, 70729, 74336, 1726, 19116, 73335, 1723, 30675, 46925, 77182, 90826, 98994, 22759, 21028, 49319, 1714, 87944, 81788, 90533, 20925, 5438, 83502, 28657, 14540, 23899, 96217, 11472, 35876, 19131, 39399, 97335, 3323, 90272, 44040, 28073, 51304, 70624, 96620, 99178, 94411, 72001, 44800, 67313, 1790, 71579, 14737, 35858, 63905, 73477, 76009, 77549, 61502, 30404, 8360, 93569, 30438, 84984, 31813, 68448, 84388, 37695, 64509, 98530, 43872, 62143, 4409, 83775, 80273, 10350, 79665, 85682, 80513, 76395, 85135, 50, 99899, 64234, 25173, 9758, 89555, 73388, 69865, 87015, 65369, 28325, 55774, 56559, 91589, 18612, 75085, 48985, 12260, 55581, 52643, 30771, 53084, 74710, 37760, 93030, 63446, 4708, 3610, 20987, 34387, 7254, 40775, 63375, 36086, 68944, 85154, 97339, 582, 63463, 72341, 59954, 14020, 18086, 85698, 60806, 53178, 44623, 7009, 78538, 59250, 52896, 36953, 81979, 11585, 78783, 59912, 80451, 7908, 86148, 57967, 38859, 32429, 50491, 49646, 51605, 17936, 9071, 76700, 97994, 80026, 95215, 37158, 66905, 74561, 9845, 48648, 56873, 90265, 4935, 53997, 55323, 81384, 61656, 17380, 86036, 83384, 38040, 32058, 35626, 5574, 89012, 74225, 14736, 3774, 30442, 1927, 31150, 4053, 97867, 94199, 77143, 35135, 68688, 91088, 41794, 37834, 55373, 23899, 23589, 27140, 19312, 29137, 48645, 45195, 9285, 51686, 77237, 32412, 71166, 74992, 16605, 54805, 87250, 57981, 8304, 86470, 42219, 37094, 83712, 48617, 71511, 70996, 5774, 34672, 89123, 38732, 32888, 85024, 66420, 24542, 39098, 4196, 32319, 30825, 19263, 35160, 97555, 78084, 3194, 62916, 10273, 37083, 54678, 34983, 24651, 19257, 19778, 40516, 89108, 35376, 88159, 34998, 51537, 67219, 39507, 56501, 74134, 23427, 90725, 60968, 89598, 17756, 12022, 79034, 57395, 78328, 83923, 5036, 82093, 58847, 34848, 7116, 77228, 35847, 67190, 89480, 57388, 24410, 47344, 67755, 65286, 70702, 9600, 68405, 97096, 88913, 31775, 64853, 7904, 41722, 97019, 43009, 49804, 98402, 34919, 2086, 72111, 69335, 61222, 4373, 34529, 84114, 81394, 76868, 72461, 53358, 27691, 28296, 13480, 56011, 43552, 30699]})"
