Fitness,Depth,Nodes,Generations,time_since_the_start_of_the_evolution,seed,genotype_as_str
0.0,10,39,1,1.1882245540618896,10695,"Genotype(dna=[73153, 43897, 69014, 44190, 3869, 72664, 46857, 2949, 68035, 57768, 27477, 28751, 11405, 46578, 72888, 79320, 14206, 21248, 34182, 11586, 69002, 21043, 6903, 28725, 3436, 14391, 78556, 45198, 12797, 71895, 25314, 45632, 16008, 38579, 73264, 56331, 47945, 9162, 18883, 61849, 32386, 52590, 67573, 80248, 30614, 83894, 90378, 35256, 73871, 21692, 1380, 2209, 8536, 22760, 22532, 73866, 75037, 7516, 63457, 15881, 22066, 60117, 36762, 98432, 25267, 71529, 1530, 79310, 51847, 78140, 66541, 45661, 22640, 38111, 3930, 12168, 6347, 93297, 85214, 31177, 48865, 54812, 86036, 24316, 55620, 2076, 96038, 96320, 60740, 77180, 84688, 14472, 33933, 5380, 38084, 79209, 51964, 29928, 42199, 87127, 97154, 30077, 78062, 78507, 61250, 65183, 32141, 424, 90709, 90840, 5618, 12863, 86461, 93358, 59697, 74979, 62041, 62525, 31613, 62874, 58506, 97370, 6778, 45611, 95436, 65451, 61197, 6133, 61306, 19953, 81849, 31537, 9864, 28431, 55678, 10797, 22401, 22097, 3508, 96553, 10489, 14053, 85633, 61511, 56039, 8224, 77952, 24232, 84098, 34098, 54874, 87336, 53375, 7040, 40978, 66115, 33623, 2099, 19804, 52324, 45039, 83644, 62745, 96392, 5471, 30313, 31529, 65459, 13869, 93823, 32856, 37906, 30178, 30031, 53884, 17380, 77943, 53777, 22123, 2301, 12855, 98710, 32752, 22488, 70302, 88879, 86978, 25365, 93681, 82991, 48822, 75036, 70255, 89771, 91737, 53377, 4, 36570, 89415, 78487, 34072, 32553, 31144, 34662, 26754, 7158, 81403, 60752, 49169, 88584, 50835, 69408, 14257, 71262, 25698, 98060, 59820, 24674, 75558, 84466, 48600, 30056, 2416, 81886, 78980, 894, 30479, 28143, 68840, 93433, 31993, 20955, 20775, 29677, 86298, 55469, 20112, 97991, 392, 77474, 50755, 13841, 83632, 80094, 30549, 61517, 14399, 61196, 97676, 66230, 65593, 1220, 79010, 70487, 15293, 31675])"
