10010,synthetic_10010_10_medium,"Grammar<Starting=NT_0002,Productions=[NT_0002 -> NT_0002_P_00000(__a: NT_0002)|NT_0002_P_00001(__a: NT_0000, __b: NT_0000, __c: NT_0001, __d: NT_0000, __e: bool)|NT_0002_P_00002(__a: NT_0000, __b: NT_0000, __c: int)|NT_0002_P_00003(__a: bool, __b: NT_0001, __c: bool, __d: NT_0000, __e: NT_0002, __f: NT_0001, __g: NT_0001)|NT_0002_P_00004(__a: NT_0002, __b: NT_0000);NT_0000 -> NT_0000_P_00000(__a: bool, __b: bool)|NT_0000_P_00001(__a: bool, __b: NT_0000, __c: NT_0000)|NT_0000_P_00002(__a: int, __b: int, __c: int, __d: bool)|NT_0000_P_00003(__a: NT_0000);NT_0001 -> NT_0001_P_00000(__a: bool, __b: bool, __c: NT_0000, __d: NT_0001)|NT_0001_P_00001(__a: NT_0000, __b: NT_0000, __c: int, __d: bool, __e: NT_0000)|NT_0001_P_00002(__a: int)]>",medium,ge,10,13,38.28450918197632,0,100,"Genotype(dna=[71595, 56658, 5243, 15501, 46325, 97938, 43729, 90462, 8275, 1932, 31710, 83685, 97761, 89817, 89977, 94939, 30666, 80680, 6685, 5641, 46354, 13860, 66786, 78478, 32287, 32490, 9177, 33419, 58609, 3891, 18987, 9864, 24925, 6249, 61199, 93448, 65703, 27865, 94295, 59611, 5821, 25969, 56312, 56987, 6185, 23180, 72240, 44373, 34482, 57393, 76040, 94681, 79015, 41830, 88316, 28197, 84711, 55370, 26368, 24639, 44386, 27913, 6939, 19809, 60844, 28340, 82613, 43351, 18563, 23917, 98881, 67271, 14863, 6910, 86755, 69327, 94451, 67893, 18386, 3064, 34445, 1613, 11442, 15675, 8305, 52249, 7687, 99615, 34126, 3420, 69277, 20538, 58506, 890, 95309, 71503, 29515, 16470, 42265, 83919, 81831, 41630, 48190, 24955, 11943, 58216, 7624, 72857, 76696, 13832, 60869, 6194, 61380, 46700, 71032, 5269, 74630, 11662, 82966, 33451, 15846, 65825, 16204, 63181, 17108, 38241, 77224, 52959, 10575, 43571, 23070, 43004, 90623, 5387, 96222, 11962, 64741, 18678, 56725, 64210, 78959, 51989, 89815, 94394, 39965, 19757, 39382, 73607, 56266, 64162, 2222, 31326, 71234, 19017, 39996, 66496, 98158, 67455, 10380, 84100, 12799, 67273, 93375, 70861, 37358, 96978, 47378, 94101, 4200, 6573, 59160, 78367, 73169, 43902, 69355, 41622, 73546, 96388, 5784, 25500, 62547, 45703, 56290, 49666, 19517, 19492, 90676, 37861, 80457, 80772, 43028, 67333, 28339, 64558, 70881, 72429, 42108, 81531, 74945, 99002, 77220, 56154, 27164, 58793, 30697, 37186, 82107, 93938, 8113, 96920, 59691, 14716, 81472, 53613, 74928, 19484, 30731, 13089, 73703, 57897, 14735, 14868, 47773, 63308, 37341, 23542, 63053, 81017, 3298, 52884, 93814, 10794, 57047, 28451, 62858, 21464, 79713, 23562, 96209, 2264, 31598, 88830, 90709, 45325, 26356, 9774, 82709, 74065, 81922, 89853, 85030, 60552, 35527, 62488, 14910, 43108])",51,4,0.6889147458661582,0.18157754990622793,5,4,3,4,3,"{3: 1, 4: 1, 5: 1}",6,3,0,7,7
10010,synthetic_10010_10_medium,"Grammar<Starting=NT_0002,Productions=[NT_0002 -> NT_0002_P_00000(__a: NT_0002)|NT_0002_P_00001(__a: NT_0000, __b: NT_0000, __c: NT_0001, __d: NT_0000, __e: bool)|NT_0002_P_00002(__a: NT_0000, __b: NT_0000, __c: int)|NT_0002_P_00003(__a: bool, __b: NT_0001, __c: bool, __d: NT_0000, __e: NT_0002, __f: NT_0001, __g: NT_0001)|NT_0002_P_00004(__a: NT_0002, __b: NT_0000);NT_0000 -> NT_0000_P_00000(__a: bool, __b: bool)|NT_0000_P_00001(__a: bool, __b: NT_0000, __c: NT_0000)|NT_0000_P_00002(__a: int, __b: int, __c: int, __d: bool)|NT_0000_P_00003(__a: NT_0000);NT_0001 -> NT_0001_P_00000(__a: bool, __b: bool, __c: NT_0000, __d: NT_0001)|NT_0001_P_00001(__a: NT_0000, __b: NT_0000, __c: int, __d: bool, __e: NT_0000)|NT_0001_P_00002(__a: int)]>",medium,ge,10,13,32.90935754776001,0,100,"Genotype(dna=[71595, 56658, 5243, 15501, 46325, 97938, 43729, 90462, 8275, 1932, 31710, 83685, 97761, 89817, 89977, 94939, 30666, 80680, 6685, 5641, 46354, 13860, 66786, 78478, 32287, 32490, 9177, 33419, 58609, 3891, 18987, 9864, 24925, 6249, 61199, 93448, 65703, 27865, 94295, 59611, 5821, 25969, 56312, 56987, 6185, 23180, 72240, 44373, 34482, 57393, 76040, 94681, 79015, 41830, 88316, 28197, 84711, 55370, 26368, 24639, 44386, 27913, 6939, 19809, 60844, 28340, 82613, 43351, 18563, 23917, 98881, 67271, 14863, 6910, 86755, 69327, 94451, 67893, 18386, 3064, 34445, 1613, 11442, 15675, 8305, 52249, 7687, 99615, 34126, 3420, 69277, 20538, 58506, 890, 95309, 71503, 29515, 16470, 42265, 83919, 81831, 41630, 48190, 24955, 11943, 58216, 7624, 72857, 76696, 13832, 60869, 6194, 61380, 46700, 71032, 5269, 74630, 11662, 82966, 33451, 15846, 65825, 16204, 63181, 17108, 38241, 77224, 52959, 10575, 43571, 23070, 43004, 90623, 5387, 96222, 11962, 64741, 18678, 56725, 64210, 78959, 51989, 89815, 94394, 39965, 19757, 39382, 73607, 56266, 64162, 2222, 31326, 71234, 19017, 39996, 66496, 98158, 67455, 10380, 84100, 12799, 67273, 93375, 70861, 37358, 96978, 47378, 94101, 4200, 6573, 59160, 78367, 73169, 43902, 69355, 41622, 73546, 96388, 5784, 25500, 62547, 45703, 56290, 49666, 19517, 19492, 90676, 37861, 80457, 80772, 43028, 67333, 28339, 64558, 70881, 72429, 42108, 81531, 74945, 99002, 77220, 56154, 27164, 58793, 30697, 37186, 82107, 93938, 8113, 96920, 59691, 14716, 81472, 53613, 74928, 19484, 30731, 13089, 73703, 57897, 14735, 14868, 47773, 63308, 37341, 23542, 63053, 81017, 3298, 52884, 93814, 10794, 57047, 28451, 62858, 21464, 79713, 23562, 96209, 2264, 31598, 88830, 90709, 45325, 26356, 9774, 82709, 74065, 81922, 89853, 85030, 60552, 35527, 62488, 14910, 43108])",51,4,0.6889147458661582,0.18157754990622793,5,4,3,4,3,"{3: 1, 4: 1, 5: 1}",6,3,0,7,7
