20214,synthetic_20214_14_easy,"Grammar<Starting=NT_0003,Productions=[NT_0003 -> NT_0003_P_00000(__a: bool, __b: NT_0001);NT_0001 -> NT_0001_P_00000(__a: bool)|NT_0001_P_00001(__a: bool)|NT_0001_P_00002()]>",easy,treebased,14,0,0.26227331161499023,0,1,"NT_0003_P_00000(__a=False, __b=NT_0001_P_00002())",55,4,0.5205053010649702,0.37894723995934265,5,3,2,2,2,"{1: 1, 3: 1}",0,4,2,3,3
