827,synthetic_827_16_hard,"Grammar<Starting=NT_0013,Productions=[NT_0013 -> NT_0013_P_00000(__a: NT_0006, __b: NT_0009, __c: NT_0002, __d: NT_0005, __e: int);NT_0006 -> NT_0006_P_00000(__a: int, __b: NT_0001, __c: bool, __d: NT_0001)|NT_0006_P_00001(__a: int, __b: NT_0003);NT_0001 -> NT_0001_P_00000(__a: int, __b: NT_0001, __c: bool, __d: NT_0000)|NT_0001_P_00001(__a: NT_0001);NT_0000 -> NT_0000_P_00000(__a: NT_0000, __b: int)|NT_0000_P_00001(__a: bool, __b: int, __c: bool, __d: bool);NT_0003 -> NT_0003_P_00000(__a: bool)|NT_0003_P_00001(__a: NT_0002, __b: NT_0001, __c: NT_0001);NT_0002 -> NT_0002_P_00000(__a: int, __b: NT_0000)|NT_0002_P_00001();NT_0009 -> NT_0009_P_00000(__a: int, __b: NT_0007, __c: NT_0002)|NT_0009_P_00001(__a: int, __b: NT_0007, __c: NT_0000)|NT_0009_P_00002(__a: NT_0003, __b: NT_0004, __c: int, __d: NT_0005);NT_0007 -> NT_0007_P_00000(__a: int, __b: int, __c: NT_0000)|NT_0007_P_00001(__a: NT_0000, __b: NT_0001, __c: NT_0003, __d: NT_0002, __e: NT_0005, __f: NT_0004);NT_0005 -> NT_0005_P_00000(__a: NT_0004)|NT_0005_P_00001(__a: int, __b: NT_0003, __c: NT_0002, __d: int, __e: bool, __f: int, __g: int)|NT_0005_P_00002(__a: NT_0001);NT_0004 -> NT_0004_P_00000(__a: NT_0003, __b: NT_0002, __c: int, __d: bool, __e: bool)|NT_0004_P_00001(__a: bool, __b: NT_0002)|NT_0004_P_00002(__a: bool, __b: bool, __c: NT_0002, __d: NT_0000)]>",hard,treebased,16,128,19.95659589767456,0,100,"NT_0013_P_00000(__a=NT_0006_P_00001(__a=61, __b=NT_0003_P_00000(__a=False)), __b=NT_0009_P_00001(__a=17, __b=NT_0007_P_00000(__a=39, __b=55, __c=NT_0000_P_00000(__a=NT_0000_P_00000(__a=NT_0000_P_00000(__a=NT_0000_P_00001(__a=False, __b=0, __c=False, __d=False), __b=87), __b=76), __b=77)), __c=NT_0000_P_00000(__a=NT_0000_P_00001(__a=False, __b=90, __c=True, __d=True), __b=73)), __c=NT_0002_P_00000(__a=6, __b=NT_0000_P_00001(__a=False, __b=19, __c=False, __d=True)), __d=NT_0005_P_00001(__a=22, __b=NT_0003_P_00000(__a=True), __c=NT_0002_P_00000(__a=40, __b=NT_0000_P_00000(__a=NT_0000_P_00000(__a=NT_0000_P_00000(__a=NT_0000_P_00000(__a=NT_0000_P_00000(__a=NT_0000_P_00000(__a=NT_0000_P_00000(__a=NT_0000_P_00001(__a=False, __b=49, __c=False, __d=False), __b=96), __b=50), __b=7), __b=91), __b=36), __b=78), __b=10)), __d=96, __e=True, __f=17, __g=2), __e=69)",48,5,0.9416751618529964,0.49773804103857805,5,3,5,1000000,10,"{1: 1, 2: 6, 3: 3}",3,14,13,4,7
