30104,synthetic_30104_14_hard,"Grammar<Starting=NT_0004,Productions=[NT_0004 -> NT_0004_P_00000(__a: bool, __b: NT_0003, __c: NT_0000, __d: NT_0000, __e: NT_0003, __f: NT_0001, __g: NT_0004, __h: NT_0002)|NT_0004_P_00001(__a: bool)|NT_0004_P_00002(__a: NT_0001)|NT_0004_P_00003(__a: int, __b: NT_0000, __c: int, __d: NT_0002, __e: NT_0002, __f: NT_0000, __g: NT_0000);NT_0003 -> NT_0003_P_00000(__a: NT_0000, __b: NT_0002, __c: int, __d: int, __e: NT_0001, __f: int, __g: NT_0000, __h: NT_0003, __i: NT_0002, __j: NT_0001)|NT_0003_P_00001(__a: bool, __b: NT_0003, __c: NT_0003)|NT_0003_P_00002(__a: NT_0003);NT_0000 -> NT_0000_P_00000(__a: bool, __b: bool, __c: int, __d: NT_0000, __e: NT_0000, __f: bool, __g: bool, __h: int, __i: bool, __j: NT_0000)|NT_0000_P_00001(__a: NT_0000, __b: int, __c: int, __d: NT_0000, __e: int)|NT_0000_P_00002(__a: bool, __b: NT_0000, __c: NT_0000, __d: bool, __e: int, __f: bool, __g: bool, __h: bool, __i: bool)|NT_0000_P_00003(__a: bool, __b: bool, __c: NT_0000, __d: int, __e: int);NT_0002 -> NT_0002_P_00000(__a: bool, __b: NT_0000)|NT_0002_P_00001(__a: int);NT_0001 -> NT_0001_P_00000(__a: bool, __b: bool)|NT_0001_P_00001(__a: int, __b: int, __c: NT_0000, __d: int, __e: bool, __f: NT_0000, __g: NT_0001, __h: bool, __i: NT_0001, __j: NT_0000)|NT_0001_P_00002(__a: bool, __b: int, __c: NT_0001, __d: bool, __e: int, __f: NT_0000)|NT_0001_P_00003(__a: NT_0001, __b: int)]>",hard,ge,14,21,4.512794256210327,0,100,"Genotype(dna=[89697, 21014, 22125, 46905, 58110, 7641, 84337, 72803, 44319, 49027, 25145, 43298, 97179, 60888, 74335, 71665, 30169, 25107, 79039, 25467, 17794, 51245, 94525, 84533, 59917, 20213, 41681, 44092, 50519, 37452, 68838, 21800, 44932, 52316, 94119, 3104, 2186, 85100, 26604, 24664, 33759, 29665, 19985, 4740, 14487, 49052, 10325, 18597, 88304, 43959, 62716, 78589, 27361, 80025, 58974, 70498, 91616, 47099, 73632, 65145, 22094, 2543, 49997, 17369, 7047, 81414, 35738, 24563, 96920, 60829, 91987, 78673, 94933, 13616, 20322, 26868, 29063, 41572, 20942, 41871, 15693, 95759, 84911, 10374, 72939, 96650, 89556, 37695, 71316, 2451, 2338, 56300, 3497, 36712, 88302, 71618, 50216, 36084, 71728, 20074, 84919, 94693, 10620, 29796, 94111, 86237, 91414, 16426, 90382, 37140, 39842, 84465, 52346, 99296, 79690, 6745, 56122, 22411, 9178, 53126, 91269, 40200, 13229, 44532, 14700, 67404, 70008, 33815, 98320, 33746, 39711, 35229, 85696, 65118, 67866, 13523, 131, 54093, 62716, 76930, 43302, 89496, 15236, 54146, 36867, 87477, 50572, 66326, 32001, 83264, 12248, 64509, 62401, 648, 68579, 77245, 4797, 75355, 55434, 81932, 87655, 77727, 3329, 90023, 43939, 33539, 35652, 39192, 91833, 91648, 43678, 29241, 42862, 80068, 18012, 37812, 4393, 61656, 4193, 60517, 76490, 32281, 87116, 10215, 85749, 44957, 90977, 27222, 44469, 54023, 13, 21375, 69956, 57717, 80018, 661, 30753, 42512, 98238, 98841, 41342, 42850, 6603, 67641, 35931, 75921, 65986, 83261, 35644, 80072, 47591, 53596, 7600, 32269, 2777, 82308, 52480, 8357, 7749, 18247, 23754, 82652, 47642, 62197, 61455, 54392, 17880, 12183, 89797, 2712, 66607, 50189, 46124, 20257, 84830, 57325, 15524, 40061, 22820, 56683, 94330, 66689, 84998, 54774, 35696, 21475, 47418, 35628, 36929, 49717, 62883, 17576, 54015, 61612, 98756, 55680])",49,1,0.6448808721550787,1,4,3,2,1000000,5,"{2: 1, 3: 1, 4: 3}",11,5,2,5,10
