20458,synthetic_20458_8_easy,"Grammar<Starting=NT_0017,Productions=[NT_0017 -> NT_0017_P_00000(__a: NT_0002, __b: NT_0011, __c: NT_0000, __d: NT_0010)|NT_0017_P_00001(__a: NT_0016)|NT_0017_P_00002(__a: NT_0010, __b: NT_0006, __c: NT_0016, __d: int, __e: NT_0009)|NT_0017_P_00003(__a: NT_0016, __b: NT_0008, __c: NT_0006);NT_0002 -> NT_0002_P_00000(__a: NT_0000, __b: int, __c: NT_0002, __d: NT_0001)|NT_0002_P_00001(__a: int, __b: NT_0000, __c: NT_0002, __d: int)|NT_0002_P_00002(__a: NT_0002)|NT_0002_P_00003(__a: bool, __b: bool, __c: NT_0001, __d: bool, __e: NT_0001, __f: int);NT_0000 -> NT_0000_P_00000(__a: NT_0000, __b: bool, __c: bool, __d: bool, __e: NT_0000, __f: NT_0000)|NT_0000_P_00001(__a: int, __b: bool, __c: int, __d: int, __e: NT_0000, __f: int, __g: int, __h: int, __i: bool)|NT_0000_P_00002(__a: bool, __b: int, __c: NT_0000, __d: NT_0000, __e: int, __f: int)|NT_0000_P_00003(__a: bool, __b: bool, __c: NT_0000, __d: NT_0000, __e: int, __f: NT_0000, __g: bool, __h: int);NT_0001 -> NT_0001_P_00000(__a: bool, __b: int)|NT_0001_P_00001(__a: bool, __b: bool, __c: NT_0000, __d: int, __e: NT_0001, __f: bool)|NT_0001_P_00002(__a: NT_0001)|NT_0001_P_00003(__a: bool, __b: int)|NT_0001_P_00004(__a: bool, __b: NT_0001, __c: bool, __d: NT_0000)|NT_0001_P_00005(__a: int, __b: int, __c: NT_0001, __d: bool, __e: NT_0000);NT_0011 -> NT_0011_P_00000(__a: NT_0009)|NT_0011_P_00001(__a: NT_0006, __b: NT_0000, __c: NT_0002, __d: NT_0003, __e: NT_0007, __f: NT_0001, __g: NT_0010, __h: NT_0008)|NT_0011_P_00002(__a: NT_0001, __b: NT_0000, __c: NT_0009, __d: NT_0010, __e: NT_0004, __f: int, __g: NT_0001, __h: NT_0007)|NT_0011_P_00003(__a: NT_0002, __b: NT_0007, __c: int, __d: NT_0004, __e: NT_0009, __f: NT_0005, __g: NT_0005)|NT_0011_P_00004(__a: NT_0005, __b: NT_0008, __c: NT_0007, __d: NT_0002, __e: NT_0002, __f: NT_0004)|NT_0011_P_00005(__a: NT_0010)|NT_0011_P_00006(__a: NT_0010, __b: NT_0006)|NT_0011_P_00007(__a: NT_0006);NT_0009 -> NT_0009_P_00000(__a: NT_0004, __b: int, __c: NT_0006, __d: int, __e: NT_0003)|NT_0009_P_00001(__a: NT_0006, __b: NT_0002, __c: NT_0000, __d: NT_0002, __e: NT_0004, __f: NT_0005)|NT_0009_P_00002(__a: NT_0000, __b: NT_0001, __c: NT_0002)|NT_0009_P_00003(__a: NT_0004, __b: NT_0007, __c: NT_0008, __d: int, __e: NT_0000, __f: NT_0000);NT_0004 -> NT_0004_P_00000(__a: NT_0003, __b: NT_0001, __c: NT_0003, __d: NT_0002, __e: int, __f: NT_0003, __g: NT_0003)|NT_0004_P_00001(__a: int, __b: NT_0004, __c: bool, __d: NT_0003, __e: NT_0003)|NT_0004_P_00002(__a: int, __b: bool, __c: NT_0001, __d: bool, __e: NT_0000, __f: NT_0004, __g: NT_0003, __h: NT_0003, __i: NT_0002)|NT_0004_P_00003(__a: bool)|NT_0004_P_00004(__a: NT_0003, __b: int, __c: NT_0002, __d: NT_0004, __e: int, __f: NT_0004, __g: NT_0001)|NT_0004_P_00005(__a: bool, __b: int, __c: bool, __d: NT_0000, __e: NT_0000, __f: NT_0000, __g: bool, __h: NT_0002)|NT_0004_P_00006(__a: bool, __b: NT_0004, __c: int, __d: NT_0000, __e: NT_0004, __f: bool, __g: NT_0002);NT_0003 -> NT_0003_P_00000(__a: bool, __b: int, __c: NT_0002, __d: NT_0003, __e: bool, __f: NT_0002, __g: NT_0002, __h: NT_0003)|NT_0003_P_00001(__a: bool)|NT_0003_P_00002(__a: NT_0001, __b: int);NT_0006 -> NT_0006_P_00000(__a: int, __b: int, __c: NT_0005, __d: NT_0005, __e: NT_0003, __f: NT_0006, __g: NT_0004, __h: bool, __i: NT_0000)|NT_0006_P_00001(__a: NT_0002, __b: NT_0002, __c: NT_0001, __d: bool, __e: bool)|NT_0006_P_00002()|NT_0006_P_00003(__a: NT_0005, __b: NT_0003, __c: NT_0002, __d: int, __e: NT_0005);NT_0005 -> NT_0005_P_00000(__a: NT_0003, __b: NT_0003, __c: NT_0001, __d: NT_0000, __e: NT_0002)|NT_0005_P_00001(__a: int, __b: NT_0003, __c: NT_0004, __d: NT_0001)|NT_0005_P_00002(__a: NT_0000, __b: NT_0005, __c: NT_0001)|NT_0005_P_00003(__a: NT_0004)|NT_0005_P_00004(__a: NT_0003, __b: NT_0004, __c: int, __d: NT_0002, __e: NT_0002, __f: bool, __g: bool);NT_0007 -> NT_0007_P_00000(__a: bool, __b: NT_0005, __c: NT_0005, __d: NT_0004, __e: int)|NT_0007_P_00001(__a: NT_0000, __b: NT_0002)|NT_0007_P_00002(__a: NT_0003, __b: NT_0005, __c: NT_0004, __d: NT_0007, __e: NT_0004, __f: NT_0001, __g: NT_0000, __h: NT_0001)|NT_0007_P_00003(__a: NT_0004, __b: NT_0001, __c: NT_0002, __d: bool, __e: NT_0003, __f: NT_0005, __g: NT_0003, __h: NT_0000)|NT_0007_P_00004(__a: NT_0004, __b: NT_0005)|NT_0007_P_00005(__a: bool, __b: NT_0002, __c: NT_0006, __d: NT_0006, __e: NT_0003, __f: NT_0001, __g: NT_0007, __h: NT_0003, __i: NT_0004);NT_0008 -> NT_0008_P_00000(__a: NT_0001, __b: NT_0006, __c: bool, __d: NT_0003, __e: NT_0005)|NT_0008_P_00001(__a: bool, __b: NT_0002, __c: NT_0004, __d: int, __e: NT_0006, __f: NT_0005)|NT_0008_P_00002(__a: NT_0005, __b: NT_0003);NT_0010 -> NT_0010_P_00000(__a: NT_0002, __b: NT_0006, __c: NT_0003, __d: NT_0007, __e: NT_0006, __f: NT_0003, __g: NT_0006, __h: NT_0003)|NT_0010_P_00001(__a: NT_0000, __b: NT_0004, __c: NT_0002)|NT_0010_P_00002(__a: NT_0001)|NT_0010_P_00003(__a: int, __b: NT_0001, __c: NT_0007, __d: NT_0003, __e: NT_0004, __f: NT_0000);NT_0016 -> NT_0016_P_00000(__a: NT_0015, __b: NT_0000, __c: NT_0005, __d: NT_0009, __e: NT_0015)|NT_0016_P_00001()|NT_0016_P_00002(__a: NT_0013, __b: NT_0000, __c: NT_0004, __d: NT_0008, __e: NT_0003, __f: NT_0007, __g: NT_0006)|NT_0016_P_00003(__a: NT_0012, __b: int, __c: NT_0003, __d: NT_0011, __e: NT_0004, __f: int, __g: NT_0011)|NT_0016_P_00004(__a: NT_0014, __b: int)|NT_0016_P_00005(__a: NT_0011, __b: NT_0006, __c: NT_0001, __d: NT_0000, __e: bool, __f: NT_0003, __g: NT_0003, __h: NT_0001)|NT_0016_P_00006(__a: NT_0003, __b: NT_0007, __c: NT_0010, __d: NT_0000, __e: NT_0008, __f: NT_0006);NT_0015 -> NT_0015_P_00000(__a: NT_0010, __b: NT_0011, __c: NT_0012, __d: NT_0005, __e: NT_0004, __f: NT_0001, __g: bool)|NT_0015_P_00001(__a: NT_0007, __b: bool, __c: NT_0001, __d: int, __e: int)|NT_0015_P_00002(__a: NT_0007, __b: NT_0004, __c: NT_0013, __d: NT_0004, __e: NT_0004)|NT_0015_P_00003(__a: NT_0003, __b: int, __c: NT_0014, __d: NT_0000)|NT_0015_P_00004(__a: NT_0014, __b: NT_0001, __c: NT_0009, __d: NT_0011, __e: NT_0003, __f: NT_0005)|NT_0015_P_00005(__a: NT_0000, __b: NT_0002, __c: NT_0012, __d: NT_0006, __e: bool)|NT_0015_P_00006(__a: NT_0000, __b: NT_0004, __c: NT_0009, __d: bool, __e: NT_0004, __f: NT_0011);NT_0012 -> NT_0012_P_00000(__a: NT_0010, __b: NT_0010, __c: NT_0012, __d: NT_0010, __e: NT_0005, __f: NT_0003, __g: NT_0006, __h: NT_0012)|NT_0012_P_00001(__a: int, __b: NT_0009, __c: NT_0002, __d: NT_0008, __e: NT_0008, __f: NT_0010, __g: bool, __h: NT_0011, __i: NT_0011)|NT_0012_P_00002(__a: NT_0006, __b: int, __c: NT_0005, __d: NT_0004, __e: NT_0002, __f: NT_0010)|NT_0012_P_00003(__a: NT_0011, __b: NT_0005, __c: NT_0002, __d: NT_0008)|NT_0012_P_00004(__a: NT_0006, __b: NT_0005, __c: NT_0005, __d: int, __e: NT_0009, __f: NT_0003, __g: NT_0000)|NT_0012_P_00005(__a: NT_0003, __b: NT_0004, __c: NT_0001, __d: NT_0004, __e: NT_0008, __f: NT_0001, __g: NT_0011, __h: NT_0002)|NT_0012_P_00006(__a: NT_0010, __b: bool, __c: NT_0011, __d: NT_0004, __e: NT_0011, __f: NT_0003);NT_0013 -> NT_0013_P_00000()|NT_0013_P_00001()|NT_0013_P_00002(__a: NT_0009, __b: NT_0008, __c: NT_0000, __d: NT_0000)|NT_0013_P_00003(__a: NT_0004, __b: NT_0000, __c: int, __d: NT_0001, __e: bool, __f: NT_0001, __g: NT_0010, __h: NT_0001, __i: NT_0008)|NT_0013_P_00004(__a: int, __b: bool, __c: NT_0011, __d: NT_0008, __e: NT_0012, __f: bool);NT_0014 -> NT_0014_P_00000(__a: NT_0007, __b: NT_0010, __c: NT_0003, __d: NT_0009)|NT_0014_P_00001(__a: NT_0013, __b: int, __c: NT_0012, __d: NT_0007, __e: NT_0001)|NT_0014_P_00002(__a: NT_0008, __b: NT_0005, __c: NT_0006)|NT_0014_P_00003(__a: NT_0007, __b: NT_0013, __c: NT_0013, __d: NT_0003, __e: NT_0002, __f: NT_0013, __g: NT_0007, __h: NT_0004)]>",easy,ge,8,0,16.009556531906128,0,1,"Genotype(dna=[75285, 63510, 39945, 68789, 38032, 35606, 98145, 21766, 7448, 81785, 24918, 70768, 47568, 26103, 65980, 23724, 85077, 59937, 58209, 61043, 45739, 96641, 64236, 12321, 83223, 10514, 98110, 75225, 38343, 95371, 28861, 4612, 37238, 68898, 25066, 34651, 11252, 16451, 68917, 98131, 31740, 27931, 60438, 99262, 52290, 51219, 93489, 84496, 69789, 75044, 95648, 941, 38902, 5067, 16558, 59539, 31518, 54543, 75393, 911, 92521, 86036, 18064, 30559, 74730, 68404, 41243, 64486, 58913, 3122, 64215, 49279, 39772, 27112, 54263, 51967, 92241, 99648, 65519, 66815, 41169, 50507, 4776, 43649, 84075, 70794, 36652, 4860, 55863, 13963, 71052, 31878, 69729, 19143, 46072, 63427, 996, 72615, 64074, 1891, 92738, 27639, 85866, 11165, 461, 28015, 3054, 60609, 14831, 62939, 72162, 5409, 13265, 76573, 23141, 61118, 93014, 85781, 63247, 9504, 90583, 33362, 60885, 82474, 97040, 93349, 25791, 20504, 67222, 27176, 53154, 53158, 82283, 88015, 44796, 98390, 13655, 44384, 38048, 72303, 17101, 32993, 22337, 71358, 69739, 70263, 91226, 68754, 17869, 89607, 15884, 18712, 36803, 20903, 95419, 32037, 21989, 14537, 54822, 75148, 91087, 91558, 99432, 36832, 63152, 56282, 43976, 84911, 76920, 92174, 49156, 32072, 64468, 37599, 16373, 60967, 71016, 11730, 32959, 41125, 14340, 3280, 46259, 77622, 30860, 58484, 87012, 58926, 69559, 35226, 45059, 52859, 3027, 70315, 81825, 10692, 78257, 9326, 48256, 68732, 68770, 5750, 11169, 51249, 44992, 50895, 31228, 12495, 58546, 37198, 12822, 60876, 58146, 32386, 96879, 30954, 42428, 85976, 89102, 48532, 51023, 14400, 84520, 92815, 4903, 75679, 48718, 6981, 97030, 61041, 40885, 70225, 83247, 69934, 45399, 15616, 91018, 7854, 42888, 44382, 61516, 34185, 64636, 72421, 34902, 12112, 55451, 21842, 32827, 84345, 72156, 7328, 81294, 19706, 72464, 34127])",47,3,0.43049780078433325,0.3873196262722366,5,2,2,1000000,18,"{3: 2, 4: 7, 5: 2, 6: 2, 7: 4, 8: 1}",21,18,11,8,9
20458,synthetic_20458_8_easy,"Grammar<Starting=NT_0017,Productions=[NT_0017 -> NT_0017_P_00000(__a: NT_0002, __b: NT_0011, __c: NT_0000, __d: NT_0010)|NT_0017_P_00001(__a: NT_0016)|NT_0017_P_00002(__a: NT_0010, __b: NT_0006, __c: NT_0016, __d: int, __e: NT_0009)|NT_0017_P_00003(__a: NT_0016, __b: NT_0008, __c: NT_0006);NT_0002 -> NT_0002_P_00000(__a: NT_0000, __b: int, __c: NT_0002, __d: NT_0001)|NT_0002_P_00001(__a: int, __b: NT_0000, __c: NT_0002, __d: int)|NT_0002_P_00002(__a: NT_0002)|NT_0002_P_00003(__a: bool, __b: bool, __c: NT_0001, __d: bool, __e: NT_0001, __f: int);NT_0000 -> NT_0000_P_00000(__a: NT_0000, __b: bool, __c: bool, __d: bool, __e: NT_0000, __f: NT_0000)|NT_0000_P_00001(__a: int, __b: bool, __c: int, __d: int, __e: NT_0000, __f: int, __g: int, __h: int, __i: bool)|NT_0000_P_00002(__a: bool, __b: int, __c: NT_0000, __d: NT_0000, __e: int, __f: int)|NT_0000_P_00003(__a: bool, __b: bool, __c: NT_0000, __d: NT_0000, __e: int, __f: NT_0000, __g: bool, __h: int);NT_0001 -> NT_0001_P_00000(__a: bool, __b: int)|NT_0001_P_00001(__a: bool, __b: bool, __c: NT_0000, __d: int, __e: NT_0001, __f: bool)|NT_0001_P_00002(__a: NT_0001)|NT_0001_P_00003(__a: bool, __b: int)|NT_0001_P_00004(__a: bool, __b: NT_0001, __c: bool, __d: NT_0000)|NT_0001_P_00005(__a: int, __b: int, __c: NT_0001, __d: bool, __e: NT_0000);NT_0011 -> NT_0011_P_00000(__a: NT_0009)|NT_0011_P_00001(__a: NT_0006, __b: NT_0000, __c: NT_0002, __d: NT_0003, __e: NT_0007, __f: NT_0001, __g: NT_0010, __h: NT_0008)|NT_0011_P_00002(__a: NT_0001, __b: NT_0000, __c: NT_0009, __d: NT_0010, __e: NT_0004, __f: int, __g: NT_0001, __h: NT_0007)|NT_0011_P_00003(__a: NT_0002, __b: NT_0007, __c: int, __d: NT_0004, __e: NT_0009, __f: NT_0005, __g: NT_0005)|NT_0011_P_00004(__a: NT_0005, __b: NT_0008, __c: NT_0007, __d: NT_0002, __e: NT_0002, __f: NT_0004)|NT_0011_P_00005(__a: NT_0010)|NT_0011_P_00006(__a: NT_0010, __b: NT_0006)|NT_0011_P_00007(__a: NT_0006);NT_0009 -> NT_0009_P_00000(__a: NT_0004, __b: int, __c: NT_0006, __d: int, __e: NT_0003)|NT_0009_P_00001(__a: NT_0006, __b: NT_0002, __c: NT_0000, __d: NT_0002, __e: NT_0004, __f: NT_0005)|NT_0009_P_00002(__a: NT_0000, __b: NT_0001, __c: NT_0002)|NT_0009_P_00003(__a: NT_0004, __b: NT_0007, __c: NT_0008, __d: int, __e: NT_0000, __f: NT_0000);NT_0004 -> NT_0004_P_00000(__a: NT_0003, __b: NT_0001, __c: NT_0003, __d: NT_0002, __e: int, __f: NT_0003, __g: NT_0003)|NT_0004_P_00001(__a: int, __b: NT_0004, __c: bool, __d: NT_0003, __e: NT_0003)|NT_0004_P_00002(__a: int, __b: bool, __c: NT_0001, __d: bool, __e: NT_0000, __f: NT_0004, __g: NT_0003, __h: NT_0003, __i: NT_0002)|NT_0004_P_00003(__a: bool)|NT_0004_P_00004(__a: NT_0003, __b: int, __c: NT_0002, __d: NT_0004, __e: int, __f: NT_0004, __g: NT_0001)|NT_0004_P_00005(__a: bool, __b: int, __c: bool, __d: NT_0000, __e: NT_0000, __f: NT_0000, __g: bool, __h: NT_0002)|NT_0004_P_00006(__a: bool, __b: NT_0004, __c: int, __d: NT_0000, __e: NT_0004, __f: bool, __g: NT_0002);NT_0003 -> NT_0003_P_00000(__a: bool, __b: int, __c: NT_0002, __d: NT_0003, __e: bool, __f: NT_0002, __g: NT_0002, __h: NT_0003)|NT_0003_P_00001(__a: bool)|NT_0003_P_00002(__a: NT_0001, __b: int);NT_0006 -> NT_0006_P_00000(__a: int, __b: int, __c: NT_0005, __d: NT_0005, __e: NT_0003, __f: NT_0006, __g: NT_0004, __h: bool, __i: NT_0000)|NT_0006_P_00001(__a: NT_0002, __b: NT_0002, __c: NT_0001, __d: bool, __e: bool)|NT_0006_P_00002()|NT_0006_P_00003(__a: NT_0005, __b: NT_0003, __c: NT_0002, __d: int, __e: NT_0005);NT_0005 -> NT_0005_P_00000(__a: NT_0003, __b: NT_0003, __c: NT_0001, __d: NT_0000, __e: NT_0002)|NT_0005_P_00001(__a: int, __b: NT_0003, __c: NT_0004, __d: NT_0001)|NT_0005_P_00002(__a: NT_0000, __b: NT_0005, __c: NT_0001)|NT_0005_P_00003(__a: NT_0004)|NT_0005_P_00004(__a: NT_0003, __b: NT_0004, __c: int, __d: NT_0002, __e: NT_0002, __f: bool, __g: bool);NT_0007 -> NT_0007_P_00000(__a: bool, __b: NT_0005, __c: NT_0005, __d: NT_0004, __e: int)|NT_0007_P_00001(__a: NT_0000, __b: NT_0002)|NT_0007_P_00002(__a: NT_0003, __b: NT_0005, __c: NT_0004, __d: NT_0007, __e: NT_0004, __f: NT_0001, __g: NT_0000, __h: NT_0001)|NT_0007_P_00003(__a: NT_0004, __b: NT_0001, __c: NT_0002, __d: bool, __e: NT_0003, __f: NT_0005, __g: NT_0003, __h: NT_0000)|NT_0007_P_00004(__a: NT_0004, __b: NT_0005)|NT_0007_P_00005(__a: bool, __b: NT_0002, __c: NT_0006, __d: NT_0006, __e: NT_0003, __f: NT_0001, __g: NT_0007, __h: NT_0003, __i: NT_0004);NT_0008 -> NT_0008_P_00000(__a: NT_0001, __b: NT_0006, __c: bool, __d: NT_0003, __e: NT_0005)|NT_0008_P_00001(__a: bool, __b: NT_0002, __c: NT_0004, __d: int, __e: NT_0006, __f: NT_0005)|NT_0008_P_00002(__a: NT_0005, __b: NT_0003);NT_0010 -> NT_0010_P_00000(__a: NT_0002, __b: NT_0006, __c: NT_0003, __d: NT_0007, __e: NT_0006, __f: NT_0003, __g: NT_0006, __h: NT_0003)|NT_0010_P_00001(__a: NT_0000, __b: NT_0004, __c: NT_0002)|NT_0010_P_00002(__a: NT_0001)|NT_0010_P_00003(__a: int, __b: NT_0001, __c: NT_0007, __d: NT_0003, __e: NT_0004, __f: NT_0000);NT_0016 -> NT_0016_P_00000(__a: NT_0015, __b: NT_0000, __c: NT_0005, __d: NT_0009, __e: NT_0015)|NT_0016_P_00001()|NT_0016_P_00002(__a: NT_0013, __b: NT_0000, __c: NT_0004, __d: NT_0008, __e: NT_0003, __f: NT_0007, __g: NT_0006)|NT_0016_P_00003(__a: NT_0012, __b: int, __c: NT_0003, __d: NT_0011, __e: NT_0004, __f: int, __g: NT_0011)|NT_0016_P_00004(__a: NT_0014, __b: int)|NT_0016_P_00005(__a: NT_0011, __b: NT_0006, __c: NT_0001, __d: NT_0000, __e: bool, __f: NT_0003, __g: NT_0003, __h: NT_0001)|NT_0016_P_00006(__a: NT_0003, __b: NT_0007, __c: NT_0010, __d: NT_0000, __e: NT_0008, __f: NT_0006);NT_0015 -> NT_0015_P_00000(__a: NT_0010, __b: NT_0011, __c: NT_0012, __d: NT_0005, __e: NT_0004, __f: NT_0001, __g: bool)|NT_0015_P_00001(__a: NT_0007, __b: bool, __c: NT_0001, __d: int, __e: int)|NT_0015_P_00002(__a: NT_0007, __b: NT_0004, __c: NT_0013, __d: NT_0004, __e: NT_0004)|NT_0015_P_00003(__a: NT_0003, __b: int, __c: NT_0014, __d: NT_0000)|NT_0015_P_00004(__a: NT_0014, __b: NT_0001, __c: NT_0009, __d: NT_0011, __e: NT_0003, __f: NT_0005)|NT_0015_P_00005(__a: NT_0000, __b: NT_0002, __c: NT_0012, __d: NT_0006, __e: bool)|NT_0015_P_00006(__a: NT_0000, __b: NT_0004, __c: NT_0009, __d: bool, __e: NT_0004, __f: NT_0011);NT_0012 -> NT_0012_P_00000(__a: NT_0010, __b: NT_0010, __c: NT_0012, __d: NT_0010, __e: NT_0005, __f: NT_0003, __g: NT_0006, __h: NT_0012)|NT_0012_P_00001(__a: int, __b: NT_0009, __c: NT_0002, __d: NT_0008, __e: NT_0008, __f: NT_0010, __g: bool, __h: NT_0011, __i: NT_0011)|NT_0012_P_00002(__a: NT_0006, __b: int, __c: NT_0005, __d: NT_0004, __e: NT_0002, __f: NT_0010)|NT_0012_P_00003(__a: NT_0011, __b: NT_0005, __c: NT_0002, __d: NT_0008)|NT_0012_P_00004(__a: NT_0006, __b: NT_0005, __c: NT_0005, __d: int, __e: NT_0009, __f: NT_0003, __g: NT_0000)|NT_0012_P_00005(__a: NT_0003, __b: NT_0004, __c: NT_0001, __d: NT_0004, __e: NT_0008, __f: NT_0001, __g: NT_0011, __h: NT_0002)|NT_0012_P_00006(__a: NT_0010, __b: bool, __c: NT_0011, __d: NT_0004, __e: NT_0011, __f: NT_0003);NT_0013 -> NT_0013_P_00000()|NT_0013_P_00001()|NT_0013_P_00002(__a: NT_0009, __b: NT_0008, __c: NT_0000, __d: NT_0000)|NT_0013_P_00003(__a: NT_0004, __b: NT_0000, __c: int, __d: NT_0001, __e: bool, __f: NT_0001, __g: NT_0010, __h: NT_0001, __i: NT_0008)|NT_0013_P_00004(__a: int, __b: bool, __c: NT_0011, __d: NT_0008, __e: NT_0012, __f: bool);NT_0014 -> NT_0014_P_00000(__a: NT_0007, __b: NT_0010, __c: NT_0003, __d: NT_0009)|NT_0014_P_00001(__a: NT_0013, __b: int, __c: NT_0012, __d: NT_0007, __e: NT_0001)|NT_0014_P_00002(__a: NT_0008, __b: NT_0005, __c: NT_0006)|NT_0014_P_00003(__a: NT_0007, __b: NT_0013, __c: NT_0013, __d: NT_0003, __e: NT_0002, __f: NT_0013, __g: NT_0007, __h: NT_0004)]>",easy,ge,8,0,6.185175657272339,0,1,"Genotype(dna=[75285, 63510, 39945, 68789, 38032, 35606, 98145, 21766, 7448, 81785, 24918, 70768, 47568, 26103, 65980, 23724, 85077, 59937, 58209, 61043, 45739, 96641, 64236, 12321, 83223, 10514, 98110, 75225, 38343, 95371, 28861, 4612, 37238, 68898, 25066, 34651, 11252, 16451, 68917, 98131, 31740, 27931, 60438, 99262, 52290, 51219, 93489, 84496, 69789, 75044, 95648, 941, 38902, 5067, 16558, 59539, 31518, 54543, 75393, 911, 92521, 86036, 18064, 30559, 74730, 68404, 41243, 64486, 58913, 3122, 64215, 49279, 39772, 27112, 54263, 51967, 92241, 99648, 65519, 66815, 41169, 50507, 4776, 43649, 84075, 70794, 36652, 4860, 55863, 13963, 71052, 31878, 69729, 19143, 46072, 63427, 996, 72615, 64074, 1891, 92738, 27639, 85866, 11165, 461, 28015, 3054, 60609, 14831, 62939, 72162, 5409, 13265, 76573, 23141, 61118, 93014, 85781, 63247, 9504, 90583, 33362, 60885, 82474, 97040, 93349, 25791, 20504, 67222, 27176, 53154, 53158, 82283, 88015, 44796, 98390, 13655, 44384, 38048, 72303, 17101, 32993, 22337, 71358, 69739, 70263, 91226, 68754, 17869, 89607, 15884, 18712, 36803, 20903, 95419, 32037, 21989, 14537, 54822, 75148, 91087, 91558, 99432, 36832, 63152, 56282, 43976, 84911, 76920, 92174, 49156, 32072, 64468, 37599, 16373, 60967, 71016, 11730, 32959, 41125, 14340, 3280, 46259, 77622, 30860, 58484, 87012, 58926, 69559, 35226, 45059, 52859, 3027, 70315, 81825, 10692, 78257, 9326, 48256, 68732, 68770, 5750, 11169, 51249, 44992, 50895, 31228, 12495, 58546, 37198, 12822, 60876, 58146, 32386, 96879, 30954, 42428, 85976, 89102, 48532, 51023, 14400, 84520, 92815, 4903, 75679, 48718, 6981, 97030, 61041, 40885, 70225, 83247, 69934, 45399, 15616, 91018, 7854, 42888, 44382, 61516, 34185, 64636, 72421, 34902, 12112, 55451, 21842, 32827, 84345, 72156, 7328, 81294, 19706, 72464, 34127])",47,3,0.43049780078433325,0.3873196262722366,5,2,2,1000000,18,"{3: 2, 4: 7, 5: 2, 6: 2, 7: 4, 8: 1}",21,18,11,8,9
