939,synthetic_939_14_medium,"Grammar<Starting=NT_0005,Productions=[NT_0005 -> NT_0005_P_00000(__a: NT_0005, __b: NT_0000, __c: NT_0002)|NT_0005_P_00001(__a: NT_0002);NT_0000 -> NT_0000_P_00000()|NT_0000_P_00001(__a: int)|NT_0000_P_00002();NT_0002 -> NT_0002_P_00000(__a: NT_0001, __b: NT_0000);NT_0001 -> NT_0001_P_00000(__a: int, __b: NT_0000)|NT_0001_P_00001(__a: NT_0000, __b: NT_0000)|NT_0001_P_00002(__a: bool, __b: int, __c: int)]>",medium,treebased,14,0,3.7427234649658203,0,14,"NT_0005_P_00000(__a=NT_0005_P_00000(__a=NT_0005_P_00000(__a=NT_0005_P_00000(__a=NT_0005_P_00000(__a=NT_0005_P_00001(__a=NT_0002_P_00000(__a=NT_0001_P_00000(__a=24, __b=NT_0000_P_00002()), __b=NT_0000_P_00001(__a=92))), __b=NT_0000_P_00000(), __c=NT_0002_P_00000(__a=NT_0001_P_00002(__a=True, __b=8, __c=23), __b=NT_0000_P_00001(__a=50))), __b=NT_0000_P_00001(__a=18), __c=NT_0002_P_00000(__a=NT_0001_P_00000(__a=25, __b=NT_0000_P_00000()), __b=NT_0000_P_00002())), __b=NT_0000_P_00002(), __c=NT_0002_P_00000(__a=NT_0001_P_00001(__a=NT_0000_P_00000(), __b=NT_0000_P_00002()), __b=NT_0000_P_00001(__a=94))), __b=NT_0000_P_00000(), __c=NT_0002_P_00000(__a=NT_0001_P_00002(__a=False, __b=21, __c=99), __b=NT_0000_P_00002())), __b=NT_0000_P_00000(), __c=NT_0002_P_00000(__a=NT_0001_P_00001(__a=NT_0000_P_00002(), __b=NT_0000_P_00002()), __b=NT_0000_P_00001(__a=47)))",47,3,0.3709801781869533,0.7032919444525084,4,2,4,5,4,"{1: 1, 2: 1, 3: 2}",1,6,1,3,3
