472,synthetic_472_16_medium,"Grammar<Starting=NT_0006,Productions=[NT_0006 -> NT_0006_P_00000(__a: NT_0006, __b: NT_0000, __c: NT_0003)|NT_0006_P_00001(__a: NT_0005, __b: bool)|NT_0006_P_00002(__a: NT_0003, __b: NT_0006, __c: int, __d: bool, __e: NT_0001, __f: NT_0003)|NT_0006_P_00003(__a: NT_0003)|NT_0006_P_00004(__a: bool, __b: bool, __c: int)|NT_0006_P_00005(__a: NT_0000)|NT_0006_P_00006(__a: NT_0005, __b: bool, __c: NT_0006, __d: NT_0000);NT_0000 -> NT_0000_P_00000(__a: NT_0000, __b: bool, __c: int, __d: NT_0000, __e: int, __f: int, __g: bool)|NT_0000_P_00001(__a: int, __b: int, __c: int, __d: bool, __e: int, __f: int, __g: bool)|NT_0000_P_00002(__a: NT_0000, __b: int)|NT_0000_P_00003(__a: bool, __b: bool)|NT_0000_P_00004(__a: bool, __b: int, __c: int, __d: bool, __e: int, __f: NT_0000, __g: bool)|NT_0000_P_00005(__a: NT_0000)|NT_0000_P_00006(__a: bool, __b: int, __c: bool, __d: int)|NT_0000_P_00007(__a: NT_0000, __b: bool, __c: bool, __d: int, __e: NT_0000)|NT_0000_P_00008();NT_0003 -> NT_0003_P_00000(__a: int, __b: NT_0001, __c: NT_0000, __d: NT_0000)|NT_0003_P_00001(__a: NT_0000, __b: NT_0003, __c: NT_0002, __d: NT_0002, __e: int, __f: NT_0002)|NT_0003_P_00002(__a: NT_0003, __b: NT_0001, __c: int, __d: NT_0000, __e: NT_0003, __f: NT_0003)|NT_0003_P_00003(__a: NT_0001, __b: int, __c: NT_0003, __d: NT_0002, __e: NT_0003, __f: NT_0002)|NT_0003_P_00004(__a: NT_0002, __b: NT_0002, __c: NT_0003);NT_0001 -> NT_0001_P_00000(__a: int, __b: int, __c: int, __d: NT_0001)|NT_0001_P_00001(__a: NT_0001)|NT_0001_P_00002(__a: int, __b: NT_0001)|NT_0001_P_00003(__a: NT_0001, __b: NT_0000, __c: bool);NT_0002 -> NT_0002_P_00000(__a: NT_0002)|NT_0002_P_00001(__a: NT_0002, __b: NT_0000, __c: NT_0002, __d: NT_0000)|NT_0002_P_00002(__a: int, __b: NT_0002, __c: NT_0002, __d: NT_0000, __e: NT_0001, __f: NT_0000)|NT_0002_P_00003(__a: NT_0002, __b: NT_0001, __c: int, __d: bool, __e: bool, __f: NT_0000)|NT_0002_P_00004(__a: bool, __b: int);NT_0005 -> NT_0005_P_00000(__a: NT_0005, __b: NT_0004, __c: NT_0000)|NT_0005_P_00001(__a: NT_0004, __b: NT_0000, __c: NT_0003, __d: NT_0001)|NT_0005_P_00002(__a: NT_0001, __b: NT_0004, __c: NT_0004, __d: NT_0001, __e: NT_0002, __f: int, __g: NT_0000)|NT_0005_P_00003(__a: NT_0000);NT_0004 -> NT_0004_P_00000(__a: NT_0000)|NT_0004_P_00001(__a: bool, __b: NT_0002, __c: NT_0004, __d: NT_0004, __e: int, __f: NT_0002)|NT_0004_P_00002(__a: NT_0002, __b: NT_0001, __c: NT_0003, __d: NT_0002, __e: int, __f: NT_0002)|NT_0004_P_00003(__a: NT_0001)|NT_0004_P_00004()|NT_0004_P_00005(__a: NT_0001, __b: bool, __c: bool, __d: NT_0001)|NT_0004_P_00006(__a: NT_0002)]>",medium,treebased,16,18,66.54462599754333,0,100,"NT_0006_P_00001(__a=NT_0005_P_00000(__a=NT_0005_P_00000(__a=NT_0005_P_00000(__a=NT_0005_P_00003(__a=NT_0000_P_00003(__a=False, __b=False)), __b=NT_0004_P_00001(__a=False, __b=NT_0002_P_00001(__a=NT_0002_P_00001(__a=NT_0002_P_00000(__a=NT_0002_P_00000(__a=NT_0002_P_00000(__a=NT_0002_P_00004(__a=True, __b=76)))), __b=NT_0000_P_00003(__a=True, __b=False), __c=NT_0002_P_00000(__a=NT_0002_P_00000(__a=NT_0002_P_00004(__a=False, __b=83))), __d=NT_0000_P_00008()), __b=NT_0000_P_00002(__a=NT_0000_P_00003(__a=True, __b=False), __b=74), __c=NT_0002_P_00004(__a=True, __b=54), __d=NT_0000_P_00001(__a=31, __b=0, __c=83, __d=True, __e=94, __f=36, __g=False)), __c=NT_0004_P_00006(__a=NT_0002_P_00000(__a=NT_0002_P_00000(__a=NT_0002_P_00001(__a=NT_0002_P_00000(__a=NT_0002_P_00004(__a=True, __b=58)), __b=NT_0000_P_00001(__a=86, __b=8, __c=16, __d=True, __e=74, __f=67, __g=True), __c=NT_0002_P_00001(__a=NT_0002_P_00000(__a=NT_0002_P_00001(__a=NT_0002_P_00004(__a=False, __b=85), __b=NT_0000_P_00004(__a=False, __b=8, __c=0, __d=False, __e=15, __f=NT_0000_P_00005(__a=NT_0000_P_00006(__a=True, __b=13, __c=False, __d=34)), __g=False), __c=NT_0002_P_00004(__a=True, __b=79), __d=NT_0000_P_00004(__a=True, __b=45, __c=78, __d=True, __e=66, __f=NT_0000_P_00000(__a=NT_0000_P_00004(__a=True, __b=46, __c=34, __d=True, __e=62, __f=NT_0000_P_00008(), __g=False), __b=False, __c=64, __d=NT_0000_P_00005(__a=NT_0000_P_00008()), __e=93, __f=29, __g=True), __g=False))), __b=NT_0000_P_00005(__a=NT_0000_P_00008()), __c=NT_0002_P_00004(__a=True, __b=53), __d=NT_0000_P_00007(__a=NT_0000_P_00008(), __b=True, __c=True, __d=95, __e=NT_0000_P_00007(__a=NT_0000_P_00000(__a=NT_0000_P_00006(__a=True, __b=65, __c=False, __d=87), __b=False, __c=59, __d=NT_0000_P_00007(__a=NT_0000_P_00000(__a=NT_0000_P_00008(), __b=True, __c=60, __d=NT_0000_P_00008(), __e=30, __f=73, __g=False), __b=True, __c=True, __d=89, __e=NT_0000_P_00006(__a=True, __b=95, __c=False, __d=24)), __e=34, __f=36, __g=True), __b=True, __c=True, __d=5, __e=NT_0000_P_00000(__a=NT_0000_P_00003(__a=False, __b=True), __b=False, __c=3, __d=NT_0000_P_00004(__a=False, __b=96, __c=84, __d=False, __e=46, __f=NT_0000_P_00008(), __g=True), __e=9, __f=81, __g=False)))), __d=NT_0000_P_00006(__a=True, __b=8, __c=False, __d=57))))), __d=NT_0004_P_00001(__a=True, __b=NT_0002_P_00004(__a=True, __b=82), __c=NT_0004_P_00004(), __d=NT_0004_P_00006(__a=NT_0002_P_00004(__a=True, __b=22)), __e=65, __f=NT_0002_P_00001(__a=NT_0002_P_00000(__a=NT_0002_P_00000(__a=NT_0002_P_00000(__a=NT_0002_P_00001(__a=NT_0002_P_00000(__a=NT_0002_P_00000(__a=NT_0002_P_00000(__a=NT_0002_P_00004(__a=False, __b=28)))), __b=NT_0000_P_00008(), __c=NT_0002_P_00004(__a=True, __b=46), __d=NT_0000_P_00002(__a=NT_0000_P_00002(__a=NT_0000_P_00005(__a=NT_0000_P_00005(__a=NT_0000_P_00008())), __b=70), __b=14))))), __b=NT_0000_P_00008(), __c=NT_0002_P_00004(__a=True, __b=85), __d=NT_0000_P_00006(__a=True, __b=77, __c=True, __d=66))), __e=100, __f=NT_0002_P_00000(__a=NT_0002_P_00004(__a=False, __b=58))), __c=NT_0000_P_00002(__a=NT_0000_P_00003(__a=True, __b=False), __b=66)), __b=NT_0004_P_00001(__a=False, __b=NT_0002_P_00001(__a=NT_0002_P_00001(__a=NT_0002_P_00001(__a=NT_0002_P_00004(__a=True, __b=99), __b=NT_0000_P_00006(__a=True, __b=55, __c=False, __d=80), __c=NT_0002_P_00000(__a=NT_0002_P_00001(__a=NT_0002_P_00004(__a=False, __b=72), __b=NT_0000_P_00002(__a=NT_0000_P_00005(__a=NT_0000_P_00003(__a=True, __b=True)), __b=81), __c=NT_0002_P_00000(__a=NT_0002_P_00000(__a=NT_0002_P_00001(__a=NT_0002_P_00000(__a=NT_0002_P_00000(__a=NT_0002_P_00004(__a=True, __b=52))), __b=NT_0000_P_00000(__a=NT_0000_P_00004(__a=True, __b=47, __c=55, __d=True, __e=20, __f=NT_0000_P_00008(), __g=True), __b=False, __c=70, __d=NT_0000_P_00004(__a=True, __b=74, __c=36, __d=False, __e=88, __f=NT_0000_P_00000(__a=NT_0000_P_00008(), __b=False, __c=19, __d=NT_0000_P_00008(), __e=95, __f=92, __g=True), __g=True), __e=32, __f=16, __g=False), __c=NT_0002_P_00001(__a=NT_0002_P_00000(__a=NT_0002_P_00004(__a=False, __b=65)), __b=NT_0000_P_00005(__a=NT_0000_P_00006(__a=False, __b=50, __c=True, __d=68)), __c=NT_0002_P_00000(__a=NT_0002_P_00004(__a=False, __b=41)), __d=NT_0000_P_00001(__a=33, __b=48, __c=4, __d=False, __e=92, __f=10, __g=True)), __d=NT_0000_P_00008()))), __d=NT_0000_P_00003(__a=True, __b=False))), __d=NT_0000_P_00007(__a=NT_0000_P_00005(__a=NT_0000_P_00005(__a=NT_0000_P_00000(__a=NT_0000_P_00002(__a=NT_0000_P_00006(__a=True, __b=64, __c=False, __d=20), __b=55), __b=False, __c=32, __d=NT_0000_P_00000(__a=NT_0000_P_00004(__a=True, __b=44, __c=45, __d=True, __e=58, __f=NT_0000_P_00001(__a=1, __b=85, __c=78, __d=True, __e=12, __f=56, __g=False), __g=True), __b=True, __c=51, __d=NT_0000_P_00007(__a=NT_0000_P_00001(__a=38, __b=24, __c=60, __d=False, __e=6, __f=67, __g=True), __b=False, __c=False, __d=1, __e=NT_0000_P_00008()), __e=9, __f=5, __g=False), __e=34, __f=37, __g=False))), __b=False, __c=True, __d=84, __e=NT_0000_P_00006(__a=True, __b=94, __c=False, __d=82))), __b=NT_0000_P_00000(__a=NT_0000_P_00005(__a=NT_0000_P_00007(__a=NT_0000_P_00002(__a=NT_0000_P_00001(__a=63, __b=6, __c=95, __d=False, __e=8, __f=13, __g=False), __b=72), __b=True, __c=True, __d=18, __e=NT_0000_P_00003(__a=False, __b=False))), __b=True, __c=58, __d=NT_0000_P_00004(__a=True, __b=68, __c=84, __d=True, __e=32, __f=NT_0000_P_00003(__a=False, __b=True), __g=False), __e=93, __f=32, __g=True), __c=NT_0002_P_00000(__a=NT_0002_P_00004(__a=False, __b=41)), __d=NT_0000_P_00002(__a=NT_0000_P_00006(__a=True, __b=41, __c=False, __d=15), __b=42)), __b=NT_0000_P_00007(__a=NT_0000_P_00006(__a=False, __b=11, __c=True, __d=62), __b=True, __c=False, __d=65, __e=NT_0000_P_00003(__a=True, __b=False)), __c=NT_0002_P_00000(__a=NT_0002_P_00001(__a=NT_0002_P_00001(__a=NT_0002_P_00004(__a=True, __b=56), __b=NT_0000_P_00003(__a=False, __b=True), __c=NT_0002_P_00001(__a=NT_0002_P_00001(__a=NT_0002_P_00001(__a=NT_0002_P_00001(__a=NT_0002_P_00004(__a=True, __b=66), __b=NT_0000_P_00007(__a=NT_0000_P_00006(__a=False, __b=58, __c=False, __d=3), __b=False, __c=False, __d=74, __e=NT_0000_P_00007(__a=NT_0000_P_00001(__a=54, __b=2, __c=12, __d=True, __e=27, __f=85, __g=True), __b=True, __c=True, __d=57, __e=NT_0000_P_00003(__a=True, __b=False))), __c=NT_0002_P_00004(__a=True, __b=8), __d=NT_0000_P_00001(__a=30, __b=35, __c=89, __d=False, __e=29, __f=82, __g=True)), __b=NT_0000_P_00001(__a=1, __b=6, __c=30, __d=False, __e=61, __f=46, __g=True), __c=NT_0002_P_00001(__a=NT_0002_P_00000(__a=NT_0002_P_00001(__a=NT_0002_P_00004(__a=True, __b=19), __b=NT_0000_P_00005(__a=NT_0000_P_00008()), __c=NT_0002_P_00004(__a=False, __b=12), __d=NT_0000_P_00002(__a=NT_0000_P_00008(), __b=22))), __b=NT_0000_P_00002(__a=NT_0000_P_00002(__a=NT_0000_P_00008(), __b=6), __b=41), __c=NT_0002_P_00000(__a=NT_0002_P_00001(__a=NT_0002_P_00004(__a=True, __b=14), __b=NT_0000_P_00001(__a=11, __b=2, __c=8, __d=False, __e=19, __f=24, __g=False), __c=NT_0002_P_00004(__a=False, __b=63), __d=NT_0000_P_00003(__a=False, __b=False))), __d=NT_0000_P_00005(__a=NT_0000_P_00006(__a=False, __b=27, __c=True, __d=94))), __d=NT_0000_P_00003(__a=False, __b=True)), __b=NT_0000_P_00005(__a=NT_0000_P_00000(__a=NT_0000_P_00005(__a=NT_0000_P_00003(__a=False, __b=True)), __b=False, __c=35, __d=NT_0000_P_00000(__a=NT_0000_P_00006(__a=True, __b=11, __c=True, __d=88), __b=False, __c=9, __d=NT_0000_P_00000(__a=NT_0000_P_00007(__a=NT_0000_P_00008(), __b=True, __c=True, __d=18, __e=NT_0000_P_00008()), __b=True, __c=23, __d=NT_0000_P_00007(__a=NT_0000_P_00008(), __b=False, __c=False, __d=71, __e=NT_0000_P_00008()), __e=87, __f=67, __g=False), __e=18, __f=29, __g=False), __e=26, __f=51, __g=False)), __c=NT_0002_P_00000(__a=NT_0002_P_00000(__a=NT_0002_P_00000(__a=NT_0002_P_00004(__a=False, __b=64)))), __d=NT_0000_P_00001(__a=6, __b=26, __c=95, __d=True, __e=22, __f=2, __g=False)), __b=NT_0000_P_00001(__a=48, __b=70, __c=1, __d=False, __e=9, __f=85, __g=True), __c=NT_0002_P_00000(__a=NT_0002_P_00000(__a=NT_0002_P_00001(__a=NT_0002_P_00004(__a=False, __b=55), __b=NT_0000_P_00000(__a=NT_0000_P_00004(__a=False, __b=97, __c=43, __d=True, __e=48, __f=NT_0000_P_00002(__a=NT_0000_P_00008(), __b=36), __g=False), __b=True, __c=79, __d=NT_0000_P_00007(__a=NT_0000_P_00006(__a=True, __b=1, __c=True, __d=12), __b=True, __c=True, __d=5, __e=NT_0000_P_00006(__a=False, __b=87, __c=False, __d=3)), __e=5, __f=71, __g=False), __c=NT_0002_P_00004(__a=True, __b=90), __d=NT_0000_P_00005(__a=NT_0000_P_00007(__a=NT_0000_P_00008(), __b=True, __c=False, __d=11, __e=NT_0000_P_00002(__a=NT_0000_P_00008(), __b=67)))))), __d=NT_0000_P_00007(__a=NT_0000_P_00005(__a=NT_0000_P_00007(__a=NT_0000_P_00008(), __b=False, __c=False, __d=8, __e=NT_0000_P_00000(__a=NT_0000_P_00001(__a=18, __b=74, __c=58, __d=True, __e=4, __f=66, __g=True), __b=True, __c=69, __d=NT_0000_P_00003(__a=True, __b=False), __e=62, __f=6, __g=True))), __b=False, __c=False, __d=91, __e=NT_0000_P_00008())), __d=NT_0000_P_00004(__a=True, __b=21, __c=40, __d=False, __e=43, __f=NT_0000_P_00006(__a=False, __b=71, __c=True, __d=43), __g=True)), __b=NT_0000_P_00008(), __c=NT_0002_P_00000(__a=NT_0002_P_00000(__a=NT_0002_P_00001(__a=NT_0002_P_00000(__a=NT_0002_P_00004(__a=True, __b=85)), __b=NT_0000_P_00004(__a=False, __b=81, __c=79, __d=False, __e=94, __f=NT_0000_P_00005(__a=NT_0000_P_00008()), __g=False), __c=NT_0002_P_00004(__a=True, __b=99), __d=NT_0000_P_00003(__a=False, __b=False)))), __d=NT_0000_P_00008())), __d=NT_0000_P_00002(__a=NT_0000_P_00005(__a=NT_0000_P_00001(__a=87, __b=74, __c=4, __d=True, __e=90, __f=79, __g=True)), __b=98)), __c=NT_0004_P_00000(__a=NT_0000_P_00006(__a=True, __b=40, __c=False, __d=6)), __d=NT_0004_P_00000(__a=NT_0000_P_00008()), __e=41, __f=NT_0002_P_00000(__a=NT_0002_P_00001(__a=NT_0002_P_00004(__a=False, __b=47), __b=NT_0000_P_00000(__a=NT_0000_P_00007(__a=NT_0000_P_00004(__a=False, __b=69, __c=61, __d=True, __e=38, __f=NT_0000_P_00008(), __g=False), __b=True, __c=False, __d=84, __e=NT_0000_P_00006(__a=True, __b=21, __c=False, __d=3)), __b=False, __c=84, __d=NT_0000_P_00002(__a=NT_0000_P_00003(__a=True, __b=True), __b=56), __e=35, __f=1, __g=True), __c=NT_0002_P_00000(__a=NT_0002_P_00001(__a=NT_0002_P_00004(__a=True, __b=17), __b=NT_0000_P_00001(__a=11, __b=9, __c=76, __d=False, __e=62, __f=39, __g=True), __c=NT_0002_P_00000(__a=NT_0002_P_00004(__a=False, __b=95)), __d=NT_0000_P_00000(__a=NT_0000_P_00007(__a=NT_0000_P_00006(__a=False, __b=40, __c=False, __d=60), __b=False, __c=True, __d=6, __e=NT_0000_P_00006(__a=False, __b=91, __c=True, __d=30)), __b=True, __c=55, __d=NT_0000_P_00005(__a=NT_0000_P_00007(__a=NT_0000_P_00008(), __b=False, __c=False, __d=80, __e=NT_0000_P_00002(__a=NT_0000_P_00002(__a=NT_0000_P_00000(__a=NT_0000_P_00006(__a=True, __b=47, __c=False, __d=25), __b=False, __c=86, __d=NT_0000_P_00005(__a=NT_0000_P_00008()), __e=97, __f=37, __g=True), __b=9), __b=46))), __e=20, __f=7, __g=False))), __d=NT_0000_P_00000(__a=NT_0000_P_00004(__a=False, __b=24, __c=7, __d=False, __e=1, __f=NT_0000_P_00003(__a=False, __b=True), __g=False), __b=True, __c=9, __d=NT_0000_P_00006(__a=True, __b=65, __c=True, __d=6), __e=57, __f=69, __g=False)))), __c=NT_0000_P_00006(__a=False, __b=25, __c=False, __d=92)), __b=NT_0004_P_00004(), __c=NT_0000_P_00004(__a=False, __b=5, __c=37, __d=True, __e=29, __f=NT_0000_P_00005(__a=NT_0000_P_00001(__a=99, __b=89, __c=32, __d=True, __e=19, __f=87, __g=False)), __g=True)), __b=False)",58,4,0.44257557349305543,0.5734597259221655,4,3,2,1000000,7,"{4: 2, 5: 2, 7: 2, 9: 1}",22,7,1,10,7
