994,synthetic_994_8_medium,"Grammar<Starting=NT_0006,Productions=[NT_0006 -> NT_0006_P_00000(__a: NT_0004, __b: NT_0005)|NT_0006_P_00001(__a: NT_0000, __b: NT_0005, __c: NT_0003, __d: NT_0004, __e: NT_0001)|NT_0006_P_00002(__a: NT_0000, __b: int, __c: NT_0002);NT_0004 -> NT_0004_P_00000(__a: bool, __b: int, __c: NT_0003);NT_0003 -> NT_0003_P_00000(__a: NT_0001, __b: NT_0001, __c: NT_0002, __d: NT_0000)|NT_0003_P_00001(__a: NT_0001, __b: NT_0001, __c: NT_0000)|NT_0003_P_00002(__a: NT_0000, __b: NT_0002)|NT_0003_P_00003(__a: NT_0000, __b: NT_0001, __c: int, __d: NT_0001, __e: bool, __f: NT_0001);NT_0001 -> NT_0001_P_00000(__a: bool, __b: NT_0000)|NT_0001_P_00001(__a: bool)|NT_0001_P_00002();NT_0000 -> NT_0000_P_00000(__a: NT_0000, __b: bool, __c: NT_0000, __d: bool, __e: int)|NT_0000_P_00001(__a: int, __b: NT_0000, __c: bool)|NT_0000_P_00002(__a: bool, __b: int, __c: int, __d: int, __e: bool, __f: bool)|NT_0000_P_00003(__a: int, __b: bool, __c: int, __d: bool, __e: bool)|NT_0000_P_00004(__a: int, __b: bool, __c: int, __d: bool, __e: int)|NT_0000_P_00005(__a: int, __b: bool, __c: bool, __d: int, __e: NT_0000)|NT_0000_P_00006(__a: bool, __b: int, __c: int)|NT_0000_P_00007(__a: bool);NT_0002 -> NT_0002_P_00000(__a: NT_0001, __b: int, __c: NT_0000)|NT_0002_P_00001(__a: bool, __b: int, __c: bool, __d: bool)|NT_0002_P_00002(__a: int, __b: bool, __c: bool, __d: NT_0001)|NT_0002_P_00003(__a: int, __b: NT_0000, __c: NT_0000, __d: int);NT_0005 -> NT_0005_P_00000()|NT_0005_P_00001(__a: NT_0003, __b: NT_0001)|NT_0005_P_00002(__a: NT_0004, __b: int, __c: NT_0001)|NT_0005_P_00003(__a: NT_0002, __b: bool)|NT_0005_P_00004(__a: NT_0000)|NT_0005_P_00005(__a: int)|NT_0005_P_00006()]>",medium,treebased,8,4,682.731960773468,0,100,"NT_0006_P_00002(__a=NT_0000_P_00002(__a=False, __b=88, __c=81, __d=64, __e=True, __f=False), __b=2, __c=NT_0002_P_00003(__a=33, __b=NT_0000_P_00000(__a=NT_0000_P_00000(__a=NT_0000_P_00007(__a=False), __b=True, __c=NT_0000_P_00006(__a=True, __b=57, __c=29), __d=True, __e=62), __b=False, __c=NT_0000_P_00000(__a=NT_0000_P_00006(__a=False, __b=37, __c=91), __b=True, __c=NT_0000_P_00000(__a=NT_0000_P_00006(__a=False, __b=89, __c=48), __b=True, __c=NT_0000_P_00004(__a=96, __b=False, __c=16, __d=True, __e=51), __d=True, __e=18), __d=False, __e=82), __d=False, __e=16), __c=NT_0000_P_00004(__a=22, __b=False, __c=42, __d=False, __e=60), __d=46))",57,5,0.47668877306410273,0.16129663484597306,4,3,3,5,7,"{1: 1, 3: 2, 4: 2, 7: 1, 8: 1}",3,7,6,8,6
