Fitness,Depth,Nodes,Generations,time_since_the_start_of_the_evolution,seed,genotype_as_str
15.0,9,20,1,0.6918909549713135,10911,"Genotype(dna=[91362, 94983, 7634, 15758, 62431, 64404, 48234, 27187, 54146, 29614, 57858, 71468, 70839, 35235, 48025, 9974, 46686, 61028, 37711, 44483, 71100, 40489, 90736, 27652, 66355, 79096, 10533, 98401, 41052, 49774, 77895, 5956, 45023, 65763, 20375, 22449, 26091, 36987, 99018, 92940, 9885, 58109, 71294, 23510, 33889, 58754, 43946, 10166, 21433, 28471, 46701, 94974, 59519, 29203, 68991, 29553, 47099, 37233, 46706, 62706, 70065, 24996, 36195, 73618, 85521, 17266, 28461, 98360, 95655, 85912, 41137, 80091, 17470, 52986, 7821, 25280, 86500, 45756, 94481, 75130, 33799, 16568, 99119, 79719, 50995, 36928, 28818, 9743, 54695, 57404, 95705, 74914, 57923, 26782, 19111, 26055, 33263, 68162, 73329, 32697, 83880, 96692, 37521, 66695, 32061, 85929, 76664, 72354, 58968, 31022, 82247, 22834, 66495, 33741, 71800, 46203, 8008, 57129, 27847, 58400, 13630, 87757, 47309, 31100, 62922, 21541, 92894, 39412, 86796, 79539, 83896, 43361, 40160, 85801, 63797, 50736, 31418, 74007, 48318, 27259, 81482, 34271, 24648, 46269, 42888, 99427, 78012, 77149, 11698, 3876, 51137, 2074, 16227, 47069, 29643, 64286, 51317, 73593, 91049, 71634, 90060, 75184, 34867, 90825, 50508, 3669, 74511, 83665, 11750, 13059, 41967, 32157, 30593, 75760, 85213, 58970, 48560, 97254, 53485, 9575, 26675, 11056, 76384, 8590, 89798, 32365, 75792, 29890, 89666, 33576, 57766, 71444, 72200, 56363, 34574, 71064, 71237, 70160, 90112, 28694, 18922, 87050, 35158, 70324, 26222, 49462, 13316, 38623, 89766, 1685, 99865, 1530, 96255, 68737, 10786, 22894, 12493, 41821, 80923, 58738, 71248, 52243, 98646, 28783, 72656, 62468, 72550, 40126, 70743, 59768, 35833, 5320, 6580, 46693, 34333, 55817, 67320, 32627, 56783, 41170, 38993, 14024, 62579, 6265, 20741, 97096, 92271, 12162, 41044, 57908, 15424, 381, 93320, 33517, 63459, 95101])"
15.0,9,20,2,1.4882655143737793,10911,"Genotype(dna=[91362, 94983, 7634, 15758, 62431, 64404, 48234, 27187, 54146, 29614, 57858, 71468, 70839, 35235, 48025, 9974, 46686, 61028, 37711, 44483, 71100, 40489, 90736, 27652, 66355, 79096, 10533, 98401, 41052, 49774, 77895, 5956, 45023, 65763, 20375, 22449, 26091, 36987, 99018, 92940, 9885, 58109, 71294, 23510, 33889, 58754, 43946, 10166, 21433, 28471, 46701, 94974, 59519, 29203, 68991, 29553, 47099, 37233, 46706, 62706, 70065, 24996, 36195, 73618, 85521, 17266, 28461, 98360, 95655, 85912, 41137, 80091, 17470, 52986, 7821, 25280, 86500, 45756, 94481, 75130, 33799, 16568, 99119, 79719, 50995, 36928, 28818, 9743, 54695, 57404, 95705, 74914, 57923, 26782, 19111, 26055, 33263, 68162, 73329, 32697, 83880, 96692, 37521, 66695, 32061, 85929, 76664, 72354, 58968, 31022, 82247, 22834, 66495, 33741, 71800, 46203, 8008, 57129, 27847, 58400, 13630, 87757, 47309, 31100, 62922, 21541, 92894, 39412, 86796, 79539, 83896, 43361, 40160, 85801, 63797, 50736, 31418, 74007, 48318, 27259, 81482, 34271, 24648, 46269, 42888, 99427, 78012, 77149, 11698, 3876, 51137, 2074, 16227, 47069, 29643, 64286, 51317, 73593, 91049, 71634, 90060, 75184, 34867, 90825, 50508, 3669, 74511, 83665, 11750, 13059, 41967, 32157, 30593, 75760, 85213, 58970, 48560, 97254, 53485, 9575, 26675, 11056, 76384, 8590, 89798, 32365, 75792, 29890, 89666, 33576, 57766, 71444, 72200, 56363, 34574, 71064, 71237, 70160, 90112, 28694, 18922, 87050, 35158, 70324, 26222, 49462, 13316, 38623, 89766, 1685, 99865, 1530, 96255, 68737, 10786, 22894, 12493, 41821, 80923, 58738, 71248, 52243, 98646, 28783, 72656, 62468, 72550, 40126, 70743, 59768, 35833, 5320, 6580, 46693, 34333, 55817, 67320, 32627, 56783, 41170, 38993, 14024, 62579, 6265, 20741, 97096, 92271, 12162, 41044, 57908, 15424, 381, 93320, 33517, 63459, 95101])"
9.0,9,22,3,1.8683586120605469,10911,"Genotype(dna=[91362, 94983, 7634, 15758, 62431, 64404, 48234, 27187, 54146, 29614, 57858, 71468, 70839, 35235, 48025, 9974, 46686, 61028, 37711, 44483, 71100, 40489, 90736, 27652, 66355, 79096, 10533, 98401, 41052, 49774, 77895, 5956, 45023, 65763, 20375, 22449, 26091, 36987, 99018, 92940, 9885, 58109, 71294, 23510, 33889, 58754, 43946, 10166, 21433, 28471, 46701, 94974, 59519, 29203, 68991, 29553, 47099, 37233, 46706, 62706, 70065, 24996, 36195, 73618, 85521, 17266, 28461, 98360, 95655, 85912, 66681, 47584, 94935, 63905, 32923, 92640, 33061, 9576, 54927, 38652, 57014, 36147, 49242, 76772, 4583, 93688, 99100, 11258, 71367, 13750, 56738, 63949, 53132, 72453, 11437, 30450, 78069, 5555, 10317, 398, 47067, 35457, 2428, 89413, 25360, 72709, 71450, 21632, 11797, 95472, 62505, 78481, 34030, 63830, 94830, 76783, 62437, 12853, 33074, 49186, 56248, 77889, 87097, 47558, 94421, 57817, 8282, 73296, 35777, 27390, 38755, 59173, 7907, 17763, 90775, 64971, 62862, 16688, 72458, 25575, 22950, 37256, 53037, 38392, 548, 93232, 8025, 7139, 60033, 94615, 90010, 93400, 87505, 96759, 19715, 69692, 89184, 74066, 15385, 25832, 96708, 94305, 61699, 26326, 87169, 82692, 54816, 45536, 16392, 60497, 66674, 10693, 67755, 88699, 83123, 567, 17599, 19394, 92258, 28715, 10564, 21868, 65209, 44441, 78874, 42256, 79856, 31700, 29202, 87666, 66030, 31292, 27162, 65370, 53173, 19185, 36284, 72606, 38362, 65694, 85672, 86818, 36860, 5552, 4246, 1923, 55139, 56218, 3285, 37317, 26853, 38135, 7332, 40534, 40325, 53060, 39227, 47637, 10480, 23852, 63076, 39196, 88571, 15208, 94466, 12465, 25053, 33788, 24462, 48446, 59999, 47259, 96230, 14821, 64597, 6691, 42795, 8564, 1433, 94843, 16387, 41809, 67928, 82713, 95992, 73115, 60270, 79815, 58784, 26989, 44761, 5941, 71766, 60135, 33315, 64769])"
9.0,9,22,4,2.2503645420074463,10911,"Genotype(dna=[91362, 94983, 7634, 15758, 62431, 64404, 48234, 27187, 54146, 29614, 57858, 71468, 70839, 35235, 48025, 9974, 46686, 61028, 37711, 44483, 71100, 40489, 90736, 27652, 66355, 79096, 10533, 98401, 41052, 49774, 77895, 5956, 45023, 65763, 20375, 22449, 26091, 36987, 99018, 92940, 9885, 58109, 71294, 23510, 33889, 58754, 43946, 10166, 21433, 28471, 46701, 94974, 59519, 29203, 68991, 29553, 47099, 37233, 46706, 62706, 70065, 24996, 36195, 73618, 85521, 17266, 28461, 98360, 95655, 85912, 66681, 47584, 94935, 63905, 32923, 92640, 33061, 9576, 54927, 38652, 57014, 36147, 49242, 76772, 4583, 93688, 99100, 11258, 71367, 13750, 56738, 63949, 53132, 72453, 11437, 30450, 78069, 5555, 10317, 398, 47067, 35457, 2428, 89413, 25360, 72709, 71450, 21632, 11797, 95472, 62505, 78481, 34030, 63830, 94830, 76783, 62437, 12853, 33074, 49186, 56248, 77889, 87097, 47558, 94421, 57817, 8282, 73296, 35777, 27390, 38755, 59173, 7907, 17763, 90775, 64971, 62862, 16688, 72458, 25575, 22950, 37256, 53037, 38392, 548, 93232, 8025, 7139, 60033, 94615, 90010, 93400, 87505, 96759, 19715, 69692, 89184, 74066, 15385, 25832, 96708, 94305, 61699, 26326, 87169, 82692, 54816, 45536, 16392, 60497, 66674, 10693, 67755, 88699, 83123, 567, 17599, 19394, 92258, 28715, 10564, 21868, 65209, 44441, 78874, 42256, 79856, 31700, 29202, 87666, 66030, 31292, 27162, 65370, 53173, 19185, 36284, 72606, 38362, 65694, 85672, 86818, 36860, 5552, 4246, 1923, 55139, 56218, 3285, 37317, 26853, 38135, 7332, 40534, 40325, 53060, 39227, 47637, 10480, 23852, 63076, 39196, 88571, 15208, 94466, 12465, 25053, 33788, 24462, 48446, 59999, 47259, 96230, 14821, 64597, 6691, 42795, 8564, 1433, 94843, 16387, 41809, 67928, 82713, 95992, 73115, 60270, 79815, 58784, 26989, 44761, 5941, 71766, 60135, 33315, 64769])"
9.0,9,22,5,2.738088369369507,10911,"Genotype(dna=[91362, 94983, 7634, 15758, 62431, 64404, 48234, 27187, 54146, 29614, 57858, 71468, 70839, 35235, 48025, 9974, 46686, 61028, 37711, 44483, 71100, 40489, 90736, 27652, 66355, 79096, 10533, 98401, 41052, 49774, 77895, 5956, 45023, 65763, 20375, 22449, 26091, 36987, 99018, 92940, 9885, 58109, 71294, 23510, 33889, 58754, 43946, 10166, 21433, 28471, 46701, 94974, 59519, 29203, 68991, 29553, 47099, 37233, 46706, 62706, 70065, 24996, 36195, 73618, 85521, 17266, 28461, 98360, 95655, 85912, 66681, 47584, 94935, 63905, 32923, 92640, 33061, 9576, 54927, 38652, 57014, 36147, 49242, 76772, 4583, 93688, 99100, 11258, 71367, 13750, 56738, 63949, 53132, 72453, 11437, 30450, 78069, 5555, 10317, 398, 47067, 35457, 2428, 89413, 25360, 72709, 71450, 21632, 11797, 95472, 62505, 78481, 34030, 63830, 94830, 76783, 62437, 12853, 33074, 49186, 56248, 77889, 87097, 47558, 94421, 57817, 8282, 73296, 35777, 27390, 38755, 59173, 7907, 17763, 90775, 64971, 62862, 16688, 72458, 25575, 22950, 37256, 53037, 38392, 548, 93232, 8025, 7139, 60033, 94615, 90010, 93400, 87505, 96759, 19715, 69692, 89184, 74066, 15385, 25832, 96708, 94305, 61699, 26326, 87169, 82692, 54816, 45536, 16392, 60497, 66674, 10693, 67755, 88699, 83123, 567, 17599, 19394, 92258, 28715, 10564, 21868, 65209, 44441, 78874, 42256, 79856, 31700, 29202, 87666, 66030, 31292, 27162, 65370, 53173, 19185, 36284, 72606, 38362, 65694, 85672, 86818, 36860, 5552, 4246, 1923, 55139, 56218, 3285, 37317, 26853, 38135, 7332, 40534, 40325, 53060, 39227, 47637, 10480, 23852, 63076, 39196, 88571, 15208, 94466, 12465, 25053, 33788, 24462, 48446, 59999, 47259, 96230, 14821, 64597, 6691, 42795, 8564, 1433, 94843, 16387, 41809, 67928, 82713, 95992, 73115, 60270, 79815, 58784, 26989, 44761, 5941, 71766, 60135, 33315, 64769])"
9.0,9,22,6,3.118536949157715,10911,"Genotype(dna=[91362, 94983, 7634, 15758, 62431, 64404, 48234, 27187, 54146, 29614, 57858, 71468, 70839, 35235, 48025, 9974, 46686, 61028, 37711, 44483, 71100, 40489, 90736, 27652, 66355, 79096, 10533, 98401, 41052, 49774, 77895, 5956, 45023, 65763, 20375, 22449, 26091, 36987, 99018, 92940, 9885, 58109, 71294, 23510, 33889, 58754, 43946, 10166, 21433, 28471, 46701, 94974, 59519, 29203, 68991, 29553, 47099, 37233, 46706, 62706, 70065, 24996, 36195, 73618, 85521, 17266, 28461, 98360, 95655, 85912, 66681, 47584, 94935, 63905, 32923, 92640, 33061, 9576, 54927, 38652, 57014, 36147, 49242, 76772, 4583, 93688, 99100, 11258, 71367, 13750, 56738, 63949, 53132, 72453, 11437, 30450, 78069, 5555, 10317, 398, 47067, 35457, 2428, 89413, 25360, 72709, 71450, 21632, 11797, 95472, 62505, 78481, 34030, 63830, 94830, 76783, 62437, 12853, 33074, 49186, 56248, 77889, 87097, 47558, 94421, 57817, 8282, 73296, 35777, 27390, 38755, 59173, 7907, 17763, 90775, 64971, 62862, 16688, 72458, 25575, 22950, 37256, 53037, 38392, 548, 93232, 8025, 7139, 60033, 94615, 90010, 93400, 87505, 96759, 19715, 69692, 89184, 74066, 15385, 25832, 96708, 94305, 61699, 26326, 87169, 82692, 54816, 45536, 16392, 60497, 66674, 10693, 67755, 88699, 83123, 567, 17599, 19394, 92258, 28715, 10564, 21868, 65209, 44441, 78874, 42256, 79856, 31700, 29202, 87666, 66030, 31292, 27162, 65370, 53173, 19185, 36284, 72606, 38362, 65694, 85672, 86818, 36860, 5552, 4246, 1923, 55139, 56218, 3285, 37317, 26853, 38135, 7332, 40534, 40325, 53060, 39227, 47637, 10480, 23852, 63076, 39196, 88571, 15208, 94466, 12465, 25053, 33788, 24462, 48446, 59999, 47259, 96230, 14821, 64597, 6691, 42795, 8564, 1433, 94843, 16387, 41809, 67928, 82713, 95992, 73115, 60270, 79815, 58784, 26989, 44761, 5941, 71766, 60135, 33315, 64769])"
9.0,9,22,7,3.4191629886627197,10911,"Genotype(dna=[91362, 94983, 7634, 15758, 62431, 64404, 48234, 27187, 54146, 29614, 57858, 71468, 70839, 35235, 48025, 9974, 46686, 61028, 37711, 44483, 71100, 40489, 90736, 27652, 66355, 79096, 10533, 98401, 41052, 49774, 77895, 5956, 45023, 65763, 20375, 22449, 26091, 36987, 99018, 92940, 9885, 58109, 71294, 23510, 33889, 58754, 43946, 10166, 21433, 28471, 46701, 94974, 59519, 29203, 68991, 29553, 47099, 37233, 46706, 62706, 70065, 24996, 36195, 73618, 85521, 17266, 28461, 98360, 95655, 85912, 66681, 47584, 94935, 63905, 32923, 92640, 33061, 9576, 54927, 38652, 57014, 36147, 49242, 76772, 4583, 93688, 99100, 11258, 71367, 13750, 56738, 63949, 53132, 72453, 11437, 30450, 78069, 5555, 10317, 398, 47067, 35457, 2428, 89413, 25360, 72709, 71450, 21632, 11797, 95472, 62505, 78481, 34030, 63830, 94830, 76783, 62437, 12853, 33074, 49186, 56248, 77889, 87097, 47558, 94421, 57817, 8282, 73296, 35777, 27390, 38755, 59173, 7907, 17763, 90775, 64971, 62862, 16688, 72458, 25575, 22950, 37256, 53037, 38392, 548, 93232, 8025, 7139, 60033, 94615, 90010, 93400, 87505, 96759, 19715, 69692, 89184, 74066, 15385, 25832, 96708, 94305, 61699, 26326, 87169, 82692, 54816, 45536, 16392, 60497, 66674, 10693, 67755, 88699, 83123, 567, 17599, 19394, 92258, 28715, 10564, 21868, 65209, 44441, 78874, 42256, 79856, 31700, 29202, 87666, 66030, 31292, 27162, 65370, 53173, 19185, 36284, 72606, 38362, 65694, 85672, 86818, 36860, 5552, 4246, 1923, 55139, 56218, 3285, 37317, 26853, 38135, 7332, 40534, 40325, 53060, 39227, 47637, 10480, 23852, 63076, 39196, 88571, 15208, 94466, 12465, 25053, 33788, 24462, 48446, 59999, 47259, 96230, 14821, 64597, 6691, 42795, 8564, 1433, 94843, 16387, 41809, 67928, 82713, 95992, 73115, 60270, 79815, 58784, 26989, 44761, 5941, 71766, 60135, 33315, 64769])"
9.0,9,22,8,3.8152647018432617,10911,"Genotype(dna=[91362, 94983, 7634, 15758, 62431, 64404, 48234, 27187, 54146, 29614, 57858, 71468, 70839, 35235, 48025, 9974, 46686, 61028, 37711, 44483, 71100, 40489, 90736, 27652, 66355, 79096, 10533, 98401, 41052, 49774, 77895, 5956, 45023, 65763, 20375, 22449, 26091, 36987, 99018, 92940, 9885, 58109, 71294, 23510, 33889, 58754, 43946, 10166, 21433, 28471, 46701, 94974, 59519, 29203, 68991, 29553, 47099, 37233, 46706, 62706, 70065, 24996, 36195, 73618, 85521, 17266, 28461, 98360, 95655, 85912, 66681, 47584, 94935, 63905, 32923, 92640, 33061, 9576, 54927, 38652, 57014, 36147, 49242, 76772, 4583, 93688, 99100, 11258, 71367, 13750, 56738, 63949, 53132, 72453, 11437, 30450, 78069, 5555, 10317, 398, 47067, 35457, 2428, 89413, 25360, 72709, 71450, 21632, 11797, 95472, 62505, 78481, 34030, 63830, 94830, 76783, 62437, 12853, 33074, 49186, 56248, 77889, 87097, 47558, 94421, 57817, 8282, 73296, 35777, 27390, 38755, 59173, 7907, 17763, 90775, 64971, 62862, 16688, 72458, 25575, 22950, 37256, 53037, 38392, 548, 93232, 8025, 7139, 60033, 94615, 90010, 93400, 87505, 96759, 19715, 69692, 89184, 74066, 15385, 25832, 96708, 94305, 61699, 26326, 87169, 82692, 54816, 45536, 16392, 60497, 66674, 10693, 67755, 88699, 83123, 567, 17599, 19394, 92258, 28715, 10564, 21868, 65209, 44441, 78874, 42256, 79856, 31700, 29202, 87666, 66030, 31292, 27162, 65370, 53173, 19185, 36284, 72606, 38362, 65694, 85672, 86818, 36860, 5552, 4246, 1923, 55139, 56218, 3285, 37317, 26853, 38135, 7332, 40534, 40325, 53060, 39227, 47637, 10480, 23852, 63076, 39196, 88571, 15208, 94466, 12465, 25053, 33788, 24462, 48446, 59999, 47259, 96230, 14821, 64597, 6691, 42795, 8564, 1433, 94843, 16387, 41809, 67928, 82713, 95992, 73115, 60270, 79815, 58784, 26989, 44761, 5941, 71766, 60135, 33315, 64769])"
9.0,9,22,9,4.057055711746216,10911,"Genotype(dna=[91362, 94983, 7634, 15758, 62431, 64404, 48234, 27187, 54146, 29614, 57858, 71468, 70839, 35235, 48025, 9974, 46686, 61028, 37711, 44483, 71100, 40489, 90736, 27652, 66355, 79096, 10533, 98401, 41052, 49774, 77895, 5956, 45023, 65763, 20375, 22449, 26091, 36987, 99018, 92940, 9885, 58109, 71294, 23510, 33889, 58754, 43946, 10166, 21433, 28471, 46701, 94974, 59519, 29203, 68991, 29553, 47099, 37233, 46706, 62706, 70065, 24996, 36195, 73618, 85521, 17266, 28461, 98360, 95655, 85912, 66681, 47584, 94935, 63905, 32923, 92640, 33061, 9576, 54927, 38652, 57014, 36147, 49242, 76772, 4583, 93688, 99100, 11258, 71367, 13750, 56738, 63949, 53132, 72453, 11437, 30450, 78069, 5555, 10317, 398, 47067, 35457, 2428, 89413, 25360, 72709, 71450, 21632, 11797, 95472, 62505, 78481, 34030, 63830, 94830, 76783, 62437, 12853, 33074, 49186, 56248, 77889, 87097, 47558, 94421, 57817, 8282, 73296, 35777, 27390, 38755, 59173, 7907, 17763, 90775, 64971, 62862, 16688, 72458, 25575, 22950, 37256, 53037, 38392, 548, 93232, 8025, 7139, 60033, 94615, 90010, 93400, 87505, 96759, 19715, 69692, 89184, 74066, 15385, 25832, 96708, 94305, 61699, 26326, 87169, 82692, 54816, 45536, 16392, 60497, 66674, 10693, 67755, 88699, 83123, 567, 17599, 19394, 92258, 28715, 10564, 21868, 65209, 44441, 78874, 42256, 79856, 31700, 29202, 87666, 66030, 31292, 27162, 65370, 53173, 19185, 36284, 72606, 38362, 65694, 85672, 86818, 36860, 5552, 4246, 1923, 55139, 56218, 3285, 37317, 26853, 38135, 7332, 40534, 40325, 53060, 39227, 47637, 10480, 23852, 63076, 39196, 88571, 15208, 94466, 12465, 25053, 33788, 24462, 48446, 59999, 47259, 96230, 14821, 64597, 6691, 42795, 8564, 1433, 94843, 16387, 41809, 67928, 82713, 95992, 73115, 60270, 79815, 58784, 26989, 44761, 5941, 71766, 60135, 33315, 64769])"
9.0,9,22,10,4.143505334854126,10911,"Genotype(dna=[91362, 94983, 7634, 15758, 62431, 64404, 48234, 27187, 54146, 29614, 57858, 71468, 70839, 35235, 48025, 9974, 46686, 61028, 37711, 44483, 71100, 40489, 90736, 27652, 66355, 79096, 10533, 98401, 41052, 49774, 77895, 5956, 45023, 65763, 20375, 22449, 26091, 36987, 99018, 92940, 9885, 58109, 71294, 23510, 33889, 58754, 43946, 10166, 21433, 28471, 46701, 94974, 59519, 29203, 68991, 29553, 47099, 37233, 46706, 62706, 70065, 24996, 36195, 73618, 85521, 17266, 28461, 98360, 95655, 85912, 66681, 47584, 94935, 63905, 32923, 92640, 33061, 9576, 54927, 38652, 57014, 36147, 49242, 76772, 4583, 93688, 99100, 11258, 71367, 13750, 56738, 63949, 53132, 72453, 11437, 30450, 78069, 5555, 10317, 398, 47067, 35457, 2428, 89413, 25360, 72709, 71450, 21632, 11797, 95472, 62505, 78481, 34030, 63830, 94830, 76783, 62437, 12853, 33074, 49186, 56248, 77889, 87097, 47558, 94421, 57817, 8282, 73296, 35777, 27390, 38755, 59173, 7907, 17763, 90775, 64971, 62862, 16688, 72458, 25575, 22950, 37256, 53037, 38392, 548, 93232, 8025, 7139, 60033, 94615, 90010, 93400, 87505, 96759, 19715, 69692, 89184, 74066, 15385, 25832, 96708, 94305, 61699, 26326, 87169, 82692, 54816, 45536, 16392, 60497, 66674, 10693, 67755, 88699, 83123, 567, 17599, 19394, 92258, 28715, 10564, 21868, 65209, 44441, 78874, 42256, 79856, 31700, 29202, 87666, 66030, 31292, 27162, 65370, 53173, 19185, 36284, 72606, 38362, 65694, 85672, 86818, 36860, 5552, 4246, 1923, 55139, 56218, 3285, 37317, 26853, 38135, 7332, 40534, 40325, 53060, 39227, 47637, 10480, 23852, 63076, 39196, 88571, 15208, 94466, 12465, 25053, 33788, 24462, 48446, 59999, 47259, 96230, 14821, 64597, 6691, 42795, 8564, 1433, 94843, 16387, 41809, 67928, 82713, 95992, 73115, 60270, 79815, 58784, 26989, 44761, 5941, 71766, 60135, 33315, 64769])"
9.0,9,22,11,4.217631101608276,10911,"Genotype(dna=[91362, 94983, 7634, 15758, 62431, 64404, 48234, 27187, 54146, 29614, 57858, 71468, 70839, 35235, 48025, 9974, 46686, 61028, 37711, 44483, 71100, 40489, 90736, 27652, 66355, 79096, 10533, 98401, 41052, 49774, 77895, 5956, 45023, 65763, 20375, 22449, 26091, 36987, 99018, 92940, 9885, 58109, 71294, 23510, 33889, 58754, 43946, 10166, 21433, 28471, 46701, 94974, 59519, 29203, 68991, 29553, 47099, 37233, 46706, 62706, 70065, 24996, 36195, 73618, 85521, 17266, 28461, 98360, 95655, 85912, 66681, 47584, 94935, 63905, 32923, 92640, 33061, 9576, 54927, 38652, 57014, 36147, 49242, 76772, 4583, 93688, 99100, 11258, 71367, 13750, 56738, 63949, 53132, 72453, 11437, 30450, 78069, 5555, 10317, 398, 47067, 35457, 2428, 89413, 25360, 72709, 71450, 21632, 11797, 95472, 62505, 78481, 34030, 63830, 94830, 76783, 62437, 12853, 33074, 49186, 56248, 77889, 87097, 47558, 94421, 57817, 8282, 73296, 35777, 27390, 38755, 59173, 7907, 17763, 90775, 64971, 62862, 16688, 72458, 25575, 22950, 37256, 53037, 38392, 548, 93232, 8025, 7139, 60033, 94615, 90010, 93400, 87505, 96759, 19715, 69692, 89184, 74066, 15385, 25832, 96708, 94305, 61699, 26326, 87169, 82692, 54816, 45536, 16392, 60497, 66674, 10693, 67755, 88699, 83123, 567, 17599, 19394, 92258, 28715, 10564, 21868, 65209, 44441, 78874, 42256, 79856, 31700, 29202, 87666, 66030, 31292, 27162, 65370, 53173, 19185, 36284, 72606, 38362, 65694, 85672, 86818, 36860, 5552, 4246, 1923, 55139, 56218, 3285, 37317, 26853, 38135, 7332, 40534, 40325, 53060, 39227, 47637, 10480, 23852, 63076, 39196, 88571, 15208, 94466, 12465, 25053, 33788, 24462, 48446, 59999, 47259, 96230, 14821, 64597, 6691, 42795, 8564, 1433, 94843, 16387, 41809, 67928, 82713, 95992, 73115, 60270, 79815, 58784, 26989, 44761, 5941, 71766, 60135, 33315, 64769])"
9.0,9,22,12,4.325152635574341,10911,"Genotype(dna=[91362, 94983, 7634, 15758, 62431, 64404, 48234, 27187, 54146, 29614, 57858, 71468, 70839, 35235, 48025, 9974, 46686, 61028, 37711, 44483, 71100, 40489, 90736, 27652, 66355, 79096, 10533, 98401, 41052, 49774, 77895, 5956, 45023, 65763, 20375, 22449, 26091, 36987, 99018, 92940, 9885, 58109, 71294, 23510, 33889, 58754, 43946, 10166, 21433, 28471, 46701, 94974, 59519, 29203, 68991, 29553, 47099, 37233, 46706, 62706, 70065, 24996, 36195, 73618, 85521, 17266, 28461, 98360, 95655, 85912, 66681, 47584, 94935, 63905, 32923, 92640, 33061, 9576, 54927, 38652, 57014, 36147, 49242, 76772, 4583, 93688, 99100, 11258, 71367, 13750, 56738, 63949, 53132, 72453, 11437, 30450, 78069, 5555, 10317, 398, 47067, 35457, 2428, 89413, 25360, 72709, 71450, 21632, 11797, 95472, 62505, 78481, 34030, 63830, 94830, 76783, 62437, 12853, 33074, 49186, 56248, 77889, 87097, 47558, 94421, 57817, 8282, 73296, 35777, 27390, 38755, 59173, 7907, 17763, 90775, 64971, 62862, 16688, 72458, 25575, 22950, 37256, 53037, 38392, 548, 93232, 8025, 7139, 60033, 94615, 90010, 93400, 87505, 96759, 19715, 69692, 89184, 74066, 15385, 25832, 96708, 94305, 61699, 26326, 87169, 82692, 54816, 45536, 16392, 60497, 66674, 10693, 67755, 88699, 83123, 567, 17599, 19394, 92258, 28715, 10564, 21868, 65209, 44441, 78874, 42256, 79856, 31700, 29202, 87666, 66030, 31292, 27162, 65370, 53173, 19185, 36284, 72606, 38362, 65694, 85672, 86818, 36860, 5552, 4246, 1923, 55139, 56218, 3285, 37317, 26853, 38135, 7332, 40534, 40325, 53060, 39227, 47637, 10480, 23852, 63076, 39196, 88571, 15208, 94466, 12465, 25053, 33788, 24462, 48446, 59999, 47259, 96230, 14821, 64597, 6691, 42795, 8564, 1433, 94843, 16387, 41809, 67928, 82713, 95992, 73115, 60270, 79815, 58784, 26989, 44761, 5941, 71766, 60135, 33315, 64769])"
9.0,9,22,13,4.408929109573364,10911,"Genotype(dna=[91362, 94983, 7634, 15758, 62431, 64404, 48234, 27187, 54146, 29614, 57858, 71468, 70839, 35235, 48025, 9974, 46686, 61028, 37711, 44483, 71100, 40489, 90736, 27652, 66355, 79096, 10533, 98401, 41052, 49774, 77895, 5956, 45023, 65763, 20375, 22449, 26091, 36987, 99018, 92940, 9885, 58109, 71294, 23510, 33889, 58754, 43946, 10166, 21433, 28471, 46701, 94974, 59519, 29203, 68991, 29553, 47099, 37233, 46706, 62706, 70065, 24996, 36195, 73618, 85521, 17266, 28461, 98360, 95655, 85912, 66681, 47584, 94935, 63905, 32923, 92640, 33061, 9576, 54927, 38652, 57014, 36147, 49242, 76772, 4583, 93688, 99100, 11258, 71367, 13750, 56738, 63949, 53132, 72453, 11437, 30450, 78069, 5555, 10317, 398, 47067, 35457, 2428, 89413, 25360, 72709, 71450, 21632, 11797, 95472, 62505, 78481, 34030, 63830, 94830, 76783, 62437, 12853, 33074, 49186, 56248, 77889, 87097, 47558, 94421, 57817, 8282, 73296, 35777, 27390, 38755, 59173, 7907, 17763, 90775, 64971, 62862, 16688, 72458, 25575, 22950, 37256, 53037, 38392, 548, 93232, 8025, 7139, 60033, 94615, 90010, 93400, 87505, 96759, 19715, 69692, 89184, 74066, 15385, 25832, 96708, 94305, 61699, 26326, 87169, 82692, 54816, 45536, 16392, 60497, 66674, 10693, 67755, 88699, 83123, 567, 17599, 19394, 92258, 28715, 10564, 21868, 65209, 44441, 78874, 42256, 79856, 31700, 29202, 87666, 66030, 31292, 27162, 65370, 53173, 19185, 36284, 72606, 38362, 65694, 85672, 86818, 36860, 5552, 4246, 1923, 55139, 56218, 3285, 37317, 26853, 38135, 7332, 40534, 40325, 53060, 39227, 47637, 10480, 23852, 63076, 39196, 88571, 15208, 94466, 12465, 25053, 33788, 24462, 48446, 59999, 47259, 96230, 14821, 64597, 6691, 42795, 8564, 1433, 94843, 16387, 41809, 67928, 82713, 95992, 73115, 60270, 79815, 58784, 26989, 44761, 5941, 71766, 60135, 33315, 64769])"
9.0,9,22,14,4.4646923542022705,10911,"Genotype(dna=[91362, 94983, 7634, 15758, 62431, 64404, 48234, 27187, 54146, 29614, 57858, 71468, 70839, 35235, 48025, 9974, 46686, 61028, 37711, 44483, 71100, 40489, 90736, 27652, 66355, 79096, 10533, 98401, 41052, 49774, 77895, 5956, 45023, 65763, 20375, 22449, 26091, 36987, 99018, 92940, 9885, 58109, 71294, 23510, 33889, 58754, 43946, 10166, 21433, 28471, 46701, 94974, 59519, 29203, 68991, 29553, 47099, 37233, 46706, 62706, 70065, 24996, 36195, 73618, 85521, 17266, 28461, 98360, 95655, 85912, 66681, 47584, 94935, 63905, 32923, 92640, 33061, 9576, 54927, 38652, 57014, 36147, 49242, 76772, 4583, 93688, 99100, 11258, 71367, 13750, 56738, 63949, 53132, 72453, 11437, 30450, 78069, 5555, 10317, 398, 47067, 35457, 2428, 89413, 25360, 72709, 71450, 21632, 11797, 95472, 62505, 78481, 34030, 63830, 94830, 76783, 62437, 12853, 33074, 49186, 56248, 77889, 87097, 47558, 94421, 57817, 8282, 73296, 35777, 27390, 38755, 59173, 7907, 17763, 90775, 64971, 62862, 16688, 72458, 25575, 22950, 37256, 53037, 38392, 548, 93232, 8025, 7139, 60033, 94615, 90010, 93400, 87505, 96759, 19715, 69692, 89184, 74066, 15385, 25832, 96708, 94305, 61699, 26326, 87169, 82692, 54816, 45536, 16392, 60497, 66674, 10693, 67755, 88699, 83123, 567, 17599, 19394, 92258, 28715, 10564, 21868, 65209, 44441, 78874, 42256, 79856, 31700, 29202, 87666, 66030, 31292, 27162, 65370, 53173, 19185, 36284, 72606, 38362, 65694, 85672, 86818, 36860, 5552, 4246, 1923, 55139, 56218, 3285, 37317, 26853, 38135, 7332, 40534, 40325, 53060, 39227, 47637, 10480, 23852, 63076, 39196, 88571, 15208, 94466, 12465, 25053, 33788, 24462, 48446, 59999, 47259, 96230, 14821, 64597, 6691, 42795, 8564, 1433, 94843, 16387, 41809, 67928, 82713, 95992, 73115, 60270, 79815, 58784, 26989, 44761, 5941, 71766, 60135, 33315, 64769])"
9.0,9,22,15,4.581479549407959,10911,"Genotype(dna=[91362, 94983, 7634, 15758, 62431, 64404, 48234, 27187, 54146, 29614, 57858, 71468, 70839, 35235, 48025, 9974, 46686, 61028, 37711, 44483, 71100, 40489, 90736, 27652, 66355, 79096, 10533, 98401, 41052, 49774, 77895, 5956, 45023, 65763, 20375, 22449, 26091, 36987, 99018, 92940, 9885, 58109, 71294, 23510, 33889, 58754, 43946, 10166, 21433, 28471, 46701, 94974, 59519, 29203, 68991, 29553, 47099, 37233, 46706, 62706, 70065, 24996, 36195, 73618, 85521, 17266, 28461, 98360, 95655, 85912, 66681, 47584, 94935, 63905, 32923, 92640, 33061, 9576, 54927, 38652, 57014, 36147, 49242, 76772, 4583, 93688, 99100, 11258, 71367, 13750, 56738, 63949, 53132, 72453, 11437, 30450, 78069, 5555, 10317, 398, 47067, 35457, 2428, 89413, 25360, 72709, 71450, 21632, 11797, 95472, 62505, 78481, 34030, 63830, 94830, 76783, 62437, 12853, 33074, 49186, 56248, 77889, 87097, 47558, 94421, 57817, 8282, 73296, 35777, 27390, 38755, 59173, 7907, 17763, 90775, 64971, 62862, 16688, 72458, 25575, 22950, 37256, 53037, 38392, 548, 93232, 8025, 7139, 60033, 94615, 90010, 93400, 87505, 96759, 19715, 69692, 89184, 74066, 15385, 25832, 96708, 94305, 61699, 26326, 87169, 82692, 54816, 45536, 16392, 60497, 66674, 10693, 67755, 88699, 83123, 567, 17599, 19394, 92258, 28715, 10564, 21868, 65209, 44441, 78874, 42256, 79856, 31700, 29202, 87666, 66030, 31292, 27162, 65370, 53173, 19185, 36284, 72606, 38362, 65694, 85672, 86818, 36860, 5552, 4246, 1923, 55139, 56218, 3285, 37317, 26853, 38135, 7332, 40534, 40325, 53060, 39227, 47637, 10480, 23852, 63076, 39196, 88571, 15208, 94466, 12465, 25053, 33788, 24462, 48446, 59999, 47259, 96230, 14821, 64597, 6691, 42795, 8564, 1433, 94843, 16387, 41809, 67928, 82713, 95992, 73115, 60270, 79815, 58784, 26989, 44761, 5941, 71766, 60135, 33315, 64769])"
9.0,9,22,16,4.697391986846924,10911,"Genotype(dna=[91362, 94983, 7634, 15758, 62431, 64404, 48234, 27187, 54146, 29614, 57858, 71468, 70839, 35235, 48025, 9974, 46686, 61028, 37711, 44483, 71100, 40489, 90736, 27652, 66355, 79096, 10533, 98401, 41052, 49774, 77895, 5956, 45023, 65763, 20375, 22449, 26091, 36987, 99018, 92940, 9885, 58109, 71294, 23510, 33889, 58754, 43946, 10166, 21433, 28471, 46701, 94974, 59519, 29203, 68991, 29553, 47099, 37233, 46706, 62706, 70065, 24996, 36195, 73618, 85521, 17266, 28461, 98360, 95655, 85912, 66681, 47584, 94935, 63905, 32923, 92640, 33061, 9576, 54927, 38652, 57014, 36147, 49242, 76772, 4583, 93688, 99100, 11258, 71367, 13750, 56738, 63949, 53132, 72453, 11437, 30450, 78069, 5555, 10317, 398, 47067, 35457, 2428, 89413, 25360, 72709, 71450, 21632, 11797, 95472, 62505, 78481, 34030, 63830, 94830, 76783, 62437, 12853, 33074, 49186, 56248, 77889, 87097, 47558, 94421, 57817, 8282, 73296, 35777, 27390, 38755, 59173, 7907, 17763, 90775, 64971, 62862, 16688, 72458, 25575, 22950, 37256, 53037, 38392, 548, 93232, 8025, 7139, 60033, 94615, 90010, 93400, 87505, 96759, 19715, 69692, 89184, 74066, 15385, 25832, 96708, 94305, 61699, 26326, 87169, 82692, 54816, 45536, 16392, 60497, 66674, 10693, 67755, 88699, 83123, 567, 17599, 19394, 92258, 28715, 10564, 21868, 65209, 44441, 78874, 42256, 79856, 31700, 29202, 87666, 66030, 31292, 27162, 65370, 53173, 19185, 36284, 72606, 38362, 65694, 85672, 86818, 36860, 5552, 4246, 1923, 55139, 56218, 3285, 37317, 26853, 38135, 7332, 40534, 40325, 53060, 39227, 47637, 10480, 23852, 63076, 39196, 88571, 15208, 94466, 12465, 25053, 33788, 24462, 48446, 59999, 47259, 96230, 14821, 64597, 6691, 42795, 8564, 1433, 94843, 16387, 41809, 67928, 82713, 95992, 73115, 60270, 79815, 58784, 26989, 44761, 5941, 71766, 60135, 33315, 64769])"
9.0,9,22,17,4.759284973144531,10911,"Genotype(dna=[91362, 94983, 7634, 15758, 62431, 64404, 48234, 27187, 54146, 29614, 57858, 71468, 70839, 35235, 48025, 9974, 46686, 61028, 37711, 44483, 71100, 40489, 90736, 27652, 66355, 79096, 10533, 98401, 41052, 49774, 77895, 5956, 45023, 65763, 20375, 22449, 26091, 36987, 99018, 92940, 9885, 58109, 71294, 23510, 33889, 58754, 43946, 10166, 21433, 28471, 46701, 94974, 59519, 29203, 68991, 29553, 47099, 37233, 46706, 62706, 70065, 24996, 36195, 73618, 85521, 17266, 28461, 98360, 95655, 85912, 66681, 47584, 94935, 63905, 32923, 92640, 33061, 9576, 54927, 38652, 57014, 36147, 49242, 76772, 4583, 93688, 99100, 11258, 71367, 13750, 56738, 63949, 53132, 72453, 11437, 30450, 78069, 5555, 10317, 398, 47067, 35457, 2428, 89413, 25360, 72709, 71450, 21632, 11797, 95472, 62505, 78481, 34030, 63830, 94830, 76783, 62437, 12853, 33074, 49186, 56248, 77889, 87097, 47558, 94421, 57817, 8282, 73296, 35777, 27390, 38755, 59173, 7907, 17763, 90775, 64971, 62862, 16688, 72458, 25575, 22950, 37256, 53037, 38392, 548, 93232, 8025, 7139, 60033, 94615, 90010, 93400, 87505, 96759, 19715, 69692, 89184, 74066, 15385, 25832, 96708, 94305, 61699, 26326, 87169, 82692, 54816, 45536, 16392, 60497, 66674, 10693, 67755, 88699, 83123, 567, 17599, 19394, 92258, 28715, 10564, 21868, 65209, 44441, 78874, 42256, 79856, 31700, 29202, 87666, 66030, 31292, 27162, 65370, 53173, 19185, 36284, 72606, 38362, 65694, 85672, 86818, 36860, 5552, 4246, 1923, 55139, 56218, 3285, 37317, 26853, 38135, 7332, 40534, 40325, 53060, 39227, 47637, 10480, 23852, 63076, 39196, 88571, 15208, 94466, 12465, 25053, 33788, 24462, 48446, 59999, 47259, 96230, 14821, 64597, 6691, 42795, 8564, 1433, 94843, 16387, 41809, 67928, 82713, 95992, 73115, 60270, 79815, 58784, 26989, 44761, 5941, 71766, 60135, 33315, 64769])"
9.0,9,22,18,4.809945583343506,10911,"Genotype(dna=[91362, 94983, 7634, 15758, 62431, 64404, 48234, 27187, 54146, 29614, 57858, 71468, 70839, 35235, 48025, 9974, 46686, 61028, 37711, 44483, 71100, 40489, 90736, 27652, 66355, 79096, 10533, 98401, 41052, 49774, 77895, 5956, 45023, 65763, 20375, 22449, 26091, 36987, 99018, 92940, 9885, 58109, 71294, 23510, 33889, 58754, 43946, 10166, 21433, 28471, 46701, 94974, 59519, 29203, 68991, 29553, 47099, 37233, 46706, 62706, 70065, 24996, 36195, 73618, 85521, 17266, 28461, 98360, 95655, 85912, 66681, 47584, 94935, 63905, 32923, 92640, 33061, 9576, 54927, 38652, 57014, 36147, 49242, 76772, 4583, 93688, 99100, 11258, 71367, 13750, 56738, 63949, 53132, 72453, 11437, 30450, 78069, 5555, 10317, 398, 47067, 35457, 2428, 89413, 25360, 72709, 71450, 21632, 11797, 95472, 62505, 78481, 34030, 63830, 94830, 76783, 62437, 12853, 33074, 49186, 56248, 77889, 87097, 47558, 94421, 57817, 8282, 73296, 35777, 27390, 38755, 59173, 7907, 17763, 90775, 64971, 62862, 16688, 72458, 25575, 22950, 37256, 53037, 38392, 548, 93232, 8025, 7139, 60033, 94615, 90010, 93400, 87505, 96759, 19715, 69692, 89184, 74066, 15385, 25832, 96708, 94305, 61699, 26326, 87169, 82692, 54816, 45536, 16392, 60497, 66674, 10693, 67755, 88699, 83123, 567, 17599, 19394, 92258, 28715, 10564, 21868, 65209, 44441, 78874, 42256, 79856, 31700, 29202, 87666, 66030, 31292, 27162, 65370, 53173, 19185, 36284, 72606, 38362, 65694, 85672, 86818, 36860, 5552, 4246, 1923, 55139, 56218, 3285, 37317, 26853, 38135, 7332, 40534, 40325, 53060, 39227, 47637, 10480, 23852, 63076, 39196, 88571, 15208, 94466, 12465, 25053, 33788, 24462, 48446, 59999, 47259, 96230, 14821, 64597, 6691, 42795, 8564, 1433, 94843, 16387, 41809, 67928, 82713, 95992, 73115, 60270, 79815, 58784, 26989, 44761, 5941, 71766, 60135, 33315, 64769])"
9.0,9,22,19,4.865856409072876,10911,"Genotype(dna=[91362, 94983, 7634, 15758, 62431, 64404, 48234, 27187, 54146, 29614, 57858, 71468, 70839, 35235, 48025, 9974, 46686, 61028, 37711, 44483, 71100, 40489, 90736, 27652, 66355, 79096, 10533, 98401, 41052, 49774, 77895, 5956, 45023, 65763, 20375, 22449, 26091, 36987, 99018, 92940, 9885, 58109, 71294, 23510, 33889, 58754, 43946, 10166, 21433, 28471, 46701, 94974, 59519, 29203, 68991, 29553, 47099, 37233, 46706, 62706, 70065, 24996, 36195, 73618, 85521, 17266, 28461, 98360, 95655, 85912, 66681, 47584, 94935, 63905, 32923, 92640, 33061, 9576, 54927, 38652, 57014, 36147, 49242, 76772, 4583, 93688, 99100, 11258, 71367, 13750, 56738, 63949, 53132, 72453, 11437, 30450, 78069, 5555, 10317, 398, 47067, 35457, 2428, 89413, 25360, 72709, 71450, 21632, 11797, 95472, 62505, 78481, 34030, 63830, 94830, 76783, 62437, 12853, 33074, 49186, 56248, 77889, 87097, 47558, 94421, 57817, 8282, 73296, 35777, 27390, 38755, 59173, 7907, 17763, 90775, 64971, 62862, 16688, 72458, 25575, 22950, 37256, 53037, 38392, 548, 93232, 8025, 7139, 60033, 94615, 90010, 93400, 87505, 96759, 19715, 69692, 89184, 74066, 15385, 25832, 96708, 94305, 61699, 26326, 87169, 82692, 54816, 45536, 16392, 60497, 66674, 10693, 67755, 88699, 83123, 567, 17599, 19394, 92258, 28715, 10564, 21868, 65209, 44441, 78874, 42256, 79856, 31700, 29202, 87666, 66030, 31292, 27162, 65370, 53173, 19185, 36284, 72606, 38362, 65694, 85672, 86818, 36860, 5552, 4246, 1923, 55139, 56218, 3285, 37317, 26853, 38135, 7332, 40534, 40325, 53060, 39227, 47637, 10480, 23852, 63076, 39196, 88571, 15208, 94466, 12465, 25053, 33788, 24462, 48446, 59999, 47259, 96230, 14821, 64597, 6691, 42795, 8564, 1433, 94843, 16387, 41809, 67928, 82713, 95992, 73115, 60270, 79815, 58784, 26989, 44761, 5941, 71766, 60135, 33315, 64769])"
9.0,9,22,20,4.916697025299072,10911,"Genotype(dna=[91362, 94983, 7634, 15758, 62431, 64404, 48234, 27187, 54146, 29614, 57858, 71468, 70839, 35235, 48025, 9974, 46686, 61028, 37711, 44483, 71100, 40489, 90736, 27652, 66355, 79096, 10533, 98401, 41052, 49774, 77895, 5956, 45023, 65763, 20375, 22449, 26091, 36987, 99018, 92940, 9885, 58109, 71294, 23510, 33889, 58754, 43946, 10166, 21433, 28471, 46701, 94974, 59519, 29203, 68991, 29553, 47099, 37233, 46706, 62706, 70065, 24996, 36195, 73618, 85521, 17266, 28461, 98360, 95655, 85912, 66681, 47584, 94935, 63905, 32923, 92640, 33061, 9576, 54927, 38652, 57014, 36147, 49242, 76772, 4583, 93688, 99100, 11258, 71367, 13750, 56738, 63949, 53132, 72453, 11437, 30450, 78069, 5555, 10317, 398, 47067, 35457, 2428, 89413, 25360, 72709, 71450, 21632, 11797, 95472, 62505, 78481, 34030, 63830, 94830, 76783, 62437, 12853, 33074, 49186, 56248, 77889, 87097, 47558, 94421, 57817, 8282, 73296, 35777, 27390, 38755, 59173, 7907, 17763, 90775, 64971, 62862, 16688, 72458, 25575, 22950, 37256, 53037, 38392, 548, 93232, 8025, 7139, 60033, 94615, 90010, 93400, 87505, 96759, 19715, 69692, 89184, 74066, 15385, 25832, 96708, 94305, 61699, 26326, 87169, 82692, 54816, 45536, 16392, 60497, 66674, 10693, 67755, 88699, 83123, 567, 17599, 19394, 92258, 28715, 10564, 21868, 65209, 44441, 78874, 42256, 79856, 31700, 29202, 87666, 66030, 31292, 27162, 65370, 53173, 19185, 36284, 72606, 38362, 65694, 85672, 86818, 36860, 5552, 4246, 1923, 55139, 56218, 3285, 37317, 26853, 38135, 7332, 40534, 40325, 53060, 39227, 47637, 10480, 23852, 63076, 39196, 88571, 15208, 94466, 12465, 25053, 33788, 24462, 48446, 59999, 47259, 96230, 14821, 64597, 6691, 42795, 8564, 1433, 94843, 16387, 41809, 67928, 82713, 95992, 73115, 60270, 79815, 58784, 26989, 44761, 5941, 71766, 60135, 33315, 64769])"
9.0,9,22,21,4.981037378311157,10911,"Genotype(dna=[91362, 94983, 7634, 15758, 62431, 64404, 48234, 27187, 54146, 29614, 57858, 71468, 70839, 35235, 48025, 9974, 46686, 61028, 37711, 44483, 71100, 40489, 90736, 27652, 66355, 79096, 10533, 98401, 41052, 49774, 77895, 5956, 45023, 65763, 20375, 22449, 26091, 36987, 99018, 92940, 9885, 58109, 71294, 23510, 33889, 58754, 43946, 10166, 21433, 28471, 46701, 94974, 59519, 29203, 68991, 29553, 47099, 37233, 46706, 62706, 70065, 24996, 36195, 73618, 85521, 17266, 28461, 98360, 95655, 85912, 66681, 47584, 94935, 63905, 32923, 92640, 33061, 9576, 54927, 38652, 57014, 36147, 49242, 76772, 4583, 93688, 99100, 11258, 71367, 13750, 56738, 63949, 53132, 72453, 11437, 30450, 78069, 5555, 10317, 398, 47067, 35457, 2428, 89413, 25360, 72709, 71450, 21632, 11797, 95472, 62505, 78481, 34030, 63830, 94830, 76783, 62437, 12853, 33074, 49186, 56248, 77889, 87097, 47558, 94421, 57817, 8282, 73296, 35777, 27390, 38755, 59173, 7907, 17763, 90775, 64971, 62862, 16688, 72458, 25575, 22950, 37256, 53037, 38392, 548, 93232, 8025, 7139, 60033, 94615, 90010, 93400, 87505, 96759, 19715, 69692, 89184, 74066, 15385, 25832, 96708, 94305, 61699, 26326, 87169, 82692, 54816, 45536, 16392, 60497, 66674, 10693, 67755, 88699, 83123, 567, 17599, 19394, 92258, 28715, 10564, 21868, 65209, 44441, 78874, 42256, 79856, 31700, 29202, 87666, 66030, 31292, 27162, 65370, 53173, 19185, 36284, 72606, 38362, 65694, 85672, 86818, 36860, 5552, 4246, 1923, 55139, 56218, 3285, 37317, 26853, 38135, 7332, 40534, 40325, 53060, 39227, 47637, 10480, 23852, 63076, 39196, 88571, 15208, 94466, 12465, 25053, 33788, 24462, 48446, 59999, 47259, 96230, 14821, 64597, 6691, 42795, 8564, 1433, 94843, 16387, 41809, 67928, 82713, 95992, 73115, 60270, 79815, 58784, 26989, 44761, 5941, 71766, 60135, 33315, 64769])"
9.0,9,22,22,5.080861806869507,10911,"Genotype(dna=[91362, 94983, 7634, 15758, 62431, 64404, 48234, 27187, 54146, 29614, 57858, 71468, 70839, 35235, 48025, 9974, 46686, 61028, 37711, 44483, 71100, 40489, 90736, 27652, 66355, 79096, 10533, 98401, 41052, 49774, 77895, 5956, 45023, 65763, 20375, 22449, 26091, 36987, 99018, 92940, 9885, 58109, 71294, 23510, 33889, 58754, 43946, 10166, 21433, 28471, 46701, 94974, 59519, 29203, 68991, 29553, 47099, 37233, 46706, 62706, 70065, 24996, 36195, 73618, 85521, 17266, 28461, 98360, 95655, 85912, 66681, 47584, 94935, 63905, 32923, 92640, 33061, 9576, 54927, 38652, 57014, 36147, 49242, 76772, 4583, 93688, 99100, 11258, 71367, 13750, 56738, 63949, 53132, 72453, 11437, 30450, 78069, 5555, 10317, 398, 47067, 35457, 2428, 89413, 25360, 72709, 71450, 21632, 11797, 95472, 62505, 78481, 34030, 63830, 94830, 76783, 62437, 12853, 33074, 49186, 56248, 77889, 87097, 47558, 94421, 57817, 8282, 73296, 35777, 27390, 38755, 59173, 7907, 17763, 90775, 64971, 62862, 16688, 72458, 25575, 22950, 37256, 53037, 38392, 548, 93232, 8025, 7139, 60033, 94615, 90010, 93400, 87505, 96759, 19715, 69692, 89184, 74066, 15385, 25832, 96708, 94305, 61699, 26326, 87169, 82692, 54816, 45536, 16392, 60497, 66674, 10693, 67755, 88699, 83123, 567, 17599, 19394, 92258, 28715, 10564, 21868, 65209, 44441, 78874, 42256, 79856, 31700, 29202, 87666, 66030, 31292, 27162, 65370, 53173, 19185, 36284, 72606, 38362, 65694, 85672, 86818, 36860, 5552, 4246, 1923, 55139, 56218, 3285, 37317, 26853, 38135, 7332, 40534, 40325, 53060, 39227, 47637, 10480, 23852, 63076, 39196, 88571, 15208, 94466, 12465, 25053, 33788, 24462, 48446, 59999, 47259, 96230, 14821, 64597, 6691, 42795, 8564, 1433, 94843, 16387, 41809, 67928, 82713, 95992, 73115, 60270, 79815, 58784, 26989, 44761, 5941, 71766, 60135, 33315, 64769])"
9.0,9,22,23,5.143376350402832,10911,"Genotype(dna=[91362, 94983, 7634, 15758, 62431, 64404, 48234, 27187, 54146, 29614, 57858, 71468, 70839, 35235, 48025, 9974, 46686, 61028, 37711, 44483, 71100, 40489, 90736, 27652, 66355, 79096, 10533, 98401, 41052, 49774, 77895, 5956, 45023, 65763, 20375, 22449, 26091, 36987, 99018, 92940, 9885, 58109, 71294, 23510, 33889, 58754, 43946, 10166, 21433, 28471, 46701, 94974, 59519, 29203, 68991, 29553, 47099, 37233, 46706, 62706, 70065, 24996, 36195, 73618, 85521, 17266, 28461, 98360, 95655, 85912, 66681, 47584, 94935, 63905, 32923, 92640, 33061, 9576, 54927, 38652, 57014, 36147, 49242, 76772, 4583, 93688, 99100, 11258, 71367, 13750, 56738, 63949, 53132, 72453, 11437, 30450, 78069, 5555, 10317, 398, 47067, 35457, 2428, 89413, 25360, 72709, 71450, 21632, 11797, 95472, 62505, 78481, 34030, 63830, 94830, 76783, 62437, 12853, 33074, 49186, 56248, 77889, 87097, 47558, 94421, 57817, 8282, 73296, 35777, 27390, 38755, 59173, 7907, 17763, 90775, 64971, 62862, 16688, 72458, 25575, 22950, 37256, 53037, 38392, 548, 93232, 8025, 7139, 60033, 94615, 90010, 93400, 87505, 96759, 19715, 69692, 89184, 74066, 15385, 25832, 96708, 94305, 61699, 26326, 87169, 82692, 54816, 45536, 16392, 60497, 66674, 10693, 67755, 88699, 83123, 567, 17599, 19394, 92258, 28715, 10564, 21868, 65209, 44441, 78874, 42256, 79856, 31700, 29202, 87666, 66030, 31292, 27162, 65370, 53173, 19185, 36284, 72606, 38362, 65694, 85672, 86818, 36860, 5552, 4246, 1923, 55139, 56218, 3285, 37317, 26853, 38135, 7332, 40534, 40325, 53060, 39227, 47637, 10480, 23852, 63076, 39196, 88571, 15208, 94466, 12465, 25053, 33788, 24462, 48446, 59999, 47259, 96230, 14821, 64597, 6691, 42795, 8564, 1433, 94843, 16387, 41809, 67928, 82713, 95992, 73115, 60270, 79815, 58784, 26989, 44761, 5941, 71766, 60135, 33315, 64769])"
9.0,9,22,24,5.183783531188965,10911,"Genotype(dna=[91362, 94983, 7634, 15758, 62431, 64404, 48234, 27187, 54146, 29614, 57858, 71468, 70839, 35235, 48025, 9974, 46686, 61028, 37711, 44483, 71100, 40489, 90736, 27652, 66355, 79096, 10533, 98401, 41052, 49774, 77895, 5956, 45023, 65763, 20375, 22449, 26091, 36987, 99018, 92940, 9885, 58109, 71294, 23510, 33889, 58754, 43946, 10166, 21433, 28471, 46701, 94974, 59519, 29203, 68991, 29553, 47099, 37233, 46706, 62706, 70065, 24996, 36195, 73618, 85521, 17266, 28461, 98360, 95655, 85912, 66681, 47584, 94935, 63905, 32923, 92640, 33061, 9576, 54927, 38652, 57014, 36147, 49242, 76772, 4583, 93688, 99100, 11258, 71367, 13750, 56738, 63949, 53132, 72453, 11437, 30450, 78069, 5555, 10317, 398, 47067, 35457, 2428, 89413, 25360, 72709, 71450, 21632, 11797, 95472, 62505, 78481, 34030, 63830, 94830, 76783, 62437, 12853, 33074, 49186, 56248, 77889, 87097, 47558, 94421, 57817, 8282, 73296, 35777, 27390, 38755, 59173, 7907, 17763, 90775, 64971, 62862, 16688, 72458, 25575, 22950, 37256, 53037, 38392, 548, 93232, 8025, 7139, 60033, 94615, 90010, 93400, 87505, 96759, 19715, 69692, 89184, 74066, 15385, 25832, 96708, 94305, 61699, 26326, 87169, 82692, 54816, 45536, 16392, 60497, 66674, 10693, 67755, 88699, 83123, 567, 17599, 19394, 92258, 28715, 10564, 21868, 65209, 44441, 78874, 42256, 79856, 31700, 29202, 87666, 66030, 31292, 27162, 65370, 53173, 19185, 36284, 72606, 38362, 65694, 85672, 86818, 36860, 5552, 4246, 1923, 55139, 56218, 3285, 37317, 26853, 38135, 7332, 40534, 40325, 53060, 39227, 47637, 10480, 23852, 63076, 39196, 88571, 15208, 94466, 12465, 25053, 33788, 24462, 48446, 59999, 47259, 96230, 14821, 64597, 6691, 42795, 8564, 1433, 94843, 16387, 41809, 67928, 82713, 95992, 73115, 60270, 79815, 58784, 26989, 44761, 5941, 71766, 60135, 33315, 64769])"
9.0,9,22,25,5.216004848480225,10911,"Genotype(dna=[91362, 94983, 7634, 15758, 62431, 64404, 48234, 27187, 54146, 29614, 57858, 71468, 70839, 35235, 48025, 9974, 46686, 61028, 37711, 44483, 71100, 40489, 90736, 27652, 66355, 79096, 10533, 98401, 41052, 49774, 77895, 5956, 45023, 65763, 20375, 22449, 26091, 36987, 99018, 92940, 9885, 58109, 71294, 23510, 33889, 58754, 43946, 10166, 21433, 28471, 46701, 94974, 59519, 29203, 68991, 29553, 47099, 37233, 46706, 62706, 70065, 24996, 36195, 73618, 85521, 17266, 28461, 98360, 95655, 85912, 66681, 47584, 94935, 63905, 32923, 92640, 33061, 9576, 54927, 38652, 57014, 36147, 49242, 76772, 4583, 93688, 99100, 11258, 71367, 13750, 56738, 63949, 53132, 72453, 11437, 30450, 78069, 5555, 10317, 398, 47067, 35457, 2428, 89413, 25360, 72709, 71450, 21632, 11797, 95472, 62505, 78481, 34030, 63830, 94830, 76783, 62437, 12853, 33074, 49186, 56248, 77889, 87097, 47558, 94421, 57817, 8282, 73296, 35777, 27390, 38755, 59173, 7907, 17763, 90775, 64971, 62862, 16688, 72458, 25575, 22950, 37256, 53037, 38392, 548, 93232, 8025, 7139, 60033, 94615, 90010, 93400, 87505, 96759, 19715, 69692, 89184, 74066, 15385, 25832, 96708, 94305, 61699, 26326, 87169, 82692, 54816, 45536, 16392, 60497, 66674, 10693, 67755, 88699, 83123, 567, 17599, 19394, 92258, 28715, 10564, 21868, 65209, 44441, 78874, 42256, 79856, 31700, 29202, 87666, 66030, 31292, 27162, 65370, 53173, 19185, 36284, 72606, 38362, 65694, 85672, 86818, 36860, 5552, 4246, 1923, 55139, 56218, 3285, 37317, 26853, 38135, 7332, 40534, 40325, 53060, 39227, 47637, 10480, 23852, 63076, 39196, 88571, 15208, 94466, 12465, 25053, 33788, 24462, 48446, 59999, 47259, 96230, 14821, 64597, 6691, 42795, 8564, 1433, 94843, 16387, 41809, 67928, 82713, 95992, 73115, 60270, 79815, 58784, 26989, 44761, 5941, 71766, 60135, 33315, 64769])"
9.0,9,22,26,5.259296894073486,10911,"Genotype(dna=[91362, 94983, 7634, 15758, 62431, 64404, 48234, 27187, 54146, 29614, 57858, 71468, 70839, 35235, 48025, 9974, 46686, 61028, 37711, 44483, 71100, 40489, 90736, 27652, 66355, 79096, 10533, 98401, 41052, 49774, 77895, 5956, 45023, 65763, 20375, 22449, 26091, 36987, 99018, 92940, 9885, 58109, 71294, 23510, 33889, 58754, 43946, 10166, 21433, 28471, 46701, 94974, 59519, 29203, 68991, 29553, 47099, 37233, 46706, 62706, 70065, 24996, 36195, 73618, 85521, 17266, 28461, 98360, 95655, 85912, 66681, 47584, 94935, 63905, 32923, 92640, 33061, 9576, 54927, 38652, 57014, 36147, 49242, 76772, 4583, 93688, 99100, 11258, 71367, 13750, 56738, 63949, 53132, 72453, 11437, 30450, 78069, 5555, 10317, 398, 47067, 35457, 2428, 89413, 25360, 72709, 71450, 21632, 11797, 95472, 62505, 78481, 34030, 63830, 94830, 76783, 62437, 12853, 33074, 49186, 56248, 77889, 87097, 47558, 94421, 57817, 8282, 73296, 35777, 27390, 38755, 59173, 7907, 17763, 90775, 64971, 62862, 16688, 72458, 25575, 22950, 37256, 53037, 38392, 548, 93232, 8025, 7139, 60033, 94615, 90010, 93400, 87505, 96759, 19715, 69692, 89184, 74066, 15385, 25832, 96708, 94305, 61699, 26326, 87169, 82692, 54816, 45536, 16392, 60497, 66674, 10693, 67755, 88699, 83123, 567, 17599, 19394, 92258, 28715, 10564, 21868, 65209, 44441, 78874, 42256, 79856, 31700, 29202, 87666, 66030, 31292, 27162, 65370, 53173, 19185, 36284, 72606, 38362, 65694, 85672, 86818, 36860, 5552, 4246, 1923, 55139, 56218, 3285, 37317, 26853, 38135, 7332, 40534, 40325, 53060, 39227, 47637, 10480, 23852, 63076, 39196, 88571, 15208, 94466, 12465, 25053, 33788, 24462, 48446, 59999, 47259, 96230, 14821, 64597, 6691, 42795, 8564, 1433, 94843, 16387, 41809, 67928, 82713, 95992, 73115, 60270, 79815, 58784, 26989, 44761, 5941, 71766, 60135, 33315, 64769])"
9.0,9,22,27,5.294917345046997,10911,"Genotype(dna=[91362, 94983, 7634, 15758, 62431, 64404, 48234, 27187, 54146, 29614, 57858, 71468, 70839, 35235, 48025, 9974, 46686, 61028, 37711, 44483, 71100, 40489, 90736, 27652, 66355, 79096, 10533, 98401, 41052, 49774, 77895, 5956, 45023, 65763, 20375, 22449, 26091, 36987, 99018, 92940, 9885, 58109, 71294, 23510, 33889, 58754, 43946, 10166, 21433, 28471, 46701, 94974, 59519, 29203, 68991, 29553, 47099, 37233, 46706, 62706, 70065, 24996, 36195, 73618, 85521, 17266, 28461, 98360, 95655, 85912, 66681, 47584, 94935, 63905, 32923, 92640, 33061, 9576, 54927, 38652, 57014, 36147, 49242, 76772, 4583, 93688, 99100, 11258, 71367, 13750, 56738, 63949, 53132, 72453, 11437, 30450, 78069, 5555, 10317, 398, 47067, 35457, 2428, 89413, 25360, 72709, 71450, 21632, 11797, 95472, 62505, 78481, 34030, 63830, 94830, 76783, 62437, 12853, 33074, 49186, 56248, 77889, 87097, 47558, 94421, 57817, 8282, 73296, 35777, 27390, 38755, 59173, 7907, 17763, 90775, 64971, 62862, 16688, 72458, 25575, 22950, 37256, 53037, 38392, 548, 93232, 8025, 7139, 60033, 94615, 90010, 93400, 87505, 96759, 19715, 69692, 89184, 74066, 15385, 25832, 96708, 94305, 61699, 26326, 87169, 82692, 54816, 45536, 16392, 60497, 66674, 10693, 67755, 88699, 83123, 567, 17599, 19394, 92258, 28715, 10564, 21868, 65209, 44441, 78874, 42256, 79856, 31700, 29202, 87666, 66030, 31292, 27162, 65370, 53173, 19185, 36284, 72606, 38362, 65694, 85672, 86818, 36860, 5552, 4246, 1923, 55139, 56218, 3285, 37317, 26853, 38135, 7332, 40534, 40325, 53060, 39227, 47637, 10480, 23852, 63076, 39196, 88571, 15208, 94466, 12465, 25053, 33788, 24462, 48446, 59999, 47259, 96230, 14821, 64597, 6691, 42795, 8564, 1433, 94843, 16387, 41809, 67928, 82713, 95992, 73115, 60270, 79815, 58784, 26989, 44761, 5941, 71766, 60135, 33315, 64769])"
9.0,9,22,28,5.330143928527832,10911,"Genotype(dna=[91362, 94983, 7634, 15758, 62431, 64404, 48234, 27187, 54146, 29614, 57858, 71468, 70839, 35235, 48025, 9974, 46686, 61028, 37711, 44483, 71100, 40489, 90736, 27652, 66355, 79096, 10533, 98401, 41052, 49774, 77895, 5956, 45023, 65763, 20375, 22449, 26091, 36987, 99018, 92940, 9885, 58109, 71294, 23510, 33889, 58754, 43946, 10166, 21433, 28471, 46701, 94974, 59519, 29203, 68991, 29553, 47099, 37233, 46706, 62706, 70065, 24996, 36195, 73618, 85521, 17266, 28461, 98360, 95655, 85912, 66681, 47584, 94935, 63905, 32923, 92640, 33061, 9576, 54927, 38652, 57014, 36147, 49242, 76772, 4583, 93688, 99100, 11258, 71367, 13750, 56738, 63949, 53132, 72453, 11437, 30450, 78069, 5555, 10317, 398, 47067, 35457, 2428, 89413, 25360, 72709, 71450, 21632, 11797, 95472, 62505, 78481, 34030, 63830, 94830, 76783, 62437, 12853, 33074, 49186, 56248, 77889, 87097, 47558, 94421, 57817, 8282, 73296, 35777, 27390, 38755, 59173, 7907, 17763, 90775, 64971, 62862, 16688, 72458, 25575, 22950, 37256, 53037, 38392, 548, 93232, 8025, 7139, 60033, 94615, 90010, 93400, 87505, 96759, 19715, 69692, 89184, 74066, 15385, 25832, 96708, 94305, 61699, 26326, 87169, 82692, 54816, 45536, 16392, 60497, 66674, 10693, 67755, 88699, 83123, 567, 17599, 19394, 92258, 28715, 10564, 21868, 65209, 44441, 78874, 42256, 79856, 31700, 29202, 87666, 66030, 31292, 27162, 65370, 53173, 19185, 36284, 72606, 38362, 65694, 85672, 86818, 36860, 5552, 4246, 1923, 55139, 56218, 3285, 37317, 26853, 38135, 7332, 40534, 40325, 53060, 39227, 47637, 10480, 23852, 63076, 39196, 88571, 15208, 94466, 12465, 25053, 33788, 24462, 48446, 59999, 47259, 96230, 14821, 64597, 6691, 42795, 8564, 1433, 94843, 16387, 41809, 67928, 82713, 95992, 73115, 60270, 79815, 58784, 26989, 44761, 5941, 71766, 60135, 33315, 64769])"
9.0,9,22,29,5.374514102935791,10911,"Genotype(dna=[91362, 94983, 7634, 15758, 62431, 64404, 48234, 27187, 54146, 29614, 57858, 71468, 70839, 35235, 48025, 9974, 46686, 61028, 37711, 44483, 71100, 40489, 90736, 27652, 66355, 79096, 10533, 98401, 41052, 49774, 77895, 5956, 45023, 65763, 20375, 22449, 26091, 36987, 99018, 92940, 9885, 58109, 71294, 23510, 33889, 58754, 43946, 10166, 21433, 28471, 46701, 94974, 59519, 29203, 68991, 29553, 47099, 37233, 46706, 62706, 70065, 24996, 36195, 73618, 85521, 17266, 28461, 98360, 95655, 85912, 66681, 47584, 94935, 63905, 32923, 92640, 33061, 9576, 54927, 38652, 57014, 36147, 49242, 76772, 4583, 93688, 99100, 11258, 71367, 13750, 56738, 63949, 53132, 72453, 11437, 30450, 78069, 5555, 10317, 398, 47067, 35457, 2428, 89413, 25360, 72709, 71450, 21632, 11797, 95472, 62505, 78481, 34030, 63830, 94830, 76783, 62437, 12853, 33074, 49186, 56248, 77889, 87097, 47558, 94421, 57817, 8282, 73296, 35777, 27390, 38755, 59173, 7907, 17763, 90775, 64971, 62862, 16688, 72458, 25575, 22950, 37256, 53037, 38392, 548, 93232, 8025, 7139, 60033, 94615, 90010, 93400, 87505, 96759, 19715, 69692, 89184, 74066, 15385, 25832, 96708, 94305, 61699, 26326, 87169, 82692, 54816, 45536, 16392, 60497, 66674, 10693, 67755, 88699, 83123, 567, 17599, 19394, 92258, 28715, 10564, 21868, 65209, 44441, 78874, 42256, 79856, 31700, 29202, 87666, 66030, 31292, 27162, 65370, 53173, 19185, 36284, 72606, 38362, 65694, 85672, 86818, 36860, 5552, 4246, 1923, 55139, 56218, 3285, 37317, 26853, 38135, 7332, 40534, 40325, 53060, 39227, 47637, 10480, 23852, 63076, 39196, 88571, 15208, 94466, 12465, 25053, 33788, 24462, 48446, 59999, 47259, 96230, 14821, 64597, 6691, 42795, 8564, 1433, 94843, 16387, 41809, 67928, 82713, 95992, 73115, 60270, 79815, 58784, 26989, 44761, 5941, 71766, 60135, 33315, 64769])"
9.0,9,22,30,5.41272234916687,10911,"Genotype(dna=[91362, 94983, 7634, 15758, 62431, 64404, 48234, 27187, 54146, 29614, 57858, 71468, 70839, 35235, 48025, 9974, 46686, 61028, 37711, 44483, 71100, 40489, 90736, 27652, 66355, 79096, 10533, 98401, 41052, 49774, 77895, 5956, 45023, 65763, 20375, 22449, 26091, 36987, 99018, 92940, 9885, 58109, 71294, 23510, 33889, 58754, 43946, 10166, 21433, 28471, 46701, 94974, 59519, 29203, 68991, 29553, 47099, 37233, 46706, 62706, 70065, 24996, 36195, 73618, 85521, 17266, 28461, 98360, 95655, 85912, 66681, 47584, 94935, 63905, 32923, 92640, 33061, 9576, 54927, 38652, 57014, 36147, 49242, 76772, 4583, 93688, 99100, 11258, 71367, 13750, 56738, 63949, 53132, 72453, 11437, 30450, 78069, 5555, 10317, 398, 47067, 35457, 2428, 89413, 25360, 72709, 71450, 21632, 11797, 95472, 62505, 78481, 34030, 63830, 94830, 76783, 62437, 12853, 33074, 49186, 56248, 77889, 87097, 47558, 94421, 57817, 8282, 73296, 35777, 27390, 38755, 59173, 7907, 17763, 90775, 64971, 62862, 16688, 72458, 25575, 22950, 37256, 53037, 38392, 548, 93232, 8025, 7139, 60033, 94615, 90010, 93400, 87505, 96759, 19715, 69692, 89184, 74066, 15385, 25832, 96708, 94305, 61699, 26326, 87169, 82692, 54816, 45536, 16392, 60497, 66674, 10693, 67755, 88699, 83123, 567, 17599, 19394, 92258, 28715, 10564, 21868, 65209, 44441, 78874, 42256, 79856, 31700, 29202, 87666, 66030, 31292, 27162, 65370, 53173, 19185, 36284, 72606, 38362, 65694, 85672, 86818, 36860, 5552, 4246, 1923, 55139, 56218, 3285, 37317, 26853, 38135, 7332, 40534, 40325, 53060, 39227, 47637, 10480, 23852, 63076, 39196, 88571, 15208, 94466, 12465, 25053, 33788, 24462, 48446, 59999, 47259, 96230, 14821, 64597, 6691, 42795, 8564, 1433, 94843, 16387, 41809, 67928, 82713, 95992, 73115, 60270, 79815, 58784, 26989, 44761, 5941, 71766, 60135, 33315, 64769])"
9.0,9,22,31,5.449376821517944,10911,"Genotype(dna=[91362, 94983, 7634, 15758, 62431, 64404, 48234, 27187, 54146, 29614, 57858, 71468, 70839, 35235, 48025, 9974, 46686, 61028, 37711, 44483, 71100, 40489, 90736, 27652, 66355, 79096, 10533, 98401, 41052, 49774, 77895, 5956, 45023, 65763, 20375, 22449, 26091, 36987, 99018, 92940, 9885, 58109, 71294, 23510, 33889, 58754, 43946, 10166, 21433, 28471, 46701, 94974, 59519, 29203, 68991, 29553, 47099, 37233, 46706, 62706, 70065, 24996, 36195, 73618, 85521, 17266, 28461, 98360, 95655, 85912, 66681, 47584, 94935, 63905, 32923, 92640, 33061, 9576, 54927, 38652, 57014, 36147, 49242, 76772, 4583, 93688, 99100, 11258, 71367, 13750, 56738, 63949, 53132, 72453, 11437, 30450, 78069, 5555, 10317, 398, 47067, 35457, 2428, 89413, 25360, 72709, 71450, 21632, 11797, 95472, 62505, 78481, 34030, 63830, 94830, 76783, 62437, 12853, 33074, 49186, 56248, 77889, 87097, 47558, 94421, 57817, 8282, 73296, 35777, 27390, 38755, 59173, 7907, 17763, 90775, 64971, 62862, 16688, 72458, 25575, 22950, 37256, 53037, 38392, 548, 93232, 8025, 7139, 60033, 94615, 90010, 93400, 87505, 96759, 19715, 69692, 89184, 74066, 15385, 25832, 96708, 94305, 61699, 26326, 87169, 82692, 54816, 45536, 16392, 60497, 66674, 10693, 67755, 88699, 83123, 567, 17599, 19394, 92258, 28715, 10564, 21868, 65209, 44441, 78874, 42256, 79856, 31700, 29202, 87666, 66030, 31292, 27162, 65370, 53173, 19185, 36284, 72606, 38362, 65694, 85672, 86818, 36860, 5552, 4246, 1923, 55139, 56218, 3285, 37317, 26853, 38135, 7332, 40534, 40325, 53060, 39227, 47637, 10480, 23852, 63076, 39196, 88571, 15208, 94466, 12465, 25053, 33788, 24462, 48446, 59999, 47259, 96230, 14821, 64597, 6691, 42795, 8564, 1433, 94843, 16387, 41809, 67928, 82713, 95992, 73115, 60270, 79815, 58784, 26989, 44761, 5941, 71766, 60135, 33315, 64769])"
9.0,9,22,32,5.487988710403442,10911,"Genotype(dna=[91362, 94983, 7634, 15758, 62431, 64404, 48234, 27187, 54146, 29614, 57858, 71468, 70839, 35235, 48025, 9974, 46686, 61028, 37711, 44483, 71100, 40489, 90736, 27652, 66355, 79096, 10533, 98401, 41052, 49774, 77895, 5956, 45023, 65763, 20375, 22449, 26091, 36987, 99018, 92940, 9885, 58109, 71294, 23510, 33889, 58754, 43946, 10166, 21433, 28471, 46701, 94974, 59519, 29203, 68991, 29553, 47099, 37233, 46706, 62706, 70065, 24996, 36195, 73618, 85521, 17266, 28461, 98360, 95655, 85912, 66681, 47584, 94935, 63905, 32923, 92640, 33061, 9576, 54927, 38652, 57014, 36147, 49242, 76772, 4583, 93688, 99100, 11258, 71367, 13750, 56738, 63949, 53132, 72453, 11437, 30450, 78069, 5555, 10317, 398, 47067, 35457, 2428, 89413, 25360, 72709, 71450, 21632, 11797, 95472, 62505, 78481, 34030, 63830, 94830, 76783, 62437, 12853, 33074, 49186, 56248, 77889, 87097, 47558, 94421, 57817, 8282, 73296, 35777, 27390, 38755, 59173, 7907, 17763, 90775, 64971, 62862, 16688, 72458, 25575, 22950, 37256, 53037, 38392, 548, 93232, 8025, 7139, 60033, 94615, 90010, 93400, 87505, 96759, 19715, 69692, 89184, 74066, 15385, 25832, 96708, 94305, 61699, 26326, 87169, 82692, 54816, 45536, 16392, 60497, 66674, 10693, 67755, 88699, 83123, 567, 17599, 19394, 92258, 28715, 10564, 21868, 65209, 44441, 78874, 42256, 79856, 31700, 29202, 87666, 66030, 31292, 27162, 65370, 53173, 19185, 36284, 72606, 38362, 65694, 85672, 86818, 36860, 5552, 4246, 1923, 55139, 56218, 3285, 37317, 26853, 38135, 7332, 40534, 40325, 53060, 39227, 47637, 10480, 23852, 63076, 39196, 88571, 15208, 94466, 12465, 25053, 33788, 24462, 48446, 59999, 47259, 96230, 14821, 64597, 6691, 42795, 8564, 1433, 94843, 16387, 41809, 67928, 82713, 95992, 73115, 60270, 79815, 58784, 26989, 44761, 5941, 71766, 60135, 33315, 64769])"
9.0,9,22,33,5.521273851394653,10911,"Genotype(dna=[91362, 94983, 7634, 15758, 62431, 64404, 48234, 27187, 54146, 29614, 57858, 71468, 70839, 35235, 48025, 9974, 46686, 61028, 37711, 44483, 71100, 40489, 90736, 27652, 66355, 79096, 10533, 98401, 41052, 49774, 77895, 5956, 45023, 65763, 20375, 22449, 26091, 36987, 99018, 92940, 9885, 58109, 71294, 23510, 33889, 58754, 43946, 10166, 21433, 28471, 46701, 94974, 59519, 29203, 68991, 29553, 47099, 37233, 46706, 62706, 70065, 24996, 36195, 73618, 85521, 17266, 28461, 98360, 95655, 85912, 66681, 47584, 94935, 63905, 32923, 92640, 33061, 9576, 54927, 38652, 57014, 36147, 49242, 76772, 4583, 93688, 99100, 11258, 71367, 13750, 56738, 63949, 53132, 72453, 11437, 30450, 78069, 5555, 10317, 398, 47067, 35457, 2428, 89413, 25360, 72709, 71450, 21632, 11797, 95472, 62505, 78481, 34030, 63830, 94830, 76783, 62437, 12853, 33074, 49186, 56248, 77889, 87097, 47558, 94421, 57817, 8282, 73296, 35777, 27390, 38755, 59173, 7907, 17763, 90775, 64971, 62862, 16688, 72458, 25575, 22950, 37256, 53037, 38392, 548, 93232, 8025, 7139, 60033, 94615, 90010, 93400, 87505, 96759, 19715, 69692, 89184, 74066, 15385, 25832, 96708, 94305, 61699, 26326, 87169, 82692, 54816, 45536, 16392, 60497, 66674, 10693, 67755, 88699, 83123, 567, 17599, 19394, 92258, 28715, 10564, 21868, 65209, 44441, 78874, 42256, 79856, 31700, 29202, 87666, 66030, 31292, 27162, 65370, 53173, 19185, 36284, 72606, 38362, 65694, 85672, 86818, 36860, 5552, 4246, 1923, 55139, 56218, 3285, 37317, 26853, 38135, 7332, 40534, 40325, 53060, 39227, 47637, 10480, 23852, 63076, 39196, 88571, 15208, 94466, 12465, 25053, 33788, 24462, 48446, 59999, 47259, 96230, 14821, 64597, 6691, 42795, 8564, 1433, 94843, 16387, 41809, 67928, 82713, 95992, 73115, 60270, 79815, 58784, 26989, 44761, 5941, 71766, 60135, 33315, 64769])"
9.0,9,22,34,5.562735319137573,10911,"Genotype(dna=[91362, 94983, 7634, 15758, 62431, 64404, 48234, 27187, 54146, 29614, 57858, 71468, 70839, 35235, 48025, 9974, 46686, 61028, 37711, 44483, 71100, 40489, 90736, 27652, 66355, 79096, 10533, 98401, 41052, 49774, 77895, 5956, 45023, 65763, 20375, 22449, 26091, 36987, 99018, 92940, 9885, 58109, 71294, 23510, 33889, 58754, 43946, 10166, 21433, 28471, 46701, 94974, 59519, 29203, 68991, 29553, 47099, 37233, 46706, 62706, 70065, 24996, 36195, 73618, 85521, 17266, 28461, 98360, 95655, 85912, 66681, 47584, 94935, 63905, 32923, 92640, 33061, 9576, 54927, 38652, 57014, 36147, 49242, 76772, 4583, 93688, 99100, 11258, 71367, 13750, 56738, 63949, 53132, 72453, 11437, 30450, 78069, 5555, 10317, 398, 47067, 35457, 2428, 89413, 25360, 72709, 71450, 21632, 11797, 95472, 62505, 78481, 34030, 63830, 94830, 76783, 62437, 12853, 33074, 49186, 56248, 77889, 87097, 47558, 94421, 57817, 8282, 73296, 35777, 27390, 38755, 59173, 7907, 17763, 90775, 64971, 62862, 16688, 72458, 25575, 22950, 37256, 53037, 38392, 548, 93232, 8025, 7139, 60033, 94615, 90010, 93400, 87505, 96759, 19715, 69692, 89184, 74066, 15385, 25832, 96708, 94305, 61699, 26326, 87169, 82692, 54816, 45536, 16392, 60497, 66674, 10693, 67755, 88699, 83123, 567, 17599, 19394, 92258, 28715, 10564, 21868, 65209, 44441, 78874, 42256, 79856, 31700, 29202, 87666, 66030, 31292, 27162, 65370, 53173, 19185, 36284, 72606, 38362, 65694, 85672, 86818, 36860, 5552, 4246, 1923, 55139, 56218, 3285, 37317, 26853, 38135, 7332, 40534, 40325, 53060, 39227, 47637, 10480, 23852, 63076, 39196, 88571, 15208, 94466, 12465, 25053, 33788, 24462, 48446, 59999, 47259, 96230, 14821, 64597, 6691, 42795, 8564, 1433, 94843, 16387, 41809, 67928, 82713, 95992, 73115, 60270, 79815, 58784, 26989, 44761, 5941, 71766, 60135, 33315, 64769])"
9.0,9,22,35,5.6098010540008545,10911,"Genotype(dna=[91362, 94983, 7634, 15758, 62431, 64404, 48234, 27187, 54146, 29614, 57858, 71468, 70839, 35235, 48025, 9974, 46686, 61028, 37711, 44483, 71100, 40489, 90736, 27652, 66355, 79096, 10533, 98401, 41052, 49774, 77895, 5956, 45023, 65763, 20375, 22449, 26091, 36987, 99018, 92940, 9885, 58109, 71294, 23510, 33889, 58754, 43946, 10166, 21433, 28471, 46701, 94974, 59519, 29203, 68991, 29553, 47099, 37233, 46706, 62706, 70065, 24996, 36195, 73618, 85521, 17266, 28461, 98360, 95655, 85912, 66681, 47584, 94935, 63905, 32923, 92640, 33061, 9576, 54927, 38652, 57014, 36147, 49242, 76772, 4583, 93688, 99100, 11258, 71367, 13750, 56738, 63949, 53132, 72453, 11437, 30450, 78069, 5555, 10317, 398, 47067, 35457, 2428, 89413, 25360, 72709, 71450, 21632, 11797, 95472, 62505, 78481, 34030, 63830, 94830, 76783, 62437, 12853, 33074, 49186, 56248, 77889, 87097, 47558, 94421, 57817, 8282, 73296, 35777, 27390, 38755, 59173, 7907, 17763, 90775, 64971, 62862, 16688, 72458, 25575, 22950, 37256, 53037, 38392, 548, 93232, 8025, 7139, 60033, 94615, 90010, 93400, 87505, 96759, 19715, 69692, 89184, 74066, 15385, 25832, 96708, 94305, 61699, 26326, 87169, 82692, 54816, 45536, 16392, 60497, 66674, 10693, 67755, 88699, 83123, 567, 17599, 19394, 92258, 28715, 10564, 21868, 65209, 44441, 78874, 42256, 79856, 31700, 29202, 87666, 66030, 31292, 27162, 65370, 53173, 19185, 36284, 72606, 38362, 65694, 85672, 86818, 36860, 5552, 4246, 1923, 55139, 56218, 3285, 37317, 26853, 38135, 7332, 40534, 40325, 53060, 39227, 47637, 10480, 23852, 63076, 39196, 88571, 15208, 94466, 12465, 25053, 33788, 24462, 48446, 59999, 47259, 96230, 14821, 64597, 6691, 42795, 8564, 1433, 94843, 16387, 41809, 67928, 82713, 95992, 73115, 60270, 79815, 58784, 26989, 44761, 5941, 71766, 60135, 33315, 64769])"
9.0,9,22,36,5.67639946937561,10911,"Genotype(dna=[91362, 94983, 7634, 15758, 62431, 64404, 48234, 27187, 54146, 29614, 57858, 71468, 70839, 35235, 48025, 9974, 46686, 61028, 37711, 44483, 71100, 40489, 90736, 27652, 66355, 79096, 10533, 98401, 41052, 49774, 77895, 5956, 45023, 65763, 20375, 22449, 26091, 36987, 99018, 92940, 9885, 58109, 71294, 23510, 33889, 58754, 43946, 10166, 21433, 28471, 46701, 94974, 59519, 29203, 68991, 29553, 47099, 37233, 46706, 62706, 70065, 24996, 36195, 73618, 85521, 17266, 28461, 98360, 95655, 85912, 66681, 47584, 94935, 63905, 32923, 92640, 33061, 9576, 54927, 38652, 57014, 36147, 49242, 76772, 4583, 93688, 99100, 11258, 71367, 13750, 56738, 63949, 53132, 72453, 11437, 30450, 78069, 5555, 10317, 398, 47067, 35457, 2428, 89413, 25360, 72709, 71450, 21632, 11797, 95472, 62505, 78481, 34030, 63830, 94830, 76783, 62437, 12853, 33074, 49186, 56248, 77889, 87097, 47558, 94421, 57817, 8282, 73296, 35777, 27390, 38755, 59173, 7907, 17763, 90775, 64971, 62862, 16688, 72458, 25575, 22950, 37256, 53037, 38392, 548, 93232, 8025, 7139, 60033, 94615, 90010, 93400, 87505, 96759, 19715, 69692, 89184, 74066, 15385, 25832, 96708, 94305, 61699, 26326, 87169, 82692, 54816, 45536, 16392, 60497, 66674, 10693, 67755, 88699, 83123, 567, 17599, 19394, 92258, 28715, 10564, 21868, 65209, 44441, 78874, 42256, 79856, 31700, 29202, 87666, 66030, 31292, 27162, 65370, 53173, 19185, 36284, 72606, 38362, 65694, 85672, 86818, 36860, 5552, 4246, 1923, 55139, 56218, 3285, 37317, 26853, 38135, 7332, 40534, 40325, 53060, 39227, 47637, 10480, 23852, 63076, 39196, 88571, 15208, 94466, 12465, 25053, 33788, 24462, 48446, 59999, 47259, 96230, 14821, 64597, 6691, 42795, 8564, 1433, 94843, 16387, 41809, 67928, 82713, 95992, 73115, 60270, 79815, 58784, 26989, 44761, 5941, 71766, 60135, 33315, 64769])"
9.0,9,22,37,5.722617149353027,10911,"Genotype(dna=[91362, 94983, 7634, 15758, 62431, 64404, 48234, 27187, 54146, 29614, 57858, 71468, 70839, 35235, 48025, 9974, 46686, 61028, 37711, 44483, 71100, 40489, 90736, 27652, 66355, 79096, 10533, 98401, 41052, 49774, 77895, 5956, 45023, 65763, 20375, 22449, 26091, 36987, 99018, 92940, 9885, 58109, 71294, 23510, 33889, 58754, 43946, 10166, 21433, 28471, 46701, 94974, 59519, 29203, 68991, 29553, 47099, 37233, 46706, 62706, 70065, 24996, 36195, 73618, 85521, 17266, 28461, 98360, 95655, 85912, 66681, 47584, 94935, 63905, 32923, 92640, 33061, 9576, 54927, 38652, 57014, 36147, 49242, 76772, 4583, 93688, 99100, 11258, 71367, 13750, 56738, 63949, 53132, 72453, 11437, 30450, 78069, 5555, 10317, 398, 47067, 35457, 2428, 89413, 25360, 72709, 71450, 21632, 11797, 95472, 62505, 78481, 34030, 63830, 94830, 76783, 62437, 12853, 33074, 49186, 56248, 77889, 87097, 47558, 94421, 57817, 8282, 73296, 35777, 27390, 38755, 59173, 7907, 17763, 90775, 64971, 62862, 16688, 72458, 25575, 22950, 37256, 53037, 38392, 548, 93232, 8025, 7139, 60033, 94615, 90010, 93400, 87505, 96759, 19715, 69692, 89184, 74066, 15385, 25832, 96708, 94305, 61699, 26326, 87169, 82692, 54816, 45536, 16392, 60497, 66674, 10693, 67755, 88699, 83123, 567, 17599, 19394, 92258, 28715, 10564, 21868, 65209, 44441, 78874, 42256, 79856, 31700, 29202, 87666, 66030, 31292, 27162, 65370, 53173, 19185, 36284, 72606, 38362, 65694, 85672, 86818, 36860, 5552, 4246, 1923, 55139, 56218, 3285, 37317, 26853, 38135, 7332, 40534, 40325, 53060, 39227, 47637, 10480, 23852, 63076, 39196, 88571, 15208, 94466, 12465, 25053, 33788, 24462, 48446, 59999, 47259, 96230, 14821, 64597, 6691, 42795, 8564, 1433, 94843, 16387, 41809, 67928, 82713, 95992, 73115, 60270, 79815, 58784, 26989, 44761, 5941, 71766, 60135, 33315, 64769])"
9.0,9,22,38,5.774892568588257,10911,"Genotype(dna=[91362, 94983, 7634, 15758, 62431, 64404, 48234, 27187, 54146, 29614, 57858, 71468, 70839, 35235, 48025, 9974, 46686, 61028, 37711, 44483, 71100, 40489, 90736, 27652, 66355, 79096, 10533, 98401, 41052, 49774, 77895, 5956, 45023, 65763, 20375, 22449, 26091, 36987, 99018, 92940, 9885, 58109, 71294, 23510, 33889, 58754, 43946, 10166, 21433, 28471, 46701, 94974, 59519, 29203, 68991, 29553, 47099, 37233, 46706, 62706, 70065, 24996, 36195, 73618, 85521, 17266, 28461, 98360, 95655, 85912, 66681, 47584, 94935, 63905, 32923, 92640, 33061, 9576, 54927, 38652, 57014, 36147, 49242, 76772, 4583, 93688, 99100, 11258, 71367, 13750, 56738, 63949, 53132, 72453, 11437, 30450, 78069, 5555, 10317, 398, 47067, 35457, 2428, 89413, 25360, 72709, 71450, 21632, 11797, 95472, 62505, 78481, 34030, 63830, 94830, 76783, 62437, 12853, 33074, 49186, 56248, 77889, 87097, 47558, 94421, 57817, 8282, 73296, 35777, 27390, 38755, 59173, 7907, 17763, 90775, 64971, 62862, 16688, 72458, 25575, 22950, 37256, 53037, 38392, 548, 93232, 8025, 7139, 60033, 94615, 90010, 93400, 87505, 96759, 19715, 69692, 89184, 74066, 15385, 25832, 96708, 94305, 61699, 26326, 87169, 82692, 54816, 45536, 16392, 60497, 66674, 10693, 67755, 88699, 83123, 567, 17599, 19394, 92258, 28715, 10564, 21868, 65209, 44441, 78874, 42256, 79856, 31700, 29202, 87666, 66030, 31292, 27162, 65370, 53173, 19185, 36284, 72606, 38362, 65694, 85672, 86818, 36860, 5552, 4246, 1923, 55139, 56218, 3285, 37317, 26853, 38135, 7332, 40534, 40325, 53060, 39227, 47637, 10480, 23852, 63076, 39196, 88571, 15208, 94466, 12465, 25053, 33788, 24462, 48446, 59999, 47259, 96230, 14821, 64597, 6691, 42795, 8564, 1433, 94843, 16387, 41809, 67928, 82713, 95992, 73115, 60270, 79815, 58784, 26989, 44761, 5941, 71766, 60135, 33315, 64769])"
9.0,9,22,39,5.82343864440918,10911,"Genotype(dna=[91362, 94983, 7634, 15758, 62431, 64404, 48234, 27187, 54146, 29614, 57858, 71468, 70839, 35235, 48025, 9974, 46686, 61028, 37711, 44483, 71100, 40489, 90736, 27652, 66355, 79096, 10533, 98401, 41052, 49774, 77895, 5956, 45023, 65763, 20375, 22449, 26091, 36987, 99018, 92940, 9885, 58109, 71294, 23510, 33889, 58754, 43946, 10166, 21433, 28471, 46701, 94974, 59519, 29203, 68991, 29553, 47099, 37233, 46706, 62706, 70065, 24996, 36195, 73618, 85521, 17266, 28461, 98360, 95655, 85912, 66681, 47584, 94935, 63905, 32923, 92640, 33061, 9576, 54927, 38652, 57014, 36147, 49242, 76772, 4583, 93688, 99100, 11258, 71367, 13750, 56738, 63949, 53132, 72453, 11437, 30450, 78069, 5555, 10317, 398, 47067, 35457, 2428, 89413, 25360, 72709, 71450, 21632, 11797, 95472, 62505, 78481, 34030, 63830, 94830, 76783, 62437, 12853, 33074, 49186, 56248, 77889, 87097, 47558, 94421, 57817, 8282, 73296, 35777, 27390, 38755, 59173, 7907, 17763, 90775, 64971, 62862, 16688, 72458, 25575, 22950, 37256, 53037, 38392, 548, 93232, 8025, 7139, 60033, 94615, 90010, 93400, 87505, 96759, 19715, 69692, 89184, 74066, 15385, 25832, 96708, 94305, 61699, 26326, 87169, 82692, 54816, 45536, 16392, 60497, 66674, 10693, 67755, 88699, 83123, 567, 17599, 19394, 92258, 28715, 10564, 21868, 65209, 44441, 78874, 42256, 79856, 31700, 29202, 87666, 66030, 31292, 27162, 65370, 53173, 19185, 36284, 72606, 38362, 65694, 85672, 86818, 36860, 5552, 4246, 1923, 55139, 56218, 3285, 37317, 26853, 38135, 7332, 40534, 40325, 53060, 39227, 47637, 10480, 23852, 63076, 39196, 88571, 15208, 94466, 12465, 25053, 33788, 24462, 48446, 59999, 47259, 96230, 14821, 64597, 6691, 42795, 8564, 1433, 94843, 16387, 41809, 67928, 82713, 95992, 73115, 60270, 79815, 58784, 26989, 44761, 5941, 71766, 60135, 33315, 64769])"
9.0,9,22,40,5.882613658905029,10911,"Genotype(dna=[91362, 94983, 7634, 15758, 62431, 64404, 48234, 27187, 54146, 29614, 57858, 71468, 70839, 35235, 48025, 9974, 46686, 61028, 37711, 44483, 71100, 40489, 90736, 27652, 66355, 79096, 10533, 98401, 41052, 49774, 77895, 5956, 45023, 65763, 20375, 22449, 26091, 36987, 99018, 92940, 9885, 58109, 71294, 23510, 33889, 58754, 43946, 10166, 21433, 28471, 46701, 94974, 59519, 29203, 68991, 29553, 47099, 37233, 46706, 62706, 70065, 24996, 36195, 73618, 85521, 17266, 28461, 98360, 95655, 85912, 66681, 47584, 94935, 63905, 32923, 92640, 33061, 9576, 54927, 38652, 57014, 36147, 49242, 76772, 4583, 93688, 99100, 11258, 71367, 13750, 56738, 63949, 53132, 72453, 11437, 30450, 78069, 5555, 10317, 398, 47067, 35457, 2428, 89413, 25360, 72709, 71450, 21632, 11797, 95472, 62505, 78481, 34030, 63830, 94830, 76783, 62437, 12853, 33074, 49186, 56248, 77889, 87097, 47558, 94421, 57817, 8282, 73296, 35777, 27390, 38755, 59173, 7907, 17763, 90775, 64971, 62862, 16688, 72458, 25575, 22950, 37256, 53037, 38392, 548, 93232, 8025, 7139, 60033, 94615, 90010, 93400, 87505, 96759, 19715, 69692, 89184, 74066, 15385, 25832, 96708, 94305, 61699, 26326, 87169, 82692, 54816, 45536, 16392, 60497, 66674, 10693, 67755, 88699, 83123, 567, 17599, 19394, 92258, 28715, 10564, 21868, 65209, 44441, 78874, 42256, 79856, 31700, 29202, 87666, 66030, 31292, 27162, 65370, 53173, 19185, 36284, 72606, 38362, 65694, 85672, 86818, 36860, 5552, 4246, 1923, 55139, 56218, 3285, 37317, 26853, 38135, 7332, 40534, 40325, 53060, 39227, 47637, 10480, 23852, 63076, 39196, 88571, 15208, 94466, 12465, 25053, 33788, 24462, 48446, 59999, 47259, 96230, 14821, 64597, 6691, 42795, 8564, 1433, 94843, 16387, 41809, 67928, 82713, 95992, 73115, 60270, 79815, 58784, 26989, 44761, 5941, 71766, 60135, 33315, 64769])"
9.0,9,22,41,5.916740655899048,10911,"Genotype(dna=[91362, 94983, 7634, 15758, 62431, 64404, 48234, 27187, 54146, 29614, 57858, 71468, 70839, 35235, 48025, 9974, 46686, 61028, 37711, 44483, 71100, 40489, 90736, 27652, 66355, 79096, 10533, 98401, 41052, 49774, 77895, 5956, 45023, 65763, 20375, 22449, 26091, 36987, 99018, 92940, 9885, 58109, 71294, 23510, 33889, 58754, 43946, 10166, 21433, 28471, 46701, 94974, 59519, 29203, 68991, 29553, 47099, 37233, 46706, 62706, 70065, 24996, 36195, 73618, 85521, 17266, 28461, 98360, 95655, 85912, 66681, 47584, 94935, 63905, 32923, 92640, 33061, 9576, 54927, 38652, 57014, 36147, 49242, 76772, 4583, 93688, 99100, 11258, 71367, 13750, 56738, 63949, 53132, 72453, 11437, 30450, 78069, 5555, 10317, 398, 47067, 35457, 2428, 89413, 25360, 72709, 71450, 21632, 11797, 95472, 62505, 78481, 34030, 63830, 94830, 76783, 62437, 12853, 33074, 49186, 56248, 77889, 87097, 47558, 94421, 57817, 8282, 73296, 35777, 27390, 38755, 59173, 7907, 17763, 90775, 64971, 62862, 16688, 72458, 25575, 22950, 37256, 53037, 38392, 548, 93232, 8025, 7139, 60033, 94615, 90010, 93400, 87505, 96759, 19715, 69692, 89184, 74066, 15385, 25832, 96708, 94305, 61699, 26326, 87169, 82692, 54816, 45536, 16392, 60497, 66674, 10693, 67755, 88699, 83123, 567, 17599, 19394, 92258, 28715, 10564, 21868, 65209, 44441, 78874, 42256, 79856, 31700, 29202, 87666, 66030, 31292, 27162, 65370, 53173, 19185, 36284, 72606, 38362, 65694, 85672, 86818, 36860, 5552, 4246, 1923, 55139, 56218, 3285, 37317, 26853, 38135, 7332, 40534, 40325, 53060, 39227, 47637, 10480, 23852, 63076, 39196, 88571, 15208, 94466, 12465, 25053, 33788, 24462, 48446, 59999, 47259, 96230, 14821, 64597, 6691, 42795, 8564, 1433, 94843, 16387, 41809, 67928, 82713, 95992, 73115, 60270, 79815, 58784, 26989, 44761, 5941, 71766, 60135, 33315, 64769])"
9.0,9,22,42,5.944575548171997,10911,"Genotype(dna=[91362, 94983, 7634, 15758, 62431, 64404, 48234, 27187, 54146, 29614, 57858, 71468, 70839, 35235, 48025, 9974, 46686, 61028, 37711, 44483, 71100, 40489, 90736, 27652, 66355, 79096, 10533, 98401, 41052, 49774, 77895, 5956, 45023, 65763, 20375, 22449, 26091, 36987, 99018, 92940, 9885, 58109, 71294, 23510, 33889, 58754, 43946, 10166, 21433, 28471, 46701, 94974, 59519, 29203, 68991, 29553, 47099, 37233, 46706, 62706, 70065, 24996, 36195, 73618, 85521, 17266, 28461, 98360, 95655, 85912, 66681, 47584, 94935, 63905, 32923, 92640, 33061, 9576, 54927, 38652, 57014, 36147, 49242, 76772, 4583, 93688, 99100, 11258, 71367, 13750, 56738, 63949, 53132, 72453, 11437, 30450, 78069, 5555, 10317, 398, 47067, 35457, 2428, 89413, 25360, 72709, 71450, 21632, 11797, 95472, 62505, 78481, 34030, 63830, 94830, 76783, 62437, 12853, 33074, 49186, 56248, 77889, 87097, 47558, 94421, 57817, 8282, 73296, 35777, 27390, 38755, 59173, 7907, 17763, 90775, 64971, 62862, 16688, 72458, 25575, 22950, 37256, 53037, 38392, 548, 93232, 8025, 7139, 60033, 94615, 90010, 93400, 87505, 96759, 19715, 69692, 89184, 74066, 15385, 25832, 96708, 94305, 61699, 26326, 87169, 82692, 54816, 45536, 16392, 60497, 66674, 10693, 67755, 88699, 83123, 567, 17599, 19394, 92258, 28715, 10564, 21868, 65209, 44441, 78874, 42256, 79856, 31700, 29202, 87666, 66030, 31292, 27162, 65370, 53173, 19185, 36284, 72606, 38362, 65694, 85672, 86818, 36860, 5552, 4246, 1923, 55139, 56218, 3285, 37317, 26853, 38135, 7332, 40534, 40325, 53060, 39227, 47637, 10480, 23852, 63076, 39196, 88571, 15208, 94466, 12465, 25053, 33788, 24462, 48446, 59999, 47259, 96230, 14821, 64597, 6691, 42795, 8564, 1433, 94843, 16387, 41809, 67928, 82713, 95992, 73115, 60270, 79815, 58784, 26989, 44761, 5941, 71766, 60135, 33315, 64769])"
9.0,9,22,43,5.9751880168914795,10911,"Genotype(dna=[91362, 94983, 7634, 15758, 62431, 64404, 48234, 27187, 54146, 29614, 57858, 71468, 70839, 35235, 48025, 9974, 46686, 61028, 37711, 44483, 71100, 40489, 90736, 27652, 66355, 79096, 10533, 98401, 41052, 49774, 77895, 5956, 45023, 65763, 20375, 22449, 26091, 36987, 99018, 92940, 9885, 58109, 71294, 23510, 33889, 58754, 43946, 10166, 21433, 28471, 46701, 94974, 59519, 29203, 68991, 29553, 47099, 37233, 46706, 62706, 70065, 24996, 36195, 73618, 85521, 17266, 28461, 98360, 95655, 85912, 66681, 47584, 94935, 63905, 32923, 92640, 33061, 9576, 54927, 38652, 57014, 36147, 49242, 76772, 4583, 93688, 99100, 11258, 71367, 13750, 56738, 63949, 53132, 72453, 11437, 30450, 78069, 5555, 10317, 398, 47067, 35457, 2428, 89413, 25360, 72709, 71450, 21632, 11797, 95472, 62505, 78481, 34030, 63830, 94830, 76783, 62437, 12853, 33074, 49186, 56248, 77889, 87097, 47558, 94421, 57817, 8282, 73296, 35777, 27390, 38755, 59173, 7907, 17763, 90775, 64971, 62862, 16688, 72458, 25575, 22950, 37256, 53037, 38392, 548, 93232, 8025, 7139, 60033, 94615, 90010, 93400, 87505, 96759, 19715, 69692, 89184, 74066, 15385, 25832, 96708, 94305, 61699, 26326, 87169, 82692, 54816, 45536, 16392, 60497, 66674, 10693, 67755, 88699, 83123, 567, 17599, 19394, 92258, 28715, 10564, 21868, 65209, 44441, 78874, 42256, 79856, 31700, 29202, 87666, 66030, 31292, 27162, 65370, 53173, 19185, 36284, 72606, 38362, 65694, 85672, 86818, 36860, 5552, 4246, 1923, 55139, 56218, 3285, 37317, 26853, 38135, 7332, 40534, 40325, 53060, 39227, 47637, 10480, 23852, 63076, 39196, 88571, 15208, 94466, 12465, 25053, 33788, 24462, 48446, 59999, 47259, 96230, 14821, 64597, 6691, 42795, 8564, 1433, 94843, 16387, 41809, 67928, 82713, 95992, 73115, 60270, 79815, 58784, 26989, 44761, 5941, 71766, 60135, 33315, 64769])"
9.0,9,22,44,6.006007432937622,10911,"Genotype(dna=[91362, 94983, 7634, 15758, 62431, 64404, 48234, 27187, 54146, 29614, 57858, 71468, 70839, 35235, 48025, 9974, 46686, 61028, 37711, 44483, 71100, 40489, 90736, 27652, 66355, 79096, 10533, 98401, 41052, 49774, 77895, 5956, 45023, 65763, 20375, 22449, 26091, 36987, 99018, 92940, 9885, 58109, 71294, 23510, 33889, 58754, 43946, 10166, 21433, 28471, 46701, 94974, 59519, 29203, 68991, 29553, 47099, 37233, 46706, 62706, 70065, 24996, 36195, 73618, 85521, 17266, 28461, 98360, 95655, 85912, 66681, 47584, 94935, 63905, 32923, 92640, 33061, 9576, 54927, 38652, 57014, 36147, 49242, 76772, 4583, 93688, 99100, 11258, 71367, 13750, 56738, 63949, 53132, 72453, 11437, 30450, 78069, 5555, 10317, 398, 47067, 35457, 2428, 89413, 25360, 72709, 71450, 21632, 11797, 95472, 62505, 78481, 34030, 63830, 94830, 76783, 62437, 12853, 33074, 49186, 56248, 77889, 87097, 47558, 94421, 57817, 8282, 73296, 35777, 27390, 38755, 59173, 7907, 17763, 90775, 64971, 62862, 16688, 72458, 25575, 22950, 37256, 53037, 38392, 548, 93232, 8025, 7139, 60033, 94615, 90010, 93400, 87505, 96759, 19715, 69692, 89184, 74066, 15385, 25832, 96708, 94305, 61699, 26326, 87169, 82692, 54816, 45536, 16392, 60497, 66674, 10693, 67755, 88699, 83123, 567, 17599, 19394, 92258, 28715, 10564, 21868, 65209, 44441, 78874, 42256, 79856, 31700, 29202, 87666, 66030, 31292, 27162, 65370, 53173, 19185, 36284, 72606, 38362, 65694, 85672, 86818, 36860, 5552, 4246, 1923, 55139, 56218, 3285, 37317, 26853, 38135, 7332, 40534, 40325, 53060, 39227, 47637, 10480, 23852, 63076, 39196, 88571, 15208, 94466, 12465, 25053, 33788, 24462, 48446, 59999, 47259, 96230, 14821, 64597, 6691, 42795, 8564, 1433, 94843, 16387, 41809, 67928, 82713, 95992, 73115, 60270, 79815, 58784, 26989, 44761, 5941, 71766, 60135, 33315, 64769])"
9.0,9,22,45,6.050663232803345,10911,"Genotype(dna=[91362, 94983, 7634, 15758, 62431, 64404, 48234, 27187, 54146, 29614, 57858, 71468, 70839, 35235, 48025, 9974, 46686, 61028, 37711, 44483, 71100, 40489, 90736, 27652, 66355, 79096, 10533, 98401, 41052, 49774, 77895, 5956, 45023, 65763, 20375, 22449, 26091, 36987, 99018, 92940, 9885, 58109, 71294, 23510, 33889, 58754, 43946, 10166, 21433, 28471, 46701, 94974, 59519, 29203, 68991, 29553, 47099, 37233, 46706, 62706, 70065, 24996, 36195, 73618, 85521, 17266, 28461, 98360, 95655, 85912, 66681, 47584, 94935, 63905, 32923, 92640, 33061, 9576, 54927, 38652, 57014, 36147, 49242, 76772, 4583, 93688, 99100, 11258, 71367, 13750, 56738, 63949, 53132, 72453, 11437, 30450, 78069, 5555, 10317, 398, 47067, 35457, 2428, 89413, 25360, 72709, 71450, 21632, 11797, 95472, 62505, 78481, 34030, 63830, 94830, 76783, 62437, 12853, 33074, 49186, 56248, 77889, 87097, 47558, 94421, 57817, 8282, 73296, 35777, 27390, 38755, 59173, 7907, 17763, 90775, 64971, 62862, 16688, 72458, 25575, 22950, 37256, 53037, 38392, 548, 93232, 8025, 7139, 60033, 94615, 90010, 93400, 87505, 96759, 19715, 69692, 89184, 74066, 15385, 25832, 96708, 94305, 61699, 26326, 87169, 82692, 54816, 45536, 16392, 60497, 66674, 10693, 67755, 88699, 83123, 567, 17599, 19394, 92258, 28715, 10564, 21868, 65209, 44441, 78874, 42256, 79856, 31700, 29202, 87666, 66030, 31292, 27162, 65370, 53173, 19185, 36284, 72606, 38362, 65694, 85672, 86818, 36860, 5552, 4246, 1923, 55139, 56218, 3285, 37317, 26853, 38135, 7332, 40534, 40325, 53060, 39227, 47637, 10480, 23852, 63076, 39196, 88571, 15208, 94466, 12465, 25053, 33788, 24462, 48446, 59999, 47259, 96230, 14821, 64597, 6691, 42795, 8564, 1433, 94843, 16387, 41809, 67928, 82713, 95992, 73115, 60270, 79815, 58784, 26989, 44761, 5941, 71766, 60135, 33315, 64769])"
9.0,9,22,46,6.182324409484863,10911,"Genotype(dna=[91362, 94983, 7634, 15758, 62431, 64404, 48234, 27187, 54146, 29614, 57858, 71468, 70839, 35235, 48025, 9974, 46686, 61028, 37711, 44483, 71100, 40489, 90736, 27652, 66355, 79096, 10533, 98401, 41052, 49774, 77895, 5956, 45023, 65763, 20375, 22449, 26091, 36987, 99018, 92940, 9885, 58109, 71294, 23510, 33889, 58754, 43946, 10166, 21433, 28471, 46701, 94974, 59519, 29203, 68991, 29553, 47099, 37233, 46706, 62706, 70065, 24996, 36195, 73618, 85521, 17266, 28461, 98360, 95655, 85912, 66681, 47584, 94935, 63905, 32923, 92640, 33061, 9576, 54927, 38652, 57014, 36147, 49242, 76772, 4583, 93688, 99100, 11258, 71367, 13750, 56738, 63949, 53132, 72453, 11437, 30450, 78069, 5555, 10317, 398, 47067, 35457, 2428, 89413, 25360, 72709, 71450, 21632, 11797, 95472, 62505, 78481, 34030, 63830, 94830, 76783, 62437, 12853, 33074, 49186, 56248, 77889, 87097, 47558, 94421, 57817, 8282, 73296, 35777, 27390, 38755, 59173, 7907, 17763, 90775, 64971, 62862, 16688, 72458, 25575, 22950, 37256, 53037, 38392, 548, 93232, 8025, 7139, 60033, 94615, 90010, 93400, 87505, 96759, 19715, 69692, 89184, 74066, 15385, 25832, 96708, 94305, 61699, 26326, 87169, 82692, 54816, 45536, 16392, 60497, 66674, 10693, 67755, 88699, 83123, 567, 17599, 19394, 92258, 28715, 10564, 21868, 65209, 44441, 78874, 42256, 79856, 31700, 29202, 87666, 66030, 31292, 27162, 65370, 53173, 19185, 36284, 72606, 38362, 65694, 85672, 86818, 36860, 5552, 4246, 1923, 55139, 56218, 3285, 37317, 26853, 38135, 7332, 40534, 40325, 53060, 39227, 47637, 10480, 23852, 63076, 39196, 88571, 15208, 94466, 12465, 25053, 33788, 24462, 48446, 59999, 47259, 96230, 14821, 64597, 6691, 42795, 8564, 1433, 94843, 16387, 41809, 67928, 82713, 95992, 73115, 60270, 79815, 58784, 26989, 44761, 5941, 71766, 60135, 33315, 64769])"
9.0,9,22,47,6.244903326034546,10911,"Genotype(dna=[91362, 94983, 7634, 15758, 62431, 64404, 48234, 27187, 54146, 29614, 57858, 71468, 70839, 35235, 48025, 9974, 46686, 61028, 37711, 44483, 71100, 40489, 90736, 27652, 66355, 79096, 10533, 98401, 41052, 49774, 77895, 5956, 45023, 65763, 20375, 22449, 26091, 36987, 99018, 92940, 9885, 58109, 71294, 23510, 33889, 58754, 43946, 10166, 21433, 28471, 46701, 94974, 59519, 29203, 68991, 29553, 47099, 37233, 46706, 62706, 70065, 24996, 36195, 73618, 85521, 17266, 28461, 98360, 95655, 85912, 66681, 47584, 94935, 63905, 32923, 92640, 33061, 9576, 54927, 38652, 57014, 36147, 49242, 76772, 4583, 93688, 99100, 11258, 71367, 13750, 56738, 63949, 53132, 72453, 11437, 30450, 78069, 5555, 10317, 398, 47067, 35457, 2428, 89413, 25360, 72709, 71450, 21632, 11797, 95472, 62505, 78481, 34030, 63830, 94830, 76783, 62437, 12853, 33074, 49186, 56248, 77889, 87097, 47558, 94421, 57817, 8282, 73296, 35777, 27390, 38755, 59173, 7907, 17763, 90775, 64971, 62862, 16688, 72458, 25575, 22950, 37256, 53037, 38392, 548, 93232, 8025, 7139, 60033, 94615, 90010, 93400, 87505, 96759, 19715, 69692, 89184, 74066, 15385, 25832, 96708, 94305, 61699, 26326, 87169, 82692, 54816, 45536, 16392, 60497, 66674, 10693, 67755, 88699, 83123, 567, 17599, 19394, 92258, 28715, 10564, 21868, 65209, 44441, 78874, 42256, 79856, 31700, 29202, 87666, 66030, 31292, 27162, 65370, 53173, 19185, 36284, 72606, 38362, 65694, 85672, 86818, 36860, 5552, 4246, 1923, 55139, 56218, 3285, 37317, 26853, 38135, 7332, 40534, 40325, 53060, 39227, 47637, 10480, 23852, 63076, 39196, 88571, 15208, 94466, 12465, 25053, 33788, 24462, 48446, 59999, 47259, 96230, 14821, 64597, 6691, 42795, 8564, 1433, 94843, 16387, 41809, 67928, 82713, 95992, 73115, 60270, 79815, 58784, 26989, 44761, 5941, 71766, 60135, 33315, 64769])"
9.0,9,22,48,6.291234970092773,10911,"Genotype(dna=[91362, 94983, 7634, 15758, 62431, 64404, 48234, 27187, 54146, 29614, 57858, 71468, 70839, 35235, 48025, 9974, 46686, 61028, 37711, 44483, 71100, 40489, 90736, 27652, 66355, 79096, 10533, 98401, 41052, 49774, 77895, 5956, 45023, 65763, 20375, 22449, 26091, 36987, 99018, 92940, 9885, 58109, 71294, 23510, 33889, 58754, 43946, 10166, 21433, 28471, 46701, 94974, 59519, 29203, 68991, 29553, 47099, 37233, 46706, 62706, 70065, 24996, 36195, 73618, 85521, 17266, 28461, 98360, 95655, 85912, 66681, 47584, 94935, 63905, 32923, 92640, 33061, 9576, 54927, 38652, 57014, 36147, 49242, 76772, 4583, 93688, 99100, 11258, 71367, 13750, 56738, 63949, 53132, 72453, 11437, 30450, 78069, 5555, 10317, 398, 47067, 35457, 2428, 89413, 25360, 72709, 71450, 21632, 11797, 95472, 62505, 78481, 34030, 63830, 94830, 76783, 62437, 12853, 33074, 49186, 56248, 77889, 87097, 47558, 94421, 57817, 8282, 73296, 35777, 27390, 38755, 59173, 7907, 17763, 90775, 64971, 62862, 16688, 72458, 25575, 22950, 37256, 53037, 38392, 548, 93232, 8025, 7139, 60033, 94615, 90010, 93400, 87505, 96759, 19715, 69692, 89184, 74066, 15385, 25832, 96708, 94305, 61699, 26326, 87169, 82692, 54816, 45536, 16392, 60497, 66674, 10693, 67755, 88699, 83123, 567, 17599, 19394, 92258, 28715, 10564, 21868, 65209, 44441, 78874, 42256, 79856, 31700, 29202, 87666, 66030, 31292, 27162, 65370, 53173, 19185, 36284, 72606, 38362, 65694, 85672, 86818, 36860, 5552, 4246, 1923, 55139, 56218, 3285, 37317, 26853, 38135, 7332, 40534, 40325, 53060, 39227, 47637, 10480, 23852, 63076, 39196, 88571, 15208, 94466, 12465, 25053, 33788, 24462, 48446, 59999, 47259, 96230, 14821, 64597, 6691, 42795, 8564, 1433, 94843, 16387, 41809, 67928, 82713, 95992, 73115, 60270, 79815, 58784, 26989, 44761, 5941, 71766, 60135, 33315, 64769])"
9.0,9,22,49,6.356316804885864,10911,"Genotype(dna=[91362, 94983, 7634, 15758, 62431, 64404, 48234, 27187, 54146, 29614, 57858, 71468, 70839, 35235, 48025, 9974, 46686, 61028, 37711, 44483, 71100, 40489, 90736, 27652, 66355, 79096, 10533, 98401, 41052, 49774, 77895, 5956, 45023, 65763, 20375, 22449, 26091, 36987, 99018, 92940, 9885, 58109, 71294, 23510, 33889, 58754, 43946, 10166, 21433, 28471, 46701, 94974, 59519, 29203, 68991, 29553, 47099, 37233, 46706, 62706, 70065, 24996, 36195, 73618, 85521, 17266, 28461, 98360, 95655, 85912, 66681, 47584, 94935, 63905, 32923, 92640, 33061, 9576, 54927, 38652, 57014, 36147, 49242, 76772, 4583, 93688, 99100, 11258, 71367, 13750, 56738, 63949, 53132, 72453, 11437, 30450, 78069, 5555, 10317, 398, 47067, 35457, 2428, 89413, 25360, 72709, 71450, 21632, 11797, 95472, 62505, 78481, 34030, 63830, 94830, 76783, 62437, 12853, 33074, 49186, 56248, 77889, 87097, 47558, 94421, 57817, 8282, 73296, 35777, 27390, 38755, 59173, 7907, 17763, 90775, 64971, 62862, 16688, 72458, 25575, 22950, 37256, 53037, 38392, 548, 93232, 8025, 7139, 60033, 94615, 90010, 93400, 87505, 96759, 19715, 69692, 89184, 74066, 15385, 25832, 96708, 94305, 61699, 26326, 87169, 82692, 54816, 45536, 16392, 60497, 66674, 10693, 67755, 88699, 83123, 567, 17599, 19394, 92258, 28715, 10564, 21868, 65209, 44441, 78874, 42256, 79856, 31700, 29202, 87666, 66030, 31292, 27162, 65370, 53173, 19185, 36284, 72606, 38362, 65694, 85672, 86818, 36860, 5552, 4246, 1923, 55139, 56218, 3285, 37317, 26853, 38135, 7332, 40534, 40325, 53060, 39227, 47637, 10480, 23852, 63076, 39196, 88571, 15208, 94466, 12465, 25053, 33788, 24462, 48446, 59999, 47259, 96230, 14821, 64597, 6691, 42795, 8564, 1433, 94843, 16387, 41809, 67928, 82713, 95992, 73115, 60270, 79815, 58784, 26989, 44761, 5941, 71766, 60135, 33315, 64769])"
9.0,9,22,50,6.425728797912598,10911,"Genotype(dna=[91362, 94983, 7634, 15758, 62431, 64404, 48234, 27187, 54146, 29614, 57858, 71468, 70839, 35235, 48025, 9974, 46686, 61028, 37711, 44483, 71100, 40489, 90736, 27652, 66355, 79096, 10533, 98401, 41052, 49774, 77895, 5956, 45023, 65763, 20375, 22449, 26091, 36987, 99018, 92940, 9885, 58109, 71294, 23510, 33889, 58754, 43946, 10166, 21433, 28471, 46701, 94974, 59519, 29203, 68991, 29553, 47099, 37233, 46706, 62706, 70065, 24996, 36195, 73618, 85521, 17266, 28461, 98360, 95655, 85912, 66681, 47584, 94935, 63905, 32923, 92640, 33061, 9576, 54927, 38652, 57014, 36147, 49242, 76772, 4583, 93688, 99100, 11258, 71367, 13750, 56738, 63949, 53132, 72453, 11437, 30450, 78069, 5555, 10317, 398, 47067, 35457, 2428, 89413, 25360, 72709, 71450, 21632, 11797, 95472, 62505, 78481, 34030, 63830, 94830, 76783, 62437, 12853, 33074, 49186, 56248, 77889, 87097, 47558, 94421, 57817, 8282, 73296, 35777, 27390, 38755, 59173, 7907, 17763, 90775, 64971, 62862, 16688, 72458, 25575, 22950, 37256, 53037, 38392, 548, 93232, 8025, 7139, 60033, 94615, 90010, 93400, 87505, 96759, 19715, 69692, 89184, 74066, 15385, 25832, 96708, 94305, 61699, 26326, 87169, 82692, 54816, 45536, 16392, 60497, 66674, 10693, 67755, 88699, 83123, 567, 17599, 19394, 92258, 28715, 10564, 21868, 65209, 44441, 78874, 42256, 79856, 31700, 29202, 87666, 66030, 31292, 27162, 65370, 53173, 19185, 36284, 72606, 38362, 65694, 85672, 86818, 36860, 5552, 4246, 1923, 55139, 56218, 3285, 37317, 26853, 38135, 7332, 40534, 40325, 53060, 39227, 47637, 10480, 23852, 63076, 39196, 88571, 15208, 94466, 12465, 25053, 33788, 24462, 48446, 59999, 47259, 96230, 14821, 64597, 6691, 42795, 8564, 1433, 94843, 16387, 41809, 67928, 82713, 95992, 73115, 60270, 79815, 58784, 26989, 44761, 5941, 71766, 60135, 33315, 64769])"
9.0,9,22,51,6.66308856010437,10911,"Genotype(dna=[91362, 94983, 7634, 15758, 62431, 64404, 48234, 27187, 54146, 29614, 57858, 71468, 70839, 35235, 48025, 9974, 46686, 61028, 37711, 44483, 71100, 40489, 90736, 27652, 66355, 79096, 10533, 98401, 41052, 49774, 77895, 5956, 45023, 65763, 20375, 22449, 26091, 36987, 99018, 92940, 9885, 58109, 71294, 23510, 33889, 58754, 43946, 10166, 21433, 28471, 46701, 94974, 59519, 29203, 68991, 29553, 47099, 37233, 46706, 62706, 70065, 24996, 36195, 73618, 85521, 17266, 28461, 98360, 95655, 85912, 66681, 47584, 94935, 63905, 32923, 92640, 33061, 9576, 54927, 38652, 57014, 36147, 49242, 76772, 4583, 93688, 99100, 11258, 71367, 13750, 56738, 63949, 53132, 72453, 11437, 30450, 78069, 5555, 10317, 398, 47067, 35457, 2428, 89413, 25360, 72709, 71450, 21632, 11797, 95472, 62505, 78481, 34030, 63830, 94830, 76783, 62437, 12853, 33074, 49186, 56248, 77889, 87097, 47558, 94421, 57817, 8282, 73296, 35777, 27390, 38755, 59173, 7907, 17763, 90775, 64971, 62862, 16688, 72458, 25575, 22950, 37256, 53037, 38392, 548, 93232, 8025, 7139, 60033, 94615, 90010, 93400, 87505, 96759, 19715, 69692, 89184, 74066, 15385, 25832, 96708, 94305, 61699, 26326, 87169, 82692, 54816, 45536, 16392, 60497, 66674, 10693, 67755, 88699, 83123, 567, 17599, 19394, 92258, 28715, 10564, 21868, 65209, 44441, 78874, 42256, 79856, 31700, 29202, 87666, 66030, 31292, 27162, 65370, 53173, 19185, 36284, 72606, 38362, 65694, 85672, 86818, 36860, 5552, 4246, 1923, 55139, 56218, 3285, 37317, 26853, 38135, 7332, 40534, 40325, 53060, 39227, 47637, 10480, 23852, 63076, 39196, 88571, 15208, 94466, 12465, 25053, 33788, 24462, 48446, 59999, 47259, 96230, 14821, 64597, 6691, 42795, 8564, 1433, 94843, 16387, 41809, 67928, 82713, 95992, 73115, 60270, 79815, 58784, 26989, 44761, 5941, 71766, 60135, 33315, 64769])"
9.0,9,22,52,6.772486209869385,10911,"Genotype(dna=[91362, 94983, 7634, 15758, 62431, 64404, 48234, 27187, 54146, 29614, 57858, 71468, 70839, 35235, 48025, 9974, 46686, 61028, 37711, 44483, 71100, 40489, 90736, 27652, 66355, 79096, 10533, 98401, 41052, 49774, 77895, 5956, 45023, 65763, 20375, 22449, 26091, 36987, 99018, 92940, 9885, 58109, 71294, 23510, 33889, 58754, 43946, 10166, 21433, 28471, 46701, 94974, 59519, 29203, 68991, 29553, 47099, 37233, 46706, 62706, 70065, 24996, 36195, 73618, 85521, 17266, 28461, 98360, 95655, 85912, 66681, 47584, 94935, 63905, 32923, 92640, 33061, 9576, 54927, 38652, 57014, 36147, 49242, 76772, 4583, 93688, 99100, 11258, 71367, 13750, 56738, 63949, 53132, 72453, 11437, 30450, 78069, 5555, 10317, 398, 47067, 35457, 2428, 89413, 25360, 72709, 71450, 21632, 11797, 95472, 62505, 78481, 34030, 63830, 94830, 76783, 62437, 12853, 33074, 49186, 56248, 77889, 87097, 47558, 94421, 57817, 8282, 73296, 35777, 27390, 38755, 59173, 7907, 17763, 90775, 64971, 62862, 16688, 72458, 25575, 22950, 37256, 53037, 38392, 548, 93232, 8025, 7139, 60033, 94615, 90010, 93400, 87505, 96759, 19715, 69692, 89184, 74066, 15385, 25832, 96708, 94305, 61699, 26326, 87169, 82692, 54816, 45536, 16392, 60497, 66674, 10693, 67755, 88699, 83123, 567, 17599, 19394, 92258, 28715, 10564, 21868, 65209, 44441, 78874, 42256, 79856, 31700, 29202, 87666, 66030, 31292, 27162, 65370, 53173, 19185, 36284, 72606, 38362, 65694, 85672, 86818, 36860, 5552, 4246, 1923, 55139, 56218, 3285, 37317, 26853, 38135, 7332, 40534, 40325, 53060, 39227, 47637, 10480, 23852, 63076, 39196, 88571, 15208, 94466, 12465, 25053, 33788, 24462, 48446, 59999, 47259, 96230, 14821, 64597, 6691, 42795, 8564, 1433, 94843, 16387, 41809, 67928, 82713, 95992, 73115, 60270, 79815, 58784, 26989, 44761, 5941, 71766, 60135, 33315, 64769])"
9.0,9,22,53,6.840371608734131,10911,"Genotype(dna=[91362, 94983, 7634, 15758, 62431, 64404, 48234, 27187, 54146, 29614, 57858, 71468, 70839, 35235, 48025, 9974, 46686, 61028, 37711, 44483, 71100, 40489, 90736, 27652, 66355, 79096, 10533, 98401, 41052, 49774, 77895, 5956, 45023, 65763, 20375, 22449, 26091, 36987, 99018, 92940, 9885, 58109, 71294, 23510, 33889, 58754, 43946, 10166, 21433, 28471, 46701, 94974, 59519, 29203, 68991, 29553, 47099, 37233, 46706, 62706, 70065, 24996, 36195, 73618, 85521, 17266, 28461, 98360, 95655, 85912, 66681, 47584, 94935, 63905, 32923, 92640, 33061, 9576, 54927, 38652, 57014, 36147, 49242, 76772, 4583, 93688, 99100, 11258, 71367, 13750, 56738, 63949, 53132, 72453, 11437, 30450, 78069, 5555, 10317, 398, 47067, 35457, 2428, 89413, 25360, 72709, 71450, 21632, 11797, 95472, 62505, 78481, 34030, 63830, 94830, 76783, 62437, 12853, 33074, 49186, 56248, 77889, 87097, 47558, 94421, 57817, 8282, 73296, 35777, 27390, 38755, 59173, 7907, 17763, 90775, 64971, 62862, 16688, 72458, 25575, 22950, 37256, 53037, 38392, 548, 93232, 8025, 7139, 60033, 94615, 90010, 93400, 87505, 96759, 19715, 69692, 89184, 74066, 15385, 25832, 96708, 94305, 61699, 26326, 87169, 82692, 54816, 45536, 16392, 60497, 66674, 10693, 67755, 88699, 83123, 567, 17599, 19394, 92258, 28715, 10564, 21868, 65209, 44441, 78874, 42256, 79856, 31700, 29202, 87666, 66030, 31292, 27162, 65370, 53173, 19185, 36284, 72606, 38362, 65694, 85672, 86818, 36860, 5552, 4246, 1923, 55139, 56218, 3285, 37317, 26853, 38135, 7332, 40534, 40325, 53060, 39227, 47637, 10480, 23852, 63076, 39196, 88571, 15208, 94466, 12465, 25053, 33788, 24462, 48446, 59999, 47259, 96230, 14821, 64597, 6691, 42795, 8564, 1433, 94843, 16387, 41809, 67928, 82713, 95992, 73115, 60270, 79815, 58784, 26989, 44761, 5941, 71766, 60135, 33315, 64769])"
9.0,9,22,54,6.897886276245117,10911,"Genotype(dna=[91362, 94983, 7634, 15758, 62431, 64404, 48234, 27187, 54146, 29614, 57858, 71468, 70839, 35235, 48025, 9974, 46686, 61028, 37711, 44483, 71100, 40489, 90736, 27652, 66355, 79096, 10533, 98401, 41052, 49774, 77895, 5956, 45023, 65763, 20375, 22449, 26091, 36987, 99018, 92940, 9885, 58109, 71294, 23510, 33889, 58754, 43946, 10166, 21433, 28471, 46701, 94974, 59519, 29203, 68991, 29553, 47099, 37233, 46706, 62706, 70065, 24996, 36195, 73618, 85521, 17266, 28461, 98360, 95655, 85912, 66681, 47584, 94935, 63905, 32923, 92640, 33061, 9576, 54927, 38652, 57014, 36147, 49242, 76772, 4583, 93688, 99100, 11258, 71367, 13750, 56738, 63949, 53132, 72453, 11437, 30450, 78069, 5555, 10317, 398, 47067, 35457, 2428, 89413, 25360, 72709, 71450, 21632, 11797, 95472, 62505, 78481, 34030, 63830, 94830, 76783, 62437, 12853, 33074, 49186, 56248, 77889, 87097, 47558, 94421, 57817, 8282, 73296, 35777, 27390, 38755, 59173, 7907, 17763, 90775, 64971, 62862, 16688, 72458, 25575, 22950, 37256, 53037, 38392, 548, 93232, 8025, 7139, 60033, 94615, 90010, 93400, 87505, 96759, 19715, 69692, 89184, 74066, 15385, 25832, 96708, 94305, 61699, 26326, 87169, 82692, 54816, 45536, 16392, 60497, 66674, 10693, 67755, 88699, 83123, 567, 17599, 19394, 92258, 28715, 10564, 21868, 65209, 44441, 78874, 42256, 79856, 31700, 29202, 87666, 66030, 31292, 27162, 65370, 53173, 19185, 36284, 72606, 38362, 65694, 85672, 86818, 36860, 5552, 4246, 1923, 55139, 56218, 3285, 37317, 26853, 38135, 7332, 40534, 40325, 53060, 39227, 47637, 10480, 23852, 63076, 39196, 88571, 15208, 94466, 12465, 25053, 33788, 24462, 48446, 59999, 47259, 96230, 14821, 64597, 6691, 42795, 8564, 1433, 94843, 16387, 41809, 67928, 82713, 95992, 73115, 60270, 79815, 58784, 26989, 44761, 5941, 71766, 60135, 33315, 64769])"
9.0,9,22,55,6.952301979064941,10911,"Genotype(dna=[91362, 94983, 7634, 15758, 62431, 64404, 48234, 27187, 54146, 29614, 57858, 71468, 70839, 35235, 48025, 9974, 46686, 61028, 37711, 44483, 71100, 40489, 90736, 27652, 66355, 79096, 10533, 98401, 41052, 49774, 77895, 5956, 45023, 65763, 20375, 22449, 26091, 36987, 99018, 92940, 9885, 58109, 71294, 23510, 33889, 58754, 43946, 10166, 21433, 28471, 46701, 94974, 59519, 29203, 68991, 29553, 47099, 37233, 46706, 62706, 70065, 24996, 36195, 73618, 85521, 17266, 28461, 98360, 95655, 85912, 66681, 47584, 94935, 63905, 32923, 92640, 33061, 9576, 54927, 38652, 57014, 36147, 49242, 76772, 4583, 93688, 99100, 11258, 71367, 13750, 56738, 63949, 53132, 72453, 11437, 30450, 78069, 5555, 10317, 398, 47067, 35457, 2428, 89413, 25360, 72709, 71450, 21632, 11797, 95472, 62505, 78481, 34030, 63830, 94830, 76783, 62437, 12853, 33074, 49186, 56248, 77889, 87097, 47558, 94421, 57817, 8282, 73296, 35777, 27390, 38755, 59173, 7907, 17763, 90775, 64971, 62862, 16688, 72458, 25575, 22950, 37256, 53037, 38392, 548, 93232, 8025, 7139, 60033, 94615, 90010, 93400, 87505, 96759, 19715, 69692, 89184, 74066, 15385, 25832, 96708, 94305, 61699, 26326, 87169, 82692, 54816, 45536, 16392, 60497, 66674, 10693, 67755, 88699, 83123, 567, 17599, 19394, 92258, 28715, 10564, 21868, 65209, 44441, 78874, 42256, 79856, 31700, 29202, 87666, 66030, 31292, 27162, 65370, 53173, 19185, 36284, 72606, 38362, 65694, 85672, 86818, 36860, 5552, 4246, 1923, 55139, 56218, 3285, 37317, 26853, 38135, 7332, 40534, 40325, 53060, 39227, 47637, 10480, 23852, 63076, 39196, 88571, 15208, 94466, 12465, 25053, 33788, 24462, 48446, 59999, 47259, 96230, 14821, 64597, 6691, 42795, 8564, 1433, 94843, 16387, 41809, 67928, 82713, 95992, 73115, 60270, 79815, 58784, 26989, 44761, 5941, 71766, 60135, 33315, 64769])"
9.0,9,22,56,7.005230665206909,10911,"Genotype(dna=[91362, 94983, 7634, 15758, 62431, 64404, 48234, 27187, 54146, 29614, 57858, 71468, 70839, 35235, 48025, 9974, 46686, 61028, 37711, 44483, 71100, 40489, 90736, 27652, 66355, 79096, 10533, 98401, 41052, 49774, 77895, 5956, 45023, 65763, 20375, 22449, 26091, 36987, 99018, 92940, 9885, 58109, 71294, 23510, 33889, 58754, 43946, 10166, 21433, 28471, 46701, 94974, 59519, 29203, 68991, 29553, 47099, 37233, 46706, 62706, 70065, 24996, 36195, 73618, 85521, 17266, 28461, 98360, 95655, 85912, 66681, 47584, 94935, 63905, 32923, 92640, 33061, 9576, 54927, 38652, 57014, 36147, 49242, 76772, 4583, 93688, 99100, 11258, 71367, 13750, 56738, 63949, 53132, 72453, 11437, 30450, 78069, 5555, 10317, 398, 47067, 35457, 2428, 89413, 25360, 72709, 71450, 21632, 11797, 95472, 62505, 78481, 34030, 63830, 94830, 76783, 62437, 12853, 33074, 49186, 56248, 77889, 87097, 47558, 94421, 57817, 8282, 73296, 35777, 27390, 38755, 59173, 7907, 17763, 90775, 64971, 62862, 16688, 72458, 25575, 22950, 37256, 53037, 38392, 548, 93232, 8025, 7139, 60033, 94615, 90010, 93400, 87505, 96759, 19715, 69692, 89184, 74066, 15385, 25832, 96708, 94305, 61699, 26326, 87169, 82692, 54816, 45536, 16392, 60497, 66674, 10693, 67755, 88699, 83123, 567, 17599, 19394, 92258, 28715, 10564, 21868, 65209, 44441, 78874, 42256, 79856, 31700, 29202, 87666, 66030, 31292, 27162, 65370, 53173, 19185, 36284, 72606, 38362, 65694, 85672, 86818, 36860, 5552, 4246, 1923, 55139, 56218, 3285, 37317, 26853, 38135, 7332, 40534, 40325, 53060, 39227, 47637, 10480, 23852, 63076, 39196, 88571, 15208, 94466, 12465, 25053, 33788, 24462, 48446, 59999, 47259, 96230, 14821, 64597, 6691, 42795, 8564, 1433, 94843, 16387, 41809, 67928, 82713, 95992, 73115, 60270, 79815, 58784, 26989, 44761, 5941, 71766, 60135, 33315, 64769])"
9.0,9,22,57,7.073664665222168,10911,"Genotype(dna=[91362, 94983, 7634, 15758, 62431, 64404, 48234, 27187, 54146, 29614, 57858, 71468, 70839, 35235, 48025, 9974, 46686, 61028, 37711, 44483, 71100, 40489, 90736, 27652, 66355, 79096, 10533, 98401, 41052, 49774, 77895, 5956, 45023, 65763, 20375, 22449, 26091, 36987, 99018, 92940, 9885, 58109, 71294, 23510, 33889, 58754, 43946, 10166, 21433, 28471, 46701, 94974, 59519, 29203, 68991, 29553, 47099, 37233, 46706, 62706, 70065, 24996, 36195, 73618, 85521, 17266, 28461, 98360, 95655, 85912, 66681, 47584, 94935, 63905, 32923, 92640, 33061, 9576, 54927, 38652, 57014, 36147, 49242, 76772, 4583, 93688, 99100, 11258, 71367, 13750, 56738, 63949, 53132, 72453, 11437, 30450, 78069, 5555, 10317, 398, 47067, 35457, 2428, 89413, 25360, 72709, 71450, 21632, 11797, 95472, 62505, 78481, 34030, 63830, 94830, 76783, 62437, 12853, 33074, 49186, 56248, 77889, 87097, 47558, 94421, 57817, 8282, 73296, 35777, 27390, 38755, 59173, 7907, 17763, 90775, 64971, 62862, 16688, 72458, 25575, 22950, 37256, 53037, 38392, 548, 93232, 8025, 7139, 60033, 94615, 90010, 93400, 87505, 96759, 19715, 69692, 89184, 74066, 15385, 25832, 96708, 94305, 61699, 26326, 87169, 82692, 54816, 45536, 16392, 60497, 66674, 10693, 67755, 88699, 83123, 567, 17599, 19394, 92258, 28715, 10564, 21868, 65209, 44441, 78874, 42256, 79856, 31700, 29202, 87666, 66030, 31292, 27162, 65370, 53173, 19185, 36284, 72606, 38362, 65694, 85672, 86818, 36860, 5552, 4246, 1923, 55139, 56218, 3285, 37317, 26853, 38135, 7332, 40534, 40325, 53060, 39227, 47637, 10480, 23852, 63076, 39196, 88571, 15208, 94466, 12465, 25053, 33788, 24462, 48446, 59999, 47259, 96230, 14821, 64597, 6691, 42795, 8564, 1433, 94843, 16387, 41809, 67928, 82713, 95992, 73115, 60270, 79815, 58784, 26989, 44761, 5941, 71766, 60135, 33315, 64769])"
9.0,9,22,58,7.127342462539673,10911,"Genotype(dna=[91362, 94983, 7634, 15758, 62431, 64404, 48234, 27187, 54146, 29614, 57858, 71468, 70839, 35235, 48025, 9974, 46686, 61028, 37711, 44483, 71100, 40489, 90736, 27652, 66355, 79096, 10533, 98401, 41052, 49774, 77895, 5956, 45023, 65763, 20375, 22449, 26091, 36987, 99018, 92940, 9885, 58109, 71294, 23510, 33889, 58754, 43946, 10166, 21433, 28471, 46701, 94974, 59519, 29203, 68991, 29553, 47099, 37233, 46706, 62706, 70065, 24996, 36195, 73618, 85521, 17266, 28461, 98360, 95655, 85912, 66681, 47584, 94935, 63905, 32923, 92640, 33061, 9576, 54927, 38652, 57014, 36147, 49242, 76772, 4583, 93688, 99100, 11258, 71367, 13750, 56738, 63949, 53132, 72453, 11437, 30450, 78069, 5555, 10317, 398, 47067, 35457, 2428, 89413, 25360, 72709, 71450, 21632, 11797, 95472, 62505, 78481, 34030, 63830, 94830, 76783, 62437, 12853, 33074, 49186, 56248, 77889, 87097, 47558, 94421, 57817, 8282, 73296, 35777, 27390, 38755, 59173, 7907, 17763, 90775, 64971, 62862, 16688, 72458, 25575, 22950, 37256, 53037, 38392, 548, 93232, 8025, 7139, 60033, 94615, 90010, 93400, 87505, 96759, 19715, 69692, 89184, 74066, 15385, 25832, 96708, 94305, 61699, 26326, 87169, 82692, 54816, 45536, 16392, 60497, 66674, 10693, 67755, 88699, 83123, 567, 17599, 19394, 92258, 28715, 10564, 21868, 65209, 44441, 78874, 42256, 79856, 31700, 29202, 87666, 66030, 31292, 27162, 65370, 53173, 19185, 36284, 72606, 38362, 65694, 85672, 86818, 36860, 5552, 4246, 1923, 55139, 56218, 3285, 37317, 26853, 38135, 7332, 40534, 40325, 53060, 39227, 47637, 10480, 23852, 63076, 39196, 88571, 15208, 94466, 12465, 25053, 33788, 24462, 48446, 59999, 47259, 96230, 14821, 64597, 6691, 42795, 8564, 1433, 94843, 16387, 41809, 67928, 82713, 95992, 73115, 60270, 79815, 58784, 26989, 44761, 5941, 71766, 60135, 33315, 64769])"
9.0,9,22,59,7.179097414016724,10911,"Genotype(dna=[91362, 94983, 7634, 15758, 62431, 64404, 48234, 27187, 54146, 29614, 57858, 71468, 70839, 35235, 48025, 9974, 46686, 61028, 37711, 44483, 71100, 40489, 90736, 27652, 66355, 79096, 10533, 98401, 41052, 49774, 77895, 5956, 45023, 65763, 20375, 22449, 26091, 36987, 99018, 92940, 9885, 58109, 71294, 23510, 33889, 58754, 43946, 10166, 21433, 28471, 46701, 94974, 59519, 29203, 68991, 29553, 47099, 37233, 46706, 62706, 70065, 24996, 36195, 73618, 85521, 17266, 28461, 98360, 95655, 85912, 66681, 47584, 94935, 63905, 32923, 92640, 33061, 9576, 54927, 38652, 57014, 36147, 49242, 76772, 4583, 93688, 99100, 11258, 71367, 13750, 56738, 63949, 53132, 72453, 11437, 30450, 78069, 5555, 10317, 398, 47067, 35457, 2428, 89413, 25360, 72709, 71450, 21632, 11797, 95472, 62505, 78481, 34030, 63830, 94830, 76783, 62437, 12853, 33074, 49186, 56248, 77889, 87097, 47558, 94421, 57817, 8282, 73296, 35777, 27390, 38755, 59173, 7907, 17763, 90775, 64971, 62862, 16688, 72458, 25575, 22950, 37256, 53037, 38392, 548, 93232, 8025, 7139, 60033, 94615, 90010, 93400, 87505, 96759, 19715, 69692, 89184, 74066, 15385, 25832, 96708, 94305, 61699, 26326, 87169, 82692, 54816, 45536, 16392, 60497, 66674, 10693, 67755, 88699, 83123, 567, 17599, 19394, 92258, 28715, 10564, 21868, 65209, 44441, 78874, 42256, 79856, 31700, 29202, 87666, 66030, 31292, 27162, 65370, 53173, 19185, 36284, 72606, 38362, 65694, 85672, 86818, 36860, 5552, 4246, 1923, 55139, 56218, 3285, 37317, 26853, 38135, 7332, 40534, 40325, 53060, 39227, 47637, 10480, 23852, 63076, 39196, 88571, 15208, 94466, 12465, 25053, 33788, 24462, 48446, 59999, 47259, 96230, 14821, 64597, 6691, 42795, 8564, 1433, 94843, 16387, 41809, 67928, 82713, 95992, 73115, 60270, 79815, 58784, 26989, 44761, 5941, 71766, 60135, 33315, 64769])"
9.0,9,22,60,7.303317308425903,10911,"Genotype(dna=[91362, 94983, 7634, 15758, 62431, 64404, 48234, 27187, 54146, 29614, 57858, 71468, 70839, 35235, 48025, 9974, 46686, 61028, 37711, 44483, 71100, 40489, 90736, 27652, 66355, 79096, 10533, 98401, 41052, 49774, 77895, 5956, 45023, 65763, 20375, 22449, 26091, 36987, 99018, 92940, 9885, 58109, 71294, 23510, 33889, 58754, 43946, 10166, 21433, 28471, 46701, 94974, 59519, 29203, 68991, 29553, 47099, 37233, 46706, 62706, 70065, 24996, 36195, 73618, 85521, 17266, 28461, 98360, 95655, 85912, 66681, 47584, 94935, 63905, 32923, 92640, 33061, 9576, 54927, 38652, 57014, 36147, 49242, 76772, 4583, 93688, 99100, 11258, 71367, 13750, 56738, 63949, 53132, 72453, 11437, 30450, 78069, 5555, 10317, 398, 47067, 35457, 2428, 89413, 25360, 72709, 71450, 21632, 11797, 95472, 62505, 78481, 34030, 63830, 94830, 76783, 62437, 12853, 33074, 49186, 56248, 77889, 87097, 47558, 94421, 57817, 8282, 73296, 35777, 27390, 38755, 59173, 7907, 17763, 90775, 64971, 62862, 16688, 72458, 25575, 22950, 37256, 53037, 38392, 548, 93232, 8025, 7139, 60033, 94615, 90010, 93400, 87505, 96759, 19715, 69692, 89184, 74066, 15385, 25832, 96708, 94305, 61699, 26326, 87169, 82692, 54816, 45536, 16392, 60497, 66674, 10693, 67755, 88699, 83123, 567, 17599, 19394, 92258, 28715, 10564, 21868, 65209, 44441, 78874, 42256, 79856, 31700, 29202, 87666, 66030, 31292, 27162, 65370, 53173, 19185, 36284, 72606, 38362, 65694, 85672, 86818, 36860, 5552, 4246, 1923, 55139, 56218, 3285, 37317, 26853, 38135, 7332, 40534, 40325, 53060, 39227, 47637, 10480, 23852, 63076, 39196, 88571, 15208, 94466, 12465, 25053, 33788, 24462, 48446, 59999, 47259, 96230, 14821, 64597, 6691, 42795, 8564, 1433, 94843, 16387, 41809, 67928, 82713, 95992, 73115, 60270, 79815, 58784, 26989, 44761, 5941, 71766, 60135, 33315, 64769])"
9.0,9,22,61,7.360857248306274,10911,"Genotype(dna=[91362, 94983, 7634, 15758, 62431, 64404, 48234, 27187, 54146, 29614, 57858, 71468, 70839, 35235, 48025, 9974, 46686, 61028, 37711, 44483, 71100, 40489, 90736, 27652, 66355, 79096, 10533, 98401, 41052, 49774, 77895, 5956, 45023, 65763, 20375, 22449, 26091, 36987, 99018, 92940, 9885, 58109, 71294, 23510, 33889, 58754, 43946, 10166, 21433, 28471, 46701, 94974, 59519, 29203, 68991, 29553, 47099, 37233, 46706, 62706, 70065, 24996, 36195, 73618, 85521, 17266, 28461, 98360, 95655, 85912, 66681, 47584, 94935, 63905, 32923, 92640, 33061, 9576, 54927, 38652, 57014, 36147, 49242, 76772, 4583, 93688, 99100, 11258, 71367, 13750, 56738, 63949, 53132, 72453, 11437, 30450, 78069, 5555, 10317, 398, 47067, 35457, 2428, 89413, 25360, 72709, 71450, 21632, 11797, 95472, 62505, 78481, 34030, 63830, 94830, 76783, 62437, 12853, 33074, 49186, 56248, 77889, 87097, 47558, 94421, 57817, 8282, 73296, 35777, 27390, 38755, 59173, 7907, 17763, 90775, 64971, 62862, 16688, 72458, 25575, 22950, 37256, 53037, 38392, 548, 93232, 8025, 7139, 60033, 94615, 90010, 93400, 87505, 96759, 19715, 69692, 89184, 74066, 15385, 25832, 96708, 94305, 61699, 26326, 87169, 82692, 54816, 45536, 16392, 60497, 66674, 10693, 67755, 88699, 83123, 567, 17599, 19394, 92258, 28715, 10564, 21868, 65209, 44441, 78874, 42256, 79856, 31700, 29202, 87666, 66030, 31292, 27162, 65370, 53173, 19185, 36284, 72606, 38362, 65694, 85672, 86818, 36860, 5552, 4246, 1923, 55139, 56218, 3285, 37317, 26853, 38135, 7332, 40534, 40325, 53060, 39227, 47637, 10480, 23852, 63076, 39196, 88571, 15208, 94466, 12465, 25053, 33788, 24462, 48446, 59999, 47259, 96230, 14821, 64597, 6691, 42795, 8564, 1433, 94843, 16387, 41809, 67928, 82713, 95992, 73115, 60270, 79815, 58784, 26989, 44761, 5941, 71766, 60135, 33315, 64769])"
9.0,9,22,62,7.406600475311279,10911,"Genotype(dna=[91362, 94983, 7634, 15758, 62431, 64404, 48234, 27187, 54146, 29614, 57858, 71468, 70839, 35235, 48025, 9974, 46686, 61028, 37711, 44483, 71100, 40489, 90736, 27652, 66355, 79096, 10533, 98401, 41052, 49774, 77895, 5956, 45023, 65763, 20375, 22449, 26091, 36987, 99018, 92940, 9885, 58109, 71294, 23510, 33889, 58754, 43946, 10166, 21433, 28471, 46701, 94974, 59519, 29203, 68991, 29553, 47099, 37233, 46706, 62706, 70065, 24996, 36195, 73618, 85521, 17266, 28461, 98360, 95655, 85912, 66681, 47584, 94935, 63905, 32923, 92640, 33061, 9576, 54927, 38652, 57014, 36147, 49242, 76772, 4583, 93688, 99100, 11258, 71367, 13750, 56738, 63949, 53132, 72453, 11437, 30450, 78069, 5555, 10317, 398, 47067, 35457, 2428, 89413, 25360, 72709, 71450, 21632, 11797, 95472, 62505, 78481, 34030, 63830, 94830, 76783, 62437, 12853, 33074, 49186, 56248, 77889, 87097, 47558, 94421, 57817, 8282, 73296, 35777, 27390, 38755, 59173, 7907, 17763, 90775, 64971, 62862, 16688, 72458, 25575, 22950, 37256, 53037, 38392, 548, 93232, 8025, 7139, 60033, 94615, 90010, 93400, 87505, 96759, 19715, 69692, 89184, 74066, 15385, 25832, 96708, 94305, 61699, 26326, 87169, 82692, 54816, 45536, 16392, 60497, 66674, 10693, 67755, 88699, 83123, 567, 17599, 19394, 92258, 28715, 10564, 21868, 65209, 44441, 78874, 42256, 79856, 31700, 29202, 87666, 66030, 31292, 27162, 65370, 53173, 19185, 36284, 72606, 38362, 65694, 85672, 86818, 36860, 5552, 4246, 1923, 55139, 56218, 3285, 37317, 26853, 38135, 7332, 40534, 40325, 53060, 39227, 47637, 10480, 23852, 63076, 39196, 88571, 15208, 94466, 12465, 25053, 33788, 24462, 48446, 59999, 47259, 96230, 14821, 64597, 6691, 42795, 8564, 1433, 94843, 16387, 41809, 67928, 82713, 95992, 73115, 60270, 79815, 58784, 26989, 44761, 5941, 71766, 60135, 33315, 64769])"
9.0,9,22,63,7.4566004276275635,10911,"Genotype(dna=[91362, 94983, 7634, 15758, 62431, 64404, 48234, 27187, 54146, 29614, 57858, 71468, 70839, 35235, 48025, 9974, 46686, 61028, 37711, 44483, 71100, 40489, 90736, 27652, 66355, 79096, 10533, 98401, 41052, 49774, 77895, 5956, 45023, 65763, 20375, 22449, 26091, 36987, 99018, 92940, 9885, 58109, 71294, 23510, 33889, 58754, 43946, 10166, 21433, 28471, 46701, 94974, 59519, 29203, 68991, 29553, 47099, 37233, 46706, 62706, 70065, 24996, 36195, 73618, 85521, 17266, 28461, 98360, 95655, 85912, 66681, 47584, 94935, 63905, 32923, 92640, 33061, 9576, 54927, 38652, 57014, 36147, 49242, 76772, 4583, 93688, 99100, 11258, 71367, 13750, 56738, 63949, 53132, 72453, 11437, 30450, 78069, 5555, 10317, 398, 47067, 35457, 2428, 89413, 25360, 72709, 71450, 21632, 11797, 95472, 62505, 78481, 34030, 63830, 94830, 76783, 62437, 12853, 33074, 49186, 56248, 77889, 87097, 47558, 94421, 57817, 8282, 73296, 35777, 27390, 38755, 59173, 7907, 17763, 90775, 64971, 62862, 16688, 72458, 25575, 22950, 37256, 53037, 38392, 548, 93232, 8025, 7139, 60033, 94615, 90010, 93400, 87505, 96759, 19715, 69692, 89184, 74066, 15385, 25832, 96708, 94305, 61699, 26326, 87169, 82692, 54816, 45536, 16392, 60497, 66674, 10693, 67755, 88699, 83123, 567, 17599, 19394, 92258, 28715, 10564, 21868, 65209, 44441, 78874, 42256, 79856, 31700, 29202, 87666, 66030, 31292, 27162, 65370, 53173, 19185, 36284, 72606, 38362, 65694, 85672, 86818, 36860, 5552, 4246, 1923, 55139, 56218, 3285, 37317, 26853, 38135, 7332, 40534, 40325, 53060, 39227, 47637, 10480, 23852, 63076, 39196, 88571, 15208, 94466, 12465, 25053, 33788, 24462, 48446, 59999, 47259, 96230, 14821, 64597, 6691, 42795, 8564, 1433, 94843, 16387, 41809, 67928, 82713, 95992, 73115, 60270, 79815, 58784, 26989, 44761, 5941, 71766, 60135, 33315, 64769])"
9.0,9,22,64,7.506602764129639,10911,"Genotype(dna=[91362, 94983, 7634, 15758, 62431, 64404, 48234, 27187, 54146, 29614, 57858, 71468, 70839, 35235, 48025, 9974, 46686, 61028, 37711, 44483, 71100, 40489, 90736, 27652, 66355, 79096, 10533, 98401, 41052, 49774, 77895, 5956, 45023, 65763, 20375, 22449, 26091, 36987, 99018, 92940, 9885, 58109, 71294, 23510, 33889, 58754, 43946, 10166, 21433, 28471, 46701, 94974, 59519, 29203, 68991, 29553, 47099, 37233, 46706, 62706, 70065, 24996, 36195, 73618, 85521, 17266, 28461, 98360, 95655, 85912, 66681, 47584, 94935, 63905, 32923, 92640, 33061, 9576, 54927, 38652, 57014, 36147, 49242, 76772, 4583, 93688, 99100, 11258, 71367, 13750, 56738, 63949, 53132, 72453, 11437, 30450, 78069, 5555, 10317, 398, 47067, 35457, 2428, 89413, 25360, 72709, 71450, 21632, 11797, 95472, 62505, 78481, 34030, 63830, 94830, 76783, 62437, 12853, 33074, 49186, 56248, 77889, 87097, 47558, 94421, 57817, 8282, 73296, 35777, 27390, 38755, 59173, 7907, 17763, 90775, 64971, 62862, 16688, 72458, 25575, 22950, 37256, 53037, 38392, 548, 93232, 8025, 7139, 60033, 94615, 90010, 93400, 87505, 96759, 19715, 69692, 89184, 74066, 15385, 25832, 96708, 94305, 61699, 26326, 87169, 82692, 54816, 45536, 16392, 60497, 66674, 10693, 67755, 88699, 83123, 567, 17599, 19394, 92258, 28715, 10564, 21868, 65209, 44441, 78874, 42256, 79856, 31700, 29202, 87666, 66030, 31292, 27162, 65370, 53173, 19185, 36284, 72606, 38362, 65694, 85672, 86818, 36860, 5552, 4246, 1923, 55139, 56218, 3285, 37317, 26853, 38135, 7332, 40534, 40325, 53060, 39227, 47637, 10480, 23852, 63076, 39196, 88571, 15208, 94466, 12465, 25053, 33788, 24462, 48446, 59999, 47259, 96230, 14821, 64597, 6691, 42795, 8564, 1433, 94843, 16387, 41809, 67928, 82713, 95992, 73115, 60270, 79815, 58784, 26989, 44761, 5941, 71766, 60135, 33315, 64769])"
9.0,9,22,65,7.559040546417236,10911,"Genotype(dna=[91362, 94983, 7634, 15758, 62431, 64404, 48234, 27187, 54146, 29614, 57858, 71468, 70839, 35235, 48025, 9974, 46686, 61028, 37711, 44483, 71100, 40489, 90736, 27652, 66355, 79096, 10533, 98401, 41052, 49774, 77895, 5956, 45023, 65763, 20375, 22449, 26091, 36987, 99018, 92940, 9885, 58109, 71294, 23510, 33889, 58754, 43946, 10166, 21433, 28471, 46701, 94974, 59519, 29203, 68991, 29553, 47099, 37233, 46706, 62706, 70065, 24996, 36195, 73618, 85521, 17266, 28461, 98360, 95655, 85912, 66681, 47584, 94935, 63905, 32923, 92640, 33061, 9576, 54927, 38652, 57014, 36147, 49242, 76772, 4583, 93688, 99100, 11258, 71367, 13750, 56738, 63949, 53132, 72453, 11437, 30450, 78069, 5555, 10317, 398, 47067, 35457, 2428, 89413, 25360, 72709, 71450, 21632, 11797, 95472, 62505, 78481, 34030, 63830, 94830, 76783, 62437, 12853, 33074, 49186, 56248, 77889, 87097, 47558, 94421, 57817, 8282, 73296, 35777, 27390, 38755, 59173, 7907, 17763, 90775, 64971, 62862, 16688, 72458, 25575, 22950, 37256, 53037, 38392, 548, 93232, 8025, 7139, 60033, 94615, 90010, 93400, 87505, 96759, 19715, 69692, 89184, 74066, 15385, 25832, 96708, 94305, 61699, 26326, 87169, 82692, 54816, 45536, 16392, 60497, 66674, 10693, 67755, 88699, 83123, 567, 17599, 19394, 92258, 28715, 10564, 21868, 65209, 44441, 78874, 42256, 79856, 31700, 29202, 87666, 66030, 31292, 27162, 65370, 53173, 19185, 36284, 72606, 38362, 65694, 85672, 86818, 36860, 5552, 4246, 1923, 55139, 56218, 3285, 37317, 26853, 38135, 7332, 40534, 40325, 53060, 39227, 47637, 10480, 23852, 63076, 39196, 88571, 15208, 94466, 12465, 25053, 33788, 24462, 48446, 59999, 47259, 96230, 14821, 64597, 6691, 42795, 8564, 1433, 94843, 16387, 41809, 67928, 82713, 95992, 73115, 60270, 79815, 58784, 26989, 44761, 5941, 71766, 60135, 33315, 64769])"
9.0,9,22,66,7.612677335739136,10911,"Genotype(dna=[91362, 94983, 7634, 15758, 62431, 64404, 48234, 27187, 54146, 29614, 57858, 71468, 70839, 35235, 48025, 9974, 46686, 61028, 37711, 44483, 71100, 40489, 90736, 27652, 66355, 79096, 10533, 98401, 41052, 49774, 77895, 5956, 45023, 65763, 20375, 22449, 26091, 36987, 99018, 92940, 9885, 58109, 71294, 23510, 33889, 58754, 43946, 10166, 21433, 28471, 46701, 94974, 59519, 29203, 68991, 29553, 47099, 37233, 46706, 62706, 70065, 24996, 36195, 73618, 85521, 17266, 28461, 98360, 95655, 85912, 66681, 47584, 94935, 63905, 32923, 92640, 33061, 9576, 54927, 38652, 57014, 36147, 49242, 76772, 4583, 93688, 99100, 11258, 71367, 13750, 56738, 63949, 53132, 72453, 11437, 30450, 78069, 5555, 10317, 398, 47067, 35457, 2428, 89413, 25360, 72709, 71450, 21632, 11797, 95472, 62505, 78481, 34030, 63830, 94830, 76783, 62437, 12853, 33074, 49186, 56248, 77889, 87097, 47558, 94421, 57817, 8282, 73296, 35777, 27390, 38755, 59173, 7907, 17763, 90775, 64971, 62862, 16688, 72458, 25575, 22950, 37256, 53037, 38392, 548, 93232, 8025, 7139, 60033, 94615, 90010, 93400, 87505, 96759, 19715, 69692, 89184, 74066, 15385, 25832, 96708, 94305, 61699, 26326, 87169, 82692, 54816, 45536, 16392, 60497, 66674, 10693, 67755, 88699, 83123, 567, 17599, 19394, 92258, 28715, 10564, 21868, 65209, 44441, 78874, 42256, 79856, 31700, 29202, 87666, 66030, 31292, 27162, 65370, 53173, 19185, 36284, 72606, 38362, 65694, 85672, 86818, 36860, 5552, 4246, 1923, 55139, 56218, 3285, 37317, 26853, 38135, 7332, 40534, 40325, 53060, 39227, 47637, 10480, 23852, 63076, 39196, 88571, 15208, 94466, 12465, 25053, 33788, 24462, 48446, 59999, 47259, 96230, 14821, 64597, 6691, 42795, 8564, 1433, 94843, 16387, 41809, 67928, 82713, 95992, 73115, 60270, 79815, 58784, 26989, 44761, 5941, 71766, 60135, 33315, 64769])"
9.0,9,22,67,7.66480565071106,10911,"Genotype(dna=[91362, 94983, 7634, 15758, 62431, 64404, 48234, 27187, 54146, 29614, 57858, 71468, 70839, 35235, 48025, 9974, 46686, 61028, 37711, 44483, 71100, 40489, 90736, 27652, 66355, 79096, 10533, 98401, 41052, 49774, 77895, 5956, 45023, 65763, 20375, 22449, 26091, 36987, 99018, 92940, 9885, 58109, 71294, 23510, 33889, 58754, 43946, 10166, 21433, 28471, 46701, 94974, 59519, 29203, 68991, 29553, 47099, 37233, 46706, 62706, 70065, 24996, 36195, 73618, 85521, 17266, 28461, 98360, 95655, 85912, 66681, 47584, 94935, 63905, 32923, 92640, 33061, 9576, 54927, 38652, 57014, 36147, 49242, 76772, 4583, 93688, 99100, 11258, 71367, 13750, 56738, 63949, 53132, 72453, 11437, 30450, 78069, 5555, 10317, 398, 47067, 35457, 2428, 89413, 25360, 72709, 71450, 21632, 11797, 95472, 62505, 78481, 34030, 63830, 94830, 76783, 62437, 12853, 33074, 49186, 56248, 77889, 87097, 47558, 94421, 57817, 8282, 73296, 35777, 27390, 38755, 59173, 7907, 17763, 90775, 64971, 62862, 16688, 72458, 25575, 22950, 37256, 53037, 38392, 548, 93232, 8025, 7139, 60033, 94615, 90010, 93400, 87505, 96759, 19715, 69692, 89184, 74066, 15385, 25832, 96708, 94305, 61699, 26326, 87169, 82692, 54816, 45536, 16392, 60497, 66674, 10693, 67755, 88699, 83123, 567, 17599, 19394, 92258, 28715, 10564, 21868, 65209, 44441, 78874, 42256, 79856, 31700, 29202, 87666, 66030, 31292, 27162, 65370, 53173, 19185, 36284, 72606, 38362, 65694, 85672, 86818, 36860, 5552, 4246, 1923, 55139, 56218, 3285, 37317, 26853, 38135, 7332, 40534, 40325, 53060, 39227, 47637, 10480, 23852, 63076, 39196, 88571, 15208, 94466, 12465, 25053, 33788, 24462, 48446, 59999, 47259, 96230, 14821, 64597, 6691, 42795, 8564, 1433, 94843, 16387, 41809, 67928, 82713, 95992, 73115, 60270, 79815, 58784, 26989, 44761, 5941, 71766, 60135, 33315, 64769])"
9.0,9,22,68,7.701424837112427,10911,"Genotype(dna=[91362, 94983, 7634, 15758, 62431, 64404, 48234, 27187, 54146, 29614, 57858, 71468, 70839, 35235, 48025, 9974, 46686, 61028, 37711, 44483, 71100, 40489, 90736, 27652, 66355, 79096, 10533, 98401, 41052, 49774, 77895, 5956, 45023, 65763, 20375, 22449, 26091, 36987, 99018, 92940, 9885, 58109, 71294, 23510, 33889, 58754, 43946, 10166, 21433, 28471, 46701, 94974, 59519, 29203, 68991, 29553, 47099, 37233, 46706, 62706, 70065, 24996, 36195, 73618, 85521, 17266, 28461, 98360, 95655, 85912, 66681, 47584, 94935, 63905, 32923, 92640, 33061, 9576, 54927, 38652, 57014, 36147, 49242, 76772, 4583, 93688, 99100, 11258, 71367, 13750, 56738, 63949, 53132, 72453, 11437, 30450, 78069, 5555, 10317, 398, 47067, 35457, 2428, 89413, 25360, 72709, 71450, 21632, 11797, 95472, 62505, 78481, 34030, 63830, 94830, 76783, 62437, 12853, 33074, 49186, 56248, 77889, 87097, 47558, 94421, 57817, 8282, 73296, 35777, 27390, 38755, 59173, 7907, 17763, 90775, 64971, 62862, 16688, 72458, 25575, 22950, 37256, 53037, 38392, 548, 93232, 8025, 7139, 60033, 94615, 90010, 93400, 87505, 96759, 19715, 69692, 89184, 74066, 15385, 25832, 96708, 94305, 61699, 26326, 87169, 82692, 54816, 45536, 16392, 60497, 66674, 10693, 67755, 88699, 83123, 567, 17599, 19394, 92258, 28715, 10564, 21868, 65209, 44441, 78874, 42256, 79856, 31700, 29202, 87666, 66030, 31292, 27162, 65370, 53173, 19185, 36284, 72606, 38362, 65694, 85672, 86818, 36860, 5552, 4246, 1923, 55139, 56218, 3285, 37317, 26853, 38135, 7332, 40534, 40325, 53060, 39227, 47637, 10480, 23852, 63076, 39196, 88571, 15208, 94466, 12465, 25053, 33788, 24462, 48446, 59999, 47259, 96230, 14821, 64597, 6691, 42795, 8564, 1433, 94843, 16387, 41809, 67928, 82713, 95992, 73115, 60270, 79815, 58784, 26989, 44761, 5941, 71766, 60135, 33315, 64769])"
9.0,9,22,69,7.752316236495972,10911,"Genotype(dna=[91362, 94983, 7634, 15758, 62431, 64404, 48234, 27187, 54146, 29614, 57858, 71468, 70839, 35235, 48025, 9974, 46686, 61028, 37711, 44483, 71100, 40489, 90736, 27652, 66355, 79096, 10533, 98401, 41052, 49774, 77895, 5956, 45023, 65763, 20375, 22449, 26091, 36987, 99018, 92940, 9885, 58109, 71294, 23510, 33889, 58754, 43946, 10166, 21433, 28471, 46701, 94974, 59519, 29203, 68991, 29553, 47099, 37233, 46706, 62706, 70065, 24996, 36195, 73618, 85521, 17266, 28461, 98360, 95655, 85912, 66681, 47584, 94935, 63905, 32923, 92640, 33061, 9576, 54927, 38652, 57014, 36147, 49242, 76772, 4583, 93688, 99100, 11258, 71367, 13750, 56738, 63949, 53132, 72453, 11437, 30450, 78069, 5555, 10317, 398, 47067, 35457, 2428, 89413, 25360, 72709, 71450, 21632, 11797, 95472, 62505, 78481, 34030, 63830, 94830, 76783, 62437, 12853, 33074, 49186, 56248, 77889, 87097, 47558, 94421, 57817, 8282, 73296, 35777, 27390, 38755, 59173, 7907, 17763, 90775, 64971, 62862, 16688, 72458, 25575, 22950, 37256, 53037, 38392, 548, 93232, 8025, 7139, 60033, 94615, 90010, 93400, 87505, 96759, 19715, 69692, 89184, 74066, 15385, 25832, 96708, 94305, 61699, 26326, 87169, 82692, 54816, 45536, 16392, 60497, 66674, 10693, 67755, 88699, 83123, 567, 17599, 19394, 92258, 28715, 10564, 21868, 65209, 44441, 78874, 42256, 79856, 31700, 29202, 87666, 66030, 31292, 27162, 65370, 53173, 19185, 36284, 72606, 38362, 65694, 85672, 86818, 36860, 5552, 4246, 1923, 55139, 56218, 3285, 37317, 26853, 38135, 7332, 40534, 40325, 53060, 39227, 47637, 10480, 23852, 63076, 39196, 88571, 15208, 94466, 12465, 25053, 33788, 24462, 48446, 59999, 47259, 96230, 14821, 64597, 6691, 42795, 8564, 1433, 94843, 16387, 41809, 67928, 82713, 95992, 73115, 60270, 79815, 58784, 26989, 44761, 5941, 71766, 60135, 33315, 64769])"
9.0,9,22,70,7.8007800579071045,10911,"Genotype(dna=[91362, 94983, 7634, 15758, 62431, 64404, 48234, 27187, 54146, 29614, 57858, 71468, 70839, 35235, 48025, 9974, 46686, 61028, 37711, 44483, 71100, 40489, 90736, 27652, 66355, 79096, 10533, 98401, 41052, 49774, 77895, 5956, 45023, 65763, 20375, 22449, 26091, 36987, 99018, 92940, 9885, 58109, 71294, 23510, 33889, 58754, 43946, 10166, 21433, 28471, 46701, 94974, 59519, 29203, 68991, 29553, 47099, 37233, 46706, 62706, 70065, 24996, 36195, 73618, 85521, 17266, 28461, 98360, 95655, 85912, 66681, 47584, 94935, 63905, 32923, 92640, 33061, 9576, 54927, 38652, 57014, 36147, 49242, 76772, 4583, 93688, 99100, 11258, 71367, 13750, 56738, 63949, 53132, 72453, 11437, 30450, 78069, 5555, 10317, 398, 47067, 35457, 2428, 89413, 25360, 72709, 71450, 21632, 11797, 95472, 62505, 78481, 34030, 63830, 94830, 76783, 62437, 12853, 33074, 49186, 56248, 77889, 87097, 47558, 94421, 57817, 8282, 73296, 35777, 27390, 38755, 59173, 7907, 17763, 90775, 64971, 62862, 16688, 72458, 25575, 22950, 37256, 53037, 38392, 548, 93232, 8025, 7139, 60033, 94615, 90010, 93400, 87505, 96759, 19715, 69692, 89184, 74066, 15385, 25832, 96708, 94305, 61699, 26326, 87169, 82692, 54816, 45536, 16392, 60497, 66674, 10693, 67755, 88699, 83123, 567, 17599, 19394, 92258, 28715, 10564, 21868, 65209, 44441, 78874, 42256, 79856, 31700, 29202, 87666, 66030, 31292, 27162, 65370, 53173, 19185, 36284, 72606, 38362, 65694, 85672, 86818, 36860, 5552, 4246, 1923, 55139, 56218, 3285, 37317, 26853, 38135, 7332, 40534, 40325, 53060, 39227, 47637, 10480, 23852, 63076, 39196, 88571, 15208, 94466, 12465, 25053, 33788, 24462, 48446, 59999, 47259, 96230, 14821, 64597, 6691, 42795, 8564, 1433, 94843, 16387, 41809, 67928, 82713, 95992, 73115, 60270, 79815, 58784, 26989, 44761, 5941, 71766, 60135, 33315, 64769])"
9.0,9,22,71,7.844739198684692,10911,"Genotype(dna=[91362, 94983, 7634, 15758, 62431, 64404, 48234, 27187, 54146, 29614, 57858, 71468, 70839, 35235, 48025, 9974, 46686, 61028, 37711, 44483, 71100, 40489, 90736, 27652, 66355, 79096, 10533, 98401, 41052, 49774, 77895, 5956, 45023, 65763, 20375, 22449, 26091, 36987, 99018, 92940, 9885, 58109, 71294, 23510, 33889, 58754, 43946, 10166, 21433, 28471, 46701, 94974, 59519, 29203, 68991, 29553, 47099, 37233, 46706, 62706, 70065, 24996, 36195, 73618, 85521, 17266, 28461, 98360, 95655, 85912, 66681, 47584, 94935, 63905, 32923, 92640, 33061, 9576, 54927, 38652, 57014, 36147, 49242, 76772, 4583, 93688, 99100, 11258, 71367, 13750, 56738, 63949, 53132, 72453, 11437, 30450, 78069, 5555, 10317, 398, 47067, 35457, 2428, 89413, 25360, 72709, 71450, 21632, 11797, 95472, 62505, 78481, 34030, 63830, 94830, 76783, 62437, 12853, 33074, 49186, 56248, 77889, 87097, 47558, 94421, 57817, 8282, 73296, 35777, 27390, 38755, 59173, 7907, 17763, 90775, 64971, 62862, 16688, 72458, 25575, 22950, 37256, 53037, 38392, 548, 93232, 8025, 7139, 60033, 94615, 90010, 93400, 87505, 96759, 19715, 69692, 89184, 74066, 15385, 25832, 96708, 94305, 61699, 26326, 87169, 82692, 54816, 45536, 16392, 60497, 66674, 10693, 67755, 88699, 83123, 567, 17599, 19394, 92258, 28715, 10564, 21868, 65209, 44441, 78874, 42256, 79856, 31700, 29202, 87666, 66030, 31292, 27162, 65370, 53173, 19185, 36284, 72606, 38362, 65694, 85672, 86818, 36860, 5552, 4246, 1923, 55139, 56218, 3285, 37317, 26853, 38135, 7332, 40534, 40325, 53060, 39227, 47637, 10480, 23852, 63076, 39196, 88571, 15208, 94466, 12465, 25053, 33788, 24462, 48446, 59999, 47259, 96230, 14821, 64597, 6691, 42795, 8564, 1433, 94843, 16387, 41809, 67928, 82713, 95992, 73115, 60270, 79815, 58784, 26989, 44761, 5941, 71766, 60135, 33315, 64769])"
9.0,9,22,72,7.90679931640625,10911,"Genotype(dna=[91362, 94983, 7634, 15758, 62431, 64404, 48234, 27187, 54146, 29614, 57858, 71468, 70839, 35235, 48025, 9974, 46686, 61028, 37711, 44483, 71100, 40489, 90736, 27652, 66355, 79096, 10533, 98401, 41052, 49774, 77895, 5956, 45023, 65763, 20375, 22449, 26091, 36987, 99018, 92940, 9885, 58109, 71294, 23510, 33889, 58754, 43946, 10166, 21433, 28471, 46701, 94974, 59519, 29203, 68991, 29553, 47099, 37233, 46706, 62706, 70065, 24996, 36195, 73618, 85521, 17266, 28461, 98360, 95655, 85912, 66681, 47584, 94935, 63905, 32923, 92640, 33061, 9576, 54927, 38652, 57014, 36147, 49242, 76772, 4583, 93688, 99100, 11258, 71367, 13750, 56738, 63949, 53132, 72453, 11437, 30450, 78069, 5555, 10317, 398, 47067, 35457, 2428, 89413, 25360, 72709, 71450, 21632, 11797, 95472, 62505, 78481, 34030, 63830, 94830, 76783, 62437, 12853, 33074, 49186, 56248, 77889, 87097, 47558, 94421, 57817, 8282, 73296, 35777, 27390, 38755, 59173, 7907, 17763, 90775, 64971, 62862, 16688, 72458, 25575, 22950, 37256, 53037, 38392, 548, 93232, 8025, 7139, 60033, 94615, 90010, 93400, 87505, 96759, 19715, 69692, 89184, 74066, 15385, 25832, 96708, 94305, 61699, 26326, 87169, 82692, 54816, 45536, 16392, 60497, 66674, 10693, 67755, 88699, 83123, 567, 17599, 19394, 92258, 28715, 10564, 21868, 65209, 44441, 78874, 42256, 79856, 31700, 29202, 87666, 66030, 31292, 27162, 65370, 53173, 19185, 36284, 72606, 38362, 65694, 85672, 86818, 36860, 5552, 4246, 1923, 55139, 56218, 3285, 37317, 26853, 38135, 7332, 40534, 40325, 53060, 39227, 47637, 10480, 23852, 63076, 39196, 88571, 15208, 94466, 12465, 25053, 33788, 24462, 48446, 59999, 47259, 96230, 14821, 64597, 6691, 42795, 8564, 1433, 94843, 16387, 41809, 67928, 82713, 95992, 73115, 60270, 79815, 58784, 26989, 44761, 5941, 71766, 60135, 33315, 64769])"
9.0,9,22,73,7.959022760391235,10911,"Genotype(dna=[91362, 94983, 7634, 15758, 62431, 64404, 48234, 27187, 54146, 29614, 57858, 71468, 70839, 35235, 48025, 9974, 46686, 61028, 37711, 44483, 71100, 40489, 90736, 27652, 66355, 79096, 10533, 98401, 41052, 49774, 77895, 5956, 45023, 65763, 20375, 22449, 26091, 36987, 99018, 92940, 9885, 58109, 71294, 23510, 33889, 58754, 43946, 10166, 21433, 28471, 46701, 94974, 59519, 29203, 68991, 29553, 47099, 37233, 46706, 62706, 70065, 24996, 36195, 73618, 85521, 17266, 28461, 98360, 95655, 85912, 66681, 47584, 94935, 63905, 32923, 92640, 33061, 9576, 54927, 38652, 57014, 36147, 49242, 76772, 4583, 93688, 99100, 11258, 71367, 13750, 56738, 63949, 53132, 72453, 11437, 30450, 78069, 5555, 10317, 398, 47067, 35457, 2428, 89413, 25360, 72709, 71450, 21632, 11797, 95472, 62505, 78481, 34030, 63830, 94830, 76783, 62437, 12853, 33074, 49186, 56248, 77889, 87097, 47558, 94421, 57817, 8282, 73296, 35777, 27390, 38755, 59173, 7907, 17763, 90775, 64971, 62862, 16688, 72458, 25575, 22950, 37256, 53037, 38392, 548, 93232, 8025, 7139, 60033, 94615, 90010, 93400, 87505, 96759, 19715, 69692, 89184, 74066, 15385, 25832, 96708, 94305, 61699, 26326, 87169, 82692, 54816, 45536, 16392, 60497, 66674, 10693, 67755, 88699, 83123, 567, 17599, 19394, 92258, 28715, 10564, 21868, 65209, 44441, 78874, 42256, 79856, 31700, 29202, 87666, 66030, 31292, 27162, 65370, 53173, 19185, 36284, 72606, 38362, 65694, 85672, 86818, 36860, 5552, 4246, 1923, 55139, 56218, 3285, 37317, 26853, 38135, 7332, 40534, 40325, 53060, 39227, 47637, 10480, 23852, 63076, 39196, 88571, 15208, 94466, 12465, 25053, 33788, 24462, 48446, 59999, 47259, 96230, 14821, 64597, 6691, 42795, 8564, 1433, 94843, 16387, 41809, 67928, 82713, 95992, 73115, 60270, 79815, 58784, 26989, 44761, 5941, 71766, 60135, 33315, 64769])"
9.0,9,22,74,8.005722761154175,10911,"Genotype(dna=[91362, 94983, 7634, 15758, 62431, 64404, 48234, 27187, 54146, 29614, 57858, 71468, 70839, 35235, 48025, 9974, 46686, 61028, 37711, 44483, 71100, 40489, 90736, 27652, 66355, 79096, 10533, 98401, 41052, 49774, 77895, 5956, 45023, 65763, 20375, 22449, 26091, 36987, 99018, 92940, 9885, 58109, 71294, 23510, 33889, 58754, 43946, 10166, 21433, 28471, 46701, 94974, 59519, 29203, 68991, 29553, 47099, 37233, 46706, 62706, 70065, 24996, 36195, 73618, 85521, 17266, 28461, 98360, 95655, 85912, 66681, 47584, 94935, 63905, 32923, 92640, 33061, 9576, 54927, 38652, 57014, 36147, 49242, 76772, 4583, 93688, 99100, 11258, 71367, 13750, 56738, 63949, 53132, 72453, 11437, 30450, 78069, 5555, 10317, 398, 47067, 35457, 2428, 89413, 25360, 72709, 71450, 21632, 11797, 95472, 62505, 78481, 34030, 63830, 94830, 76783, 62437, 12853, 33074, 49186, 56248, 77889, 87097, 47558, 94421, 57817, 8282, 73296, 35777, 27390, 38755, 59173, 7907, 17763, 90775, 64971, 62862, 16688, 72458, 25575, 22950, 37256, 53037, 38392, 548, 93232, 8025, 7139, 60033, 94615, 90010, 93400, 87505, 96759, 19715, 69692, 89184, 74066, 15385, 25832, 96708, 94305, 61699, 26326, 87169, 82692, 54816, 45536, 16392, 60497, 66674, 10693, 67755, 88699, 83123, 567, 17599, 19394, 92258, 28715, 10564, 21868, 65209, 44441, 78874, 42256, 79856, 31700, 29202, 87666, 66030, 31292, 27162, 65370, 53173, 19185, 36284, 72606, 38362, 65694, 85672, 86818, 36860, 5552, 4246, 1923, 55139, 56218, 3285, 37317, 26853, 38135, 7332, 40534, 40325, 53060, 39227, 47637, 10480, 23852, 63076, 39196, 88571, 15208, 94466, 12465, 25053, 33788, 24462, 48446, 59999, 47259, 96230, 14821, 64597, 6691, 42795, 8564, 1433, 94843, 16387, 41809, 67928, 82713, 95992, 73115, 60270, 79815, 58784, 26989, 44761, 5941, 71766, 60135, 33315, 64769])"
9.0,9,22,75,8.059309005737305,10911,"Genotype(dna=[91362, 94983, 7634, 15758, 62431, 64404, 48234, 27187, 54146, 29614, 57858, 71468, 70839, 35235, 48025, 9974, 46686, 61028, 37711, 44483, 71100, 40489, 90736, 27652, 66355, 79096, 10533, 98401, 41052, 49774, 77895, 5956, 45023, 65763, 20375, 22449, 26091, 36987, 99018, 92940, 9885, 58109, 71294, 23510, 33889, 58754, 43946, 10166, 21433, 28471, 46701, 94974, 59519, 29203, 68991, 29553, 47099, 37233, 46706, 62706, 70065, 24996, 36195, 73618, 85521, 17266, 28461, 98360, 95655, 85912, 66681, 47584, 94935, 63905, 32923, 92640, 33061, 9576, 54927, 38652, 57014, 36147, 49242, 76772, 4583, 93688, 99100, 11258, 71367, 13750, 56738, 63949, 53132, 72453, 11437, 30450, 78069, 5555, 10317, 398, 47067, 35457, 2428, 89413, 25360, 72709, 71450, 21632, 11797, 95472, 62505, 78481, 34030, 63830, 94830, 76783, 62437, 12853, 33074, 49186, 56248, 77889, 87097, 47558, 94421, 57817, 8282, 73296, 35777, 27390, 38755, 59173, 7907, 17763, 90775, 64971, 62862, 16688, 72458, 25575, 22950, 37256, 53037, 38392, 548, 93232, 8025, 7139, 60033, 94615, 90010, 93400, 87505, 96759, 19715, 69692, 89184, 74066, 15385, 25832, 96708, 94305, 61699, 26326, 87169, 82692, 54816, 45536, 16392, 60497, 66674, 10693, 67755, 88699, 83123, 567, 17599, 19394, 92258, 28715, 10564, 21868, 65209, 44441, 78874, 42256, 79856, 31700, 29202, 87666, 66030, 31292, 27162, 65370, 53173, 19185, 36284, 72606, 38362, 65694, 85672, 86818, 36860, 5552, 4246, 1923, 55139, 56218, 3285, 37317, 26853, 38135, 7332, 40534, 40325, 53060, 39227, 47637, 10480, 23852, 63076, 39196, 88571, 15208, 94466, 12465, 25053, 33788, 24462, 48446, 59999, 47259, 96230, 14821, 64597, 6691, 42795, 8564, 1433, 94843, 16387, 41809, 67928, 82713, 95992, 73115, 60270, 79815, 58784, 26989, 44761, 5941, 71766, 60135, 33315, 64769])"
9.0,9,22,76,8.096246242523193,10911,"Genotype(dna=[91362, 94983, 7634, 15758, 62431, 64404, 48234, 27187, 54146, 29614, 57858, 71468, 70839, 35235, 48025, 9974, 46686, 61028, 37711, 44483, 71100, 40489, 90736, 27652, 66355, 79096, 10533, 98401, 41052, 49774, 77895, 5956, 45023, 65763, 20375, 22449, 26091, 36987, 99018, 92940, 9885, 58109, 71294, 23510, 33889, 58754, 43946, 10166, 21433, 28471, 46701, 94974, 59519, 29203, 68991, 29553, 47099, 37233, 46706, 62706, 70065, 24996, 36195, 73618, 85521, 17266, 28461, 98360, 95655, 85912, 66681, 47584, 94935, 63905, 32923, 92640, 33061, 9576, 54927, 38652, 57014, 36147, 49242, 76772, 4583, 93688, 99100, 11258, 71367, 13750, 56738, 63949, 53132, 72453, 11437, 30450, 78069, 5555, 10317, 398, 47067, 35457, 2428, 89413, 25360, 72709, 71450, 21632, 11797, 95472, 62505, 78481, 34030, 63830, 94830, 76783, 62437, 12853, 33074, 49186, 56248, 77889, 87097, 47558, 94421, 57817, 8282, 73296, 35777, 27390, 38755, 59173, 7907, 17763, 90775, 64971, 62862, 16688, 72458, 25575, 22950, 37256, 53037, 38392, 548, 93232, 8025, 7139, 60033, 94615, 90010, 93400, 87505, 96759, 19715, 69692, 89184, 74066, 15385, 25832, 96708, 94305, 61699, 26326, 87169, 82692, 54816, 45536, 16392, 60497, 66674, 10693, 67755, 88699, 83123, 567, 17599, 19394, 92258, 28715, 10564, 21868, 65209, 44441, 78874, 42256, 79856, 31700, 29202, 87666, 66030, 31292, 27162, 65370, 53173, 19185, 36284, 72606, 38362, 65694, 85672, 86818, 36860, 5552, 4246, 1923, 55139, 56218, 3285, 37317, 26853, 38135, 7332, 40534, 40325, 53060, 39227, 47637, 10480, 23852, 63076, 39196, 88571, 15208, 94466, 12465, 25053, 33788, 24462, 48446, 59999, 47259, 96230, 14821, 64597, 6691, 42795, 8564, 1433, 94843, 16387, 41809, 67928, 82713, 95992, 73115, 60270, 79815, 58784, 26989, 44761, 5941, 71766, 60135, 33315, 64769])"
9.0,9,22,77,8.124761581420898,10911,"Genotype(dna=[91362, 94983, 7634, 15758, 62431, 64404, 48234, 27187, 54146, 29614, 57858, 71468, 70839, 35235, 48025, 9974, 46686, 61028, 37711, 44483, 71100, 40489, 90736, 27652, 66355, 79096, 10533, 98401, 41052, 49774, 77895, 5956, 45023, 65763, 20375, 22449, 26091, 36987, 99018, 92940, 9885, 58109, 71294, 23510, 33889, 58754, 43946, 10166, 21433, 28471, 46701, 94974, 59519, 29203, 68991, 29553, 47099, 37233, 46706, 62706, 70065, 24996, 36195, 73618, 85521, 17266, 28461, 98360, 95655, 85912, 66681, 47584, 94935, 63905, 32923, 92640, 33061, 9576, 54927, 38652, 57014, 36147, 49242, 76772, 4583, 93688, 99100, 11258, 71367, 13750, 56738, 63949, 53132, 72453, 11437, 30450, 78069, 5555, 10317, 398, 47067, 35457, 2428, 89413, 25360, 72709, 71450, 21632, 11797, 95472, 62505, 78481, 34030, 63830, 94830, 76783, 62437, 12853, 33074, 49186, 56248, 77889, 87097, 47558, 94421, 57817, 8282, 73296, 35777, 27390, 38755, 59173, 7907, 17763, 90775, 64971, 62862, 16688, 72458, 25575, 22950, 37256, 53037, 38392, 548, 93232, 8025, 7139, 60033, 94615, 90010, 93400, 87505, 96759, 19715, 69692, 89184, 74066, 15385, 25832, 96708, 94305, 61699, 26326, 87169, 82692, 54816, 45536, 16392, 60497, 66674, 10693, 67755, 88699, 83123, 567, 17599, 19394, 92258, 28715, 10564, 21868, 65209, 44441, 78874, 42256, 79856, 31700, 29202, 87666, 66030, 31292, 27162, 65370, 53173, 19185, 36284, 72606, 38362, 65694, 85672, 86818, 36860, 5552, 4246, 1923, 55139, 56218, 3285, 37317, 26853, 38135, 7332, 40534, 40325, 53060, 39227, 47637, 10480, 23852, 63076, 39196, 88571, 15208, 94466, 12465, 25053, 33788, 24462, 48446, 59999, 47259, 96230, 14821, 64597, 6691, 42795, 8564, 1433, 94843, 16387, 41809, 67928, 82713, 95992, 73115, 60270, 79815, 58784, 26989, 44761, 5941, 71766, 60135, 33315, 64769])"
9.0,9,22,78,8.154332160949707,10911,"Genotype(dna=[91362, 94983, 7634, 15758, 62431, 64404, 48234, 27187, 54146, 29614, 57858, 71468, 70839, 35235, 48025, 9974, 46686, 61028, 37711, 44483, 71100, 40489, 90736, 27652, 66355, 79096, 10533, 98401, 41052, 49774, 77895, 5956, 45023, 65763, 20375, 22449, 26091, 36987, 99018, 92940, 9885, 58109, 71294, 23510, 33889, 58754, 43946, 10166, 21433, 28471, 46701, 94974, 59519, 29203, 68991, 29553, 47099, 37233, 46706, 62706, 70065, 24996, 36195, 73618, 85521, 17266, 28461, 98360, 95655, 85912, 66681, 47584, 94935, 63905, 32923, 92640, 33061, 9576, 54927, 38652, 57014, 36147, 49242, 76772, 4583, 93688, 99100, 11258, 71367, 13750, 56738, 63949, 53132, 72453, 11437, 30450, 78069, 5555, 10317, 398, 47067, 35457, 2428, 89413, 25360, 72709, 71450, 21632, 11797, 95472, 62505, 78481, 34030, 63830, 94830, 76783, 62437, 12853, 33074, 49186, 56248, 77889, 87097, 47558, 94421, 57817, 8282, 73296, 35777, 27390, 38755, 59173, 7907, 17763, 90775, 64971, 62862, 16688, 72458, 25575, 22950, 37256, 53037, 38392, 548, 93232, 8025, 7139, 60033, 94615, 90010, 93400, 87505, 96759, 19715, 69692, 89184, 74066, 15385, 25832, 96708, 94305, 61699, 26326, 87169, 82692, 54816, 45536, 16392, 60497, 66674, 10693, 67755, 88699, 83123, 567, 17599, 19394, 92258, 28715, 10564, 21868, 65209, 44441, 78874, 42256, 79856, 31700, 29202, 87666, 66030, 31292, 27162, 65370, 53173, 19185, 36284, 72606, 38362, 65694, 85672, 86818, 36860, 5552, 4246, 1923, 55139, 56218, 3285, 37317, 26853, 38135, 7332, 40534, 40325, 53060, 39227, 47637, 10480, 23852, 63076, 39196, 88571, 15208, 94466, 12465, 25053, 33788, 24462, 48446, 59999, 47259, 96230, 14821, 64597, 6691, 42795, 8564, 1433, 94843, 16387, 41809, 67928, 82713, 95992, 73115, 60270, 79815, 58784, 26989, 44761, 5941, 71766, 60135, 33315, 64769])"
9.0,9,22,79,8.183570384979248,10911,"Genotype(dna=[91362, 94983, 7634, 15758, 62431, 64404, 48234, 27187, 54146, 29614, 57858, 71468, 70839, 35235, 48025, 9974, 46686, 61028, 37711, 44483, 71100, 40489, 90736, 27652, 66355, 79096, 10533, 98401, 41052, 49774, 77895, 5956, 45023, 65763, 20375, 22449, 26091, 36987, 99018, 92940, 9885, 58109, 71294, 23510, 33889, 58754, 43946, 10166, 21433, 28471, 46701, 94974, 59519, 29203, 68991, 29553, 47099, 37233, 46706, 62706, 70065, 24996, 36195, 73618, 85521, 17266, 28461, 98360, 95655, 85912, 66681, 47584, 94935, 63905, 32923, 92640, 33061, 9576, 54927, 38652, 57014, 36147, 49242, 76772, 4583, 93688, 99100, 11258, 71367, 13750, 56738, 63949, 53132, 72453, 11437, 30450, 78069, 5555, 10317, 398, 47067, 35457, 2428, 89413, 25360, 72709, 71450, 21632, 11797, 95472, 62505, 78481, 34030, 63830, 94830, 76783, 62437, 12853, 33074, 49186, 56248, 77889, 87097, 47558, 94421, 57817, 8282, 73296, 35777, 27390, 38755, 59173, 7907, 17763, 90775, 64971, 62862, 16688, 72458, 25575, 22950, 37256, 53037, 38392, 548, 93232, 8025, 7139, 60033, 94615, 90010, 93400, 87505, 96759, 19715, 69692, 89184, 74066, 15385, 25832, 96708, 94305, 61699, 26326, 87169, 82692, 54816, 45536, 16392, 60497, 66674, 10693, 67755, 88699, 83123, 567, 17599, 19394, 92258, 28715, 10564, 21868, 65209, 44441, 78874, 42256, 79856, 31700, 29202, 87666, 66030, 31292, 27162, 65370, 53173, 19185, 36284, 72606, 38362, 65694, 85672, 86818, 36860, 5552, 4246, 1923, 55139, 56218, 3285, 37317, 26853, 38135, 7332, 40534, 40325, 53060, 39227, 47637, 10480, 23852, 63076, 39196, 88571, 15208, 94466, 12465, 25053, 33788, 24462, 48446, 59999, 47259, 96230, 14821, 64597, 6691, 42795, 8564, 1433, 94843, 16387, 41809, 67928, 82713, 95992, 73115, 60270, 79815, 58784, 26989, 44761, 5941, 71766, 60135, 33315, 64769])"
9.0,9,22,80,8.240824937820435,10911,"Genotype(dna=[91362, 94983, 7634, 15758, 62431, 64404, 48234, 27187, 54146, 29614, 57858, 71468, 70839, 35235, 48025, 9974, 46686, 61028, 37711, 44483, 71100, 40489, 90736, 27652, 66355, 79096, 10533, 98401, 41052, 49774, 77895, 5956, 45023, 65763, 20375, 22449, 26091, 36987, 99018, 92940, 9885, 58109, 71294, 23510, 33889, 58754, 43946, 10166, 21433, 28471, 46701, 94974, 59519, 29203, 68991, 29553, 47099, 37233, 46706, 62706, 70065, 24996, 36195, 73618, 85521, 17266, 28461, 98360, 95655, 85912, 66681, 47584, 94935, 63905, 32923, 92640, 33061, 9576, 54927, 38652, 57014, 36147, 49242, 76772, 4583, 93688, 99100, 11258, 71367, 13750, 56738, 63949, 53132, 72453, 11437, 30450, 78069, 5555, 10317, 398, 47067, 35457, 2428, 89413, 25360, 72709, 71450, 21632, 11797, 95472, 62505, 78481, 34030, 63830, 94830, 76783, 62437, 12853, 33074, 49186, 56248, 77889, 87097, 47558, 94421, 57817, 8282, 73296, 35777, 27390, 38755, 59173, 7907, 17763, 90775, 64971, 62862, 16688, 72458, 25575, 22950, 37256, 53037, 38392, 548, 93232, 8025, 7139, 60033, 94615, 90010, 93400, 87505, 96759, 19715, 69692, 89184, 74066, 15385, 25832, 96708, 94305, 61699, 26326, 87169, 82692, 54816, 45536, 16392, 60497, 66674, 10693, 67755, 88699, 83123, 567, 17599, 19394, 92258, 28715, 10564, 21868, 65209, 44441, 78874, 42256, 79856, 31700, 29202, 87666, 66030, 31292, 27162, 65370, 53173, 19185, 36284, 72606, 38362, 65694, 85672, 86818, 36860, 5552, 4246, 1923, 55139, 56218, 3285, 37317, 26853, 38135, 7332, 40534, 40325, 53060, 39227, 47637, 10480, 23852, 63076, 39196, 88571, 15208, 94466, 12465, 25053, 33788, 24462, 48446, 59999, 47259, 96230, 14821, 64597, 6691, 42795, 8564, 1433, 94843, 16387, 41809, 67928, 82713, 95992, 73115, 60270, 79815, 58784, 26989, 44761, 5941, 71766, 60135, 33315, 64769])"
9.0,9,22,81,8.26688003540039,10911,"Genotype(dna=[91362, 94983, 7634, 15758, 62431, 64404, 48234, 27187, 54146, 29614, 57858, 71468, 70839, 35235, 48025, 9974, 46686, 61028, 37711, 44483, 71100, 40489, 90736, 27652, 66355, 79096, 10533, 98401, 41052, 49774, 77895, 5956, 45023, 65763, 20375, 22449, 26091, 36987, 99018, 92940, 9885, 58109, 71294, 23510, 33889, 58754, 43946, 10166, 21433, 28471, 46701, 94974, 59519, 29203, 68991, 29553, 47099, 37233, 46706, 62706, 70065, 24996, 36195, 73618, 85521, 17266, 28461, 98360, 95655, 85912, 66681, 47584, 94935, 63905, 32923, 92640, 33061, 9576, 54927, 38652, 57014, 36147, 49242, 76772, 4583, 93688, 99100, 11258, 71367, 13750, 56738, 63949, 53132, 72453, 11437, 30450, 78069, 5555, 10317, 398, 47067, 35457, 2428, 89413, 25360, 72709, 71450, 21632, 11797, 95472, 62505, 78481, 34030, 63830, 94830, 76783, 62437, 12853, 33074, 49186, 56248, 77889, 87097, 47558, 94421, 57817, 8282, 73296, 35777, 27390, 38755, 59173, 7907, 17763, 90775, 64971, 62862, 16688, 72458, 25575, 22950, 37256, 53037, 38392, 548, 93232, 8025, 7139, 60033, 94615, 90010, 93400, 87505, 96759, 19715, 69692, 89184, 74066, 15385, 25832, 96708, 94305, 61699, 26326, 87169, 82692, 54816, 45536, 16392, 60497, 66674, 10693, 67755, 88699, 83123, 567, 17599, 19394, 92258, 28715, 10564, 21868, 65209, 44441, 78874, 42256, 79856, 31700, 29202, 87666, 66030, 31292, 27162, 65370, 53173, 19185, 36284, 72606, 38362, 65694, 85672, 86818, 36860, 5552, 4246, 1923, 55139, 56218, 3285, 37317, 26853, 38135, 7332, 40534, 40325, 53060, 39227, 47637, 10480, 23852, 63076, 39196, 88571, 15208, 94466, 12465, 25053, 33788, 24462, 48446, 59999, 47259, 96230, 14821, 64597, 6691, 42795, 8564, 1433, 94843, 16387, 41809, 67928, 82713, 95992, 73115, 60270, 79815, 58784, 26989, 44761, 5941, 71766, 60135, 33315, 64769])"
9.0,9,22,82,8.323670864105225,10911,"Genotype(dna=[91362, 94983, 7634, 15758, 62431, 64404, 48234, 27187, 54146, 29614, 57858, 71468, 70839, 35235, 48025, 9974, 46686, 61028, 37711, 44483, 71100, 40489, 90736, 27652, 66355, 79096, 10533, 98401, 41052, 49774, 77895, 5956, 45023, 65763, 20375, 22449, 26091, 36987, 99018, 92940, 9885, 58109, 71294, 23510, 33889, 58754, 43946, 10166, 21433, 28471, 46701, 94974, 59519, 29203, 68991, 29553, 47099, 37233, 46706, 62706, 70065, 24996, 36195, 73618, 85521, 17266, 28461, 98360, 95655, 85912, 66681, 47584, 94935, 63905, 32923, 92640, 33061, 9576, 54927, 38652, 57014, 36147, 49242, 76772, 4583, 93688, 99100, 11258, 71367, 13750, 56738, 63949, 53132, 72453, 11437, 30450, 78069, 5555, 10317, 398, 47067, 35457, 2428, 89413, 25360, 72709, 71450, 21632, 11797, 95472, 62505, 78481, 34030, 63830, 94830, 76783, 62437, 12853, 33074, 49186, 56248, 77889, 87097, 47558, 94421, 57817, 8282, 73296, 35777, 27390, 38755, 59173, 7907, 17763, 90775, 64971, 62862, 16688, 72458, 25575, 22950, 37256, 53037, 38392, 548, 93232, 8025, 7139, 60033, 94615, 90010, 93400, 87505, 96759, 19715, 69692, 89184, 74066, 15385, 25832, 96708, 94305, 61699, 26326, 87169, 82692, 54816, 45536, 16392, 60497, 66674, 10693, 67755, 88699, 83123, 567, 17599, 19394, 92258, 28715, 10564, 21868, 65209, 44441, 78874, 42256, 79856, 31700, 29202, 87666, 66030, 31292, 27162, 65370, 53173, 19185, 36284, 72606, 38362, 65694, 85672, 86818, 36860, 5552, 4246, 1923, 55139, 56218, 3285, 37317, 26853, 38135, 7332, 40534, 40325, 53060, 39227, 47637, 10480, 23852, 63076, 39196, 88571, 15208, 94466, 12465, 25053, 33788, 24462, 48446, 59999, 47259, 96230, 14821, 64597, 6691, 42795, 8564, 1433, 94843, 16387, 41809, 67928, 82713, 95992, 73115, 60270, 79815, 58784, 26989, 44761, 5941, 71766, 60135, 33315, 64769])"
9.0,9,22,83,8.39244031906128,10911,"Genotype(dna=[91362, 94983, 7634, 15758, 62431, 64404, 48234, 27187, 54146, 29614, 57858, 71468, 70839, 35235, 48025, 9974, 46686, 61028, 37711, 44483, 71100, 40489, 90736, 27652, 66355, 79096, 10533, 98401, 41052, 49774, 77895, 5956, 45023, 65763, 20375, 22449, 26091, 36987, 99018, 92940, 9885, 58109, 71294, 23510, 33889, 58754, 43946, 10166, 21433, 28471, 46701, 94974, 59519, 29203, 68991, 29553, 47099, 37233, 46706, 62706, 70065, 24996, 36195, 73618, 85521, 17266, 28461, 98360, 95655, 85912, 66681, 47584, 94935, 63905, 32923, 92640, 33061, 9576, 54927, 38652, 57014, 36147, 49242, 76772, 4583, 93688, 99100, 11258, 71367, 13750, 56738, 63949, 53132, 72453, 11437, 30450, 78069, 5555, 10317, 398, 47067, 35457, 2428, 89413, 25360, 72709, 71450, 21632, 11797, 95472, 62505, 78481, 34030, 63830, 94830, 76783, 62437, 12853, 33074, 49186, 56248, 77889, 87097, 47558, 94421, 57817, 8282, 73296, 35777, 27390, 38755, 59173, 7907, 17763, 90775, 64971, 62862, 16688, 72458, 25575, 22950, 37256, 53037, 38392, 548, 93232, 8025, 7139, 60033, 94615, 90010, 93400, 87505, 96759, 19715, 69692, 89184, 74066, 15385, 25832, 96708, 94305, 61699, 26326, 87169, 82692, 54816, 45536, 16392, 60497, 66674, 10693, 67755, 88699, 83123, 567, 17599, 19394, 92258, 28715, 10564, 21868, 65209, 44441, 78874, 42256, 79856, 31700, 29202, 87666, 66030, 31292, 27162, 65370, 53173, 19185, 36284, 72606, 38362, 65694, 85672, 86818, 36860, 5552, 4246, 1923, 55139, 56218, 3285, 37317, 26853, 38135, 7332, 40534, 40325, 53060, 39227, 47637, 10480, 23852, 63076, 39196, 88571, 15208, 94466, 12465, 25053, 33788, 24462, 48446, 59999, 47259, 96230, 14821, 64597, 6691, 42795, 8564, 1433, 94843, 16387, 41809, 67928, 82713, 95992, 73115, 60270, 79815, 58784, 26989, 44761, 5941, 71766, 60135, 33315, 64769])"
9.0,9,22,84,8.451259851455688,10911,"Genotype(dna=[91362, 94983, 7634, 15758, 62431, 64404, 48234, 27187, 54146, 29614, 57858, 71468, 70839, 35235, 48025, 9974, 46686, 61028, 37711, 44483, 71100, 40489, 90736, 27652, 66355, 79096, 10533, 98401, 41052, 49774, 77895, 5956, 45023, 65763, 20375, 22449, 26091, 36987, 99018, 92940, 9885, 58109, 71294, 23510, 33889, 58754, 43946, 10166, 21433, 28471, 46701, 94974, 59519, 29203, 68991, 29553, 47099, 37233, 46706, 62706, 70065, 24996, 36195, 73618, 85521, 17266, 28461, 98360, 95655, 85912, 66681, 47584, 94935, 63905, 32923, 92640, 33061, 9576, 54927, 38652, 57014, 36147, 49242, 76772, 4583, 93688, 99100, 11258, 71367, 13750, 56738, 63949, 53132, 72453, 11437, 30450, 78069, 5555, 10317, 398, 47067, 35457, 2428, 89413, 25360, 72709, 71450, 21632, 11797, 95472, 62505, 78481, 34030, 63830, 94830, 76783, 62437, 12853, 33074, 49186, 56248, 77889, 87097, 47558, 94421, 57817, 8282, 73296, 35777, 27390, 38755, 59173, 7907, 17763, 90775, 64971, 62862, 16688, 72458, 25575, 22950, 37256, 53037, 38392, 548, 93232, 8025, 7139, 60033, 94615, 90010, 93400, 87505, 96759, 19715, 69692, 89184, 74066, 15385, 25832, 96708, 94305, 61699, 26326, 87169, 82692, 54816, 45536, 16392, 60497, 66674, 10693, 67755, 88699, 83123, 567, 17599, 19394, 92258, 28715, 10564, 21868, 65209, 44441, 78874, 42256, 79856, 31700, 29202, 87666, 66030, 31292, 27162, 65370, 53173, 19185, 36284, 72606, 38362, 65694, 85672, 86818, 36860, 5552, 4246, 1923, 55139, 56218, 3285, 37317, 26853, 38135, 7332, 40534, 40325, 53060, 39227, 47637, 10480, 23852, 63076, 39196, 88571, 15208, 94466, 12465, 25053, 33788, 24462, 48446, 59999, 47259, 96230, 14821, 64597, 6691, 42795, 8564, 1433, 94843, 16387, 41809, 67928, 82713, 95992, 73115, 60270, 79815, 58784, 26989, 44761, 5941, 71766, 60135, 33315, 64769])"
9.0,9,22,85,8.508826971054077,10911,"Genotype(dna=[91362, 94983, 7634, 15758, 62431, 64404, 48234, 27187, 54146, 29614, 57858, 71468, 70839, 35235, 48025, 9974, 46686, 61028, 37711, 44483, 71100, 40489, 90736, 27652, 66355, 79096, 10533, 98401, 41052, 49774, 77895, 5956, 45023, 65763, 20375, 22449, 26091, 36987, 99018, 92940, 9885, 58109, 71294, 23510, 33889, 58754, 43946, 10166, 21433, 28471, 46701, 94974, 59519, 29203, 68991, 29553, 47099, 37233, 46706, 62706, 70065, 24996, 36195, 73618, 85521, 17266, 28461, 98360, 95655, 85912, 66681, 47584, 94935, 63905, 32923, 92640, 33061, 9576, 54927, 38652, 57014, 36147, 49242, 76772, 4583, 93688, 99100, 11258, 71367, 13750, 56738, 63949, 53132, 72453, 11437, 30450, 78069, 5555, 10317, 398, 47067, 35457, 2428, 89413, 25360, 72709, 71450, 21632, 11797, 95472, 62505, 78481, 34030, 63830, 94830, 76783, 62437, 12853, 33074, 49186, 56248, 77889, 87097, 47558, 94421, 57817, 8282, 73296, 35777, 27390, 38755, 59173, 7907, 17763, 90775, 64971, 62862, 16688, 72458, 25575, 22950, 37256, 53037, 38392, 548, 93232, 8025, 7139, 60033, 94615, 90010, 93400, 87505, 96759, 19715, 69692, 89184, 74066, 15385, 25832, 96708, 94305, 61699, 26326, 87169, 82692, 54816, 45536, 16392, 60497, 66674, 10693, 67755, 88699, 83123, 567, 17599, 19394, 92258, 28715, 10564, 21868, 65209, 44441, 78874, 42256, 79856, 31700, 29202, 87666, 66030, 31292, 27162, 65370, 53173, 19185, 36284, 72606, 38362, 65694, 85672, 86818, 36860, 5552, 4246, 1923, 55139, 56218, 3285, 37317, 26853, 38135, 7332, 40534, 40325, 53060, 39227, 47637, 10480, 23852, 63076, 39196, 88571, 15208, 94466, 12465, 25053, 33788, 24462, 48446, 59999, 47259, 96230, 14821, 64597, 6691, 42795, 8564, 1433, 94843, 16387, 41809, 67928, 82713, 95992, 73115, 60270, 79815, 58784, 26989, 44761, 5941, 71766, 60135, 33315, 64769])"
9.0,9,22,86,8.75898289680481,10911,"Genotype(dna=[91362, 94983, 7634, 15758, 62431, 64404, 48234, 27187, 54146, 29614, 57858, 71468, 70839, 35235, 48025, 9974, 46686, 61028, 37711, 44483, 71100, 40489, 90736, 27652, 66355, 79096, 10533, 98401, 41052, 49774, 77895, 5956, 45023, 65763, 20375, 22449, 26091, 36987, 99018, 92940, 9885, 58109, 71294, 23510, 33889, 58754, 43946, 10166, 21433, 28471, 46701, 94974, 59519, 29203, 68991, 29553, 47099, 37233, 46706, 62706, 70065, 24996, 36195, 73618, 85521, 17266, 28461, 98360, 95655, 85912, 66681, 47584, 94935, 63905, 32923, 92640, 33061, 9576, 54927, 38652, 57014, 36147, 49242, 76772, 4583, 93688, 99100, 11258, 71367, 13750, 56738, 63949, 53132, 72453, 11437, 30450, 78069, 5555, 10317, 398, 47067, 35457, 2428, 89413, 25360, 72709, 71450, 21632, 11797, 95472, 62505, 78481, 34030, 63830, 94830, 76783, 62437, 12853, 33074, 49186, 56248, 77889, 87097, 47558, 94421, 57817, 8282, 73296, 35777, 27390, 38755, 59173, 7907, 17763, 90775, 64971, 62862, 16688, 72458, 25575, 22950, 37256, 53037, 38392, 548, 93232, 8025, 7139, 60033, 94615, 90010, 93400, 87505, 96759, 19715, 69692, 89184, 74066, 15385, 25832, 96708, 94305, 61699, 26326, 87169, 82692, 54816, 45536, 16392, 60497, 66674, 10693, 67755, 88699, 83123, 567, 17599, 19394, 92258, 28715, 10564, 21868, 65209, 44441, 78874, 42256, 79856, 31700, 29202, 87666, 66030, 31292, 27162, 65370, 53173, 19185, 36284, 72606, 38362, 65694, 85672, 86818, 36860, 5552, 4246, 1923, 55139, 56218, 3285, 37317, 26853, 38135, 7332, 40534, 40325, 53060, 39227, 47637, 10480, 23852, 63076, 39196, 88571, 15208, 94466, 12465, 25053, 33788, 24462, 48446, 59999, 47259, 96230, 14821, 64597, 6691, 42795, 8564, 1433, 94843, 16387, 41809, 67928, 82713, 95992, 73115, 60270, 79815, 58784, 26989, 44761, 5941, 71766, 60135, 33315, 64769])"
9.0,9,22,87,8.916424751281738,10911,"Genotype(dna=[91362, 94983, 7634, 15758, 62431, 64404, 48234, 27187, 54146, 29614, 57858, 71468, 70839, 35235, 48025, 9974, 46686, 61028, 37711, 44483, 71100, 40489, 90736, 27652, 66355, 79096, 10533, 98401, 41052, 49774, 77895, 5956, 45023, 65763, 20375, 22449, 26091, 36987, 99018, 92940, 9885, 58109, 71294, 23510, 33889, 58754, 43946, 10166, 21433, 28471, 46701, 94974, 59519, 29203, 68991, 29553, 47099, 37233, 46706, 62706, 70065, 24996, 36195, 73618, 85521, 17266, 28461, 98360, 95655, 85912, 66681, 47584, 94935, 63905, 32923, 92640, 33061, 9576, 54927, 38652, 57014, 36147, 49242, 76772, 4583, 93688, 99100, 11258, 71367, 13750, 56738, 63949, 53132, 72453, 11437, 30450, 78069, 5555, 10317, 398, 47067, 35457, 2428, 89413, 25360, 72709, 71450, 21632, 11797, 95472, 62505, 78481, 34030, 63830, 94830, 76783, 62437, 12853, 33074, 49186, 56248, 77889, 87097, 47558, 94421, 57817, 8282, 73296, 35777, 27390, 38755, 59173, 7907, 17763, 90775, 64971, 62862, 16688, 72458, 25575, 22950, 37256, 53037, 38392, 548, 93232, 8025, 7139, 60033, 94615, 90010, 93400, 87505, 96759, 19715, 69692, 89184, 74066, 15385, 25832, 96708, 94305, 61699, 26326, 87169, 82692, 54816, 45536, 16392, 60497, 66674, 10693, 67755, 88699, 83123, 567, 17599, 19394, 92258, 28715, 10564, 21868, 65209, 44441, 78874, 42256, 79856, 31700, 29202, 87666, 66030, 31292, 27162, 65370, 53173, 19185, 36284, 72606, 38362, 65694, 85672, 86818, 36860, 5552, 4246, 1923, 55139, 56218, 3285, 37317, 26853, 38135, 7332, 40534, 40325, 53060, 39227, 47637, 10480, 23852, 63076, 39196, 88571, 15208, 94466, 12465, 25053, 33788, 24462, 48446, 59999, 47259, 96230, 14821, 64597, 6691, 42795, 8564, 1433, 94843, 16387, 41809, 67928, 82713, 95992, 73115, 60270, 79815, 58784, 26989, 44761, 5941, 71766, 60135, 33315, 64769])"
9.0,9,22,88,9.021811962127686,10911,"Genotype(dna=[91362, 94983, 7634, 15758, 62431, 64404, 48234, 27187, 54146, 29614, 57858, 71468, 70839, 35235, 48025, 9974, 46686, 61028, 37711, 44483, 71100, 40489, 90736, 27652, 66355, 79096, 10533, 98401, 41052, 49774, 77895, 5956, 45023, 65763, 20375, 22449, 26091, 36987, 99018, 92940, 9885, 58109, 71294, 23510, 33889, 58754, 43946, 10166, 21433, 28471, 46701, 94974, 59519, 29203, 68991, 29553, 47099, 37233, 46706, 62706, 70065, 24996, 36195, 73618, 85521, 17266, 28461, 98360, 95655, 85912, 66681, 47584, 94935, 63905, 32923, 92640, 33061, 9576, 54927, 38652, 57014, 36147, 49242, 76772, 4583, 93688, 99100, 11258, 71367, 13750, 56738, 63949, 53132, 72453, 11437, 30450, 78069, 5555, 10317, 398, 47067, 35457, 2428, 89413, 25360, 72709, 71450, 21632, 11797, 95472, 62505, 78481, 34030, 63830, 94830, 76783, 62437, 12853, 33074, 49186, 56248, 77889, 87097, 47558, 94421, 57817, 8282, 73296, 35777, 27390, 38755, 59173, 7907, 17763, 90775, 64971, 62862, 16688, 72458, 25575, 22950, 37256, 53037, 38392, 548, 93232, 8025, 7139, 60033, 94615, 90010, 93400, 87505, 96759, 19715, 69692, 89184, 74066, 15385, 25832, 96708, 94305, 61699, 26326, 87169, 82692, 54816, 45536, 16392, 60497, 66674, 10693, 67755, 88699, 83123, 567, 17599, 19394, 92258, 28715, 10564, 21868, 65209, 44441, 78874, 42256, 79856, 31700, 29202, 87666, 66030, 31292, 27162, 65370, 53173, 19185, 36284, 72606, 38362, 65694, 85672, 86818, 36860, 5552, 4246, 1923, 55139, 56218, 3285, 37317, 26853, 38135, 7332, 40534, 40325, 53060, 39227, 47637, 10480, 23852, 63076, 39196, 88571, 15208, 94466, 12465, 25053, 33788, 24462, 48446, 59999, 47259, 96230, 14821, 64597, 6691, 42795, 8564, 1433, 94843, 16387, 41809, 67928, 82713, 95992, 73115, 60270, 79815, 58784, 26989, 44761, 5941, 71766, 60135, 33315, 64769])"
9.0,9,22,89,9.081232786178589,10911,"Genotype(dna=[91362, 94983, 7634, 15758, 62431, 64404, 48234, 27187, 54146, 29614, 57858, 71468, 70839, 35235, 48025, 9974, 46686, 61028, 37711, 44483, 71100, 40489, 90736, 27652, 66355, 79096, 10533, 98401, 41052, 49774, 77895, 5956, 45023, 65763, 20375, 22449, 26091, 36987, 99018, 92940, 9885, 58109, 71294, 23510, 33889, 58754, 43946, 10166, 21433, 28471, 46701, 94974, 59519, 29203, 68991, 29553, 47099, 37233, 46706, 62706, 70065, 24996, 36195, 73618, 85521, 17266, 28461, 98360, 95655, 85912, 66681, 47584, 94935, 63905, 32923, 92640, 33061, 9576, 54927, 38652, 57014, 36147, 49242, 76772, 4583, 93688, 99100, 11258, 71367, 13750, 56738, 63949, 53132, 72453, 11437, 30450, 78069, 5555, 10317, 398, 47067, 35457, 2428, 89413, 25360, 72709, 71450, 21632, 11797, 95472, 62505, 78481, 34030, 63830, 94830, 76783, 62437, 12853, 33074, 49186, 56248, 77889, 87097, 47558, 94421, 57817, 8282, 73296, 35777, 27390, 38755, 59173, 7907, 17763, 90775, 64971, 62862, 16688, 72458, 25575, 22950, 37256, 53037, 38392, 548, 93232, 8025, 7139, 60033, 94615, 90010, 93400, 87505, 96759, 19715, 69692, 89184, 74066, 15385, 25832, 96708, 94305, 61699, 26326, 87169, 82692, 54816, 45536, 16392, 60497, 66674, 10693, 67755, 88699, 83123, 567, 17599, 19394, 92258, 28715, 10564, 21868, 65209, 44441, 78874, 42256, 79856, 31700, 29202, 87666, 66030, 31292, 27162, 65370, 53173, 19185, 36284, 72606, 38362, 65694, 85672, 86818, 36860, 5552, 4246, 1923, 55139, 56218, 3285, 37317, 26853, 38135, 7332, 40534, 40325, 53060, 39227, 47637, 10480, 23852, 63076, 39196, 88571, 15208, 94466, 12465, 25053, 33788, 24462, 48446, 59999, 47259, 96230, 14821, 64597, 6691, 42795, 8564, 1433, 94843, 16387, 41809, 67928, 82713, 95992, 73115, 60270, 79815, 58784, 26989, 44761, 5941, 71766, 60135, 33315, 64769])"
9.0,9,22,90,9.135480642318726,10911,"Genotype(dna=[91362, 94983, 7634, 15758, 62431, 64404, 48234, 27187, 54146, 29614, 57858, 71468, 70839, 35235, 48025, 9974, 46686, 61028, 37711, 44483, 71100, 40489, 90736, 27652, 66355, 79096, 10533, 98401, 41052, 49774, 77895, 5956, 45023, 65763, 20375, 22449, 26091, 36987, 99018, 92940, 9885, 58109, 71294, 23510, 33889, 58754, 43946, 10166, 21433, 28471, 46701, 94974, 59519, 29203, 68991, 29553, 47099, 37233, 46706, 62706, 70065, 24996, 36195, 73618, 85521, 17266, 28461, 98360, 95655, 85912, 66681, 47584, 94935, 63905, 32923, 92640, 33061, 9576, 54927, 38652, 57014, 36147, 49242, 76772, 4583, 93688, 99100, 11258, 71367, 13750, 56738, 63949, 53132, 72453, 11437, 30450, 78069, 5555, 10317, 398, 47067, 35457, 2428, 89413, 25360, 72709, 71450, 21632, 11797, 95472, 62505, 78481, 34030, 63830, 94830, 76783, 62437, 12853, 33074, 49186, 56248, 77889, 87097, 47558, 94421, 57817, 8282, 73296, 35777, 27390, 38755, 59173, 7907, 17763, 90775, 64971, 62862, 16688, 72458, 25575, 22950, 37256, 53037, 38392, 548, 93232, 8025, 7139, 60033, 94615, 90010, 93400, 87505, 96759, 19715, 69692, 89184, 74066, 15385, 25832, 96708, 94305, 61699, 26326, 87169, 82692, 54816, 45536, 16392, 60497, 66674, 10693, 67755, 88699, 83123, 567, 17599, 19394, 92258, 28715, 10564, 21868, 65209, 44441, 78874, 42256, 79856, 31700, 29202, 87666, 66030, 31292, 27162, 65370, 53173, 19185, 36284, 72606, 38362, 65694, 85672, 86818, 36860, 5552, 4246, 1923, 55139, 56218, 3285, 37317, 26853, 38135, 7332, 40534, 40325, 53060, 39227, 47637, 10480, 23852, 63076, 39196, 88571, 15208, 94466, 12465, 25053, 33788, 24462, 48446, 59999, 47259, 96230, 14821, 64597, 6691, 42795, 8564, 1433, 94843, 16387, 41809, 67928, 82713, 95992, 73115, 60270, 79815, 58784, 26989, 44761, 5941, 71766, 60135, 33315, 64769])"
9.0,9,22,91,9.188865184783936,10911,"Genotype(dna=[91362, 94983, 7634, 15758, 62431, 64404, 48234, 27187, 54146, 29614, 57858, 71468, 70839, 35235, 48025, 9974, 46686, 61028, 37711, 44483, 71100, 40489, 90736, 27652, 66355, 79096, 10533, 98401, 41052, 49774, 77895, 5956, 45023, 65763, 20375, 22449, 26091, 36987, 99018, 92940, 9885, 58109, 71294, 23510, 33889, 58754, 43946, 10166, 21433, 28471, 46701, 94974, 59519, 29203, 68991, 29553, 47099, 37233, 46706, 62706, 70065, 24996, 36195, 73618, 85521, 17266, 28461, 98360, 95655, 85912, 66681, 47584, 94935, 63905, 32923, 92640, 33061, 9576, 54927, 38652, 57014, 36147, 49242, 76772, 4583, 93688, 99100, 11258, 71367, 13750, 56738, 63949, 53132, 72453, 11437, 30450, 78069, 5555, 10317, 398, 47067, 35457, 2428, 89413, 25360, 72709, 71450, 21632, 11797, 95472, 62505, 78481, 34030, 63830, 94830, 76783, 62437, 12853, 33074, 49186, 56248, 77889, 87097, 47558, 94421, 57817, 8282, 73296, 35777, 27390, 38755, 59173, 7907, 17763, 90775, 64971, 62862, 16688, 72458, 25575, 22950, 37256, 53037, 38392, 548, 93232, 8025, 7139, 60033, 94615, 90010, 93400, 87505, 96759, 19715, 69692, 89184, 74066, 15385, 25832, 96708, 94305, 61699, 26326, 87169, 82692, 54816, 45536, 16392, 60497, 66674, 10693, 67755, 88699, 83123, 567, 17599, 19394, 92258, 28715, 10564, 21868, 65209, 44441, 78874, 42256, 79856, 31700, 29202, 87666, 66030, 31292, 27162, 65370, 53173, 19185, 36284, 72606, 38362, 65694, 85672, 86818, 36860, 5552, 4246, 1923, 55139, 56218, 3285, 37317, 26853, 38135, 7332, 40534, 40325, 53060, 39227, 47637, 10480, 23852, 63076, 39196, 88571, 15208, 94466, 12465, 25053, 33788, 24462, 48446, 59999, 47259, 96230, 14821, 64597, 6691, 42795, 8564, 1433, 94843, 16387, 41809, 67928, 82713, 95992, 73115, 60270, 79815, 58784, 26989, 44761, 5941, 71766, 60135, 33315, 64769])"
9.0,9,22,92,9.245167255401611,10911,"Genotype(dna=[91362, 94983, 7634, 15758, 62431, 64404, 48234, 27187, 54146, 29614, 57858, 71468, 70839, 35235, 48025, 9974, 46686, 61028, 37711, 44483, 71100, 40489, 90736, 27652, 66355, 79096, 10533, 98401, 41052, 49774, 77895, 5956, 45023, 65763, 20375, 22449, 26091, 36987, 99018, 92940, 9885, 58109, 71294, 23510, 33889, 58754, 43946, 10166, 21433, 28471, 46701, 94974, 59519, 29203, 68991, 29553, 47099, 37233, 46706, 62706, 70065, 24996, 36195, 73618, 85521, 17266, 28461, 98360, 95655, 85912, 66681, 47584, 94935, 63905, 32923, 92640, 33061, 9576, 54927, 38652, 57014, 36147, 49242, 76772, 4583, 93688, 99100, 11258, 71367, 13750, 56738, 63949, 53132, 72453, 11437, 30450, 78069, 5555, 10317, 398, 47067, 35457, 2428, 89413, 25360, 72709, 71450, 21632, 11797, 95472, 62505, 78481, 34030, 63830, 94830, 76783, 62437, 12853, 33074, 49186, 56248, 77889, 87097, 47558, 94421, 57817, 8282, 73296, 35777, 27390, 38755, 59173, 7907, 17763, 90775, 64971, 62862, 16688, 72458, 25575, 22950, 37256, 53037, 38392, 548, 93232, 8025, 7139, 60033, 94615, 90010, 93400, 87505, 96759, 19715, 69692, 89184, 74066, 15385, 25832, 96708, 94305, 61699, 26326, 87169, 82692, 54816, 45536, 16392, 60497, 66674, 10693, 67755, 88699, 83123, 567, 17599, 19394, 92258, 28715, 10564, 21868, 65209, 44441, 78874, 42256, 79856, 31700, 29202, 87666, 66030, 31292, 27162, 65370, 53173, 19185, 36284, 72606, 38362, 65694, 85672, 86818, 36860, 5552, 4246, 1923, 55139, 56218, 3285, 37317, 26853, 38135, 7332, 40534, 40325, 53060, 39227, 47637, 10480, 23852, 63076, 39196, 88571, 15208, 94466, 12465, 25053, 33788, 24462, 48446, 59999, 47259, 96230, 14821, 64597, 6691, 42795, 8564, 1433, 94843, 16387, 41809, 67928, 82713, 95992, 73115, 60270, 79815, 58784, 26989, 44761, 5941, 71766, 60135, 33315, 64769])"
9.0,9,22,93,9.294402122497559,10911,"Genotype(dna=[91362, 94983, 7634, 15758, 62431, 64404, 48234, 27187, 54146, 29614, 57858, 71468, 70839, 35235, 48025, 9974, 46686, 61028, 37711, 44483, 71100, 40489, 90736, 27652, 66355, 79096, 10533, 98401, 41052, 49774, 77895, 5956, 45023, 65763, 20375, 22449, 26091, 36987, 99018, 92940, 9885, 58109, 71294, 23510, 33889, 58754, 43946, 10166, 21433, 28471, 46701, 94974, 59519, 29203, 68991, 29553, 47099, 37233, 46706, 62706, 70065, 24996, 36195, 73618, 85521, 17266, 28461, 98360, 95655, 85912, 66681, 47584, 94935, 63905, 32923, 92640, 33061, 9576, 54927, 38652, 57014, 36147, 49242, 76772, 4583, 93688, 99100, 11258, 71367, 13750, 56738, 63949, 53132, 72453, 11437, 30450, 78069, 5555, 10317, 398, 47067, 35457, 2428, 89413, 25360, 72709, 71450, 21632, 11797, 95472, 62505, 78481, 34030, 63830, 94830, 76783, 62437, 12853, 33074, 49186, 56248, 77889, 87097, 47558, 94421, 57817, 8282, 73296, 35777, 27390, 38755, 59173, 7907, 17763, 90775, 64971, 62862, 16688, 72458, 25575, 22950, 37256, 53037, 38392, 548, 93232, 8025, 7139, 60033, 94615, 90010, 93400, 87505, 96759, 19715, 69692, 89184, 74066, 15385, 25832, 96708, 94305, 61699, 26326, 87169, 82692, 54816, 45536, 16392, 60497, 66674, 10693, 67755, 88699, 83123, 567, 17599, 19394, 92258, 28715, 10564, 21868, 65209, 44441, 78874, 42256, 79856, 31700, 29202, 87666, 66030, 31292, 27162, 65370, 53173, 19185, 36284, 72606, 38362, 65694, 85672, 86818, 36860, 5552, 4246, 1923, 55139, 56218, 3285, 37317, 26853, 38135, 7332, 40534, 40325, 53060, 39227, 47637, 10480, 23852, 63076, 39196, 88571, 15208, 94466, 12465, 25053, 33788, 24462, 48446, 59999, 47259, 96230, 14821, 64597, 6691, 42795, 8564, 1433, 94843, 16387, 41809, 67928, 82713, 95992, 73115, 60270, 79815, 58784, 26989, 44761, 5941, 71766, 60135, 33315, 64769])"
9.0,9,22,94,9.34733247756958,10911,"Genotype(dna=[91362, 94983, 7634, 15758, 62431, 64404, 48234, 27187, 54146, 29614, 57858, 71468, 70839, 35235, 48025, 9974, 46686, 61028, 37711, 44483, 71100, 40489, 90736, 27652, 66355, 79096, 10533, 98401, 41052, 49774, 77895, 5956, 45023, 65763, 20375, 22449, 26091, 36987, 99018, 92940, 9885, 58109, 71294, 23510, 33889, 58754, 43946, 10166, 21433, 28471, 46701, 94974, 59519, 29203, 68991, 29553, 47099, 37233, 46706, 62706, 70065, 24996, 36195, 73618, 85521, 17266, 28461, 98360, 95655, 85912, 66681, 47584, 94935, 63905, 32923, 92640, 33061, 9576, 54927, 38652, 57014, 36147, 49242, 76772, 4583, 93688, 99100, 11258, 71367, 13750, 56738, 63949, 53132, 72453, 11437, 30450, 78069, 5555, 10317, 398, 47067, 35457, 2428, 89413, 25360, 72709, 71450, 21632, 11797, 95472, 62505, 78481, 34030, 63830, 94830, 76783, 62437, 12853, 33074, 49186, 56248, 77889, 87097, 47558, 94421, 57817, 8282, 73296, 35777, 27390, 38755, 59173, 7907, 17763, 90775, 64971, 62862, 16688, 72458, 25575, 22950, 37256, 53037, 38392, 548, 93232, 8025, 7139, 60033, 94615, 90010, 93400, 87505, 96759, 19715, 69692, 89184, 74066, 15385, 25832, 96708, 94305, 61699, 26326, 87169, 82692, 54816, 45536, 16392, 60497, 66674, 10693, 67755, 88699, 83123, 567, 17599, 19394, 92258, 28715, 10564, 21868, 65209, 44441, 78874, 42256, 79856, 31700, 29202, 87666, 66030, 31292, 27162, 65370, 53173, 19185, 36284, 72606, 38362, 65694, 85672, 86818, 36860, 5552, 4246, 1923, 55139, 56218, 3285, 37317, 26853, 38135, 7332, 40534, 40325, 53060, 39227, 47637, 10480, 23852, 63076, 39196, 88571, 15208, 94466, 12465, 25053, 33788, 24462, 48446, 59999, 47259, 96230, 14821, 64597, 6691, 42795, 8564, 1433, 94843, 16387, 41809, 67928, 82713, 95992, 73115, 60270, 79815, 58784, 26989, 44761, 5941, 71766, 60135, 33315, 64769])"
9.0,9,22,95,9.407790660858154,10911,"Genotype(dna=[91362, 94983, 7634, 15758, 62431, 64404, 48234, 27187, 54146, 29614, 57858, 71468, 70839, 35235, 48025, 9974, 46686, 61028, 37711, 44483, 71100, 40489, 90736, 27652, 66355, 79096, 10533, 98401, 41052, 49774, 77895, 5956, 45023, 65763, 20375, 22449, 26091, 36987, 99018, 92940, 9885, 58109, 71294, 23510, 33889, 58754, 43946, 10166, 21433, 28471, 46701, 94974, 59519, 29203, 68991, 29553, 47099, 37233, 46706, 62706, 70065, 24996, 36195, 73618, 85521, 17266, 28461, 98360, 95655, 85912, 66681, 47584, 94935, 63905, 32923, 92640, 33061, 9576, 54927, 38652, 57014, 36147, 49242, 76772, 4583, 93688, 99100, 11258, 71367, 13750, 56738, 63949, 53132, 72453, 11437, 30450, 78069, 5555, 10317, 398, 47067, 35457, 2428, 89413, 25360, 72709, 71450, 21632, 11797, 95472, 62505, 78481, 34030, 63830, 94830, 76783, 62437, 12853, 33074, 49186, 56248, 77889, 87097, 47558, 94421, 57817, 8282, 73296, 35777, 27390, 38755, 59173, 7907, 17763, 90775, 64971, 62862, 16688, 72458, 25575, 22950, 37256, 53037, 38392, 548, 93232, 8025, 7139, 60033, 94615, 90010, 93400, 87505, 96759, 19715, 69692, 89184, 74066, 15385, 25832, 96708, 94305, 61699, 26326, 87169, 82692, 54816, 45536, 16392, 60497, 66674, 10693, 67755, 88699, 83123, 567, 17599, 19394, 92258, 28715, 10564, 21868, 65209, 44441, 78874, 42256, 79856, 31700, 29202, 87666, 66030, 31292, 27162, 65370, 53173, 19185, 36284, 72606, 38362, 65694, 85672, 86818, 36860, 5552, 4246, 1923, 55139, 56218, 3285, 37317, 26853, 38135, 7332, 40534, 40325, 53060, 39227, 47637, 10480, 23852, 63076, 39196, 88571, 15208, 94466, 12465, 25053, 33788, 24462, 48446, 59999, 47259, 96230, 14821, 64597, 6691, 42795, 8564, 1433, 94843, 16387, 41809, 67928, 82713, 95992, 73115, 60270, 79815, 58784, 26989, 44761, 5941, 71766, 60135, 33315, 64769])"
9.0,9,22,96,9.480097532272339,10911,"Genotype(dna=[91362, 94983, 7634, 15758, 62431, 64404, 48234, 27187, 54146, 29614, 57858, 71468, 70839, 35235, 48025, 9974, 46686, 61028, 37711, 44483, 71100, 40489, 90736, 27652, 66355, 79096, 10533, 98401, 41052, 49774, 77895, 5956, 45023, 65763, 20375, 22449, 26091, 36987, 99018, 92940, 9885, 58109, 71294, 23510, 33889, 58754, 43946, 10166, 21433, 28471, 46701, 94974, 59519, 29203, 68991, 29553, 47099, 37233, 46706, 62706, 70065, 24996, 36195, 73618, 85521, 17266, 28461, 98360, 95655, 85912, 66681, 47584, 94935, 63905, 32923, 92640, 33061, 9576, 54927, 38652, 57014, 36147, 49242, 76772, 4583, 93688, 99100, 11258, 71367, 13750, 56738, 63949, 53132, 72453, 11437, 30450, 78069, 5555, 10317, 398, 47067, 35457, 2428, 89413, 25360, 72709, 71450, 21632, 11797, 95472, 62505, 78481, 34030, 63830, 94830, 76783, 62437, 12853, 33074, 49186, 56248, 77889, 87097, 47558, 94421, 57817, 8282, 73296, 35777, 27390, 38755, 59173, 7907, 17763, 90775, 64971, 62862, 16688, 72458, 25575, 22950, 37256, 53037, 38392, 548, 93232, 8025, 7139, 60033, 94615, 90010, 93400, 87505, 96759, 19715, 69692, 89184, 74066, 15385, 25832, 96708, 94305, 61699, 26326, 87169, 82692, 54816, 45536, 16392, 60497, 66674, 10693, 67755, 88699, 83123, 567, 17599, 19394, 92258, 28715, 10564, 21868, 65209, 44441, 78874, 42256, 79856, 31700, 29202, 87666, 66030, 31292, 27162, 65370, 53173, 19185, 36284, 72606, 38362, 65694, 85672, 86818, 36860, 5552, 4246, 1923, 55139, 56218, 3285, 37317, 26853, 38135, 7332, 40534, 40325, 53060, 39227, 47637, 10480, 23852, 63076, 39196, 88571, 15208, 94466, 12465, 25053, 33788, 24462, 48446, 59999, 47259, 96230, 14821, 64597, 6691, 42795, 8564, 1433, 94843, 16387, 41809, 67928, 82713, 95992, 73115, 60270, 79815, 58784, 26989, 44761, 5941, 71766, 60135, 33315, 64769])"
9.0,9,22,97,9.54873013496399,10911,"Genotype(dna=[91362, 94983, 7634, 15758, 62431, 64404, 48234, 27187, 54146, 29614, 57858, 71468, 70839, 35235, 48025, 9974, 46686, 61028, 37711, 44483, 71100, 40489, 90736, 27652, 66355, 79096, 10533, 98401, 41052, 49774, 77895, 5956, 45023, 65763, 20375, 22449, 26091, 36987, 99018, 92940, 9885, 58109, 71294, 23510, 33889, 58754, 43946, 10166, 21433, 28471, 46701, 94974, 59519, 29203, 68991, 29553, 47099, 37233, 46706, 62706, 70065, 24996, 36195, 73618, 85521, 17266, 28461, 98360, 95655, 85912, 66681, 47584, 94935, 63905, 32923, 92640, 33061, 9576, 54927, 38652, 57014, 36147, 49242, 76772, 4583, 93688, 99100, 11258, 71367, 13750, 56738, 63949, 53132, 72453, 11437, 30450, 78069, 5555, 10317, 398, 47067, 35457, 2428, 89413, 25360, 72709, 71450, 21632, 11797, 95472, 62505, 78481, 34030, 63830, 94830, 76783, 62437, 12853, 33074, 49186, 56248, 77889, 87097, 47558, 94421, 57817, 8282, 73296, 35777, 27390, 38755, 59173, 7907, 17763, 90775, 64971, 62862, 16688, 72458, 25575, 22950, 37256, 53037, 38392, 548, 93232, 8025, 7139, 60033, 94615, 90010, 93400, 87505, 96759, 19715, 69692, 89184, 74066, 15385, 25832, 96708, 94305, 61699, 26326, 87169, 82692, 54816, 45536, 16392, 60497, 66674, 10693, 67755, 88699, 83123, 567, 17599, 19394, 92258, 28715, 10564, 21868, 65209, 44441, 78874, 42256, 79856, 31700, 29202, 87666, 66030, 31292, 27162, 65370, 53173, 19185, 36284, 72606, 38362, 65694, 85672, 86818, 36860, 5552, 4246, 1923, 55139, 56218, 3285, 37317, 26853, 38135, 7332, 40534, 40325, 53060, 39227, 47637, 10480, 23852, 63076, 39196, 88571, 15208, 94466, 12465, 25053, 33788, 24462, 48446, 59999, 47259, 96230, 14821, 64597, 6691, 42795, 8564, 1433, 94843, 16387, 41809, 67928, 82713, 95992, 73115, 60270, 79815, 58784, 26989, 44761, 5941, 71766, 60135, 33315, 64769])"
9.0,9,22,98,9.597935676574707,10911,"Genotype(dna=[91362, 94983, 7634, 15758, 62431, 64404, 48234, 27187, 54146, 29614, 57858, 71468, 70839, 35235, 48025, 9974, 46686, 61028, 37711, 44483, 71100, 40489, 90736, 27652, 66355, 79096, 10533, 98401, 41052, 49774, 77895, 5956, 45023, 65763, 20375, 22449, 26091, 36987, 99018, 92940, 9885, 58109, 71294, 23510, 33889, 58754, 43946, 10166, 21433, 28471, 46701, 94974, 59519, 29203, 68991, 29553, 47099, 37233, 46706, 62706, 70065, 24996, 36195, 73618, 85521, 17266, 28461, 98360, 95655, 85912, 66681, 47584, 94935, 63905, 32923, 92640, 33061, 9576, 54927, 38652, 57014, 36147, 49242, 76772, 4583, 93688, 99100, 11258, 71367, 13750, 56738, 63949, 53132, 72453, 11437, 30450, 78069, 5555, 10317, 398, 47067, 35457, 2428, 89413, 25360, 72709, 71450, 21632, 11797, 95472, 62505, 78481, 34030, 63830, 94830, 76783, 62437, 12853, 33074, 49186, 56248, 77889, 87097, 47558, 94421, 57817, 8282, 73296, 35777, 27390, 38755, 59173, 7907, 17763, 90775, 64971, 62862, 16688, 72458, 25575, 22950, 37256, 53037, 38392, 548, 93232, 8025, 7139, 60033, 94615, 90010, 93400, 87505, 96759, 19715, 69692, 89184, 74066, 15385, 25832, 96708, 94305, 61699, 26326, 87169, 82692, 54816, 45536, 16392, 60497, 66674, 10693, 67755, 88699, 83123, 567, 17599, 19394, 92258, 28715, 10564, 21868, 65209, 44441, 78874, 42256, 79856, 31700, 29202, 87666, 66030, 31292, 27162, 65370, 53173, 19185, 36284, 72606, 38362, 65694, 85672, 86818, 36860, 5552, 4246, 1923, 55139, 56218, 3285, 37317, 26853, 38135, 7332, 40534, 40325, 53060, 39227, 47637, 10480, 23852, 63076, 39196, 88571, 15208, 94466, 12465, 25053, 33788, 24462, 48446, 59999, 47259, 96230, 14821, 64597, 6691, 42795, 8564, 1433, 94843, 16387, 41809, 67928, 82713, 95992, 73115, 60270, 79815, 58784, 26989, 44761, 5941, 71766, 60135, 33315, 64769])"
9.0,9,22,99,9.660460710525513,10911,"Genotype(dna=[91362, 94983, 7634, 15758, 62431, 64404, 48234, 27187, 54146, 29614, 57858, 71468, 70839, 35235, 48025, 9974, 46686, 61028, 37711, 44483, 71100, 40489, 90736, 27652, 66355, 79096, 10533, 98401, 41052, 49774, 77895, 5956, 45023, 65763, 20375, 22449, 26091, 36987, 99018, 92940, 9885, 58109, 71294, 23510, 33889, 58754, 43946, 10166, 21433, 28471, 46701, 94974, 59519, 29203, 68991, 29553, 47099, 37233, 46706, 62706, 70065, 24996, 36195, 73618, 85521, 17266, 28461, 98360, 95655, 85912, 66681, 47584, 94935, 63905, 32923, 92640, 33061, 9576, 54927, 38652, 57014, 36147, 49242, 76772, 4583, 93688, 99100, 11258, 71367, 13750, 56738, 63949, 53132, 72453, 11437, 30450, 78069, 5555, 10317, 398, 47067, 35457, 2428, 89413, 25360, 72709, 71450, 21632, 11797, 95472, 62505, 78481, 34030, 63830, 94830, 76783, 62437, 12853, 33074, 49186, 56248, 77889, 87097, 47558, 94421, 57817, 8282, 73296, 35777, 27390, 38755, 59173, 7907, 17763, 90775, 64971, 62862, 16688, 72458, 25575, 22950, 37256, 53037, 38392, 548, 93232, 8025, 7139, 60033, 94615, 90010, 93400, 87505, 96759, 19715, 69692, 89184, 74066, 15385, 25832, 96708, 94305, 61699, 26326, 87169, 82692, 54816, 45536, 16392, 60497, 66674, 10693, 67755, 88699, 83123, 567, 17599, 19394, 92258, 28715, 10564, 21868, 65209, 44441, 78874, 42256, 79856, 31700, 29202, 87666, 66030, 31292, 27162, 65370, 53173, 19185, 36284, 72606, 38362, 65694, 85672, 86818, 36860, 5552, 4246, 1923, 55139, 56218, 3285, 37317, 26853, 38135, 7332, 40534, 40325, 53060, 39227, 47637, 10480, 23852, 63076, 39196, 88571, 15208, 94466, 12465, 25053, 33788, 24462, 48446, 59999, 47259, 96230, 14821, 64597, 6691, 42795, 8564, 1433, 94843, 16387, 41809, 67928, 82713, 95992, 73115, 60270, 79815, 58784, 26989, 44761, 5941, 71766, 60135, 33315, 64769])"
9.0,9,22,100,9.71513843536377,10911,"Genotype(dna=[91362, 94983, 7634, 15758, 62431, 64404, 48234, 27187, 54146, 29614, 57858, 71468, 70839, 35235, 48025, 9974, 46686, 61028, 37711, 44483, 71100, 40489, 90736, 27652, 66355, 79096, 10533, 98401, 41052, 49774, 77895, 5956, 45023, 65763, 20375, 22449, 26091, 36987, 99018, 92940, 9885, 58109, 71294, 23510, 33889, 58754, 43946, 10166, 21433, 28471, 46701, 94974, 59519, 29203, 68991, 29553, 47099, 37233, 46706, 62706, 70065, 24996, 36195, 73618, 85521, 17266, 28461, 98360, 95655, 85912, 66681, 47584, 94935, 63905, 32923, 92640, 33061, 9576, 54927, 38652, 57014, 36147, 49242, 76772, 4583, 93688, 99100, 11258, 71367, 13750, 56738, 63949, 53132, 72453, 11437, 30450, 78069, 5555, 10317, 398, 47067, 35457, 2428, 89413, 25360, 72709, 71450, 21632, 11797, 95472, 62505, 78481, 34030, 63830, 94830, 76783, 62437, 12853, 33074, 49186, 56248, 77889, 87097, 47558, 94421, 57817, 8282, 73296, 35777, 27390, 38755, 59173, 7907, 17763, 90775, 64971, 62862, 16688, 72458, 25575, 22950, 37256, 53037, 38392, 548, 93232, 8025, 7139, 60033, 94615, 90010, 93400, 87505, 96759, 19715, 69692, 89184, 74066, 15385, 25832, 96708, 94305, 61699, 26326, 87169, 82692, 54816, 45536, 16392, 60497, 66674, 10693, 67755, 88699, 83123, 567, 17599, 19394, 92258, 28715, 10564, 21868, 65209, 44441, 78874, 42256, 79856, 31700, 29202, 87666, 66030, 31292, 27162, 65370, 53173, 19185, 36284, 72606, 38362, 65694, 85672, 86818, 36860, 5552, 4246, 1923, 55139, 56218, 3285, 37317, 26853, 38135, 7332, 40534, 40325, 53060, 39227, 47637, 10480, 23852, 63076, 39196, 88571, 15208, 94466, 12465, 25053, 33788, 24462, 48446, 59999, 47259, 96230, 14821, 64597, 6691, 42795, 8564, 1433, 94843, 16387, 41809, 67928, 82713, 95992, 73115, 60270, 79815, 58784, 26989, 44761, 5941, 71766, 60135, 33315, 64769])"
