Fitness,Depth,Nodes,Generations,time_since_the_start_of_the_evolution,seed,genotype_as_str
84.0,6,10,1,0.7583134174346924,407,"Genotype(dna=[61136, 52625, 50556, 95879, 68196, 71689, 52237, 84822, 16303, 1302, 38080, 47022, 57888, 19121, 58605, 12812, 41469, 41813, 67768, 44427, 25115, 35330, 57844, 3420, 75482, 6492, 24179, 38998, 14305, 6505, 2777, 2550, 78956, 6482, 60805, 52679, 25487, 15198, 36654, 75241, 35133, 76981, 9877, 64021, 59502, 80694, 39348, 34001, 30067, 69960, 2100, 40623, 79717, 5047, 33237, 12274, 61563, 76394, 64235, 42465, 71158, 94253, 90159, 75566, 31447, 41812, 88764, 46230, 64544, 66237, 96060, 85674, 48010, 23512, 67480, 16550, 10680, 30705, 24147, 16341, 83336, 29422, 26681, 14554, 38536, 20307, 65381, 34514, 47333, 22597, 44585, 81131, 59356, 16834, 9599, 95634, 1524, 51898, 51985, 69542, 78703, 80728, 65759, 78264, 28532, 65406, 5268, 99494, 51266, 57261, 43216, 70448, 61694, 19510, 69971, 45670, 99288, 94923, 90834, 37195, 98738, 80466, 27129, 67240, 38313, 45002, 22818, 96321, 12696, 18840, 64742, 99626, 51357, 59571, 96836, 88524, 35635, 47531, 16763, 4859, 88586, 92737, 27235, 87740, 38341, 97267, 40210, 17062, 84428, 79759, 27933, 87874, 4321, 53271, 19965, 467, 91127, 93169, 83033, 80701, 97137, 65573, 93074, 71532, 82649, 72129, 74533, 38231, 38015, 59310, 54629, 25147, 37586, 9546, 22973, 5769, 78831, 64162, 63672, 50397, 83249, 85896, 75026, 77437, 87718, 68144, 31806, 81448, 6312, 16806, 12938, 68094, 92562, 98881, 24417, 38692, 37726, 37470, 99568, 25283, 87543, 50871, 94000, 24250, 98101, 53200, 34153, 6455, 87565, 9459, 54511, 75021, 4709, 92034, 51592, 36998, 82668, 73960, 41510, 97822, 31748, 2403, 68478, 42639, 95166, 74545, 43957, 38477, 21352, 8837, 73073, 16297, 78643, 36491, 16210, 98201, 22956, 99648, 36288, 11037, 31594, 78393, 82051, 5341, 78647, 50208, 71554, 56708, 63161, 80357, 55325, 97084, 75828, 17387, 59029, 73220])"
84.0,6,10,2,0.8735322952270508,407,"Genotype(dna=[61136, 52625, 50556, 95879, 68196, 71689, 52237, 84822, 16303, 1302, 38080, 47022, 57888, 19121, 58605, 12812, 41469, 41813, 67768, 44427, 25115, 35330, 57844, 3420, 75482, 6492, 24179, 38998, 14305, 6505, 2777, 2550, 78956, 6482, 60805, 52679, 25487, 15198, 36654, 75241, 35133, 76981, 9877, 64021, 59502, 80694, 39348, 34001, 30067, 69960, 2100, 40623, 79717, 5047, 33237, 12274, 61563, 76394, 64235, 42465, 71158, 94253, 90159, 75566, 31447, 41812, 88764, 46230, 64544, 66237, 96060, 85674, 48010, 23512, 67480, 16550, 10680, 30705, 24147, 16341, 83336, 29422, 26681, 14554, 38536, 20307, 65381, 34514, 47333, 22597, 44585, 81131, 59356, 16834, 9599, 95634, 1524, 51898, 51985, 69542, 78703, 80728, 65759, 78264, 28532, 65406, 5268, 99494, 51266, 57261, 43216, 70448, 61694, 19510, 69971, 45670, 99288, 94923, 90834, 37195, 98738, 80466, 27129, 67240, 38313, 45002, 22818, 96321, 12696, 18840, 64742, 99626, 51357, 59571, 96836, 88524, 35635, 47531, 16763, 4859, 88586, 92737, 27235, 87740, 38341, 97267, 40210, 17062, 84428, 79759, 27933, 87874, 4321, 53271, 19965, 467, 91127, 93169, 83033, 80701, 97137, 65573, 93074, 71532, 82649, 72129, 74533, 38231, 38015, 59310, 54629, 25147, 37586, 9546, 22973, 5769, 78831, 64162, 63672, 50397, 83249, 85896, 75026, 77437, 87718, 68144, 31806, 81448, 6312, 16806, 12938, 68094, 92562, 98881, 24417, 38692, 37726, 37470, 99568, 25283, 87543, 50871, 94000, 24250, 98101, 53200, 34153, 6455, 87565, 9459, 54511, 75021, 4709, 92034, 51592, 36998, 82668, 73960, 41510, 97822, 31748, 2403, 68478, 42639, 95166, 74545, 43957, 38477, 21352, 8837, 73073, 16297, 78643, 36491, 16210, 98201, 22956, 99648, 36288, 11037, 31594, 78393, 82051, 5341, 78647, 50208, 71554, 56708, 63161, 80357, 55325, 97084, 75828, 17387, 59029, 73220])"
84.0,6,10,3,1.0114357471466064,407,"Genotype(dna=[61136, 52625, 50556, 95879, 68196, 71689, 52237, 84822, 16303, 1302, 38080, 47022, 57888, 19121, 58605, 12812, 41469, 41813, 67768, 44427, 25115, 35330, 57844, 3420, 75482, 6492, 24179, 38998, 14305, 6505, 2777, 2550, 78956, 6482, 60805, 52679, 25487, 15198, 36654, 75241, 35133, 76981, 9877, 64021, 59502, 80694, 39348, 34001, 30067, 69960, 2100, 40623, 79717, 5047, 33237, 12274, 61563, 76394, 64235, 42465, 71158, 94253, 90159, 75566, 31447, 41812, 88764, 46230, 64544, 66237, 96060, 85674, 48010, 23512, 67480, 16550, 10680, 30705, 24147, 16341, 83336, 29422, 26681, 14554, 38536, 20307, 65381, 34514, 47333, 22597, 44585, 81131, 59356, 16834, 9599, 95634, 1524, 51898, 51985, 69542, 78703, 80728, 65759, 78264, 28532, 65406, 5268, 99494, 51266, 57261, 43216, 70448, 61694, 19510, 69971, 45670, 99288, 94923, 90834, 37195, 98738, 80466, 27129, 67240, 38313, 45002, 22818, 96321, 12696, 18840, 64742, 99626, 51357, 59571, 96836, 88524, 35635, 47531, 16763, 4859, 88586, 92737, 27235, 87740, 38341, 97267, 40210, 17062, 84428, 79759, 27933, 87874, 4321, 53271, 19965, 467, 91127, 93169, 83033, 80701, 97137, 65573, 93074, 71532, 82649, 72129, 74533, 38231, 38015, 59310, 54629, 25147, 37586, 9546, 22973, 5769, 78831, 64162, 63672, 50397, 83249, 85896, 75026, 77437, 87718, 68144, 31806, 81448, 6312, 16806, 12938, 68094, 92562, 98881, 24417, 38692, 37726, 37470, 99568, 25283, 87543, 50871, 94000, 24250, 98101, 53200, 34153, 6455, 87565, 9459, 54511, 75021, 4709, 92034, 51592, 36998, 82668, 73960, 41510, 97822, 31748, 2403, 68478, 42639, 95166, 74545, 43957, 38477, 21352, 8837, 73073, 16297, 78643, 36491, 16210, 98201, 22956, 99648, 36288, 11037, 31594, 78393, 82051, 5341, 78647, 50208, 71554, 56708, 63161, 80357, 55325, 97084, 75828, 17387, 59029, 73220])"
84.0,6,10,4,1.2849488258361816,407,"Genotype(dna=[61136, 52625, 50556, 95879, 68196, 71689, 52237, 84822, 16303, 1302, 38080, 47022, 57888, 19121, 58605, 12812, 41469, 41813, 67768, 44427, 25115, 35330, 57844, 3420, 75482, 6492, 24179, 38998, 14305, 6505, 2777, 2550, 78956, 6482, 60805, 52679, 25487, 15198, 36654, 75241, 35133, 76981, 9877, 64021, 59502, 80694, 39348, 34001, 30067, 69960, 2100, 40623, 79717, 5047, 33237, 12274, 61563, 76394, 64235, 42465, 71158, 94253, 90159, 75566, 31447, 41812, 88764, 46230, 64544, 66237, 96060, 85674, 48010, 23512, 67480, 16550, 10680, 30705, 24147, 16341, 83336, 29422, 26681, 14554, 38536, 20307, 65381, 34514, 47333, 22597, 44585, 81131, 59356, 16834, 9599, 95634, 1524, 51898, 51985, 69542, 78703, 80728, 65759, 78264, 28532, 65406, 5268, 99494, 51266, 57261, 43216, 70448, 61694, 19510, 69971, 45670, 99288, 94923, 90834, 37195, 98738, 80466, 27129, 67240, 38313, 45002, 22818, 96321, 12696, 18840, 64742, 99626, 51357, 59571, 96836, 88524, 35635, 47531, 16763, 4859, 88586, 92737, 27235, 87740, 38341, 97267, 40210, 17062, 84428, 79759, 27933, 87874, 4321, 53271, 19965, 467, 91127, 93169, 83033, 80701, 97137, 65573, 93074, 71532, 82649, 72129, 74533, 38231, 38015, 59310, 54629, 25147, 37586, 9546, 22973, 5769, 78831, 64162, 63672, 50397, 83249, 85896, 75026, 77437, 87718, 68144, 31806, 81448, 6312, 16806, 12938, 68094, 92562, 98881, 24417, 38692, 37726, 37470, 99568, 25283, 87543, 50871, 94000, 24250, 98101, 53200, 34153, 6455, 87565, 9459, 54511, 75021, 4709, 92034, 51592, 36998, 82668, 73960, 41510, 97822, 31748, 2403, 68478, 42639, 95166, 74545, 43957, 38477, 21352, 8837, 73073, 16297, 78643, 36491, 16210, 98201, 22956, 99648, 36288, 11037, 31594, 78393, 82051, 5341, 78647, 50208, 71554, 56708, 63161, 80357, 55325, 97084, 75828, 17387, 59029, 73220])"
84.0,6,10,5,1.4598922729492188,407,"Genotype(dna=[61136, 52625, 50556, 95879, 68196, 71689, 52237, 84822, 16303, 1302, 38080, 47022, 57888, 19121, 58605, 12812, 41469, 41813, 67768, 44427, 25115, 35330, 57844, 3420, 75482, 6492, 24179, 38998, 14305, 6505, 2777, 2550, 78956, 6482, 60805, 52679, 25487, 15198, 36654, 75241, 35133, 76981, 9877, 64021, 59502, 80694, 39348, 34001, 30067, 69960, 2100, 40623, 79717, 5047, 33237, 12274, 61563, 76394, 64235, 42465, 71158, 94253, 90159, 75566, 31447, 41812, 88764, 46230, 64544, 66237, 96060, 85674, 48010, 23512, 67480, 16550, 10680, 30705, 24147, 16341, 83336, 29422, 26681, 14554, 38536, 20307, 65381, 34514, 47333, 22597, 44585, 81131, 59356, 16834, 9599, 95634, 1524, 51898, 51985, 69542, 78703, 80728, 65759, 78264, 28532, 65406, 5268, 99494, 51266, 57261, 43216, 70448, 61694, 19510, 69971, 45670, 99288, 94923, 90834, 37195, 98738, 80466, 27129, 67240, 38313, 45002, 22818, 96321, 12696, 18840, 64742, 99626, 51357, 59571, 96836, 88524, 35635, 47531, 16763, 4859, 88586, 92737, 27235, 87740, 38341, 97267, 40210, 17062, 84428, 79759, 27933, 87874, 4321, 53271, 19965, 467, 91127, 93169, 83033, 80701, 97137, 65573, 93074, 71532, 82649, 72129, 74533, 38231, 38015, 59310, 54629, 25147, 37586, 9546, 22973, 5769, 78831, 64162, 63672, 50397, 83249, 85896, 75026, 77437, 87718, 68144, 31806, 81448, 6312, 16806, 12938, 68094, 92562, 98881, 24417, 38692, 37726, 37470, 99568, 25283, 87543, 50871, 94000, 24250, 98101, 53200, 34153, 6455, 87565, 9459, 54511, 75021, 4709, 92034, 51592, 36998, 82668, 73960, 41510, 97822, 31748, 2403, 68478, 42639, 95166, 74545, 43957, 38477, 21352, 8837, 73073, 16297, 78643, 36491, 16210, 98201, 22956, 99648, 36288, 11037, 31594, 78393, 82051, 5341, 78647, 50208, 71554, 56708, 63161, 80357, 55325, 97084, 75828, 17387, 59029, 73220])"
84.0,6,10,6,1.7319860458374023,407,"Genotype(dna=[61136, 52625, 50556, 95879, 68196, 71689, 52237, 84822, 16303, 1302, 38080, 47022, 57888, 19121, 58605, 12812, 41469, 41813, 67768, 44427, 25115, 35330, 57844, 3420, 75482, 6492, 24179, 38998, 14305, 6505, 2777, 2550, 78956, 6482, 60805, 52679, 25487, 15198, 36654, 75241, 35133, 76981, 9877, 64021, 59502, 80694, 39348, 34001, 30067, 69960, 2100, 40623, 79717, 5047, 33237, 12274, 61563, 76394, 64235, 42465, 71158, 94253, 90159, 75566, 31447, 41812, 88764, 46230, 64544, 66237, 96060, 85674, 48010, 23512, 67480, 16550, 10680, 30705, 24147, 16341, 83336, 29422, 26681, 14554, 38536, 20307, 65381, 34514, 47333, 22597, 44585, 81131, 59356, 16834, 9599, 95634, 1524, 51898, 51985, 69542, 78703, 80728, 65759, 78264, 28532, 65406, 5268, 99494, 51266, 57261, 43216, 70448, 61694, 19510, 69971, 45670, 99288, 94923, 90834, 37195, 98738, 80466, 27129, 67240, 38313, 45002, 22818, 96321, 12696, 18840, 64742, 99626, 51357, 59571, 96836, 88524, 35635, 47531, 16763, 4859, 88586, 92737, 27235, 87740, 38341, 97267, 40210, 17062, 84428, 79759, 27933, 87874, 4321, 53271, 19965, 467, 91127, 93169, 83033, 80701, 97137, 65573, 93074, 71532, 82649, 72129, 74533, 38231, 38015, 59310, 54629, 25147, 37586, 9546, 22973, 5769, 78831, 64162, 63672, 50397, 83249, 85896, 75026, 77437, 87718, 68144, 31806, 81448, 6312, 16806, 12938, 68094, 92562, 98881, 24417, 38692, 37726, 37470, 99568, 25283, 87543, 50871, 94000, 24250, 98101, 53200, 34153, 6455, 87565, 9459, 54511, 75021, 4709, 92034, 51592, 36998, 82668, 73960, 41510, 97822, 31748, 2403, 68478, 42639, 95166, 74545, 43957, 38477, 21352, 8837, 73073, 16297, 78643, 36491, 16210, 98201, 22956, 99648, 36288, 11037, 31594, 78393, 82051, 5341, 78647, 50208, 71554, 56708, 63161, 80357, 55325, 97084, 75828, 17387, 59029, 73220])"
84.0,6,10,7,2.1523566246032715,407,"Genotype(dna=[61136, 52625, 50556, 95879, 68196, 71689, 52237, 84822, 16303, 1302, 38080, 47022, 57888, 19121, 58605, 12812, 41469, 41813, 67768, 44427, 25115, 35330, 57844, 3420, 75482, 6492, 24179, 38998, 14305, 6505, 2777, 2550, 78956, 6482, 60805, 52679, 25487, 15198, 36654, 75241, 35133, 76981, 9877, 64021, 59502, 80694, 39348, 34001, 30067, 69960, 2100, 40623, 79717, 5047, 33237, 12274, 61563, 76394, 64235, 42465, 71158, 94253, 90159, 75566, 31447, 41812, 88764, 46230, 64544, 66237, 96060, 85674, 48010, 23512, 67480, 16550, 10680, 30705, 24147, 16341, 83336, 29422, 26681, 14554, 38536, 20307, 65381, 34514, 47333, 22597, 44585, 81131, 59356, 16834, 9599, 95634, 1524, 51898, 51985, 69542, 78703, 80728, 65759, 78264, 28532, 65406, 5268, 99494, 51266, 57261, 43216, 70448, 61694, 19510, 69971, 45670, 99288, 94923, 90834, 37195, 98738, 80466, 27129, 67240, 38313, 45002, 22818, 96321, 12696, 18840, 64742, 99626, 51357, 59571, 96836, 88524, 35635, 47531, 16763, 4859, 88586, 92737, 27235, 87740, 38341, 97267, 40210, 17062, 84428, 79759, 27933, 87874, 4321, 53271, 19965, 467, 91127, 93169, 83033, 80701, 97137, 65573, 93074, 71532, 82649, 72129, 74533, 38231, 38015, 59310, 54629, 25147, 37586, 9546, 22973, 5769, 78831, 64162, 63672, 50397, 83249, 85896, 75026, 77437, 87718, 68144, 31806, 81448, 6312, 16806, 12938, 68094, 92562, 98881, 24417, 38692, 37726, 37470, 99568, 25283, 87543, 50871, 94000, 24250, 98101, 53200, 34153, 6455, 87565, 9459, 54511, 75021, 4709, 92034, 51592, 36998, 82668, 73960, 41510, 97822, 31748, 2403, 68478, 42639, 95166, 74545, 43957, 38477, 21352, 8837, 73073, 16297, 78643, 36491, 16210, 98201, 22956, 99648, 36288, 11037, 31594, 78393, 82051, 5341, 78647, 50208, 71554, 56708, 63161, 80357, 55325, 97084, 75828, 17387, 59029, 73220])"
84.0,6,10,8,2.472646951675415,407,"Genotype(dna=[61136, 52625, 50556, 95879, 68196, 71689, 52237, 84822, 16303, 1302, 38080, 47022, 57888, 19121, 58605, 12812, 41469, 41813, 67768, 44427, 25115, 35330, 57844, 3420, 75482, 6492, 24179, 38998, 14305, 6505, 2777, 2550, 78956, 6482, 60805, 52679, 25487, 15198, 36654, 75241, 35133, 76981, 9877, 64021, 59502, 80694, 39348, 34001, 30067, 69960, 2100, 40623, 79717, 5047, 33237, 12274, 61563, 76394, 64235, 42465, 71158, 94253, 90159, 75566, 31447, 41812, 88764, 46230, 64544, 66237, 96060, 85674, 48010, 23512, 67480, 16550, 10680, 30705, 24147, 16341, 83336, 29422, 26681, 14554, 38536, 20307, 65381, 34514, 47333, 22597, 44585, 81131, 59356, 16834, 9599, 95634, 1524, 51898, 51985, 69542, 78703, 80728, 65759, 78264, 28532, 65406, 5268, 99494, 51266, 57261, 43216, 70448, 61694, 19510, 69971, 45670, 99288, 94923, 90834, 37195, 98738, 80466, 27129, 67240, 38313, 45002, 22818, 96321, 12696, 18840, 64742, 99626, 51357, 59571, 96836, 88524, 35635, 47531, 16763, 4859, 88586, 92737, 27235, 87740, 38341, 97267, 40210, 17062, 84428, 79759, 27933, 87874, 4321, 53271, 19965, 467, 91127, 93169, 83033, 80701, 97137, 65573, 93074, 71532, 82649, 72129, 74533, 38231, 38015, 59310, 54629, 25147, 37586, 9546, 22973, 5769, 78831, 64162, 63672, 50397, 83249, 85896, 75026, 77437, 87718, 68144, 31806, 81448, 6312, 16806, 12938, 68094, 92562, 98881, 24417, 38692, 37726, 37470, 99568, 25283, 87543, 50871, 94000, 24250, 98101, 53200, 34153, 6455, 87565, 9459, 54511, 75021, 4709, 92034, 51592, 36998, 82668, 73960, 41510, 97822, 31748, 2403, 68478, 42639, 95166, 74545, 43957, 38477, 21352, 8837, 73073, 16297, 78643, 36491, 16210, 98201, 22956, 99648, 36288, 11037, 31594, 78393, 82051, 5341, 78647, 50208, 71554, 56708, 63161, 80357, 55325, 97084, 75828, 17387, 59029, 73220])"
84.0,6,10,9,2.884979486465454,407,"Genotype(dna=[61136, 52625, 50556, 95879, 68196, 71689, 52237, 84822, 16303, 1302, 38080, 47022, 57888, 19121, 58605, 12812, 41469, 41813, 67768, 44427, 25115, 35330, 57844, 3420, 75482, 6492, 24179, 38998, 14305, 6505, 2777, 2550, 78956, 6482, 60805, 52679, 25487, 15198, 36654, 75241, 35133, 76981, 9877, 64021, 59502, 80694, 39348, 34001, 30067, 69960, 2100, 40623, 79717, 5047, 33237, 12274, 61563, 76394, 64235, 42465, 71158, 94253, 90159, 75566, 31447, 41812, 88764, 46230, 64544, 66237, 96060, 85674, 48010, 23512, 67480, 16550, 10680, 30705, 24147, 16341, 83336, 29422, 26681, 14554, 38536, 20307, 65381, 34514, 47333, 22597, 44585, 81131, 59356, 16834, 9599, 95634, 1524, 51898, 51985, 69542, 78703, 80728, 65759, 78264, 28532, 65406, 5268, 99494, 51266, 57261, 43216, 70448, 61694, 19510, 69971, 45670, 99288, 94923, 90834, 37195, 98738, 80466, 27129, 67240, 38313, 45002, 22818, 96321, 12696, 18840, 64742, 99626, 51357, 59571, 96836, 88524, 35635, 47531, 16763, 4859, 88586, 92737, 27235, 87740, 38341, 97267, 40210, 17062, 84428, 79759, 27933, 87874, 4321, 53271, 19965, 467, 91127, 93169, 83033, 80701, 97137, 65573, 93074, 71532, 82649, 72129, 74533, 38231, 38015, 59310, 54629, 25147, 37586, 9546, 22973, 5769, 78831, 64162, 63672, 50397, 83249, 85896, 75026, 77437, 87718, 68144, 31806, 81448, 6312, 16806, 12938, 68094, 92562, 98881, 24417, 38692, 37726, 37470, 99568, 25283, 87543, 50871, 94000, 24250, 98101, 53200, 34153, 6455, 87565, 9459, 54511, 75021, 4709, 92034, 51592, 36998, 82668, 73960, 41510, 97822, 31748, 2403, 68478, 42639, 95166, 74545, 43957, 38477, 21352, 8837, 73073, 16297, 78643, 36491, 16210, 98201, 22956, 99648, 36288, 11037, 31594, 78393, 82051, 5341, 78647, 50208, 71554, 56708, 63161, 80357, 55325, 97084, 75828, 17387, 59029, 73220])"
84.0,6,10,10,3.23500919342041,407,"Genotype(dna=[61136, 52625, 50556, 95879, 68196, 71689, 52237, 84822, 16303, 1302, 38080, 47022, 57888, 19121, 58605, 12812, 41469, 41813, 67768, 44427, 25115, 35330, 57844, 3420, 75482, 6492, 24179, 38998, 14305, 6505, 2777, 2550, 78956, 6482, 60805, 52679, 25487, 15198, 36654, 75241, 35133, 76981, 9877, 64021, 59502, 80694, 39348, 34001, 30067, 69960, 2100, 40623, 79717, 5047, 33237, 12274, 61563, 76394, 64235, 42465, 71158, 94253, 90159, 75566, 31447, 41812, 88764, 46230, 64544, 66237, 96060, 85674, 48010, 23512, 67480, 16550, 10680, 30705, 24147, 16341, 83336, 29422, 26681, 14554, 38536, 20307, 65381, 34514, 47333, 22597, 44585, 81131, 59356, 16834, 9599, 95634, 1524, 51898, 51985, 69542, 78703, 80728, 65759, 78264, 28532, 65406, 5268, 99494, 51266, 57261, 43216, 70448, 61694, 19510, 69971, 45670, 99288, 94923, 90834, 37195, 98738, 80466, 27129, 67240, 38313, 45002, 22818, 96321, 12696, 18840, 64742, 99626, 51357, 59571, 96836, 88524, 35635, 47531, 16763, 4859, 88586, 92737, 27235, 87740, 38341, 97267, 40210, 17062, 84428, 79759, 27933, 87874, 4321, 53271, 19965, 467, 91127, 93169, 83033, 80701, 97137, 65573, 93074, 71532, 82649, 72129, 74533, 38231, 38015, 59310, 54629, 25147, 37586, 9546, 22973, 5769, 78831, 64162, 63672, 50397, 83249, 85896, 75026, 77437, 87718, 68144, 31806, 81448, 6312, 16806, 12938, 68094, 92562, 98881, 24417, 38692, 37726, 37470, 99568, 25283, 87543, 50871, 94000, 24250, 98101, 53200, 34153, 6455, 87565, 9459, 54511, 75021, 4709, 92034, 51592, 36998, 82668, 73960, 41510, 97822, 31748, 2403, 68478, 42639, 95166, 74545, 43957, 38477, 21352, 8837, 73073, 16297, 78643, 36491, 16210, 98201, 22956, 99648, 36288, 11037, 31594, 78393, 82051, 5341, 78647, 50208, 71554, 56708, 63161, 80357, 55325, 97084, 75828, 17387, 59029, 73220])"
82.0,6,10,11,3.555898666381836,407,"Genotype(dna=[61136, 52625, 50556, 95879, 68196, 71689, 52237, 84822, 16303, 1302, 38080, 47022, 57888, 19121, 58605, 12812, 41469, 41813, 67768, 71300, 25115, 35330, 57844, 3420, 75482, 6492, 24179, 38998, 14305, 6505, 2777, 2550, 78956, 6482, 60805, 52679, 25487, 15198, 36654, 75241, 35133, 76981, 9877, 64021, 59502, 80360, 39348, 76339, 67973, 82210, 83846, 65652, 12, 26622, 38018, 48977, 60544, 77238, 25668, 95348, 19550, 38544, 86523, 32287, 76246, 46178, 1056, 89829, 34464, 94332, 21446, 89547, 77472, 96897, 97719, 33901, 84772, 44595, 48359, 47928, 72640, 14272, 68719, 99543, 96608, 964, 60352, 85758, 85260, 18192, 7688, 88542, 8892, 59197, 19839, 97798, 78484, 49658, 60088, 86858, 66497, 62526, 77772, 5116, 52287, 59442, 4396, 50591, 16153, 19482, 14324, 9163, 37061, 97462, 58043, 6440, 99288, 94923, 90834, 37195, 98738, 80466, 52174, 67240, 38313, 45002, 22818, 96321, 12696, 18840, 64742, 99626, 51357, 82532, 82982, 9962, 15445, 25694, 14788, 3609, 67254, 28864, 13742, 8955, 18542, 15412, 67007, 48551, 52943, 19256, 22153, 58022, 91282, 35773, 55637, 35686, 10551, 15445, 75348, 10157, 69051, 82387, 59245, 48100, 61551, 44316, 76553, 41787, 72659, 32277, 27929, 17598, 58180, 93850, 72864, 13988, 66674, 10127, 75484, 73648, 20788, 50741, 62969, 64483, 40924, 37325, 37105, 63150, 35012, 58555, 92980, 40510, 69296, 80418, 65511, 11468, 687, 80270, 62321, 27175, 44650, 43485, 71929, 5199, 22258, 24551, 20224, 82301, 24270, 74761, 35953, 89106, 17884, 51993, 87260, 36162, 42709, 93805, 40507, 59817, 81931, 79477, 88351, 41261, 47306, 23763, 23912, 41741, 7394, 92489, 37458, 6541, 49583, 70497, 23680, 53736, 62353, 2697, 27968, 19085, 51848, 1620, 12365, 81182, 35909, 49304, 9654, 11746, 95216, 5661, 61990, 88880, 65957, 17370, 64422, 37580])"
82.0,6,10,12,3.798914670944214,407,"Genotype(dna=[61136, 52625, 50556, 95879, 68196, 71689, 52237, 84822, 16303, 1302, 38080, 47022, 57888, 19121, 58605, 12812, 41469, 41813, 67768, 71300, 25115, 35330, 57844, 3420, 75482, 6492, 24179, 38998, 14305, 6505, 2777, 2550, 78956, 6482, 60805, 52679, 25487, 15198, 36654, 75241, 35133, 76981, 9877, 64021, 59502, 80360, 39348, 76339, 67973, 82210, 83846, 65652, 12, 26622, 38018, 48977, 60544, 77238, 25668, 95348, 19550, 38544, 86523, 32287, 76246, 46178, 1056, 89829, 34464, 94332, 21446, 89547, 77472, 96897, 97719, 33901, 84772, 44595, 48359, 47928, 72640, 14272, 68719, 99543, 96608, 964, 60352, 85758, 85260, 18192, 7688, 88542, 8892, 59197, 19839, 97798, 78484, 49658, 60088, 86858, 66497, 62526, 77772, 5116, 52287, 59442, 4396, 50591, 16153, 19482, 14324, 9163, 37061, 97462, 58043, 6440, 99288, 94923, 90834, 37195, 98738, 80466, 52174, 67240, 38313, 45002, 22818, 96321, 12696, 18840, 64742, 99626, 51357, 82532, 82982, 9962, 15445, 25694, 14788, 3609, 67254, 28864, 13742, 8955, 18542, 15412, 67007, 48551, 52943, 19256, 22153, 58022, 91282, 35773, 55637, 35686, 10551, 15445, 75348, 10157, 69051, 82387, 59245, 48100, 61551, 44316, 76553, 41787, 72659, 32277, 27929, 17598, 58180, 93850, 72864, 13988, 66674, 10127, 75484, 73648, 20788, 50741, 62969, 64483, 40924, 37325, 37105, 63150, 35012, 58555, 92980, 40510, 69296, 80418, 65511, 11468, 687, 80270, 62321, 27175, 44650, 43485, 71929, 5199, 22258, 24551, 20224, 82301, 24270, 74761, 35953, 89106, 17884, 51993, 87260, 36162, 42709, 93805, 40507, 59817, 81931, 79477, 88351, 41261, 47306, 23763, 23912, 41741, 7394, 92489, 37458, 6541, 49583, 70497, 23680, 53736, 62353, 2697, 27968, 19085, 51848, 1620, 12365, 81182, 35909, 49304, 9654, 11746, 95216, 5661, 61990, 88880, 65957, 17370, 64422, 37580])"
82.0,6,10,13,4.096833229064941,407,"Genotype(dna=[61136, 52625, 50556, 95879, 68196, 71689, 52237, 84822, 16303, 1302, 38080, 47022, 57888, 19121, 58605, 12812, 41469, 41813, 67768, 71300, 25115, 35330, 57844, 3420, 75482, 6492, 24179, 38998, 14305, 6505, 2777, 2550, 78956, 6482, 60805, 52679, 25487, 15198, 36654, 75241, 35133, 76981, 9877, 64021, 59502, 80360, 39348, 76339, 67973, 82210, 83846, 65652, 12, 26622, 38018, 48977, 60544, 77238, 25668, 95348, 19550, 38544, 86523, 32287, 76246, 46178, 1056, 89829, 34464, 94332, 21446, 89547, 77472, 96897, 97719, 33901, 84772, 44595, 48359, 47928, 72640, 14272, 68719, 99543, 96608, 964, 60352, 85758, 85260, 18192, 7688, 88542, 8892, 59197, 19839, 97798, 78484, 49658, 60088, 86858, 66497, 62526, 77772, 5116, 52287, 59442, 4396, 50591, 16153, 19482, 14324, 9163, 37061, 97462, 58043, 6440, 99288, 94923, 90834, 37195, 98738, 80466, 52174, 67240, 38313, 45002, 22818, 96321, 12696, 18840, 64742, 99626, 51357, 82532, 82982, 9962, 15445, 25694, 14788, 3609, 67254, 28864, 13742, 8955, 18542, 15412, 67007, 48551, 52943, 19256, 22153, 58022, 91282, 35773, 55637, 35686, 10551, 15445, 75348, 10157, 69051, 82387, 59245, 48100, 61551, 44316, 76553, 41787, 72659, 32277, 27929, 17598, 58180, 93850, 72864, 13988, 66674, 10127, 75484, 73648, 20788, 50741, 62969, 64483, 40924, 37325, 37105, 63150, 35012, 58555, 92980, 40510, 69296, 80418, 65511, 11468, 687, 80270, 62321, 27175, 44650, 43485, 71929, 5199, 22258, 24551, 20224, 82301, 24270, 74761, 35953, 89106, 17884, 51993, 87260, 36162, 42709, 93805, 40507, 59817, 81931, 79477, 88351, 41261, 47306, 23763, 23912, 41741, 7394, 92489, 37458, 6541, 49583, 70497, 23680, 53736, 62353, 2697, 27968, 19085, 51848, 1620, 12365, 81182, 35909, 49304, 9654, 11746, 95216, 5661, 61990, 88880, 65957, 17370, 64422, 37580])"
82.0,6,10,14,4.295447111129761,407,"Genotype(dna=[61136, 52625, 50556, 95879, 68196, 71689, 52237, 84822, 16303, 1302, 38080, 47022, 57888, 19121, 58605, 12812, 41469, 41813, 67768, 71300, 25115, 35330, 57844, 3420, 75482, 6492, 24179, 38998, 14305, 6505, 2777, 2550, 78956, 6482, 60805, 52679, 25487, 15198, 36654, 75241, 35133, 76981, 9877, 64021, 59502, 80360, 39348, 76339, 67973, 82210, 83846, 65652, 12, 26622, 38018, 48977, 60544, 77238, 25668, 95348, 19550, 38544, 86523, 32287, 76246, 46178, 1056, 89829, 34464, 94332, 21446, 89547, 77472, 96897, 97719, 33901, 84772, 44595, 48359, 47928, 72640, 14272, 68719, 99543, 96608, 964, 60352, 85758, 85260, 18192, 7688, 88542, 8892, 59197, 19839, 97798, 78484, 49658, 60088, 86858, 66497, 62526, 77772, 5116, 52287, 59442, 4396, 50591, 16153, 19482, 14324, 9163, 37061, 97462, 58043, 6440, 99288, 94923, 90834, 37195, 98738, 80466, 52174, 67240, 38313, 45002, 22818, 96321, 12696, 18840, 64742, 99626, 51357, 82532, 82982, 9962, 15445, 25694, 14788, 3609, 67254, 28864, 13742, 8955, 18542, 15412, 67007, 48551, 52943, 19256, 22153, 58022, 91282, 35773, 55637, 35686, 10551, 15445, 75348, 10157, 69051, 82387, 59245, 48100, 61551, 44316, 76553, 41787, 72659, 32277, 27929, 17598, 58180, 93850, 72864, 13988, 66674, 10127, 75484, 73648, 20788, 50741, 62969, 64483, 40924, 37325, 37105, 63150, 35012, 58555, 92980, 40510, 69296, 80418, 65511, 11468, 687, 80270, 62321, 27175, 44650, 43485, 71929, 5199, 22258, 24551, 20224, 82301, 24270, 74761, 35953, 89106, 17884, 51993, 87260, 36162, 42709, 93805, 40507, 59817, 81931, 79477, 88351, 41261, 47306, 23763, 23912, 41741, 7394, 92489, 37458, 6541, 49583, 70497, 23680, 53736, 62353, 2697, 27968, 19085, 51848, 1620, 12365, 81182, 35909, 49304, 9654, 11746, 95216, 5661, 61990, 88880, 65957, 17370, 64422, 37580])"
82.0,6,10,15,4.558485984802246,407,"Genotype(dna=[61136, 52625, 50556, 95879, 68196, 71689, 52237, 84822, 16303, 1302, 38080, 47022, 57888, 19121, 58605, 12812, 41469, 41813, 67768, 71300, 25115, 35330, 57844, 3420, 75482, 6492, 24179, 38998, 14305, 6505, 2777, 2550, 78956, 6482, 60805, 52679, 25487, 15198, 36654, 75241, 35133, 76981, 9877, 64021, 59502, 80360, 39348, 76339, 67973, 82210, 83846, 65652, 12, 26622, 38018, 48977, 60544, 77238, 25668, 95348, 19550, 38544, 86523, 32287, 76246, 46178, 1056, 89829, 34464, 94332, 21446, 89547, 77472, 96897, 97719, 33901, 84772, 44595, 48359, 47928, 72640, 14272, 68719, 99543, 96608, 964, 60352, 85758, 85260, 18192, 7688, 88542, 8892, 59197, 19839, 97798, 78484, 49658, 60088, 86858, 66497, 62526, 77772, 5116, 52287, 59442, 4396, 50591, 16153, 19482, 14324, 9163, 37061, 97462, 58043, 6440, 99288, 94923, 90834, 37195, 98738, 80466, 52174, 67240, 38313, 45002, 22818, 96321, 12696, 18840, 64742, 99626, 51357, 82532, 82982, 9962, 15445, 25694, 14788, 3609, 67254, 28864, 13742, 8955, 18542, 15412, 67007, 48551, 52943, 19256, 22153, 58022, 91282, 35773, 55637, 35686, 10551, 15445, 75348, 10157, 69051, 82387, 59245, 48100, 61551, 44316, 76553, 41787, 72659, 32277, 27929, 17598, 58180, 93850, 72864, 13988, 66674, 10127, 75484, 73648, 20788, 50741, 62969, 64483, 40924, 37325, 37105, 63150, 35012, 58555, 92980, 40510, 69296, 80418, 65511, 11468, 687, 80270, 62321, 27175, 44650, 43485, 71929, 5199, 22258, 24551, 20224, 82301, 24270, 74761, 35953, 89106, 17884, 51993, 87260, 36162, 42709, 93805, 40507, 59817, 81931, 79477, 88351, 41261, 47306, 23763, 23912, 41741, 7394, 92489, 37458, 6541, 49583, 70497, 23680, 53736, 62353, 2697, 27968, 19085, 51848, 1620, 12365, 81182, 35909, 49304, 9654, 11746, 95216, 5661, 61990, 88880, 65957, 17370, 64422, 37580])"
82.0,6,10,16,4.688426494598389,407,"Genotype(dna=[61136, 52625, 50556, 95879, 68196, 71689, 52237, 84822, 16303, 1302, 38080, 47022, 57888, 19121, 58605, 12812, 41469, 41813, 67768, 71300, 25115, 35330, 57844, 3420, 75482, 6492, 24179, 38998, 14305, 6505, 2777, 2550, 78956, 6482, 60805, 52679, 25487, 15198, 36654, 75241, 35133, 76981, 9877, 64021, 59502, 80360, 39348, 76339, 67973, 82210, 83846, 65652, 12, 26622, 38018, 48977, 60544, 77238, 25668, 95348, 19550, 38544, 86523, 32287, 76246, 46178, 1056, 89829, 34464, 94332, 21446, 89547, 77472, 96897, 97719, 33901, 84772, 44595, 48359, 47928, 72640, 14272, 68719, 99543, 96608, 964, 60352, 85758, 85260, 18192, 7688, 88542, 8892, 59197, 19839, 97798, 78484, 49658, 60088, 86858, 66497, 62526, 77772, 5116, 52287, 59442, 4396, 50591, 16153, 19482, 14324, 9163, 37061, 97462, 58043, 6440, 99288, 94923, 90834, 37195, 98738, 80466, 52174, 67240, 38313, 45002, 22818, 96321, 12696, 18840, 64742, 99626, 51357, 82532, 82982, 9962, 15445, 25694, 14788, 3609, 67254, 28864, 13742, 8955, 18542, 15412, 67007, 48551, 52943, 19256, 22153, 58022, 91282, 35773, 55637, 35686, 10551, 15445, 75348, 10157, 69051, 82387, 59245, 48100, 61551, 44316, 76553, 41787, 72659, 32277, 27929, 17598, 58180, 93850, 72864, 13988, 66674, 10127, 75484, 73648, 20788, 50741, 62969, 64483, 40924, 37325, 37105, 63150, 35012, 58555, 92980, 40510, 69296, 80418, 65511, 11468, 687, 80270, 62321, 27175, 44650, 43485, 71929, 5199, 22258, 24551, 20224, 82301, 24270, 74761, 35953, 89106, 17884, 51993, 87260, 36162, 42709, 93805, 40507, 59817, 81931, 79477, 88351, 41261, 47306, 23763, 23912, 41741, 7394, 92489, 37458, 6541, 49583, 70497, 23680, 53736, 62353, 2697, 27968, 19085, 51848, 1620, 12365, 81182, 35909, 49304, 9654, 11746, 95216, 5661, 61990, 88880, 65957, 17370, 64422, 37580])"
82.0,6,10,17,4.937828302383423,407,"Genotype(dna=[61136, 52625, 50556, 95879, 68196, 71689, 52237, 84822, 16303, 1302, 38080, 47022, 57888, 19121, 58605, 12812, 41469, 41813, 67768, 71300, 25115, 35330, 57844, 3420, 75482, 6492, 24179, 38998, 14305, 6505, 2777, 2550, 78956, 6482, 60805, 52679, 25487, 15198, 36654, 75241, 35133, 76981, 9877, 64021, 59502, 80360, 39348, 76339, 67973, 82210, 83846, 65652, 12, 26622, 38018, 48977, 60544, 77238, 25668, 95348, 19550, 38544, 86523, 32287, 76246, 46178, 1056, 89829, 34464, 94332, 21446, 89547, 77472, 96897, 97719, 33901, 84772, 44595, 48359, 47928, 72640, 14272, 68719, 99543, 96608, 964, 60352, 85758, 85260, 18192, 7688, 88542, 8892, 59197, 19839, 97798, 78484, 49658, 60088, 86858, 66497, 62526, 77772, 5116, 52287, 59442, 4396, 50591, 16153, 19482, 14324, 9163, 37061, 97462, 58043, 6440, 99288, 94923, 90834, 37195, 98738, 80466, 52174, 67240, 38313, 45002, 22818, 96321, 12696, 18840, 64742, 99626, 51357, 82532, 82982, 9962, 15445, 25694, 14788, 3609, 67254, 28864, 13742, 8955, 18542, 15412, 67007, 48551, 52943, 19256, 22153, 58022, 91282, 35773, 55637, 35686, 10551, 15445, 75348, 10157, 69051, 82387, 59245, 48100, 61551, 44316, 76553, 41787, 72659, 32277, 27929, 17598, 58180, 93850, 72864, 13988, 66674, 10127, 75484, 73648, 20788, 50741, 62969, 64483, 40924, 37325, 37105, 63150, 35012, 58555, 92980, 40510, 69296, 80418, 65511, 11468, 687, 80270, 62321, 27175, 44650, 43485, 71929, 5199, 22258, 24551, 20224, 82301, 24270, 74761, 35953, 89106, 17884, 51993, 87260, 36162, 42709, 93805, 40507, 59817, 81931, 79477, 88351, 41261, 47306, 23763, 23912, 41741, 7394, 92489, 37458, 6541, 49583, 70497, 23680, 53736, 62353, 2697, 27968, 19085, 51848, 1620, 12365, 81182, 35909, 49304, 9654, 11746, 95216, 5661, 61990, 88880, 65957, 17370, 64422, 37580])"
82.0,6,10,18,5.165332555770874,407,"Genotype(dna=[61136, 52625, 50556, 95879, 68196, 71689, 52237, 84822, 16303, 1302, 38080, 47022, 57888, 19121, 58605, 12812, 41469, 41813, 67768, 71300, 25115, 35330, 57844, 3420, 75482, 6492, 24179, 38998, 14305, 6505, 2777, 2550, 78956, 6482, 60805, 52679, 25487, 15198, 36654, 75241, 35133, 76981, 9877, 64021, 59502, 80360, 39348, 76339, 67973, 82210, 83846, 65652, 12, 26622, 38018, 48977, 60544, 77238, 25668, 95348, 19550, 38544, 86523, 32287, 76246, 46178, 1056, 89829, 34464, 94332, 21446, 89547, 77472, 96897, 97719, 33901, 84772, 44595, 48359, 47928, 72640, 14272, 68719, 99543, 96608, 964, 60352, 85758, 85260, 18192, 7688, 88542, 8892, 59197, 19839, 97798, 78484, 49658, 60088, 86858, 66497, 62526, 77772, 5116, 52287, 59442, 4396, 50591, 16153, 19482, 14324, 9163, 37061, 97462, 58043, 6440, 99288, 94923, 90834, 37195, 98738, 80466, 52174, 67240, 38313, 45002, 22818, 96321, 12696, 18840, 64742, 99626, 51357, 82532, 82982, 9962, 15445, 25694, 14788, 3609, 67254, 28864, 13742, 8955, 18542, 15412, 67007, 48551, 52943, 19256, 22153, 58022, 91282, 35773, 55637, 35686, 10551, 15445, 75348, 10157, 69051, 82387, 59245, 48100, 61551, 44316, 76553, 41787, 72659, 32277, 27929, 17598, 58180, 93850, 72864, 13988, 66674, 10127, 75484, 73648, 20788, 50741, 62969, 64483, 40924, 37325, 37105, 63150, 35012, 58555, 92980, 40510, 69296, 80418, 65511, 11468, 687, 80270, 62321, 27175, 44650, 43485, 71929, 5199, 22258, 24551, 20224, 82301, 24270, 74761, 35953, 89106, 17884, 51993, 87260, 36162, 42709, 93805, 40507, 59817, 81931, 79477, 88351, 41261, 47306, 23763, 23912, 41741, 7394, 92489, 37458, 6541, 49583, 70497, 23680, 53736, 62353, 2697, 27968, 19085, 51848, 1620, 12365, 81182, 35909, 49304, 9654, 11746, 95216, 5661, 61990, 88880, 65957, 17370, 64422, 37580])"
82.0,6,10,19,5.301638841629028,407,"Genotype(dna=[61136, 52625, 50556, 95879, 68196, 71689, 52237, 84822, 16303, 1302, 38080, 47022, 57888, 19121, 58605, 12812, 41469, 41813, 67768, 71300, 25115, 35330, 57844, 3420, 75482, 6492, 24179, 38998, 14305, 6505, 2777, 2550, 78956, 6482, 60805, 52679, 25487, 15198, 36654, 75241, 35133, 76981, 9877, 64021, 59502, 80360, 39348, 76339, 67973, 82210, 83846, 65652, 12, 26622, 38018, 48977, 60544, 77238, 25668, 95348, 19550, 38544, 86523, 32287, 76246, 46178, 1056, 89829, 34464, 94332, 21446, 89547, 77472, 96897, 97719, 33901, 84772, 44595, 48359, 47928, 72640, 14272, 68719, 99543, 96608, 964, 60352, 85758, 85260, 18192, 7688, 88542, 8892, 59197, 19839, 97798, 78484, 49658, 60088, 86858, 66497, 62526, 77772, 5116, 52287, 59442, 4396, 50591, 16153, 19482, 14324, 9163, 37061, 97462, 58043, 6440, 99288, 94923, 90834, 37195, 98738, 80466, 52174, 67240, 38313, 45002, 22818, 96321, 12696, 18840, 64742, 99626, 51357, 82532, 82982, 9962, 15445, 25694, 14788, 3609, 67254, 28864, 13742, 8955, 18542, 15412, 67007, 48551, 52943, 19256, 22153, 58022, 91282, 35773, 55637, 35686, 10551, 15445, 75348, 10157, 69051, 82387, 59245, 48100, 61551, 44316, 76553, 41787, 72659, 32277, 27929, 17598, 58180, 93850, 72864, 13988, 66674, 10127, 75484, 73648, 20788, 50741, 62969, 64483, 40924, 37325, 37105, 63150, 35012, 58555, 92980, 40510, 69296, 80418, 65511, 11468, 687, 80270, 62321, 27175, 44650, 43485, 71929, 5199, 22258, 24551, 20224, 82301, 24270, 74761, 35953, 89106, 17884, 51993, 87260, 36162, 42709, 93805, 40507, 59817, 81931, 79477, 88351, 41261, 47306, 23763, 23912, 41741, 7394, 92489, 37458, 6541, 49583, 70497, 23680, 53736, 62353, 2697, 27968, 19085, 51848, 1620, 12365, 81182, 35909, 49304, 9654, 11746, 95216, 5661, 61990, 88880, 65957, 17370, 64422, 37580])"
82.0,6,10,20,5.492135047912598,407,"Genotype(dna=[61136, 52625, 50556, 95879, 68196, 71689, 52237, 84822, 16303, 1302, 38080, 47022, 57888, 19121, 58605, 12812, 41469, 41813, 67768, 71300, 25115, 35330, 57844, 3420, 75482, 6492, 24179, 38998, 14305, 6505, 2777, 2550, 78956, 6482, 60805, 52679, 25487, 15198, 36654, 75241, 35133, 76981, 9877, 64021, 59502, 80360, 39348, 76339, 67973, 82210, 83846, 65652, 12, 26622, 38018, 48977, 60544, 77238, 25668, 95348, 19550, 38544, 86523, 32287, 76246, 46178, 1056, 89829, 34464, 94332, 21446, 89547, 77472, 96897, 97719, 33901, 84772, 44595, 48359, 47928, 72640, 14272, 68719, 99543, 96608, 964, 60352, 85758, 85260, 18192, 7688, 88542, 8892, 59197, 19839, 97798, 78484, 49658, 60088, 86858, 66497, 62526, 77772, 5116, 52287, 59442, 4396, 50591, 16153, 19482, 14324, 9163, 37061, 97462, 58043, 6440, 99288, 94923, 90834, 37195, 98738, 80466, 52174, 67240, 38313, 45002, 22818, 96321, 12696, 18840, 64742, 99626, 51357, 82532, 82982, 9962, 15445, 25694, 14788, 3609, 67254, 28864, 13742, 8955, 18542, 15412, 67007, 48551, 52943, 19256, 22153, 58022, 91282, 35773, 55637, 35686, 10551, 15445, 75348, 10157, 69051, 82387, 59245, 48100, 61551, 44316, 76553, 41787, 72659, 32277, 27929, 17598, 58180, 93850, 72864, 13988, 66674, 10127, 75484, 73648, 20788, 50741, 62969, 64483, 40924, 37325, 37105, 63150, 35012, 58555, 92980, 40510, 69296, 80418, 65511, 11468, 687, 80270, 62321, 27175, 44650, 43485, 71929, 5199, 22258, 24551, 20224, 82301, 24270, 74761, 35953, 89106, 17884, 51993, 87260, 36162, 42709, 93805, 40507, 59817, 81931, 79477, 88351, 41261, 47306, 23763, 23912, 41741, 7394, 92489, 37458, 6541, 49583, 70497, 23680, 53736, 62353, 2697, 27968, 19085, 51848, 1620, 12365, 81182, 35909, 49304, 9654, 11746, 95216, 5661, 61990, 88880, 65957, 17370, 64422, 37580])"
82.0,6,10,21,5.626126289367676,407,"Genotype(dna=[61136, 52625, 50556, 95879, 68196, 71689, 52237, 84822, 16303, 1302, 38080, 47022, 57888, 19121, 58605, 12812, 41469, 41813, 67768, 71300, 25115, 35330, 57844, 3420, 75482, 6492, 24179, 38998, 14305, 6505, 2777, 2550, 78956, 6482, 60805, 52679, 25487, 15198, 36654, 75241, 35133, 76981, 9877, 64021, 59502, 80360, 39348, 76339, 67973, 82210, 83846, 65652, 12, 26622, 38018, 48977, 60544, 77238, 25668, 95348, 19550, 38544, 86523, 32287, 76246, 46178, 1056, 89829, 34464, 94332, 21446, 89547, 77472, 96897, 97719, 33901, 84772, 44595, 48359, 47928, 72640, 14272, 68719, 99543, 96608, 964, 60352, 85758, 85260, 18192, 7688, 88542, 8892, 59197, 19839, 97798, 78484, 49658, 60088, 86858, 66497, 62526, 77772, 5116, 52287, 59442, 4396, 50591, 16153, 19482, 14324, 9163, 37061, 97462, 58043, 6440, 99288, 94923, 90834, 37195, 98738, 80466, 52174, 67240, 38313, 45002, 22818, 96321, 12696, 18840, 64742, 99626, 51357, 82532, 82982, 9962, 15445, 25694, 14788, 3609, 67254, 28864, 13742, 8955, 18542, 15412, 67007, 48551, 52943, 19256, 22153, 58022, 91282, 35773, 55637, 35686, 10551, 15445, 75348, 10157, 69051, 82387, 59245, 48100, 61551, 44316, 76553, 41787, 72659, 32277, 27929, 17598, 58180, 93850, 72864, 13988, 66674, 10127, 75484, 73648, 20788, 50741, 62969, 64483, 40924, 37325, 37105, 63150, 35012, 58555, 92980, 40510, 69296, 80418, 65511, 11468, 687, 80270, 62321, 27175, 44650, 43485, 71929, 5199, 22258, 24551, 20224, 82301, 24270, 74761, 35953, 89106, 17884, 51993, 87260, 36162, 42709, 93805, 40507, 59817, 81931, 79477, 88351, 41261, 47306, 23763, 23912, 41741, 7394, 92489, 37458, 6541, 49583, 70497, 23680, 53736, 62353, 2697, 27968, 19085, 51848, 1620, 12365, 81182, 35909, 49304, 9654, 11746, 95216, 5661, 61990, 88880, 65957, 17370, 64422, 37580])"
82.0,6,10,22,5.942561149597168,407,"Genotype(dna=[61136, 52625, 50556, 95879, 68196, 71689, 52237, 84822, 16303, 1302, 38080, 47022, 57888, 19121, 58605, 12812, 41469, 41813, 67768, 71300, 25115, 35330, 57844, 3420, 75482, 6492, 24179, 38998, 14305, 6505, 2777, 2550, 78956, 6482, 60805, 52679, 25487, 15198, 36654, 75241, 35133, 76981, 9877, 64021, 59502, 80360, 39348, 76339, 67973, 82210, 83846, 65652, 12, 26622, 38018, 48977, 60544, 77238, 25668, 95348, 19550, 38544, 86523, 32287, 76246, 46178, 1056, 89829, 34464, 94332, 21446, 89547, 77472, 96897, 97719, 33901, 84772, 44595, 48359, 47928, 72640, 14272, 68719, 99543, 96608, 964, 60352, 85758, 85260, 18192, 7688, 88542, 8892, 59197, 19839, 97798, 78484, 49658, 60088, 86858, 66497, 62526, 77772, 5116, 52287, 59442, 4396, 50591, 16153, 19482, 14324, 9163, 37061, 97462, 58043, 6440, 99288, 94923, 90834, 37195, 98738, 80466, 52174, 67240, 38313, 45002, 22818, 96321, 12696, 18840, 64742, 99626, 51357, 82532, 82982, 9962, 15445, 25694, 14788, 3609, 67254, 28864, 13742, 8955, 18542, 15412, 67007, 48551, 52943, 19256, 22153, 58022, 91282, 35773, 55637, 35686, 10551, 15445, 75348, 10157, 69051, 82387, 59245, 48100, 61551, 44316, 76553, 41787, 72659, 32277, 27929, 17598, 58180, 93850, 72864, 13988, 66674, 10127, 75484, 73648, 20788, 50741, 62969, 64483, 40924, 37325, 37105, 63150, 35012, 58555, 92980, 40510, 69296, 80418, 65511, 11468, 687, 80270, 62321, 27175, 44650, 43485, 71929, 5199, 22258, 24551, 20224, 82301, 24270, 74761, 35953, 89106, 17884, 51993, 87260, 36162, 42709, 93805, 40507, 59817, 81931, 79477, 88351, 41261, 47306, 23763, 23912, 41741, 7394, 92489, 37458, 6541, 49583, 70497, 23680, 53736, 62353, 2697, 27968, 19085, 51848, 1620, 12365, 81182, 35909, 49304, 9654, 11746, 95216, 5661, 61990, 88880, 65957, 17370, 64422, 37580])"
82.0,6,10,23,6.13832688331604,407,"Genotype(dna=[61136, 52625, 50556, 95879, 68196, 71689, 52237, 84822, 16303, 1302, 38080, 47022, 57888, 19121, 58605, 12812, 41469, 41813, 67768, 71300, 25115, 35330, 57844, 3420, 75482, 6492, 24179, 38998, 14305, 6505, 2777, 2550, 78956, 6482, 60805, 52679, 25487, 15198, 36654, 75241, 35133, 76981, 9877, 64021, 59502, 80360, 39348, 76339, 67973, 82210, 83846, 65652, 12, 26622, 38018, 48977, 60544, 77238, 25668, 95348, 19550, 38544, 86523, 32287, 76246, 46178, 1056, 89829, 34464, 94332, 21446, 89547, 77472, 96897, 97719, 33901, 84772, 44595, 48359, 47928, 72640, 14272, 68719, 99543, 96608, 964, 60352, 85758, 85260, 18192, 7688, 88542, 8892, 59197, 19839, 97798, 78484, 49658, 60088, 86858, 66497, 62526, 77772, 5116, 52287, 59442, 4396, 50591, 16153, 19482, 14324, 9163, 37061, 97462, 58043, 6440, 99288, 94923, 90834, 37195, 98738, 80466, 52174, 67240, 38313, 45002, 22818, 96321, 12696, 18840, 64742, 99626, 51357, 82532, 82982, 9962, 15445, 25694, 14788, 3609, 67254, 28864, 13742, 8955, 18542, 15412, 67007, 48551, 52943, 19256, 22153, 58022, 91282, 35773, 55637, 35686, 10551, 15445, 75348, 10157, 69051, 82387, 59245, 48100, 61551, 44316, 76553, 41787, 72659, 32277, 27929, 17598, 58180, 93850, 72864, 13988, 66674, 10127, 75484, 73648, 20788, 50741, 62969, 64483, 40924, 37325, 37105, 63150, 35012, 58555, 92980, 40510, 69296, 80418, 65511, 11468, 687, 80270, 62321, 27175, 44650, 43485, 71929, 5199, 22258, 24551, 20224, 82301, 24270, 74761, 35953, 89106, 17884, 51993, 87260, 36162, 42709, 93805, 40507, 59817, 81931, 79477, 88351, 41261, 47306, 23763, 23912, 41741, 7394, 92489, 37458, 6541, 49583, 70497, 23680, 53736, 62353, 2697, 27968, 19085, 51848, 1620, 12365, 81182, 35909, 49304, 9654, 11746, 95216, 5661, 61990, 88880, 65957, 17370, 64422, 37580])"
82.0,6,10,24,6.189995527267456,407,"Genotype(dna=[61136, 52625, 50556, 95879, 68196, 71689, 52237, 84822, 16303, 1302, 38080, 47022, 57888, 19121, 58605, 12812, 41469, 41813, 67768, 71300, 25115, 35330, 57844, 3420, 75482, 6492, 24179, 38998, 14305, 6505, 2777, 2550, 78956, 6482, 60805, 52679, 25487, 15198, 36654, 75241, 35133, 76981, 9877, 64021, 59502, 80360, 39348, 76339, 67973, 82210, 83846, 65652, 12, 26622, 38018, 48977, 60544, 77238, 25668, 95348, 19550, 38544, 86523, 32287, 76246, 46178, 1056, 89829, 34464, 94332, 21446, 89547, 77472, 96897, 97719, 33901, 84772, 44595, 48359, 47928, 72640, 14272, 68719, 99543, 96608, 964, 60352, 85758, 85260, 18192, 7688, 88542, 8892, 59197, 19839, 97798, 78484, 49658, 60088, 86858, 66497, 62526, 77772, 5116, 52287, 59442, 4396, 50591, 16153, 19482, 14324, 9163, 37061, 97462, 58043, 6440, 99288, 94923, 90834, 37195, 98738, 80466, 52174, 67240, 38313, 45002, 22818, 96321, 12696, 18840, 64742, 99626, 51357, 82532, 82982, 9962, 15445, 25694, 14788, 3609, 67254, 28864, 13742, 8955, 18542, 15412, 67007, 48551, 52943, 19256, 22153, 58022, 91282, 35773, 55637, 35686, 10551, 15445, 75348, 10157, 69051, 82387, 59245, 48100, 61551, 44316, 76553, 41787, 72659, 32277, 27929, 17598, 58180, 93850, 72864, 13988, 66674, 10127, 75484, 73648, 20788, 50741, 62969, 64483, 40924, 37325, 37105, 63150, 35012, 58555, 92980, 40510, 69296, 80418, 65511, 11468, 687, 80270, 62321, 27175, 44650, 43485, 71929, 5199, 22258, 24551, 20224, 82301, 24270, 74761, 35953, 89106, 17884, 51993, 87260, 36162, 42709, 93805, 40507, 59817, 81931, 79477, 88351, 41261, 47306, 23763, 23912, 41741, 7394, 92489, 37458, 6541, 49583, 70497, 23680, 53736, 62353, 2697, 27968, 19085, 51848, 1620, 12365, 81182, 35909, 49304, 9654, 11746, 95216, 5661, 61990, 88880, 65957, 17370, 64422, 37580])"
82.0,6,10,25,6.330865144729614,407,"Genotype(dna=[61136, 52625, 50556, 95879, 68196, 71689, 52237, 84822, 16303, 1302, 38080, 47022, 57888, 19121, 58605, 12812, 41469, 41813, 67768, 71300, 25115, 35330, 57844, 3420, 75482, 6492, 24179, 38998, 14305, 6505, 2777, 2550, 78956, 6482, 60805, 52679, 25487, 15198, 36654, 75241, 35133, 76981, 9877, 64021, 59502, 80360, 39348, 76339, 67973, 82210, 83846, 65652, 12, 26622, 38018, 48977, 60544, 77238, 25668, 95348, 19550, 38544, 86523, 32287, 76246, 46178, 1056, 89829, 34464, 94332, 21446, 89547, 77472, 96897, 97719, 33901, 84772, 44595, 48359, 47928, 72640, 14272, 68719, 99543, 96608, 964, 60352, 85758, 85260, 18192, 7688, 88542, 8892, 59197, 19839, 97798, 78484, 49658, 60088, 86858, 66497, 62526, 77772, 5116, 52287, 59442, 4396, 50591, 16153, 19482, 14324, 9163, 37061, 97462, 58043, 6440, 99288, 94923, 90834, 37195, 98738, 80466, 52174, 67240, 38313, 45002, 22818, 96321, 12696, 18840, 64742, 99626, 51357, 82532, 82982, 9962, 15445, 25694, 14788, 3609, 67254, 28864, 13742, 8955, 18542, 15412, 67007, 48551, 52943, 19256, 22153, 58022, 91282, 35773, 55637, 35686, 10551, 15445, 75348, 10157, 69051, 82387, 59245, 48100, 61551, 44316, 76553, 41787, 72659, 32277, 27929, 17598, 58180, 93850, 72864, 13988, 66674, 10127, 75484, 73648, 20788, 50741, 62969, 64483, 40924, 37325, 37105, 63150, 35012, 58555, 92980, 40510, 69296, 80418, 65511, 11468, 687, 80270, 62321, 27175, 44650, 43485, 71929, 5199, 22258, 24551, 20224, 82301, 24270, 74761, 35953, 89106, 17884, 51993, 87260, 36162, 42709, 93805, 40507, 59817, 81931, 79477, 88351, 41261, 47306, 23763, 23912, 41741, 7394, 92489, 37458, 6541, 49583, 70497, 23680, 53736, 62353, 2697, 27968, 19085, 51848, 1620, 12365, 81182, 35909, 49304, 9654, 11746, 95216, 5661, 61990, 88880, 65957, 17370, 64422, 37580])"
82.0,6,10,26,6.43065333366394,407,"Genotype(dna=[61136, 52625, 50556, 95879, 68196, 71689, 52237, 84822, 16303, 1302, 38080, 47022, 57888, 19121, 58605, 12812, 41469, 41813, 67768, 71300, 25115, 35330, 57844, 3420, 75482, 6492, 24179, 38998, 14305, 6505, 2777, 2550, 78956, 6482, 60805, 52679, 25487, 15198, 36654, 75241, 35133, 76981, 9877, 64021, 59502, 80360, 39348, 76339, 67973, 82210, 83846, 65652, 12, 26622, 38018, 48977, 60544, 77238, 25668, 95348, 19550, 38544, 86523, 32287, 76246, 46178, 1056, 89829, 34464, 94332, 21446, 89547, 77472, 96897, 97719, 33901, 84772, 44595, 48359, 47928, 72640, 14272, 68719, 99543, 96608, 964, 60352, 85758, 85260, 18192, 7688, 88542, 8892, 59197, 19839, 97798, 78484, 49658, 60088, 86858, 66497, 62526, 77772, 5116, 52287, 59442, 4396, 50591, 16153, 19482, 14324, 9163, 37061, 97462, 58043, 6440, 99288, 94923, 90834, 37195, 98738, 80466, 52174, 67240, 38313, 45002, 22818, 96321, 12696, 18840, 64742, 99626, 51357, 82532, 82982, 9962, 15445, 25694, 14788, 3609, 67254, 28864, 13742, 8955, 18542, 15412, 67007, 48551, 52943, 19256, 22153, 58022, 91282, 35773, 55637, 35686, 10551, 15445, 75348, 10157, 69051, 82387, 59245, 48100, 61551, 44316, 76553, 41787, 72659, 32277, 27929, 17598, 58180, 93850, 72864, 13988, 66674, 10127, 75484, 73648, 20788, 50741, 62969, 64483, 40924, 37325, 37105, 63150, 35012, 58555, 92980, 40510, 69296, 80418, 65511, 11468, 687, 80270, 62321, 27175, 44650, 43485, 71929, 5199, 22258, 24551, 20224, 82301, 24270, 74761, 35953, 89106, 17884, 51993, 87260, 36162, 42709, 93805, 40507, 59817, 81931, 79477, 88351, 41261, 47306, 23763, 23912, 41741, 7394, 92489, 37458, 6541, 49583, 70497, 23680, 53736, 62353, 2697, 27968, 19085, 51848, 1620, 12365, 81182, 35909, 49304, 9654, 11746, 95216, 5661, 61990, 88880, 65957, 17370, 64422, 37580])"
82.0,6,10,27,6.527254819869995,407,"Genotype(dna=[61136, 52625, 50556, 95879, 68196, 71689, 52237, 84822, 16303, 1302, 38080, 47022, 57888, 19121, 58605, 12812, 41469, 41813, 67768, 71300, 25115, 35330, 57844, 3420, 75482, 6492, 24179, 38998, 14305, 6505, 2777, 2550, 78956, 6482, 60805, 52679, 25487, 15198, 36654, 75241, 35133, 76981, 9877, 64021, 59502, 80360, 39348, 76339, 67973, 82210, 83846, 65652, 12, 26622, 38018, 48977, 60544, 77238, 25668, 95348, 19550, 38544, 86523, 32287, 76246, 46178, 1056, 89829, 34464, 94332, 21446, 89547, 77472, 96897, 97719, 33901, 84772, 44595, 48359, 47928, 72640, 14272, 68719, 99543, 96608, 964, 60352, 85758, 85260, 18192, 7688, 88542, 8892, 59197, 19839, 97798, 78484, 49658, 60088, 86858, 66497, 62526, 77772, 5116, 52287, 59442, 4396, 50591, 16153, 19482, 14324, 9163, 37061, 97462, 58043, 6440, 99288, 94923, 90834, 37195, 98738, 80466, 52174, 67240, 38313, 45002, 22818, 96321, 12696, 18840, 64742, 99626, 51357, 82532, 82982, 9962, 15445, 25694, 14788, 3609, 67254, 28864, 13742, 8955, 18542, 15412, 67007, 48551, 52943, 19256, 22153, 58022, 91282, 35773, 55637, 35686, 10551, 15445, 75348, 10157, 69051, 82387, 59245, 48100, 61551, 44316, 76553, 41787, 72659, 32277, 27929, 17598, 58180, 93850, 72864, 13988, 66674, 10127, 75484, 73648, 20788, 50741, 62969, 64483, 40924, 37325, 37105, 63150, 35012, 58555, 92980, 40510, 69296, 80418, 65511, 11468, 687, 80270, 62321, 27175, 44650, 43485, 71929, 5199, 22258, 24551, 20224, 82301, 24270, 74761, 35953, 89106, 17884, 51993, 87260, 36162, 42709, 93805, 40507, 59817, 81931, 79477, 88351, 41261, 47306, 23763, 23912, 41741, 7394, 92489, 37458, 6541, 49583, 70497, 23680, 53736, 62353, 2697, 27968, 19085, 51848, 1620, 12365, 81182, 35909, 49304, 9654, 11746, 95216, 5661, 61990, 88880, 65957, 17370, 64422, 37580])"
82.0,6,10,28,6.6255104541778564,407,"Genotype(dna=[61136, 52625, 50556, 95879, 68196, 71689, 52237, 84822, 16303, 1302, 38080, 47022, 57888, 19121, 58605, 12812, 41469, 41813, 67768, 71300, 25115, 35330, 57844, 3420, 75482, 6492, 24179, 38998, 14305, 6505, 2777, 2550, 78956, 6482, 60805, 52679, 25487, 15198, 36654, 75241, 35133, 76981, 9877, 64021, 59502, 80360, 39348, 76339, 67973, 82210, 83846, 65652, 12, 26622, 38018, 48977, 60544, 77238, 25668, 95348, 19550, 38544, 86523, 32287, 76246, 46178, 1056, 89829, 34464, 94332, 21446, 89547, 77472, 96897, 97719, 33901, 84772, 44595, 48359, 47928, 72640, 14272, 68719, 99543, 96608, 964, 60352, 85758, 85260, 18192, 7688, 88542, 8892, 59197, 19839, 97798, 78484, 49658, 60088, 86858, 66497, 62526, 77772, 5116, 52287, 59442, 4396, 50591, 16153, 19482, 14324, 9163, 37061, 97462, 58043, 6440, 99288, 94923, 90834, 37195, 98738, 80466, 52174, 67240, 38313, 45002, 22818, 96321, 12696, 18840, 64742, 99626, 51357, 82532, 82982, 9962, 15445, 25694, 14788, 3609, 67254, 28864, 13742, 8955, 18542, 15412, 67007, 48551, 52943, 19256, 22153, 58022, 91282, 35773, 55637, 35686, 10551, 15445, 75348, 10157, 69051, 82387, 59245, 48100, 61551, 44316, 76553, 41787, 72659, 32277, 27929, 17598, 58180, 93850, 72864, 13988, 66674, 10127, 75484, 73648, 20788, 50741, 62969, 64483, 40924, 37325, 37105, 63150, 35012, 58555, 92980, 40510, 69296, 80418, 65511, 11468, 687, 80270, 62321, 27175, 44650, 43485, 71929, 5199, 22258, 24551, 20224, 82301, 24270, 74761, 35953, 89106, 17884, 51993, 87260, 36162, 42709, 93805, 40507, 59817, 81931, 79477, 88351, 41261, 47306, 23763, 23912, 41741, 7394, 92489, 37458, 6541, 49583, 70497, 23680, 53736, 62353, 2697, 27968, 19085, 51848, 1620, 12365, 81182, 35909, 49304, 9654, 11746, 95216, 5661, 61990, 88880, 65957, 17370, 64422, 37580])"
82.0,6,10,29,6.67534875869751,407,"Genotype(dna=[61136, 52625, 50556, 95879, 68196, 71689, 52237, 84822, 16303, 1302, 38080, 47022, 57888, 19121, 58605, 12812, 41469, 41813, 67768, 71300, 25115, 35330, 57844, 3420, 75482, 6492, 24179, 38998, 14305, 6505, 2777, 2550, 78956, 6482, 60805, 52679, 25487, 15198, 36654, 75241, 35133, 76981, 9877, 64021, 59502, 80360, 39348, 76339, 67973, 82210, 83846, 65652, 12, 26622, 38018, 48977, 60544, 77238, 25668, 95348, 19550, 38544, 86523, 32287, 76246, 46178, 1056, 89829, 34464, 94332, 21446, 89547, 77472, 96897, 97719, 33901, 84772, 44595, 48359, 47928, 72640, 14272, 68719, 99543, 96608, 964, 60352, 85758, 85260, 18192, 7688, 88542, 8892, 59197, 19839, 97798, 78484, 49658, 60088, 86858, 66497, 62526, 77772, 5116, 52287, 59442, 4396, 50591, 16153, 19482, 14324, 9163, 37061, 97462, 58043, 6440, 99288, 94923, 90834, 37195, 98738, 80466, 52174, 67240, 38313, 45002, 22818, 96321, 12696, 18840, 64742, 99626, 51357, 82532, 82982, 9962, 15445, 25694, 14788, 3609, 67254, 28864, 13742, 8955, 18542, 15412, 67007, 48551, 52943, 19256, 22153, 58022, 91282, 35773, 55637, 35686, 10551, 15445, 75348, 10157, 69051, 82387, 59245, 48100, 61551, 44316, 76553, 41787, 72659, 32277, 27929, 17598, 58180, 93850, 72864, 13988, 66674, 10127, 75484, 73648, 20788, 50741, 62969, 64483, 40924, 37325, 37105, 63150, 35012, 58555, 92980, 40510, 69296, 80418, 65511, 11468, 687, 80270, 62321, 27175, 44650, 43485, 71929, 5199, 22258, 24551, 20224, 82301, 24270, 74761, 35953, 89106, 17884, 51993, 87260, 36162, 42709, 93805, 40507, 59817, 81931, 79477, 88351, 41261, 47306, 23763, 23912, 41741, 7394, 92489, 37458, 6541, 49583, 70497, 23680, 53736, 62353, 2697, 27968, 19085, 51848, 1620, 12365, 81182, 35909, 49304, 9654, 11746, 95216, 5661, 61990, 88880, 65957, 17370, 64422, 37580])"
82.0,6,10,30,6.747905492782593,407,"Genotype(dna=[61136, 52625, 50556, 95879, 68196, 71689, 52237, 84822, 16303, 1302, 38080, 47022, 57888, 19121, 58605, 12812, 41469, 41813, 67768, 71300, 25115, 35330, 57844, 3420, 75482, 6492, 24179, 38998, 14305, 6505, 2777, 2550, 78956, 6482, 60805, 52679, 25487, 15198, 36654, 75241, 35133, 76981, 9877, 64021, 59502, 80360, 39348, 76339, 67973, 82210, 83846, 65652, 12, 26622, 38018, 48977, 60544, 77238, 25668, 95348, 19550, 38544, 86523, 32287, 76246, 46178, 1056, 89829, 34464, 94332, 21446, 89547, 77472, 96897, 97719, 33901, 84772, 44595, 48359, 47928, 72640, 14272, 68719, 99543, 96608, 964, 60352, 85758, 85260, 18192, 7688, 88542, 8892, 59197, 19839, 97798, 78484, 49658, 60088, 86858, 66497, 62526, 77772, 5116, 52287, 59442, 4396, 50591, 16153, 19482, 14324, 9163, 37061, 97462, 58043, 6440, 99288, 94923, 90834, 37195, 98738, 80466, 52174, 67240, 38313, 45002, 22818, 96321, 12696, 18840, 64742, 99626, 51357, 82532, 82982, 9962, 15445, 25694, 14788, 3609, 67254, 28864, 13742, 8955, 18542, 15412, 67007, 48551, 52943, 19256, 22153, 58022, 91282, 35773, 55637, 35686, 10551, 15445, 75348, 10157, 69051, 82387, 59245, 48100, 61551, 44316, 76553, 41787, 72659, 32277, 27929, 17598, 58180, 93850, 72864, 13988, 66674, 10127, 75484, 73648, 20788, 50741, 62969, 64483, 40924, 37325, 37105, 63150, 35012, 58555, 92980, 40510, 69296, 80418, 65511, 11468, 687, 80270, 62321, 27175, 44650, 43485, 71929, 5199, 22258, 24551, 20224, 82301, 24270, 74761, 35953, 89106, 17884, 51993, 87260, 36162, 42709, 93805, 40507, 59817, 81931, 79477, 88351, 41261, 47306, 23763, 23912, 41741, 7394, 92489, 37458, 6541, 49583, 70497, 23680, 53736, 62353, 2697, 27968, 19085, 51848, 1620, 12365, 81182, 35909, 49304, 9654, 11746, 95216, 5661, 61990, 88880, 65957, 17370, 64422, 37580])"
82.0,6,10,31,6.8056652545928955,407,"Genotype(dna=[61136, 52625, 50556, 95879, 68196, 71689, 52237, 84822, 16303, 1302, 38080, 47022, 57888, 19121, 58605, 12812, 41469, 41813, 67768, 71300, 25115, 35330, 57844, 3420, 75482, 6492, 24179, 38998, 14305, 6505, 2777, 2550, 78956, 6482, 60805, 52679, 25487, 15198, 36654, 75241, 35133, 76981, 9877, 64021, 59502, 80360, 39348, 76339, 67973, 82210, 83846, 65652, 12, 26622, 38018, 48977, 60544, 77238, 25668, 95348, 19550, 38544, 86523, 32287, 76246, 46178, 1056, 89829, 34464, 94332, 21446, 89547, 77472, 96897, 97719, 33901, 84772, 44595, 48359, 47928, 72640, 14272, 68719, 99543, 96608, 964, 60352, 85758, 85260, 18192, 7688, 88542, 8892, 59197, 19839, 97798, 78484, 49658, 60088, 86858, 66497, 62526, 77772, 5116, 52287, 59442, 4396, 50591, 16153, 19482, 14324, 9163, 37061, 97462, 58043, 6440, 99288, 94923, 90834, 37195, 98738, 80466, 52174, 67240, 38313, 45002, 22818, 96321, 12696, 18840, 64742, 99626, 51357, 82532, 82982, 9962, 15445, 25694, 14788, 3609, 67254, 28864, 13742, 8955, 18542, 15412, 67007, 48551, 52943, 19256, 22153, 58022, 91282, 35773, 55637, 35686, 10551, 15445, 75348, 10157, 69051, 82387, 59245, 48100, 61551, 44316, 76553, 41787, 72659, 32277, 27929, 17598, 58180, 93850, 72864, 13988, 66674, 10127, 75484, 73648, 20788, 50741, 62969, 64483, 40924, 37325, 37105, 63150, 35012, 58555, 92980, 40510, 69296, 80418, 65511, 11468, 687, 80270, 62321, 27175, 44650, 43485, 71929, 5199, 22258, 24551, 20224, 82301, 24270, 74761, 35953, 89106, 17884, 51993, 87260, 36162, 42709, 93805, 40507, 59817, 81931, 79477, 88351, 41261, 47306, 23763, 23912, 41741, 7394, 92489, 37458, 6541, 49583, 70497, 23680, 53736, 62353, 2697, 27968, 19085, 51848, 1620, 12365, 81182, 35909, 49304, 9654, 11746, 95216, 5661, 61990, 88880, 65957, 17370, 64422, 37580])"
79.0,5,11,32,6.960159778594971,407,"Genotype(dna=[65018, 62610, 92563, 71774, 51664, 54899, 61073, 99913, 94830, 88836, 98910, 15227, 93335, 46938, 70563, 7563, 85460, 40573, 94559, 53183, 54786, 3052, 78683, 67597, 89865, 51600, 74834, 20518, 56690, 78707, 1202, 60650, 31723, 25705, 4634, 13338, 58391, 11318, 70555, 80470, 33014, 40448, 76451, 76325, 5043, 23062, 66894, 14746, 3078, 48951, 12456, 50627, 79329, 77936, 92510, 51872, 37757, 37115, 34459, 41777, 50106, 86076, 82237, 60258, 27648, 10940, 41096, 69577, 4718, 59039, 35771, 98967, 14975, 47783, 48226, 78282, 76760, 87800, 38420, 63458, 83370, 22613, 87844, 54404, 21837, 56223, 97098, 22299, 76587, 35075, 13278, 24014, 5423, 27415, 93399, 58191, 36828, 62246, 56645, 65518, 6465, 66559, 73997, 38847, 96982, 60567, 25831, 56963, 92035, 31760, 46405, 15020, 84366, 15220, 93565, 20122, 32817, 41600, 84616, 38680, 11428, 86526, 28689, 24017, 80979, 36017, 10746, 72752, 65184, 23098, 49894, 28753, 71107, 87059, 55724, 37815, 10502, 52563, 83527, 17024, 99306, 77301, 52924, 84905, 482, 60669, 6894, 43423, 59892, 83698, 62860, 23730, 20367, 20424, 55284, 22018, 61820, 69706, 23583, 51916, 24090, 77961, 91411, 81373, 21361, 94390, 82236, 45164, 83707, 58000, 28695, 2421, 30333, 82549, 84345, 37584, 74493, 49648, 4863, 80070, 27073, 38393, 78747, 32504, 74884, 14062, 90357, 71641, 36528, 91825, 75933, 95353, 80161, 35626, 37326, 92575, 50276, 39043, 95850, 67587, 20064, 36147, 9604, 29485, 74873, 64081, 53640, 50771, 34408, 25785, 42276, 47108, 9205, 29106, 42252, 86871, 40668, 39923, 39387, 52898, 70806, 10268, 33115, 72589, 96915, 51523, 62904, 13058, 65974, 39691, 35993, 30894, 45598, 78986, 74162, 49395, 38910, 32473, 72043, 25047, 91305, 798, 66252, 28737, 73757, 23054, 40390, 17949, 84743, 78050, 65670, 57506, 56667, 50517, 39620, 89943])"
79.0,5,11,33,7.040551662445068,407,"Genotype(dna=[65018, 62610, 92563, 71774, 51664, 54899, 61073, 99913, 94830, 88836, 98910, 15227, 93335, 46938, 70563, 7563, 85460, 40573, 94559, 53183, 54786, 3052, 78683, 67597, 89865, 51600, 74834, 20518, 56690, 78707, 1202, 60650, 31723, 25705, 4634, 13338, 58391, 11318, 70555, 80470, 33014, 40448, 76451, 76325, 5043, 23062, 66894, 14746, 3078, 48951, 12456, 50627, 79329, 77936, 92510, 51872, 37757, 37115, 34459, 41777, 50106, 86076, 82237, 60258, 27648, 10940, 41096, 69577, 4718, 59039, 35771, 98967, 14975, 47783, 48226, 78282, 76760, 87800, 38420, 63458, 83370, 22613, 87844, 54404, 21837, 56223, 97098, 22299, 76587, 35075, 13278, 24014, 5423, 27415, 93399, 58191, 36828, 62246, 56645, 65518, 6465, 66559, 73997, 38847, 96982, 60567, 25831, 56963, 92035, 31760, 46405, 15020, 84366, 15220, 93565, 20122, 32817, 41600, 84616, 38680, 11428, 86526, 28689, 24017, 80979, 36017, 10746, 72752, 65184, 23098, 49894, 28753, 71107, 87059, 55724, 37815, 10502, 52563, 83527, 17024, 99306, 77301, 52924, 84905, 482, 60669, 6894, 43423, 59892, 83698, 62860, 23730, 20367, 20424, 55284, 22018, 61820, 69706, 23583, 51916, 24090, 77961, 91411, 81373, 21361, 94390, 82236, 45164, 83707, 58000, 28695, 2421, 30333, 82549, 84345, 37584, 74493, 49648, 4863, 80070, 27073, 38393, 78747, 32504, 74884, 14062, 90357, 71641, 36528, 91825, 75933, 95353, 80161, 35626, 37326, 92575, 50276, 39043, 95850, 67587, 20064, 36147, 9604, 29485, 74873, 64081, 53640, 50771, 34408, 25785, 42276, 47108, 9205, 29106, 42252, 86871, 40668, 39923, 39387, 52898, 70806, 10268, 33115, 72589, 96915, 51523, 62904, 13058, 65974, 39691, 35993, 30894, 45598, 78986, 74162, 49395, 38910, 32473, 72043, 25047, 91305, 798, 66252, 28737, 73757, 23054, 40390, 17949, 84743, 78050, 65670, 57506, 56667, 50517, 39620, 89943])"
78.0,5,11,34,7.129993677139282,407,"Genotype(dna=[65018, 62610, 92563, 71774, 51664, 54899, 61073, 99913, 70284, 88836, 98910, 15227, 93335, 46938, 70563, 55288, 85460, 40573, 94559, 53183, 54786, 3052, 81044, 67597, 89865, 51600, 74834, 20518, 56690, 78707, 1202, 60650, 31723, 25705, 4634, 13338, 58391, 81926, 70555, 80470, 33014, 40448, 76451, 76325, 97516, 23062, 66894, 14746, 3078, 48951, 12456, 50627, 79329, 77936, 92510, 51872, 37757, 37115, 34459, 41777, 50106, 86076, 82237, 60258, 27648, 10940, 41096, 69577, 4718, 59039, 35771, 98967, 14975, 47783, 48226, 78282, 76760, 87800, 38420, 63458, 83370, 22613, 87844, 54404, 21837, 56223, 97098, 22299, 76587, 35075, 13278, 24014, 5423, 27415, 93399, 58191, 36828, 62246, 56645, 65518, 6465, 66559, 58217, 38847, 96982, 60567, 25831, 56963, 92035, 31760, 46405, 15020, 84366, 15220, 93565, 20122, 32817, 41600, 84616, 38680, 11428, 86526, 28689, 24017, 80979, 36017, 10746, 72752, 65184, 23098, 49894, 28753, 71107, 87059, 55724, 37815, 10502, 52563, 83527, 17024, 99306, 77301, 52924, 84905, 482, 60669, 6894, 43423, 59892, 83698, 62860, 23730, 20367, 20424, 55284, 22018, 61820, 69706, 23583, 51916, 24090, 77961, 91411, 81373, 21361, 94390, 82236, 45164, 83707, 58000, 28695, 2421, 30333, 82549, 84345, 37584, 74493, 49648, 4863, 80070, 27073, 38393, 78747, 32504, 74884, 14062, 90357, 71641, 36528, 91825, 75933, 5874, 80161, 35626, 37326, 92575, 50276, 39043, 95850, 67587, 20064, 36147, 47185, 29485, 74873, 64081, 53640, 50771, 24270, 74761, 35953, 89106, 17884, 51993, 87260, 36162, 42709, 93805, 40507, 59817, 81931, 79477, 88351, 41261, 47306, 64699, 23912, 41741, 7394, 92489, 37458, 6541, 49583, 70497, 23680, 53736, 62353, 2697, 27968, 19085, 51848, 1620, 27106, 81182, 35909, 49304, 9654, 11746, 95216, 5661, 61990, 88880, 65957, 17370, 64422, 37580])"
78.0,5,11,35,7.251329183578491,407,"Genotype(dna=[65018, 62610, 92563, 71774, 51664, 54899, 61073, 99913, 70284, 88836, 98910, 15227, 93335, 46938, 70563, 55288, 85460, 40573, 94559, 53183, 54786, 3052, 81044, 67597, 89865, 51600, 74834, 20518, 56690, 78707, 1202, 60650, 31723, 25705, 4634, 13338, 58391, 81926, 70555, 80470, 33014, 40448, 76451, 76325, 97516, 23062, 66894, 14746, 3078, 48951, 12456, 50627, 79329, 77936, 92510, 51872, 37757, 37115, 34459, 41777, 50106, 86076, 82237, 60258, 27648, 10940, 41096, 69577, 4718, 59039, 35771, 98967, 14975, 47783, 48226, 78282, 76760, 87800, 38420, 63458, 83370, 22613, 87844, 54404, 21837, 56223, 97098, 22299, 76587, 35075, 13278, 24014, 5423, 27415, 93399, 58191, 36828, 62246, 56645, 65518, 6465, 66559, 58217, 38847, 96982, 60567, 25831, 56963, 92035, 31760, 46405, 15020, 84366, 15220, 93565, 20122, 32817, 41600, 84616, 38680, 11428, 86526, 28689, 24017, 80979, 36017, 10746, 72752, 65184, 23098, 49894, 28753, 71107, 87059, 55724, 37815, 10502, 52563, 83527, 17024, 99306, 77301, 52924, 84905, 482, 60669, 6894, 43423, 59892, 83698, 62860, 23730, 20367, 20424, 55284, 22018, 61820, 69706, 23583, 51916, 24090, 77961, 91411, 81373, 21361, 94390, 82236, 45164, 83707, 58000, 28695, 2421, 30333, 82549, 84345, 37584, 74493, 49648, 4863, 80070, 27073, 38393, 78747, 32504, 74884, 14062, 90357, 71641, 36528, 91825, 75933, 5874, 80161, 35626, 37326, 92575, 50276, 39043, 95850, 67587, 20064, 36147, 47185, 29485, 74873, 64081, 53640, 50771, 24270, 74761, 35953, 89106, 17884, 51993, 87260, 36162, 42709, 93805, 40507, 59817, 81931, 79477, 88351, 41261, 47306, 64699, 23912, 41741, 7394, 92489, 37458, 6541, 49583, 70497, 23680, 53736, 62353, 2697, 27968, 19085, 51848, 1620, 27106, 81182, 35909, 49304, 9654, 11746, 95216, 5661, 61990, 88880, 65957, 17370, 64422, 37580])"
78.0,5,11,36,7.415766954421997,407,"Genotype(dna=[65018, 62610, 92563, 71774, 51664, 54899, 61073, 99913, 70284, 88836, 98910, 15227, 93335, 46938, 70563, 55288, 85460, 40573, 94559, 53183, 54786, 3052, 81044, 67597, 89865, 51600, 74834, 20518, 56690, 78707, 1202, 60650, 31723, 25705, 4634, 13338, 58391, 81926, 70555, 80470, 33014, 40448, 76451, 76325, 97516, 23062, 66894, 14746, 3078, 48951, 12456, 50627, 79329, 77936, 92510, 51872, 37757, 37115, 34459, 41777, 50106, 86076, 82237, 60258, 27648, 10940, 41096, 69577, 4718, 59039, 35771, 98967, 14975, 47783, 48226, 78282, 76760, 87800, 38420, 63458, 83370, 22613, 87844, 54404, 21837, 56223, 97098, 22299, 76587, 35075, 13278, 24014, 5423, 27415, 93399, 58191, 36828, 62246, 56645, 65518, 6465, 66559, 58217, 38847, 96982, 60567, 25831, 56963, 92035, 31760, 46405, 15020, 84366, 15220, 93565, 20122, 32817, 41600, 84616, 38680, 11428, 86526, 28689, 24017, 80979, 36017, 10746, 72752, 65184, 23098, 49894, 28753, 71107, 87059, 55724, 37815, 10502, 52563, 83527, 17024, 99306, 77301, 52924, 84905, 482, 60669, 6894, 43423, 59892, 83698, 62860, 23730, 20367, 20424, 55284, 22018, 61820, 69706, 23583, 51916, 24090, 77961, 91411, 81373, 21361, 94390, 82236, 45164, 83707, 58000, 28695, 2421, 30333, 82549, 84345, 37584, 74493, 49648, 4863, 80070, 27073, 38393, 78747, 32504, 74884, 14062, 90357, 71641, 36528, 91825, 75933, 5874, 80161, 35626, 37326, 92575, 50276, 39043, 95850, 67587, 20064, 36147, 47185, 29485, 74873, 64081, 53640, 50771, 24270, 74761, 35953, 89106, 17884, 51993, 87260, 36162, 42709, 93805, 40507, 59817, 81931, 79477, 88351, 41261, 47306, 64699, 23912, 41741, 7394, 92489, 37458, 6541, 49583, 70497, 23680, 53736, 62353, 2697, 27968, 19085, 51848, 1620, 27106, 81182, 35909, 49304, 9654, 11746, 95216, 5661, 61990, 88880, 65957, 17370, 64422, 37580])"
78.0,5,11,37,7.592989683151245,407,"Genotype(dna=[65018, 62610, 92563, 71774, 51664, 54899, 61073, 99913, 70284, 88836, 98910, 15227, 93335, 46938, 70563, 55288, 85460, 40573, 94559, 53183, 54786, 3052, 81044, 67597, 89865, 51600, 74834, 20518, 56690, 78707, 1202, 60650, 31723, 25705, 4634, 13338, 58391, 81926, 70555, 80470, 33014, 40448, 76451, 76325, 97516, 23062, 66894, 14746, 3078, 48951, 12456, 50627, 79329, 77936, 92510, 51872, 37757, 37115, 34459, 41777, 50106, 86076, 82237, 60258, 27648, 10940, 41096, 69577, 4718, 59039, 35771, 98967, 14975, 47783, 48226, 78282, 76760, 87800, 38420, 63458, 83370, 22613, 87844, 54404, 21837, 56223, 97098, 22299, 76587, 35075, 13278, 24014, 5423, 27415, 93399, 58191, 36828, 62246, 56645, 65518, 6465, 66559, 58217, 38847, 96982, 60567, 25831, 56963, 92035, 31760, 46405, 15020, 84366, 15220, 93565, 20122, 32817, 41600, 84616, 38680, 11428, 86526, 28689, 24017, 80979, 36017, 10746, 72752, 65184, 23098, 49894, 28753, 71107, 87059, 55724, 37815, 10502, 52563, 83527, 17024, 99306, 77301, 52924, 84905, 482, 60669, 6894, 43423, 59892, 83698, 62860, 23730, 20367, 20424, 55284, 22018, 61820, 69706, 23583, 51916, 24090, 77961, 91411, 81373, 21361, 94390, 82236, 45164, 83707, 58000, 28695, 2421, 30333, 82549, 84345, 37584, 74493, 49648, 4863, 80070, 27073, 38393, 78747, 32504, 74884, 14062, 90357, 71641, 36528, 91825, 75933, 5874, 80161, 35626, 37326, 92575, 50276, 39043, 95850, 67587, 20064, 36147, 47185, 29485, 74873, 64081, 53640, 50771, 24270, 74761, 35953, 89106, 17884, 51993, 87260, 36162, 42709, 93805, 40507, 59817, 81931, 79477, 88351, 41261, 47306, 64699, 23912, 41741, 7394, 92489, 37458, 6541, 49583, 70497, 23680, 53736, 62353, 2697, 27968, 19085, 51848, 1620, 27106, 81182, 35909, 49304, 9654, 11746, 95216, 5661, 61990, 88880, 65957, 17370, 64422, 37580])"
78.0,5,11,38,7.831147193908691,407,"Genotype(dna=[65018, 62610, 92563, 71774, 51664, 54899, 61073, 99913, 70284, 88836, 98910, 15227, 93335, 46938, 70563, 55288, 85460, 40573, 94559, 53183, 54786, 3052, 81044, 67597, 89865, 51600, 74834, 20518, 56690, 78707, 1202, 60650, 31723, 25705, 4634, 13338, 58391, 81926, 70555, 80470, 33014, 40448, 76451, 76325, 97516, 23062, 66894, 14746, 3078, 48951, 12456, 50627, 79329, 77936, 92510, 51872, 37757, 37115, 34459, 41777, 50106, 86076, 82237, 60258, 27648, 10940, 41096, 69577, 4718, 59039, 35771, 98967, 14975, 47783, 48226, 78282, 76760, 87800, 38420, 63458, 83370, 22613, 87844, 54404, 21837, 56223, 97098, 22299, 76587, 35075, 13278, 24014, 5423, 27415, 93399, 58191, 36828, 62246, 56645, 65518, 6465, 66559, 58217, 38847, 96982, 60567, 25831, 56963, 92035, 31760, 46405, 15020, 84366, 15220, 93565, 20122, 32817, 41600, 84616, 38680, 11428, 86526, 28689, 24017, 80979, 36017, 10746, 72752, 65184, 23098, 49894, 28753, 71107, 87059, 55724, 37815, 10502, 52563, 83527, 17024, 99306, 77301, 52924, 84905, 482, 60669, 6894, 43423, 59892, 83698, 62860, 23730, 20367, 20424, 55284, 22018, 61820, 69706, 23583, 51916, 24090, 77961, 91411, 81373, 21361, 94390, 82236, 45164, 83707, 58000, 28695, 2421, 30333, 82549, 84345, 37584, 74493, 49648, 4863, 80070, 27073, 38393, 78747, 32504, 74884, 14062, 90357, 71641, 36528, 91825, 75933, 5874, 80161, 35626, 37326, 92575, 50276, 39043, 95850, 67587, 20064, 36147, 47185, 29485, 74873, 64081, 53640, 50771, 24270, 74761, 35953, 89106, 17884, 51993, 87260, 36162, 42709, 93805, 40507, 59817, 81931, 79477, 88351, 41261, 47306, 64699, 23912, 41741, 7394, 92489, 37458, 6541, 49583, 70497, 23680, 53736, 62353, 2697, 27968, 19085, 51848, 1620, 27106, 81182, 35909, 49304, 9654, 11746, 95216, 5661, 61990, 88880, 65957, 17370, 64422, 37580])"
78.0,5,11,39,8.122325658798218,407,"Genotype(dna=[65018, 62610, 92563, 71774, 51664, 54899, 61073, 99913, 70284, 88836, 98910, 15227, 93335, 46938, 70563, 55288, 85460, 40573, 94559, 53183, 54786, 3052, 81044, 67597, 89865, 51600, 74834, 20518, 56690, 78707, 1202, 60650, 31723, 25705, 4634, 13338, 58391, 81926, 70555, 80470, 33014, 40448, 76451, 76325, 97516, 23062, 66894, 14746, 3078, 48951, 12456, 50627, 79329, 77936, 92510, 51872, 37757, 37115, 34459, 41777, 50106, 86076, 82237, 60258, 27648, 10940, 41096, 69577, 4718, 59039, 35771, 98967, 14975, 47783, 48226, 78282, 76760, 87800, 38420, 63458, 83370, 22613, 87844, 54404, 21837, 56223, 97098, 22299, 76587, 35075, 13278, 24014, 5423, 27415, 93399, 58191, 36828, 62246, 56645, 65518, 6465, 66559, 58217, 38847, 96982, 60567, 25831, 56963, 92035, 31760, 46405, 15020, 84366, 15220, 93565, 20122, 32817, 41600, 84616, 38680, 11428, 86526, 28689, 24017, 80979, 36017, 10746, 72752, 65184, 23098, 49894, 28753, 71107, 87059, 55724, 37815, 10502, 52563, 83527, 17024, 99306, 77301, 52924, 84905, 482, 60669, 6894, 43423, 59892, 83698, 62860, 23730, 20367, 20424, 55284, 22018, 61820, 69706, 23583, 51916, 24090, 77961, 91411, 81373, 21361, 94390, 82236, 45164, 83707, 58000, 28695, 2421, 30333, 82549, 84345, 37584, 74493, 49648, 4863, 80070, 27073, 38393, 78747, 32504, 74884, 14062, 90357, 71641, 36528, 91825, 75933, 5874, 80161, 35626, 37326, 92575, 50276, 39043, 95850, 67587, 20064, 36147, 47185, 29485, 74873, 64081, 53640, 50771, 24270, 74761, 35953, 89106, 17884, 51993, 87260, 36162, 42709, 93805, 40507, 59817, 81931, 79477, 88351, 41261, 47306, 64699, 23912, 41741, 7394, 92489, 37458, 6541, 49583, 70497, 23680, 53736, 62353, 2697, 27968, 19085, 51848, 1620, 27106, 81182, 35909, 49304, 9654, 11746, 95216, 5661, 61990, 88880, 65957, 17370, 64422, 37580])"
78.0,5,11,40,8.284692287445068,407,"Genotype(dna=[65018, 62610, 92563, 71774, 51664, 54899, 61073, 99913, 70284, 88836, 98910, 15227, 93335, 46938, 70563, 55288, 85460, 40573, 94559, 53183, 54786, 3052, 81044, 67597, 89865, 51600, 74834, 20518, 56690, 78707, 1202, 60650, 31723, 25705, 4634, 13338, 58391, 81926, 70555, 80470, 33014, 40448, 76451, 76325, 97516, 23062, 66894, 14746, 3078, 48951, 12456, 50627, 79329, 77936, 92510, 51872, 37757, 37115, 34459, 41777, 50106, 86076, 82237, 60258, 27648, 10940, 41096, 69577, 4718, 59039, 35771, 98967, 14975, 47783, 48226, 78282, 76760, 87800, 38420, 63458, 83370, 22613, 87844, 54404, 21837, 56223, 97098, 22299, 76587, 35075, 13278, 24014, 5423, 27415, 93399, 58191, 36828, 62246, 56645, 65518, 6465, 66559, 58217, 38847, 96982, 60567, 25831, 56963, 92035, 31760, 46405, 15020, 84366, 15220, 93565, 20122, 32817, 41600, 84616, 38680, 11428, 86526, 28689, 24017, 80979, 36017, 10746, 72752, 65184, 23098, 49894, 28753, 71107, 87059, 55724, 37815, 10502, 52563, 83527, 17024, 99306, 77301, 52924, 84905, 482, 60669, 6894, 43423, 59892, 83698, 62860, 23730, 20367, 20424, 55284, 22018, 61820, 69706, 23583, 51916, 24090, 77961, 91411, 81373, 21361, 94390, 82236, 45164, 83707, 58000, 28695, 2421, 30333, 82549, 84345, 37584, 74493, 49648, 4863, 80070, 27073, 38393, 78747, 32504, 74884, 14062, 90357, 71641, 36528, 91825, 75933, 5874, 80161, 35626, 37326, 92575, 50276, 39043, 95850, 67587, 20064, 36147, 47185, 29485, 74873, 64081, 53640, 50771, 24270, 74761, 35953, 89106, 17884, 51993, 87260, 36162, 42709, 93805, 40507, 59817, 81931, 79477, 88351, 41261, 47306, 64699, 23912, 41741, 7394, 92489, 37458, 6541, 49583, 70497, 23680, 53736, 62353, 2697, 27968, 19085, 51848, 1620, 27106, 81182, 35909, 49304, 9654, 11746, 95216, 5661, 61990, 88880, 65957, 17370, 64422, 37580])"
78.0,5,11,41,8.545156240463257,407,"Genotype(dna=[65018, 62610, 92563, 71774, 51664, 54899, 61073, 99913, 70284, 88836, 98910, 15227, 93335, 46938, 70563, 55288, 85460, 40573, 94559, 53183, 54786, 3052, 81044, 67597, 89865, 51600, 74834, 20518, 56690, 78707, 1202, 60650, 31723, 25705, 4634, 13338, 58391, 81926, 70555, 80470, 33014, 40448, 76451, 76325, 97516, 23062, 66894, 14746, 3078, 48951, 12456, 50627, 79329, 77936, 92510, 51872, 37757, 37115, 34459, 41777, 50106, 86076, 82237, 60258, 27648, 10940, 41096, 69577, 4718, 59039, 35771, 98967, 14975, 47783, 48226, 78282, 76760, 87800, 38420, 63458, 83370, 22613, 87844, 54404, 21837, 56223, 97098, 22299, 76587, 35075, 13278, 24014, 5423, 27415, 93399, 58191, 36828, 62246, 56645, 65518, 6465, 66559, 58217, 38847, 96982, 60567, 25831, 56963, 92035, 31760, 46405, 15020, 84366, 15220, 93565, 20122, 32817, 41600, 84616, 38680, 11428, 86526, 28689, 24017, 80979, 36017, 10746, 72752, 65184, 23098, 49894, 28753, 71107, 87059, 55724, 37815, 10502, 52563, 83527, 17024, 99306, 77301, 52924, 84905, 482, 60669, 6894, 43423, 59892, 83698, 62860, 23730, 20367, 20424, 55284, 22018, 61820, 69706, 23583, 51916, 24090, 77961, 91411, 81373, 21361, 94390, 82236, 45164, 83707, 58000, 28695, 2421, 30333, 82549, 84345, 37584, 74493, 49648, 4863, 80070, 27073, 38393, 78747, 32504, 74884, 14062, 90357, 71641, 36528, 91825, 75933, 5874, 80161, 35626, 37326, 92575, 50276, 39043, 95850, 67587, 20064, 36147, 47185, 29485, 74873, 64081, 53640, 50771, 24270, 74761, 35953, 89106, 17884, 51993, 87260, 36162, 42709, 93805, 40507, 59817, 81931, 79477, 88351, 41261, 47306, 64699, 23912, 41741, 7394, 92489, 37458, 6541, 49583, 70497, 23680, 53736, 62353, 2697, 27968, 19085, 51848, 1620, 27106, 81182, 35909, 49304, 9654, 11746, 95216, 5661, 61990, 88880, 65957, 17370, 64422, 37580])"
78.0,5,11,42,8.774726629257202,407,"Genotype(dna=[65018, 62610, 92563, 71774, 51664, 54899, 61073, 99913, 70284, 88836, 98910, 15227, 93335, 46938, 70563, 55288, 85460, 40573, 94559, 53183, 54786, 3052, 81044, 67597, 89865, 51600, 74834, 20518, 56690, 78707, 1202, 60650, 31723, 25705, 4634, 13338, 58391, 81926, 70555, 80470, 33014, 40448, 76451, 76325, 97516, 23062, 66894, 14746, 3078, 48951, 12456, 50627, 79329, 77936, 92510, 51872, 37757, 37115, 34459, 41777, 50106, 86076, 82237, 60258, 27648, 10940, 41096, 69577, 4718, 59039, 35771, 98967, 14975, 47783, 48226, 78282, 76760, 87800, 38420, 63458, 83370, 22613, 87844, 54404, 21837, 56223, 97098, 22299, 76587, 35075, 13278, 24014, 5423, 27415, 93399, 58191, 36828, 62246, 56645, 65518, 6465, 66559, 58217, 38847, 96982, 60567, 25831, 56963, 92035, 31760, 46405, 15020, 84366, 15220, 93565, 20122, 32817, 41600, 84616, 38680, 11428, 86526, 28689, 24017, 80979, 36017, 10746, 72752, 65184, 23098, 49894, 28753, 71107, 87059, 55724, 37815, 10502, 52563, 83527, 17024, 99306, 77301, 52924, 84905, 482, 60669, 6894, 43423, 59892, 83698, 62860, 23730, 20367, 20424, 55284, 22018, 61820, 69706, 23583, 51916, 24090, 77961, 91411, 81373, 21361, 94390, 82236, 45164, 83707, 58000, 28695, 2421, 30333, 82549, 84345, 37584, 74493, 49648, 4863, 80070, 27073, 38393, 78747, 32504, 74884, 14062, 90357, 71641, 36528, 91825, 75933, 5874, 80161, 35626, 37326, 92575, 50276, 39043, 95850, 67587, 20064, 36147, 47185, 29485, 74873, 64081, 53640, 50771, 24270, 74761, 35953, 89106, 17884, 51993, 87260, 36162, 42709, 93805, 40507, 59817, 81931, 79477, 88351, 41261, 47306, 64699, 23912, 41741, 7394, 92489, 37458, 6541, 49583, 70497, 23680, 53736, 62353, 2697, 27968, 19085, 51848, 1620, 27106, 81182, 35909, 49304, 9654, 11746, 95216, 5661, 61990, 88880, 65957, 17370, 64422, 37580])"
78.0,5,11,43,8.960773468017578,407,"Genotype(dna=[65018, 62610, 92563, 71774, 51664, 54899, 61073, 99913, 70284, 88836, 98910, 15227, 93335, 46938, 70563, 55288, 85460, 40573, 94559, 53183, 54786, 3052, 81044, 67597, 89865, 51600, 74834, 20518, 56690, 78707, 1202, 60650, 31723, 25705, 4634, 13338, 58391, 81926, 70555, 80470, 33014, 40448, 76451, 76325, 97516, 23062, 66894, 14746, 3078, 48951, 12456, 50627, 79329, 77936, 92510, 51872, 37757, 37115, 34459, 41777, 50106, 86076, 82237, 60258, 27648, 10940, 41096, 69577, 4718, 59039, 35771, 98967, 14975, 47783, 48226, 78282, 76760, 87800, 38420, 63458, 83370, 22613, 87844, 54404, 21837, 56223, 97098, 22299, 76587, 35075, 13278, 24014, 5423, 27415, 93399, 58191, 36828, 62246, 56645, 65518, 6465, 66559, 58217, 38847, 96982, 60567, 25831, 56963, 92035, 31760, 46405, 15020, 84366, 15220, 93565, 20122, 32817, 41600, 84616, 38680, 11428, 86526, 28689, 24017, 80979, 36017, 10746, 72752, 65184, 23098, 49894, 28753, 71107, 87059, 55724, 37815, 10502, 52563, 83527, 17024, 99306, 77301, 52924, 84905, 482, 60669, 6894, 43423, 59892, 83698, 62860, 23730, 20367, 20424, 55284, 22018, 61820, 69706, 23583, 51916, 24090, 77961, 91411, 81373, 21361, 94390, 82236, 45164, 83707, 58000, 28695, 2421, 30333, 82549, 84345, 37584, 74493, 49648, 4863, 80070, 27073, 38393, 78747, 32504, 74884, 14062, 90357, 71641, 36528, 91825, 75933, 5874, 80161, 35626, 37326, 92575, 50276, 39043, 95850, 67587, 20064, 36147, 47185, 29485, 74873, 64081, 53640, 50771, 24270, 74761, 35953, 89106, 17884, 51993, 87260, 36162, 42709, 93805, 40507, 59817, 81931, 79477, 88351, 41261, 47306, 64699, 23912, 41741, 7394, 92489, 37458, 6541, 49583, 70497, 23680, 53736, 62353, 2697, 27968, 19085, 51848, 1620, 27106, 81182, 35909, 49304, 9654, 11746, 95216, 5661, 61990, 88880, 65957, 17370, 64422, 37580])"
78.0,5,11,44,9.186959743499756,407,"Genotype(dna=[65018, 62610, 92563, 71774, 51664, 54899, 61073, 99913, 70284, 88836, 98910, 15227, 93335, 46938, 70563, 55288, 85460, 40573, 94559, 53183, 54786, 3052, 81044, 67597, 89865, 51600, 74834, 20518, 56690, 78707, 1202, 60650, 31723, 25705, 4634, 13338, 58391, 81926, 70555, 80470, 33014, 40448, 76451, 76325, 97516, 23062, 66894, 14746, 3078, 48951, 12456, 50627, 79329, 77936, 92510, 51872, 37757, 37115, 34459, 41777, 50106, 86076, 82237, 60258, 27648, 10940, 41096, 69577, 4718, 59039, 35771, 98967, 14975, 47783, 48226, 78282, 76760, 87800, 38420, 63458, 83370, 22613, 87844, 54404, 21837, 56223, 97098, 22299, 76587, 35075, 13278, 24014, 5423, 27415, 93399, 58191, 36828, 62246, 56645, 65518, 6465, 66559, 58217, 38847, 96982, 60567, 25831, 56963, 92035, 31760, 46405, 15020, 84366, 15220, 93565, 20122, 32817, 41600, 84616, 38680, 11428, 86526, 28689, 24017, 80979, 36017, 10746, 72752, 65184, 23098, 49894, 28753, 71107, 87059, 55724, 37815, 10502, 52563, 83527, 17024, 99306, 77301, 52924, 84905, 482, 60669, 6894, 43423, 59892, 83698, 62860, 23730, 20367, 20424, 55284, 22018, 61820, 69706, 23583, 51916, 24090, 77961, 91411, 81373, 21361, 94390, 82236, 45164, 83707, 58000, 28695, 2421, 30333, 82549, 84345, 37584, 74493, 49648, 4863, 80070, 27073, 38393, 78747, 32504, 74884, 14062, 90357, 71641, 36528, 91825, 75933, 5874, 80161, 35626, 37326, 92575, 50276, 39043, 95850, 67587, 20064, 36147, 47185, 29485, 74873, 64081, 53640, 50771, 24270, 74761, 35953, 89106, 17884, 51993, 87260, 36162, 42709, 93805, 40507, 59817, 81931, 79477, 88351, 41261, 47306, 64699, 23912, 41741, 7394, 92489, 37458, 6541, 49583, 70497, 23680, 53736, 62353, 2697, 27968, 19085, 51848, 1620, 27106, 81182, 35909, 49304, 9654, 11746, 95216, 5661, 61990, 88880, 65957, 17370, 64422, 37580])"
78.0,5,11,45,9.328857660293579,407,"Genotype(dna=[65018, 62610, 92563, 71774, 51664, 54899, 61073, 99913, 70284, 88836, 98910, 15227, 93335, 46938, 70563, 55288, 85460, 40573, 94559, 53183, 54786, 3052, 81044, 67597, 89865, 51600, 74834, 20518, 56690, 78707, 1202, 60650, 31723, 25705, 4634, 13338, 58391, 81926, 70555, 80470, 33014, 40448, 76451, 76325, 97516, 23062, 66894, 14746, 3078, 48951, 12456, 50627, 79329, 77936, 92510, 51872, 37757, 37115, 34459, 41777, 50106, 86076, 82237, 60258, 27648, 10940, 41096, 69577, 4718, 59039, 35771, 98967, 14975, 47783, 48226, 78282, 76760, 87800, 38420, 63458, 83370, 22613, 87844, 54404, 21837, 56223, 97098, 22299, 76587, 35075, 13278, 24014, 5423, 27415, 93399, 58191, 36828, 62246, 56645, 65518, 6465, 66559, 58217, 38847, 96982, 60567, 25831, 56963, 92035, 31760, 46405, 15020, 84366, 15220, 93565, 20122, 32817, 41600, 84616, 38680, 11428, 86526, 28689, 24017, 80979, 36017, 10746, 72752, 65184, 23098, 49894, 28753, 71107, 87059, 55724, 37815, 10502, 52563, 83527, 17024, 99306, 77301, 52924, 84905, 482, 60669, 6894, 43423, 59892, 83698, 62860, 23730, 20367, 20424, 55284, 22018, 61820, 69706, 23583, 51916, 24090, 77961, 91411, 81373, 21361, 94390, 82236, 45164, 83707, 58000, 28695, 2421, 30333, 82549, 84345, 37584, 74493, 49648, 4863, 80070, 27073, 38393, 78747, 32504, 74884, 14062, 90357, 71641, 36528, 91825, 75933, 5874, 80161, 35626, 37326, 92575, 50276, 39043, 95850, 67587, 20064, 36147, 47185, 29485, 74873, 64081, 53640, 50771, 24270, 74761, 35953, 89106, 17884, 51993, 87260, 36162, 42709, 93805, 40507, 59817, 81931, 79477, 88351, 41261, 47306, 64699, 23912, 41741, 7394, 92489, 37458, 6541, 49583, 70497, 23680, 53736, 62353, 2697, 27968, 19085, 51848, 1620, 27106, 81182, 35909, 49304, 9654, 11746, 95216, 5661, 61990, 88880, 65957, 17370, 64422, 37580])"
78.0,5,11,46,9.430119514465332,407,"Genotype(dna=[65018, 62610, 92563, 71774, 51664, 54899, 61073, 99913, 70284, 88836, 98910, 15227, 93335, 46938, 70563, 55288, 85460, 40573, 94559, 53183, 54786, 3052, 81044, 67597, 89865, 51600, 74834, 20518, 56690, 78707, 1202, 60650, 31723, 25705, 4634, 13338, 58391, 81926, 70555, 80470, 33014, 40448, 76451, 76325, 97516, 23062, 66894, 14746, 3078, 48951, 12456, 50627, 79329, 77936, 92510, 51872, 37757, 37115, 34459, 41777, 50106, 86076, 82237, 60258, 27648, 10940, 41096, 69577, 4718, 59039, 35771, 98967, 14975, 47783, 48226, 78282, 76760, 87800, 38420, 63458, 83370, 22613, 87844, 54404, 21837, 56223, 97098, 22299, 76587, 35075, 13278, 24014, 5423, 27415, 93399, 58191, 36828, 62246, 56645, 65518, 6465, 66559, 58217, 38847, 96982, 60567, 25831, 56963, 92035, 31760, 46405, 15020, 84366, 15220, 93565, 20122, 32817, 41600, 84616, 38680, 11428, 86526, 28689, 24017, 80979, 36017, 10746, 72752, 65184, 23098, 49894, 28753, 71107, 87059, 55724, 37815, 10502, 52563, 83527, 17024, 99306, 77301, 52924, 84905, 482, 60669, 6894, 43423, 59892, 83698, 62860, 23730, 20367, 20424, 55284, 22018, 61820, 69706, 23583, 51916, 24090, 77961, 91411, 81373, 21361, 94390, 82236, 45164, 83707, 58000, 28695, 2421, 30333, 82549, 84345, 37584, 74493, 49648, 4863, 80070, 27073, 38393, 78747, 32504, 74884, 14062, 90357, 71641, 36528, 91825, 75933, 5874, 80161, 35626, 37326, 92575, 50276, 39043, 95850, 67587, 20064, 36147, 47185, 29485, 74873, 64081, 53640, 50771, 24270, 74761, 35953, 89106, 17884, 51993, 87260, 36162, 42709, 93805, 40507, 59817, 81931, 79477, 88351, 41261, 47306, 64699, 23912, 41741, 7394, 92489, 37458, 6541, 49583, 70497, 23680, 53736, 62353, 2697, 27968, 19085, 51848, 1620, 27106, 81182, 35909, 49304, 9654, 11746, 95216, 5661, 61990, 88880, 65957, 17370, 64422, 37580])"
78.0,5,11,47,9.53736162185669,407,"Genotype(dna=[65018, 62610, 92563, 71774, 51664, 54899, 61073, 99913, 70284, 88836, 98910, 15227, 93335, 46938, 70563, 55288, 85460, 40573, 94559, 53183, 54786, 3052, 81044, 67597, 89865, 51600, 74834, 20518, 56690, 78707, 1202, 60650, 31723, 25705, 4634, 13338, 58391, 81926, 70555, 80470, 33014, 40448, 76451, 76325, 97516, 23062, 66894, 14746, 3078, 48951, 12456, 50627, 79329, 77936, 92510, 51872, 37757, 37115, 34459, 41777, 50106, 86076, 82237, 60258, 27648, 10940, 41096, 69577, 4718, 59039, 35771, 98967, 14975, 47783, 48226, 78282, 76760, 87800, 38420, 63458, 83370, 22613, 87844, 54404, 21837, 56223, 97098, 22299, 76587, 35075, 13278, 24014, 5423, 27415, 93399, 58191, 36828, 62246, 56645, 65518, 6465, 66559, 58217, 38847, 96982, 60567, 25831, 56963, 92035, 31760, 46405, 15020, 84366, 15220, 93565, 20122, 32817, 41600, 84616, 38680, 11428, 86526, 28689, 24017, 80979, 36017, 10746, 72752, 65184, 23098, 49894, 28753, 71107, 87059, 55724, 37815, 10502, 52563, 83527, 17024, 99306, 77301, 52924, 84905, 482, 60669, 6894, 43423, 59892, 83698, 62860, 23730, 20367, 20424, 55284, 22018, 61820, 69706, 23583, 51916, 24090, 77961, 91411, 81373, 21361, 94390, 82236, 45164, 83707, 58000, 28695, 2421, 30333, 82549, 84345, 37584, 74493, 49648, 4863, 80070, 27073, 38393, 78747, 32504, 74884, 14062, 90357, 71641, 36528, 91825, 75933, 5874, 80161, 35626, 37326, 92575, 50276, 39043, 95850, 67587, 20064, 36147, 47185, 29485, 74873, 64081, 53640, 50771, 24270, 74761, 35953, 89106, 17884, 51993, 87260, 36162, 42709, 93805, 40507, 59817, 81931, 79477, 88351, 41261, 47306, 64699, 23912, 41741, 7394, 92489, 37458, 6541, 49583, 70497, 23680, 53736, 62353, 2697, 27968, 19085, 51848, 1620, 27106, 81182, 35909, 49304, 9654, 11746, 95216, 5661, 61990, 88880, 65957, 17370, 64422, 37580])"
78.0,5,11,48,9.632977485656738,407,"Genotype(dna=[65018, 62610, 92563, 71774, 51664, 54899, 61073, 99913, 70284, 88836, 98910, 15227, 93335, 46938, 70563, 55288, 85460, 40573, 94559, 53183, 54786, 3052, 81044, 67597, 89865, 51600, 74834, 20518, 56690, 78707, 1202, 60650, 31723, 25705, 4634, 13338, 58391, 81926, 70555, 80470, 33014, 40448, 76451, 76325, 97516, 23062, 66894, 14746, 3078, 48951, 12456, 50627, 79329, 77936, 92510, 51872, 37757, 37115, 34459, 41777, 50106, 86076, 82237, 60258, 27648, 10940, 41096, 69577, 4718, 59039, 35771, 98967, 14975, 47783, 48226, 78282, 76760, 87800, 38420, 63458, 83370, 22613, 87844, 54404, 21837, 56223, 97098, 22299, 76587, 35075, 13278, 24014, 5423, 27415, 93399, 58191, 36828, 62246, 56645, 65518, 6465, 66559, 58217, 38847, 96982, 60567, 25831, 56963, 92035, 31760, 46405, 15020, 84366, 15220, 93565, 20122, 32817, 41600, 84616, 38680, 11428, 86526, 28689, 24017, 80979, 36017, 10746, 72752, 65184, 23098, 49894, 28753, 71107, 87059, 55724, 37815, 10502, 52563, 83527, 17024, 99306, 77301, 52924, 84905, 482, 60669, 6894, 43423, 59892, 83698, 62860, 23730, 20367, 20424, 55284, 22018, 61820, 69706, 23583, 51916, 24090, 77961, 91411, 81373, 21361, 94390, 82236, 45164, 83707, 58000, 28695, 2421, 30333, 82549, 84345, 37584, 74493, 49648, 4863, 80070, 27073, 38393, 78747, 32504, 74884, 14062, 90357, 71641, 36528, 91825, 75933, 5874, 80161, 35626, 37326, 92575, 50276, 39043, 95850, 67587, 20064, 36147, 47185, 29485, 74873, 64081, 53640, 50771, 24270, 74761, 35953, 89106, 17884, 51993, 87260, 36162, 42709, 93805, 40507, 59817, 81931, 79477, 88351, 41261, 47306, 64699, 23912, 41741, 7394, 92489, 37458, 6541, 49583, 70497, 23680, 53736, 62353, 2697, 27968, 19085, 51848, 1620, 27106, 81182, 35909, 49304, 9654, 11746, 95216, 5661, 61990, 88880, 65957, 17370, 64422, 37580])"
78.0,5,11,49,9.783337116241455,407,"Genotype(dna=[65018, 62610, 92563, 71774, 51664, 54899, 61073, 99913, 70284, 88836, 98910, 15227, 93335, 46938, 70563, 55288, 85460, 40573, 94559, 53183, 54786, 3052, 81044, 67597, 89865, 51600, 74834, 20518, 56690, 78707, 1202, 60650, 31723, 25705, 4634, 13338, 58391, 81926, 70555, 80470, 33014, 40448, 76451, 76325, 97516, 23062, 66894, 14746, 3078, 48951, 12456, 50627, 79329, 77936, 92510, 51872, 37757, 37115, 34459, 41777, 50106, 86076, 82237, 60258, 27648, 10940, 41096, 69577, 4718, 59039, 35771, 98967, 14975, 47783, 48226, 78282, 76760, 87800, 38420, 63458, 83370, 22613, 87844, 54404, 21837, 56223, 97098, 22299, 76587, 35075, 13278, 24014, 5423, 27415, 93399, 58191, 36828, 62246, 56645, 65518, 6465, 66559, 58217, 38847, 96982, 60567, 25831, 56963, 92035, 31760, 46405, 15020, 84366, 15220, 93565, 20122, 32817, 41600, 84616, 38680, 11428, 86526, 28689, 24017, 80979, 36017, 10746, 72752, 65184, 23098, 49894, 28753, 71107, 87059, 55724, 37815, 10502, 52563, 83527, 17024, 99306, 77301, 52924, 84905, 482, 60669, 6894, 43423, 59892, 83698, 62860, 23730, 20367, 20424, 55284, 22018, 61820, 69706, 23583, 51916, 24090, 77961, 91411, 81373, 21361, 94390, 82236, 45164, 83707, 58000, 28695, 2421, 30333, 82549, 84345, 37584, 74493, 49648, 4863, 80070, 27073, 38393, 78747, 32504, 74884, 14062, 90357, 71641, 36528, 91825, 75933, 5874, 80161, 35626, 37326, 92575, 50276, 39043, 95850, 67587, 20064, 36147, 47185, 29485, 74873, 64081, 53640, 50771, 24270, 74761, 35953, 89106, 17884, 51993, 87260, 36162, 42709, 93805, 40507, 59817, 81931, 79477, 88351, 41261, 47306, 64699, 23912, 41741, 7394, 92489, 37458, 6541, 49583, 70497, 23680, 53736, 62353, 2697, 27968, 19085, 51848, 1620, 27106, 81182, 35909, 49304, 9654, 11746, 95216, 5661, 61990, 88880, 65957, 17370, 64422, 37580])"
78.0,5,11,50,9.86918568611145,407,"Genotype(dna=[65018, 62610, 92563, 71774, 51664, 54899, 61073, 99913, 70284, 88836, 98910, 15227, 93335, 46938, 70563, 55288, 85460, 40573, 94559, 53183, 54786, 3052, 81044, 67597, 89865, 51600, 74834, 20518, 56690, 78707, 1202, 60650, 31723, 25705, 4634, 13338, 58391, 81926, 70555, 80470, 33014, 40448, 76451, 76325, 97516, 23062, 66894, 14746, 3078, 48951, 12456, 50627, 79329, 77936, 92510, 51872, 37757, 37115, 34459, 41777, 50106, 86076, 82237, 60258, 27648, 10940, 41096, 69577, 4718, 59039, 35771, 98967, 14975, 47783, 48226, 78282, 76760, 87800, 38420, 63458, 83370, 22613, 87844, 54404, 21837, 56223, 97098, 22299, 76587, 35075, 13278, 24014, 5423, 27415, 93399, 58191, 36828, 62246, 56645, 65518, 6465, 66559, 58217, 38847, 96982, 60567, 25831, 56963, 92035, 31760, 46405, 15020, 84366, 15220, 93565, 20122, 32817, 41600, 84616, 38680, 11428, 86526, 28689, 24017, 80979, 36017, 10746, 72752, 65184, 23098, 49894, 28753, 71107, 87059, 55724, 37815, 10502, 52563, 83527, 17024, 99306, 77301, 52924, 84905, 482, 60669, 6894, 43423, 59892, 83698, 62860, 23730, 20367, 20424, 55284, 22018, 61820, 69706, 23583, 51916, 24090, 77961, 91411, 81373, 21361, 94390, 82236, 45164, 83707, 58000, 28695, 2421, 30333, 82549, 84345, 37584, 74493, 49648, 4863, 80070, 27073, 38393, 78747, 32504, 74884, 14062, 90357, 71641, 36528, 91825, 75933, 5874, 80161, 35626, 37326, 92575, 50276, 39043, 95850, 67587, 20064, 36147, 47185, 29485, 74873, 64081, 53640, 50771, 24270, 74761, 35953, 89106, 17884, 51993, 87260, 36162, 42709, 93805, 40507, 59817, 81931, 79477, 88351, 41261, 47306, 64699, 23912, 41741, 7394, 92489, 37458, 6541, 49583, 70497, 23680, 53736, 62353, 2697, 27968, 19085, 51848, 1620, 27106, 81182, 35909, 49304, 9654, 11746, 95216, 5661, 61990, 88880, 65957, 17370, 64422, 37580])"
78.0,5,11,51,9.963632106781006,407,"Genotype(dna=[65018, 62610, 92563, 71774, 51664, 54899, 61073, 99913, 70284, 88836, 98910, 15227, 93335, 46938, 70563, 55288, 85460, 40573, 94559, 53183, 54786, 3052, 81044, 67597, 89865, 51600, 74834, 20518, 56690, 78707, 1202, 60650, 31723, 25705, 4634, 13338, 58391, 81926, 70555, 80470, 33014, 40448, 76451, 76325, 97516, 23062, 66894, 14746, 3078, 48951, 12456, 50627, 79329, 77936, 92510, 51872, 37757, 37115, 34459, 41777, 50106, 86076, 82237, 60258, 27648, 10940, 41096, 69577, 4718, 59039, 35771, 98967, 14975, 47783, 48226, 78282, 76760, 87800, 38420, 63458, 83370, 22613, 87844, 54404, 21837, 56223, 97098, 22299, 76587, 35075, 13278, 24014, 5423, 27415, 93399, 58191, 36828, 62246, 56645, 65518, 6465, 66559, 58217, 38847, 96982, 60567, 25831, 56963, 92035, 31760, 46405, 15020, 84366, 15220, 93565, 20122, 32817, 41600, 84616, 38680, 11428, 86526, 28689, 24017, 80979, 36017, 10746, 72752, 65184, 23098, 49894, 28753, 71107, 87059, 55724, 37815, 10502, 52563, 83527, 17024, 99306, 77301, 52924, 84905, 482, 60669, 6894, 43423, 59892, 83698, 62860, 23730, 20367, 20424, 55284, 22018, 61820, 69706, 23583, 51916, 24090, 77961, 91411, 81373, 21361, 94390, 82236, 45164, 83707, 58000, 28695, 2421, 30333, 82549, 84345, 37584, 74493, 49648, 4863, 80070, 27073, 38393, 78747, 32504, 74884, 14062, 90357, 71641, 36528, 91825, 75933, 5874, 80161, 35626, 37326, 92575, 50276, 39043, 95850, 67587, 20064, 36147, 47185, 29485, 74873, 64081, 53640, 50771, 24270, 74761, 35953, 89106, 17884, 51993, 87260, 36162, 42709, 93805, 40507, 59817, 81931, 79477, 88351, 41261, 47306, 64699, 23912, 41741, 7394, 92489, 37458, 6541, 49583, 70497, 23680, 53736, 62353, 2697, 27968, 19085, 51848, 1620, 27106, 81182, 35909, 49304, 9654, 11746, 95216, 5661, 61990, 88880, 65957, 17370, 64422, 37580])"
73.0,5,11,52,10.016219854354858,407,"Genotype(dna=[65018, 62610, 92563, 71774, 51664, 54899, 61073, 99913, 70284, 88836, 54195, 15227, 93335, 46938, 70563, 55288, 85460, 83134, 94559, 53183, 54786, 58582, 13365, 67597, 89865, 51600, 74834, 20518, 56690, 78707, 1202, 60650, 31723, 25705, 4634, 13338, 58391, 81926, 70555, 80470, 33014, 40448, 76451, 76325, 97516, 23062, 66894, 14746, 3078, 48951, 33872, 50627, 79329, 77936, 92510, 51872, 37757, 37115, 34459, 41777, 50106, 86076, 82237, 60258, 27648, 10940, 41096, 69577, 4718, 63736, 35771, 98967, 14975, 47783, 48226, 78282, 76760, 87800, 38420, 63458, 83370, 22613, 87844, 54404, 38149, 56223, 91442, 22299, 76587, 35075, 13278, 24014, 5423, 27415, 93399, 58191, 36828, 62246, 56645, 65518, 89231, 66559, 58217, 38847, 96982, 60567, 25831, 56963, 92035, 31760, 46405, 15020, 84366, 15220, 93565, 91203, 90472, 41600, 84616, 38680, 11428, 58216, 28689, 19141, 20663, 36017, 10746, 72752, 65184, 66789, 49894, 28753, 71107, 87059, 55724, 37815, 10502, 52563, 83527, 17024, 99306, 77301, 52924, 84905, 482, 60669, 54655, 44414, 2653, 83698, 62860, 23730, 20367, 20424, 55284, 22018, 61820, 69706, 23583, 51916, 61543, 77961, 91411, 81373, 21361, 94390, 82236, 45164, 83707, 58000, 28695, 2421, 30333, 82549, 84345, 37584, 74493, 49648, 4863, 80070, 27073, 38393, 78747, 32504, 34594, 14062, 90357, 71641, 36528, 91825, 75933, 5874, 80161, 35626, 37326, 92575, 50276, 39043, 95850, 67587, 20064, 36147, 47185, 29485, 74873, 64081, 53640, 50771, 24270, 74761, 35953, 89106, 17884, 51993, 87260, 36162, 42709, 72801, 40507, 59817, 81931, 79477, 88351, 41261, 47306, 64699, 23912, 41741, 7394, 92489, 37458, 6541, 49583, 70497, 23680, 53736, 62353, 2697, 27968, 19085, 51848, 1620, 27106, 81182, 35909, 49304, 9654, 11746, 95216, 5661, 61990, 88880, 65957, 60743, 64422, 37580])"
73.0,5,11,53,10.105186223983765,407,"Genotype(dna=[65018, 62610, 92563, 71774, 51664, 54899, 61073, 99913, 70284, 88836, 54195, 15227, 93335, 46938, 70563, 55288, 85460, 83134, 94559, 53183, 54786, 58582, 13365, 67597, 89865, 51600, 74834, 20518, 56690, 78707, 1202, 60650, 31723, 25705, 4634, 13338, 58391, 81926, 70555, 80470, 33014, 40448, 76451, 76325, 97516, 23062, 66894, 14746, 3078, 48951, 33872, 50627, 79329, 77936, 92510, 51872, 37757, 37115, 34459, 41777, 50106, 86076, 82237, 60258, 27648, 10940, 41096, 69577, 4718, 63736, 35771, 98967, 14975, 47783, 48226, 78282, 76760, 87800, 38420, 63458, 83370, 22613, 87844, 54404, 38149, 56223, 91442, 22299, 76587, 35075, 13278, 24014, 5423, 27415, 93399, 58191, 36828, 62246, 56645, 65518, 89231, 66559, 58217, 38847, 96982, 60567, 25831, 56963, 92035, 31760, 46405, 15020, 84366, 15220, 93565, 91203, 90472, 41600, 84616, 38680, 11428, 58216, 28689, 19141, 20663, 36017, 10746, 72752, 65184, 66789, 49894, 28753, 71107, 87059, 55724, 37815, 10502, 52563, 83527, 17024, 99306, 77301, 52924, 84905, 482, 60669, 54655, 44414, 2653, 83698, 62860, 23730, 20367, 20424, 55284, 22018, 61820, 69706, 23583, 51916, 61543, 77961, 91411, 81373, 21361, 94390, 82236, 45164, 83707, 58000, 28695, 2421, 30333, 82549, 84345, 37584, 74493, 49648, 4863, 80070, 27073, 38393, 78747, 32504, 34594, 14062, 90357, 71641, 36528, 91825, 75933, 5874, 80161, 35626, 37326, 92575, 50276, 39043, 95850, 67587, 20064, 36147, 47185, 29485, 74873, 64081, 53640, 50771, 24270, 74761, 35953, 89106, 17884, 51993, 87260, 36162, 42709, 72801, 40507, 59817, 81931, 79477, 88351, 41261, 47306, 64699, 23912, 41741, 7394, 92489, 37458, 6541, 49583, 70497, 23680, 53736, 62353, 2697, 27968, 19085, 51848, 1620, 27106, 81182, 35909, 49304, 9654, 11746, 95216, 5661, 61990, 88880, 65957, 60743, 64422, 37580])"
73.0,5,11,54,10.186012744903564,407,"Genotype(dna=[65018, 62610, 92563, 71774, 51664, 54899, 61073, 99913, 70284, 88836, 54195, 15227, 93335, 46938, 70563, 55288, 85460, 83134, 94559, 53183, 54786, 58582, 13365, 67597, 89865, 51600, 74834, 20518, 56690, 78707, 1202, 60650, 31723, 25705, 4634, 13338, 58391, 81926, 70555, 80470, 33014, 40448, 76451, 76325, 97516, 23062, 66894, 14746, 3078, 48951, 33872, 50627, 79329, 77936, 92510, 51872, 37757, 37115, 34459, 41777, 50106, 86076, 82237, 60258, 27648, 10940, 41096, 69577, 4718, 63736, 35771, 98967, 14975, 47783, 48226, 78282, 76760, 87800, 38420, 63458, 83370, 22613, 87844, 54404, 38149, 56223, 91442, 22299, 76587, 35075, 13278, 24014, 5423, 27415, 93399, 58191, 36828, 62246, 56645, 65518, 89231, 66559, 58217, 38847, 96982, 60567, 25831, 56963, 92035, 31760, 46405, 15020, 84366, 15220, 93565, 91203, 90472, 41600, 84616, 38680, 11428, 58216, 28689, 19141, 20663, 36017, 10746, 72752, 65184, 66789, 49894, 28753, 71107, 87059, 55724, 37815, 10502, 52563, 83527, 17024, 99306, 77301, 52924, 84905, 482, 60669, 54655, 44414, 2653, 83698, 62860, 23730, 20367, 20424, 55284, 22018, 61820, 69706, 23583, 51916, 61543, 77961, 91411, 81373, 21361, 94390, 82236, 45164, 83707, 58000, 28695, 2421, 30333, 82549, 84345, 37584, 74493, 49648, 4863, 80070, 27073, 38393, 78747, 32504, 34594, 14062, 90357, 71641, 36528, 91825, 75933, 5874, 80161, 35626, 37326, 92575, 50276, 39043, 95850, 67587, 20064, 36147, 47185, 29485, 74873, 64081, 53640, 50771, 24270, 74761, 35953, 89106, 17884, 51993, 87260, 36162, 42709, 72801, 40507, 59817, 81931, 79477, 88351, 41261, 47306, 64699, 23912, 41741, 7394, 92489, 37458, 6541, 49583, 70497, 23680, 53736, 62353, 2697, 27968, 19085, 51848, 1620, 27106, 81182, 35909, 49304, 9654, 11746, 95216, 5661, 61990, 88880, 65957, 60743, 64422, 37580])"
73.0,5,11,55,10.315882921218872,407,"Genotype(dna=[65018, 62610, 92563, 71774, 51664, 54899, 61073, 99913, 70284, 88836, 54195, 15227, 93335, 46938, 70563, 55288, 85460, 83134, 94559, 53183, 54786, 58582, 13365, 67597, 89865, 51600, 74834, 20518, 56690, 78707, 1202, 60650, 31723, 25705, 4634, 13338, 58391, 81926, 70555, 80470, 33014, 40448, 76451, 76325, 97516, 23062, 66894, 14746, 3078, 48951, 33872, 50627, 79329, 77936, 92510, 51872, 37757, 37115, 34459, 41777, 50106, 86076, 82237, 60258, 27648, 10940, 41096, 69577, 4718, 63736, 35771, 98967, 14975, 47783, 48226, 78282, 76760, 87800, 38420, 63458, 83370, 22613, 87844, 54404, 38149, 56223, 91442, 22299, 76587, 35075, 13278, 24014, 5423, 27415, 93399, 58191, 36828, 62246, 56645, 65518, 89231, 66559, 58217, 38847, 96982, 60567, 25831, 56963, 92035, 31760, 46405, 15020, 84366, 15220, 93565, 91203, 90472, 41600, 84616, 38680, 11428, 58216, 28689, 19141, 20663, 36017, 10746, 72752, 65184, 66789, 49894, 28753, 71107, 87059, 55724, 37815, 10502, 52563, 83527, 17024, 99306, 77301, 52924, 84905, 482, 60669, 54655, 44414, 2653, 83698, 62860, 23730, 20367, 20424, 55284, 22018, 61820, 69706, 23583, 51916, 61543, 77961, 91411, 81373, 21361, 94390, 82236, 45164, 83707, 58000, 28695, 2421, 30333, 82549, 84345, 37584, 74493, 49648, 4863, 80070, 27073, 38393, 78747, 32504, 34594, 14062, 90357, 71641, 36528, 91825, 75933, 5874, 80161, 35626, 37326, 92575, 50276, 39043, 95850, 67587, 20064, 36147, 47185, 29485, 74873, 64081, 53640, 50771, 24270, 74761, 35953, 89106, 17884, 51993, 87260, 36162, 42709, 72801, 40507, 59817, 81931, 79477, 88351, 41261, 47306, 64699, 23912, 41741, 7394, 92489, 37458, 6541, 49583, 70497, 23680, 53736, 62353, 2697, 27968, 19085, 51848, 1620, 27106, 81182, 35909, 49304, 9654, 11746, 95216, 5661, 61990, 88880, 65957, 60743, 64422, 37580])"
73.0,5,11,56,10.369304656982422,407,"Genotype(dna=[65018, 62610, 92563, 71774, 51664, 54899, 61073, 99913, 70284, 88836, 54195, 15227, 93335, 46938, 70563, 55288, 85460, 83134, 94559, 53183, 54786, 58582, 13365, 67597, 89865, 51600, 74834, 20518, 56690, 78707, 1202, 60650, 31723, 25705, 4634, 13338, 58391, 81926, 70555, 80470, 33014, 40448, 76451, 76325, 97516, 23062, 66894, 14746, 3078, 48951, 33872, 50627, 79329, 77936, 92510, 51872, 37757, 37115, 34459, 41777, 50106, 86076, 82237, 60258, 27648, 10940, 41096, 69577, 4718, 63736, 35771, 98967, 14975, 47783, 48226, 78282, 76760, 87800, 38420, 63458, 83370, 22613, 87844, 54404, 38149, 56223, 91442, 22299, 76587, 35075, 13278, 24014, 5423, 27415, 93399, 58191, 36828, 62246, 56645, 65518, 89231, 66559, 58217, 38847, 96982, 60567, 25831, 56963, 92035, 31760, 46405, 15020, 84366, 15220, 93565, 91203, 90472, 41600, 84616, 38680, 11428, 58216, 28689, 19141, 20663, 36017, 10746, 72752, 65184, 66789, 49894, 28753, 71107, 87059, 55724, 37815, 10502, 52563, 83527, 17024, 99306, 77301, 52924, 84905, 482, 60669, 54655, 44414, 2653, 83698, 62860, 23730, 20367, 20424, 55284, 22018, 61820, 69706, 23583, 51916, 61543, 77961, 91411, 81373, 21361, 94390, 82236, 45164, 83707, 58000, 28695, 2421, 30333, 82549, 84345, 37584, 74493, 49648, 4863, 80070, 27073, 38393, 78747, 32504, 34594, 14062, 90357, 71641, 36528, 91825, 75933, 5874, 80161, 35626, 37326, 92575, 50276, 39043, 95850, 67587, 20064, 36147, 47185, 29485, 74873, 64081, 53640, 50771, 24270, 74761, 35953, 89106, 17884, 51993, 87260, 36162, 42709, 72801, 40507, 59817, 81931, 79477, 88351, 41261, 47306, 64699, 23912, 41741, 7394, 92489, 37458, 6541, 49583, 70497, 23680, 53736, 62353, 2697, 27968, 19085, 51848, 1620, 27106, 81182, 35909, 49304, 9654, 11746, 95216, 5661, 61990, 88880, 65957, 60743, 64422, 37580])"
67.0,6,10,57,10.431778192520142,407,"Genotype(dna=[64805, 51533, 40171, 48465, 19859, 79353, 48457, 54860, 24797, 58797, 69920, 6922, 9180, 94282, 36947, 4649, 28343, 96027, 93330, 19065, 11244, 13904, 48545, 67762, 35411, 56718, 4760, 99388, 66586, 40960, 25516, 27626, 84678, 60531, 87004, 4289, 68691, 4478, 21802, 95529, 2272, 6784, 14696, 36485, 42343, 33571, 53384, 67300, 41141, 30913, 14839, 20155, 29490, 10594, 58921, 26964, 25554, 14905, 68080, 6735, 62986, 79918, 45307, 48174, 7888, 26997, 48296, 81625, 9461, 18594, 95515, 60232, 88541, 37174, 25715, 73980, 186, 48723, 27275, 35030, 25962, 41332, 29930, 50341, 95831, 2590, 26745, 41232, 70, 39488, 85793, 58309, 70872, 99327, 88254, 61546, 31213, 23235, 47921, 63341, 39623, 7017, 79570, 78861, 12928, 18991, 26220, 20463, 893, 13759, 25385, 96537, 11670, 27906, 86928, 89755, 27687, 54692, 94752, 20532, 38782, 45918, 4523, 75659, 69544, 88552, 85572, 17656, 62265, 78044, 84800, 14164, 3124, 13893, 48999, 60017, 72846, 3571, 42695, 62306, 68863, 50709, 23321, 22840, 30075, 68957, 51681, 3995, 54934, 23633, 40313, 81828, 43565, 93467, 31596, 20598, 21559, 21191, 27644, 84340, 94803, 33290, 83117, 66986, 79534, 63759, 67584, 49205, 26294, 20114, 49761, 91400, 3542, 92067, 63257, 2701, 89296, 12270, 81528, 81672, 31384, 61298, 27337, 51321, 30751, 71492, 11638, 93272, 40855, 78678, 76328, 74979, 72374, 62393, 72846, 31817, 98850, 17696, 46335, 32578, 92311, 41832, 31808, 90436, 84141, 42029, 56113, 5333, 42826, 39820, 71621, 79874, 89507, 77853, 16973, 92414, 73041, 8627, 46972, 90435, 15435, 10427, 47429, 13839, 85013, 69933, 98757, 47432, 9943, 34213, 58475, 27014, 76621, 15510, 70914, 5323, 98343, 60889, 72738, 9351, 96444, 71853, 38706, 69123, 41866, 99660, 32188, 74796, 89642, 3011, 4888, 27881, 48161, 39462, 22212, 47781])"
67.0,6,10,58,10.46185564994812,407,"Genotype(dna=[64805, 51533, 40171, 48465, 19859, 79353, 48457, 54860, 24797, 58797, 69920, 6922, 9180, 94282, 36947, 4649, 28343, 96027, 93330, 19065, 11244, 13904, 48545, 67762, 35411, 56718, 4760, 99388, 66586, 40960, 25516, 27626, 84678, 60531, 87004, 4289, 68691, 4478, 21802, 95529, 2272, 6784, 14696, 36485, 42343, 33571, 53384, 67300, 41141, 30913, 14839, 20155, 29490, 10594, 58921, 26964, 25554, 14905, 68080, 6735, 62986, 79918, 45307, 48174, 7888, 26997, 48296, 81625, 9461, 18594, 95515, 60232, 88541, 37174, 25715, 73980, 186, 48723, 27275, 35030, 25962, 41332, 29930, 50341, 95831, 2590, 26745, 41232, 70, 39488, 85793, 58309, 70872, 99327, 88254, 61546, 31213, 23235, 47921, 63341, 39623, 7017, 79570, 78861, 12928, 18991, 26220, 20463, 893, 13759, 25385, 96537, 11670, 27906, 86928, 89755, 27687, 54692, 94752, 20532, 38782, 45918, 4523, 75659, 69544, 88552, 85572, 17656, 62265, 78044, 84800, 14164, 3124, 13893, 48999, 60017, 72846, 3571, 42695, 62306, 68863, 50709, 23321, 22840, 30075, 68957, 51681, 3995, 54934, 23633, 40313, 81828, 43565, 93467, 31596, 20598, 21559, 21191, 27644, 84340, 94803, 33290, 83117, 66986, 79534, 63759, 67584, 49205, 26294, 20114, 49761, 91400, 3542, 92067, 63257, 2701, 89296, 12270, 81528, 81672, 31384, 61298, 27337, 51321, 30751, 71492, 11638, 93272, 40855, 78678, 76328, 74979, 72374, 62393, 72846, 31817, 98850, 17696, 46335, 32578, 92311, 41832, 31808, 90436, 84141, 42029, 56113, 5333, 42826, 39820, 71621, 79874, 89507, 77853, 16973, 92414, 73041, 8627, 46972, 90435, 15435, 10427, 47429, 13839, 85013, 69933, 98757, 47432, 9943, 34213, 58475, 27014, 76621, 15510, 70914, 5323, 98343, 60889, 72738, 9351, 96444, 71853, 38706, 69123, 41866, 99660, 32188, 74796, 89642, 3011, 4888, 27881, 48161, 39462, 22212, 47781])"
67.0,6,10,59,10.493955135345459,407,"Genotype(dna=[64805, 51533, 40171, 48465, 19859, 79353, 48457, 54860, 24797, 58797, 69920, 6922, 9180, 94282, 36947, 4649, 28343, 96027, 93330, 19065, 11244, 13904, 48545, 67762, 35411, 56718, 4760, 99388, 66586, 40960, 25516, 27626, 84678, 60531, 87004, 4289, 68691, 4478, 21802, 95529, 2272, 6784, 14696, 36485, 42343, 33571, 53384, 67300, 41141, 30913, 14839, 20155, 29490, 10594, 58921, 26964, 25554, 14905, 68080, 6735, 62986, 79918, 45307, 48174, 7888, 26997, 48296, 81625, 9461, 18594, 95515, 60232, 88541, 37174, 25715, 73980, 186, 48723, 27275, 35030, 25962, 41332, 29930, 50341, 95831, 2590, 26745, 41232, 70, 39488, 85793, 58309, 70872, 99327, 88254, 61546, 31213, 23235, 47921, 63341, 39623, 7017, 79570, 78861, 12928, 18991, 26220, 20463, 893, 13759, 25385, 96537, 11670, 27906, 86928, 89755, 27687, 54692, 94752, 20532, 38782, 45918, 4523, 75659, 69544, 88552, 85572, 17656, 62265, 78044, 84800, 14164, 3124, 13893, 48999, 60017, 72846, 3571, 42695, 62306, 68863, 50709, 23321, 22840, 30075, 68957, 51681, 3995, 54934, 23633, 40313, 81828, 43565, 93467, 31596, 20598, 21559, 21191, 27644, 84340, 94803, 33290, 83117, 66986, 79534, 63759, 67584, 49205, 26294, 20114, 49761, 91400, 3542, 92067, 63257, 2701, 89296, 12270, 81528, 81672, 31384, 61298, 27337, 51321, 30751, 71492, 11638, 93272, 40855, 78678, 76328, 74979, 72374, 62393, 72846, 31817, 98850, 17696, 46335, 32578, 92311, 41832, 31808, 90436, 84141, 42029, 56113, 5333, 42826, 39820, 71621, 79874, 89507, 77853, 16973, 92414, 73041, 8627, 46972, 90435, 15435, 10427, 47429, 13839, 85013, 69933, 98757, 47432, 9943, 34213, 58475, 27014, 76621, 15510, 70914, 5323, 98343, 60889, 72738, 9351, 96444, 71853, 38706, 69123, 41866, 99660, 32188, 74796, 89642, 3011, 4888, 27881, 48161, 39462, 22212, 47781])"
67.0,6,10,60,10.551961421966553,407,"Genotype(dna=[64805, 51533, 40171, 48465, 19859, 79353, 48457, 54860, 24797, 58797, 69920, 6922, 9180, 94282, 36947, 4649, 28343, 96027, 93330, 19065, 11244, 13904, 48545, 67762, 35411, 56718, 4760, 99388, 66586, 40960, 25516, 27626, 84678, 60531, 87004, 4289, 68691, 4478, 21802, 95529, 2272, 6784, 14696, 36485, 42343, 33571, 53384, 67300, 41141, 30913, 14839, 20155, 29490, 10594, 58921, 26964, 25554, 14905, 68080, 6735, 62986, 79918, 45307, 48174, 7888, 26997, 48296, 81625, 9461, 18594, 95515, 60232, 88541, 37174, 25715, 73980, 186, 48723, 27275, 35030, 25962, 41332, 29930, 50341, 95831, 2590, 26745, 41232, 70, 39488, 85793, 58309, 70872, 99327, 88254, 61546, 31213, 23235, 47921, 63341, 39623, 7017, 79570, 78861, 12928, 18991, 26220, 20463, 893, 13759, 25385, 96537, 11670, 27906, 86928, 89755, 27687, 54692, 94752, 20532, 38782, 45918, 4523, 75659, 69544, 88552, 85572, 17656, 62265, 78044, 84800, 14164, 3124, 13893, 48999, 60017, 72846, 3571, 42695, 62306, 68863, 50709, 23321, 22840, 30075, 68957, 51681, 3995, 54934, 23633, 40313, 81828, 43565, 93467, 31596, 20598, 21559, 21191, 27644, 84340, 94803, 33290, 83117, 66986, 79534, 63759, 67584, 49205, 26294, 20114, 49761, 91400, 3542, 92067, 63257, 2701, 89296, 12270, 81528, 81672, 31384, 61298, 27337, 51321, 30751, 71492, 11638, 93272, 40855, 78678, 76328, 74979, 72374, 62393, 72846, 31817, 98850, 17696, 46335, 32578, 92311, 41832, 31808, 90436, 84141, 42029, 56113, 5333, 42826, 39820, 71621, 79874, 89507, 77853, 16973, 92414, 73041, 8627, 46972, 90435, 15435, 10427, 47429, 13839, 85013, 69933, 98757, 47432, 9943, 34213, 58475, 27014, 76621, 15510, 70914, 5323, 98343, 60889, 72738, 9351, 96444, 71853, 38706, 69123, 41866, 99660, 32188, 74796, 89642, 3011, 4888, 27881, 48161, 39462, 22212, 47781])"
67.0,6,10,61,10.641942262649536,407,"Genotype(dna=[64805, 51533, 40171, 48465, 19859, 79353, 48457, 54860, 24797, 58797, 69920, 6922, 9180, 94282, 36947, 4649, 28343, 96027, 93330, 19065, 11244, 13904, 48545, 67762, 35411, 56718, 4760, 99388, 66586, 40960, 25516, 27626, 84678, 60531, 87004, 4289, 68691, 4478, 21802, 95529, 2272, 6784, 14696, 36485, 42343, 33571, 53384, 67300, 41141, 30913, 14839, 20155, 29490, 10594, 58921, 26964, 25554, 14905, 68080, 6735, 62986, 79918, 45307, 48174, 7888, 26997, 48296, 81625, 9461, 18594, 95515, 60232, 88541, 37174, 25715, 73980, 186, 48723, 27275, 35030, 25962, 41332, 29930, 50341, 95831, 2590, 26745, 41232, 70, 39488, 85793, 58309, 70872, 99327, 88254, 61546, 31213, 23235, 47921, 63341, 39623, 7017, 79570, 78861, 12928, 18991, 26220, 20463, 893, 13759, 25385, 96537, 11670, 27906, 86928, 89755, 27687, 54692, 94752, 20532, 38782, 45918, 4523, 75659, 69544, 88552, 85572, 17656, 62265, 78044, 84800, 14164, 3124, 13893, 48999, 60017, 72846, 3571, 42695, 62306, 68863, 50709, 23321, 22840, 30075, 68957, 51681, 3995, 54934, 23633, 40313, 81828, 43565, 93467, 31596, 20598, 21559, 21191, 27644, 84340, 94803, 33290, 83117, 66986, 79534, 63759, 67584, 49205, 26294, 20114, 49761, 91400, 3542, 92067, 63257, 2701, 89296, 12270, 81528, 81672, 31384, 61298, 27337, 51321, 30751, 71492, 11638, 93272, 40855, 78678, 76328, 74979, 72374, 62393, 72846, 31817, 98850, 17696, 46335, 32578, 92311, 41832, 31808, 90436, 84141, 42029, 56113, 5333, 42826, 39820, 71621, 79874, 89507, 77853, 16973, 92414, 73041, 8627, 46972, 90435, 15435, 10427, 47429, 13839, 85013, 69933, 98757, 47432, 9943, 34213, 58475, 27014, 76621, 15510, 70914, 5323, 98343, 60889, 72738, 9351, 96444, 71853, 38706, 69123, 41866, 99660, 32188, 74796, 89642, 3011, 4888, 27881, 48161, 39462, 22212, 47781])"
67.0,6,10,62,10.713196754455566,407,"Genotype(dna=[64805, 51533, 40171, 48465, 19859, 79353, 48457, 54860, 24797, 58797, 69920, 6922, 9180, 94282, 36947, 4649, 28343, 96027, 93330, 19065, 11244, 13904, 48545, 67762, 35411, 56718, 4760, 99388, 66586, 40960, 25516, 27626, 84678, 60531, 87004, 4289, 68691, 4478, 21802, 95529, 2272, 6784, 14696, 36485, 42343, 33571, 53384, 67300, 41141, 30913, 14839, 20155, 29490, 10594, 58921, 26964, 25554, 14905, 68080, 6735, 62986, 79918, 45307, 48174, 7888, 26997, 48296, 81625, 9461, 18594, 95515, 60232, 88541, 37174, 25715, 73980, 186, 48723, 27275, 35030, 25962, 41332, 29930, 50341, 95831, 2590, 26745, 41232, 70, 39488, 85793, 58309, 70872, 99327, 88254, 61546, 31213, 23235, 47921, 63341, 39623, 7017, 79570, 78861, 12928, 18991, 26220, 20463, 893, 13759, 25385, 96537, 11670, 27906, 86928, 89755, 27687, 54692, 94752, 20532, 38782, 45918, 4523, 75659, 69544, 88552, 85572, 17656, 62265, 78044, 84800, 14164, 3124, 13893, 48999, 60017, 72846, 3571, 42695, 62306, 68863, 50709, 23321, 22840, 30075, 68957, 51681, 3995, 54934, 23633, 40313, 81828, 43565, 93467, 31596, 20598, 21559, 21191, 27644, 84340, 94803, 33290, 83117, 66986, 79534, 63759, 67584, 49205, 26294, 20114, 49761, 91400, 3542, 92067, 63257, 2701, 89296, 12270, 81528, 81672, 31384, 61298, 27337, 51321, 30751, 71492, 11638, 93272, 40855, 78678, 76328, 74979, 72374, 62393, 72846, 31817, 98850, 17696, 46335, 32578, 92311, 41832, 31808, 90436, 84141, 42029, 56113, 5333, 42826, 39820, 71621, 79874, 89507, 77853, 16973, 92414, 73041, 8627, 46972, 90435, 15435, 10427, 47429, 13839, 85013, 69933, 98757, 47432, 9943, 34213, 58475, 27014, 76621, 15510, 70914, 5323, 98343, 60889, 72738, 9351, 96444, 71853, 38706, 69123, 41866, 99660, 32188, 74796, 89642, 3011, 4888, 27881, 48161, 39462, 22212, 47781])"
67.0,6,10,63,10.800861120223999,407,"Genotype(dna=[64805, 51533, 40171, 48465, 19859, 79353, 48457, 54860, 24797, 58797, 69920, 6922, 9180, 94282, 36947, 4649, 28343, 96027, 93330, 19065, 11244, 13904, 48545, 67762, 35411, 56718, 4760, 99388, 66586, 40960, 25516, 27626, 84678, 60531, 87004, 4289, 68691, 4478, 21802, 95529, 2272, 6784, 14696, 36485, 42343, 33571, 53384, 67300, 41141, 30913, 14839, 20155, 29490, 10594, 58921, 26964, 25554, 14905, 68080, 6735, 62986, 79918, 45307, 48174, 7888, 26997, 48296, 81625, 9461, 18594, 95515, 60232, 88541, 37174, 25715, 73980, 186, 48723, 27275, 35030, 25962, 41332, 29930, 50341, 95831, 2590, 26745, 41232, 70, 39488, 85793, 58309, 70872, 99327, 88254, 61546, 31213, 23235, 47921, 63341, 39623, 7017, 79570, 78861, 12928, 18991, 26220, 20463, 893, 13759, 25385, 96537, 11670, 27906, 86928, 89755, 27687, 54692, 94752, 20532, 38782, 45918, 4523, 75659, 69544, 88552, 85572, 17656, 62265, 78044, 84800, 14164, 3124, 13893, 48999, 60017, 72846, 3571, 42695, 62306, 68863, 50709, 23321, 22840, 30075, 68957, 51681, 3995, 54934, 23633, 40313, 81828, 43565, 93467, 31596, 20598, 21559, 21191, 27644, 84340, 94803, 33290, 83117, 66986, 79534, 63759, 67584, 49205, 26294, 20114, 49761, 91400, 3542, 92067, 63257, 2701, 89296, 12270, 81528, 81672, 31384, 61298, 27337, 51321, 30751, 71492, 11638, 93272, 40855, 78678, 76328, 74979, 72374, 62393, 72846, 31817, 98850, 17696, 46335, 32578, 92311, 41832, 31808, 90436, 84141, 42029, 56113, 5333, 42826, 39820, 71621, 79874, 89507, 77853, 16973, 92414, 73041, 8627, 46972, 90435, 15435, 10427, 47429, 13839, 85013, 69933, 98757, 47432, 9943, 34213, 58475, 27014, 76621, 15510, 70914, 5323, 98343, 60889, 72738, 9351, 96444, 71853, 38706, 69123, 41866, 99660, 32188, 74796, 89642, 3011, 4888, 27881, 48161, 39462, 22212, 47781])"
67.0,6,10,64,10.893236875534058,407,"Genotype(dna=[64805, 51533, 40171, 48465, 19859, 79353, 48457, 54860, 24797, 58797, 69920, 6922, 9180, 94282, 36947, 4649, 28343, 96027, 93330, 19065, 11244, 13904, 48545, 67762, 35411, 56718, 4760, 99388, 66586, 40960, 25516, 27626, 84678, 60531, 87004, 4289, 68691, 4478, 21802, 95529, 2272, 6784, 14696, 36485, 42343, 33571, 53384, 67300, 41141, 30913, 14839, 20155, 29490, 10594, 58921, 26964, 25554, 14905, 68080, 6735, 62986, 79918, 45307, 48174, 7888, 26997, 48296, 81625, 9461, 18594, 95515, 60232, 88541, 37174, 25715, 73980, 186, 48723, 27275, 35030, 25962, 41332, 29930, 50341, 95831, 2590, 26745, 41232, 70, 39488, 85793, 58309, 70872, 99327, 88254, 61546, 31213, 23235, 47921, 63341, 39623, 7017, 79570, 78861, 12928, 18991, 26220, 20463, 893, 13759, 25385, 96537, 11670, 27906, 86928, 89755, 27687, 54692, 94752, 20532, 38782, 45918, 4523, 75659, 69544, 88552, 85572, 17656, 62265, 78044, 84800, 14164, 3124, 13893, 48999, 60017, 72846, 3571, 42695, 62306, 68863, 50709, 23321, 22840, 30075, 68957, 51681, 3995, 54934, 23633, 40313, 81828, 43565, 93467, 31596, 20598, 21559, 21191, 27644, 84340, 94803, 33290, 83117, 66986, 79534, 63759, 67584, 49205, 26294, 20114, 49761, 91400, 3542, 92067, 63257, 2701, 89296, 12270, 81528, 81672, 31384, 61298, 27337, 51321, 30751, 71492, 11638, 93272, 40855, 78678, 76328, 74979, 72374, 62393, 72846, 31817, 98850, 17696, 46335, 32578, 92311, 41832, 31808, 90436, 84141, 42029, 56113, 5333, 42826, 39820, 71621, 79874, 89507, 77853, 16973, 92414, 73041, 8627, 46972, 90435, 15435, 10427, 47429, 13839, 85013, 69933, 98757, 47432, 9943, 34213, 58475, 27014, 76621, 15510, 70914, 5323, 98343, 60889, 72738, 9351, 96444, 71853, 38706, 69123, 41866, 99660, 32188, 74796, 89642, 3011, 4888, 27881, 48161, 39462, 22212, 47781])"
67.0,6,10,65,11.003522634506226,407,"Genotype(dna=[64805, 51533, 40171, 48465, 19859, 79353, 48457, 54860, 24797, 58797, 69920, 6922, 9180, 94282, 36947, 4649, 28343, 96027, 93330, 19065, 11244, 13904, 48545, 67762, 35411, 56718, 4760, 99388, 66586, 40960, 25516, 27626, 84678, 60531, 87004, 4289, 68691, 4478, 21802, 95529, 2272, 6784, 14696, 36485, 42343, 33571, 53384, 67300, 41141, 30913, 14839, 20155, 29490, 10594, 58921, 26964, 25554, 14905, 68080, 6735, 62986, 79918, 45307, 48174, 7888, 26997, 48296, 81625, 9461, 18594, 95515, 60232, 88541, 37174, 25715, 73980, 186, 48723, 27275, 35030, 25962, 41332, 29930, 50341, 95831, 2590, 26745, 41232, 70, 39488, 85793, 58309, 70872, 99327, 88254, 61546, 31213, 23235, 47921, 63341, 39623, 7017, 79570, 78861, 12928, 18991, 26220, 20463, 893, 13759, 25385, 96537, 11670, 27906, 86928, 89755, 27687, 54692, 94752, 20532, 38782, 45918, 4523, 75659, 69544, 88552, 85572, 17656, 62265, 78044, 84800, 14164, 3124, 13893, 48999, 60017, 72846, 3571, 42695, 62306, 68863, 50709, 23321, 22840, 30075, 68957, 51681, 3995, 54934, 23633, 40313, 81828, 43565, 93467, 31596, 20598, 21559, 21191, 27644, 84340, 94803, 33290, 83117, 66986, 79534, 63759, 67584, 49205, 26294, 20114, 49761, 91400, 3542, 92067, 63257, 2701, 89296, 12270, 81528, 81672, 31384, 61298, 27337, 51321, 30751, 71492, 11638, 93272, 40855, 78678, 76328, 74979, 72374, 62393, 72846, 31817, 98850, 17696, 46335, 32578, 92311, 41832, 31808, 90436, 84141, 42029, 56113, 5333, 42826, 39820, 71621, 79874, 89507, 77853, 16973, 92414, 73041, 8627, 46972, 90435, 15435, 10427, 47429, 13839, 85013, 69933, 98757, 47432, 9943, 34213, 58475, 27014, 76621, 15510, 70914, 5323, 98343, 60889, 72738, 9351, 96444, 71853, 38706, 69123, 41866, 99660, 32188, 74796, 89642, 3011, 4888, 27881, 48161, 39462, 22212, 47781])"
67.0,6,10,66,11.073641538619995,407,"Genotype(dna=[64805, 51533, 40171, 48465, 19859, 79353, 48457, 54860, 24797, 58797, 69920, 6922, 9180, 94282, 36947, 4649, 28343, 96027, 93330, 19065, 11244, 13904, 48545, 67762, 35411, 56718, 4760, 99388, 66586, 40960, 25516, 27626, 84678, 60531, 87004, 4289, 68691, 4478, 21802, 95529, 2272, 6784, 14696, 36485, 42343, 33571, 53384, 67300, 41141, 30913, 14839, 20155, 29490, 10594, 58921, 26964, 25554, 14905, 68080, 6735, 62986, 79918, 45307, 48174, 7888, 26997, 48296, 81625, 9461, 18594, 95515, 60232, 88541, 37174, 25715, 73980, 186, 48723, 27275, 35030, 25962, 41332, 29930, 50341, 95831, 2590, 26745, 41232, 70, 39488, 85793, 58309, 70872, 99327, 88254, 61546, 31213, 23235, 47921, 63341, 39623, 7017, 79570, 78861, 12928, 18991, 26220, 20463, 893, 13759, 25385, 96537, 11670, 27906, 86928, 89755, 27687, 54692, 94752, 20532, 38782, 45918, 4523, 75659, 69544, 88552, 85572, 17656, 62265, 78044, 84800, 14164, 3124, 13893, 48999, 60017, 72846, 3571, 42695, 62306, 68863, 50709, 23321, 22840, 30075, 68957, 51681, 3995, 54934, 23633, 40313, 81828, 43565, 93467, 31596, 20598, 21559, 21191, 27644, 84340, 94803, 33290, 83117, 66986, 79534, 63759, 67584, 49205, 26294, 20114, 49761, 91400, 3542, 92067, 63257, 2701, 89296, 12270, 81528, 81672, 31384, 61298, 27337, 51321, 30751, 71492, 11638, 93272, 40855, 78678, 76328, 74979, 72374, 62393, 72846, 31817, 98850, 17696, 46335, 32578, 92311, 41832, 31808, 90436, 84141, 42029, 56113, 5333, 42826, 39820, 71621, 79874, 89507, 77853, 16973, 92414, 73041, 8627, 46972, 90435, 15435, 10427, 47429, 13839, 85013, 69933, 98757, 47432, 9943, 34213, 58475, 27014, 76621, 15510, 70914, 5323, 98343, 60889, 72738, 9351, 96444, 71853, 38706, 69123, 41866, 99660, 32188, 74796, 89642, 3011, 4888, 27881, 48161, 39462, 22212, 47781])"
67.0,6,10,67,11.116487503051758,407,"Genotype(dna=[64805, 51533, 40171, 48465, 19859, 79353, 48457, 54860, 24797, 58797, 69920, 6922, 9180, 94282, 36947, 4649, 28343, 96027, 93330, 19065, 11244, 13904, 48545, 67762, 35411, 56718, 4760, 99388, 66586, 40960, 25516, 27626, 84678, 60531, 87004, 4289, 68691, 4478, 21802, 95529, 2272, 6784, 14696, 36485, 42343, 33571, 53384, 67300, 41141, 30913, 14839, 20155, 29490, 10594, 58921, 26964, 25554, 14905, 68080, 6735, 62986, 79918, 45307, 48174, 7888, 26997, 48296, 81625, 9461, 18594, 95515, 60232, 88541, 37174, 25715, 73980, 186, 48723, 27275, 35030, 25962, 41332, 29930, 50341, 95831, 2590, 26745, 41232, 70, 39488, 85793, 58309, 70872, 99327, 88254, 61546, 31213, 23235, 47921, 63341, 39623, 7017, 79570, 78861, 12928, 18991, 26220, 20463, 893, 13759, 25385, 96537, 11670, 27906, 86928, 89755, 27687, 54692, 94752, 20532, 38782, 45918, 4523, 75659, 69544, 88552, 85572, 17656, 62265, 78044, 84800, 14164, 3124, 13893, 48999, 60017, 72846, 3571, 42695, 62306, 68863, 50709, 23321, 22840, 30075, 68957, 51681, 3995, 54934, 23633, 40313, 81828, 43565, 93467, 31596, 20598, 21559, 21191, 27644, 84340, 94803, 33290, 83117, 66986, 79534, 63759, 67584, 49205, 26294, 20114, 49761, 91400, 3542, 92067, 63257, 2701, 89296, 12270, 81528, 81672, 31384, 61298, 27337, 51321, 30751, 71492, 11638, 93272, 40855, 78678, 76328, 74979, 72374, 62393, 72846, 31817, 98850, 17696, 46335, 32578, 92311, 41832, 31808, 90436, 84141, 42029, 56113, 5333, 42826, 39820, 71621, 79874, 89507, 77853, 16973, 92414, 73041, 8627, 46972, 90435, 15435, 10427, 47429, 13839, 85013, 69933, 98757, 47432, 9943, 34213, 58475, 27014, 76621, 15510, 70914, 5323, 98343, 60889, 72738, 9351, 96444, 71853, 38706, 69123, 41866, 99660, 32188, 74796, 89642, 3011, 4888, 27881, 48161, 39462, 22212, 47781])"
66.0,6,10,68,11.1504225730896,407,"Genotype(dna=[64805, 51533, 40171, 48465, 19859, 79353, 48457, 54860, 24797, 58797, 69920, 6922, 91761, 94282, 36947, 4649, 28343, 96027, 93330, 28142, 11244, 13904, 48545, 67762, 35411, 56718, 4760, 99388, 66586, 40960, 25516, 27626, 84678, 60531, 87004, 4289, 68691, 4478, 21802, 95529, 2272, 6784, 14696, 36485, 42343, 33571, 53384, 67300, 41141, 30913, 14839, 20155, 29490, 10594, 58921, 26964, 25554, 14905, 68080, 6735, 62986, 79918, 45307, 48174, 19875, 26997, 48296, 81625, 9461, 18594, 95515, 60232, 88541, 37174, 25715, 73980, 186, 48723, 27275, 35030, 25962, 41332, 29930, 50341, 95831, 2590, 26745, 41232, 70, 39488, 85793, 58309, 70872, 99327, 88254, 61546, 31213, 23235, 47921, 63341, 39623, 7017, 79570, 78861, 12928, 18991, 26220, 20463, 893, 13759, 25385, 96537, 11670, 27906, 86928, 89755, 27687, 54692, 94752, 20532, 38782, 45918, 4523, 75659, 69544, 88552, 85572, 17656, 62265, 78044, 84800, 14164, 3124, 13893, 48999, 60017, 72846, 3571, 42695, 62306, 68863, 50709, 76851, 22840, 30075, 68957, 51681, 3995, 54934, 23633, 40313, 81828, 43565, 93467, 31596, 20598, 21559, 21191, 27644, 84340, 94803, 33290, 83117, 66986, 79534, 63759, 67584, 49205, 26294, 20114, 49761, 91400, 3542, 92067, 63257, 2701, 89296, 12270, 81528, 81672, 31384, 61298, 27337, 51321, 30751, 71492, 11638, 93272, 40855, 78678, 76328, 74979, 72374, 62393, 72846, 31817, 98850, 17696, 46335, 32578, 92311, 41832, 31808, 90436, 84141, 42029, 56113, 5333, 42826, 39820, 71621, 79874, 89507, 77853, 16973, 92414, 73041, 8627, 46972, 90435, 15435, 10427, 47429, 13839, 85013, 69933, 98757, 47432, 9943, 34213, 58475, 27014, 76621, 15510, 70914, 5323, 98343, 60889, 72738, 9351, 96444, 71853, 38706, 69123, 41866, 99660, 32188, 74796, 89642, 3011, 4888, 27881, 48161, 41659, 22212, 47781])"
66.0,6,10,69,11.229358673095703,407,"Genotype(dna=[64805, 51533, 40171, 48465, 19859, 79353, 48457, 54860, 24797, 58797, 69920, 6922, 91761, 94282, 36947, 4649, 28343, 96027, 93330, 28142, 11244, 13904, 48545, 67762, 35411, 56718, 4760, 99388, 66586, 40960, 25516, 27626, 84678, 60531, 87004, 4289, 68691, 4478, 21802, 95529, 2272, 6784, 14696, 36485, 42343, 33571, 53384, 67300, 41141, 30913, 14839, 20155, 29490, 10594, 58921, 26964, 25554, 14905, 68080, 6735, 62986, 79918, 45307, 48174, 19875, 26997, 48296, 81625, 9461, 18594, 95515, 60232, 88541, 37174, 25715, 73980, 186, 48723, 27275, 35030, 25962, 41332, 29930, 50341, 95831, 2590, 26745, 41232, 70, 39488, 85793, 58309, 70872, 99327, 88254, 61546, 31213, 23235, 47921, 63341, 39623, 7017, 79570, 78861, 12928, 18991, 26220, 20463, 893, 13759, 25385, 96537, 11670, 27906, 86928, 89755, 27687, 54692, 94752, 20532, 38782, 45918, 4523, 75659, 69544, 88552, 85572, 17656, 62265, 78044, 84800, 14164, 3124, 13893, 48999, 60017, 72846, 3571, 42695, 62306, 68863, 50709, 76851, 22840, 30075, 68957, 51681, 3995, 54934, 23633, 40313, 81828, 43565, 93467, 31596, 20598, 21559, 21191, 27644, 84340, 94803, 33290, 83117, 66986, 79534, 63759, 67584, 49205, 26294, 20114, 49761, 91400, 3542, 92067, 63257, 2701, 89296, 12270, 81528, 81672, 31384, 61298, 27337, 51321, 30751, 71492, 11638, 93272, 40855, 78678, 76328, 74979, 72374, 62393, 72846, 31817, 98850, 17696, 46335, 32578, 92311, 41832, 31808, 90436, 84141, 42029, 56113, 5333, 42826, 39820, 71621, 79874, 89507, 77853, 16973, 92414, 73041, 8627, 46972, 90435, 15435, 10427, 47429, 13839, 85013, 69933, 98757, 47432, 9943, 34213, 58475, 27014, 76621, 15510, 70914, 5323, 98343, 60889, 72738, 9351, 96444, 71853, 38706, 69123, 41866, 99660, 32188, 74796, 89642, 3011, 4888, 27881, 48161, 41659, 22212, 47781])"
66.0,6,10,70,11.312893152236938,407,"Genotype(dna=[64805, 51533, 40171, 48465, 19859, 79353, 48457, 54860, 24797, 58797, 69920, 6922, 91761, 94282, 36947, 4649, 28343, 96027, 93330, 28142, 11244, 13904, 48545, 67762, 35411, 56718, 4760, 99388, 66586, 40960, 25516, 27626, 84678, 60531, 87004, 4289, 68691, 4478, 21802, 95529, 2272, 6784, 14696, 36485, 42343, 33571, 53384, 67300, 41141, 30913, 14839, 20155, 29490, 10594, 58921, 26964, 25554, 14905, 68080, 6735, 62986, 79918, 45307, 48174, 19875, 26997, 48296, 81625, 9461, 18594, 95515, 60232, 88541, 37174, 25715, 73980, 186, 48723, 27275, 35030, 25962, 41332, 29930, 50341, 95831, 2590, 26745, 41232, 70, 39488, 85793, 58309, 70872, 99327, 88254, 61546, 31213, 23235, 47921, 63341, 39623, 7017, 79570, 78861, 12928, 18991, 26220, 20463, 893, 13759, 25385, 96537, 11670, 27906, 86928, 89755, 27687, 54692, 94752, 20532, 38782, 45918, 4523, 75659, 69544, 88552, 85572, 17656, 62265, 78044, 84800, 14164, 3124, 13893, 48999, 60017, 72846, 3571, 42695, 62306, 68863, 50709, 76851, 22840, 30075, 68957, 51681, 3995, 54934, 23633, 40313, 81828, 43565, 93467, 31596, 20598, 21559, 21191, 27644, 84340, 94803, 33290, 83117, 66986, 79534, 63759, 67584, 49205, 26294, 20114, 49761, 91400, 3542, 92067, 63257, 2701, 89296, 12270, 81528, 81672, 31384, 61298, 27337, 51321, 30751, 71492, 11638, 93272, 40855, 78678, 76328, 74979, 72374, 62393, 72846, 31817, 98850, 17696, 46335, 32578, 92311, 41832, 31808, 90436, 84141, 42029, 56113, 5333, 42826, 39820, 71621, 79874, 89507, 77853, 16973, 92414, 73041, 8627, 46972, 90435, 15435, 10427, 47429, 13839, 85013, 69933, 98757, 47432, 9943, 34213, 58475, 27014, 76621, 15510, 70914, 5323, 98343, 60889, 72738, 9351, 96444, 71853, 38706, 69123, 41866, 99660, 32188, 74796, 89642, 3011, 4888, 27881, 48161, 41659, 22212, 47781])"
66.0,6,10,71,11.351617574691772,407,"Genotype(dna=[64805, 51533, 40171, 48465, 19859, 79353, 48457, 54860, 24797, 58797, 69920, 6922, 91761, 94282, 36947, 4649, 28343, 96027, 93330, 28142, 11244, 13904, 48545, 67762, 35411, 56718, 4760, 99388, 66586, 40960, 25516, 27626, 84678, 60531, 87004, 4289, 68691, 4478, 21802, 95529, 2272, 6784, 14696, 36485, 42343, 33571, 53384, 67300, 41141, 30913, 14839, 20155, 29490, 10594, 58921, 26964, 25554, 14905, 68080, 6735, 62986, 79918, 45307, 48174, 19875, 26997, 48296, 81625, 9461, 18594, 95515, 60232, 88541, 37174, 25715, 73980, 186, 48723, 27275, 35030, 25962, 41332, 29930, 50341, 95831, 2590, 26745, 41232, 70, 39488, 85793, 58309, 70872, 99327, 88254, 61546, 31213, 23235, 47921, 63341, 39623, 7017, 79570, 78861, 12928, 18991, 26220, 20463, 893, 13759, 25385, 96537, 11670, 27906, 86928, 89755, 27687, 54692, 94752, 20532, 38782, 45918, 4523, 75659, 69544, 88552, 85572, 17656, 62265, 78044, 84800, 14164, 3124, 13893, 48999, 60017, 72846, 3571, 42695, 62306, 68863, 50709, 76851, 22840, 30075, 68957, 51681, 3995, 54934, 23633, 40313, 81828, 43565, 93467, 31596, 20598, 21559, 21191, 27644, 84340, 94803, 33290, 83117, 66986, 79534, 63759, 67584, 49205, 26294, 20114, 49761, 91400, 3542, 92067, 63257, 2701, 89296, 12270, 81528, 81672, 31384, 61298, 27337, 51321, 30751, 71492, 11638, 93272, 40855, 78678, 76328, 74979, 72374, 62393, 72846, 31817, 98850, 17696, 46335, 32578, 92311, 41832, 31808, 90436, 84141, 42029, 56113, 5333, 42826, 39820, 71621, 79874, 89507, 77853, 16973, 92414, 73041, 8627, 46972, 90435, 15435, 10427, 47429, 13839, 85013, 69933, 98757, 47432, 9943, 34213, 58475, 27014, 76621, 15510, 70914, 5323, 98343, 60889, 72738, 9351, 96444, 71853, 38706, 69123, 41866, 99660, 32188, 74796, 89642, 3011, 4888, 27881, 48161, 41659, 22212, 47781])"
66.0,6,10,72,11.417547464370728,407,"Genotype(dna=[64805, 51533, 40171, 48465, 19859, 79353, 48457, 54860, 24797, 58797, 69920, 6922, 91761, 94282, 36947, 4649, 28343, 96027, 93330, 28142, 11244, 13904, 48545, 67762, 35411, 56718, 4760, 99388, 66586, 40960, 25516, 27626, 84678, 60531, 87004, 4289, 68691, 4478, 21802, 95529, 2272, 6784, 14696, 36485, 42343, 33571, 53384, 67300, 41141, 30913, 14839, 20155, 29490, 10594, 58921, 26964, 25554, 14905, 68080, 6735, 62986, 79918, 45307, 48174, 19875, 26997, 48296, 81625, 9461, 18594, 95515, 60232, 88541, 37174, 25715, 73980, 186, 48723, 27275, 35030, 25962, 41332, 29930, 50341, 95831, 2590, 26745, 41232, 70, 39488, 85793, 58309, 70872, 99327, 88254, 61546, 31213, 23235, 47921, 63341, 39623, 7017, 79570, 78861, 12928, 18991, 26220, 20463, 893, 13759, 25385, 96537, 11670, 27906, 86928, 89755, 27687, 54692, 94752, 20532, 38782, 45918, 4523, 75659, 69544, 88552, 85572, 17656, 62265, 78044, 84800, 14164, 3124, 13893, 48999, 60017, 72846, 3571, 42695, 62306, 68863, 50709, 76851, 22840, 30075, 68957, 51681, 3995, 54934, 23633, 40313, 81828, 43565, 93467, 31596, 20598, 21559, 21191, 27644, 84340, 94803, 33290, 83117, 66986, 79534, 63759, 67584, 49205, 26294, 20114, 49761, 91400, 3542, 92067, 63257, 2701, 89296, 12270, 81528, 81672, 31384, 61298, 27337, 51321, 30751, 71492, 11638, 93272, 40855, 78678, 76328, 74979, 72374, 62393, 72846, 31817, 98850, 17696, 46335, 32578, 92311, 41832, 31808, 90436, 84141, 42029, 56113, 5333, 42826, 39820, 71621, 79874, 89507, 77853, 16973, 92414, 73041, 8627, 46972, 90435, 15435, 10427, 47429, 13839, 85013, 69933, 98757, 47432, 9943, 34213, 58475, 27014, 76621, 15510, 70914, 5323, 98343, 60889, 72738, 9351, 96444, 71853, 38706, 69123, 41866, 99660, 32188, 74796, 89642, 3011, 4888, 27881, 48161, 41659, 22212, 47781])"
66.0,6,10,73,11.445891618728638,407,"Genotype(dna=[64805, 51533, 40171, 48465, 19859, 79353, 48457, 54860, 24797, 58797, 69920, 6922, 91761, 94282, 36947, 4649, 28343, 96027, 93330, 28142, 11244, 13904, 48545, 67762, 35411, 56718, 4760, 99388, 66586, 40960, 25516, 27626, 84678, 60531, 87004, 4289, 68691, 4478, 21802, 95529, 2272, 6784, 14696, 36485, 42343, 33571, 53384, 67300, 41141, 30913, 14839, 20155, 29490, 10594, 58921, 26964, 25554, 14905, 68080, 6735, 62986, 79918, 45307, 48174, 19875, 26997, 48296, 81625, 9461, 18594, 95515, 60232, 88541, 37174, 25715, 73980, 186, 48723, 27275, 35030, 25962, 41332, 29930, 50341, 95831, 2590, 26745, 41232, 70, 39488, 85793, 58309, 70872, 99327, 88254, 61546, 31213, 23235, 47921, 63341, 39623, 7017, 79570, 78861, 12928, 18991, 26220, 20463, 893, 13759, 25385, 96537, 11670, 27906, 86928, 89755, 27687, 54692, 94752, 20532, 38782, 45918, 4523, 75659, 69544, 88552, 85572, 17656, 62265, 78044, 84800, 14164, 3124, 13893, 48999, 60017, 72846, 3571, 42695, 62306, 68863, 50709, 76851, 22840, 30075, 68957, 51681, 3995, 54934, 23633, 40313, 81828, 43565, 93467, 31596, 20598, 21559, 21191, 27644, 84340, 94803, 33290, 83117, 66986, 79534, 63759, 67584, 49205, 26294, 20114, 49761, 91400, 3542, 92067, 63257, 2701, 89296, 12270, 81528, 81672, 31384, 61298, 27337, 51321, 30751, 71492, 11638, 93272, 40855, 78678, 76328, 74979, 72374, 62393, 72846, 31817, 98850, 17696, 46335, 32578, 92311, 41832, 31808, 90436, 84141, 42029, 56113, 5333, 42826, 39820, 71621, 79874, 89507, 77853, 16973, 92414, 73041, 8627, 46972, 90435, 15435, 10427, 47429, 13839, 85013, 69933, 98757, 47432, 9943, 34213, 58475, 27014, 76621, 15510, 70914, 5323, 98343, 60889, 72738, 9351, 96444, 71853, 38706, 69123, 41866, 99660, 32188, 74796, 89642, 3011, 4888, 27881, 48161, 41659, 22212, 47781])"
66.0,6,10,74,11.475465059280396,407,"Genotype(dna=[64805, 51533, 40171, 48465, 19859, 79353, 48457, 54860, 24797, 58797, 69920, 6922, 91761, 94282, 36947, 4649, 28343, 96027, 93330, 28142, 11244, 13904, 48545, 67762, 35411, 56718, 4760, 99388, 66586, 40960, 25516, 27626, 84678, 60531, 87004, 4289, 68691, 4478, 21802, 95529, 2272, 6784, 14696, 36485, 42343, 33571, 53384, 67300, 41141, 30913, 14839, 20155, 29490, 10594, 58921, 26964, 25554, 14905, 68080, 6735, 62986, 79918, 45307, 48174, 19875, 26997, 48296, 81625, 9461, 18594, 95515, 60232, 88541, 37174, 25715, 73980, 186, 48723, 27275, 35030, 25962, 41332, 29930, 50341, 95831, 2590, 26745, 41232, 70, 39488, 85793, 58309, 70872, 99327, 88254, 61546, 31213, 23235, 47921, 63341, 39623, 7017, 79570, 78861, 12928, 18991, 26220, 20463, 893, 13759, 25385, 96537, 11670, 27906, 86928, 89755, 27687, 54692, 94752, 20532, 38782, 45918, 4523, 75659, 69544, 88552, 85572, 17656, 62265, 78044, 84800, 14164, 3124, 13893, 48999, 60017, 72846, 3571, 42695, 62306, 68863, 50709, 76851, 22840, 30075, 68957, 51681, 3995, 54934, 23633, 40313, 81828, 43565, 93467, 31596, 20598, 21559, 21191, 27644, 84340, 94803, 33290, 83117, 66986, 79534, 63759, 67584, 49205, 26294, 20114, 49761, 91400, 3542, 92067, 63257, 2701, 89296, 12270, 81528, 81672, 31384, 61298, 27337, 51321, 30751, 71492, 11638, 93272, 40855, 78678, 76328, 74979, 72374, 62393, 72846, 31817, 98850, 17696, 46335, 32578, 92311, 41832, 31808, 90436, 84141, 42029, 56113, 5333, 42826, 39820, 71621, 79874, 89507, 77853, 16973, 92414, 73041, 8627, 46972, 90435, 15435, 10427, 47429, 13839, 85013, 69933, 98757, 47432, 9943, 34213, 58475, 27014, 76621, 15510, 70914, 5323, 98343, 60889, 72738, 9351, 96444, 71853, 38706, 69123, 41866, 99660, 32188, 74796, 89642, 3011, 4888, 27881, 48161, 41659, 22212, 47781])"
66.0,6,10,75,11.514519453048706,407,"Genotype(dna=[64805, 51533, 40171, 48465, 19859, 79353, 48457, 54860, 24797, 58797, 69920, 6922, 91761, 94282, 36947, 4649, 28343, 96027, 93330, 28142, 11244, 13904, 48545, 67762, 35411, 56718, 4760, 99388, 66586, 40960, 25516, 27626, 84678, 60531, 87004, 4289, 68691, 4478, 21802, 95529, 2272, 6784, 14696, 36485, 42343, 33571, 53384, 67300, 41141, 30913, 14839, 20155, 29490, 10594, 58921, 26964, 25554, 14905, 68080, 6735, 62986, 79918, 45307, 48174, 19875, 26997, 48296, 81625, 9461, 18594, 95515, 60232, 88541, 37174, 25715, 73980, 186, 48723, 27275, 35030, 25962, 41332, 29930, 50341, 95831, 2590, 26745, 41232, 70, 39488, 85793, 58309, 70872, 99327, 88254, 61546, 31213, 23235, 47921, 63341, 39623, 7017, 79570, 78861, 12928, 18991, 26220, 20463, 893, 13759, 25385, 96537, 11670, 27906, 86928, 89755, 27687, 54692, 94752, 20532, 38782, 45918, 4523, 75659, 69544, 88552, 85572, 17656, 62265, 78044, 84800, 14164, 3124, 13893, 48999, 60017, 72846, 3571, 42695, 62306, 68863, 50709, 76851, 22840, 30075, 68957, 51681, 3995, 54934, 23633, 40313, 81828, 43565, 93467, 31596, 20598, 21559, 21191, 27644, 84340, 94803, 33290, 83117, 66986, 79534, 63759, 67584, 49205, 26294, 20114, 49761, 91400, 3542, 92067, 63257, 2701, 89296, 12270, 81528, 81672, 31384, 61298, 27337, 51321, 30751, 71492, 11638, 93272, 40855, 78678, 76328, 74979, 72374, 62393, 72846, 31817, 98850, 17696, 46335, 32578, 92311, 41832, 31808, 90436, 84141, 42029, 56113, 5333, 42826, 39820, 71621, 79874, 89507, 77853, 16973, 92414, 73041, 8627, 46972, 90435, 15435, 10427, 47429, 13839, 85013, 69933, 98757, 47432, 9943, 34213, 58475, 27014, 76621, 15510, 70914, 5323, 98343, 60889, 72738, 9351, 96444, 71853, 38706, 69123, 41866, 99660, 32188, 74796, 89642, 3011, 4888, 27881, 48161, 41659, 22212, 47781])"
66.0,6,10,76,11.547642946243286,407,"Genotype(dna=[64805, 51533, 40171, 48465, 19859, 79353, 48457, 54860, 24797, 58797, 69920, 6922, 91761, 94282, 36947, 4649, 28343, 96027, 93330, 28142, 11244, 13904, 48545, 67762, 35411, 56718, 4760, 99388, 66586, 40960, 25516, 27626, 84678, 60531, 87004, 4289, 68691, 4478, 21802, 95529, 2272, 6784, 14696, 36485, 42343, 33571, 53384, 67300, 41141, 30913, 14839, 20155, 29490, 10594, 58921, 26964, 25554, 14905, 68080, 6735, 62986, 79918, 45307, 48174, 19875, 26997, 48296, 81625, 9461, 18594, 95515, 60232, 88541, 37174, 25715, 73980, 186, 48723, 27275, 35030, 25962, 41332, 29930, 50341, 95831, 2590, 26745, 41232, 70, 39488, 85793, 58309, 70872, 99327, 88254, 61546, 31213, 23235, 47921, 63341, 39623, 7017, 79570, 78861, 12928, 18991, 26220, 20463, 893, 13759, 25385, 96537, 11670, 27906, 86928, 89755, 27687, 54692, 94752, 20532, 38782, 45918, 4523, 75659, 69544, 88552, 85572, 17656, 62265, 78044, 84800, 14164, 3124, 13893, 48999, 60017, 72846, 3571, 42695, 62306, 68863, 50709, 76851, 22840, 30075, 68957, 51681, 3995, 54934, 23633, 40313, 81828, 43565, 93467, 31596, 20598, 21559, 21191, 27644, 84340, 94803, 33290, 83117, 66986, 79534, 63759, 67584, 49205, 26294, 20114, 49761, 91400, 3542, 92067, 63257, 2701, 89296, 12270, 81528, 81672, 31384, 61298, 27337, 51321, 30751, 71492, 11638, 93272, 40855, 78678, 76328, 74979, 72374, 62393, 72846, 31817, 98850, 17696, 46335, 32578, 92311, 41832, 31808, 90436, 84141, 42029, 56113, 5333, 42826, 39820, 71621, 79874, 89507, 77853, 16973, 92414, 73041, 8627, 46972, 90435, 15435, 10427, 47429, 13839, 85013, 69933, 98757, 47432, 9943, 34213, 58475, 27014, 76621, 15510, 70914, 5323, 98343, 60889, 72738, 9351, 96444, 71853, 38706, 69123, 41866, 99660, 32188, 74796, 89642, 3011, 4888, 27881, 48161, 41659, 22212, 47781])"
66.0,6,10,77,11.581424474716187,407,"Genotype(dna=[64805, 51533, 40171, 48465, 19859, 79353, 48457, 54860, 24797, 58797, 69920, 6922, 91761, 94282, 36947, 4649, 28343, 96027, 93330, 28142, 11244, 13904, 48545, 67762, 35411, 56718, 4760, 99388, 66586, 40960, 25516, 27626, 84678, 60531, 87004, 4289, 68691, 4478, 21802, 95529, 2272, 6784, 14696, 36485, 42343, 33571, 53384, 67300, 41141, 30913, 14839, 20155, 29490, 10594, 58921, 26964, 25554, 14905, 68080, 6735, 62986, 79918, 45307, 48174, 19875, 26997, 48296, 81625, 9461, 18594, 95515, 60232, 88541, 37174, 25715, 73980, 186, 48723, 27275, 35030, 25962, 41332, 29930, 50341, 95831, 2590, 26745, 41232, 70, 39488, 85793, 58309, 70872, 99327, 88254, 61546, 31213, 23235, 47921, 63341, 39623, 7017, 79570, 78861, 12928, 18991, 26220, 20463, 893, 13759, 25385, 96537, 11670, 27906, 86928, 89755, 27687, 54692, 94752, 20532, 38782, 45918, 4523, 75659, 69544, 88552, 85572, 17656, 62265, 78044, 84800, 14164, 3124, 13893, 48999, 60017, 72846, 3571, 42695, 62306, 68863, 50709, 76851, 22840, 30075, 68957, 51681, 3995, 54934, 23633, 40313, 81828, 43565, 93467, 31596, 20598, 21559, 21191, 27644, 84340, 94803, 33290, 83117, 66986, 79534, 63759, 67584, 49205, 26294, 20114, 49761, 91400, 3542, 92067, 63257, 2701, 89296, 12270, 81528, 81672, 31384, 61298, 27337, 51321, 30751, 71492, 11638, 93272, 40855, 78678, 76328, 74979, 72374, 62393, 72846, 31817, 98850, 17696, 46335, 32578, 92311, 41832, 31808, 90436, 84141, 42029, 56113, 5333, 42826, 39820, 71621, 79874, 89507, 77853, 16973, 92414, 73041, 8627, 46972, 90435, 15435, 10427, 47429, 13839, 85013, 69933, 98757, 47432, 9943, 34213, 58475, 27014, 76621, 15510, 70914, 5323, 98343, 60889, 72738, 9351, 96444, 71853, 38706, 69123, 41866, 99660, 32188, 74796, 89642, 3011, 4888, 27881, 48161, 41659, 22212, 47781])"
66.0,6,10,78,11.609893560409546,407,"Genotype(dna=[64805, 51533, 40171, 48465, 19859, 79353, 48457, 54860, 24797, 58797, 69920, 6922, 91761, 94282, 36947, 4649, 28343, 96027, 93330, 28142, 11244, 13904, 48545, 67762, 35411, 56718, 4760, 99388, 66586, 40960, 25516, 27626, 84678, 60531, 87004, 4289, 68691, 4478, 21802, 95529, 2272, 6784, 14696, 36485, 42343, 33571, 53384, 67300, 41141, 30913, 14839, 20155, 29490, 10594, 58921, 26964, 25554, 14905, 68080, 6735, 62986, 79918, 45307, 48174, 19875, 26997, 48296, 81625, 9461, 18594, 95515, 60232, 88541, 37174, 25715, 73980, 186, 48723, 27275, 35030, 25962, 41332, 29930, 50341, 95831, 2590, 26745, 41232, 70, 39488, 85793, 58309, 70872, 99327, 88254, 61546, 31213, 23235, 47921, 63341, 39623, 7017, 79570, 78861, 12928, 18991, 26220, 20463, 893, 13759, 25385, 96537, 11670, 27906, 86928, 89755, 27687, 54692, 94752, 20532, 38782, 45918, 4523, 75659, 69544, 88552, 85572, 17656, 62265, 78044, 84800, 14164, 3124, 13893, 48999, 60017, 72846, 3571, 42695, 62306, 68863, 50709, 76851, 22840, 30075, 68957, 51681, 3995, 54934, 23633, 40313, 81828, 43565, 93467, 31596, 20598, 21559, 21191, 27644, 84340, 94803, 33290, 83117, 66986, 79534, 63759, 67584, 49205, 26294, 20114, 49761, 91400, 3542, 92067, 63257, 2701, 89296, 12270, 81528, 81672, 31384, 61298, 27337, 51321, 30751, 71492, 11638, 93272, 40855, 78678, 76328, 74979, 72374, 62393, 72846, 31817, 98850, 17696, 46335, 32578, 92311, 41832, 31808, 90436, 84141, 42029, 56113, 5333, 42826, 39820, 71621, 79874, 89507, 77853, 16973, 92414, 73041, 8627, 46972, 90435, 15435, 10427, 47429, 13839, 85013, 69933, 98757, 47432, 9943, 34213, 58475, 27014, 76621, 15510, 70914, 5323, 98343, 60889, 72738, 9351, 96444, 71853, 38706, 69123, 41866, 99660, 32188, 74796, 89642, 3011, 4888, 27881, 48161, 41659, 22212, 47781])"
65.0,6,10,79,11.635181665420532,407,"Genotype(dna=[64805, 51533, 40171, 48465, 22911, 79353, 48457, 54860, 24797, 58797, 69920, 6922, 91761, 94282, 9011, 4649, 28343, 96027, 93330, 28142, 11244, 13904, 48545, 39585, 35411, 56718, 4760, 99388, 66586, 40960, 25516, 27626, 84678, 60531, 87004, 4289, 68691, 4478, 21802, 95529, 2272, 6784, 14696, 36485, 42343, 33571, 53384, 67300, 41141, 30913, 14839, 20155, 29490, 10594, 58921, 26964, 25554, 14905, 68080, 6735, 62986, 79918, 45307, 48174, 19875, 26997, 48296, 81625, 9461, 18594, 95515, 60232, 88541, 37174, 25715, 73980, 38738, 48723, 61575, 35030, 25962, 41332, 29930, 50341, 95831, 2590, 26745, 41232, 70, 39488, 85793, 58309, 70872, 99327, 88254, 30550, 31213, 23235, 47921, 63341, 39623, 7017, 79570, 78861, 12928, 18991, 26220, 27293, 893, 13759, 25385, 96537, 11670, 27906, 86928, 89755, 27687, 54692, 94752, 20532, 38782, 45918, 4523, 75659, 69544, 88552, 85572, 17656, 62265, 78044, 84800, 14164, 26936, 13893, 48999, 60017, 72846, 3571, 42695, 62306, 68863, 50709, 76851, 22840, 30075, 68957, 51681, 3995, 54934, 23633, 40313, 81828, 43565, 93467, 31596, 20598, 21559, 21191, 27644, 84340, 94803, 33290, 83117, 35285, 79534, 63759, 67584, 49205, 26294, 20114, 49761, 91400, 3542, 92067, 63257, 2701, 89296, 12270, 81528, 81672, 31384, 58777, 27337, 51321, 30751, 71492, 11638, 93272, 40855, 78678, 76328, 74979, 72374, 62393, 72846, 45565, 98850, 17696, 46335, 32578, 92311, 41832, 31808, 90436, 84141, 42029, 56113, 5333, 42826, 39820, 71621, 79874, 89507, 77853, 16973, 92414, 73041, 8627, 46972, 90435, 15435, 74409, 47429, 13839, 85013, 69933, 98757, 64452, 75728, 34213, 58475, 27014, 76621, 15510, 70914, 5323, 98343, 60889, 72738, 9351, 96444, 71853, 38706, 69123, 41866, 99660, 32188, 74796, 18863, 3011, 4888, 27881, 20859, 41659, 22212, 47781])"
65.0,6,10,80,11.673826456069946,407,"Genotype(dna=[64805, 51533, 40171, 48465, 22911, 79353, 48457, 54860, 24797, 58797, 69920, 6922, 91761, 94282, 9011, 4649, 28343, 96027, 93330, 28142, 11244, 13904, 48545, 39585, 35411, 56718, 4760, 99388, 66586, 40960, 25516, 27626, 84678, 60531, 87004, 4289, 68691, 4478, 21802, 95529, 2272, 6784, 14696, 36485, 42343, 33571, 53384, 67300, 41141, 30913, 14839, 20155, 29490, 10594, 58921, 26964, 25554, 14905, 68080, 6735, 62986, 79918, 45307, 48174, 19875, 26997, 48296, 81625, 9461, 18594, 95515, 60232, 88541, 37174, 25715, 73980, 38738, 48723, 61575, 35030, 25962, 41332, 29930, 50341, 95831, 2590, 26745, 41232, 70, 39488, 85793, 58309, 70872, 99327, 88254, 30550, 31213, 23235, 47921, 63341, 39623, 7017, 79570, 78861, 12928, 18991, 26220, 27293, 893, 13759, 25385, 96537, 11670, 27906, 86928, 89755, 27687, 54692, 94752, 20532, 38782, 45918, 4523, 75659, 69544, 88552, 85572, 17656, 62265, 78044, 84800, 14164, 26936, 13893, 48999, 60017, 72846, 3571, 42695, 62306, 68863, 50709, 76851, 22840, 30075, 68957, 51681, 3995, 54934, 23633, 40313, 81828, 43565, 93467, 31596, 20598, 21559, 21191, 27644, 84340, 94803, 33290, 83117, 35285, 79534, 63759, 67584, 49205, 26294, 20114, 49761, 91400, 3542, 92067, 63257, 2701, 89296, 12270, 81528, 81672, 31384, 58777, 27337, 51321, 30751, 71492, 11638, 93272, 40855, 78678, 76328, 74979, 72374, 62393, 72846, 45565, 98850, 17696, 46335, 32578, 92311, 41832, 31808, 90436, 84141, 42029, 56113, 5333, 42826, 39820, 71621, 79874, 89507, 77853, 16973, 92414, 73041, 8627, 46972, 90435, 15435, 74409, 47429, 13839, 85013, 69933, 98757, 64452, 75728, 34213, 58475, 27014, 76621, 15510, 70914, 5323, 98343, 60889, 72738, 9351, 96444, 71853, 38706, 69123, 41866, 99660, 32188, 74796, 18863, 3011, 4888, 27881, 20859, 41659, 22212, 47781])"
65.0,6,10,81,11.699129343032837,407,"Genotype(dna=[64805, 51533, 40171, 48465, 22911, 79353, 48457, 54860, 24797, 58797, 69920, 6922, 91761, 94282, 9011, 4649, 28343, 96027, 93330, 28142, 11244, 13904, 48545, 39585, 35411, 56718, 4760, 99388, 66586, 40960, 25516, 27626, 84678, 60531, 87004, 4289, 68691, 4478, 21802, 95529, 2272, 6784, 14696, 36485, 42343, 33571, 53384, 67300, 41141, 30913, 14839, 20155, 29490, 10594, 58921, 26964, 25554, 14905, 68080, 6735, 62986, 79918, 45307, 48174, 19875, 26997, 48296, 81625, 9461, 18594, 95515, 60232, 88541, 37174, 25715, 73980, 38738, 48723, 61575, 35030, 25962, 41332, 29930, 50341, 95831, 2590, 26745, 41232, 70, 39488, 85793, 58309, 70872, 99327, 88254, 30550, 31213, 23235, 47921, 63341, 39623, 7017, 79570, 78861, 12928, 18991, 26220, 27293, 893, 13759, 25385, 96537, 11670, 27906, 86928, 89755, 27687, 54692, 94752, 20532, 38782, 45918, 4523, 75659, 69544, 88552, 85572, 17656, 62265, 78044, 84800, 14164, 26936, 13893, 48999, 60017, 72846, 3571, 42695, 62306, 68863, 50709, 76851, 22840, 30075, 68957, 51681, 3995, 54934, 23633, 40313, 81828, 43565, 93467, 31596, 20598, 21559, 21191, 27644, 84340, 94803, 33290, 83117, 35285, 79534, 63759, 67584, 49205, 26294, 20114, 49761, 91400, 3542, 92067, 63257, 2701, 89296, 12270, 81528, 81672, 31384, 58777, 27337, 51321, 30751, 71492, 11638, 93272, 40855, 78678, 76328, 74979, 72374, 62393, 72846, 45565, 98850, 17696, 46335, 32578, 92311, 41832, 31808, 90436, 84141, 42029, 56113, 5333, 42826, 39820, 71621, 79874, 89507, 77853, 16973, 92414, 73041, 8627, 46972, 90435, 15435, 74409, 47429, 13839, 85013, 69933, 98757, 64452, 75728, 34213, 58475, 27014, 76621, 15510, 70914, 5323, 98343, 60889, 72738, 9351, 96444, 71853, 38706, 69123, 41866, 99660, 32188, 74796, 18863, 3011, 4888, 27881, 20859, 41659, 22212, 47781])"
65.0,6,10,82,11.75951623916626,407,"Genotype(dna=[64805, 51533, 40171, 48465, 22911, 79353, 48457, 54860, 24797, 58797, 69920, 6922, 91761, 94282, 9011, 4649, 28343, 96027, 93330, 28142, 11244, 13904, 48545, 39585, 35411, 56718, 4760, 99388, 66586, 40960, 25516, 27626, 84678, 60531, 87004, 4289, 68691, 4478, 21802, 95529, 2272, 6784, 14696, 36485, 42343, 33571, 53384, 67300, 41141, 30913, 14839, 20155, 29490, 10594, 58921, 26964, 25554, 14905, 68080, 6735, 62986, 79918, 45307, 48174, 19875, 26997, 48296, 81625, 9461, 18594, 95515, 60232, 88541, 37174, 25715, 73980, 38738, 48723, 61575, 35030, 25962, 41332, 29930, 50341, 95831, 2590, 26745, 41232, 70, 39488, 85793, 58309, 70872, 99327, 88254, 30550, 31213, 23235, 47921, 63341, 39623, 7017, 79570, 78861, 12928, 18991, 26220, 27293, 893, 13759, 25385, 96537, 11670, 27906, 86928, 89755, 27687, 54692, 94752, 20532, 38782, 45918, 4523, 75659, 69544, 88552, 85572, 17656, 62265, 78044, 84800, 14164, 26936, 13893, 48999, 60017, 72846, 3571, 42695, 62306, 68863, 50709, 76851, 22840, 30075, 68957, 51681, 3995, 54934, 23633, 40313, 81828, 43565, 93467, 31596, 20598, 21559, 21191, 27644, 84340, 94803, 33290, 83117, 35285, 79534, 63759, 67584, 49205, 26294, 20114, 49761, 91400, 3542, 92067, 63257, 2701, 89296, 12270, 81528, 81672, 31384, 58777, 27337, 51321, 30751, 71492, 11638, 93272, 40855, 78678, 76328, 74979, 72374, 62393, 72846, 45565, 98850, 17696, 46335, 32578, 92311, 41832, 31808, 90436, 84141, 42029, 56113, 5333, 42826, 39820, 71621, 79874, 89507, 77853, 16973, 92414, 73041, 8627, 46972, 90435, 15435, 74409, 47429, 13839, 85013, 69933, 98757, 64452, 75728, 34213, 58475, 27014, 76621, 15510, 70914, 5323, 98343, 60889, 72738, 9351, 96444, 71853, 38706, 69123, 41866, 99660, 32188, 74796, 18863, 3011, 4888, 27881, 20859, 41659, 22212, 47781])"
65.0,6,10,83,11.847924709320068,407,"Genotype(dna=[64805, 51533, 40171, 48465, 22911, 79353, 48457, 54860, 24797, 58797, 69920, 6922, 91761, 94282, 9011, 4649, 28343, 96027, 93330, 28142, 11244, 13904, 48545, 39585, 35411, 56718, 4760, 99388, 66586, 40960, 25516, 27626, 84678, 60531, 87004, 4289, 68691, 4478, 21802, 95529, 2272, 6784, 14696, 36485, 42343, 33571, 53384, 67300, 41141, 30913, 14839, 20155, 29490, 10594, 58921, 26964, 25554, 14905, 68080, 6735, 62986, 79918, 45307, 48174, 19875, 26997, 48296, 81625, 9461, 18594, 95515, 60232, 88541, 37174, 25715, 73980, 38738, 48723, 61575, 35030, 25962, 41332, 29930, 50341, 95831, 2590, 26745, 41232, 70, 39488, 85793, 58309, 70872, 99327, 88254, 30550, 31213, 23235, 47921, 63341, 39623, 7017, 79570, 78861, 12928, 18991, 26220, 27293, 893, 13759, 25385, 96537, 11670, 27906, 86928, 89755, 27687, 54692, 94752, 20532, 38782, 45918, 4523, 75659, 69544, 88552, 85572, 17656, 62265, 78044, 84800, 14164, 26936, 13893, 48999, 60017, 72846, 3571, 42695, 62306, 68863, 50709, 76851, 22840, 30075, 68957, 51681, 3995, 54934, 23633, 40313, 81828, 43565, 93467, 31596, 20598, 21559, 21191, 27644, 84340, 94803, 33290, 83117, 35285, 79534, 63759, 67584, 49205, 26294, 20114, 49761, 91400, 3542, 92067, 63257, 2701, 89296, 12270, 81528, 81672, 31384, 58777, 27337, 51321, 30751, 71492, 11638, 93272, 40855, 78678, 76328, 74979, 72374, 62393, 72846, 45565, 98850, 17696, 46335, 32578, 92311, 41832, 31808, 90436, 84141, 42029, 56113, 5333, 42826, 39820, 71621, 79874, 89507, 77853, 16973, 92414, 73041, 8627, 46972, 90435, 15435, 74409, 47429, 13839, 85013, 69933, 98757, 64452, 75728, 34213, 58475, 27014, 76621, 15510, 70914, 5323, 98343, 60889, 72738, 9351, 96444, 71853, 38706, 69123, 41866, 99660, 32188, 74796, 18863, 3011, 4888, 27881, 20859, 41659, 22212, 47781])"
65.0,6,10,84,11.908870220184326,407,"Genotype(dna=[64805, 51533, 40171, 48465, 22911, 79353, 48457, 54860, 24797, 58797, 69920, 6922, 91761, 94282, 9011, 4649, 28343, 96027, 93330, 28142, 11244, 13904, 48545, 39585, 35411, 56718, 4760, 99388, 66586, 40960, 25516, 27626, 84678, 60531, 87004, 4289, 68691, 4478, 21802, 95529, 2272, 6784, 14696, 36485, 42343, 33571, 53384, 67300, 41141, 30913, 14839, 20155, 29490, 10594, 58921, 26964, 25554, 14905, 68080, 6735, 62986, 79918, 45307, 48174, 19875, 26997, 48296, 81625, 9461, 18594, 95515, 60232, 88541, 37174, 25715, 73980, 38738, 48723, 61575, 35030, 25962, 41332, 29930, 50341, 95831, 2590, 26745, 41232, 70, 39488, 85793, 58309, 70872, 99327, 88254, 30550, 31213, 23235, 47921, 63341, 39623, 7017, 79570, 78861, 12928, 18991, 26220, 27293, 893, 13759, 25385, 96537, 11670, 27906, 86928, 89755, 27687, 54692, 94752, 20532, 38782, 45918, 4523, 75659, 69544, 88552, 85572, 17656, 62265, 78044, 84800, 14164, 26936, 13893, 48999, 60017, 72846, 3571, 42695, 62306, 68863, 50709, 76851, 22840, 30075, 68957, 51681, 3995, 54934, 23633, 40313, 81828, 43565, 93467, 31596, 20598, 21559, 21191, 27644, 84340, 94803, 33290, 83117, 35285, 79534, 63759, 67584, 49205, 26294, 20114, 49761, 91400, 3542, 92067, 63257, 2701, 89296, 12270, 81528, 81672, 31384, 58777, 27337, 51321, 30751, 71492, 11638, 93272, 40855, 78678, 76328, 74979, 72374, 62393, 72846, 45565, 98850, 17696, 46335, 32578, 92311, 41832, 31808, 90436, 84141, 42029, 56113, 5333, 42826, 39820, 71621, 79874, 89507, 77853, 16973, 92414, 73041, 8627, 46972, 90435, 15435, 74409, 47429, 13839, 85013, 69933, 98757, 64452, 75728, 34213, 58475, 27014, 76621, 15510, 70914, 5323, 98343, 60889, 72738, 9351, 96444, 71853, 38706, 69123, 41866, 99660, 32188, 74796, 18863, 3011, 4888, 27881, 20859, 41659, 22212, 47781])"
65.0,6,10,85,11.931568384170532,407,"Genotype(dna=[64805, 51533, 40171, 48465, 22911, 79353, 48457, 54860, 24797, 58797, 69920, 6922, 91761, 94282, 9011, 4649, 28343, 96027, 93330, 28142, 11244, 13904, 48545, 39585, 35411, 56718, 4760, 99388, 66586, 40960, 25516, 27626, 84678, 60531, 87004, 4289, 68691, 4478, 21802, 95529, 2272, 6784, 14696, 36485, 42343, 33571, 53384, 67300, 41141, 30913, 14839, 20155, 29490, 10594, 58921, 26964, 25554, 14905, 68080, 6735, 62986, 79918, 45307, 48174, 19875, 26997, 48296, 81625, 9461, 18594, 95515, 60232, 88541, 37174, 25715, 73980, 38738, 48723, 61575, 35030, 25962, 41332, 29930, 50341, 95831, 2590, 26745, 41232, 70, 39488, 85793, 58309, 70872, 99327, 88254, 30550, 31213, 23235, 47921, 63341, 39623, 7017, 79570, 78861, 12928, 18991, 26220, 27293, 893, 13759, 25385, 96537, 11670, 27906, 86928, 89755, 27687, 54692, 94752, 20532, 38782, 45918, 4523, 75659, 69544, 88552, 85572, 17656, 62265, 78044, 84800, 14164, 26936, 13893, 48999, 60017, 72846, 3571, 42695, 62306, 68863, 50709, 76851, 22840, 30075, 68957, 51681, 3995, 54934, 23633, 40313, 81828, 43565, 93467, 31596, 20598, 21559, 21191, 27644, 84340, 94803, 33290, 83117, 35285, 79534, 63759, 67584, 49205, 26294, 20114, 49761, 91400, 3542, 92067, 63257, 2701, 89296, 12270, 81528, 81672, 31384, 58777, 27337, 51321, 30751, 71492, 11638, 93272, 40855, 78678, 76328, 74979, 72374, 62393, 72846, 45565, 98850, 17696, 46335, 32578, 92311, 41832, 31808, 90436, 84141, 42029, 56113, 5333, 42826, 39820, 71621, 79874, 89507, 77853, 16973, 92414, 73041, 8627, 46972, 90435, 15435, 74409, 47429, 13839, 85013, 69933, 98757, 64452, 75728, 34213, 58475, 27014, 76621, 15510, 70914, 5323, 98343, 60889, 72738, 9351, 96444, 71853, 38706, 69123, 41866, 99660, 32188, 74796, 18863, 3011, 4888, 27881, 20859, 41659, 22212, 47781])"
65.0,6,10,86,11.993817806243896,407,"Genotype(dna=[64805, 51533, 40171, 48465, 22911, 79353, 48457, 54860, 24797, 58797, 69920, 6922, 91761, 94282, 9011, 4649, 28343, 96027, 93330, 28142, 11244, 13904, 48545, 39585, 35411, 56718, 4760, 99388, 66586, 40960, 25516, 27626, 84678, 60531, 87004, 4289, 68691, 4478, 21802, 95529, 2272, 6784, 14696, 36485, 42343, 33571, 53384, 67300, 41141, 30913, 14839, 20155, 29490, 10594, 58921, 26964, 25554, 14905, 68080, 6735, 62986, 79918, 45307, 48174, 19875, 26997, 48296, 81625, 9461, 18594, 95515, 60232, 88541, 37174, 25715, 73980, 38738, 48723, 61575, 35030, 25962, 41332, 29930, 50341, 95831, 2590, 26745, 41232, 70, 39488, 85793, 58309, 70872, 99327, 88254, 30550, 31213, 23235, 47921, 63341, 39623, 7017, 79570, 78861, 12928, 18991, 26220, 27293, 893, 13759, 25385, 96537, 11670, 27906, 86928, 89755, 27687, 54692, 94752, 20532, 38782, 45918, 4523, 75659, 69544, 88552, 85572, 17656, 62265, 78044, 84800, 14164, 26936, 13893, 48999, 60017, 72846, 3571, 42695, 62306, 68863, 50709, 76851, 22840, 30075, 68957, 51681, 3995, 54934, 23633, 40313, 81828, 43565, 93467, 31596, 20598, 21559, 21191, 27644, 84340, 94803, 33290, 83117, 35285, 79534, 63759, 67584, 49205, 26294, 20114, 49761, 91400, 3542, 92067, 63257, 2701, 89296, 12270, 81528, 81672, 31384, 58777, 27337, 51321, 30751, 71492, 11638, 93272, 40855, 78678, 76328, 74979, 72374, 62393, 72846, 45565, 98850, 17696, 46335, 32578, 92311, 41832, 31808, 90436, 84141, 42029, 56113, 5333, 42826, 39820, 71621, 79874, 89507, 77853, 16973, 92414, 73041, 8627, 46972, 90435, 15435, 74409, 47429, 13839, 85013, 69933, 98757, 64452, 75728, 34213, 58475, 27014, 76621, 15510, 70914, 5323, 98343, 60889, 72738, 9351, 96444, 71853, 38706, 69123, 41866, 99660, 32188, 74796, 18863, 3011, 4888, 27881, 20859, 41659, 22212, 47781])"
65.0,6,10,87,12.058569431304932,407,"Genotype(dna=[64805, 51533, 40171, 48465, 22911, 79353, 48457, 54860, 24797, 58797, 69920, 6922, 91761, 94282, 9011, 4649, 28343, 96027, 93330, 28142, 11244, 13904, 48545, 39585, 35411, 56718, 4760, 99388, 66586, 40960, 25516, 27626, 84678, 60531, 87004, 4289, 68691, 4478, 21802, 95529, 2272, 6784, 14696, 36485, 42343, 33571, 53384, 67300, 41141, 30913, 14839, 20155, 29490, 10594, 58921, 26964, 25554, 14905, 68080, 6735, 62986, 79918, 45307, 48174, 19875, 26997, 48296, 81625, 9461, 18594, 95515, 60232, 88541, 37174, 25715, 73980, 38738, 48723, 61575, 35030, 25962, 41332, 29930, 50341, 95831, 2590, 26745, 41232, 70, 39488, 85793, 58309, 70872, 99327, 88254, 30550, 31213, 23235, 47921, 63341, 39623, 7017, 79570, 78861, 12928, 18991, 26220, 27293, 893, 13759, 25385, 96537, 11670, 27906, 86928, 89755, 27687, 54692, 94752, 20532, 38782, 45918, 4523, 75659, 69544, 88552, 85572, 17656, 62265, 78044, 84800, 14164, 26936, 13893, 48999, 60017, 72846, 3571, 42695, 62306, 68863, 50709, 76851, 22840, 30075, 68957, 51681, 3995, 54934, 23633, 40313, 81828, 43565, 93467, 31596, 20598, 21559, 21191, 27644, 84340, 94803, 33290, 83117, 35285, 79534, 63759, 67584, 49205, 26294, 20114, 49761, 91400, 3542, 92067, 63257, 2701, 89296, 12270, 81528, 81672, 31384, 58777, 27337, 51321, 30751, 71492, 11638, 93272, 40855, 78678, 76328, 74979, 72374, 62393, 72846, 45565, 98850, 17696, 46335, 32578, 92311, 41832, 31808, 90436, 84141, 42029, 56113, 5333, 42826, 39820, 71621, 79874, 89507, 77853, 16973, 92414, 73041, 8627, 46972, 90435, 15435, 74409, 47429, 13839, 85013, 69933, 98757, 64452, 75728, 34213, 58475, 27014, 76621, 15510, 70914, 5323, 98343, 60889, 72738, 9351, 96444, 71853, 38706, 69123, 41866, 99660, 32188, 74796, 18863, 3011, 4888, 27881, 20859, 41659, 22212, 47781])"
65.0,6,10,88,12.091529846191406,407,"Genotype(dna=[64805, 51533, 40171, 48465, 22911, 79353, 48457, 54860, 24797, 58797, 69920, 6922, 91761, 94282, 9011, 4649, 28343, 96027, 93330, 28142, 11244, 13904, 48545, 39585, 35411, 56718, 4760, 99388, 66586, 40960, 25516, 27626, 84678, 60531, 87004, 4289, 68691, 4478, 21802, 95529, 2272, 6784, 14696, 36485, 42343, 33571, 53384, 67300, 41141, 30913, 14839, 20155, 29490, 10594, 58921, 26964, 25554, 14905, 68080, 6735, 62986, 79918, 45307, 48174, 19875, 26997, 48296, 81625, 9461, 18594, 95515, 60232, 88541, 37174, 25715, 73980, 38738, 48723, 61575, 35030, 25962, 41332, 29930, 50341, 95831, 2590, 26745, 41232, 70, 39488, 85793, 58309, 70872, 99327, 88254, 30550, 31213, 23235, 47921, 63341, 39623, 7017, 79570, 78861, 12928, 18991, 26220, 27293, 893, 13759, 25385, 96537, 11670, 27906, 86928, 89755, 27687, 54692, 94752, 20532, 38782, 45918, 4523, 75659, 69544, 88552, 85572, 17656, 62265, 78044, 84800, 14164, 26936, 13893, 48999, 60017, 72846, 3571, 42695, 62306, 68863, 50709, 76851, 22840, 30075, 68957, 51681, 3995, 54934, 23633, 40313, 81828, 43565, 93467, 31596, 20598, 21559, 21191, 27644, 84340, 94803, 33290, 83117, 35285, 79534, 63759, 67584, 49205, 26294, 20114, 49761, 91400, 3542, 92067, 63257, 2701, 89296, 12270, 81528, 81672, 31384, 58777, 27337, 51321, 30751, 71492, 11638, 93272, 40855, 78678, 76328, 74979, 72374, 62393, 72846, 45565, 98850, 17696, 46335, 32578, 92311, 41832, 31808, 90436, 84141, 42029, 56113, 5333, 42826, 39820, 71621, 79874, 89507, 77853, 16973, 92414, 73041, 8627, 46972, 90435, 15435, 74409, 47429, 13839, 85013, 69933, 98757, 64452, 75728, 34213, 58475, 27014, 76621, 15510, 70914, 5323, 98343, 60889, 72738, 9351, 96444, 71853, 38706, 69123, 41866, 99660, 32188, 74796, 18863, 3011, 4888, 27881, 20859, 41659, 22212, 47781])"
65.0,6,10,89,12.125267744064331,407,"Genotype(dna=[64805, 51533, 40171, 48465, 22911, 79353, 48457, 54860, 24797, 58797, 69920, 6922, 91761, 94282, 9011, 4649, 28343, 96027, 93330, 28142, 11244, 13904, 48545, 39585, 35411, 56718, 4760, 99388, 66586, 40960, 25516, 27626, 84678, 60531, 87004, 4289, 68691, 4478, 21802, 95529, 2272, 6784, 14696, 36485, 42343, 33571, 53384, 67300, 41141, 30913, 14839, 20155, 29490, 10594, 58921, 26964, 25554, 14905, 68080, 6735, 62986, 79918, 45307, 48174, 19875, 26997, 48296, 81625, 9461, 18594, 95515, 60232, 88541, 37174, 25715, 73980, 38738, 48723, 61575, 35030, 25962, 41332, 29930, 50341, 95831, 2590, 26745, 41232, 70, 39488, 85793, 58309, 70872, 99327, 88254, 30550, 31213, 23235, 47921, 63341, 39623, 7017, 79570, 78861, 12928, 18991, 26220, 27293, 893, 13759, 25385, 96537, 11670, 27906, 86928, 89755, 27687, 54692, 94752, 20532, 38782, 45918, 4523, 75659, 69544, 88552, 85572, 17656, 62265, 78044, 84800, 14164, 26936, 13893, 48999, 60017, 72846, 3571, 42695, 62306, 68863, 50709, 76851, 22840, 30075, 68957, 51681, 3995, 54934, 23633, 40313, 81828, 43565, 93467, 31596, 20598, 21559, 21191, 27644, 84340, 94803, 33290, 83117, 35285, 79534, 63759, 67584, 49205, 26294, 20114, 49761, 91400, 3542, 92067, 63257, 2701, 89296, 12270, 81528, 81672, 31384, 58777, 27337, 51321, 30751, 71492, 11638, 93272, 40855, 78678, 76328, 74979, 72374, 62393, 72846, 45565, 98850, 17696, 46335, 32578, 92311, 41832, 31808, 90436, 84141, 42029, 56113, 5333, 42826, 39820, 71621, 79874, 89507, 77853, 16973, 92414, 73041, 8627, 46972, 90435, 15435, 74409, 47429, 13839, 85013, 69933, 98757, 64452, 75728, 34213, 58475, 27014, 76621, 15510, 70914, 5323, 98343, 60889, 72738, 9351, 96444, 71853, 38706, 69123, 41866, 99660, 32188, 74796, 18863, 3011, 4888, 27881, 20859, 41659, 22212, 47781])"
65.0,6,10,90,12.149498701095581,407,"Genotype(dna=[64805, 51533, 40171, 48465, 22911, 79353, 48457, 54860, 24797, 58797, 69920, 6922, 91761, 94282, 9011, 4649, 28343, 96027, 93330, 28142, 11244, 13904, 48545, 39585, 35411, 56718, 4760, 99388, 66586, 40960, 25516, 27626, 84678, 60531, 87004, 4289, 68691, 4478, 21802, 95529, 2272, 6784, 14696, 36485, 42343, 33571, 53384, 67300, 41141, 30913, 14839, 20155, 29490, 10594, 58921, 26964, 25554, 14905, 68080, 6735, 62986, 79918, 45307, 48174, 19875, 26997, 48296, 81625, 9461, 18594, 95515, 60232, 88541, 37174, 25715, 73980, 38738, 48723, 61575, 35030, 25962, 41332, 29930, 50341, 95831, 2590, 26745, 41232, 70, 39488, 85793, 58309, 70872, 99327, 88254, 30550, 31213, 23235, 47921, 63341, 39623, 7017, 79570, 78861, 12928, 18991, 26220, 27293, 893, 13759, 25385, 96537, 11670, 27906, 86928, 89755, 27687, 54692, 94752, 20532, 38782, 45918, 4523, 75659, 69544, 88552, 85572, 17656, 62265, 78044, 84800, 14164, 26936, 13893, 48999, 60017, 72846, 3571, 42695, 62306, 68863, 50709, 76851, 22840, 30075, 68957, 51681, 3995, 54934, 23633, 40313, 81828, 43565, 93467, 31596, 20598, 21559, 21191, 27644, 84340, 94803, 33290, 83117, 35285, 79534, 63759, 67584, 49205, 26294, 20114, 49761, 91400, 3542, 92067, 63257, 2701, 89296, 12270, 81528, 81672, 31384, 58777, 27337, 51321, 30751, 71492, 11638, 93272, 40855, 78678, 76328, 74979, 72374, 62393, 72846, 45565, 98850, 17696, 46335, 32578, 92311, 41832, 31808, 90436, 84141, 42029, 56113, 5333, 42826, 39820, 71621, 79874, 89507, 77853, 16973, 92414, 73041, 8627, 46972, 90435, 15435, 74409, 47429, 13839, 85013, 69933, 98757, 64452, 75728, 34213, 58475, 27014, 76621, 15510, 70914, 5323, 98343, 60889, 72738, 9351, 96444, 71853, 38706, 69123, 41866, 99660, 32188, 74796, 18863, 3011, 4888, 27881, 20859, 41659, 22212, 47781])"
65.0,6,10,91,12.210254430770874,407,"Genotype(dna=[64805, 51533, 40171, 48465, 22911, 79353, 48457, 54860, 24797, 58797, 69920, 6922, 91761, 94282, 9011, 4649, 28343, 96027, 93330, 28142, 11244, 13904, 48545, 39585, 35411, 56718, 4760, 99388, 66586, 40960, 25516, 27626, 84678, 60531, 87004, 4289, 68691, 4478, 21802, 95529, 2272, 6784, 14696, 36485, 42343, 33571, 53384, 67300, 41141, 30913, 14839, 20155, 29490, 10594, 58921, 26964, 25554, 14905, 68080, 6735, 62986, 79918, 45307, 48174, 19875, 26997, 48296, 81625, 9461, 18594, 95515, 60232, 88541, 37174, 25715, 73980, 38738, 48723, 61575, 35030, 25962, 41332, 29930, 50341, 95831, 2590, 26745, 41232, 70, 39488, 85793, 58309, 70872, 99327, 88254, 30550, 31213, 23235, 47921, 63341, 39623, 7017, 79570, 78861, 12928, 18991, 26220, 27293, 893, 13759, 25385, 96537, 11670, 27906, 86928, 89755, 27687, 54692, 94752, 20532, 38782, 45918, 4523, 75659, 69544, 88552, 85572, 17656, 62265, 78044, 84800, 14164, 26936, 13893, 48999, 60017, 72846, 3571, 42695, 62306, 68863, 50709, 76851, 22840, 30075, 68957, 51681, 3995, 54934, 23633, 40313, 81828, 43565, 93467, 31596, 20598, 21559, 21191, 27644, 84340, 94803, 33290, 83117, 35285, 79534, 63759, 67584, 49205, 26294, 20114, 49761, 91400, 3542, 92067, 63257, 2701, 89296, 12270, 81528, 81672, 31384, 58777, 27337, 51321, 30751, 71492, 11638, 93272, 40855, 78678, 76328, 74979, 72374, 62393, 72846, 45565, 98850, 17696, 46335, 32578, 92311, 41832, 31808, 90436, 84141, 42029, 56113, 5333, 42826, 39820, 71621, 79874, 89507, 77853, 16973, 92414, 73041, 8627, 46972, 90435, 15435, 74409, 47429, 13839, 85013, 69933, 98757, 64452, 75728, 34213, 58475, 27014, 76621, 15510, 70914, 5323, 98343, 60889, 72738, 9351, 96444, 71853, 38706, 69123, 41866, 99660, 32188, 74796, 18863, 3011, 4888, 27881, 20859, 41659, 22212, 47781])"
65.0,6,10,92,12.23794412612915,407,"Genotype(dna=[64805, 51533, 40171, 48465, 22911, 79353, 48457, 54860, 24797, 58797, 69920, 6922, 91761, 94282, 9011, 4649, 28343, 96027, 93330, 28142, 11244, 13904, 48545, 39585, 35411, 56718, 4760, 99388, 66586, 40960, 25516, 27626, 84678, 60531, 87004, 4289, 68691, 4478, 21802, 95529, 2272, 6784, 14696, 36485, 42343, 33571, 53384, 67300, 41141, 30913, 14839, 20155, 29490, 10594, 58921, 26964, 25554, 14905, 68080, 6735, 62986, 79918, 45307, 48174, 19875, 26997, 48296, 81625, 9461, 18594, 95515, 60232, 88541, 37174, 25715, 73980, 38738, 48723, 61575, 35030, 25962, 41332, 29930, 50341, 95831, 2590, 26745, 41232, 70, 39488, 85793, 58309, 70872, 99327, 88254, 30550, 31213, 23235, 47921, 63341, 39623, 7017, 79570, 78861, 12928, 18991, 26220, 27293, 893, 13759, 25385, 96537, 11670, 27906, 86928, 89755, 27687, 54692, 94752, 20532, 38782, 45918, 4523, 75659, 69544, 88552, 85572, 17656, 62265, 78044, 84800, 14164, 26936, 13893, 48999, 60017, 72846, 3571, 42695, 62306, 68863, 50709, 76851, 22840, 30075, 68957, 51681, 3995, 54934, 23633, 40313, 81828, 43565, 93467, 31596, 20598, 21559, 21191, 27644, 84340, 94803, 33290, 83117, 35285, 79534, 63759, 67584, 49205, 26294, 20114, 49761, 91400, 3542, 92067, 63257, 2701, 89296, 12270, 81528, 81672, 31384, 58777, 27337, 51321, 30751, 71492, 11638, 93272, 40855, 78678, 76328, 74979, 72374, 62393, 72846, 45565, 98850, 17696, 46335, 32578, 92311, 41832, 31808, 90436, 84141, 42029, 56113, 5333, 42826, 39820, 71621, 79874, 89507, 77853, 16973, 92414, 73041, 8627, 46972, 90435, 15435, 74409, 47429, 13839, 85013, 69933, 98757, 64452, 75728, 34213, 58475, 27014, 76621, 15510, 70914, 5323, 98343, 60889, 72738, 9351, 96444, 71853, 38706, 69123, 41866, 99660, 32188, 74796, 18863, 3011, 4888, 27881, 20859, 41659, 22212, 47781])"
65.0,6,10,93,12.284241437911987,407,"Genotype(dna=[64805, 51533, 40171, 48465, 22911, 79353, 48457, 54860, 24797, 58797, 69920, 6922, 91761, 94282, 9011, 4649, 28343, 96027, 93330, 28142, 11244, 13904, 48545, 39585, 35411, 56718, 4760, 99388, 66586, 40960, 25516, 27626, 84678, 60531, 87004, 4289, 68691, 4478, 21802, 95529, 2272, 6784, 14696, 36485, 42343, 33571, 53384, 67300, 41141, 30913, 14839, 20155, 29490, 10594, 58921, 26964, 25554, 14905, 68080, 6735, 62986, 79918, 45307, 48174, 19875, 26997, 48296, 81625, 9461, 18594, 95515, 60232, 88541, 37174, 25715, 73980, 38738, 48723, 61575, 35030, 25962, 41332, 29930, 50341, 95831, 2590, 26745, 41232, 70, 39488, 85793, 58309, 70872, 99327, 88254, 30550, 31213, 23235, 47921, 63341, 39623, 7017, 79570, 78861, 12928, 18991, 26220, 27293, 893, 13759, 25385, 96537, 11670, 27906, 86928, 89755, 27687, 54692, 94752, 20532, 38782, 45918, 4523, 75659, 69544, 88552, 85572, 17656, 62265, 78044, 84800, 14164, 26936, 13893, 48999, 60017, 72846, 3571, 42695, 62306, 68863, 50709, 76851, 22840, 30075, 68957, 51681, 3995, 54934, 23633, 40313, 81828, 43565, 93467, 31596, 20598, 21559, 21191, 27644, 84340, 94803, 33290, 83117, 35285, 79534, 63759, 67584, 49205, 26294, 20114, 49761, 91400, 3542, 92067, 63257, 2701, 89296, 12270, 81528, 81672, 31384, 58777, 27337, 51321, 30751, 71492, 11638, 93272, 40855, 78678, 76328, 74979, 72374, 62393, 72846, 45565, 98850, 17696, 46335, 32578, 92311, 41832, 31808, 90436, 84141, 42029, 56113, 5333, 42826, 39820, 71621, 79874, 89507, 77853, 16973, 92414, 73041, 8627, 46972, 90435, 15435, 74409, 47429, 13839, 85013, 69933, 98757, 64452, 75728, 34213, 58475, 27014, 76621, 15510, 70914, 5323, 98343, 60889, 72738, 9351, 96444, 71853, 38706, 69123, 41866, 99660, 32188, 74796, 18863, 3011, 4888, 27881, 20859, 41659, 22212, 47781])"
65.0,6,10,94,12.333205223083496,407,"Genotype(dna=[64805, 51533, 40171, 48465, 22911, 79353, 48457, 54860, 24797, 58797, 69920, 6922, 91761, 94282, 9011, 4649, 28343, 96027, 93330, 28142, 11244, 13904, 48545, 39585, 35411, 56718, 4760, 99388, 66586, 40960, 25516, 27626, 84678, 60531, 87004, 4289, 68691, 4478, 21802, 95529, 2272, 6784, 14696, 36485, 42343, 33571, 53384, 67300, 41141, 30913, 14839, 20155, 29490, 10594, 58921, 26964, 25554, 14905, 68080, 6735, 62986, 79918, 45307, 48174, 19875, 26997, 48296, 81625, 9461, 18594, 95515, 60232, 88541, 37174, 25715, 73980, 38738, 48723, 61575, 35030, 25962, 41332, 29930, 50341, 95831, 2590, 26745, 41232, 70, 39488, 85793, 58309, 70872, 99327, 88254, 30550, 31213, 23235, 47921, 63341, 39623, 7017, 79570, 78861, 12928, 18991, 26220, 27293, 893, 13759, 25385, 96537, 11670, 27906, 86928, 89755, 27687, 54692, 94752, 20532, 38782, 45918, 4523, 75659, 69544, 88552, 85572, 17656, 62265, 78044, 84800, 14164, 26936, 13893, 48999, 60017, 72846, 3571, 42695, 62306, 68863, 50709, 76851, 22840, 30075, 68957, 51681, 3995, 54934, 23633, 40313, 81828, 43565, 93467, 31596, 20598, 21559, 21191, 27644, 84340, 94803, 33290, 83117, 35285, 79534, 63759, 67584, 49205, 26294, 20114, 49761, 91400, 3542, 92067, 63257, 2701, 89296, 12270, 81528, 81672, 31384, 58777, 27337, 51321, 30751, 71492, 11638, 93272, 40855, 78678, 76328, 74979, 72374, 62393, 72846, 45565, 98850, 17696, 46335, 32578, 92311, 41832, 31808, 90436, 84141, 42029, 56113, 5333, 42826, 39820, 71621, 79874, 89507, 77853, 16973, 92414, 73041, 8627, 46972, 90435, 15435, 74409, 47429, 13839, 85013, 69933, 98757, 64452, 75728, 34213, 58475, 27014, 76621, 15510, 70914, 5323, 98343, 60889, 72738, 9351, 96444, 71853, 38706, 69123, 41866, 99660, 32188, 74796, 18863, 3011, 4888, 27881, 20859, 41659, 22212, 47781])"
65.0,6,10,95,12.413097858428955,407,"Genotype(dna=[64805, 51533, 40171, 48465, 22911, 79353, 48457, 54860, 24797, 58797, 69920, 6922, 91761, 94282, 9011, 4649, 28343, 96027, 93330, 28142, 11244, 13904, 48545, 39585, 35411, 56718, 4760, 99388, 66586, 40960, 25516, 27626, 84678, 60531, 87004, 4289, 68691, 4478, 21802, 95529, 2272, 6784, 14696, 36485, 42343, 33571, 53384, 67300, 41141, 30913, 14839, 20155, 29490, 10594, 58921, 26964, 25554, 14905, 68080, 6735, 62986, 79918, 45307, 48174, 19875, 26997, 48296, 81625, 9461, 18594, 95515, 60232, 88541, 37174, 25715, 73980, 38738, 48723, 61575, 35030, 25962, 41332, 29930, 50341, 95831, 2590, 26745, 41232, 70, 39488, 85793, 58309, 70872, 99327, 88254, 30550, 31213, 23235, 47921, 63341, 39623, 7017, 79570, 78861, 12928, 18991, 26220, 27293, 893, 13759, 25385, 96537, 11670, 27906, 86928, 89755, 27687, 54692, 94752, 20532, 38782, 45918, 4523, 75659, 69544, 88552, 85572, 17656, 62265, 78044, 84800, 14164, 26936, 13893, 48999, 60017, 72846, 3571, 42695, 62306, 68863, 50709, 76851, 22840, 30075, 68957, 51681, 3995, 54934, 23633, 40313, 81828, 43565, 93467, 31596, 20598, 21559, 21191, 27644, 84340, 94803, 33290, 83117, 35285, 79534, 63759, 67584, 49205, 26294, 20114, 49761, 91400, 3542, 92067, 63257, 2701, 89296, 12270, 81528, 81672, 31384, 58777, 27337, 51321, 30751, 71492, 11638, 93272, 40855, 78678, 76328, 74979, 72374, 62393, 72846, 45565, 98850, 17696, 46335, 32578, 92311, 41832, 31808, 90436, 84141, 42029, 56113, 5333, 42826, 39820, 71621, 79874, 89507, 77853, 16973, 92414, 73041, 8627, 46972, 90435, 15435, 74409, 47429, 13839, 85013, 69933, 98757, 64452, 75728, 34213, 58475, 27014, 76621, 15510, 70914, 5323, 98343, 60889, 72738, 9351, 96444, 71853, 38706, 69123, 41866, 99660, 32188, 74796, 18863, 3011, 4888, 27881, 20859, 41659, 22212, 47781])"
65.0,6,10,96,12.499591588973999,407,"Genotype(dna=[64805, 51533, 40171, 48465, 22911, 79353, 48457, 54860, 24797, 58797, 69920, 6922, 91761, 94282, 9011, 4649, 28343, 96027, 93330, 28142, 11244, 13904, 48545, 39585, 35411, 56718, 4760, 99388, 66586, 40960, 25516, 27626, 84678, 60531, 87004, 4289, 68691, 4478, 21802, 95529, 2272, 6784, 14696, 36485, 42343, 33571, 53384, 67300, 41141, 30913, 14839, 20155, 29490, 10594, 58921, 26964, 25554, 14905, 68080, 6735, 62986, 79918, 45307, 48174, 19875, 26997, 48296, 81625, 9461, 18594, 95515, 60232, 88541, 37174, 25715, 73980, 38738, 48723, 61575, 35030, 25962, 41332, 29930, 50341, 95831, 2590, 26745, 41232, 70, 39488, 85793, 58309, 70872, 99327, 88254, 30550, 31213, 23235, 47921, 63341, 39623, 7017, 79570, 78861, 12928, 18991, 26220, 27293, 893, 13759, 25385, 96537, 11670, 27906, 86928, 89755, 27687, 54692, 94752, 20532, 38782, 45918, 4523, 75659, 69544, 88552, 85572, 17656, 62265, 78044, 84800, 14164, 26936, 13893, 48999, 60017, 72846, 3571, 42695, 62306, 68863, 50709, 76851, 22840, 30075, 68957, 51681, 3995, 54934, 23633, 40313, 81828, 43565, 93467, 31596, 20598, 21559, 21191, 27644, 84340, 94803, 33290, 83117, 35285, 79534, 63759, 67584, 49205, 26294, 20114, 49761, 91400, 3542, 92067, 63257, 2701, 89296, 12270, 81528, 81672, 31384, 58777, 27337, 51321, 30751, 71492, 11638, 93272, 40855, 78678, 76328, 74979, 72374, 62393, 72846, 45565, 98850, 17696, 46335, 32578, 92311, 41832, 31808, 90436, 84141, 42029, 56113, 5333, 42826, 39820, 71621, 79874, 89507, 77853, 16973, 92414, 73041, 8627, 46972, 90435, 15435, 74409, 47429, 13839, 85013, 69933, 98757, 64452, 75728, 34213, 58475, 27014, 76621, 15510, 70914, 5323, 98343, 60889, 72738, 9351, 96444, 71853, 38706, 69123, 41866, 99660, 32188, 74796, 18863, 3011, 4888, 27881, 20859, 41659, 22212, 47781])"
63.0,6,10,97,12.53599739074707,407,"Genotype(dna=[64805, 51533, 40171, 83753, 22911, 79353, 48457, 54860, 39486, 58797, 69920, 6922, 91761, 94282, 9011, 4649, 28343, 96027, 93330, 28142, 11244, 13904, 48545, 39585, 35411, 56718, 4760, 99388, 66586, 40960, 25516, 27626, 84678, 60531, 84619, 4289, 68691, 4478, 21802, 95529, 2272, 6784, 14696, 36485, 28418, 33571, 53384, 67300, 41141, 30913, 14839, 20155, 29490, 10594, 42294, 26964, 25554, 14905, 68080, 6735, 62986, 79918, 45307, 48174, 1689, 26997, 48296, 81625, 9461, 18594, 95515, 60232, 88541, 37174, 25715, 73980, 38738, 48723, 61575, 35030, 25962, 41332, 29930, 50341, 95831, 2590, 26745, 97779, 70, 39488, 85793, 58309, 51997, 99327, 88254, 30550, 31213, 23235, 47921, 63341, 39623, 7017, 79570, 78861, 12928, 18991, 26220, 27293, 893, 91690, 25385, 96537, 11670, 27906, 86928, 89755, 27687, 54692, 94752, 20532, 38782, 45918, 4523, 75659, 69544, 88552, 85572, 17656, 62265, 78044, 84800, 14164, 26936, 13893, 48999, 60017, 72846, 3571, 42695, 62306, 68863, 50709, 76851, 22840, 30075, 68957, 51681, 3995, 54934, 23633, 40313, 81828, 5616, 93467, 31596, 20598, 21559, 21191, 27644, 84340, 94803, 33290, 83117, 35285, 79534, 63759, 67584, 49205, 26294, 20114, 49761, 91400, 3542, 92067, 63257, 2701, 89296, 12270, 81528, 81672, 31384, 58777, 27337, 51321, 30751, 71492, 11638, 93272, 40855, 78678, 76328, 74979, 72374, 62393, 72846, 45565, 98850, 17696, 46335, 32578, 92311, 41832, 31808, 90436, 84141, 42029, 56113, 5333, 42826, 39820, 71621, 79874, 89507, 77853, 16973, 6768, 73041, 8627, 46972, 90435, 15435, 74409, 47429, 13839, 85013, 69933, 98757, 64452, 75728, 34213, 58475, 27014, 76621, 15510, 70914, 5323, 98343, 60889, 72738, 9351, 96444, 71853, 38706, 69123, 41866, 99660, 79152, 70489, 18863, 34051, 4888, 27881, 20859, 41659, 22212, 47781])"
63.0,6,10,98,12.575876951217651,407,"Genotype(dna=[64805, 51533, 40171, 83753, 22911, 79353, 48457, 54860, 39486, 58797, 69920, 6922, 91761, 94282, 9011, 4649, 28343, 96027, 93330, 28142, 11244, 13904, 48545, 39585, 35411, 56718, 4760, 99388, 66586, 40960, 25516, 27626, 84678, 60531, 84619, 4289, 68691, 4478, 21802, 95529, 2272, 6784, 14696, 36485, 28418, 33571, 53384, 67300, 41141, 30913, 14839, 20155, 29490, 10594, 42294, 26964, 25554, 14905, 68080, 6735, 62986, 79918, 45307, 48174, 1689, 26997, 48296, 81625, 9461, 18594, 95515, 60232, 88541, 37174, 25715, 73980, 38738, 48723, 61575, 35030, 25962, 41332, 29930, 50341, 95831, 2590, 26745, 97779, 70, 39488, 85793, 58309, 51997, 99327, 88254, 30550, 31213, 23235, 47921, 63341, 39623, 7017, 79570, 78861, 12928, 18991, 26220, 27293, 893, 91690, 25385, 96537, 11670, 27906, 86928, 89755, 27687, 54692, 94752, 20532, 38782, 45918, 4523, 75659, 69544, 88552, 85572, 17656, 62265, 78044, 84800, 14164, 26936, 13893, 48999, 60017, 72846, 3571, 42695, 62306, 68863, 50709, 76851, 22840, 30075, 68957, 51681, 3995, 54934, 23633, 40313, 81828, 5616, 93467, 31596, 20598, 21559, 21191, 27644, 84340, 94803, 33290, 83117, 35285, 79534, 63759, 67584, 49205, 26294, 20114, 49761, 91400, 3542, 92067, 63257, 2701, 89296, 12270, 81528, 81672, 31384, 58777, 27337, 51321, 30751, 71492, 11638, 93272, 40855, 78678, 76328, 74979, 72374, 62393, 72846, 45565, 98850, 17696, 46335, 32578, 92311, 41832, 31808, 90436, 84141, 42029, 56113, 5333, 42826, 39820, 71621, 79874, 89507, 77853, 16973, 6768, 73041, 8627, 46972, 90435, 15435, 74409, 47429, 13839, 85013, 69933, 98757, 64452, 75728, 34213, 58475, 27014, 76621, 15510, 70914, 5323, 98343, 60889, 72738, 9351, 96444, 71853, 38706, 69123, 41866, 99660, 79152, 70489, 18863, 34051, 4888, 27881, 20859, 41659, 22212, 47781])"
63.0,6,10,99,12.620465993881226,407,"Genotype(dna=[64805, 51533, 40171, 83753, 22911, 79353, 48457, 54860, 39486, 58797, 69920, 6922, 91761, 94282, 9011, 4649, 28343, 96027, 93330, 28142, 11244, 13904, 48545, 39585, 35411, 56718, 4760, 99388, 66586, 40960, 25516, 27626, 84678, 60531, 84619, 4289, 68691, 4478, 21802, 95529, 2272, 6784, 14696, 36485, 28418, 33571, 53384, 67300, 41141, 30913, 14839, 20155, 29490, 10594, 42294, 26964, 25554, 14905, 68080, 6735, 62986, 79918, 45307, 48174, 1689, 26997, 48296, 81625, 9461, 18594, 95515, 60232, 88541, 37174, 25715, 73980, 38738, 48723, 61575, 35030, 25962, 41332, 29930, 50341, 95831, 2590, 26745, 97779, 70, 39488, 85793, 58309, 51997, 99327, 88254, 30550, 31213, 23235, 47921, 63341, 39623, 7017, 79570, 78861, 12928, 18991, 26220, 27293, 893, 91690, 25385, 96537, 11670, 27906, 86928, 89755, 27687, 54692, 94752, 20532, 38782, 45918, 4523, 75659, 69544, 88552, 85572, 17656, 62265, 78044, 84800, 14164, 26936, 13893, 48999, 60017, 72846, 3571, 42695, 62306, 68863, 50709, 76851, 22840, 30075, 68957, 51681, 3995, 54934, 23633, 40313, 81828, 5616, 93467, 31596, 20598, 21559, 21191, 27644, 84340, 94803, 33290, 83117, 35285, 79534, 63759, 67584, 49205, 26294, 20114, 49761, 91400, 3542, 92067, 63257, 2701, 89296, 12270, 81528, 81672, 31384, 58777, 27337, 51321, 30751, 71492, 11638, 93272, 40855, 78678, 76328, 74979, 72374, 62393, 72846, 45565, 98850, 17696, 46335, 32578, 92311, 41832, 31808, 90436, 84141, 42029, 56113, 5333, 42826, 39820, 71621, 79874, 89507, 77853, 16973, 6768, 73041, 8627, 46972, 90435, 15435, 74409, 47429, 13839, 85013, 69933, 98757, 64452, 75728, 34213, 58475, 27014, 76621, 15510, 70914, 5323, 98343, 60889, 72738, 9351, 96444, 71853, 38706, 69123, 41866, 99660, 79152, 70489, 18863, 34051, 4888, 27881, 20859, 41659, 22212, 47781])"
63.0,6,10,100,12.66603422164917,407,"Genotype(dna=[64805, 51533, 40171, 83753, 22911, 79353, 48457, 54860, 39486, 58797, 69920, 6922, 91761, 94282, 9011, 4649, 28343, 96027, 93330, 28142, 11244, 13904, 48545, 39585, 35411, 56718, 4760, 99388, 66586, 40960, 25516, 27626, 84678, 60531, 84619, 4289, 68691, 4478, 21802, 95529, 2272, 6784, 14696, 36485, 28418, 33571, 53384, 67300, 41141, 30913, 14839, 20155, 29490, 10594, 42294, 26964, 25554, 14905, 68080, 6735, 62986, 79918, 45307, 48174, 1689, 26997, 48296, 81625, 9461, 18594, 95515, 60232, 88541, 37174, 25715, 73980, 38738, 48723, 61575, 35030, 25962, 41332, 29930, 50341, 95831, 2590, 26745, 97779, 70, 39488, 85793, 58309, 51997, 99327, 88254, 30550, 31213, 23235, 47921, 63341, 39623, 7017, 79570, 78861, 12928, 18991, 26220, 27293, 893, 91690, 25385, 96537, 11670, 27906, 86928, 89755, 27687, 54692, 94752, 20532, 38782, 45918, 4523, 75659, 69544, 88552, 85572, 17656, 62265, 78044, 84800, 14164, 26936, 13893, 48999, 60017, 72846, 3571, 42695, 62306, 68863, 50709, 76851, 22840, 30075, 68957, 51681, 3995, 54934, 23633, 40313, 81828, 5616, 93467, 31596, 20598, 21559, 21191, 27644, 84340, 94803, 33290, 83117, 35285, 79534, 63759, 67584, 49205, 26294, 20114, 49761, 91400, 3542, 92067, 63257, 2701, 89296, 12270, 81528, 81672, 31384, 58777, 27337, 51321, 30751, 71492, 11638, 93272, 40855, 78678, 76328, 74979, 72374, 62393, 72846, 45565, 98850, 17696, 46335, 32578, 92311, 41832, 31808, 90436, 84141, 42029, 56113, 5333, 42826, 39820, 71621, 79874, 89507, 77853, 16973, 6768, 73041, 8627, 46972, 90435, 15435, 74409, 47429, 13839, 85013, 69933, 98757, 64452, 75728, 34213, 58475, 27014, 76621, 15510, 70914, 5323, 98343, 60889, 72738, 9351, 96444, 71853, 38706, 69123, 41866, 99660, 79152, 70489, 18863, 34051, 4888, 27881, 20859, 41659, 22212, 47781])"
