30232,synthetic_30232_12_medium,"Grammar<Starting=NT_0012,Productions=[NT_0012 -> NT_0012_P_00000(__a: NT_0007)|NT_0012_P_00001(__a: NT_0006, __b: NT_0006)|NT_0012_P_00002(__a: int, __b: NT_0002)|NT_0012_P_00003(__a: NT_0010, __b: NT_0011, __c: NT_0001);NT_0007 -> NT_0007_P_00000()|NT_0007_P_00001()|NT_0007_P_00002(__a: NT_0007, __b: NT_0007, __c: int);NT_0006 -> NT_0006_P_00000()|NT_0006_P_00001(__a: NT_0005, __b: NT_0000, __c: bool)|NT_0006_P_00002(__a: bool, __b: NT_0004)|NT_0006_P_00003(__a: NT_0006, __b: NT_0003)|NT_0006_P_00004(__a: NT_0000);NT_0005 -> NT_0005_P_00000(__a: int, __b: bool, __c: NT_0002)|NT_0005_P_00001(__a: NT_0003, __b: bool)|NT_0005_P_00002(__a: NT_0003, __b: bool, __c: NT_0004, __d: NT_0001);NT_0002 -> NT_0002_P_00000(__a: NT_0002, __b: NT_0000, __c: bool, __d: NT_0002, __e: NT_0002)|NT_0002_P_00001(__a: NT_0002, __b: NT_0001);NT_0000 -> NT_0000_P_00000(__a: bool, __b: bool, __c: NT_0000, __d: int)|NT_0000_P_00001(__a: int, __b: int, __c: NT_0000)|NT_0000_P_00002(__a: bool)|NT_0000_P_00003(__a: NT_0000, __b: bool, __c: bool, __d: bool)|NT_0000_P_00004(__a: bool);NT_0001 -> NT_0001_P_00000(__a: int)|NT_0001_P_00001(__a: bool, __b: NT_0001, __c: NT_0001, __d: NT_0000, __e: bool)|NT_0001_P_00002();NT_0003 -> NT_0003_P_00000(__a: int, __b: NT_0002, __c: int, __d: NT_0001)|NT_0003_P_00001(__a: NT_0000)|NT_0003_P_00002(__a: NT_0000);NT_0004 -> NT_0004_P_00000(__a: NT_0001)|NT_0004_P_00001(__a: NT_0000, __b: NT_0002)|NT_0004_P_00002(__a: NT_0002)|NT_0004_P_00003(__a: NT_0002, __b: int, __c: NT_0004, __d: NT_0000, __e: NT_0001);NT_0010 -> NT_0010_P_00000(__a: NT_0007)|NT_0010_P_00001(__a: NT_0001, __b: bool, __c: NT_0006, __d: NT_0002)|NT_0010_P_00002(__a: int)|NT_0010_P_00003(__a: NT_0008, __b: NT_0008, __c: NT_0002);NT_0008 -> NT_0008_P_00000(__a: NT_0005, __b: int, __c: NT_0007)|NT_0008_P_00001(__a: NT_0000, __b: NT_0004, __c: NT_0005, __d: NT_0004, __e: NT_0007)|NT_0008_P_00002(__a: NT_0001, __b: NT_0004, __c: bool, __d: NT_0000);NT_0011 -> NT_0011_P_00000()|NT_0011_P_00001(__a: NT_0003, __b: NT_0009, __c: NT_0005, __d: NT_0010)|NT_0011_P_00002(__a: NT_0005, __b: NT_0005, __c: NT_0010, __d: NT_0000)|NT_0011_P_00003(__a: NT_0005);NT_0009 -> NT_0009_P_00000(__a: NT_0007, __b: NT_0007, __c: NT_0006, __d: NT_0005)|NT_0009_P_00001(__a: NT_0009, __b: NT_0005, __c: NT_0009, __d: bool)|NT_0009_P_00002(__a: NT_0008, __b: NT_0002, __c: NT_0001, __d: NT_0001)]>",medium,treebased,12,27,12.550905227661133,0,100,"NT_0012_P_00003(__a=NT_0010_P_00000(__a=NT_0007_P_00000()), __b=NT_0011_P_00002(__a=NT_0005_P_00002(__a=NT_0003_P_00001(__a=NT_0000_P_00001(__a=28, __b=47, __c=NT_0000_P_00000(__a=False, __b=True, __c=NT_0000_P_00001(__a=38, __b=77, __c=NT_0000_P_00000(__a=False, __b=False, __c=NT_0000_P_00004(__a=False), __d=69)), __d=0))), __b=True, __c=NT_0004_P_00000(__a=NT_0001_P_00000(__a=75)), __d=NT_0001_P_00002()), __b=NT_0005_P_00002(__a=NT_0003_P_00002(__a=NT_0000_P_00001(__a=4, __b=77, __c=NT_0000_P_00001(__a=90, __b=58, __c=NT_0000_P_00000(__a=False, __b=True, __c=NT_0000_P_00000(__a=True, __b=False, __c=NT_0000_P_00003(__a=NT_0000_P_00003(__a=NT_0000_P_00004(__a=False), __b=True, __c=True, __d=False), __b=False, __c=False, __d=False), __d=39), __d=73)))), __b=False, __c=NT_0004_P_00000(__a=NT_0001_P_00000(__a=49)), __d=NT_0001_P_00001(__a=True, __b=NT_0001_P_00000(__a=11), __c=NT_0001_P_00001(__a=False, __b=NT_0001_P_00002(), __c=NT_0001_P_00000(__a=76), __d=NT_0000_P_00001(__a=90, __b=33, __c=NT_0000_P_00003(__a=NT_0000_P_00004(__a=True), __b=False, __c=False, __d=False)), __e=False), __d=NT_0000_P_00000(__a=True, __b=True, __c=NT_0000_P_00000(__a=True, __b=False, __c=NT_0000_P_00003(__a=NT_0000_P_00002(__a=True), __b=False, __c=True, __d=True), __d=100), __d=70), __e=False)), __c=NT_0010_P_00000(__a=NT_0007_P_00001()), __d=NT_0000_P_00002(__a=True)), __c=NT_0001_P_00001(__a=False, __b=NT_0001_P_00001(__a=True, __b=NT_0001_P_00001(__a=False, __b=NT_0001_P_00001(__a=True, __b=NT_0001_P_00002(), __c=NT_0001_P_00000(__a=45), __d=NT_0000_P_00001(__a=27, __b=52, __c=NT_0000_P_00001(__a=62, __b=25, __c=NT_0000_P_00002(__a=False))), __e=True), __c=NT_0001_P_00002(), __d=NT_0000_P_00003(__a=NT_0000_P_00000(__a=True, __b=True, __c=NT_0000_P_00003(__a=NT_0000_P_00000(__a=True, __b=False, __c=NT_0000_P_00002(__a=False), __d=77), __b=False, __c=False, __d=True), __d=18), __b=True, __c=False, __d=True), __e=True), __c=NT_0001_P_00000(__a=17), __d=NT_0000_P_00004(__a=True), __e=True), __c=NT_0001_P_00002(), __d=NT_0000_P_00003(__a=NT_0000_P_00000(__a=False, __b=True, __c=NT_0000_P_00001(__a=2, __b=95, __c=NT_0000_P_00000(__a=True, __b=True, __c=NT_0000_P_00000(__a=False, __b=True, __c=NT_0000_P_00002(__a=True), __d=69), __d=35)), __d=60), __b=False, __c=False, __d=True), __e=True))",49,5,0.05693815114209133,0.19827784249109315,5,5,2,1000000,13,"{2: 1, 3: 6, 4: 4, 5: 2}",10,13,4,5,5
