Fitness,Depth,Nodes,Generations,time_since_the_start_of_the_evolution,seed,genotype_as_str
0.0,8,841,1,4.475688695907593,10270,"Genotype(dna=[70053, 17806, 15098, 33636, 90502, 37383, 29913, 26618, 39838, 79842, 94008, 41250, 21640, 16054, 2054, 8846, 72710, 53888, 60315, 16346, 8970, 13609, 90943, 41996, 79957, 9221, 5300, 26301, 84269, 63843, 66582, 49170, 36860, 59836, 68157, 35688, 11537, 93391, 51253, 75430, 59758, 88883, 53977, 79003, 14725, 37343, 96954, 59143, 60544, 13728, 66113, 52912, 78622, 66361, 85567, 82179, 19905, 49689, 2125, 47204, 94200, 56806, 18393, 33477, 16187, 69620, 87000, 93840, 1535, 2520, 81075, 69449, 87825, 74513, 77890, 9153, 44155, 35697, 31765, 73883, 95793, 81908, 40218, 75182, 11694, 36449, 47626, 60311, 35705, 63954, 2699, 39991, 29241, 54585, 69467, 27455, 98853, 51233, 60058, 4359, 8603, 99102, 59542, 98401, 94563, 32885, 89830, 75671, 82457, 56462, 67214, 83235, 82907, 74317, 54595, 21581, 94944, 59529, 23853, 88338, 94832, 26781, 44505, 39952, 77105, 2953, 91343, 37076, 33681, 79364, 37100, 83495, 62374, 23759, 47902, 35947, 89746, 76809, 41050, 82733, 51082, 43704, 89745, 32779, 5725, 42072, 49926, 38732, 85725, 32907, 6714, 97348, 41157, 27576, 51519, 66706, 6262, 11290, 58933, 23606, 58270, 73658, 37823, 49868, 35248, 29448, 8948, 96506, 76049, 10618, 70451, 49003, 34858, 43917, 69368, 66052, 57699, 53634, 44631, 96189, 19899, 29565, 1246, 54057, 78347, 9599, 12149, 65260, 39921, 34837, 6323, 63603, 24866, 43174, 12808, 31889, 73555, 14856, 75653, 72979, 34966, 17060, 67852, 55607, 26438, 8253, 28720, 11700, 59039, 33958, 20043, 17201, 94048, 44380, 50950, 50218, 33081, 31166, 89913, 89773, 43767, 9008, 15782, 36472, 75203, 62899, 8138, 74511, 61439, 40781, 1886, 74557, 8184, 29588, 65032, 81737, 6605, 5861, 57589, 43151, 11687, 36565, 41135, 19672, 66036, 80391, 49656, 35473, 58463, 5282, 60487, 44435, 43550, 30343, 84366, 83034])"
