Fitness,Depth,Nodes,Generations,time_since_the_start_of_the_evolution,seed,genotype_as_str
18.0,5,8,1,1.6338624954223633,30017,"Genotype(dna=[58145, 15436, 93254, 34628, 14376, 32174, 99525, 94437, 43110, 56941, 16895, 14022, 78755, 80577, 15708, 23550, 80382, 20916, 60853, 63378, 1330, 18441, 905, 13258, 94235, 93118, 65564, 89273, 21369, 55804, 63426, 90057, 53568, 79418, 49862, 54073, 30102, 35164, 84399, 31999, 11415, 49426, 68328, 16346, 84164, 75850, 58450, 48391, 47795, 2239, 42704, 38216, 72352, 13547, 25241, 11748, 37739, 92750, 2875, 83848, 95118, 93849, 83281, 38402, 21212, 3029, 76860, 695, 45269, 18371, 39613, 72248, 28408, 23246, 25480, 18116, 91731, 94976, 94915, 33455, 75464, 45522, 16960, 78515, 95896, 47565, 28782, 58491, 35314, 66508, 32211, 13049, 22147, 84353, 29470, 35677, 94642, 47675, 69529, 88118, 93844, 19949, 23167, 69536, 91685, 46842, 26355, 13180, 68789, 17057, 71467, 77361, 57135, 75598, 86854, 97207, 84869, 51659, 81638, 18811, 69371, 395, 45528, 39174, 75159, 8629, 62496, 3787, 57711, 83040, 2285, 12481, 94544, 50639, 29434, 15707, 98515, 26160, 68143, 25981, 76604, 93356, 45619, 29201, 31721, 35127, 54831, 43636, 24036, 73943, 11533, 44278, 59014, 27984, 74714, 33577, 71710, 10543, 6911, 21962, 51174, 85215, 46175, 51568, 87987, 7115, 94899, 29000, 64159, 31597, 53850, 95983, 24694, 68481, 32407, 39248, 39036, 93768, 61010, 81338, 86680, 65404, 87872, 98933, 68757, 47526, 11777, 60830, 77040, 55037, 80801, 13792, 3875, 94131, 32856, 47956, 98357, 78582, 3909, 47826, 83138, 10178, 13730, 51804, 80953, 25196, 79779, 2545, 7148, 16244, 57852, 80135, 50901, 24588, 53128, 95163, 91729, 25713, 73371, 55303, 34601, 8261, 35618, 31261, 38746, 26217, 54463, 10463, 99663, 90076, 38775, 36879, 36124, 96247, 88590, 38057, 85489, 28525, 67778, 4866, 67699, 535, 20057, 47278, 3961, 49211, 4758, 322, 15344, 41404, 14380, 89525, 26265, 49335, 31336, 2285])"
11.0,8,12,2,2.0490784645080566,30017,"Genotype(dna=[20102, 53111, 67896, 99966, 57432, 71372, 44761, 89561, 53356, 31256, 86299, 72115, 58790, 8215, 7159, 28, 31357, 73793, 60778, 13359, 31637, 51650, 80968, 24871, 26087, 70078, 19352, 67610, 8864, 79305, 8290, 57370, 85071, 29418, 77340, 50329, 27355, 89513, 97447, 84500, 9941, 34865, 52316, 77167, 28032, 92737, 13850, 95218, 90143, 36322, 73382, 83209, 50595, 29908, 4380, 67374, 95605, 65030, 85948, 42248, 91412, 13958, 69730, 60953, 51956, 13066, 30805, 17807, 85504, 25885, 30231, 41736, 9131, 23763, 59868, 50982, 61663, 73951, 35356, 87831, 21487, 31721, 96186, 67227, 59849, 61794, 78461, 52346, 45961, 34334, 36372, 60282, 67362, 58154, 96876, 65163, 33858, 60720, 93321, 79994, 8111, 37696, 87014, 85991, 62606, 20516, 34700, 24859, 9261, 97371, 80261, 58545, 36182, 14392, 59423, 50160, 1892, 903, 91030, 17001, 87344, 36584, 34585, 70471, 72142, 15025, 51557, 27650, 42477, 49326, 41749, 62748, 98765, 34665, 95777, 89357, 46574, 6745, 22187, 62440, 25149, 45941, 53358, 51499, 46258, 16390, 67600, 61126, 33967, 60411, 92396, 12334, 65244, 47859, 92674, 51901, 54755, 78567, 6218, 35092, 83822, 96937, 14954, 15385, 58187, 4425, 21976, 63585, 21374, 88340, 58312, 98111, 83331, 64714, 9640, 74831, 13634, 97277, 37516, 65177, 14580, 30846, 88252, 82100, 31301, 89984, 88237, 91053, 11421, 79153, 67964, 39274, 14818, 92975, 8461, 91862, 17578, 2051, 97455, 1737, 80593, 73886, 54452, 63215, 43073, 70672, 7208, 25144, 46246, 20188, 33119, 44647, 95657, 94689, 22147, 46185, 14469, 97008, 89816, 53636, 44472, 40787, 76703, 46921, 82127, 78564, 66446, 9953, 35853, 56715, 22645, 31168, 62551, 55572, 12117, 39028, 16443, 24452, 58602, 64085, 43743, 72824, 36709, 45716, 63052, 34896, 10370, 13394, 4334, 33206, 26994, 33844, 97072, 16488, 91981, 52759])"
11.0,8,12,3,2.5503554344177246,30017,"Genotype(dna=[20102, 53111, 67896, 99966, 57432, 71372, 44761, 89561, 53356, 31256, 86299, 72115, 58790, 8215, 7159, 28, 31357, 73793, 60778, 13359, 31637, 51650, 80968, 24871, 26087, 70078, 19352, 67610, 8864, 79305, 8290, 57370, 85071, 29418, 77340, 50329, 27355, 89513, 97447, 84500, 9941, 34865, 52316, 77167, 28032, 92737, 13850, 95218, 90143, 36322, 73382, 83209, 50595, 29908, 4380, 67374, 95605, 65030, 85948, 42248, 91412, 13958, 69730, 60953, 51956, 13066, 30805, 17807, 85504, 25885, 30231, 41736, 9131, 23763, 59868, 50982, 61663, 73951, 35356, 87831, 21487, 31721, 96186, 67227, 59849, 61794, 78461, 52346, 45961, 34334, 36372, 60282, 67362, 58154, 96876, 65163, 33858, 60720, 93321, 79994, 8111, 37696, 87014, 85991, 62606, 20516, 34700, 24859, 9261, 97371, 80261, 58545, 36182, 14392, 59423, 50160, 1892, 903, 91030, 17001, 87344, 36584, 34585, 70471, 72142, 15025, 51557, 27650, 42477, 49326, 41749, 62748, 98765, 34665, 95777, 89357, 46574, 6745, 22187, 62440, 25149, 45941, 53358, 51499, 46258, 16390, 67600, 61126, 33967, 60411, 92396, 12334, 65244, 47859, 92674, 51901, 54755, 78567, 6218, 35092, 83822, 96937, 14954, 15385, 58187, 4425, 21976, 63585, 21374, 88340, 58312, 98111, 83331, 64714, 9640, 74831, 13634, 97277, 37516, 65177, 14580, 30846, 88252, 82100, 31301, 89984, 88237, 91053, 11421, 79153, 67964, 39274, 14818, 92975, 8461, 91862, 17578, 2051, 97455, 1737, 80593, 73886, 54452, 63215, 43073, 70672, 7208, 25144, 46246, 20188, 33119, 44647, 95657, 94689, 22147, 46185, 14469, 97008, 89816, 53636, 44472, 40787, 76703, 46921, 82127, 78564, 66446, 9953, 35853, 56715, 22645, 31168, 62551, 55572, 12117, 39028, 16443, 24452, 58602, 64085, 43743, 72824, 36709, 45716, 63052, 34896, 10370, 13394, 4334, 33206, 26994, 33844, 97072, 16488, 91981, 52759])"
9.0,9,12,4,2.9061264991760254,30017,"Genotype(dna=[20102, 53111, 67896, 99966, 57432, 71372, 44761, 89561, 53356, 31256, 39381, 72115, 58790, 8215, 7159, 28, 31357, 73793, 13833, 13359, 31637, 51650, 50314, 24871, 99824, 70078, 19352, 67610, 8864, 79305, 8290, 31087, 85071, 29418, 77340, 50329, 27355, 89513, 97447, 84500, 9941, 34865, 52316, 77167, 28032, 92737, 13850, 95218, 90143, 36322, 73382, 83209, 50595, 29908, 4380, 67374, 95605, 65030, 85948, 42248, 91412, 13958, 69730, 76739, 59564, 13066, 30805, 17807, 85504, 25885, 30231, 41736, 32772, 13249, 68075, 50982, 61663, 73951, 35356, 87831, 21487, 31721, 96186, 67227, 59849, 61794, 78461, 52346, 45961, 34334, 36372, 60282, 93631, 47851, 18368, 97837, 90843, 50044, 67106, 21029, 76770, 77173, 66653, 49410, 97752, 86757, 83996, 26685, 83835, 57737, 66299, 5497, 59270, 59852, 19598, 5295, 52961, 28586, 12768, 25880, 9764, 52318, 90347, 34046, 12668, 13453, 87433, 4021, 45377, 10277, 74874, 76394, 7605, 24243, 28344, 96207, 14934, 86057, 98623, 61297, 48913, 65511, 57634, 62693, 90568, 26342, 95736, 54070, 86161, 27575, 28557, 7573, 92339, 3254, 31672, 30710, 4416, 97807, 31837, 57196, 53503, 6147, 65867, 2608, 68946, 77365, 44653, 42953, 19138, 94194, 59455, 50431, 99045, 7938, 5854, 96463, 44531, 1422, 27718, 68091, 61239, 21849, 87874, 36791, 89356, 46537, 32390, 29972, 32705, 27853, 91028, 55173, 75024, 49609, 58069, 29463, 48887, 24545, 19401, 9026, 84491, 84629, 55840, 16831, 42497, 26135, 78732, 8183, 87598, 47086, 83512, 87240, 59283, 89156, 53905, 46429, 4512, 52203, 438, 29946, 8007, 16562, 57340, 65957, 39710, 53441, 79987, 27670, 61019, 64265, 1404, 59047, 81735, 86102, 26232, 71023, 41493, 93795, 6951, 35667, 59760, 12053, 71079, 1401, 41365, 2318, 45804, 51593, 92573, 18264, 96354, 53502, 72051, 65419, 58477, 67208])"
8.0,9,12,5,3.4358222484588623,30017,"Genotype(dna=[20102, 53111, 67896, 30890, 57432, 71372, 44761, 89561, 53356, 31256, 39381, 71390, 58790, 8215, 7159, 28, 31357, 73793, 13833, 13359, 31637, 51650, 50314, 24871, 99824, 70078, 19352, 67610, 31462, 79305, 8290, 31087, 89799, 29418, 77340, 50329, 27355, 89513, 97447, 84500, 9941, 34865, 52316, 77167, 28032, 92737, 13850, 95218, 90143, 36322, 73382, 83209, 50595, 29908, 37353, 67374, 95605, 65030, 85948, 42248, 51742, 13958, 59791, 76739, 59564, 13066, 30805, 17807, 85504, 25885, 30231, 41736, 32772, 13249, 68075, 36149, 61663, 73951, 35356, 87831, 89235, 31721, 96186, 67227, 59849, 61794, 78461, 52346, 45961, 54629, 36372, 60282, 93631, 47851, 18368, 97837, 90843, 50044, 67106, 21029, 76770, 77173, 66653, 49410, 97752, 86757, 83996, 26685, 83835, 57737, 66299, 5497, 59270, 59852, 19598, 5295, 52961, 28586, 12768, 25880, 9764, 52318, 90347, 34046, 12668, 13453, 87433, 27650, 42477, 49326, 41749, 62748, 98765, 34665, 95777, 89357, 46574, 6745, 22187, 62440, 25149, 45941, 53358, 51499, 46258, 16390, 67600, 61126, 33967, 60411, 92396, 12334, 65244, 47859, 92674, 51901, 54755, 78567, 6218, 35092, 83822, 96937, 14954, 15385, 58187, 4425, 21976, 55065, 21374, 70734, 58312, 98111, 83331, 64714, 9640, 74831, 13634, 97277, 37516, 65177, 3699, 30846, 88252, 82100, 31301, 89984, 88237, 91053, 11421, 79153, 67964, 39274, 14818, 92975, 8461, 91862, 17578, 2051, 97455, 1737, 80593, 73886, 54452, 63215, 43073, 70672, 7208, 25144, 46246, 58663, 33119, 44647, 95657, 94689, 22147, 46185, 14469, 97008, 89816, 53636, 44472, 40787, 76703, 46921, 82127, 78564, 66446, 9953, 35853, 56715, 22645, 31168, 62551, 55572, 12117, 39028, 68644, 24452, 58602, 64085, 43743, 72824, 36709, 45716, 63052, 34896, 10370, 13394, 4334, 33206, 26994, 33844, 97072, 16488, 91981, 52759])"
8.0,9,12,6,3.79630184173584,30017,"Genotype(dna=[20102, 53111, 67896, 30890, 57432, 71372, 44761, 89561, 53356, 31256, 39381, 71390, 58790, 8215, 7159, 28, 31357, 73793, 13833, 13359, 31637, 51650, 50314, 24871, 99824, 70078, 19352, 67610, 31462, 79305, 8290, 31087, 89799, 29418, 77340, 50329, 27355, 89513, 97447, 84500, 9941, 34865, 52316, 77167, 28032, 92737, 13850, 95218, 90143, 36322, 73382, 83209, 50595, 29908, 37353, 67374, 95605, 65030, 85948, 42248, 51742, 13958, 59791, 76739, 59564, 13066, 30805, 17807, 85504, 25885, 30231, 41736, 32772, 13249, 68075, 36149, 61663, 73951, 35356, 87831, 89235, 31721, 96186, 67227, 59849, 61794, 78461, 52346, 45961, 54629, 36372, 60282, 93631, 47851, 18368, 97837, 90843, 50044, 67106, 21029, 76770, 77173, 66653, 49410, 97752, 86757, 83996, 26685, 83835, 57737, 66299, 5497, 59270, 59852, 19598, 5295, 52961, 28586, 12768, 25880, 9764, 52318, 90347, 34046, 12668, 13453, 87433, 27650, 42477, 49326, 41749, 62748, 98765, 34665, 95777, 89357, 46574, 6745, 22187, 62440, 25149, 45941, 53358, 51499, 46258, 16390, 67600, 61126, 33967, 60411, 92396, 12334, 65244, 47859, 92674, 51901, 54755, 78567, 6218, 35092, 83822, 96937, 14954, 15385, 58187, 4425, 21976, 55065, 21374, 70734, 58312, 98111, 83331, 64714, 9640, 74831, 13634, 97277, 37516, 65177, 3699, 30846, 88252, 82100, 31301, 89984, 88237, 91053, 11421, 79153, 67964, 39274, 14818, 92975, 8461, 91862, 17578, 2051, 97455, 1737, 80593, 73886, 54452, 63215, 43073, 70672, 7208, 25144, 46246, 58663, 33119, 44647, 95657, 94689, 22147, 46185, 14469, 97008, 89816, 53636, 44472, 40787, 76703, 46921, 82127, 78564, 66446, 9953, 35853, 56715, 22645, 31168, 62551, 55572, 12117, 39028, 68644, 24452, 58602, 64085, 43743, 72824, 36709, 45716, 63052, 34896, 10370, 13394, 4334, 33206, 26994, 33844, 97072, 16488, 91981, 52759])"
8.0,9,12,7,4.044801712036133,30017,"Genotype(dna=[20102, 53111, 67896, 30890, 57432, 71372, 44761, 89561, 53356, 31256, 39381, 71390, 58790, 8215, 7159, 28, 31357, 73793, 13833, 13359, 31637, 51650, 50314, 24871, 99824, 70078, 19352, 67610, 31462, 79305, 8290, 31087, 89799, 29418, 77340, 50329, 27355, 89513, 97447, 84500, 9941, 34865, 52316, 77167, 28032, 92737, 13850, 95218, 90143, 36322, 73382, 83209, 50595, 29908, 37353, 67374, 95605, 65030, 85948, 42248, 51742, 13958, 59791, 76739, 59564, 13066, 30805, 17807, 85504, 25885, 30231, 41736, 32772, 13249, 68075, 36149, 61663, 73951, 35356, 87831, 89235, 31721, 96186, 67227, 59849, 61794, 78461, 52346, 45961, 54629, 36372, 60282, 93631, 47851, 18368, 97837, 90843, 50044, 67106, 21029, 76770, 77173, 66653, 49410, 97752, 86757, 83996, 26685, 83835, 57737, 66299, 5497, 59270, 59852, 19598, 5295, 52961, 28586, 12768, 25880, 9764, 52318, 90347, 34046, 12668, 13453, 87433, 27650, 42477, 49326, 41749, 62748, 98765, 34665, 95777, 89357, 46574, 6745, 22187, 62440, 25149, 45941, 53358, 51499, 46258, 16390, 67600, 61126, 33967, 60411, 92396, 12334, 65244, 47859, 92674, 51901, 54755, 78567, 6218, 35092, 83822, 96937, 14954, 15385, 58187, 4425, 21976, 55065, 21374, 70734, 58312, 98111, 83331, 64714, 9640, 74831, 13634, 97277, 37516, 65177, 3699, 30846, 88252, 82100, 31301, 89984, 88237, 91053, 11421, 79153, 67964, 39274, 14818, 92975, 8461, 91862, 17578, 2051, 97455, 1737, 80593, 73886, 54452, 63215, 43073, 70672, 7208, 25144, 46246, 58663, 33119, 44647, 95657, 94689, 22147, 46185, 14469, 97008, 89816, 53636, 44472, 40787, 76703, 46921, 82127, 78564, 66446, 9953, 35853, 56715, 22645, 31168, 62551, 55572, 12117, 39028, 68644, 24452, 58602, 64085, 43743, 72824, 36709, 45716, 63052, 34896, 10370, 13394, 4334, 33206, 26994, 33844, 97072, 16488, 91981, 52759])"
8.0,9,12,8,4.281428813934326,30017,"Genotype(dna=[20102, 53111, 67896, 30890, 57432, 71372, 44761, 89561, 53356, 31256, 39381, 71390, 58790, 8215, 7159, 28, 31357, 73793, 13833, 13359, 31637, 51650, 50314, 24871, 99824, 70078, 19352, 67610, 31462, 79305, 8290, 31087, 89799, 29418, 77340, 50329, 27355, 89513, 97447, 84500, 9941, 34865, 52316, 77167, 28032, 92737, 13850, 95218, 90143, 36322, 73382, 83209, 50595, 29908, 37353, 67374, 95605, 65030, 85948, 42248, 51742, 13958, 59791, 76739, 59564, 13066, 30805, 17807, 85504, 25885, 30231, 41736, 32772, 13249, 68075, 36149, 61663, 73951, 35356, 87831, 89235, 31721, 96186, 67227, 59849, 61794, 78461, 52346, 45961, 54629, 36372, 60282, 93631, 47851, 18368, 97837, 90843, 50044, 67106, 21029, 76770, 77173, 66653, 49410, 97752, 86757, 83996, 26685, 83835, 57737, 66299, 5497, 59270, 59852, 19598, 5295, 52961, 28586, 12768, 25880, 9764, 52318, 90347, 34046, 12668, 13453, 87433, 27650, 42477, 49326, 41749, 62748, 98765, 34665, 95777, 89357, 46574, 6745, 22187, 62440, 25149, 45941, 53358, 51499, 46258, 16390, 67600, 61126, 33967, 60411, 92396, 12334, 65244, 47859, 92674, 51901, 54755, 78567, 6218, 35092, 83822, 96937, 14954, 15385, 58187, 4425, 21976, 55065, 21374, 70734, 58312, 98111, 83331, 64714, 9640, 74831, 13634, 97277, 37516, 65177, 3699, 30846, 88252, 82100, 31301, 89984, 88237, 91053, 11421, 79153, 67964, 39274, 14818, 92975, 8461, 91862, 17578, 2051, 97455, 1737, 80593, 73886, 54452, 63215, 43073, 70672, 7208, 25144, 46246, 58663, 33119, 44647, 95657, 94689, 22147, 46185, 14469, 97008, 89816, 53636, 44472, 40787, 76703, 46921, 82127, 78564, 66446, 9953, 35853, 56715, 22645, 31168, 62551, 55572, 12117, 39028, 68644, 24452, 58602, 64085, 43743, 72824, 36709, 45716, 63052, 34896, 10370, 13394, 4334, 33206, 26994, 33844, 97072, 16488, 91981, 52759])"
8.0,9,12,9,4.449373483657837,30017,"Genotype(dna=[20102, 53111, 67896, 30890, 57432, 71372, 44761, 89561, 53356, 31256, 39381, 71390, 58790, 8215, 7159, 28, 31357, 73793, 13833, 13359, 31637, 51650, 50314, 24871, 99824, 70078, 19352, 67610, 31462, 79305, 8290, 31087, 89799, 29418, 77340, 50329, 27355, 89513, 97447, 84500, 9941, 34865, 52316, 77167, 28032, 92737, 13850, 95218, 90143, 36322, 73382, 83209, 50595, 29908, 37353, 67374, 95605, 65030, 85948, 42248, 51742, 13958, 59791, 76739, 59564, 13066, 30805, 17807, 85504, 25885, 30231, 41736, 32772, 13249, 68075, 36149, 61663, 73951, 35356, 87831, 89235, 31721, 96186, 67227, 59849, 61794, 78461, 52346, 45961, 54629, 36372, 60282, 93631, 47851, 18368, 97837, 90843, 50044, 67106, 21029, 76770, 77173, 66653, 49410, 97752, 86757, 83996, 26685, 83835, 57737, 66299, 5497, 59270, 59852, 19598, 5295, 52961, 28586, 12768, 25880, 9764, 52318, 90347, 34046, 12668, 13453, 87433, 27650, 42477, 49326, 41749, 62748, 98765, 34665, 95777, 89357, 46574, 6745, 22187, 62440, 25149, 45941, 53358, 51499, 46258, 16390, 67600, 61126, 33967, 60411, 92396, 12334, 65244, 47859, 92674, 51901, 54755, 78567, 6218, 35092, 83822, 96937, 14954, 15385, 58187, 4425, 21976, 55065, 21374, 70734, 58312, 98111, 83331, 64714, 9640, 74831, 13634, 97277, 37516, 65177, 3699, 30846, 88252, 82100, 31301, 89984, 88237, 91053, 11421, 79153, 67964, 39274, 14818, 92975, 8461, 91862, 17578, 2051, 97455, 1737, 80593, 73886, 54452, 63215, 43073, 70672, 7208, 25144, 46246, 58663, 33119, 44647, 95657, 94689, 22147, 46185, 14469, 97008, 89816, 53636, 44472, 40787, 76703, 46921, 82127, 78564, 66446, 9953, 35853, 56715, 22645, 31168, 62551, 55572, 12117, 39028, 68644, 24452, 58602, 64085, 43743, 72824, 36709, 45716, 63052, 34896, 10370, 13394, 4334, 33206, 26994, 33844, 97072, 16488, 91981, 52759])"
8.0,9,12,10,4.641350030899048,30017,"Genotype(dna=[20102, 53111, 67896, 30890, 57432, 71372, 44761, 89561, 53356, 31256, 39381, 71390, 58790, 8215, 7159, 28, 31357, 73793, 13833, 13359, 31637, 51650, 50314, 24871, 99824, 70078, 19352, 67610, 31462, 79305, 8290, 31087, 89799, 29418, 77340, 50329, 27355, 89513, 97447, 84500, 9941, 34865, 52316, 77167, 28032, 92737, 13850, 95218, 90143, 36322, 73382, 83209, 50595, 29908, 37353, 67374, 95605, 65030, 85948, 42248, 51742, 13958, 59791, 76739, 59564, 13066, 30805, 17807, 85504, 25885, 30231, 41736, 32772, 13249, 68075, 36149, 61663, 73951, 35356, 87831, 89235, 31721, 96186, 67227, 59849, 61794, 78461, 52346, 45961, 54629, 36372, 60282, 93631, 47851, 18368, 97837, 90843, 50044, 67106, 21029, 76770, 77173, 66653, 49410, 97752, 86757, 83996, 26685, 83835, 57737, 66299, 5497, 59270, 59852, 19598, 5295, 52961, 28586, 12768, 25880, 9764, 52318, 90347, 34046, 12668, 13453, 87433, 27650, 42477, 49326, 41749, 62748, 98765, 34665, 95777, 89357, 46574, 6745, 22187, 62440, 25149, 45941, 53358, 51499, 46258, 16390, 67600, 61126, 33967, 60411, 92396, 12334, 65244, 47859, 92674, 51901, 54755, 78567, 6218, 35092, 83822, 96937, 14954, 15385, 58187, 4425, 21976, 55065, 21374, 70734, 58312, 98111, 83331, 64714, 9640, 74831, 13634, 97277, 37516, 65177, 3699, 30846, 88252, 82100, 31301, 89984, 88237, 91053, 11421, 79153, 67964, 39274, 14818, 92975, 8461, 91862, 17578, 2051, 97455, 1737, 80593, 73886, 54452, 63215, 43073, 70672, 7208, 25144, 46246, 58663, 33119, 44647, 95657, 94689, 22147, 46185, 14469, 97008, 89816, 53636, 44472, 40787, 76703, 46921, 82127, 78564, 66446, 9953, 35853, 56715, 22645, 31168, 62551, 55572, 12117, 39028, 68644, 24452, 58602, 64085, 43743, 72824, 36709, 45716, 63052, 34896, 10370, 13394, 4334, 33206, 26994, 33844, 97072, 16488, 91981, 52759])"
8.0,9,12,11,4.806887626647949,30017,"Genotype(dna=[20102, 53111, 67896, 30890, 57432, 71372, 44761, 89561, 53356, 31256, 39381, 71390, 58790, 8215, 7159, 28, 31357, 73793, 13833, 13359, 31637, 51650, 50314, 24871, 99824, 70078, 19352, 67610, 31462, 79305, 8290, 31087, 89799, 29418, 77340, 50329, 27355, 89513, 97447, 84500, 9941, 34865, 52316, 77167, 28032, 92737, 13850, 95218, 90143, 36322, 73382, 83209, 50595, 29908, 37353, 67374, 95605, 65030, 85948, 42248, 51742, 13958, 59791, 76739, 59564, 13066, 30805, 17807, 85504, 25885, 30231, 41736, 32772, 13249, 68075, 36149, 61663, 73951, 35356, 87831, 89235, 31721, 96186, 67227, 59849, 61794, 78461, 52346, 45961, 54629, 36372, 60282, 93631, 47851, 18368, 97837, 90843, 50044, 67106, 21029, 76770, 77173, 66653, 49410, 97752, 86757, 83996, 26685, 83835, 57737, 66299, 5497, 59270, 59852, 19598, 5295, 52961, 28586, 12768, 25880, 9764, 52318, 90347, 34046, 12668, 13453, 87433, 27650, 42477, 49326, 41749, 62748, 98765, 34665, 95777, 89357, 46574, 6745, 22187, 62440, 25149, 45941, 53358, 51499, 46258, 16390, 67600, 61126, 33967, 60411, 92396, 12334, 65244, 47859, 92674, 51901, 54755, 78567, 6218, 35092, 83822, 96937, 14954, 15385, 58187, 4425, 21976, 55065, 21374, 70734, 58312, 98111, 83331, 64714, 9640, 74831, 13634, 97277, 37516, 65177, 3699, 30846, 88252, 82100, 31301, 89984, 88237, 91053, 11421, 79153, 67964, 39274, 14818, 92975, 8461, 91862, 17578, 2051, 97455, 1737, 80593, 73886, 54452, 63215, 43073, 70672, 7208, 25144, 46246, 58663, 33119, 44647, 95657, 94689, 22147, 46185, 14469, 97008, 89816, 53636, 44472, 40787, 76703, 46921, 82127, 78564, 66446, 9953, 35853, 56715, 22645, 31168, 62551, 55572, 12117, 39028, 68644, 24452, 58602, 64085, 43743, 72824, 36709, 45716, 63052, 34896, 10370, 13394, 4334, 33206, 26994, 33844, 97072, 16488, 91981, 52759])"
8.0,9,12,12,4.9937286376953125,30017,"Genotype(dna=[20102, 53111, 67896, 30890, 57432, 71372, 44761, 89561, 53356, 31256, 39381, 71390, 58790, 8215, 7159, 28, 31357, 73793, 13833, 13359, 31637, 51650, 50314, 24871, 99824, 70078, 19352, 67610, 31462, 79305, 8290, 31087, 89799, 29418, 77340, 50329, 27355, 89513, 97447, 84500, 9941, 34865, 52316, 77167, 28032, 92737, 13850, 95218, 90143, 36322, 73382, 83209, 50595, 29908, 37353, 67374, 95605, 65030, 85948, 42248, 51742, 13958, 59791, 76739, 59564, 13066, 30805, 17807, 85504, 25885, 30231, 41736, 32772, 13249, 68075, 36149, 61663, 73951, 35356, 87831, 89235, 31721, 96186, 67227, 59849, 61794, 78461, 52346, 45961, 54629, 36372, 60282, 93631, 47851, 18368, 97837, 90843, 50044, 67106, 21029, 76770, 77173, 66653, 49410, 97752, 86757, 83996, 26685, 83835, 57737, 66299, 5497, 59270, 59852, 19598, 5295, 52961, 28586, 12768, 25880, 9764, 52318, 90347, 34046, 12668, 13453, 87433, 27650, 42477, 49326, 41749, 62748, 98765, 34665, 95777, 89357, 46574, 6745, 22187, 62440, 25149, 45941, 53358, 51499, 46258, 16390, 67600, 61126, 33967, 60411, 92396, 12334, 65244, 47859, 92674, 51901, 54755, 78567, 6218, 35092, 83822, 96937, 14954, 15385, 58187, 4425, 21976, 55065, 21374, 70734, 58312, 98111, 83331, 64714, 9640, 74831, 13634, 97277, 37516, 65177, 3699, 30846, 88252, 82100, 31301, 89984, 88237, 91053, 11421, 79153, 67964, 39274, 14818, 92975, 8461, 91862, 17578, 2051, 97455, 1737, 80593, 73886, 54452, 63215, 43073, 70672, 7208, 25144, 46246, 58663, 33119, 44647, 95657, 94689, 22147, 46185, 14469, 97008, 89816, 53636, 44472, 40787, 76703, 46921, 82127, 78564, 66446, 9953, 35853, 56715, 22645, 31168, 62551, 55572, 12117, 39028, 68644, 24452, 58602, 64085, 43743, 72824, 36709, 45716, 63052, 34896, 10370, 13394, 4334, 33206, 26994, 33844, 97072, 16488, 91981, 52759])"
8.0,9,12,13,5.1094069480896,30017,"Genotype(dna=[20102, 53111, 67896, 30890, 57432, 71372, 44761, 89561, 53356, 31256, 39381, 71390, 58790, 8215, 7159, 28, 31357, 73793, 13833, 13359, 31637, 51650, 50314, 24871, 99824, 70078, 19352, 67610, 31462, 79305, 8290, 31087, 89799, 29418, 77340, 50329, 27355, 89513, 97447, 84500, 9941, 34865, 52316, 77167, 28032, 92737, 13850, 95218, 90143, 36322, 73382, 83209, 50595, 29908, 37353, 67374, 95605, 65030, 85948, 42248, 51742, 13958, 59791, 76739, 59564, 13066, 30805, 17807, 85504, 25885, 30231, 41736, 32772, 13249, 68075, 36149, 61663, 73951, 35356, 87831, 89235, 31721, 96186, 67227, 59849, 61794, 78461, 52346, 45961, 54629, 36372, 60282, 93631, 47851, 18368, 97837, 90843, 50044, 67106, 21029, 76770, 77173, 66653, 49410, 97752, 86757, 83996, 26685, 83835, 57737, 66299, 5497, 59270, 59852, 19598, 5295, 52961, 28586, 12768, 25880, 9764, 52318, 90347, 34046, 12668, 13453, 87433, 27650, 42477, 49326, 41749, 62748, 98765, 34665, 95777, 89357, 46574, 6745, 22187, 62440, 25149, 45941, 53358, 51499, 46258, 16390, 67600, 61126, 33967, 60411, 92396, 12334, 65244, 47859, 92674, 51901, 54755, 78567, 6218, 35092, 83822, 96937, 14954, 15385, 58187, 4425, 21976, 55065, 21374, 70734, 58312, 98111, 83331, 64714, 9640, 74831, 13634, 97277, 37516, 65177, 3699, 30846, 88252, 82100, 31301, 89984, 88237, 91053, 11421, 79153, 67964, 39274, 14818, 92975, 8461, 91862, 17578, 2051, 97455, 1737, 80593, 73886, 54452, 63215, 43073, 70672, 7208, 25144, 46246, 58663, 33119, 44647, 95657, 94689, 22147, 46185, 14469, 97008, 89816, 53636, 44472, 40787, 76703, 46921, 82127, 78564, 66446, 9953, 35853, 56715, 22645, 31168, 62551, 55572, 12117, 39028, 68644, 24452, 58602, 64085, 43743, 72824, 36709, 45716, 63052, 34896, 10370, 13394, 4334, 33206, 26994, 33844, 97072, 16488, 91981, 52759])"
8.0,9,12,14,5.241611003875732,30017,"Genotype(dna=[20102, 53111, 67896, 30890, 57432, 71372, 44761, 89561, 53356, 31256, 39381, 71390, 58790, 8215, 7159, 28, 31357, 73793, 13833, 13359, 31637, 51650, 50314, 24871, 99824, 70078, 19352, 67610, 31462, 79305, 8290, 31087, 89799, 29418, 77340, 50329, 27355, 89513, 97447, 84500, 9941, 34865, 52316, 77167, 28032, 92737, 13850, 95218, 90143, 36322, 73382, 83209, 50595, 29908, 37353, 67374, 95605, 65030, 85948, 42248, 51742, 13958, 59791, 76739, 59564, 13066, 30805, 17807, 85504, 25885, 30231, 41736, 32772, 13249, 68075, 36149, 61663, 73951, 35356, 87831, 89235, 31721, 96186, 67227, 59849, 61794, 78461, 52346, 45961, 54629, 36372, 60282, 93631, 47851, 18368, 97837, 90843, 50044, 67106, 21029, 76770, 77173, 66653, 49410, 97752, 86757, 83996, 26685, 83835, 57737, 66299, 5497, 59270, 59852, 19598, 5295, 52961, 28586, 12768, 25880, 9764, 52318, 90347, 34046, 12668, 13453, 87433, 27650, 42477, 49326, 41749, 62748, 98765, 34665, 95777, 89357, 46574, 6745, 22187, 62440, 25149, 45941, 53358, 51499, 46258, 16390, 67600, 61126, 33967, 60411, 92396, 12334, 65244, 47859, 92674, 51901, 54755, 78567, 6218, 35092, 83822, 96937, 14954, 15385, 58187, 4425, 21976, 55065, 21374, 70734, 58312, 98111, 83331, 64714, 9640, 74831, 13634, 97277, 37516, 65177, 3699, 30846, 88252, 82100, 31301, 89984, 88237, 91053, 11421, 79153, 67964, 39274, 14818, 92975, 8461, 91862, 17578, 2051, 97455, 1737, 80593, 73886, 54452, 63215, 43073, 70672, 7208, 25144, 46246, 58663, 33119, 44647, 95657, 94689, 22147, 46185, 14469, 97008, 89816, 53636, 44472, 40787, 76703, 46921, 82127, 78564, 66446, 9953, 35853, 56715, 22645, 31168, 62551, 55572, 12117, 39028, 68644, 24452, 58602, 64085, 43743, 72824, 36709, 45716, 63052, 34896, 10370, 13394, 4334, 33206, 26994, 33844, 97072, 16488, 91981, 52759])"
8.0,9,12,15,5.368985652923584,30017,"Genotype(dna=[20102, 53111, 67896, 30890, 57432, 71372, 44761, 89561, 53356, 31256, 39381, 71390, 58790, 8215, 7159, 28, 31357, 73793, 13833, 13359, 31637, 51650, 50314, 24871, 99824, 70078, 19352, 67610, 31462, 79305, 8290, 31087, 89799, 29418, 77340, 50329, 27355, 89513, 97447, 84500, 9941, 34865, 52316, 77167, 28032, 92737, 13850, 95218, 90143, 36322, 73382, 83209, 50595, 29908, 37353, 67374, 95605, 65030, 85948, 42248, 51742, 13958, 59791, 76739, 59564, 13066, 30805, 17807, 85504, 25885, 30231, 41736, 32772, 13249, 68075, 36149, 61663, 73951, 35356, 87831, 89235, 31721, 96186, 67227, 59849, 61794, 78461, 52346, 45961, 54629, 36372, 60282, 93631, 47851, 18368, 97837, 90843, 50044, 67106, 21029, 76770, 77173, 66653, 49410, 97752, 86757, 83996, 26685, 83835, 57737, 66299, 5497, 59270, 59852, 19598, 5295, 52961, 28586, 12768, 25880, 9764, 52318, 90347, 34046, 12668, 13453, 87433, 27650, 42477, 49326, 41749, 62748, 98765, 34665, 95777, 89357, 46574, 6745, 22187, 62440, 25149, 45941, 53358, 51499, 46258, 16390, 67600, 61126, 33967, 60411, 92396, 12334, 65244, 47859, 92674, 51901, 54755, 78567, 6218, 35092, 83822, 96937, 14954, 15385, 58187, 4425, 21976, 55065, 21374, 70734, 58312, 98111, 83331, 64714, 9640, 74831, 13634, 97277, 37516, 65177, 3699, 30846, 88252, 82100, 31301, 89984, 88237, 91053, 11421, 79153, 67964, 39274, 14818, 92975, 8461, 91862, 17578, 2051, 97455, 1737, 80593, 73886, 54452, 63215, 43073, 70672, 7208, 25144, 46246, 58663, 33119, 44647, 95657, 94689, 22147, 46185, 14469, 97008, 89816, 53636, 44472, 40787, 76703, 46921, 82127, 78564, 66446, 9953, 35853, 56715, 22645, 31168, 62551, 55572, 12117, 39028, 68644, 24452, 58602, 64085, 43743, 72824, 36709, 45716, 63052, 34896, 10370, 13394, 4334, 33206, 26994, 33844, 97072, 16488, 91981, 52759])"
8.0,9,12,16,5.537939548492432,30017,"Genotype(dna=[20102, 53111, 67896, 30890, 57432, 71372, 44761, 89561, 53356, 31256, 39381, 71390, 58790, 8215, 7159, 28, 31357, 73793, 13833, 13359, 31637, 51650, 50314, 24871, 99824, 70078, 19352, 67610, 31462, 79305, 8290, 31087, 89799, 29418, 77340, 50329, 27355, 89513, 97447, 84500, 9941, 34865, 52316, 77167, 28032, 92737, 13850, 95218, 90143, 36322, 73382, 83209, 50595, 29908, 37353, 67374, 95605, 65030, 85948, 42248, 51742, 13958, 59791, 76739, 59564, 13066, 30805, 17807, 85504, 25885, 30231, 41736, 32772, 13249, 68075, 36149, 61663, 73951, 35356, 87831, 89235, 31721, 96186, 67227, 59849, 61794, 78461, 52346, 45961, 54629, 36372, 60282, 93631, 47851, 18368, 97837, 90843, 50044, 67106, 21029, 76770, 77173, 66653, 49410, 97752, 86757, 83996, 26685, 83835, 57737, 66299, 5497, 59270, 59852, 19598, 5295, 52961, 28586, 12768, 25880, 9764, 52318, 90347, 34046, 12668, 13453, 87433, 27650, 42477, 49326, 41749, 62748, 98765, 34665, 95777, 89357, 46574, 6745, 22187, 62440, 25149, 45941, 53358, 51499, 46258, 16390, 67600, 61126, 33967, 60411, 92396, 12334, 65244, 47859, 92674, 51901, 54755, 78567, 6218, 35092, 83822, 96937, 14954, 15385, 58187, 4425, 21976, 55065, 21374, 70734, 58312, 98111, 83331, 64714, 9640, 74831, 13634, 97277, 37516, 65177, 3699, 30846, 88252, 82100, 31301, 89984, 88237, 91053, 11421, 79153, 67964, 39274, 14818, 92975, 8461, 91862, 17578, 2051, 97455, 1737, 80593, 73886, 54452, 63215, 43073, 70672, 7208, 25144, 46246, 58663, 33119, 44647, 95657, 94689, 22147, 46185, 14469, 97008, 89816, 53636, 44472, 40787, 76703, 46921, 82127, 78564, 66446, 9953, 35853, 56715, 22645, 31168, 62551, 55572, 12117, 39028, 68644, 24452, 58602, 64085, 43743, 72824, 36709, 45716, 63052, 34896, 10370, 13394, 4334, 33206, 26994, 33844, 97072, 16488, 91981, 52759])"
8.0,9,12,17,5.644902229309082,30017,"Genotype(dna=[20102, 53111, 67896, 30890, 57432, 71372, 44761, 89561, 53356, 31256, 39381, 71390, 58790, 8215, 7159, 28, 31357, 73793, 13833, 13359, 31637, 51650, 50314, 24871, 99824, 70078, 19352, 67610, 31462, 79305, 8290, 31087, 89799, 29418, 77340, 50329, 27355, 89513, 97447, 84500, 9941, 34865, 52316, 77167, 28032, 92737, 13850, 95218, 90143, 36322, 73382, 83209, 50595, 29908, 37353, 67374, 95605, 65030, 85948, 42248, 51742, 13958, 59791, 76739, 59564, 13066, 30805, 17807, 85504, 25885, 30231, 41736, 32772, 13249, 68075, 36149, 61663, 73951, 35356, 87831, 89235, 31721, 96186, 67227, 59849, 61794, 78461, 52346, 45961, 54629, 36372, 60282, 93631, 47851, 18368, 97837, 90843, 50044, 67106, 21029, 76770, 77173, 66653, 49410, 97752, 86757, 83996, 26685, 83835, 57737, 66299, 5497, 59270, 59852, 19598, 5295, 52961, 28586, 12768, 25880, 9764, 52318, 90347, 34046, 12668, 13453, 87433, 27650, 42477, 49326, 41749, 62748, 98765, 34665, 95777, 89357, 46574, 6745, 22187, 62440, 25149, 45941, 53358, 51499, 46258, 16390, 67600, 61126, 33967, 60411, 92396, 12334, 65244, 47859, 92674, 51901, 54755, 78567, 6218, 35092, 83822, 96937, 14954, 15385, 58187, 4425, 21976, 55065, 21374, 70734, 58312, 98111, 83331, 64714, 9640, 74831, 13634, 97277, 37516, 65177, 3699, 30846, 88252, 82100, 31301, 89984, 88237, 91053, 11421, 79153, 67964, 39274, 14818, 92975, 8461, 91862, 17578, 2051, 97455, 1737, 80593, 73886, 54452, 63215, 43073, 70672, 7208, 25144, 46246, 58663, 33119, 44647, 95657, 94689, 22147, 46185, 14469, 97008, 89816, 53636, 44472, 40787, 76703, 46921, 82127, 78564, 66446, 9953, 35853, 56715, 22645, 31168, 62551, 55572, 12117, 39028, 68644, 24452, 58602, 64085, 43743, 72824, 36709, 45716, 63052, 34896, 10370, 13394, 4334, 33206, 26994, 33844, 97072, 16488, 91981, 52759])"
8.0,9,12,18,5.706841468811035,30017,"Genotype(dna=[20102, 53111, 67896, 30890, 57432, 71372, 44761, 89561, 53356, 31256, 39381, 71390, 58790, 8215, 7159, 28, 31357, 73793, 13833, 13359, 31637, 51650, 50314, 24871, 99824, 70078, 19352, 67610, 31462, 79305, 8290, 31087, 89799, 29418, 77340, 50329, 27355, 89513, 97447, 84500, 9941, 34865, 52316, 77167, 28032, 92737, 13850, 95218, 90143, 36322, 73382, 83209, 50595, 29908, 37353, 67374, 95605, 65030, 85948, 42248, 51742, 13958, 59791, 76739, 59564, 13066, 30805, 17807, 85504, 25885, 30231, 41736, 32772, 13249, 68075, 36149, 61663, 73951, 35356, 87831, 89235, 31721, 96186, 67227, 59849, 61794, 78461, 52346, 45961, 54629, 36372, 60282, 93631, 47851, 18368, 97837, 90843, 50044, 67106, 21029, 76770, 77173, 66653, 49410, 97752, 86757, 83996, 26685, 83835, 57737, 66299, 5497, 59270, 59852, 19598, 5295, 52961, 28586, 12768, 25880, 9764, 52318, 90347, 34046, 12668, 13453, 87433, 27650, 42477, 49326, 41749, 62748, 98765, 34665, 95777, 89357, 46574, 6745, 22187, 62440, 25149, 45941, 53358, 51499, 46258, 16390, 67600, 61126, 33967, 60411, 92396, 12334, 65244, 47859, 92674, 51901, 54755, 78567, 6218, 35092, 83822, 96937, 14954, 15385, 58187, 4425, 21976, 55065, 21374, 70734, 58312, 98111, 83331, 64714, 9640, 74831, 13634, 97277, 37516, 65177, 3699, 30846, 88252, 82100, 31301, 89984, 88237, 91053, 11421, 79153, 67964, 39274, 14818, 92975, 8461, 91862, 17578, 2051, 97455, 1737, 80593, 73886, 54452, 63215, 43073, 70672, 7208, 25144, 46246, 58663, 33119, 44647, 95657, 94689, 22147, 46185, 14469, 97008, 89816, 53636, 44472, 40787, 76703, 46921, 82127, 78564, 66446, 9953, 35853, 56715, 22645, 31168, 62551, 55572, 12117, 39028, 68644, 24452, 58602, 64085, 43743, 72824, 36709, 45716, 63052, 34896, 10370, 13394, 4334, 33206, 26994, 33844, 97072, 16488, 91981, 52759])"
8.0,9,12,19,5.790600538253784,30017,"Genotype(dna=[20102, 53111, 67896, 30890, 57432, 71372, 44761, 89561, 53356, 31256, 39381, 71390, 58790, 8215, 7159, 28, 31357, 73793, 13833, 13359, 31637, 51650, 50314, 24871, 99824, 70078, 19352, 67610, 31462, 79305, 8290, 31087, 89799, 29418, 77340, 50329, 27355, 89513, 97447, 84500, 9941, 34865, 52316, 77167, 28032, 92737, 13850, 95218, 90143, 36322, 73382, 83209, 50595, 29908, 37353, 67374, 95605, 65030, 85948, 42248, 51742, 13958, 59791, 76739, 59564, 13066, 30805, 17807, 85504, 25885, 30231, 41736, 32772, 13249, 68075, 36149, 61663, 73951, 35356, 87831, 89235, 31721, 96186, 67227, 59849, 61794, 78461, 52346, 45961, 54629, 36372, 60282, 93631, 47851, 18368, 97837, 90843, 50044, 67106, 21029, 76770, 77173, 66653, 49410, 97752, 86757, 83996, 26685, 83835, 57737, 66299, 5497, 59270, 59852, 19598, 5295, 52961, 28586, 12768, 25880, 9764, 52318, 90347, 34046, 12668, 13453, 87433, 27650, 42477, 49326, 41749, 62748, 98765, 34665, 95777, 89357, 46574, 6745, 22187, 62440, 25149, 45941, 53358, 51499, 46258, 16390, 67600, 61126, 33967, 60411, 92396, 12334, 65244, 47859, 92674, 51901, 54755, 78567, 6218, 35092, 83822, 96937, 14954, 15385, 58187, 4425, 21976, 55065, 21374, 70734, 58312, 98111, 83331, 64714, 9640, 74831, 13634, 97277, 37516, 65177, 3699, 30846, 88252, 82100, 31301, 89984, 88237, 91053, 11421, 79153, 67964, 39274, 14818, 92975, 8461, 91862, 17578, 2051, 97455, 1737, 80593, 73886, 54452, 63215, 43073, 70672, 7208, 25144, 46246, 58663, 33119, 44647, 95657, 94689, 22147, 46185, 14469, 97008, 89816, 53636, 44472, 40787, 76703, 46921, 82127, 78564, 66446, 9953, 35853, 56715, 22645, 31168, 62551, 55572, 12117, 39028, 68644, 24452, 58602, 64085, 43743, 72824, 36709, 45716, 63052, 34896, 10370, 13394, 4334, 33206, 26994, 33844, 97072, 16488, 91981, 52759])"
8.0,9,12,20,5.933606863021851,30017,"Genotype(dna=[20102, 53111, 67896, 30890, 57432, 71372, 44761, 89561, 53356, 31256, 39381, 71390, 58790, 8215, 7159, 28, 31357, 73793, 13833, 13359, 31637, 51650, 50314, 24871, 99824, 70078, 19352, 67610, 31462, 79305, 8290, 31087, 89799, 29418, 77340, 50329, 27355, 89513, 97447, 84500, 9941, 34865, 52316, 77167, 28032, 92737, 13850, 95218, 90143, 36322, 73382, 83209, 50595, 29908, 37353, 67374, 95605, 65030, 85948, 42248, 51742, 13958, 59791, 76739, 59564, 13066, 30805, 17807, 85504, 25885, 30231, 41736, 32772, 13249, 68075, 36149, 61663, 73951, 35356, 87831, 89235, 31721, 96186, 67227, 59849, 61794, 78461, 52346, 45961, 54629, 36372, 60282, 93631, 47851, 18368, 97837, 90843, 50044, 67106, 21029, 76770, 77173, 66653, 49410, 97752, 86757, 83996, 26685, 83835, 57737, 66299, 5497, 59270, 59852, 19598, 5295, 52961, 28586, 12768, 25880, 9764, 52318, 90347, 34046, 12668, 13453, 87433, 27650, 42477, 49326, 41749, 62748, 98765, 34665, 95777, 89357, 46574, 6745, 22187, 62440, 25149, 45941, 53358, 51499, 46258, 16390, 67600, 61126, 33967, 60411, 92396, 12334, 65244, 47859, 92674, 51901, 54755, 78567, 6218, 35092, 83822, 96937, 14954, 15385, 58187, 4425, 21976, 55065, 21374, 70734, 58312, 98111, 83331, 64714, 9640, 74831, 13634, 97277, 37516, 65177, 3699, 30846, 88252, 82100, 31301, 89984, 88237, 91053, 11421, 79153, 67964, 39274, 14818, 92975, 8461, 91862, 17578, 2051, 97455, 1737, 80593, 73886, 54452, 63215, 43073, 70672, 7208, 25144, 46246, 58663, 33119, 44647, 95657, 94689, 22147, 46185, 14469, 97008, 89816, 53636, 44472, 40787, 76703, 46921, 82127, 78564, 66446, 9953, 35853, 56715, 22645, 31168, 62551, 55572, 12117, 39028, 68644, 24452, 58602, 64085, 43743, 72824, 36709, 45716, 63052, 34896, 10370, 13394, 4334, 33206, 26994, 33844, 97072, 16488, 91981, 52759])"
8.0,9,12,21,5.984680652618408,30017,"Genotype(dna=[20102, 53111, 67896, 30890, 57432, 71372, 44761, 89561, 53356, 31256, 39381, 71390, 58790, 8215, 7159, 28, 31357, 73793, 13833, 13359, 31637, 51650, 50314, 24871, 99824, 70078, 19352, 67610, 31462, 79305, 8290, 31087, 89799, 29418, 77340, 50329, 27355, 89513, 97447, 84500, 9941, 34865, 52316, 77167, 28032, 92737, 13850, 95218, 90143, 36322, 73382, 83209, 50595, 29908, 37353, 67374, 95605, 65030, 85948, 42248, 51742, 13958, 59791, 76739, 59564, 13066, 30805, 17807, 85504, 25885, 30231, 41736, 32772, 13249, 68075, 36149, 61663, 73951, 35356, 87831, 89235, 31721, 96186, 67227, 59849, 61794, 78461, 52346, 45961, 54629, 36372, 60282, 93631, 47851, 18368, 97837, 90843, 50044, 67106, 21029, 76770, 77173, 66653, 49410, 97752, 86757, 83996, 26685, 83835, 57737, 66299, 5497, 59270, 59852, 19598, 5295, 52961, 28586, 12768, 25880, 9764, 52318, 90347, 34046, 12668, 13453, 87433, 27650, 42477, 49326, 41749, 62748, 98765, 34665, 95777, 89357, 46574, 6745, 22187, 62440, 25149, 45941, 53358, 51499, 46258, 16390, 67600, 61126, 33967, 60411, 92396, 12334, 65244, 47859, 92674, 51901, 54755, 78567, 6218, 35092, 83822, 96937, 14954, 15385, 58187, 4425, 21976, 55065, 21374, 70734, 58312, 98111, 83331, 64714, 9640, 74831, 13634, 97277, 37516, 65177, 3699, 30846, 88252, 82100, 31301, 89984, 88237, 91053, 11421, 79153, 67964, 39274, 14818, 92975, 8461, 91862, 17578, 2051, 97455, 1737, 80593, 73886, 54452, 63215, 43073, 70672, 7208, 25144, 46246, 58663, 33119, 44647, 95657, 94689, 22147, 46185, 14469, 97008, 89816, 53636, 44472, 40787, 76703, 46921, 82127, 78564, 66446, 9953, 35853, 56715, 22645, 31168, 62551, 55572, 12117, 39028, 68644, 24452, 58602, 64085, 43743, 72824, 36709, 45716, 63052, 34896, 10370, 13394, 4334, 33206, 26994, 33844, 97072, 16488, 91981, 52759])"
8.0,9,12,22,6.032341241836548,30017,"Genotype(dna=[20102, 53111, 67896, 30890, 57432, 71372, 44761, 89561, 53356, 31256, 39381, 71390, 58790, 8215, 7159, 28, 31357, 73793, 13833, 13359, 31637, 51650, 50314, 24871, 99824, 70078, 19352, 67610, 31462, 79305, 8290, 31087, 89799, 29418, 77340, 50329, 27355, 89513, 97447, 84500, 9941, 34865, 52316, 77167, 28032, 92737, 13850, 95218, 90143, 36322, 73382, 83209, 50595, 29908, 37353, 67374, 95605, 65030, 85948, 42248, 51742, 13958, 59791, 76739, 59564, 13066, 30805, 17807, 85504, 25885, 30231, 41736, 32772, 13249, 68075, 36149, 61663, 73951, 35356, 87831, 89235, 31721, 96186, 67227, 59849, 61794, 78461, 52346, 45961, 54629, 36372, 60282, 93631, 47851, 18368, 97837, 90843, 50044, 67106, 21029, 76770, 77173, 66653, 49410, 97752, 86757, 83996, 26685, 83835, 57737, 66299, 5497, 59270, 59852, 19598, 5295, 52961, 28586, 12768, 25880, 9764, 52318, 90347, 34046, 12668, 13453, 87433, 27650, 42477, 49326, 41749, 62748, 98765, 34665, 95777, 89357, 46574, 6745, 22187, 62440, 25149, 45941, 53358, 51499, 46258, 16390, 67600, 61126, 33967, 60411, 92396, 12334, 65244, 47859, 92674, 51901, 54755, 78567, 6218, 35092, 83822, 96937, 14954, 15385, 58187, 4425, 21976, 55065, 21374, 70734, 58312, 98111, 83331, 64714, 9640, 74831, 13634, 97277, 37516, 65177, 3699, 30846, 88252, 82100, 31301, 89984, 88237, 91053, 11421, 79153, 67964, 39274, 14818, 92975, 8461, 91862, 17578, 2051, 97455, 1737, 80593, 73886, 54452, 63215, 43073, 70672, 7208, 25144, 46246, 58663, 33119, 44647, 95657, 94689, 22147, 46185, 14469, 97008, 89816, 53636, 44472, 40787, 76703, 46921, 82127, 78564, 66446, 9953, 35853, 56715, 22645, 31168, 62551, 55572, 12117, 39028, 68644, 24452, 58602, 64085, 43743, 72824, 36709, 45716, 63052, 34896, 10370, 13394, 4334, 33206, 26994, 33844, 97072, 16488, 91981, 52759])"
8.0,9,12,23,6.112559080123901,30017,"Genotype(dna=[20102, 53111, 67896, 30890, 57432, 71372, 44761, 89561, 53356, 31256, 39381, 71390, 58790, 8215, 7159, 28, 31357, 73793, 13833, 13359, 31637, 51650, 50314, 24871, 99824, 70078, 19352, 67610, 31462, 79305, 8290, 31087, 89799, 29418, 77340, 50329, 27355, 89513, 97447, 84500, 9941, 34865, 52316, 77167, 28032, 92737, 13850, 95218, 90143, 36322, 73382, 83209, 50595, 29908, 37353, 67374, 95605, 65030, 85948, 42248, 51742, 13958, 59791, 76739, 59564, 13066, 30805, 17807, 85504, 25885, 30231, 41736, 32772, 13249, 68075, 36149, 61663, 73951, 35356, 87831, 89235, 31721, 96186, 67227, 59849, 61794, 78461, 52346, 45961, 54629, 36372, 60282, 93631, 47851, 18368, 97837, 90843, 50044, 67106, 21029, 76770, 77173, 66653, 49410, 97752, 86757, 83996, 26685, 83835, 57737, 66299, 5497, 59270, 59852, 19598, 5295, 52961, 28586, 12768, 25880, 9764, 52318, 90347, 34046, 12668, 13453, 87433, 27650, 42477, 49326, 41749, 62748, 98765, 34665, 95777, 89357, 46574, 6745, 22187, 62440, 25149, 45941, 53358, 51499, 46258, 16390, 67600, 61126, 33967, 60411, 92396, 12334, 65244, 47859, 92674, 51901, 54755, 78567, 6218, 35092, 83822, 96937, 14954, 15385, 58187, 4425, 21976, 55065, 21374, 70734, 58312, 98111, 83331, 64714, 9640, 74831, 13634, 97277, 37516, 65177, 3699, 30846, 88252, 82100, 31301, 89984, 88237, 91053, 11421, 79153, 67964, 39274, 14818, 92975, 8461, 91862, 17578, 2051, 97455, 1737, 80593, 73886, 54452, 63215, 43073, 70672, 7208, 25144, 46246, 58663, 33119, 44647, 95657, 94689, 22147, 46185, 14469, 97008, 89816, 53636, 44472, 40787, 76703, 46921, 82127, 78564, 66446, 9953, 35853, 56715, 22645, 31168, 62551, 55572, 12117, 39028, 68644, 24452, 58602, 64085, 43743, 72824, 36709, 45716, 63052, 34896, 10370, 13394, 4334, 33206, 26994, 33844, 97072, 16488, 91981, 52759])"
8.0,9,12,24,6.30885124206543,30017,"Genotype(dna=[20102, 53111, 67896, 30890, 57432, 71372, 44761, 89561, 53356, 31256, 39381, 71390, 58790, 8215, 7159, 28, 31357, 73793, 13833, 13359, 31637, 51650, 50314, 24871, 99824, 70078, 19352, 67610, 31462, 79305, 8290, 31087, 89799, 29418, 77340, 50329, 27355, 89513, 97447, 84500, 9941, 34865, 52316, 77167, 28032, 92737, 13850, 95218, 90143, 36322, 73382, 83209, 50595, 29908, 37353, 67374, 95605, 65030, 85948, 42248, 51742, 13958, 59791, 76739, 59564, 13066, 30805, 17807, 85504, 25885, 30231, 41736, 32772, 13249, 68075, 36149, 61663, 73951, 35356, 87831, 89235, 31721, 96186, 67227, 59849, 61794, 78461, 52346, 45961, 54629, 36372, 60282, 93631, 47851, 18368, 97837, 90843, 50044, 67106, 21029, 76770, 77173, 66653, 49410, 97752, 86757, 83996, 26685, 83835, 57737, 66299, 5497, 59270, 59852, 19598, 5295, 52961, 28586, 12768, 25880, 9764, 52318, 90347, 34046, 12668, 13453, 87433, 27650, 42477, 49326, 41749, 62748, 98765, 34665, 95777, 89357, 46574, 6745, 22187, 62440, 25149, 45941, 53358, 51499, 46258, 16390, 67600, 61126, 33967, 60411, 92396, 12334, 65244, 47859, 92674, 51901, 54755, 78567, 6218, 35092, 83822, 96937, 14954, 15385, 58187, 4425, 21976, 55065, 21374, 70734, 58312, 98111, 83331, 64714, 9640, 74831, 13634, 97277, 37516, 65177, 3699, 30846, 88252, 82100, 31301, 89984, 88237, 91053, 11421, 79153, 67964, 39274, 14818, 92975, 8461, 91862, 17578, 2051, 97455, 1737, 80593, 73886, 54452, 63215, 43073, 70672, 7208, 25144, 46246, 58663, 33119, 44647, 95657, 94689, 22147, 46185, 14469, 97008, 89816, 53636, 44472, 40787, 76703, 46921, 82127, 78564, 66446, 9953, 35853, 56715, 22645, 31168, 62551, 55572, 12117, 39028, 68644, 24452, 58602, 64085, 43743, 72824, 36709, 45716, 63052, 34896, 10370, 13394, 4334, 33206, 26994, 33844, 97072, 16488, 91981, 52759])"
8.0,9,12,25,6.403120517730713,30017,"Genotype(dna=[20102, 53111, 67896, 30890, 57432, 71372, 44761, 89561, 53356, 31256, 39381, 71390, 58790, 8215, 7159, 28, 31357, 73793, 13833, 13359, 31637, 51650, 50314, 24871, 99824, 70078, 19352, 67610, 31462, 79305, 8290, 31087, 89799, 29418, 77340, 50329, 27355, 89513, 97447, 84500, 9941, 34865, 52316, 77167, 28032, 92737, 13850, 95218, 90143, 36322, 73382, 83209, 50595, 29908, 37353, 67374, 95605, 65030, 85948, 42248, 51742, 13958, 59791, 76739, 59564, 13066, 30805, 17807, 85504, 25885, 30231, 41736, 32772, 13249, 68075, 36149, 61663, 73951, 35356, 87831, 89235, 31721, 96186, 67227, 59849, 61794, 78461, 52346, 45961, 54629, 36372, 60282, 93631, 47851, 18368, 97837, 90843, 50044, 67106, 21029, 76770, 77173, 66653, 49410, 97752, 86757, 83996, 26685, 83835, 57737, 66299, 5497, 59270, 59852, 19598, 5295, 52961, 28586, 12768, 25880, 9764, 52318, 90347, 34046, 12668, 13453, 87433, 27650, 42477, 49326, 41749, 62748, 98765, 34665, 95777, 89357, 46574, 6745, 22187, 62440, 25149, 45941, 53358, 51499, 46258, 16390, 67600, 61126, 33967, 60411, 92396, 12334, 65244, 47859, 92674, 51901, 54755, 78567, 6218, 35092, 83822, 96937, 14954, 15385, 58187, 4425, 21976, 55065, 21374, 70734, 58312, 98111, 83331, 64714, 9640, 74831, 13634, 97277, 37516, 65177, 3699, 30846, 88252, 82100, 31301, 89984, 88237, 91053, 11421, 79153, 67964, 39274, 14818, 92975, 8461, 91862, 17578, 2051, 97455, 1737, 80593, 73886, 54452, 63215, 43073, 70672, 7208, 25144, 46246, 58663, 33119, 44647, 95657, 94689, 22147, 46185, 14469, 97008, 89816, 53636, 44472, 40787, 76703, 46921, 82127, 78564, 66446, 9953, 35853, 56715, 22645, 31168, 62551, 55572, 12117, 39028, 68644, 24452, 58602, 64085, 43743, 72824, 36709, 45716, 63052, 34896, 10370, 13394, 4334, 33206, 26994, 33844, 97072, 16488, 91981, 52759])"
8.0,9,12,26,6.462876319885254,30017,"Genotype(dna=[20102, 53111, 67896, 30890, 57432, 71372, 44761, 89561, 53356, 31256, 39381, 71390, 58790, 8215, 7159, 28, 31357, 73793, 13833, 13359, 31637, 51650, 50314, 24871, 99824, 70078, 19352, 67610, 31462, 79305, 8290, 31087, 89799, 29418, 77340, 50329, 27355, 89513, 97447, 84500, 9941, 34865, 52316, 77167, 28032, 92737, 13850, 95218, 90143, 36322, 73382, 83209, 50595, 29908, 37353, 67374, 95605, 65030, 85948, 42248, 51742, 13958, 59791, 76739, 59564, 13066, 30805, 17807, 85504, 25885, 30231, 41736, 32772, 13249, 68075, 36149, 61663, 73951, 35356, 87831, 89235, 31721, 96186, 67227, 59849, 61794, 78461, 52346, 45961, 54629, 36372, 60282, 93631, 47851, 18368, 97837, 90843, 50044, 67106, 21029, 76770, 77173, 66653, 49410, 97752, 86757, 83996, 26685, 83835, 57737, 66299, 5497, 59270, 59852, 19598, 5295, 52961, 28586, 12768, 25880, 9764, 52318, 90347, 34046, 12668, 13453, 87433, 27650, 42477, 49326, 41749, 62748, 98765, 34665, 95777, 89357, 46574, 6745, 22187, 62440, 25149, 45941, 53358, 51499, 46258, 16390, 67600, 61126, 33967, 60411, 92396, 12334, 65244, 47859, 92674, 51901, 54755, 78567, 6218, 35092, 83822, 96937, 14954, 15385, 58187, 4425, 21976, 55065, 21374, 70734, 58312, 98111, 83331, 64714, 9640, 74831, 13634, 97277, 37516, 65177, 3699, 30846, 88252, 82100, 31301, 89984, 88237, 91053, 11421, 79153, 67964, 39274, 14818, 92975, 8461, 91862, 17578, 2051, 97455, 1737, 80593, 73886, 54452, 63215, 43073, 70672, 7208, 25144, 46246, 58663, 33119, 44647, 95657, 94689, 22147, 46185, 14469, 97008, 89816, 53636, 44472, 40787, 76703, 46921, 82127, 78564, 66446, 9953, 35853, 56715, 22645, 31168, 62551, 55572, 12117, 39028, 68644, 24452, 58602, 64085, 43743, 72824, 36709, 45716, 63052, 34896, 10370, 13394, 4334, 33206, 26994, 33844, 97072, 16488, 91981, 52759])"
8.0,9,12,27,6.545023679733276,30017,"Genotype(dna=[20102, 53111, 67896, 30890, 57432, 71372, 44761, 89561, 53356, 31256, 39381, 71390, 58790, 8215, 7159, 28, 31357, 73793, 13833, 13359, 31637, 51650, 50314, 24871, 99824, 70078, 19352, 67610, 31462, 79305, 8290, 31087, 89799, 29418, 77340, 50329, 27355, 89513, 97447, 84500, 9941, 34865, 52316, 77167, 28032, 92737, 13850, 95218, 90143, 36322, 73382, 83209, 50595, 29908, 37353, 67374, 95605, 65030, 85948, 42248, 51742, 13958, 59791, 76739, 59564, 13066, 30805, 17807, 85504, 25885, 30231, 41736, 32772, 13249, 68075, 36149, 61663, 73951, 35356, 87831, 89235, 31721, 96186, 67227, 59849, 61794, 78461, 52346, 45961, 54629, 36372, 60282, 93631, 47851, 18368, 97837, 90843, 50044, 67106, 21029, 76770, 77173, 66653, 49410, 97752, 86757, 83996, 26685, 83835, 57737, 66299, 5497, 59270, 59852, 19598, 5295, 52961, 28586, 12768, 25880, 9764, 52318, 90347, 34046, 12668, 13453, 87433, 27650, 42477, 49326, 41749, 62748, 98765, 34665, 95777, 89357, 46574, 6745, 22187, 62440, 25149, 45941, 53358, 51499, 46258, 16390, 67600, 61126, 33967, 60411, 92396, 12334, 65244, 47859, 92674, 51901, 54755, 78567, 6218, 35092, 83822, 96937, 14954, 15385, 58187, 4425, 21976, 55065, 21374, 70734, 58312, 98111, 83331, 64714, 9640, 74831, 13634, 97277, 37516, 65177, 3699, 30846, 88252, 82100, 31301, 89984, 88237, 91053, 11421, 79153, 67964, 39274, 14818, 92975, 8461, 91862, 17578, 2051, 97455, 1737, 80593, 73886, 54452, 63215, 43073, 70672, 7208, 25144, 46246, 58663, 33119, 44647, 95657, 94689, 22147, 46185, 14469, 97008, 89816, 53636, 44472, 40787, 76703, 46921, 82127, 78564, 66446, 9953, 35853, 56715, 22645, 31168, 62551, 55572, 12117, 39028, 68644, 24452, 58602, 64085, 43743, 72824, 36709, 45716, 63052, 34896, 10370, 13394, 4334, 33206, 26994, 33844, 97072, 16488, 91981, 52759])"
8.0,9,12,28,6.635823488235474,30017,"Genotype(dna=[20102, 53111, 67896, 30890, 57432, 71372, 44761, 89561, 53356, 31256, 39381, 71390, 58790, 8215, 7159, 28, 31357, 73793, 13833, 13359, 31637, 51650, 50314, 24871, 99824, 70078, 19352, 67610, 31462, 79305, 8290, 31087, 89799, 29418, 77340, 50329, 27355, 89513, 97447, 84500, 9941, 34865, 52316, 77167, 28032, 92737, 13850, 95218, 90143, 36322, 73382, 83209, 50595, 29908, 37353, 67374, 95605, 65030, 85948, 42248, 51742, 13958, 59791, 76739, 59564, 13066, 30805, 17807, 85504, 25885, 30231, 41736, 32772, 13249, 68075, 36149, 61663, 73951, 35356, 87831, 89235, 31721, 96186, 67227, 59849, 61794, 78461, 52346, 45961, 54629, 36372, 60282, 93631, 47851, 18368, 97837, 90843, 50044, 67106, 21029, 76770, 77173, 66653, 49410, 97752, 86757, 83996, 26685, 83835, 57737, 66299, 5497, 59270, 59852, 19598, 5295, 52961, 28586, 12768, 25880, 9764, 52318, 90347, 34046, 12668, 13453, 87433, 27650, 42477, 49326, 41749, 62748, 98765, 34665, 95777, 89357, 46574, 6745, 22187, 62440, 25149, 45941, 53358, 51499, 46258, 16390, 67600, 61126, 33967, 60411, 92396, 12334, 65244, 47859, 92674, 51901, 54755, 78567, 6218, 35092, 83822, 96937, 14954, 15385, 58187, 4425, 21976, 55065, 21374, 70734, 58312, 98111, 83331, 64714, 9640, 74831, 13634, 97277, 37516, 65177, 3699, 30846, 88252, 82100, 31301, 89984, 88237, 91053, 11421, 79153, 67964, 39274, 14818, 92975, 8461, 91862, 17578, 2051, 97455, 1737, 80593, 73886, 54452, 63215, 43073, 70672, 7208, 25144, 46246, 58663, 33119, 44647, 95657, 94689, 22147, 46185, 14469, 97008, 89816, 53636, 44472, 40787, 76703, 46921, 82127, 78564, 66446, 9953, 35853, 56715, 22645, 31168, 62551, 55572, 12117, 39028, 68644, 24452, 58602, 64085, 43743, 72824, 36709, 45716, 63052, 34896, 10370, 13394, 4334, 33206, 26994, 33844, 97072, 16488, 91981, 52759])"
8.0,9,12,29,6.6965155601501465,30017,"Genotype(dna=[20102, 53111, 67896, 30890, 57432, 71372, 44761, 89561, 53356, 31256, 39381, 71390, 58790, 8215, 7159, 28, 31357, 73793, 13833, 13359, 31637, 51650, 50314, 24871, 99824, 70078, 19352, 67610, 31462, 79305, 8290, 31087, 89799, 29418, 77340, 50329, 27355, 89513, 97447, 84500, 9941, 34865, 52316, 77167, 28032, 92737, 13850, 95218, 90143, 36322, 73382, 83209, 50595, 29908, 37353, 67374, 95605, 65030, 85948, 42248, 51742, 13958, 59791, 76739, 59564, 13066, 30805, 17807, 85504, 25885, 30231, 41736, 32772, 13249, 68075, 36149, 61663, 73951, 35356, 87831, 89235, 31721, 96186, 67227, 59849, 61794, 78461, 52346, 45961, 54629, 36372, 60282, 93631, 47851, 18368, 97837, 90843, 50044, 67106, 21029, 76770, 77173, 66653, 49410, 97752, 86757, 83996, 26685, 83835, 57737, 66299, 5497, 59270, 59852, 19598, 5295, 52961, 28586, 12768, 25880, 9764, 52318, 90347, 34046, 12668, 13453, 87433, 27650, 42477, 49326, 41749, 62748, 98765, 34665, 95777, 89357, 46574, 6745, 22187, 62440, 25149, 45941, 53358, 51499, 46258, 16390, 67600, 61126, 33967, 60411, 92396, 12334, 65244, 47859, 92674, 51901, 54755, 78567, 6218, 35092, 83822, 96937, 14954, 15385, 58187, 4425, 21976, 55065, 21374, 70734, 58312, 98111, 83331, 64714, 9640, 74831, 13634, 97277, 37516, 65177, 3699, 30846, 88252, 82100, 31301, 89984, 88237, 91053, 11421, 79153, 67964, 39274, 14818, 92975, 8461, 91862, 17578, 2051, 97455, 1737, 80593, 73886, 54452, 63215, 43073, 70672, 7208, 25144, 46246, 58663, 33119, 44647, 95657, 94689, 22147, 46185, 14469, 97008, 89816, 53636, 44472, 40787, 76703, 46921, 82127, 78564, 66446, 9953, 35853, 56715, 22645, 31168, 62551, 55572, 12117, 39028, 68644, 24452, 58602, 64085, 43743, 72824, 36709, 45716, 63052, 34896, 10370, 13394, 4334, 33206, 26994, 33844, 97072, 16488, 91981, 52759])"
8.0,9,12,30,6.814243316650391,30017,"Genotype(dna=[20102, 53111, 67896, 30890, 57432, 71372, 44761, 89561, 53356, 31256, 39381, 71390, 58790, 8215, 7159, 28, 31357, 73793, 13833, 13359, 31637, 51650, 50314, 24871, 99824, 70078, 19352, 67610, 31462, 79305, 8290, 31087, 89799, 29418, 77340, 50329, 27355, 89513, 97447, 84500, 9941, 34865, 52316, 77167, 28032, 92737, 13850, 95218, 90143, 36322, 73382, 83209, 50595, 29908, 37353, 67374, 95605, 65030, 85948, 42248, 51742, 13958, 59791, 76739, 59564, 13066, 30805, 17807, 85504, 25885, 30231, 41736, 32772, 13249, 68075, 36149, 61663, 73951, 35356, 87831, 89235, 31721, 96186, 67227, 59849, 61794, 78461, 52346, 45961, 54629, 36372, 60282, 93631, 47851, 18368, 97837, 90843, 50044, 67106, 21029, 76770, 77173, 66653, 49410, 97752, 86757, 83996, 26685, 83835, 57737, 66299, 5497, 59270, 59852, 19598, 5295, 52961, 28586, 12768, 25880, 9764, 52318, 90347, 34046, 12668, 13453, 87433, 27650, 42477, 49326, 41749, 62748, 98765, 34665, 95777, 89357, 46574, 6745, 22187, 62440, 25149, 45941, 53358, 51499, 46258, 16390, 67600, 61126, 33967, 60411, 92396, 12334, 65244, 47859, 92674, 51901, 54755, 78567, 6218, 35092, 83822, 96937, 14954, 15385, 58187, 4425, 21976, 55065, 21374, 70734, 58312, 98111, 83331, 64714, 9640, 74831, 13634, 97277, 37516, 65177, 3699, 30846, 88252, 82100, 31301, 89984, 88237, 91053, 11421, 79153, 67964, 39274, 14818, 92975, 8461, 91862, 17578, 2051, 97455, 1737, 80593, 73886, 54452, 63215, 43073, 70672, 7208, 25144, 46246, 58663, 33119, 44647, 95657, 94689, 22147, 46185, 14469, 97008, 89816, 53636, 44472, 40787, 76703, 46921, 82127, 78564, 66446, 9953, 35853, 56715, 22645, 31168, 62551, 55572, 12117, 39028, 68644, 24452, 58602, 64085, 43743, 72824, 36709, 45716, 63052, 34896, 10370, 13394, 4334, 33206, 26994, 33844, 97072, 16488, 91981, 52759])"
8.0,9,12,31,6.882522344589233,30017,"Genotype(dna=[20102, 53111, 67896, 30890, 57432, 71372, 44761, 89561, 53356, 31256, 39381, 71390, 58790, 8215, 7159, 28, 31357, 73793, 13833, 13359, 31637, 51650, 50314, 24871, 99824, 70078, 19352, 67610, 31462, 79305, 8290, 31087, 89799, 29418, 77340, 50329, 27355, 89513, 97447, 84500, 9941, 34865, 52316, 77167, 28032, 92737, 13850, 95218, 90143, 36322, 73382, 83209, 50595, 29908, 37353, 67374, 95605, 65030, 85948, 42248, 51742, 13958, 59791, 76739, 59564, 13066, 30805, 17807, 85504, 25885, 30231, 41736, 32772, 13249, 68075, 36149, 61663, 73951, 35356, 87831, 89235, 31721, 96186, 67227, 59849, 61794, 78461, 52346, 45961, 54629, 36372, 60282, 93631, 47851, 18368, 97837, 90843, 50044, 67106, 21029, 76770, 77173, 66653, 49410, 97752, 86757, 83996, 26685, 83835, 57737, 66299, 5497, 59270, 59852, 19598, 5295, 52961, 28586, 12768, 25880, 9764, 52318, 90347, 34046, 12668, 13453, 87433, 27650, 42477, 49326, 41749, 62748, 98765, 34665, 95777, 89357, 46574, 6745, 22187, 62440, 25149, 45941, 53358, 51499, 46258, 16390, 67600, 61126, 33967, 60411, 92396, 12334, 65244, 47859, 92674, 51901, 54755, 78567, 6218, 35092, 83822, 96937, 14954, 15385, 58187, 4425, 21976, 55065, 21374, 70734, 58312, 98111, 83331, 64714, 9640, 74831, 13634, 97277, 37516, 65177, 3699, 30846, 88252, 82100, 31301, 89984, 88237, 91053, 11421, 79153, 67964, 39274, 14818, 92975, 8461, 91862, 17578, 2051, 97455, 1737, 80593, 73886, 54452, 63215, 43073, 70672, 7208, 25144, 46246, 58663, 33119, 44647, 95657, 94689, 22147, 46185, 14469, 97008, 89816, 53636, 44472, 40787, 76703, 46921, 82127, 78564, 66446, 9953, 35853, 56715, 22645, 31168, 62551, 55572, 12117, 39028, 68644, 24452, 58602, 64085, 43743, 72824, 36709, 45716, 63052, 34896, 10370, 13394, 4334, 33206, 26994, 33844, 97072, 16488, 91981, 52759])"
8.0,9,12,32,6.944478511810303,30017,"Genotype(dna=[20102, 53111, 67896, 30890, 57432, 71372, 44761, 89561, 53356, 31256, 39381, 71390, 58790, 8215, 7159, 28, 31357, 73793, 13833, 13359, 31637, 51650, 50314, 24871, 99824, 70078, 19352, 67610, 31462, 79305, 8290, 31087, 89799, 29418, 77340, 50329, 27355, 89513, 97447, 84500, 9941, 34865, 52316, 77167, 28032, 92737, 13850, 95218, 90143, 36322, 73382, 83209, 50595, 29908, 37353, 67374, 95605, 65030, 85948, 42248, 51742, 13958, 59791, 76739, 59564, 13066, 30805, 17807, 85504, 25885, 30231, 41736, 32772, 13249, 68075, 36149, 61663, 73951, 35356, 87831, 89235, 31721, 96186, 67227, 59849, 61794, 78461, 52346, 45961, 54629, 36372, 60282, 93631, 47851, 18368, 97837, 90843, 50044, 67106, 21029, 76770, 77173, 66653, 49410, 97752, 86757, 83996, 26685, 83835, 57737, 66299, 5497, 59270, 59852, 19598, 5295, 52961, 28586, 12768, 25880, 9764, 52318, 90347, 34046, 12668, 13453, 87433, 27650, 42477, 49326, 41749, 62748, 98765, 34665, 95777, 89357, 46574, 6745, 22187, 62440, 25149, 45941, 53358, 51499, 46258, 16390, 67600, 61126, 33967, 60411, 92396, 12334, 65244, 47859, 92674, 51901, 54755, 78567, 6218, 35092, 83822, 96937, 14954, 15385, 58187, 4425, 21976, 55065, 21374, 70734, 58312, 98111, 83331, 64714, 9640, 74831, 13634, 97277, 37516, 65177, 3699, 30846, 88252, 82100, 31301, 89984, 88237, 91053, 11421, 79153, 67964, 39274, 14818, 92975, 8461, 91862, 17578, 2051, 97455, 1737, 80593, 73886, 54452, 63215, 43073, 70672, 7208, 25144, 46246, 58663, 33119, 44647, 95657, 94689, 22147, 46185, 14469, 97008, 89816, 53636, 44472, 40787, 76703, 46921, 82127, 78564, 66446, 9953, 35853, 56715, 22645, 31168, 62551, 55572, 12117, 39028, 68644, 24452, 58602, 64085, 43743, 72824, 36709, 45716, 63052, 34896, 10370, 13394, 4334, 33206, 26994, 33844, 97072, 16488, 91981, 52759])"
8.0,9,12,33,7.013261556625366,30017,"Genotype(dna=[20102, 53111, 67896, 30890, 57432, 71372, 44761, 89561, 53356, 31256, 39381, 71390, 58790, 8215, 7159, 28, 31357, 73793, 13833, 13359, 31637, 51650, 50314, 24871, 99824, 70078, 19352, 67610, 31462, 79305, 8290, 31087, 89799, 29418, 77340, 50329, 27355, 89513, 97447, 84500, 9941, 34865, 52316, 77167, 28032, 92737, 13850, 95218, 90143, 36322, 73382, 83209, 50595, 29908, 37353, 67374, 95605, 65030, 85948, 42248, 51742, 13958, 59791, 76739, 59564, 13066, 30805, 17807, 85504, 25885, 30231, 41736, 32772, 13249, 68075, 36149, 61663, 73951, 35356, 87831, 89235, 31721, 96186, 67227, 59849, 61794, 78461, 52346, 45961, 54629, 36372, 60282, 93631, 47851, 18368, 97837, 90843, 50044, 67106, 21029, 76770, 77173, 66653, 49410, 97752, 86757, 83996, 26685, 83835, 57737, 66299, 5497, 59270, 59852, 19598, 5295, 52961, 28586, 12768, 25880, 9764, 52318, 90347, 34046, 12668, 13453, 87433, 27650, 42477, 49326, 41749, 62748, 98765, 34665, 95777, 89357, 46574, 6745, 22187, 62440, 25149, 45941, 53358, 51499, 46258, 16390, 67600, 61126, 33967, 60411, 92396, 12334, 65244, 47859, 92674, 51901, 54755, 78567, 6218, 35092, 83822, 96937, 14954, 15385, 58187, 4425, 21976, 55065, 21374, 70734, 58312, 98111, 83331, 64714, 9640, 74831, 13634, 97277, 37516, 65177, 3699, 30846, 88252, 82100, 31301, 89984, 88237, 91053, 11421, 79153, 67964, 39274, 14818, 92975, 8461, 91862, 17578, 2051, 97455, 1737, 80593, 73886, 54452, 63215, 43073, 70672, 7208, 25144, 46246, 58663, 33119, 44647, 95657, 94689, 22147, 46185, 14469, 97008, 89816, 53636, 44472, 40787, 76703, 46921, 82127, 78564, 66446, 9953, 35853, 56715, 22645, 31168, 62551, 55572, 12117, 39028, 68644, 24452, 58602, 64085, 43743, 72824, 36709, 45716, 63052, 34896, 10370, 13394, 4334, 33206, 26994, 33844, 97072, 16488, 91981, 52759])"
8.0,9,12,34,7.068313360214233,30017,"Genotype(dna=[20102, 53111, 67896, 30890, 57432, 71372, 44761, 89561, 53356, 31256, 39381, 71390, 58790, 8215, 7159, 28, 31357, 73793, 13833, 13359, 31637, 51650, 50314, 24871, 99824, 70078, 19352, 67610, 31462, 79305, 8290, 31087, 89799, 29418, 77340, 50329, 27355, 89513, 97447, 84500, 9941, 34865, 52316, 77167, 28032, 92737, 13850, 95218, 90143, 36322, 73382, 83209, 50595, 29908, 37353, 67374, 95605, 65030, 85948, 42248, 51742, 13958, 59791, 76739, 59564, 13066, 30805, 17807, 85504, 25885, 30231, 41736, 32772, 13249, 68075, 36149, 61663, 73951, 35356, 87831, 89235, 31721, 96186, 67227, 59849, 61794, 78461, 52346, 45961, 54629, 36372, 60282, 93631, 47851, 18368, 97837, 90843, 50044, 67106, 21029, 76770, 77173, 66653, 49410, 97752, 86757, 83996, 26685, 83835, 57737, 66299, 5497, 59270, 59852, 19598, 5295, 52961, 28586, 12768, 25880, 9764, 52318, 90347, 34046, 12668, 13453, 87433, 27650, 42477, 49326, 41749, 62748, 98765, 34665, 95777, 89357, 46574, 6745, 22187, 62440, 25149, 45941, 53358, 51499, 46258, 16390, 67600, 61126, 33967, 60411, 92396, 12334, 65244, 47859, 92674, 51901, 54755, 78567, 6218, 35092, 83822, 96937, 14954, 15385, 58187, 4425, 21976, 55065, 21374, 70734, 58312, 98111, 83331, 64714, 9640, 74831, 13634, 97277, 37516, 65177, 3699, 30846, 88252, 82100, 31301, 89984, 88237, 91053, 11421, 79153, 67964, 39274, 14818, 92975, 8461, 91862, 17578, 2051, 97455, 1737, 80593, 73886, 54452, 63215, 43073, 70672, 7208, 25144, 46246, 58663, 33119, 44647, 95657, 94689, 22147, 46185, 14469, 97008, 89816, 53636, 44472, 40787, 76703, 46921, 82127, 78564, 66446, 9953, 35853, 56715, 22645, 31168, 62551, 55572, 12117, 39028, 68644, 24452, 58602, 64085, 43743, 72824, 36709, 45716, 63052, 34896, 10370, 13394, 4334, 33206, 26994, 33844, 97072, 16488, 91981, 52759])"
8.0,9,12,35,7.121780157089233,30017,"Genotype(dna=[20102, 53111, 67896, 30890, 57432, 71372, 44761, 89561, 53356, 31256, 39381, 71390, 58790, 8215, 7159, 28, 31357, 73793, 13833, 13359, 31637, 51650, 50314, 24871, 99824, 70078, 19352, 67610, 31462, 79305, 8290, 31087, 89799, 29418, 77340, 50329, 27355, 89513, 97447, 84500, 9941, 34865, 52316, 77167, 28032, 92737, 13850, 95218, 90143, 36322, 73382, 83209, 50595, 29908, 37353, 67374, 95605, 65030, 85948, 42248, 51742, 13958, 59791, 76739, 59564, 13066, 30805, 17807, 85504, 25885, 30231, 41736, 32772, 13249, 68075, 36149, 61663, 73951, 35356, 87831, 89235, 31721, 96186, 67227, 59849, 61794, 78461, 52346, 45961, 54629, 36372, 60282, 93631, 47851, 18368, 97837, 90843, 50044, 67106, 21029, 76770, 77173, 66653, 49410, 97752, 86757, 83996, 26685, 83835, 57737, 66299, 5497, 59270, 59852, 19598, 5295, 52961, 28586, 12768, 25880, 9764, 52318, 90347, 34046, 12668, 13453, 87433, 27650, 42477, 49326, 41749, 62748, 98765, 34665, 95777, 89357, 46574, 6745, 22187, 62440, 25149, 45941, 53358, 51499, 46258, 16390, 67600, 61126, 33967, 60411, 92396, 12334, 65244, 47859, 92674, 51901, 54755, 78567, 6218, 35092, 83822, 96937, 14954, 15385, 58187, 4425, 21976, 55065, 21374, 70734, 58312, 98111, 83331, 64714, 9640, 74831, 13634, 97277, 37516, 65177, 3699, 30846, 88252, 82100, 31301, 89984, 88237, 91053, 11421, 79153, 67964, 39274, 14818, 92975, 8461, 91862, 17578, 2051, 97455, 1737, 80593, 73886, 54452, 63215, 43073, 70672, 7208, 25144, 46246, 58663, 33119, 44647, 95657, 94689, 22147, 46185, 14469, 97008, 89816, 53636, 44472, 40787, 76703, 46921, 82127, 78564, 66446, 9953, 35853, 56715, 22645, 31168, 62551, 55572, 12117, 39028, 68644, 24452, 58602, 64085, 43743, 72824, 36709, 45716, 63052, 34896, 10370, 13394, 4334, 33206, 26994, 33844, 97072, 16488, 91981, 52759])"
8.0,9,12,36,7.16690993309021,30017,"Genotype(dna=[20102, 53111, 67896, 30890, 57432, 71372, 44761, 89561, 53356, 31256, 39381, 71390, 58790, 8215, 7159, 28, 31357, 73793, 13833, 13359, 31637, 51650, 50314, 24871, 99824, 70078, 19352, 67610, 31462, 79305, 8290, 31087, 89799, 29418, 77340, 50329, 27355, 89513, 97447, 84500, 9941, 34865, 52316, 77167, 28032, 92737, 13850, 95218, 90143, 36322, 73382, 83209, 50595, 29908, 37353, 67374, 95605, 65030, 85948, 42248, 51742, 13958, 59791, 76739, 59564, 13066, 30805, 17807, 85504, 25885, 30231, 41736, 32772, 13249, 68075, 36149, 61663, 73951, 35356, 87831, 89235, 31721, 96186, 67227, 59849, 61794, 78461, 52346, 45961, 54629, 36372, 60282, 93631, 47851, 18368, 97837, 90843, 50044, 67106, 21029, 76770, 77173, 66653, 49410, 97752, 86757, 83996, 26685, 83835, 57737, 66299, 5497, 59270, 59852, 19598, 5295, 52961, 28586, 12768, 25880, 9764, 52318, 90347, 34046, 12668, 13453, 87433, 27650, 42477, 49326, 41749, 62748, 98765, 34665, 95777, 89357, 46574, 6745, 22187, 62440, 25149, 45941, 53358, 51499, 46258, 16390, 67600, 61126, 33967, 60411, 92396, 12334, 65244, 47859, 92674, 51901, 54755, 78567, 6218, 35092, 83822, 96937, 14954, 15385, 58187, 4425, 21976, 55065, 21374, 70734, 58312, 98111, 83331, 64714, 9640, 74831, 13634, 97277, 37516, 65177, 3699, 30846, 88252, 82100, 31301, 89984, 88237, 91053, 11421, 79153, 67964, 39274, 14818, 92975, 8461, 91862, 17578, 2051, 97455, 1737, 80593, 73886, 54452, 63215, 43073, 70672, 7208, 25144, 46246, 58663, 33119, 44647, 95657, 94689, 22147, 46185, 14469, 97008, 89816, 53636, 44472, 40787, 76703, 46921, 82127, 78564, 66446, 9953, 35853, 56715, 22645, 31168, 62551, 55572, 12117, 39028, 68644, 24452, 58602, 64085, 43743, 72824, 36709, 45716, 63052, 34896, 10370, 13394, 4334, 33206, 26994, 33844, 97072, 16488, 91981, 52759])"
8.0,9,12,37,7.2115325927734375,30017,"Genotype(dna=[20102, 53111, 67896, 30890, 57432, 71372, 44761, 89561, 53356, 31256, 39381, 71390, 58790, 8215, 7159, 28, 31357, 73793, 13833, 13359, 31637, 51650, 50314, 24871, 99824, 70078, 19352, 67610, 31462, 79305, 8290, 31087, 89799, 29418, 77340, 50329, 27355, 89513, 97447, 84500, 9941, 34865, 52316, 77167, 28032, 92737, 13850, 95218, 90143, 36322, 73382, 83209, 50595, 29908, 37353, 67374, 95605, 65030, 85948, 42248, 51742, 13958, 59791, 76739, 59564, 13066, 30805, 17807, 85504, 25885, 30231, 41736, 32772, 13249, 68075, 36149, 61663, 73951, 35356, 87831, 89235, 31721, 96186, 67227, 59849, 61794, 78461, 52346, 45961, 54629, 36372, 60282, 93631, 47851, 18368, 97837, 90843, 50044, 67106, 21029, 76770, 77173, 66653, 49410, 97752, 86757, 83996, 26685, 83835, 57737, 66299, 5497, 59270, 59852, 19598, 5295, 52961, 28586, 12768, 25880, 9764, 52318, 90347, 34046, 12668, 13453, 87433, 27650, 42477, 49326, 41749, 62748, 98765, 34665, 95777, 89357, 46574, 6745, 22187, 62440, 25149, 45941, 53358, 51499, 46258, 16390, 67600, 61126, 33967, 60411, 92396, 12334, 65244, 47859, 92674, 51901, 54755, 78567, 6218, 35092, 83822, 96937, 14954, 15385, 58187, 4425, 21976, 55065, 21374, 70734, 58312, 98111, 83331, 64714, 9640, 74831, 13634, 97277, 37516, 65177, 3699, 30846, 88252, 82100, 31301, 89984, 88237, 91053, 11421, 79153, 67964, 39274, 14818, 92975, 8461, 91862, 17578, 2051, 97455, 1737, 80593, 73886, 54452, 63215, 43073, 70672, 7208, 25144, 46246, 58663, 33119, 44647, 95657, 94689, 22147, 46185, 14469, 97008, 89816, 53636, 44472, 40787, 76703, 46921, 82127, 78564, 66446, 9953, 35853, 56715, 22645, 31168, 62551, 55572, 12117, 39028, 68644, 24452, 58602, 64085, 43743, 72824, 36709, 45716, 63052, 34896, 10370, 13394, 4334, 33206, 26994, 33844, 97072, 16488, 91981, 52759])"
8.0,9,12,38,7.262194395065308,30017,"Genotype(dna=[20102, 53111, 67896, 30890, 57432, 71372, 44761, 89561, 53356, 31256, 39381, 71390, 58790, 8215, 7159, 28, 31357, 73793, 13833, 13359, 31637, 51650, 50314, 24871, 99824, 70078, 19352, 67610, 31462, 79305, 8290, 31087, 89799, 29418, 77340, 50329, 27355, 89513, 97447, 84500, 9941, 34865, 52316, 77167, 28032, 92737, 13850, 95218, 90143, 36322, 73382, 83209, 50595, 29908, 37353, 67374, 95605, 65030, 85948, 42248, 51742, 13958, 59791, 76739, 59564, 13066, 30805, 17807, 85504, 25885, 30231, 41736, 32772, 13249, 68075, 36149, 61663, 73951, 35356, 87831, 89235, 31721, 96186, 67227, 59849, 61794, 78461, 52346, 45961, 54629, 36372, 60282, 93631, 47851, 18368, 97837, 90843, 50044, 67106, 21029, 76770, 77173, 66653, 49410, 97752, 86757, 83996, 26685, 83835, 57737, 66299, 5497, 59270, 59852, 19598, 5295, 52961, 28586, 12768, 25880, 9764, 52318, 90347, 34046, 12668, 13453, 87433, 27650, 42477, 49326, 41749, 62748, 98765, 34665, 95777, 89357, 46574, 6745, 22187, 62440, 25149, 45941, 53358, 51499, 46258, 16390, 67600, 61126, 33967, 60411, 92396, 12334, 65244, 47859, 92674, 51901, 54755, 78567, 6218, 35092, 83822, 96937, 14954, 15385, 58187, 4425, 21976, 55065, 21374, 70734, 58312, 98111, 83331, 64714, 9640, 74831, 13634, 97277, 37516, 65177, 3699, 30846, 88252, 82100, 31301, 89984, 88237, 91053, 11421, 79153, 67964, 39274, 14818, 92975, 8461, 91862, 17578, 2051, 97455, 1737, 80593, 73886, 54452, 63215, 43073, 70672, 7208, 25144, 46246, 58663, 33119, 44647, 95657, 94689, 22147, 46185, 14469, 97008, 89816, 53636, 44472, 40787, 76703, 46921, 82127, 78564, 66446, 9953, 35853, 56715, 22645, 31168, 62551, 55572, 12117, 39028, 68644, 24452, 58602, 64085, 43743, 72824, 36709, 45716, 63052, 34896, 10370, 13394, 4334, 33206, 26994, 33844, 97072, 16488, 91981, 52759])"
8.0,9,12,39,7.3199498653411865,30017,"Genotype(dna=[20102, 53111, 67896, 30890, 57432, 71372, 44761, 89561, 53356, 31256, 39381, 71390, 58790, 8215, 7159, 28, 31357, 73793, 13833, 13359, 31637, 51650, 50314, 24871, 99824, 70078, 19352, 67610, 31462, 79305, 8290, 31087, 89799, 29418, 77340, 50329, 27355, 89513, 97447, 84500, 9941, 34865, 52316, 77167, 28032, 92737, 13850, 95218, 90143, 36322, 73382, 83209, 50595, 29908, 37353, 67374, 95605, 65030, 85948, 42248, 51742, 13958, 59791, 76739, 59564, 13066, 30805, 17807, 85504, 25885, 30231, 41736, 32772, 13249, 68075, 36149, 61663, 73951, 35356, 87831, 89235, 31721, 96186, 67227, 59849, 61794, 78461, 52346, 45961, 54629, 36372, 60282, 93631, 47851, 18368, 97837, 90843, 50044, 67106, 21029, 76770, 77173, 66653, 49410, 97752, 86757, 83996, 26685, 83835, 57737, 66299, 5497, 59270, 59852, 19598, 5295, 52961, 28586, 12768, 25880, 9764, 52318, 90347, 34046, 12668, 13453, 87433, 27650, 42477, 49326, 41749, 62748, 98765, 34665, 95777, 89357, 46574, 6745, 22187, 62440, 25149, 45941, 53358, 51499, 46258, 16390, 67600, 61126, 33967, 60411, 92396, 12334, 65244, 47859, 92674, 51901, 54755, 78567, 6218, 35092, 83822, 96937, 14954, 15385, 58187, 4425, 21976, 55065, 21374, 70734, 58312, 98111, 83331, 64714, 9640, 74831, 13634, 97277, 37516, 65177, 3699, 30846, 88252, 82100, 31301, 89984, 88237, 91053, 11421, 79153, 67964, 39274, 14818, 92975, 8461, 91862, 17578, 2051, 97455, 1737, 80593, 73886, 54452, 63215, 43073, 70672, 7208, 25144, 46246, 58663, 33119, 44647, 95657, 94689, 22147, 46185, 14469, 97008, 89816, 53636, 44472, 40787, 76703, 46921, 82127, 78564, 66446, 9953, 35853, 56715, 22645, 31168, 62551, 55572, 12117, 39028, 68644, 24452, 58602, 64085, 43743, 72824, 36709, 45716, 63052, 34896, 10370, 13394, 4334, 33206, 26994, 33844, 97072, 16488, 91981, 52759])"
8.0,9,12,40,7.3675103187561035,30017,"Genotype(dna=[20102, 53111, 67896, 30890, 57432, 71372, 44761, 89561, 53356, 31256, 39381, 71390, 58790, 8215, 7159, 28, 31357, 73793, 13833, 13359, 31637, 51650, 50314, 24871, 99824, 70078, 19352, 67610, 31462, 79305, 8290, 31087, 89799, 29418, 77340, 50329, 27355, 89513, 97447, 84500, 9941, 34865, 52316, 77167, 28032, 92737, 13850, 95218, 90143, 36322, 73382, 83209, 50595, 29908, 37353, 67374, 95605, 65030, 85948, 42248, 51742, 13958, 59791, 76739, 59564, 13066, 30805, 17807, 85504, 25885, 30231, 41736, 32772, 13249, 68075, 36149, 61663, 73951, 35356, 87831, 89235, 31721, 96186, 67227, 59849, 61794, 78461, 52346, 45961, 54629, 36372, 60282, 93631, 47851, 18368, 97837, 90843, 50044, 67106, 21029, 76770, 77173, 66653, 49410, 97752, 86757, 83996, 26685, 83835, 57737, 66299, 5497, 59270, 59852, 19598, 5295, 52961, 28586, 12768, 25880, 9764, 52318, 90347, 34046, 12668, 13453, 87433, 27650, 42477, 49326, 41749, 62748, 98765, 34665, 95777, 89357, 46574, 6745, 22187, 62440, 25149, 45941, 53358, 51499, 46258, 16390, 67600, 61126, 33967, 60411, 92396, 12334, 65244, 47859, 92674, 51901, 54755, 78567, 6218, 35092, 83822, 96937, 14954, 15385, 58187, 4425, 21976, 55065, 21374, 70734, 58312, 98111, 83331, 64714, 9640, 74831, 13634, 97277, 37516, 65177, 3699, 30846, 88252, 82100, 31301, 89984, 88237, 91053, 11421, 79153, 67964, 39274, 14818, 92975, 8461, 91862, 17578, 2051, 97455, 1737, 80593, 73886, 54452, 63215, 43073, 70672, 7208, 25144, 46246, 58663, 33119, 44647, 95657, 94689, 22147, 46185, 14469, 97008, 89816, 53636, 44472, 40787, 76703, 46921, 82127, 78564, 66446, 9953, 35853, 56715, 22645, 31168, 62551, 55572, 12117, 39028, 68644, 24452, 58602, 64085, 43743, 72824, 36709, 45716, 63052, 34896, 10370, 13394, 4334, 33206, 26994, 33844, 97072, 16488, 91981, 52759])"
8.0,9,12,41,7.418344736099243,30017,"Genotype(dna=[20102, 53111, 67896, 30890, 57432, 71372, 44761, 89561, 53356, 31256, 39381, 71390, 58790, 8215, 7159, 28, 31357, 73793, 13833, 13359, 31637, 51650, 50314, 24871, 99824, 70078, 19352, 67610, 31462, 79305, 8290, 31087, 89799, 29418, 77340, 50329, 27355, 89513, 97447, 84500, 9941, 34865, 52316, 77167, 28032, 92737, 13850, 95218, 90143, 36322, 73382, 83209, 50595, 29908, 37353, 67374, 95605, 65030, 85948, 42248, 51742, 13958, 59791, 76739, 59564, 13066, 30805, 17807, 85504, 25885, 30231, 41736, 32772, 13249, 68075, 36149, 61663, 73951, 35356, 87831, 89235, 31721, 96186, 67227, 59849, 61794, 78461, 52346, 45961, 54629, 36372, 60282, 93631, 47851, 18368, 97837, 90843, 50044, 67106, 21029, 76770, 77173, 66653, 49410, 97752, 86757, 83996, 26685, 83835, 57737, 66299, 5497, 59270, 59852, 19598, 5295, 52961, 28586, 12768, 25880, 9764, 52318, 90347, 34046, 12668, 13453, 87433, 27650, 42477, 49326, 41749, 62748, 98765, 34665, 95777, 89357, 46574, 6745, 22187, 62440, 25149, 45941, 53358, 51499, 46258, 16390, 67600, 61126, 33967, 60411, 92396, 12334, 65244, 47859, 92674, 51901, 54755, 78567, 6218, 35092, 83822, 96937, 14954, 15385, 58187, 4425, 21976, 55065, 21374, 70734, 58312, 98111, 83331, 64714, 9640, 74831, 13634, 97277, 37516, 65177, 3699, 30846, 88252, 82100, 31301, 89984, 88237, 91053, 11421, 79153, 67964, 39274, 14818, 92975, 8461, 91862, 17578, 2051, 97455, 1737, 80593, 73886, 54452, 63215, 43073, 70672, 7208, 25144, 46246, 58663, 33119, 44647, 95657, 94689, 22147, 46185, 14469, 97008, 89816, 53636, 44472, 40787, 76703, 46921, 82127, 78564, 66446, 9953, 35853, 56715, 22645, 31168, 62551, 55572, 12117, 39028, 68644, 24452, 58602, 64085, 43743, 72824, 36709, 45716, 63052, 34896, 10370, 13394, 4334, 33206, 26994, 33844, 97072, 16488, 91981, 52759])"
8.0,9,12,42,7.489136695861816,30017,"Genotype(dna=[20102, 53111, 67896, 30890, 57432, 71372, 44761, 89561, 53356, 31256, 39381, 71390, 58790, 8215, 7159, 28, 31357, 73793, 13833, 13359, 31637, 51650, 50314, 24871, 99824, 70078, 19352, 67610, 31462, 79305, 8290, 31087, 89799, 29418, 77340, 50329, 27355, 89513, 97447, 84500, 9941, 34865, 52316, 77167, 28032, 92737, 13850, 95218, 90143, 36322, 73382, 83209, 50595, 29908, 37353, 67374, 95605, 65030, 85948, 42248, 51742, 13958, 59791, 76739, 59564, 13066, 30805, 17807, 85504, 25885, 30231, 41736, 32772, 13249, 68075, 36149, 61663, 73951, 35356, 87831, 89235, 31721, 96186, 67227, 59849, 61794, 78461, 52346, 45961, 54629, 36372, 60282, 93631, 47851, 18368, 97837, 90843, 50044, 67106, 21029, 76770, 77173, 66653, 49410, 97752, 86757, 83996, 26685, 83835, 57737, 66299, 5497, 59270, 59852, 19598, 5295, 52961, 28586, 12768, 25880, 9764, 52318, 90347, 34046, 12668, 13453, 87433, 27650, 42477, 49326, 41749, 62748, 98765, 34665, 95777, 89357, 46574, 6745, 22187, 62440, 25149, 45941, 53358, 51499, 46258, 16390, 67600, 61126, 33967, 60411, 92396, 12334, 65244, 47859, 92674, 51901, 54755, 78567, 6218, 35092, 83822, 96937, 14954, 15385, 58187, 4425, 21976, 55065, 21374, 70734, 58312, 98111, 83331, 64714, 9640, 74831, 13634, 97277, 37516, 65177, 3699, 30846, 88252, 82100, 31301, 89984, 88237, 91053, 11421, 79153, 67964, 39274, 14818, 92975, 8461, 91862, 17578, 2051, 97455, 1737, 80593, 73886, 54452, 63215, 43073, 70672, 7208, 25144, 46246, 58663, 33119, 44647, 95657, 94689, 22147, 46185, 14469, 97008, 89816, 53636, 44472, 40787, 76703, 46921, 82127, 78564, 66446, 9953, 35853, 56715, 22645, 31168, 62551, 55572, 12117, 39028, 68644, 24452, 58602, 64085, 43743, 72824, 36709, 45716, 63052, 34896, 10370, 13394, 4334, 33206, 26994, 33844, 97072, 16488, 91981, 52759])"
8.0,9,12,43,7.547410249710083,30017,"Genotype(dna=[20102, 53111, 67896, 30890, 57432, 71372, 44761, 89561, 53356, 31256, 39381, 71390, 58790, 8215, 7159, 28, 31357, 73793, 13833, 13359, 31637, 51650, 50314, 24871, 99824, 70078, 19352, 67610, 31462, 79305, 8290, 31087, 89799, 29418, 77340, 50329, 27355, 89513, 97447, 84500, 9941, 34865, 52316, 77167, 28032, 92737, 13850, 95218, 90143, 36322, 73382, 83209, 50595, 29908, 37353, 67374, 95605, 65030, 85948, 42248, 51742, 13958, 59791, 76739, 59564, 13066, 30805, 17807, 85504, 25885, 30231, 41736, 32772, 13249, 68075, 36149, 61663, 73951, 35356, 87831, 89235, 31721, 96186, 67227, 59849, 61794, 78461, 52346, 45961, 54629, 36372, 60282, 93631, 47851, 18368, 97837, 90843, 50044, 67106, 21029, 76770, 77173, 66653, 49410, 97752, 86757, 83996, 26685, 83835, 57737, 66299, 5497, 59270, 59852, 19598, 5295, 52961, 28586, 12768, 25880, 9764, 52318, 90347, 34046, 12668, 13453, 87433, 27650, 42477, 49326, 41749, 62748, 98765, 34665, 95777, 89357, 46574, 6745, 22187, 62440, 25149, 45941, 53358, 51499, 46258, 16390, 67600, 61126, 33967, 60411, 92396, 12334, 65244, 47859, 92674, 51901, 54755, 78567, 6218, 35092, 83822, 96937, 14954, 15385, 58187, 4425, 21976, 55065, 21374, 70734, 58312, 98111, 83331, 64714, 9640, 74831, 13634, 97277, 37516, 65177, 3699, 30846, 88252, 82100, 31301, 89984, 88237, 91053, 11421, 79153, 67964, 39274, 14818, 92975, 8461, 91862, 17578, 2051, 97455, 1737, 80593, 73886, 54452, 63215, 43073, 70672, 7208, 25144, 46246, 58663, 33119, 44647, 95657, 94689, 22147, 46185, 14469, 97008, 89816, 53636, 44472, 40787, 76703, 46921, 82127, 78564, 66446, 9953, 35853, 56715, 22645, 31168, 62551, 55572, 12117, 39028, 68644, 24452, 58602, 64085, 43743, 72824, 36709, 45716, 63052, 34896, 10370, 13394, 4334, 33206, 26994, 33844, 97072, 16488, 91981, 52759])"
8.0,9,12,44,7.592139720916748,30017,"Genotype(dna=[20102, 53111, 67896, 30890, 57432, 71372, 44761, 89561, 53356, 31256, 39381, 71390, 58790, 8215, 7159, 28, 31357, 73793, 13833, 13359, 31637, 51650, 50314, 24871, 99824, 70078, 19352, 67610, 31462, 79305, 8290, 31087, 89799, 29418, 77340, 50329, 27355, 89513, 97447, 84500, 9941, 34865, 52316, 77167, 28032, 92737, 13850, 95218, 90143, 36322, 73382, 83209, 50595, 29908, 37353, 67374, 95605, 65030, 85948, 42248, 51742, 13958, 59791, 76739, 59564, 13066, 30805, 17807, 85504, 25885, 30231, 41736, 32772, 13249, 68075, 36149, 61663, 73951, 35356, 87831, 89235, 31721, 96186, 67227, 59849, 61794, 78461, 52346, 45961, 54629, 36372, 60282, 93631, 47851, 18368, 97837, 90843, 50044, 67106, 21029, 76770, 77173, 66653, 49410, 97752, 86757, 83996, 26685, 83835, 57737, 66299, 5497, 59270, 59852, 19598, 5295, 52961, 28586, 12768, 25880, 9764, 52318, 90347, 34046, 12668, 13453, 87433, 27650, 42477, 49326, 41749, 62748, 98765, 34665, 95777, 89357, 46574, 6745, 22187, 62440, 25149, 45941, 53358, 51499, 46258, 16390, 67600, 61126, 33967, 60411, 92396, 12334, 65244, 47859, 92674, 51901, 54755, 78567, 6218, 35092, 83822, 96937, 14954, 15385, 58187, 4425, 21976, 55065, 21374, 70734, 58312, 98111, 83331, 64714, 9640, 74831, 13634, 97277, 37516, 65177, 3699, 30846, 88252, 82100, 31301, 89984, 88237, 91053, 11421, 79153, 67964, 39274, 14818, 92975, 8461, 91862, 17578, 2051, 97455, 1737, 80593, 73886, 54452, 63215, 43073, 70672, 7208, 25144, 46246, 58663, 33119, 44647, 95657, 94689, 22147, 46185, 14469, 97008, 89816, 53636, 44472, 40787, 76703, 46921, 82127, 78564, 66446, 9953, 35853, 56715, 22645, 31168, 62551, 55572, 12117, 39028, 68644, 24452, 58602, 64085, 43743, 72824, 36709, 45716, 63052, 34896, 10370, 13394, 4334, 33206, 26994, 33844, 97072, 16488, 91981, 52759])"
8.0,9,12,45,7.64077091217041,30017,"Genotype(dna=[20102, 53111, 67896, 30890, 57432, 71372, 44761, 89561, 53356, 31256, 39381, 71390, 58790, 8215, 7159, 28, 31357, 73793, 13833, 13359, 31637, 51650, 50314, 24871, 99824, 70078, 19352, 67610, 31462, 79305, 8290, 31087, 89799, 29418, 77340, 50329, 27355, 89513, 97447, 84500, 9941, 34865, 52316, 77167, 28032, 92737, 13850, 95218, 90143, 36322, 73382, 83209, 50595, 29908, 37353, 67374, 95605, 65030, 85948, 42248, 51742, 13958, 59791, 76739, 59564, 13066, 30805, 17807, 85504, 25885, 30231, 41736, 32772, 13249, 68075, 36149, 61663, 73951, 35356, 87831, 89235, 31721, 96186, 67227, 59849, 61794, 78461, 52346, 45961, 54629, 36372, 60282, 93631, 47851, 18368, 97837, 90843, 50044, 67106, 21029, 76770, 77173, 66653, 49410, 97752, 86757, 83996, 26685, 83835, 57737, 66299, 5497, 59270, 59852, 19598, 5295, 52961, 28586, 12768, 25880, 9764, 52318, 90347, 34046, 12668, 13453, 87433, 27650, 42477, 49326, 41749, 62748, 98765, 34665, 95777, 89357, 46574, 6745, 22187, 62440, 25149, 45941, 53358, 51499, 46258, 16390, 67600, 61126, 33967, 60411, 92396, 12334, 65244, 47859, 92674, 51901, 54755, 78567, 6218, 35092, 83822, 96937, 14954, 15385, 58187, 4425, 21976, 55065, 21374, 70734, 58312, 98111, 83331, 64714, 9640, 74831, 13634, 97277, 37516, 65177, 3699, 30846, 88252, 82100, 31301, 89984, 88237, 91053, 11421, 79153, 67964, 39274, 14818, 92975, 8461, 91862, 17578, 2051, 97455, 1737, 80593, 73886, 54452, 63215, 43073, 70672, 7208, 25144, 46246, 58663, 33119, 44647, 95657, 94689, 22147, 46185, 14469, 97008, 89816, 53636, 44472, 40787, 76703, 46921, 82127, 78564, 66446, 9953, 35853, 56715, 22645, 31168, 62551, 55572, 12117, 39028, 68644, 24452, 58602, 64085, 43743, 72824, 36709, 45716, 63052, 34896, 10370, 13394, 4334, 33206, 26994, 33844, 97072, 16488, 91981, 52759])"
8.0,9,12,46,7.6877782344818115,30017,"Genotype(dna=[20102, 53111, 67896, 30890, 57432, 71372, 44761, 89561, 53356, 31256, 39381, 71390, 58790, 8215, 7159, 28, 31357, 73793, 13833, 13359, 31637, 51650, 50314, 24871, 99824, 70078, 19352, 67610, 31462, 79305, 8290, 31087, 89799, 29418, 77340, 50329, 27355, 89513, 97447, 84500, 9941, 34865, 52316, 77167, 28032, 92737, 13850, 95218, 90143, 36322, 73382, 83209, 50595, 29908, 37353, 67374, 95605, 65030, 85948, 42248, 51742, 13958, 59791, 76739, 59564, 13066, 30805, 17807, 85504, 25885, 30231, 41736, 32772, 13249, 68075, 36149, 61663, 73951, 35356, 87831, 89235, 31721, 96186, 67227, 59849, 61794, 78461, 52346, 45961, 54629, 36372, 60282, 93631, 47851, 18368, 97837, 90843, 50044, 67106, 21029, 76770, 77173, 66653, 49410, 97752, 86757, 83996, 26685, 83835, 57737, 66299, 5497, 59270, 59852, 19598, 5295, 52961, 28586, 12768, 25880, 9764, 52318, 90347, 34046, 12668, 13453, 87433, 27650, 42477, 49326, 41749, 62748, 98765, 34665, 95777, 89357, 46574, 6745, 22187, 62440, 25149, 45941, 53358, 51499, 46258, 16390, 67600, 61126, 33967, 60411, 92396, 12334, 65244, 47859, 92674, 51901, 54755, 78567, 6218, 35092, 83822, 96937, 14954, 15385, 58187, 4425, 21976, 55065, 21374, 70734, 58312, 98111, 83331, 64714, 9640, 74831, 13634, 97277, 37516, 65177, 3699, 30846, 88252, 82100, 31301, 89984, 88237, 91053, 11421, 79153, 67964, 39274, 14818, 92975, 8461, 91862, 17578, 2051, 97455, 1737, 80593, 73886, 54452, 63215, 43073, 70672, 7208, 25144, 46246, 58663, 33119, 44647, 95657, 94689, 22147, 46185, 14469, 97008, 89816, 53636, 44472, 40787, 76703, 46921, 82127, 78564, 66446, 9953, 35853, 56715, 22645, 31168, 62551, 55572, 12117, 39028, 68644, 24452, 58602, 64085, 43743, 72824, 36709, 45716, 63052, 34896, 10370, 13394, 4334, 33206, 26994, 33844, 97072, 16488, 91981, 52759])"
8.0,9,12,47,7.737644910812378,30017,"Genotype(dna=[20102, 53111, 67896, 30890, 57432, 71372, 44761, 89561, 53356, 31256, 39381, 71390, 58790, 8215, 7159, 28, 31357, 73793, 13833, 13359, 31637, 51650, 50314, 24871, 99824, 70078, 19352, 67610, 31462, 79305, 8290, 31087, 89799, 29418, 77340, 50329, 27355, 89513, 97447, 84500, 9941, 34865, 52316, 77167, 28032, 92737, 13850, 95218, 90143, 36322, 73382, 83209, 50595, 29908, 37353, 67374, 95605, 65030, 85948, 42248, 51742, 13958, 59791, 76739, 59564, 13066, 30805, 17807, 85504, 25885, 30231, 41736, 32772, 13249, 68075, 36149, 61663, 73951, 35356, 87831, 89235, 31721, 96186, 67227, 59849, 61794, 78461, 52346, 45961, 54629, 36372, 60282, 93631, 47851, 18368, 97837, 90843, 50044, 67106, 21029, 76770, 77173, 66653, 49410, 97752, 86757, 83996, 26685, 83835, 57737, 66299, 5497, 59270, 59852, 19598, 5295, 52961, 28586, 12768, 25880, 9764, 52318, 90347, 34046, 12668, 13453, 87433, 27650, 42477, 49326, 41749, 62748, 98765, 34665, 95777, 89357, 46574, 6745, 22187, 62440, 25149, 45941, 53358, 51499, 46258, 16390, 67600, 61126, 33967, 60411, 92396, 12334, 65244, 47859, 92674, 51901, 54755, 78567, 6218, 35092, 83822, 96937, 14954, 15385, 58187, 4425, 21976, 55065, 21374, 70734, 58312, 98111, 83331, 64714, 9640, 74831, 13634, 97277, 37516, 65177, 3699, 30846, 88252, 82100, 31301, 89984, 88237, 91053, 11421, 79153, 67964, 39274, 14818, 92975, 8461, 91862, 17578, 2051, 97455, 1737, 80593, 73886, 54452, 63215, 43073, 70672, 7208, 25144, 46246, 58663, 33119, 44647, 95657, 94689, 22147, 46185, 14469, 97008, 89816, 53636, 44472, 40787, 76703, 46921, 82127, 78564, 66446, 9953, 35853, 56715, 22645, 31168, 62551, 55572, 12117, 39028, 68644, 24452, 58602, 64085, 43743, 72824, 36709, 45716, 63052, 34896, 10370, 13394, 4334, 33206, 26994, 33844, 97072, 16488, 91981, 52759])"
8.0,9,12,48,7.798168420791626,30017,"Genotype(dna=[20102, 53111, 67896, 30890, 57432, 71372, 44761, 89561, 53356, 31256, 39381, 71390, 58790, 8215, 7159, 28, 31357, 73793, 13833, 13359, 31637, 51650, 50314, 24871, 99824, 70078, 19352, 67610, 31462, 79305, 8290, 31087, 89799, 29418, 77340, 50329, 27355, 89513, 97447, 84500, 9941, 34865, 52316, 77167, 28032, 92737, 13850, 95218, 90143, 36322, 73382, 83209, 50595, 29908, 37353, 67374, 95605, 65030, 85948, 42248, 51742, 13958, 59791, 76739, 59564, 13066, 30805, 17807, 85504, 25885, 30231, 41736, 32772, 13249, 68075, 36149, 61663, 73951, 35356, 87831, 89235, 31721, 96186, 67227, 59849, 61794, 78461, 52346, 45961, 54629, 36372, 60282, 93631, 47851, 18368, 97837, 90843, 50044, 67106, 21029, 76770, 77173, 66653, 49410, 97752, 86757, 83996, 26685, 83835, 57737, 66299, 5497, 59270, 59852, 19598, 5295, 52961, 28586, 12768, 25880, 9764, 52318, 90347, 34046, 12668, 13453, 87433, 27650, 42477, 49326, 41749, 62748, 98765, 34665, 95777, 89357, 46574, 6745, 22187, 62440, 25149, 45941, 53358, 51499, 46258, 16390, 67600, 61126, 33967, 60411, 92396, 12334, 65244, 47859, 92674, 51901, 54755, 78567, 6218, 35092, 83822, 96937, 14954, 15385, 58187, 4425, 21976, 55065, 21374, 70734, 58312, 98111, 83331, 64714, 9640, 74831, 13634, 97277, 37516, 65177, 3699, 30846, 88252, 82100, 31301, 89984, 88237, 91053, 11421, 79153, 67964, 39274, 14818, 92975, 8461, 91862, 17578, 2051, 97455, 1737, 80593, 73886, 54452, 63215, 43073, 70672, 7208, 25144, 46246, 58663, 33119, 44647, 95657, 94689, 22147, 46185, 14469, 97008, 89816, 53636, 44472, 40787, 76703, 46921, 82127, 78564, 66446, 9953, 35853, 56715, 22645, 31168, 62551, 55572, 12117, 39028, 68644, 24452, 58602, 64085, 43743, 72824, 36709, 45716, 63052, 34896, 10370, 13394, 4334, 33206, 26994, 33844, 97072, 16488, 91981, 52759])"
8.0,9,12,49,7.861185789108276,30017,"Genotype(dna=[20102, 53111, 67896, 30890, 57432, 71372, 44761, 89561, 53356, 31256, 39381, 71390, 58790, 8215, 7159, 28, 31357, 73793, 13833, 13359, 31637, 51650, 50314, 24871, 99824, 70078, 19352, 67610, 31462, 79305, 8290, 31087, 89799, 29418, 77340, 50329, 27355, 89513, 97447, 84500, 9941, 34865, 52316, 77167, 28032, 92737, 13850, 95218, 90143, 36322, 73382, 83209, 50595, 29908, 37353, 67374, 95605, 65030, 85948, 42248, 51742, 13958, 59791, 76739, 59564, 13066, 30805, 17807, 85504, 25885, 30231, 41736, 32772, 13249, 68075, 36149, 61663, 73951, 35356, 87831, 89235, 31721, 96186, 67227, 59849, 61794, 78461, 52346, 45961, 54629, 36372, 60282, 93631, 47851, 18368, 97837, 90843, 50044, 67106, 21029, 76770, 77173, 66653, 49410, 97752, 86757, 83996, 26685, 83835, 57737, 66299, 5497, 59270, 59852, 19598, 5295, 52961, 28586, 12768, 25880, 9764, 52318, 90347, 34046, 12668, 13453, 87433, 27650, 42477, 49326, 41749, 62748, 98765, 34665, 95777, 89357, 46574, 6745, 22187, 62440, 25149, 45941, 53358, 51499, 46258, 16390, 67600, 61126, 33967, 60411, 92396, 12334, 65244, 47859, 92674, 51901, 54755, 78567, 6218, 35092, 83822, 96937, 14954, 15385, 58187, 4425, 21976, 55065, 21374, 70734, 58312, 98111, 83331, 64714, 9640, 74831, 13634, 97277, 37516, 65177, 3699, 30846, 88252, 82100, 31301, 89984, 88237, 91053, 11421, 79153, 67964, 39274, 14818, 92975, 8461, 91862, 17578, 2051, 97455, 1737, 80593, 73886, 54452, 63215, 43073, 70672, 7208, 25144, 46246, 58663, 33119, 44647, 95657, 94689, 22147, 46185, 14469, 97008, 89816, 53636, 44472, 40787, 76703, 46921, 82127, 78564, 66446, 9953, 35853, 56715, 22645, 31168, 62551, 55572, 12117, 39028, 68644, 24452, 58602, 64085, 43743, 72824, 36709, 45716, 63052, 34896, 10370, 13394, 4334, 33206, 26994, 33844, 97072, 16488, 91981, 52759])"
8.0,9,12,50,7.908042907714844,30017,"Genotype(dna=[20102, 53111, 67896, 30890, 57432, 71372, 44761, 89561, 53356, 31256, 39381, 71390, 58790, 8215, 7159, 28, 31357, 73793, 13833, 13359, 31637, 51650, 50314, 24871, 99824, 70078, 19352, 67610, 31462, 79305, 8290, 31087, 89799, 29418, 77340, 50329, 27355, 89513, 97447, 84500, 9941, 34865, 52316, 77167, 28032, 92737, 13850, 95218, 90143, 36322, 73382, 83209, 50595, 29908, 37353, 67374, 95605, 65030, 85948, 42248, 51742, 13958, 59791, 76739, 59564, 13066, 30805, 17807, 85504, 25885, 30231, 41736, 32772, 13249, 68075, 36149, 61663, 73951, 35356, 87831, 89235, 31721, 96186, 67227, 59849, 61794, 78461, 52346, 45961, 54629, 36372, 60282, 93631, 47851, 18368, 97837, 90843, 50044, 67106, 21029, 76770, 77173, 66653, 49410, 97752, 86757, 83996, 26685, 83835, 57737, 66299, 5497, 59270, 59852, 19598, 5295, 52961, 28586, 12768, 25880, 9764, 52318, 90347, 34046, 12668, 13453, 87433, 27650, 42477, 49326, 41749, 62748, 98765, 34665, 95777, 89357, 46574, 6745, 22187, 62440, 25149, 45941, 53358, 51499, 46258, 16390, 67600, 61126, 33967, 60411, 92396, 12334, 65244, 47859, 92674, 51901, 54755, 78567, 6218, 35092, 83822, 96937, 14954, 15385, 58187, 4425, 21976, 55065, 21374, 70734, 58312, 98111, 83331, 64714, 9640, 74831, 13634, 97277, 37516, 65177, 3699, 30846, 88252, 82100, 31301, 89984, 88237, 91053, 11421, 79153, 67964, 39274, 14818, 92975, 8461, 91862, 17578, 2051, 97455, 1737, 80593, 73886, 54452, 63215, 43073, 70672, 7208, 25144, 46246, 58663, 33119, 44647, 95657, 94689, 22147, 46185, 14469, 97008, 89816, 53636, 44472, 40787, 76703, 46921, 82127, 78564, 66446, 9953, 35853, 56715, 22645, 31168, 62551, 55572, 12117, 39028, 68644, 24452, 58602, 64085, 43743, 72824, 36709, 45716, 63052, 34896, 10370, 13394, 4334, 33206, 26994, 33844, 97072, 16488, 91981, 52759])"
8.0,9,12,51,7.95708703994751,30017,"Genotype(dna=[20102, 53111, 67896, 30890, 57432, 71372, 44761, 89561, 53356, 31256, 39381, 71390, 58790, 8215, 7159, 28, 31357, 73793, 13833, 13359, 31637, 51650, 50314, 24871, 99824, 70078, 19352, 67610, 31462, 79305, 8290, 31087, 89799, 29418, 77340, 50329, 27355, 89513, 97447, 84500, 9941, 34865, 52316, 77167, 28032, 92737, 13850, 95218, 90143, 36322, 73382, 83209, 50595, 29908, 37353, 67374, 95605, 65030, 85948, 42248, 51742, 13958, 59791, 76739, 59564, 13066, 30805, 17807, 85504, 25885, 30231, 41736, 32772, 13249, 68075, 36149, 61663, 73951, 35356, 87831, 89235, 31721, 96186, 67227, 59849, 61794, 78461, 52346, 45961, 54629, 36372, 60282, 93631, 47851, 18368, 97837, 90843, 50044, 67106, 21029, 76770, 77173, 66653, 49410, 97752, 86757, 83996, 26685, 83835, 57737, 66299, 5497, 59270, 59852, 19598, 5295, 52961, 28586, 12768, 25880, 9764, 52318, 90347, 34046, 12668, 13453, 87433, 27650, 42477, 49326, 41749, 62748, 98765, 34665, 95777, 89357, 46574, 6745, 22187, 62440, 25149, 45941, 53358, 51499, 46258, 16390, 67600, 61126, 33967, 60411, 92396, 12334, 65244, 47859, 92674, 51901, 54755, 78567, 6218, 35092, 83822, 96937, 14954, 15385, 58187, 4425, 21976, 55065, 21374, 70734, 58312, 98111, 83331, 64714, 9640, 74831, 13634, 97277, 37516, 65177, 3699, 30846, 88252, 82100, 31301, 89984, 88237, 91053, 11421, 79153, 67964, 39274, 14818, 92975, 8461, 91862, 17578, 2051, 97455, 1737, 80593, 73886, 54452, 63215, 43073, 70672, 7208, 25144, 46246, 58663, 33119, 44647, 95657, 94689, 22147, 46185, 14469, 97008, 89816, 53636, 44472, 40787, 76703, 46921, 82127, 78564, 66446, 9953, 35853, 56715, 22645, 31168, 62551, 55572, 12117, 39028, 68644, 24452, 58602, 64085, 43743, 72824, 36709, 45716, 63052, 34896, 10370, 13394, 4334, 33206, 26994, 33844, 97072, 16488, 91981, 52759])"
8.0,9,12,52,8.019373416900635,30017,"Genotype(dna=[20102, 53111, 67896, 30890, 57432, 71372, 44761, 89561, 53356, 31256, 39381, 71390, 58790, 8215, 7159, 28, 31357, 73793, 13833, 13359, 31637, 51650, 50314, 24871, 99824, 70078, 19352, 67610, 31462, 79305, 8290, 31087, 89799, 29418, 77340, 50329, 27355, 89513, 97447, 84500, 9941, 34865, 52316, 77167, 28032, 92737, 13850, 95218, 90143, 36322, 73382, 83209, 50595, 29908, 37353, 67374, 95605, 65030, 85948, 42248, 51742, 13958, 59791, 76739, 59564, 13066, 30805, 17807, 85504, 25885, 30231, 41736, 32772, 13249, 68075, 36149, 61663, 73951, 35356, 87831, 89235, 31721, 96186, 67227, 59849, 61794, 78461, 52346, 45961, 54629, 36372, 60282, 93631, 47851, 18368, 97837, 90843, 50044, 67106, 21029, 76770, 77173, 66653, 49410, 97752, 86757, 83996, 26685, 83835, 57737, 66299, 5497, 59270, 59852, 19598, 5295, 52961, 28586, 12768, 25880, 9764, 52318, 90347, 34046, 12668, 13453, 87433, 27650, 42477, 49326, 41749, 62748, 98765, 34665, 95777, 89357, 46574, 6745, 22187, 62440, 25149, 45941, 53358, 51499, 46258, 16390, 67600, 61126, 33967, 60411, 92396, 12334, 65244, 47859, 92674, 51901, 54755, 78567, 6218, 35092, 83822, 96937, 14954, 15385, 58187, 4425, 21976, 55065, 21374, 70734, 58312, 98111, 83331, 64714, 9640, 74831, 13634, 97277, 37516, 65177, 3699, 30846, 88252, 82100, 31301, 89984, 88237, 91053, 11421, 79153, 67964, 39274, 14818, 92975, 8461, 91862, 17578, 2051, 97455, 1737, 80593, 73886, 54452, 63215, 43073, 70672, 7208, 25144, 46246, 58663, 33119, 44647, 95657, 94689, 22147, 46185, 14469, 97008, 89816, 53636, 44472, 40787, 76703, 46921, 82127, 78564, 66446, 9953, 35853, 56715, 22645, 31168, 62551, 55572, 12117, 39028, 68644, 24452, 58602, 64085, 43743, 72824, 36709, 45716, 63052, 34896, 10370, 13394, 4334, 33206, 26994, 33844, 97072, 16488, 91981, 52759])"
8.0,9,12,53,8.075576543807983,30017,"Genotype(dna=[20102, 53111, 67896, 30890, 57432, 71372, 44761, 89561, 53356, 31256, 39381, 71390, 58790, 8215, 7159, 28, 31357, 73793, 13833, 13359, 31637, 51650, 50314, 24871, 99824, 70078, 19352, 67610, 31462, 79305, 8290, 31087, 89799, 29418, 77340, 50329, 27355, 89513, 97447, 84500, 9941, 34865, 52316, 77167, 28032, 92737, 13850, 95218, 90143, 36322, 73382, 83209, 50595, 29908, 37353, 67374, 95605, 65030, 85948, 42248, 51742, 13958, 59791, 76739, 59564, 13066, 30805, 17807, 85504, 25885, 30231, 41736, 32772, 13249, 68075, 36149, 61663, 73951, 35356, 87831, 89235, 31721, 96186, 67227, 59849, 61794, 78461, 52346, 45961, 54629, 36372, 60282, 93631, 47851, 18368, 97837, 90843, 50044, 67106, 21029, 76770, 77173, 66653, 49410, 97752, 86757, 83996, 26685, 83835, 57737, 66299, 5497, 59270, 59852, 19598, 5295, 52961, 28586, 12768, 25880, 9764, 52318, 90347, 34046, 12668, 13453, 87433, 27650, 42477, 49326, 41749, 62748, 98765, 34665, 95777, 89357, 46574, 6745, 22187, 62440, 25149, 45941, 53358, 51499, 46258, 16390, 67600, 61126, 33967, 60411, 92396, 12334, 65244, 47859, 92674, 51901, 54755, 78567, 6218, 35092, 83822, 96937, 14954, 15385, 58187, 4425, 21976, 55065, 21374, 70734, 58312, 98111, 83331, 64714, 9640, 74831, 13634, 97277, 37516, 65177, 3699, 30846, 88252, 82100, 31301, 89984, 88237, 91053, 11421, 79153, 67964, 39274, 14818, 92975, 8461, 91862, 17578, 2051, 97455, 1737, 80593, 73886, 54452, 63215, 43073, 70672, 7208, 25144, 46246, 58663, 33119, 44647, 95657, 94689, 22147, 46185, 14469, 97008, 89816, 53636, 44472, 40787, 76703, 46921, 82127, 78564, 66446, 9953, 35853, 56715, 22645, 31168, 62551, 55572, 12117, 39028, 68644, 24452, 58602, 64085, 43743, 72824, 36709, 45716, 63052, 34896, 10370, 13394, 4334, 33206, 26994, 33844, 97072, 16488, 91981, 52759])"
8.0,9,12,54,8.189653873443604,30017,"Genotype(dna=[20102, 53111, 67896, 30890, 57432, 71372, 44761, 89561, 53356, 31256, 39381, 71390, 58790, 8215, 7159, 28, 31357, 73793, 13833, 13359, 31637, 51650, 50314, 24871, 99824, 70078, 19352, 67610, 31462, 79305, 8290, 31087, 89799, 29418, 77340, 50329, 27355, 89513, 97447, 84500, 9941, 34865, 52316, 77167, 28032, 92737, 13850, 95218, 90143, 36322, 73382, 83209, 50595, 29908, 37353, 67374, 95605, 65030, 85948, 42248, 51742, 13958, 59791, 76739, 59564, 13066, 30805, 17807, 85504, 25885, 30231, 41736, 32772, 13249, 68075, 36149, 61663, 73951, 35356, 87831, 89235, 31721, 96186, 67227, 59849, 61794, 78461, 52346, 45961, 54629, 36372, 60282, 93631, 47851, 18368, 97837, 90843, 50044, 67106, 21029, 76770, 77173, 66653, 49410, 97752, 86757, 83996, 26685, 83835, 57737, 66299, 5497, 59270, 59852, 19598, 5295, 52961, 28586, 12768, 25880, 9764, 52318, 90347, 34046, 12668, 13453, 87433, 27650, 42477, 49326, 41749, 62748, 98765, 34665, 95777, 89357, 46574, 6745, 22187, 62440, 25149, 45941, 53358, 51499, 46258, 16390, 67600, 61126, 33967, 60411, 92396, 12334, 65244, 47859, 92674, 51901, 54755, 78567, 6218, 35092, 83822, 96937, 14954, 15385, 58187, 4425, 21976, 55065, 21374, 70734, 58312, 98111, 83331, 64714, 9640, 74831, 13634, 97277, 37516, 65177, 3699, 30846, 88252, 82100, 31301, 89984, 88237, 91053, 11421, 79153, 67964, 39274, 14818, 92975, 8461, 91862, 17578, 2051, 97455, 1737, 80593, 73886, 54452, 63215, 43073, 70672, 7208, 25144, 46246, 58663, 33119, 44647, 95657, 94689, 22147, 46185, 14469, 97008, 89816, 53636, 44472, 40787, 76703, 46921, 82127, 78564, 66446, 9953, 35853, 56715, 22645, 31168, 62551, 55572, 12117, 39028, 68644, 24452, 58602, 64085, 43743, 72824, 36709, 45716, 63052, 34896, 10370, 13394, 4334, 33206, 26994, 33844, 97072, 16488, 91981, 52759])"
8.0,9,12,55,8.230746984481812,30017,"Genotype(dna=[20102, 53111, 67896, 30890, 57432, 71372, 44761, 89561, 53356, 31256, 39381, 71390, 58790, 8215, 7159, 28, 31357, 73793, 13833, 13359, 31637, 51650, 50314, 24871, 99824, 70078, 19352, 67610, 31462, 79305, 8290, 31087, 89799, 29418, 77340, 50329, 27355, 89513, 97447, 84500, 9941, 34865, 52316, 77167, 28032, 92737, 13850, 95218, 90143, 36322, 73382, 83209, 50595, 29908, 37353, 67374, 95605, 65030, 85948, 42248, 51742, 13958, 59791, 76739, 59564, 13066, 30805, 17807, 85504, 25885, 30231, 41736, 32772, 13249, 68075, 36149, 61663, 73951, 35356, 87831, 89235, 31721, 96186, 67227, 59849, 61794, 78461, 52346, 45961, 54629, 36372, 60282, 93631, 47851, 18368, 97837, 90843, 50044, 67106, 21029, 76770, 77173, 66653, 49410, 97752, 86757, 83996, 26685, 83835, 57737, 66299, 5497, 59270, 59852, 19598, 5295, 52961, 28586, 12768, 25880, 9764, 52318, 90347, 34046, 12668, 13453, 87433, 27650, 42477, 49326, 41749, 62748, 98765, 34665, 95777, 89357, 46574, 6745, 22187, 62440, 25149, 45941, 53358, 51499, 46258, 16390, 67600, 61126, 33967, 60411, 92396, 12334, 65244, 47859, 92674, 51901, 54755, 78567, 6218, 35092, 83822, 96937, 14954, 15385, 58187, 4425, 21976, 55065, 21374, 70734, 58312, 98111, 83331, 64714, 9640, 74831, 13634, 97277, 37516, 65177, 3699, 30846, 88252, 82100, 31301, 89984, 88237, 91053, 11421, 79153, 67964, 39274, 14818, 92975, 8461, 91862, 17578, 2051, 97455, 1737, 80593, 73886, 54452, 63215, 43073, 70672, 7208, 25144, 46246, 58663, 33119, 44647, 95657, 94689, 22147, 46185, 14469, 97008, 89816, 53636, 44472, 40787, 76703, 46921, 82127, 78564, 66446, 9953, 35853, 56715, 22645, 31168, 62551, 55572, 12117, 39028, 68644, 24452, 58602, 64085, 43743, 72824, 36709, 45716, 63052, 34896, 10370, 13394, 4334, 33206, 26994, 33844, 97072, 16488, 91981, 52759])"
8.0,9,12,56,8.272011041641235,30017,"Genotype(dna=[20102, 53111, 67896, 30890, 57432, 71372, 44761, 89561, 53356, 31256, 39381, 71390, 58790, 8215, 7159, 28, 31357, 73793, 13833, 13359, 31637, 51650, 50314, 24871, 99824, 70078, 19352, 67610, 31462, 79305, 8290, 31087, 89799, 29418, 77340, 50329, 27355, 89513, 97447, 84500, 9941, 34865, 52316, 77167, 28032, 92737, 13850, 95218, 90143, 36322, 73382, 83209, 50595, 29908, 37353, 67374, 95605, 65030, 85948, 42248, 51742, 13958, 59791, 76739, 59564, 13066, 30805, 17807, 85504, 25885, 30231, 41736, 32772, 13249, 68075, 36149, 61663, 73951, 35356, 87831, 89235, 31721, 96186, 67227, 59849, 61794, 78461, 52346, 45961, 54629, 36372, 60282, 93631, 47851, 18368, 97837, 90843, 50044, 67106, 21029, 76770, 77173, 66653, 49410, 97752, 86757, 83996, 26685, 83835, 57737, 66299, 5497, 59270, 59852, 19598, 5295, 52961, 28586, 12768, 25880, 9764, 52318, 90347, 34046, 12668, 13453, 87433, 27650, 42477, 49326, 41749, 62748, 98765, 34665, 95777, 89357, 46574, 6745, 22187, 62440, 25149, 45941, 53358, 51499, 46258, 16390, 67600, 61126, 33967, 60411, 92396, 12334, 65244, 47859, 92674, 51901, 54755, 78567, 6218, 35092, 83822, 96937, 14954, 15385, 58187, 4425, 21976, 55065, 21374, 70734, 58312, 98111, 83331, 64714, 9640, 74831, 13634, 97277, 37516, 65177, 3699, 30846, 88252, 82100, 31301, 89984, 88237, 91053, 11421, 79153, 67964, 39274, 14818, 92975, 8461, 91862, 17578, 2051, 97455, 1737, 80593, 73886, 54452, 63215, 43073, 70672, 7208, 25144, 46246, 58663, 33119, 44647, 95657, 94689, 22147, 46185, 14469, 97008, 89816, 53636, 44472, 40787, 76703, 46921, 82127, 78564, 66446, 9953, 35853, 56715, 22645, 31168, 62551, 55572, 12117, 39028, 68644, 24452, 58602, 64085, 43743, 72824, 36709, 45716, 63052, 34896, 10370, 13394, 4334, 33206, 26994, 33844, 97072, 16488, 91981, 52759])"
8.0,9,12,57,8.322959423065186,30017,"Genotype(dna=[20102, 53111, 67896, 30890, 57432, 71372, 44761, 89561, 53356, 31256, 39381, 71390, 58790, 8215, 7159, 28, 31357, 73793, 13833, 13359, 31637, 51650, 50314, 24871, 99824, 70078, 19352, 67610, 31462, 79305, 8290, 31087, 89799, 29418, 77340, 50329, 27355, 89513, 97447, 84500, 9941, 34865, 52316, 77167, 28032, 92737, 13850, 95218, 90143, 36322, 73382, 83209, 50595, 29908, 37353, 67374, 95605, 65030, 85948, 42248, 51742, 13958, 59791, 76739, 59564, 13066, 30805, 17807, 85504, 25885, 30231, 41736, 32772, 13249, 68075, 36149, 61663, 73951, 35356, 87831, 89235, 31721, 96186, 67227, 59849, 61794, 78461, 52346, 45961, 54629, 36372, 60282, 93631, 47851, 18368, 97837, 90843, 50044, 67106, 21029, 76770, 77173, 66653, 49410, 97752, 86757, 83996, 26685, 83835, 57737, 66299, 5497, 59270, 59852, 19598, 5295, 52961, 28586, 12768, 25880, 9764, 52318, 90347, 34046, 12668, 13453, 87433, 27650, 42477, 49326, 41749, 62748, 98765, 34665, 95777, 89357, 46574, 6745, 22187, 62440, 25149, 45941, 53358, 51499, 46258, 16390, 67600, 61126, 33967, 60411, 92396, 12334, 65244, 47859, 92674, 51901, 54755, 78567, 6218, 35092, 83822, 96937, 14954, 15385, 58187, 4425, 21976, 55065, 21374, 70734, 58312, 98111, 83331, 64714, 9640, 74831, 13634, 97277, 37516, 65177, 3699, 30846, 88252, 82100, 31301, 89984, 88237, 91053, 11421, 79153, 67964, 39274, 14818, 92975, 8461, 91862, 17578, 2051, 97455, 1737, 80593, 73886, 54452, 63215, 43073, 70672, 7208, 25144, 46246, 58663, 33119, 44647, 95657, 94689, 22147, 46185, 14469, 97008, 89816, 53636, 44472, 40787, 76703, 46921, 82127, 78564, 66446, 9953, 35853, 56715, 22645, 31168, 62551, 55572, 12117, 39028, 68644, 24452, 58602, 64085, 43743, 72824, 36709, 45716, 63052, 34896, 10370, 13394, 4334, 33206, 26994, 33844, 97072, 16488, 91981, 52759])"
8.0,9,12,58,8.38920283317566,30017,"Genotype(dna=[20102, 53111, 67896, 30890, 57432, 71372, 44761, 89561, 53356, 31256, 39381, 71390, 58790, 8215, 7159, 28, 31357, 73793, 13833, 13359, 31637, 51650, 50314, 24871, 99824, 70078, 19352, 67610, 31462, 79305, 8290, 31087, 89799, 29418, 77340, 50329, 27355, 89513, 97447, 84500, 9941, 34865, 52316, 77167, 28032, 92737, 13850, 95218, 90143, 36322, 73382, 83209, 50595, 29908, 37353, 67374, 95605, 65030, 85948, 42248, 51742, 13958, 59791, 76739, 59564, 13066, 30805, 17807, 85504, 25885, 30231, 41736, 32772, 13249, 68075, 36149, 61663, 73951, 35356, 87831, 89235, 31721, 96186, 67227, 59849, 61794, 78461, 52346, 45961, 54629, 36372, 60282, 93631, 47851, 18368, 97837, 90843, 50044, 67106, 21029, 76770, 77173, 66653, 49410, 97752, 86757, 83996, 26685, 83835, 57737, 66299, 5497, 59270, 59852, 19598, 5295, 52961, 28586, 12768, 25880, 9764, 52318, 90347, 34046, 12668, 13453, 87433, 27650, 42477, 49326, 41749, 62748, 98765, 34665, 95777, 89357, 46574, 6745, 22187, 62440, 25149, 45941, 53358, 51499, 46258, 16390, 67600, 61126, 33967, 60411, 92396, 12334, 65244, 47859, 92674, 51901, 54755, 78567, 6218, 35092, 83822, 96937, 14954, 15385, 58187, 4425, 21976, 55065, 21374, 70734, 58312, 98111, 83331, 64714, 9640, 74831, 13634, 97277, 37516, 65177, 3699, 30846, 88252, 82100, 31301, 89984, 88237, 91053, 11421, 79153, 67964, 39274, 14818, 92975, 8461, 91862, 17578, 2051, 97455, 1737, 80593, 73886, 54452, 63215, 43073, 70672, 7208, 25144, 46246, 58663, 33119, 44647, 95657, 94689, 22147, 46185, 14469, 97008, 89816, 53636, 44472, 40787, 76703, 46921, 82127, 78564, 66446, 9953, 35853, 56715, 22645, 31168, 62551, 55572, 12117, 39028, 68644, 24452, 58602, 64085, 43743, 72824, 36709, 45716, 63052, 34896, 10370, 13394, 4334, 33206, 26994, 33844, 97072, 16488, 91981, 52759])"
8.0,9,12,59,8.429906606674194,30017,"Genotype(dna=[20102, 53111, 67896, 30890, 57432, 71372, 44761, 89561, 53356, 31256, 39381, 71390, 58790, 8215, 7159, 28, 31357, 73793, 13833, 13359, 31637, 51650, 50314, 24871, 99824, 70078, 19352, 67610, 31462, 79305, 8290, 31087, 89799, 29418, 77340, 50329, 27355, 89513, 97447, 84500, 9941, 34865, 52316, 77167, 28032, 92737, 13850, 95218, 90143, 36322, 73382, 83209, 50595, 29908, 37353, 67374, 95605, 65030, 85948, 42248, 51742, 13958, 59791, 76739, 59564, 13066, 30805, 17807, 85504, 25885, 30231, 41736, 32772, 13249, 68075, 36149, 61663, 73951, 35356, 87831, 89235, 31721, 96186, 67227, 59849, 61794, 78461, 52346, 45961, 54629, 36372, 60282, 93631, 47851, 18368, 97837, 90843, 50044, 67106, 21029, 76770, 77173, 66653, 49410, 97752, 86757, 83996, 26685, 83835, 57737, 66299, 5497, 59270, 59852, 19598, 5295, 52961, 28586, 12768, 25880, 9764, 52318, 90347, 34046, 12668, 13453, 87433, 27650, 42477, 49326, 41749, 62748, 98765, 34665, 95777, 89357, 46574, 6745, 22187, 62440, 25149, 45941, 53358, 51499, 46258, 16390, 67600, 61126, 33967, 60411, 92396, 12334, 65244, 47859, 92674, 51901, 54755, 78567, 6218, 35092, 83822, 96937, 14954, 15385, 58187, 4425, 21976, 55065, 21374, 70734, 58312, 98111, 83331, 64714, 9640, 74831, 13634, 97277, 37516, 65177, 3699, 30846, 88252, 82100, 31301, 89984, 88237, 91053, 11421, 79153, 67964, 39274, 14818, 92975, 8461, 91862, 17578, 2051, 97455, 1737, 80593, 73886, 54452, 63215, 43073, 70672, 7208, 25144, 46246, 58663, 33119, 44647, 95657, 94689, 22147, 46185, 14469, 97008, 89816, 53636, 44472, 40787, 76703, 46921, 82127, 78564, 66446, 9953, 35853, 56715, 22645, 31168, 62551, 55572, 12117, 39028, 68644, 24452, 58602, 64085, 43743, 72824, 36709, 45716, 63052, 34896, 10370, 13394, 4334, 33206, 26994, 33844, 97072, 16488, 91981, 52759])"
8.0,9,12,60,8.489596605300903,30017,"Genotype(dna=[20102, 53111, 67896, 30890, 57432, 71372, 44761, 89561, 53356, 31256, 39381, 71390, 58790, 8215, 7159, 28, 31357, 73793, 13833, 13359, 31637, 51650, 50314, 24871, 99824, 70078, 19352, 67610, 31462, 79305, 8290, 31087, 89799, 29418, 77340, 50329, 27355, 89513, 97447, 84500, 9941, 34865, 52316, 77167, 28032, 92737, 13850, 95218, 90143, 36322, 73382, 83209, 50595, 29908, 37353, 67374, 95605, 65030, 85948, 42248, 51742, 13958, 59791, 76739, 59564, 13066, 30805, 17807, 85504, 25885, 30231, 41736, 32772, 13249, 68075, 36149, 61663, 73951, 35356, 87831, 89235, 31721, 96186, 67227, 59849, 61794, 78461, 52346, 45961, 54629, 36372, 60282, 93631, 47851, 18368, 97837, 90843, 50044, 67106, 21029, 76770, 77173, 66653, 49410, 97752, 86757, 83996, 26685, 83835, 57737, 66299, 5497, 59270, 59852, 19598, 5295, 52961, 28586, 12768, 25880, 9764, 52318, 90347, 34046, 12668, 13453, 87433, 27650, 42477, 49326, 41749, 62748, 98765, 34665, 95777, 89357, 46574, 6745, 22187, 62440, 25149, 45941, 53358, 51499, 46258, 16390, 67600, 61126, 33967, 60411, 92396, 12334, 65244, 47859, 92674, 51901, 54755, 78567, 6218, 35092, 83822, 96937, 14954, 15385, 58187, 4425, 21976, 55065, 21374, 70734, 58312, 98111, 83331, 64714, 9640, 74831, 13634, 97277, 37516, 65177, 3699, 30846, 88252, 82100, 31301, 89984, 88237, 91053, 11421, 79153, 67964, 39274, 14818, 92975, 8461, 91862, 17578, 2051, 97455, 1737, 80593, 73886, 54452, 63215, 43073, 70672, 7208, 25144, 46246, 58663, 33119, 44647, 95657, 94689, 22147, 46185, 14469, 97008, 89816, 53636, 44472, 40787, 76703, 46921, 82127, 78564, 66446, 9953, 35853, 56715, 22645, 31168, 62551, 55572, 12117, 39028, 68644, 24452, 58602, 64085, 43743, 72824, 36709, 45716, 63052, 34896, 10370, 13394, 4334, 33206, 26994, 33844, 97072, 16488, 91981, 52759])"
8.0,9,12,61,8.536810398101807,30017,"Genotype(dna=[20102, 53111, 67896, 30890, 57432, 71372, 44761, 89561, 53356, 31256, 39381, 71390, 58790, 8215, 7159, 28, 31357, 73793, 13833, 13359, 31637, 51650, 50314, 24871, 99824, 70078, 19352, 67610, 31462, 79305, 8290, 31087, 89799, 29418, 77340, 50329, 27355, 89513, 97447, 84500, 9941, 34865, 52316, 77167, 28032, 92737, 13850, 95218, 90143, 36322, 73382, 83209, 50595, 29908, 37353, 67374, 95605, 65030, 85948, 42248, 51742, 13958, 59791, 76739, 59564, 13066, 30805, 17807, 85504, 25885, 30231, 41736, 32772, 13249, 68075, 36149, 61663, 73951, 35356, 87831, 89235, 31721, 96186, 67227, 59849, 61794, 78461, 52346, 45961, 54629, 36372, 60282, 93631, 47851, 18368, 97837, 90843, 50044, 67106, 21029, 76770, 77173, 66653, 49410, 97752, 86757, 83996, 26685, 83835, 57737, 66299, 5497, 59270, 59852, 19598, 5295, 52961, 28586, 12768, 25880, 9764, 52318, 90347, 34046, 12668, 13453, 87433, 27650, 42477, 49326, 41749, 62748, 98765, 34665, 95777, 89357, 46574, 6745, 22187, 62440, 25149, 45941, 53358, 51499, 46258, 16390, 67600, 61126, 33967, 60411, 92396, 12334, 65244, 47859, 92674, 51901, 54755, 78567, 6218, 35092, 83822, 96937, 14954, 15385, 58187, 4425, 21976, 55065, 21374, 70734, 58312, 98111, 83331, 64714, 9640, 74831, 13634, 97277, 37516, 65177, 3699, 30846, 88252, 82100, 31301, 89984, 88237, 91053, 11421, 79153, 67964, 39274, 14818, 92975, 8461, 91862, 17578, 2051, 97455, 1737, 80593, 73886, 54452, 63215, 43073, 70672, 7208, 25144, 46246, 58663, 33119, 44647, 95657, 94689, 22147, 46185, 14469, 97008, 89816, 53636, 44472, 40787, 76703, 46921, 82127, 78564, 66446, 9953, 35853, 56715, 22645, 31168, 62551, 55572, 12117, 39028, 68644, 24452, 58602, 64085, 43743, 72824, 36709, 45716, 63052, 34896, 10370, 13394, 4334, 33206, 26994, 33844, 97072, 16488, 91981, 52759])"
8.0,9,12,62,8.585828065872192,30017,"Genotype(dna=[20102, 53111, 67896, 30890, 57432, 71372, 44761, 89561, 53356, 31256, 39381, 71390, 58790, 8215, 7159, 28, 31357, 73793, 13833, 13359, 31637, 51650, 50314, 24871, 99824, 70078, 19352, 67610, 31462, 79305, 8290, 31087, 89799, 29418, 77340, 50329, 27355, 89513, 97447, 84500, 9941, 34865, 52316, 77167, 28032, 92737, 13850, 95218, 90143, 36322, 73382, 83209, 50595, 29908, 37353, 67374, 95605, 65030, 85948, 42248, 51742, 13958, 59791, 76739, 59564, 13066, 30805, 17807, 85504, 25885, 30231, 41736, 32772, 13249, 68075, 36149, 61663, 73951, 35356, 87831, 89235, 31721, 96186, 67227, 59849, 61794, 78461, 52346, 45961, 54629, 36372, 60282, 93631, 47851, 18368, 97837, 90843, 50044, 67106, 21029, 76770, 77173, 66653, 49410, 97752, 86757, 83996, 26685, 83835, 57737, 66299, 5497, 59270, 59852, 19598, 5295, 52961, 28586, 12768, 25880, 9764, 52318, 90347, 34046, 12668, 13453, 87433, 27650, 42477, 49326, 41749, 62748, 98765, 34665, 95777, 89357, 46574, 6745, 22187, 62440, 25149, 45941, 53358, 51499, 46258, 16390, 67600, 61126, 33967, 60411, 92396, 12334, 65244, 47859, 92674, 51901, 54755, 78567, 6218, 35092, 83822, 96937, 14954, 15385, 58187, 4425, 21976, 55065, 21374, 70734, 58312, 98111, 83331, 64714, 9640, 74831, 13634, 97277, 37516, 65177, 3699, 30846, 88252, 82100, 31301, 89984, 88237, 91053, 11421, 79153, 67964, 39274, 14818, 92975, 8461, 91862, 17578, 2051, 97455, 1737, 80593, 73886, 54452, 63215, 43073, 70672, 7208, 25144, 46246, 58663, 33119, 44647, 95657, 94689, 22147, 46185, 14469, 97008, 89816, 53636, 44472, 40787, 76703, 46921, 82127, 78564, 66446, 9953, 35853, 56715, 22645, 31168, 62551, 55572, 12117, 39028, 68644, 24452, 58602, 64085, 43743, 72824, 36709, 45716, 63052, 34896, 10370, 13394, 4334, 33206, 26994, 33844, 97072, 16488, 91981, 52759])"
8.0,9,12,63,8.641948938369751,30017,"Genotype(dna=[20102, 53111, 67896, 30890, 57432, 71372, 44761, 89561, 53356, 31256, 39381, 71390, 58790, 8215, 7159, 28, 31357, 73793, 13833, 13359, 31637, 51650, 50314, 24871, 99824, 70078, 19352, 67610, 31462, 79305, 8290, 31087, 89799, 29418, 77340, 50329, 27355, 89513, 97447, 84500, 9941, 34865, 52316, 77167, 28032, 92737, 13850, 95218, 90143, 36322, 73382, 83209, 50595, 29908, 37353, 67374, 95605, 65030, 85948, 42248, 51742, 13958, 59791, 76739, 59564, 13066, 30805, 17807, 85504, 25885, 30231, 41736, 32772, 13249, 68075, 36149, 61663, 73951, 35356, 87831, 89235, 31721, 96186, 67227, 59849, 61794, 78461, 52346, 45961, 54629, 36372, 60282, 93631, 47851, 18368, 97837, 90843, 50044, 67106, 21029, 76770, 77173, 66653, 49410, 97752, 86757, 83996, 26685, 83835, 57737, 66299, 5497, 59270, 59852, 19598, 5295, 52961, 28586, 12768, 25880, 9764, 52318, 90347, 34046, 12668, 13453, 87433, 27650, 42477, 49326, 41749, 62748, 98765, 34665, 95777, 89357, 46574, 6745, 22187, 62440, 25149, 45941, 53358, 51499, 46258, 16390, 67600, 61126, 33967, 60411, 92396, 12334, 65244, 47859, 92674, 51901, 54755, 78567, 6218, 35092, 83822, 96937, 14954, 15385, 58187, 4425, 21976, 55065, 21374, 70734, 58312, 98111, 83331, 64714, 9640, 74831, 13634, 97277, 37516, 65177, 3699, 30846, 88252, 82100, 31301, 89984, 88237, 91053, 11421, 79153, 67964, 39274, 14818, 92975, 8461, 91862, 17578, 2051, 97455, 1737, 80593, 73886, 54452, 63215, 43073, 70672, 7208, 25144, 46246, 58663, 33119, 44647, 95657, 94689, 22147, 46185, 14469, 97008, 89816, 53636, 44472, 40787, 76703, 46921, 82127, 78564, 66446, 9953, 35853, 56715, 22645, 31168, 62551, 55572, 12117, 39028, 68644, 24452, 58602, 64085, 43743, 72824, 36709, 45716, 63052, 34896, 10370, 13394, 4334, 33206, 26994, 33844, 97072, 16488, 91981, 52759])"
8.0,9,12,64,8.707528114318848,30017,"Genotype(dna=[20102, 53111, 67896, 30890, 57432, 71372, 44761, 89561, 53356, 31256, 39381, 71390, 58790, 8215, 7159, 28, 31357, 73793, 13833, 13359, 31637, 51650, 50314, 24871, 99824, 70078, 19352, 67610, 31462, 79305, 8290, 31087, 89799, 29418, 77340, 50329, 27355, 89513, 97447, 84500, 9941, 34865, 52316, 77167, 28032, 92737, 13850, 95218, 90143, 36322, 73382, 83209, 50595, 29908, 37353, 67374, 95605, 65030, 85948, 42248, 51742, 13958, 59791, 76739, 59564, 13066, 30805, 17807, 85504, 25885, 30231, 41736, 32772, 13249, 68075, 36149, 61663, 73951, 35356, 87831, 89235, 31721, 96186, 67227, 59849, 61794, 78461, 52346, 45961, 54629, 36372, 60282, 93631, 47851, 18368, 97837, 90843, 50044, 67106, 21029, 76770, 77173, 66653, 49410, 97752, 86757, 83996, 26685, 83835, 57737, 66299, 5497, 59270, 59852, 19598, 5295, 52961, 28586, 12768, 25880, 9764, 52318, 90347, 34046, 12668, 13453, 87433, 27650, 42477, 49326, 41749, 62748, 98765, 34665, 95777, 89357, 46574, 6745, 22187, 62440, 25149, 45941, 53358, 51499, 46258, 16390, 67600, 61126, 33967, 60411, 92396, 12334, 65244, 47859, 92674, 51901, 54755, 78567, 6218, 35092, 83822, 96937, 14954, 15385, 58187, 4425, 21976, 55065, 21374, 70734, 58312, 98111, 83331, 64714, 9640, 74831, 13634, 97277, 37516, 65177, 3699, 30846, 88252, 82100, 31301, 89984, 88237, 91053, 11421, 79153, 67964, 39274, 14818, 92975, 8461, 91862, 17578, 2051, 97455, 1737, 80593, 73886, 54452, 63215, 43073, 70672, 7208, 25144, 46246, 58663, 33119, 44647, 95657, 94689, 22147, 46185, 14469, 97008, 89816, 53636, 44472, 40787, 76703, 46921, 82127, 78564, 66446, 9953, 35853, 56715, 22645, 31168, 62551, 55572, 12117, 39028, 68644, 24452, 58602, 64085, 43743, 72824, 36709, 45716, 63052, 34896, 10370, 13394, 4334, 33206, 26994, 33844, 97072, 16488, 91981, 52759])"
8.0,9,12,65,8.75378942489624,30017,"Genotype(dna=[20102, 53111, 67896, 30890, 57432, 71372, 44761, 89561, 53356, 31256, 39381, 71390, 58790, 8215, 7159, 28, 31357, 73793, 13833, 13359, 31637, 51650, 50314, 24871, 99824, 70078, 19352, 67610, 31462, 79305, 8290, 31087, 89799, 29418, 77340, 50329, 27355, 89513, 97447, 84500, 9941, 34865, 52316, 77167, 28032, 92737, 13850, 95218, 90143, 36322, 73382, 83209, 50595, 29908, 37353, 67374, 95605, 65030, 85948, 42248, 51742, 13958, 59791, 76739, 59564, 13066, 30805, 17807, 85504, 25885, 30231, 41736, 32772, 13249, 68075, 36149, 61663, 73951, 35356, 87831, 89235, 31721, 96186, 67227, 59849, 61794, 78461, 52346, 45961, 54629, 36372, 60282, 93631, 47851, 18368, 97837, 90843, 50044, 67106, 21029, 76770, 77173, 66653, 49410, 97752, 86757, 83996, 26685, 83835, 57737, 66299, 5497, 59270, 59852, 19598, 5295, 52961, 28586, 12768, 25880, 9764, 52318, 90347, 34046, 12668, 13453, 87433, 27650, 42477, 49326, 41749, 62748, 98765, 34665, 95777, 89357, 46574, 6745, 22187, 62440, 25149, 45941, 53358, 51499, 46258, 16390, 67600, 61126, 33967, 60411, 92396, 12334, 65244, 47859, 92674, 51901, 54755, 78567, 6218, 35092, 83822, 96937, 14954, 15385, 58187, 4425, 21976, 55065, 21374, 70734, 58312, 98111, 83331, 64714, 9640, 74831, 13634, 97277, 37516, 65177, 3699, 30846, 88252, 82100, 31301, 89984, 88237, 91053, 11421, 79153, 67964, 39274, 14818, 92975, 8461, 91862, 17578, 2051, 97455, 1737, 80593, 73886, 54452, 63215, 43073, 70672, 7208, 25144, 46246, 58663, 33119, 44647, 95657, 94689, 22147, 46185, 14469, 97008, 89816, 53636, 44472, 40787, 76703, 46921, 82127, 78564, 66446, 9953, 35853, 56715, 22645, 31168, 62551, 55572, 12117, 39028, 68644, 24452, 58602, 64085, 43743, 72824, 36709, 45716, 63052, 34896, 10370, 13394, 4334, 33206, 26994, 33844, 97072, 16488, 91981, 52759])"
8.0,9,12,66,8.802055597305298,30017,"Genotype(dna=[20102, 53111, 67896, 30890, 57432, 71372, 44761, 89561, 53356, 31256, 39381, 71390, 58790, 8215, 7159, 28, 31357, 73793, 13833, 13359, 31637, 51650, 50314, 24871, 99824, 70078, 19352, 67610, 31462, 79305, 8290, 31087, 89799, 29418, 77340, 50329, 27355, 89513, 97447, 84500, 9941, 34865, 52316, 77167, 28032, 92737, 13850, 95218, 90143, 36322, 73382, 83209, 50595, 29908, 37353, 67374, 95605, 65030, 85948, 42248, 51742, 13958, 59791, 76739, 59564, 13066, 30805, 17807, 85504, 25885, 30231, 41736, 32772, 13249, 68075, 36149, 61663, 73951, 35356, 87831, 89235, 31721, 96186, 67227, 59849, 61794, 78461, 52346, 45961, 54629, 36372, 60282, 93631, 47851, 18368, 97837, 90843, 50044, 67106, 21029, 76770, 77173, 66653, 49410, 97752, 86757, 83996, 26685, 83835, 57737, 66299, 5497, 59270, 59852, 19598, 5295, 52961, 28586, 12768, 25880, 9764, 52318, 90347, 34046, 12668, 13453, 87433, 27650, 42477, 49326, 41749, 62748, 98765, 34665, 95777, 89357, 46574, 6745, 22187, 62440, 25149, 45941, 53358, 51499, 46258, 16390, 67600, 61126, 33967, 60411, 92396, 12334, 65244, 47859, 92674, 51901, 54755, 78567, 6218, 35092, 83822, 96937, 14954, 15385, 58187, 4425, 21976, 55065, 21374, 70734, 58312, 98111, 83331, 64714, 9640, 74831, 13634, 97277, 37516, 65177, 3699, 30846, 88252, 82100, 31301, 89984, 88237, 91053, 11421, 79153, 67964, 39274, 14818, 92975, 8461, 91862, 17578, 2051, 97455, 1737, 80593, 73886, 54452, 63215, 43073, 70672, 7208, 25144, 46246, 58663, 33119, 44647, 95657, 94689, 22147, 46185, 14469, 97008, 89816, 53636, 44472, 40787, 76703, 46921, 82127, 78564, 66446, 9953, 35853, 56715, 22645, 31168, 62551, 55572, 12117, 39028, 68644, 24452, 58602, 64085, 43743, 72824, 36709, 45716, 63052, 34896, 10370, 13394, 4334, 33206, 26994, 33844, 97072, 16488, 91981, 52759])"
8.0,9,12,67,8.841849565505981,30017,"Genotype(dna=[20102, 53111, 67896, 30890, 57432, 71372, 44761, 89561, 53356, 31256, 39381, 71390, 58790, 8215, 7159, 28, 31357, 73793, 13833, 13359, 31637, 51650, 50314, 24871, 99824, 70078, 19352, 67610, 31462, 79305, 8290, 31087, 89799, 29418, 77340, 50329, 27355, 89513, 97447, 84500, 9941, 34865, 52316, 77167, 28032, 92737, 13850, 95218, 90143, 36322, 73382, 83209, 50595, 29908, 37353, 67374, 95605, 65030, 85948, 42248, 51742, 13958, 59791, 76739, 59564, 13066, 30805, 17807, 85504, 25885, 30231, 41736, 32772, 13249, 68075, 36149, 61663, 73951, 35356, 87831, 89235, 31721, 96186, 67227, 59849, 61794, 78461, 52346, 45961, 54629, 36372, 60282, 93631, 47851, 18368, 97837, 90843, 50044, 67106, 21029, 76770, 77173, 66653, 49410, 97752, 86757, 83996, 26685, 83835, 57737, 66299, 5497, 59270, 59852, 19598, 5295, 52961, 28586, 12768, 25880, 9764, 52318, 90347, 34046, 12668, 13453, 87433, 27650, 42477, 49326, 41749, 62748, 98765, 34665, 95777, 89357, 46574, 6745, 22187, 62440, 25149, 45941, 53358, 51499, 46258, 16390, 67600, 61126, 33967, 60411, 92396, 12334, 65244, 47859, 92674, 51901, 54755, 78567, 6218, 35092, 83822, 96937, 14954, 15385, 58187, 4425, 21976, 55065, 21374, 70734, 58312, 98111, 83331, 64714, 9640, 74831, 13634, 97277, 37516, 65177, 3699, 30846, 88252, 82100, 31301, 89984, 88237, 91053, 11421, 79153, 67964, 39274, 14818, 92975, 8461, 91862, 17578, 2051, 97455, 1737, 80593, 73886, 54452, 63215, 43073, 70672, 7208, 25144, 46246, 58663, 33119, 44647, 95657, 94689, 22147, 46185, 14469, 97008, 89816, 53636, 44472, 40787, 76703, 46921, 82127, 78564, 66446, 9953, 35853, 56715, 22645, 31168, 62551, 55572, 12117, 39028, 68644, 24452, 58602, 64085, 43743, 72824, 36709, 45716, 63052, 34896, 10370, 13394, 4334, 33206, 26994, 33844, 97072, 16488, 91981, 52759])"
8.0,9,12,68,8.886813879013062,30017,"Genotype(dna=[20102, 53111, 67896, 30890, 57432, 71372, 44761, 89561, 53356, 31256, 39381, 71390, 58790, 8215, 7159, 28, 31357, 73793, 13833, 13359, 31637, 51650, 50314, 24871, 99824, 70078, 19352, 67610, 31462, 79305, 8290, 31087, 89799, 29418, 77340, 50329, 27355, 89513, 97447, 84500, 9941, 34865, 52316, 77167, 28032, 92737, 13850, 95218, 90143, 36322, 73382, 83209, 50595, 29908, 37353, 67374, 95605, 65030, 85948, 42248, 51742, 13958, 59791, 76739, 59564, 13066, 30805, 17807, 85504, 25885, 30231, 41736, 32772, 13249, 68075, 36149, 61663, 73951, 35356, 87831, 89235, 31721, 96186, 67227, 59849, 61794, 78461, 52346, 45961, 54629, 36372, 60282, 93631, 47851, 18368, 97837, 90843, 50044, 67106, 21029, 76770, 77173, 66653, 49410, 97752, 86757, 83996, 26685, 83835, 57737, 66299, 5497, 59270, 59852, 19598, 5295, 52961, 28586, 12768, 25880, 9764, 52318, 90347, 34046, 12668, 13453, 87433, 27650, 42477, 49326, 41749, 62748, 98765, 34665, 95777, 89357, 46574, 6745, 22187, 62440, 25149, 45941, 53358, 51499, 46258, 16390, 67600, 61126, 33967, 60411, 92396, 12334, 65244, 47859, 92674, 51901, 54755, 78567, 6218, 35092, 83822, 96937, 14954, 15385, 58187, 4425, 21976, 55065, 21374, 70734, 58312, 98111, 83331, 64714, 9640, 74831, 13634, 97277, 37516, 65177, 3699, 30846, 88252, 82100, 31301, 89984, 88237, 91053, 11421, 79153, 67964, 39274, 14818, 92975, 8461, 91862, 17578, 2051, 97455, 1737, 80593, 73886, 54452, 63215, 43073, 70672, 7208, 25144, 46246, 58663, 33119, 44647, 95657, 94689, 22147, 46185, 14469, 97008, 89816, 53636, 44472, 40787, 76703, 46921, 82127, 78564, 66446, 9953, 35853, 56715, 22645, 31168, 62551, 55572, 12117, 39028, 68644, 24452, 58602, 64085, 43743, 72824, 36709, 45716, 63052, 34896, 10370, 13394, 4334, 33206, 26994, 33844, 97072, 16488, 91981, 52759])"
8.0,9,12,69,8.938170909881592,30017,"Genotype(dna=[20102, 53111, 67896, 30890, 57432, 71372, 44761, 89561, 53356, 31256, 39381, 71390, 58790, 8215, 7159, 28, 31357, 73793, 13833, 13359, 31637, 51650, 50314, 24871, 99824, 70078, 19352, 67610, 31462, 79305, 8290, 31087, 89799, 29418, 77340, 50329, 27355, 89513, 97447, 84500, 9941, 34865, 52316, 77167, 28032, 92737, 13850, 95218, 90143, 36322, 73382, 83209, 50595, 29908, 37353, 67374, 95605, 65030, 85948, 42248, 51742, 13958, 59791, 76739, 59564, 13066, 30805, 17807, 85504, 25885, 30231, 41736, 32772, 13249, 68075, 36149, 61663, 73951, 35356, 87831, 89235, 31721, 96186, 67227, 59849, 61794, 78461, 52346, 45961, 54629, 36372, 60282, 93631, 47851, 18368, 97837, 90843, 50044, 67106, 21029, 76770, 77173, 66653, 49410, 97752, 86757, 83996, 26685, 83835, 57737, 66299, 5497, 59270, 59852, 19598, 5295, 52961, 28586, 12768, 25880, 9764, 52318, 90347, 34046, 12668, 13453, 87433, 27650, 42477, 49326, 41749, 62748, 98765, 34665, 95777, 89357, 46574, 6745, 22187, 62440, 25149, 45941, 53358, 51499, 46258, 16390, 67600, 61126, 33967, 60411, 92396, 12334, 65244, 47859, 92674, 51901, 54755, 78567, 6218, 35092, 83822, 96937, 14954, 15385, 58187, 4425, 21976, 55065, 21374, 70734, 58312, 98111, 83331, 64714, 9640, 74831, 13634, 97277, 37516, 65177, 3699, 30846, 88252, 82100, 31301, 89984, 88237, 91053, 11421, 79153, 67964, 39274, 14818, 92975, 8461, 91862, 17578, 2051, 97455, 1737, 80593, 73886, 54452, 63215, 43073, 70672, 7208, 25144, 46246, 58663, 33119, 44647, 95657, 94689, 22147, 46185, 14469, 97008, 89816, 53636, 44472, 40787, 76703, 46921, 82127, 78564, 66446, 9953, 35853, 56715, 22645, 31168, 62551, 55572, 12117, 39028, 68644, 24452, 58602, 64085, 43743, 72824, 36709, 45716, 63052, 34896, 10370, 13394, 4334, 33206, 26994, 33844, 97072, 16488, 91981, 52759])"
8.0,9,12,70,9.00279712677002,30017,"Genotype(dna=[20102, 53111, 67896, 30890, 57432, 71372, 44761, 89561, 53356, 31256, 39381, 71390, 58790, 8215, 7159, 28, 31357, 73793, 13833, 13359, 31637, 51650, 50314, 24871, 99824, 70078, 19352, 67610, 31462, 79305, 8290, 31087, 89799, 29418, 77340, 50329, 27355, 89513, 97447, 84500, 9941, 34865, 52316, 77167, 28032, 92737, 13850, 95218, 90143, 36322, 73382, 83209, 50595, 29908, 37353, 67374, 95605, 65030, 85948, 42248, 51742, 13958, 59791, 76739, 59564, 13066, 30805, 17807, 85504, 25885, 30231, 41736, 32772, 13249, 68075, 36149, 61663, 73951, 35356, 87831, 89235, 31721, 96186, 67227, 59849, 61794, 78461, 52346, 45961, 54629, 36372, 60282, 93631, 47851, 18368, 97837, 90843, 50044, 67106, 21029, 76770, 77173, 66653, 49410, 97752, 86757, 83996, 26685, 83835, 57737, 66299, 5497, 59270, 59852, 19598, 5295, 52961, 28586, 12768, 25880, 9764, 52318, 90347, 34046, 12668, 13453, 87433, 27650, 42477, 49326, 41749, 62748, 98765, 34665, 95777, 89357, 46574, 6745, 22187, 62440, 25149, 45941, 53358, 51499, 46258, 16390, 67600, 61126, 33967, 60411, 92396, 12334, 65244, 47859, 92674, 51901, 54755, 78567, 6218, 35092, 83822, 96937, 14954, 15385, 58187, 4425, 21976, 55065, 21374, 70734, 58312, 98111, 83331, 64714, 9640, 74831, 13634, 97277, 37516, 65177, 3699, 30846, 88252, 82100, 31301, 89984, 88237, 91053, 11421, 79153, 67964, 39274, 14818, 92975, 8461, 91862, 17578, 2051, 97455, 1737, 80593, 73886, 54452, 63215, 43073, 70672, 7208, 25144, 46246, 58663, 33119, 44647, 95657, 94689, 22147, 46185, 14469, 97008, 89816, 53636, 44472, 40787, 76703, 46921, 82127, 78564, 66446, 9953, 35853, 56715, 22645, 31168, 62551, 55572, 12117, 39028, 68644, 24452, 58602, 64085, 43743, 72824, 36709, 45716, 63052, 34896, 10370, 13394, 4334, 33206, 26994, 33844, 97072, 16488, 91981, 52759])"
8.0,9,12,71,9.056485414505005,30017,"Genotype(dna=[20102, 53111, 67896, 30890, 57432, 71372, 44761, 89561, 53356, 31256, 39381, 71390, 58790, 8215, 7159, 28, 31357, 73793, 13833, 13359, 31637, 51650, 50314, 24871, 99824, 70078, 19352, 67610, 31462, 79305, 8290, 31087, 89799, 29418, 77340, 50329, 27355, 89513, 97447, 84500, 9941, 34865, 52316, 77167, 28032, 92737, 13850, 95218, 90143, 36322, 73382, 83209, 50595, 29908, 37353, 67374, 95605, 65030, 85948, 42248, 51742, 13958, 59791, 76739, 59564, 13066, 30805, 17807, 85504, 25885, 30231, 41736, 32772, 13249, 68075, 36149, 61663, 73951, 35356, 87831, 89235, 31721, 96186, 67227, 59849, 61794, 78461, 52346, 45961, 54629, 36372, 60282, 93631, 47851, 18368, 97837, 90843, 50044, 67106, 21029, 76770, 77173, 66653, 49410, 97752, 86757, 83996, 26685, 83835, 57737, 66299, 5497, 59270, 59852, 19598, 5295, 52961, 28586, 12768, 25880, 9764, 52318, 90347, 34046, 12668, 13453, 87433, 27650, 42477, 49326, 41749, 62748, 98765, 34665, 95777, 89357, 46574, 6745, 22187, 62440, 25149, 45941, 53358, 51499, 46258, 16390, 67600, 61126, 33967, 60411, 92396, 12334, 65244, 47859, 92674, 51901, 54755, 78567, 6218, 35092, 83822, 96937, 14954, 15385, 58187, 4425, 21976, 55065, 21374, 70734, 58312, 98111, 83331, 64714, 9640, 74831, 13634, 97277, 37516, 65177, 3699, 30846, 88252, 82100, 31301, 89984, 88237, 91053, 11421, 79153, 67964, 39274, 14818, 92975, 8461, 91862, 17578, 2051, 97455, 1737, 80593, 73886, 54452, 63215, 43073, 70672, 7208, 25144, 46246, 58663, 33119, 44647, 95657, 94689, 22147, 46185, 14469, 97008, 89816, 53636, 44472, 40787, 76703, 46921, 82127, 78564, 66446, 9953, 35853, 56715, 22645, 31168, 62551, 55572, 12117, 39028, 68644, 24452, 58602, 64085, 43743, 72824, 36709, 45716, 63052, 34896, 10370, 13394, 4334, 33206, 26994, 33844, 97072, 16488, 91981, 52759])"
8.0,9,12,72,9.102198123931885,30017,"Genotype(dna=[20102, 53111, 67896, 30890, 57432, 71372, 44761, 89561, 53356, 31256, 39381, 71390, 58790, 8215, 7159, 28, 31357, 73793, 13833, 13359, 31637, 51650, 50314, 24871, 99824, 70078, 19352, 67610, 31462, 79305, 8290, 31087, 89799, 29418, 77340, 50329, 27355, 89513, 97447, 84500, 9941, 34865, 52316, 77167, 28032, 92737, 13850, 95218, 90143, 36322, 73382, 83209, 50595, 29908, 37353, 67374, 95605, 65030, 85948, 42248, 51742, 13958, 59791, 76739, 59564, 13066, 30805, 17807, 85504, 25885, 30231, 41736, 32772, 13249, 68075, 36149, 61663, 73951, 35356, 87831, 89235, 31721, 96186, 67227, 59849, 61794, 78461, 52346, 45961, 54629, 36372, 60282, 93631, 47851, 18368, 97837, 90843, 50044, 67106, 21029, 76770, 77173, 66653, 49410, 97752, 86757, 83996, 26685, 83835, 57737, 66299, 5497, 59270, 59852, 19598, 5295, 52961, 28586, 12768, 25880, 9764, 52318, 90347, 34046, 12668, 13453, 87433, 27650, 42477, 49326, 41749, 62748, 98765, 34665, 95777, 89357, 46574, 6745, 22187, 62440, 25149, 45941, 53358, 51499, 46258, 16390, 67600, 61126, 33967, 60411, 92396, 12334, 65244, 47859, 92674, 51901, 54755, 78567, 6218, 35092, 83822, 96937, 14954, 15385, 58187, 4425, 21976, 55065, 21374, 70734, 58312, 98111, 83331, 64714, 9640, 74831, 13634, 97277, 37516, 65177, 3699, 30846, 88252, 82100, 31301, 89984, 88237, 91053, 11421, 79153, 67964, 39274, 14818, 92975, 8461, 91862, 17578, 2051, 97455, 1737, 80593, 73886, 54452, 63215, 43073, 70672, 7208, 25144, 46246, 58663, 33119, 44647, 95657, 94689, 22147, 46185, 14469, 97008, 89816, 53636, 44472, 40787, 76703, 46921, 82127, 78564, 66446, 9953, 35853, 56715, 22645, 31168, 62551, 55572, 12117, 39028, 68644, 24452, 58602, 64085, 43743, 72824, 36709, 45716, 63052, 34896, 10370, 13394, 4334, 33206, 26994, 33844, 97072, 16488, 91981, 52759])"
8.0,9,12,73,9.159517288208008,30017,"Genotype(dna=[20102, 53111, 67896, 30890, 57432, 71372, 44761, 89561, 53356, 31256, 39381, 71390, 58790, 8215, 7159, 28, 31357, 73793, 13833, 13359, 31637, 51650, 50314, 24871, 99824, 70078, 19352, 67610, 31462, 79305, 8290, 31087, 89799, 29418, 77340, 50329, 27355, 89513, 97447, 84500, 9941, 34865, 52316, 77167, 28032, 92737, 13850, 95218, 90143, 36322, 73382, 83209, 50595, 29908, 37353, 67374, 95605, 65030, 85948, 42248, 51742, 13958, 59791, 76739, 59564, 13066, 30805, 17807, 85504, 25885, 30231, 41736, 32772, 13249, 68075, 36149, 61663, 73951, 35356, 87831, 89235, 31721, 96186, 67227, 59849, 61794, 78461, 52346, 45961, 54629, 36372, 60282, 93631, 47851, 18368, 97837, 90843, 50044, 67106, 21029, 76770, 77173, 66653, 49410, 97752, 86757, 83996, 26685, 83835, 57737, 66299, 5497, 59270, 59852, 19598, 5295, 52961, 28586, 12768, 25880, 9764, 52318, 90347, 34046, 12668, 13453, 87433, 27650, 42477, 49326, 41749, 62748, 98765, 34665, 95777, 89357, 46574, 6745, 22187, 62440, 25149, 45941, 53358, 51499, 46258, 16390, 67600, 61126, 33967, 60411, 92396, 12334, 65244, 47859, 92674, 51901, 54755, 78567, 6218, 35092, 83822, 96937, 14954, 15385, 58187, 4425, 21976, 55065, 21374, 70734, 58312, 98111, 83331, 64714, 9640, 74831, 13634, 97277, 37516, 65177, 3699, 30846, 88252, 82100, 31301, 89984, 88237, 91053, 11421, 79153, 67964, 39274, 14818, 92975, 8461, 91862, 17578, 2051, 97455, 1737, 80593, 73886, 54452, 63215, 43073, 70672, 7208, 25144, 46246, 58663, 33119, 44647, 95657, 94689, 22147, 46185, 14469, 97008, 89816, 53636, 44472, 40787, 76703, 46921, 82127, 78564, 66446, 9953, 35853, 56715, 22645, 31168, 62551, 55572, 12117, 39028, 68644, 24452, 58602, 64085, 43743, 72824, 36709, 45716, 63052, 34896, 10370, 13394, 4334, 33206, 26994, 33844, 97072, 16488, 91981, 52759])"
8.0,9,12,74,9.210551023483276,30017,"Genotype(dna=[20102, 53111, 67896, 30890, 57432, 71372, 44761, 89561, 53356, 31256, 39381, 71390, 58790, 8215, 7159, 28, 31357, 73793, 13833, 13359, 31637, 51650, 50314, 24871, 99824, 70078, 19352, 67610, 31462, 79305, 8290, 31087, 89799, 29418, 77340, 50329, 27355, 89513, 97447, 84500, 9941, 34865, 52316, 77167, 28032, 92737, 13850, 95218, 90143, 36322, 73382, 83209, 50595, 29908, 37353, 67374, 95605, 65030, 85948, 42248, 51742, 13958, 59791, 76739, 59564, 13066, 30805, 17807, 85504, 25885, 30231, 41736, 32772, 13249, 68075, 36149, 61663, 73951, 35356, 87831, 89235, 31721, 96186, 67227, 59849, 61794, 78461, 52346, 45961, 54629, 36372, 60282, 93631, 47851, 18368, 97837, 90843, 50044, 67106, 21029, 76770, 77173, 66653, 49410, 97752, 86757, 83996, 26685, 83835, 57737, 66299, 5497, 59270, 59852, 19598, 5295, 52961, 28586, 12768, 25880, 9764, 52318, 90347, 34046, 12668, 13453, 87433, 27650, 42477, 49326, 41749, 62748, 98765, 34665, 95777, 89357, 46574, 6745, 22187, 62440, 25149, 45941, 53358, 51499, 46258, 16390, 67600, 61126, 33967, 60411, 92396, 12334, 65244, 47859, 92674, 51901, 54755, 78567, 6218, 35092, 83822, 96937, 14954, 15385, 58187, 4425, 21976, 55065, 21374, 70734, 58312, 98111, 83331, 64714, 9640, 74831, 13634, 97277, 37516, 65177, 3699, 30846, 88252, 82100, 31301, 89984, 88237, 91053, 11421, 79153, 67964, 39274, 14818, 92975, 8461, 91862, 17578, 2051, 97455, 1737, 80593, 73886, 54452, 63215, 43073, 70672, 7208, 25144, 46246, 58663, 33119, 44647, 95657, 94689, 22147, 46185, 14469, 97008, 89816, 53636, 44472, 40787, 76703, 46921, 82127, 78564, 66446, 9953, 35853, 56715, 22645, 31168, 62551, 55572, 12117, 39028, 68644, 24452, 58602, 64085, 43743, 72824, 36709, 45716, 63052, 34896, 10370, 13394, 4334, 33206, 26994, 33844, 97072, 16488, 91981, 52759])"
8.0,9,12,75,9.3077552318573,30017,"Genotype(dna=[20102, 53111, 67896, 30890, 57432, 71372, 44761, 89561, 53356, 31256, 39381, 71390, 58790, 8215, 7159, 28, 31357, 73793, 13833, 13359, 31637, 51650, 50314, 24871, 99824, 70078, 19352, 67610, 31462, 79305, 8290, 31087, 89799, 29418, 77340, 50329, 27355, 89513, 97447, 84500, 9941, 34865, 52316, 77167, 28032, 92737, 13850, 95218, 90143, 36322, 73382, 83209, 50595, 29908, 37353, 67374, 95605, 65030, 85948, 42248, 51742, 13958, 59791, 76739, 59564, 13066, 30805, 17807, 85504, 25885, 30231, 41736, 32772, 13249, 68075, 36149, 61663, 73951, 35356, 87831, 89235, 31721, 96186, 67227, 59849, 61794, 78461, 52346, 45961, 54629, 36372, 60282, 93631, 47851, 18368, 97837, 90843, 50044, 67106, 21029, 76770, 77173, 66653, 49410, 97752, 86757, 83996, 26685, 83835, 57737, 66299, 5497, 59270, 59852, 19598, 5295, 52961, 28586, 12768, 25880, 9764, 52318, 90347, 34046, 12668, 13453, 87433, 27650, 42477, 49326, 41749, 62748, 98765, 34665, 95777, 89357, 46574, 6745, 22187, 62440, 25149, 45941, 53358, 51499, 46258, 16390, 67600, 61126, 33967, 60411, 92396, 12334, 65244, 47859, 92674, 51901, 54755, 78567, 6218, 35092, 83822, 96937, 14954, 15385, 58187, 4425, 21976, 55065, 21374, 70734, 58312, 98111, 83331, 64714, 9640, 74831, 13634, 97277, 37516, 65177, 3699, 30846, 88252, 82100, 31301, 89984, 88237, 91053, 11421, 79153, 67964, 39274, 14818, 92975, 8461, 91862, 17578, 2051, 97455, 1737, 80593, 73886, 54452, 63215, 43073, 70672, 7208, 25144, 46246, 58663, 33119, 44647, 95657, 94689, 22147, 46185, 14469, 97008, 89816, 53636, 44472, 40787, 76703, 46921, 82127, 78564, 66446, 9953, 35853, 56715, 22645, 31168, 62551, 55572, 12117, 39028, 68644, 24452, 58602, 64085, 43743, 72824, 36709, 45716, 63052, 34896, 10370, 13394, 4334, 33206, 26994, 33844, 97072, 16488, 91981, 52759])"
8.0,9,12,76,9.363068103790283,30017,"Genotype(dna=[20102, 53111, 67896, 30890, 57432, 71372, 44761, 89561, 53356, 31256, 39381, 71390, 58790, 8215, 7159, 28, 31357, 73793, 13833, 13359, 31637, 51650, 50314, 24871, 99824, 70078, 19352, 67610, 31462, 79305, 8290, 31087, 89799, 29418, 77340, 50329, 27355, 89513, 97447, 84500, 9941, 34865, 52316, 77167, 28032, 92737, 13850, 95218, 90143, 36322, 73382, 83209, 50595, 29908, 37353, 67374, 95605, 65030, 85948, 42248, 51742, 13958, 59791, 76739, 59564, 13066, 30805, 17807, 85504, 25885, 30231, 41736, 32772, 13249, 68075, 36149, 61663, 73951, 35356, 87831, 89235, 31721, 96186, 67227, 59849, 61794, 78461, 52346, 45961, 54629, 36372, 60282, 93631, 47851, 18368, 97837, 90843, 50044, 67106, 21029, 76770, 77173, 66653, 49410, 97752, 86757, 83996, 26685, 83835, 57737, 66299, 5497, 59270, 59852, 19598, 5295, 52961, 28586, 12768, 25880, 9764, 52318, 90347, 34046, 12668, 13453, 87433, 27650, 42477, 49326, 41749, 62748, 98765, 34665, 95777, 89357, 46574, 6745, 22187, 62440, 25149, 45941, 53358, 51499, 46258, 16390, 67600, 61126, 33967, 60411, 92396, 12334, 65244, 47859, 92674, 51901, 54755, 78567, 6218, 35092, 83822, 96937, 14954, 15385, 58187, 4425, 21976, 55065, 21374, 70734, 58312, 98111, 83331, 64714, 9640, 74831, 13634, 97277, 37516, 65177, 3699, 30846, 88252, 82100, 31301, 89984, 88237, 91053, 11421, 79153, 67964, 39274, 14818, 92975, 8461, 91862, 17578, 2051, 97455, 1737, 80593, 73886, 54452, 63215, 43073, 70672, 7208, 25144, 46246, 58663, 33119, 44647, 95657, 94689, 22147, 46185, 14469, 97008, 89816, 53636, 44472, 40787, 76703, 46921, 82127, 78564, 66446, 9953, 35853, 56715, 22645, 31168, 62551, 55572, 12117, 39028, 68644, 24452, 58602, 64085, 43743, 72824, 36709, 45716, 63052, 34896, 10370, 13394, 4334, 33206, 26994, 33844, 97072, 16488, 91981, 52759])"
7.0,9,15,77,9.42685580253601,30017,"Genotype(dna=[20102, 53111, 67896, 30890, 57432, 71372, 44761, 89561, 53356, 31256, 39381, 71390, 58790, 8215, 54161, 28, 85091, 73793, 13833, 13359, 31637, 51650, 50314, 24871, 11485, 12714, 19352, 67610, 24498, 15507, 68133, 11309, 89799, 29418, 77340, 50329, 27355, 89513, 97447, 84500, 9941, 34865, 52316, 77167, 28032, 95840, 13850, 95218, 88702, 36322, 73382, 83209, 50595, 29908, 87251, 67374, 95605, 65030, 85948, 42248, 51742, 13958, 59791, 20691, 59564, 13066, 30805, 17807, 85504, 37054, 30231, 41736, 32772, 13249, 68075, 36149, 61663, 73951, 35356, 62477, 89235, 31721, 96186, 67227, 59849, 61794, 78461, 52346, 45961, 26687, 36372, 60282, 67362, 3919, 26171, 65163, 37296, 34052, 93321, 76179, 8111, 37696, 66653, 49410, 97752, 86757, 83996, 26685, 83835, 57737, 66299, 21340, 59270, 59852, 19598, 5295, 52961, 28586, 12768, 25880, 9764, 52318, 90347, 34046, 12668, 13453, 87433, 19288, 42477, 49326, 41749, 62748, 98765, 34665, 95777, 89357, 46574, 20204, 22187, 62440, 25149, 45941, 53358, 51499, 46258, 16390, 67600, 61126, 33967, 60411, 92396, 12334, 65244, 47859, 92674, 58310, 54755, 78567, 6218, 10251, 7443, 96937, 14954, 15385, 58187, 4425, 21976, 59787, 21374, 70734, 85748, 98111, 83331, 64714, 9640, 74831, 13634, 97277, 37516, 65177, 51444, 30846, 88252, 82100, 31301, 58731, 88237, 11020, 11421, 79153, 67964, 39274, 14818, 92975, 8461, 91862, 17578, 2051, 97455, 20782, 80593, 73886, 54452, 63215, 43073, 70672, 85741, 45938, 46246, 20188, 7370, 44647, 95657, 17935, 22147, 42364, 14469, 14702, 34547, 53636, 44472, 40787, 76703, 2976, 82127, 83633, 66446, 9953, 35853, 56715, 22645, 31168, 62551, 55572, 12117, 39028, 53650, 24452, 58602, 64085, 43743, 72824, 36709, 45716, 59383, 34896, 55078, 13394, 4334, 33206, 26994, 33844, 97072, 92496, 92531, 10800])"
7.0,9,15,78,9.485400676727295,30017,"Genotype(dna=[20102, 53111, 67896, 30890, 57432, 71372, 44761, 89561, 53356, 31256, 39381, 71390, 58790, 8215, 54161, 28, 85091, 73793, 13833, 13359, 31637, 51650, 50314, 24871, 11485, 12714, 19352, 67610, 24498, 15507, 68133, 11309, 89799, 29418, 77340, 50329, 27355, 89513, 97447, 84500, 9941, 34865, 52316, 77167, 28032, 95840, 13850, 95218, 88702, 36322, 73382, 83209, 50595, 29908, 87251, 67374, 95605, 65030, 85948, 42248, 51742, 13958, 59791, 20691, 59564, 13066, 30805, 17807, 85504, 37054, 30231, 41736, 32772, 13249, 68075, 36149, 61663, 73951, 35356, 62477, 89235, 31721, 96186, 67227, 59849, 61794, 78461, 52346, 45961, 26687, 36372, 60282, 67362, 3919, 26171, 65163, 37296, 34052, 93321, 76179, 8111, 37696, 66653, 49410, 97752, 86757, 83996, 26685, 83835, 57737, 66299, 21340, 59270, 59852, 19598, 5295, 52961, 28586, 12768, 25880, 9764, 52318, 90347, 34046, 12668, 13453, 87433, 19288, 42477, 49326, 41749, 62748, 98765, 34665, 95777, 89357, 46574, 20204, 22187, 62440, 25149, 45941, 53358, 51499, 46258, 16390, 67600, 61126, 33967, 60411, 92396, 12334, 65244, 47859, 92674, 58310, 54755, 78567, 6218, 10251, 7443, 96937, 14954, 15385, 58187, 4425, 21976, 59787, 21374, 70734, 85748, 98111, 83331, 64714, 9640, 74831, 13634, 97277, 37516, 65177, 51444, 30846, 88252, 82100, 31301, 58731, 88237, 11020, 11421, 79153, 67964, 39274, 14818, 92975, 8461, 91862, 17578, 2051, 97455, 20782, 80593, 73886, 54452, 63215, 43073, 70672, 85741, 45938, 46246, 20188, 7370, 44647, 95657, 17935, 22147, 42364, 14469, 14702, 34547, 53636, 44472, 40787, 76703, 2976, 82127, 83633, 66446, 9953, 35853, 56715, 22645, 31168, 62551, 55572, 12117, 39028, 53650, 24452, 58602, 64085, 43743, 72824, 36709, 45716, 59383, 34896, 55078, 13394, 4334, 33206, 26994, 33844, 97072, 92496, 92531, 10800])"
7.0,9,15,79,9.558948278427124,30017,"Genotype(dna=[20102, 53111, 67896, 30890, 57432, 71372, 44761, 89561, 53356, 31256, 39381, 71390, 58790, 8215, 54161, 28, 85091, 73793, 13833, 13359, 31637, 51650, 50314, 24871, 11485, 12714, 19352, 67610, 24498, 15507, 68133, 11309, 89799, 29418, 77340, 50329, 27355, 89513, 97447, 84500, 9941, 34865, 52316, 77167, 28032, 95840, 13850, 95218, 88702, 36322, 73382, 83209, 50595, 29908, 87251, 67374, 95605, 65030, 85948, 42248, 51742, 13958, 59791, 20691, 59564, 13066, 30805, 17807, 85504, 37054, 30231, 41736, 32772, 13249, 68075, 36149, 61663, 73951, 35356, 62477, 89235, 31721, 96186, 67227, 59849, 61794, 78461, 52346, 45961, 26687, 36372, 60282, 67362, 3919, 26171, 65163, 37296, 34052, 93321, 76179, 8111, 37696, 66653, 49410, 97752, 86757, 83996, 26685, 83835, 57737, 66299, 21340, 59270, 59852, 19598, 5295, 52961, 28586, 12768, 25880, 9764, 52318, 90347, 34046, 12668, 13453, 87433, 19288, 42477, 49326, 41749, 62748, 98765, 34665, 95777, 89357, 46574, 20204, 22187, 62440, 25149, 45941, 53358, 51499, 46258, 16390, 67600, 61126, 33967, 60411, 92396, 12334, 65244, 47859, 92674, 58310, 54755, 78567, 6218, 10251, 7443, 96937, 14954, 15385, 58187, 4425, 21976, 59787, 21374, 70734, 85748, 98111, 83331, 64714, 9640, 74831, 13634, 97277, 37516, 65177, 51444, 30846, 88252, 82100, 31301, 58731, 88237, 11020, 11421, 79153, 67964, 39274, 14818, 92975, 8461, 91862, 17578, 2051, 97455, 20782, 80593, 73886, 54452, 63215, 43073, 70672, 85741, 45938, 46246, 20188, 7370, 44647, 95657, 17935, 22147, 42364, 14469, 14702, 34547, 53636, 44472, 40787, 76703, 2976, 82127, 83633, 66446, 9953, 35853, 56715, 22645, 31168, 62551, 55572, 12117, 39028, 53650, 24452, 58602, 64085, 43743, 72824, 36709, 45716, 59383, 34896, 55078, 13394, 4334, 33206, 26994, 33844, 97072, 92496, 92531, 10800])"
7.0,9,15,80,9.629580020904541,30017,"Genotype(dna=[20102, 53111, 67896, 30890, 57432, 71372, 44761, 89561, 53356, 31256, 39381, 71390, 58790, 8215, 54161, 28, 85091, 73793, 13833, 13359, 31637, 51650, 50314, 24871, 11485, 12714, 19352, 67610, 24498, 15507, 68133, 11309, 89799, 29418, 77340, 50329, 27355, 89513, 97447, 84500, 9941, 34865, 52316, 77167, 28032, 95840, 13850, 95218, 88702, 36322, 73382, 83209, 50595, 29908, 87251, 67374, 95605, 65030, 85948, 42248, 51742, 13958, 59791, 20691, 59564, 13066, 30805, 17807, 85504, 37054, 30231, 41736, 32772, 13249, 68075, 36149, 61663, 73951, 35356, 62477, 89235, 31721, 96186, 67227, 59849, 61794, 78461, 52346, 45961, 26687, 36372, 60282, 67362, 3919, 26171, 65163, 37296, 34052, 93321, 76179, 8111, 37696, 66653, 49410, 97752, 86757, 83996, 26685, 83835, 57737, 66299, 21340, 59270, 59852, 19598, 5295, 52961, 28586, 12768, 25880, 9764, 52318, 90347, 34046, 12668, 13453, 87433, 19288, 42477, 49326, 41749, 62748, 98765, 34665, 95777, 89357, 46574, 20204, 22187, 62440, 25149, 45941, 53358, 51499, 46258, 16390, 67600, 61126, 33967, 60411, 92396, 12334, 65244, 47859, 92674, 58310, 54755, 78567, 6218, 10251, 7443, 96937, 14954, 15385, 58187, 4425, 21976, 59787, 21374, 70734, 85748, 98111, 83331, 64714, 9640, 74831, 13634, 97277, 37516, 65177, 51444, 30846, 88252, 82100, 31301, 58731, 88237, 11020, 11421, 79153, 67964, 39274, 14818, 92975, 8461, 91862, 17578, 2051, 97455, 20782, 80593, 73886, 54452, 63215, 43073, 70672, 85741, 45938, 46246, 20188, 7370, 44647, 95657, 17935, 22147, 42364, 14469, 14702, 34547, 53636, 44472, 40787, 76703, 2976, 82127, 83633, 66446, 9953, 35853, 56715, 22645, 31168, 62551, 55572, 12117, 39028, 53650, 24452, 58602, 64085, 43743, 72824, 36709, 45716, 59383, 34896, 55078, 13394, 4334, 33206, 26994, 33844, 97072, 92496, 92531, 10800])"
7.0,9,15,81,9.736167907714844,30017,"Genotype(dna=[20102, 53111, 67896, 30890, 57432, 71372, 44761, 89561, 53356, 31256, 39381, 71390, 58790, 8215, 54161, 28, 85091, 73793, 13833, 13359, 31637, 51650, 50314, 24871, 11485, 12714, 19352, 67610, 24498, 15507, 68133, 11309, 89799, 29418, 77340, 50329, 27355, 89513, 97447, 84500, 9941, 34865, 52316, 77167, 28032, 95840, 13850, 95218, 88702, 36322, 73382, 83209, 50595, 29908, 87251, 67374, 95605, 65030, 85948, 42248, 51742, 13958, 59791, 20691, 59564, 13066, 30805, 17807, 85504, 37054, 30231, 41736, 32772, 13249, 68075, 36149, 61663, 73951, 35356, 62477, 89235, 31721, 96186, 67227, 59849, 61794, 78461, 52346, 45961, 26687, 36372, 60282, 67362, 3919, 26171, 65163, 37296, 34052, 93321, 76179, 8111, 37696, 66653, 49410, 97752, 86757, 83996, 26685, 83835, 57737, 66299, 21340, 59270, 59852, 19598, 5295, 52961, 28586, 12768, 25880, 9764, 52318, 90347, 34046, 12668, 13453, 87433, 19288, 42477, 49326, 41749, 62748, 98765, 34665, 95777, 89357, 46574, 20204, 22187, 62440, 25149, 45941, 53358, 51499, 46258, 16390, 67600, 61126, 33967, 60411, 92396, 12334, 65244, 47859, 92674, 58310, 54755, 78567, 6218, 10251, 7443, 96937, 14954, 15385, 58187, 4425, 21976, 59787, 21374, 70734, 85748, 98111, 83331, 64714, 9640, 74831, 13634, 97277, 37516, 65177, 51444, 30846, 88252, 82100, 31301, 58731, 88237, 11020, 11421, 79153, 67964, 39274, 14818, 92975, 8461, 91862, 17578, 2051, 97455, 20782, 80593, 73886, 54452, 63215, 43073, 70672, 85741, 45938, 46246, 20188, 7370, 44647, 95657, 17935, 22147, 42364, 14469, 14702, 34547, 53636, 44472, 40787, 76703, 2976, 82127, 83633, 66446, 9953, 35853, 56715, 22645, 31168, 62551, 55572, 12117, 39028, 53650, 24452, 58602, 64085, 43743, 72824, 36709, 45716, 59383, 34896, 55078, 13394, 4334, 33206, 26994, 33844, 97072, 92496, 92531, 10800])"
7.0,9,15,82,9.791839838027954,30017,"Genotype(dna=[20102, 53111, 67896, 30890, 57432, 71372, 44761, 89561, 53356, 31256, 39381, 71390, 58790, 8215, 54161, 28, 85091, 73793, 13833, 13359, 31637, 51650, 50314, 24871, 11485, 12714, 19352, 67610, 24498, 15507, 68133, 11309, 89799, 29418, 77340, 50329, 27355, 89513, 97447, 84500, 9941, 34865, 52316, 77167, 28032, 95840, 13850, 95218, 88702, 36322, 73382, 83209, 50595, 29908, 87251, 67374, 95605, 65030, 85948, 42248, 51742, 13958, 59791, 20691, 59564, 13066, 30805, 17807, 85504, 37054, 30231, 41736, 32772, 13249, 68075, 36149, 61663, 73951, 35356, 62477, 89235, 31721, 96186, 67227, 59849, 61794, 78461, 52346, 45961, 26687, 36372, 60282, 67362, 3919, 26171, 65163, 37296, 34052, 93321, 76179, 8111, 37696, 66653, 49410, 97752, 86757, 83996, 26685, 83835, 57737, 66299, 21340, 59270, 59852, 19598, 5295, 52961, 28586, 12768, 25880, 9764, 52318, 90347, 34046, 12668, 13453, 87433, 19288, 42477, 49326, 41749, 62748, 98765, 34665, 95777, 89357, 46574, 20204, 22187, 62440, 25149, 45941, 53358, 51499, 46258, 16390, 67600, 61126, 33967, 60411, 92396, 12334, 65244, 47859, 92674, 58310, 54755, 78567, 6218, 10251, 7443, 96937, 14954, 15385, 58187, 4425, 21976, 59787, 21374, 70734, 85748, 98111, 83331, 64714, 9640, 74831, 13634, 97277, 37516, 65177, 51444, 30846, 88252, 82100, 31301, 58731, 88237, 11020, 11421, 79153, 67964, 39274, 14818, 92975, 8461, 91862, 17578, 2051, 97455, 20782, 80593, 73886, 54452, 63215, 43073, 70672, 85741, 45938, 46246, 20188, 7370, 44647, 95657, 17935, 22147, 42364, 14469, 14702, 34547, 53636, 44472, 40787, 76703, 2976, 82127, 83633, 66446, 9953, 35853, 56715, 22645, 31168, 62551, 55572, 12117, 39028, 53650, 24452, 58602, 64085, 43743, 72824, 36709, 45716, 59383, 34896, 55078, 13394, 4334, 33206, 26994, 33844, 97072, 92496, 92531, 10800])"
7.0,9,15,83,9.881681442260742,30017,"Genotype(dna=[20102, 53111, 67896, 30890, 57432, 71372, 44761, 89561, 53356, 31256, 39381, 71390, 58790, 8215, 54161, 28, 85091, 73793, 13833, 13359, 31637, 51650, 50314, 24871, 11485, 12714, 19352, 67610, 24498, 15507, 68133, 11309, 89799, 29418, 77340, 50329, 27355, 89513, 97447, 84500, 9941, 34865, 52316, 77167, 28032, 95840, 13850, 95218, 88702, 36322, 73382, 83209, 50595, 29908, 87251, 67374, 95605, 65030, 85948, 42248, 51742, 13958, 59791, 20691, 59564, 13066, 30805, 17807, 85504, 37054, 30231, 41736, 32772, 13249, 68075, 36149, 61663, 73951, 35356, 62477, 89235, 31721, 96186, 67227, 59849, 61794, 78461, 52346, 45961, 26687, 36372, 60282, 67362, 3919, 26171, 65163, 37296, 34052, 93321, 76179, 8111, 37696, 66653, 49410, 97752, 86757, 83996, 26685, 83835, 57737, 66299, 21340, 59270, 59852, 19598, 5295, 52961, 28586, 12768, 25880, 9764, 52318, 90347, 34046, 12668, 13453, 87433, 19288, 42477, 49326, 41749, 62748, 98765, 34665, 95777, 89357, 46574, 20204, 22187, 62440, 25149, 45941, 53358, 51499, 46258, 16390, 67600, 61126, 33967, 60411, 92396, 12334, 65244, 47859, 92674, 58310, 54755, 78567, 6218, 10251, 7443, 96937, 14954, 15385, 58187, 4425, 21976, 59787, 21374, 70734, 85748, 98111, 83331, 64714, 9640, 74831, 13634, 97277, 37516, 65177, 51444, 30846, 88252, 82100, 31301, 58731, 88237, 11020, 11421, 79153, 67964, 39274, 14818, 92975, 8461, 91862, 17578, 2051, 97455, 20782, 80593, 73886, 54452, 63215, 43073, 70672, 85741, 45938, 46246, 20188, 7370, 44647, 95657, 17935, 22147, 42364, 14469, 14702, 34547, 53636, 44472, 40787, 76703, 2976, 82127, 83633, 66446, 9953, 35853, 56715, 22645, 31168, 62551, 55572, 12117, 39028, 53650, 24452, 58602, 64085, 43743, 72824, 36709, 45716, 59383, 34896, 55078, 13394, 4334, 33206, 26994, 33844, 97072, 92496, 92531, 10800])"
4.0,9,14,84,10.04289722442627,30017,"Genotype(dna=[20102, 53111, 67896, 30890, 57432, 71372, 44761, 89561, 53356, 31256, 39381, 71390, 18349, 8215, 54161, 48279, 85091, 73793, 13833, 13359, 31637, 51650, 50314, 24871, 50482, 12714, 19352, 67610, 24498, 15507, 68133, 11309, 89799, 29418, 77340, 50329, 90559, 89513, 97447, 76805, 9941, 34865, 52316, 77167, 28032, 95840, 13850, 71167, 88702, 36322, 73382, 83209, 50595, 29908, 87251, 67374, 95605, 65030, 85948, 42248, 51742, 13958, 59791, 20691, 59564, 13066, 30805, 17807, 85504, 37054, 30231, 41736, 32772, 13249, 68075, 36149, 61663, 38609, 35356, 62477, 89235, 1009, 96186, 67227, 59849, 61794, 78461, 52346, 45961, 26687, 36372, 60282, 67362, 3919, 26171, 65163, 37296, 27423, 93321, 76179, 8111, 37696, 66653, 56935, 97752, 86757, 83996, 26685, 83835, 57737, 66299, 21340, 59270, 94186, 1259, 5295, 52961, 28586, 12768, 73773, 9764, 38389, 90347, 34046, 12668, 33552, 82864, 19288, 18199, 49326, 96761, 62748, 38149, 83197, 95777, 89357, 30560, 35943, 22187, 62440, 25149, 45941, 53358, 51499, 46258, 16390, 67600, 61126, 33967, 60411, 92396, 12334, 65244, 47859, 92674, 58310, 8397, 41016, 6218, 10251, 7443, 96937, 14954, 15385, 17206, 52338, 21976, 59787, 21374, 20649, 85748, 98111, 23840, 64714, 9640, 74831, 13634, 41542, 89501, 65177, 51444, 30846, 88252, 82100, 31301, 58731, 88237, 11020, 38282, 79153, 67964, 39274, 14818, 92975, 17200, 91862, 17578, 2051, 97455, 20782, 80593, 73886, 54452, 63215, 43073, 70672, 85741, 45938, 46246, 20188, 7370, 44647, 95657, 17935, 22147, 56177, 14469, 92277, 34547, 53636, 44472, 40787, 76703, 2976, 82127, 2030, 66446, 9953, 35853, 56715, 33679, 31168, 62551, 55572, 12117, 34485, 50868, 24452, 58602, 64085, 43743, 72824, 99414, 45716, 59383, 34896, 55078, 13394, 4334, 33206, 26994, 33844, 97072, 92496, 92531, 10800])"
4.0,9,14,85,10.114731788635254,30017,"Genotype(dna=[20102, 53111, 67896, 30890, 57432, 71372, 44761, 89561, 53356, 31256, 39381, 71390, 18349, 8215, 54161, 48279, 85091, 73793, 13833, 13359, 31637, 51650, 50314, 24871, 50482, 12714, 19352, 67610, 24498, 15507, 68133, 11309, 89799, 29418, 77340, 50329, 90559, 89513, 97447, 76805, 9941, 34865, 52316, 77167, 28032, 95840, 13850, 71167, 88702, 36322, 73382, 83209, 50595, 29908, 87251, 67374, 95605, 65030, 85948, 42248, 51742, 13958, 59791, 20691, 59564, 13066, 30805, 17807, 85504, 37054, 30231, 41736, 32772, 13249, 68075, 36149, 61663, 38609, 35356, 62477, 89235, 1009, 96186, 67227, 59849, 61794, 78461, 52346, 45961, 26687, 36372, 60282, 67362, 3919, 26171, 65163, 37296, 27423, 93321, 76179, 8111, 37696, 66653, 56935, 97752, 86757, 83996, 26685, 83835, 57737, 66299, 21340, 59270, 94186, 1259, 5295, 52961, 28586, 12768, 73773, 9764, 38389, 90347, 34046, 12668, 33552, 82864, 19288, 18199, 49326, 96761, 62748, 38149, 83197, 95777, 89357, 30560, 35943, 22187, 62440, 25149, 45941, 53358, 51499, 46258, 16390, 67600, 61126, 33967, 60411, 92396, 12334, 65244, 47859, 92674, 58310, 8397, 41016, 6218, 10251, 7443, 96937, 14954, 15385, 17206, 52338, 21976, 59787, 21374, 20649, 85748, 98111, 23840, 64714, 9640, 74831, 13634, 41542, 89501, 65177, 51444, 30846, 88252, 82100, 31301, 58731, 88237, 11020, 38282, 79153, 67964, 39274, 14818, 92975, 17200, 91862, 17578, 2051, 97455, 20782, 80593, 73886, 54452, 63215, 43073, 70672, 85741, 45938, 46246, 20188, 7370, 44647, 95657, 17935, 22147, 56177, 14469, 92277, 34547, 53636, 44472, 40787, 76703, 2976, 82127, 2030, 66446, 9953, 35853, 56715, 33679, 31168, 62551, 55572, 12117, 34485, 50868, 24452, 58602, 64085, 43743, 72824, 99414, 45716, 59383, 34896, 55078, 13394, 4334, 33206, 26994, 33844, 97072, 92496, 92531, 10800])"
4.0,9,14,86,10.178349494934082,30017,"Genotype(dna=[20102, 53111, 67896, 30890, 57432, 71372, 44761, 89561, 53356, 31256, 39381, 71390, 18349, 8215, 54161, 48279, 85091, 73793, 13833, 13359, 31637, 51650, 50314, 24871, 50482, 12714, 19352, 67610, 24498, 15507, 68133, 11309, 89799, 29418, 77340, 50329, 90559, 89513, 97447, 76805, 9941, 34865, 52316, 77167, 28032, 95840, 13850, 71167, 88702, 36322, 73382, 83209, 50595, 29908, 87251, 67374, 95605, 65030, 85948, 42248, 51742, 13958, 59791, 20691, 59564, 13066, 30805, 17807, 85504, 37054, 30231, 41736, 32772, 13249, 68075, 36149, 61663, 38609, 35356, 62477, 89235, 1009, 96186, 67227, 59849, 61794, 78461, 52346, 45961, 26687, 36372, 60282, 67362, 3919, 26171, 65163, 37296, 27423, 93321, 76179, 8111, 37696, 66653, 56935, 97752, 86757, 83996, 26685, 83835, 57737, 66299, 21340, 59270, 94186, 1259, 5295, 52961, 28586, 12768, 73773, 9764, 38389, 90347, 34046, 12668, 33552, 82864, 19288, 18199, 49326, 96761, 62748, 38149, 83197, 95777, 89357, 30560, 35943, 22187, 62440, 25149, 45941, 53358, 51499, 46258, 16390, 67600, 61126, 33967, 60411, 92396, 12334, 65244, 47859, 92674, 58310, 8397, 41016, 6218, 10251, 7443, 96937, 14954, 15385, 17206, 52338, 21976, 59787, 21374, 20649, 85748, 98111, 23840, 64714, 9640, 74831, 13634, 41542, 89501, 65177, 51444, 30846, 88252, 82100, 31301, 58731, 88237, 11020, 38282, 79153, 67964, 39274, 14818, 92975, 17200, 91862, 17578, 2051, 97455, 20782, 80593, 73886, 54452, 63215, 43073, 70672, 85741, 45938, 46246, 20188, 7370, 44647, 95657, 17935, 22147, 56177, 14469, 92277, 34547, 53636, 44472, 40787, 76703, 2976, 82127, 2030, 66446, 9953, 35853, 56715, 33679, 31168, 62551, 55572, 12117, 34485, 50868, 24452, 58602, 64085, 43743, 72824, 99414, 45716, 59383, 34896, 55078, 13394, 4334, 33206, 26994, 33844, 97072, 92496, 92531, 10800])"
2.0,9,15,87,10.239512920379639,30017,"Genotype(dna=[36823, 53111, 67896, 30890, 49562, 71372, 44761, 89561, 53356, 31256, 39381, 71390, 58790, 8215, 54161, 28, 85091, 99731, 13833, 56803, 31637, 3011, 50314, 24871, 5770, 12714, 19352, 67610, 24498, 15507, 68133, 98952, 89799, 29418, 77340, 50329, 27355, 89513, 97447, 84500, 9941, 34865, 52316, 77167, 91247, 95840, 13850, 95218, 88702, 36322, 73382, 83209, 50595, 29908, 87251, 67374, 95605, 65030, 85948, 42248, 51742, 13958, 59791, 20691, 59564, 13066, 30805, 17807, 85504, 37054, 30231, 93443, 38430, 13249, 68075, 68685, 11237, 73951, 35356, 62477, 89235, 31721, 96186, 67227, 59849, 61794, 78461, 40179, 45961, 26687, 36372, 60282, 67362, 20859, 26171, 65163, 37296, 34052, 93321, 76179, 8111, 37696, 66653, 49410, 97752, 86757, 83996, 26685, 81343, 57737, 3460, 21340, 59270, 59852, 19598, 5295, 52961, 72473, 12768, 25463, 9764, 52318, 90347, 34046, 12668, 13453, 87433, 19288, 42477, 24455, 41749, 62748, 98765, 22978, 95777, 89357, 18287, 20204, 22187, 62440, 25149, 45941, 53358, 51499, 46258, 16390, 67600, 61126, 33967, 60411, 92396, 12334, 65244, 47859, 92674, 58310, 54755, 78567, 6218, 35092, 83822, 96937, 14954, 48506, 58187, 23638, 21976, 55065, 21374, 83910, 85748, 98111, 83331, 64714, 9640, 74831, 13634, 97277, 37516, 65177, 51444, 30846, 88252, 82100, 31301, 58731, 10338, 11020, 38282, 79153, 67964, 39274, 14818, 92975, 17200, 91862, 17578, 2051, 97455, 20782, 80593, 73886, 54452, 63215, 43073, 65817, 88010, 45938, 46246, 20188, 54633, 44647, 95657, 86067, 41679, 42364, 14469, 92277, 38192, 12340, 44472, 40787, 76703, 2976, 82127, 2030, 66446, 9953, 35853, 56715, 76745, 31168, 2217, 49324, 12117, 9226, 68644, 24452, 58602, 64085, 97897, 72824, 36709, 45716, 63052, 34896, 10370, 13394, 31299, 33206, 67754, 33844, 97072, 16488, 91981, 52759])"
2.0,9,15,88,10.319988012313843,30017,"Genotype(dna=[36823, 53111, 67896, 30890, 49562, 71372, 44761, 89561, 53356, 31256, 39381, 71390, 58790, 8215, 54161, 28, 85091, 99731, 13833, 56803, 31637, 3011, 50314, 24871, 5770, 12714, 19352, 67610, 24498, 15507, 68133, 98952, 89799, 29418, 77340, 50329, 27355, 89513, 97447, 84500, 9941, 34865, 52316, 77167, 91247, 95840, 13850, 95218, 88702, 36322, 73382, 83209, 50595, 29908, 87251, 67374, 95605, 65030, 85948, 42248, 51742, 13958, 59791, 20691, 59564, 13066, 30805, 17807, 85504, 37054, 30231, 93443, 38430, 13249, 68075, 68685, 11237, 73951, 35356, 62477, 89235, 31721, 96186, 67227, 59849, 61794, 78461, 40179, 45961, 26687, 36372, 60282, 67362, 20859, 26171, 65163, 37296, 34052, 93321, 76179, 8111, 37696, 66653, 49410, 97752, 86757, 83996, 26685, 81343, 57737, 3460, 21340, 59270, 59852, 19598, 5295, 52961, 72473, 12768, 25463, 9764, 52318, 90347, 34046, 12668, 13453, 87433, 19288, 42477, 24455, 41749, 62748, 98765, 22978, 95777, 89357, 18287, 20204, 22187, 62440, 25149, 45941, 53358, 51499, 46258, 16390, 67600, 61126, 33967, 60411, 92396, 12334, 65244, 47859, 92674, 58310, 54755, 78567, 6218, 35092, 83822, 96937, 14954, 48506, 58187, 23638, 21976, 55065, 21374, 83910, 85748, 98111, 83331, 64714, 9640, 74831, 13634, 97277, 37516, 65177, 51444, 30846, 88252, 82100, 31301, 58731, 10338, 11020, 38282, 79153, 67964, 39274, 14818, 92975, 17200, 91862, 17578, 2051, 97455, 20782, 80593, 73886, 54452, 63215, 43073, 65817, 88010, 45938, 46246, 20188, 54633, 44647, 95657, 86067, 41679, 42364, 14469, 92277, 38192, 12340, 44472, 40787, 76703, 2976, 82127, 2030, 66446, 9953, 35853, 56715, 76745, 31168, 2217, 49324, 12117, 9226, 68644, 24452, 58602, 64085, 97897, 72824, 36709, 45716, 63052, 34896, 10370, 13394, 31299, 33206, 67754, 33844, 97072, 16488, 91981, 52759])"
2.0,9,15,89,10.376721858978271,30017,"Genotype(dna=[36823, 53111, 67896, 30890, 49562, 71372, 44761, 89561, 53356, 31256, 39381, 71390, 58790, 8215, 54161, 28, 85091, 99731, 13833, 56803, 31637, 3011, 50314, 24871, 5770, 12714, 19352, 67610, 24498, 15507, 68133, 98952, 89799, 29418, 77340, 50329, 27355, 89513, 97447, 84500, 9941, 34865, 52316, 77167, 91247, 95840, 13850, 95218, 88702, 36322, 73382, 83209, 50595, 29908, 87251, 67374, 95605, 65030, 85948, 42248, 51742, 13958, 59791, 20691, 59564, 13066, 30805, 17807, 85504, 37054, 30231, 93443, 38430, 13249, 68075, 68685, 11237, 73951, 35356, 62477, 89235, 31721, 96186, 67227, 59849, 61794, 78461, 40179, 45961, 26687, 36372, 60282, 67362, 20859, 26171, 65163, 37296, 34052, 93321, 76179, 8111, 37696, 66653, 49410, 97752, 86757, 83996, 26685, 81343, 57737, 3460, 21340, 59270, 59852, 19598, 5295, 52961, 72473, 12768, 25463, 9764, 52318, 90347, 34046, 12668, 13453, 87433, 19288, 42477, 24455, 41749, 62748, 98765, 22978, 95777, 89357, 18287, 20204, 22187, 62440, 25149, 45941, 53358, 51499, 46258, 16390, 67600, 61126, 33967, 60411, 92396, 12334, 65244, 47859, 92674, 58310, 54755, 78567, 6218, 35092, 83822, 96937, 14954, 48506, 58187, 23638, 21976, 55065, 21374, 83910, 85748, 98111, 83331, 64714, 9640, 74831, 13634, 97277, 37516, 65177, 51444, 30846, 88252, 82100, 31301, 58731, 10338, 11020, 38282, 79153, 67964, 39274, 14818, 92975, 17200, 91862, 17578, 2051, 97455, 20782, 80593, 73886, 54452, 63215, 43073, 65817, 88010, 45938, 46246, 20188, 54633, 44647, 95657, 86067, 41679, 42364, 14469, 92277, 38192, 12340, 44472, 40787, 76703, 2976, 82127, 2030, 66446, 9953, 35853, 56715, 76745, 31168, 2217, 49324, 12117, 9226, 68644, 24452, 58602, 64085, 97897, 72824, 36709, 45716, 63052, 34896, 10370, 13394, 31299, 33206, 67754, 33844, 97072, 16488, 91981, 52759])"
0.0,9,16,90,10.465986013412476,30017,"Genotype(dna=[36823, 53111, 67896, 30890, 49562, 71372, 44761, 89561, 53356, 31256, 39381, 71390, 58790, 8215, 54161, 28, 85091, 99731, 13833, 56803, 52526, 3011, 50314, 24871, 5770, 12714, 19352, 67610, 24498, 89800, 68133, 98952, 89799, 29418, 77340, 50329, 27355, 89513, 97447, 84500, 9941, 34865, 52316, 77167, 91247, 95840, 13850, 12619, 58857, 36322, 73382, 83209, 50595, 29908, 87251, 67374, 95605, 65030, 85948, 42248, 51742, 13958, 59791, 20691, 59564, 13066, 30805, 17807, 85504, 37054, 20051, 37521, 38430, 13249, 68075, 68685, 61663, 73951, 35356, 62477, 89235, 31721, 96186, 67227, 59849, 61794, 59215, 52346, 45961, 26687, 36372, 60282, 67362, 3919, 26171, 34181, 37296, 34052, 93321, 76179, 8111, 4135, 66653, 49410, 97752, 96446, 83996, 26685, 83835, 57737, 66299, 21340, 21994, 59852, 19598, 5295, 52961, 28586, 12768, 25880, 9764, 52318, 90347, 34046, 12668, 13453, 87433, 19220, 92590, 49326, 41749, 62748, 98765, 34665, 95777, 89357, 46574, 20204, 22187, 62440, 25149, 45941, 53358, 51499, 46258, 16390, 67600, 61126, 33967, 60411, 92396, 12334, 68526, 47859, 34528, 58310, 54755, 78567, 6218, 22999, 7443, 96937, 14954, 15385, 58187, 4425, 21976, 59787, 21374, 83910, 85748, 98111, 83331, 64714, 9640, 74831, 13634, 97277, 37516, 65177, 51444, 90141, 46810, 82100, 31301, 3738, 88055, 11020, 11421, 79153, 97254, 39274, 14818, 92975, 8461, 91862, 19710, 2051, 97455, 20782, 80593, 73886, 54452, 63215, 91665, 70672, 85741, 45938, 46246, 20188, 7370, 44647, 95657, 17935, 22147, 42364, 14469, 14702, 34547, 53636, 44472, 40787, 76703, 2976, 82127, 83633, 66446, 28441, 5190, 56715, 22645, 31168, 62551, 55572, 12117, 39028, 53650, 24452, 58602, 64085, 28816, 72824, 36709, 45716, 59383, 34896, 55078, 13394, 4334, 33206, 26994, 33844, 97072, 97172, 2472, 10800])"
