Fitness,Depth,Nodes,Generations,time_since_the_start_of_the_evolution,seed,genotype_as_str
0.0,7,8,1,0.48172545433044434,20130,"Genotype(dna={""<class 'abc.NT_0009'>"": [0, 52347], ""<class 'abc.NT_0009_P_00000'>"": [], ""<class 'abc.NT_0002'>"": [0, 3, 88862], ""<class 'abc.NT_0002_P_00000'>"": [], ""<class 'abc.NT_0000'>"": [0, 3, 3, 3, 4, 89511], ""<class 'abc.NT_0000_P_00000'>"": [], ""<class 'bool'>"": [6975, 88126, 29509, 66264], ""<class 'abc.NT_0000_P_00001'>"": [], ""<class 'abc.NT_0000_P_00002'>"": [], ""<class 'int'>"": [45148, 20363, 81703, 52671, 89972], ""<class 'abc.NT_0000_P_00003'>"": [], ""<class 'abc.NT_0000_P_00004'>"": [], ""<class 'abc.NT_0002_P_00001'>"": [], ""<class 'abc.NT_0002_P_00002'>"": [], ""<class 'abc.NT_0002_P_00003'>"": [], ""<class 'abc.NT_0002_P_00004'>"": [], ""<class 'abc.NT_0001'>"": [], ""<class 'abc.NT_0001_P_00000'>"": [], ""<class 'abc.NT_0001_P_00001'>"": [], ""<class 'abc.NT_0001_P_00002'>"": [], ""<class 'abc.NT_0009_P_00001'>"": [], ""<class 'abc.NT_0005'>"": [], ""<class 'abc.NT_0005_P_00000'>"": [], ""<class 'abc.NT_0005_P_00001'>"": [], ""<class 'abc.NT_0005_P_00002'>"": [], ""<class 'abc.NT_0003'>"": [], ""<class 'abc.NT_0003_P_00000'>"": [], '$leftovers': [99945, 22648, 91336, 25116, 16761, 4575, 28089, 30902, 30827, 49203, 24963, 10895, 47470, 89221, 41954, 6833, 54833, 64855, 13836, 68006, 72320, 52269, 74368, 32066, 96758, 86290, 66157, 48994, 27826, 50089, 55655, 39910, 99259, 14472, 33502, 35884, 78221, 49590, 96219, 64693, 16944, 41054, 8286, 75351, 75837, 71209, 16741, 60349, 89998, 90574, 33987, 36269, 27265, 71273, 69076, 82580, 1461, 49756, 50397, 8391, 39871, 76532, 71951, 87515, 35437, 59890, 45308, 26394, 52523, 42796, 24797, 40798, 43469, 60128, 87917, 96108, 70754, 94888, 27819, 97575, 61127, 36002, 30723, 99325, 24485, 38729, 26768, 8172, 42875, 24265, 95068, 95006, 92748, 90269, 61894, 37731, 88766, 755, 28461, 85345, 53961, 18128, 80009, 83602, 96403, 90804, 43530, 84172, 9609, 6112, 53977, 10890, 280, 85541, 82349, 99939, 87944, 62210, 84688, 99148, 31481, 80549, 28869, 11637, 75116, 86265, 80407, 20929, 35582, 13684, 46751, 58179, 19404, 56652, 42401, 18208, 17039, 89859, 22843, 36216, 28034, 68344, 23924, 69563, 74370, 2214, 59701, 81174, 41752, 29651, 12084, 92453, 28863, 54752, 94132, 48463, 93179, 66601, 16625, 96400, 40629, 1672, 38441, 6057, 26347, 40023, 10825, 97049, 51496, 89539, 78094, 35189, 13506, 54838, 39856, 11190, 52833, 60183, 26785, 5643, 40531, 48945, 98295, 53321, 53906, 46321, 71846, 26240, 22485, 43027, 40672, 76810, 5073, 19101, 55455, 61758, 51207, 40424, 50133, 80333, 85060, 61333, 88842, 90187, 55163, 35374, 90577, 30456, 10536, 74803, 81847, 9039, 52569, 3428, 45893, 77799, 14448, 15071, 36237, 47145, 59624, 15827, 49815, 67848, 77759, 47272, 69239, 82546, 79104, 74528, 5585, 41544, 55559, 23063, 18979, 72620, 10874, 2384, 88060, 55141, 88475, 1846, 22375, 98284, 94443, 20108, 50951, 3905, 29101, 69564, 90002, 21503, 30977, 47331, 75287, 76463, 79937, 49522, 82980, 30170, 77588, 21992, 30112, 8340, 85569, 47282, 20849, 30003, 140, 17257, 9558, 36042, 20599, 67090, 52653, 54046, 78418, 91412, 49362, 8450, 59154, 31079, 37557, 13879, 85693, 46050, 19583, 25984, 38169, 7427, 51982, 96934, 76338, 32992, 73221, 99809, 95617, 69782, 93901, 13954, 2395, 61941, 724, 28426, 9204, 29111, 27975, 11941, 1759, 10024, 68022, 38857, 89287, 1525, 52740, 38430, 99417, 13137, 40753, 30393, 71866, 84619, 73610, 53185, 97285, 48434, 42973, 19119, 47782, 14792, 34467, 8111, 62146, 49198, 5442, 53822, 89286, 69076, 99885, 6572, 91313, 18034, 76580, 36471, 92267, 14767, 35659, 14612, 67108, 46520, 5976, 81561, 26737, 8476, 49722, 28403, 43598, 13235, 93038, 76298, 78492, 17274, 77515, 35649, 86708, 68195, 46911, 11182, 38987, 2064, 83415, 2206, 79229, 93738, 26572, 79925, 64976, 5293, 87030, 8400, 47969, 55192, 21531, 1148, 94047, 60645, 96439, 13146, 46285, 89380, 25544, 83663, 1397, 10516, 53192, 62014, 85623, 17826, 67443, 69507, 9396, 60770, 38597, 22295, 88083, 22140, 27624, 86844, 90382, 97593, 82695, 5782, 70780, 66521, 92054, 6635, 84810, 55859, 51005, 72508, 88544, 3431, 15041, 22214, 76133, 88798, 47777, 30662, 59215, 36426, 95198, 30551, 15118, 91176, 52232, 66991, 12264, 61649, 92506, 51400, 66880, 17117, 22644, 72125, 87785, 57069, 93517, 70439, 2064, 86161, 92456, 46683, 6757, 17261, 20734, 39212, 39547, 432, 56540, 98944, 23627, 54067, 74085, 16028, 5164, 97433, 4754, 22587, 92584, 77096, 1647, 13994, 88721, 82725, 8970, 19572, 95880, 86757, 50740, 60641, 77599, 69668, 17690, 30662, 35160, 48209, 96622, 89530, 17505, 23206, 77196, 5894, 30830, 64254, 97745, 95135, 28116, 7067, 29704, 28630, 11283, 51110, 62006, 29222, 5523, 89620, 61339, 36207, 68069, 33317, 33481, 46265, 1383, 65257, 12312, 90251, 62012, 49009, 87690, 78661, 40241, 43309, 80375, 96413, 28522, 3412, 71228, 17289, 37370, 78934, 60411, 17593, 5492, 44011, 34126, 23103, 53103, 91632, 54263, 92810, 76862, 90931, 33355, 6812, 11959, 36222, 84916, 80976, 73965, 5343, 79146, 94358, 52541, 96227, 58499, 65294, 66423, 29419, 91864, 98294, 59052, 40991, 36739, 41105, 20763, 38586, 23218, 25494, 94428, 50553, 7502, 23387, 74593, 25538, 68928, 50450, 12204, 69274, 6195, 97257, 92931, 17457, 46324, 39872, 86766, 85935, 68442, 94187, 55447, 98149, 88529, 32678, 5222, 45213, 31441, 31361, 77468, 16814, 63130, 50728, 43448, 34342, 1085, 91478, 35274, 24267, 57621, 84287, 40542, 29985, 19350, 22825, 87614, 57863, 46023, 87276, 5378, 5228, 27227, 25200, 81528, 5297, 66405, 54244, 18250, 84902, 77497, 17096, 2140, 92704, 30949, 52894, 46666, 8102, 98118, 12593, 63489, 17555, 99504, 29752, 10887, 70917, 35468, 43829, 52373, 86128, 49647, 46075, 57663, 22628, 33932, 55552, 45312, 35470, 44350, 78867, 5963, 40252, 32362, 69312, 73659, 96185, 99570, 77811, 40400, 38588, 9843, 98696, 72508, 26280, 36364, 20477, 25966, 99169, 2859, 91105, 60416, 93031, 66015, 73986, 34515, 99782, 77082, 9511, 49768, 28341, 97940, 43097, 73071, 66451, 49348, 55951, 98910, 90115, 98756, 46079, 50113, 84566, 75306, 51160, 16217, 57843, 97779, 74070, 90734, 24404, 46211, 94652, 77616, 36541, 67665, 40528, 2102, 90893, 70953, 95888, 27178, 96847, 53002, 81554, 55381, 43394, 12687, 29231, 32105, 5306, 30755, 26001, 9167, 97716, 57353, 44205, 52722, 49570, 86901, 30826, 27213, 32694, 66961, 4841, 16056, 68895, 84752, 37890, 40770, 74701, 53094, 1337, 50947, 70231, 78303, 63835, 61570, 32707, 23910, 20925, 13750, 40295, 63624, 39268, 40839, 91724, 93417, 4871, 52044, 90323, 70707, 86359, 6511, 62779, 58452, 48618, 62588, 14389, 67544, 58197, 59344, 81941, 42875, 87853, 65102, 99650, 90509, 76168, 48728, 64863, 56612, 46192, 50631, 1978, 10116, 9776, 65171, 30404, 2983, 50370, 42611, 77502, 81890, 79557, 32338, 1894, 19191, 57665, 88649, 2457, 98094, 78191, 76427, 87610, 73644, 59971, 86045, 56702, 22723, 11866, 18669, 1125, 44927, 96238, 16680, 85706, 32984, 96416, 37116, 23229, 40641, 87522, 95066, 1065, 96120, 1543, 66493, 44022, 80337, 45620, 110, 97012, 44254, 24593, 31292, 95089, 80472, 49321, 7368, 90205, 59821, 41772, 80852, 19162, 3182, 24942, 22855, 44314, 92041, 31585, 73757, 15767, 46750, 78265, 7848, 20924, 23423, 96205, 44459, 76607, 86736, 30213, 39972, 35275, 98382, 54114, 16171, 99598, 24147, 21424, 51001, 89625, 90537, 63400, 70269, 94105, 48060, 60043, 81230, 704, 19845, 38792, 80560, 57282, 49743, 37911, 62166, 38137, 63010, 52199, 25874, 42337, 68544, 48044, 62773, 39323, 12895, 74614, 48573, 50729, 62865, 71911, 54794, 94021, 87477, 59150, 94378, 43174, 25163, 60838, 27497, 33808, 30182, 94540, 53546, 45427, 98965, 10771, 92477, 97572, 63869, 2068, 26789, 73292, 27159, 39024, 24571, 16058, 34736, 81978, 38534, 85311, 4843, 82830, 25593, 71786, 55817, 2746, 84441, 89232, 65928, 96336, 64141, 49009, 1105, 26552, 51192, 75156, 42432, 80544, 60512, 87583, 75766, 16095, 44333, 12689, 31808, 72454, 39101, 29043, 65444, 82267, 75653, 27178, 2134, 952, 62504, 46600, 66630, 87143, 72141, 2589, 65217, 60235, 28557, 35080, 76458, 67502, 25424, 99188, 84932, 64865, 74522, 90783, 10631, 60437, 32493, 69244, 93510, 52347, 89511, 89972, 88862, 66264]})"
