Fitness,Depth,Nodes,Generations,time_since_the_start_of_the_evolution,seed,genotype_as_str
712.0,8,22,1,0.5275218486785889,30028,"NT_0006_P_00000(__a=NT_0005_P_00000(__a=NT_0005_P_00000(__a=NT_0005_P_00000(__a=NT_0005_P_00000(__a=NT_0005_P_00000(__a=NT_0005_P_00000(__a=NT_0005_P_00001(__a=6), __b=NT_0003_P_00001(__a=False)), __b=NT_0003_P_00000(__a=NT_0000_P_00000(__a=44, __b=38), __b=NT_0000_P_00000(__a=80, __b=77))), __b=NT_0003_P_00000(__a=NT_0000_P_00000(__a=80, __b=24), __b=NT_0000_P_00000(__a=1, __b=4))), __b=NT_0003_P_00000(__a=NT_0000_P_00000(__a=43, __b=23), __b=NT_0000_P_00000(__a=88, __b=13))), __b=NT_0003_P_00000(__a=NT_0000_P_00000(__a=6, __b=65), __b=NT_0000_P_00000(__a=30, __b=90))), __b=NT_0003_P_00001(__a=False)))"
601.0,11,28,2,0.9930946826934814,30028,"NT_0006_P_00000(__a=NT_0005_P_00000(__a=NT_0005_P_00000(__a=NT_0005_P_00000(__a=NT_0005_P_00000(__a=NT_0005_P_00000(__a=NT_0005_P_00000(__a=NT_0005_P_00000(__a=NT_0005_P_00000(__a=NT_0005_P_00001(__a=50), __b=NT_0003_P_00000(__a=NT_0000_P_00000(__a=0, __b=54), __b=NT_0000_P_00000(__a=35, __b=88))), __b=NT_0003_P_00000(__a=NT_0000_P_00000(__a=85, __b=45), __b=NT_0000_P_00000(__a=54, __b=88))), __b=NT_0003_P_00001(__a=False)), __b=NT_0003_P_00001(__a=False)), __b=NT_0003_P_00000(__a=NT_0000_P_00000(__a=0, __b=54), __b=NT_0000_P_00000(__a=35, __b=88))), __b=NT_0003_P_00000(__a=NT_0000_P_00000(__a=85, __b=45), __b=NT_0000_P_00000(__a=54, __b=88))), __b=NT_0003_P_00000(__a=NT_0000_P_00000(__a=52, __b=57), __b=NT_0000_P_00000(__a=81, __b=80))), __b=NT_0003_P_00001(__a=False)))"
444.0,13,36,3,1.5090515613555908,30028,"NT_0006_P_00000(__a=NT_0005_P_00000(__a=NT_0005_P_00000(__a=NT_0005_P_00000(__a=NT_0005_P_00000(__a=NT_0005_P_00000(__a=NT_0005_P_00000(__a=NT_0005_P_00000(__a=NT_0005_P_00000(__a=NT_0005_P_00000(__a=NT_0005_P_00000(__a=NT_0005_P_00000(__a=NT_0005_P_00001(__a=6), __b=NT_0003_P_00001(__a=False)), __b=NT_0003_P_00000(__a=NT_0000_P_00000(__a=44, __b=38), __b=NT_0000_P_00000(__a=80, __b=77))), __b=NT_0003_P_00000(__a=NT_0000_P_00000(__a=80, __b=24), __b=NT_0000_P_00000(__a=1, __b=4))), __b=NT_0003_P_00000(__a=NT_0000_P_00000(__a=43, __b=23), __b=NT_0000_P_00000(__a=88, __b=13))), __b=NT_0003_P_00000(__a=NT_0000_P_00000(__a=92, __b=81), __b=NT_0000_P_00000(__a=57, __b=79))), __b=NT_0003_P_00001(__a=True)), __b=NT_0003_P_00001(__a=False)), __b=NT_0003_P_00000(__a=NT_0000_P_00000(__a=14, __b=92), __b=NT_0000_P_00000(__a=27, __b=32))), __b=NT_0003_P_00001(__a=True)), __b=NT_0003_P_00001(__a=True)), __b=NT_0003_P_00000(__a=NT_0000_P_00000(__a=97, __b=75), __b=NT_0000_P_00000(__a=86, __b=10))))"
435.0,13,36,4,1.9345417022705078,30028,"NT_0006_P_00000(__a=NT_0005_P_00000(__a=NT_0005_P_00000(__a=NT_0005_P_00000(__a=NT_0005_P_00000(__a=NT_0005_P_00000(__a=NT_0005_P_00000(__a=NT_0005_P_00000(__a=NT_0005_P_00000(__a=NT_0005_P_00000(__a=NT_0005_P_00000(__a=NT_0005_P_00000(__a=NT_0005_P_00001(__a=6), __b=NT_0003_P_00001(__a=False)), __b=NT_0003_P_00000(__a=NT_0000_P_00000(__a=44, __b=38), __b=NT_0000_P_00000(__a=80, __b=77))), __b=NT_0003_P_00000(__a=NT_0000_P_00000(__a=80, __b=24), __b=NT_0000_P_00000(__a=1, __b=4))), __b=NT_0003_P_00000(__a=NT_0000_P_00000(__a=71, __b=3), __b=NT_0000_P_00000(__a=88, __b=13))), __b=NT_0003_P_00000(__a=NT_0000_P_00000(__a=92, __b=81), __b=NT_0000_P_00000(__a=57, __b=79))), __b=NT_0003_P_00001(__a=True)), __b=NT_0003_P_00001(__a=False)), __b=NT_0003_P_00000(__a=NT_0000_P_00000(__a=14, __b=92), __b=NT_0000_P_00000(__a=27, __b=32))), __b=NT_0003_P_00001(__a=True)), __b=NT_0003_P_00001(__a=True)), __b=NT_0003_P_00000(__a=NT_0000_P_00000(__a=97, __b=75), __b=NT_0000_P_00000(__a=86, __b=10))))"
435.0,13,36,5,2.229179620742798,30028,"NT_0006_P_00000(__a=NT_0005_P_00000(__a=NT_0005_P_00000(__a=NT_0005_P_00000(__a=NT_0005_P_00000(__a=NT_0005_P_00000(__a=NT_0005_P_00000(__a=NT_0005_P_00000(__a=NT_0005_P_00000(__a=NT_0005_P_00000(__a=NT_0005_P_00000(__a=NT_0005_P_00000(__a=NT_0005_P_00001(__a=6), __b=NT_0003_P_00001(__a=False)), __b=NT_0003_P_00000(__a=NT_0000_P_00000(__a=44, __b=38), __b=NT_0000_P_00000(__a=80, __b=77))), __b=NT_0003_P_00000(__a=NT_0000_P_00000(__a=80, __b=24), __b=NT_0000_P_00000(__a=1, __b=4))), __b=NT_0003_P_00000(__a=NT_0000_P_00000(__a=71, __b=3), __b=NT_0000_P_00000(__a=88, __b=13))), __b=NT_0003_P_00000(__a=NT_0000_P_00000(__a=92, __b=81), __b=NT_0000_P_00000(__a=57, __b=79))), __b=NT_0003_P_00001(__a=True)), __b=NT_0003_P_00001(__a=False)), __b=NT_0003_P_00000(__a=NT_0000_P_00000(__a=14, __b=92), __b=NT_0000_P_00000(__a=27, __b=32))), __b=NT_0003_P_00001(__a=True)), __b=NT_0003_P_00001(__a=True)), __b=NT_0003_P_00000(__a=NT_0000_P_00000(__a=97, __b=75), __b=NT_0000_P_00000(__a=86, __b=10))))"
402.0,15,40,6,2.6306190490722656,30028,"NT_0006_P_00000(__a=NT_0005_P_00000(__a=NT_0005_P_00000(__a=NT_0005_P_00000(__a=NT_0005_P_00000(__a=NT_0005_P_00000(__a=NT_0005_P_00000(__a=NT_0005_P_00000(__a=NT_0005_P_00000(__a=NT_0005_P_00000(__a=NT_0005_P_00000(__a=NT_0005_P_00000(__a=NT_0005_P_00000(__a=NT_0005_P_00001(__a=31), __b=NT_0003_P_00000(__a=NT_0000_P_00000(__a=57, __b=63), __b=NT_0000_P_00000(__a=93, __b=6))), __b=NT_0003_P_00001(__a=True)), __b=NT_0003_P_00000(__a=NT_0000_P_00000(__a=81, __b=37), __b=NT_0000_P_00000(__a=80, __b=77))), __b=NT_0003_P_00000(__a=NT_0000_P_00000(__a=80, __b=24), __b=NT_0000_P_00000(__a=1, __b=4))), __b=NT_0003_P_00000(__a=NT_0000_P_00000(__a=43, __b=23), __b=NT_0000_P_00000(__a=88, __b=13))), __b=NT_0003_P_00000(__a=NT_0000_P_00000(__a=92, __b=81), __b=NT_0000_P_00000(__a=57, __b=79))), __b=NT_0003_P_00001(__a=True)), __b=NT_0003_P_00001(__a=False)), __b=NT_0003_P_00000(__a=NT_0000_P_00000(__a=14, __b=92), __b=NT_0000_P_00000(__a=27, __b=32))), __b=NT_0003_P_00001(__a=True)), __b=NT_0003_P_00001(__a=True)), __b=NT_0003_P_00000(__a=NT_0000_P_00000(__a=97, __b=75), __b=NT_0000_P_00000(__a=86, __b=10))))"
388.0,14,38,7,3.019498348236084,30028,"NT_0006_P_00000(__a=NT_0005_P_00000(__a=NT_0005_P_00000(__a=NT_0005_P_00000(__a=NT_0005_P_00000(__a=NT_0005_P_00000(__a=NT_0005_P_00000(__a=NT_0005_P_00000(__a=NT_0005_P_00000(__a=NT_0005_P_00000(__a=NT_0005_P_00000(__a=NT_0005_P_00000(__a=NT_0005_P_00001(__a=49), __b=NT_0003_P_00000(__a=NT_0000_P_00000(__a=15, __b=1), __b=NT_0000_P_00000(__a=68, __b=73))), __b=NT_0003_P_00000(__a=NT_0000_P_00000(__a=69, __b=1), __b=NT_0000_P_00000(__a=85, __b=93))), __b=NT_0003_P_00000(__a=NT_0000_P_00000(__a=80, __b=24), __b=NT_0000_P_00000(__a=1, __b=4))), __b=NT_0003_P_00000(__a=NT_0000_P_00000(__a=44, __b=38), __b=NT_0000_P_00000(__a=88, __b=13))), __b=NT_0003_P_00000(__a=NT_0000_P_00000(__a=42, __b=57), __b=NT_0000_P_00000(__a=57, __b=79))), __b=NT_0003_P_00001(__a=True)), __b=NT_0003_P_00001(__a=False)), __b=NT_0003_P_00000(__a=NT_0000_P_00000(__a=14, __b=92), __b=NT_0000_P_00000(__a=27, __b=32))), __b=NT_0003_P_00001(__a=True)), __b=NT_0003_P_00001(__a=True)), __b=NT_0003_P_00000(__a=NT_0000_P_00000(__a=97, __b=75), __b=NT_0000_P_00000(__a=86, __b=10))))"
388.0,14,38,8,3.3503925800323486,30028,"NT_0006_P_00000(__a=NT_0005_P_00000(__a=NT_0005_P_00000(__a=NT_0005_P_00000(__a=NT_0005_P_00000(__a=NT_0005_P_00000(__a=NT_0005_P_00000(__a=NT_0005_P_00000(__a=NT_0005_P_00000(__a=NT_0005_P_00000(__a=NT_0005_P_00000(__a=NT_0005_P_00000(__a=NT_0005_P_00001(__a=49), __b=NT_0003_P_00000(__a=NT_0000_P_00000(__a=15, __b=1), __b=NT_0000_P_00000(__a=68, __b=73))), __b=NT_0003_P_00000(__a=NT_0000_P_00000(__a=69, __b=1), __b=NT_0000_P_00000(__a=85, __b=93))), __b=NT_0003_P_00000(__a=NT_0000_P_00000(__a=80, __b=24), __b=NT_0000_P_00000(__a=1, __b=4))), __b=NT_0003_P_00000(__a=NT_0000_P_00000(__a=44, __b=38), __b=NT_0000_P_00000(__a=88, __b=13))), __b=NT_0003_P_00000(__a=NT_0000_P_00000(__a=42, __b=57), __b=NT_0000_P_00000(__a=57, __b=79))), __b=NT_0003_P_00001(__a=True)), __b=NT_0003_P_00001(__a=False)), __b=NT_0003_P_00000(__a=NT_0000_P_00000(__a=14, __b=92), __b=NT_0000_P_00000(__a=27, __b=32))), __b=NT_0003_P_00001(__a=True)), __b=NT_0003_P_00001(__a=True)), __b=NT_0003_P_00000(__a=NT_0000_P_00000(__a=97, __b=75), __b=NT_0000_P_00000(__a=86, __b=10))))"
376.0,14,40,9,3.5975751876831055,30028,"NT_0006_P_00000(__a=NT_0005_P_00000(__a=NT_0005_P_00000(__a=NT_0005_P_00000(__a=NT_0005_P_00000(__a=NT_0005_P_00000(__a=NT_0005_P_00000(__a=NT_0005_P_00000(__a=NT_0005_P_00000(__a=NT_0005_P_00000(__a=NT_0005_P_00000(__a=NT_0005_P_00000(__a=NT_0005_P_00001(__a=91), __b=NT_0003_P_00000(__a=NT_0000_P_00000(__a=88, __b=12), __b=NT_0000_P_00000(__a=54, __b=26))), __b=NT_0003_P_00000(__a=NT_0000_P_00000(__a=88, __b=41), __b=NT_0000_P_00000(__a=86, __b=45))), __b=NT_0003_P_00000(__a=NT_0000_P_00000(__a=60, __b=11), __b=NT_0000_P_00000(__a=63, __b=36))), __b=NT_0003_P_00000(__a=NT_0000_P_00000(__a=66, __b=48), __b=NT_0000_P_00000(__a=88, __b=13))), __b=NT_0003_P_00001(__a=False)), __b=NT_0003_P_00000(__a=NT_0000_P_00000(__a=44, __b=24), __b=NT_0000_P_00000(__a=38, __b=71))), __b=NT_0003_P_00000(__a=NT_0000_P_00000(__a=56, __b=55), __b=NT_0000_P_00000(__a=26, __b=2))), __b=NT_0003_P_00000(__a=NT_0000_P_00000(__a=88, __b=41), __b=NT_0000_P_00000(__a=16, __b=26))), __b=NT_0003_P_00001(__a=False)), __b=NT_0003_P_00001(__a=True)), __b=NT_0003_P_00000(__a=NT_0000_P_00000(__a=97, __b=75), __b=NT_0000_P_00000(__a=86, __b=10))))"
369.0,14,40,10,3.9148318767547607,30028,"NT_0006_P_00000(__a=NT_0005_P_00000(__a=NT_0005_P_00000(__a=NT_0005_P_00000(__a=NT_0005_P_00000(__a=NT_0005_P_00000(__a=NT_0005_P_00000(__a=NT_0005_P_00000(__a=NT_0005_P_00000(__a=NT_0005_P_00000(__a=NT_0005_P_00000(__a=NT_0005_P_00000(__a=NT_0005_P_00001(__a=61), __b=NT_0003_P_00000(__a=NT_0000_P_00000(__a=44, __b=38), __b=NT_0000_P_00000(__a=80, __b=77))), __b=NT_0003_P_00000(__a=NT_0000_P_00000(__a=57, __b=79), __b=NT_0000_P_00000(__a=63, __b=36))), __b=NT_0003_P_00000(__a=NT_0000_P_00000(__a=80, __b=77), __b=NT_0000_P_00000(__a=63, __b=36))), __b=NT_0003_P_00000(__a=NT_0000_P_00000(__a=43, __b=23), __b=NT_0000_P_00000(__a=88, __b=13))), __b=NT_0003_P_00001(__a=False)), __b=NT_0003_P_00000(__a=NT_0000_P_00000(__a=1, __b=51), __b=NT_0000_P_00000(__a=97, __b=20))), __b=NT_0003_P_00000(__a=NT_0000_P_00000(__a=56, __b=55), __b=NT_0000_P_00000(__a=26, __b=2))), __b=NT_0003_P_00000(__a=NT_0000_P_00000(__a=80, __b=77), __b=NT_0000_P_00000(__a=27, __b=32))), __b=NT_0003_P_00001(__a=True)), __b=NT_0003_P_00001(__a=True)), __b=NT_0003_P_00000(__a=NT_0000_P_00000(__a=86, __b=32), __b=NT_0000_P_00000(__a=86, __b=10))))"
364.0,14,40,11,4.163740634918213,30028,"NT_0006_P_00000(__a=NT_0005_P_00000(__a=NT_0005_P_00000(__a=NT_0005_P_00000(__a=NT_0005_P_00000(__a=NT_0005_P_00000(__a=NT_0005_P_00000(__a=NT_0005_P_00000(__a=NT_0005_P_00000(__a=NT_0005_P_00000(__a=NT_0005_P_00000(__a=NT_0005_P_00000(__a=NT_0005_P_00001(__a=91), __b=NT_0003_P_00000(__a=NT_0000_P_00000(__a=41, __b=90), __b=NT_0000_P_00000(__a=28, __b=8))), __b=NT_0003_P_00000(__a=NT_0000_P_00000(__a=56, __b=55), __b=NT_0000_P_00000(__a=86, __b=45))), __b=NT_0003_P_00000(__a=NT_0000_P_00000(__a=60, __b=11), __b=NT_0000_P_00000(__a=63, __b=36))), __b=NT_0003_P_00000(__a=NT_0000_P_00000(__a=66, __b=48), __b=NT_0000_P_00000(__a=88, __b=13))), __b=NT_0003_P_00001(__a=False)), __b=NT_0003_P_00000(__a=NT_0000_P_00000(__a=87, __b=4), __b=NT_0000_P_00000(__a=57, __b=46))), __b=NT_0003_P_00000(__a=NT_0000_P_00000(__a=56, __b=55), __b=NT_0000_P_00000(__a=26, __b=2))), __b=NT_0003_P_00000(__a=NT_0000_P_00000(__a=88, __b=41), __b=NT_0000_P_00000(__a=16, __b=26))), __b=NT_0003_P_00001(__a=False)), __b=NT_0003_P_00001(__a=True)), __b=NT_0003_P_00000(__a=NT_0000_P_00000(__a=97, __b=75), __b=NT_0000_P_00000(__a=86, __b=10))))"
360.0,14,40,12,4.400138854980469,30028,"NT_0006_P_00000(__a=NT_0005_P_00000(__a=NT_0005_P_00000(__a=NT_0005_P_00000(__a=NT_0005_P_00000(__a=NT_0005_P_00000(__a=NT_0005_P_00000(__a=NT_0005_P_00000(__a=NT_0005_P_00000(__a=NT_0005_P_00000(__a=NT_0005_P_00000(__a=NT_0005_P_00000(__a=NT_0005_P_00001(__a=91), __b=NT_0003_P_00000(__a=NT_0000_P_00000(__a=41, __b=90), __b=NT_0000_P_00000(__a=28, __b=8))), __b=NT_0003_P_00000(__a=NT_0000_P_00000(__a=56, __b=55), __b=NT_0000_P_00000(__a=86, __b=45))), __b=NT_0003_P_00000(__a=NT_0000_P_00000(__a=60, __b=11), __b=NT_0000_P_00000(__a=63, __b=36))), __b=NT_0003_P_00000(__a=NT_0000_P_00000(__a=26, __b=2), __b=NT_0000_P_00000(__a=88, __b=13))), __b=NT_0003_P_00001(__a=False)), __b=NT_0003_P_00000(__a=NT_0000_P_00000(__a=87, __b=4), __b=NT_0000_P_00000(__a=57, __b=46))), __b=NT_0003_P_00000(__a=NT_0000_P_00000(__a=56, __b=55), __b=NT_0000_P_00000(__a=26, __b=2))), __b=NT_0003_P_00000(__a=NT_0000_P_00000(__a=88, __b=41), __b=NT_0000_P_00000(__a=16, __b=26))), __b=NT_0003_P_00001(__a=False)), __b=NT_0003_P_00001(__a=True)), __b=NT_0003_P_00000(__a=NT_0000_P_00000(__a=97, __b=75), __b=NT_0000_P_00000(__a=86, __b=10))))"
358.0,14,40,13,4.7338244915008545,30028,"NT_0006_P_00000(__a=NT_0005_P_00000(__a=NT_0005_P_00000(__a=NT_0005_P_00000(__a=NT_0005_P_00000(__a=NT_0005_P_00000(__a=NT_0005_P_00000(__a=NT_0005_P_00000(__a=NT_0005_P_00000(__a=NT_0005_P_00000(__a=NT_0005_P_00000(__a=NT_0005_P_00000(__a=NT_0005_P_00001(__a=61), __b=NT_0003_P_00000(__a=NT_0000_P_00000(__a=80, __b=24), __b=NT_0000_P_00000(__a=1, __b=4))), __b=NT_0003_P_00000(__a=NT_0000_P_00000(__a=17, __b=28), __b=NT_0000_P_00000(__a=63, __b=36))), __b=NT_0003_P_00000(__a=NT_0000_P_00000(__a=100, __b=43), __b=NT_0000_P_00000(__a=63, __b=36))), __b=NT_0003_P_00000(__a=NT_0000_P_00000(__a=5, __b=74), __b=NT_0000_P_00000(__a=88, __b=13))), __b=NT_0003_P_00001(__a=False)), __b=NT_0003_P_00000(__a=NT_0000_P_00000(__a=27, __b=32), __b=NT_0000_P_00000(__a=38, __b=71))), __b=NT_0003_P_00000(__a=NT_0000_P_00000(__a=56, __b=55), __b=NT_0000_P_00000(__a=26, __b=2))), __b=NT_0003_P_00000(__a=NT_0000_P_00000(__a=80, __b=77), __b=NT_0000_P_00000(__a=27, __b=32))), __b=NT_0003_P_00001(__a=True)), __b=NT_0003_P_00001(__a=True)), __b=NT_0003_P_00000(__a=NT_0000_P_00000(__a=86, __b=32), __b=NT_0000_P_00000(__a=86, __b=10))))"
358.0,14,40,14,4.983301401138306,30028,"NT_0006_P_00000(__a=NT_0005_P_00000(__a=NT_0005_P_00000(__a=NT_0005_P_00000(__a=NT_0005_P_00000(__a=NT_0005_P_00000(__a=NT_0005_P_00000(__a=NT_0005_P_00000(__a=NT_0005_P_00000(__a=NT_0005_P_00000(__a=NT_0005_P_00000(__a=NT_0005_P_00000(__a=NT_0005_P_00001(__a=61), __b=NT_0003_P_00000(__a=NT_0000_P_00000(__a=80, __b=24), __b=NT_0000_P_00000(__a=1, __b=4))), __b=NT_0003_P_00000(__a=NT_0000_P_00000(__a=17, __b=28), __b=NT_0000_P_00000(__a=63, __b=36))), __b=NT_0003_P_00000(__a=NT_0000_P_00000(__a=100, __b=43), __b=NT_0000_P_00000(__a=63, __b=36))), __b=NT_0003_P_00000(__a=NT_0000_P_00000(__a=5, __b=74), __b=NT_0000_P_00000(__a=88, __b=13))), __b=NT_0003_P_00001(__a=False)), __b=NT_0003_P_00000(__a=NT_0000_P_00000(__a=27, __b=32), __b=NT_0000_P_00000(__a=38, __b=71))), __b=NT_0003_P_00000(__a=NT_0000_P_00000(__a=56, __b=55), __b=NT_0000_P_00000(__a=26, __b=2))), __b=NT_0003_P_00000(__a=NT_0000_P_00000(__a=80, __b=77), __b=NT_0000_P_00000(__a=27, __b=32))), __b=NT_0003_P_00001(__a=True)), __b=NT_0003_P_00001(__a=True)), __b=NT_0003_P_00000(__a=NT_0000_P_00000(__a=86, __b=32), __b=NT_0000_P_00000(__a=86, __b=10))))"
358.0,14,40,15,5.192452907562256,30028,"NT_0006_P_00000(__a=NT_0005_P_00000(__a=NT_0005_P_00000(__a=NT_0005_P_00000(__a=NT_0005_P_00000(__a=NT_0005_P_00000(__a=NT_0005_P_00000(__a=NT_0005_P_00000(__a=NT_0005_P_00000(__a=NT_0005_P_00000(__a=NT_0005_P_00000(__a=NT_0005_P_00000(__a=NT_0005_P_00001(__a=61), __b=NT_0003_P_00000(__a=NT_0000_P_00000(__a=80, __b=24), __b=NT_0000_P_00000(__a=1, __b=4))), __b=NT_0003_P_00000(__a=NT_0000_P_00000(__a=17, __b=28), __b=NT_0000_P_00000(__a=63, __b=36))), __b=NT_0003_P_00000(__a=NT_0000_P_00000(__a=100, __b=43), __b=NT_0000_P_00000(__a=63, __b=36))), __b=NT_0003_P_00000(__a=NT_0000_P_00000(__a=5, __b=74), __b=NT_0000_P_00000(__a=88, __b=13))), __b=NT_0003_P_00001(__a=False)), __b=NT_0003_P_00000(__a=NT_0000_P_00000(__a=27, __b=32), __b=NT_0000_P_00000(__a=38, __b=71))), __b=NT_0003_P_00000(__a=NT_0000_P_00000(__a=56, __b=55), __b=NT_0000_P_00000(__a=26, __b=2))), __b=NT_0003_P_00000(__a=NT_0000_P_00000(__a=80, __b=77), __b=NT_0000_P_00000(__a=27, __b=32))), __b=NT_0003_P_00001(__a=True)), __b=NT_0003_P_00001(__a=True)), __b=NT_0003_P_00000(__a=NT_0000_P_00000(__a=86, __b=32), __b=NT_0000_P_00000(__a=86, __b=10))))"
358.0,14,40,16,5.595435857772827,30028,"NT_0006_P_00000(__a=NT_0005_P_00000(__a=NT_0005_P_00000(__a=NT_0005_P_00000(__a=NT_0005_P_00000(__a=NT_0005_P_00000(__a=NT_0005_P_00000(__a=NT_0005_P_00000(__a=NT_0005_P_00000(__a=NT_0005_P_00000(__a=NT_0005_P_00000(__a=NT_0005_P_00000(__a=NT_0005_P_00001(__a=61), __b=NT_0003_P_00000(__a=NT_0000_P_00000(__a=80, __b=24), __b=NT_0000_P_00000(__a=1, __b=4))), __b=NT_0003_P_00000(__a=NT_0000_P_00000(__a=17, __b=28), __b=NT_0000_P_00000(__a=63, __b=36))), __b=NT_0003_P_00000(__a=NT_0000_P_00000(__a=100, __b=43), __b=NT_0000_P_00000(__a=63, __b=36))), __b=NT_0003_P_00000(__a=NT_0000_P_00000(__a=5, __b=74), __b=NT_0000_P_00000(__a=88, __b=13))), __b=NT_0003_P_00001(__a=False)), __b=NT_0003_P_00000(__a=NT_0000_P_00000(__a=27, __b=32), __b=NT_0000_P_00000(__a=38, __b=71))), __b=NT_0003_P_00000(__a=NT_0000_P_00000(__a=56, __b=55), __b=NT_0000_P_00000(__a=26, __b=2))), __b=NT_0003_P_00000(__a=NT_0000_P_00000(__a=80, __b=77), __b=NT_0000_P_00000(__a=27, __b=32))), __b=NT_0003_P_00001(__a=True)), __b=NT_0003_P_00001(__a=True)), __b=NT_0003_P_00000(__a=NT_0000_P_00000(__a=86, __b=32), __b=NT_0000_P_00000(__a=86, __b=10))))"
358.0,14,40,17,5.926328897476196,30028,"NT_0006_P_00000(__a=NT_0005_P_00000(__a=NT_0005_P_00000(__a=NT_0005_P_00000(__a=NT_0005_P_00000(__a=NT_0005_P_00000(__a=NT_0005_P_00000(__a=NT_0005_P_00000(__a=NT_0005_P_00000(__a=NT_0005_P_00000(__a=NT_0005_P_00000(__a=NT_0005_P_00000(__a=NT_0005_P_00001(__a=61), __b=NT_0003_P_00000(__a=NT_0000_P_00000(__a=80, __b=24), __b=NT_0000_P_00000(__a=1, __b=4))), __b=NT_0003_P_00000(__a=NT_0000_P_00000(__a=17, __b=28), __b=NT_0000_P_00000(__a=63, __b=36))), __b=NT_0003_P_00000(__a=NT_0000_P_00000(__a=100, __b=43), __b=NT_0000_P_00000(__a=63, __b=36))), __b=NT_0003_P_00000(__a=NT_0000_P_00000(__a=5, __b=74), __b=NT_0000_P_00000(__a=88, __b=13))), __b=NT_0003_P_00001(__a=False)), __b=NT_0003_P_00000(__a=NT_0000_P_00000(__a=27, __b=32), __b=NT_0000_P_00000(__a=38, __b=71))), __b=NT_0003_P_00000(__a=NT_0000_P_00000(__a=56, __b=55), __b=NT_0000_P_00000(__a=26, __b=2))), __b=NT_0003_P_00000(__a=NT_0000_P_00000(__a=80, __b=77), __b=NT_0000_P_00000(__a=27, __b=32))), __b=NT_0003_P_00001(__a=True)), __b=NT_0003_P_00001(__a=True)), __b=NT_0003_P_00000(__a=NT_0000_P_00000(__a=86, __b=32), __b=NT_0000_P_00000(__a=86, __b=10))))"
358.0,14,40,18,6.154952049255371,30028,"NT_0006_P_00000(__a=NT_0005_P_00000(__a=NT_0005_P_00000(__a=NT_0005_P_00000(__a=NT_0005_P_00000(__a=NT_0005_P_00000(__a=NT_0005_P_00000(__a=NT_0005_P_00000(__a=NT_0005_P_00000(__a=NT_0005_P_00000(__a=NT_0005_P_00000(__a=NT_0005_P_00000(__a=NT_0005_P_00001(__a=61), __b=NT_0003_P_00000(__a=NT_0000_P_00000(__a=80, __b=24), __b=NT_0000_P_00000(__a=1, __b=4))), __b=NT_0003_P_00000(__a=NT_0000_P_00000(__a=17, __b=28), __b=NT_0000_P_00000(__a=63, __b=36))), __b=NT_0003_P_00000(__a=NT_0000_P_00000(__a=100, __b=43), __b=NT_0000_P_00000(__a=63, __b=36))), __b=NT_0003_P_00000(__a=NT_0000_P_00000(__a=5, __b=74), __b=NT_0000_P_00000(__a=88, __b=13))), __b=NT_0003_P_00001(__a=False)), __b=NT_0003_P_00000(__a=NT_0000_P_00000(__a=27, __b=32), __b=NT_0000_P_00000(__a=38, __b=71))), __b=NT_0003_P_00000(__a=NT_0000_P_00000(__a=56, __b=55), __b=NT_0000_P_00000(__a=26, __b=2))), __b=NT_0003_P_00000(__a=NT_0000_P_00000(__a=80, __b=77), __b=NT_0000_P_00000(__a=27, __b=32))), __b=NT_0003_P_00001(__a=True)), __b=NT_0003_P_00001(__a=True)), __b=NT_0003_P_00000(__a=NT_0000_P_00000(__a=86, __b=32), __b=NT_0000_P_00000(__a=86, __b=10))))"
358.0,14,40,19,6.353124618530273,30028,"NT_0006_P_00000(__a=NT_0005_P_00000(__a=NT_0005_P_00000(__a=NT_0005_P_00000(__a=NT_0005_P_00000(__a=NT_0005_P_00000(__a=NT_0005_P_00000(__a=NT_0005_P_00000(__a=NT_0005_P_00000(__a=NT_0005_P_00000(__a=NT_0005_P_00000(__a=NT_0005_P_00000(__a=NT_0005_P_00001(__a=61), __b=NT_0003_P_00000(__a=NT_0000_P_00000(__a=80, __b=24), __b=NT_0000_P_00000(__a=1, __b=4))), __b=NT_0003_P_00000(__a=NT_0000_P_00000(__a=17, __b=28), __b=NT_0000_P_00000(__a=63, __b=36))), __b=NT_0003_P_00000(__a=NT_0000_P_00000(__a=100, __b=43), __b=NT_0000_P_00000(__a=63, __b=36))), __b=NT_0003_P_00000(__a=NT_0000_P_00000(__a=5, __b=74), __b=NT_0000_P_00000(__a=88, __b=13))), __b=NT_0003_P_00001(__a=False)), __b=NT_0003_P_00000(__a=NT_0000_P_00000(__a=27, __b=32), __b=NT_0000_P_00000(__a=38, __b=71))), __b=NT_0003_P_00000(__a=NT_0000_P_00000(__a=56, __b=55), __b=NT_0000_P_00000(__a=26, __b=2))), __b=NT_0003_P_00000(__a=NT_0000_P_00000(__a=80, __b=77), __b=NT_0000_P_00000(__a=27, __b=32))), __b=NT_0003_P_00001(__a=True)), __b=NT_0003_P_00001(__a=True)), __b=NT_0003_P_00000(__a=NT_0000_P_00000(__a=86, __b=32), __b=NT_0000_P_00000(__a=86, __b=10))))"
358.0,14,40,20,6.5112364292144775,30028,"NT_0006_P_00000(__a=NT_0005_P_00000(__a=NT_0005_P_00000(__a=NT_0005_P_00000(__a=NT_0005_P_00000(__a=NT_0005_P_00000(__a=NT_0005_P_00000(__a=NT_0005_P_00000(__a=NT_0005_P_00000(__a=NT_0005_P_00000(__a=NT_0005_P_00000(__a=NT_0005_P_00000(__a=NT_0005_P_00001(__a=61), __b=NT_0003_P_00000(__a=NT_0000_P_00000(__a=80, __b=24), __b=NT_0000_P_00000(__a=1, __b=4))), __b=NT_0003_P_00000(__a=NT_0000_P_00000(__a=17, __b=28), __b=NT_0000_P_00000(__a=63, __b=36))), __b=NT_0003_P_00000(__a=NT_0000_P_00000(__a=100, __b=43), __b=NT_0000_P_00000(__a=63, __b=36))), __b=NT_0003_P_00000(__a=NT_0000_P_00000(__a=5, __b=74), __b=NT_0000_P_00000(__a=88, __b=13))), __b=NT_0003_P_00001(__a=False)), __b=NT_0003_P_00000(__a=NT_0000_P_00000(__a=27, __b=32), __b=NT_0000_P_00000(__a=38, __b=71))), __b=NT_0003_P_00000(__a=NT_0000_P_00000(__a=56, __b=55), __b=NT_0000_P_00000(__a=26, __b=2))), __b=NT_0003_P_00000(__a=NT_0000_P_00000(__a=80, __b=77), __b=NT_0000_P_00000(__a=27, __b=32))), __b=NT_0003_P_00001(__a=True)), __b=NT_0003_P_00001(__a=True)), __b=NT_0003_P_00000(__a=NT_0000_P_00000(__a=86, __b=32), __b=NT_0000_P_00000(__a=86, __b=10))))"
356.0,14,40,21,6.692557096481323,30028,"NT_0006_P_00000(__a=NT_0005_P_00000(__a=NT_0005_P_00000(__a=NT_0005_P_00000(__a=NT_0005_P_00000(__a=NT_0005_P_00000(__a=NT_0005_P_00000(__a=NT_0005_P_00000(__a=NT_0005_P_00000(__a=NT_0005_P_00000(__a=NT_0005_P_00000(__a=NT_0005_P_00000(__a=NT_0005_P_00001(__a=69), __b=NT_0003_P_00000(__a=NT_0000_P_00000(__a=80, __b=24), __b=NT_0000_P_00000(__a=1, __b=4))), __b=NT_0003_P_00000(__a=NT_0000_P_00000(__a=17, __b=28), __b=NT_0000_P_00000(__a=63, __b=36))), __b=NT_0003_P_00000(__a=NT_0000_P_00000(__a=100, __b=43), __b=NT_0000_P_00000(__a=63, __b=36))), __b=NT_0003_P_00000(__a=NT_0000_P_00000(__a=5, __b=74), __b=NT_0000_P_00000(__a=88, __b=13))), __b=NT_0003_P_00001(__a=False)), __b=NT_0003_P_00000(__a=NT_0000_P_00000(__a=27, __b=32), __b=NT_0000_P_00000(__a=38, __b=71))), __b=NT_0003_P_00000(__a=NT_0000_P_00000(__a=56, __b=55), __b=NT_0000_P_00000(__a=26, __b=2))), __b=NT_0003_P_00000(__a=NT_0000_P_00000(__a=80, __b=77), __b=NT_0000_P_00000(__a=27, __b=32))), __b=NT_0003_P_00001(__a=True)), __b=NT_0003_P_00001(__a=True)), __b=NT_0003_P_00000(__a=NT_0000_P_00000(__a=80, __b=24), __b=NT_0000_P_00000(__a=1, __b=4))))"
356.0,14,40,22,6.864089488983154,30028,"NT_0006_P_00000(__a=NT_0005_P_00000(__a=NT_0005_P_00000(__a=NT_0005_P_00000(__a=NT_0005_P_00000(__a=NT_0005_P_00000(__a=NT_0005_P_00000(__a=NT_0005_P_00000(__a=NT_0005_P_00000(__a=NT_0005_P_00000(__a=NT_0005_P_00000(__a=NT_0005_P_00000(__a=NT_0005_P_00001(__a=69), __b=NT_0003_P_00000(__a=NT_0000_P_00000(__a=80, __b=24), __b=NT_0000_P_00000(__a=1, __b=4))), __b=NT_0003_P_00000(__a=NT_0000_P_00000(__a=17, __b=28), __b=NT_0000_P_00000(__a=63, __b=36))), __b=NT_0003_P_00000(__a=NT_0000_P_00000(__a=100, __b=43), __b=NT_0000_P_00000(__a=63, __b=36))), __b=NT_0003_P_00000(__a=NT_0000_P_00000(__a=5, __b=74), __b=NT_0000_P_00000(__a=88, __b=13))), __b=NT_0003_P_00001(__a=False)), __b=NT_0003_P_00000(__a=NT_0000_P_00000(__a=27, __b=32), __b=NT_0000_P_00000(__a=38, __b=71))), __b=NT_0003_P_00000(__a=NT_0000_P_00000(__a=56, __b=55), __b=NT_0000_P_00000(__a=26, __b=2))), __b=NT_0003_P_00000(__a=NT_0000_P_00000(__a=80, __b=77), __b=NT_0000_P_00000(__a=27, __b=32))), __b=NT_0003_P_00001(__a=True)), __b=NT_0003_P_00001(__a=True)), __b=NT_0003_P_00000(__a=NT_0000_P_00000(__a=80, __b=24), __b=NT_0000_P_00000(__a=1, __b=4))))"
356.0,14,40,23,7.0726118087768555,30028,"NT_0006_P_00000(__a=NT_0005_P_00000(__a=NT_0005_P_00000(__a=NT_0005_P_00000(__a=NT_0005_P_00000(__a=NT_0005_P_00000(__a=NT_0005_P_00000(__a=NT_0005_P_00000(__a=NT_0005_P_00000(__a=NT_0005_P_00000(__a=NT_0005_P_00000(__a=NT_0005_P_00000(__a=NT_0005_P_00001(__a=69), __b=NT_0003_P_00000(__a=NT_0000_P_00000(__a=80, __b=24), __b=NT_0000_P_00000(__a=1, __b=4))), __b=NT_0003_P_00000(__a=NT_0000_P_00000(__a=17, __b=28), __b=NT_0000_P_00000(__a=63, __b=36))), __b=NT_0003_P_00000(__a=NT_0000_P_00000(__a=100, __b=43), __b=NT_0000_P_00000(__a=63, __b=36))), __b=NT_0003_P_00000(__a=NT_0000_P_00000(__a=5, __b=74), __b=NT_0000_P_00000(__a=88, __b=13))), __b=NT_0003_P_00001(__a=False)), __b=NT_0003_P_00000(__a=NT_0000_P_00000(__a=27, __b=32), __b=NT_0000_P_00000(__a=38, __b=71))), __b=NT_0003_P_00000(__a=NT_0000_P_00000(__a=56, __b=55), __b=NT_0000_P_00000(__a=26, __b=2))), __b=NT_0003_P_00000(__a=NT_0000_P_00000(__a=80, __b=77), __b=NT_0000_P_00000(__a=27, __b=32))), __b=NT_0003_P_00001(__a=True)), __b=NT_0003_P_00001(__a=True)), __b=NT_0003_P_00000(__a=NT_0000_P_00000(__a=80, __b=24), __b=NT_0000_P_00000(__a=1, __b=4))))"
356.0,14,40,24,7.259575605392456,30028,"NT_0006_P_00000(__a=NT_0005_P_00000(__a=NT_0005_P_00000(__a=NT_0005_P_00000(__a=NT_0005_P_00000(__a=NT_0005_P_00000(__a=NT_0005_P_00000(__a=NT_0005_P_00000(__a=NT_0005_P_00000(__a=NT_0005_P_00000(__a=NT_0005_P_00000(__a=NT_0005_P_00000(__a=NT_0005_P_00001(__a=69), __b=NT_0003_P_00000(__a=NT_0000_P_00000(__a=80, __b=24), __b=NT_0000_P_00000(__a=1, __b=4))), __b=NT_0003_P_00000(__a=NT_0000_P_00000(__a=17, __b=28), __b=NT_0000_P_00000(__a=63, __b=36))), __b=NT_0003_P_00000(__a=NT_0000_P_00000(__a=100, __b=43), __b=NT_0000_P_00000(__a=63, __b=36))), __b=NT_0003_P_00000(__a=NT_0000_P_00000(__a=5, __b=74), __b=NT_0000_P_00000(__a=88, __b=13))), __b=NT_0003_P_00001(__a=False)), __b=NT_0003_P_00000(__a=NT_0000_P_00000(__a=27, __b=32), __b=NT_0000_P_00000(__a=38, __b=71))), __b=NT_0003_P_00000(__a=NT_0000_P_00000(__a=56, __b=55), __b=NT_0000_P_00000(__a=26, __b=2))), __b=NT_0003_P_00000(__a=NT_0000_P_00000(__a=80, __b=77), __b=NT_0000_P_00000(__a=27, __b=32))), __b=NT_0003_P_00001(__a=True)), __b=NT_0003_P_00001(__a=True)), __b=NT_0003_P_00000(__a=NT_0000_P_00000(__a=80, __b=24), __b=NT_0000_P_00000(__a=1, __b=4))))"
355.0,14,40,25,7.378383159637451,30028,"NT_0006_P_00000(__a=NT_0005_P_00000(__a=NT_0005_P_00000(__a=NT_0005_P_00000(__a=NT_0005_P_00000(__a=NT_0005_P_00000(__a=NT_0005_P_00000(__a=NT_0005_P_00000(__a=NT_0005_P_00000(__a=NT_0005_P_00000(__a=NT_0005_P_00000(__a=NT_0005_P_00000(__a=NT_0005_P_00001(__a=61), __b=NT_0003_P_00000(__a=NT_0000_P_00000(__a=80, __b=24), __b=NT_0000_P_00000(__a=1, __b=4))), __b=NT_0003_P_00000(__a=NT_0000_P_00000(__a=38, __b=71), __b=NT_0000_P_00000(__a=63, __b=36))), __b=NT_0003_P_00000(__a=NT_0000_P_00000(__a=80, __b=24), __b=NT_0000_P_00000(__a=1, __b=4))), __b=NT_0003_P_00000(__a=NT_0000_P_00000(__a=5, __b=74), __b=NT_0000_P_00000(__a=88, __b=13))), __b=NT_0003_P_00001(__a=False)), __b=NT_0003_P_00000(__a=NT_0000_P_00000(__a=27, __b=32), __b=NT_0000_P_00000(__a=38, __b=71))), __b=NT_0003_P_00000(__a=NT_0000_P_00000(__a=56, __b=55), __b=NT_0000_P_00000(__a=26, __b=2))), __b=NT_0003_P_00000(__a=NT_0000_P_00000(__a=69, __b=39), __b=NT_0000_P_00000(__a=27, __b=32))), __b=NT_0003_P_00001(__a=True)), __b=NT_0003_P_00001(__a=True)), __b=NT_0003_P_00000(__a=NT_0000_P_00000(__a=86, __b=32), __b=NT_0000_P_00000(__a=86, __b=10))))"
355.0,14,40,26,7.471818208694458,30028,"NT_0006_P_00000(__a=NT_0005_P_00000(__a=NT_0005_P_00000(__a=NT_0005_P_00000(__a=NT_0005_P_00000(__a=NT_0005_P_00000(__a=NT_0005_P_00000(__a=NT_0005_P_00000(__a=NT_0005_P_00000(__a=NT_0005_P_00000(__a=NT_0005_P_00000(__a=NT_0005_P_00000(__a=NT_0005_P_00001(__a=61), __b=NT_0003_P_00000(__a=NT_0000_P_00000(__a=80, __b=24), __b=NT_0000_P_00000(__a=1, __b=4))), __b=NT_0003_P_00000(__a=NT_0000_P_00000(__a=38, __b=71), __b=NT_0000_P_00000(__a=63, __b=36))), __b=NT_0003_P_00000(__a=NT_0000_P_00000(__a=80, __b=24), __b=NT_0000_P_00000(__a=1, __b=4))), __b=NT_0003_P_00000(__a=NT_0000_P_00000(__a=5, __b=74), __b=NT_0000_P_00000(__a=88, __b=13))), __b=NT_0003_P_00001(__a=False)), __b=NT_0003_P_00000(__a=NT_0000_P_00000(__a=27, __b=32), __b=NT_0000_P_00000(__a=38, __b=71))), __b=NT_0003_P_00000(__a=NT_0000_P_00000(__a=56, __b=55), __b=NT_0000_P_00000(__a=26, __b=2))), __b=NT_0003_P_00000(__a=NT_0000_P_00000(__a=69, __b=39), __b=NT_0000_P_00000(__a=27, __b=32))), __b=NT_0003_P_00001(__a=True)), __b=NT_0003_P_00001(__a=True)), __b=NT_0003_P_00000(__a=NT_0000_P_00000(__a=86, __b=32), __b=NT_0000_P_00000(__a=86, __b=10))))"
355.0,14,40,27,7.639389753341675,30028,"NT_0006_P_00000(__a=NT_0005_P_00000(__a=NT_0005_P_00000(__a=NT_0005_P_00000(__a=NT_0005_P_00000(__a=NT_0005_P_00000(__a=NT_0005_P_00000(__a=NT_0005_P_00000(__a=NT_0005_P_00000(__a=NT_0005_P_00000(__a=NT_0005_P_00000(__a=NT_0005_P_00000(__a=NT_0005_P_00001(__a=61), __b=NT_0003_P_00000(__a=NT_0000_P_00000(__a=80, __b=24), __b=NT_0000_P_00000(__a=1, __b=4))), __b=NT_0003_P_00000(__a=NT_0000_P_00000(__a=38, __b=71), __b=NT_0000_P_00000(__a=63, __b=36))), __b=NT_0003_P_00000(__a=NT_0000_P_00000(__a=80, __b=24), __b=NT_0000_P_00000(__a=1, __b=4))), __b=NT_0003_P_00000(__a=NT_0000_P_00000(__a=5, __b=74), __b=NT_0000_P_00000(__a=88, __b=13))), __b=NT_0003_P_00001(__a=False)), __b=NT_0003_P_00000(__a=NT_0000_P_00000(__a=27, __b=32), __b=NT_0000_P_00000(__a=38, __b=71))), __b=NT_0003_P_00000(__a=NT_0000_P_00000(__a=56, __b=55), __b=NT_0000_P_00000(__a=26, __b=2))), __b=NT_0003_P_00000(__a=NT_0000_P_00000(__a=69, __b=39), __b=NT_0000_P_00000(__a=27, __b=32))), __b=NT_0003_P_00001(__a=True)), __b=NT_0003_P_00001(__a=True)), __b=NT_0003_P_00000(__a=NT_0000_P_00000(__a=86, __b=32), __b=NT_0000_P_00000(__a=86, __b=10))))"
355.0,14,40,28,7.771848440170288,30028,"NT_0006_P_00000(__a=NT_0005_P_00000(__a=NT_0005_P_00000(__a=NT_0005_P_00000(__a=NT_0005_P_00000(__a=NT_0005_P_00000(__a=NT_0005_P_00000(__a=NT_0005_P_00000(__a=NT_0005_P_00000(__a=NT_0005_P_00000(__a=NT_0005_P_00000(__a=NT_0005_P_00000(__a=NT_0005_P_00001(__a=61), __b=NT_0003_P_00000(__a=NT_0000_P_00000(__a=80, __b=24), __b=NT_0000_P_00000(__a=1, __b=4))), __b=NT_0003_P_00000(__a=NT_0000_P_00000(__a=38, __b=71), __b=NT_0000_P_00000(__a=63, __b=36))), __b=NT_0003_P_00000(__a=NT_0000_P_00000(__a=80, __b=24), __b=NT_0000_P_00000(__a=1, __b=4))), __b=NT_0003_P_00000(__a=NT_0000_P_00000(__a=5, __b=74), __b=NT_0000_P_00000(__a=88, __b=13))), __b=NT_0003_P_00001(__a=False)), __b=NT_0003_P_00000(__a=NT_0000_P_00000(__a=27, __b=32), __b=NT_0000_P_00000(__a=38, __b=71))), __b=NT_0003_P_00000(__a=NT_0000_P_00000(__a=56, __b=55), __b=NT_0000_P_00000(__a=26, __b=2))), __b=NT_0003_P_00000(__a=NT_0000_P_00000(__a=69, __b=39), __b=NT_0000_P_00000(__a=27, __b=32))), __b=NT_0003_P_00001(__a=True)), __b=NT_0003_P_00001(__a=True)), __b=NT_0003_P_00000(__a=NT_0000_P_00000(__a=86, __b=32), __b=NT_0000_P_00000(__a=86, __b=10))))"
354.0,14,40,29,7.891597032546997,30028,"NT_0006_P_00000(__a=NT_0005_P_00000(__a=NT_0005_P_00000(__a=NT_0005_P_00000(__a=NT_0005_P_00000(__a=NT_0005_P_00000(__a=NT_0005_P_00000(__a=NT_0005_P_00000(__a=NT_0005_P_00000(__a=NT_0005_P_00000(__a=NT_0005_P_00000(__a=NT_0005_P_00000(__a=NT_0005_P_00001(__a=61), __b=NT_0003_P_00000(__a=NT_0000_P_00000(__a=80, __b=24), __b=NT_0000_P_00000(__a=1, __b=4))), __b=NT_0003_P_00000(__a=NT_0000_P_00000(__a=38, __b=71), __b=NT_0000_P_00000(__a=63, __b=36))), __b=NT_0003_P_00000(__a=NT_0000_P_00000(__a=51, __b=85), __b=NT_0000_P_00000(__a=1, __b=4))), __b=NT_0003_P_00000(__a=NT_0000_P_00000(__a=5, __b=74), __b=NT_0000_P_00000(__a=88, __b=13))), __b=NT_0003_P_00001(__a=False)), __b=NT_0003_P_00000(__a=NT_0000_P_00000(__a=88, __b=13), __b=NT_0000_P_00000(__a=38, __b=71))), __b=NT_0003_P_00000(__a=NT_0000_P_00000(__a=56, __b=55), __b=NT_0000_P_00000(__a=26, __b=2))), __b=NT_0003_P_00000(__a=NT_0000_P_00000(__a=69, __b=39), __b=NT_0000_P_00000(__a=27, __b=32))), __b=NT_0003_P_00001(__a=True)), __b=NT_0003_P_00001(__a=True)), __b=NT_0003_P_00000(__a=NT_0000_P_00000(__a=86, __b=32), __b=NT_0000_P_00000(__a=86, __b=10))))"
354.0,14,40,30,8.043267250061035,30028,"NT_0006_P_00000(__a=NT_0005_P_00000(__a=NT_0005_P_00000(__a=NT_0005_P_00000(__a=NT_0005_P_00000(__a=NT_0005_P_00000(__a=NT_0005_P_00000(__a=NT_0005_P_00000(__a=NT_0005_P_00000(__a=NT_0005_P_00000(__a=NT_0005_P_00000(__a=NT_0005_P_00000(__a=NT_0005_P_00001(__a=61), __b=NT_0003_P_00000(__a=NT_0000_P_00000(__a=80, __b=24), __b=NT_0000_P_00000(__a=1, __b=4))), __b=NT_0003_P_00000(__a=NT_0000_P_00000(__a=38, __b=71), __b=NT_0000_P_00000(__a=63, __b=36))), __b=NT_0003_P_00000(__a=NT_0000_P_00000(__a=51, __b=85), __b=NT_0000_P_00000(__a=1, __b=4))), __b=NT_0003_P_00000(__a=NT_0000_P_00000(__a=5, __b=74), __b=NT_0000_P_00000(__a=88, __b=13))), __b=NT_0003_P_00001(__a=False)), __b=NT_0003_P_00000(__a=NT_0000_P_00000(__a=88, __b=13), __b=NT_0000_P_00000(__a=38, __b=71))), __b=NT_0003_P_00000(__a=NT_0000_P_00000(__a=56, __b=55), __b=NT_0000_P_00000(__a=26, __b=2))), __b=NT_0003_P_00000(__a=NT_0000_P_00000(__a=69, __b=39), __b=NT_0000_P_00000(__a=27, __b=32))), __b=NT_0003_P_00001(__a=True)), __b=NT_0003_P_00001(__a=True)), __b=NT_0003_P_00000(__a=NT_0000_P_00000(__a=86, __b=32), __b=NT_0000_P_00000(__a=86, __b=10))))"
354.0,14,40,31,8.211477994918823,30028,"NT_0006_P_00000(__a=NT_0005_P_00000(__a=NT_0005_P_00000(__a=NT_0005_P_00000(__a=NT_0005_P_00000(__a=NT_0005_P_00000(__a=NT_0005_P_00000(__a=NT_0005_P_00000(__a=NT_0005_P_00000(__a=NT_0005_P_00000(__a=NT_0005_P_00000(__a=NT_0005_P_00000(__a=NT_0005_P_00001(__a=61), __b=NT_0003_P_00000(__a=NT_0000_P_00000(__a=80, __b=24), __b=NT_0000_P_00000(__a=1, __b=4))), __b=NT_0003_P_00000(__a=NT_0000_P_00000(__a=38, __b=71), __b=NT_0000_P_00000(__a=63, __b=36))), __b=NT_0003_P_00000(__a=NT_0000_P_00000(__a=51, __b=85), __b=NT_0000_P_00000(__a=1, __b=4))), __b=NT_0003_P_00000(__a=NT_0000_P_00000(__a=5, __b=74), __b=NT_0000_P_00000(__a=88, __b=13))), __b=NT_0003_P_00001(__a=False)), __b=NT_0003_P_00000(__a=NT_0000_P_00000(__a=88, __b=13), __b=NT_0000_P_00000(__a=38, __b=71))), __b=NT_0003_P_00000(__a=NT_0000_P_00000(__a=56, __b=55), __b=NT_0000_P_00000(__a=26, __b=2))), __b=NT_0003_P_00000(__a=NT_0000_P_00000(__a=69, __b=39), __b=NT_0000_P_00000(__a=27, __b=32))), __b=NT_0003_P_00001(__a=True)), __b=NT_0003_P_00001(__a=True)), __b=NT_0003_P_00000(__a=NT_0000_P_00000(__a=86, __b=32), __b=NT_0000_P_00000(__a=86, __b=10))))"
354.0,14,40,32,8.45365571975708,30028,"NT_0006_P_00000(__a=NT_0005_P_00000(__a=NT_0005_P_00000(__a=NT_0005_P_00000(__a=NT_0005_P_00000(__a=NT_0005_P_00000(__a=NT_0005_P_00000(__a=NT_0005_P_00000(__a=NT_0005_P_00000(__a=NT_0005_P_00000(__a=NT_0005_P_00000(__a=NT_0005_P_00000(__a=NT_0005_P_00001(__a=61), __b=NT_0003_P_00000(__a=NT_0000_P_00000(__a=80, __b=24), __b=NT_0000_P_00000(__a=1, __b=4))), __b=NT_0003_P_00000(__a=NT_0000_P_00000(__a=38, __b=71), __b=NT_0000_P_00000(__a=63, __b=36))), __b=NT_0003_P_00000(__a=NT_0000_P_00000(__a=51, __b=85), __b=NT_0000_P_00000(__a=1, __b=4))), __b=NT_0003_P_00000(__a=NT_0000_P_00000(__a=5, __b=74), __b=NT_0000_P_00000(__a=88, __b=13))), __b=NT_0003_P_00001(__a=False)), __b=NT_0003_P_00000(__a=NT_0000_P_00000(__a=88, __b=13), __b=NT_0000_P_00000(__a=38, __b=71))), __b=NT_0003_P_00000(__a=NT_0000_P_00000(__a=56, __b=55), __b=NT_0000_P_00000(__a=26, __b=2))), __b=NT_0003_P_00000(__a=NT_0000_P_00000(__a=69, __b=39), __b=NT_0000_P_00000(__a=27, __b=32))), __b=NT_0003_P_00001(__a=True)), __b=NT_0003_P_00001(__a=True)), __b=NT_0003_P_00000(__a=NT_0000_P_00000(__a=86, __b=32), __b=NT_0000_P_00000(__a=86, __b=10))))"
354.0,14,40,33,8.646065711975098,30028,"NT_0006_P_00000(__a=NT_0005_P_00000(__a=NT_0005_P_00000(__a=NT_0005_P_00000(__a=NT_0005_P_00000(__a=NT_0005_P_00000(__a=NT_0005_P_00000(__a=NT_0005_P_00000(__a=NT_0005_P_00000(__a=NT_0005_P_00000(__a=NT_0005_P_00000(__a=NT_0005_P_00000(__a=NT_0005_P_00001(__a=61), __b=NT_0003_P_00000(__a=NT_0000_P_00000(__a=80, __b=24), __b=NT_0000_P_00000(__a=1, __b=4))), __b=NT_0003_P_00000(__a=NT_0000_P_00000(__a=38, __b=71), __b=NT_0000_P_00000(__a=63, __b=36))), __b=NT_0003_P_00000(__a=NT_0000_P_00000(__a=51, __b=85), __b=NT_0000_P_00000(__a=1, __b=4))), __b=NT_0003_P_00000(__a=NT_0000_P_00000(__a=5, __b=74), __b=NT_0000_P_00000(__a=88, __b=13))), __b=NT_0003_P_00001(__a=False)), __b=NT_0003_P_00000(__a=NT_0000_P_00000(__a=88, __b=13), __b=NT_0000_P_00000(__a=38, __b=71))), __b=NT_0003_P_00000(__a=NT_0000_P_00000(__a=56, __b=55), __b=NT_0000_P_00000(__a=26, __b=2))), __b=NT_0003_P_00000(__a=NT_0000_P_00000(__a=69, __b=39), __b=NT_0000_P_00000(__a=27, __b=32))), __b=NT_0003_P_00001(__a=True)), __b=NT_0003_P_00001(__a=True)), __b=NT_0003_P_00000(__a=NT_0000_P_00000(__a=86, __b=32), __b=NT_0000_P_00000(__a=86, __b=10))))"
354.0,14,40,34,8.840653896331787,30028,"NT_0006_P_00000(__a=NT_0005_P_00000(__a=NT_0005_P_00000(__a=NT_0005_P_00000(__a=NT_0005_P_00000(__a=NT_0005_P_00000(__a=NT_0005_P_00000(__a=NT_0005_P_00000(__a=NT_0005_P_00000(__a=NT_0005_P_00000(__a=NT_0005_P_00000(__a=NT_0005_P_00000(__a=NT_0005_P_00001(__a=61), __b=NT_0003_P_00000(__a=NT_0000_P_00000(__a=80, __b=24), __b=NT_0000_P_00000(__a=1, __b=4))), __b=NT_0003_P_00000(__a=NT_0000_P_00000(__a=38, __b=71), __b=NT_0000_P_00000(__a=63, __b=36))), __b=NT_0003_P_00000(__a=NT_0000_P_00000(__a=51, __b=85), __b=NT_0000_P_00000(__a=1, __b=4))), __b=NT_0003_P_00000(__a=NT_0000_P_00000(__a=5, __b=74), __b=NT_0000_P_00000(__a=88, __b=13))), __b=NT_0003_P_00001(__a=False)), __b=NT_0003_P_00000(__a=NT_0000_P_00000(__a=88, __b=13), __b=NT_0000_P_00000(__a=38, __b=71))), __b=NT_0003_P_00000(__a=NT_0000_P_00000(__a=56, __b=55), __b=NT_0000_P_00000(__a=26, __b=2))), __b=NT_0003_P_00000(__a=NT_0000_P_00000(__a=69, __b=39), __b=NT_0000_P_00000(__a=27, __b=32))), __b=NT_0003_P_00001(__a=True)), __b=NT_0003_P_00001(__a=True)), __b=NT_0003_P_00000(__a=NT_0000_P_00000(__a=86, __b=32), __b=NT_0000_P_00000(__a=86, __b=10))))"
354.0,14,40,35,8.981362104415894,30028,"NT_0006_P_00000(__a=NT_0005_P_00000(__a=NT_0005_P_00000(__a=NT_0005_P_00000(__a=NT_0005_P_00000(__a=NT_0005_P_00000(__a=NT_0005_P_00000(__a=NT_0005_P_00000(__a=NT_0005_P_00000(__a=NT_0005_P_00000(__a=NT_0005_P_00000(__a=NT_0005_P_00000(__a=NT_0005_P_00001(__a=61), __b=NT_0003_P_00000(__a=NT_0000_P_00000(__a=80, __b=24), __b=NT_0000_P_00000(__a=1, __b=4))), __b=NT_0003_P_00000(__a=NT_0000_P_00000(__a=38, __b=71), __b=NT_0000_P_00000(__a=63, __b=36))), __b=NT_0003_P_00000(__a=NT_0000_P_00000(__a=51, __b=85), __b=NT_0000_P_00000(__a=1, __b=4))), __b=NT_0003_P_00000(__a=NT_0000_P_00000(__a=5, __b=74), __b=NT_0000_P_00000(__a=88, __b=13))), __b=NT_0003_P_00001(__a=False)), __b=NT_0003_P_00000(__a=NT_0000_P_00000(__a=88, __b=13), __b=NT_0000_P_00000(__a=38, __b=71))), __b=NT_0003_P_00000(__a=NT_0000_P_00000(__a=56, __b=55), __b=NT_0000_P_00000(__a=26, __b=2))), __b=NT_0003_P_00000(__a=NT_0000_P_00000(__a=69, __b=39), __b=NT_0000_P_00000(__a=27, __b=32))), __b=NT_0003_P_00001(__a=True)), __b=NT_0003_P_00001(__a=True)), __b=NT_0003_P_00000(__a=NT_0000_P_00000(__a=86, __b=32), __b=NT_0000_P_00000(__a=86, __b=10))))"
354.0,14,40,36,9.084571123123169,30028,"NT_0006_P_00000(__a=NT_0005_P_00000(__a=NT_0005_P_00000(__a=NT_0005_P_00000(__a=NT_0005_P_00000(__a=NT_0005_P_00000(__a=NT_0005_P_00000(__a=NT_0005_P_00000(__a=NT_0005_P_00000(__a=NT_0005_P_00000(__a=NT_0005_P_00000(__a=NT_0005_P_00000(__a=NT_0005_P_00001(__a=61), __b=NT_0003_P_00000(__a=NT_0000_P_00000(__a=80, __b=24), __b=NT_0000_P_00000(__a=1, __b=4))), __b=NT_0003_P_00000(__a=NT_0000_P_00000(__a=38, __b=71), __b=NT_0000_P_00000(__a=63, __b=36))), __b=NT_0003_P_00000(__a=NT_0000_P_00000(__a=51, __b=85), __b=NT_0000_P_00000(__a=1, __b=4))), __b=NT_0003_P_00000(__a=NT_0000_P_00000(__a=5, __b=74), __b=NT_0000_P_00000(__a=88, __b=13))), __b=NT_0003_P_00001(__a=False)), __b=NT_0003_P_00000(__a=NT_0000_P_00000(__a=88, __b=13), __b=NT_0000_P_00000(__a=38, __b=71))), __b=NT_0003_P_00000(__a=NT_0000_P_00000(__a=56, __b=55), __b=NT_0000_P_00000(__a=26, __b=2))), __b=NT_0003_P_00000(__a=NT_0000_P_00000(__a=69, __b=39), __b=NT_0000_P_00000(__a=27, __b=32))), __b=NT_0003_P_00001(__a=True)), __b=NT_0003_P_00001(__a=True)), __b=NT_0003_P_00000(__a=NT_0000_P_00000(__a=86, __b=32), __b=NT_0000_P_00000(__a=86, __b=10))))"
354.0,14,40,37,9.186099529266357,30028,"NT_0006_P_00000(__a=NT_0005_P_00000(__a=NT_0005_P_00000(__a=NT_0005_P_00000(__a=NT_0005_P_00000(__a=NT_0005_P_00000(__a=NT_0005_P_00000(__a=NT_0005_P_00000(__a=NT_0005_P_00000(__a=NT_0005_P_00000(__a=NT_0005_P_00000(__a=NT_0005_P_00000(__a=NT_0005_P_00001(__a=61), __b=NT_0003_P_00000(__a=NT_0000_P_00000(__a=80, __b=24), __b=NT_0000_P_00000(__a=1, __b=4))), __b=NT_0003_P_00000(__a=NT_0000_P_00000(__a=38, __b=71), __b=NT_0000_P_00000(__a=63, __b=36))), __b=NT_0003_P_00000(__a=NT_0000_P_00000(__a=51, __b=85), __b=NT_0000_P_00000(__a=1, __b=4))), __b=NT_0003_P_00000(__a=NT_0000_P_00000(__a=5, __b=74), __b=NT_0000_P_00000(__a=88, __b=13))), __b=NT_0003_P_00001(__a=False)), __b=NT_0003_P_00000(__a=NT_0000_P_00000(__a=88, __b=13), __b=NT_0000_P_00000(__a=38, __b=71))), __b=NT_0003_P_00000(__a=NT_0000_P_00000(__a=56, __b=55), __b=NT_0000_P_00000(__a=26, __b=2))), __b=NT_0003_P_00000(__a=NT_0000_P_00000(__a=69, __b=39), __b=NT_0000_P_00000(__a=27, __b=32))), __b=NT_0003_P_00001(__a=True)), __b=NT_0003_P_00001(__a=True)), __b=NT_0003_P_00000(__a=NT_0000_P_00000(__a=86, __b=32), __b=NT_0000_P_00000(__a=86, __b=10))))"
353.0,14,40,38,9.38371753692627,30028,"NT_0006_P_00000(__a=NT_0005_P_00000(__a=NT_0005_P_00000(__a=NT_0005_P_00000(__a=NT_0005_P_00000(__a=NT_0005_P_00000(__a=NT_0005_P_00000(__a=NT_0005_P_00000(__a=NT_0005_P_00000(__a=NT_0005_P_00000(__a=NT_0005_P_00000(__a=NT_0005_P_00000(__a=NT_0005_P_00001(__a=61), __b=NT_0003_P_00000(__a=NT_0000_P_00000(__a=80, __b=24), __b=NT_0000_P_00000(__a=1, __b=4))), __b=NT_0003_P_00000(__a=NT_0000_P_00000(__a=38, __b=71), __b=NT_0000_P_00000(__a=63, __b=36))), __b=NT_0003_P_00000(__a=NT_0000_P_00000(__a=51, __b=85), __b=NT_0000_P_00000(__a=1, __b=4))), __b=NT_0003_P_00000(__a=NT_0000_P_00000(__a=5, __b=74), __b=NT_0000_P_00000(__a=88, __b=13))), __b=NT_0003_P_00001(__a=False)), __b=NT_0003_P_00000(__a=NT_0000_P_00000(__a=88, __b=13), __b=NT_0000_P_00000(__a=38, __b=71))), __b=NT_0003_P_00000(__a=NT_0000_P_00000(__a=56, __b=55), __b=NT_0000_P_00000(__a=26, __b=2))), __b=NT_0003_P_00000(__a=NT_0000_P_00000(__a=56, __b=55), __b=NT_0000_P_00000(__a=26, __b=2))), __b=NT_0003_P_00001(__a=True)), __b=NT_0003_P_00001(__a=True)), __b=NT_0003_P_00000(__a=NT_0000_P_00000(__a=86, __b=32), __b=NT_0000_P_00000(__a=86, __b=10))))"
352.0,14,40,39,9.526607036590576,30028,"NT_0006_P_00000(__a=NT_0005_P_00000(__a=NT_0005_P_00000(__a=NT_0005_P_00000(__a=NT_0005_P_00000(__a=NT_0005_P_00000(__a=NT_0005_P_00000(__a=NT_0005_P_00000(__a=NT_0005_P_00000(__a=NT_0005_P_00000(__a=NT_0005_P_00000(__a=NT_0005_P_00000(__a=NT_0005_P_00001(__a=61), __b=NT_0003_P_00000(__a=NT_0000_P_00000(__a=80, __b=24), __b=NT_0000_P_00000(__a=1, __b=4))), __b=NT_0003_P_00000(__a=NT_0000_P_00000(__a=38, __b=71), __b=NT_0000_P_00000(__a=63, __b=36))), __b=NT_0003_P_00000(__a=NT_0000_P_00000(__a=51, __b=85), __b=NT_0000_P_00000(__a=1, __b=4))), __b=NT_0003_P_00000(__a=NT_0000_P_00000(__a=5, __b=74), __b=NT_0000_P_00000(__a=88, __b=13))), __b=NT_0003_P_00001(__a=False)), __b=NT_0003_P_00000(__a=NT_0000_P_00000(__a=88, __b=13), __b=NT_0000_P_00000(__a=38, __b=71))), __b=NT_0003_P_00000(__a=NT_0000_P_00000(__a=56, __b=55), __b=NT_0000_P_00000(__a=26, __b=2))), __b=NT_0003_P_00000(__a=NT_0000_P_00000(__a=56, __b=55), __b=NT_0000_P_00000(__a=26, __b=2))), __b=NT_0003_P_00001(__a=True)), __b=NT_0003_P_00001(__a=True)), __b=NT_0003_P_00000(__a=NT_0000_P_00000(__a=56, __b=55), __b=NT_0000_P_00000(__a=26, __b=2))))"
352.0,14,40,40,9.709052562713623,30028,"NT_0006_P_00000(__a=NT_0005_P_00000(__a=NT_0005_P_00000(__a=NT_0005_P_00000(__a=NT_0005_P_00000(__a=NT_0005_P_00000(__a=NT_0005_P_00000(__a=NT_0005_P_00000(__a=NT_0005_P_00000(__a=NT_0005_P_00000(__a=NT_0005_P_00000(__a=NT_0005_P_00000(__a=NT_0005_P_00001(__a=61), __b=NT_0003_P_00000(__a=NT_0000_P_00000(__a=80, __b=24), __b=NT_0000_P_00000(__a=1, __b=4))), __b=NT_0003_P_00000(__a=NT_0000_P_00000(__a=38, __b=71), __b=NT_0000_P_00000(__a=63, __b=36))), __b=NT_0003_P_00000(__a=NT_0000_P_00000(__a=51, __b=85), __b=NT_0000_P_00000(__a=1, __b=4))), __b=NT_0003_P_00000(__a=NT_0000_P_00000(__a=5, __b=74), __b=NT_0000_P_00000(__a=88, __b=13))), __b=NT_0003_P_00001(__a=False)), __b=NT_0003_P_00000(__a=NT_0000_P_00000(__a=88, __b=13), __b=NT_0000_P_00000(__a=38, __b=71))), __b=NT_0003_P_00000(__a=NT_0000_P_00000(__a=56, __b=55), __b=NT_0000_P_00000(__a=26, __b=2))), __b=NT_0003_P_00000(__a=NT_0000_P_00000(__a=56, __b=55), __b=NT_0000_P_00000(__a=26, __b=2))), __b=NT_0003_P_00001(__a=True)), __b=NT_0003_P_00001(__a=True)), __b=NT_0003_P_00000(__a=NT_0000_P_00000(__a=56, __b=55), __b=NT_0000_P_00000(__a=26, __b=2))))"
352.0,14,40,41,9.80336618423462,30028,"NT_0006_P_00000(__a=NT_0005_P_00000(__a=NT_0005_P_00000(__a=NT_0005_P_00000(__a=NT_0005_P_00000(__a=NT_0005_P_00000(__a=NT_0005_P_00000(__a=NT_0005_P_00000(__a=NT_0005_P_00000(__a=NT_0005_P_00000(__a=NT_0005_P_00000(__a=NT_0005_P_00000(__a=NT_0005_P_00001(__a=61), __b=NT_0003_P_00000(__a=NT_0000_P_00000(__a=80, __b=24), __b=NT_0000_P_00000(__a=1, __b=4))), __b=NT_0003_P_00000(__a=NT_0000_P_00000(__a=38, __b=71), __b=NT_0000_P_00000(__a=63, __b=36))), __b=NT_0003_P_00000(__a=NT_0000_P_00000(__a=51, __b=85), __b=NT_0000_P_00000(__a=1, __b=4))), __b=NT_0003_P_00000(__a=NT_0000_P_00000(__a=5, __b=74), __b=NT_0000_P_00000(__a=88, __b=13))), __b=NT_0003_P_00001(__a=False)), __b=NT_0003_P_00000(__a=NT_0000_P_00000(__a=88, __b=13), __b=NT_0000_P_00000(__a=38, __b=71))), __b=NT_0003_P_00000(__a=NT_0000_P_00000(__a=56, __b=55), __b=NT_0000_P_00000(__a=26, __b=2))), __b=NT_0003_P_00000(__a=NT_0000_P_00000(__a=56, __b=55), __b=NT_0000_P_00000(__a=26, __b=2))), __b=NT_0003_P_00001(__a=True)), __b=NT_0003_P_00001(__a=True)), __b=NT_0003_P_00000(__a=NT_0000_P_00000(__a=56, __b=55), __b=NT_0000_P_00000(__a=26, __b=2))))"
352.0,14,40,42,9.922592878341675,30028,"NT_0006_P_00000(__a=NT_0005_P_00000(__a=NT_0005_P_00000(__a=NT_0005_P_00000(__a=NT_0005_P_00000(__a=NT_0005_P_00000(__a=NT_0005_P_00000(__a=NT_0005_P_00000(__a=NT_0005_P_00000(__a=NT_0005_P_00000(__a=NT_0005_P_00000(__a=NT_0005_P_00000(__a=NT_0005_P_00001(__a=61), __b=NT_0003_P_00000(__a=NT_0000_P_00000(__a=80, __b=24), __b=NT_0000_P_00000(__a=1, __b=4))), __b=NT_0003_P_00000(__a=NT_0000_P_00000(__a=38, __b=71), __b=NT_0000_P_00000(__a=63, __b=36))), __b=NT_0003_P_00000(__a=NT_0000_P_00000(__a=51, __b=85), __b=NT_0000_P_00000(__a=1, __b=4))), __b=NT_0003_P_00000(__a=NT_0000_P_00000(__a=5, __b=74), __b=NT_0000_P_00000(__a=88, __b=13))), __b=NT_0003_P_00001(__a=False)), __b=NT_0003_P_00000(__a=NT_0000_P_00000(__a=88, __b=13), __b=NT_0000_P_00000(__a=38, __b=71))), __b=NT_0003_P_00000(__a=NT_0000_P_00000(__a=56, __b=55), __b=NT_0000_P_00000(__a=26, __b=2))), __b=NT_0003_P_00000(__a=NT_0000_P_00000(__a=56, __b=55), __b=NT_0000_P_00000(__a=26, __b=2))), __b=NT_0003_P_00001(__a=True)), __b=NT_0003_P_00001(__a=True)), __b=NT_0003_P_00000(__a=NT_0000_P_00000(__a=56, __b=55), __b=NT_0000_P_00000(__a=26, __b=2))))"
352.0,14,40,43,10.016455888748169,30028,"NT_0006_P_00000(__a=NT_0005_P_00000(__a=NT_0005_P_00000(__a=NT_0005_P_00000(__a=NT_0005_P_00000(__a=NT_0005_P_00000(__a=NT_0005_P_00000(__a=NT_0005_P_00000(__a=NT_0005_P_00000(__a=NT_0005_P_00000(__a=NT_0005_P_00000(__a=NT_0005_P_00000(__a=NT_0005_P_00001(__a=61), __b=NT_0003_P_00000(__a=NT_0000_P_00000(__a=80, __b=24), __b=NT_0000_P_00000(__a=1, __b=4))), __b=NT_0003_P_00000(__a=NT_0000_P_00000(__a=38, __b=71), __b=NT_0000_P_00000(__a=63, __b=36))), __b=NT_0003_P_00000(__a=NT_0000_P_00000(__a=51, __b=85), __b=NT_0000_P_00000(__a=1, __b=4))), __b=NT_0003_P_00000(__a=NT_0000_P_00000(__a=5, __b=74), __b=NT_0000_P_00000(__a=88, __b=13))), __b=NT_0003_P_00001(__a=False)), __b=NT_0003_P_00000(__a=NT_0000_P_00000(__a=88, __b=13), __b=NT_0000_P_00000(__a=38, __b=71))), __b=NT_0003_P_00000(__a=NT_0000_P_00000(__a=56, __b=55), __b=NT_0000_P_00000(__a=26, __b=2))), __b=NT_0003_P_00000(__a=NT_0000_P_00000(__a=56, __b=55), __b=NT_0000_P_00000(__a=26, __b=2))), __b=NT_0003_P_00001(__a=True)), __b=NT_0003_P_00001(__a=True)), __b=NT_0003_P_00000(__a=NT_0000_P_00000(__a=56, __b=55), __b=NT_0000_P_00000(__a=26, __b=2))))"
352.0,14,40,44,10.100814580917358,30028,"NT_0006_P_00000(__a=NT_0005_P_00000(__a=NT_0005_P_00000(__a=NT_0005_P_00000(__a=NT_0005_P_00000(__a=NT_0005_P_00000(__a=NT_0005_P_00000(__a=NT_0005_P_00000(__a=NT_0005_P_00000(__a=NT_0005_P_00000(__a=NT_0005_P_00000(__a=NT_0005_P_00000(__a=NT_0005_P_00001(__a=61), __b=NT_0003_P_00000(__a=NT_0000_P_00000(__a=80, __b=24), __b=NT_0000_P_00000(__a=1, __b=4))), __b=NT_0003_P_00000(__a=NT_0000_P_00000(__a=38, __b=71), __b=NT_0000_P_00000(__a=63, __b=36))), __b=NT_0003_P_00000(__a=NT_0000_P_00000(__a=51, __b=85), __b=NT_0000_P_00000(__a=1, __b=4))), __b=NT_0003_P_00000(__a=NT_0000_P_00000(__a=5, __b=74), __b=NT_0000_P_00000(__a=88, __b=13))), __b=NT_0003_P_00001(__a=False)), __b=NT_0003_P_00000(__a=NT_0000_P_00000(__a=88, __b=13), __b=NT_0000_P_00000(__a=38, __b=71))), __b=NT_0003_P_00000(__a=NT_0000_P_00000(__a=56, __b=55), __b=NT_0000_P_00000(__a=26, __b=2))), __b=NT_0003_P_00000(__a=NT_0000_P_00000(__a=56, __b=55), __b=NT_0000_P_00000(__a=26, __b=2))), __b=NT_0003_P_00001(__a=True)), __b=NT_0003_P_00001(__a=True)), __b=NT_0003_P_00000(__a=NT_0000_P_00000(__a=56, __b=55), __b=NT_0000_P_00000(__a=26, __b=2))))"
352.0,14,40,45,10.194292068481445,30028,"NT_0006_P_00000(__a=NT_0005_P_00000(__a=NT_0005_P_00000(__a=NT_0005_P_00000(__a=NT_0005_P_00000(__a=NT_0005_P_00000(__a=NT_0005_P_00000(__a=NT_0005_P_00000(__a=NT_0005_P_00000(__a=NT_0005_P_00000(__a=NT_0005_P_00000(__a=NT_0005_P_00000(__a=NT_0005_P_00001(__a=61), __b=NT_0003_P_00000(__a=NT_0000_P_00000(__a=80, __b=24), __b=NT_0000_P_00000(__a=1, __b=4))), __b=NT_0003_P_00000(__a=NT_0000_P_00000(__a=38, __b=71), __b=NT_0000_P_00000(__a=63, __b=36))), __b=NT_0003_P_00000(__a=NT_0000_P_00000(__a=51, __b=85), __b=NT_0000_P_00000(__a=1, __b=4))), __b=NT_0003_P_00000(__a=NT_0000_P_00000(__a=5, __b=74), __b=NT_0000_P_00000(__a=88, __b=13))), __b=NT_0003_P_00001(__a=False)), __b=NT_0003_P_00000(__a=NT_0000_P_00000(__a=88, __b=13), __b=NT_0000_P_00000(__a=38, __b=71))), __b=NT_0003_P_00000(__a=NT_0000_P_00000(__a=56, __b=55), __b=NT_0000_P_00000(__a=26, __b=2))), __b=NT_0003_P_00000(__a=NT_0000_P_00000(__a=56, __b=55), __b=NT_0000_P_00000(__a=26, __b=2))), __b=NT_0003_P_00001(__a=True)), __b=NT_0003_P_00001(__a=True)), __b=NT_0003_P_00000(__a=NT_0000_P_00000(__a=56, __b=55), __b=NT_0000_P_00000(__a=26, __b=2))))"
352.0,14,40,46,10.332963228225708,30028,"NT_0006_P_00000(__a=NT_0005_P_00000(__a=NT_0005_P_00000(__a=NT_0005_P_00000(__a=NT_0005_P_00000(__a=NT_0005_P_00000(__a=NT_0005_P_00000(__a=NT_0005_P_00000(__a=NT_0005_P_00000(__a=NT_0005_P_00000(__a=NT_0005_P_00000(__a=NT_0005_P_00000(__a=NT_0005_P_00001(__a=61), __b=NT_0003_P_00000(__a=NT_0000_P_00000(__a=80, __b=24), __b=NT_0000_P_00000(__a=1, __b=4))), __b=NT_0003_P_00000(__a=NT_0000_P_00000(__a=38, __b=71), __b=NT_0000_P_00000(__a=63, __b=36))), __b=NT_0003_P_00000(__a=NT_0000_P_00000(__a=51, __b=85), __b=NT_0000_P_00000(__a=1, __b=4))), __b=NT_0003_P_00000(__a=NT_0000_P_00000(__a=5, __b=74), __b=NT_0000_P_00000(__a=88, __b=13))), __b=NT_0003_P_00001(__a=False)), __b=NT_0003_P_00000(__a=NT_0000_P_00000(__a=88, __b=13), __b=NT_0000_P_00000(__a=38, __b=71))), __b=NT_0003_P_00000(__a=NT_0000_P_00000(__a=56, __b=55), __b=NT_0000_P_00000(__a=26, __b=2))), __b=NT_0003_P_00000(__a=NT_0000_P_00000(__a=56, __b=55), __b=NT_0000_P_00000(__a=26, __b=2))), __b=NT_0003_P_00001(__a=True)), __b=NT_0003_P_00001(__a=True)), __b=NT_0003_P_00000(__a=NT_0000_P_00000(__a=56, __b=55), __b=NT_0000_P_00000(__a=26, __b=2))))"
352.0,14,40,47,10.442739725112915,30028,"NT_0006_P_00000(__a=NT_0005_P_00000(__a=NT_0005_P_00000(__a=NT_0005_P_00000(__a=NT_0005_P_00000(__a=NT_0005_P_00000(__a=NT_0005_P_00000(__a=NT_0005_P_00000(__a=NT_0005_P_00000(__a=NT_0005_P_00000(__a=NT_0005_P_00000(__a=NT_0005_P_00000(__a=NT_0005_P_00001(__a=61), __b=NT_0003_P_00000(__a=NT_0000_P_00000(__a=80, __b=24), __b=NT_0000_P_00000(__a=1, __b=4))), __b=NT_0003_P_00000(__a=NT_0000_P_00000(__a=38, __b=71), __b=NT_0000_P_00000(__a=63, __b=36))), __b=NT_0003_P_00000(__a=NT_0000_P_00000(__a=51, __b=85), __b=NT_0000_P_00000(__a=1, __b=4))), __b=NT_0003_P_00000(__a=NT_0000_P_00000(__a=5, __b=74), __b=NT_0000_P_00000(__a=88, __b=13))), __b=NT_0003_P_00001(__a=False)), __b=NT_0003_P_00000(__a=NT_0000_P_00000(__a=88, __b=13), __b=NT_0000_P_00000(__a=38, __b=71))), __b=NT_0003_P_00000(__a=NT_0000_P_00000(__a=56, __b=55), __b=NT_0000_P_00000(__a=26, __b=2))), __b=NT_0003_P_00000(__a=NT_0000_P_00000(__a=56, __b=55), __b=NT_0000_P_00000(__a=26, __b=2))), __b=NT_0003_P_00001(__a=True)), __b=NT_0003_P_00001(__a=True)), __b=NT_0003_P_00000(__a=NT_0000_P_00000(__a=56, __b=55), __b=NT_0000_P_00000(__a=26, __b=2))))"
352.0,14,40,48,10.571584463119507,30028,"NT_0006_P_00000(__a=NT_0005_P_00000(__a=NT_0005_P_00000(__a=NT_0005_P_00000(__a=NT_0005_P_00000(__a=NT_0005_P_00000(__a=NT_0005_P_00000(__a=NT_0005_P_00000(__a=NT_0005_P_00000(__a=NT_0005_P_00000(__a=NT_0005_P_00000(__a=NT_0005_P_00000(__a=NT_0005_P_00001(__a=61), __b=NT_0003_P_00000(__a=NT_0000_P_00000(__a=80, __b=24), __b=NT_0000_P_00000(__a=1, __b=4))), __b=NT_0003_P_00000(__a=NT_0000_P_00000(__a=38, __b=71), __b=NT_0000_P_00000(__a=63, __b=36))), __b=NT_0003_P_00000(__a=NT_0000_P_00000(__a=51, __b=85), __b=NT_0000_P_00000(__a=1, __b=4))), __b=NT_0003_P_00000(__a=NT_0000_P_00000(__a=5, __b=74), __b=NT_0000_P_00000(__a=88, __b=13))), __b=NT_0003_P_00001(__a=False)), __b=NT_0003_P_00000(__a=NT_0000_P_00000(__a=88, __b=13), __b=NT_0000_P_00000(__a=38, __b=71))), __b=NT_0003_P_00000(__a=NT_0000_P_00000(__a=56, __b=55), __b=NT_0000_P_00000(__a=26, __b=2))), __b=NT_0003_P_00000(__a=NT_0000_P_00000(__a=56, __b=55), __b=NT_0000_P_00000(__a=26, __b=2))), __b=NT_0003_P_00001(__a=True)), __b=NT_0003_P_00001(__a=True)), __b=NT_0003_P_00000(__a=NT_0000_P_00000(__a=56, __b=55), __b=NT_0000_P_00000(__a=26, __b=2))))"
350.0,14,40,49,10.679091691970825,30028,"NT_0006_P_00000(__a=NT_0005_P_00000(__a=NT_0005_P_00000(__a=NT_0005_P_00000(__a=NT_0005_P_00000(__a=NT_0005_P_00000(__a=NT_0005_P_00000(__a=NT_0005_P_00000(__a=NT_0005_P_00000(__a=NT_0005_P_00000(__a=NT_0005_P_00000(__a=NT_0005_P_00000(__a=NT_0005_P_00001(__a=68), __b=NT_0003_P_00000(__a=NT_0000_P_00000(__a=80, __b=24), __b=NT_0000_P_00000(__a=1, __b=4))), __b=NT_0003_P_00000(__a=NT_0000_P_00000(__a=56, __b=55), __b=NT_0000_P_00000(__a=26, __b=2))), __b=NT_0003_P_00000(__a=NT_0000_P_00000(__a=49, __b=7), __b=NT_0000_P_00000(__a=60, __b=21))), __b=NT_0003_P_00000(__a=NT_0000_P_00000(__a=5, __b=74), __b=NT_0000_P_00000(__a=63, __b=36))), __b=NT_0003_P_00001(__a=False)), __b=NT_0003_P_00000(__a=NT_0000_P_00000(__a=88, __b=13), __b=NT_0000_P_00000(__a=38, __b=71))), __b=NT_0003_P_00000(__a=NT_0000_P_00000(__a=31, __b=72), __b=NT_0000_P_00000(__a=88, __b=81))), __b=NT_0003_P_00000(__a=NT_0000_P_00000(__a=56, __b=55), __b=NT_0000_P_00000(__a=26, __b=2))), __b=NT_0003_P_00001(__a=True)), __b=NT_0003_P_00001(__a=True)), __b=NT_0003_P_00000(__a=NT_0000_P_00000(__a=56, __b=55), __b=NT_0000_P_00000(__a=26, __b=2))))"
350.0,14,40,50,10.788253545761108,30028,"NT_0006_P_00000(__a=NT_0005_P_00000(__a=NT_0005_P_00000(__a=NT_0005_P_00000(__a=NT_0005_P_00000(__a=NT_0005_P_00000(__a=NT_0005_P_00000(__a=NT_0005_P_00000(__a=NT_0005_P_00000(__a=NT_0005_P_00000(__a=NT_0005_P_00000(__a=NT_0005_P_00000(__a=NT_0005_P_00001(__a=68), __b=NT_0003_P_00000(__a=NT_0000_P_00000(__a=80, __b=24), __b=NT_0000_P_00000(__a=1, __b=4))), __b=NT_0003_P_00000(__a=NT_0000_P_00000(__a=56, __b=55), __b=NT_0000_P_00000(__a=26, __b=2))), __b=NT_0003_P_00000(__a=NT_0000_P_00000(__a=49, __b=7), __b=NT_0000_P_00000(__a=60, __b=21))), __b=NT_0003_P_00000(__a=NT_0000_P_00000(__a=5, __b=74), __b=NT_0000_P_00000(__a=63, __b=36))), __b=NT_0003_P_00001(__a=False)), __b=NT_0003_P_00000(__a=NT_0000_P_00000(__a=88, __b=13), __b=NT_0000_P_00000(__a=38, __b=71))), __b=NT_0003_P_00000(__a=NT_0000_P_00000(__a=31, __b=72), __b=NT_0000_P_00000(__a=88, __b=81))), __b=NT_0003_P_00000(__a=NT_0000_P_00000(__a=56, __b=55), __b=NT_0000_P_00000(__a=26, __b=2))), __b=NT_0003_P_00001(__a=True)), __b=NT_0003_P_00001(__a=True)), __b=NT_0003_P_00000(__a=NT_0000_P_00000(__a=56, __b=55), __b=NT_0000_P_00000(__a=26, __b=2))))"
350.0,14,40,51,10.891517877578735,30028,"NT_0006_P_00000(__a=NT_0005_P_00000(__a=NT_0005_P_00000(__a=NT_0005_P_00000(__a=NT_0005_P_00000(__a=NT_0005_P_00000(__a=NT_0005_P_00000(__a=NT_0005_P_00000(__a=NT_0005_P_00000(__a=NT_0005_P_00000(__a=NT_0005_P_00000(__a=NT_0005_P_00000(__a=NT_0005_P_00001(__a=68), __b=NT_0003_P_00000(__a=NT_0000_P_00000(__a=80, __b=24), __b=NT_0000_P_00000(__a=1, __b=4))), __b=NT_0003_P_00000(__a=NT_0000_P_00000(__a=56, __b=55), __b=NT_0000_P_00000(__a=26, __b=2))), __b=NT_0003_P_00000(__a=NT_0000_P_00000(__a=49, __b=7), __b=NT_0000_P_00000(__a=60, __b=21))), __b=NT_0003_P_00000(__a=NT_0000_P_00000(__a=5, __b=74), __b=NT_0000_P_00000(__a=63, __b=36))), __b=NT_0003_P_00001(__a=False)), __b=NT_0003_P_00000(__a=NT_0000_P_00000(__a=88, __b=13), __b=NT_0000_P_00000(__a=38, __b=71))), __b=NT_0003_P_00000(__a=NT_0000_P_00000(__a=31, __b=72), __b=NT_0000_P_00000(__a=88, __b=81))), __b=NT_0003_P_00000(__a=NT_0000_P_00000(__a=56, __b=55), __b=NT_0000_P_00000(__a=26, __b=2))), __b=NT_0003_P_00001(__a=True)), __b=NT_0003_P_00001(__a=True)), __b=NT_0003_P_00000(__a=NT_0000_P_00000(__a=56, __b=55), __b=NT_0000_P_00000(__a=26, __b=2))))"
350.0,14,40,52,10.972085237503052,30028,"NT_0006_P_00000(__a=NT_0005_P_00000(__a=NT_0005_P_00000(__a=NT_0005_P_00000(__a=NT_0005_P_00000(__a=NT_0005_P_00000(__a=NT_0005_P_00000(__a=NT_0005_P_00000(__a=NT_0005_P_00000(__a=NT_0005_P_00000(__a=NT_0005_P_00000(__a=NT_0005_P_00000(__a=NT_0005_P_00001(__a=68), __b=NT_0003_P_00000(__a=NT_0000_P_00000(__a=80, __b=24), __b=NT_0000_P_00000(__a=1, __b=4))), __b=NT_0003_P_00000(__a=NT_0000_P_00000(__a=56, __b=55), __b=NT_0000_P_00000(__a=26, __b=2))), __b=NT_0003_P_00000(__a=NT_0000_P_00000(__a=49, __b=7), __b=NT_0000_P_00000(__a=60, __b=21))), __b=NT_0003_P_00000(__a=NT_0000_P_00000(__a=5, __b=74), __b=NT_0000_P_00000(__a=63, __b=36))), __b=NT_0003_P_00001(__a=False)), __b=NT_0003_P_00000(__a=NT_0000_P_00000(__a=88, __b=13), __b=NT_0000_P_00000(__a=38, __b=71))), __b=NT_0003_P_00000(__a=NT_0000_P_00000(__a=31, __b=72), __b=NT_0000_P_00000(__a=88, __b=81))), __b=NT_0003_P_00000(__a=NT_0000_P_00000(__a=56, __b=55), __b=NT_0000_P_00000(__a=26, __b=2))), __b=NT_0003_P_00001(__a=True)), __b=NT_0003_P_00001(__a=True)), __b=NT_0003_P_00000(__a=NT_0000_P_00000(__a=56, __b=55), __b=NT_0000_P_00000(__a=26, __b=2))))"
350.0,14,40,53,11.155861616134644,30028,"NT_0006_P_00000(__a=NT_0005_P_00000(__a=NT_0005_P_00000(__a=NT_0005_P_00000(__a=NT_0005_P_00000(__a=NT_0005_P_00000(__a=NT_0005_P_00000(__a=NT_0005_P_00000(__a=NT_0005_P_00000(__a=NT_0005_P_00000(__a=NT_0005_P_00000(__a=NT_0005_P_00000(__a=NT_0005_P_00001(__a=68), __b=NT_0003_P_00000(__a=NT_0000_P_00000(__a=80, __b=24), __b=NT_0000_P_00000(__a=1, __b=4))), __b=NT_0003_P_00000(__a=NT_0000_P_00000(__a=56, __b=55), __b=NT_0000_P_00000(__a=26, __b=2))), __b=NT_0003_P_00000(__a=NT_0000_P_00000(__a=49, __b=7), __b=NT_0000_P_00000(__a=60, __b=21))), __b=NT_0003_P_00000(__a=NT_0000_P_00000(__a=5, __b=74), __b=NT_0000_P_00000(__a=63, __b=36))), __b=NT_0003_P_00001(__a=False)), __b=NT_0003_P_00000(__a=NT_0000_P_00000(__a=88, __b=13), __b=NT_0000_P_00000(__a=38, __b=71))), __b=NT_0003_P_00000(__a=NT_0000_P_00000(__a=31, __b=72), __b=NT_0000_P_00000(__a=88, __b=81))), __b=NT_0003_P_00000(__a=NT_0000_P_00000(__a=56, __b=55), __b=NT_0000_P_00000(__a=26, __b=2))), __b=NT_0003_P_00001(__a=True)), __b=NT_0003_P_00001(__a=True)), __b=NT_0003_P_00000(__a=NT_0000_P_00000(__a=56, __b=55), __b=NT_0000_P_00000(__a=26, __b=2))))"
349.0,14,40,54,11.268051147460938,30028,"NT_0006_P_00000(__a=NT_0005_P_00000(__a=NT_0005_P_00000(__a=NT_0005_P_00000(__a=NT_0005_P_00000(__a=NT_0005_P_00000(__a=NT_0005_P_00000(__a=NT_0005_P_00000(__a=NT_0005_P_00000(__a=NT_0005_P_00000(__a=NT_0005_P_00000(__a=NT_0005_P_00000(__a=NT_0005_P_00001(__a=47), __b=NT_0003_P_00000(__a=NT_0000_P_00000(__a=56, __b=55), __b=NT_0000_P_00000(__a=1, __b=4))), __b=NT_0003_P_00000(__a=NT_0000_P_00000(__a=56, __b=55), __b=NT_0000_P_00000(__a=26, __b=2))), __b=NT_0003_P_00000(__a=NT_0000_P_00000(__a=50, __b=34), __b=NT_0000_P_00000(__a=1, __b=4))), __b=NT_0003_P_00000(__a=NT_0000_P_00000(__a=26, __b=2), __b=NT_0000_P_00000(__a=88, __b=13))), __b=NT_0003_P_00001(__a=False)), __b=NT_0003_P_00000(__a=NT_0000_P_00000(__a=26, __b=2), __b=NT_0000_P_00000(__a=38, __b=71))), __b=NT_0003_P_00000(__a=NT_0000_P_00000(__a=31, __b=72), __b=NT_0000_P_00000(__a=88, __b=81))), __b=NT_0003_P_00000(__a=NT_0000_P_00000(__a=2, __b=56), __b=NT_0000_P_00000(__a=1, __b=4))), __b=NT_0003_P_00001(__a=True)), __b=NT_0003_P_00001(__a=True)), __b=NT_0003_P_00000(__a=NT_0000_P_00000(__a=1, __b=4), __b=NT_0000_P_00000(__a=26, __b=2))))"
349.0,14,40,55,11.385295152664185,30028,"NT_0006_P_00000(__a=NT_0005_P_00000(__a=NT_0005_P_00000(__a=NT_0005_P_00000(__a=NT_0005_P_00000(__a=NT_0005_P_00000(__a=NT_0005_P_00000(__a=NT_0005_P_00000(__a=NT_0005_P_00000(__a=NT_0005_P_00000(__a=NT_0005_P_00000(__a=NT_0005_P_00000(__a=NT_0005_P_00001(__a=47), __b=NT_0003_P_00000(__a=NT_0000_P_00000(__a=56, __b=55), __b=NT_0000_P_00000(__a=1, __b=4))), __b=NT_0003_P_00000(__a=NT_0000_P_00000(__a=56, __b=55), __b=NT_0000_P_00000(__a=26, __b=2))), __b=NT_0003_P_00000(__a=NT_0000_P_00000(__a=50, __b=34), __b=NT_0000_P_00000(__a=1, __b=4))), __b=NT_0003_P_00000(__a=NT_0000_P_00000(__a=26, __b=2), __b=NT_0000_P_00000(__a=88, __b=13))), __b=NT_0003_P_00001(__a=False)), __b=NT_0003_P_00000(__a=NT_0000_P_00000(__a=26, __b=2), __b=NT_0000_P_00000(__a=38, __b=71))), __b=NT_0003_P_00000(__a=NT_0000_P_00000(__a=31, __b=72), __b=NT_0000_P_00000(__a=88, __b=81))), __b=NT_0003_P_00000(__a=NT_0000_P_00000(__a=2, __b=56), __b=NT_0000_P_00000(__a=1, __b=4))), __b=NT_0003_P_00001(__a=True)), __b=NT_0003_P_00001(__a=True)), __b=NT_0003_P_00000(__a=NT_0000_P_00000(__a=1, __b=4), __b=NT_0000_P_00000(__a=26, __b=2))))"
347.0,14,40,56,11.473728656768799,30028,"NT_0006_P_00000(__a=NT_0005_P_00000(__a=NT_0005_P_00000(__a=NT_0005_P_00000(__a=NT_0005_P_00000(__a=NT_0005_P_00000(__a=NT_0005_P_00000(__a=NT_0005_P_00000(__a=NT_0005_P_00000(__a=NT_0005_P_00000(__a=NT_0005_P_00000(__a=NT_0005_P_00000(__a=NT_0005_P_00001(__a=56), __b=NT_0003_P_00000(__a=NT_0000_P_00000(__a=80, __b=24), __b=NT_0000_P_00000(__a=1, __b=4))), __b=NT_0003_P_00000(__a=NT_0000_P_00000(__a=56, __b=55), __b=NT_0000_P_00000(__a=26, __b=2))), __b=NT_0003_P_00000(__a=NT_0000_P_00000(__a=49, __b=7), __b=NT_0000_P_00000(__a=60, __b=21))), __b=NT_0003_P_00000(__a=NT_0000_P_00000(__a=5, __b=74), __b=NT_0000_P_00000(__a=63, __b=36))), __b=NT_0003_P_00001(__a=False)), __b=NT_0003_P_00000(__a=NT_0000_P_00000(__a=88, __b=13), __b=NT_0000_P_00000(__a=38, __b=71))), __b=NT_0003_P_00000(__a=NT_0000_P_00000(__a=31, __b=72), __b=NT_0000_P_00000(__a=88, __b=81))), __b=NT_0003_P_00000(__a=NT_0000_P_00000(__a=56, __b=55), __b=NT_0000_P_00000(__a=26, __b=2))), __b=NT_0003_P_00001(__a=True)), __b=NT_0003_P_00001(__a=True)), __b=NT_0003_P_00000(__a=NT_0000_P_00000(__a=1, __b=4), __b=NT_0000_P_00000(__a=26, __b=2))))"
347.0,14,40,57,11.587193250656128,30028,"NT_0006_P_00000(__a=NT_0005_P_00000(__a=NT_0005_P_00000(__a=NT_0005_P_00000(__a=NT_0005_P_00000(__a=NT_0005_P_00000(__a=NT_0005_P_00000(__a=NT_0005_P_00000(__a=NT_0005_P_00000(__a=NT_0005_P_00000(__a=NT_0005_P_00000(__a=NT_0005_P_00000(__a=NT_0005_P_00001(__a=56), __b=NT_0003_P_00000(__a=NT_0000_P_00000(__a=80, __b=24), __b=NT_0000_P_00000(__a=1, __b=4))), __b=NT_0003_P_00000(__a=NT_0000_P_00000(__a=56, __b=55), __b=NT_0000_P_00000(__a=26, __b=2))), __b=NT_0003_P_00000(__a=NT_0000_P_00000(__a=49, __b=7), __b=NT_0000_P_00000(__a=60, __b=21))), __b=NT_0003_P_00000(__a=NT_0000_P_00000(__a=5, __b=74), __b=NT_0000_P_00000(__a=63, __b=36))), __b=NT_0003_P_00001(__a=False)), __b=NT_0003_P_00000(__a=NT_0000_P_00000(__a=88, __b=13), __b=NT_0000_P_00000(__a=38, __b=71))), __b=NT_0003_P_00000(__a=NT_0000_P_00000(__a=31, __b=72), __b=NT_0000_P_00000(__a=88, __b=81))), __b=NT_0003_P_00000(__a=NT_0000_P_00000(__a=56, __b=55), __b=NT_0000_P_00000(__a=26, __b=2))), __b=NT_0003_P_00001(__a=True)), __b=NT_0003_P_00001(__a=True)), __b=NT_0003_P_00000(__a=NT_0000_P_00000(__a=1, __b=4), __b=NT_0000_P_00000(__a=26, __b=2))))"
344.0,14,40,58,11.658060789108276,30028,"NT_0006_P_00000(__a=NT_0005_P_00000(__a=NT_0005_P_00000(__a=NT_0005_P_00000(__a=NT_0005_P_00000(__a=NT_0005_P_00000(__a=NT_0005_P_00000(__a=NT_0005_P_00000(__a=NT_0005_P_00000(__a=NT_0005_P_00000(__a=NT_0005_P_00000(__a=NT_0005_P_00000(__a=NT_0005_P_00001(__a=47), __b=NT_0003_P_00000(__a=NT_0000_P_00000(__a=56, __b=55), __b=NT_0000_P_00000(__a=1, __b=4))), __b=NT_0003_P_00000(__a=NT_0000_P_00000(__a=56, __b=55), __b=NT_0000_P_00000(__a=26, __b=2))), __b=NT_0003_P_00000(__a=NT_0000_P_00000(__a=50, __b=34), __b=NT_0000_P_00000(__a=1, __b=4))), __b=NT_0003_P_00000(__a=NT_0000_P_00000(__a=86, __b=10), __b=NT_0000_P_00000(__a=88, __b=13))), __b=NT_0003_P_00001(__a=False)), __b=NT_0003_P_00000(__a=NT_0000_P_00000(__a=26, __b=2), __b=NT_0000_P_00000(__a=38, __b=71))), __b=NT_0003_P_00000(__a=NT_0000_P_00000(__a=31, __b=72), __b=NT_0000_P_00000(__a=88, __b=81))), __b=NT_0003_P_00000(__a=NT_0000_P_00000(__a=2, __b=56), __b=NT_0000_P_00000(__a=1, __b=4))), __b=NT_0003_P_00001(__a=True)), __b=NT_0003_P_00001(__a=True)), __b=NT_0003_P_00000(__a=NT_0000_P_00000(__a=1, __b=4), __b=NT_0000_P_00000(__a=26, __b=2))))"
344.0,14,40,59,11.75731086730957,30028,"NT_0006_P_00000(__a=NT_0005_P_00000(__a=NT_0005_P_00000(__a=NT_0005_P_00000(__a=NT_0005_P_00000(__a=NT_0005_P_00000(__a=NT_0005_P_00000(__a=NT_0005_P_00000(__a=NT_0005_P_00000(__a=NT_0005_P_00000(__a=NT_0005_P_00000(__a=NT_0005_P_00000(__a=NT_0005_P_00001(__a=47), __b=NT_0003_P_00000(__a=NT_0000_P_00000(__a=56, __b=55), __b=NT_0000_P_00000(__a=1, __b=4))), __b=NT_0003_P_00000(__a=NT_0000_P_00000(__a=56, __b=55), __b=NT_0000_P_00000(__a=26, __b=2))), __b=NT_0003_P_00000(__a=NT_0000_P_00000(__a=50, __b=34), __b=NT_0000_P_00000(__a=1, __b=4))), __b=NT_0003_P_00000(__a=NT_0000_P_00000(__a=86, __b=10), __b=NT_0000_P_00000(__a=88, __b=13))), __b=NT_0003_P_00001(__a=False)), __b=NT_0003_P_00000(__a=NT_0000_P_00000(__a=26, __b=2), __b=NT_0000_P_00000(__a=38, __b=71))), __b=NT_0003_P_00000(__a=NT_0000_P_00000(__a=31, __b=72), __b=NT_0000_P_00000(__a=88, __b=81))), __b=NT_0003_P_00000(__a=NT_0000_P_00000(__a=2, __b=56), __b=NT_0000_P_00000(__a=1, __b=4))), __b=NT_0003_P_00001(__a=True)), __b=NT_0003_P_00001(__a=True)), __b=NT_0003_P_00000(__a=NT_0000_P_00000(__a=1, __b=4), __b=NT_0000_P_00000(__a=26, __b=2))))"
344.0,14,40,60,11.923548221588135,30028,"NT_0006_P_00000(__a=NT_0005_P_00000(__a=NT_0005_P_00000(__a=NT_0005_P_00000(__a=NT_0005_P_00000(__a=NT_0005_P_00000(__a=NT_0005_P_00000(__a=NT_0005_P_00000(__a=NT_0005_P_00000(__a=NT_0005_P_00000(__a=NT_0005_P_00000(__a=NT_0005_P_00000(__a=NT_0005_P_00001(__a=47), __b=NT_0003_P_00000(__a=NT_0000_P_00000(__a=56, __b=55), __b=NT_0000_P_00000(__a=1, __b=4))), __b=NT_0003_P_00000(__a=NT_0000_P_00000(__a=56, __b=55), __b=NT_0000_P_00000(__a=26, __b=2))), __b=NT_0003_P_00000(__a=NT_0000_P_00000(__a=50, __b=34), __b=NT_0000_P_00000(__a=1, __b=4))), __b=NT_0003_P_00000(__a=NT_0000_P_00000(__a=86, __b=10), __b=NT_0000_P_00000(__a=88, __b=13))), __b=NT_0003_P_00001(__a=False)), __b=NT_0003_P_00000(__a=NT_0000_P_00000(__a=26, __b=2), __b=NT_0000_P_00000(__a=38, __b=71))), __b=NT_0003_P_00000(__a=NT_0000_P_00000(__a=31, __b=72), __b=NT_0000_P_00000(__a=88, __b=81))), __b=NT_0003_P_00000(__a=NT_0000_P_00000(__a=2, __b=56), __b=NT_0000_P_00000(__a=1, __b=4))), __b=NT_0003_P_00001(__a=True)), __b=NT_0003_P_00001(__a=True)), __b=NT_0003_P_00000(__a=NT_0000_P_00000(__a=1, __b=4), __b=NT_0000_P_00000(__a=26, __b=2))))"
344.0,14,40,61,12.017422914505005,30028,"NT_0006_P_00000(__a=NT_0005_P_00000(__a=NT_0005_P_00000(__a=NT_0005_P_00000(__a=NT_0005_P_00000(__a=NT_0005_P_00000(__a=NT_0005_P_00000(__a=NT_0005_P_00000(__a=NT_0005_P_00000(__a=NT_0005_P_00000(__a=NT_0005_P_00000(__a=NT_0005_P_00000(__a=NT_0005_P_00001(__a=47), __b=NT_0003_P_00000(__a=NT_0000_P_00000(__a=56, __b=55), __b=NT_0000_P_00000(__a=1, __b=4))), __b=NT_0003_P_00000(__a=NT_0000_P_00000(__a=56, __b=55), __b=NT_0000_P_00000(__a=26, __b=2))), __b=NT_0003_P_00000(__a=NT_0000_P_00000(__a=50, __b=34), __b=NT_0000_P_00000(__a=1, __b=4))), __b=NT_0003_P_00000(__a=NT_0000_P_00000(__a=86, __b=10), __b=NT_0000_P_00000(__a=88, __b=13))), __b=NT_0003_P_00001(__a=False)), __b=NT_0003_P_00000(__a=NT_0000_P_00000(__a=26, __b=2), __b=NT_0000_P_00000(__a=38, __b=71))), __b=NT_0003_P_00000(__a=NT_0000_P_00000(__a=31, __b=72), __b=NT_0000_P_00000(__a=88, __b=81))), __b=NT_0003_P_00000(__a=NT_0000_P_00000(__a=2, __b=56), __b=NT_0000_P_00000(__a=1, __b=4))), __b=NT_0003_P_00001(__a=True)), __b=NT_0003_P_00001(__a=True)), __b=NT_0003_P_00000(__a=NT_0000_P_00000(__a=1, __b=4), __b=NT_0000_P_00000(__a=26, __b=2))))"
344.0,14,40,62,12.08904504776001,30028,"NT_0006_P_00000(__a=NT_0005_P_00000(__a=NT_0005_P_00000(__a=NT_0005_P_00000(__a=NT_0005_P_00000(__a=NT_0005_P_00000(__a=NT_0005_P_00000(__a=NT_0005_P_00000(__a=NT_0005_P_00000(__a=NT_0005_P_00000(__a=NT_0005_P_00000(__a=NT_0005_P_00000(__a=NT_0005_P_00001(__a=47), __b=NT_0003_P_00000(__a=NT_0000_P_00000(__a=56, __b=55), __b=NT_0000_P_00000(__a=1, __b=4))), __b=NT_0003_P_00000(__a=NT_0000_P_00000(__a=56, __b=55), __b=NT_0000_P_00000(__a=26, __b=2))), __b=NT_0003_P_00000(__a=NT_0000_P_00000(__a=50, __b=34), __b=NT_0000_P_00000(__a=1, __b=4))), __b=NT_0003_P_00000(__a=NT_0000_P_00000(__a=86, __b=10), __b=NT_0000_P_00000(__a=88, __b=13))), __b=NT_0003_P_00001(__a=False)), __b=NT_0003_P_00000(__a=NT_0000_P_00000(__a=26, __b=2), __b=NT_0000_P_00000(__a=38, __b=71))), __b=NT_0003_P_00000(__a=NT_0000_P_00000(__a=31, __b=72), __b=NT_0000_P_00000(__a=88, __b=81))), __b=NT_0003_P_00000(__a=NT_0000_P_00000(__a=2, __b=56), __b=NT_0000_P_00000(__a=1, __b=4))), __b=NT_0003_P_00001(__a=True)), __b=NT_0003_P_00001(__a=True)), __b=NT_0003_P_00000(__a=NT_0000_P_00000(__a=1, __b=4), __b=NT_0000_P_00000(__a=26, __b=2))))"
344.0,14,40,63,12.170022010803223,30028,"NT_0006_P_00000(__a=NT_0005_P_00000(__a=NT_0005_P_00000(__a=NT_0005_P_00000(__a=NT_0005_P_00000(__a=NT_0005_P_00000(__a=NT_0005_P_00000(__a=NT_0005_P_00000(__a=NT_0005_P_00000(__a=NT_0005_P_00000(__a=NT_0005_P_00000(__a=NT_0005_P_00000(__a=NT_0005_P_00001(__a=47), __b=NT_0003_P_00000(__a=NT_0000_P_00000(__a=56, __b=55), __b=NT_0000_P_00000(__a=1, __b=4))), __b=NT_0003_P_00000(__a=NT_0000_P_00000(__a=56, __b=55), __b=NT_0000_P_00000(__a=26, __b=2))), __b=NT_0003_P_00000(__a=NT_0000_P_00000(__a=50, __b=34), __b=NT_0000_P_00000(__a=1, __b=4))), __b=NT_0003_P_00000(__a=NT_0000_P_00000(__a=86, __b=10), __b=NT_0000_P_00000(__a=88, __b=13))), __b=NT_0003_P_00001(__a=False)), __b=NT_0003_P_00000(__a=NT_0000_P_00000(__a=26, __b=2), __b=NT_0000_P_00000(__a=38, __b=71))), __b=NT_0003_P_00000(__a=NT_0000_P_00000(__a=31, __b=72), __b=NT_0000_P_00000(__a=88, __b=81))), __b=NT_0003_P_00000(__a=NT_0000_P_00000(__a=2, __b=56), __b=NT_0000_P_00000(__a=1, __b=4))), __b=NT_0003_P_00001(__a=True)), __b=NT_0003_P_00001(__a=True)), __b=NT_0003_P_00000(__a=NT_0000_P_00000(__a=1, __b=4), __b=NT_0000_P_00000(__a=26, __b=2))))"
341.0,14,40,64,12.240440607070923,30028,"NT_0006_P_00000(__a=NT_0005_P_00000(__a=NT_0005_P_00000(__a=NT_0005_P_00000(__a=NT_0005_P_00000(__a=NT_0005_P_00000(__a=NT_0005_P_00000(__a=NT_0005_P_00000(__a=NT_0005_P_00000(__a=NT_0005_P_00000(__a=NT_0005_P_00000(__a=NT_0005_P_00000(__a=NT_0005_P_00001(__a=47), __b=NT_0003_P_00000(__a=NT_0000_P_00000(__a=80, __b=24), __b=NT_0000_P_00000(__a=1, __b=4))), __b=NT_0003_P_00000(__a=NT_0000_P_00000(__a=56, __b=55), __b=NT_0000_P_00000(__a=26, __b=2))), __b=NT_0003_P_00000(__a=NT_0000_P_00000(__a=50, __b=34), __b=NT_0000_P_00000(__a=1, __b=4))), __b=NT_0003_P_00000(__a=NT_0000_P_00000(__a=86, __b=10), __b=NT_0000_P_00000(__a=88, __b=13))), __b=NT_0003_P_00001(__a=False)), __b=NT_0003_P_00000(__a=NT_0000_P_00000(__a=26, __b=2), __b=NT_0000_P_00000(__a=38, __b=71))), __b=NT_0003_P_00000(__a=NT_0000_P_00000(__a=31, __b=72), __b=NT_0000_P_00000(__a=88, __b=81))), __b=NT_0003_P_00000(__a=NT_0000_P_00000(__a=1, __b=4), __b=NT_0000_P_00000(__a=1, __b=4))), __b=NT_0003_P_00001(__a=True)), __b=NT_0003_P_00001(__a=True)), __b=NT_0003_P_00000(__a=NT_0000_P_00000(__a=98, __b=99), __b=NT_0000_P_00000(__a=26, __b=2))))"
341.0,14,40,65,12.320974826812744,30028,"NT_0006_P_00000(__a=NT_0005_P_00000(__a=NT_0005_P_00000(__a=NT_0005_P_00000(__a=NT_0005_P_00000(__a=NT_0005_P_00000(__a=NT_0005_P_00000(__a=NT_0005_P_00000(__a=NT_0005_P_00000(__a=NT_0005_P_00000(__a=NT_0005_P_00000(__a=NT_0005_P_00000(__a=NT_0005_P_00001(__a=47), __b=NT_0003_P_00000(__a=NT_0000_P_00000(__a=80, __b=24), __b=NT_0000_P_00000(__a=1, __b=4))), __b=NT_0003_P_00000(__a=NT_0000_P_00000(__a=56, __b=55), __b=NT_0000_P_00000(__a=26, __b=2))), __b=NT_0003_P_00000(__a=NT_0000_P_00000(__a=50, __b=34), __b=NT_0000_P_00000(__a=1, __b=4))), __b=NT_0003_P_00000(__a=NT_0000_P_00000(__a=86, __b=10), __b=NT_0000_P_00000(__a=88, __b=13))), __b=NT_0003_P_00001(__a=False)), __b=NT_0003_P_00000(__a=NT_0000_P_00000(__a=26, __b=2), __b=NT_0000_P_00000(__a=38, __b=71))), __b=NT_0003_P_00000(__a=NT_0000_P_00000(__a=31, __b=72), __b=NT_0000_P_00000(__a=88, __b=81))), __b=NT_0003_P_00000(__a=NT_0000_P_00000(__a=1, __b=4), __b=NT_0000_P_00000(__a=1, __b=4))), __b=NT_0003_P_00001(__a=True)), __b=NT_0003_P_00001(__a=True)), __b=NT_0003_P_00000(__a=NT_0000_P_00000(__a=98, __b=99), __b=NT_0000_P_00000(__a=26, __b=2))))"
341.0,14,40,66,12.389228582382202,30028,"NT_0006_P_00000(__a=NT_0005_P_00000(__a=NT_0005_P_00000(__a=NT_0005_P_00000(__a=NT_0005_P_00000(__a=NT_0005_P_00000(__a=NT_0005_P_00000(__a=NT_0005_P_00000(__a=NT_0005_P_00000(__a=NT_0005_P_00000(__a=NT_0005_P_00000(__a=NT_0005_P_00000(__a=NT_0005_P_00001(__a=47), __b=NT_0003_P_00000(__a=NT_0000_P_00000(__a=80, __b=24), __b=NT_0000_P_00000(__a=1, __b=4))), __b=NT_0003_P_00000(__a=NT_0000_P_00000(__a=56, __b=55), __b=NT_0000_P_00000(__a=26, __b=2))), __b=NT_0003_P_00000(__a=NT_0000_P_00000(__a=50, __b=34), __b=NT_0000_P_00000(__a=1, __b=4))), __b=NT_0003_P_00000(__a=NT_0000_P_00000(__a=86, __b=10), __b=NT_0000_P_00000(__a=88, __b=13))), __b=NT_0003_P_00001(__a=False)), __b=NT_0003_P_00000(__a=NT_0000_P_00000(__a=26, __b=2), __b=NT_0000_P_00000(__a=38, __b=71))), __b=NT_0003_P_00000(__a=NT_0000_P_00000(__a=31, __b=72), __b=NT_0000_P_00000(__a=88, __b=81))), __b=NT_0003_P_00000(__a=NT_0000_P_00000(__a=1, __b=4), __b=NT_0000_P_00000(__a=1, __b=4))), __b=NT_0003_P_00001(__a=True)), __b=NT_0003_P_00001(__a=True)), __b=NT_0003_P_00000(__a=NT_0000_P_00000(__a=98, __b=99), __b=NT_0000_P_00000(__a=26, __b=2))))"
341.0,14,40,67,12.49588418006897,30028,"NT_0006_P_00000(__a=NT_0005_P_00000(__a=NT_0005_P_00000(__a=NT_0005_P_00000(__a=NT_0005_P_00000(__a=NT_0005_P_00000(__a=NT_0005_P_00000(__a=NT_0005_P_00000(__a=NT_0005_P_00000(__a=NT_0005_P_00000(__a=NT_0005_P_00000(__a=NT_0005_P_00000(__a=NT_0005_P_00001(__a=47), __b=NT_0003_P_00000(__a=NT_0000_P_00000(__a=80, __b=24), __b=NT_0000_P_00000(__a=1, __b=4))), __b=NT_0003_P_00000(__a=NT_0000_P_00000(__a=56, __b=55), __b=NT_0000_P_00000(__a=26, __b=2))), __b=NT_0003_P_00000(__a=NT_0000_P_00000(__a=50, __b=34), __b=NT_0000_P_00000(__a=1, __b=4))), __b=NT_0003_P_00000(__a=NT_0000_P_00000(__a=86, __b=10), __b=NT_0000_P_00000(__a=88, __b=13))), __b=NT_0003_P_00001(__a=False)), __b=NT_0003_P_00000(__a=NT_0000_P_00000(__a=26, __b=2), __b=NT_0000_P_00000(__a=38, __b=71))), __b=NT_0003_P_00000(__a=NT_0000_P_00000(__a=31, __b=72), __b=NT_0000_P_00000(__a=88, __b=81))), __b=NT_0003_P_00000(__a=NT_0000_P_00000(__a=1, __b=4), __b=NT_0000_P_00000(__a=1, __b=4))), __b=NT_0003_P_00001(__a=True)), __b=NT_0003_P_00001(__a=True)), __b=NT_0003_P_00000(__a=NT_0000_P_00000(__a=98, __b=99), __b=NT_0000_P_00000(__a=26, __b=2))))"
340.0,14,40,68,12.578613519668579,30028,"NT_0006_P_00000(__a=NT_0005_P_00000(__a=NT_0005_P_00000(__a=NT_0005_P_00000(__a=NT_0005_P_00000(__a=NT_0005_P_00000(__a=NT_0005_P_00000(__a=NT_0005_P_00000(__a=NT_0005_P_00000(__a=NT_0005_P_00000(__a=NT_0005_P_00000(__a=NT_0005_P_00000(__a=NT_0005_P_00001(__a=47), __b=NT_0003_P_00000(__a=NT_0000_P_00000(__a=80, __b=24), __b=NT_0000_P_00000(__a=1, __b=4))), __b=NT_0003_P_00000(__a=NT_0000_P_00000(__a=56, __b=55), __b=NT_0000_P_00000(__a=26, __b=2))), __b=NT_0003_P_00000(__a=NT_0000_P_00000(__a=45, __b=53), __b=NT_0000_P_00000(__a=1, __b=4))), __b=NT_0003_P_00000(__a=NT_0000_P_00000(__a=50, __b=34), __b=NT_0000_P_00000(__a=88, __b=13))), __b=NT_0003_P_00001(__a=False)), __b=NT_0003_P_00000(__a=NT_0000_P_00000(__a=26, __b=2), __b=NT_0000_P_00000(__a=38, __b=71))), __b=NT_0003_P_00000(__a=NT_0000_P_00000(__a=31, __b=72), __b=NT_0000_P_00000(__a=88, __b=81))), __b=NT_0003_P_00000(__a=NT_0000_P_00000(__a=1, __b=4), __b=NT_0000_P_00000(__a=1, __b=4))), __b=NT_0003_P_00001(__a=True)), __b=NT_0003_P_00001(__a=True)), __b=NT_0003_P_00000(__a=NT_0000_P_00000(__a=56, __b=55), __b=NT_0000_P_00000(__a=26, __b=2))))"
340.0,14,40,69,12.64824652671814,30028,"NT_0006_P_00000(__a=NT_0005_P_00000(__a=NT_0005_P_00000(__a=NT_0005_P_00000(__a=NT_0005_P_00000(__a=NT_0005_P_00000(__a=NT_0005_P_00000(__a=NT_0005_P_00000(__a=NT_0005_P_00000(__a=NT_0005_P_00000(__a=NT_0005_P_00000(__a=NT_0005_P_00000(__a=NT_0005_P_00001(__a=47), __b=NT_0003_P_00000(__a=NT_0000_P_00000(__a=80, __b=24), __b=NT_0000_P_00000(__a=1, __b=4))), __b=NT_0003_P_00000(__a=NT_0000_P_00000(__a=56, __b=55), __b=NT_0000_P_00000(__a=26, __b=2))), __b=NT_0003_P_00000(__a=NT_0000_P_00000(__a=45, __b=53), __b=NT_0000_P_00000(__a=1, __b=4))), __b=NT_0003_P_00000(__a=NT_0000_P_00000(__a=50, __b=34), __b=NT_0000_P_00000(__a=88, __b=13))), __b=NT_0003_P_00001(__a=False)), __b=NT_0003_P_00000(__a=NT_0000_P_00000(__a=26, __b=2), __b=NT_0000_P_00000(__a=38, __b=71))), __b=NT_0003_P_00000(__a=NT_0000_P_00000(__a=31, __b=72), __b=NT_0000_P_00000(__a=88, __b=81))), __b=NT_0003_P_00000(__a=NT_0000_P_00000(__a=1, __b=4), __b=NT_0000_P_00000(__a=1, __b=4))), __b=NT_0003_P_00001(__a=True)), __b=NT_0003_P_00001(__a=True)), __b=NT_0003_P_00000(__a=NT_0000_P_00000(__a=56, __b=55), __b=NT_0000_P_00000(__a=26, __b=2))))"
340.0,14,40,70,12.741766691207886,30028,"NT_0006_P_00000(__a=NT_0005_P_00000(__a=NT_0005_P_00000(__a=NT_0005_P_00000(__a=NT_0005_P_00000(__a=NT_0005_P_00000(__a=NT_0005_P_00000(__a=NT_0005_P_00000(__a=NT_0005_P_00000(__a=NT_0005_P_00000(__a=NT_0005_P_00000(__a=NT_0005_P_00000(__a=NT_0005_P_00001(__a=47), __b=NT_0003_P_00000(__a=NT_0000_P_00000(__a=80, __b=24), __b=NT_0000_P_00000(__a=1, __b=4))), __b=NT_0003_P_00000(__a=NT_0000_P_00000(__a=56, __b=55), __b=NT_0000_P_00000(__a=26, __b=2))), __b=NT_0003_P_00000(__a=NT_0000_P_00000(__a=45, __b=53), __b=NT_0000_P_00000(__a=1, __b=4))), __b=NT_0003_P_00000(__a=NT_0000_P_00000(__a=50, __b=34), __b=NT_0000_P_00000(__a=88, __b=13))), __b=NT_0003_P_00001(__a=False)), __b=NT_0003_P_00000(__a=NT_0000_P_00000(__a=26, __b=2), __b=NT_0000_P_00000(__a=38, __b=71))), __b=NT_0003_P_00000(__a=NT_0000_P_00000(__a=31, __b=72), __b=NT_0000_P_00000(__a=88, __b=81))), __b=NT_0003_P_00000(__a=NT_0000_P_00000(__a=1, __b=4), __b=NT_0000_P_00000(__a=1, __b=4))), __b=NT_0003_P_00001(__a=True)), __b=NT_0003_P_00001(__a=True)), __b=NT_0003_P_00000(__a=NT_0000_P_00000(__a=56, __b=55), __b=NT_0000_P_00000(__a=26, __b=2))))"
340.0,14,40,71,12.82471251487732,30028,"NT_0006_P_00000(__a=NT_0005_P_00000(__a=NT_0005_P_00000(__a=NT_0005_P_00000(__a=NT_0005_P_00000(__a=NT_0005_P_00000(__a=NT_0005_P_00000(__a=NT_0005_P_00000(__a=NT_0005_P_00000(__a=NT_0005_P_00000(__a=NT_0005_P_00000(__a=NT_0005_P_00000(__a=NT_0005_P_00001(__a=47), __b=NT_0003_P_00000(__a=NT_0000_P_00000(__a=80, __b=24), __b=NT_0000_P_00000(__a=1, __b=4))), __b=NT_0003_P_00000(__a=NT_0000_P_00000(__a=56, __b=55), __b=NT_0000_P_00000(__a=26, __b=2))), __b=NT_0003_P_00000(__a=NT_0000_P_00000(__a=45, __b=53), __b=NT_0000_P_00000(__a=1, __b=4))), __b=NT_0003_P_00000(__a=NT_0000_P_00000(__a=50, __b=34), __b=NT_0000_P_00000(__a=88, __b=13))), __b=NT_0003_P_00001(__a=False)), __b=NT_0003_P_00000(__a=NT_0000_P_00000(__a=26, __b=2), __b=NT_0000_P_00000(__a=38, __b=71))), __b=NT_0003_P_00000(__a=NT_0000_P_00000(__a=31, __b=72), __b=NT_0000_P_00000(__a=88, __b=81))), __b=NT_0003_P_00000(__a=NT_0000_P_00000(__a=1, __b=4), __b=NT_0000_P_00000(__a=1, __b=4))), __b=NT_0003_P_00001(__a=True)), __b=NT_0003_P_00001(__a=True)), __b=NT_0003_P_00000(__a=NT_0000_P_00000(__a=56, __b=55), __b=NT_0000_P_00000(__a=26, __b=2))))"
340.0,14,40,72,12.89756727218628,30028,"NT_0006_P_00000(__a=NT_0005_P_00000(__a=NT_0005_P_00000(__a=NT_0005_P_00000(__a=NT_0005_P_00000(__a=NT_0005_P_00000(__a=NT_0005_P_00000(__a=NT_0005_P_00000(__a=NT_0005_P_00000(__a=NT_0005_P_00000(__a=NT_0005_P_00000(__a=NT_0005_P_00000(__a=NT_0005_P_00001(__a=47), __b=NT_0003_P_00000(__a=NT_0000_P_00000(__a=80, __b=24), __b=NT_0000_P_00000(__a=1, __b=4))), __b=NT_0003_P_00000(__a=NT_0000_P_00000(__a=56, __b=55), __b=NT_0000_P_00000(__a=26, __b=2))), __b=NT_0003_P_00000(__a=NT_0000_P_00000(__a=45, __b=53), __b=NT_0000_P_00000(__a=1, __b=4))), __b=NT_0003_P_00000(__a=NT_0000_P_00000(__a=50, __b=34), __b=NT_0000_P_00000(__a=88, __b=13))), __b=NT_0003_P_00001(__a=False)), __b=NT_0003_P_00000(__a=NT_0000_P_00000(__a=26, __b=2), __b=NT_0000_P_00000(__a=38, __b=71))), __b=NT_0003_P_00000(__a=NT_0000_P_00000(__a=31, __b=72), __b=NT_0000_P_00000(__a=88, __b=81))), __b=NT_0003_P_00000(__a=NT_0000_P_00000(__a=1, __b=4), __b=NT_0000_P_00000(__a=1, __b=4))), __b=NT_0003_P_00001(__a=True)), __b=NT_0003_P_00001(__a=True)), __b=NT_0003_P_00000(__a=NT_0000_P_00000(__a=56, __b=55), __b=NT_0000_P_00000(__a=26, __b=2))))"
340.0,14,40,73,12.976305723190308,30028,"NT_0006_P_00000(__a=NT_0005_P_00000(__a=NT_0005_P_00000(__a=NT_0005_P_00000(__a=NT_0005_P_00000(__a=NT_0005_P_00000(__a=NT_0005_P_00000(__a=NT_0005_P_00000(__a=NT_0005_P_00000(__a=NT_0005_P_00000(__a=NT_0005_P_00000(__a=NT_0005_P_00000(__a=NT_0005_P_00001(__a=47), __b=NT_0003_P_00000(__a=NT_0000_P_00000(__a=80, __b=24), __b=NT_0000_P_00000(__a=1, __b=4))), __b=NT_0003_P_00000(__a=NT_0000_P_00000(__a=56, __b=55), __b=NT_0000_P_00000(__a=26, __b=2))), __b=NT_0003_P_00000(__a=NT_0000_P_00000(__a=45, __b=53), __b=NT_0000_P_00000(__a=1, __b=4))), __b=NT_0003_P_00000(__a=NT_0000_P_00000(__a=50, __b=34), __b=NT_0000_P_00000(__a=88, __b=13))), __b=NT_0003_P_00001(__a=False)), __b=NT_0003_P_00000(__a=NT_0000_P_00000(__a=26, __b=2), __b=NT_0000_P_00000(__a=38, __b=71))), __b=NT_0003_P_00000(__a=NT_0000_P_00000(__a=31, __b=72), __b=NT_0000_P_00000(__a=88, __b=81))), __b=NT_0003_P_00000(__a=NT_0000_P_00000(__a=1, __b=4), __b=NT_0000_P_00000(__a=1, __b=4))), __b=NT_0003_P_00001(__a=True)), __b=NT_0003_P_00001(__a=True)), __b=NT_0003_P_00000(__a=NT_0000_P_00000(__a=56, __b=55), __b=NT_0000_P_00000(__a=26, __b=2))))"
340.0,14,40,74,13.076794624328613,30028,"NT_0006_P_00000(__a=NT_0005_P_00000(__a=NT_0005_P_00000(__a=NT_0005_P_00000(__a=NT_0005_P_00000(__a=NT_0005_P_00000(__a=NT_0005_P_00000(__a=NT_0005_P_00000(__a=NT_0005_P_00000(__a=NT_0005_P_00000(__a=NT_0005_P_00000(__a=NT_0005_P_00000(__a=NT_0005_P_00001(__a=47), __b=NT_0003_P_00000(__a=NT_0000_P_00000(__a=80, __b=24), __b=NT_0000_P_00000(__a=1, __b=4))), __b=NT_0003_P_00000(__a=NT_0000_P_00000(__a=56, __b=55), __b=NT_0000_P_00000(__a=26, __b=2))), __b=NT_0003_P_00000(__a=NT_0000_P_00000(__a=45, __b=53), __b=NT_0000_P_00000(__a=1, __b=4))), __b=NT_0003_P_00000(__a=NT_0000_P_00000(__a=50, __b=34), __b=NT_0000_P_00000(__a=88, __b=13))), __b=NT_0003_P_00001(__a=False)), __b=NT_0003_P_00000(__a=NT_0000_P_00000(__a=26, __b=2), __b=NT_0000_P_00000(__a=38, __b=71))), __b=NT_0003_P_00000(__a=NT_0000_P_00000(__a=31, __b=72), __b=NT_0000_P_00000(__a=88, __b=81))), __b=NT_0003_P_00000(__a=NT_0000_P_00000(__a=1, __b=4), __b=NT_0000_P_00000(__a=1, __b=4))), __b=NT_0003_P_00001(__a=True)), __b=NT_0003_P_00001(__a=True)), __b=NT_0003_P_00000(__a=NT_0000_P_00000(__a=56, __b=55), __b=NT_0000_P_00000(__a=26, __b=2))))"
340.0,14,40,75,13.179941892623901,30028,"NT_0006_P_00000(__a=NT_0005_P_00000(__a=NT_0005_P_00000(__a=NT_0005_P_00000(__a=NT_0005_P_00000(__a=NT_0005_P_00000(__a=NT_0005_P_00000(__a=NT_0005_P_00000(__a=NT_0005_P_00000(__a=NT_0005_P_00000(__a=NT_0005_P_00000(__a=NT_0005_P_00000(__a=NT_0005_P_00001(__a=47), __b=NT_0003_P_00000(__a=NT_0000_P_00000(__a=80, __b=24), __b=NT_0000_P_00000(__a=1, __b=4))), __b=NT_0003_P_00000(__a=NT_0000_P_00000(__a=56, __b=55), __b=NT_0000_P_00000(__a=26, __b=2))), __b=NT_0003_P_00000(__a=NT_0000_P_00000(__a=45, __b=53), __b=NT_0000_P_00000(__a=1, __b=4))), __b=NT_0003_P_00000(__a=NT_0000_P_00000(__a=50, __b=34), __b=NT_0000_P_00000(__a=88, __b=13))), __b=NT_0003_P_00001(__a=False)), __b=NT_0003_P_00000(__a=NT_0000_P_00000(__a=26, __b=2), __b=NT_0000_P_00000(__a=38, __b=71))), __b=NT_0003_P_00000(__a=NT_0000_P_00000(__a=31, __b=72), __b=NT_0000_P_00000(__a=88, __b=81))), __b=NT_0003_P_00000(__a=NT_0000_P_00000(__a=1, __b=4), __b=NT_0000_P_00000(__a=1, __b=4))), __b=NT_0003_P_00001(__a=True)), __b=NT_0003_P_00001(__a=True)), __b=NT_0003_P_00000(__a=NT_0000_P_00000(__a=56, __b=55), __b=NT_0000_P_00000(__a=26, __b=2))))"
340.0,14,40,76,13.246309280395508,30028,"NT_0006_P_00000(__a=NT_0005_P_00000(__a=NT_0005_P_00000(__a=NT_0005_P_00000(__a=NT_0005_P_00000(__a=NT_0005_P_00000(__a=NT_0005_P_00000(__a=NT_0005_P_00000(__a=NT_0005_P_00000(__a=NT_0005_P_00000(__a=NT_0005_P_00000(__a=NT_0005_P_00000(__a=NT_0005_P_00001(__a=47), __b=NT_0003_P_00000(__a=NT_0000_P_00000(__a=80, __b=24), __b=NT_0000_P_00000(__a=1, __b=4))), __b=NT_0003_P_00000(__a=NT_0000_P_00000(__a=56, __b=55), __b=NT_0000_P_00000(__a=26, __b=2))), __b=NT_0003_P_00000(__a=NT_0000_P_00000(__a=45, __b=53), __b=NT_0000_P_00000(__a=1, __b=4))), __b=NT_0003_P_00000(__a=NT_0000_P_00000(__a=50, __b=34), __b=NT_0000_P_00000(__a=88, __b=13))), __b=NT_0003_P_00001(__a=False)), __b=NT_0003_P_00000(__a=NT_0000_P_00000(__a=26, __b=2), __b=NT_0000_P_00000(__a=38, __b=71))), __b=NT_0003_P_00000(__a=NT_0000_P_00000(__a=31, __b=72), __b=NT_0000_P_00000(__a=88, __b=81))), __b=NT_0003_P_00000(__a=NT_0000_P_00000(__a=1, __b=4), __b=NT_0000_P_00000(__a=1, __b=4))), __b=NT_0003_P_00001(__a=True)), __b=NT_0003_P_00001(__a=True)), __b=NT_0003_P_00000(__a=NT_0000_P_00000(__a=56, __b=55), __b=NT_0000_P_00000(__a=26, __b=2))))"
340.0,14,40,77,13.320602655410767,30028,"NT_0006_P_00000(__a=NT_0005_P_00000(__a=NT_0005_P_00000(__a=NT_0005_P_00000(__a=NT_0005_P_00000(__a=NT_0005_P_00000(__a=NT_0005_P_00000(__a=NT_0005_P_00000(__a=NT_0005_P_00000(__a=NT_0005_P_00000(__a=NT_0005_P_00000(__a=NT_0005_P_00000(__a=NT_0005_P_00001(__a=47), __b=NT_0003_P_00000(__a=NT_0000_P_00000(__a=80, __b=24), __b=NT_0000_P_00000(__a=1, __b=4))), __b=NT_0003_P_00000(__a=NT_0000_P_00000(__a=56, __b=55), __b=NT_0000_P_00000(__a=26, __b=2))), __b=NT_0003_P_00000(__a=NT_0000_P_00000(__a=45, __b=53), __b=NT_0000_P_00000(__a=1, __b=4))), __b=NT_0003_P_00000(__a=NT_0000_P_00000(__a=50, __b=34), __b=NT_0000_P_00000(__a=88, __b=13))), __b=NT_0003_P_00001(__a=False)), __b=NT_0003_P_00000(__a=NT_0000_P_00000(__a=26, __b=2), __b=NT_0000_P_00000(__a=38, __b=71))), __b=NT_0003_P_00000(__a=NT_0000_P_00000(__a=31, __b=72), __b=NT_0000_P_00000(__a=88, __b=81))), __b=NT_0003_P_00000(__a=NT_0000_P_00000(__a=1, __b=4), __b=NT_0000_P_00000(__a=1, __b=4))), __b=NT_0003_P_00001(__a=True)), __b=NT_0003_P_00001(__a=True)), __b=NT_0003_P_00000(__a=NT_0000_P_00000(__a=56, __b=55), __b=NT_0000_P_00000(__a=26, __b=2))))"
340.0,14,40,78,13.399455070495605,30028,"NT_0006_P_00000(__a=NT_0005_P_00000(__a=NT_0005_P_00000(__a=NT_0005_P_00000(__a=NT_0005_P_00000(__a=NT_0005_P_00000(__a=NT_0005_P_00000(__a=NT_0005_P_00000(__a=NT_0005_P_00000(__a=NT_0005_P_00000(__a=NT_0005_P_00000(__a=NT_0005_P_00000(__a=NT_0005_P_00001(__a=47), __b=NT_0003_P_00000(__a=NT_0000_P_00000(__a=80, __b=24), __b=NT_0000_P_00000(__a=1, __b=4))), __b=NT_0003_P_00000(__a=NT_0000_P_00000(__a=56, __b=55), __b=NT_0000_P_00000(__a=26, __b=2))), __b=NT_0003_P_00000(__a=NT_0000_P_00000(__a=45, __b=53), __b=NT_0000_P_00000(__a=1, __b=4))), __b=NT_0003_P_00000(__a=NT_0000_P_00000(__a=50, __b=34), __b=NT_0000_P_00000(__a=88, __b=13))), __b=NT_0003_P_00001(__a=False)), __b=NT_0003_P_00000(__a=NT_0000_P_00000(__a=26, __b=2), __b=NT_0000_P_00000(__a=38, __b=71))), __b=NT_0003_P_00000(__a=NT_0000_P_00000(__a=31, __b=72), __b=NT_0000_P_00000(__a=88, __b=81))), __b=NT_0003_P_00000(__a=NT_0000_P_00000(__a=1, __b=4), __b=NT_0000_P_00000(__a=1, __b=4))), __b=NT_0003_P_00001(__a=True)), __b=NT_0003_P_00001(__a=True)), __b=NT_0003_P_00000(__a=NT_0000_P_00000(__a=56, __b=55), __b=NT_0000_P_00000(__a=26, __b=2))))"
340.0,14,40,79,13.483332872390747,30028,"NT_0006_P_00000(__a=NT_0005_P_00000(__a=NT_0005_P_00000(__a=NT_0005_P_00000(__a=NT_0005_P_00000(__a=NT_0005_P_00000(__a=NT_0005_P_00000(__a=NT_0005_P_00000(__a=NT_0005_P_00000(__a=NT_0005_P_00000(__a=NT_0005_P_00000(__a=NT_0005_P_00000(__a=NT_0005_P_00001(__a=47), __b=NT_0003_P_00000(__a=NT_0000_P_00000(__a=80, __b=24), __b=NT_0000_P_00000(__a=1, __b=4))), __b=NT_0003_P_00000(__a=NT_0000_P_00000(__a=56, __b=55), __b=NT_0000_P_00000(__a=26, __b=2))), __b=NT_0003_P_00000(__a=NT_0000_P_00000(__a=45, __b=53), __b=NT_0000_P_00000(__a=1, __b=4))), __b=NT_0003_P_00000(__a=NT_0000_P_00000(__a=50, __b=34), __b=NT_0000_P_00000(__a=88, __b=13))), __b=NT_0003_P_00001(__a=False)), __b=NT_0003_P_00000(__a=NT_0000_P_00000(__a=26, __b=2), __b=NT_0000_P_00000(__a=38, __b=71))), __b=NT_0003_P_00000(__a=NT_0000_P_00000(__a=31, __b=72), __b=NT_0000_P_00000(__a=88, __b=81))), __b=NT_0003_P_00000(__a=NT_0000_P_00000(__a=1, __b=4), __b=NT_0000_P_00000(__a=1, __b=4))), __b=NT_0003_P_00001(__a=True)), __b=NT_0003_P_00001(__a=True)), __b=NT_0003_P_00000(__a=NT_0000_P_00000(__a=56, __b=55), __b=NT_0000_P_00000(__a=26, __b=2))))"
340.0,14,40,80,13.574434041976929,30028,"NT_0006_P_00000(__a=NT_0005_P_00000(__a=NT_0005_P_00000(__a=NT_0005_P_00000(__a=NT_0005_P_00000(__a=NT_0005_P_00000(__a=NT_0005_P_00000(__a=NT_0005_P_00000(__a=NT_0005_P_00000(__a=NT_0005_P_00000(__a=NT_0005_P_00000(__a=NT_0005_P_00000(__a=NT_0005_P_00001(__a=47), __b=NT_0003_P_00000(__a=NT_0000_P_00000(__a=80, __b=24), __b=NT_0000_P_00000(__a=1, __b=4))), __b=NT_0003_P_00000(__a=NT_0000_P_00000(__a=56, __b=55), __b=NT_0000_P_00000(__a=26, __b=2))), __b=NT_0003_P_00000(__a=NT_0000_P_00000(__a=45, __b=53), __b=NT_0000_P_00000(__a=1, __b=4))), __b=NT_0003_P_00000(__a=NT_0000_P_00000(__a=50, __b=34), __b=NT_0000_P_00000(__a=88, __b=13))), __b=NT_0003_P_00001(__a=False)), __b=NT_0003_P_00000(__a=NT_0000_P_00000(__a=26, __b=2), __b=NT_0000_P_00000(__a=38, __b=71))), __b=NT_0003_P_00000(__a=NT_0000_P_00000(__a=31, __b=72), __b=NT_0000_P_00000(__a=88, __b=81))), __b=NT_0003_P_00000(__a=NT_0000_P_00000(__a=1, __b=4), __b=NT_0000_P_00000(__a=1, __b=4))), __b=NT_0003_P_00001(__a=True)), __b=NT_0003_P_00001(__a=True)), __b=NT_0003_P_00000(__a=NT_0000_P_00000(__a=56, __b=55), __b=NT_0000_P_00000(__a=26, __b=2))))"
340.0,14,40,81,13.672298431396484,30028,"NT_0006_P_00000(__a=NT_0005_P_00000(__a=NT_0005_P_00000(__a=NT_0005_P_00000(__a=NT_0005_P_00000(__a=NT_0005_P_00000(__a=NT_0005_P_00000(__a=NT_0005_P_00000(__a=NT_0005_P_00000(__a=NT_0005_P_00000(__a=NT_0005_P_00000(__a=NT_0005_P_00000(__a=NT_0005_P_00001(__a=47), __b=NT_0003_P_00000(__a=NT_0000_P_00000(__a=80, __b=24), __b=NT_0000_P_00000(__a=1, __b=4))), __b=NT_0003_P_00000(__a=NT_0000_P_00000(__a=56, __b=55), __b=NT_0000_P_00000(__a=26, __b=2))), __b=NT_0003_P_00000(__a=NT_0000_P_00000(__a=45, __b=53), __b=NT_0000_P_00000(__a=1, __b=4))), __b=NT_0003_P_00000(__a=NT_0000_P_00000(__a=50, __b=34), __b=NT_0000_P_00000(__a=88, __b=13))), __b=NT_0003_P_00001(__a=False)), __b=NT_0003_P_00000(__a=NT_0000_P_00000(__a=26, __b=2), __b=NT_0000_P_00000(__a=38, __b=71))), __b=NT_0003_P_00000(__a=NT_0000_P_00000(__a=31, __b=72), __b=NT_0000_P_00000(__a=88, __b=81))), __b=NT_0003_P_00000(__a=NT_0000_P_00000(__a=1, __b=4), __b=NT_0000_P_00000(__a=1, __b=4))), __b=NT_0003_P_00001(__a=True)), __b=NT_0003_P_00001(__a=True)), __b=NT_0003_P_00000(__a=NT_0000_P_00000(__a=56, __b=55), __b=NT_0000_P_00000(__a=26, __b=2))))"
340.0,14,40,82,13.740021705627441,30028,"NT_0006_P_00000(__a=NT_0005_P_00000(__a=NT_0005_P_00000(__a=NT_0005_P_00000(__a=NT_0005_P_00000(__a=NT_0005_P_00000(__a=NT_0005_P_00000(__a=NT_0005_P_00000(__a=NT_0005_P_00000(__a=NT_0005_P_00000(__a=NT_0005_P_00000(__a=NT_0005_P_00000(__a=NT_0005_P_00001(__a=47), __b=NT_0003_P_00000(__a=NT_0000_P_00000(__a=80, __b=24), __b=NT_0000_P_00000(__a=1, __b=4))), __b=NT_0003_P_00000(__a=NT_0000_P_00000(__a=56, __b=55), __b=NT_0000_P_00000(__a=26, __b=2))), __b=NT_0003_P_00000(__a=NT_0000_P_00000(__a=45, __b=53), __b=NT_0000_P_00000(__a=1, __b=4))), __b=NT_0003_P_00000(__a=NT_0000_P_00000(__a=50, __b=34), __b=NT_0000_P_00000(__a=88, __b=13))), __b=NT_0003_P_00001(__a=False)), __b=NT_0003_P_00000(__a=NT_0000_P_00000(__a=26, __b=2), __b=NT_0000_P_00000(__a=38, __b=71))), __b=NT_0003_P_00000(__a=NT_0000_P_00000(__a=31, __b=72), __b=NT_0000_P_00000(__a=88, __b=81))), __b=NT_0003_P_00000(__a=NT_0000_P_00000(__a=1, __b=4), __b=NT_0000_P_00000(__a=1, __b=4))), __b=NT_0003_P_00001(__a=True)), __b=NT_0003_P_00001(__a=True)), __b=NT_0003_P_00000(__a=NT_0000_P_00000(__a=56, __b=55), __b=NT_0000_P_00000(__a=26, __b=2))))"
339.0,14,40,83,13.832648038864136,30028,"NT_0006_P_00000(__a=NT_0005_P_00000(__a=NT_0005_P_00000(__a=NT_0005_P_00000(__a=NT_0005_P_00000(__a=NT_0005_P_00000(__a=NT_0005_P_00000(__a=NT_0005_P_00000(__a=NT_0005_P_00000(__a=NT_0005_P_00000(__a=NT_0005_P_00000(__a=NT_0005_P_00000(__a=NT_0005_P_00001(__a=47), __b=NT_0003_P_00000(__a=NT_0000_P_00000(__a=80, __b=24), __b=NT_0000_P_00000(__a=1, __b=4))), __b=NT_0003_P_00000(__a=NT_0000_P_00000(__a=56, __b=55), __b=NT_0000_P_00000(__a=26, __b=2))), __b=NT_0003_P_00000(__a=NT_0000_P_00000(__a=45, __b=53), __b=NT_0000_P_00000(__a=1, __b=4))), __b=NT_0003_P_00000(__a=NT_0000_P_00000(__a=50, __b=34), __b=NT_0000_P_00000(__a=88, __b=13))), __b=NT_0003_P_00001(__a=False)), __b=NT_0003_P_00000(__a=NT_0000_P_00000(__a=26, __b=2), __b=NT_0000_P_00000(__a=38, __b=71))), __b=NT_0003_P_00000(__a=NT_0000_P_00000(__a=23, __b=83), __b=NT_0000_P_00000(__a=88, __b=81))), __b=NT_0003_P_00000(__a=NT_0000_P_00000(__a=1, __b=4), __b=NT_0000_P_00000(__a=1, __b=4))), __b=NT_0003_P_00001(__a=True)), __b=NT_0003_P_00001(__a=True)), __b=NT_0003_P_00000(__a=NT_0000_P_00000(__a=79, __b=45), __b=NT_0000_P_00000(__a=1, __b=4))))"
339.0,14,40,84,13.904253482818604,30028,"NT_0006_P_00000(__a=NT_0005_P_00000(__a=NT_0005_P_00000(__a=NT_0005_P_00000(__a=NT_0005_P_00000(__a=NT_0005_P_00000(__a=NT_0005_P_00000(__a=NT_0005_P_00000(__a=NT_0005_P_00000(__a=NT_0005_P_00000(__a=NT_0005_P_00000(__a=NT_0005_P_00000(__a=NT_0005_P_00001(__a=47), __b=NT_0003_P_00000(__a=NT_0000_P_00000(__a=80, __b=24), __b=NT_0000_P_00000(__a=1, __b=4))), __b=NT_0003_P_00000(__a=NT_0000_P_00000(__a=56, __b=55), __b=NT_0000_P_00000(__a=26, __b=2))), __b=NT_0003_P_00000(__a=NT_0000_P_00000(__a=45, __b=53), __b=NT_0000_P_00000(__a=1, __b=4))), __b=NT_0003_P_00000(__a=NT_0000_P_00000(__a=50, __b=34), __b=NT_0000_P_00000(__a=88, __b=13))), __b=NT_0003_P_00001(__a=False)), __b=NT_0003_P_00000(__a=NT_0000_P_00000(__a=26, __b=2), __b=NT_0000_P_00000(__a=38, __b=71))), __b=NT_0003_P_00000(__a=NT_0000_P_00000(__a=23, __b=83), __b=NT_0000_P_00000(__a=88, __b=81))), __b=NT_0003_P_00000(__a=NT_0000_P_00000(__a=1, __b=4), __b=NT_0000_P_00000(__a=1, __b=4))), __b=NT_0003_P_00001(__a=True)), __b=NT_0003_P_00001(__a=True)), __b=NT_0003_P_00000(__a=NT_0000_P_00000(__a=79, __b=45), __b=NT_0000_P_00000(__a=1, __b=4))))"
339.0,14,40,85,14.076171398162842,30028,"NT_0006_P_00000(__a=NT_0005_P_00000(__a=NT_0005_P_00000(__a=NT_0005_P_00000(__a=NT_0005_P_00000(__a=NT_0005_P_00000(__a=NT_0005_P_00000(__a=NT_0005_P_00000(__a=NT_0005_P_00000(__a=NT_0005_P_00000(__a=NT_0005_P_00000(__a=NT_0005_P_00000(__a=NT_0005_P_00001(__a=47), __b=NT_0003_P_00000(__a=NT_0000_P_00000(__a=80, __b=24), __b=NT_0000_P_00000(__a=1, __b=4))), __b=NT_0003_P_00000(__a=NT_0000_P_00000(__a=56, __b=55), __b=NT_0000_P_00000(__a=26, __b=2))), __b=NT_0003_P_00000(__a=NT_0000_P_00000(__a=45, __b=53), __b=NT_0000_P_00000(__a=1, __b=4))), __b=NT_0003_P_00000(__a=NT_0000_P_00000(__a=50, __b=34), __b=NT_0000_P_00000(__a=88, __b=13))), __b=NT_0003_P_00001(__a=False)), __b=NT_0003_P_00000(__a=NT_0000_P_00000(__a=26, __b=2), __b=NT_0000_P_00000(__a=38, __b=71))), __b=NT_0003_P_00000(__a=NT_0000_P_00000(__a=23, __b=83), __b=NT_0000_P_00000(__a=88, __b=81))), __b=NT_0003_P_00000(__a=NT_0000_P_00000(__a=1, __b=4), __b=NT_0000_P_00000(__a=1, __b=4))), __b=NT_0003_P_00001(__a=True)), __b=NT_0003_P_00001(__a=True)), __b=NT_0003_P_00000(__a=NT_0000_P_00000(__a=79, __b=45), __b=NT_0000_P_00000(__a=1, __b=4))))"
339.0,14,40,86,14.191020011901855,30028,"NT_0006_P_00000(__a=NT_0005_P_00000(__a=NT_0005_P_00000(__a=NT_0005_P_00000(__a=NT_0005_P_00000(__a=NT_0005_P_00000(__a=NT_0005_P_00000(__a=NT_0005_P_00000(__a=NT_0005_P_00000(__a=NT_0005_P_00000(__a=NT_0005_P_00000(__a=NT_0005_P_00000(__a=NT_0005_P_00001(__a=47), __b=NT_0003_P_00000(__a=NT_0000_P_00000(__a=80, __b=24), __b=NT_0000_P_00000(__a=1, __b=4))), __b=NT_0003_P_00000(__a=NT_0000_P_00000(__a=56, __b=55), __b=NT_0000_P_00000(__a=26, __b=2))), __b=NT_0003_P_00000(__a=NT_0000_P_00000(__a=45, __b=53), __b=NT_0000_P_00000(__a=1, __b=4))), __b=NT_0003_P_00000(__a=NT_0000_P_00000(__a=50, __b=34), __b=NT_0000_P_00000(__a=88, __b=13))), __b=NT_0003_P_00001(__a=False)), __b=NT_0003_P_00000(__a=NT_0000_P_00000(__a=26, __b=2), __b=NT_0000_P_00000(__a=38, __b=71))), __b=NT_0003_P_00000(__a=NT_0000_P_00000(__a=23, __b=83), __b=NT_0000_P_00000(__a=88, __b=81))), __b=NT_0003_P_00000(__a=NT_0000_P_00000(__a=1, __b=4), __b=NT_0000_P_00000(__a=1, __b=4))), __b=NT_0003_P_00001(__a=True)), __b=NT_0003_P_00001(__a=True)), __b=NT_0003_P_00000(__a=NT_0000_P_00000(__a=79, __b=45), __b=NT_0000_P_00000(__a=1, __b=4))))"
339.0,14,40,87,14.273659944534302,30028,"NT_0006_P_00000(__a=NT_0005_P_00000(__a=NT_0005_P_00000(__a=NT_0005_P_00000(__a=NT_0005_P_00000(__a=NT_0005_P_00000(__a=NT_0005_P_00000(__a=NT_0005_P_00000(__a=NT_0005_P_00000(__a=NT_0005_P_00000(__a=NT_0005_P_00000(__a=NT_0005_P_00000(__a=NT_0005_P_00001(__a=47), __b=NT_0003_P_00000(__a=NT_0000_P_00000(__a=80, __b=24), __b=NT_0000_P_00000(__a=1, __b=4))), __b=NT_0003_P_00000(__a=NT_0000_P_00000(__a=56, __b=55), __b=NT_0000_P_00000(__a=26, __b=2))), __b=NT_0003_P_00000(__a=NT_0000_P_00000(__a=45, __b=53), __b=NT_0000_P_00000(__a=1, __b=4))), __b=NT_0003_P_00000(__a=NT_0000_P_00000(__a=50, __b=34), __b=NT_0000_P_00000(__a=88, __b=13))), __b=NT_0003_P_00001(__a=False)), __b=NT_0003_P_00000(__a=NT_0000_P_00000(__a=26, __b=2), __b=NT_0000_P_00000(__a=38, __b=71))), __b=NT_0003_P_00000(__a=NT_0000_P_00000(__a=23, __b=83), __b=NT_0000_P_00000(__a=88, __b=81))), __b=NT_0003_P_00000(__a=NT_0000_P_00000(__a=1, __b=4), __b=NT_0000_P_00000(__a=1, __b=4))), __b=NT_0003_P_00001(__a=True)), __b=NT_0003_P_00001(__a=True)), __b=NT_0003_P_00000(__a=NT_0000_P_00000(__a=79, __b=45), __b=NT_0000_P_00000(__a=1, __b=4))))"
339.0,14,40,88,14.399474620819092,30028,"NT_0006_P_00000(__a=NT_0005_P_00000(__a=NT_0005_P_00000(__a=NT_0005_P_00000(__a=NT_0005_P_00000(__a=NT_0005_P_00000(__a=NT_0005_P_00000(__a=NT_0005_P_00000(__a=NT_0005_P_00000(__a=NT_0005_P_00000(__a=NT_0005_P_00000(__a=NT_0005_P_00000(__a=NT_0005_P_00001(__a=47), __b=NT_0003_P_00000(__a=NT_0000_P_00000(__a=80, __b=24), __b=NT_0000_P_00000(__a=1, __b=4))), __b=NT_0003_P_00000(__a=NT_0000_P_00000(__a=56, __b=55), __b=NT_0000_P_00000(__a=26, __b=2))), __b=NT_0003_P_00000(__a=NT_0000_P_00000(__a=45, __b=53), __b=NT_0000_P_00000(__a=1, __b=4))), __b=NT_0003_P_00000(__a=NT_0000_P_00000(__a=50, __b=34), __b=NT_0000_P_00000(__a=88, __b=13))), __b=NT_0003_P_00001(__a=False)), __b=NT_0003_P_00000(__a=NT_0000_P_00000(__a=26, __b=2), __b=NT_0000_P_00000(__a=38, __b=71))), __b=NT_0003_P_00000(__a=NT_0000_P_00000(__a=23, __b=83), __b=NT_0000_P_00000(__a=88, __b=81))), __b=NT_0003_P_00000(__a=NT_0000_P_00000(__a=1, __b=4), __b=NT_0000_P_00000(__a=1, __b=4))), __b=NT_0003_P_00001(__a=True)), __b=NT_0003_P_00001(__a=True)), __b=NT_0003_P_00000(__a=NT_0000_P_00000(__a=79, __b=45), __b=NT_0000_P_00000(__a=1, __b=4))))"
339.0,14,40,89,14.464771270751953,30028,"NT_0006_P_00000(__a=NT_0005_P_00000(__a=NT_0005_P_00000(__a=NT_0005_P_00000(__a=NT_0005_P_00000(__a=NT_0005_P_00000(__a=NT_0005_P_00000(__a=NT_0005_P_00000(__a=NT_0005_P_00000(__a=NT_0005_P_00000(__a=NT_0005_P_00000(__a=NT_0005_P_00000(__a=NT_0005_P_00001(__a=47), __b=NT_0003_P_00000(__a=NT_0000_P_00000(__a=80, __b=24), __b=NT_0000_P_00000(__a=1, __b=4))), __b=NT_0003_P_00000(__a=NT_0000_P_00000(__a=56, __b=55), __b=NT_0000_P_00000(__a=26, __b=2))), __b=NT_0003_P_00000(__a=NT_0000_P_00000(__a=45, __b=53), __b=NT_0000_P_00000(__a=1, __b=4))), __b=NT_0003_P_00000(__a=NT_0000_P_00000(__a=50, __b=34), __b=NT_0000_P_00000(__a=88, __b=13))), __b=NT_0003_P_00001(__a=False)), __b=NT_0003_P_00000(__a=NT_0000_P_00000(__a=26, __b=2), __b=NT_0000_P_00000(__a=38, __b=71))), __b=NT_0003_P_00000(__a=NT_0000_P_00000(__a=23, __b=83), __b=NT_0000_P_00000(__a=88, __b=81))), __b=NT_0003_P_00000(__a=NT_0000_P_00000(__a=1, __b=4), __b=NT_0000_P_00000(__a=1, __b=4))), __b=NT_0003_P_00001(__a=True)), __b=NT_0003_P_00001(__a=True)), __b=NT_0003_P_00000(__a=NT_0000_P_00000(__a=79, __b=45), __b=NT_0000_P_00000(__a=1, __b=4))))"
339.0,14,40,90,14.523463010787964,30028,"NT_0006_P_00000(__a=NT_0005_P_00000(__a=NT_0005_P_00000(__a=NT_0005_P_00000(__a=NT_0005_P_00000(__a=NT_0005_P_00000(__a=NT_0005_P_00000(__a=NT_0005_P_00000(__a=NT_0005_P_00000(__a=NT_0005_P_00000(__a=NT_0005_P_00000(__a=NT_0005_P_00000(__a=NT_0005_P_00001(__a=47), __b=NT_0003_P_00000(__a=NT_0000_P_00000(__a=80, __b=24), __b=NT_0000_P_00000(__a=1, __b=4))), __b=NT_0003_P_00000(__a=NT_0000_P_00000(__a=56, __b=55), __b=NT_0000_P_00000(__a=26, __b=2))), __b=NT_0003_P_00000(__a=NT_0000_P_00000(__a=45, __b=53), __b=NT_0000_P_00000(__a=1, __b=4))), __b=NT_0003_P_00000(__a=NT_0000_P_00000(__a=50, __b=34), __b=NT_0000_P_00000(__a=88, __b=13))), __b=NT_0003_P_00001(__a=False)), __b=NT_0003_P_00000(__a=NT_0000_P_00000(__a=26, __b=2), __b=NT_0000_P_00000(__a=38, __b=71))), __b=NT_0003_P_00000(__a=NT_0000_P_00000(__a=23, __b=83), __b=NT_0000_P_00000(__a=88, __b=81))), __b=NT_0003_P_00000(__a=NT_0000_P_00000(__a=1, __b=4), __b=NT_0000_P_00000(__a=1, __b=4))), __b=NT_0003_P_00001(__a=True)), __b=NT_0003_P_00001(__a=True)), __b=NT_0003_P_00000(__a=NT_0000_P_00000(__a=79, __b=45), __b=NT_0000_P_00000(__a=1, __b=4))))"
339.0,14,40,91,14.585705757141113,30028,"NT_0006_P_00000(__a=NT_0005_P_00000(__a=NT_0005_P_00000(__a=NT_0005_P_00000(__a=NT_0005_P_00000(__a=NT_0005_P_00000(__a=NT_0005_P_00000(__a=NT_0005_P_00000(__a=NT_0005_P_00000(__a=NT_0005_P_00000(__a=NT_0005_P_00000(__a=NT_0005_P_00000(__a=NT_0005_P_00001(__a=47), __b=NT_0003_P_00000(__a=NT_0000_P_00000(__a=80, __b=24), __b=NT_0000_P_00000(__a=1, __b=4))), __b=NT_0003_P_00000(__a=NT_0000_P_00000(__a=56, __b=55), __b=NT_0000_P_00000(__a=26, __b=2))), __b=NT_0003_P_00000(__a=NT_0000_P_00000(__a=45, __b=53), __b=NT_0000_P_00000(__a=1, __b=4))), __b=NT_0003_P_00000(__a=NT_0000_P_00000(__a=50, __b=34), __b=NT_0000_P_00000(__a=88, __b=13))), __b=NT_0003_P_00001(__a=False)), __b=NT_0003_P_00000(__a=NT_0000_P_00000(__a=26, __b=2), __b=NT_0000_P_00000(__a=38, __b=71))), __b=NT_0003_P_00000(__a=NT_0000_P_00000(__a=23, __b=83), __b=NT_0000_P_00000(__a=88, __b=81))), __b=NT_0003_P_00000(__a=NT_0000_P_00000(__a=1, __b=4), __b=NT_0000_P_00000(__a=1, __b=4))), __b=NT_0003_P_00001(__a=True)), __b=NT_0003_P_00001(__a=True)), __b=NT_0003_P_00000(__a=NT_0000_P_00000(__a=79, __b=45), __b=NT_0000_P_00000(__a=1, __b=4))))"
339.0,14,40,92,14.640400886535645,30028,"NT_0006_P_00000(__a=NT_0005_P_00000(__a=NT_0005_P_00000(__a=NT_0005_P_00000(__a=NT_0005_P_00000(__a=NT_0005_P_00000(__a=NT_0005_P_00000(__a=NT_0005_P_00000(__a=NT_0005_P_00000(__a=NT_0005_P_00000(__a=NT_0005_P_00000(__a=NT_0005_P_00000(__a=NT_0005_P_00001(__a=47), __b=NT_0003_P_00000(__a=NT_0000_P_00000(__a=80, __b=24), __b=NT_0000_P_00000(__a=1, __b=4))), __b=NT_0003_P_00000(__a=NT_0000_P_00000(__a=56, __b=55), __b=NT_0000_P_00000(__a=26, __b=2))), __b=NT_0003_P_00000(__a=NT_0000_P_00000(__a=45, __b=53), __b=NT_0000_P_00000(__a=1, __b=4))), __b=NT_0003_P_00000(__a=NT_0000_P_00000(__a=50, __b=34), __b=NT_0000_P_00000(__a=88, __b=13))), __b=NT_0003_P_00001(__a=False)), __b=NT_0003_P_00000(__a=NT_0000_P_00000(__a=26, __b=2), __b=NT_0000_P_00000(__a=38, __b=71))), __b=NT_0003_P_00000(__a=NT_0000_P_00000(__a=23, __b=83), __b=NT_0000_P_00000(__a=88, __b=81))), __b=NT_0003_P_00000(__a=NT_0000_P_00000(__a=1, __b=4), __b=NT_0000_P_00000(__a=1, __b=4))), __b=NT_0003_P_00001(__a=True)), __b=NT_0003_P_00001(__a=True)), __b=NT_0003_P_00000(__a=NT_0000_P_00000(__a=79, __b=45), __b=NT_0000_P_00000(__a=1, __b=4))))"
339.0,14,40,93,14.711364030838013,30028,"NT_0006_P_00000(__a=NT_0005_P_00000(__a=NT_0005_P_00000(__a=NT_0005_P_00000(__a=NT_0005_P_00000(__a=NT_0005_P_00000(__a=NT_0005_P_00000(__a=NT_0005_P_00000(__a=NT_0005_P_00000(__a=NT_0005_P_00000(__a=NT_0005_P_00000(__a=NT_0005_P_00000(__a=NT_0005_P_00001(__a=47), __b=NT_0003_P_00000(__a=NT_0000_P_00000(__a=80, __b=24), __b=NT_0000_P_00000(__a=1, __b=4))), __b=NT_0003_P_00000(__a=NT_0000_P_00000(__a=56, __b=55), __b=NT_0000_P_00000(__a=26, __b=2))), __b=NT_0003_P_00000(__a=NT_0000_P_00000(__a=45, __b=53), __b=NT_0000_P_00000(__a=1, __b=4))), __b=NT_0003_P_00000(__a=NT_0000_P_00000(__a=50, __b=34), __b=NT_0000_P_00000(__a=88, __b=13))), __b=NT_0003_P_00001(__a=False)), __b=NT_0003_P_00000(__a=NT_0000_P_00000(__a=26, __b=2), __b=NT_0000_P_00000(__a=38, __b=71))), __b=NT_0003_P_00000(__a=NT_0000_P_00000(__a=23, __b=83), __b=NT_0000_P_00000(__a=88, __b=81))), __b=NT_0003_P_00000(__a=NT_0000_P_00000(__a=1, __b=4), __b=NT_0000_P_00000(__a=1, __b=4))), __b=NT_0003_P_00001(__a=True)), __b=NT_0003_P_00001(__a=True)), __b=NT_0003_P_00000(__a=NT_0000_P_00000(__a=79, __b=45), __b=NT_0000_P_00000(__a=1, __b=4))))"
339.0,14,40,94,14.764958620071411,30028,"NT_0006_P_00000(__a=NT_0005_P_00000(__a=NT_0005_P_00000(__a=NT_0005_P_00000(__a=NT_0005_P_00000(__a=NT_0005_P_00000(__a=NT_0005_P_00000(__a=NT_0005_P_00000(__a=NT_0005_P_00000(__a=NT_0005_P_00000(__a=NT_0005_P_00000(__a=NT_0005_P_00000(__a=NT_0005_P_00001(__a=47), __b=NT_0003_P_00000(__a=NT_0000_P_00000(__a=80, __b=24), __b=NT_0000_P_00000(__a=1, __b=4))), __b=NT_0003_P_00000(__a=NT_0000_P_00000(__a=56, __b=55), __b=NT_0000_P_00000(__a=26, __b=2))), __b=NT_0003_P_00000(__a=NT_0000_P_00000(__a=45, __b=53), __b=NT_0000_P_00000(__a=1, __b=4))), __b=NT_0003_P_00000(__a=NT_0000_P_00000(__a=50, __b=34), __b=NT_0000_P_00000(__a=88, __b=13))), __b=NT_0003_P_00001(__a=False)), __b=NT_0003_P_00000(__a=NT_0000_P_00000(__a=26, __b=2), __b=NT_0000_P_00000(__a=38, __b=71))), __b=NT_0003_P_00000(__a=NT_0000_P_00000(__a=23, __b=83), __b=NT_0000_P_00000(__a=88, __b=81))), __b=NT_0003_P_00000(__a=NT_0000_P_00000(__a=1, __b=4), __b=NT_0000_P_00000(__a=1, __b=4))), __b=NT_0003_P_00001(__a=True)), __b=NT_0003_P_00001(__a=True)), __b=NT_0003_P_00000(__a=NT_0000_P_00000(__a=79, __b=45), __b=NT_0000_P_00000(__a=1, __b=4))))"
339.0,14,40,95,14.844212055206299,30028,"NT_0006_P_00000(__a=NT_0005_P_00000(__a=NT_0005_P_00000(__a=NT_0005_P_00000(__a=NT_0005_P_00000(__a=NT_0005_P_00000(__a=NT_0005_P_00000(__a=NT_0005_P_00000(__a=NT_0005_P_00000(__a=NT_0005_P_00000(__a=NT_0005_P_00000(__a=NT_0005_P_00000(__a=NT_0005_P_00001(__a=47), __b=NT_0003_P_00000(__a=NT_0000_P_00000(__a=80, __b=24), __b=NT_0000_P_00000(__a=1, __b=4))), __b=NT_0003_P_00000(__a=NT_0000_P_00000(__a=56, __b=55), __b=NT_0000_P_00000(__a=26, __b=2))), __b=NT_0003_P_00000(__a=NT_0000_P_00000(__a=45, __b=53), __b=NT_0000_P_00000(__a=1, __b=4))), __b=NT_0003_P_00000(__a=NT_0000_P_00000(__a=50, __b=34), __b=NT_0000_P_00000(__a=88, __b=13))), __b=NT_0003_P_00001(__a=False)), __b=NT_0003_P_00000(__a=NT_0000_P_00000(__a=26, __b=2), __b=NT_0000_P_00000(__a=38, __b=71))), __b=NT_0003_P_00000(__a=NT_0000_P_00000(__a=23, __b=83), __b=NT_0000_P_00000(__a=88, __b=81))), __b=NT_0003_P_00000(__a=NT_0000_P_00000(__a=1, __b=4), __b=NT_0000_P_00000(__a=1, __b=4))), __b=NT_0003_P_00001(__a=True)), __b=NT_0003_P_00001(__a=True)), __b=NT_0003_P_00000(__a=NT_0000_P_00000(__a=79, __b=45), __b=NT_0000_P_00000(__a=1, __b=4))))"
339.0,14,40,96,14.90485954284668,30028,"NT_0006_P_00000(__a=NT_0005_P_00000(__a=NT_0005_P_00000(__a=NT_0005_P_00000(__a=NT_0005_P_00000(__a=NT_0005_P_00000(__a=NT_0005_P_00000(__a=NT_0005_P_00000(__a=NT_0005_P_00000(__a=NT_0005_P_00000(__a=NT_0005_P_00000(__a=NT_0005_P_00000(__a=NT_0005_P_00001(__a=47), __b=NT_0003_P_00000(__a=NT_0000_P_00000(__a=80, __b=24), __b=NT_0000_P_00000(__a=1, __b=4))), __b=NT_0003_P_00000(__a=NT_0000_P_00000(__a=56, __b=55), __b=NT_0000_P_00000(__a=26, __b=2))), __b=NT_0003_P_00000(__a=NT_0000_P_00000(__a=45, __b=53), __b=NT_0000_P_00000(__a=1, __b=4))), __b=NT_0003_P_00000(__a=NT_0000_P_00000(__a=50, __b=34), __b=NT_0000_P_00000(__a=88, __b=13))), __b=NT_0003_P_00001(__a=False)), __b=NT_0003_P_00000(__a=NT_0000_P_00000(__a=26, __b=2), __b=NT_0000_P_00000(__a=38, __b=71))), __b=NT_0003_P_00000(__a=NT_0000_P_00000(__a=23, __b=83), __b=NT_0000_P_00000(__a=88, __b=81))), __b=NT_0003_P_00000(__a=NT_0000_P_00000(__a=1, __b=4), __b=NT_0000_P_00000(__a=1, __b=4))), __b=NT_0003_P_00001(__a=True)), __b=NT_0003_P_00001(__a=True)), __b=NT_0003_P_00000(__a=NT_0000_P_00000(__a=79, __b=45), __b=NT_0000_P_00000(__a=1, __b=4))))"
338.0,14,40,97,14.971633434295654,30028,"NT_0006_P_00000(__a=NT_0005_P_00000(__a=NT_0005_P_00000(__a=NT_0005_P_00000(__a=NT_0005_P_00000(__a=NT_0005_P_00000(__a=NT_0005_P_00000(__a=NT_0005_P_00000(__a=NT_0005_P_00000(__a=NT_0005_P_00000(__a=NT_0005_P_00000(__a=NT_0005_P_00000(__a=NT_0005_P_00001(__a=47), __b=NT_0003_P_00000(__a=NT_0000_P_00000(__a=26, __b=2), __b=NT_0000_P_00000(__a=38, __b=71))), __b=NT_0003_P_00000(__a=NT_0000_P_00000(__a=26, __b=2), __b=NT_0000_P_00000(__a=26, __b=2))), __b=NT_0003_P_00000(__a=NT_0000_P_00000(__a=75, __b=21), __b=NT_0000_P_00000(__a=1, __b=4))), __b=NT_0003_P_00000(__a=NT_0000_P_00000(__a=50, __b=34), __b=NT_0000_P_00000(__a=88, __b=13))), __b=NT_0003_P_00001(__a=False)), __b=NT_0003_P_00000(__a=NT_0000_P_00000(__a=26, __b=2), __b=NT_0000_P_00000(__a=38, __b=71))), __b=NT_0003_P_00000(__a=NT_0000_P_00000(__a=23, __b=83), __b=NT_0000_P_00000(__a=88, __b=81))), __b=NT_0003_P_00000(__a=NT_0000_P_00000(__a=1, __b=4), __b=NT_0000_P_00000(__a=1, __b=4))), __b=NT_0003_P_00001(__a=True)), __b=NT_0003_P_00001(__a=True)), __b=NT_0003_P_00000(__a=NT_0000_P_00000(__a=26, __b=2), __b=NT_0000_P_00000(__a=26, __b=2))))"
338.0,14,40,98,15.035723209381104,30028,"NT_0006_P_00000(__a=NT_0005_P_00000(__a=NT_0005_P_00000(__a=NT_0005_P_00000(__a=NT_0005_P_00000(__a=NT_0005_P_00000(__a=NT_0005_P_00000(__a=NT_0005_P_00000(__a=NT_0005_P_00000(__a=NT_0005_P_00000(__a=NT_0005_P_00000(__a=NT_0005_P_00000(__a=NT_0005_P_00001(__a=47), __b=NT_0003_P_00000(__a=NT_0000_P_00000(__a=26, __b=2), __b=NT_0000_P_00000(__a=38, __b=71))), __b=NT_0003_P_00000(__a=NT_0000_P_00000(__a=26, __b=2), __b=NT_0000_P_00000(__a=26, __b=2))), __b=NT_0003_P_00000(__a=NT_0000_P_00000(__a=75, __b=21), __b=NT_0000_P_00000(__a=1, __b=4))), __b=NT_0003_P_00000(__a=NT_0000_P_00000(__a=50, __b=34), __b=NT_0000_P_00000(__a=88, __b=13))), __b=NT_0003_P_00001(__a=False)), __b=NT_0003_P_00000(__a=NT_0000_P_00000(__a=26, __b=2), __b=NT_0000_P_00000(__a=38, __b=71))), __b=NT_0003_P_00000(__a=NT_0000_P_00000(__a=23, __b=83), __b=NT_0000_P_00000(__a=88, __b=81))), __b=NT_0003_P_00000(__a=NT_0000_P_00000(__a=1, __b=4), __b=NT_0000_P_00000(__a=1, __b=4))), __b=NT_0003_P_00001(__a=True)), __b=NT_0003_P_00001(__a=True)), __b=NT_0003_P_00000(__a=NT_0000_P_00000(__a=26, __b=2), __b=NT_0000_P_00000(__a=26, __b=2))))"
338.0,14,40,99,15.092463254928589,30028,"NT_0006_P_00000(__a=NT_0005_P_00000(__a=NT_0005_P_00000(__a=NT_0005_P_00000(__a=NT_0005_P_00000(__a=NT_0005_P_00000(__a=NT_0005_P_00000(__a=NT_0005_P_00000(__a=NT_0005_P_00000(__a=NT_0005_P_00000(__a=NT_0005_P_00000(__a=NT_0005_P_00000(__a=NT_0005_P_00001(__a=47), __b=NT_0003_P_00000(__a=NT_0000_P_00000(__a=26, __b=2), __b=NT_0000_P_00000(__a=38, __b=71))), __b=NT_0003_P_00000(__a=NT_0000_P_00000(__a=26, __b=2), __b=NT_0000_P_00000(__a=26, __b=2))), __b=NT_0003_P_00000(__a=NT_0000_P_00000(__a=75, __b=21), __b=NT_0000_P_00000(__a=1, __b=4))), __b=NT_0003_P_00000(__a=NT_0000_P_00000(__a=50, __b=34), __b=NT_0000_P_00000(__a=88, __b=13))), __b=NT_0003_P_00001(__a=False)), __b=NT_0003_P_00000(__a=NT_0000_P_00000(__a=26, __b=2), __b=NT_0000_P_00000(__a=38, __b=71))), __b=NT_0003_P_00000(__a=NT_0000_P_00000(__a=23, __b=83), __b=NT_0000_P_00000(__a=88, __b=81))), __b=NT_0003_P_00000(__a=NT_0000_P_00000(__a=1, __b=4), __b=NT_0000_P_00000(__a=1, __b=4))), __b=NT_0003_P_00001(__a=True)), __b=NT_0003_P_00001(__a=True)), __b=NT_0003_P_00000(__a=NT_0000_P_00000(__a=26, __b=2), __b=NT_0000_P_00000(__a=26, __b=2))))"
338.0,14,40,100,15.149597883224487,30028,"NT_0006_P_00000(__a=NT_0005_P_00000(__a=NT_0005_P_00000(__a=NT_0005_P_00000(__a=NT_0005_P_00000(__a=NT_0005_P_00000(__a=NT_0005_P_00000(__a=NT_0005_P_00000(__a=NT_0005_P_00000(__a=NT_0005_P_00000(__a=NT_0005_P_00000(__a=NT_0005_P_00000(__a=NT_0005_P_00001(__a=47), __b=NT_0003_P_00000(__a=NT_0000_P_00000(__a=26, __b=2), __b=NT_0000_P_00000(__a=38, __b=71))), __b=NT_0003_P_00000(__a=NT_0000_P_00000(__a=26, __b=2), __b=NT_0000_P_00000(__a=26, __b=2))), __b=NT_0003_P_00000(__a=NT_0000_P_00000(__a=75, __b=21), __b=NT_0000_P_00000(__a=1, __b=4))), __b=NT_0003_P_00000(__a=NT_0000_P_00000(__a=50, __b=34), __b=NT_0000_P_00000(__a=88, __b=13))), __b=NT_0003_P_00001(__a=False)), __b=NT_0003_P_00000(__a=NT_0000_P_00000(__a=26, __b=2), __b=NT_0000_P_00000(__a=38, __b=71))), __b=NT_0003_P_00000(__a=NT_0000_P_00000(__a=23, __b=83), __b=NT_0000_P_00000(__a=88, __b=81))), __b=NT_0003_P_00000(__a=NT_0000_P_00000(__a=1, __b=4), __b=NT_0000_P_00000(__a=1, __b=4))), __b=NT_0003_P_00001(__a=True)), __b=NT_0003_P_00001(__a=True)), __b=NT_0003_P_00000(__a=NT_0000_P_00000(__a=26, __b=2), __b=NT_0000_P_00000(__a=26, __b=2))))"
