Fitness,Depth,Nodes,Generations,time_since_the_start_of_the_evolution,seed,genotype_as_str
0.0,3,5,1,2.559633493423462,20660,"Genotype(dna=[14695, 42372, 93925, 1828, 28105, 70298, 12324, 5334, 30065, 69618, 11711, 47803, 64451, 78701, 71037, 24793, 28695, 99269, 39395, 77825, 37136, 57599, 46800, 10074, 19411, 44505, 79827, 88988, 24462, 27542, 26436, 14317, 57324, 94671, 22686, 51076, 98719, 10327, 8337, 60975, 9608, 58206, 39249, 48012, 41027, 68109, 9285, 49808, 30860, 12293, 34262, 84727, 43047, 26676, 62434, 51862, 24216, 65097, 62734, 48082, 89792, 18446, 18781, 8928, 58007, 85159, 45402, 57105, 17171, 17127, 56603, 517, 95164, 14361, 55614, 95832, 46424, 7348, 24001, 53954, 7487, 34250, 63528, 25845, 64235, 91504, 86324, 98296, 69305, 64483, 48571, 51585, 55438, 72010, 13492, 70524, 87251, 54600, 1929, 76644, 71162, 54920, 70619, 87842, 83264, 37575, 65326, 85201, 50931, 79246, 13640, 69190, 88445, 68972, 99508, 47971, 20929, 56736, 65518, 26265, 21760, 6, 2732, 78337, 92156, 34177, 6357, 31122, 69060, 11604, 20256, 77441, 74975, 28628, 73542, 10587, 10924, 10728, 68996, 56244, 16891, 42160, 12722, 39657, 63369, 29731, 60392, 97471, 23048, 79167, 43179, 50884, 28566, 75056, 78823, 1961, 93803, 32630, 69852, 16844, 39043, 7160, 31604, 89175, 11813, 27844, 252, 74908, 3606, 85559, 3625, 34622, 12973, 34017, 48686, 97996, 66943, 52248, 7268, 31472, 74336, 8742, 71015, 44881, 25235, 48033, 18713, 87884, 89406, 96210, 84142, 46016, 49367, 98267, 51100, 52616, 75611, 21988, 11268, 29315, 32511, 87064, 69141, 93372, 21702, 84330, 30385, 48042, 9584, 68129, 79329, 49545, 56807, 17390, 56665, 20030, 44347, 83503, 28714, 60688, 64553, 60989, 11729, 38750, 10949, 52462, 69884, 14726, 2040, 64110, 22292, 40046, 30567, 923, 5219, 16425, 61006, 68636, 25697, 53009, 28348, 92102, 17983, 72006, 4107, 20073, 13187, 70187, 49586, 15141, 30954, 23794, 82682, 48758, 98407, 25124])"
