Fitness,Depth,Nodes,Generations,time_since_the_start_of_the_evolution,seed,genotype_as_str
941.0,9,176,1,2.5113701820373535,10696,"Genotype(dna={""<class 'abc.NT_0017'>"": [1, 9224], ""<class 'abc.NT_0017_P_00000'>"": [], ""<class 'abc.NT_0005'>"": [0, 1, 78802, 12158, 39316, 76273, 97479, 90633], ""<class 'abc.NT_0005_P_00000'>"": [], ""<class 'abc.NT_0005_P_00001'>"": [], ""<class 'bool'>"": [84999, 28488, 78745, 74465, 54864, 17890, 22220, 81494, 11196, 69809, 61245, 80970, 59031, 22762, 5961, 45757, 45589, 10807, 14782, 6975, 77464, 89143, 58527, 87729, 94847, 62019, 49113, 58378, 53170, 95528, 23383, 82543, 14478, 66708, 54731, 89098, 32143, 7859, 40028, 24185, 47559, 83429, 90839, 4278, 26457, 79584, 20529, 98243, 85958, 98174, 6785, 88501, 55012, 33130, 41129, 58441, 43664, 99446, 83751, 30410, 64020, 44540, 81585, 7120, 37923, 10103, 73391, 89114, 64247, 3546, 72400, 52366, 28775, 29390, 68435, 68810, 6744, 29451, 12483, 33008, 61810, 97441, 17083, 48182, 97610, 57753, 26303, 45688, 91985, 64549, 7322, 74594, 36898, 57378, 19802, 77078, 18809, 59896, 45688, 23178, 9880, 95713, 53145, 58733, 19385, 60055, 80733, 37891, 30657, 93224, 3662, 48300, 39234, 29456, 46465, 27619, 95361, 27532, 46356, 95674, 30680, 64142, 64196, 52536, 39063, 77585, 11909, 45735, 22343, 15823, 85441, 59982, 37416, 11596, 78873, 67187, 22642, 64179, 28050, 39669, 62179, 29319, 23731, 29231, 17100, 93335, 70044, 71087, 58529, 78370, 40605], ""<class 'int'>"": [88091, 54758, 80960, 4147, 58985, 98835, 47715, 12380, 43928, 18156, 46293, 82997, 26546, 21931, 20632, 91665, 69275, 46303, 61738, 80613, 63967, 92163, 79154, 79668, 18313, 6071, 50712, 91463, 54716, 33220, 52575, 78591, 28324, 24851, 385, 86434, 6594, 95864, 73814, 31907, 78386, 70908, 60125, 88976, 64506, 45119, 63026, 18677, 76141, 62129, 40973, 74468, 90479, 50241, 61828, 14612, 64587, 47259, 69389, 94754, 21182, 99643, 3451, 67066, 55205, 22485, 89443, 64321, 10288, 23574, 78426, 55280, 17305, 68878, 94325, 9074, 35370, 56456, 95300, 73961, 59051, 835, 21640, 2744, 30054, 96306, 55542, 57066, 65643, 55789, 97088, 62680, 1528, 56005, 81492, 81002, 48234, 28842, 92105, 38714, 65511, 82476, 73240, 25988, 68682, 44459, 1059, 85277, 54664, 55169, 72830, 29209, 32377, 56597, 43815, 46740, 16019, 36704, 45880, 54624, 42934, 87720, 75207, 56054, 59737, 79252, 96186, 60558, 8582, 3209, 7798, 18736, 20655, 95860, 60671, 36386, 88318, 80757, 13740, 58523, 36742, 48071, 76427, 91397, 47115, 74907, 19807, 19166, 48854, 4778, 9526, 30084, 70329, 29929, 24152, 98179, 6661, 59360, 47157, 52018, 24734, 716, 46264, 89982, 86072, 78100, 64619, 77321], ""<class 'abc.NT_0010'>"": [0, 1, 1, 1, 33763], ""<class 'abc.NT_0010_P_00000'>"": [], ""<class 'abc.NT_0006'>"": [], ""<class 'abc.NT_0006_P_00000'>"": [], ""<class 'abc.NT_0006_P_00001'>"": [], ""<class 'abc.NT_0002'>"": [1, 1, 2, 1, 1, 1, 1, 0, 2, 1, 1, 0, 2, 0, 1, 0, 2, 1, 53720, 1, 0, 0, 2, 1, 1, 0, 0, 2, 0, 0, 0, 2, 1, 64800, 99864], ""<class 'abc.NT_0002_P_00000'>"": [], ""<class 'abc.NT_0001'>"": [0, 0, 0, 1, 0, 0, 0, 87464, 0, 1, 0, 0, 1, 0, 0, 0, 0, 0, 1, 1, 1, 0, 1, 0, 0, 1, 1, 1, 0, 1, 0, 1, 0, 0, 0, 0, 0, 1, 1, 0, 1, 0, 0, 1, 1, 0, 1, 0, 0, 1, 1, 0, 34174], ""<class 'abc.NT_0001_P_00000'>"": [], ""<class 'abc.NT_0001_P_00001'>"": [], ""<class 'abc.NT_0000'>"": [0, 1, 0, 1, 1, 0, 1, 0, 0, 0, 1, 0, 79033, 0, 0, 1, 0, 1, 1, 0, 1, 1, 0, 0, 0, 1, 0, 0, 0, 1, 0, 0, 0, 0, 36338, 0, 1, 1, 36793, 0, 0, 1, 0, 1, 1, 1, 92627, 0, 1, 0, 0, 0, 0, 0, 0, 1, 7859, 1, 1, 0, 0, 0, 0, 0, 0, 1, 99429, 0, 0, 0, 1, 0, 0, 0, 0, 0, 1, 1, 1, 0, 1, 1, 1, 1, 0, 1, 69299], ""<class 'abc.NT_0000_P_00000'>"": [], ""<class 'abc.NT_0000_P_00001'>"": [], ""<class 'abc.NT_0002_P_00001'>"": [], ""<class 'abc.NT_0002_P_00002'>"": [], ""<class 'abc.NT_0006_P_00002'>"": [], ""<class 'abc.NT_0007'>"": [2, 1, 61311, 92825, 36389, 96728], ""<class 'abc.NT_0007_P_00000'>"": [], ""<class 'abc.NT_0007_P_00001'>"": [], ""<class 'abc.NT_0007_P_00002'>"": [], ""<class 'abc.NT_0004'>"": [1, 1, 2, 2, 1, 2, 90007, 90154], ""<class 'abc.NT_0004_P_00000'>"": [], ""<class 'abc.NT_0003'>"": [0, 0, 3, 2, 2, 3, 3, 2, 31564, 10320], ""<class 'abc.NT_0003_P_00000'>"": [], ""<class 'abc.NT_0003_P_00001'>"": [], ""<class 'abc.NT_0003_P_00002'>"": [], ""<class 'abc.NT_0003_P_00003'>"": [], ""<class 'abc.NT_0004_P_00001'>"": [], ""<class 'abc.NT_0004_P_00002'>"": [], ""<class 'abc.NT_0009'>"": [3, 3, 2, 2, 45085], ""<class 'abc.NT_0009_P_00000'>"": [], ""<class 'abc.NT_0008'>"": [0, 0, 0, 0, 55249], ""<class 'abc.NT_0008_P_00000'>"": [], ""<class 'abc.NT_0009_P_00001'>"": [], ""<class 'abc.NT_0009_P_00002'>"": [], ""<class 'abc.NT_0009_P_00003'>"": [], ""<class 'abc.NT_0010_P_00001'>"": [], ""<class 'abc.NT_0010_P_00002'>"": [], ""<class 'abc.NT_0017_P_00001'>"": [], ""<class 'abc.NT_0012'>"": [0, 0, 27606, 0, 0, 65962], ""<class 'abc.NT_0012_P_00000'>"": [], ""<class 'abc.NT_0012_P_00001'>"": [], ""<class 'abc.NT_0017_P_00002'>"": [], ""<class 'abc.NT_0013'>"": [0, 72085], ""<class 'abc.NT_0013_P_00000'>"": [], ""<class 'abc.NT_0011'>"": [0, 94522], ""<class 'abc.NT_0011_P_00000'>"": [], ""<class 'abc.NT_0011_P_00001'>"": [], ""<class 'abc.NT_0011_P_00002'>"": [], ""<class 'abc.NT_0013_P_00001'>"": [], ""<class 'abc.NT_0013_P_00002'>"": [], ""<class 'abc.NT_0017_P_00003'>"": [], ""<class 'abc.NT_0016'>"": [0, 20070], ""<class 'abc.NT_0016_P_00000'>"": [], ""<class 'abc.NT_0016_P_00001'>"": [], ""<class 'abc.NT_0016_P_00002'>"": [], '$leftovers': [87578, 91961, 191, 10543, 63753, 51064, 57608, 20567, 77010, 84533, 75572, 54841, 18619, 87236, 45131, 88466, 65131, 7245, 90621, 21309, 41416, 85919, 81047, 84449, 45726, 23018, 47137, 99488, 74697, 80083, 94117, 6517, 49113, 78556, 56579, 55862, 12350, 94125, 9159, 26929, 17698, 64930, 25006, 41852, 59834, 29509, 51398, 28202, 21011, 23416, 20510, 36622, 93968, 3253, 69056, 52352, 89677, 45556, 41234, 41900, 52110, 89925, 11890, 6914, 58699, 23914, 34798, 27238, 35383, 72473, 52086, 1245, 73669, 99644, 29509, 28800, 57813, 50971, 55222, 27905, 25024, 27321, 70278, 42435, 99656, 29895, 15396, 36757, 19015, 22267, 40917, 86070, 39269, 44017, 82048, 31777, 85230, 51305, 59804, 8298, 87182, 65541, 77340, 8618, 551, 24010, 98511, 24965, 29911, 98221, 91628, 4264, 7706, 75832, 61267, 77715, 80757, 31118, 65554, 49162, 37039, 18364, 87000, 92413, 47634, 20248, 65858, 30151, 56090, 53958, 4566, 29776, 99637, 86879, 34384, 13997, 66409, 55082, 54692, 29834, 44208, 61786, 47362, 49033, 93966, 41272, 34605, 37558, 49559, 92500, 14311, 18890, 14987, 87820, 66406, 11190, 48807, 20081, 83270, 41092, 36956, 20112, 22077, 73977, 42077, 26902, 60525, 98963, 27401, 30129, 7538, 33527, 45674, 75139, 88029, 21303, 82014, 74684, 1603, 26334, 54706, 19787, 96696, 30427, 47936, 55455, 93768, 12020, 29642, 44292, 63152, 30410, 84300, 85211, 8155, 39705, 79541, 41671, 16707, 44310, 67420, 91787, 81890, 67743, 38868, 48801, 54862, 194, 801, 83153, 26352, 19549, 83660, 37786, 26054, 14558, 18934, 20443, 47694, 79542, 40099, 81125, 58954, 52456, 31595, 42471, 73361, 34939, 68676, 66377, 63737, 59223, 6364, 37403, 21620, 11343, 92570, 32377, 6823, 129, 67101, 23110, 19196, 7472, 9392, 11283, 65926, 25890, 25315, 73005, 6885, 96807, 91502, 68812, 91664, 30405, 49274, 41556, 63227, 14949, 14356, 89668, 76476, 41064, 7802, 24050, 53990, 64311, 90980, 40421, 54959, 90225, 51778, 95002, 36730, 57411, 83952, 81872, 70476, 53665, 20230, 17388, 68796, 45026, 65442, 42496, 82693, 65929, 54310, 35585, 28916, 56845, 78442, 49082, 62822, 9926, 34466, 64198, 55772, 89068, 49207, 84380, 84322, 91644, 64241, 81302, 59181, 78019, 37510, 15389, 7826, 25, 95981, 33129, 74097, 37395, 30913, 36165, 1434, 72791, 71001, 79084, 29317, 91404, 68732, 98301, 49419, 68880, 45360, 57978, 14303, 31275, 90940, 55736, 48551, 79219, 52292, 11415, 65938, 1250, 49287, 9903, 89873, 62300, 7590, 37497, 79110, 33435, 75935, 43006, 69203, 74407, 72823, 60351, 38831, 90253, 63007, 48893, 88725, 37502, 47789, 24252, 3381, 25499, 66528, 93158, 5240, 48223, 38856, 7582, 18703, 81570, 79561, 51778, 12002, 46643, 95298, 20400, 6255, 5641, 68771, 97650, 9971, 89854, 21658, 51257, 89582, 91098, 65024, 17351, 37770, 29912, 81644, 14157, 25042, 44455, 75919, 61028, 77592, 33602, 85118, 49246, 61135, 75784, 23080, 36584, 89927, 93370, 23542, 90468, 50504, 8092, 57356, 55428, 94056, 38058, 28058, 90020, 73472, 63974, 11036, 58810, 12621, 64061, 79610, 43643, 13944, 79601, 47179, 33701, 32331, 52698, 81758, 34369, 57149, 37628, 76395, 17872, 87866, 71777, 23144, 29182, 10353, 28780, 57868, 7302, 11147, 35402, 17681, 90676, 44591, 10025, 88491, 95896, 56777, 53821, 26228, 83291, 63468, 8798, 3685, 44772, 20119, 17079, 78578, 41418, 69994, 53437, 71779, 28740, 3360, 2922, 43448, 89818, 3475, 7109, 63330, 50940, 45806, 72304, 12519, 65307, 91013, 4397, 6882, 67321, 35314, 2936, 41506, 81820, 46777, 12233, 42611, 91308, 76272, 48885, 3215, 85464, 53845, 13590, 28946, 61038, 10832, 69419, 46773, 94426, 33679, 71860, 68674, 73539, 8593, 75810, 79948, 69472, 97977, 77961, 74872, 41255, 57237, 69299, 68733, 86154, 51335, 44843, 35460, 15230, 89043, 90690, 48745, 90741, 98640, 29682, 2098, 93722, 45230, 45867, 57475, 41164, 74422, 85318, 18525, 97686, 57413, 80171, 92057, 93346, 42476, 31833, 19958, 67272, 91601, 53980, 28577, 76107, 60468, 24296, 37132, 33616, 66647, 64132, 7159, 1431, 95759, 73311, 76835, 26997, 92065, 29814, 84389, 98155, 49469, 74402, 10856, 51444, 16661, 86833, 26880, 53743, 10373, 91480, 91683, 667, 13406, 9336, 88115, 1615, 91934, 4396, 18612, 32189, 33352, 82658, 50967, 17929, 92156, 99630, 95113, 70075, 15064, 71608, 88616, 27694, 13253, 35495, 18835, 77563, 71240, 85783, 99042, 85170, 14785, 32284, 42908, 54543, 7363, 28563, 18355, 15088, 94845, 93322, 12527, 42902, 73687, 28216, 65305, 13488, 85507, 43891, 3053, 97498, 54958, 48470, 72120, 2268, 27277, 2815, 10260, 69780, 83058, 55418, 2634, 16448, 82539, 83257, 80333, 98971, 28006, 27997, 62812, 86613, 30111, 22883, 99681, 48825, 30825, 52237, 78926, 65382, 81351, 45846, 20200, 29253, 32002, 87794, 98248, 76889, 52421, 35294, 25202, 56680, 18063, 30053, 32028, 57557, 92652, 31120, 9950, 36679, 44135, 47668, 10400, 32531, 26931, 90601, 28377, 88291, 24685, 45770, 48931, 45934, 45983, 34695, 10176, 83350, 65380, 63508, 37120, 28612, 76764, 59360, 60672, 81876, 8781, 47386, 20675, 39645, 44298, 17330, 6396, 57064, 54834, 59623, 30006, 21418, 17045, 49881, 28736, 2499, 39275, 5090, 84759, 29177, 72603, 40169, 6982, 74521, 25263, 42103, 18425, 74473, 17502, 37765, 17986, 30587, 6227, 26567, 72205, 86459, 89540, 87351, 42194, 9892, 29361, 43865, 44208, 34499, 54674, 23698, 80987, 68559, 6020, 11880, 96368, 55139, 15801, 69115, 71840, 15598, 16358, 21928, 93875, 84588, 83399, 7937, 27959, 34204, 68966, 60189, 95108, 36159, 77450, 80291, 70925, 35261, 9188, 24975, 54221, 78906, 40202, 93006, 83986, 6487, 81890, 13235, 84128, 92796, 50558, 77739, 83517, 33323, 43984, 86336, 42426, 89035, 44908, 72558, 36462, 98479, 83497, 7484, 2395, 6175, 76749, 48693, 73594, 32326, 55576, 9415, 86674, 29605, 29067, 17941, 83618, 69694, 38091, 12574, 53082, 37025, 28453, 74427, 27291, 44438, 96914, 29595, 18473, 56319, 75324, 71655, 25121, 61323, 30759, 44410, 81270, 87412, 34890, 80796, 35245, 53054, 75305, 40513, 13347, 26835, 2399, 39000, 76678, 72025, 68533, 81919, 8591, 646, 56300, 92057, 54565, 92328, 60182, 37306, 10595, 12897, 62499, 64673, 59877, 36533, 42995, 85799, 99845, 71780, 62343, 41909, 49680, 37671, 85183, 67920, 80616, 17851, 48363, 26566, 13525, 60747, 39962, 28664, 22614, 66703, 681, 53060, 30566, 98855, 47885, 67169, 11215, 84844, 73947, 37583, 92168, 60583, 69128, 57293, 88707, 22432, 6908, 64459, 64945, 50159, 61947, 45942, 18384, 81610, 77079, 45787, 86315, 93330, 81108, 97749, 28352, 55544, 33070, 19980, 85907, 59890, 88806, 66211, 72683, 14849, 31228, 31375, 30598, 20070, 38375, 72085, 94522, 93163, 78802, 61311, 45085, 40835, 33763, 55249, 94894, 34174, 69299, 40605, 99864, 60110, 92825, 36389, 12158, 39316, 76273, 97479, 90633, 42934, 87720, 75207, 56054, 59737, 79252, 96186, 60558, 8582, 3209, 7798, 18736, 20655, 95860, 60671, 36386, 88318, 80757, 13740, 58523, 36742, 48071, 76427, 91397, 47115, 96728, 74907, 90154, 19807, 19166, 48854, 4778, 9526, 30084, 70329, 10320, 29929, 24152, 98179, 6661, 59360, 47157, 52018, 24734, 716, 46264, 89982, 86072, 78100, 64619, 77321]})"
941.0,9,176,2,4.183414459228516,10696,"Genotype(dna={""<class 'abc.NT_0017'>"": [1, 9224], ""<class 'abc.NT_0017_P_00000'>"": [], ""<class 'abc.NT_0005'>"": [0, 1, 78802, 12158, 39316, 76273, 97479, 90633], ""<class 'abc.NT_0005_P_00000'>"": [], ""<class 'abc.NT_0005_P_00001'>"": [], ""<class 'bool'>"": [84999, 28488, 78745, 74465, 54864, 17890, 22220, 81494, 11196, 69809, 61245, 80970, 59031, 22762, 5961, 45757, 45589, 10807, 14782, 6975, 77464, 89143, 58527, 87729, 94847, 62019, 49113, 58378, 53170, 95528, 23383, 82543, 14478, 66708, 54731, 89098, 32143, 7859, 40028, 24185, 47559, 83429, 90839, 4278, 26457, 79584, 20529, 98243, 85958, 98174, 6785, 88501, 55012, 33130, 41129, 58441, 43664, 99446, 83751, 30410, 64020, 44540, 81585, 7120, 37923, 10103, 73391, 89114, 64247, 3546, 72400, 52366, 28775, 29390, 68435, 68810, 6744, 29451, 12483, 33008, 61810, 97441, 17083, 48182, 97610, 57753, 26303, 45688, 91985, 64549, 7322, 74594, 36898, 57378, 19802, 77078, 18809, 59896, 45688, 23178, 9880, 95713, 53145, 58733, 19385, 60055, 80733, 37891, 30657, 93224, 3662, 48300, 39234, 29456, 46465, 27619, 95361, 27532, 46356, 95674, 30680, 64142, 64196, 52536, 39063, 77585, 11909, 45735, 22343, 15823, 85441, 59982, 37416, 11596, 78873, 67187, 22642, 64179, 28050, 39669, 62179, 29319, 23731, 29231, 17100, 93335, 70044, 71087, 58529, 78370, 40605], ""<class 'int'>"": [88091, 54758, 80960, 4147, 58985, 98835, 47715, 12380, 43928, 18156, 46293, 82997, 26546, 21931, 20632, 91665, 69275, 46303, 61738, 80613, 63967, 92163, 79154, 79668, 18313, 6071, 50712, 91463, 54716, 33220, 52575, 78591, 28324, 24851, 385, 86434, 6594, 95864, 73814, 31907, 78386, 70908, 60125, 88976, 64506, 45119, 63026, 18677, 76141, 62129, 40973, 74468, 90479, 50241, 61828, 14612, 64587, 47259, 69389, 94754, 21182, 99643, 3451, 67066, 55205, 22485, 89443, 64321, 10288, 23574, 78426, 55280, 17305, 68878, 94325, 9074, 35370, 56456, 95300, 73961, 59051, 835, 21640, 2744, 30054, 96306, 55542, 57066, 65643, 55789, 97088, 62680, 1528, 56005, 81492, 81002, 48234, 28842, 92105, 38714, 65511, 82476, 73240, 25988, 68682, 44459, 1059, 85277, 54664, 55169, 72830, 29209, 32377, 56597, 43815, 46740, 16019, 36704, 45880, 54624, 42934, 87720, 75207, 56054, 59737, 79252, 96186, 60558, 8582, 3209, 7798, 18736, 20655, 95860, 60671, 36386, 88318, 80757, 13740, 58523, 36742, 48071, 76427, 91397, 47115, 74907, 19807, 19166, 48854, 4778, 9526, 30084, 70329, 29929, 24152, 98179, 6661, 59360, 47157, 52018, 24734, 716, 46264, 89982, 86072, 78100, 64619, 77321], ""<class 'abc.NT_0010'>"": [0, 1, 1, 1, 33763], ""<class 'abc.NT_0010_P_00000'>"": [], ""<class 'abc.NT_0006'>"": [], ""<class 'abc.NT_0006_P_00000'>"": [], ""<class 'abc.NT_0006_P_00001'>"": [], ""<class 'abc.NT_0002'>"": [1, 1, 2, 1, 1, 1, 1, 0, 2, 1, 1, 0, 2, 0, 1, 0, 2, 1, 53720, 1, 0, 0, 2, 1, 1, 0, 0, 2, 0, 0, 0, 2, 1, 64800, 99864], ""<class 'abc.NT_0002_P_00000'>"": [], ""<class 'abc.NT_0001'>"": [0, 0, 0, 1, 0, 0, 0, 87464, 0, 1, 0, 0, 1, 0, 0, 0, 0, 0, 1, 1, 1, 0, 1, 0, 0, 1, 1, 1, 0, 1, 0, 1, 0, 0, 0, 0, 0, 1, 1, 0, 1, 0, 0, 1, 1, 0, 1, 0, 0, 1, 1, 0, 34174], ""<class 'abc.NT_0001_P_00000'>"": [], ""<class 'abc.NT_0001_P_00001'>"": [], ""<class 'abc.NT_0000'>"": [0, 1, 0, 1, 1, 0, 1, 0, 0, 0, 1, 0, 79033, 0, 0, 1, 0, 1, 1, 0, 1, 1, 0, 0, 0, 1, 0, 0, 0, 1, 0, 0, 0, 0, 36338, 0, 1, 1, 36793, 0, 0, 1, 0, 1, 1, 1, 92627, 0, 1, 0, 0, 0, 0, 0, 0, 1, 7859, 1, 1, 0, 0, 0, 0, 0, 0, 1, 99429, 0, 0, 0, 1, 0, 0, 0, 0, 0, 1, 1, 1, 0, 1, 1, 1, 1, 0, 1, 69299], ""<class 'abc.NT_0000_P_00000'>"": [], ""<class 'abc.NT_0000_P_00001'>"": [], ""<class 'abc.NT_0002_P_00001'>"": [], ""<class 'abc.NT_0002_P_00002'>"": [], ""<class 'abc.NT_0006_P_00002'>"": [], ""<class 'abc.NT_0007'>"": [2, 1, 61311, 92825, 36389, 96728], ""<class 'abc.NT_0007_P_00000'>"": [], ""<class 'abc.NT_0007_P_00001'>"": [], ""<class 'abc.NT_0007_P_00002'>"": [], ""<class 'abc.NT_0004'>"": [1, 1, 2, 2, 1, 2, 90007, 90154], ""<class 'abc.NT_0004_P_00000'>"": [], ""<class 'abc.NT_0003'>"": [0, 0, 3, 2, 2, 3, 3, 2, 31564, 10320], ""<class 'abc.NT_0003_P_00000'>"": [], ""<class 'abc.NT_0003_P_00001'>"": [], ""<class 'abc.NT_0003_P_00002'>"": [], ""<class 'abc.NT_0003_P_00003'>"": [], ""<class 'abc.NT_0004_P_00001'>"": [], ""<class 'abc.NT_0004_P_00002'>"": [], ""<class 'abc.NT_0009'>"": [3, 3, 2, 2, 45085], ""<class 'abc.NT_0009_P_00000'>"": [], ""<class 'abc.NT_0008'>"": [0, 0, 0, 0, 55249], ""<class 'abc.NT_0008_P_00000'>"": [], ""<class 'abc.NT_0009_P_00001'>"": [], ""<class 'abc.NT_0009_P_00002'>"": [], ""<class 'abc.NT_0009_P_00003'>"": [], ""<class 'abc.NT_0010_P_00001'>"": [], ""<class 'abc.NT_0010_P_00002'>"": [], ""<class 'abc.NT_0017_P_00001'>"": [], ""<class 'abc.NT_0012'>"": [0, 0, 27606, 0, 0, 65962], ""<class 'abc.NT_0012_P_00000'>"": [], ""<class 'abc.NT_0012_P_00001'>"": [], ""<class 'abc.NT_0017_P_00002'>"": [], ""<class 'abc.NT_0013'>"": [0, 72085], ""<class 'abc.NT_0013_P_00000'>"": [], ""<class 'abc.NT_0011'>"": [0, 94522], ""<class 'abc.NT_0011_P_00000'>"": [], ""<class 'abc.NT_0011_P_00001'>"": [], ""<class 'abc.NT_0011_P_00002'>"": [], ""<class 'abc.NT_0013_P_00001'>"": [], ""<class 'abc.NT_0013_P_00002'>"": [], ""<class 'abc.NT_0017_P_00003'>"": [], ""<class 'abc.NT_0016'>"": [0, 20070], ""<class 'abc.NT_0016_P_00000'>"": [], ""<class 'abc.NT_0016_P_00001'>"": [], ""<class 'abc.NT_0016_P_00002'>"": [], '$leftovers': [87578, 91961, 191, 10543, 63753, 51064, 57608, 20567, 77010, 84533, 75572, 54841, 18619, 87236, 45131, 88466, 65131, 7245, 90621, 21309, 41416, 85919, 81047, 84449, 45726, 23018, 47137, 99488, 74697, 80083, 94117, 6517, 49113, 78556, 56579, 55862, 12350, 94125, 9159, 26929, 17698, 64930, 25006, 41852, 59834, 29509, 51398, 28202, 21011, 23416, 20510, 36622, 93968, 3253, 69056, 52352, 89677, 45556, 41234, 41900, 52110, 89925, 11890, 6914, 58699, 23914, 34798, 27238, 35383, 72473, 52086, 1245, 73669, 99644, 29509, 28800, 57813, 50971, 55222, 27905, 25024, 27321, 70278, 42435, 99656, 29895, 15396, 36757, 19015, 22267, 40917, 86070, 39269, 44017, 82048, 31777, 85230, 51305, 59804, 8298, 87182, 65541, 77340, 8618, 551, 24010, 98511, 24965, 29911, 98221, 91628, 4264, 7706, 75832, 61267, 77715, 80757, 31118, 65554, 49162, 37039, 18364, 87000, 92413, 47634, 20248, 65858, 30151, 56090, 53958, 4566, 29776, 99637, 86879, 34384, 13997, 66409, 55082, 54692, 29834, 44208, 61786, 47362, 49033, 93966, 41272, 34605, 37558, 49559, 92500, 14311, 18890, 14987, 87820, 66406, 11190, 48807, 20081, 83270, 41092, 36956, 20112, 22077, 73977, 42077, 26902, 60525, 98963, 27401, 30129, 7538, 33527, 45674, 75139, 88029, 21303, 82014, 74684, 1603, 26334, 54706, 19787, 96696, 30427, 47936, 55455, 93768, 12020, 29642, 44292, 63152, 30410, 84300, 85211, 8155, 39705, 79541, 41671, 16707, 44310, 67420, 91787, 81890, 67743, 38868, 48801, 54862, 194, 801, 83153, 26352, 19549, 83660, 37786, 26054, 14558, 18934, 20443, 47694, 79542, 40099, 81125, 58954, 52456, 31595, 42471, 73361, 34939, 68676, 66377, 63737, 59223, 6364, 37403, 21620, 11343, 92570, 32377, 6823, 129, 67101, 23110, 19196, 7472, 9392, 11283, 65926, 25890, 25315, 73005, 6885, 96807, 91502, 68812, 91664, 30405, 49274, 41556, 63227, 14949, 14356, 89668, 76476, 41064, 7802, 24050, 53990, 64311, 90980, 40421, 54959, 90225, 51778, 95002, 36730, 57411, 83952, 81872, 70476, 53665, 20230, 17388, 68796, 45026, 65442, 42496, 82693, 65929, 54310, 35585, 28916, 56845, 78442, 49082, 62822, 9926, 34466, 64198, 55772, 89068, 49207, 84380, 84322, 91644, 64241, 81302, 59181, 78019, 37510, 15389, 7826, 25, 95981, 33129, 74097, 37395, 30913, 36165, 1434, 72791, 71001, 79084, 29317, 91404, 68732, 98301, 49419, 68880, 45360, 57978, 14303, 31275, 90940, 55736, 48551, 79219, 52292, 11415, 65938, 1250, 49287, 9903, 89873, 62300, 7590, 37497, 79110, 33435, 75935, 43006, 69203, 74407, 72823, 60351, 38831, 90253, 63007, 48893, 88725, 37502, 47789, 24252, 3381, 25499, 66528, 93158, 5240, 48223, 38856, 7582, 18703, 81570, 79561, 51778, 12002, 46643, 95298, 20400, 6255, 5641, 68771, 97650, 9971, 89854, 21658, 51257, 89582, 91098, 65024, 17351, 37770, 29912, 81644, 14157, 25042, 44455, 75919, 61028, 77592, 33602, 85118, 49246, 61135, 75784, 23080, 36584, 89927, 93370, 23542, 90468, 50504, 8092, 57356, 55428, 94056, 38058, 28058, 90020, 73472, 63974, 11036, 58810, 12621, 64061, 79610, 43643, 13944, 79601, 47179, 33701, 32331, 52698, 81758, 34369, 57149, 37628, 76395, 17872, 87866, 71777, 23144, 29182, 10353, 28780, 57868, 7302, 11147, 35402, 17681, 90676, 44591, 10025, 88491, 95896, 56777, 53821, 26228, 83291, 63468, 8798, 3685, 44772, 20119, 17079, 78578, 41418, 69994, 53437, 71779, 28740, 3360, 2922, 43448, 89818, 3475, 7109, 63330, 50940, 45806, 72304, 12519, 65307, 91013, 4397, 6882, 67321, 35314, 2936, 41506, 81820, 46777, 12233, 42611, 91308, 76272, 48885, 3215, 85464, 53845, 13590, 28946, 61038, 10832, 69419, 46773, 94426, 33679, 71860, 68674, 73539, 8593, 75810, 79948, 69472, 97977, 77961, 74872, 41255, 57237, 69299, 68733, 86154, 51335, 44843, 35460, 15230, 89043, 90690, 48745, 90741, 98640, 29682, 2098, 93722, 45230, 45867, 57475, 41164, 74422, 85318, 18525, 97686, 57413, 80171, 92057, 93346, 42476, 31833, 19958, 67272, 91601, 53980, 28577, 76107, 60468, 24296, 37132, 33616, 66647, 64132, 7159, 1431, 95759, 73311, 76835, 26997, 92065, 29814, 84389, 98155, 49469, 74402, 10856, 51444, 16661, 86833, 26880, 53743, 10373, 91480, 91683, 667, 13406, 9336, 88115, 1615, 91934, 4396, 18612, 32189, 33352, 82658, 50967, 17929, 92156, 99630, 95113, 70075, 15064, 71608, 88616, 27694, 13253, 35495, 18835, 77563, 71240, 85783, 99042, 85170, 14785, 32284, 42908, 54543, 7363, 28563, 18355, 15088, 94845, 93322, 12527, 42902, 73687, 28216, 65305, 13488, 85507, 43891, 3053, 97498, 54958, 48470, 72120, 2268, 27277, 2815, 10260, 69780, 83058, 55418, 2634, 16448, 82539, 83257, 80333, 98971, 28006, 27997, 62812, 86613, 30111, 22883, 99681, 48825, 30825, 52237, 78926, 65382, 81351, 45846, 20200, 29253, 32002, 87794, 98248, 76889, 52421, 35294, 25202, 56680, 18063, 30053, 32028, 57557, 92652, 31120, 9950, 36679, 44135, 47668, 10400, 32531, 26931, 90601, 28377, 88291, 24685, 45770, 48931, 45934, 45983, 34695, 10176, 83350, 65380, 63508, 37120, 28612, 76764, 59360, 60672, 81876, 8781, 47386, 20675, 39645, 44298, 17330, 6396, 57064, 54834, 59623, 30006, 21418, 17045, 49881, 28736, 2499, 39275, 5090, 84759, 29177, 72603, 40169, 6982, 74521, 25263, 42103, 18425, 74473, 17502, 37765, 17986, 30587, 6227, 26567, 72205, 86459, 89540, 87351, 42194, 9892, 29361, 43865, 44208, 34499, 54674, 23698, 80987, 68559, 6020, 11880, 96368, 55139, 15801, 69115, 71840, 15598, 16358, 21928, 93875, 84588, 83399, 7937, 27959, 34204, 68966, 60189, 95108, 36159, 77450, 80291, 70925, 35261, 9188, 24975, 54221, 78906, 40202, 93006, 83986, 6487, 81890, 13235, 84128, 92796, 50558, 77739, 83517, 33323, 43984, 86336, 42426, 89035, 44908, 72558, 36462, 98479, 83497, 7484, 2395, 6175, 76749, 48693, 73594, 32326, 55576, 9415, 86674, 29605, 29067, 17941, 83618, 69694, 38091, 12574, 53082, 37025, 28453, 74427, 27291, 44438, 96914, 29595, 18473, 56319, 75324, 71655, 25121, 61323, 30759, 44410, 81270, 87412, 34890, 80796, 35245, 53054, 75305, 40513, 13347, 26835, 2399, 39000, 76678, 72025, 68533, 81919, 8591, 646, 56300, 92057, 54565, 92328, 60182, 37306, 10595, 12897, 62499, 64673, 59877, 36533, 42995, 85799, 99845, 71780, 62343, 41909, 49680, 37671, 85183, 67920, 80616, 17851, 48363, 26566, 13525, 60747, 39962, 28664, 22614, 66703, 681, 53060, 30566, 98855, 47885, 67169, 11215, 84844, 73947, 37583, 92168, 60583, 69128, 57293, 88707, 22432, 6908, 64459, 64945, 50159, 61947, 45942, 18384, 81610, 77079, 45787, 86315, 93330, 81108, 97749, 28352, 55544, 33070, 19980, 85907, 59890, 88806, 66211, 72683, 14849, 31228, 31375, 30598, 20070, 38375, 72085, 94522, 93163, 78802, 61311, 45085, 40835, 33763, 55249, 94894, 34174, 69299, 40605, 99864, 60110, 92825, 36389, 12158, 39316, 76273, 97479, 90633, 42934, 87720, 75207, 56054, 59737, 79252, 96186, 60558, 8582, 3209, 7798, 18736, 20655, 95860, 60671, 36386, 88318, 80757, 13740, 58523, 36742, 48071, 76427, 91397, 47115, 96728, 74907, 90154, 19807, 19166, 48854, 4778, 9526, 30084, 70329, 10320, 29929, 24152, 98179, 6661, 59360, 47157, 52018, 24734, 716, 46264, 89982, 86072, 78100, 64619, 77321]})"
765.0,9,161,3,5.174317836761475,10696,"Genotype(dna={""<class 'abc.NT_0017'>"": [1, 9224], ""<class 'abc.NT_0017_P_00000'>"": [], ""<class 'abc.NT_0005'>"": [1, 0, 1, 39272], ""<class 'abc.NT_0005_P_00000'>"": [], ""<class 'abc.NT_0005_P_00001'>"": [], ""<class 'bool'>"": [50833, 28611, 95173, 29798, 84996, 15299, 84608, 73218, 73704, 53577, 54127, 73580, 61648, 63455, 34182, 28379, 9832, 69766, 59719, 9321, 39372, 40559, 45589, 21512, 9991, 31131, 22379, 82972, 66879, 7070, 87492, 33083, 92916, 1233, 89415, 28350, 54741, 51276, 16414, 74832, 4355, 87209, 57305, 93042, 77737, 67903, 93745, 31960, 29422, 28659, 99170, 51647, 13273, 92051, 14178, 78998, 45259, 78698, 95977, 73146, 83753, 21951, 16043, 13772, 66730, 10736, 57934, 29081, 62948, 99869, 41968, 82469, 29718, 59471, 51253, 67704, 97811, 82022, 87389, 44948, 67283, 63422, 70186, 58801, 23472, 55104, 46787, 87700, 86179, 38104, 2384, 90063, 6576, 80132, 75180, 65605, 74894, 53809, 99733, 89043, 84198, 62780, 94716, 23035, 32450, 31489, 41399, 87765, 69122, 99723, 54018, 21587, 39572, 89999, 58379, 67238, 50112, 90146, 55533, 46837, 57815, 68681, 79206, 32534, 3130, 54432, 69605, 82887, 74526, 5911, 58400, 62789, 48833, 31474, 14530, 39368, 40140, 19876, 33772, 86631, 58194, 70508], ""<class 'int'>"": [61567, 64334, 17362, 82861, 47035, 46298, 33746, 67648, 99174, 25333, 43758, 46632, 42312, 17161, 79117, 12158, 57387, 34055, 46264, 51532, 34895, 91927, 57723, 83728, 20397, 7096, 39783, 4835, 16352, 61643, 89895, 68696, 14875, 29854, 83402, 11344, 73142, 92452, 8181, 65904, 96113, 7140, 44959, 50612, 85887, 38083, 31527, 63992, 22670, 3386, 40954, 20030, 78195, 94491, 79625, 29211, 45813, 75718, 33007, 85674, 27371, 60014, 56586, 96488, 52619, 24840, 22783, 55384, 75876, 21878, 78429, 78411, 18118, 34884, 25076, 72536, 58842, 31051, 95587, 79847, 59692, 60043, 51755, 68434, 1752, 33097, 30341, 86926, 3085, 65278, 86326, 49529, 17374, 25976, 61918, 62061, 83159, 80589, 1406, 9485, 49866, 91779, 92779, 85999, 97268, 17495, 98656, 97813, 39837, 94987, 57486, 95700, 45701, 3228, 17796, 15567, 96738, 79598, 48739, 56824, 18121, 20396, 13583, 52036, 99989, 78689, 28785, 21035, 72770, 69697, 42169, 16505, 66892, 7420, 74502, 18185, 65928, 47888, 92254, 52854, 57747, 64691, 58165, 6528, 69284, 30948, 76801, 50676, 53117, 54136, 56563, 40779, 59447, 98943, 5410, 52299, 7917, 52830, 12878, 61982, 92078, 4588, 5873, 47210, 35932, 694, 60980, 8623, 96632, 32842, 89839, 23128, 13303, 34312, 75295, 37276, 20389, 48998], ""<class 'abc.NT_0010'>"": [0, 1, 1, 1, 33763], ""<class 'abc.NT_0010_P_00000'>"": [], ""<class 'abc.NT_0006'>"": [96769, 1, 2, 70176], ""<class 'abc.NT_0006_P_00000'>"": [], ""<class 'abc.NT_0006_P_00001'>"": [], ""<class 'abc.NT_0002'>"": [1, 1, 2, 1, 1, 1, 1, 0, 2, 1, 1, 0, 2, 0, 1, 0, 2, 1, 53720, 1, 0, 0, 2, 1, 1, 0, 0, 2, 0, 0, 0, 2, 1, 64800, 99864], ""<class 'abc.NT_0002_P_00000'>"": [], ""<class 'abc.NT_0001'>"": [1, 1, 1, 0, 0, 7338, 0, 1, 1, 0, 0, 1, 13952, 0, 0, 82337, 0, 1, 1, 1, 0, 1, 0, 0, 1, 0, 1, 0, 0, 0, 0, 0, 1, 0, 1, 0, 1, 0, 1, 0, 0, 0, 0, 1, 1, 85109], ""<class 'abc.NT_0001_P_00000'>"": [], ""<class 'abc.NT_0001_P_00001'>"": [], ""<class 'abc.NT_0000'>"": [0, 1, 0, 1, 1, 0, 1, 0, 0, 0, 1, 0, 79033, 0, 0, 1, 0, 1, 1, 0, 1, 1, 0, 0, 0, 1, 0, 0, 0, 1, 0, 0, 0, 0, 36338, 0, 1, 1, 36793, 0, 0, 1, 0, 1, 1, 1, 92627, 0, 1, 0, 0, 0, 0, 0, 0, 1, 7859, 1, 1, 0, 0, 0, 0, 0, 0, 1, 99429, 0, 0, 0, 1, 0, 0, 0, 0, 0, 1, 1, 1, 0, 1, 1, 1, 1, 0, 1, 69299], ""<class 'abc.NT_0000_P_00000'>"": [], ""<class 'abc.NT_0000_P_00001'>"": [], ""<class 'abc.NT_0002_P_00001'>"": [], ""<class 'abc.NT_0002_P_00002'>"": [], ""<class 'abc.NT_0006_P_00002'>"": [], ""<class 'abc.NT_0007'>"": [2, 1, 61311, 92825, 36389, 96728], ""<class 'abc.NT_0007_P_00000'>"": [], ""<class 'abc.NT_0007_P_00001'>"": [], ""<class 'abc.NT_0007_P_00002'>"": [], ""<class 'abc.NT_0004'>"": [1, 1, 2, 2, 1, 2, 90007, 90154], ""<class 'abc.NT_0004_P_00000'>"": [], ""<class 'abc.NT_0003'>"": [0, 0, 3, 2, 2, 3, 3, 2, 31564, 10320], ""<class 'abc.NT_0003_P_00000'>"": [], ""<class 'abc.NT_0003_P_00001'>"": [], ""<class 'abc.NT_0003_P_00002'>"": [], ""<class 'abc.NT_0003_P_00003'>"": [], ""<class 'abc.NT_0004_P_00001'>"": [], ""<class 'abc.NT_0004_P_00002'>"": [], ""<class 'abc.NT_0009'>"": [3, 2, 26770], ""<class 'abc.NT_0009_P_00000'>"": [], ""<class 'abc.NT_0008'>"": [0, 0, 0, 0, 78105], ""<class 'abc.NT_0008_P_00000'>"": [], ""<class 'abc.NT_0009_P_00001'>"": [], ""<class 'abc.NT_0009_P_00002'>"": [], ""<class 'abc.NT_0009_P_00003'>"": [], ""<class 'abc.NT_0010_P_00001'>"": [], ""<class 'abc.NT_0010_P_00002'>"": [], ""<class 'abc.NT_0017_P_00001'>"": [], ""<class 'abc.NT_0012'>"": [87578, 91961, 191], ""<class 'abc.NT_0012_P_00000'>"": [], ""<class 'abc.NT_0012_P_00001'>"": [], ""<class 'abc.NT_0017_P_00002'>"": [], ""<class 'abc.NT_0013'>"": [0, 72085], ""<class 'abc.NT_0013_P_00000'>"": [], ""<class 'abc.NT_0011'>"": [], ""<class 'abc.NT_0011_P_00000'>"": [], ""<class 'abc.NT_0011_P_00001'>"": [], ""<class 'abc.NT_0011_P_00002'>"": [], ""<class 'abc.NT_0013_P_00001'>"": [], ""<class 'abc.NT_0013_P_00002'>"": [], ""<class 'abc.NT_0017_P_00003'>"": [], ""<class 'abc.NT_0016'>"": [2, 93673], ""<class 'abc.NT_0016_P_00000'>"": [], ""<class 'abc.NT_0016_P_00001'>"": [], ""<class 'abc.NT_0016_P_00002'>"": [], '$leftovers': [10543, 63753, 51064, 57608, 20567, 77010, 84533, 75572, 54841, 18619, 87236, 45131, 88466, 65131, 7245, 90621, 21309, 41416, 85919, 81047, 84449, 45726, 23018, 47137, 99488, 74697, 80083, 94117, 6517, 49113, 78556, 56579, 55862, 12350, 94125, 9159, 26929, 17698, 64930, 25006, 41852, 59834, 29509, 51398, 28202, 21011, 23416, 20510, 36622, 93968, 3253, 69056, 52352, 89677, 45556, 41234, 41900, 52110, 89925, 11890, 6914, 58699, 23914, 34798, 27238, 35383, 72473, 52086, 1245, 73669, 99644, 29509, 28800, 57813, 50971, 55222, 27905, 25024, 27321, 70278, 42435, 99656, 29895, 15396, 36757, 19015, 22267, 40917, 86070, 39269, 44017, 82048, 31777, 85230, 51305, 59804, 8298, 87182, 65541, 77340, 8618, 551, 24010, 98511, 24965, 29911, 98221, 91628, 4264, 7706, 75832, 61267, 77715, 80757, 31118, 65554, 49162, 37039, 18364, 87000, 92413, 47634, 20248, 65858, 30151, 56090, 53958, 4566, 29776, 99637, 86879, 34384, 13997, 66409, 55082, 54692, 29834, 44208, 61786, 47362, 49033, 93966, 41272, 34605, 37558, 49559, 92500, 14311, 18890, 14987, 87820, 66406, 11190, 48807, 20081, 83270, 41092, 36956, 20112, 22077, 73977, 42077, 26902, 60525, 98963, 27401, 30129, 7538, 33527, 45674, 75139, 88029, 21303, 82014, 74684, 1603, 26334, 54706, 19787, 96696, 30427, 47936, 55455, 93768, 12020, 29642, 44292, 63152, 30410, 84300, 85211, 8155, 39705, 79541, 41671, 16707, 44310, 67420, 91787, 81890, 67743, 38868, 48801, 54862, 194, 801, 83153, 26352, 19549, 83660, 37786, 26054, 14558, 18934, 20443, 47694, 79542, 40099, 81125, 58954, 52456, 31595, 42471, 73361, 34939, 68676, 66377, 63737, 59223, 6364, 37403, 21620, 11343, 92570, 32377, 6823, 129, 67101, 23110, 19196, 7472, 9392, 11283, 65926, 25890, 25315, 73005, 6885, 96807, 91502, 68812, 91664, 30405, 49274, 41556, 63227, 14949, 14356, 89668, 76476, 41064, 7802, 24050, 53990, 64311, 90980, 40421, 54959, 90225, 51778, 95002, 36730, 57411, 83952, 81872, 70476, 53665, 20230, 17388, 68796, 45026, 65442, 42496, 82693, 65929, 54310, 35585, 28916, 56845, 78442, 49082, 62822, 9926, 34466, 64198, 55772, 89068, 49207, 84380, 84322, 91644, 64241, 81302, 59181, 78019, 37510, 15389, 7826, 25, 95981, 33129, 74097, 37395, 30913, 36165, 1434, 72791, 71001, 79084, 29317, 91404, 68732, 98301, 49419, 68880, 45360, 57978, 14303, 31275, 90940, 55736, 48551, 79219, 52292, 11415, 65938, 1250, 49287, 9903, 89873, 62300, 7590, 37497, 79110, 33435, 75935, 43006, 69203, 74407, 72823, 60351, 38831, 90253, 63007, 48893, 88725, 37502, 47789, 24252, 3381, 25499, 66528, 93158, 5240, 48223, 38856, 7582, 18703, 81570, 79561, 51778, 12002, 46643, 95298, 20400, 6255, 5641, 68771, 97650, 9971, 89854, 21658, 51257, 89582, 91098, 65024, 17351, 37770, 29912, 81644, 14157, 25042, 44455, 75919, 61028, 77592, 33602, 85118, 49246, 61135, 75784, 23080, 36584, 89927, 93370, 23542, 90468, 50504, 8092, 57356, 55428, 94056, 38058, 28058, 90020, 73472, 63974, 11036, 58810, 12621, 64061, 79610, 43643, 13944, 79601, 47179, 33701, 32331, 52698, 81758, 34369, 57149, 37628, 76395, 17872, 87866, 71777, 23144, 29182, 10353, 28780, 57868, 7302, 11147, 35402, 17681, 90676, 44591, 10025, 88491, 95896, 56777, 53821, 26228, 83291, 63468, 8798, 3685, 44772, 20119, 17079, 78578, 41418, 69994, 53437, 71779, 28740, 3360, 2922, 43448, 89818, 3475, 7109, 63330, 50940, 45806, 72304, 12519, 65307, 91013, 4397, 6882, 67321, 35314, 2936, 41506, 81820, 46777, 12233, 42611, 91308, 76272, 48885, 3215, 85464, 53845, 13590, 28946, 61038, 10832, 69419, 46773, 94426, 33679, 71860, 68674, 73539, 8593, 75810, 79948, 69472, 97977, 77961, 74872, 41255, 57237, 69299, 68733, 86154, 51335, 44843, 35460, 15230, 89043, 90690, 48745, 90741, 98640, 29682, 2098, 93722, 45230, 45867, 57475, 41164, 74422, 85318, 18525, 97686, 57413, 80171, 92057, 93346, 42476, 31833, 19958, 67272, 91601, 53980, 28577, 76107, 60468, 24296, 37132, 33616, 66647, 64132, 7159, 1431, 95759, 73311, 76835, 26997, 92065, 29814, 84389, 98155, 49469, 74402, 10856, 51444, 16661, 86833, 26880, 53743, 10373, 91480, 91683, 667, 13406, 9336, 88115, 1615, 91934, 4396, 18612, 32189, 33352, 82658, 50967, 17929, 92156, 99630, 95113, 70075, 15064, 71608, 88616, 27694, 13253, 35495, 18835, 77563, 71240, 85783, 99042, 85170, 14785, 32284, 42908, 54543, 7363, 28563, 18355, 15088, 94845, 93322, 12527, 42902, 73687, 28216, 65305, 13488, 85507, 43891, 3053, 97498, 54958, 48470, 72120, 2268, 27277, 2815, 10260, 69780, 83058, 55418, 2634, 16448, 82539, 83257, 80333, 98971, 28006, 27997, 62812, 86613, 30111, 22883, 99681, 48825, 30825, 52237, 78926, 65382, 81351, 45846, 20200, 29253, 32002, 87794, 98248, 76889, 52421, 35294, 25202, 56680, 18063, 30053, 32028, 57557, 92652, 31120, 9950, 36679, 44135, 47668, 10400, 32531, 26931, 90601, 28377, 88291, 24685, 45770, 48931, 45934, 45983, 34695, 10176, 83350, 65380, 63508, 37120, 28612, 76764, 59360, 60672, 81876, 8781, 47386, 20675, 39645, 44298, 17330, 6396, 57064, 54834, 59623, 30006, 21418, 17045, 49881, 28736, 2499, 39275, 5090, 84759, 29177, 72603, 40169, 6982, 74521, 25263, 42103, 18425, 74473, 17502, 37765, 17986, 30587, 6227, 26567, 72205, 86459, 89540, 87351, 42194, 9892, 29361, 43865, 44208, 34499, 54674, 23698, 80987, 68559, 6020, 11880, 96368, 55139, 15801, 69115, 71840, 15598, 16358, 21928, 93875, 84588, 83399, 7937, 27959, 34204, 68966, 60189, 95108, 36159, 77450, 80291, 70925, 35261, 9188, 24975, 54221, 78906, 40202, 93006, 83986, 6487, 81890, 13235, 84128, 92796, 50558, 77739, 83517, 33323, 43984, 86336, 42426, 89035, 44908, 72558, 36462, 98479, 83497, 7484, 2395, 6175, 76749, 48693, 73594, 32326, 55576, 9415, 86674, 29605, 29067, 17941, 83618, 69694, 38091, 12574, 53082, 37025, 28453, 74427, 27291, 44438, 96914, 29595, 18473, 56319, 75324, 71655, 25121, 61323, 30759, 44410, 81270, 87412, 34890, 80796, 35245, 53054, 75305, 40513, 13347, 26835, 2399, 39000, 76678, 72025, 68533, 81919, 8591, 646, 56300, 92057, 54565, 92328, 60182, 37306, 10595, 12897, 62499, 64673, 59877, 36533, 42995, 85799, 99845, 71780, 62343, 41909, 49680, 37671, 85183, 67920, 80616, 17851, 48363, 26566, 13525, 60747, 39962, 28664, 22614, 66703, 681, 53060, 30566, 98855, 47885, 67169, 11215, 84844, 73947, 37583, 92168, 60583, 69128, 57293, 88707, 22432, 6908, 64459, 64945, 50159, 61947, 45942, 18384, 81610, 77079, 45787, 86315, 93330, 81108, 97749, 28352, 55544, 33070, 19980, 85907, 59890, 88806, 66211, 72683, 14849, 31228, 31375, 30598, 20070, 38375, 72085, 94522, 93163, 78802, 61311, 45085, 40835, 33763, 55249, 94894, 34174, 69299, 40605, 99864, 60110, 92825, 36389, 12158, 39316, 76273, 97479, 90633, 42934, 87720, 75207, 56054, 59737, 79252, 96186, 60558, 8582, 3209, 7798, 18736, 20655, 95860, 60671, 36386, 88318, 80757, 13740, 58523, 36742, 48071, 76427, 91397, 47115, 96728, 74907, 90154, 19807, 19166, 48854, 4778, 9526, 30084, 70329, 10320, 29929, 24152, 98179, 6661, 59360, 47157, 52018, 24734, 716, 46264, 89982, 86072, 78100, 64619, 77321, 87578, 91961, 191]})"
737.0,9,160,4,6.318889141082764,10696,"Genotype(dna={""<class 'abc.NT_0017'>"": [1, 23052], ""<class 'abc.NT_0017_P_00000'>"": [], ""<class 'abc.NT_0005'>"": [0, 0, 1, 1, 0, 1, 0, 1, 1, 1513], ""<class 'abc.NT_0005_P_00000'>"": [], ""<class 'abc.NT_0005_P_00001'>"": [], ""<class 'bool'>"": [50833, 28611, 95173, 29798, 84996, 15299, 74453, 73218, 73704, 53577, 54127, 73580, 61648, 63455, 34182, 28379, 9832, 69766, 59719, 9321, 39372, 18556, 45589, 21512, 9991, 31131, 22379, 82972, 66879, 7070, 87492, 33083, 92916, 1233, 89415, 91284, 54741, 21803, 63432, 74832, 4355, 13195, 57305, 93042, 77737, 67903, 93745, 31960, 29422, 28659, 67502, 51647, 13273, 92051, 14178, 78998, 45259, 29216, 95977, 73146, 83753, 21951, 16043, 13772, 66730, 10736, 26253, 29081, 62948, 99869, 41968, 82469, 59970, 59471, 51253, 67704, 97811, 82022, 87389, 44948, 67283, 37915, 70186, 58801, 23472, 55104, 46787, 87700, 86179, 38104, 2384, 90063, 6576, 80132, 75180, 65605, 74894, 53809, 99733, 89043, 84198, 62780, 94716, 3736, 77157, 43307, 41399, 87765, 69122, 99723, 54018, 21587, 39572, 89999, 80462, 67238, 50112, 62713, 55533, 46837, 57815, 68681, 79206, 32534, 3130, 54432, 69605, 82887, 74526, 5911, 58400, 62789, 48833, 31474, 28308, 39368, 40140, 19876, 33772, 86631, 67654, 6616], ""<class 'int'>"": [88091, 54758, 80960, 4147, 58985, 98835, 47715, 12380, 43928, 18156, 46293, 82997, 26546, 21931, 20632, 91665, 69275, 46303, 61738, 80613, 63967, 92163, 79154, 79668, 18313, 6071, 50712, 91463, 54716, 33220, 52575, 78591, 28324, 24851, 385, 86434, 6594, 95864, 73814, 31907, 78386, 70908, 60125, 88976, 64506, 45119, 63026, 18677, 76141, 62129, 40973, 74468, 90479, 50241, 61828, 14612, 64587, 47259, 69389, 94754, 21182, 99643, 3451, 67066, 55205, 22485, 89443, 64321, 10288, 23574, 78426, 55280, 17305, 68878, 94325, 9074, 35370, 56456, 95300, 73961, 59051, 835, 21640, 2744, 30054, 96306, 55542, 57066, 65643, 55789, 97088, 62680, 1528, 56005, 81492, 81002, 48234, 28842, 92105, 38714, 65511, 82476, 73240, 25988, 68682, 44459, 1059, 85277, 54664, 55169, 72830, 29209, 32377, 56597, 43815, 46740, 16019, 36704, 45880, 54624, 42934, 87720, 75207, 56054, 59737, 79252, 96186, 60558, 8582, 3209, 7798, 18736, 20655, 95860, 60671, 36386, 88318, 80757, 13740, 58523, 36742, 48071, 76427, 91397, 47115, 74907, 19807, 19166, 48854, 4778, 9526, 30084, 70329, 29929, 24152, 98179, 6661, 59360, 47157, 52018, 24734, 716, 46264, 89982, 86072, 78100, 64619, 77321], ""<class 'abc.NT_0010'>"": [0, 1, 2, 2, 1, 72303], ""<class 'abc.NT_0010_P_00000'>"": [], ""<class 'abc.NT_0006'>"": [1, 1, 2, 70176], ""<class 'abc.NT_0006_P_00000'>"": [], ""<class 'abc.NT_0006_P_00001'>"": [], ""<class 'abc.NT_0002'>"": [1, 1, 2, 1, 1, 1, 1, 0, 2, 1, 1, 0, 2, 0, 1, 0, 2, 1, 53720, 1, 0, 0, 2, 1, 1, 0, 0, 2, 0, 0, 0, 2, 1, 64800, 99864], ""<class 'abc.NT_0002_P_00000'>"": [], ""<class 'abc.NT_0001'>"": [1, 1, 1, 1, 0, 1, 1, 0, 0, 1, 63900, 1, 1, 1, 1, 0, 0, 1, 28035, 0, 0, 0, 1, 58987, 0, 0, 1, 0, 1, 0, 1, 44270, 0, 1, 0, 1, 0, 1, 1, 1, 0, 0, 0, 1, 1, 1, 1, 98662], ""<class 'abc.NT_0001_P_00000'>"": [], ""<class 'abc.NT_0001_P_00001'>"": [], ""<class 'abc.NT_0000'>"": [1, 1, 0, 1, 1, 1, 0, 7438, 1, 0, 0, 8167, 1, 0, 1, 1, 0, 1, 0, 0, 0, 0, 0, 0, 1, 1, 0, 0, 0, 1, 0, 1, 1, 1, 1, 0, 0, 0, 1, 0, 0, 0, 0, 0, 0, 0, 1, 1, 0, 0, 0, 0, 1, 0, 0, 1, 0, 0, 0, 1, 0, 0, 0, 0, 0, 0, 0, 72080, 0, 0, 0, 0, 1, 1, 1, 1, 68476], ""<class 'abc.NT_0000_P_00000'>"": [], ""<class 'abc.NT_0000_P_00001'>"": [], ""<class 'abc.NT_0002_P_00001'>"": [], ""<class 'abc.NT_0002_P_00002'>"": [], ""<class 'abc.NT_0006_P_00002'>"": [], ""<class 'abc.NT_0007'>"": [1, 0, 1, 2, 87885, 72251, 55074], ""<class 'abc.NT_0007_P_00000'>"": [], ""<class 'abc.NT_0007_P_00001'>"": [], ""<class 'abc.NT_0007_P_00002'>"": [], ""<class 'abc.NT_0004'>"": [1, 1, 2, 2, 1, 2, 90007, 90154], ""<class 'abc.NT_0004_P_00000'>"": [], ""<class 'abc.NT_0003'>"": [0, 1, 3, 3, 24929, 24694, 13707, 7777, 43103], ""<class 'abc.NT_0003_P_00000'>"": [], ""<class 'abc.NT_0003_P_00001'>"": [], ""<class 'abc.NT_0003_P_00002'>"": [], ""<class 'abc.NT_0003_P_00003'>"": [], ""<class 'abc.NT_0004_P_00001'>"": [], ""<class 'abc.NT_0004_P_00002'>"": [], ""<class 'abc.NT_0009'>"": [3, 0, 1, 1, 0, 45822], ""<class 'abc.NT_0009_P_00000'>"": [], ""<class 'abc.NT_0008'>"": [0, 0, 0, 0, 97605], ""<class 'abc.NT_0008_P_00000'>"": [], ""<class 'abc.NT_0009_P_00001'>"": [], ""<class 'abc.NT_0009_P_00002'>"": [], ""<class 'abc.NT_0009_P_00003'>"": [], ""<class 'abc.NT_0010_P_00001'>"": [], ""<class 'abc.NT_0010_P_00002'>"": [], ""<class 'abc.NT_0017_P_00001'>"": [], ""<class 'abc.NT_0012'>"": [0, 0, 27606, 0, 0, 65962], ""<class 'abc.NT_0012_P_00000'>"": [], ""<class 'abc.NT_0012_P_00001'>"": [], ""<class 'abc.NT_0017_P_00002'>"": [], ""<class 'abc.NT_0013'>"": [1, 77353], ""<class 'abc.NT_0013_P_00000'>"": [], ""<class 'abc.NT_0011'>"": [], ""<class 'abc.NT_0011_P_00000'>"": [], ""<class 'abc.NT_0011_P_00001'>"": [], ""<class 'abc.NT_0011_P_00002'>"": [], ""<class 'abc.NT_0013_P_00001'>"": [], ""<class 'abc.NT_0013_P_00002'>"": [], ""<class 'abc.NT_0017_P_00003'>"": [], ""<class 'abc.NT_0016'>"": [2, 95088], ""<class 'abc.NT_0016_P_00000'>"": [], ""<class 'abc.NT_0016_P_00001'>"": [], ""<class 'abc.NT_0016_P_00002'>"": [], '$leftovers': [79112, 41937, 82055, 41802, 80929, 37572, 24235, 1002, 66268, 87311, 99058, 42897, 54099, 4751, 39061, 38658, 18856, 32793, 32020, 84694, 43326, 66351, 11593, 16559, 82179, 29701, 14785, 63931, 19995, 86098, 88506, 88906, 98218, 57143, 64899, 75531, 17691, 63845, 68413, 76826, 30524, 48607, 6718, 24768, 14247, 23842, 98884, 92372, 55279, 40315, 43705, 6728, 53868, 34432, 73753, 89438, 79733, 83929, 38685, 35410, 5343, 16823, 35888, 70000, 12879, 27426, 44726, 95438, 53746, 11554, 35563, 36846, 46156, 65002, 72433, 85297, 12477, 3511, 72425, 53166, 5796, 30717, 45518, 76561, 21526, 65748, 18017, 64172, 9175, 16724, 51276, 1749, 5687, 47923, 68260, 48548, 94393, 55323, 76604, 84009, 54574, 8798, 35733, 67233, 4198, 56844, 12629, 29196, 81671, 71295, 84963, 73193, 37662, 77918, 40265, 71387, 2776, 72056, 79890, 24380, 6524, 11920, 82004, 80554, 7771, 51485, 29874, 64851, 32118, 68660, 22646, 40503, 29950, 45632, 59339, 63591, 66553, 79195, 90039, 8891, 94412, 82595, 43578, 41060, 60184, 28053, 84947, 77614, 38864, 91374, 58545, 50015, 19960, 7381, 78763, 85070, 21507, 19025, 51930, 32629, 45143, 39756, 26052, 37388, 90108, 9391, 53674, 16962, 24269, 95106, 99931, 56381, 37781, 12365, 84199, 30949, 74271, 916, 85830, 97679, 18102, 478, 75886, 30302, 21977, 90537, 30063, 19357, 81788, 35261, 14719, 66114, 20921, 20240, 5992, 58367, 9680, 68600, 85141, 46379, 54808, 83564, 47005, 66549, 22371, 91024, 89979, 20226, 63714, 58641, 45142, 46907, 57602, 15144, 97990, 7439, 11158, 59469, 11328, 80659, 5962, 25695, 77537, 11892, 91592, 56748, 38581, 37353, 71743, 70419, 27563, 8343, 51963, 16605, 94638, 42057, 61173, 28541, 41743, 60295, 49767, 73628, 41163, 91833, 78182, 82565, 25215, 96862, 76058, 44249, 82715, 20979, 71376, 27708, 78050, 40085, 30494, 46076, 48158, 98017, 59418, 77712, 4502, 58514, 86759, 30136, 53692, 84446, 34409, 6828, 35370, 50950, 51945, 59877, 55822, 81173, 57512, 24080, 92189, 34559, 32530, 48867, 64932, 44, 85888, 8300, 92843, 6844, 39222, 76898, 88754, 22876, 38074, 43299, 88699, 81654, 61902, 89999, 13497, 66668, 7338, 74096, 38397, 11013, 98336, 40480, 33892, 63626, 49088, 71312, 23172, 10803, 62392, 24917, 67254, 58009, 81336, 59457, 73844, 95696, 6506, 27308, 70695, 56701, 13067, 41613, 72662, 53528, 75491, 42519, 81780, 31754, 13856, 88917, 96452, 41223, 89774, 10407, 31336, 50783, 20291, 5997, 7069, 31395, 24625, 6189, 56620, 24762, 84988, 68874, 85812, 41091, 24302, 77112, 35149, 22780, 53184, 18627, 57549, 17465, 63612, 87939, 6980, 60883, 29814, 87238, 14952, 60779, 86760, 61062, 30267, 24445, 56989, 27229, 82900, 90023, 57786, 63779, 40235, 86679, 51776, 22058, 63483, 39593, 41554, 8133, 95503, 6716, 25867, 90267, 22987, 39665, 98545, 93605, 1747, 78248, 27473, 33109, 26918, 82634, 51318, 80099, 73743, 12182, 94300, 46775, 25047, 68889, 10070, 18361, 65084, 37080, 70960, 83222, 67058, 98067, 22471, 67691, 59607, 67337, 8930, 21238, 46639, 45431, 43153, 96128, 24156, 80501, 82080, 49059, 2091, 12212, 52072, 31681, 90064, 42922, 12694, 63500, 88958, 85424, 60965, 55836, 88426, 54941, 94663, 65220, 71036, 49752, 17451, 53699, 9314, 14619, 3290, 44849, 90564, 91441, 62905, 40530, 5641, 37318, 36823, 31308, 19382, 62343, 86280, 16633, 47566, 15336, 77921, 88788, 50425, 20260, 79556, 59009, 60227, 87434, 40228, 88797, 25912, 98562, 76789, 91824, 52309, 10258, 50738, 95463, 77205, 93493, 68362, 24106, 95689, 49524, 69579, 66348, 75971, 22529, 74132, 89303, 37488, 5127, 63655, 17283, 25796, 52901, 73353, 59242, 58591, 76499, 46764, 96815, 56675, 19904, 86086, 9538, 16381, 25966, 48189, 47295, 50918, 3257, 56486, 10672, 45517, 6977, 66557, 24565, 14166, 47870, 73695, 59021, 61532, 83752, 51246, 6816, 65190, 71364, 98756, 25731, 84141, 78432, 21130, 69362, 52504, 59655, 73856, 97330, 50721, 19705, 54620, 16926, 96429, 24048, 73377, 67355, 15053, 17980, 70735, 35236, 75523, 91241, 23447, 72477, 51156, 95259, 88333, 29494, 67321, 52714, 62917, 99842, 65229, 6617, 44275, 88720, 37853, 8770, 63811, 7507, 89636, 17817, 1558, 85068, 79776, 73733, 11481, 89926, 56682, 49746, 9429, 50818, 45883, 58652, 12423, 26431, 60221, 95661, 73944, 68283, 51044, 69558, 68608, 65135, 29404, 17239, 5514, 47278, 63393, 94877, 23491, 47292, 6877, 19032, 65956, 9732, 97912, 1976, 37613, 34466, 61934, 57269, 53618, 5940, 93510, 52374, 85684, 22266, 86296, 60665, 10810, 9462, 494, 58482, 75247, 71566, 31620, 58819, 97731, 83116, 7767, 83623, 12444, 57312, 49834, 46402, 98377, 30435, 36116, 16443, 25589, 45312, 64514, 37426, 76200, 11178, 7488, 18610, 92099, 97566, 6854, 33656, 17686, 10866, 73697, 81050, 12312, 6505, 95303, 61521, 72092, 94259, 32683, 45746, 77187, 88803, 39457, 40047, 95729, 22380, 62708, 14355, 83408, 29714, 50213, 24600, 63055, 94787, 52488, 53820, 72502, 35142, 82539, 36201, 83535, 70150, 4544, 53013, 91532, 98794, 75749, 37723, 24569, 90322, 279, 84293, 85419, 53204, 7321, 22724, 95538, 85836, 2877, 93721, 73981, 40836, 90505, 94370, 88415, 37372, 69317, 25860, 4116, 35759, 84385, 33447, 84816, 12456, 31068, 57878, 18743, 27118, 55146, 45045, 76854, 36409, 49423, 25447, 28432, 61176, 34319, 67878, 7127, 41048, 27399, 57337, 84290, 2409, 69039, 23729, 7494, 36747, 48478, 38848, 42755, 293, 91046, 40498, 48156, 87860, 19957, 4960, 74844, 19836, 92291, 57801, 90081, 88664, 17768, 78881, 47919, 71822, 34413, 1930, 46778, 88873, 89253, 43012, 48581, 9353, 85645, 13891, 48249, 50115, 66199, 3386, 20854, 99932, 28051, 71692, 93909, 74084, 74671, 89896, 50523, 88742, 12398, 72247, 55742, 51721, 34827, 36846, 62982, 39419, 78439, 9343, 48468, 84544, 39864, 76167, 43812, 71247, 20757, 1762, 41180, 27413, 60564, 22669, 82173, 16704, 46485, 72310, 26823, 41298, 58642, 32787, 90874, 58140, 56784, 29999, 8759, 96835, 78050, 41544, 1255, 17455, 33878, 64547, 58966, 82332, 5215, 48306, 8922, 24655, 4697, 70882, 84900, 82562, 62735, 34434, 73303, 61588, 35094, 68503, 41162, 54916, 58190, 12626, 60530, 22534, 77445, 84110, 41705, 60129, 60275, 26541, 44213, 1777, 13370, 3088, 42025, 39125, 6806, 57675, 48434, 98242, 36838, 43086, 11553, 17088, 22108, 72325, 25128, 87991, 65587, 14862, 36451, 44287, 9734, 15759, 72468, 61485, 14174, 26892, 64268, 19975, 5444, 33247, 50382, 76845, 87224, 36256, 66890, 95968, 72639, 77038, 43204, 39754, 36312, 74369, 96758, 27679, 249, 98284, 44817, 61235, 55085, 9992, 27298, 25783, 69424, 39622, 26481, 58524, 35109, 38014, 50849, 43262, 70599, 1236, 29822, 19493, 40976, 26562, 7919, 16019, 11304, 44960, 68766, 47516, 55933, 93459, 51964, 80457, 87397, 77661, 10867, 13339, 38927, 67085, 83000, 91594, 70221, 32812, 41638, 39247, 63161, 56481, 85947, 619, 54521, 29223, 59027, 34890, 77305, 79995, 54866, 56578, 59831, 16991, 48800, 12168, 58544, 42596, 87951, 65721, 11198, 23052, 15984, 12347, 45822, 1513, 17129, 34479, 87885, 87506, 81928, 20343, 45290, 20189, 98974, 29926, 61725, 72592, 35725, 72251, 55074, 7660, 24694, 13707, 7777, 43103]})"
737.0,9,160,5,8.376272439956665,10696,"Genotype(dna={""<class 'abc.NT_0017'>"": [1, 23052], ""<class 'abc.NT_0017_P_00000'>"": [], ""<class 'abc.NT_0005'>"": [0, 0, 1, 1, 0, 1, 0, 1, 1, 1513], ""<class 'abc.NT_0005_P_00000'>"": [], ""<class 'abc.NT_0005_P_00001'>"": [], ""<class 'bool'>"": [50833, 28611, 95173, 29798, 84996, 15299, 74453, 73218, 73704, 53577, 54127, 73580, 61648, 63455, 34182, 28379, 9832, 69766, 59719, 9321, 39372, 18556, 45589, 21512, 9991, 31131, 22379, 82972, 66879, 7070, 87492, 33083, 92916, 1233, 89415, 91284, 54741, 21803, 63432, 74832, 4355, 13195, 57305, 93042, 77737, 67903, 93745, 31960, 29422, 28659, 67502, 51647, 13273, 92051, 14178, 78998, 45259, 29216, 95977, 73146, 83753, 21951, 16043, 13772, 66730, 10736, 26253, 29081, 62948, 99869, 41968, 82469, 59970, 59471, 51253, 67704, 97811, 82022, 87389, 44948, 67283, 37915, 70186, 58801, 23472, 55104, 46787, 87700, 86179, 38104, 2384, 90063, 6576, 80132, 75180, 65605, 74894, 53809, 99733, 89043, 84198, 62780, 94716, 3736, 77157, 43307, 41399, 87765, 69122, 99723, 54018, 21587, 39572, 89999, 80462, 67238, 50112, 62713, 55533, 46837, 57815, 68681, 79206, 32534, 3130, 54432, 69605, 82887, 74526, 5911, 58400, 62789, 48833, 31474, 28308, 39368, 40140, 19876, 33772, 86631, 67654, 6616], ""<class 'int'>"": [88091, 54758, 80960, 4147, 58985, 98835, 47715, 12380, 43928, 18156, 46293, 82997, 26546, 21931, 20632, 91665, 69275, 46303, 61738, 80613, 63967, 92163, 79154, 79668, 18313, 6071, 50712, 91463, 54716, 33220, 52575, 78591, 28324, 24851, 385, 86434, 6594, 95864, 73814, 31907, 78386, 70908, 60125, 88976, 64506, 45119, 63026, 18677, 76141, 62129, 40973, 74468, 90479, 50241, 61828, 14612, 64587, 47259, 69389, 94754, 21182, 99643, 3451, 67066, 55205, 22485, 89443, 64321, 10288, 23574, 78426, 55280, 17305, 68878, 94325, 9074, 35370, 56456, 95300, 73961, 59051, 835, 21640, 2744, 30054, 96306, 55542, 57066, 65643, 55789, 97088, 62680, 1528, 56005, 81492, 81002, 48234, 28842, 92105, 38714, 65511, 82476, 73240, 25988, 68682, 44459, 1059, 85277, 54664, 55169, 72830, 29209, 32377, 56597, 43815, 46740, 16019, 36704, 45880, 54624, 42934, 87720, 75207, 56054, 59737, 79252, 96186, 60558, 8582, 3209, 7798, 18736, 20655, 95860, 60671, 36386, 88318, 80757, 13740, 58523, 36742, 48071, 76427, 91397, 47115, 74907, 19807, 19166, 48854, 4778, 9526, 30084, 70329, 29929, 24152, 98179, 6661, 59360, 47157, 52018, 24734, 716, 46264, 89982, 86072, 78100, 64619, 77321], ""<class 'abc.NT_0010'>"": [0, 1, 2, 2, 1, 72303], ""<class 'abc.NT_0010_P_00000'>"": [], ""<class 'abc.NT_0006'>"": [1, 1, 2, 70176], ""<class 'abc.NT_0006_P_00000'>"": [], ""<class 'abc.NT_0006_P_00001'>"": [], ""<class 'abc.NT_0002'>"": [1, 1, 2, 1, 1, 1, 1, 0, 2, 1, 1, 0, 2, 0, 1, 0, 2, 1, 53720, 1, 0, 0, 2, 1, 1, 0, 0, 2, 0, 0, 0, 2, 1, 64800, 99864], ""<class 'abc.NT_0002_P_00000'>"": [], ""<class 'abc.NT_0001'>"": [1, 1, 1, 1, 0, 1, 1, 0, 0, 1, 63900, 1, 1, 1, 1, 0, 0, 1, 28035, 0, 0, 0, 1, 58987, 0, 0, 1, 0, 1, 0, 1, 44270, 0, 1, 0, 1, 0, 1, 1, 1, 0, 0, 0, 1, 1, 1, 1, 98662], ""<class 'abc.NT_0001_P_00000'>"": [], ""<class 'abc.NT_0001_P_00001'>"": [], ""<class 'abc.NT_0000'>"": [1, 1, 0, 1, 1, 1, 0, 7438, 1, 0, 0, 8167, 1, 0, 1, 1, 0, 1, 0, 0, 0, 0, 0, 0, 1, 1, 0, 0, 0, 1, 0, 1, 1, 1, 1, 0, 0, 0, 1, 0, 0, 0, 0, 0, 0, 0, 1, 1, 0, 0, 0, 0, 1, 0, 0, 1, 0, 0, 0, 1, 0, 0, 0, 0, 0, 0, 0, 72080, 0, 0, 0, 0, 1, 1, 1, 1, 68476], ""<class 'abc.NT_0000_P_00000'>"": [], ""<class 'abc.NT_0000_P_00001'>"": [], ""<class 'abc.NT_0002_P_00001'>"": [], ""<class 'abc.NT_0002_P_00002'>"": [], ""<class 'abc.NT_0006_P_00002'>"": [], ""<class 'abc.NT_0007'>"": [1, 0, 1, 2, 87885, 72251, 55074], ""<class 'abc.NT_0007_P_00000'>"": [], ""<class 'abc.NT_0007_P_00001'>"": [], ""<class 'abc.NT_0007_P_00002'>"": [], ""<class 'abc.NT_0004'>"": [1, 1, 2, 2, 1, 2, 90007, 90154], ""<class 'abc.NT_0004_P_00000'>"": [], ""<class 'abc.NT_0003'>"": [0, 1, 3, 3, 24929, 24694, 13707, 7777, 43103], ""<class 'abc.NT_0003_P_00000'>"": [], ""<class 'abc.NT_0003_P_00001'>"": [], ""<class 'abc.NT_0003_P_00002'>"": [], ""<class 'abc.NT_0003_P_00003'>"": [], ""<class 'abc.NT_0004_P_00001'>"": [], ""<class 'abc.NT_0004_P_00002'>"": [], ""<class 'abc.NT_0009'>"": [3, 0, 1, 1, 0, 45822], ""<class 'abc.NT_0009_P_00000'>"": [], ""<class 'abc.NT_0008'>"": [0, 0, 0, 0, 97605], ""<class 'abc.NT_0008_P_00000'>"": [], ""<class 'abc.NT_0009_P_00001'>"": [], ""<class 'abc.NT_0009_P_00002'>"": [], ""<class 'abc.NT_0009_P_00003'>"": [], ""<class 'abc.NT_0010_P_00001'>"": [], ""<class 'abc.NT_0010_P_00002'>"": [], ""<class 'abc.NT_0017_P_00001'>"": [], ""<class 'abc.NT_0012'>"": [0, 0, 27606, 0, 0, 65962], ""<class 'abc.NT_0012_P_00000'>"": [], ""<class 'abc.NT_0012_P_00001'>"": [], ""<class 'abc.NT_0017_P_00002'>"": [], ""<class 'abc.NT_0013'>"": [1, 77353], ""<class 'abc.NT_0013_P_00000'>"": [], ""<class 'abc.NT_0011'>"": [], ""<class 'abc.NT_0011_P_00000'>"": [], ""<class 'abc.NT_0011_P_00001'>"": [], ""<class 'abc.NT_0011_P_00002'>"": [], ""<class 'abc.NT_0013_P_00001'>"": [], ""<class 'abc.NT_0013_P_00002'>"": [], ""<class 'abc.NT_0017_P_00003'>"": [], ""<class 'abc.NT_0016'>"": [2, 95088], ""<class 'abc.NT_0016_P_00000'>"": [], ""<class 'abc.NT_0016_P_00001'>"": [], ""<class 'abc.NT_0016_P_00002'>"": [], '$leftovers': [79112, 41937, 82055, 41802, 80929, 37572, 24235, 1002, 66268, 87311, 99058, 42897, 54099, 4751, 39061, 38658, 18856, 32793, 32020, 84694, 43326, 66351, 11593, 16559, 82179, 29701, 14785, 63931, 19995, 86098, 88506, 88906, 98218, 57143, 64899, 75531, 17691, 63845, 68413, 76826, 30524, 48607, 6718, 24768, 14247, 23842, 98884, 92372, 55279, 40315, 43705, 6728, 53868, 34432, 73753, 89438, 79733, 83929, 38685, 35410, 5343, 16823, 35888, 70000, 12879, 27426, 44726, 95438, 53746, 11554, 35563, 36846, 46156, 65002, 72433, 85297, 12477, 3511, 72425, 53166, 5796, 30717, 45518, 76561, 21526, 65748, 18017, 64172, 9175, 16724, 51276, 1749, 5687, 47923, 68260, 48548, 94393, 55323, 76604, 84009, 54574, 8798, 35733, 67233, 4198, 56844, 12629, 29196, 81671, 71295, 84963, 73193, 37662, 77918, 40265, 71387, 2776, 72056, 79890, 24380, 6524, 11920, 82004, 80554, 7771, 51485, 29874, 64851, 32118, 68660, 22646, 40503, 29950, 45632, 59339, 63591, 66553, 79195, 90039, 8891, 94412, 82595, 43578, 41060, 60184, 28053, 84947, 77614, 38864, 91374, 58545, 50015, 19960, 7381, 78763, 85070, 21507, 19025, 51930, 32629, 45143, 39756, 26052, 37388, 90108, 9391, 53674, 16962, 24269, 95106, 99931, 56381, 37781, 12365, 84199, 30949, 74271, 916, 85830, 97679, 18102, 478, 75886, 30302, 21977, 90537, 30063, 19357, 81788, 35261, 14719, 66114, 20921, 20240, 5992, 58367, 9680, 68600, 85141, 46379, 54808, 83564, 47005, 66549, 22371, 91024, 89979, 20226, 63714, 58641, 45142, 46907, 57602, 15144, 97990, 7439, 11158, 59469, 11328, 80659, 5962, 25695, 77537, 11892, 91592, 56748, 38581, 37353, 71743, 70419, 27563, 8343, 51963, 16605, 94638, 42057, 61173, 28541, 41743, 60295, 49767, 73628, 41163, 91833, 78182, 82565, 25215, 96862, 76058, 44249, 82715, 20979, 71376, 27708, 78050, 40085, 30494, 46076, 48158, 98017, 59418, 77712, 4502, 58514, 86759, 30136, 53692, 84446, 34409, 6828, 35370, 50950, 51945, 59877, 55822, 81173, 57512, 24080, 92189, 34559, 32530, 48867, 64932, 44, 85888, 8300, 92843, 6844, 39222, 76898, 88754, 22876, 38074, 43299, 88699, 81654, 61902, 89999, 13497, 66668, 7338, 74096, 38397, 11013, 98336, 40480, 33892, 63626, 49088, 71312, 23172, 10803, 62392, 24917, 67254, 58009, 81336, 59457, 73844, 95696, 6506, 27308, 70695, 56701, 13067, 41613, 72662, 53528, 75491, 42519, 81780, 31754, 13856, 88917, 96452, 41223, 89774, 10407, 31336, 50783, 20291, 5997, 7069, 31395, 24625, 6189, 56620, 24762, 84988, 68874, 85812, 41091, 24302, 77112, 35149, 22780, 53184, 18627, 57549, 17465, 63612, 87939, 6980, 60883, 29814, 87238, 14952, 60779, 86760, 61062, 30267, 24445, 56989, 27229, 82900, 90023, 57786, 63779, 40235, 86679, 51776, 22058, 63483, 39593, 41554, 8133, 95503, 6716, 25867, 90267, 22987, 39665, 98545, 93605, 1747, 78248, 27473, 33109, 26918, 82634, 51318, 80099, 73743, 12182, 94300, 46775, 25047, 68889, 10070, 18361, 65084, 37080, 70960, 83222, 67058, 98067, 22471, 67691, 59607, 67337, 8930, 21238, 46639, 45431, 43153, 96128, 24156, 80501, 82080, 49059, 2091, 12212, 52072, 31681, 90064, 42922, 12694, 63500, 88958, 85424, 60965, 55836, 88426, 54941, 94663, 65220, 71036, 49752, 17451, 53699, 9314, 14619, 3290, 44849, 90564, 91441, 62905, 40530, 5641, 37318, 36823, 31308, 19382, 62343, 86280, 16633, 47566, 15336, 77921, 88788, 50425, 20260, 79556, 59009, 60227, 87434, 40228, 88797, 25912, 98562, 76789, 91824, 52309, 10258, 50738, 95463, 77205, 93493, 68362, 24106, 95689, 49524, 69579, 66348, 75971, 22529, 74132, 89303, 37488, 5127, 63655, 17283, 25796, 52901, 73353, 59242, 58591, 76499, 46764, 96815, 56675, 19904, 86086, 9538, 16381, 25966, 48189, 47295, 50918, 3257, 56486, 10672, 45517, 6977, 66557, 24565, 14166, 47870, 73695, 59021, 61532, 83752, 51246, 6816, 65190, 71364, 98756, 25731, 84141, 78432, 21130, 69362, 52504, 59655, 73856, 97330, 50721, 19705, 54620, 16926, 96429, 24048, 73377, 67355, 15053, 17980, 70735, 35236, 75523, 91241, 23447, 72477, 51156, 95259, 88333, 29494, 67321, 52714, 62917, 99842, 65229, 6617, 44275, 88720, 37853, 8770, 63811, 7507, 89636, 17817, 1558, 85068, 79776, 73733, 11481, 89926, 56682, 49746, 9429, 50818, 45883, 58652, 12423, 26431, 60221, 95661, 73944, 68283, 51044, 69558, 68608, 65135, 29404, 17239, 5514, 47278, 63393, 94877, 23491, 47292, 6877, 19032, 65956, 9732, 97912, 1976, 37613, 34466, 61934, 57269, 53618, 5940, 93510, 52374, 85684, 22266, 86296, 60665, 10810, 9462, 494, 58482, 75247, 71566, 31620, 58819, 97731, 83116, 7767, 83623, 12444, 57312, 49834, 46402, 98377, 30435, 36116, 16443, 25589, 45312, 64514, 37426, 76200, 11178, 7488, 18610, 92099, 97566, 6854, 33656, 17686, 10866, 73697, 81050, 12312, 6505, 95303, 61521, 72092, 94259, 32683, 45746, 77187, 88803, 39457, 40047, 95729, 22380, 62708, 14355, 83408, 29714, 50213, 24600, 63055, 94787, 52488, 53820, 72502, 35142, 82539, 36201, 83535, 70150, 4544, 53013, 91532, 98794, 75749, 37723, 24569, 90322, 279, 84293, 85419, 53204, 7321, 22724, 95538, 85836, 2877, 93721, 73981, 40836, 90505, 94370, 88415, 37372, 69317, 25860, 4116, 35759, 84385, 33447, 84816, 12456, 31068, 57878, 18743, 27118, 55146, 45045, 76854, 36409, 49423, 25447, 28432, 61176, 34319, 67878, 7127, 41048, 27399, 57337, 84290, 2409, 69039, 23729, 7494, 36747, 48478, 38848, 42755, 293, 91046, 40498, 48156, 87860, 19957, 4960, 74844, 19836, 92291, 57801, 90081, 88664, 17768, 78881, 47919, 71822, 34413, 1930, 46778, 88873, 89253, 43012, 48581, 9353, 85645, 13891, 48249, 50115, 66199, 3386, 20854, 99932, 28051, 71692, 93909, 74084, 74671, 89896, 50523, 88742, 12398, 72247, 55742, 51721, 34827, 36846, 62982, 39419, 78439, 9343, 48468, 84544, 39864, 76167, 43812, 71247, 20757, 1762, 41180, 27413, 60564, 22669, 82173, 16704, 46485, 72310, 26823, 41298, 58642, 32787, 90874, 58140, 56784, 29999, 8759, 96835, 78050, 41544, 1255, 17455, 33878, 64547, 58966, 82332, 5215, 48306, 8922, 24655, 4697, 70882, 84900, 82562, 62735, 34434, 73303, 61588, 35094, 68503, 41162, 54916, 58190, 12626, 60530, 22534, 77445, 84110, 41705, 60129, 60275, 26541, 44213, 1777, 13370, 3088, 42025, 39125, 6806, 57675, 48434, 98242, 36838, 43086, 11553, 17088, 22108, 72325, 25128, 87991, 65587, 14862, 36451, 44287, 9734, 15759, 72468, 61485, 14174, 26892, 64268, 19975, 5444, 33247, 50382, 76845, 87224, 36256, 66890, 95968, 72639, 77038, 43204, 39754, 36312, 74369, 96758, 27679, 249, 98284, 44817, 61235, 55085, 9992, 27298, 25783, 69424, 39622, 26481, 58524, 35109, 38014, 50849, 43262, 70599, 1236, 29822, 19493, 40976, 26562, 7919, 16019, 11304, 44960, 68766, 47516, 55933, 93459, 51964, 80457, 87397, 77661, 10867, 13339, 38927, 67085, 83000, 91594, 70221, 32812, 41638, 39247, 63161, 56481, 85947, 619, 54521, 29223, 59027, 34890, 77305, 79995, 54866, 56578, 59831, 16991, 48800, 12168, 58544, 42596, 87951, 65721, 11198, 23052, 15984, 12347, 45822, 1513, 17129, 34479, 87885, 87506, 81928, 20343, 45290, 20189, 98974, 29926, 61725, 72592, 35725, 72251, 55074, 7660, 24694, 13707, 7777, 43103]})"
696.0,9,164,6,9.977843284606934,10696,"Genotype(dna={""<class 'abc.NT_0017'>"": [1, 23052], ""<class 'abc.NT_0017_P_00000'>"": [], ""<class 'abc.NT_0005'>"": [0, 0, 35544, 1, 0, 1, 0, 1, 1, 1513], ""<class 'abc.NT_0005_P_00000'>"": [], ""<class 'abc.NT_0005_P_00001'>"": [], ""<class 'bool'>"": [84999, 28488, 78745, 74465, 54864, 17890, 22220, 81494, 11196, 69809, 61245, 80970, 59031, 22762, 5961, 62130, 45589, 10807, 14782, 6975, 77464, 89143, 58527, 87729, 94847, 62019, 49113, 58378, 53170, 95528, 23383, 82543, 14478, 66708, 54731, 89098, 32143, 7859, 36186, 24185, 47559, 83429, 90839, 4278, 26457, 79584, 20529, 98243, 85958, 98174, 6785, 88501, 55012, 33130, 41129, 58441, 43664, 99446, 83751, 30410, 64020, 44540, 81585, 7120, 37923, 10103, 73391, 89114, 64247, 3546, 72400, 52366, 28775, 29390, 68435, 33337, 6744, 29451, 12483, 33008, 61810, 53426, 17083, 48182, 97610, 57753, 26303, 45688, 91985, 64549, 7322, 74594, 7380, 57378, 19802, 77078, 18809, 59896, 45688, 23178, 12446, 95713, 53145, 58733, 19385, 60055, 80733, 17434, 30657, 93224, 3662, 48300, 39234, 29456, 46465, 27619, 95361, 27532, 46356, 95674, 30680, 64142, 64196, 52536, 39063, 77585, 11909, 45735, 22343, 15823, 85441, 59982, 37416, 11596, 78873, 67187, 22642, 64179, 28050, 39669, 62179, 29319, 23731, 38136, 17100, 93335, 70044, 71087, 58529, 78370, 40605], ""<class 'int'>"": [88091, 54758, 80960, 4147, 58985, 98835, 47715, 12380, 43928, 18156, 46293, 82997, 26546, 21931, 20632, 91665, 69275, 46303, 61738, 80613, 63967, 92163, 79154, 79668, 18313, 6071, 50712, 91463, 54716, 33220, 52575, 78591, 28324, 24851, 385, 86434, 6594, 95864, 4088, 31907, 5028, 70908, 60125, 88976, 64506, 45119, 63026, 18677, 76141, 62129, 40973, 74468, 90479, 50241, 61828, 14495, 64587, 47259, 69389, 59226, 21182, 99643, 3451, 67066, 55205, 22485, 89443, 19030, 10288, 23574, 78426, 55280, 17305, 68878, 94325, 9074, 35370, 56456, 95300, 73961, 59051, 835, 21640, 2744, 30054, 96306, 55542, 57066, 65643, 97962, 97088, 62680, 1528, 56005, 81492, 81002, 48234, 28842, 92105, 38714, 65511, 82476, 73240, 25988, 68682, 4749, 1059, 85277, 54664, 55169, 72830, 29209, 32377, 56597, 43815, 46740, 16019, 36704, 91606, 54624, 42934, 87720, 75207, 56054, 59737, 79252, 96186, 60558, 8582, 3209, 7798, 18736, 20655, 95860, 60671, 36386, 88318, 80757, 49888, 58523, 36742, 48071, 76427, 91397, 47115, 74907, 19807, 19166, 48854, 4778, 9526, 30084, 70329, 29929, 24152, 98179, 6661, 59360, 47157, 52018, 24734, 716, 46264, 89982, 86072, 78100, 64619, 77321], ""<class 'abc.NT_0010'>"": [0, 0, 1, 12347], ""<class 'abc.NT_0010_P_00000'>"": [], ""<class 'abc.NT_0006'>"": [2, 2, 0, 1, 1302, 1892], ""<class 'abc.NT_0006_P_00000'>"": [], ""<class 'abc.NT_0006_P_00001'>"": [], ""<class 'abc.NT_0002'>"": [1, 1, 2, 1, 1, 1, 1, 0, 2, 1, 1, 0, 2, 0, 1, 0, 2, 1, 53720, 1, 0, 0, 69722, 1, 8713, 0, 0, 2, 0, 0, 0, 2, 1, 64800, 99864], ""<class 'abc.NT_0002_P_00000'>"": [], ""<class 'abc.NT_0001'>"": [1, 1, 1, 0, 0, 0, 0, 1, 1, 1, 1, 0, 1, 16227, 1, 1, 1, 1, 0, 0, 0, 0, 0, 0, 0, 0, 1, 40887, 0, 0, 0, 0, 0, 0, 0, 0, 0, 1, 0, 0, 0, 0, 76558, 0, 0, 0, 1, 0, 0, 0, 1, 1, 1, 0, 1, 0, 0, 45290], ""<class 'abc.NT_0001_P_00000'>"": [], ""<class 'abc.NT_0001_P_00001'>"": [], ""<class 'abc.NT_0000'>"": [0, 1, 1, 94528, 1, 0, 1, 1, 0, 1, 1, 80324, 0, 0, 9678, 1, 0, 1, 0, 0, 0, 1, 0, 0, 0, 1, 1, 0, 1, 1, 1, 0, 0, 0, 0, 0, 0, 0, 1, 1, 0, 1, 1, 0, 0, 0, 0, 1, 0, 0, 1, 0, 0, 0, 0, 0, 71485, 1, 0, 0, 0, 0, 1, 20343], ""<class 'abc.NT_0000_P_00000'>"": [], ""<class 'abc.NT_0000_P_00001'>"": [], ""<class 'abc.NT_0002_P_00001'>"": [], ""<class 'abc.NT_0002_P_00002'>"": [], ""<class 'abc.NT_0006_P_00002'>"": [], ""<class 'abc.NT_0007'>"": [1, 0, 1, 2, 87885, 72251, 55074], ""<class 'abc.NT_0007_P_00000'>"": [], ""<class 'abc.NT_0007_P_00001'>"": [], ""<class 'abc.NT_0007_P_00002'>"": [], ""<class 'abc.NT_0004'>"": [1, 1, 2, 2, 1, 2, 90007, 90154], ""<class 'abc.NT_0004_P_00000'>"": [], ""<class 'abc.NT_0003'>"": [10039, 1, 0, 1, 98974, 61725, 72592, 35725, 7660], ""<class 'abc.NT_0003_P_00000'>"": [], ""<class 'abc.NT_0003_P_00001'>"": [], ""<class 'abc.NT_0003_P_00002'>"": [], ""<class 'abc.NT_0003_P_00003'>"": [], ""<class 'abc.NT_0004_P_00001'>"": [], ""<class 'abc.NT_0004_P_00002'>"": [], ""<class 'abc.NT_0009'>"": [3, 0, 1, 1, 0, 45822], ""<class 'abc.NT_0009_P_00000'>"": [], ""<class 'abc.NT_0008'>"": [69105, 0, 24563, 0, 0, 0, 17129], ""<class 'abc.NT_0008_P_00000'>"": [], ""<class 'abc.NT_0009_P_00001'>"": [], ""<class 'abc.NT_0009_P_00002'>"": [], ""<class 'abc.NT_0009_P_00003'>"": [], ""<class 'abc.NT_0010_P_00001'>"": [], ""<class 'abc.NT_0010_P_00002'>"": [], ""<class 'abc.NT_0017_P_00001'>"": [], ""<class 'abc.NT_0012'>"": [0, 0, 27606, 0, 0, 65962], ""<class 'abc.NT_0012_P_00000'>"": [], ""<class 'abc.NT_0012_P_00001'>"": [], ""<class 'abc.NT_0017_P_00002'>"": [], ""<class 'abc.NT_0013'>"": [], ""<class 'abc.NT_0013_P_00000'>"": [], ""<class 'abc.NT_0011'>"": [0, 94522], ""<class 'abc.NT_0011_P_00000'>"": [], ""<class 'abc.NT_0011_P_00001'>"": [], ""<class 'abc.NT_0011_P_00002'>"": [], ""<class 'abc.NT_0013_P_00001'>"": [], ""<class 'abc.NT_0013_P_00002'>"": [], ""<class 'abc.NT_0017_P_00003'>"": [], ""<class 'abc.NT_0016'>"": [0, 20070], ""<class 'abc.NT_0016_P_00000'>"": [], ""<class 'abc.NT_0016_P_00001'>"": [], ""<class 'abc.NT_0016_P_00002'>"": [], '$leftovers': [24694, 13707, 7777, 43103, 79112, 41937, 82055, 41802, 80929, 37572, 24235, 1002, 66268, 87311, 99058, 42897, 54099, 4751, 39061, 38658, 18856, 32793, 32020, 84694, 43326, 66351, 11593, 16559, 82179, 29701, 14785, 63931, 19995, 86098, 88506, 88906, 98218, 57143, 64899, 75531, 17691, 63845, 68413, 76826, 30524, 48607, 6718, 24768, 14247, 23842, 98884, 92372, 55279, 40315, 43705, 6728, 53868, 34432, 73753, 89438, 79733, 83929, 38685, 35410, 5343, 16823, 35888, 70000, 12879, 27426, 44726, 95438, 53746, 11554, 35563, 36846, 46156, 65002, 72433, 85297, 12477, 3511, 72425, 53166, 5796, 30717, 45518, 76561, 21526, 65748, 18017, 64172, 9175, 16724, 51276, 1749, 5687, 47923, 68260, 48548, 94393, 55323, 76604, 84009, 54574, 8798, 35733, 67233, 4198, 56844, 12629, 29196, 81671, 71295, 84963, 73193, 37662, 77918, 40265, 71387, 2776, 72056, 79890, 24380, 6524, 11920, 82004, 80554, 7771, 51485, 29874, 64851, 32118, 68660, 22646, 40503, 29950, 45632, 59339, 63591, 66553, 79195, 90039, 8891, 94412, 82595, 43578, 41060, 60184, 28053, 84947, 77614, 38864, 91374, 58545, 50015, 19960, 7381, 78763, 85070, 21507, 19025, 51930, 32629, 45143, 39756, 26052, 37388, 90108, 9391, 53674, 16962, 24269, 95106, 99931, 56381, 37781, 12365, 84199, 30949, 74271, 916, 85830, 97679, 18102, 478, 75886, 30302, 21977, 90537, 30063, 19357, 81788, 35261, 14719, 66114, 20921, 20240, 5992, 58367, 9680, 68600, 85141, 46379, 54808, 83564, 47005, 66549, 22371, 91024, 89979, 20226, 63714, 58641, 45142, 46907, 57602, 15144, 97990, 7439, 11158, 59469, 11328, 80659, 5962, 25695, 77537, 11892, 91592, 56748, 38581, 37353, 71743, 70419, 27563, 8343, 51963, 16605, 94638, 42057, 61173, 28541, 41743, 60295, 49767, 73628, 41163, 91833, 78182, 82565, 25215, 96862, 76058, 44249, 82715, 20979, 71376, 27708, 78050, 40085, 30494, 46076, 48158, 98017, 59418, 77712, 4502, 58514, 86759, 30136, 53692, 84446, 34409, 6828, 35370, 50950, 51945, 59877, 55822, 81173, 57512, 24080, 92189, 34559, 32530, 48867, 64932, 44, 85888, 8300, 92843, 6844, 39222, 76898, 88754, 22876, 38074, 43299, 88699, 81654, 61902, 89999, 13497, 66668, 7338, 74096, 38397, 11013, 98336, 40480, 33892, 63626, 49088, 71312, 23172, 10803, 62392, 24917, 67254, 58009, 81336, 59457, 73844, 95696, 6506, 27308, 70695, 56701, 13067, 41613, 72662, 53528, 75491, 42519, 81780, 31754, 13856, 88917, 96452, 41223, 89774, 10407, 31336, 50783, 20291, 5997, 7069, 31395, 24625, 6189, 56620, 24762, 84988, 68874, 85812, 41091, 24302, 77112, 35149, 22780, 53184, 18627, 57549, 17465, 63612, 87939, 6980, 60883, 29814, 87238, 14952, 60779, 86760, 61062, 30267, 24445, 56989, 27229, 82900, 90023, 57786, 63779, 40235, 86679, 51776, 22058, 63483, 39593, 41554, 8133, 95503, 6716, 25867, 90267, 22987, 39665, 98545, 93605, 1747, 78248, 27473, 33109, 26918, 82634, 51318, 80099, 73743, 12182, 94300, 46775, 25047, 68889, 10070, 18361, 65084, 37080, 70960, 83222, 67058, 98067, 22471, 67691, 59607, 67337, 8930, 21238, 46639, 45431, 43153, 96128, 24156, 80501, 82080, 49059, 2091, 12212, 52072, 31681, 90064, 42922, 12694, 63500, 88958, 85424, 60965, 55836, 88426, 54941, 94663, 65220, 71036, 49752, 17451, 53699, 9314, 14619, 3290, 44849, 90564, 91441, 62905, 40530, 5641, 37318, 36823, 31308, 19382, 62343, 86280, 16633, 47566, 15336, 77921, 88788, 50425, 20260, 79556, 59009, 60227, 87434, 40228, 88797, 25912, 98562, 76789, 91824, 52309, 10258, 50738, 95463, 77205, 93493, 68362, 24106, 95689, 49524, 69579, 66348, 75971, 22529, 74132, 89303, 37488, 5127, 63655, 17283, 25796, 52901, 73353, 59242, 58591, 76499, 46764, 96815, 56675, 19904, 86086, 9538, 16381, 25966, 48189, 47295, 50918, 3257, 56486, 10672, 45517, 6977, 66557, 24565, 14166, 47870, 73695, 59021, 61532, 83752, 51246, 6816, 65190, 71364, 98756, 25731, 84141, 78432, 21130, 69362, 52504, 59655, 73856, 97330, 50721, 19705, 54620, 16926, 96429, 24048, 73377, 67355, 15053, 17980, 70735, 35236, 75523, 91241, 23447, 72477, 51156, 95259, 88333, 29494, 67321, 52714, 62917, 99842, 65229, 6617, 44275, 88720, 37853, 8770, 63811, 7507, 89636, 17817, 1558, 85068, 79776, 73733, 11481, 89926, 56682, 49746, 9429, 50818, 45883, 58652, 12423, 26431, 60221, 95661, 73944, 68283, 51044, 69558, 68608, 65135, 29404, 17239, 5514, 47278, 63393, 94877, 23491, 47292, 6877, 19032, 65956, 9732, 97912, 1976, 37613, 34466, 61934, 57269, 53618, 5940, 93510, 52374, 85684, 22266, 86296, 60665, 10810, 9462, 494, 58482, 75247, 71566, 31620, 58819, 97731, 83116, 7767, 83623, 12444, 57312, 49834, 46402, 98377, 30435, 36116, 16443, 25589, 45312, 64514, 37426, 76200, 11178, 7488, 18610, 92099, 97566, 6854, 33656, 17686, 10866, 73697, 81050, 12312, 6505, 95303, 61521, 72092, 94259, 32683, 45746, 77187, 88803, 39457, 40047, 95729, 22380, 62708, 14355, 83408, 29714, 50213, 24600, 63055, 94787, 52488, 53820, 72502, 35142, 82539, 36201, 83535, 70150, 4544, 53013, 91532, 98794, 75749, 37723, 24569, 90322, 279, 84293, 85419, 53204, 7321, 22724, 95538, 85836, 2877, 93721, 73981, 40836, 90505, 94370, 88415, 37372, 69317, 25860, 4116, 35759, 84385, 33447, 84816, 12456, 31068, 57878, 18743, 27118, 55146, 45045, 76854, 36409, 49423, 25447, 28432, 61176, 34319, 67878, 7127, 41048, 27399, 57337, 84290, 2409, 69039, 23729, 7494, 36747, 48478, 38848, 42755, 293, 91046, 40498, 48156, 87860, 19957, 4960, 74844, 19836, 92291, 57801, 90081, 88664, 17768, 78881, 47919, 71822, 34413, 1930, 46778, 88873, 89253, 43012, 48581, 9353, 85645, 13891, 48249, 50115, 66199, 3386, 20854, 99932, 28051, 71692, 93909, 74084, 74671, 89896, 50523, 88742, 12398, 72247, 55742, 51721, 34827, 36846, 62982, 39419, 78439, 9343, 48468, 84544, 39864, 76167, 43812, 71247, 20757, 1762, 41180, 27413, 60564, 22669, 82173, 16704, 46485, 72310, 26823, 41298, 58642, 32787, 90874, 58140, 56784, 29999, 8759, 96835, 78050, 41544, 1255, 17455, 33878, 64547, 58966, 82332, 5215, 48306, 8922, 24655, 4697, 70882, 84900, 82562, 62735, 34434, 73303, 61588, 35094, 68503, 41162, 54916, 58190, 12626, 60530, 22534, 77445, 84110, 41705, 60129, 60275, 26541, 44213, 1777, 13370, 3088, 42025, 39125, 6806, 57675, 48434, 98242, 36838, 43086, 11553, 17088, 22108, 72325, 25128, 87991, 65587, 14862, 36451, 44287, 9734, 15759, 72468, 61485, 14174, 26892, 64268, 19975, 5444, 33247, 50382, 76845, 87224, 36256, 66890, 95968, 72639, 77038, 43204, 39754, 36312, 74369, 96758, 27679, 249, 98284, 44817, 61235, 55085, 9992, 27298, 25783, 69424, 39622, 26481, 58524, 35109, 38014, 50849, 43262, 70599, 1236, 29822, 19493, 40976, 26562, 7919, 16019, 11304, 44960, 68766, 47516, 55933, 93459, 51964, 80457, 87397, 77661, 10867, 13339, 38927, 67085, 83000, 91594, 70221, 32812, 41638, 39247, 63161, 56481, 85947, 619, 54521, 29223, 59027, 34890, 77305, 79995, 54866, 56578, 59831, 16991, 48800, 12168, 58544, 42596, 87951, 65721, 11198, 23052, 15984, 12347, 45822, 1513, 17129, 34479, 87885, 87506, 81928, 20343, 45290, 20189, 98974, 29926, 61725, 72592, 35725, 72251, 55074, 7660]})"
696.0,9,164,7,11.2771737575531,10696,"Genotype(dna={""<class 'abc.NT_0017'>"": [1, 23052], ""<class 'abc.NT_0017_P_00000'>"": [], ""<class 'abc.NT_0005'>"": [0, 0, 35544, 1, 0, 1, 0, 1, 1, 1513], ""<class 'abc.NT_0005_P_00000'>"": [], ""<class 'abc.NT_0005_P_00001'>"": [], ""<class 'bool'>"": [84999, 28488, 78745, 74465, 54864, 17890, 22220, 81494, 11196, 69809, 61245, 80970, 59031, 22762, 5961, 62130, 45589, 10807, 14782, 6975, 77464, 89143, 58527, 87729, 94847, 62019, 49113, 58378, 53170, 95528, 23383, 82543, 14478, 66708, 54731, 89098, 32143, 7859, 36186, 24185, 47559, 83429, 90839, 4278, 26457, 79584, 20529, 98243, 85958, 98174, 6785, 88501, 55012, 33130, 41129, 58441, 43664, 99446, 83751, 30410, 64020, 44540, 81585, 7120, 37923, 10103, 73391, 89114, 64247, 3546, 72400, 52366, 28775, 29390, 68435, 33337, 6744, 29451, 12483, 33008, 61810, 53426, 17083, 48182, 97610, 57753, 26303, 45688, 91985, 64549, 7322, 74594, 7380, 57378, 19802, 77078, 18809, 59896, 45688, 23178, 12446, 95713, 53145, 58733, 19385, 60055, 80733, 17434, 30657, 93224, 3662, 48300, 39234, 29456, 46465, 27619, 95361, 27532, 46356, 95674, 30680, 64142, 64196, 52536, 39063, 77585, 11909, 45735, 22343, 15823, 85441, 59982, 37416, 11596, 78873, 67187, 22642, 64179, 28050, 39669, 62179, 29319, 23731, 38136, 17100, 93335, 70044, 71087, 58529, 78370, 40605], ""<class 'int'>"": [88091, 54758, 80960, 4147, 58985, 98835, 47715, 12380, 43928, 18156, 46293, 82997, 26546, 21931, 20632, 91665, 69275, 46303, 61738, 80613, 63967, 92163, 79154, 79668, 18313, 6071, 50712, 91463, 54716, 33220, 52575, 78591, 28324, 24851, 385, 86434, 6594, 95864, 4088, 31907, 5028, 70908, 60125, 88976, 64506, 45119, 63026, 18677, 76141, 62129, 40973, 74468, 90479, 50241, 61828, 14495, 64587, 47259, 69389, 59226, 21182, 99643, 3451, 67066, 55205, 22485, 89443, 19030, 10288, 23574, 78426, 55280, 17305, 68878, 94325, 9074, 35370, 56456, 95300, 73961, 59051, 835, 21640, 2744, 30054, 96306, 55542, 57066, 65643, 97962, 97088, 62680, 1528, 56005, 81492, 81002, 48234, 28842, 92105, 38714, 65511, 82476, 73240, 25988, 68682, 4749, 1059, 85277, 54664, 55169, 72830, 29209, 32377, 56597, 43815, 46740, 16019, 36704, 91606, 54624, 42934, 87720, 75207, 56054, 59737, 79252, 96186, 60558, 8582, 3209, 7798, 18736, 20655, 95860, 60671, 36386, 88318, 80757, 49888, 58523, 36742, 48071, 76427, 91397, 47115, 74907, 19807, 19166, 48854, 4778, 9526, 30084, 70329, 29929, 24152, 98179, 6661, 59360, 47157, 52018, 24734, 716, 46264, 89982, 86072, 78100, 64619, 77321], ""<class 'abc.NT_0010'>"": [0, 0, 1, 12347], ""<class 'abc.NT_0010_P_00000'>"": [], ""<class 'abc.NT_0006'>"": [2, 2, 0, 1, 1302, 1892], ""<class 'abc.NT_0006_P_00000'>"": [], ""<class 'abc.NT_0006_P_00001'>"": [], ""<class 'abc.NT_0002'>"": [1, 1, 2, 1, 1, 1, 1, 0, 2, 1, 1, 0, 2, 0, 1, 0, 2, 1, 53720, 1, 0, 0, 69722, 1, 8713, 0, 0, 2, 0, 0, 0, 2, 1, 64800, 99864], ""<class 'abc.NT_0002_P_00000'>"": [], ""<class 'abc.NT_0001'>"": [1, 1, 1, 0, 0, 0, 0, 1, 1, 1, 1, 0, 1, 16227, 1, 1, 1, 1, 0, 0, 0, 0, 0, 0, 0, 0, 1, 40887, 0, 0, 0, 0, 0, 0, 0, 0, 0, 1, 0, 0, 0, 0, 76558, 0, 0, 0, 1, 0, 0, 0, 1, 1, 1, 0, 1, 0, 0, 45290], ""<class 'abc.NT_0001_P_00000'>"": [], ""<class 'abc.NT_0001_P_00001'>"": [], ""<class 'abc.NT_0000'>"": [0, 1, 1, 94528, 1, 0, 1, 1, 0, 1, 1, 80324, 0, 0, 9678, 1, 0, 1, 0, 0, 0, 1, 0, 0, 0, 1, 1, 0, 1, 1, 1, 0, 0, 0, 0, 0, 0, 0, 1, 1, 0, 1, 1, 0, 0, 0, 0, 1, 0, 0, 1, 0, 0, 0, 0, 0, 71485, 1, 0, 0, 0, 0, 1, 20343], ""<class 'abc.NT_0000_P_00000'>"": [], ""<class 'abc.NT_0000_P_00001'>"": [], ""<class 'abc.NT_0002_P_00001'>"": [], ""<class 'abc.NT_0002_P_00002'>"": [], ""<class 'abc.NT_0006_P_00002'>"": [], ""<class 'abc.NT_0007'>"": [1, 0, 1, 2, 87885, 72251, 55074], ""<class 'abc.NT_0007_P_00000'>"": [], ""<class 'abc.NT_0007_P_00001'>"": [], ""<class 'abc.NT_0007_P_00002'>"": [], ""<class 'abc.NT_0004'>"": [1, 1, 2, 2, 1, 2, 90007, 90154], ""<class 'abc.NT_0004_P_00000'>"": [], ""<class 'abc.NT_0003'>"": [10039, 1, 0, 1, 98974, 61725, 72592, 35725, 7660], ""<class 'abc.NT_0003_P_00000'>"": [], ""<class 'abc.NT_0003_P_00001'>"": [], ""<class 'abc.NT_0003_P_00002'>"": [], ""<class 'abc.NT_0003_P_00003'>"": [], ""<class 'abc.NT_0004_P_00001'>"": [], ""<class 'abc.NT_0004_P_00002'>"": [], ""<class 'abc.NT_0009'>"": [3, 0, 1, 1, 0, 45822], ""<class 'abc.NT_0009_P_00000'>"": [], ""<class 'abc.NT_0008'>"": [69105, 0, 24563, 0, 0, 0, 17129], ""<class 'abc.NT_0008_P_00000'>"": [], ""<class 'abc.NT_0009_P_00001'>"": [], ""<class 'abc.NT_0009_P_00002'>"": [], ""<class 'abc.NT_0009_P_00003'>"": [], ""<class 'abc.NT_0010_P_00001'>"": [], ""<class 'abc.NT_0010_P_00002'>"": [], ""<class 'abc.NT_0017_P_00001'>"": [], ""<class 'abc.NT_0012'>"": [0, 0, 27606, 0, 0, 65962], ""<class 'abc.NT_0012_P_00000'>"": [], ""<class 'abc.NT_0012_P_00001'>"": [], ""<class 'abc.NT_0017_P_00002'>"": [], ""<class 'abc.NT_0013'>"": [], ""<class 'abc.NT_0013_P_00000'>"": [], ""<class 'abc.NT_0011'>"": [0, 94522], ""<class 'abc.NT_0011_P_00000'>"": [], ""<class 'abc.NT_0011_P_00001'>"": [], ""<class 'abc.NT_0011_P_00002'>"": [], ""<class 'abc.NT_0013_P_00001'>"": [], ""<class 'abc.NT_0013_P_00002'>"": [], ""<class 'abc.NT_0017_P_00003'>"": [], ""<class 'abc.NT_0016'>"": [0, 20070], ""<class 'abc.NT_0016_P_00000'>"": [], ""<class 'abc.NT_0016_P_00001'>"": [], ""<class 'abc.NT_0016_P_00002'>"": [], '$leftovers': [24694, 13707, 7777, 43103, 79112, 41937, 82055, 41802, 80929, 37572, 24235, 1002, 66268, 87311, 99058, 42897, 54099, 4751, 39061, 38658, 18856, 32793, 32020, 84694, 43326, 66351, 11593, 16559, 82179, 29701, 14785, 63931, 19995, 86098, 88506, 88906, 98218, 57143, 64899, 75531, 17691, 63845, 68413, 76826, 30524, 48607, 6718, 24768, 14247, 23842, 98884, 92372, 55279, 40315, 43705, 6728, 53868, 34432, 73753, 89438, 79733, 83929, 38685, 35410, 5343, 16823, 35888, 70000, 12879, 27426, 44726, 95438, 53746, 11554, 35563, 36846, 46156, 65002, 72433, 85297, 12477, 3511, 72425, 53166, 5796, 30717, 45518, 76561, 21526, 65748, 18017, 64172, 9175, 16724, 51276, 1749, 5687, 47923, 68260, 48548, 94393, 55323, 76604, 84009, 54574, 8798, 35733, 67233, 4198, 56844, 12629, 29196, 81671, 71295, 84963, 73193, 37662, 77918, 40265, 71387, 2776, 72056, 79890, 24380, 6524, 11920, 82004, 80554, 7771, 51485, 29874, 64851, 32118, 68660, 22646, 40503, 29950, 45632, 59339, 63591, 66553, 79195, 90039, 8891, 94412, 82595, 43578, 41060, 60184, 28053, 84947, 77614, 38864, 91374, 58545, 50015, 19960, 7381, 78763, 85070, 21507, 19025, 51930, 32629, 45143, 39756, 26052, 37388, 90108, 9391, 53674, 16962, 24269, 95106, 99931, 56381, 37781, 12365, 84199, 30949, 74271, 916, 85830, 97679, 18102, 478, 75886, 30302, 21977, 90537, 30063, 19357, 81788, 35261, 14719, 66114, 20921, 20240, 5992, 58367, 9680, 68600, 85141, 46379, 54808, 83564, 47005, 66549, 22371, 91024, 89979, 20226, 63714, 58641, 45142, 46907, 57602, 15144, 97990, 7439, 11158, 59469, 11328, 80659, 5962, 25695, 77537, 11892, 91592, 56748, 38581, 37353, 71743, 70419, 27563, 8343, 51963, 16605, 94638, 42057, 61173, 28541, 41743, 60295, 49767, 73628, 41163, 91833, 78182, 82565, 25215, 96862, 76058, 44249, 82715, 20979, 71376, 27708, 78050, 40085, 30494, 46076, 48158, 98017, 59418, 77712, 4502, 58514, 86759, 30136, 53692, 84446, 34409, 6828, 35370, 50950, 51945, 59877, 55822, 81173, 57512, 24080, 92189, 34559, 32530, 48867, 64932, 44, 85888, 8300, 92843, 6844, 39222, 76898, 88754, 22876, 38074, 43299, 88699, 81654, 61902, 89999, 13497, 66668, 7338, 74096, 38397, 11013, 98336, 40480, 33892, 63626, 49088, 71312, 23172, 10803, 62392, 24917, 67254, 58009, 81336, 59457, 73844, 95696, 6506, 27308, 70695, 56701, 13067, 41613, 72662, 53528, 75491, 42519, 81780, 31754, 13856, 88917, 96452, 41223, 89774, 10407, 31336, 50783, 20291, 5997, 7069, 31395, 24625, 6189, 56620, 24762, 84988, 68874, 85812, 41091, 24302, 77112, 35149, 22780, 53184, 18627, 57549, 17465, 63612, 87939, 6980, 60883, 29814, 87238, 14952, 60779, 86760, 61062, 30267, 24445, 56989, 27229, 82900, 90023, 57786, 63779, 40235, 86679, 51776, 22058, 63483, 39593, 41554, 8133, 95503, 6716, 25867, 90267, 22987, 39665, 98545, 93605, 1747, 78248, 27473, 33109, 26918, 82634, 51318, 80099, 73743, 12182, 94300, 46775, 25047, 68889, 10070, 18361, 65084, 37080, 70960, 83222, 67058, 98067, 22471, 67691, 59607, 67337, 8930, 21238, 46639, 45431, 43153, 96128, 24156, 80501, 82080, 49059, 2091, 12212, 52072, 31681, 90064, 42922, 12694, 63500, 88958, 85424, 60965, 55836, 88426, 54941, 94663, 65220, 71036, 49752, 17451, 53699, 9314, 14619, 3290, 44849, 90564, 91441, 62905, 40530, 5641, 37318, 36823, 31308, 19382, 62343, 86280, 16633, 47566, 15336, 77921, 88788, 50425, 20260, 79556, 59009, 60227, 87434, 40228, 88797, 25912, 98562, 76789, 91824, 52309, 10258, 50738, 95463, 77205, 93493, 68362, 24106, 95689, 49524, 69579, 66348, 75971, 22529, 74132, 89303, 37488, 5127, 63655, 17283, 25796, 52901, 73353, 59242, 58591, 76499, 46764, 96815, 56675, 19904, 86086, 9538, 16381, 25966, 48189, 47295, 50918, 3257, 56486, 10672, 45517, 6977, 66557, 24565, 14166, 47870, 73695, 59021, 61532, 83752, 51246, 6816, 65190, 71364, 98756, 25731, 84141, 78432, 21130, 69362, 52504, 59655, 73856, 97330, 50721, 19705, 54620, 16926, 96429, 24048, 73377, 67355, 15053, 17980, 70735, 35236, 75523, 91241, 23447, 72477, 51156, 95259, 88333, 29494, 67321, 52714, 62917, 99842, 65229, 6617, 44275, 88720, 37853, 8770, 63811, 7507, 89636, 17817, 1558, 85068, 79776, 73733, 11481, 89926, 56682, 49746, 9429, 50818, 45883, 58652, 12423, 26431, 60221, 95661, 73944, 68283, 51044, 69558, 68608, 65135, 29404, 17239, 5514, 47278, 63393, 94877, 23491, 47292, 6877, 19032, 65956, 9732, 97912, 1976, 37613, 34466, 61934, 57269, 53618, 5940, 93510, 52374, 85684, 22266, 86296, 60665, 10810, 9462, 494, 58482, 75247, 71566, 31620, 58819, 97731, 83116, 7767, 83623, 12444, 57312, 49834, 46402, 98377, 30435, 36116, 16443, 25589, 45312, 64514, 37426, 76200, 11178, 7488, 18610, 92099, 97566, 6854, 33656, 17686, 10866, 73697, 81050, 12312, 6505, 95303, 61521, 72092, 94259, 32683, 45746, 77187, 88803, 39457, 40047, 95729, 22380, 62708, 14355, 83408, 29714, 50213, 24600, 63055, 94787, 52488, 53820, 72502, 35142, 82539, 36201, 83535, 70150, 4544, 53013, 91532, 98794, 75749, 37723, 24569, 90322, 279, 84293, 85419, 53204, 7321, 22724, 95538, 85836, 2877, 93721, 73981, 40836, 90505, 94370, 88415, 37372, 69317, 25860, 4116, 35759, 84385, 33447, 84816, 12456, 31068, 57878, 18743, 27118, 55146, 45045, 76854, 36409, 49423, 25447, 28432, 61176, 34319, 67878, 7127, 41048, 27399, 57337, 84290, 2409, 69039, 23729, 7494, 36747, 48478, 38848, 42755, 293, 91046, 40498, 48156, 87860, 19957, 4960, 74844, 19836, 92291, 57801, 90081, 88664, 17768, 78881, 47919, 71822, 34413, 1930, 46778, 88873, 89253, 43012, 48581, 9353, 85645, 13891, 48249, 50115, 66199, 3386, 20854, 99932, 28051, 71692, 93909, 74084, 74671, 89896, 50523, 88742, 12398, 72247, 55742, 51721, 34827, 36846, 62982, 39419, 78439, 9343, 48468, 84544, 39864, 76167, 43812, 71247, 20757, 1762, 41180, 27413, 60564, 22669, 82173, 16704, 46485, 72310, 26823, 41298, 58642, 32787, 90874, 58140, 56784, 29999, 8759, 96835, 78050, 41544, 1255, 17455, 33878, 64547, 58966, 82332, 5215, 48306, 8922, 24655, 4697, 70882, 84900, 82562, 62735, 34434, 73303, 61588, 35094, 68503, 41162, 54916, 58190, 12626, 60530, 22534, 77445, 84110, 41705, 60129, 60275, 26541, 44213, 1777, 13370, 3088, 42025, 39125, 6806, 57675, 48434, 98242, 36838, 43086, 11553, 17088, 22108, 72325, 25128, 87991, 65587, 14862, 36451, 44287, 9734, 15759, 72468, 61485, 14174, 26892, 64268, 19975, 5444, 33247, 50382, 76845, 87224, 36256, 66890, 95968, 72639, 77038, 43204, 39754, 36312, 74369, 96758, 27679, 249, 98284, 44817, 61235, 55085, 9992, 27298, 25783, 69424, 39622, 26481, 58524, 35109, 38014, 50849, 43262, 70599, 1236, 29822, 19493, 40976, 26562, 7919, 16019, 11304, 44960, 68766, 47516, 55933, 93459, 51964, 80457, 87397, 77661, 10867, 13339, 38927, 67085, 83000, 91594, 70221, 32812, 41638, 39247, 63161, 56481, 85947, 619, 54521, 29223, 59027, 34890, 77305, 79995, 54866, 56578, 59831, 16991, 48800, 12168, 58544, 42596, 87951, 65721, 11198, 23052, 15984, 12347, 45822, 1513, 17129, 34479, 87885, 87506, 81928, 20343, 45290, 20189, 98974, 29926, 61725, 72592, 35725, 72251, 55074, 7660]})"
696.0,9,164,8,12.606843948364258,10696,"Genotype(dna={""<class 'abc.NT_0017'>"": [1, 23052], ""<class 'abc.NT_0017_P_00000'>"": [], ""<class 'abc.NT_0005'>"": [0, 0, 35544, 1, 0, 1, 0, 1, 1, 1513], ""<class 'abc.NT_0005_P_00000'>"": [], ""<class 'abc.NT_0005_P_00001'>"": [], ""<class 'bool'>"": [84999, 28488, 78745, 74465, 54864, 17890, 22220, 81494, 11196, 69809, 61245, 80970, 59031, 22762, 5961, 62130, 45589, 10807, 14782, 6975, 77464, 89143, 58527, 87729, 94847, 62019, 49113, 58378, 53170, 95528, 23383, 82543, 14478, 66708, 54731, 89098, 32143, 7859, 36186, 24185, 47559, 83429, 90839, 4278, 26457, 79584, 20529, 98243, 85958, 98174, 6785, 88501, 55012, 33130, 41129, 58441, 43664, 99446, 83751, 30410, 64020, 44540, 81585, 7120, 37923, 10103, 73391, 89114, 64247, 3546, 72400, 52366, 28775, 29390, 68435, 33337, 6744, 29451, 12483, 33008, 61810, 53426, 17083, 48182, 97610, 57753, 26303, 45688, 91985, 64549, 7322, 74594, 7380, 57378, 19802, 77078, 18809, 59896, 45688, 23178, 12446, 95713, 53145, 58733, 19385, 60055, 80733, 17434, 30657, 93224, 3662, 48300, 39234, 29456, 46465, 27619, 95361, 27532, 46356, 95674, 30680, 64142, 64196, 52536, 39063, 77585, 11909, 45735, 22343, 15823, 85441, 59982, 37416, 11596, 78873, 67187, 22642, 64179, 28050, 39669, 62179, 29319, 23731, 38136, 17100, 93335, 70044, 71087, 58529, 78370, 40605], ""<class 'int'>"": [88091, 54758, 80960, 4147, 58985, 98835, 47715, 12380, 43928, 18156, 46293, 82997, 26546, 21931, 20632, 91665, 69275, 46303, 61738, 80613, 63967, 92163, 79154, 79668, 18313, 6071, 50712, 91463, 54716, 33220, 52575, 78591, 28324, 24851, 385, 86434, 6594, 95864, 4088, 31907, 5028, 70908, 60125, 88976, 64506, 45119, 63026, 18677, 76141, 62129, 40973, 74468, 90479, 50241, 61828, 14495, 64587, 47259, 69389, 59226, 21182, 99643, 3451, 67066, 55205, 22485, 89443, 19030, 10288, 23574, 78426, 55280, 17305, 68878, 94325, 9074, 35370, 56456, 95300, 73961, 59051, 835, 21640, 2744, 30054, 96306, 55542, 57066, 65643, 97962, 97088, 62680, 1528, 56005, 81492, 81002, 48234, 28842, 92105, 38714, 65511, 82476, 73240, 25988, 68682, 4749, 1059, 85277, 54664, 55169, 72830, 29209, 32377, 56597, 43815, 46740, 16019, 36704, 91606, 54624, 42934, 87720, 75207, 56054, 59737, 79252, 96186, 60558, 8582, 3209, 7798, 18736, 20655, 95860, 60671, 36386, 88318, 80757, 49888, 58523, 36742, 48071, 76427, 91397, 47115, 74907, 19807, 19166, 48854, 4778, 9526, 30084, 70329, 29929, 24152, 98179, 6661, 59360, 47157, 52018, 24734, 716, 46264, 89982, 86072, 78100, 64619, 77321], ""<class 'abc.NT_0010'>"": [0, 0, 1, 12347], ""<class 'abc.NT_0010_P_00000'>"": [], ""<class 'abc.NT_0006'>"": [2, 2, 0, 1, 1302, 1892], ""<class 'abc.NT_0006_P_00000'>"": [], ""<class 'abc.NT_0006_P_00001'>"": [], ""<class 'abc.NT_0002'>"": [1, 1, 2, 1, 1, 1, 1, 0, 2, 1, 1, 0, 2, 0, 1, 0, 2, 1, 53720, 1, 0, 0, 69722, 1, 8713, 0, 0, 2, 0, 0, 0, 2, 1, 64800, 99864], ""<class 'abc.NT_0002_P_00000'>"": [], ""<class 'abc.NT_0001'>"": [1, 1, 1, 0, 0, 0, 0, 1, 1, 1, 1, 0, 1, 16227, 1, 1, 1, 1, 0, 0, 0, 0, 0, 0, 0, 0, 1, 40887, 0, 0, 0, 0, 0, 0, 0, 0, 0, 1, 0, 0, 0, 0, 76558, 0, 0, 0, 1, 0, 0, 0, 1, 1, 1, 0, 1, 0, 0, 45290], ""<class 'abc.NT_0001_P_00000'>"": [], ""<class 'abc.NT_0001_P_00001'>"": [], ""<class 'abc.NT_0000'>"": [0, 1, 1, 94528, 1, 0, 1, 1, 0, 1, 1, 80324, 0, 0, 9678, 1, 0, 1, 0, 0, 0, 1, 0, 0, 0, 1, 1, 0, 1, 1, 1, 0, 0, 0, 0, 0, 0, 0, 1, 1, 0, 1, 1, 0, 0, 0, 0, 1, 0, 0, 1, 0, 0, 0, 0, 0, 71485, 1, 0, 0, 0, 0, 1, 20343], ""<class 'abc.NT_0000_P_00000'>"": [], ""<class 'abc.NT_0000_P_00001'>"": [], ""<class 'abc.NT_0002_P_00001'>"": [], ""<class 'abc.NT_0002_P_00002'>"": [], ""<class 'abc.NT_0006_P_00002'>"": [], ""<class 'abc.NT_0007'>"": [1, 0, 1, 2, 87885, 72251, 55074], ""<class 'abc.NT_0007_P_00000'>"": [], ""<class 'abc.NT_0007_P_00001'>"": [], ""<class 'abc.NT_0007_P_00002'>"": [], ""<class 'abc.NT_0004'>"": [1, 1, 2, 2, 1, 2, 90007, 90154], ""<class 'abc.NT_0004_P_00000'>"": [], ""<class 'abc.NT_0003'>"": [10039, 1, 0, 1, 98974, 61725, 72592, 35725, 7660], ""<class 'abc.NT_0003_P_00000'>"": [], ""<class 'abc.NT_0003_P_00001'>"": [], ""<class 'abc.NT_0003_P_00002'>"": [], ""<class 'abc.NT_0003_P_00003'>"": [], ""<class 'abc.NT_0004_P_00001'>"": [], ""<class 'abc.NT_0004_P_00002'>"": [], ""<class 'abc.NT_0009'>"": [3, 0, 1, 1, 0, 45822], ""<class 'abc.NT_0009_P_00000'>"": [], ""<class 'abc.NT_0008'>"": [69105, 0, 24563, 0, 0, 0, 17129], ""<class 'abc.NT_0008_P_00000'>"": [], ""<class 'abc.NT_0009_P_00001'>"": [], ""<class 'abc.NT_0009_P_00002'>"": [], ""<class 'abc.NT_0009_P_00003'>"": [], ""<class 'abc.NT_0010_P_00001'>"": [], ""<class 'abc.NT_0010_P_00002'>"": [], ""<class 'abc.NT_0017_P_00001'>"": [], ""<class 'abc.NT_0012'>"": [0, 0, 27606, 0, 0, 65962], ""<class 'abc.NT_0012_P_00000'>"": [], ""<class 'abc.NT_0012_P_00001'>"": [], ""<class 'abc.NT_0017_P_00002'>"": [], ""<class 'abc.NT_0013'>"": [], ""<class 'abc.NT_0013_P_00000'>"": [], ""<class 'abc.NT_0011'>"": [0, 94522], ""<class 'abc.NT_0011_P_00000'>"": [], ""<class 'abc.NT_0011_P_00001'>"": [], ""<class 'abc.NT_0011_P_00002'>"": [], ""<class 'abc.NT_0013_P_00001'>"": [], ""<class 'abc.NT_0013_P_00002'>"": [], ""<class 'abc.NT_0017_P_00003'>"": [], ""<class 'abc.NT_0016'>"": [0, 20070], ""<class 'abc.NT_0016_P_00000'>"": [], ""<class 'abc.NT_0016_P_00001'>"": [], ""<class 'abc.NT_0016_P_00002'>"": [], '$leftovers': [24694, 13707, 7777, 43103, 79112, 41937, 82055, 41802, 80929, 37572, 24235, 1002, 66268, 87311, 99058, 42897, 54099, 4751, 39061, 38658, 18856, 32793, 32020, 84694, 43326, 66351, 11593, 16559, 82179, 29701, 14785, 63931, 19995, 86098, 88506, 88906, 98218, 57143, 64899, 75531, 17691, 63845, 68413, 76826, 30524, 48607, 6718, 24768, 14247, 23842, 98884, 92372, 55279, 40315, 43705, 6728, 53868, 34432, 73753, 89438, 79733, 83929, 38685, 35410, 5343, 16823, 35888, 70000, 12879, 27426, 44726, 95438, 53746, 11554, 35563, 36846, 46156, 65002, 72433, 85297, 12477, 3511, 72425, 53166, 5796, 30717, 45518, 76561, 21526, 65748, 18017, 64172, 9175, 16724, 51276, 1749, 5687, 47923, 68260, 48548, 94393, 55323, 76604, 84009, 54574, 8798, 35733, 67233, 4198, 56844, 12629, 29196, 81671, 71295, 84963, 73193, 37662, 77918, 40265, 71387, 2776, 72056, 79890, 24380, 6524, 11920, 82004, 80554, 7771, 51485, 29874, 64851, 32118, 68660, 22646, 40503, 29950, 45632, 59339, 63591, 66553, 79195, 90039, 8891, 94412, 82595, 43578, 41060, 60184, 28053, 84947, 77614, 38864, 91374, 58545, 50015, 19960, 7381, 78763, 85070, 21507, 19025, 51930, 32629, 45143, 39756, 26052, 37388, 90108, 9391, 53674, 16962, 24269, 95106, 99931, 56381, 37781, 12365, 84199, 30949, 74271, 916, 85830, 97679, 18102, 478, 75886, 30302, 21977, 90537, 30063, 19357, 81788, 35261, 14719, 66114, 20921, 20240, 5992, 58367, 9680, 68600, 85141, 46379, 54808, 83564, 47005, 66549, 22371, 91024, 89979, 20226, 63714, 58641, 45142, 46907, 57602, 15144, 97990, 7439, 11158, 59469, 11328, 80659, 5962, 25695, 77537, 11892, 91592, 56748, 38581, 37353, 71743, 70419, 27563, 8343, 51963, 16605, 94638, 42057, 61173, 28541, 41743, 60295, 49767, 73628, 41163, 91833, 78182, 82565, 25215, 96862, 76058, 44249, 82715, 20979, 71376, 27708, 78050, 40085, 30494, 46076, 48158, 98017, 59418, 77712, 4502, 58514, 86759, 30136, 53692, 84446, 34409, 6828, 35370, 50950, 51945, 59877, 55822, 81173, 57512, 24080, 92189, 34559, 32530, 48867, 64932, 44, 85888, 8300, 92843, 6844, 39222, 76898, 88754, 22876, 38074, 43299, 88699, 81654, 61902, 89999, 13497, 66668, 7338, 74096, 38397, 11013, 98336, 40480, 33892, 63626, 49088, 71312, 23172, 10803, 62392, 24917, 67254, 58009, 81336, 59457, 73844, 95696, 6506, 27308, 70695, 56701, 13067, 41613, 72662, 53528, 75491, 42519, 81780, 31754, 13856, 88917, 96452, 41223, 89774, 10407, 31336, 50783, 20291, 5997, 7069, 31395, 24625, 6189, 56620, 24762, 84988, 68874, 85812, 41091, 24302, 77112, 35149, 22780, 53184, 18627, 57549, 17465, 63612, 87939, 6980, 60883, 29814, 87238, 14952, 60779, 86760, 61062, 30267, 24445, 56989, 27229, 82900, 90023, 57786, 63779, 40235, 86679, 51776, 22058, 63483, 39593, 41554, 8133, 95503, 6716, 25867, 90267, 22987, 39665, 98545, 93605, 1747, 78248, 27473, 33109, 26918, 82634, 51318, 80099, 73743, 12182, 94300, 46775, 25047, 68889, 10070, 18361, 65084, 37080, 70960, 83222, 67058, 98067, 22471, 67691, 59607, 67337, 8930, 21238, 46639, 45431, 43153, 96128, 24156, 80501, 82080, 49059, 2091, 12212, 52072, 31681, 90064, 42922, 12694, 63500, 88958, 85424, 60965, 55836, 88426, 54941, 94663, 65220, 71036, 49752, 17451, 53699, 9314, 14619, 3290, 44849, 90564, 91441, 62905, 40530, 5641, 37318, 36823, 31308, 19382, 62343, 86280, 16633, 47566, 15336, 77921, 88788, 50425, 20260, 79556, 59009, 60227, 87434, 40228, 88797, 25912, 98562, 76789, 91824, 52309, 10258, 50738, 95463, 77205, 93493, 68362, 24106, 95689, 49524, 69579, 66348, 75971, 22529, 74132, 89303, 37488, 5127, 63655, 17283, 25796, 52901, 73353, 59242, 58591, 76499, 46764, 96815, 56675, 19904, 86086, 9538, 16381, 25966, 48189, 47295, 50918, 3257, 56486, 10672, 45517, 6977, 66557, 24565, 14166, 47870, 73695, 59021, 61532, 83752, 51246, 6816, 65190, 71364, 98756, 25731, 84141, 78432, 21130, 69362, 52504, 59655, 73856, 97330, 50721, 19705, 54620, 16926, 96429, 24048, 73377, 67355, 15053, 17980, 70735, 35236, 75523, 91241, 23447, 72477, 51156, 95259, 88333, 29494, 67321, 52714, 62917, 99842, 65229, 6617, 44275, 88720, 37853, 8770, 63811, 7507, 89636, 17817, 1558, 85068, 79776, 73733, 11481, 89926, 56682, 49746, 9429, 50818, 45883, 58652, 12423, 26431, 60221, 95661, 73944, 68283, 51044, 69558, 68608, 65135, 29404, 17239, 5514, 47278, 63393, 94877, 23491, 47292, 6877, 19032, 65956, 9732, 97912, 1976, 37613, 34466, 61934, 57269, 53618, 5940, 93510, 52374, 85684, 22266, 86296, 60665, 10810, 9462, 494, 58482, 75247, 71566, 31620, 58819, 97731, 83116, 7767, 83623, 12444, 57312, 49834, 46402, 98377, 30435, 36116, 16443, 25589, 45312, 64514, 37426, 76200, 11178, 7488, 18610, 92099, 97566, 6854, 33656, 17686, 10866, 73697, 81050, 12312, 6505, 95303, 61521, 72092, 94259, 32683, 45746, 77187, 88803, 39457, 40047, 95729, 22380, 62708, 14355, 83408, 29714, 50213, 24600, 63055, 94787, 52488, 53820, 72502, 35142, 82539, 36201, 83535, 70150, 4544, 53013, 91532, 98794, 75749, 37723, 24569, 90322, 279, 84293, 85419, 53204, 7321, 22724, 95538, 85836, 2877, 93721, 73981, 40836, 90505, 94370, 88415, 37372, 69317, 25860, 4116, 35759, 84385, 33447, 84816, 12456, 31068, 57878, 18743, 27118, 55146, 45045, 76854, 36409, 49423, 25447, 28432, 61176, 34319, 67878, 7127, 41048, 27399, 57337, 84290, 2409, 69039, 23729, 7494, 36747, 48478, 38848, 42755, 293, 91046, 40498, 48156, 87860, 19957, 4960, 74844, 19836, 92291, 57801, 90081, 88664, 17768, 78881, 47919, 71822, 34413, 1930, 46778, 88873, 89253, 43012, 48581, 9353, 85645, 13891, 48249, 50115, 66199, 3386, 20854, 99932, 28051, 71692, 93909, 74084, 74671, 89896, 50523, 88742, 12398, 72247, 55742, 51721, 34827, 36846, 62982, 39419, 78439, 9343, 48468, 84544, 39864, 76167, 43812, 71247, 20757, 1762, 41180, 27413, 60564, 22669, 82173, 16704, 46485, 72310, 26823, 41298, 58642, 32787, 90874, 58140, 56784, 29999, 8759, 96835, 78050, 41544, 1255, 17455, 33878, 64547, 58966, 82332, 5215, 48306, 8922, 24655, 4697, 70882, 84900, 82562, 62735, 34434, 73303, 61588, 35094, 68503, 41162, 54916, 58190, 12626, 60530, 22534, 77445, 84110, 41705, 60129, 60275, 26541, 44213, 1777, 13370, 3088, 42025, 39125, 6806, 57675, 48434, 98242, 36838, 43086, 11553, 17088, 22108, 72325, 25128, 87991, 65587, 14862, 36451, 44287, 9734, 15759, 72468, 61485, 14174, 26892, 64268, 19975, 5444, 33247, 50382, 76845, 87224, 36256, 66890, 95968, 72639, 77038, 43204, 39754, 36312, 74369, 96758, 27679, 249, 98284, 44817, 61235, 55085, 9992, 27298, 25783, 69424, 39622, 26481, 58524, 35109, 38014, 50849, 43262, 70599, 1236, 29822, 19493, 40976, 26562, 7919, 16019, 11304, 44960, 68766, 47516, 55933, 93459, 51964, 80457, 87397, 77661, 10867, 13339, 38927, 67085, 83000, 91594, 70221, 32812, 41638, 39247, 63161, 56481, 85947, 619, 54521, 29223, 59027, 34890, 77305, 79995, 54866, 56578, 59831, 16991, 48800, 12168, 58544, 42596, 87951, 65721, 11198, 23052, 15984, 12347, 45822, 1513, 17129, 34479, 87885, 87506, 81928, 20343, 45290, 20189, 98974, 29926, 61725, 72592, 35725, 72251, 55074, 7660]})"
696.0,9,164,9,13.960667848587036,10696,"Genotype(dna={""<class 'abc.NT_0017'>"": [1, 23052], ""<class 'abc.NT_0017_P_00000'>"": [], ""<class 'abc.NT_0005'>"": [0, 0, 35544, 1, 0, 1, 0, 1, 1, 1513], ""<class 'abc.NT_0005_P_00000'>"": [], ""<class 'abc.NT_0005_P_00001'>"": [], ""<class 'bool'>"": [84999, 28488, 78745, 74465, 54864, 17890, 22220, 81494, 11196, 69809, 61245, 80970, 59031, 22762, 5961, 62130, 45589, 10807, 14782, 6975, 77464, 89143, 58527, 87729, 94847, 62019, 49113, 58378, 53170, 95528, 23383, 82543, 14478, 66708, 54731, 89098, 32143, 7859, 36186, 24185, 47559, 83429, 90839, 4278, 26457, 79584, 20529, 98243, 85958, 98174, 6785, 88501, 55012, 33130, 41129, 58441, 43664, 99446, 83751, 30410, 64020, 44540, 81585, 7120, 37923, 10103, 73391, 89114, 64247, 3546, 72400, 52366, 28775, 29390, 68435, 33337, 6744, 29451, 12483, 33008, 61810, 53426, 17083, 48182, 97610, 57753, 26303, 45688, 91985, 64549, 7322, 74594, 7380, 57378, 19802, 77078, 18809, 59896, 45688, 23178, 12446, 95713, 53145, 58733, 19385, 60055, 80733, 17434, 30657, 93224, 3662, 48300, 39234, 29456, 46465, 27619, 95361, 27532, 46356, 95674, 30680, 64142, 64196, 52536, 39063, 77585, 11909, 45735, 22343, 15823, 85441, 59982, 37416, 11596, 78873, 67187, 22642, 64179, 28050, 39669, 62179, 29319, 23731, 38136, 17100, 93335, 70044, 71087, 58529, 78370, 40605], ""<class 'int'>"": [88091, 54758, 80960, 4147, 58985, 98835, 47715, 12380, 43928, 18156, 46293, 82997, 26546, 21931, 20632, 91665, 69275, 46303, 61738, 80613, 63967, 92163, 79154, 79668, 18313, 6071, 50712, 91463, 54716, 33220, 52575, 78591, 28324, 24851, 385, 86434, 6594, 95864, 4088, 31907, 5028, 70908, 60125, 88976, 64506, 45119, 63026, 18677, 76141, 62129, 40973, 74468, 90479, 50241, 61828, 14495, 64587, 47259, 69389, 59226, 21182, 99643, 3451, 67066, 55205, 22485, 89443, 19030, 10288, 23574, 78426, 55280, 17305, 68878, 94325, 9074, 35370, 56456, 95300, 73961, 59051, 835, 21640, 2744, 30054, 96306, 55542, 57066, 65643, 97962, 97088, 62680, 1528, 56005, 81492, 81002, 48234, 28842, 92105, 38714, 65511, 82476, 73240, 25988, 68682, 4749, 1059, 85277, 54664, 55169, 72830, 29209, 32377, 56597, 43815, 46740, 16019, 36704, 91606, 54624, 42934, 87720, 75207, 56054, 59737, 79252, 96186, 60558, 8582, 3209, 7798, 18736, 20655, 95860, 60671, 36386, 88318, 80757, 49888, 58523, 36742, 48071, 76427, 91397, 47115, 74907, 19807, 19166, 48854, 4778, 9526, 30084, 70329, 29929, 24152, 98179, 6661, 59360, 47157, 52018, 24734, 716, 46264, 89982, 86072, 78100, 64619, 77321], ""<class 'abc.NT_0010'>"": [0, 0, 1, 12347], ""<class 'abc.NT_0010_P_00000'>"": [], ""<class 'abc.NT_0006'>"": [2, 2, 0, 1, 1302, 1892], ""<class 'abc.NT_0006_P_00000'>"": [], ""<class 'abc.NT_0006_P_00001'>"": [], ""<class 'abc.NT_0002'>"": [1, 1, 2, 1, 1, 1, 1, 0, 2, 1, 1, 0, 2, 0, 1, 0, 2, 1, 53720, 1, 0, 0, 69722, 1, 8713, 0, 0, 2, 0, 0, 0, 2, 1, 64800, 99864], ""<class 'abc.NT_0002_P_00000'>"": [], ""<class 'abc.NT_0001'>"": [1, 1, 1, 0, 0, 0, 0, 1, 1, 1, 1, 0, 1, 16227, 1, 1, 1, 1, 0, 0, 0, 0, 0, 0, 0, 0, 1, 40887, 0, 0, 0, 0, 0, 0, 0, 0, 0, 1, 0, 0, 0, 0, 76558, 0, 0, 0, 1, 0, 0, 0, 1, 1, 1, 0, 1, 0, 0, 45290], ""<class 'abc.NT_0001_P_00000'>"": [], ""<class 'abc.NT_0001_P_00001'>"": [], ""<class 'abc.NT_0000'>"": [0, 1, 1, 94528, 1, 0, 1, 1, 0, 1, 1, 80324, 0, 0, 9678, 1, 0, 1, 0, 0, 0, 1, 0, 0, 0, 1, 1, 0, 1, 1, 1, 0, 0, 0, 0, 0, 0, 0, 1, 1, 0, 1, 1, 0, 0, 0, 0, 1, 0, 0, 1, 0, 0, 0, 0, 0, 71485, 1, 0, 0, 0, 0, 1, 20343], ""<class 'abc.NT_0000_P_00000'>"": [], ""<class 'abc.NT_0000_P_00001'>"": [], ""<class 'abc.NT_0002_P_00001'>"": [], ""<class 'abc.NT_0002_P_00002'>"": [], ""<class 'abc.NT_0006_P_00002'>"": [], ""<class 'abc.NT_0007'>"": [1, 0, 1, 2, 87885, 72251, 55074], ""<class 'abc.NT_0007_P_00000'>"": [], ""<class 'abc.NT_0007_P_00001'>"": [], ""<class 'abc.NT_0007_P_00002'>"": [], ""<class 'abc.NT_0004'>"": [1, 1, 2, 2, 1, 2, 90007, 90154], ""<class 'abc.NT_0004_P_00000'>"": [], ""<class 'abc.NT_0003'>"": [10039, 1, 0, 1, 98974, 61725, 72592, 35725, 7660], ""<class 'abc.NT_0003_P_00000'>"": [], ""<class 'abc.NT_0003_P_00001'>"": [], ""<class 'abc.NT_0003_P_00002'>"": [], ""<class 'abc.NT_0003_P_00003'>"": [], ""<class 'abc.NT_0004_P_00001'>"": [], ""<class 'abc.NT_0004_P_00002'>"": [], ""<class 'abc.NT_0009'>"": [3, 0, 1, 1, 0, 45822], ""<class 'abc.NT_0009_P_00000'>"": [], ""<class 'abc.NT_0008'>"": [69105, 0, 24563, 0, 0, 0, 17129], ""<class 'abc.NT_0008_P_00000'>"": [], ""<class 'abc.NT_0009_P_00001'>"": [], ""<class 'abc.NT_0009_P_00002'>"": [], ""<class 'abc.NT_0009_P_00003'>"": [], ""<class 'abc.NT_0010_P_00001'>"": [], ""<class 'abc.NT_0010_P_00002'>"": [], ""<class 'abc.NT_0017_P_00001'>"": [], ""<class 'abc.NT_0012'>"": [0, 0, 27606, 0, 0, 65962], ""<class 'abc.NT_0012_P_00000'>"": [], ""<class 'abc.NT_0012_P_00001'>"": [], ""<class 'abc.NT_0017_P_00002'>"": [], ""<class 'abc.NT_0013'>"": [], ""<class 'abc.NT_0013_P_00000'>"": [], ""<class 'abc.NT_0011'>"": [0, 94522], ""<class 'abc.NT_0011_P_00000'>"": [], ""<class 'abc.NT_0011_P_00001'>"": [], ""<class 'abc.NT_0011_P_00002'>"": [], ""<class 'abc.NT_0013_P_00001'>"": [], ""<class 'abc.NT_0013_P_00002'>"": [], ""<class 'abc.NT_0017_P_00003'>"": [], ""<class 'abc.NT_0016'>"": [0, 20070], ""<class 'abc.NT_0016_P_00000'>"": [], ""<class 'abc.NT_0016_P_00001'>"": [], ""<class 'abc.NT_0016_P_00002'>"": [], '$leftovers': [24694, 13707, 7777, 43103, 79112, 41937, 82055, 41802, 80929, 37572, 24235, 1002, 66268, 87311, 99058, 42897, 54099, 4751, 39061, 38658, 18856, 32793, 32020, 84694, 43326, 66351, 11593, 16559, 82179, 29701, 14785, 63931, 19995, 86098, 88506, 88906, 98218, 57143, 64899, 75531, 17691, 63845, 68413, 76826, 30524, 48607, 6718, 24768, 14247, 23842, 98884, 92372, 55279, 40315, 43705, 6728, 53868, 34432, 73753, 89438, 79733, 83929, 38685, 35410, 5343, 16823, 35888, 70000, 12879, 27426, 44726, 95438, 53746, 11554, 35563, 36846, 46156, 65002, 72433, 85297, 12477, 3511, 72425, 53166, 5796, 30717, 45518, 76561, 21526, 65748, 18017, 64172, 9175, 16724, 51276, 1749, 5687, 47923, 68260, 48548, 94393, 55323, 76604, 84009, 54574, 8798, 35733, 67233, 4198, 56844, 12629, 29196, 81671, 71295, 84963, 73193, 37662, 77918, 40265, 71387, 2776, 72056, 79890, 24380, 6524, 11920, 82004, 80554, 7771, 51485, 29874, 64851, 32118, 68660, 22646, 40503, 29950, 45632, 59339, 63591, 66553, 79195, 90039, 8891, 94412, 82595, 43578, 41060, 60184, 28053, 84947, 77614, 38864, 91374, 58545, 50015, 19960, 7381, 78763, 85070, 21507, 19025, 51930, 32629, 45143, 39756, 26052, 37388, 90108, 9391, 53674, 16962, 24269, 95106, 99931, 56381, 37781, 12365, 84199, 30949, 74271, 916, 85830, 97679, 18102, 478, 75886, 30302, 21977, 90537, 30063, 19357, 81788, 35261, 14719, 66114, 20921, 20240, 5992, 58367, 9680, 68600, 85141, 46379, 54808, 83564, 47005, 66549, 22371, 91024, 89979, 20226, 63714, 58641, 45142, 46907, 57602, 15144, 97990, 7439, 11158, 59469, 11328, 80659, 5962, 25695, 77537, 11892, 91592, 56748, 38581, 37353, 71743, 70419, 27563, 8343, 51963, 16605, 94638, 42057, 61173, 28541, 41743, 60295, 49767, 73628, 41163, 91833, 78182, 82565, 25215, 96862, 76058, 44249, 82715, 20979, 71376, 27708, 78050, 40085, 30494, 46076, 48158, 98017, 59418, 77712, 4502, 58514, 86759, 30136, 53692, 84446, 34409, 6828, 35370, 50950, 51945, 59877, 55822, 81173, 57512, 24080, 92189, 34559, 32530, 48867, 64932, 44, 85888, 8300, 92843, 6844, 39222, 76898, 88754, 22876, 38074, 43299, 88699, 81654, 61902, 89999, 13497, 66668, 7338, 74096, 38397, 11013, 98336, 40480, 33892, 63626, 49088, 71312, 23172, 10803, 62392, 24917, 67254, 58009, 81336, 59457, 73844, 95696, 6506, 27308, 70695, 56701, 13067, 41613, 72662, 53528, 75491, 42519, 81780, 31754, 13856, 88917, 96452, 41223, 89774, 10407, 31336, 50783, 20291, 5997, 7069, 31395, 24625, 6189, 56620, 24762, 84988, 68874, 85812, 41091, 24302, 77112, 35149, 22780, 53184, 18627, 57549, 17465, 63612, 87939, 6980, 60883, 29814, 87238, 14952, 60779, 86760, 61062, 30267, 24445, 56989, 27229, 82900, 90023, 57786, 63779, 40235, 86679, 51776, 22058, 63483, 39593, 41554, 8133, 95503, 6716, 25867, 90267, 22987, 39665, 98545, 93605, 1747, 78248, 27473, 33109, 26918, 82634, 51318, 80099, 73743, 12182, 94300, 46775, 25047, 68889, 10070, 18361, 65084, 37080, 70960, 83222, 67058, 98067, 22471, 67691, 59607, 67337, 8930, 21238, 46639, 45431, 43153, 96128, 24156, 80501, 82080, 49059, 2091, 12212, 52072, 31681, 90064, 42922, 12694, 63500, 88958, 85424, 60965, 55836, 88426, 54941, 94663, 65220, 71036, 49752, 17451, 53699, 9314, 14619, 3290, 44849, 90564, 91441, 62905, 40530, 5641, 37318, 36823, 31308, 19382, 62343, 86280, 16633, 47566, 15336, 77921, 88788, 50425, 20260, 79556, 59009, 60227, 87434, 40228, 88797, 25912, 98562, 76789, 91824, 52309, 10258, 50738, 95463, 77205, 93493, 68362, 24106, 95689, 49524, 69579, 66348, 75971, 22529, 74132, 89303, 37488, 5127, 63655, 17283, 25796, 52901, 73353, 59242, 58591, 76499, 46764, 96815, 56675, 19904, 86086, 9538, 16381, 25966, 48189, 47295, 50918, 3257, 56486, 10672, 45517, 6977, 66557, 24565, 14166, 47870, 73695, 59021, 61532, 83752, 51246, 6816, 65190, 71364, 98756, 25731, 84141, 78432, 21130, 69362, 52504, 59655, 73856, 97330, 50721, 19705, 54620, 16926, 96429, 24048, 73377, 67355, 15053, 17980, 70735, 35236, 75523, 91241, 23447, 72477, 51156, 95259, 88333, 29494, 67321, 52714, 62917, 99842, 65229, 6617, 44275, 88720, 37853, 8770, 63811, 7507, 89636, 17817, 1558, 85068, 79776, 73733, 11481, 89926, 56682, 49746, 9429, 50818, 45883, 58652, 12423, 26431, 60221, 95661, 73944, 68283, 51044, 69558, 68608, 65135, 29404, 17239, 5514, 47278, 63393, 94877, 23491, 47292, 6877, 19032, 65956, 9732, 97912, 1976, 37613, 34466, 61934, 57269, 53618, 5940, 93510, 52374, 85684, 22266, 86296, 60665, 10810, 9462, 494, 58482, 75247, 71566, 31620, 58819, 97731, 83116, 7767, 83623, 12444, 57312, 49834, 46402, 98377, 30435, 36116, 16443, 25589, 45312, 64514, 37426, 76200, 11178, 7488, 18610, 92099, 97566, 6854, 33656, 17686, 10866, 73697, 81050, 12312, 6505, 95303, 61521, 72092, 94259, 32683, 45746, 77187, 88803, 39457, 40047, 95729, 22380, 62708, 14355, 83408, 29714, 50213, 24600, 63055, 94787, 52488, 53820, 72502, 35142, 82539, 36201, 83535, 70150, 4544, 53013, 91532, 98794, 75749, 37723, 24569, 90322, 279, 84293, 85419, 53204, 7321, 22724, 95538, 85836, 2877, 93721, 73981, 40836, 90505, 94370, 88415, 37372, 69317, 25860, 4116, 35759, 84385, 33447, 84816, 12456, 31068, 57878, 18743, 27118, 55146, 45045, 76854, 36409, 49423, 25447, 28432, 61176, 34319, 67878, 7127, 41048, 27399, 57337, 84290, 2409, 69039, 23729, 7494, 36747, 48478, 38848, 42755, 293, 91046, 40498, 48156, 87860, 19957, 4960, 74844, 19836, 92291, 57801, 90081, 88664, 17768, 78881, 47919, 71822, 34413, 1930, 46778, 88873, 89253, 43012, 48581, 9353, 85645, 13891, 48249, 50115, 66199, 3386, 20854, 99932, 28051, 71692, 93909, 74084, 74671, 89896, 50523, 88742, 12398, 72247, 55742, 51721, 34827, 36846, 62982, 39419, 78439, 9343, 48468, 84544, 39864, 76167, 43812, 71247, 20757, 1762, 41180, 27413, 60564, 22669, 82173, 16704, 46485, 72310, 26823, 41298, 58642, 32787, 90874, 58140, 56784, 29999, 8759, 96835, 78050, 41544, 1255, 17455, 33878, 64547, 58966, 82332, 5215, 48306, 8922, 24655, 4697, 70882, 84900, 82562, 62735, 34434, 73303, 61588, 35094, 68503, 41162, 54916, 58190, 12626, 60530, 22534, 77445, 84110, 41705, 60129, 60275, 26541, 44213, 1777, 13370, 3088, 42025, 39125, 6806, 57675, 48434, 98242, 36838, 43086, 11553, 17088, 22108, 72325, 25128, 87991, 65587, 14862, 36451, 44287, 9734, 15759, 72468, 61485, 14174, 26892, 64268, 19975, 5444, 33247, 50382, 76845, 87224, 36256, 66890, 95968, 72639, 77038, 43204, 39754, 36312, 74369, 96758, 27679, 249, 98284, 44817, 61235, 55085, 9992, 27298, 25783, 69424, 39622, 26481, 58524, 35109, 38014, 50849, 43262, 70599, 1236, 29822, 19493, 40976, 26562, 7919, 16019, 11304, 44960, 68766, 47516, 55933, 93459, 51964, 80457, 87397, 77661, 10867, 13339, 38927, 67085, 83000, 91594, 70221, 32812, 41638, 39247, 63161, 56481, 85947, 619, 54521, 29223, 59027, 34890, 77305, 79995, 54866, 56578, 59831, 16991, 48800, 12168, 58544, 42596, 87951, 65721, 11198, 23052, 15984, 12347, 45822, 1513, 17129, 34479, 87885, 87506, 81928, 20343, 45290, 20189, 98974, 29926, 61725, 72592, 35725, 72251, 55074, 7660]})"
660.0,9,164,10,15.099931955337524,10696,"Genotype(dna={""<class 'abc.NT_0017'>"": [1, 23052], ""<class 'abc.NT_0017_P_00000'>"": [], ""<class 'abc.NT_0005'>"": [0, 0, 35544, 1, 0, 1, 0, 1, 1, 1513], ""<class 'abc.NT_0005_P_00000'>"": [], ""<class 'abc.NT_0005_P_00001'>"": [], ""<class 'bool'>"": [84999, 28488, 78745, 74465, 54864, 17890, 27400, 81494, 11196, 69809, 61245, 80970, 59031, 22762, 5961, 62130, 45589, 10807, 14782, 6975, 77464, 89143, 58527, 87729, 94847, 62019, 49113, 58378, 53170, 95528, 23383, 82543, 14478, 66708, 54731, 89098, 32143, 7859, 51372, 24185, 47559, 83429, 90839, 4278, 26457, 79584, 20529, 98243, 85958, 98174, 6785, 88501, 55012, 33130, 41129, 58441, 43664, 99446, 83751, 79358, 64020, 44540, 81585, 7120, 37923, 10103, 73391, 89114, 64247, 3546, 72400, 52366, 28775, 29390, 68435, 33337, 6744, 29451, 12483, 33008, 61810, 53426, 17083, 48182, 97610, 57753, 6178, 45688, 91985, 64549, 7322, 74594, 7380, 57378, 19802, 77078, 18809, 59896, 45688, 23178, 12446, 95713, 53145, 58733, 19385, 60055, 80733, 17434, 30657, 93224, 3662, 48300, 39234, 29456, 46465, 27619, 95361, 27532, 46356, 95674, 30680, 64142, 64196, 52536, 39063, 77585, 11909, 45735, 22343, 15823, 85441, 59982, 74255, 11596, 78873, 67187, 22642, 64179, 28050, 39669, 62179, 29319, 86962, 18385, 17100, 93335, 70044, 71087, 58529, 78370, 40605], ""<class 'int'>"": [88091, 54758, 80960, 4147, 58985, 98835, 33177, 12380, 43928, 18156, 46293, 82997, 26546, 21931, 20632, 91665, 69275, 46303, 61738, 80613, 63967, 92163, 79154, 79668, 18313, 6071, 50712, 91463, 54716, 33220, 52575, 78591, 28324, 24851, 385, 86434, 6594, 95864, 4088, 31907, 5028, 70908, 60125, 88976, 64506, 45119, 63026, 18677, 76141, 62129, 40973, 74468, 90479, 50241, 61828, 14495, 64587, 47259, 69389, 59226, 21182, 99643, 3451, 67066, 55205, 22485, 89443, 19030, 10288, 23574, 78426, 55280, 17305, 68878, 94325, 9074, 35370, 56456, 95300, 73961, 59051, 835, 21640, 2744, 30054, 96306, 55542, 57066, 65643, 97962, 97088, 62680, 24967, 56005, 85155, 81002, 48234, 28842, 92105, 38714, 65511, 82476, 73240, 25988, 68682, 4749, 1059, 85277, 54664, 55169, 72830, 29209, 32377, 56597, 43815, 46740, 16019, 36704, 91606, 3697, 42934, 87720, 75207, 56054, 59737, 79252, 96186, 60558, 8582, 3209, 7798, 18736, 20655, 95860, 60671, 36386, 88318, 80757, 49888, 58523, 36742, 48071, 76427, 91397, 47115, 74907, 19807, 19166, 48854, 4778, 9526, 30084, 70329, 29929, 24152, 98179, 6661, 59360, 47157, 52018, 24734, 716, 46264, 89982, 86072, 78100, 64619, 77321], ""<class 'abc.NT_0010'>"": [0, 0, 1, 12347], ""<class 'abc.NT_0010_P_00000'>"": [], ""<class 'abc.NT_0006'>"": [2, 3789, 0, 1, 1302, 1892], ""<class 'abc.NT_0006_P_00000'>"": [], ""<class 'abc.NT_0006_P_00001'>"": [], ""<class 'abc.NT_0002'>"": [24698, 1, 2, 1, 1, 1, 1, 0, 2, 1, 1, 0, 2, 0, 1, 0, 2, 1, 53720, 1, 0, 0, 69722, 1, 8713, 0, 0, 39574, 0, 0, 0, 2, 50609, 58203, 99864], ""<class 'abc.NT_0002_P_00000'>"": [], ""<class 'abc.NT_0001'>"": [1, 1, 1, 0, 0, 0, 0, 1, 1, 1, 1, 0, 1, 16227, 1, 1, 1, 1, 34524, 0, 0, 0, 0, 0, 0, 0, 1, 40887, 0, 0, 0, 0, 0, 0, 0, 0, 0, 1, 0, 0, 0, 0, 76558, 0, 0, 0, 1, 0, 0, 0, 1, 1, 1, 0, 1, 0, 0, 45290], ""<class 'abc.NT_0001_P_00000'>"": [], ""<class 'abc.NT_0001_P_00001'>"": [], ""<class 'abc.NT_0000'>"": [0, 1, 1, 94528, 1, 0, 1, 1, 31647, 1, 1, 80324, 0, 0, 9678, 1, 0, 1, 0, 0, 0, 1, 0, 0, 0, 1, 1, 0, 1, 1, 1, 0, 42401, 0, 0, 0, 0, 0, 1, 1, 0, 1, 1, 0, 0, 0, 0, 1, 5444, 3614, 1, 0, 0, 0, 0, 0, 71485, 1, 0, 0, 0, 0, 1, 20343], ""<class 'abc.NT_0000_P_00000'>"": [], ""<class 'abc.NT_0000_P_00001'>"": [], ""<class 'abc.NT_0002_P_00001'>"": [], ""<class 'abc.NT_0002_P_00002'>"": [], ""<class 'abc.NT_0006_P_00002'>"": [], ""<class 'abc.NT_0007'>"": [1, 0, 1, 2, 87885, 72251, 55074], ""<class 'abc.NT_0007_P_00000'>"": [], ""<class 'abc.NT_0007_P_00001'>"": [], ""<class 'abc.NT_0007_P_00002'>"": [], ""<class 'abc.NT_0004'>"": [1, 1, 77639, 2, 1, 2, 63194, 90154], ""<class 'abc.NT_0004_P_00000'>"": [], ""<class 'abc.NT_0003'>"": [10039, 1, 0, 1, 98974, 61725, 72592, 35725, 7660], ""<class 'abc.NT_0003_P_00000'>"": [], ""<class 'abc.NT_0003_P_00001'>"": [], ""<class 'abc.NT_0003_P_00002'>"": [], ""<class 'abc.NT_0003_P_00003'>"": [], ""<class 'abc.NT_0004_P_00001'>"": [], ""<class 'abc.NT_0004_P_00002'>"": [], ""<class 'abc.NT_0009'>"": [3, 0, 1, 1, 0, 45822], ""<class 'abc.NT_0009_P_00000'>"": [], ""<class 'abc.NT_0008'>"": [69105, 0, 24563, 0, 0, 0, 17129], ""<class 'abc.NT_0008_P_00000'>"": [], ""<class 'abc.NT_0009_P_00001'>"": [], ""<class 'abc.NT_0009_P_00002'>"": [], ""<class 'abc.NT_0009_P_00003'>"": [], ""<class 'abc.NT_0010_P_00001'>"": [], ""<class 'abc.NT_0010_P_00002'>"": [], ""<class 'abc.NT_0017_P_00001'>"": [], ""<class 'abc.NT_0012'>"": [0, 0, 27606, 0, 0, 65962], ""<class 'abc.NT_0012_P_00000'>"": [], ""<class 'abc.NT_0012_P_00001'>"": [], ""<class 'abc.NT_0017_P_00002'>"": [], ""<class 'abc.NT_0013'>"": [], ""<class 'abc.NT_0013_P_00000'>"": [], ""<class 'abc.NT_0011'>"": [0, 94522], ""<class 'abc.NT_0011_P_00000'>"": [], ""<class 'abc.NT_0011_P_00001'>"": [], ""<class 'abc.NT_0011_P_00002'>"": [], ""<class 'abc.NT_0013_P_00001'>"": [], ""<class 'abc.NT_0013_P_00002'>"": [], ""<class 'abc.NT_0017_P_00003'>"": [], ""<class 'abc.NT_0016'>"": [0, 20070], ""<class 'abc.NT_0016_P_00000'>"": [], ""<class 'abc.NT_0016_P_00001'>"": [], ""<class 'abc.NT_0016_P_00002'>"": [], '$leftovers': [24694, 13707, 7777, 43103, 79112, 41937, 82055, 41802, 80929, 37572, 24235, 1002, 66268, 87311, 99058, 42897, 54099, 4751, 39061, 38658, 18856, 32793, 32020, 84694, 43326, 66351, 11593, 16559, 82179, 29701, 14785, 63931, 19995, 86098, 88506, 88906, 98218, 57143, 64899, 75531, 17691, 63845, 68413, 76826, 30524, 48607, 6718, 24768, 14247, 23842, 98884, 92372, 55279, 40315, 43705, 6728, 53868, 34432, 73753, 89438, 79733, 83929, 38685, 35410, 5343, 16823, 35888, 70000, 12879, 27426, 44726, 95438, 53746, 11554, 35563, 36846, 46156, 65002, 72433, 85297, 12477, 3511, 72425, 53166, 5796, 30717, 45518, 76561, 21526, 65748, 18017, 64172, 9175, 16724, 51276, 1749, 5687, 47923, 68260, 48548, 94393, 55323, 76604, 84009, 54574, 8798, 35733, 67233, 4198, 56844, 12629, 29196, 81671, 71295, 84963, 73193, 37662, 77918, 40265, 71387, 2776, 72056, 79890, 24380, 6524, 11920, 82004, 80554, 7771, 51485, 29874, 64851, 32118, 68660, 22646, 40503, 29950, 45632, 59339, 63591, 66553, 79195, 90039, 8891, 94412, 82595, 43578, 41060, 60184, 28053, 84947, 77614, 38864, 91374, 58545, 50015, 19960, 7381, 78763, 85070, 21507, 19025, 51930, 32629, 45143, 39756, 26052, 37388, 90108, 9391, 53674, 16962, 24269, 95106, 99931, 56381, 37781, 12365, 84199, 30949, 74271, 916, 85830, 97679, 18102, 478, 75886, 30302, 21977, 90537, 30063, 19357, 81788, 35261, 14719, 66114, 20921, 20240, 5992, 58367, 9680, 68600, 85141, 46379, 54808, 83564, 47005, 66549, 22371, 91024, 89979, 20226, 63714, 58641, 45142, 46907, 57602, 15144, 97990, 7439, 11158, 59469, 11328, 80659, 5962, 25695, 77537, 11892, 91592, 56748, 38581, 37353, 71743, 70419, 27563, 8343, 51963, 16605, 94638, 42057, 61173, 28541, 41743, 60295, 49767, 73628, 41163, 91833, 78182, 82565, 25215, 96862, 76058, 44249, 82715, 20979, 71376, 27708, 78050, 40085, 30494, 46076, 48158, 98017, 59418, 77712, 4502, 58514, 86759, 30136, 53692, 84446, 34409, 6828, 35370, 50950, 51945, 59877, 55822, 81173, 57512, 24080, 92189, 34559, 32530, 48867, 64932, 44, 85888, 8300, 92843, 6844, 39222, 76898, 88754, 22876, 38074, 43299, 88699, 81654, 61902, 89999, 13497, 66668, 7338, 74096, 38397, 11013, 98336, 40480, 33892, 63626, 49088, 71312, 23172, 10803, 62392, 24917, 67254, 58009, 81336, 59457, 73844, 95696, 6506, 27308, 70695, 56701, 13067, 41613, 72662, 53528, 75491, 42519, 81780, 31754, 13856, 88917, 96452, 41223, 89774, 10407, 31336, 50783, 20291, 5997, 7069, 31395, 24625, 6189, 56620, 24762, 84988, 68874, 85812, 41091, 24302, 77112, 35149, 22780, 53184, 18627, 57549, 17465, 63612, 87939, 6980, 60883, 29814, 87238, 14952, 60779, 86760, 61062, 30267, 24445, 56989, 27229, 82900, 90023, 57786, 63779, 40235, 86679, 51776, 22058, 63483, 39593, 41554, 8133, 95503, 6716, 25867, 90267, 22987, 39665, 98545, 93605, 1747, 78248, 27473, 33109, 26918, 82634, 51318, 80099, 73743, 12182, 94300, 46775, 25047, 68889, 10070, 18361, 65084, 37080, 70960, 83222, 67058, 98067, 22471, 67691, 59607, 67337, 8930, 21238, 46639, 45431, 43153, 96128, 24156, 80501, 82080, 49059, 2091, 12212, 52072, 31681, 90064, 42922, 12694, 63500, 88958, 85424, 60965, 55836, 88426, 54941, 94663, 65220, 71036, 49752, 17451, 53699, 9314, 14619, 3290, 44849, 90564, 91441, 62905, 40530, 5641, 37318, 36823, 31308, 19382, 62343, 86280, 16633, 47566, 15336, 77921, 88788, 50425, 20260, 79556, 59009, 60227, 87434, 40228, 88797, 25912, 98562, 76789, 91824, 52309, 10258, 50738, 95463, 77205, 93493, 68362, 24106, 95689, 49524, 69579, 66348, 75971, 22529, 74132, 89303, 37488, 5127, 63655, 17283, 25796, 52901, 73353, 59242, 58591, 76499, 46764, 96815, 56675, 19904, 86086, 9538, 16381, 25966, 48189, 47295, 50918, 3257, 56486, 10672, 45517, 6977, 66557, 24565, 14166, 47870, 73695, 59021, 61532, 83752, 51246, 6816, 65190, 71364, 98756, 25731, 84141, 78432, 21130, 69362, 52504, 59655, 73856, 97330, 50721, 19705, 54620, 16926, 96429, 24048, 73377, 67355, 15053, 17980, 70735, 35236, 75523, 91241, 23447, 72477, 51156, 95259, 88333, 29494, 67321, 52714, 62917, 99842, 65229, 6617, 44275, 88720, 37853, 8770, 63811, 7507, 89636, 17817, 1558, 85068, 79776, 73733, 11481, 89926, 56682, 49746, 9429, 50818, 45883, 58652, 12423, 26431, 60221, 95661, 73944, 68283, 51044, 69558, 68608, 65135, 29404, 17239, 5514, 47278, 63393, 94877, 23491, 47292, 6877, 19032, 65956, 9732, 97912, 1976, 37613, 34466, 61934, 57269, 53618, 5940, 93510, 52374, 85684, 22266, 86296, 60665, 10810, 9462, 494, 58482, 75247, 71566, 31620, 58819, 97731, 83116, 7767, 83623, 12444, 57312, 49834, 46402, 98377, 30435, 36116, 16443, 25589, 45312, 64514, 37426, 76200, 11178, 7488, 18610, 92099, 97566, 6854, 33656, 17686, 10866, 73697, 81050, 12312, 6505, 95303, 61521, 72092, 94259, 32683, 45746, 77187, 88803, 39457, 40047, 95729, 22380, 62708, 14355, 83408, 29714, 50213, 24600, 63055, 94787, 52488, 53820, 72502, 35142, 82539, 36201, 83535, 70150, 4544, 53013, 91532, 98794, 75749, 37723, 24569, 90322, 279, 84293, 85419, 53204, 7321, 22724, 95538, 85836, 2877, 93721, 73981, 40836, 90505, 94370, 88415, 37372, 69317, 25860, 4116, 35759, 84385, 33447, 84816, 12456, 31068, 57878, 18743, 27118, 55146, 45045, 76854, 36409, 49423, 25447, 28432, 61176, 34319, 67878, 7127, 41048, 27399, 57337, 84290, 2409, 69039, 23729, 7494, 36747, 48478, 38848, 42755, 293, 91046, 40498, 48156, 87860, 19957, 4960, 74844, 19836, 92291, 57801, 90081, 88664, 17768, 78881, 47919, 71822, 34413, 1930, 46778, 88873, 89253, 43012, 48581, 9353, 85645, 13891, 48249, 50115, 66199, 3386, 20854, 99932, 28051, 71692, 93909, 74084, 74671, 89896, 50523, 88742, 12398, 72247, 55742, 51721, 34827, 36846, 62982, 39419, 78439, 9343, 48468, 84544, 39864, 76167, 43812, 71247, 20757, 1762, 41180, 27413, 60564, 22669, 82173, 16704, 46485, 72310, 26823, 41298, 58642, 32787, 90874, 58140, 56784, 29999, 8759, 96835, 78050, 41544, 1255, 17455, 33878, 64547, 58966, 82332, 5215, 48306, 8922, 24655, 4697, 70882, 84900, 82562, 62735, 34434, 73303, 61588, 35094, 68503, 41162, 54916, 58190, 12626, 60530, 22534, 77445, 84110, 41705, 60129, 60275, 26541, 44213, 1777, 13370, 3088, 42025, 39125, 6806, 57675, 48434, 98242, 36838, 43086, 11553, 17088, 22108, 72325, 25128, 87991, 65587, 14862, 36451, 44287, 9734, 15759, 72468, 61485, 14174, 26892, 64268, 19975, 5444, 33247, 50382, 76845, 87224, 36256, 66890, 95968, 72639, 77038, 43204, 39754, 36312, 74369, 96758, 27679, 249, 98284, 44817, 61235, 55085, 9992, 27298, 25783, 69424, 39622, 26481, 58524, 35109, 38014, 50849, 43262, 70599, 1236, 29822, 19493, 40976, 26562, 7919, 16019, 11304, 44960, 68766, 47516, 55933, 93459, 51964, 80457, 87397, 77661, 10867, 13339, 38927, 67085, 83000, 91594, 70221, 32812, 41638, 39247, 63161, 56481, 85947, 619, 54521, 29223, 59027, 34890, 77305, 79995, 54866, 56578, 59831, 16991, 48800, 12168, 58544, 42596, 87951, 65721, 11198, 23052, 15984, 12347, 45822, 1513, 17129, 34479, 87885, 87506, 81928, 20343, 45290, 20189, 98974, 29926, 61725, 72592, 35725, 72251, 55074, 7660]})"
660.0,9,164,11,16.39682364463806,10696,"Genotype(dna={""<class 'abc.NT_0017'>"": [1, 23052], ""<class 'abc.NT_0017_P_00000'>"": [], ""<class 'abc.NT_0005'>"": [0, 0, 35544, 1, 0, 1, 0, 1, 1, 1513], ""<class 'abc.NT_0005_P_00000'>"": [], ""<class 'abc.NT_0005_P_00001'>"": [], ""<class 'bool'>"": [84999, 28488, 78745, 74465, 54864, 17890, 27400, 81494, 11196, 69809, 61245, 80970, 59031, 22762, 5961, 62130, 45589, 10807, 14782, 6975, 77464, 89143, 58527, 87729, 94847, 62019, 49113, 58378, 53170, 95528, 23383, 82543, 14478, 66708, 54731, 89098, 32143, 7859, 51372, 24185, 47559, 83429, 90839, 4278, 26457, 79584, 20529, 98243, 85958, 98174, 6785, 88501, 55012, 33130, 41129, 58441, 43664, 99446, 83751, 79358, 64020, 44540, 81585, 7120, 37923, 10103, 73391, 89114, 64247, 3546, 72400, 52366, 28775, 29390, 68435, 33337, 6744, 29451, 12483, 33008, 61810, 53426, 17083, 48182, 97610, 57753, 6178, 45688, 91985, 64549, 7322, 74594, 7380, 57378, 19802, 77078, 18809, 59896, 45688, 23178, 12446, 95713, 53145, 58733, 19385, 60055, 80733, 17434, 30657, 93224, 3662, 48300, 39234, 29456, 46465, 27619, 95361, 27532, 46356, 95674, 30680, 64142, 64196, 52536, 39063, 77585, 11909, 45735, 22343, 15823, 85441, 59982, 74255, 11596, 78873, 67187, 22642, 64179, 28050, 39669, 62179, 29319, 86962, 18385, 17100, 93335, 70044, 71087, 58529, 78370, 40605], ""<class 'int'>"": [88091, 54758, 80960, 4147, 58985, 98835, 33177, 12380, 43928, 18156, 46293, 82997, 26546, 21931, 20632, 91665, 69275, 46303, 61738, 80613, 63967, 92163, 79154, 79668, 18313, 6071, 50712, 91463, 54716, 33220, 52575, 78591, 28324, 24851, 385, 86434, 6594, 95864, 4088, 31907, 5028, 70908, 60125, 88976, 64506, 45119, 63026, 18677, 76141, 62129, 40973, 74468, 90479, 50241, 61828, 14495, 64587, 47259, 69389, 59226, 21182, 99643, 3451, 67066, 55205, 22485, 89443, 19030, 10288, 23574, 78426, 55280, 17305, 68878, 94325, 9074, 35370, 56456, 95300, 73961, 59051, 835, 21640, 2744, 30054, 96306, 55542, 57066, 65643, 97962, 97088, 62680, 24967, 56005, 85155, 81002, 48234, 28842, 92105, 38714, 65511, 82476, 73240, 25988, 68682, 4749, 1059, 85277, 54664, 55169, 72830, 29209, 32377, 56597, 43815, 46740, 16019, 36704, 91606, 3697, 42934, 87720, 75207, 56054, 59737, 79252, 96186, 60558, 8582, 3209, 7798, 18736, 20655, 95860, 60671, 36386, 88318, 80757, 49888, 58523, 36742, 48071, 76427, 91397, 47115, 74907, 19807, 19166, 48854, 4778, 9526, 30084, 70329, 29929, 24152, 98179, 6661, 59360, 47157, 52018, 24734, 716, 46264, 89982, 86072, 78100, 64619, 77321], ""<class 'abc.NT_0010'>"": [0, 0, 1, 12347], ""<class 'abc.NT_0010_P_00000'>"": [], ""<class 'abc.NT_0006'>"": [2, 3789, 0, 1, 1302, 1892], ""<class 'abc.NT_0006_P_00000'>"": [], ""<class 'abc.NT_0006_P_00001'>"": [], ""<class 'abc.NT_0002'>"": [24698, 1, 2, 1, 1, 1, 1, 0, 2, 1, 1, 0, 2, 0, 1, 0, 2, 1, 53720, 1, 0, 0, 69722, 1, 8713, 0, 0, 39574, 0, 0, 0, 2, 50609, 58203, 99864], ""<class 'abc.NT_0002_P_00000'>"": [], ""<class 'abc.NT_0001'>"": [1, 1, 1, 0, 0, 0, 0, 1, 1, 1, 1, 0, 1, 16227, 1, 1, 1, 1, 34524, 0, 0, 0, 0, 0, 0, 0, 1, 40887, 0, 0, 0, 0, 0, 0, 0, 0, 0, 1, 0, 0, 0, 0, 76558, 0, 0, 0, 1, 0, 0, 0, 1, 1, 1, 0, 1, 0, 0, 45290], ""<class 'abc.NT_0001_P_00000'>"": [], ""<class 'abc.NT_0001_P_00001'>"": [], ""<class 'abc.NT_0000'>"": [0, 1, 1, 94528, 1, 0, 1, 1, 31647, 1, 1, 80324, 0, 0, 9678, 1, 0, 1, 0, 0, 0, 1, 0, 0, 0, 1, 1, 0, 1, 1, 1, 0, 42401, 0, 0, 0, 0, 0, 1, 1, 0, 1, 1, 0, 0, 0, 0, 1, 5444, 3614, 1, 0, 0, 0, 0, 0, 71485, 1, 0, 0, 0, 0, 1, 20343], ""<class 'abc.NT_0000_P_00000'>"": [], ""<class 'abc.NT_0000_P_00001'>"": [], ""<class 'abc.NT_0002_P_00001'>"": [], ""<class 'abc.NT_0002_P_00002'>"": [], ""<class 'abc.NT_0006_P_00002'>"": [], ""<class 'abc.NT_0007'>"": [1, 0, 1, 2, 87885, 72251, 55074], ""<class 'abc.NT_0007_P_00000'>"": [], ""<class 'abc.NT_0007_P_00001'>"": [], ""<class 'abc.NT_0007_P_00002'>"": [], ""<class 'abc.NT_0004'>"": [1, 1, 77639, 2, 1, 2, 63194, 90154], ""<class 'abc.NT_0004_P_00000'>"": [], ""<class 'abc.NT_0003'>"": [10039, 1, 0, 1, 98974, 61725, 72592, 35725, 7660], ""<class 'abc.NT_0003_P_00000'>"": [], ""<class 'abc.NT_0003_P_00001'>"": [], ""<class 'abc.NT_0003_P_00002'>"": [], ""<class 'abc.NT_0003_P_00003'>"": [], ""<class 'abc.NT_0004_P_00001'>"": [], ""<class 'abc.NT_0004_P_00002'>"": [], ""<class 'abc.NT_0009'>"": [3, 0, 1, 1, 0, 45822], ""<class 'abc.NT_0009_P_00000'>"": [], ""<class 'abc.NT_0008'>"": [69105, 0, 24563, 0, 0, 0, 17129], ""<class 'abc.NT_0008_P_00000'>"": [], ""<class 'abc.NT_0009_P_00001'>"": [], ""<class 'abc.NT_0009_P_00002'>"": [], ""<class 'abc.NT_0009_P_00003'>"": [], ""<class 'abc.NT_0010_P_00001'>"": [], ""<class 'abc.NT_0010_P_00002'>"": [], ""<class 'abc.NT_0017_P_00001'>"": [], ""<class 'abc.NT_0012'>"": [0, 0, 27606, 0, 0, 65962], ""<class 'abc.NT_0012_P_00000'>"": [], ""<class 'abc.NT_0012_P_00001'>"": [], ""<class 'abc.NT_0017_P_00002'>"": [], ""<class 'abc.NT_0013'>"": [], ""<class 'abc.NT_0013_P_00000'>"": [], ""<class 'abc.NT_0011'>"": [0, 94522], ""<class 'abc.NT_0011_P_00000'>"": [], ""<class 'abc.NT_0011_P_00001'>"": [], ""<class 'abc.NT_0011_P_00002'>"": [], ""<class 'abc.NT_0013_P_00001'>"": [], ""<class 'abc.NT_0013_P_00002'>"": [], ""<class 'abc.NT_0017_P_00003'>"": [], ""<class 'abc.NT_0016'>"": [0, 20070], ""<class 'abc.NT_0016_P_00000'>"": [], ""<class 'abc.NT_0016_P_00001'>"": [], ""<class 'abc.NT_0016_P_00002'>"": [], '$leftovers': [24694, 13707, 7777, 43103, 79112, 41937, 82055, 41802, 80929, 37572, 24235, 1002, 66268, 87311, 99058, 42897, 54099, 4751, 39061, 38658, 18856, 32793, 32020, 84694, 43326, 66351, 11593, 16559, 82179, 29701, 14785, 63931, 19995, 86098, 88506, 88906, 98218, 57143, 64899, 75531, 17691, 63845, 68413, 76826, 30524, 48607, 6718, 24768, 14247, 23842, 98884, 92372, 55279, 40315, 43705, 6728, 53868, 34432, 73753, 89438, 79733, 83929, 38685, 35410, 5343, 16823, 35888, 70000, 12879, 27426, 44726, 95438, 53746, 11554, 35563, 36846, 46156, 65002, 72433, 85297, 12477, 3511, 72425, 53166, 5796, 30717, 45518, 76561, 21526, 65748, 18017, 64172, 9175, 16724, 51276, 1749, 5687, 47923, 68260, 48548, 94393, 55323, 76604, 84009, 54574, 8798, 35733, 67233, 4198, 56844, 12629, 29196, 81671, 71295, 84963, 73193, 37662, 77918, 40265, 71387, 2776, 72056, 79890, 24380, 6524, 11920, 82004, 80554, 7771, 51485, 29874, 64851, 32118, 68660, 22646, 40503, 29950, 45632, 59339, 63591, 66553, 79195, 90039, 8891, 94412, 82595, 43578, 41060, 60184, 28053, 84947, 77614, 38864, 91374, 58545, 50015, 19960, 7381, 78763, 85070, 21507, 19025, 51930, 32629, 45143, 39756, 26052, 37388, 90108, 9391, 53674, 16962, 24269, 95106, 99931, 56381, 37781, 12365, 84199, 30949, 74271, 916, 85830, 97679, 18102, 478, 75886, 30302, 21977, 90537, 30063, 19357, 81788, 35261, 14719, 66114, 20921, 20240, 5992, 58367, 9680, 68600, 85141, 46379, 54808, 83564, 47005, 66549, 22371, 91024, 89979, 20226, 63714, 58641, 45142, 46907, 57602, 15144, 97990, 7439, 11158, 59469, 11328, 80659, 5962, 25695, 77537, 11892, 91592, 56748, 38581, 37353, 71743, 70419, 27563, 8343, 51963, 16605, 94638, 42057, 61173, 28541, 41743, 60295, 49767, 73628, 41163, 91833, 78182, 82565, 25215, 96862, 76058, 44249, 82715, 20979, 71376, 27708, 78050, 40085, 30494, 46076, 48158, 98017, 59418, 77712, 4502, 58514, 86759, 30136, 53692, 84446, 34409, 6828, 35370, 50950, 51945, 59877, 55822, 81173, 57512, 24080, 92189, 34559, 32530, 48867, 64932, 44, 85888, 8300, 92843, 6844, 39222, 76898, 88754, 22876, 38074, 43299, 88699, 81654, 61902, 89999, 13497, 66668, 7338, 74096, 38397, 11013, 98336, 40480, 33892, 63626, 49088, 71312, 23172, 10803, 62392, 24917, 67254, 58009, 81336, 59457, 73844, 95696, 6506, 27308, 70695, 56701, 13067, 41613, 72662, 53528, 75491, 42519, 81780, 31754, 13856, 88917, 96452, 41223, 89774, 10407, 31336, 50783, 20291, 5997, 7069, 31395, 24625, 6189, 56620, 24762, 84988, 68874, 85812, 41091, 24302, 77112, 35149, 22780, 53184, 18627, 57549, 17465, 63612, 87939, 6980, 60883, 29814, 87238, 14952, 60779, 86760, 61062, 30267, 24445, 56989, 27229, 82900, 90023, 57786, 63779, 40235, 86679, 51776, 22058, 63483, 39593, 41554, 8133, 95503, 6716, 25867, 90267, 22987, 39665, 98545, 93605, 1747, 78248, 27473, 33109, 26918, 82634, 51318, 80099, 73743, 12182, 94300, 46775, 25047, 68889, 10070, 18361, 65084, 37080, 70960, 83222, 67058, 98067, 22471, 67691, 59607, 67337, 8930, 21238, 46639, 45431, 43153, 96128, 24156, 80501, 82080, 49059, 2091, 12212, 52072, 31681, 90064, 42922, 12694, 63500, 88958, 85424, 60965, 55836, 88426, 54941, 94663, 65220, 71036, 49752, 17451, 53699, 9314, 14619, 3290, 44849, 90564, 91441, 62905, 40530, 5641, 37318, 36823, 31308, 19382, 62343, 86280, 16633, 47566, 15336, 77921, 88788, 50425, 20260, 79556, 59009, 60227, 87434, 40228, 88797, 25912, 98562, 76789, 91824, 52309, 10258, 50738, 95463, 77205, 93493, 68362, 24106, 95689, 49524, 69579, 66348, 75971, 22529, 74132, 89303, 37488, 5127, 63655, 17283, 25796, 52901, 73353, 59242, 58591, 76499, 46764, 96815, 56675, 19904, 86086, 9538, 16381, 25966, 48189, 47295, 50918, 3257, 56486, 10672, 45517, 6977, 66557, 24565, 14166, 47870, 73695, 59021, 61532, 83752, 51246, 6816, 65190, 71364, 98756, 25731, 84141, 78432, 21130, 69362, 52504, 59655, 73856, 97330, 50721, 19705, 54620, 16926, 96429, 24048, 73377, 67355, 15053, 17980, 70735, 35236, 75523, 91241, 23447, 72477, 51156, 95259, 88333, 29494, 67321, 52714, 62917, 99842, 65229, 6617, 44275, 88720, 37853, 8770, 63811, 7507, 89636, 17817, 1558, 85068, 79776, 73733, 11481, 89926, 56682, 49746, 9429, 50818, 45883, 58652, 12423, 26431, 60221, 95661, 73944, 68283, 51044, 69558, 68608, 65135, 29404, 17239, 5514, 47278, 63393, 94877, 23491, 47292, 6877, 19032, 65956, 9732, 97912, 1976, 37613, 34466, 61934, 57269, 53618, 5940, 93510, 52374, 85684, 22266, 86296, 60665, 10810, 9462, 494, 58482, 75247, 71566, 31620, 58819, 97731, 83116, 7767, 83623, 12444, 57312, 49834, 46402, 98377, 30435, 36116, 16443, 25589, 45312, 64514, 37426, 76200, 11178, 7488, 18610, 92099, 97566, 6854, 33656, 17686, 10866, 73697, 81050, 12312, 6505, 95303, 61521, 72092, 94259, 32683, 45746, 77187, 88803, 39457, 40047, 95729, 22380, 62708, 14355, 83408, 29714, 50213, 24600, 63055, 94787, 52488, 53820, 72502, 35142, 82539, 36201, 83535, 70150, 4544, 53013, 91532, 98794, 75749, 37723, 24569, 90322, 279, 84293, 85419, 53204, 7321, 22724, 95538, 85836, 2877, 93721, 73981, 40836, 90505, 94370, 88415, 37372, 69317, 25860, 4116, 35759, 84385, 33447, 84816, 12456, 31068, 57878, 18743, 27118, 55146, 45045, 76854, 36409, 49423, 25447, 28432, 61176, 34319, 67878, 7127, 41048, 27399, 57337, 84290, 2409, 69039, 23729, 7494, 36747, 48478, 38848, 42755, 293, 91046, 40498, 48156, 87860, 19957, 4960, 74844, 19836, 92291, 57801, 90081, 88664, 17768, 78881, 47919, 71822, 34413, 1930, 46778, 88873, 89253, 43012, 48581, 9353, 85645, 13891, 48249, 50115, 66199, 3386, 20854, 99932, 28051, 71692, 93909, 74084, 74671, 89896, 50523, 88742, 12398, 72247, 55742, 51721, 34827, 36846, 62982, 39419, 78439, 9343, 48468, 84544, 39864, 76167, 43812, 71247, 20757, 1762, 41180, 27413, 60564, 22669, 82173, 16704, 46485, 72310, 26823, 41298, 58642, 32787, 90874, 58140, 56784, 29999, 8759, 96835, 78050, 41544, 1255, 17455, 33878, 64547, 58966, 82332, 5215, 48306, 8922, 24655, 4697, 70882, 84900, 82562, 62735, 34434, 73303, 61588, 35094, 68503, 41162, 54916, 58190, 12626, 60530, 22534, 77445, 84110, 41705, 60129, 60275, 26541, 44213, 1777, 13370, 3088, 42025, 39125, 6806, 57675, 48434, 98242, 36838, 43086, 11553, 17088, 22108, 72325, 25128, 87991, 65587, 14862, 36451, 44287, 9734, 15759, 72468, 61485, 14174, 26892, 64268, 19975, 5444, 33247, 50382, 76845, 87224, 36256, 66890, 95968, 72639, 77038, 43204, 39754, 36312, 74369, 96758, 27679, 249, 98284, 44817, 61235, 55085, 9992, 27298, 25783, 69424, 39622, 26481, 58524, 35109, 38014, 50849, 43262, 70599, 1236, 29822, 19493, 40976, 26562, 7919, 16019, 11304, 44960, 68766, 47516, 55933, 93459, 51964, 80457, 87397, 77661, 10867, 13339, 38927, 67085, 83000, 91594, 70221, 32812, 41638, 39247, 63161, 56481, 85947, 619, 54521, 29223, 59027, 34890, 77305, 79995, 54866, 56578, 59831, 16991, 48800, 12168, 58544, 42596, 87951, 65721, 11198, 23052, 15984, 12347, 45822, 1513, 17129, 34479, 87885, 87506, 81928, 20343, 45290, 20189, 98974, 29926, 61725, 72592, 35725, 72251, 55074, 7660]})"
650.0,9,164,12,17.68569016456604,10696,"Genotype(dna={""<class 'abc.NT_0017'>"": [1, 23052], ""<class 'abc.NT_0017_P_00000'>"": [], ""<class 'abc.NT_0005'>"": [0, 0, 35544, 1, 0, 1, 0, 1, 1, 1513], ""<class 'abc.NT_0005_P_00000'>"": [], ""<class 'abc.NT_0005_P_00001'>"": [], ""<class 'bool'>"": [84999, 28488, 78745, 74465, 54864, 17890, 22220, 81494, 11196, 69809, 61245, 80970, 59031, 22762, 5961, 62130, 45589, 10807, 14782, 6975, 77464, 89143, 58527, 87729, 94847, 62019, 49113, 58378, 53170, 95528, 23383, 82543, 14478, 66708, 54731, 89098, 32143, 7859, 36186, 24185, 47559, 83429, 90839, 4278, 26457, 79584, 20529, 98243, 85958, 98174, 6785, 88501, 55012, 33130, 41129, 58441, 43664, 99446, 83751, 30410, 64020, 44540, 81585, 7120, 37923, 10103, 73391, 89114, 64247, 3546, 72400, 52366, 28775, 29390, 68435, 33337, 6744, 29451, 12483, 33008, 61810, 53426, 17083, 48182, 97610, 57753, 26303, 45688, 91985, 64549, 7322, 74594, 7380, 57378, 19802, 77078, 18809, 59896, 45688, 23178, 12446, 95713, 53145, 58733, 19385, 60055, 80733, 17434, 30657, 93224, 3662, 48300, 39234, 29456, 46465, 27619, 95361, 27532, 46356, 95674, 30680, 64142, 64196, 52536, 39063, 77585, 11909, 45735, 22343, 15823, 85441, 59982, 37416, 11596, 78873, 67187, 22642, 64179, 28050, 39669, 62179, 29319, 23731, 38136, 17100, 93335, 70044, 71087, 58529, 78370, 40605], ""<class 'int'>"": [88091, 54758, 80960, 4147, 58985, 98835, 47715, 12380, 43928, 18156, 46293, 82997, 26546, 21931, 20632, 91665, 69275, 46303, 61738, 80613, 63967, 92163, 79154, 79668, 18313, 6071, 50712, 91463, 54716, 33220, 52575, 78591, 28324, 24851, 385, 86434, 6594, 95864, 4088, 31907, 5028, 70908, 60125, 88976, 64506, 45119, 63026, 18677, 76141, 62129, 40973, 74468, 90479, 50241, 61828, 14495, 64587, 47259, 69389, 59226, 21182, 99643, 3451, 67066, 55205, 22485, 89443, 19030, 10288, 23574, 78426, 55280, 17305, 68878, 94325, 9074, 35370, 56456, 95300, 73961, 59051, 835, 21640, 2744, 30054, 96306, 55542, 57066, 65643, 97962, 97088, 62680, 1528, 56005, 81492, 81002, 48234, 28842, 92105, 38714, 65511, 82476, 73240, 25988, 68682, 4749, 1059, 85277, 54664, 55169, 72830, 29209, 32377, 56597, 43815, 46740, 16019, 36704, 91606, 54624, 42934, 87720, 75207, 56054, 59737, 79252, 96186, 60558, 8582, 3209, 7798, 18736, 20655, 95860, 60671, 36386, 88318, 80757, 49888, 58523, 36742, 48071, 76427, 91397, 47115, 74907, 19807, 19166, 48854, 4778, 9526, 30084, 70329, 29929, 24152, 98179, 6661, 59360, 47157, 52018, 24734, 716, 46264, 89982, 86072, 78100, 64619, 77321], ""<class 'abc.NT_0010'>"": [0, 0, 1, 12347], ""<class 'abc.NT_0010_P_00000'>"": [], ""<class 'abc.NT_0006'>"": [2, 3789, 0, 1, 1302, 1892], ""<class 'abc.NT_0006_P_00000'>"": [], ""<class 'abc.NT_0006_P_00001'>"": [], ""<class 'abc.NT_0002'>"": [24698, 1, 2, 1, 1, 1, 1, 0, 2, 1, 1, 0, 2, 0, 1, 0, 2, 1, 53720, 1, 0, 0, 69722, 1, 8713, 0, 0, 39574, 0, 0, 0, 2, 50609, 58203, 99864], ""<class 'abc.NT_0002_P_00000'>"": [], ""<class 'abc.NT_0001'>"": [1, 1, 1, 0, 0, 0, 0, 1, 1, 1, 1, 0, 1, 16227, 1, 1, 1, 1, 0, 0, 0, 0, 0, 0, 0, 0, 1, 40887, 0, 0, 0, 0, 0, 0, 0, 0, 0, 1, 0, 0, 0, 0, 76558, 0, 0, 0, 1, 0, 0, 0, 1, 1, 1, 0, 1, 0, 0, 45290], ""<class 'abc.NT_0001_P_00000'>"": [], ""<class 'abc.NT_0001_P_00001'>"": [], ""<class 'abc.NT_0000'>"": [0, 1, 1, 94528, 1, 0, 1, 1, 31647, 1, 1, 80324, 0, 0, 9678, 1, 0, 1, 0, 0, 0, 1, 0, 0, 0, 1, 1, 0, 1, 1, 1, 0, 42401, 0, 0, 0, 0, 0, 1, 1, 0, 1, 1, 0, 0, 0, 0, 1, 5444, 3614, 1, 0, 0, 0, 0, 0, 71485, 1, 0, 0, 0, 0, 1, 20343], ""<class 'abc.NT_0000_P_00000'>"": [], ""<class 'abc.NT_0000_P_00001'>"": [], ""<class 'abc.NT_0002_P_00001'>"": [], ""<class 'abc.NT_0002_P_00002'>"": [], ""<class 'abc.NT_0006_P_00002'>"": [], ""<class 'abc.NT_0007'>"": [1, 0, 1, 2, 87885, 72251, 55074], ""<class 'abc.NT_0007_P_00000'>"": [], ""<class 'abc.NT_0007_P_00001'>"": [], ""<class 'abc.NT_0007_P_00002'>"": [], ""<class 'abc.NT_0004'>"": [1, 1, 2, 2, 1, 2, 90007, 90154], ""<class 'abc.NT_0004_P_00000'>"": [], ""<class 'abc.NT_0003'>"": [10039, 1, 0, 1, 98974, 61725, 72592, 35725, 7660], ""<class 'abc.NT_0003_P_00000'>"": [], ""<class 'abc.NT_0003_P_00001'>"": [], ""<class 'abc.NT_0003_P_00002'>"": [], ""<class 'abc.NT_0003_P_00003'>"": [], ""<class 'abc.NT_0004_P_00001'>"": [], ""<class 'abc.NT_0004_P_00002'>"": [], ""<class 'abc.NT_0009'>"": [3, 0, 1, 1, 0, 45822], ""<class 'abc.NT_0009_P_00000'>"": [], ""<class 'abc.NT_0008'>"": [69105, 0, 24563, 0, 0, 0, 17129], ""<class 'abc.NT_0008_P_00000'>"": [], ""<class 'abc.NT_0009_P_00001'>"": [], ""<class 'abc.NT_0009_P_00002'>"": [], ""<class 'abc.NT_0009_P_00003'>"": [], ""<class 'abc.NT_0010_P_00001'>"": [], ""<class 'abc.NT_0010_P_00002'>"": [], ""<class 'abc.NT_0017_P_00001'>"": [], ""<class 'abc.NT_0012'>"": [0, 0, 27606, 0, 0, 65962], ""<class 'abc.NT_0012_P_00000'>"": [], ""<class 'abc.NT_0012_P_00001'>"": [], ""<class 'abc.NT_0017_P_00002'>"": [], ""<class 'abc.NT_0013'>"": [], ""<class 'abc.NT_0013_P_00000'>"": [], ""<class 'abc.NT_0011'>"": [0, 94522], ""<class 'abc.NT_0011_P_00000'>"": [], ""<class 'abc.NT_0011_P_00001'>"": [], ""<class 'abc.NT_0011_P_00002'>"": [], ""<class 'abc.NT_0013_P_00001'>"": [], ""<class 'abc.NT_0013_P_00002'>"": [], ""<class 'abc.NT_0017_P_00003'>"": [], ""<class 'abc.NT_0016'>"": [0, 20070], ""<class 'abc.NT_0016_P_00000'>"": [], ""<class 'abc.NT_0016_P_00001'>"": [], ""<class 'abc.NT_0016_P_00002'>"": [], '$leftovers': [24694, 13707, 7777, 43103, 79112, 41937, 82055, 41802, 80929, 37572, 24235, 1002, 66268, 87311, 99058, 42897, 54099, 4751, 39061, 38658, 18856, 32793, 32020, 84694, 43326, 66351, 11593, 16559, 82179, 29701, 14785, 63931, 19995, 86098, 88506, 88906, 98218, 57143, 64899, 75531, 17691, 63845, 68413, 76826, 30524, 48607, 6718, 24768, 14247, 23842, 98884, 92372, 55279, 40315, 43705, 6728, 53868, 34432, 73753, 89438, 79733, 83929, 38685, 35410, 5343, 16823, 35888, 70000, 12879, 27426, 44726, 95438, 53746, 11554, 35563, 36846, 46156, 65002, 72433, 85297, 12477, 3511, 72425, 53166, 5796, 30717, 45518, 76561, 21526, 65748, 18017, 64172, 9175, 16724, 51276, 1749, 5687, 47923, 68260, 48548, 94393, 55323, 76604, 84009, 54574, 8798, 35733, 67233, 4198, 56844, 12629, 29196, 81671, 71295, 84963, 73193, 37662, 77918, 40265, 71387, 2776, 72056, 79890, 24380, 6524, 11920, 82004, 80554, 7771, 51485, 29874, 64851, 32118, 68660, 22646, 40503, 29950, 45632, 59339, 63591, 66553, 79195, 90039, 8891, 94412, 82595, 43578, 41060, 60184, 28053, 84947, 77614, 38864, 91374, 58545, 50015, 19960, 7381, 78763, 85070, 21507, 19025, 51930, 32629, 45143, 39756, 26052, 37388, 90108, 9391, 53674, 16962, 24269, 95106, 99931, 56381, 37781, 12365, 84199, 30949, 74271, 916, 85830, 97679, 18102, 478, 75886, 30302, 21977, 90537, 30063, 19357, 81788, 35261, 14719, 66114, 20921, 20240, 5992, 58367, 9680, 68600, 85141, 46379, 54808, 83564, 47005, 66549, 22371, 91024, 89979, 20226, 63714, 58641, 45142, 46907, 57602, 15144, 97990, 7439, 11158, 59469, 11328, 80659, 5962, 25695, 77537, 11892, 91592, 56748, 38581, 37353, 71743, 70419, 27563, 8343, 51963, 16605, 94638, 42057, 61173, 28541, 41743, 60295, 49767, 73628, 41163, 91833, 78182, 82565, 25215, 96862, 76058, 44249, 82715, 20979, 71376, 27708, 78050, 40085, 30494, 46076, 48158, 98017, 59418, 77712, 4502, 58514, 86759, 30136, 53692, 84446, 34409, 6828, 35370, 50950, 51945, 59877, 55822, 81173, 57512, 24080, 92189, 34559, 32530, 48867, 64932, 44, 85888, 8300, 92843, 6844, 39222, 76898, 88754, 22876, 38074, 43299, 88699, 81654, 61902, 89999, 13497, 66668, 7338, 74096, 38397, 11013, 98336, 40480, 33892, 63626, 49088, 71312, 23172, 10803, 62392, 24917, 67254, 58009, 81336, 59457, 73844, 95696, 6506, 27308, 70695, 56701, 13067, 41613, 72662, 53528, 75491, 42519, 81780, 31754, 13856, 88917, 96452, 41223, 89774, 10407, 31336, 50783, 20291, 5997, 7069, 31395, 24625, 6189, 56620, 24762, 84988, 68874, 85812, 41091, 24302, 77112, 35149, 22780, 53184, 18627, 57549, 17465, 63612, 87939, 6980, 60883, 29814, 87238, 14952, 60779, 86760, 61062, 30267, 24445, 56989, 27229, 82900, 90023, 57786, 63779, 40235, 86679, 51776, 22058, 63483, 39593, 41554, 8133, 95503, 6716, 25867, 90267, 22987, 39665, 98545, 93605, 1747, 78248, 27473, 33109, 26918, 82634, 51318, 80099, 73743, 12182, 94300, 46775, 25047, 68889, 10070, 18361, 65084, 37080, 70960, 83222, 67058, 98067, 22471, 67691, 59607, 67337, 8930, 21238, 46639, 45431, 43153, 96128, 24156, 80501, 82080, 49059, 2091, 12212, 52072, 31681, 90064, 42922, 12694, 63500, 88958, 85424, 60965, 55836, 88426, 54941, 94663, 65220, 71036, 49752, 17451, 53699, 9314, 14619, 3290, 44849, 90564, 91441, 62905, 40530, 5641, 37318, 36823, 31308, 19382, 62343, 86280, 16633, 47566, 15336, 77921, 88788, 50425, 20260, 79556, 59009, 60227, 87434, 40228, 88797, 25912, 98562, 76789, 91824, 52309, 10258, 50738, 95463, 77205, 93493, 68362, 24106, 95689, 49524, 69579, 66348, 75971, 22529, 74132, 89303, 37488, 5127, 63655, 17283, 25796, 52901, 73353, 59242, 58591, 76499, 46764, 96815, 56675, 19904, 86086, 9538, 16381, 25966, 48189, 47295, 50918, 3257, 56486, 10672, 45517, 6977, 66557, 24565, 14166, 47870, 73695, 59021, 61532, 83752, 51246, 6816, 65190, 71364, 98756, 25731, 84141, 78432, 21130, 69362, 52504, 59655, 73856, 97330, 50721, 19705, 54620, 16926, 96429, 24048, 73377, 67355, 15053, 17980, 70735, 35236, 75523, 91241, 23447, 72477, 51156, 95259, 88333, 29494, 67321, 52714, 62917, 99842, 65229, 6617, 44275, 88720, 37853, 8770, 63811, 7507, 89636, 17817, 1558, 85068, 79776, 73733, 11481, 89926, 56682, 49746, 9429, 50818, 45883, 58652, 12423, 26431, 60221, 95661, 73944, 68283, 51044, 69558, 68608, 65135, 29404, 17239, 5514, 47278, 63393, 94877, 23491, 47292, 6877, 19032, 65956, 9732, 97912, 1976, 37613, 34466, 61934, 57269, 53618, 5940, 93510, 52374, 85684, 22266, 86296, 60665, 10810, 9462, 494, 58482, 75247, 71566, 31620, 58819, 97731, 83116, 7767, 83623, 12444, 57312, 49834, 46402, 98377, 30435, 36116, 16443, 25589, 45312, 64514, 37426, 76200, 11178, 7488, 18610, 92099, 97566, 6854, 33656, 17686, 10866, 73697, 81050, 12312, 6505, 95303, 61521, 72092, 94259, 32683, 45746, 77187, 88803, 39457, 40047, 95729, 22380, 62708, 14355, 83408, 29714, 50213, 24600, 63055, 94787, 52488, 53820, 72502, 35142, 82539, 36201, 83535, 70150, 4544, 53013, 91532, 98794, 75749, 37723, 24569, 90322, 279, 84293, 85419, 53204, 7321, 22724, 95538, 85836, 2877, 93721, 73981, 40836, 90505, 94370, 88415, 37372, 69317, 25860, 4116, 35759, 84385, 33447, 84816, 12456, 31068, 57878, 18743, 27118, 55146, 45045, 76854, 36409, 49423, 25447, 28432, 61176, 34319, 67878, 7127, 41048, 27399, 57337, 84290, 2409, 69039, 23729, 7494, 36747, 48478, 38848, 42755, 293, 91046, 40498, 48156, 87860, 19957, 4960, 74844, 19836, 92291, 57801, 90081, 88664, 17768, 78881, 47919, 71822, 34413, 1930, 46778, 88873, 89253, 43012, 48581, 9353, 85645, 13891, 48249, 50115, 66199, 3386, 20854, 99932, 28051, 71692, 93909, 74084, 74671, 89896, 50523, 88742, 12398, 72247, 55742, 51721, 34827, 36846, 62982, 39419, 78439, 9343, 48468, 84544, 39864, 76167, 43812, 71247, 20757, 1762, 41180, 27413, 60564, 22669, 82173, 16704, 46485, 72310, 26823, 41298, 58642, 32787, 90874, 58140, 56784, 29999, 8759, 96835, 78050, 41544, 1255, 17455, 33878, 64547, 58966, 82332, 5215, 48306, 8922, 24655, 4697, 70882, 84900, 82562, 62735, 34434, 73303, 61588, 35094, 68503, 41162, 54916, 58190, 12626, 60530, 22534, 77445, 84110, 41705, 60129, 60275, 26541, 44213, 1777, 13370, 3088, 42025, 39125, 6806, 57675, 48434, 98242, 36838, 43086, 11553, 17088, 22108, 72325, 25128, 87991, 65587, 14862, 36451, 44287, 9734, 15759, 72468, 61485, 14174, 26892, 64268, 19975, 5444, 33247, 50382, 76845, 87224, 36256, 66890, 95968, 72639, 77038, 43204, 39754, 36312, 74369, 96758, 27679, 249, 98284, 44817, 61235, 55085, 9992, 27298, 25783, 69424, 39622, 26481, 58524, 35109, 38014, 50849, 43262, 70599, 1236, 29822, 19493, 40976, 26562, 7919, 16019, 11304, 44960, 68766, 47516, 55933, 93459, 51964, 80457, 87397, 77661, 10867, 13339, 38927, 67085, 83000, 91594, 70221, 32812, 41638, 39247, 63161, 56481, 85947, 619, 54521, 29223, 59027, 34890, 77305, 79995, 54866, 56578, 59831, 16991, 48800, 12168, 58544, 42596, 87951, 65721, 11198, 23052, 15984, 12347, 45822, 1513, 17129, 34479, 87885, 87506, 81928, 20343, 45290, 20189, 98974, 29926, 61725, 72592, 35725, 72251, 55074, 7660]})"
647.0,9,164,13,18.33495545387268,10696,"Genotype(dna={""<class 'abc.NT_0017'>"": [1, 23052], ""<class 'abc.NT_0017_P_00000'>"": [], ""<class 'abc.NT_0005'>"": [0, 0, 35544, 1, 0, 1, 0, 1, 1, 1513], ""<class 'abc.NT_0005_P_00000'>"": [], ""<class 'abc.NT_0005_P_00001'>"": [], ""<class 'bool'>"": [50833, 28611, 95173, 29798, 84996, 15299, 84608, 73218, 73704, 53577, 54127, 73580, 61648, 63455, 34182, 28379, 9832, 69766, 59719, 9321, 39372, 40559, 45589, 21512, 9991, 31131, 22379, 82972, 66879, 7070, 87492, 33083, 92916, 1233, 89415, 28350, 54741, 51276, 16414, 74832, 4355, 87209, 57305, 93042, 77737, 67903, 93745, 31960, 29422, 28659, 99170, 51647, 13273, 92051, 14178, 78998, 45259, 78698, 95977, 73146, 83753, 21951, 16043, 13772, 66730, 10736, 57934, 29081, 62948, 99869, 41968, 82469, 29718, 59471, 51253, 67704, 97811, 82022, 87389, 44948, 67283, 63422, 70186, 58801, 23472, 55104, 46787, 87700, 86179, 38104, 2384, 90063, 6576, 80132, 75180, 65605, 74894, 53809, 99733, 89043, 84198, 62780, 94716, 23035, 32450, 31489, 41399, 87765, 69122, 99723, 54018, 21587, 39572, 89999, 58379, 67238, 50112, 90146, 55533, 46837, 57815, 68681, 79206, 32534, 3130, 54432, 69605, 82887, 74526, 5911, 58400, 62789, 48833, 31474, 14530, 39368, 40140, 19876, 33772, 86631, 58194, 70508], ""<class 'int'>"": [88091, 54758, 80960, 4147, 58985, 98835, 33177, 12380, 43928, 18156, 46293, 82997, 26546, 21931, 20632, 91665, 69275, 46303, 61738, 80613, 63967, 92163, 79154, 79668, 18313, 6071, 50712, 91463, 54716, 33220, 52575, 78591, 28324, 24851, 385, 86434, 6594, 95864, 4088, 31907, 5028, 70908, 60125, 88976, 64506, 45119, 63026, 18677, 76141, 62129, 40973, 74468, 90479, 50241, 61828, 14495, 64587, 47259, 69389, 59226, 21182, 99643, 3451, 67066, 55205, 22485, 89443, 19030, 10288, 23574, 78426, 55280, 17305, 68878, 94325, 9074, 35370, 56456, 95300, 73961, 59051, 835, 21640, 2744, 30054, 96306, 55542, 57066, 65643, 97962, 97088, 62680, 24967, 56005, 85155, 81002, 48234, 28842, 92105, 38714, 65511, 82476, 73240, 25988, 68682, 4749, 1059, 85277, 54664, 55169, 72830, 29209, 32377, 56597, 43815, 46740, 16019, 36704, 91606, 3697, 42934, 87720, 75207, 56054, 59737, 79252, 96186, 60558, 8582, 3209, 7798, 18736, 20655, 95860, 60671, 36386, 88318, 80757, 49888, 58523, 36742, 48071, 76427, 91397, 47115, 74907, 19807, 19166, 48854, 4778, 9526, 30084, 70329, 29929, 24152, 98179, 6661, 59360, 47157, 52018, 24734, 716, 46264, 89982, 86072, 78100, 64619, 77321], ""<class 'abc.NT_0010'>"": [0, 0, 1, 12347], ""<class 'abc.NT_0010_P_00000'>"": [], ""<class 'abc.NT_0006'>"": [2, 2, 0, 1, 1302, 1892], ""<class 'abc.NT_0006_P_00000'>"": [], ""<class 'abc.NT_0006_P_00001'>"": [], ""<class 'abc.NT_0002'>"": [1, 1, 2, 1, 1, 1, 1, 0, 2, 1, 1, 0, 2, 0, 1, 0, 2, 1, 53720, 1, 0, 0, 69722, 1, 8713, 0, 0, 2, 0, 0, 0, 2, 1, 64800, 99864], ""<class 'abc.NT_0002_P_00000'>"": [], ""<class 'abc.NT_0001'>"": [1, 1, 1, 0, 0, 0, 0, 1, 1, 1, 1, 0, 1, 16227, 1, 1, 1, 1, 0, 0, 0, 0, 0, 0, 0, 0, 1, 40887, 0, 0, 0, 0, 0, 0, 0, 0, 0, 1, 0, 0, 0, 0, 76558, 0, 0, 0, 1, 0, 0, 0, 1, 1, 1, 0, 1, 0, 0, 45290], ""<class 'abc.NT_0001_P_00000'>"": [], ""<class 'abc.NT_0001_P_00001'>"": [], ""<class 'abc.NT_0000'>"": [0, 1, 1, 94528, 1, 0, 1, 1, 31647, 1, 1, 80324, 0, 0, 9678, 1, 0, 1, 0, 0, 0, 1, 0, 0, 0, 1, 1, 0, 1, 1, 1, 0, 42401, 0, 0, 0, 0, 0, 1, 1, 0, 1, 1, 0, 0, 0, 0, 1, 5444, 3614, 1, 0, 0, 0, 0, 0, 71485, 1, 0, 0, 0, 0, 1, 20343], ""<class 'abc.NT_0000_P_00000'>"": [], ""<class 'abc.NT_0000_P_00001'>"": [], ""<class 'abc.NT_0002_P_00001'>"": [], ""<class 'abc.NT_0002_P_00002'>"": [], ""<class 'abc.NT_0006_P_00002'>"": [], ""<class 'abc.NT_0007'>"": [1, 0, 1, 2, 87885, 72251, 55074], ""<class 'abc.NT_0007_P_00000'>"": [], ""<class 'abc.NT_0007_P_00001'>"": [], ""<class 'abc.NT_0007_P_00002'>"": [], ""<class 'abc.NT_0004'>"": [1, 1, 77639, 2, 1, 2, 63194, 90154], ""<class 'abc.NT_0004_P_00000'>"": [], ""<class 'abc.NT_0003'>"": [10039, 1, 0, 1, 98974, 61725, 72592, 35725, 7660], ""<class 'abc.NT_0003_P_00000'>"": [], ""<class 'abc.NT_0003_P_00001'>"": [], ""<class 'abc.NT_0003_P_00002'>"": [], ""<class 'abc.NT_0003_P_00003'>"": [], ""<class 'abc.NT_0004_P_00001'>"": [], ""<class 'abc.NT_0004_P_00002'>"": [], ""<class 'abc.NT_0009'>"": [3, 0, 1, 1, 0, 45822], ""<class 'abc.NT_0009_P_00000'>"": [], ""<class 'abc.NT_0008'>"": [69105, 0, 24563, 0, 0, 0, 17129], ""<class 'abc.NT_0008_P_00000'>"": [], ""<class 'abc.NT_0009_P_00001'>"": [], ""<class 'abc.NT_0009_P_00002'>"": [], ""<class 'abc.NT_0009_P_00003'>"": [], ""<class 'abc.NT_0010_P_00001'>"": [], ""<class 'abc.NT_0010_P_00002'>"": [], ""<class 'abc.NT_0017_P_00001'>"": [], ""<class 'abc.NT_0012'>"": [0, 0, 27606, 0, 0, 65962], ""<class 'abc.NT_0012_P_00000'>"": [], ""<class 'abc.NT_0012_P_00001'>"": [], ""<class 'abc.NT_0017_P_00002'>"": [], ""<class 'abc.NT_0013'>"": [], ""<class 'abc.NT_0013_P_00000'>"": [], ""<class 'abc.NT_0011'>"": [0, 94522], ""<class 'abc.NT_0011_P_00000'>"": [], ""<class 'abc.NT_0011_P_00001'>"": [], ""<class 'abc.NT_0011_P_00002'>"": [], ""<class 'abc.NT_0013_P_00001'>"": [], ""<class 'abc.NT_0013_P_00002'>"": [], ""<class 'abc.NT_0017_P_00003'>"": [], ""<class 'abc.NT_0016'>"": [0, 20070], ""<class 'abc.NT_0016_P_00000'>"": [], ""<class 'abc.NT_0016_P_00001'>"": [], ""<class 'abc.NT_0016_P_00002'>"": [], '$leftovers': [24694, 13707, 7777, 43103, 79112, 41937, 82055, 41802, 80929, 37572, 24235, 1002, 66268, 87311, 99058, 42897, 54099, 4751, 39061, 38658, 18856, 32793, 32020, 84694, 43326, 66351, 11593, 16559, 82179, 29701, 14785, 63931, 19995, 86098, 88506, 88906, 98218, 57143, 64899, 75531, 17691, 63845, 68413, 76826, 30524, 48607, 6718, 24768, 14247, 23842, 98884, 92372, 55279, 40315, 43705, 6728, 53868, 34432, 73753, 89438, 79733, 83929, 38685, 35410, 5343, 16823, 35888, 70000, 12879, 27426, 44726, 95438, 53746, 11554, 35563, 36846, 46156, 65002, 72433, 85297, 12477, 3511, 72425, 53166, 5796, 30717, 45518, 76561, 21526, 65748, 18017, 64172, 9175, 16724, 51276, 1749, 5687, 47923, 68260, 48548, 94393, 55323, 76604, 84009, 54574, 8798, 35733, 67233, 4198, 56844, 12629, 29196, 81671, 71295, 84963, 73193, 37662, 77918, 40265, 71387, 2776, 72056, 79890, 24380, 6524, 11920, 82004, 80554, 7771, 51485, 29874, 64851, 32118, 68660, 22646, 40503, 29950, 45632, 59339, 63591, 66553, 79195, 90039, 8891, 94412, 82595, 43578, 41060, 60184, 28053, 84947, 77614, 38864, 91374, 58545, 50015, 19960, 7381, 78763, 85070, 21507, 19025, 51930, 32629, 45143, 39756, 26052, 37388, 90108, 9391, 53674, 16962, 24269, 95106, 99931, 56381, 37781, 12365, 84199, 30949, 74271, 916, 85830, 97679, 18102, 478, 75886, 30302, 21977, 90537, 30063, 19357, 81788, 35261, 14719, 66114, 20921, 20240, 5992, 58367, 9680, 68600, 85141, 46379, 54808, 83564, 47005, 66549, 22371, 91024, 89979, 20226, 63714, 58641, 45142, 46907, 57602, 15144, 97990, 7439, 11158, 59469, 11328, 80659, 5962, 25695, 77537, 11892, 91592, 56748, 38581, 37353, 71743, 70419, 27563, 8343, 51963, 16605, 94638, 42057, 61173, 28541, 41743, 60295, 49767, 73628, 41163, 91833, 78182, 82565, 25215, 96862, 76058, 44249, 82715, 20979, 71376, 27708, 78050, 40085, 30494, 46076, 48158, 98017, 59418, 77712, 4502, 58514, 86759, 30136, 53692, 84446, 34409, 6828, 35370, 50950, 51945, 59877, 55822, 81173, 57512, 24080, 92189, 34559, 32530, 48867, 64932, 44, 85888, 8300, 92843, 6844, 39222, 76898, 88754, 22876, 38074, 43299, 88699, 81654, 61902, 89999, 13497, 66668, 7338, 74096, 38397, 11013, 98336, 40480, 33892, 63626, 49088, 71312, 23172, 10803, 62392, 24917, 67254, 58009, 81336, 59457, 73844, 95696, 6506, 27308, 70695, 56701, 13067, 41613, 72662, 53528, 75491, 42519, 81780, 31754, 13856, 88917, 96452, 41223, 89774, 10407, 31336, 50783, 20291, 5997, 7069, 31395, 24625, 6189, 56620, 24762, 84988, 68874, 85812, 41091, 24302, 77112, 35149, 22780, 53184, 18627, 57549, 17465, 63612, 87939, 6980, 60883, 29814, 87238, 14952, 60779, 86760, 61062, 30267, 24445, 56989, 27229, 82900, 90023, 57786, 63779, 40235, 86679, 51776, 22058, 63483, 39593, 41554, 8133, 95503, 6716, 25867, 90267, 22987, 39665, 98545, 93605, 1747, 78248, 27473, 33109, 26918, 82634, 51318, 80099, 73743, 12182, 94300, 46775, 25047, 68889, 10070, 18361, 65084, 37080, 70960, 83222, 67058, 98067, 22471, 67691, 59607, 67337, 8930, 21238, 46639, 45431, 43153, 96128, 24156, 80501, 82080, 49059, 2091, 12212, 52072, 31681, 90064, 42922, 12694, 63500, 88958, 85424, 60965, 55836, 88426, 54941, 94663, 65220, 71036, 49752, 17451, 53699, 9314, 14619, 3290, 44849, 90564, 91441, 62905, 40530, 5641, 37318, 36823, 31308, 19382, 62343, 86280, 16633, 47566, 15336, 77921, 88788, 50425, 20260, 79556, 59009, 60227, 87434, 40228, 88797, 25912, 98562, 76789, 91824, 52309, 10258, 50738, 95463, 77205, 93493, 68362, 24106, 95689, 49524, 69579, 66348, 75971, 22529, 74132, 89303, 37488, 5127, 63655, 17283, 25796, 52901, 73353, 59242, 58591, 76499, 46764, 96815, 56675, 19904, 86086, 9538, 16381, 25966, 48189, 47295, 50918, 3257, 56486, 10672, 45517, 6977, 66557, 24565, 14166, 47870, 73695, 59021, 61532, 83752, 51246, 6816, 65190, 71364, 98756, 25731, 84141, 78432, 21130, 69362, 52504, 59655, 73856, 97330, 50721, 19705, 54620, 16926, 96429, 24048, 73377, 67355, 15053, 17980, 70735, 35236, 75523, 91241, 23447, 72477, 51156, 95259, 88333, 29494, 67321, 52714, 62917, 99842, 65229, 6617, 44275, 88720, 37853, 8770, 63811, 7507, 89636, 17817, 1558, 85068, 79776, 73733, 11481, 89926, 56682, 49746, 9429, 50818, 45883, 58652, 12423, 26431, 60221, 95661, 73944, 68283, 51044, 69558, 68608, 65135, 29404, 17239, 5514, 47278, 63393, 94877, 23491, 47292, 6877, 19032, 65956, 9732, 97912, 1976, 37613, 34466, 61934, 57269, 53618, 5940, 93510, 52374, 85684, 22266, 86296, 60665, 10810, 9462, 494, 58482, 75247, 71566, 31620, 58819, 97731, 83116, 7767, 83623, 12444, 57312, 49834, 46402, 98377, 30435, 36116, 16443, 25589, 45312, 64514, 37426, 76200, 11178, 7488, 18610, 92099, 97566, 6854, 33656, 17686, 10866, 73697, 81050, 12312, 6505, 95303, 61521, 72092, 94259, 32683, 45746, 77187, 88803, 39457, 40047, 95729, 22380, 62708, 14355, 83408, 29714, 50213, 24600, 63055, 94787, 52488, 53820, 72502, 35142, 82539, 36201, 83535, 70150, 4544, 53013, 91532, 98794, 75749, 37723, 24569, 90322, 279, 84293, 85419, 53204, 7321, 22724, 95538, 85836, 2877, 93721, 73981, 40836, 90505, 94370, 88415, 37372, 69317, 25860, 4116, 35759, 84385, 33447, 84816, 12456, 31068, 57878, 18743, 27118, 55146, 45045, 76854, 36409, 49423, 25447, 28432, 61176, 34319, 67878, 7127, 41048, 27399, 57337, 84290, 2409, 69039, 23729, 7494, 36747, 48478, 38848, 42755, 293, 91046, 40498, 48156, 87860, 19957, 4960, 74844, 19836, 92291, 57801, 90081, 88664, 17768, 78881, 47919, 71822, 34413, 1930, 46778, 88873, 89253, 43012, 48581, 9353, 85645, 13891, 48249, 50115, 66199, 3386, 20854, 99932, 28051, 71692, 93909, 74084, 74671, 89896, 50523, 88742, 12398, 72247, 55742, 51721, 34827, 36846, 62982, 39419, 78439, 9343, 48468, 84544, 39864, 76167, 43812, 71247, 20757, 1762, 41180, 27413, 60564, 22669, 82173, 16704, 46485, 72310, 26823, 41298, 58642, 32787, 90874, 58140, 56784, 29999, 8759, 96835, 78050, 41544, 1255, 17455, 33878, 64547, 58966, 82332, 5215, 48306, 8922, 24655, 4697, 70882, 84900, 82562, 62735, 34434, 73303, 61588, 35094, 68503, 41162, 54916, 58190, 12626, 60530, 22534, 77445, 84110, 41705, 60129, 60275, 26541, 44213, 1777, 13370, 3088, 42025, 39125, 6806, 57675, 48434, 98242, 36838, 43086, 11553, 17088, 22108, 72325, 25128, 87991, 65587, 14862, 36451, 44287, 9734, 15759, 72468, 61485, 14174, 26892, 64268, 19975, 5444, 33247, 50382, 76845, 87224, 36256, 66890, 95968, 72639, 77038, 43204, 39754, 36312, 74369, 96758, 27679, 249, 98284, 44817, 61235, 55085, 9992, 27298, 25783, 69424, 39622, 26481, 58524, 35109, 38014, 50849, 43262, 70599, 1236, 29822, 19493, 40976, 26562, 7919, 16019, 11304, 44960, 68766, 47516, 55933, 93459, 51964, 80457, 87397, 77661, 10867, 13339, 38927, 67085, 83000, 91594, 70221, 32812, 41638, 39247, 63161, 56481, 85947, 619, 54521, 29223, 59027, 34890, 77305, 79995, 54866, 56578, 59831, 16991, 48800, 12168, 58544, 42596, 87951, 65721, 11198, 23052, 15984, 12347, 45822, 1513, 17129, 34479, 87885, 87506, 81928, 20343, 45290, 20189, 98974, 29926, 61725, 72592, 35725, 72251, 55074, 7660]})"
647.0,9,164,14,18.92268133163452,10696,"Genotype(dna={""<class 'abc.NT_0017'>"": [1, 23052], ""<class 'abc.NT_0017_P_00000'>"": [], ""<class 'abc.NT_0005'>"": [0, 0, 35544, 1, 0, 1, 0, 1, 1, 1513], ""<class 'abc.NT_0005_P_00000'>"": [], ""<class 'abc.NT_0005_P_00001'>"": [], ""<class 'bool'>"": [50833, 28611, 95173, 29798, 84996, 15299, 84608, 73218, 73704, 53577, 54127, 73580, 61648, 63455, 34182, 28379, 9832, 69766, 59719, 9321, 39372, 40559, 45589, 21512, 9991, 31131, 22379, 82972, 66879, 7070, 87492, 33083, 92916, 1233, 89415, 28350, 54741, 51276, 16414, 74832, 4355, 87209, 57305, 93042, 77737, 67903, 93745, 31960, 29422, 28659, 99170, 51647, 13273, 92051, 14178, 78998, 45259, 78698, 95977, 73146, 83753, 21951, 16043, 13772, 66730, 10736, 57934, 29081, 62948, 99869, 41968, 82469, 29718, 59471, 51253, 67704, 97811, 82022, 87389, 44948, 67283, 63422, 70186, 58801, 23472, 55104, 46787, 87700, 86179, 38104, 2384, 90063, 6576, 80132, 75180, 65605, 74894, 53809, 99733, 89043, 84198, 62780, 94716, 23035, 32450, 31489, 41399, 87765, 69122, 99723, 54018, 21587, 39572, 89999, 58379, 67238, 50112, 90146, 55533, 46837, 57815, 68681, 79206, 32534, 3130, 54432, 69605, 82887, 74526, 5911, 58400, 62789, 48833, 31474, 14530, 39368, 40140, 19876, 33772, 86631, 58194, 70508], ""<class 'int'>"": [88091, 54758, 80960, 4147, 58985, 98835, 33177, 12380, 43928, 18156, 46293, 82997, 26546, 21931, 20632, 91665, 69275, 46303, 61738, 80613, 63967, 92163, 79154, 79668, 18313, 6071, 50712, 91463, 54716, 33220, 52575, 78591, 28324, 24851, 385, 86434, 6594, 95864, 4088, 31907, 5028, 70908, 60125, 88976, 64506, 45119, 63026, 18677, 76141, 62129, 40973, 74468, 90479, 50241, 61828, 14495, 64587, 47259, 69389, 59226, 21182, 99643, 3451, 67066, 55205, 22485, 89443, 19030, 10288, 23574, 78426, 55280, 17305, 68878, 94325, 9074, 35370, 56456, 95300, 73961, 59051, 835, 21640, 2744, 30054, 96306, 55542, 57066, 65643, 97962, 97088, 62680, 24967, 56005, 85155, 81002, 48234, 28842, 92105, 38714, 65511, 82476, 73240, 25988, 68682, 4749, 1059, 85277, 54664, 55169, 72830, 29209, 32377, 56597, 43815, 46740, 16019, 36704, 91606, 3697, 42934, 87720, 75207, 56054, 59737, 79252, 96186, 60558, 8582, 3209, 7798, 18736, 20655, 95860, 60671, 36386, 88318, 80757, 49888, 58523, 36742, 48071, 76427, 91397, 47115, 74907, 19807, 19166, 48854, 4778, 9526, 30084, 70329, 29929, 24152, 98179, 6661, 59360, 47157, 52018, 24734, 716, 46264, 89982, 86072, 78100, 64619, 77321], ""<class 'abc.NT_0010'>"": [0, 0, 1, 12347], ""<class 'abc.NT_0010_P_00000'>"": [], ""<class 'abc.NT_0006'>"": [2, 2, 0, 1, 1302, 1892], ""<class 'abc.NT_0006_P_00000'>"": [], ""<class 'abc.NT_0006_P_00001'>"": [], ""<class 'abc.NT_0002'>"": [1, 1, 2, 1, 1, 1, 1, 0, 2, 1, 1, 0, 2, 0, 1, 0, 2, 1, 53720, 1, 0, 0, 69722, 1, 8713, 0, 0, 2, 0, 0, 0, 2, 1, 64800, 99864], ""<class 'abc.NT_0002_P_00000'>"": [], ""<class 'abc.NT_0001'>"": [1, 1, 1, 0, 0, 0, 0, 1, 1, 1, 1, 0, 1, 16227, 1, 1, 1, 1, 0, 0, 0, 0, 0, 0, 0, 0, 1, 40887, 0, 0, 0, 0, 0, 0, 0, 0, 0, 1, 0, 0, 0, 0, 76558, 0, 0, 0, 1, 0, 0, 0, 1, 1, 1, 0, 1, 0, 0, 45290], ""<class 'abc.NT_0001_P_00000'>"": [], ""<class 'abc.NT_0001_P_00001'>"": [], ""<class 'abc.NT_0000'>"": [0, 1, 1, 94528, 1, 0, 1, 1, 31647, 1, 1, 80324, 0, 0, 9678, 1, 0, 1, 0, 0, 0, 1, 0, 0, 0, 1, 1, 0, 1, 1, 1, 0, 42401, 0, 0, 0, 0, 0, 1, 1, 0, 1, 1, 0, 0, 0, 0, 1, 5444, 3614, 1, 0, 0, 0, 0, 0, 71485, 1, 0, 0, 0, 0, 1, 20343], ""<class 'abc.NT_0000_P_00000'>"": [], ""<class 'abc.NT_0000_P_00001'>"": [], ""<class 'abc.NT_0002_P_00001'>"": [], ""<class 'abc.NT_0002_P_00002'>"": [], ""<class 'abc.NT_0006_P_00002'>"": [], ""<class 'abc.NT_0007'>"": [1, 0, 1, 2, 87885, 72251, 55074], ""<class 'abc.NT_0007_P_00000'>"": [], ""<class 'abc.NT_0007_P_00001'>"": [], ""<class 'abc.NT_0007_P_00002'>"": [], ""<class 'abc.NT_0004'>"": [1, 1, 77639, 2, 1, 2, 63194, 90154], ""<class 'abc.NT_0004_P_00000'>"": [], ""<class 'abc.NT_0003'>"": [10039, 1, 0, 1, 98974, 61725, 72592, 35725, 7660], ""<class 'abc.NT_0003_P_00000'>"": [], ""<class 'abc.NT_0003_P_00001'>"": [], ""<class 'abc.NT_0003_P_00002'>"": [], ""<class 'abc.NT_0003_P_00003'>"": [], ""<class 'abc.NT_0004_P_00001'>"": [], ""<class 'abc.NT_0004_P_00002'>"": [], ""<class 'abc.NT_0009'>"": [3, 0, 1, 1, 0, 45822], ""<class 'abc.NT_0009_P_00000'>"": [], ""<class 'abc.NT_0008'>"": [69105, 0, 24563, 0, 0, 0, 17129], ""<class 'abc.NT_0008_P_00000'>"": [], ""<class 'abc.NT_0009_P_00001'>"": [], ""<class 'abc.NT_0009_P_00002'>"": [], ""<class 'abc.NT_0009_P_00003'>"": [], ""<class 'abc.NT_0010_P_00001'>"": [], ""<class 'abc.NT_0010_P_00002'>"": [], ""<class 'abc.NT_0017_P_00001'>"": [], ""<class 'abc.NT_0012'>"": [0, 0, 27606, 0, 0, 65962], ""<class 'abc.NT_0012_P_00000'>"": [], ""<class 'abc.NT_0012_P_00001'>"": [], ""<class 'abc.NT_0017_P_00002'>"": [], ""<class 'abc.NT_0013'>"": [], ""<class 'abc.NT_0013_P_00000'>"": [], ""<class 'abc.NT_0011'>"": [0, 94522], ""<class 'abc.NT_0011_P_00000'>"": [], ""<class 'abc.NT_0011_P_00001'>"": [], ""<class 'abc.NT_0011_P_00002'>"": [], ""<class 'abc.NT_0013_P_00001'>"": [], ""<class 'abc.NT_0013_P_00002'>"": [], ""<class 'abc.NT_0017_P_00003'>"": [], ""<class 'abc.NT_0016'>"": [0, 20070], ""<class 'abc.NT_0016_P_00000'>"": [], ""<class 'abc.NT_0016_P_00001'>"": [], ""<class 'abc.NT_0016_P_00002'>"": [], '$leftovers': [24694, 13707, 7777, 43103, 79112, 41937, 82055, 41802, 80929, 37572, 24235, 1002, 66268, 87311, 99058, 42897, 54099, 4751, 39061, 38658, 18856, 32793, 32020, 84694, 43326, 66351, 11593, 16559, 82179, 29701, 14785, 63931, 19995, 86098, 88506, 88906, 98218, 57143, 64899, 75531, 17691, 63845, 68413, 76826, 30524, 48607, 6718, 24768, 14247, 23842, 98884, 92372, 55279, 40315, 43705, 6728, 53868, 34432, 73753, 89438, 79733, 83929, 38685, 35410, 5343, 16823, 35888, 70000, 12879, 27426, 44726, 95438, 53746, 11554, 35563, 36846, 46156, 65002, 72433, 85297, 12477, 3511, 72425, 53166, 5796, 30717, 45518, 76561, 21526, 65748, 18017, 64172, 9175, 16724, 51276, 1749, 5687, 47923, 68260, 48548, 94393, 55323, 76604, 84009, 54574, 8798, 35733, 67233, 4198, 56844, 12629, 29196, 81671, 71295, 84963, 73193, 37662, 77918, 40265, 71387, 2776, 72056, 79890, 24380, 6524, 11920, 82004, 80554, 7771, 51485, 29874, 64851, 32118, 68660, 22646, 40503, 29950, 45632, 59339, 63591, 66553, 79195, 90039, 8891, 94412, 82595, 43578, 41060, 60184, 28053, 84947, 77614, 38864, 91374, 58545, 50015, 19960, 7381, 78763, 85070, 21507, 19025, 51930, 32629, 45143, 39756, 26052, 37388, 90108, 9391, 53674, 16962, 24269, 95106, 99931, 56381, 37781, 12365, 84199, 30949, 74271, 916, 85830, 97679, 18102, 478, 75886, 30302, 21977, 90537, 30063, 19357, 81788, 35261, 14719, 66114, 20921, 20240, 5992, 58367, 9680, 68600, 85141, 46379, 54808, 83564, 47005, 66549, 22371, 91024, 89979, 20226, 63714, 58641, 45142, 46907, 57602, 15144, 97990, 7439, 11158, 59469, 11328, 80659, 5962, 25695, 77537, 11892, 91592, 56748, 38581, 37353, 71743, 70419, 27563, 8343, 51963, 16605, 94638, 42057, 61173, 28541, 41743, 60295, 49767, 73628, 41163, 91833, 78182, 82565, 25215, 96862, 76058, 44249, 82715, 20979, 71376, 27708, 78050, 40085, 30494, 46076, 48158, 98017, 59418, 77712, 4502, 58514, 86759, 30136, 53692, 84446, 34409, 6828, 35370, 50950, 51945, 59877, 55822, 81173, 57512, 24080, 92189, 34559, 32530, 48867, 64932, 44, 85888, 8300, 92843, 6844, 39222, 76898, 88754, 22876, 38074, 43299, 88699, 81654, 61902, 89999, 13497, 66668, 7338, 74096, 38397, 11013, 98336, 40480, 33892, 63626, 49088, 71312, 23172, 10803, 62392, 24917, 67254, 58009, 81336, 59457, 73844, 95696, 6506, 27308, 70695, 56701, 13067, 41613, 72662, 53528, 75491, 42519, 81780, 31754, 13856, 88917, 96452, 41223, 89774, 10407, 31336, 50783, 20291, 5997, 7069, 31395, 24625, 6189, 56620, 24762, 84988, 68874, 85812, 41091, 24302, 77112, 35149, 22780, 53184, 18627, 57549, 17465, 63612, 87939, 6980, 60883, 29814, 87238, 14952, 60779, 86760, 61062, 30267, 24445, 56989, 27229, 82900, 90023, 57786, 63779, 40235, 86679, 51776, 22058, 63483, 39593, 41554, 8133, 95503, 6716, 25867, 90267, 22987, 39665, 98545, 93605, 1747, 78248, 27473, 33109, 26918, 82634, 51318, 80099, 73743, 12182, 94300, 46775, 25047, 68889, 10070, 18361, 65084, 37080, 70960, 83222, 67058, 98067, 22471, 67691, 59607, 67337, 8930, 21238, 46639, 45431, 43153, 96128, 24156, 80501, 82080, 49059, 2091, 12212, 52072, 31681, 90064, 42922, 12694, 63500, 88958, 85424, 60965, 55836, 88426, 54941, 94663, 65220, 71036, 49752, 17451, 53699, 9314, 14619, 3290, 44849, 90564, 91441, 62905, 40530, 5641, 37318, 36823, 31308, 19382, 62343, 86280, 16633, 47566, 15336, 77921, 88788, 50425, 20260, 79556, 59009, 60227, 87434, 40228, 88797, 25912, 98562, 76789, 91824, 52309, 10258, 50738, 95463, 77205, 93493, 68362, 24106, 95689, 49524, 69579, 66348, 75971, 22529, 74132, 89303, 37488, 5127, 63655, 17283, 25796, 52901, 73353, 59242, 58591, 76499, 46764, 96815, 56675, 19904, 86086, 9538, 16381, 25966, 48189, 47295, 50918, 3257, 56486, 10672, 45517, 6977, 66557, 24565, 14166, 47870, 73695, 59021, 61532, 83752, 51246, 6816, 65190, 71364, 98756, 25731, 84141, 78432, 21130, 69362, 52504, 59655, 73856, 97330, 50721, 19705, 54620, 16926, 96429, 24048, 73377, 67355, 15053, 17980, 70735, 35236, 75523, 91241, 23447, 72477, 51156, 95259, 88333, 29494, 67321, 52714, 62917, 99842, 65229, 6617, 44275, 88720, 37853, 8770, 63811, 7507, 89636, 17817, 1558, 85068, 79776, 73733, 11481, 89926, 56682, 49746, 9429, 50818, 45883, 58652, 12423, 26431, 60221, 95661, 73944, 68283, 51044, 69558, 68608, 65135, 29404, 17239, 5514, 47278, 63393, 94877, 23491, 47292, 6877, 19032, 65956, 9732, 97912, 1976, 37613, 34466, 61934, 57269, 53618, 5940, 93510, 52374, 85684, 22266, 86296, 60665, 10810, 9462, 494, 58482, 75247, 71566, 31620, 58819, 97731, 83116, 7767, 83623, 12444, 57312, 49834, 46402, 98377, 30435, 36116, 16443, 25589, 45312, 64514, 37426, 76200, 11178, 7488, 18610, 92099, 97566, 6854, 33656, 17686, 10866, 73697, 81050, 12312, 6505, 95303, 61521, 72092, 94259, 32683, 45746, 77187, 88803, 39457, 40047, 95729, 22380, 62708, 14355, 83408, 29714, 50213, 24600, 63055, 94787, 52488, 53820, 72502, 35142, 82539, 36201, 83535, 70150, 4544, 53013, 91532, 98794, 75749, 37723, 24569, 90322, 279, 84293, 85419, 53204, 7321, 22724, 95538, 85836, 2877, 93721, 73981, 40836, 90505, 94370, 88415, 37372, 69317, 25860, 4116, 35759, 84385, 33447, 84816, 12456, 31068, 57878, 18743, 27118, 55146, 45045, 76854, 36409, 49423, 25447, 28432, 61176, 34319, 67878, 7127, 41048, 27399, 57337, 84290, 2409, 69039, 23729, 7494, 36747, 48478, 38848, 42755, 293, 91046, 40498, 48156, 87860, 19957, 4960, 74844, 19836, 92291, 57801, 90081, 88664, 17768, 78881, 47919, 71822, 34413, 1930, 46778, 88873, 89253, 43012, 48581, 9353, 85645, 13891, 48249, 50115, 66199, 3386, 20854, 99932, 28051, 71692, 93909, 74084, 74671, 89896, 50523, 88742, 12398, 72247, 55742, 51721, 34827, 36846, 62982, 39419, 78439, 9343, 48468, 84544, 39864, 76167, 43812, 71247, 20757, 1762, 41180, 27413, 60564, 22669, 82173, 16704, 46485, 72310, 26823, 41298, 58642, 32787, 90874, 58140, 56784, 29999, 8759, 96835, 78050, 41544, 1255, 17455, 33878, 64547, 58966, 82332, 5215, 48306, 8922, 24655, 4697, 70882, 84900, 82562, 62735, 34434, 73303, 61588, 35094, 68503, 41162, 54916, 58190, 12626, 60530, 22534, 77445, 84110, 41705, 60129, 60275, 26541, 44213, 1777, 13370, 3088, 42025, 39125, 6806, 57675, 48434, 98242, 36838, 43086, 11553, 17088, 22108, 72325, 25128, 87991, 65587, 14862, 36451, 44287, 9734, 15759, 72468, 61485, 14174, 26892, 64268, 19975, 5444, 33247, 50382, 76845, 87224, 36256, 66890, 95968, 72639, 77038, 43204, 39754, 36312, 74369, 96758, 27679, 249, 98284, 44817, 61235, 55085, 9992, 27298, 25783, 69424, 39622, 26481, 58524, 35109, 38014, 50849, 43262, 70599, 1236, 29822, 19493, 40976, 26562, 7919, 16019, 11304, 44960, 68766, 47516, 55933, 93459, 51964, 80457, 87397, 77661, 10867, 13339, 38927, 67085, 83000, 91594, 70221, 32812, 41638, 39247, 63161, 56481, 85947, 619, 54521, 29223, 59027, 34890, 77305, 79995, 54866, 56578, 59831, 16991, 48800, 12168, 58544, 42596, 87951, 65721, 11198, 23052, 15984, 12347, 45822, 1513, 17129, 34479, 87885, 87506, 81928, 20343, 45290, 20189, 98974, 29926, 61725, 72592, 35725, 72251, 55074, 7660]})"
647.0,9,164,15,19.664156436920166,10696,"Genotype(dna={""<class 'abc.NT_0017'>"": [1, 23052], ""<class 'abc.NT_0017_P_00000'>"": [], ""<class 'abc.NT_0005'>"": [0, 0, 35544, 1, 0, 1, 0, 1, 1, 1513], ""<class 'abc.NT_0005_P_00000'>"": [], ""<class 'abc.NT_0005_P_00001'>"": [], ""<class 'bool'>"": [50833, 28611, 95173, 29798, 84996, 15299, 84608, 73218, 73704, 53577, 54127, 73580, 61648, 63455, 34182, 28379, 9832, 69766, 59719, 9321, 39372, 40559, 45589, 21512, 9991, 31131, 22379, 82972, 66879, 7070, 87492, 33083, 92916, 1233, 89415, 28350, 54741, 51276, 16414, 74832, 4355, 87209, 57305, 93042, 77737, 67903, 93745, 31960, 29422, 28659, 99170, 51647, 13273, 92051, 14178, 78998, 45259, 78698, 95977, 73146, 83753, 21951, 16043, 13772, 66730, 10736, 57934, 29081, 62948, 99869, 41968, 82469, 29718, 59471, 51253, 67704, 97811, 82022, 87389, 44948, 67283, 63422, 70186, 58801, 23472, 55104, 46787, 87700, 86179, 38104, 2384, 90063, 6576, 80132, 75180, 65605, 74894, 53809, 99733, 89043, 84198, 62780, 94716, 23035, 32450, 31489, 41399, 87765, 69122, 99723, 54018, 21587, 39572, 89999, 58379, 67238, 50112, 90146, 55533, 46837, 57815, 68681, 79206, 32534, 3130, 54432, 69605, 82887, 74526, 5911, 58400, 62789, 48833, 31474, 14530, 39368, 40140, 19876, 33772, 86631, 58194, 70508], ""<class 'int'>"": [88091, 54758, 80960, 4147, 58985, 98835, 33177, 12380, 43928, 18156, 46293, 82997, 26546, 21931, 20632, 91665, 69275, 46303, 61738, 80613, 63967, 92163, 79154, 79668, 18313, 6071, 50712, 91463, 54716, 33220, 52575, 78591, 28324, 24851, 385, 86434, 6594, 95864, 4088, 31907, 5028, 70908, 60125, 88976, 64506, 45119, 63026, 18677, 76141, 62129, 40973, 74468, 90479, 50241, 61828, 14495, 64587, 47259, 69389, 59226, 21182, 99643, 3451, 67066, 55205, 22485, 89443, 19030, 10288, 23574, 78426, 55280, 17305, 68878, 94325, 9074, 35370, 56456, 95300, 73961, 59051, 835, 21640, 2744, 30054, 96306, 55542, 57066, 65643, 97962, 97088, 62680, 24967, 56005, 85155, 81002, 48234, 28842, 92105, 38714, 65511, 82476, 73240, 25988, 68682, 4749, 1059, 85277, 54664, 55169, 72830, 29209, 32377, 56597, 43815, 46740, 16019, 36704, 91606, 3697, 42934, 87720, 75207, 56054, 59737, 79252, 96186, 60558, 8582, 3209, 7798, 18736, 20655, 95860, 60671, 36386, 88318, 80757, 49888, 58523, 36742, 48071, 76427, 91397, 47115, 74907, 19807, 19166, 48854, 4778, 9526, 30084, 70329, 29929, 24152, 98179, 6661, 59360, 47157, 52018, 24734, 716, 46264, 89982, 86072, 78100, 64619, 77321], ""<class 'abc.NT_0010'>"": [0, 0, 1, 12347], ""<class 'abc.NT_0010_P_00000'>"": [], ""<class 'abc.NT_0006'>"": [2, 2, 0, 1, 1302, 1892], ""<class 'abc.NT_0006_P_00000'>"": [], ""<class 'abc.NT_0006_P_00001'>"": [], ""<class 'abc.NT_0002'>"": [1, 1, 2, 1, 1, 1, 1, 0, 2, 1, 1, 0, 2, 0, 1, 0, 2, 1, 53720, 1, 0, 0, 69722, 1, 8713, 0, 0, 2, 0, 0, 0, 2, 1, 64800, 99864], ""<class 'abc.NT_0002_P_00000'>"": [], ""<class 'abc.NT_0001'>"": [1, 1, 1, 0, 0, 0, 0, 1, 1, 1, 1, 0, 1, 16227, 1, 1, 1, 1, 0, 0, 0, 0, 0, 0, 0, 0, 1, 40887, 0, 0, 0, 0, 0, 0, 0, 0, 0, 1, 0, 0, 0, 0, 76558, 0, 0, 0, 1, 0, 0, 0, 1, 1, 1, 0, 1, 0, 0, 45290], ""<class 'abc.NT_0001_P_00000'>"": [], ""<class 'abc.NT_0001_P_00001'>"": [], ""<class 'abc.NT_0000'>"": [0, 1, 1, 94528, 1, 0, 1, 1, 31647, 1, 1, 80324, 0, 0, 9678, 1, 0, 1, 0, 0, 0, 1, 0, 0, 0, 1, 1, 0, 1, 1, 1, 0, 42401, 0, 0, 0, 0, 0, 1, 1, 0, 1, 1, 0, 0, 0, 0, 1, 5444, 3614, 1, 0, 0, 0, 0, 0, 71485, 1, 0, 0, 0, 0, 1, 20343], ""<class 'abc.NT_0000_P_00000'>"": [], ""<class 'abc.NT_0000_P_00001'>"": [], ""<class 'abc.NT_0002_P_00001'>"": [], ""<class 'abc.NT_0002_P_00002'>"": [], ""<class 'abc.NT_0006_P_00002'>"": [], ""<class 'abc.NT_0007'>"": [1, 0, 1, 2, 87885, 72251, 55074], ""<class 'abc.NT_0007_P_00000'>"": [], ""<class 'abc.NT_0007_P_00001'>"": [], ""<class 'abc.NT_0007_P_00002'>"": [], ""<class 'abc.NT_0004'>"": [1, 1, 77639, 2, 1, 2, 63194, 90154], ""<class 'abc.NT_0004_P_00000'>"": [], ""<class 'abc.NT_0003'>"": [10039, 1, 0, 1, 98974, 61725, 72592, 35725, 7660], ""<class 'abc.NT_0003_P_00000'>"": [], ""<class 'abc.NT_0003_P_00001'>"": [], ""<class 'abc.NT_0003_P_00002'>"": [], ""<class 'abc.NT_0003_P_00003'>"": [], ""<class 'abc.NT_0004_P_00001'>"": [], ""<class 'abc.NT_0004_P_00002'>"": [], ""<class 'abc.NT_0009'>"": [3, 0, 1, 1, 0, 45822], ""<class 'abc.NT_0009_P_00000'>"": [], ""<class 'abc.NT_0008'>"": [69105, 0, 24563, 0, 0, 0, 17129], ""<class 'abc.NT_0008_P_00000'>"": [], ""<class 'abc.NT_0009_P_00001'>"": [], ""<class 'abc.NT_0009_P_00002'>"": [], ""<class 'abc.NT_0009_P_00003'>"": [], ""<class 'abc.NT_0010_P_00001'>"": [], ""<class 'abc.NT_0010_P_00002'>"": [], ""<class 'abc.NT_0017_P_00001'>"": [], ""<class 'abc.NT_0012'>"": [0, 0, 27606, 0, 0, 65962], ""<class 'abc.NT_0012_P_00000'>"": [], ""<class 'abc.NT_0012_P_00001'>"": [], ""<class 'abc.NT_0017_P_00002'>"": [], ""<class 'abc.NT_0013'>"": [], ""<class 'abc.NT_0013_P_00000'>"": [], ""<class 'abc.NT_0011'>"": [0, 94522], ""<class 'abc.NT_0011_P_00000'>"": [], ""<class 'abc.NT_0011_P_00001'>"": [], ""<class 'abc.NT_0011_P_00002'>"": [], ""<class 'abc.NT_0013_P_00001'>"": [], ""<class 'abc.NT_0013_P_00002'>"": [], ""<class 'abc.NT_0017_P_00003'>"": [], ""<class 'abc.NT_0016'>"": [0, 20070], ""<class 'abc.NT_0016_P_00000'>"": [], ""<class 'abc.NT_0016_P_00001'>"": [], ""<class 'abc.NT_0016_P_00002'>"": [], '$leftovers': [24694, 13707, 7777, 43103, 79112, 41937, 82055, 41802, 80929, 37572, 24235, 1002, 66268, 87311, 99058, 42897, 54099, 4751, 39061, 38658, 18856, 32793, 32020, 84694, 43326, 66351, 11593, 16559, 82179, 29701, 14785, 63931, 19995, 86098, 88506, 88906, 98218, 57143, 64899, 75531, 17691, 63845, 68413, 76826, 30524, 48607, 6718, 24768, 14247, 23842, 98884, 92372, 55279, 40315, 43705, 6728, 53868, 34432, 73753, 89438, 79733, 83929, 38685, 35410, 5343, 16823, 35888, 70000, 12879, 27426, 44726, 95438, 53746, 11554, 35563, 36846, 46156, 65002, 72433, 85297, 12477, 3511, 72425, 53166, 5796, 30717, 45518, 76561, 21526, 65748, 18017, 64172, 9175, 16724, 51276, 1749, 5687, 47923, 68260, 48548, 94393, 55323, 76604, 84009, 54574, 8798, 35733, 67233, 4198, 56844, 12629, 29196, 81671, 71295, 84963, 73193, 37662, 77918, 40265, 71387, 2776, 72056, 79890, 24380, 6524, 11920, 82004, 80554, 7771, 51485, 29874, 64851, 32118, 68660, 22646, 40503, 29950, 45632, 59339, 63591, 66553, 79195, 90039, 8891, 94412, 82595, 43578, 41060, 60184, 28053, 84947, 77614, 38864, 91374, 58545, 50015, 19960, 7381, 78763, 85070, 21507, 19025, 51930, 32629, 45143, 39756, 26052, 37388, 90108, 9391, 53674, 16962, 24269, 95106, 99931, 56381, 37781, 12365, 84199, 30949, 74271, 916, 85830, 97679, 18102, 478, 75886, 30302, 21977, 90537, 30063, 19357, 81788, 35261, 14719, 66114, 20921, 20240, 5992, 58367, 9680, 68600, 85141, 46379, 54808, 83564, 47005, 66549, 22371, 91024, 89979, 20226, 63714, 58641, 45142, 46907, 57602, 15144, 97990, 7439, 11158, 59469, 11328, 80659, 5962, 25695, 77537, 11892, 91592, 56748, 38581, 37353, 71743, 70419, 27563, 8343, 51963, 16605, 94638, 42057, 61173, 28541, 41743, 60295, 49767, 73628, 41163, 91833, 78182, 82565, 25215, 96862, 76058, 44249, 82715, 20979, 71376, 27708, 78050, 40085, 30494, 46076, 48158, 98017, 59418, 77712, 4502, 58514, 86759, 30136, 53692, 84446, 34409, 6828, 35370, 50950, 51945, 59877, 55822, 81173, 57512, 24080, 92189, 34559, 32530, 48867, 64932, 44, 85888, 8300, 92843, 6844, 39222, 76898, 88754, 22876, 38074, 43299, 88699, 81654, 61902, 89999, 13497, 66668, 7338, 74096, 38397, 11013, 98336, 40480, 33892, 63626, 49088, 71312, 23172, 10803, 62392, 24917, 67254, 58009, 81336, 59457, 73844, 95696, 6506, 27308, 70695, 56701, 13067, 41613, 72662, 53528, 75491, 42519, 81780, 31754, 13856, 88917, 96452, 41223, 89774, 10407, 31336, 50783, 20291, 5997, 7069, 31395, 24625, 6189, 56620, 24762, 84988, 68874, 85812, 41091, 24302, 77112, 35149, 22780, 53184, 18627, 57549, 17465, 63612, 87939, 6980, 60883, 29814, 87238, 14952, 60779, 86760, 61062, 30267, 24445, 56989, 27229, 82900, 90023, 57786, 63779, 40235, 86679, 51776, 22058, 63483, 39593, 41554, 8133, 95503, 6716, 25867, 90267, 22987, 39665, 98545, 93605, 1747, 78248, 27473, 33109, 26918, 82634, 51318, 80099, 73743, 12182, 94300, 46775, 25047, 68889, 10070, 18361, 65084, 37080, 70960, 83222, 67058, 98067, 22471, 67691, 59607, 67337, 8930, 21238, 46639, 45431, 43153, 96128, 24156, 80501, 82080, 49059, 2091, 12212, 52072, 31681, 90064, 42922, 12694, 63500, 88958, 85424, 60965, 55836, 88426, 54941, 94663, 65220, 71036, 49752, 17451, 53699, 9314, 14619, 3290, 44849, 90564, 91441, 62905, 40530, 5641, 37318, 36823, 31308, 19382, 62343, 86280, 16633, 47566, 15336, 77921, 88788, 50425, 20260, 79556, 59009, 60227, 87434, 40228, 88797, 25912, 98562, 76789, 91824, 52309, 10258, 50738, 95463, 77205, 93493, 68362, 24106, 95689, 49524, 69579, 66348, 75971, 22529, 74132, 89303, 37488, 5127, 63655, 17283, 25796, 52901, 73353, 59242, 58591, 76499, 46764, 96815, 56675, 19904, 86086, 9538, 16381, 25966, 48189, 47295, 50918, 3257, 56486, 10672, 45517, 6977, 66557, 24565, 14166, 47870, 73695, 59021, 61532, 83752, 51246, 6816, 65190, 71364, 98756, 25731, 84141, 78432, 21130, 69362, 52504, 59655, 73856, 97330, 50721, 19705, 54620, 16926, 96429, 24048, 73377, 67355, 15053, 17980, 70735, 35236, 75523, 91241, 23447, 72477, 51156, 95259, 88333, 29494, 67321, 52714, 62917, 99842, 65229, 6617, 44275, 88720, 37853, 8770, 63811, 7507, 89636, 17817, 1558, 85068, 79776, 73733, 11481, 89926, 56682, 49746, 9429, 50818, 45883, 58652, 12423, 26431, 60221, 95661, 73944, 68283, 51044, 69558, 68608, 65135, 29404, 17239, 5514, 47278, 63393, 94877, 23491, 47292, 6877, 19032, 65956, 9732, 97912, 1976, 37613, 34466, 61934, 57269, 53618, 5940, 93510, 52374, 85684, 22266, 86296, 60665, 10810, 9462, 494, 58482, 75247, 71566, 31620, 58819, 97731, 83116, 7767, 83623, 12444, 57312, 49834, 46402, 98377, 30435, 36116, 16443, 25589, 45312, 64514, 37426, 76200, 11178, 7488, 18610, 92099, 97566, 6854, 33656, 17686, 10866, 73697, 81050, 12312, 6505, 95303, 61521, 72092, 94259, 32683, 45746, 77187, 88803, 39457, 40047, 95729, 22380, 62708, 14355, 83408, 29714, 50213, 24600, 63055, 94787, 52488, 53820, 72502, 35142, 82539, 36201, 83535, 70150, 4544, 53013, 91532, 98794, 75749, 37723, 24569, 90322, 279, 84293, 85419, 53204, 7321, 22724, 95538, 85836, 2877, 93721, 73981, 40836, 90505, 94370, 88415, 37372, 69317, 25860, 4116, 35759, 84385, 33447, 84816, 12456, 31068, 57878, 18743, 27118, 55146, 45045, 76854, 36409, 49423, 25447, 28432, 61176, 34319, 67878, 7127, 41048, 27399, 57337, 84290, 2409, 69039, 23729, 7494, 36747, 48478, 38848, 42755, 293, 91046, 40498, 48156, 87860, 19957, 4960, 74844, 19836, 92291, 57801, 90081, 88664, 17768, 78881, 47919, 71822, 34413, 1930, 46778, 88873, 89253, 43012, 48581, 9353, 85645, 13891, 48249, 50115, 66199, 3386, 20854, 99932, 28051, 71692, 93909, 74084, 74671, 89896, 50523, 88742, 12398, 72247, 55742, 51721, 34827, 36846, 62982, 39419, 78439, 9343, 48468, 84544, 39864, 76167, 43812, 71247, 20757, 1762, 41180, 27413, 60564, 22669, 82173, 16704, 46485, 72310, 26823, 41298, 58642, 32787, 90874, 58140, 56784, 29999, 8759, 96835, 78050, 41544, 1255, 17455, 33878, 64547, 58966, 82332, 5215, 48306, 8922, 24655, 4697, 70882, 84900, 82562, 62735, 34434, 73303, 61588, 35094, 68503, 41162, 54916, 58190, 12626, 60530, 22534, 77445, 84110, 41705, 60129, 60275, 26541, 44213, 1777, 13370, 3088, 42025, 39125, 6806, 57675, 48434, 98242, 36838, 43086, 11553, 17088, 22108, 72325, 25128, 87991, 65587, 14862, 36451, 44287, 9734, 15759, 72468, 61485, 14174, 26892, 64268, 19975, 5444, 33247, 50382, 76845, 87224, 36256, 66890, 95968, 72639, 77038, 43204, 39754, 36312, 74369, 96758, 27679, 249, 98284, 44817, 61235, 55085, 9992, 27298, 25783, 69424, 39622, 26481, 58524, 35109, 38014, 50849, 43262, 70599, 1236, 29822, 19493, 40976, 26562, 7919, 16019, 11304, 44960, 68766, 47516, 55933, 93459, 51964, 80457, 87397, 77661, 10867, 13339, 38927, 67085, 83000, 91594, 70221, 32812, 41638, 39247, 63161, 56481, 85947, 619, 54521, 29223, 59027, 34890, 77305, 79995, 54866, 56578, 59831, 16991, 48800, 12168, 58544, 42596, 87951, 65721, 11198, 23052, 15984, 12347, 45822, 1513, 17129, 34479, 87885, 87506, 81928, 20343, 45290, 20189, 98974, 29926, 61725, 72592, 35725, 72251, 55074, 7660]})"
607.0,9,164,16,20.5986111164093,10696,"Genotype(dna={""<class 'abc.NT_0017'>"": [1, 23052], ""<class 'abc.NT_0017_P_00000'>"": [], ""<class 'abc.NT_0005'>"": [0, 0, 35544, 1, 0, 1, 0, 1, 1, 1513], ""<class 'abc.NT_0005_P_00000'>"": [], ""<class 'abc.NT_0005_P_00001'>"": [], ""<class 'bool'>"": [50833, 28611, 95173, 29798, 84996, 15299, 84608, 73218, 73704, 53577, 54127, 73580, 61648, 63455, 73465, 28379, 9832, 69766, 59719, 9321, 39372, 40559, 45589, 21512, 9991, 31131, 22379, 82972, 66879, 7070, 87492, 33083, 92916, 1233, 89415, 28350, 54741, 51276, 16414, 74832, 4355, 87209, 57305, 93042, 93227, 67903, 93745, 31960, 29422, 28659, 99170, 51647, 13273, 92051, 14178, 78998, 45259, 78698, 95977, 73146, 83753, 21951, 16043, 13772, 66730, 10736, 57934, 29081, 62948, 99869, 41968, 82469, 29718, 59471, 51253, 67704, 97811, 82022, 87389, 44948, 67283, 63422, 70186, 58801, 23472, 55104, 46787, 87700, 86179, 38104, 2384, 90063, 6576, 80132, 75180, 65605, 74894, 53809, 99733, 89043, 84198, 62780, 55017, 23035, 32450, 31489, 41399, 87765, 69122, 99723, 54018, 21587, 39572, 89999, 58379, 67238, 50112, 90146, 55533, 46837, 80791, 66182, 79206, 32534, 3130, 54432, 69605, 82887, 74526, 53694, 58400, 62789, 48833, 31474, 14530, 39368, 40140, 85692, 33772, 86631, 61181, 70508], ""<class 'int'>"": [33268, 54758, 80960, 4147, 2824, 98835, 33177, 12380, 43928, 18156, 46293, 96367, 26546, 21931, 20632, 91665, 69275, 46303, 61738, 80613, 63967, 15720, 79154, 79668, 18313, 6071, 50712, 91463, 54716, 33220, 52575, 78591, 28324, 24851, 385, 86434, 6594, 95864, 53518, 66556, 5028, 70908, 60125, 88976, 64506, 45119, 63026, 18677, 76141, 62129, 40973, 74468, 9105, 50241, 61828, 14495, 64587, 47259, 69389, 59226, 21182, 99643, 3451, 67066, 55205, 22485, 89443, 19030, 3352, 23574, 78426, 32895, 17305, 68878, 94325, 9074, 35370, 56456, 95300, 73961, 59051, 835, 21640, 2744, 30054, 96306, 55542, 57066, 24217, 97962, 97088, 62680, 24967, 56005, 85155, 81002, 48234, 28842, 92105, 38714, 65511, 82476, 73240, 25988, 68682, 4749, 1059, 85277, 54664, 55169, 72830, 29209, 32377, 56597, 43815, 46740, 16019, 36704, 91606, 3697, 42934, 87720, 75207, 56054, 59737, 79252, 96186, 60558, 8582, 3209, 7798, 18736, 20655, 95860, 60671, 36386, 88318, 80757, 49888, 58523, 36742, 48071, 76427, 91397, 47115, 74907, 19807, 19166, 48854, 4778, 9526, 30084, 70329, 29929, 24152, 98179, 6661, 59360, 47157, 52018, 24734, 716, 46264, 89982, 86072, 78100, 64619, 77321], ""<class 'abc.NT_0010'>"": [0, 0, 1, 53054], ""<class 'abc.NT_0010_P_00000'>"": [], ""<class 'abc.NT_0006'>"": [2, 2, 0, 1, 1302, 1892], ""<class 'abc.NT_0006_P_00000'>"": [], ""<class 'abc.NT_0006_P_00001'>"": [], ""<class 'abc.NT_0002'>"": [1, 1, 2, 1, 1, 1, 1, 0, 2, 1, 1, 0, 2, 0, 1, 0, 2, 1, 53720, 1, 0, 0, 69722, 1, 8713, 0, 0, 2, 0, 0, 0, 2, 1, 64800, 99864], ""<class 'abc.NT_0002_P_00000'>"": [], ""<class 'abc.NT_0001'>"": [1, 1, 1, 0, 0, 0, 0, 1, 1, 1, 1, 0, 1, 16227, 1, 1, 1, 1, 0, 0, 10290, 0, 0, 0, 0, 0, 1, 40887, 0, 0, 0, 0, 0, 0, 0, 0, 0, 1, 0, 0, 0, 0, 76558, 0, 0, 0, 1, 0, 0, 26591, 1, 1, 1, 0, 1, 0, 0, 45290], ""<class 'abc.NT_0001_P_00000'>"": [], ""<class 'abc.NT_0001_P_00001'>"": [], ""<class 'abc.NT_0000'>"": [0, 1, 1, 94528, 1, 0, 1, 1, 31647, 1, 1, 80324, 0, 0, 75412, 1, 69944, 1, 0, 0, 0, 1, 0, 0, 0, 1, 1, 0, 1, 3483, 1, 0, 42401, 0, 0, 0, 0, 54668, 66557, 1, 0, 1, 1, 0, 0, 21028, 54540, 1, 5444, 3614, 1, 0, 0, 0, 0, 0, 71485, 1, 0, 0, 0, 0, 1, 20343], ""<class 'abc.NT_0000_P_00000'>"": [], ""<class 'abc.NT_0000_P_00001'>"": [], ""<class 'abc.NT_0002_P_00001'>"": [], ""<class 'abc.NT_0002_P_00002'>"": [], ""<class 'abc.NT_0006_P_00002'>"": [], ""<class 'abc.NT_0007'>"": [1, 0, 1, 2, 87885, 72251, 55074], ""<class 'abc.NT_0007_P_00000'>"": [], ""<class 'abc.NT_0007_P_00001'>"": [], ""<class 'abc.NT_0007_P_00002'>"": [], ""<class 'abc.NT_0004'>"": [1, 93502, 77639, 2, 1, 2, 63194, 90154], ""<class 'abc.NT_0004_P_00000'>"": [], ""<class 'abc.NT_0003'>"": [10039, 1, 0, 1, 98974, 61725, 72592, 35725, 7660], ""<class 'abc.NT_0003_P_00000'>"": [], ""<class 'abc.NT_0003_P_00001'>"": [], ""<class 'abc.NT_0003_P_00002'>"": [], ""<class 'abc.NT_0003_P_00003'>"": [], ""<class 'abc.NT_0004_P_00001'>"": [], ""<class 'abc.NT_0004_P_00002'>"": [], ""<class 'abc.NT_0009'>"": [3, 0, 1, 1, 0, 45822], ""<class 'abc.NT_0009_P_00000'>"": [], ""<class 'abc.NT_0008'>"": [69105, 0, 24563, 0, 0, 0, 82243], ""<class 'abc.NT_0008_P_00000'>"": [], ""<class 'abc.NT_0009_P_00001'>"": [], ""<class 'abc.NT_0009_P_00002'>"": [], ""<class 'abc.NT_0009_P_00003'>"": [], ""<class 'abc.NT_0010_P_00001'>"": [], ""<class 'abc.NT_0010_P_00002'>"": [], ""<class 'abc.NT_0017_P_00001'>"": [], ""<class 'abc.NT_0012'>"": [0, 0, 27606, 0, 0, 65962], ""<class 'abc.NT_0012_P_00000'>"": [], ""<class 'abc.NT_0012_P_00001'>"": [], ""<class 'abc.NT_0017_P_00002'>"": [], ""<class 'abc.NT_0013'>"": [], ""<class 'abc.NT_0013_P_00000'>"": [], ""<class 'abc.NT_0011'>"": [0, 94522], ""<class 'abc.NT_0011_P_00000'>"": [], ""<class 'abc.NT_0011_P_00001'>"": [], ""<class 'abc.NT_0011_P_00002'>"": [], ""<class 'abc.NT_0013_P_00001'>"": [], ""<class 'abc.NT_0013_P_00002'>"": [], ""<class 'abc.NT_0017_P_00003'>"": [], ""<class 'abc.NT_0016'>"": [0, 20070], ""<class 'abc.NT_0016_P_00000'>"": [], ""<class 'abc.NT_0016_P_00001'>"": [], ""<class 'abc.NT_0016_P_00002'>"": [], '$leftovers': [24694, 13707, 7777, 43103, 79112, 41937, 82055, 41802, 80929, 37572, 24235, 1002, 66268, 87311, 99058, 42897, 54099, 4751, 39061, 38658, 18856, 32793, 32020, 84694, 43326, 66351, 11593, 16559, 82179, 29701, 14785, 63931, 19995, 86098, 88506, 88906, 98218, 57143, 64899, 75531, 17691, 63845, 68413, 76826, 30524, 48607, 6718, 24768, 14247, 23842, 98884, 92372, 55279, 40315, 43705, 6728, 53868, 34432, 73753, 89438, 79733, 83929, 38685, 35410, 5343, 16823, 35888, 70000, 12879, 27426, 44726, 95438, 53746, 11554, 35563, 36846, 46156, 65002, 72433, 85297, 12477, 3511, 72425, 53166, 5796, 30717, 45518, 76561, 21526, 65748, 18017, 64172, 9175, 16724, 51276, 1749, 5687, 47923, 68260, 48548, 94393, 55323, 76604, 84009, 54574, 8798, 35733, 67233, 4198, 56844, 12629, 29196, 81671, 71295, 84963, 73193, 37662, 77918, 40265, 71387, 2776, 72056, 79890, 24380, 6524, 11920, 82004, 80554, 7771, 51485, 29874, 64851, 32118, 68660, 22646, 40503, 29950, 45632, 59339, 63591, 66553, 79195, 90039, 8891, 94412, 82595, 43578, 41060, 60184, 28053, 84947, 77614, 38864, 91374, 58545, 50015, 19960, 7381, 78763, 85070, 21507, 19025, 51930, 32629, 45143, 39756, 26052, 37388, 90108, 9391, 53674, 16962, 24269, 95106, 99931, 56381, 37781, 12365, 84199, 30949, 74271, 916, 85830, 97679, 18102, 478, 75886, 30302, 21977, 90537, 30063, 19357, 81788, 35261, 14719, 66114, 20921, 20240, 5992, 58367, 9680, 68600, 85141, 46379, 54808, 83564, 47005, 66549, 22371, 91024, 89979, 20226, 63714, 58641, 45142, 46907, 57602, 15144, 97990, 7439, 11158, 59469, 11328, 80659, 5962, 25695, 77537, 11892, 91592, 56748, 38581, 37353, 71743, 70419, 27563, 8343, 51963, 16605, 94638, 42057, 61173, 28541, 41743, 60295, 49767, 73628, 41163, 91833, 78182, 82565, 25215, 96862, 76058, 44249, 82715, 20979, 71376, 27708, 78050, 40085, 30494, 46076, 48158, 98017, 59418, 77712, 4502, 58514, 86759, 30136, 53692, 84446, 34409, 6828, 35370, 50950, 51945, 59877, 55822, 81173, 57512, 24080, 92189, 34559, 32530, 48867, 64932, 44, 85888, 8300, 92843, 6844, 39222, 76898, 88754, 22876, 38074, 43299, 88699, 81654, 61902, 89999, 13497, 66668, 7338, 74096, 38397, 11013, 98336, 40480, 33892, 63626, 49088, 71312, 23172, 10803, 62392, 24917, 67254, 58009, 81336, 59457, 73844, 95696, 6506, 27308, 70695, 56701, 13067, 41613, 72662, 53528, 75491, 42519, 81780, 31754, 13856, 88917, 96452, 41223, 89774, 10407, 31336, 50783, 20291, 5997, 7069, 31395, 24625, 6189, 56620, 24762, 84988, 68874, 85812, 41091, 24302, 77112, 35149, 22780, 53184, 18627, 57549, 17465, 63612, 87939, 6980, 60883, 29814, 87238, 14952, 60779, 86760, 61062, 30267, 24445, 56989, 27229, 82900, 90023, 57786, 63779, 40235, 86679, 51776, 22058, 63483, 39593, 41554, 8133, 95503, 6716, 25867, 90267, 22987, 39665, 98545, 93605, 1747, 78248, 27473, 33109, 26918, 82634, 51318, 80099, 73743, 12182, 94300, 46775, 25047, 68889, 10070, 18361, 65084, 37080, 70960, 83222, 67058, 98067, 22471, 67691, 59607, 67337, 8930, 21238, 46639, 45431, 43153, 96128, 24156, 80501, 82080, 49059, 2091, 12212, 52072, 31681, 90064, 42922, 12694, 63500, 88958, 85424, 60965, 55836, 88426, 54941, 94663, 65220, 71036, 49752, 17451, 53699, 9314, 14619, 3290, 44849, 90564, 91441, 62905, 40530, 5641, 37318, 36823, 31308, 19382, 62343, 86280, 16633, 47566, 15336, 77921, 88788, 50425, 20260, 79556, 59009, 60227, 87434, 40228, 88797, 25912, 98562, 76789, 91824, 52309, 10258, 50738, 95463, 77205, 93493, 68362, 24106, 95689, 49524, 69579, 66348, 75971, 22529, 74132, 89303, 37488, 5127, 63655, 17283, 25796, 52901, 73353, 59242, 58591, 76499, 46764, 96815, 56675, 19904, 86086, 9538, 16381, 25966, 48189, 47295, 50918, 3257, 56486, 10672, 45517, 6977, 66557, 24565, 14166, 47870, 73695, 59021, 61532, 83752, 51246, 6816, 65190, 71364, 98756, 25731, 84141, 78432, 21130, 69362, 52504, 59655, 73856, 97330, 50721, 19705, 54620, 16926, 96429, 24048, 73377, 67355, 15053, 17980, 70735, 35236, 75523, 91241, 23447, 72477, 51156, 95259, 88333, 29494, 67321, 52714, 62917, 99842, 65229, 6617, 44275, 88720, 37853, 8770, 63811, 7507, 89636, 17817, 1558, 85068, 79776, 73733, 11481, 89926, 56682, 49746, 9429, 50818, 45883, 58652, 12423, 26431, 60221, 95661, 73944, 68283, 51044, 69558, 68608, 65135, 29404, 17239, 5514, 47278, 63393, 94877, 23491, 47292, 6877, 19032, 65956, 9732, 97912, 1976, 37613, 34466, 61934, 57269, 53618, 5940, 93510, 52374, 85684, 22266, 86296, 60665, 10810, 9462, 494, 58482, 75247, 71566, 31620, 58819, 97731, 83116, 7767, 83623, 12444, 57312, 49834, 46402, 98377, 30435, 36116, 16443, 25589, 45312, 64514, 37426, 76200, 11178, 7488, 18610, 92099, 97566, 6854, 33656, 17686, 10866, 73697, 81050, 12312, 6505, 95303, 61521, 72092, 94259, 32683, 45746, 77187, 88803, 39457, 40047, 95729, 22380, 62708, 14355, 83408, 29714, 50213, 24600, 63055, 94787, 52488, 53820, 72502, 35142, 82539, 36201, 83535, 70150, 4544, 53013, 91532, 98794, 75749, 37723, 24569, 90322, 279, 84293, 85419, 53204, 7321, 22724, 95538, 85836, 2877, 93721, 73981, 40836, 90505, 94370, 88415, 37372, 69317, 25860, 4116, 35759, 84385, 33447, 84816, 12456, 31068, 57878, 18743, 27118, 55146, 45045, 76854, 36409, 49423, 25447, 28432, 61176, 34319, 67878, 7127, 41048, 27399, 57337, 84290, 2409, 69039, 23729, 7494, 36747, 48478, 38848, 42755, 293, 91046, 40498, 48156, 87860, 19957, 4960, 74844, 19836, 92291, 57801, 90081, 88664, 17768, 78881, 47919, 71822, 34413, 1930, 46778, 88873, 89253, 43012, 48581, 9353, 85645, 13891, 48249, 50115, 66199, 3386, 20854, 99932, 28051, 71692, 93909, 74084, 74671, 89896, 50523, 88742, 12398, 72247, 55742, 51721, 34827, 36846, 62982, 39419, 78439, 9343, 48468, 84544, 39864, 76167, 43812, 71247, 20757, 1762, 41180, 27413, 60564, 22669, 82173, 16704, 46485, 72310, 26823, 41298, 58642, 32787, 90874, 58140, 56784, 29999, 8759, 96835, 78050, 41544, 1255, 17455, 33878, 64547, 58966, 82332, 5215, 48306, 8922, 24655, 4697, 70882, 84900, 82562, 62735, 34434, 73303, 61588, 35094, 68503, 41162, 54916, 58190, 12626, 60530, 22534, 77445, 84110, 41705, 60129, 60275, 26541, 44213, 1777, 13370, 3088, 42025, 39125, 6806, 57675, 48434, 98242, 36838, 43086, 11553, 17088, 22108, 72325, 25128, 87991, 65587, 14862, 36451, 44287, 9734, 15759, 72468, 61485, 14174, 26892, 64268, 19975, 5444, 33247, 50382, 76845, 87224, 36256, 66890, 95968, 72639, 77038, 43204, 39754, 36312, 74369, 96758, 27679, 249, 98284, 44817, 61235, 55085, 9992, 27298, 25783, 69424, 39622, 26481, 58524, 35109, 38014, 50849, 43262, 70599, 1236, 29822, 19493, 40976, 26562, 7919, 16019, 11304, 44960, 68766, 47516, 55933, 93459, 51964, 80457, 87397, 77661, 10867, 13339, 38927, 67085, 83000, 91594, 70221, 32812, 41638, 39247, 63161, 56481, 85947, 619, 54521, 29223, 59027, 34890, 77305, 79995, 54866, 56578, 59831, 16991, 48800, 12168, 58544, 42596, 87951, 65721, 11198, 23052, 15984, 12347, 45822, 1513, 17129, 34479, 87885, 87506, 81928, 20343, 45290, 20189, 98974, 29926, 61725, 72592, 35725, 72251, 55074, 7660]})"
571.0,9,164,17,21.68570566177368,10696,"Genotype(dna={""<class 'abc.NT_0017'>"": [1, 23052], ""<class 'abc.NT_0017_P_00000'>"": [], ""<class 'abc.NT_0005'>"": [0, 0, 35544, 1, 0, 1, 0, 1, 1, 1513], ""<class 'abc.NT_0005_P_00000'>"": [], ""<class 'abc.NT_0005_P_00001'>"": [], ""<class 'bool'>"": [50833, 28611, 95173, 29798, 84996, 15299, 84608, 73218, 73704, 53577, 54127, 73580, 61648, 63455, 73465, 28379, 9832, 69766, 59719, 9321, 39372, 40559, 45589, 21512, 9991, 31131, 22379, 82972, 66879, 7070, 87492, 33083, 92916, 1233, 89415, 28350, 54741, 51276, 16414, 74832, 4355, 87209, 57305, 93042, 93227, 67903, 93745, 31960, 29422, 28659, 99170, 51647, 13273, 92051, 14178, 78998, 45259, 78698, 95977, 73146, 83753, 21951, 16043, 13772, 66730, 10736, 57934, 29081, 62948, 99869, 41968, 82469, 29718, 59471, 51253, 67704, 97811, 82022, 87389, 44948, 67283, 63422, 70186, 58801, 23472, 55104, 46787, 87700, 86179, 38104, 2384, 90063, 6576, 80132, 75180, 65605, 74894, 53809, 99733, 89043, 84198, 62780, 55017, 23035, 32450, 31489, 41399, 87765, 69122, 99723, 54018, 21587, 39572, 89999, 58379, 67238, 50112, 90146, 55533, 46837, 80791, 66182, 79206, 32534, 3130, 54432, 69605, 82887, 74526, 53694, 58400, 62789, 48833, 31474, 14530, 39368, 40140, 85692, 33772, 86631, 61181, 70508], ""<class 'int'>"": [88091, 54758, 80960, 4147, 58985, 98835, 33177, 12380, 43928, 18156, 46293, 82997, 26546, 21931, 20632, 91665, 69275, 46303, 61738, 80613, 63967, 92163, 79154, 79668, 18313, 6071, 50712, 91463, 54716, 33220, 52575, 78591, 28324, 24851, 385, 86434, 6594, 95864, 4088, 31907, 5028, 70908, 60125, 88976, 64506, 45119, 63026, 18677, 76141, 62129, 40973, 74468, 90479, 50241, 61828, 14495, 64587, 47259, 69389, 59226, 21182, 99643, 3451, 67066, 55205, 22485, 89443, 19030, 10288, 23574, 78426, 55280, 17305, 68878, 94325, 9074, 35370, 56456, 95300, 73961, 59051, 835, 21640, 2744, 30054, 96306, 55542, 57066, 65643, 97962, 97088, 62680, 24967, 56005, 85155, 81002, 48234, 28842, 92105, 38714, 65511, 82476, 73240, 25988, 68682, 4749, 1059, 85277, 54664, 55169, 72830, 29209, 32377, 56597, 43815, 46740, 16019, 36704, 91606, 3697, 42934, 87720, 75207, 56054, 59737, 79252, 96186, 60558, 8582, 3209, 7798, 18736, 20655, 95860, 60671, 36386, 88318, 80757, 49888, 58523, 36742, 48071, 76427, 91397, 47115, 74907, 19807, 19166, 48854, 4778, 9526, 30084, 70329, 29929, 24152, 98179, 6661, 59360, 47157, 52018, 24734, 716, 46264, 89982, 86072, 78100, 64619, 77321], ""<class 'abc.NT_0010'>"": [0, 0, 1, 53054], ""<class 'abc.NT_0010_P_00000'>"": [], ""<class 'abc.NT_0006'>"": [2, 2, 0, 1, 1302, 1892], ""<class 'abc.NT_0006_P_00000'>"": [], ""<class 'abc.NT_0006_P_00001'>"": [], ""<class 'abc.NT_0002'>"": [1, 1, 2, 1, 1, 1, 1, 0, 2, 1, 1, 0, 2, 0, 1, 0, 2, 1, 53720, 1, 0, 0, 69722, 1, 8713, 0, 0, 2, 0, 0, 0, 2, 1, 64800, 99864], ""<class 'abc.NT_0002_P_00000'>"": [], ""<class 'abc.NT_0001'>"": [1, 1, 1, 0, 0, 0, 0, 1, 1, 1, 1, 0, 1, 16227, 1, 1, 1, 1, 0, 0, 10290, 0, 0, 0, 0, 0, 1, 40887, 0, 0, 0, 0, 0, 0, 0, 0, 0, 1, 0, 0, 0, 0, 76558, 0, 0, 0, 1, 0, 0, 26591, 1, 1, 1, 0, 1, 0, 0, 45290], ""<class 'abc.NT_0001_P_00000'>"": [], ""<class 'abc.NT_0001_P_00001'>"": [], ""<class 'abc.NT_0000'>"": [0, 1, 1, 94528, 1, 0, 1, 1, 31647, 1, 1, 80324, 0, 0, 75412, 1, 69944, 1, 0, 0, 0, 1, 0, 0, 0, 1, 1, 0, 1, 3483, 1, 0, 42401, 0, 0, 0, 0, 54668, 66557, 1, 0, 1, 1, 0, 0, 21028, 54540, 1, 5444, 3614, 1, 0, 0, 0, 0, 0, 71485, 1, 0, 0, 0, 0, 1, 20343], ""<class 'abc.NT_0000_P_00000'>"": [], ""<class 'abc.NT_0000_P_00001'>"": [], ""<class 'abc.NT_0002_P_00001'>"": [], ""<class 'abc.NT_0002_P_00002'>"": [], ""<class 'abc.NT_0006_P_00002'>"": [], ""<class 'abc.NT_0007'>"": [1, 0, 1, 2, 87885, 72251, 55074], ""<class 'abc.NT_0007_P_00000'>"": [], ""<class 'abc.NT_0007_P_00001'>"": [], ""<class 'abc.NT_0007_P_00002'>"": [], ""<class 'abc.NT_0004'>"": [1, 1, 77639, 2, 1, 2, 63194, 90154], ""<class 'abc.NT_0004_P_00000'>"": [], ""<class 'abc.NT_0003'>"": [10039, 1, 0, 1, 98974, 61725, 72592, 35725, 7660], ""<class 'abc.NT_0003_P_00000'>"": [], ""<class 'abc.NT_0003_P_00001'>"": [], ""<class 'abc.NT_0003_P_00002'>"": [], ""<class 'abc.NT_0003_P_00003'>"": [], ""<class 'abc.NT_0004_P_00001'>"": [], ""<class 'abc.NT_0004_P_00002'>"": [], ""<class 'abc.NT_0009'>"": [3, 0, 1, 1, 0, 45822], ""<class 'abc.NT_0009_P_00000'>"": [], ""<class 'abc.NT_0008'>"": [69105, 0, 24563, 0, 0, 0, 17129], ""<class 'abc.NT_0008_P_00000'>"": [], ""<class 'abc.NT_0009_P_00001'>"": [], ""<class 'abc.NT_0009_P_00002'>"": [], ""<class 'abc.NT_0009_P_00003'>"": [], ""<class 'abc.NT_0010_P_00001'>"": [], ""<class 'abc.NT_0010_P_00002'>"": [], ""<class 'abc.NT_0017_P_00001'>"": [], ""<class 'abc.NT_0012'>"": [0, 0, 27606, 0, 0, 65962], ""<class 'abc.NT_0012_P_00000'>"": [], ""<class 'abc.NT_0012_P_00001'>"": [], ""<class 'abc.NT_0017_P_00002'>"": [], ""<class 'abc.NT_0013'>"": [], ""<class 'abc.NT_0013_P_00000'>"": [], ""<class 'abc.NT_0011'>"": [0, 94522], ""<class 'abc.NT_0011_P_00000'>"": [], ""<class 'abc.NT_0011_P_00001'>"": [], ""<class 'abc.NT_0011_P_00002'>"": [], ""<class 'abc.NT_0013_P_00001'>"": [], ""<class 'abc.NT_0013_P_00002'>"": [], ""<class 'abc.NT_0017_P_00003'>"": [], ""<class 'abc.NT_0016'>"": [0, 20070], ""<class 'abc.NT_0016_P_00000'>"": [], ""<class 'abc.NT_0016_P_00001'>"": [], ""<class 'abc.NT_0016_P_00002'>"": [], '$leftovers': [24694, 13707, 7777, 43103, 79112, 41937, 82055, 41802, 80929, 37572, 24235, 1002, 66268, 87311, 99058, 42897, 54099, 4751, 39061, 38658, 18856, 32793, 32020, 84694, 43326, 66351, 11593, 16559, 82179, 29701, 14785, 63931, 19995, 86098, 88506, 88906, 98218, 57143, 64899, 75531, 17691, 63845, 68413, 76826, 30524, 48607, 6718, 24768, 14247, 23842, 98884, 92372, 55279, 40315, 43705, 6728, 53868, 34432, 73753, 89438, 79733, 83929, 38685, 35410, 5343, 16823, 35888, 70000, 12879, 27426, 44726, 95438, 53746, 11554, 35563, 36846, 46156, 65002, 72433, 85297, 12477, 3511, 72425, 53166, 5796, 30717, 45518, 76561, 21526, 65748, 18017, 64172, 9175, 16724, 51276, 1749, 5687, 47923, 68260, 48548, 94393, 55323, 76604, 84009, 54574, 8798, 35733, 67233, 4198, 56844, 12629, 29196, 81671, 71295, 84963, 73193, 37662, 77918, 40265, 71387, 2776, 72056, 79890, 24380, 6524, 11920, 82004, 80554, 7771, 51485, 29874, 64851, 32118, 68660, 22646, 40503, 29950, 45632, 59339, 63591, 66553, 79195, 90039, 8891, 94412, 82595, 43578, 41060, 60184, 28053, 84947, 77614, 38864, 91374, 58545, 50015, 19960, 7381, 78763, 85070, 21507, 19025, 51930, 32629, 45143, 39756, 26052, 37388, 90108, 9391, 53674, 16962, 24269, 95106, 99931, 56381, 37781, 12365, 84199, 30949, 74271, 916, 85830, 97679, 18102, 478, 75886, 30302, 21977, 90537, 30063, 19357, 81788, 35261, 14719, 66114, 20921, 20240, 5992, 58367, 9680, 68600, 85141, 46379, 54808, 83564, 47005, 66549, 22371, 91024, 89979, 20226, 63714, 58641, 45142, 46907, 57602, 15144, 97990, 7439, 11158, 59469, 11328, 80659, 5962, 25695, 77537, 11892, 91592, 56748, 38581, 37353, 71743, 70419, 27563, 8343, 51963, 16605, 94638, 42057, 61173, 28541, 41743, 60295, 49767, 73628, 41163, 91833, 78182, 82565, 25215, 96862, 76058, 44249, 82715, 20979, 71376, 27708, 78050, 40085, 30494, 46076, 48158, 98017, 59418, 77712, 4502, 58514, 86759, 30136, 53692, 84446, 34409, 6828, 35370, 50950, 51945, 59877, 55822, 81173, 57512, 24080, 92189, 34559, 32530, 48867, 64932, 44, 85888, 8300, 92843, 6844, 39222, 76898, 88754, 22876, 38074, 43299, 88699, 81654, 61902, 89999, 13497, 66668, 7338, 74096, 38397, 11013, 98336, 40480, 33892, 63626, 49088, 71312, 23172, 10803, 62392, 24917, 67254, 58009, 81336, 59457, 73844, 95696, 6506, 27308, 70695, 56701, 13067, 41613, 72662, 53528, 75491, 42519, 81780, 31754, 13856, 88917, 96452, 41223, 89774, 10407, 31336, 50783, 20291, 5997, 7069, 31395, 24625, 6189, 56620, 24762, 84988, 68874, 85812, 41091, 24302, 77112, 35149, 22780, 53184, 18627, 57549, 17465, 63612, 87939, 6980, 60883, 29814, 87238, 14952, 60779, 86760, 61062, 30267, 24445, 56989, 27229, 82900, 90023, 57786, 63779, 40235, 86679, 51776, 22058, 63483, 39593, 41554, 8133, 95503, 6716, 25867, 90267, 22987, 39665, 98545, 93605, 1747, 78248, 27473, 33109, 26918, 82634, 51318, 80099, 73743, 12182, 94300, 46775, 25047, 68889, 10070, 18361, 65084, 37080, 70960, 83222, 67058, 98067, 22471, 67691, 59607, 67337, 8930, 21238, 46639, 45431, 43153, 96128, 24156, 80501, 82080, 49059, 2091, 12212, 52072, 31681, 90064, 42922, 12694, 63500, 88958, 85424, 60965, 55836, 88426, 54941, 94663, 65220, 71036, 49752, 17451, 53699, 9314, 14619, 3290, 44849, 90564, 91441, 62905, 40530, 5641, 37318, 36823, 31308, 19382, 62343, 86280, 16633, 47566, 15336, 77921, 88788, 50425, 20260, 79556, 59009, 60227, 87434, 40228, 88797, 25912, 98562, 76789, 91824, 52309, 10258, 50738, 95463, 77205, 93493, 68362, 24106, 95689, 49524, 69579, 66348, 75971, 22529, 74132, 89303, 37488, 5127, 63655, 17283, 25796, 52901, 73353, 59242, 58591, 76499, 46764, 96815, 56675, 19904, 86086, 9538, 16381, 25966, 48189, 47295, 50918, 3257, 56486, 10672, 45517, 6977, 66557, 24565, 14166, 47870, 73695, 59021, 61532, 83752, 51246, 6816, 65190, 71364, 98756, 25731, 84141, 78432, 21130, 69362, 52504, 59655, 73856, 97330, 50721, 19705, 54620, 16926, 96429, 24048, 73377, 67355, 15053, 17980, 70735, 35236, 75523, 91241, 23447, 72477, 51156, 95259, 88333, 29494, 67321, 52714, 62917, 99842, 65229, 6617, 44275, 88720, 37853, 8770, 63811, 7507, 89636, 17817, 1558, 85068, 79776, 73733, 11481, 89926, 56682, 49746, 9429, 50818, 45883, 58652, 12423, 26431, 60221, 95661, 73944, 68283, 51044, 69558, 68608, 65135, 29404, 17239, 5514, 47278, 63393, 94877, 23491, 47292, 6877, 19032, 65956, 9732, 97912, 1976, 37613, 34466, 61934, 57269, 53618, 5940, 93510, 52374, 85684, 22266, 86296, 60665, 10810, 9462, 494, 58482, 75247, 71566, 31620, 58819, 97731, 83116, 7767, 83623, 12444, 57312, 49834, 46402, 98377, 30435, 36116, 16443, 25589, 45312, 64514, 37426, 76200, 11178, 7488, 18610, 92099, 97566, 6854, 33656, 17686, 10866, 73697, 81050, 12312, 6505, 95303, 61521, 72092, 94259, 32683, 45746, 77187, 88803, 39457, 40047, 95729, 22380, 62708, 14355, 83408, 29714, 50213, 24600, 63055, 94787, 52488, 53820, 72502, 35142, 82539, 36201, 83535, 70150, 4544, 53013, 91532, 98794, 75749, 37723, 24569, 90322, 279, 84293, 85419, 53204, 7321, 22724, 95538, 85836, 2877, 93721, 73981, 40836, 90505, 94370, 88415, 37372, 69317, 25860, 4116, 35759, 84385, 33447, 84816, 12456, 31068, 57878, 18743, 27118, 55146, 45045, 76854, 36409, 49423, 25447, 28432, 61176, 34319, 67878, 7127, 41048, 27399, 57337, 84290, 2409, 69039, 23729, 7494, 36747, 48478, 38848, 42755, 293, 91046, 40498, 48156, 87860, 19957, 4960, 74844, 19836, 92291, 57801, 90081, 88664, 17768, 78881, 47919, 71822, 34413, 1930, 46778, 88873, 89253, 43012, 48581, 9353, 85645, 13891, 48249, 50115, 66199, 3386, 20854, 99932, 28051, 71692, 93909, 74084, 74671, 89896, 50523, 88742, 12398, 72247, 55742, 51721, 34827, 36846, 62982, 39419, 78439, 9343, 48468, 84544, 39864, 76167, 43812, 71247, 20757, 1762, 41180, 27413, 60564, 22669, 82173, 16704, 46485, 72310, 26823, 41298, 58642, 32787, 90874, 58140, 56784, 29999, 8759, 96835, 78050, 41544, 1255, 17455, 33878, 64547, 58966, 82332, 5215, 48306, 8922, 24655, 4697, 70882, 84900, 82562, 62735, 34434, 73303, 61588, 35094, 68503, 41162, 54916, 58190, 12626, 60530, 22534, 77445, 84110, 41705, 60129, 60275, 26541, 44213, 1777, 13370, 3088, 42025, 39125, 6806, 57675, 48434, 98242, 36838, 43086, 11553, 17088, 22108, 72325, 25128, 87991, 65587, 14862, 36451, 44287, 9734, 15759, 72468, 61485, 14174, 26892, 64268, 19975, 5444, 33247, 50382, 76845, 87224, 36256, 66890, 95968, 72639, 77038, 43204, 39754, 36312, 74369, 96758, 27679, 249, 98284, 44817, 61235, 55085, 9992, 27298, 25783, 69424, 39622, 26481, 58524, 35109, 38014, 50849, 43262, 70599, 1236, 29822, 19493, 40976, 26562, 7919, 16019, 11304, 44960, 68766, 47516, 55933, 93459, 51964, 80457, 87397, 77661, 10867, 13339, 38927, 67085, 83000, 91594, 70221, 32812, 41638, 39247, 63161, 56481, 85947, 619, 54521, 29223, 59027, 34890, 77305, 79995, 54866, 56578, 59831, 16991, 48800, 12168, 58544, 42596, 87951, 65721, 11198, 23052, 15984, 12347, 45822, 1513, 17129, 34479, 87885, 87506, 81928, 20343, 45290, 20189, 98974, 29926, 61725, 72592, 35725, 72251, 55074, 7660]})"
571.0,9,164,18,22.427531719207764,10696,"Genotype(dna={""<class 'abc.NT_0017'>"": [1, 23052], ""<class 'abc.NT_0017_P_00000'>"": [], ""<class 'abc.NT_0005'>"": [0, 0, 35544, 1, 0, 1, 0, 1, 1, 1513], ""<class 'abc.NT_0005_P_00000'>"": [], ""<class 'abc.NT_0005_P_00001'>"": [], ""<class 'bool'>"": [50833, 28611, 95173, 29798, 84996, 15299, 84608, 73218, 73704, 53577, 54127, 73580, 61648, 63455, 73465, 28379, 9832, 69766, 59719, 9321, 39372, 40559, 45589, 21512, 9991, 31131, 22379, 82972, 66879, 7070, 87492, 33083, 92916, 1233, 89415, 28350, 54741, 51276, 16414, 74832, 4355, 87209, 57305, 93042, 93227, 67903, 93745, 31960, 29422, 28659, 99170, 51647, 13273, 92051, 14178, 78998, 45259, 78698, 95977, 73146, 83753, 21951, 16043, 13772, 66730, 10736, 57934, 29081, 62948, 99869, 41968, 82469, 29718, 59471, 51253, 67704, 97811, 82022, 87389, 44948, 67283, 63422, 70186, 58801, 23472, 55104, 46787, 87700, 86179, 38104, 2384, 90063, 6576, 80132, 75180, 65605, 74894, 53809, 99733, 89043, 84198, 62780, 55017, 23035, 32450, 31489, 41399, 87765, 69122, 99723, 54018, 21587, 39572, 89999, 58379, 67238, 50112, 90146, 55533, 46837, 80791, 66182, 79206, 32534, 3130, 54432, 69605, 82887, 74526, 53694, 58400, 62789, 48833, 31474, 14530, 39368, 40140, 85692, 33772, 86631, 61181, 70508], ""<class 'int'>"": [88091, 54758, 80960, 4147, 58985, 98835, 33177, 12380, 43928, 18156, 46293, 82997, 26546, 21931, 20632, 91665, 69275, 46303, 61738, 80613, 63967, 92163, 79154, 79668, 18313, 6071, 50712, 91463, 54716, 33220, 52575, 78591, 28324, 24851, 385, 86434, 6594, 95864, 4088, 31907, 5028, 70908, 60125, 88976, 64506, 45119, 63026, 18677, 76141, 62129, 40973, 74468, 90479, 50241, 61828, 14495, 64587, 47259, 69389, 59226, 21182, 99643, 3451, 67066, 55205, 22485, 89443, 19030, 10288, 23574, 78426, 55280, 17305, 68878, 94325, 9074, 35370, 56456, 95300, 73961, 59051, 835, 21640, 2744, 30054, 96306, 55542, 57066, 65643, 97962, 97088, 62680, 24967, 56005, 85155, 81002, 48234, 28842, 92105, 38714, 65511, 82476, 73240, 25988, 68682, 4749, 1059, 85277, 54664, 55169, 72830, 29209, 32377, 56597, 43815, 46740, 16019, 36704, 91606, 3697, 42934, 87720, 75207, 56054, 59737, 79252, 96186, 60558, 8582, 3209, 7798, 18736, 20655, 95860, 60671, 36386, 88318, 80757, 49888, 58523, 36742, 48071, 76427, 91397, 47115, 74907, 19807, 19166, 48854, 4778, 9526, 30084, 70329, 29929, 24152, 98179, 6661, 59360, 47157, 52018, 24734, 716, 46264, 89982, 86072, 78100, 64619, 77321], ""<class 'abc.NT_0010'>"": [0, 0, 1, 53054], ""<class 'abc.NT_0010_P_00000'>"": [], ""<class 'abc.NT_0006'>"": [2, 2, 0, 1, 1302, 1892], ""<class 'abc.NT_0006_P_00000'>"": [], ""<class 'abc.NT_0006_P_00001'>"": [], ""<class 'abc.NT_0002'>"": [1, 1, 2, 1, 1, 1, 1, 0, 2, 1, 1, 0, 2, 0, 1, 0, 2, 1, 53720, 1, 0, 0, 69722, 1, 8713, 0, 0, 2, 0, 0, 0, 2, 1, 64800, 99864], ""<class 'abc.NT_0002_P_00000'>"": [], ""<class 'abc.NT_0001'>"": [1, 1, 1, 0, 0, 0, 0, 1, 1, 1, 1, 0, 1, 16227, 1, 1, 1, 1, 0, 0, 10290, 0, 0, 0, 0, 0, 1, 40887, 0, 0, 0, 0, 0, 0, 0, 0, 0, 1, 0, 0, 0, 0, 76558, 0, 0, 0, 1, 0, 0, 26591, 1, 1, 1, 0, 1, 0, 0, 45290], ""<class 'abc.NT_0001_P_00000'>"": [], ""<class 'abc.NT_0001_P_00001'>"": [], ""<class 'abc.NT_0000'>"": [0, 1, 1, 94528, 1, 0, 1, 1, 31647, 1, 1, 80324, 0, 0, 75412, 1, 69944, 1, 0, 0, 0, 1, 0, 0, 0, 1, 1, 0, 1, 3483, 1, 0, 42401, 0, 0, 0, 0, 54668, 66557, 1, 0, 1, 1, 0, 0, 21028, 54540, 1, 5444, 3614, 1, 0, 0, 0, 0, 0, 71485, 1, 0, 0, 0, 0, 1, 20343], ""<class 'abc.NT_0000_P_00000'>"": [], ""<class 'abc.NT_0000_P_00001'>"": [], ""<class 'abc.NT_0002_P_00001'>"": [], ""<class 'abc.NT_0002_P_00002'>"": [], ""<class 'abc.NT_0006_P_00002'>"": [], ""<class 'abc.NT_0007'>"": [1, 0, 1, 2, 87885, 72251, 55074], ""<class 'abc.NT_0007_P_00000'>"": [], ""<class 'abc.NT_0007_P_00001'>"": [], ""<class 'abc.NT_0007_P_00002'>"": [], ""<class 'abc.NT_0004'>"": [1, 1, 77639, 2, 1, 2, 63194, 90154], ""<class 'abc.NT_0004_P_00000'>"": [], ""<class 'abc.NT_0003'>"": [10039, 1, 0, 1, 98974, 61725, 72592, 35725, 7660], ""<class 'abc.NT_0003_P_00000'>"": [], ""<class 'abc.NT_0003_P_00001'>"": [], ""<class 'abc.NT_0003_P_00002'>"": [], ""<class 'abc.NT_0003_P_00003'>"": [], ""<class 'abc.NT_0004_P_00001'>"": [], ""<class 'abc.NT_0004_P_00002'>"": [], ""<class 'abc.NT_0009'>"": [3, 0, 1, 1, 0, 45822], ""<class 'abc.NT_0009_P_00000'>"": [], ""<class 'abc.NT_0008'>"": [69105, 0, 24563, 0, 0, 0, 17129], ""<class 'abc.NT_0008_P_00000'>"": [], ""<class 'abc.NT_0009_P_00001'>"": [], ""<class 'abc.NT_0009_P_00002'>"": [], ""<class 'abc.NT_0009_P_00003'>"": [], ""<class 'abc.NT_0010_P_00001'>"": [], ""<class 'abc.NT_0010_P_00002'>"": [], ""<class 'abc.NT_0017_P_00001'>"": [], ""<class 'abc.NT_0012'>"": [0, 0, 27606, 0, 0, 65962], ""<class 'abc.NT_0012_P_00000'>"": [], ""<class 'abc.NT_0012_P_00001'>"": [], ""<class 'abc.NT_0017_P_00002'>"": [], ""<class 'abc.NT_0013'>"": [], ""<class 'abc.NT_0013_P_00000'>"": [], ""<class 'abc.NT_0011'>"": [0, 94522], ""<class 'abc.NT_0011_P_00000'>"": [], ""<class 'abc.NT_0011_P_00001'>"": [], ""<class 'abc.NT_0011_P_00002'>"": [], ""<class 'abc.NT_0013_P_00001'>"": [], ""<class 'abc.NT_0013_P_00002'>"": [], ""<class 'abc.NT_0017_P_00003'>"": [], ""<class 'abc.NT_0016'>"": [0, 20070], ""<class 'abc.NT_0016_P_00000'>"": [], ""<class 'abc.NT_0016_P_00001'>"": [], ""<class 'abc.NT_0016_P_00002'>"": [], '$leftovers': [24694, 13707, 7777, 43103, 79112, 41937, 82055, 41802, 80929, 37572, 24235, 1002, 66268, 87311, 99058, 42897, 54099, 4751, 39061, 38658, 18856, 32793, 32020, 84694, 43326, 66351, 11593, 16559, 82179, 29701, 14785, 63931, 19995, 86098, 88506, 88906, 98218, 57143, 64899, 75531, 17691, 63845, 68413, 76826, 30524, 48607, 6718, 24768, 14247, 23842, 98884, 92372, 55279, 40315, 43705, 6728, 53868, 34432, 73753, 89438, 79733, 83929, 38685, 35410, 5343, 16823, 35888, 70000, 12879, 27426, 44726, 95438, 53746, 11554, 35563, 36846, 46156, 65002, 72433, 85297, 12477, 3511, 72425, 53166, 5796, 30717, 45518, 76561, 21526, 65748, 18017, 64172, 9175, 16724, 51276, 1749, 5687, 47923, 68260, 48548, 94393, 55323, 76604, 84009, 54574, 8798, 35733, 67233, 4198, 56844, 12629, 29196, 81671, 71295, 84963, 73193, 37662, 77918, 40265, 71387, 2776, 72056, 79890, 24380, 6524, 11920, 82004, 80554, 7771, 51485, 29874, 64851, 32118, 68660, 22646, 40503, 29950, 45632, 59339, 63591, 66553, 79195, 90039, 8891, 94412, 82595, 43578, 41060, 60184, 28053, 84947, 77614, 38864, 91374, 58545, 50015, 19960, 7381, 78763, 85070, 21507, 19025, 51930, 32629, 45143, 39756, 26052, 37388, 90108, 9391, 53674, 16962, 24269, 95106, 99931, 56381, 37781, 12365, 84199, 30949, 74271, 916, 85830, 97679, 18102, 478, 75886, 30302, 21977, 90537, 30063, 19357, 81788, 35261, 14719, 66114, 20921, 20240, 5992, 58367, 9680, 68600, 85141, 46379, 54808, 83564, 47005, 66549, 22371, 91024, 89979, 20226, 63714, 58641, 45142, 46907, 57602, 15144, 97990, 7439, 11158, 59469, 11328, 80659, 5962, 25695, 77537, 11892, 91592, 56748, 38581, 37353, 71743, 70419, 27563, 8343, 51963, 16605, 94638, 42057, 61173, 28541, 41743, 60295, 49767, 73628, 41163, 91833, 78182, 82565, 25215, 96862, 76058, 44249, 82715, 20979, 71376, 27708, 78050, 40085, 30494, 46076, 48158, 98017, 59418, 77712, 4502, 58514, 86759, 30136, 53692, 84446, 34409, 6828, 35370, 50950, 51945, 59877, 55822, 81173, 57512, 24080, 92189, 34559, 32530, 48867, 64932, 44, 85888, 8300, 92843, 6844, 39222, 76898, 88754, 22876, 38074, 43299, 88699, 81654, 61902, 89999, 13497, 66668, 7338, 74096, 38397, 11013, 98336, 40480, 33892, 63626, 49088, 71312, 23172, 10803, 62392, 24917, 67254, 58009, 81336, 59457, 73844, 95696, 6506, 27308, 70695, 56701, 13067, 41613, 72662, 53528, 75491, 42519, 81780, 31754, 13856, 88917, 96452, 41223, 89774, 10407, 31336, 50783, 20291, 5997, 7069, 31395, 24625, 6189, 56620, 24762, 84988, 68874, 85812, 41091, 24302, 77112, 35149, 22780, 53184, 18627, 57549, 17465, 63612, 87939, 6980, 60883, 29814, 87238, 14952, 60779, 86760, 61062, 30267, 24445, 56989, 27229, 82900, 90023, 57786, 63779, 40235, 86679, 51776, 22058, 63483, 39593, 41554, 8133, 95503, 6716, 25867, 90267, 22987, 39665, 98545, 93605, 1747, 78248, 27473, 33109, 26918, 82634, 51318, 80099, 73743, 12182, 94300, 46775, 25047, 68889, 10070, 18361, 65084, 37080, 70960, 83222, 67058, 98067, 22471, 67691, 59607, 67337, 8930, 21238, 46639, 45431, 43153, 96128, 24156, 80501, 82080, 49059, 2091, 12212, 52072, 31681, 90064, 42922, 12694, 63500, 88958, 85424, 60965, 55836, 88426, 54941, 94663, 65220, 71036, 49752, 17451, 53699, 9314, 14619, 3290, 44849, 90564, 91441, 62905, 40530, 5641, 37318, 36823, 31308, 19382, 62343, 86280, 16633, 47566, 15336, 77921, 88788, 50425, 20260, 79556, 59009, 60227, 87434, 40228, 88797, 25912, 98562, 76789, 91824, 52309, 10258, 50738, 95463, 77205, 93493, 68362, 24106, 95689, 49524, 69579, 66348, 75971, 22529, 74132, 89303, 37488, 5127, 63655, 17283, 25796, 52901, 73353, 59242, 58591, 76499, 46764, 96815, 56675, 19904, 86086, 9538, 16381, 25966, 48189, 47295, 50918, 3257, 56486, 10672, 45517, 6977, 66557, 24565, 14166, 47870, 73695, 59021, 61532, 83752, 51246, 6816, 65190, 71364, 98756, 25731, 84141, 78432, 21130, 69362, 52504, 59655, 73856, 97330, 50721, 19705, 54620, 16926, 96429, 24048, 73377, 67355, 15053, 17980, 70735, 35236, 75523, 91241, 23447, 72477, 51156, 95259, 88333, 29494, 67321, 52714, 62917, 99842, 65229, 6617, 44275, 88720, 37853, 8770, 63811, 7507, 89636, 17817, 1558, 85068, 79776, 73733, 11481, 89926, 56682, 49746, 9429, 50818, 45883, 58652, 12423, 26431, 60221, 95661, 73944, 68283, 51044, 69558, 68608, 65135, 29404, 17239, 5514, 47278, 63393, 94877, 23491, 47292, 6877, 19032, 65956, 9732, 97912, 1976, 37613, 34466, 61934, 57269, 53618, 5940, 93510, 52374, 85684, 22266, 86296, 60665, 10810, 9462, 494, 58482, 75247, 71566, 31620, 58819, 97731, 83116, 7767, 83623, 12444, 57312, 49834, 46402, 98377, 30435, 36116, 16443, 25589, 45312, 64514, 37426, 76200, 11178, 7488, 18610, 92099, 97566, 6854, 33656, 17686, 10866, 73697, 81050, 12312, 6505, 95303, 61521, 72092, 94259, 32683, 45746, 77187, 88803, 39457, 40047, 95729, 22380, 62708, 14355, 83408, 29714, 50213, 24600, 63055, 94787, 52488, 53820, 72502, 35142, 82539, 36201, 83535, 70150, 4544, 53013, 91532, 98794, 75749, 37723, 24569, 90322, 279, 84293, 85419, 53204, 7321, 22724, 95538, 85836, 2877, 93721, 73981, 40836, 90505, 94370, 88415, 37372, 69317, 25860, 4116, 35759, 84385, 33447, 84816, 12456, 31068, 57878, 18743, 27118, 55146, 45045, 76854, 36409, 49423, 25447, 28432, 61176, 34319, 67878, 7127, 41048, 27399, 57337, 84290, 2409, 69039, 23729, 7494, 36747, 48478, 38848, 42755, 293, 91046, 40498, 48156, 87860, 19957, 4960, 74844, 19836, 92291, 57801, 90081, 88664, 17768, 78881, 47919, 71822, 34413, 1930, 46778, 88873, 89253, 43012, 48581, 9353, 85645, 13891, 48249, 50115, 66199, 3386, 20854, 99932, 28051, 71692, 93909, 74084, 74671, 89896, 50523, 88742, 12398, 72247, 55742, 51721, 34827, 36846, 62982, 39419, 78439, 9343, 48468, 84544, 39864, 76167, 43812, 71247, 20757, 1762, 41180, 27413, 60564, 22669, 82173, 16704, 46485, 72310, 26823, 41298, 58642, 32787, 90874, 58140, 56784, 29999, 8759, 96835, 78050, 41544, 1255, 17455, 33878, 64547, 58966, 82332, 5215, 48306, 8922, 24655, 4697, 70882, 84900, 82562, 62735, 34434, 73303, 61588, 35094, 68503, 41162, 54916, 58190, 12626, 60530, 22534, 77445, 84110, 41705, 60129, 60275, 26541, 44213, 1777, 13370, 3088, 42025, 39125, 6806, 57675, 48434, 98242, 36838, 43086, 11553, 17088, 22108, 72325, 25128, 87991, 65587, 14862, 36451, 44287, 9734, 15759, 72468, 61485, 14174, 26892, 64268, 19975, 5444, 33247, 50382, 76845, 87224, 36256, 66890, 95968, 72639, 77038, 43204, 39754, 36312, 74369, 96758, 27679, 249, 98284, 44817, 61235, 55085, 9992, 27298, 25783, 69424, 39622, 26481, 58524, 35109, 38014, 50849, 43262, 70599, 1236, 29822, 19493, 40976, 26562, 7919, 16019, 11304, 44960, 68766, 47516, 55933, 93459, 51964, 80457, 87397, 77661, 10867, 13339, 38927, 67085, 83000, 91594, 70221, 32812, 41638, 39247, 63161, 56481, 85947, 619, 54521, 29223, 59027, 34890, 77305, 79995, 54866, 56578, 59831, 16991, 48800, 12168, 58544, 42596, 87951, 65721, 11198, 23052, 15984, 12347, 45822, 1513, 17129, 34479, 87885, 87506, 81928, 20343, 45290, 20189, 98974, 29926, 61725, 72592, 35725, 72251, 55074, 7660]})"
562.0,9,164,19,23.25471806526184,10696,"Genotype(dna={""<class 'abc.NT_0017'>"": [1, 23052], ""<class 'abc.NT_0017_P_00000'>"": [], ""<class 'abc.NT_0005'>"": [0, 0, 35544, 1, 0, 1, 0, 1, 1, 1513], ""<class 'abc.NT_0005_P_00000'>"": [], ""<class 'abc.NT_0005_P_00001'>"": [], ""<class 'bool'>"": [50833, 28611, 95173, 92596, 84996, 15299, 84608, 73218, 73704, 53577, 54127, 73580, 61648, 63455, 34182, 28379, 9832, 69766, 27025, 9321, 39372, 40559, 45589, 21512, 9991, 31131, 22379, 82972, 66879, 7070, 87492, 33083, 92916, 1233, 89415, 28350, 54741, 51276, 16414, 74832, 4355, 87209, 57305, 93042, 23231, 67903, 93745, 31960, 29422, 28659, 99170, 40455, 13273, 92051, 14178, 78998, 45259, 78698, 95977, 93014, 83753, 21951, 16043, 13772, 66730, 10736, 57934, 29081, 62948, 99869, 41968, 82469, 93064, 59471, 51253, 67704, 97811, 82022, 87389, 59617, 67283, 63422, 70186, 58801, 23472, 68171, 46787, 87700, 86179, 38104, 2384, 90063, 6576, 80132, 98840, 65605, 74894, 53809, 99733, 89043, 84198, 62780, 94716, 23035, 32450, 31489, 41399, 87765, 69122, 99723, 54018, 92501, 39572, 89999, 58379, 67238, 50112, 90146, 55533, 46837, 57815, 68681, 79206, 32534, 3130, 58659, 69605, 82887, 74526, 5911, 58400, 62789, 48677, 31474, 44702, 39368, 40140, 19876, 33772, 86631, 58194, 70508], ""<class 'int'>"": [88091, 54758, 80960, 4147, 58985, 98835, 33177, 12380, 43928, 18156, 46293, 82997, 26546, 21931, 20632, 91665, 69275, 46303, 61738, 80613, 63967, 92163, 79154, 79668, 18313, 6071, 50712, 91463, 54716, 33220, 52575, 78591, 28324, 24851, 385, 86434, 6594, 95864, 4088, 31907, 5028, 70908, 60125, 88976, 64506, 45119, 63026, 18677, 76141, 62129, 40973, 74468, 90479, 50241, 61828, 14495, 64587, 47259, 69389, 59226, 21182, 99643, 3451, 67066, 55205, 22485, 89443, 19030, 10288, 23574, 78426, 55280, 17305, 68878, 94325, 9074, 35370, 56456, 95300, 73961, 59051, 835, 21640, 2744, 30054, 96306, 55542, 57066, 65643, 97962, 97088, 62680, 24967, 56005, 85155, 81002, 48234, 28842, 92105, 38714, 65511, 82476, 73240, 25988, 68682, 4749, 1059, 85277, 54664, 55169, 72830, 29209, 32377, 56597, 43815, 46740, 16019, 36704, 91606, 3697, 42934, 87720, 75207, 56054, 59737, 79252, 96186, 60558, 8582, 3209, 7798, 18736, 20655, 95860, 60671, 36386, 88318, 80757, 49888, 58523, 36742, 48071, 76427, 91397, 47115, 74907, 19807, 19166, 48854, 4778, 9526, 30084, 70329, 29929, 24152, 98179, 6661, 59360, 47157, 52018, 24734, 716, 46264, 89982, 86072, 78100, 64619, 77321], ""<class 'abc.NT_0010'>"": [0, 0, 1, 53054], ""<class 'abc.NT_0010_P_00000'>"": [], ""<class 'abc.NT_0006'>"": [2, 2, 0, 1, 1302, 1892], ""<class 'abc.NT_0006_P_00000'>"": [], ""<class 'abc.NT_0006_P_00001'>"": [], ""<class 'abc.NT_0002'>"": [1, 1, 2, 1, 1, 1, 1, 0, 2, 1, 41818, 0, 2, 0, 1, 0, 2, 1, 53720, 1, 0, 0, 69722, 1, 8713, 0, 0, 2, 0, 0, 0, 2, 1, 64800, 99864], ""<class 'abc.NT_0002_P_00000'>"": [], ""<class 'abc.NT_0001'>"": [1, 1, 1, 0, 0, 0, 0, 1, 1, 1, 1, 0, 1, 16227, 1, 1, 1, 1, 0, 0, 10290, 0, 0, 0, 0, 0, 1, 40887, 0, 0, 0, 0, 0, 0, 0, 0, 0, 1, 0, 0, 0, 0, 76558, 0, 0, 0, 1, 0, 0, 26591, 1, 1, 1, 0, 1, 0, 0, 45290], ""<class 'abc.NT_0001_P_00000'>"": [], ""<class 'abc.NT_0001_P_00001'>"": [], ""<class 'abc.NT_0000'>"": [0, 1, 1, 94528, 1, 0, 1, 1, 31647, 1, 1, 80324, 0, 0, 75412, 1, 69944, 1, 0, 0, 0, 1, 0, 0, 0, 1, 1, 0, 1, 3483, 1, 0, 42401, 0, 0, 0, 0, 54668, 66557, 1, 0, 1, 1, 0, 0, 21028, 54540, 1, 5444, 3614, 1, 0, 0, 0, 0, 0, 71485, 1, 0, 0, 0, 0, 1, 20343], ""<class 'abc.NT_0000_P_00000'>"": [], ""<class 'abc.NT_0000_P_00001'>"": [], ""<class 'abc.NT_0002_P_00001'>"": [], ""<class 'abc.NT_0002_P_00002'>"": [], ""<class 'abc.NT_0006_P_00002'>"": [], ""<class 'abc.NT_0007'>"": [1, 0, 1, 2, 87885, 72251, 55074], ""<class 'abc.NT_0007_P_00000'>"": [], ""<class 'abc.NT_0007_P_00001'>"": [], ""<class 'abc.NT_0007_P_00002'>"": [], ""<class 'abc.NT_0004'>"": [1, 1, 77639, 2, 1, 2, 63194, 90154], ""<class 'abc.NT_0004_P_00000'>"": [], ""<class 'abc.NT_0003'>"": [10039, 1, 0, 1, 98974, 61725, 72592, 35725, 7660], ""<class 'abc.NT_0003_P_00000'>"": [], ""<class 'abc.NT_0003_P_00001'>"": [], ""<class 'abc.NT_0003_P_00002'>"": [], ""<class 'abc.NT_0003_P_00003'>"": [], ""<class 'abc.NT_0004_P_00001'>"": [], ""<class 'abc.NT_0004_P_00002'>"": [], ""<class 'abc.NT_0009'>"": [3, 0, 1, 1, 0, 45822], ""<class 'abc.NT_0009_P_00000'>"": [], ""<class 'abc.NT_0008'>"": [15828, 0, 83857, 0, 0, 0, 17129], ""<class 'abc.NT_0008_P_00000'>"": [], ""<class 'abc.NT_0009_P_00001'>"": [], ""<class 'abc.NT_0009_P_00002'>"": [], ""<class 'abc.NT_0009_P_00003'>"": [], ""<class 'abc.NT_0010_P_00001'>"": [], ""<class 'abc.NT_0010_P_00002'>"": [], ""<class 'abc.NT_0017_P_00001'>"": [], ""<class 'abc.NT_0012'>"": [0, 0, 27606, 0, 0, 65962], ""<class 'abc.NT_0012_P_00000'>"": [], ""<class 'abc.NT_0012_P_00001'>"": [], ""<class 'abc.NT_0017_P_00002'>"": [], ""<class 'abc.NT_0013'>"": [], ""<class 'abc.NT_0013_P_00000'>"": [], ""<class 'abc.NT_0011'>"": [0, 94522], ""<class 'abc.NT_0011_P_00000'>"": [], ""<class 'abc.NT_0011_P_00001'>"": [], ""<class 'abc.NT_0011_P_00002'>"": [], ""<class 'abc.NT_0013_P_00001'>"": [], ""<class 'abc.NT_0013_P_00002'>"": [], ""<class 'abc.NT_0017_P_00003'>"": [], ""<class 'abc.NT_0016'>"": [0, 20070], ""<class 'abc.NT_0016_P_00000'>"": [], ""<class 'abc.NT_0016_P_00001'>"": [], ""<class 'abc.NT_0016_P_00002'>"": [], '$leftovers': [13707, 7777, 43103, 79112, 41937, 82055, 41802, 80929, 37572, 24235, 1002, 66268, 87311, 99058, 42897, 54099, 4751, 39061, 38658, 18856, 32793, 32020, 84694, 43326, 66351, 11593, 16559, 82179, 29701, 14785, 63931, 19995, 86098, 88506, 88906, 98218, 57143, 64899, 75531, 17691, 63845, 68413, 76826, 30524, 48607, 6718, 24768, 14247, 23842, 98884, 92372, 55279, 40315, 43705, 6728, 53868, 34432, 73753, 89438, 79733, 83929, 38685, 35410, 5343, 16823, 35888, 70000, 12879, 27426, 44726, 95438, 53746, 11554, 35563, 36846, 46156, 65002, 72433, 85297, 12477, 3511, 72425, 53166, 5796, 30717, 45518, 76561, 21526, 65748, 18017, 64172, 9175, 16724, 51276, 1749, 5687, 47923, 68260, 48548, 94393, 55323, 76604, 84009, 54574, 8798, 35733, 67233, 4198, 56844, 12629, 29196, 81671, 71295, 84963, 73193, 37662, 77918, 40265, 71387, 2776, 72056, 79890, 24380, 6524, 11920, 82004, 80554, 7771, 51485, 29874, 64851, 32118, 68660, 22646, 40503, 29950, 45632, 59339, 63591, 66553, 79195, 90039, 8891, 94412, 82595, 43578, 41060, 60184, 28053, 84947, 77614, 38864, 91374, 58545, 50015, 19960, 7381, 78763, 85070, 21507, 19025, 51930, 32629, 45143, 39756, 26052, 37388, 90108, 9391, 53674, 16962, 24269, 95106, 99931, 56381, 37781, 12365, 84199, 30949, 74271, 916, 85830, 97679, 18102, 478, 75886, 30302, 21977, 90537, 30063, 19357, 81788, 35261, 14719, 66114, 20921, 20240, 5992, 58367, 9680, 68600, 85141, 46379, 54808, 83564, 47005, 66549, 22371, 91024, 89979, 20226, 63714, 58641, 45142, 46907, 57602, 15144, 97990, 7439, 11158, 59469, 11328, 80659, 5962, 25695, 77537, 11892, 91592, 56748, 38581, 37353, 71743, 70419, 27563, 8343, 51963, 16605, 94638, 42057, 61173, 28541, 41743, 60295, 49767, 73628, 41163, 91833, 78182, 82565, 25215, 96862, 76058, 44249, 82715, 20979, 71376, 27708, 78050, 40085, 30494, 46076, 48158, 98017, 59418, 77712, 4502, 58514, 86759, 30136, 53692, 84446, 34409, 6828, 35370, 50950, 51945, 59877, 55822, 81173, 57512, 24080, 92189, 34559, 32530, 48867, 64932, 44, 85888, 8300, 92843, 6844, 39222, 76898, 88754, 22876, 38074, 43299, 88699, 81654, 61902, 89999, 13497, 66668, 7338, 74096, 38397, 11013, 98336, 40480, 33892, 63626, 49088, 71312, 23172, 10803, 62392, 24917, 67254, 58009, 81336, 59457, 73844, 95696, 6506, 27308, 70695, 56701, 13067, 41613, 72662, 53528, 75491, 42519, 81780, 31754, 13856, 88917, 96452, 41223, 89774, 10407, 31336, 50783, 20291, 5997, 7069, 31395, 24625, 6189, 56620, 24762, 84988, 68874, 85812, 41091, 24302, 77112, 35149, 22780, 53184, 18627, 57549, 17465, 63612, 87939, 6980, 60883, 29814, 87238, 14952, 60779, 86760, 61062, 30267, 24445, 56989, 27229, 82900, 90023, 57786, 63779, 40235, 86679, 51776, 22058, 63483, 39593, 41554, 8133, 95503, 6716, 25867, 90267, 22987, 39665, 98545, 93605, 1747, 78248, 27473, 33109, 26918, 82634, 51318, 80099, 73743, 12182, 94300, 46775, 25047, 68889, 10070, 18361, 65084, 37080, 70960, 83222, 67058, 98067, 22471, 67691, 59607, 67337, 8930, 21238, 46639, 45431, 43153, 96128, 24156, 80501, 82080, 49059, 2091, 12212, 52072, 31681, 90064, 42922, 12694, 63500, 88958, 85424, 60965, 55836, 88426, 54941, 94663, 65220, 71036, 49752, 17451, 53699, 9314, 14619, 3290, 44849, 90564, 91441, 62905, 40530, 5641, 37318, 36823, 31308, 19382, 62343, 86280, 16633, 47566, 15336, 77921, 88788, 50425, 20260, 79556, 59009, 60227, 87434, 40228, 88797, 25912, 98562, 76789, 91824, 52309, 10258, 50738, 95463, 77205, 93493, 68362, 24106, 95689, 49524, 69579, 66348, 75971, 22529, 74132, 89303, 37488, 5127, 63655, 17283, 25796, 52901, 73353, 59242, 58591, 76499, 46764, 96815, 56675, 19904, 86086, 9538, 16381, 25966, 48189, 47295, 50918, 3257, 56486, 10672, 45517, 6977, 66557, 24565, 14166, 47870, 73695, 59021, 61532, 83752, 51246, 6816, 65190, 71364, 98756, 25731, 84141, 78432, 21130, 69362, 52504, 59655, 73856, 97330, 50721, 19705, 54620, 16926, 96429, 24048, 73377, 67355, 15053, 17980, 70735, 35236, 75523, 91241, 23447, 72477, 51156, 95259, 88333, 29494, 67321, 52714, 62917, 99842, 65229, 6617, 44275, 88720, 37853, 8770, 63811, 7507, 89636, 17817, 1558, 85068, 79776, 73733, 11481, 89926, 56682, 49746, 9429, 50818, 45883, 58652, 12423, 26431, 60221, 95661, 73944, 68283, 51044, 69558, 68608, 65135, 29404, 17239, 5514, 47278, 63393, 94877, 23491, 47292, 6877, 19032, 65956, 9732, 97912, 1976, 37613, 34466, 61934, 57269, 53618, 5940, 93510, 52374, 85684, 22266, 86296, 60665, 10810, 9462, 494, 58482, 75247, 71566, 31620, 58819, 97731, 83116, 7767, 83623, 12444, 57312, 49834, 46402, 98377, 30435, 36116, 16443, 25589, 45312, 64514, 37426, 76200, 11178, 7488, 18610, 92099, 97566, 6854, 33656, 17686, 10866, 73697, 81050, 12312, 6505, 95303, 61521, 72092, 94259, 32683, 45746, 77187, 88803, 39457, 40047, 95729, 22380, 62708, 14355, 83408, 29714, 50213, 24600, 63055, 94787, 52488, 53820, 72502, 35142, 82539, 36201, 83535, 70150, 4544, 53013, 91532, 98794, 75749, 37723, 24569, 90322, 279, 84293, 85419, 53204, 7321, 22724, 95538, 85836, 2877, 93721, 73981, 40836, 90505, 94370, 88415, 37372, 69317, 25860, 4116, 35759, 84385, 33447, 84816, 12456, 31068, 57878, 18743, 27118, 55146, 45045, 76854, 36409, 49423, 25447, 28432, 61176, 34319, 67878, 7127, 41048, 27399, 57337, 84290, 2409, 69039, 23729, 7494, 36747, 48478, 38848, 42755, 293, 91046, 40498, 48156, 87860, 19957, 4960, 74844, 19836, 92291, 57801, 90081, 88664, 17768, 78881, 47919, 71822, 34413, 1930, 46778, 88873, 89253, 43012, 48581, 9353, 85645, 13891, 48249, 50115, 66199, 3386, 20854, 99932, 28051, 71692, 93909, 74084, 74671, 89896, 50523, 88742, 12398, 72247, 55742, 51721, 34827, 36846, 62982, 39419, 78439, 9343, 48468, 84544, 39864, 76167, 43812, 71247, 20757, 1762, 41180, 27413, 60564, 22669, 82173, 16704, 46485, 72310, 26823, 41298, 58642, 32787, 90874, 58140, 56784, 29999, 8759, 96835, 78050, 41544, 1255, 17455, 33878, 64547, 58966, 82332, 5215, 48306, 8922, 24655, 4697, 70882, 84900, 82562, 62735, 34434, 73303, 61588, 35094, 68503, 41162, 54916, 58190, 12626, 60530, 22534, 77445, 84110, 41705, 60129, 60275, 26541, 44213, 1777, 13370, 3088, 42025, 39125, 6806, 57675, 48434, 98242, 36838, 43086, 11553, 17088, 22108, 72325, 25128, 87991, 65587, 14862, 36451, 44287, 9734, 15759, 72468, 61485, 14174, 26892, 64268, 19975, 5444, 33247, 50382, 76845, 87224, 36256, 66890, 95968, 72639, 77038, 43204, 39754, 36312, 74369, 96758, 27679, 249, 98284, 44817, 61235, 55085, 9992, 27298, 25783, 69424, 39622, 26481, 58524, 35109, 38014, 50849, 43262, 70599, 1236, 29822, 19493, 40976, 26562, 7919, 16019, 11304, 44960, 68766, 47516, 55933, 93459, 51964, 80457, 87397, 77661, 10867, 13339, 38927, 67085, 83000, 91594, 70221, 32812, 41638, 39247, 63161, 56481, 85947, 619, 54521, 29223, 59027, 34890, 77305, 79995, 54866, 56578, 59831, 16991, 48800, 12168, 58544, 42596, 87951, 65721, 11198, 23052, 15984, 12347, 45822, 1513, 17129, 34479, 87885, 87506, 81928, 20343, 45290, 20189, 98974, 29926, 61725, 72592, 35725, 72251, 55074, 7660, 24694]})"
562.0,9,164,20,23.959152698516846,10696,"Genotype(dna={""<class 'abc.NT_0017'>"": [1, 23052], ""<class 'abc.NT_0017_P_00000'>"": [], ""<class 'abc.NT_0005'>"": [0, 0, 35544, 1, 0, 1, 0, 1, 1, 1513], ""<class 'abc.NT_0005_P_00000'>"": [], ""<class 'abc.NT_0005_P_00001'>"": [], ""<class 'bool'>"": [50833, 28611, 95173, 92596, 84996, 15299, 84608, 73218, 73704, 53577, 54127, 73580, 61648, 63455, 34182, 28379, 9832, 69766, 27025, 9321, 39372, 40559, 45589, 21512, 9991, 31131, 22379, 82972, 66879, 7070, 87492, 33083, 92916, 1233, 89415, 28350, 54741, 51276, 16414, 74832, 4355, 87209, 57305, 93042, 23231, 67903, 93745, 31960, 29422, 28659, 99170, 40455, 13273, 92051, 14178, 78998, 45259, 78698, 95977, 93014, 83753, 21951, 16043, 13772, 66730, 10736, 57934, 29081, 62948, 99869, 41968, 82469, 93064, 59471, 51253, 67704, 97811, 82022, 87389, 59617, 67283, 63422, 70186, 58801, 23472, 68171, 46787, 87700, 86179, 38104, 2384, 90063, 6576, 80132, 98840, 65605, 74894, 53809, 99733, 89043, 84198, 62780, 94716, 23035, 32450, 31489, 41399, 87765, 69122, 99723, 54018, 92501, 39572, 89999, 58379, 67238, 50112, 90146, 55533, 46837, 57815, 68681, 79206, 32534, 3130, 58659, 69605, 82887, 74526, 5911, 58400, 62789, 48677, 31474, 44702, 39368, 40140, 19876, 33772, 86631, 58194, 70508], ""<class 'int'>"": [88091, 54758, 80960, 4147, 58985, 98835, 33177, 12380, 43928, 18156, 46293, 82997, 26546, 21931, 20632, 91665, 69275, 46303, 61738, 80613, 63967, 92163, 79154, 79668, 18313, 6071, 50712, 91463, 54716, 33220, 52575, 78591, 28324, 24851, 385, 86434, 6594, 95864, 4088, 31907, 5028, 70908, 60125, 88976, 64506, 45119, 63026, 18677, 76141, 62129, 40973, 74468, 90479, 50241, 61828, 14495, 64587, 47259, 69389, 59226, 21182, 99643, 3451, 67066, 55205, 22485, 89443, 19030, 10288, 23574, 78426, 55280, 17305, 68878, 94325, 9074, 35370, 56456, 95300, 73961, 59051, 835, 21640, 2744, 30054, 96306, 55542, 57066, 65643, 97962, 97088, 62680, 24967, 56005, 85155, 81002, 48234, 28842, 92105, 38714, 65511, 82476, 73240, 25988, 68682, 4749, 1059, 85277, 54664, 55169, 72830, 29209, 32377, 56597, 43815, 46740, 16019, 36704, 91606, 3697, 42934, 87720, 75207, 56054, 59737, 79252, 96186, 60558, 8582, 3209, 7798, 18736, 20655, 95860, 60671, 36386, 88318, 80757, 49888, 58523, 36742, 48071, 76427, 91397, 47115, 74907, 19807, 19166, 48854, 4778, 9526, 30084, 70329, 29929, 24152, 98179, 6661, 59360, 47157, 52018, 24734, 716, 46264, 89982, 86072, 78100, 64619, 77321], ""<class 'abc.NT_0010'>"": [0, 0, 1, 53054], ""<class 'abc.NT_0010_P_00000'>"": [], ""<class 'abc.NT_0006'>"": [2, 2, 0, 1, 1302, 1892], ""<class 'abc.NT_0006_P_00000'>"": [], ""<class 'abc.NT_0006_P_00001'>"": [], ""<class 'abc.NT_0002'>"": [1, 1, 2, 1, 1, 1, 1, 0, 2, 1, 41818, 0, 2, 0, 1, 0, 2, 1, 53720, 1, 0, 0, 69722, 1, 8713, 0, 0, 2, 0, 0, 0, 2, 1, 64800, 99864], ""<class 'abc.NT_0002_P_00000'>"": [], ""<class 'abc.NT_0001'>"": [1, 1, 1, 0, 0, 0, 0, 1, 1, 1, 1, 0, 1, 16227, 1, 1, 1, 1, 0, 0, 10290, 0, 0, 0, 0, 0, 1, 40887, 0, 0, 0, 0, 0, 0, 0, 0, 0, 1, 0, 0, 0, 0, 76558, 0, 0, 0, 1, 0, 0, 26591, 1, 1, 1, 0, 1, 0, 0, 45290], ""<class 'abc.NT_0001_P_00000'>"": [], ""<class 'abc.NT_0001_P_00001'>"": [], ""<class 'abc.NT_0000'>"": [0, 1, 1, 94528, 1, 0, 1, 1, 31647, 1, 1, 80324, 0, 0, 75412, 1, 69944, 1, 0, 0, 0, 1, 0, 0, 0, 1, 1, 0, 1, 3483, 1, 0, 42401, 0, 0, 0, 0, 54668, 66557, 1, 0, 1, 1, 0, 0, 21028, 54540, 1, 5444, 3614, 1, 0, 0, 0, 0, 0, 71485, 1, 0, 0, 0, 0, 1, 20343], ""<class 'abc.NT_0000_P_00000'>"": [], ""<class 'abc.NT_0000_P_00001'>"": [], ""<class 'abc.NT_0002_P_00001'>"": [], ""<class 'abc.NT_0002_P_00002'>"": [], ""<class 'abc.NT_0006_P_00002'>"": [], ""<class 'abc.NT_0007'>"": [1, 0, 1, 2, 87885, 72251, 55074], ""<class 'abc.NT_0007_P_00000'>"": [], ""<class 'abc.NT_0007_P_00001'>"": [], ""<class 'abc.NT_0007_P_00002'>"": [], ""<class 'abc.NT_0004'>"": [1, 1, 77639, 2, 1, 2, 63194, 90154], ""<class 'abc.NT_0004_P_00000'>"": [], ""<class 'abc.NT_0003'>"": [10039, 1, 0, 1, 98974, 61725, 72592, 35725, 7660], ""<class 'abc.NT_0003_P_00000'>"": [], ""<class 'abc.NT_0003_P_00001'>"": [], ""<class 'abc.NT_0003_P_00002'>"": [], ""<class 'abc.NT_0003_P_00003'>"": [], ""<class 'abc.NT_0004_P_00001'>"": [], ""<class 'abc.NT_0004_P_00002'>"": [], ""<class 'abc.NT_0009'>"": [3, 0, 1, 1, 0, 45822], ""<class 'abc.NT_0009_P_00000'>"": [], ""<class 'abc.NT_0008'>"": [15828, 0, 83857, 0, 0, 0, 17129], ""<class 'abc.NT_0008_P_00000'>"": [], ""<class 'abc.NT_0009_P_00001'>"": [], ""<class 'abc.NT_0009_P_00002'>"": [], ""<class 'abc.NT_0009_P_00003'>"": [], ""<class 'abc.NT_0010_P_00001'>"": [], ""<class 'abc.NT_0010_P_00002'>"": [], ""<class 'abc.NT_0017_P_00001'>"": [], ""<class 'abc.NT_0012'>"": [0, 0, 27606, 0, 0, 65962], ""<class 'abc.NT_0012_P_00000'>"": [], ""<class 'abc.NT_0012_P_00001'>"": [], ""<class 'abc.NT_0017_P_00002'>"": [], ""<class 'abc.NT_0013'>"": [], ""<class 'abc.NT_0013_P_00000'>"": [], ""<class 'abc.NT_0011'>"": [0, 94522], ""<class 'abc.NT_0011_P_00000'>"": [], ""<class 'abc.NT_0011_P_00001'>"": [], ""<class 'abc.NT_0011_P_00002'>"": [], ""<class 'abc.NT_0013_P_00001'>"": [], ""<class 'abc.NT_0013_P_00002'>"": [], ""<class 'abc.NT_0017_P_00003'>"": [], ""<class 'abc.NT_0016'>"": [0, 20070], ""<class 'abc.NT_0016_P_00000'>"": [], ""<class 'abc.NT_0016_P_00001'>"": [], ""<class 'abc.NT_0016_P_00002'>"": [], '$leftovers': [13707, 7777, 43103, 79112, 41937, 82055, 41802, 80929, 37572, 24235, 1002, 66268, 87311, 99058, 42897, 54099, 4751, 39061, 38658, 18856, 32793, 32020, 84694, 43326, 66351, 11593, 16559, 82179, 29701, 14785, 63931, 19995, 86098, 88506, 88906, 98218, 57143, 64899, 75531, 17691, 63845, 68413, 76826, 30524, 48607, 6718, 24768, 14247, 23842, 98884, 92372, 55279, 40315, 43705, 6728, 53868, 34432, 73753, 89438, 79733, 83929, 38685, 35410, 5343, 16823, 35888, 70000, 12879, 27426, 44726, 95438, 53746, 11554, 35563, 36846, 46156, 65002, 72433, 85297, 12477, 3511, 72425, 53166, 5796, 30717, 45518, 76561, 21526, 65748, 18017, 64172, 9175, 16724, 51276, 1749, 5687, 47923, 68260, 48548, 94393, 55323, 76604, 84009, 54574, 8798, 35733, 67233, 4198, 56844, 12629, 29196, 81671, 71295, 84963, 73193, 37662, 77918, 40265, 71387, 2776, 72056, 79890, 24380, 6524, 11920, 82004, 80554, 7771, 51485, 29874, 64851, 32118, 68660, 22646, 40503, 29950, 45632, 59339, 63591, 66553, 79195, 90039, 8891, 94412, 82595, 43578, 41060, 60184, 28053, 84947, 77614, 38864, 91374, 58545, 50015, 19960, 7381, 78763, 85070, 21507, 19025, 51930, 32629, 45143, 39756, 26052, 37388, 90108, 9391, 53674, 16962, 24269, 95106, 99931, 56381, 37781, 12365, 84199, 30949, 74271, 916, 85830, 97679, 18102, 478, 75886, 30302, 21977, 90537, 30063, 19357, 81788, 35261, 14719, 66114, 20921, 20240, 5992, 58367, 9680, 68600, 85141, 46379, 54808, 83564, 47005, 66549, 22371, 91024, 89979, 20226, 63714, 58641, 45142, 46907, 57602, 15144, 97990, 7439, 11158, 59469, 11328, 80659, 5962, 25695, 77537, 11892, 91592, 56748, 38581, 37353, 71743, 70419, 27563, 8343, 51963, 16605, 94638, 42057, 61173, 28541, 41743, 60295, 49767, 73628, 41163, 91833, 78182, 82565, 25215, 96862, 76058, 44249, 82715, 20979, 71376, 27708, 78050, 40085, 30494, 46076, 48158, 98017, 59418, 77712, 4502, 58514, 86759, 30136, 53692, 84446, 34409, 6828, 35370, 50950, 51945, 59877, 55822, 81173, 57512, 24080, 92189, 34559, 32530, 48867, 64932, 44, 85888, 8300, 92843, 6844, 39222, 76898, 88754, 22876, 38074, 43299, 88699, 81654, 61902, 89999, 13497, 66668, 7338, 74096, 38397, 11013, 98336, 40480, 33892, 63626, 49088, 71312, 23172, 10803, 62392, 24917, 67254, 58009, 81336, 59457, 73844, 95696, 6506, 27308, 70695, 56701, 13067, 41613, 72662, 53528, 75491, 42519, 81780, 31754, 13856, 88917, 96452, 41223, 89774, 10407, 31336, 50783, 20291, 5997, 7069, 31395, 24625, 6189, 56620, 24762, 84988, 68874, 85812, 41091, 24302, 77112, 35149, 22780, 53184, 18627, 57549, 17465, 63612, 87939, 6980, 60883, 29814, 87238, 14952, 60779, 86760, 61062, 30267, 24445, 56989, 27229, 82900, 90023, 57786, 63779, 40235, 86679, 51776, 22058, 63483, 39593, 41554, 8133, 95503, 6716, 25867, 90267, 22987, 39665, 98545, 93605, 1747, 78248, 27473, 33109, 26918, 82634, 51318, 80099, 73743, 12182, 94300, 46775, 25047, 68889, 10070, 18361, 65084, 37080, 70960, 83222, 67058, 98067, 22471, 67691, 59607, 67337, 8930, 21238, 46639, 45431, 43153, 96128, 24156, 80501, 82080, 49059, 2091, 12212, 52072, 31681, 90064, 42922, 12694, 63500, 88958, 85424, 60965, 55836, 88426, 54941, 94663, 65220, 71036, 49752, 17451, 53699, 9314, 14619, 3290, 44849, 90564, 91441, 62905, 40530, 5641, 37318, 36823, 31308, 19382, 62343, 86280, 16633, 47566, 15336, 77921, 88788, 50425, 20260, 79556, 59009, 60227, 87434, 40228, 88797, 25912, 98562, 76789, 91824, 52309, 10258, 50738, 95463, 77205, 93493, 68362, 24106, 95689, 49524, 69579, 66348, 75971, 22529, 74132, 89303, 37488, 5127, 63655, 17283, 25796, 52901, 73353, 59242, 58591, 76499, 46764, 96815, 56675, 19904, 86086, 9538, 16381, 25966, 48189, 47295, 50918, 3257, 56486, 10672, 45517, 6977, 66557, 24565, 14166, 47870, 73695, 59021, 61532, 83752, 51246, 6816, 65190, 71364, 98756, 25731, 84141, 78432, 21130, 69362, 52504, 59655, 73856, 97330, 50721, 19705, 54620, 16926, 96429, 24048, 73377, 67355, 15053, 17980, 70735, 35236, 75523, 91241, 23447, 72477, 51156, 95259, 88333, 29494, 67321, 52714, 62917, 99842, 65229, 6617, 44275, 88720, 37853, 8770, 63811, 7507, 89636, 17817, 1558, 85068, 79776, 73733, 11481, 89926, 56682, 49746, 9429, 50818, 45883, 58652, 12423, 26431, 60221, 95661, 73944, 68283, 51044, 69558, 68608, 65135, 29404, 17239, 5514, 47278, 63393, 94877, 23491, 47292, 6877, 19032, 65956, 9732, 97912, 1976, 37613, 34466, 61934, 57269, 53618, 5940, 93510, 52374, 85684, 22266, 86296, 60665, 10810, 9462, 494, 58482, 75247, 71566, 31620, 58819, 97731, 83116, 7767, 83623, 12444, 57312, 49834, 46402, 98377, 30435, 36116, 16443, 25589, 45312, 64514, 37426, 76200, 11178, 7488, 18610, 92099, 97566, 6854, 33656, 17686, 10866, 73697, 81050, 12312, 6505, 95303, 61521, 72092, 94259, 32683, 45746, 77187, 88803, 39457, 40047, 95729, 22380, 62708, 14355, 83408, 29714, 50213, 24600, 63055, 94787, 52488, 53820, 72502, 35142, 82539, 36201, 83535, 70150, 4544, 53013, 91532, 98794, 75749, 37723, 24569, 90322, 279, 84293, 85419, 53204, 7321, 22724, 95538, 85836, 2877, 93721, 73981, 40836, 90505, 94370, 88415, 37372, 69317, 25860, 4116, 35759, 84385, 33447, 84816, 12456, 31068, 57878, 18743, 27118, 55146, 45045, 76854, 36409, 49423, 25447, 28432, 61176, 34319, 67878, 7127, 41048, 27399, 57337, 84290, 2409, 69039, 23729, 7494, 36747, 48478, 38848, 42755, 293, 91046, 40498, 48156, 87860, 19957, 4960, 74844, 19836, 92291, 57801, 90081, 88664, 17768, 78881, 47919, 71822, 34413, 1930, 46778, 88873, 89253, 43012, 48581, 9353, 85645, 13891, 48249, 50115, 66199, 3386, 20854, 99932, 28051, 71692, 93909, 74084, 74671, 89896, 50523, 88742, 12398, 72247, 55742, 51721, 34827, 36846, 62982, 39419, 78439, 9343, 48468, 84544, 39864, 76167, 43812, 71247, 20757, 1762, 41180, 27413, 60564, 22669, 82173, 16704, 46485, 72310, 26823, 41298, 58642, 32787, 90874, 58140, 56784, 29999, 8759, 96835, 78050, 41544, 1255, 17455, 33878, 64547, 58966, 82332, 5215, 48306, 8922, 24655, 4697, 70882, 84900, 82562, 62735, 34434, 73303, 61588, 35094, 68503, 41162, 54916, 58190, 12626, 60530, 22534, 77445, 84110, 41705, 60129, 60275, 26541, 44213, 1777, 13370, 3088, 42025, 39125, 6806, 57675, 48434, 98242, 36838, 43086, 11553, 17088, 22108, 72325, 25128, 87991, 65587, 14862, 36451, 44287, 9734, 15759, 72468, 61485, 14174, 26892, 64268, 19975, 5444, 33247, 50382, 76845, 87224, 36256, 66890, 95968, 72639, 77038, 43204, 39754, 36312, 74369, 96758, 27679, 249, 98284, 44817, 61235, 55085, 9992, 27298, 25783, 69424, 39622, 26481, 58524, 35109, 38014, 50849, 43262, 70599, 1236, 29822, 19493, 40976, 26562, 7919, 16019, 11304, 44960, 68766, 47516, 55933, 93459, 51964, 80457, 87397, 77661, 10867, 13339, 38927, 67085, 83000, 91594, 70221, 32812, 41638, 39247, 63161, 56481, 85947, 619, 54521, 29223, 59027, 34890, 77305, 79995, 54866, 56578, 59831, 16991, 48800, 12168, 58544, 42596, 87951, 65721, 11198, 23052, 15984, 12347, 45822, 1513, 17129, 34479, 87885, 87506, 81928, 20343, 45290, 20189, 98974, 29926, 61725, 72592, 35725, 72251, 55074, 7660, 24694]})"
562.0,9,164,21,24.69262385368347,10696,"Genotype(dna={""<class 'abc.NT_0017'>"": [1, 23052], ""<class 'abc.NT_0017_P_00000'>"": [], ""<class 'abc.NT_0005'>"": [0, 0, 35544, 1, 0, 1, 0, 1, 1, 1513], ""<class 'abc.NT_0005_P_00000'>"": [], ""<class 'abc.NT_0005_P_00001'>"": [], ""<class 'bool'>"": [50833, 28611, 95173, 92596, 84996, 15299, 84608, 73218, 73704, 53577, 54127, 73580, 61648, 63455, 34182, 28379, 9832, 69766, 27025, 9321, 39372, 40559, 45589, 21512, 9991, 31131, 22379, 82972, 66879, 7070, 87492, 33083, 92916, 1233, 89415, 28350, 54741, 51276, 16414, 74832, 4355, 87209, 57305, 93042, 23231, 67903, 93745, 31960, 29422, 28659, 99170, 40455, 13273, 92051, 14178, 78998, 45259, 78698, 95977, 93014, 83753, 21951, 16043, 13772, 66730, 10736, 57934, 29081, 62948, 99869, 41968, 82469, 93064, 59471, 51253, 67704, 97811, 82022, 87389, 59617, 67283, 63422, 70186, 58801, 23472, 68171, 46787, 87700, 86179, 38104, 2384, 90063, 6576, 80132, 98840, 65605, 74894, 53809, 99733, 89043, 84198, 62780, 94716, 23035, 32450, 31489, 41399, 87765, 69122, 99723, 54018, 92501, 39572, 89999, 58379, 67238, 50112, 90146, 55533, 46837, 57815, 68681, 79206, 32534, 3130, 58659, 69605, 82887, 74526, 5911, 58400, 62789, 48677, 31474, 44702, 39368, 40140, 19876, 33772, 86631, 58194, 70508], ""<class 'int'>"": [88091, 54758, 80960, 4147, 58985, 98835, 33177, 12380, 43928, 18156, 46293, 82997, 26546, 21931, 20632, 91665, 69275, 46303, 61738, 80613, 63967, 92163, 79154, 79668, 18313, 6071, 50712, 91463, 54716, 33220, 52575, 78591, 28324, 24851, 385, 86434, 6594, 95864, 4088, 31907, 5028, 70908, 60125, 88976, 64506, 45119, 63026, 18677, 76141, 62129, 40973, 74468, 90479, 50241, 61828, 14495, 64587, 47259, 69389, 59226, 21182, 99643, 3451, 67066, 55205, 22485, 89443, 19030, 10288, 23574, 78426, 55280, 17305, 68878, 94325, 9074, 35370, 56456, 95300, 73961, 59051, 835, 21640, 2744, 30054, 96306, 55542, 57066, 65643, 97962, 97088, 62680, 24967, 56005, 85155, 81002, 48234, 28842, 92105, 38714, 65511, 82476, 73240, 25988, 68682, 4749, 1059, 85277, 54664, 55169, 72830, 29209, 32377, 56597, 43815, 46740, 16019, 36704, 91606, 3697, 42934, 87720, 75207, 56054, 59737, 79252, 96186, 60558, 8582, 3209, 7798, 18736, 20655, 95860, 60671, 36386, 88318, 80757, 49888, 58523, 36742, 48071, 76427, 91397, 47115, 74907, 19807, 19166, 48854, 4778, 9526, 30084, 70329, 29929, 24152, 98179, 6661, 59360, 47157, 52018, 24734, 716, 46264, 89982, 86072, 78100, 64619, 77321], ""<class 'abc.NT_0010'>"": [0, 0, 1, 53054], ""<class 'abc.NT_0010_P_00000'>"": [], ""<class 'abc.NT_0006'>"": [2, 2, 0, 1, 1302, 1892], ""<class 'abc.NT_0006_P_00000'>"": [], ""<class 'abc.NT_0006_P_00001'>"": [], ""<class 'abc.NT_0002'>"": [1, 1, 2, 1, 1, 1, 1, 0, 2, 1, 41818, 0, 2, 0, 1, 0, 2, 1, 53720, 1, 0, 0, 69722, 1, 8713, 0, 0, 2, 0, 0, 0, 2, 1, 64800, 99864], ""<class 'abc.NT_0002_P_00000'>"": [], ""<class 'abc.NT_0001'>"": [1, 1, 1, 0, 0, 0, 0, 1, 1, 1, 1, 0, 1, 16227, 1, 1, 1, 1, 0, 0, 10290, 0, 0, 0, 0, 0, 1, 40887, 0, 0, 0, 0, 0, 0, 0, 0, 0, 1, 0, 0, 0, 0, 76558, 0, 0, 0, 1, 0, 0, 26591, 1, 1, 1, 0, 1, 0, 0, 45290], ""<class 'abc.NT_0001_P_00000'>"": [], ""<class 'abc.NT_0001_P_00001'>"": [], ""<class 'abc.NT_0000'>"": [0, 1, 1, 94528, 1, 0, 1, 1, 31647, 1, 1, 80324, 0, 0, 75412, 1, 69944, 1, 0, 0, 0, 1, 0, 0, 0, 1, 1, 0, 1, 3483, 1, 0, 42401, 0, 0, 0, 0, 54668, 66557, 1, 0, 1, 1, 0, 0, 21028, 54540, 1, 5444, 3614, 1, 0, 0, 0, 0, 0, 71485, 1, 0, 0, 0, 0, 1, 20343], ""<class 'abc.NT_0000_P_00000'>"": [], ""<class 'abc.NT_0000_P_00001'>"": [], ""<class 'abc.NT_0002_P_00001'>"": [], ""<class 'abc.NT_0002_P_00002'>"": [], ""<class 'abc.NT_0006_P_00002'>"": [], ""<class 'abc.NT_0007'>"": [1, 0, 1, 2, 87885, 72251, 55074], ""<class 'abc.NT_0007_P_00000'>"": [], ""<class 'abc.NT_0007_P_00001'>"": [], ""<class 'abc.NT_0007_P_00002'>"": [], ""<class 'abc.NT_0004'>"": [1, 1, 77639, 2, 1, 2, 63194, 90154], ""<class 'abc.NT_0004_P_00000'>"": [], ""<class 'abc.NT_0003'>"": [10039, 1, 0, 1, 98974, 61725, 72592, 35725, 7660], ""<class 'abc.NT_0003_P_00000'>"": [], ""<class 'abc.NT_0003_P_00001'>"": [], ""<class 'abc.NT_0003_P_00002'>"": [], ""<class 'abc.NT_0003_P_00003'>"": [], ""<class 'abc.NT_0004_P_00001'>"": [], ""<class 'abc.NT_0004_P_00002'>"": [], ""<class 'abc.NT_0009'>"": [3, 0, 1, 1, 0, 45822], ""<class 'abc.NT_0009_P_00000'>"": [], ""<class 'abc.NT_0008'>"": [15828, 0, 83857, 0, 0, 0, 17129], ""<class 'abc.NT_0008_P_00000'>"": [], ""<class 'abc.NT_0009_P_00001'>"": [], ""<class 'abc.NT_0009_P_00002'>"": [], ""<class 'abc.NT_0009_P_00003'>"": [], ""<class 'abc.NT_0010_P_00001'>"": [], ""<class 'abc.NT_0010_P_00002'>"": [], ""<class 'abc.NT_0017_P_00001'>"": [], ""<class 'abc.NT_0012'>"": [0, 0, 27606, 0, 0, 65962], ""<class 'abc.NT_0012_P_00000'>"": [], ""<class 'abc.NT_0012_P_00001'>"": [], ""<class 'abc.NT_0017_P_00002'>"": [], ""<class 'abc.NT_0013'>"": [], ""<class 'abc.NT_0013_P_00000'>"": [], ""<class 'abc.NT_0011'>"": [0, 94522], ""<class 'abc.NT_0011_P_00000'>"": [], ""<class 'abc.NT_0011_P_00001'>"": [], ""<class 'abc.NT_0011_P_00002'>"": [], ""<class 'abc.NT_0013_P_00001'>"": [], ""<class 'abc.NT_0013_P_00002'>"": [], ""<class 'abc.NT_0017_P_00003'>"": [], ""<class 'abc.NT_0016'>"": [0, 20070], ""<class 'abc.NT_0016_P_00000'>"": [], ""<class 'abc.NT_0016_P_00001'>"": [], ""<class 'abc.NT_0016_P_00002'>"": [], '$leftovers': [13707, 7777, 43103, 79112, 41937, 82055, 41802, 80929, 37572, 24235, 1002, 66268, 87311, 99058, 42897, 54099, 4751, 39061, 38658, 18856, 32793, 32020, 84694, 43326, 66351, 11593, 16559, 82179, 29701, 14785, 63931, 19995, 86098, 88506, 88906, 98218, 57143, 64899, 75531, 17691, 63845, 68413, 76826, 30524, 48607, 6718, 24768, 14247, 23842, 98884, 92372, 55279, 40315, 43705, 6728, 53868, 34432, 73753, 89438, 79733, 83929, 38685, 35410, 5343, 16823, 35888, 70000, 12879, 27426, 44726, 95438, 53746, 11554, 35563, 36846, 46156, 65002, 72433, 85297, 12477, 3511, 72425, 53166, 5796, 30717, 45518, 76561, 21526, 65748, 18017, 64172, 9175, 16724, 51276, 1749, 5687, 47923, 68260, 48548, 94393, 55323, 76604, 84009, 54574, 8798, 35733, 67233, 4198, 56844, 12629, 29196, 81671, 71295, 84963, 73193, 37662, 77918, 40265, 71387, 2776, 72056, 79890, 24380, 6524, 11920, 82004, 80554, 7771, 51485, 29874, 64851, 32118, 68660, 22646, 40503, 29950, 45632, 59339, 63591, 66553, 79195, 90039, 8891, 94412, 82595, 43578, 41060, 60184, 28053, 84947, 77614, 38864, 91374, 58545, 50015, 19960, 7381, 78763, 85070, 21507, 19025, 51930, 32629, 45143, 39756, 26052, 37388, 90108, 9391, 53674, 16962, 24269, 95106, 99931, 56381, 37781, 12365, 84199, 30949, 74271, 916, 85830, 97679, 18102, 478, 75886, 30302, 21977, 90537, 30063, 19357, 81788, 35261, 14719, 66114, 20921, 20240, 5992, 58367, 9680, 68600, 85141, 46379, 54808, 83564, 47005, 66549, 22371, 91024, 89979, 20226, 63714, 58641, 45142, 46907, 57602, 15144, 97990, 7439, 11158, 59469, 11328, 80659, 5962, 25695, 77537, 11892, 91592, 56748, 38581, 37353, 71743, 70419, 27563, 8343, 51963, 16605, 94638, 42057, 61173, 28541, 41743, 60295, 49767, 73628, 41163, 91833, 78182, 82565, 25215, 96862, 76058, 44249, 82715, 20979, 71376, 27708, 78050, 40085, 30494, 46076, 48158, 98017, 59418, 77712, 4502, 58514, 86759, 30136, 53692, 84446, 34409, 6828, 35370, 50950, 51945, 59877, 55822, 81173, 57512, 24080, 92189, 34559, 32530, 48867, 64932, 44, 85888, 8300, 92843, 6844, 39222, 76898, 88754, 22876, 38074, 43299, 88699, 81654, 61902, 89999, 13497, 66668, 7338, 74096, 38397, 11013, 98336, 40480, 33892, 63626, 49088, 71312, 23172, 10803, 62392, 24917, 67254, 58009, 81336, 59457, 73844, 95696, 6506, 27308, 70695, 56701, 13067, 41613, 72662, 53528, 75491, 42519, 81780, 31754, 13856, 88917, 96452, 41223, 89774, 10407, 31336, 50783, 20291, 5997, 7069, 31395, 24625, 6189, 56620, 24762, 84988, 68874, 85812, 41091, 24302, 77112, 35149, 22780, 53184, 18627, 57549, 17465, 63612, 87939, 6980, 60883, 29814, 87238, 14952, 60779, 86760, 61062, 30267, 24445, 56989, 27229, 82900, 90023, 57786, 63779, 40235, 86679, 51776, 22058, 63483, 39593, 41554, 8133, 95503, 6716, 25867, 90267, 22987, 39665, 98545, 93605, 1747, 78248, 27473, 33109, 26918, 82634, 51318, 80099, 73743, 12182, 94300, 46775, 25047, 68889, 10070, 18361, 65084, 37080, 70960, 83222, 67058, 98067, 22471, 67691, 59607, 67337, 8930, 21238, 46639, 45431, 43153, 96128, 24156, 80501, 82080, 49059, 2091, 12212, 52072, 31681, 90064, 42922, 12694, 63500, 88958, 85424, 60965, 55836, 88426, 54941, 94663, 65220, 71036, 49752, 17451, 53699, 9314, 14619, 3290, 44849, 90564, 91441, 62905, 40530, 5641, 37318, 36823, 31308, 19382, 62343, 86280, 16633, 47566, 15336, 77921, 88788, 50425, 20260, 79556, 59009, 60227, 87434, 40228, 88797, 25912, 98562, 76789, 91824, 52309, 10258, 50738, 95463, 77205, 93493, 68362, 24106, 95689, 49524, 69579, 66348, 75971, 22529, 74132, 89303, 37488, 5127, 63655, 17283, 25796, 52901, 73353, 59242, 58591, 76499, 46764, 96815, 56675, 19904, 86086, 9538, 16381, 25966, 48189, 47295, 50918, 3257, 56486, 10672, 45517, 6977, 66557, 24565, 14166, 47870, 73695, 59021, 61532, 83752, 51246, 6816, 65190, 71364, 98756, 25731, 84141, 78432, 21130, 69362, 52504, 59655, 73856, 97330, 50721, 19705, 54620, 16926, 96429, 24048, 73377, 67355, 15053, 17980, 70735, 35236, 75523, 91241, 23447, 72477, 51156, 95259, 88333, 29494, 67321, 52714, 62917, 99842, 65229, 6617, 44275, 88720, 37853, 8770, 63811, 7507, 89636, 17817, 1558, 85068, 79776, 73733, 11481, 89926, 56682, 49746, 9429, 50818, 45883, 58652, 12423, 26431, 60221, 95661, 73944, 68283, 51044, 69558, 68608, 65135, 29404, 17239, 5514, 47278, 63393, 94877, 23491, 47292, 6877, 19032, 65956, 9732, 97912, 1976, 37613, 34466, 61934, 57269, 53618, 5940, 93510, 52374, 85684, 22266, 86296, 60665, 10810, 9462, 494, 58482, 75247, 71566, 31620, 58819, 97731, 83116, 7767, 83623, 12444, 57312, 49834, 46402, 98377, 30435, 36116, 16443, 25589, 45312, 64514, 37426, 76200, 11178, 7488, 18610, 92099, 97566, 6854, 33656, 17686, 10866, 73697, 81050, 12312, 6505, 95303, 61521, 72092, 94259, 32683, 45746, 77187, 88803, 39457, 40047, 95729, 22380, 62708, 14355, 83408, 29714, 50213, 24600, 63055, 94787, 52488, 53820, 72502, 35142, 82539, 36201, 83535, 70150, 4544, 53013, 91532, 98794, 75749, 37723, 24569, 90322, 279, 84293, 85419, 53204, 7321, 22724, 95538, 85836, 2877, 93721, 73981, 40836, 90505, 94370, 88415, 37372, 69317, 25860, 4116, 35759, 84385, 33447, 84816, 12456, 31068, 57878, 18743, 27118, 55146, 45045, 76854, 36409, 49423, 25447, 28432, 61176, 34319, 67878, 7127, 41048, 27399, 57337, 84290, 2409, 69039, 23729, 7494, 36747, 48478, 38848, 42755, 293, 91046, 40498, 48156, 87860, 19957, 4960, 74844, 19836, 92291, 57801, 90081, 88664, 17768, 78881, 47919, 71822, 34413, 1930, 46778, 88873, 89253, 43012, 48581, 9353, 85645, 13891, 48249, 50115, 66199, 3386, 20854, 99932, 28051, 71692, 93909, 74084, 74671, 89896, 50523, 88742, 12398, 72247, 55742, 51721, 34827, 36846, 62982, 39419, 78439, 9343, 48468, 84544, 39864, 76167, 43812, 71247, 20757, 1762, 41180, 27413, 60564, 22669, 82173, 16704, 46485, 72310, 26823, 41298, 58642, 32787, 90874, 58140, 56784, 29999, 8759, 96835, 78050, 41544, 1255, 17455, 33878, 64547, 58966, 82332, 5215, 48306, 8922, 24655, 4697, 70882, 84900, 82562, 62735, 34434, 73303, 61588, 35094, 68503, 41162, 54916, 58190, 12626, 60530, 22534, 77445, 84110, 41705, 60129, 60275, 26541, 44213, 1777, 13370, 3088, 42025, 39125, 6806, 57675, 48434, 98242, 36838, 43086, 11553, 17088, 22108, 72325, 25128, 87991, 65587, 14862, 36451, 44287, 9734, 15759, 72468, 61485, 14174, 26892, 64268, 19975, 5444, 33247, 50382, 76845, 87224, 36256, 66890, 95968, 72639, 77038, 43204, 39754, 36312, 74369, 96758, 27679, 249, 98284, 44817, 61235, 55085, 9992, 27298, 25783, 69424, 39622, 26481, 58524, 35109, 38014, 50849, 43262, 70599, 1236, 29822, 19493, 40976, 26562, 7919, 16019, 11304, 44960, 68766, 47516, 55933, 93459, 51964, 80457, 87397, 77661, 10867, 13339, 38927, 67085, 83000, 91594, 70221, 32812, 41638, 39247, 63161, 56481, 85947, 619, 54521, 29223, 59027, 34890, 77305, 79995, 54866, 56578, 59831, 16991, 48800, 12168, 58544, 42596, 87951, 65721, 11198, 23052, 15984, 12347, 45822, 1513, 17129, 34479, 87885, 87506, 81928, 20343, 45290, 20189, 98974, 29926, 61725, 72592, 35725, 72251, 55074, 7660, 24694]})"
562.0,9,164,22,25.542715311050415,10696,"Genotype(dna={""<class 'abc.NT_0017'>"": [1, 23052], ""<class 'abc.NT_0017_P_00000'>"": [], ""<class 'abc.NT_0005'>"": [0, 0, 35544, 1, 0, 1, 0, 1, 1, 1513], ""<class 'abc.NT_0005_P_00000'>"": [], ""<class 'abc.NT_0005_P_00001'>"": [], ""<class 'bool'>"": [50833, 28611, 95173, 92596, 84996, 15299, 84608, 73218, 73704, 53577, 54127, 73580, 61648, 63455, 34182, 28379, 9832, 69766, 27025, 9321, 39372, 40559, 45589, 21512, 9991, 31131, 22379, 82972, 66879, 7070, 87492, 33083, 92916, 1233, 89415, 28350, 54741, 51276, 16414, 74832, 4355, 87209, 57305, 93042, 23231, 67903, 93745, 31960, 29422, 28659, 99170, 40455, 13273, 92051, 14178, 78998, 45259, 78698, 95977, 93014, 83753, 21951, 16043, 13772, 66730, 10736, 57934, 29081, 62948, 99869, 41968, 82469, 93064, 59471, 51253, 67704, 97811, 82022, 87389, 59617, 67283, 63422, 70186, 58801, 23472, 68171, 46787, 87700, 86179, 38104, 2384, 90063, 6576, 80132, 98840, 65605, 74894, 53809, 99733, 89043, 84198, 62780, 94716, 23035, 32450, 31489, 41399, 87765, 69122, 99723, 54018, 92501, 39572, 89999, 58379, 67238, 50112, 90146, 55533, 46837, 57815, 68681, 79206, 32534, 3130, 58659, 69605, 82887, 74526, 5911, 58400, 62789, 48677, 31474, 44702, 39368, 40140, 19876, 33772, 86631, 58194, 70508], ""<class 'int'>"": [88091, 54758, 80960, 4147, 58985, 98835, 33177, 12380, 43928, 18156, 46293, 82997, 26546, 21931, 20632, 91665, 69275, 46303, 61738, 80613, 63967, 92163, 79154, 79668, 18313, 6071, 50712, 91463, 54716, 33220, 52575, 78591, 28324, 24851, 385, 86434, 6594, 95864, 4088, 31907, 5028, 70908, 60125, 88976, 64506, 45119, 63026, 18677, 76141, 62129, 40973, 74468, 90479, 50241, 61828, 14495, 64587, 47259, 69389, 59226, 21182, 99643, 3451, 67066, 55205, 22485, 89443, 19030, 10288, 23574, 78426, 55280, 17305, 68878, 94325, 9074, 35370, 56456, 95300, 73961, 59051, 835, 21640, 2744, 30054, 96306, 55542, 57066, 65643, 97962, 97088, 62680, 24967, 56005, 85155, 81002, 48234, 28842, 92105, 38714, 65511, 82476, 73240, 25988, 68682, 4749, 1059, 85277, 54664, 55169, 72830, 29209, 32377, 56597, 43815, 46740, 16019, 36704, 91606, 3697, 42934, 87720, 75207, 56054, 59737, 79252, 96186, 60558, 8582, 3209, 7798, 18736, 20655, 95860, 60671, 36386, 88318, 80757, 49888, 58523, 36742, 48071, 76427, 91397, 47115, 74907, 19807, 19166, 48854, 4778, 9526, 30084, 70329, 29929, 24152, 98179, 6661, 59360, 47157, 52018, 24734, 716, 46264, 89982, 86072, 78100, 64619, 77321], ""<class 'abc.NT_0010'>"": [0, 0, 1, 53054], ""<class 'abc.NT_0010_P_00000'>"": [], ""<class 'abc.NT_0006'>"": [2, 2, 0, 1, 1302, 1892], ""<class 'abc.NT_0006_P_00000'>"": [], ""<class 'abc.NT_0006_P_00001'>"": [], ""<class 'abc.NT_0002'>"": [1, 1, 2, 1, 1, 1, 1, 0, 2, 1, 41818, 0, 2, 0, 1, 0, 2, 1, 53720, 1, 0, 0, 69722, 1, 8713, 0, 0, 2, 0, 0, 0, 2, 1, 64800, 99864], ""<class 'abc.NT_0002_P_00000'>"": [], ""<class 'abc.NT_0001'>"": [1, 1, 1, 0, 0, 0, 0, 1, 1, 1, 1, 0, 1, 16227, 1, 1, 1, 1, 0, 0, 10290, 0, 0, 0, 0, 0, 1, 40887, 0, 0, 0, 0, 0, 0, 0, 0, 0, 1, 0, 0, 0, 0, 76558, 0, 0, 0, 1, 0, 0, 26591, 1, 1, 1, 0, 1, 0, 0, 45290], ""<class 'abc.NT_0001_P_00000'>"": [], ""<class 'abc.NT_0001_P_00001'>"": [], ""<class 'abc.NT_0000'>"": [0, 1, 1, 94528, 1, 0, 1, 1, 31647, 1, 1, 80324, 0, 0, 75412, 1, 69944, 1, 0, 0, 0, 1, 0, 0, 0, 1, 1, 0, 1, 3483, 1, 0, 42401, 0, 0, 0, 0, 54668, 66557, 1, 0, 1, 1, 0, 0, 21028, 54540, 1, 5444, 3614, 1, 0, 0, 0, 0, 0, 71485, 1, 0, 0, 0, 0, 1, 20343], ""<class 'abc.NT_0000_P_00000'>"": [], ""<class 'abc.NT_0000_P_00001'>"": [], ""<class 'abc.NT_0002_P_00001'>"": [], ""<class 'abc.NT_0002_P_00002'>"": [], ""<class 'abc.NT_0006_P_00002'>"": [], ""<class 'abc.NT_0007'>"": [1, 0, 1, 2, 87885, 72251, 55074], ""<class 'abc.NT_0007_P_00000'>"": [], ""<class 'abc.NT_0007_P_00001'>"": [], ""<class 'abc.NT_0007_P_00002'>"": [], ""<class 'abc.NT_0004'>"": [1, 1, 77639, 2, 1, 2, 63194, 90154], ""<class 'abc.NT_0004_P_00000'>"": [], ""<class 'abc.NT_0003'>"": [10039, 1, 0, 1, 98974, 61725, 72592, 35725, 7660], ""<class 'abc.NT_0003_P_00000'>"": [], ""<class 'abc.NT_0003_P_00001'>"": [], ""<class 'abc.NT_0003_P_00002'>"": [], ""<class 'abc.NT_0003_P_00003'>"": [], ""<class 'abc.NT_0004_P_00001'>"": [], ""<class 'abc.NT_0004_P_00002'>"": [], ""<class 'abc.NT_0009'>"": [3, 0, 1, 1, 0, 45822], ""<class 'abc.NT_0009_P_00000'>"": [], ""<class 'abc.NT_0008'>"": [15828, 0, 83857, 0, 0, 0, 17129], ""<class 'abc.NT_0008_P_00000'>"": [], ""<class 'abc.NT_0009_P_00001'>"": [], ""<class 'abc.NT_0009_P_00002'>"": [], ""<class 'abc.NT_0009_P_00003'>"": [], ""<class 'abc.NT_0010_P_00001'>"": [], ""<class 'abc.NT_0010_P_00002'>"": [], ""<class 'abc.NT_0017_P_00001'>"": [], ""<class 'abc.NT_0012'>"": [0, 0, 27606, 0, 0, 65962], ""<class 'abc.NT_0012_P_00000'>"": [], ""<class 'abc.NT_0012_P_00001'>"": [], ""<class 'abc.NT_0017_P_00002'>"": [], ""<class 'abc.NT_0013'>"": [], ""<class 'abc.NT_0013_P_00000'>"": [], ""<class 'abc.NT_0011'>"": [0, 94522], ""<class 'abc.NT_0011_P_00000'>"": [], ""<class 'abc.NT_0011_P_00001'>"": [], ""<class 'abc.NT_0011_P_00002'>"": [], ""<class 'abc.NT_0013_P_00001'>"": [], ""<class 'abc.NT_0013_P_00002'>"": [], ""<class 'abc.NT_0017_P_00003'>"": [], ""<class 'abc.NT_0016'>"": [0, 20070], ""<class 'abc.NT_0016_P_00000'>"": [], ""<class 'abc.NT_0016_P_00001'>"": [], ""<class 'abc.NT_0016_P_00002'>"": [], '$leftovers': [13707, 7777, 43103, 79112, 41937, 82055, 41802, 80929, 37572, 24235, 1002, 66268, 87311, 99058, 42897, 54099, 4751, 39061, 38658, 18856, 32793, 32020, 84694, 43326, 66351, 11593, 16559, 82179, 29701, 14785, 63931, 19995, 86098, 88506, 88906, 98218, 57143, 64899, 75531, 17691, 63845, 68413, 76826, 30524, 48607, 6718, 24768, 14247, 23842, 98884, 92372, 55279, 40315, 43705, 6728, 53868, 34432, 73753, 89438, 79733, 83929, 38685, 35410, 5343, 16823, 35888, 70000, 12879, 27426, 44726, 95438, 53746, 11554, 35563, 36846, 46156, 65002, 72433, 85297, 12477, 3511, 72425, 53166, 5796, 30717, 45518, 76561, 21526, 65748, 18017, 64172, 9175, 16724, 51276, 1749, 5687, 47923, 68260, 48548, 94393, 55323, 76604, 84009, 54574, 8798, 35733, 67233, 4198, 56844, 12629, 29196, 81671, 71295, 84963, 73193, 37662, 77918, 40265, 71387, 2776, 72056, 79890, 24380, 6524, 11920, 82004, 80554, 7771, 51485, 29874, 64851, 32118, 68660, 22646, 40503, 29950, 45632, 59339, 63591, 66553, 79195, 90039, 8891, 94412, 82595, 43578, 41060, 60184, 28053, 84947, 77614, 38864, 91374, 58545, 50015, 19960, 7381, 78763, 85070, 21507, 19025, 51930, 32629, 45143, 39756, 26052, 37388, 90108, 9391, 53674, 16962, 24269, 95106, 99931, 56381, 37781, 12365, 84199, 30949, 74271, 916, 85830, 97679, 18102, 478, 75886, 30302, 21977, 90537, 30063, 19357, 81788, 35261, 14719, 66114, 20921, 20240, 5992, 58367, 9680, 68600, 85141, 46379, 54808, 83564, 47005, 66549, 22371, 91024, 89979, 20226, 63714, 58641, 45142, 46907, 57602, 15144, 97990, 7439, 11158, 59469, 11328, 80659, 5962, 25695, 77537, 11892, 91592, 56748, 38581, 37353, 71743, 70419, 27563, 8343, 51963, 16605, 94638, 42057, 61173, 28541, 41743, 60295, 49767, 73628, 41163, 91833, 78182, 82565, 25215, 96862, 76058, 44249, 82715, 20979, 71376, 27708, 78050, 40085, 30494, 46076, 48158, 98017, 59418, 77712, 4502, 58514, 86759, 30136, 53692, 84446, 34409, 6828, 35370, 50950, 51945, 59877, 55822, 81173, 57512, 24080, 92189, 34559, 32530, 48867, 64932, 44, 85888, 8300, 92843, 6844, 39222, 76898, 88754, 22876, 38074, 43299, 88699, 81654, 61902, 89999, 13497, 66668, 7338, 74096, 38397, 11013, 98336, 40480, 33892, 63626, 49088, 71312, 23172, 10803, 62392, 24917, 67254, 58009, 81336, 59457, 73844, 95696, 6506, 27308, 70695, 56701, 13067, 41613, 72662, 53528, 75491, 42519, 81780, 31754, 13856, 88917, 96452, 41223, 89774, 10407, 31336, 50783, 20291, 5997, 7069, 31395, 24625, 6189, 56620, 24762, 84988, 68874, 85812, 41091, 24302, 77112, 35149, 22780, 53184, 18627, 57549, 17465, 63612, 87939, 6980, 60883, 29814, 87238, 14952, 60779, 86760, 61062, 30267, 24445, 56989, 27229, 82900, 90023, 57786, 63779, 40235, 86679, 51776, 22058, 63483, 39593, 41554, 8133, 95503, 6716, 25867, 90267, 22987, 39665, 98545, 93605, 1747, 78248, 27473, 33109, 26918, 82634, 51318, 80099, 73743, 12182, 94300, 46775, 25047, 68889, 10070, 18361, 65084, 37080, 70960, 83222, 67058, 98067, 22471, 67691, 59607, 67337, 8930, 21238, 46639, 45431, 43153, 96128, 24156, 80501, 82080, 49059, 2091, 12212, 52072, 31681, 90064, 42922, 12694, 63500, 88958, 85424, 60965, 55836, 88426, 54941, 94663, 65220, 71036, 49752, 17451, 53699, 9314, 14619, 3290, 44849, 90564, 91441, 62905, 40530, 5641, 37318, 36823, 31308, 19382, 62343, 86280, 16633, 47566, 15336, 77921, 88788, 50425, 20260, 79556, 59009, 60227, 87434, 40228, 88797, 25912, 98562, 76789, 91824, 52309, 10258, 50738, 95463, 77205, 93493, 68362, 24106, 95689, 49524, 69579, 66348, 75971, 22529, 74132, 89303, 37488, 5127, 63655, 17283, 25796, 52901, 73353, 59242, 58591, 76499, 46764, 96815, 56675, 19904, 86086, 9538, 16381, 25966, 48189, 47295, 50918, 3257, 56486, 10672, 45517, 6977, 66557, 24565, 14166, 47870, 73695, 59021, 61532, 83752, 51246, 6816, 65190, 71364, 98756, 25731, 84141, 78432, 21130, 69362, 52504, 59655, 73856, 97330, 50721, 19705, 54620, 16926, 96429, 24048, 73377, 67355, 15053, 17980, 70735, 35236, 75523, 91241, 23447, 72477, 51156, 95259, 88333, 29494, 67321, 52714, 62917, 99842, 65229, 6617, 44275, 88720, 37853, 8770, 63811, 7507, 89636, 17817, 1558, 85068, 79776, 73733, 11481, 89926, 56682, 49746, 9429, 50818, 45883, 58652, 12423, 26431, 60221, 95661, 73944, 68283, 51044, 69558, 68608, 65135, 29404, 17239, 5514, 47278, 63393, 94877, 23491, 47292, 6877, 19032, 65956, 9732, 97912, 1976, 37613, 34466, 61934, 57269, 53618, 5940, 93510, 52374, 85684, 22266, 86296, 60665, 10810, 9462, 494, 58482, 75247, 71566, 31620, 58819, 97731, 83116, 7767, 83623, 12444, 57312, 49834, 46402, 98377, 30435, 36116, 16443, 25589, 45312, 64514, 37426, 76200, 11178, 7488, 18610, 92099, 97566, 6854, 33656, 17686, 10866, 73697, 81050, 12312, 6505, 95303, 61521, 72092, 94259, 32683, 45746, 77187, 88803, 39457, 40047, 95729, 22380, 62708, 14355, 83408, 29714, 50213, 24600, 63055, 94787, 52488, 53820, 72502, 35142, 82539, 36201, 83535, 70150, 4544, 53013, 91532, 98794, 75749, 37723, 24569, 90322, 279, 84293, 85419, 53204, 7321, 22724, 95538, 85836, 2877, 93721, 73981, 40836, 90505, 94370, 88415, 37372, 69317, 25860, 4116, 35759, 84385, 33447, 84816, 12456, 31068, 57878, 18743, 27118, 55146, 45045, 76854, 36409, 49423, 25447, 28432, 61176, 34319, 67878, 7127, 41048, 27399, 57337, 84290, 2409, 69039, 23729, 7494, 36747, 48478, 38848, 42755, 293, 91046, 40498, 48156, 87860, 19957, 4960, 74844, 19836, 92291, 57801, 90081, 88664, 17768, 78881, 47919, 71822, 34413, 1930, 46778, 88873, 89253, 43012, 48581, 9353, 85645, 13891, 48249, 50115, 66199, 3386, 20854, 99932, 28051, 71692, 93909, 74084, 74671, 89896, 50523, 88742, 12398, 72247, 55742, 51721, 34827, 36846, 62982, 39419, 78439, 9343, 48468, 84544, 39864, 76167, 43812, 71247, 20757, 1762, 41180, 27413, 60564, 22669, 82173, 16704, 46485, 72310, 26823, 41298, 58642, 32787, 90874, 58140, 56784, 29999, 8759, 96835, 78050, 41544, 1255, 17455, 33878, 64547, 58966, 82332, 5215, 48306, 8922, 24655, 4697, 70882, 84900, 82562, 62735, 34434, 73303, 61588, 35094, 68503, 41162, 54916, 58190, 12626, 60530, 22534, 77445, 84110, 41705, 60129, 60275, 26541, 44213, 1777, 13370, 3088, 42025, 39125, 6806, 57675, 48434, 98242, 36838, 43086, 11553, 17088, 22108, 72325, 25128, 87991, 65587, 14862, 36451, 44287, 9734, 15759, 72468, 61485, 14174, 26892, 64268, 19975, 5444, 33247, 50382, 76845, 87224, 36256, 66890, 95968, 72639, 77038, 43204, 39754, 36312, 74369, 96758, 27679, 249, 98284, 44817, 61235, 55085, 9992, 27298, 25783, 69424, 39622, 26481, 58524, 35109, 38014, 50849, 43262, 70599, 1236, 29822, 19493, 40976, 26562, 7919, 16019, 11304, 44960, 68766, 47516, 55933, 93459, 51964, 80457, 87397, 77661, 10867, 13339, 38927, 67085, 83000, 91594, 70221, 32812, 41638, 39247, 63161, 56481, 85947, 619, 54521, 29223, 59027, 34890, 77305, 79995, 54866, 56578, 59831, 16991, 48800, 12168, 58544, 42596, 87951, 65721, 11198, 23052, 15984, 12347, 45822, 1513, 17129, 34479, 87885, 87506, 81928, 20343, 45290, 20189, 98974, 29926, 61725, 72592, 35725, 72251, 55074, 7660, 24694]})"
562.0,9,164,23,26.396137237548828,10696,"Genotype(dna={""<class 'abc.NT_0017'>"": [1, 23052], ""<class 'abc.NT_0017_P_00000'>"": [], ""<class 'abc.NT_0005'>"": [0, 0, 35544, 1, 0, 1, 0, 1, 1, 1513], ""<class 'abc.NT_0005_P_00000'>"": [], ""<class 'abc.NT_0005_P_00001'>"": [], ""<class 'bool'>"": [50833, 28611, 95173, 92596, 84996, 15299, 84608, 73218, 73704, 53577, 54127, 73580, 61648, 63455, 34182, 28379, 9832, 69766, 27025, 9321, 39372, 40559, 45589, 21512, 9991, 31131, 22379, 82972, 66879, 7070, 87492, 33083, 92916, 1233, 89415, 28350, 54741, 51276, 16414, 74832, 4355, 87209, 57305, 93042, 23231, 67903, 93745, 31960, 29422, 28659, 99170, 40455, 13273, 92051, 14178, 78998, 45259, 78698, 95977, 93014, 83753, 21951, 16043, 13772, 66730, 10736, 57934, 29081, 62948, 99869, 41968, 82469, 93064, 59471, 51253, 67704, 97811, 82022, 87389, 59617, 67283, 63422, 70186, 58801, 23472, 68171, 46787, 87700, 86179, 38104, 2384, 90063, 6576, 80132, 98840, 65605, 74894, 53809, 99733, 89043, 84198, 62780, 94716, 23035, 32450, 31489, 41399, 87765, 69122, 99723, 54018, 92501, 39572, 89999, 58379, 67238, 50112, 90146, 55533, 46837, 57815, 68681, 79206, 32534, 3130, 58659, 69605, 82887, 74526, 5911, 58400, 62789, 48677, 31474, 44702, 39368, 40140, 19876, 33772, 86631, 58194, 70508], ""<class 'int'>"": [88091, 54758, 80960, 4147, 58985, 98835, 33177, 12380, 43928, 18156, 46293, 82997, 26546, 21931, 20632, 91665, 69275, 46303, 61738, 80613, 63967, 92163, 79154, 79668, 18313, 6071, 50712, 91463, 54716, 33220, 52575, 78591, 28324, 24851, 385, 86434, 6594, 95864, 4088, 31907, 5028, 70908, 60125, 88976, 64506, 45119, 63026, 18677, 76141, 62129, 40973, 74468, 90479, 50241, 61828, 14495, 64587, 47259, 69389, 59226, 21182, 99643, 3451, 67066, 55205, 22485, 89443, 19030, 10288, 23574, 78426, 55280, 17305, 68878, 94325, 9074, 35370, 56456, 95300, 73961, 59051, 835, 21640, 2744, 30054, 96306, 55542, 57066, 65643, 97962, 97088, 62680, 24967, 56005, 85155, 81002, 48234, 28842, 92105, 38714, 65511, 82476, 73240, 25988, 68682, 4749, 1059, 85277, 54664, 55169, 72830, 29209, 32377, 56597, 43815, 46740, 16019, 36704, 91606, 3697, 42934, 87720, 75207, 56054, 59737, 79252, 96186, 60558, 8582, 3209, 7798, 18736, 20655, 95860, 60671, 36386, 88318, 80757, 49888, 58523, 36742, 48071, 76427, 91397, 47115, 74907, 19807, 19166, 48854, 4778, 9526, 30084, 70329, 29929, 24152, 98179, 6661, 59360, 47157, 52018, 24734, 716, 46264, 89982, 86072, 78100, 64619, 77321], ""<class 'abc.NT_0010'>"": [0, 0, 1, 53054], ""<class 'abc.NT_0010_P_00000'>"": [], ""<class 'abc.NT_0006'>"": [2, 2, 0, 1, 1302, 1892], ""<class 'abc.NT_0006_P_00000'>"": [], ""<class 'abc.NT_0006_P_00001'>"": [], ""<class 'abc.NT_0002'>"": [1, 1, 2, 1, 1, 1, 1, 0, 2, 1, 41818, 0, 2, 0, 1, 0, 2, 1, 53720, 1, 0, 0, 69722, 1, 8713, 0, 0, 2, 0, 0, 0, 2, 1, 64800, 99864], ""<class 'abc.NT_0002_P_00000'>"": [], ""<class 'abc.NT_0001'>"": [1, 1, 1, 0, 0, 0, 0, 1, 1, 1, 1, 0, 1, 16227, 1, 1, 1, 1, 0, 0, 10290, 0, 0, 0, 0, 0, 1, 40887, 0, 0, 0, 0, 0, 0, 0, 0, 0, 1, 0, 0, 0, 0, 76558, 0, 0, 0, 1, 0, 0, 26591, 1, 1, 1, 0, 1, 0, 0, 45290], ""<class 'abc.NT_0001_P_00000'>"": [], ""<class 'abc.NT_0001_P_00001'>"": [], ""<class 'abc.NT_0000'>"": [0, 1, 1, 94528, 1, 0, 1, 1, 31647, 1, 1, 80324, 0, 0, 75412, 1, 69944, 1, 0, 0, 0, 1, 0, 0, 0, 1, 1, 0, 1, 3483, 1, 0, 42401, 0, 0, 0, 0, 54668, 66557, 1, 0, 1, 1, 0, 0, 21028, 54540, 1, 5444, 3614, 1, 0, 0, 0, 0, 0, 71485, 1, 0, 0, 0, 0, 1, 20343], ""<class 'abc.NT_0000_P_00000'>"": [], ""<class 'abc.NT_0000_P_00001'>"": [], ""<class 'abc.NT_0002_P_00001'>"": [], ""<class 'abc.NT_0002_P_00002'>"": [], ""<class 'abc.NT_0006_P_00002'>"": [], ""<class 'abc.NT_0007'>"": [1, 0, 1, 2, 87885, 72251, 55074], ""<class 'abc.NT_0007_P_00000'>"": [], ""<class 'abc.NT_0007_P_00001'>"": [], ""<class 'abc.NT_0007_P_00002'>"": [], ""<class 'abc.NT_0004'>"": [1, 1, 77639, 2, 1, 2, 63194, 90154], ""<class 'abc.NT_0004_P_00000'>"": [], ""<class 'abc.NT_0003'>"": [10039, 1, 0, 1, 98974, 61725, 72592, 35725, 7660], ""<class 'abc.NT_0003_P_00000'>"": [], ""<class 'abc.NT_0003_P_00001'>"": [], ""<class 'abc.NT_0003_P_00002'>"": [], ""<class 'abc.NT_0003_P_00003'>"": [], ""<class 'abc.NT_0004_P_00001'>"": [], ""<class 'abc.NT_0004_P_00002'>"": [], ""<class 'abc.NT_0009'>"": [3, 0, 1, 1, 0, 45822], ""<class 'abc.NT_0009_P_00000'>"": [], ""<class 'abc.NT_0008'>"": [15828, 0, 83857, 0, 0, 0, 17129], ""<class 'abc.NT_0008_P_00000'>"": [], ""<class 'abc.NT_0009_P_00001'>"": [], ""<class 'abc.NT_0009_P_00002'>"": [], ""<class 'abc.NT_0009_P_00003'>"": [], ""<class 'abc.NT_0010_P_00001'>"": [], ""<class 'abc.NT_0010_P_00002'>"": [], ""<class 'abc.NT_0017_P_00001'>"": [], ""<class 'abc.NT_0012'>"": [0, 0, 27606, 0, 0, 65962], ""<class 'abc.NT_0012_P_00000'>"": [], ""<class 'abc.NT_0012_P_00001'>"": [], ""<class 'abc.NT_0017_P_00002'>"": [], ""<class 'abc.NT_0013'>"": [], ""<class 'abc.NT_0013_P_00000'>"": [], ""<class 'abc.NT_0011'>"": [0, 94522], ""<class 'abc.NT_0011_P_00000'>"": [], ""<class 'abc.NT_0011_P_00001'>"": [], ""<class 'abc.NT_0011_P_00002'>"": [], ""<class 'abc.NT_0013_P_00001'>"": [], ""<class 'abc.NT_0013_P_00002'>"": [], ""<class 'abc.NT_0017_P_00003'>"": [], ""<class 'abc.NT_0016'>"": [0, 20070], ""<class 'abc.NT_0016_P_00000'>"": [], ""<class 'abc.NT_0016_P_00001'>"": [], ""<class 'abc.NT_0016_P_00002'>"": [], '$leftovers': [13707, 7777, 43103, 79112, 41937, 82055, 41802, 80929, 37572, 24235, 1002, 66268, 87311, 99058, 42897, 54099, 4751, 39061, 38658, 18856, 32793, 32020, 84694, 43326, 66351, 11593, 16559, 82179, 29701, 14785, 63931, 19995, 86098, 88506, 88906, 98218, 57143, 64899, 75531, 17691, 63845, 68413, 76826, 30524, 48607, 6718, 24768, 14247, 23842, 98884, 92372, 55279, 40315, 43705, 6728, 53868, 34432, 73753, 89438, 79733, 83929, 38685, 35410, 5343, 16823, 35888, 70000, 12879, 27426, 44726, 95438, 53746, 11554, 35563, 36846, 46156, 65002, 72433, 85297, 12477, 3511, 72425, 53166, 5796, 30717, 45518, 76561, 21526, 65748, 18017, 64172, 9175, 16724, 51276, 1749, 5687, 47923, 68260, 48548, 94393, 55323, 76604, 84009, 54574, 8798, 35733, 67233, 4198, 56844, 12629, 29196, 81671, 71295, 84963, 73193, 37662, 77918, 40265, 71387, 2776, 72056, 79890, 24380, 6524, 11920, 82004, 80554, 7771, 51485, 29874, 64851, 32118, 68660, 22646, 40503, 29950, 45632, 59339, 63591, 66553, 79195, 90039, 8891, 94412, 82595, 43578, 41060, 60184, 28053, 84947, 77614, 38864, 91374, 58545, 50015, 19960, 7381, 78763, 85070, 21507, 19025, 51930, 32629, 45143, 39756, 26052, 37388, 90108, 9391, 53674, 16962, 24269, 95106, 99931, 56381, 37781, 12365, 84199, 30949, 74271, 916, 85830, 97679, 18102, 478, 75886, 30302, 21977, 90537, 30063, 19357, 81788, 35261, 14719, 66114, 20921, 20240, 5992, 58367, 9680, 68600, 85141, 46379, 54808, 83564, 47005, 66549, 22371, 91024, 89979, 20226, 63714, 58641, 45142, 46907, 57602, 15144, 97990, 7439, 11158, 59469, 11328, 80659, 5962, 25695, 77537, 11892, 91592, 56748, 38581, 37353, 71743, 70419, 27563, 8343, 51963, 16605, 94638, 42057, 61173, 28541, 41743, 60295, 49767, 73628, 41163, 91833, 78182, 82565, 25215, 96862, 76058, 44249, 82715, 20979, 71376, 27708, 78050, 40085, 30494, 46076, 48158, 98017, 59418, 77712, 4502, 58514, 86759, 30136, 53692, 84446, 34409, 6828, 35370, 50950, 51945, 59877, 55822, 81173, 57512, 24080, 92189, 34559, 32530, 48867, 64932, 44, 85888, 8300, 92843, 6844, 39222, 76898, 88754, 22876, 38074, 43299, 88699, 81654, 61902, 89999, 13497, 66668, 7338, 74096, 38397, 11013, 98336, 40480, 33892, 63626, 49088, 71312, 23172, 10803, 62392, 24917, 67254, 58009, 81336, 59457, 73844, 95696, 6506, 27308, 70695, 56701, 13067, 41613, 72662, 53528, 75491, 42519, 81780, 31754, 13856, 88917, 96452, 41223, 89774, 10407, 31336, 50783, 20291, 5997, 7069, 31395, 24625, 6189, 56620, 24762, 84988, 68874, 85812, 41091, 24302, 77112, 35149, 22780, 53184, 18627, 57549, 17465, 63612, 87939, 6980, 60883, 29814, 87238, 14952, 60779, 86760, 61062, 30267, 24445, 56989, 27229, 82900, 90023, 57786, 63779, 40235, 86679, 51776, 22058, 63483, 39593, 41554, 8133, 95503, 6716, 25867, 90267, 22987, 39665, 98545, 93605, 1747, 78248, 27473, 33109, 26918, 82634, 51318, 80099, 73743, 12182, 94300, 46775, 25047, 68889, 10070, 18361, 65084, 37080, 70960, 83222, 67058, 98067, 22471, 67691, 59607, 67337, 8930, 21238, 46639, 45431, 43153, 96128, 24156, 80501, 82080, 49059, 2091, 12212, 52072, 31681, 90064, 42922, 12694, 63500, 88958, 85424, 60965, 55836, 88426, 54941, 94663, 65220, 71036, 49752, 17451, 53699, 9314, 14619, 3290, 44849, 90564, 91441, 62905, 40530, 5641, 37318, 36823, 31308, 19382, 62343, 86280, 16633, 47566, 15336, 77921, 88788, 50425, 20260, 79556, 59009, 60227, 87434, 40228, 88797, 25912, 98562, 76789, 91824, 52309, 10258, 50738, 95463, 77205, 93493, 68362, 24106, 95689, 49524, 69579, 66348, 75971, 22529, 74132, 89303, 37488, 5127, 63655, 17283, 25796, 52901, 73353, 59242, 58591, 76499, 46764, 96815, 56675, 19904, 86086, 9538, 16381, 25966, 48189, 47295, 50918, 3257, 56486, 10672, 45517, 6977, 66557, 24565, 14166, 47870, 73695, 59021, 61532, 83752, 51246, 6816, 65190, 71364, 98756, 25731, 84141, 78432, 21130, 69362, 52504, 59655, 73856, 97330, 50721, 19705, 54620, 16926, 96429, 24048, 73377, 67355, 15053, 17980, 70735, 35236, 75523, 91241, 23447, 72477, 51156, 95259, 88333, 29494, 67321, 52714, 62917, 99842, 65229, 6617, 44275, 88720, 37853, 8770, 63811, 7507, 89636, 17817, 1558, 85068, 79776, 73733, 11481, 89926, 56682, 49746, 9429, 50818, 45883, 58652, 12423, 26431, 60221, 95661, 73944, 68283, 51044, 69558, 68608, 65135, 29404, 17239, 5514, 47278, 63393, 94877, 23491, 47292, 6877, 19032, 65956, 9732, 97912, 1976, 37613, 34466, 61934, 57269, 53618, 5940, 93510, 52374, 85684, 22266, 86296, 60665, 10810, 9462, 494, 58482, 75247, 71566, 31620, 58819, 97731, 83116, 7767, 83623, 12444, 57312, 49834, 46402, 98377, 30435, 36116, 16443, 25589, 45312, 64514, 37426, 76200, 11178, 7488, 18610, 92099, 97566, 6854, 33656, 17686, 10866, 73697, 81050, 12312, 6505, 95303, 61521, 72092, 94259, 32683, 45746, 77187, 88803, 39457, 40047, 95729, 22380, 62708, 14355, 83408, 29714, 50213, 24600, 63055, 94787, 52488, 53820, 72502, 35142, 82539, 36201, 83535, 70150, 4544, 53013, 91532, 98794, 75749, 37723, 24569, 90322, 279, 84293, 85419, 53204, 7321, 22724, 95538, 85836, 2877, 93721, 73981, 40836, 90505, 94370, 88415, 37372, 69317, 25860, 4116, 35759, 84385, 33447, 84816, 12456, 31068, 57878, 18743, 27118, 55146, 45045, 76854, 36409, 49423, 25447, 28432, 61176, 34319, 67878, 7127, 41048, 27399, 57337, 84290, 2409, 69039, 23729, 7494, 36747, 48478, 38848, 42755, 293, 91046, 40498, 48156, 87860, 19957, 4960, 74844, 19836, 92291, 57801, 90081, 88664, 17768, 78881, 47919, 71822, 34413, 1930, 46778, 88873, 89253, 43012, 48581, 9353, 85645, 13891, 48249, 50115, 66199, 3386, 20854, 99932, 28051, 71692, 93909, 74084, 74671, 89896, 50523, 88742, 12398, 72247, 55742, 51721, 34827, 36846, 62982, 39419, 78439, 9343, 48468, 84544, 39864, 76167, 43812, 71247, 20757, 1762, 41180, 27413, 60564, 22669, 82173, 16704, 46485, 72310, 26823, 41298, 58642, 32787, 90874, 58140, 56784, 29999, 8759, 96835, 78050, 41544, 1255, 17455, 33878, 64547, 58966, 82332, 5215, 48306, 8922, 24655, 4697, 70882, 84900, 82562, 62735, 34434, 73303, 61588, 35094, 68503, 41162, 54916, 58190, 12626, 60530, 22534, 77445, 84110, 41705, 60129, 60275, 26541, 44213, 1777, 13370, 3088, 42025, 39125, 6806, 57675, 48434, 98242, 36838, 43086, 11553, 17088, 22108, 72325, 25128, 87991, 65587, 14862, 36451, 44287, 9734, 15759, 72468, 61485, 14174, 26892, 64268, 19975, 5444, 33247, 50382, 76845, 87224, 36256, 66890, 95968, 72639, 77038, 43204, 39754, 36312, 74369, 96758, 27679, 249, 98284, 44817, 61235, 55085, 9992, 27298, 25783, 69424, 39622, 26481, 58524, 35109, 38014, 50849, 43262, 70599, 1236, 29822, 19493, 40976, 26562, 7919, 16019, 11304, 44960, 68766, 47516, 55933, 93459, 51964, 80457, 87397, 77661, 10867, 13339, 38927, 67085, 83000, 91594, 70221, 32812, 41638, 39247, 63161, 56481, 85947, 619, 54521, 29223, 59027, 34890, 77305, 79995, 54866, 56578, 59831, 16991, 48800, 12168, 58544, 42596, 87951, 65721, 11198, 23052, 15984, 12347, 45822, 1513, 17129, 34479, 87885, 87506, 81928, 20343, 45290, 20189, 98974, 29926, 61725, 72592, 35725, 72251, 55074, 7660, 24694]})"
562.0,9,164,24,27.23334765434265,10696,"Genotype(dna={""<class 'abc.NT_0017'>"": [1, 23052], ""<class 'abc.NT_0017_P_00000'>"": [], ""<class 'abc.NT_0005'>"": [0, 0, 35544, 1, 0, 1, 0, 1, 1, 1513], ""<class 'abc.NT_0005_P_00000'>"": [], ""<class 'abc.NT_0005_P_00001'>"": [], ""<class 'bool'>"": [50833, 28611, 95173, 92596, 84996, 15299, 84608, 73218, 73704, 53577, 54127, 73580, 61648, 63455, 34182, 28379, 9832, 69766, 27025, 9321, 39372, 40559, 45589, 21512, 9991, 31131, 22379, 82972, 66879, 7070, 87492, 33083, 92916, 1233, 89415, 28350, 54741, 51276, 16414, 74832, 4355, 87209, 57305, 93042, 23231, 67903, 93745, 31960, 29422, 28659, 99170, 40455, 13273, 92051, 14178, 78998, 45259, 78698, 95977, 93014, 83753, 21951, 16043, 13772, 66730, 10736, 57934, 29081, 62948, 99869, 41968, 82469, 93064, 59471, 51253, 67704, 97811, 82022, 87389, 59617, 67283, 63422, 70186, 58801, 23472, 68171, 46787, 87700, 86179, 38104, 2384, 90063, 6576, 80132, 98840, 65605, 74894, 53809, 99733, 89043, 84198, 62780, 94716, 23035, 32450, 31489, 41399, 87765, 69122, 99723, 54018, 92501, 39572, 89999, 58379, 67238, 50112, 90146, 55533, 46837, 57815, 68681, 79206, 32534, 3130, 58659, 69605, 82887, 74526, 5911, 58400, 62789, 48677, 31474, 44702, 39368, 40140, 19876, 33772, 86631, 58194, 70508], ""<class 'int'>"": [88091, 54758, 80960, 4147, 58985, 98835, 33177, 12380, 43928, 18156, 46293, 82997, 26546, 21931, 20632, 91665, 69275, 46303, 61738, 80613, 63967, 92163, 79154, 79668, 18313, 6071, 50712, 91463, 54716, 33220, 52575, 78591, 28324, 24851, 385, 86434, 6594, 95864, 4088, 31907, 5028, 70908, 60125, 88976, 64506, 45119, 63026, 18677, 76141, 62129, 40973, 74468, 90479, 50241, 61828, 14495, 64587, 47259, 69389, 59226, 21182, 99643, 3451, 67066, 55205, 22485, 89443, 19030, 10288, 23574, 78426, 55280, 17305, 68878, 94325, 9074, 35370, 56456, 95300, 73961, 59051, 835, 21640, 2744, 30054, 96306, 55542, 57066, 65643, 97962, 97088, 62680, 24967, 56005, 85155, 81002, 48234, 28842, 92105, 38714, 65511, 82476, 73240, 25988, 68682, 4749, 1059, 85277, 54664, 55169, 72830, 29209, 32377, 56597, 43815, 46740, 16019, 36704, 91606, 3697, 42934, 87720, 75207, 56054, 59737, 79252, 96186, 60558, 8582, 3209, 7798, 18736, 20655, 95860, 60671, 36386, 88318, 80757, 49888, 58523, 36742, 48071, 76427, 91397, 47115, 74907, 19807, 19166, 48854, 4778, 9526, 30084, 70329, 29929, 24152, 98179, 6661, 59360, 47157, 52018, 24734, 716, 46264, 89982, 86072, 78100, 64619, 77321], ""<class 'abc.NT_0010'>"": [0, 0, 1, 53054], ""<class 'abc.NT_0010_P_00000'>"": [], ""<class 'abc.NT_0006'>"": [2, 2, 0, 1, 1302, 1892], ""<class 'abc.NT_0006_P_00000'>"": [], ""<class 'abc.NT_0006_P_00001'>"": [], ""<class 'abc.NT_0002'>"": [1, 1, 2, 1, 1, 1, 1, 0, 2, 1, 41818, 0, 2, 0, 1, 0, 2, 1, 53720, 1, 0, 0, 69722, 1, 8713, 0, 0, 2, 0, 0, 0, 2, 1, 64800, 99864], ""<class 'abc.NT_0002_P_00000'>"": [], ""<class 'abc.NT_0001'>"": [1, 1, 1, 0, 0, 0, 0, 1, 1, 1, 1, 0, 1, 16227, 1, 1, 1, 1, 0, 0, 10290, 0, 0, 0, 0, 0, 1, 40887, 0, 0, 0, 0, 0, 0, 0, 0, 0, 1, 0, 0, 0, 0, 76558, 0, 0, 0, 1, 0, 0, 26591, 1, 1, 1, 0, 1, 0, 0, 45290], ""<class 'abc.NT_0001_P_00000'>"": [], ""<class 'abc.NT_0001_P_00001'>"": [], ""<class 'abc.NT_0000'>"": [0, 1, 1, 94528, 1, 0, 1, 1, 31647, 1, 1, 80324, 0, 0, 75412, 1, 69944, 1, 0, 0, 0, 1, 0, 0, 0, 1, 1, 0, 1, 3483, 1, 0, 42401, 0, 0, 0, 0, 54668, 66557, 1, 0, 1, 1, 0, 0, 21028, 54540, 1, 5444, 3614, 1, 0, 0, 0, 0, 0, 71485, 1, 0, 0, 0, 0, 1, 20343], ""<class 'abc.NT_0000_P_00000'>"": [], ""<class 'abc.NT_0000_P_00001'>"": [], ""<class 'abc.NT_0002_P_00001'>"": [], ""<class 'abc.NT_0002_P_00002'>"": [], ""<class 'abc.NT_0006_P_00002'>"": [], ""<class 'abc.NT_0007'>"": [1, 0, 1, 2, 87885, 72251, 55074], ""<class 'abc.NT_0007_P_00000'>"": [], ""<class 'abc.NT_0007_P_00001'>"": [], ""<class 'abc.NT_0007_P_00002'>"": [], ""<class 'abc.NT_0004'>"": [1, 1, 77639, 2, 1, 2, 63194, 90154], ""<class 'abc.NT_0004_P_00000'>"": [], ""<class 'abc.NT_0003'>"": [10039, 1, 0, 1, 98974, 61725, 72592, 35725, 7660], ""<class 'abc.NT_0003_P_00000'>"": [], ""<class 'abc.NT_0003_P_00001'>"": [], ""<class 'abc.NT_0003_P_00002'>"": [], ""<class 'abc.NT_0003_P_00003'>"": [], ""<class 'abc.NT_0004_P_00001'>"": [], ""<class 'abc.NT_0004_P_00002'>"": [], ""<class 'abc.NT_0009'>"": [3, 0, 1, 1, 0, 45822], ""<class 'abc.NT_0009_P_00000'>"": [], ""<class 'abc.NT_0008'>"": [15828, 0, 83857, 0, 0, 0, 17129], ""<class 'abc.NT_0008_P_00000'>"": [], ""<class 'abc.NT_0009_P_00001'>"": [], ""<class 'abc.NT_0009_P_00002'>"": [], ""<class 'abc.NT_0009_P_00003'>"": [], ""<class 'abc.NT_0010_P_00001'>"": [], ""<class 'abc.NT_0010_P_00002'>"": [], ""<class 'abc.NT_0017_P_00001'>"": [], ""<class 'abc.NT_0012'>"": [0, 0, 27606, 0, 0, 65962], ""<class 'abc.NT_0012_P_00000'>"": [], ""<class 'abc.NT_0012_P_00001'>"": [], ""<class 'abc.NT_0017_P_00002'>"": [], ""<class 'abc.NT_0013'>"": [], ""<class 'abc.NT_0013_P_00000'>"": [], ""<class 'abc.NT_0011'>"": [0, 94522], ""<class 'abc.NT_0011_P_00000'>"": [], ""<class 'abc.NT_0011_P_00001'>"": [], ""<class 'abc.NT_0011_P_00002'>"": [], ""<class 'abc.NT_0013_P_00001'>"": [], ""<class 'abc.NT_0013_P_00002'>"": [], ""<class 'abc.NT_0017_P_00003'>"": [], ""<class 'abc.NT_0016'>"": [0, 20070], ""<class 'abc.NT_0016_P_00000'>"": [], ""<class 'abc.NT_0016_P_00001'>"": [], ""<class 'abc.NT_0016_P_00002'>"": [], '$leftovers': [13707, 7777, 43103, 79112, 41937, 82055, 41802, 80929, 37572, 24235, 1002, 66268, 87311, 99058, 42897, 54099, 4751, 39061, 38658, 18856, 32793, 32020, 84694, 43326, 66351, 11593, 16559, 82179, 29701, 14785, 63931, 19995, 86098, 88506, 88906, 98218, 57143, 64899, 75531, 17691, 63845, 68413, 76826, 30524, 48607, 6718, 24768, 14247, 23842, 98884, 92372, 55279, 40315, 43705, 6728, 53868, 34432, 73753, 89438, 79733, 83929, 38685, 35410, 5343, 16823, 35888, 70000, 12879, 27426, 44726, 95438, 53746, 11554, 35563, 36846, 46156, 65002, 72433, 85297, 12477, 3511, 72425, 53166, 5796, 30717, 45518, 76561, 21526, 65748, 18017, 64172, 9175, 16724, 51276, 1749, 5687, 47923, 68260, 48548, 94393, 55323, 76604, 84009, 54574, 8798, 35733, 67233, 4198, 56844, 12629, 29196, 81671, 71295, 84963, 73193, 37662, 77918, 40265, 71387, 2776, 72056, 79890, 24380, 6524, 11920, 82004, 80554, 7771, 51485, 29874, 64851, 32118, 68660, 22646, 40503, 29950, 45632, 59339, 63591, 66553, 79195, 90039, 8891, 94412, 82595, 43578, 41060, 60184, 28053, 84947, 77614, 38864, 91374, 58545, 50015, 19960, 7381, 78763, 85070, 21507, 19025, 51930, 32629, 45143, 39756, 26052, 37388, 90108, 9391, 53674, 16962, 24269, 95106, 99931, 56381, 37781, 12365, 84199, 30949, 74271, 916, 85830, 97679, 18102, 478, 75886, 30302, 21977, 90537, 30063, 19357, 81788, 35261, 14719, 66114, 20921, 20240, 5992, 58367, 9680, 68600, 85141, 46379, 54808, 83564, 47005, 66549, 22371, 91024, 89979, 20226, 63714, 58641, 45142, 46907, 57602, 15144, 97990, 7439, 11158, 59469, 11328, 80659, 5962, 25695, 77537, 11892, 91592, 56748, 38581, 37353, 71743, 70419, 27563, 8343, 51963, 16605, 94638, 42057, 61173, 28541, 41743, 60295, 49767, 73628, 41163, 91833, 78182, 82565, 25215, 96862, 76058, 44249, 82715, 20979, 71376, 27708, 78050, 40085, 30494, 46076, 48158, 98017, 59418, 77712, 4502, 58514, 86759, 30136, 53692, 84446, 34409, 6828, 35370, 50950, 51945, 59877, 55822, 81173, 57512, 24080, 92189, 34559, 32530, 48867, 64932, 44, 85888, 8300, 92843, 6844, 39222, 76898, 88754, 22876, 38074, 43299, 88699, 81654, 61902, 89999, 13497, 66668, 7338, 74096, 38397, 11013, 98336, 40480, 33892, 63626, 49088, 71312, 23172, 10803, 62392, 24917, 67254, 58009, 81336, 59457, 73844, 95696, 6506, 27308, 70695, 56701, 13067, 41613, 72662, 53528, 75491, 42519, 81780, 31754, 13856, 88917, 96452, 41223, 89774, 10407, 31336, 50783, 20291, 5997, 7069, 31395, 24625, 6189, 56620, 24762, 84988, 68874, 85812, 41091, 24302, 77112, 35149, 22780, 53184, 18627, 57549, 17465, 63612, 87939, 6980, 60883, 29814, 87238, 14952, 60779, 86760, 61062, 30267, 24445, 56989, 27229, 82900, 90023, 57786, 63779, 40235, 86679, 51776, 22058, 63483, 39593, 41554, 8133, 95503, 6716, 25867, 90267, 22987, 39665, 98545, 93605, 1747, 78248, 27473, 33109, 26918, 82634, 51318, 80099, 73743, 12182, 94300, 46775, 25047, 68889, 10070, 18361, 65084, 37080, 70960, 83222, 67058, 98067, 22471, 67691, 59607, 67337, 8930, 21238, 46639, 45431, 43153, 96128, 24156, 80501, 82080, 49059, 2091, 12212, 52072, 31681, 90064, 42922, 12694, 63500, 88958, 85424, 60965, 55836, 88426, 54941, 94663, 65220, 71036, 49752, 17451, 53699, 9314, 14619, 3290, 44849, 90564, 91441, 62905, 40530, 5641, 37318, 36823, 31308, 19382, 62343, 86280, 16633, 47566, 15336, 77921, 88788, 50425, 20260, 79556, 59009, 60227, 87434, 40228, 88797, 25912, 98562, 76789, 91824, 52309, 10258, 50738, 95463, 77205, 93493, 68362, 24106, 95689, 49524, 69579, 66348, 75971, 22529, 74132, 89303, 37488, 5127, 63655, 17283, 25796, 52901, 73353, 59242, 58591, 76499, 46764, 96815, 56675, 19904, 86086, 9538, 16381, 25966, 48189, 47295, 50918, 3257, 56486, 10672, 45517, 6977, 66557, 24565, 14166, 47870, 73695, 59021, 61532, 83752, 51246, 6816, 65190, 71364, 98756, 25731, 84141, 78432, 21130, 69362, 52504, 59655, 73856, 97330, 50721, 19705, 54620, 16926, 96429, 24048, 73377, 67355, 15053, 17980, 70735, 35236, 75523, 91241, 23447, 72477, 51156, 95259, 88333, 29494, 67321, 52714, 62917, 99842, 65229, 6617, 44275, 88720, 37853, 8770, 63811, 7507, 89636, 17817, 1558, 85068, 79776, 73733, 11481, 89926, 56682, 49746, 9429, 50818, 45883, 58652, 12423, 26431, 60221, 95661, 73944, 68283, 51044, 69558, 68608, 65135, 29404, 17239, 5514, 47278, 63393, 94877, 23491, 47292, 6877, 19032, 65956, 9732, 97912, 1976, 37613, 34466, 61934, 57269, 53618, 5940, 93510, 52374, 85684, 22266, 86296, 60665, 10810, 9462, 494, 58482, 75247, 71566, 31620, 58819, 97731, 83116, 7767, 83623, 12444, 57312, 49834, 46402, 98377, 30435, 36116, 16443, 25589, 45312, 64514, 37426, 76200, 11178, 7488, 18610, 92099, 97566, 6854, 33656, 17686, 10866, 73697, 81050, 12312, 6505, 95303, 61521, 72092, 94259, 32683, 45746, 77187, 88803, 39457, 40047, 95729, 22380, 62708, 14355, 83408, 29714, 50213, 24600, 63055, 94787, 52488, 53820, 72502, 35142, 82539, 36201, 83535, 70150, 4544, 53013, 91532, 98794, 75749, 37723, 24569, 90322, 279, 84293, 85419, 53204, 7321, 22724, 95538, 85836, 2877, 93721, 73981, 40836, 90505, 94370, 88415, 37372, 69317, 25860, 4116, 35759, 84385, 33447, 84816, 12456, 31068, 57878, 18743, 27118, 55146, 45045, 76854, 36409, 49423, 25447, 28432, 61176, 34319, 67878, 7127, 41048, 27399, 57337, 84290, 2409, 69039, 23729, 7494, 36747, 48478, 38848, 42755, 293, 91046, 40498, 48156, 87860, 19957, 4960, 74844, 19836, 92291, 57801, 90081, 88664, 17768, 78881, 47919, 71822, 34413, 1930, 46778, 88873, 89253, 43012, 48581, 9353, 85645, 13891, 48249, 50115, 66199, 3386, 20854, 99932, 28051, 71692, 93909, 74084, 74671, 89896, 50523, 88742, 12398, 72247, 55742, 51721, 34827, 36846, 62982, 39419, 78439, 9343, 48468, 84544, 39864, 76167, 43812, 71247, 20757, 1762, 41180, 27413, 60564, 22669, 82173, 16704, 46485, 72310, 26823, 41298, 58642, 32787, 90874, 58140, 56784, 29999, 8759, 96835, 78050, 41544, 1255, 17455, 33878, 64547, 58966, 82332, 5215, 48306, 8922, 24655, 4697, 70882, 84900, 82562, 62735, 34434, 73303, 61588, 35094, 68503, 41162, 54916, 58190, 12626, 60530, 22534, 77445, 84110, 41705, 60129, 60275, 26541, 44213, 1777, 13370, 3088, 42025, 39125, 6806, 57675, 48434, 98242, 36838, 43086, 11553, 17088, 22108, 72325, 25128, 87991, 65587, 14862, 36451, 44287, 9734, 15759, 72468, 61485, 14174, 26892, 64268, 19975, 5444, 33247, 50382, 76845, 87224, 36256, 66890, 95968, 72639, 77038, 43204, 39754, 36312, 74369, 96758, 27679, 249, 98284, 44817, 61235, 55085, 9992, 27298, 25783, 69424, 39622, 26481, 58524, 35109, 38014, 50849, 43262, 70599, 1236, 29822, 19493, 40976, 26562, 7919, 16019, 11304, 44960, 68766, 47516, 55933, 93459, 51964, 80457, 87397, 77661, 10867, 13339, 38927, 67085, 83000, 91594, 70221, 32812, 41638, 39247, 63161, 56481, 85947, 619, 54521, 29223, 59027, 34890, 77305, 79995, 54866, 56578, 59831, 16991, 48800, 12168, 58544, 42596, 87951, 65721, 11198, 23052, 15984, 12347, 45822, 1513, 17129, 34479, 87885, 87506, 81928, 20343, 45290, 20189, 98974, 29926, 61725, 72592, 35725, 72251, 55074, 7660, 24694]})"
562.0,9,164,25,28.22188711166382,10696,"Genotype(dna={""<class 'abc.NT_0017'>"": [1, 23052], ""<class 'abc.NT_0017_P_00000'>"": [], ""<class 'abc.NT_0005'>"": [0, 0, 35544, 1, 0, 1, 0, 1, 1, 1513], ""<class 'abc.NT_0005_P_00000'>"": [], ""<class 'abc.NT_0005_P_00001'>"": [], ""<class 'bool'>"": [50833, 28611, 95173, 92596, 84996, 15299, 84608, 73218, 73704, 53577, 54127, 73580, 61648, 63455, 34182, 28379, 9832, 69766, 27025, 9321, 39372, 40559, 45589, 21512, 9991, 31131, 22379, 82972, 66879, 7070, 87492, 33083, 92916, 1233, 89415, 28350, 54741, 51276, 16414, 74832, 4355, 87209, 57305, 93042, 23231, 67903, 93745, 31960, 29422, 28659, 99170, 40455, 13273, 92051, 14178, 78998, 45259, 78698, 95977, 93014, 83753, 21951, 16043, 13772, 66730, 10736, 57934, 29081, 62948, 99869, 41968, 82469, 93064, 59471, 51253, 67704, 97811, 82022, 87389, 59617, 67283, 63422, 70186, 58801, 23472, 68171, 46787, 87700, 86179, 38104, 2384, 90063, 6576, 80132, 98840, 65605, 74894, 53809, 99733, 89043, 84198, 62780, 94716, 23035, 32450, 31489, 41399, 87765, 69122, 99723, 54018, 92501, 39572, 89999, 58379, 67238, 50112, 90146, 55533, 46837, 57815, 68681, 79206, 32534, 3130, 58659, 69605, 82887, 74526, 5911, 58400, 62789, 48677, 31474, 44702, 39368, 40140, 19876, 33772, 86631, 58194, 70508], ""<class 'int'>"": [88091, 54758, 80960, 4147, 58985, 98835, 33177, 12380, 43928, 18156, 46293, 82997, 26546, 21931, 20632, 91665, 69275, 46303, 61738, 80613, 63967, 92163, 79154, 79668, 18313, 6071, 50712, 91463, 54716, 33220, 52575, 78591, 28324, 24851, 385, 86434, 6594, 95864, 4088, 31907, 5028, 70908, 60125, 88976, 64506, 45119, 63026, 18677, 76141, 62129, 40973, 74468, 90479, 50241, 61828, 14495, 64587, 47259, 69389, 59226, 21182, 99643, 3451, 67066, 55205, 22485, 89443, 19030, 10288, 23574, 78426, 55280, 17305, 68878, 94325, 9074, 35370, 56456, 95300, 73961, 59051, 835, 21640, 2744, 30054, 96306, 55542, 57066, 65643, 97962, 97088, 62680, 24967, 56005, 85155, 81002, 48234, 28842, 92105, 38714, 65511, 82476, 73240, 25988, 68682, 4749, 1059, 85277, 54664, 55169, 72830, 29209, 32377, 56597, 43815, 46740, 16019, 36704, 91606, 3697, 42934, 87720, 75207, 56054, 59737, 79252, 96186, 60558, 8582, 3209, 7798, 18736, 20655, 95860, 60671, 36386, 88318, 80757, 49888, 58523, 36742, 48071, 76427, 91397, 47115, 74907, 19807, 19166, 48854, 4778, 9526, 30084, 70329, 29929, 24152, 98179, 6661, 59360, 47157, 52018, 24734, 716, 46264, 89982, 86072, 78100, 64619, 77321], ""<class 'abc.NT_0010'>"": [0, 0, 1, 53054], ""<class 'abc.NT_0010_P_00000'>"": [], ""<class 'abc.NT_0006'>"": [2, 2, 0, 1, 1302, 1892], ""<class 'abc.NT_0006_P_00000'>"": [], ""<class 'abc.NT_0006_P_00001'>"": [], ""<class 'abc.NT_0002'>"": [1, 1, 2, 1, 1, 1, 1, 0, 2, 1, 41818, 0, 2, 0, 1, 0, 2, 1, 53720, 1, 0, 0, 69722, 1, 8713, 0, 0, 2, 0, 0, 0, 2, 1, 64800, 99864], ""<class 'abc.NT_0002_P_00000'>"": [], ""<class 'abc.NT_0001'>"": [1, 1, 1, 0, 0, 0, 0, 1, 1, 1, 1, 0, 1, 16227, 1, 1, 1, 1, 0, 0, 10290, 0, 0, 0, 0, 0, 1, 40887, 0, 0, 0, 0, 0, 0, 0, 0, 0, 1, 0, 0, 0, 0, 76558, 0, 0, 0, 1, 0, 0, 26591, 1, 1, 1, 0, 1, 0, 0, 45290], ""<class 'abc.NT_0001_P_00000'>"": [], ""<class 'abc.NT_0001_P_00001'>"": [], ""<class 'abc.NT_0000'>"": [0, 1, 1, 94528, 1, 0, 1, 1, 31647, 1, 1, 80324, 0, 0, 75412, 1, 69944, 1, 0, 0, 0, 1, 0, 0, 0, 1, 1, 0, 1, 3483, 1, 0, 42401, 0, 0, 0, 0, 54668, 66557, 1, 0, 1, 1, 0, 0, 21028, 54540, 1, 5444, 3614, 1, 0, 0, 0, 0, 0, 71485, 1, 0, 0, 0, 0, 1, 20343], ""<class 'abc.NT_0000_P_00000'>"": [], ""<class 'abc.NT_0000_P_00001'>"": [], ""<class 'abc.NT_0002_P_00001'>"": [], ""<class 'abc.NT_0002_P_00002'>"": [], ""<class 'abc.NT_0006_P_00002'>"": [], ""<class 'abc.NT_0007'>"": [1, 0, 1, 2, 87885, 72251, 55074], ""<class 'abc.NT_0007_P_00000'>"": [], ""<class 'abc.NT_0007_P_00001'>"": [], ""<class 'abc.NT_0007_P_00002'>"": [], ""<class 'abc.NT_0004'>"": [1, 1, 77639, 2, 1, 2, 63194, 90154], ""<class 'abc.NT_0004_P_00000'>"": [], ""<class 'abc.NT_0003'>"": [10039, 1, 0, 1, 98974, 61725, 72592, 35725, 7660], ""<class 'abc.NT_0003_P_00000'>"": [], ""<class 'abc.NT_0003_P_00001'>"": [], ""<class 'abc.NT_0003_P_00002'>"": [], ""<class 'abc.NT_0003_P_00003'>"": [], ""<class 'abc.NT_0004_P_00001'>"": [], ""<class 'abc.NT_0004_P_00002'>"": [], ""<class 'abc.NT_0009'>"": [3, 0, 1, 1, 0, 45822], ""<class 'abc.NT_0009_P_00000'>"": [], ""<class 'abc.NT_0008'>"": [15828, 0, 83857, 0, 0, 0, 17129], ""<class 'abc.NT_0008_P_00000'>"": [], ""<class 'abc.NT_0009_P_00001'>"": [], ""<class 'abc.NT_0009_P_00002'>"": [], ""<class 'abc.NT_0009_P_00003'>"": [], ""<class 'abc.NT_0010_P_00001'>"": [], ""<class 'abc.NT_0010_P_00002'>"": [], ""<class 'abc.NT_0017_P_00001'>"": [], ""<class 'abc.NT_0012'>"": [0, 0, 27606, 0, 0, 65962], ""<class 'abc.NT_0012_P_00000'>"": [], ""<class 'abc.NT_0012_P_00001'>"": [], ""<class 'abc.NT_0017_P_00002'>"": [], ""<class 'abc.NT_0013'>"": [], ""<class 'abc.NT_0013_P_00000'>"": [], ""<class 'abc.NT_0011'>"": [0, 94522], ""<class 'abc.NT_0011_P_00000'>"": [], ""<class 'abc.NT_0011_P_00001'>"": [], ""<class 'abc.NT_0011_P_00002'>"": [], ""<class 'abc.NT_0013_P_00001'>"": [], ""<class 'abc.NT_0013_P_00002'>"": [], ""<class 'abc.NT_0017_P_00003'>"": [], ""<class 'abc.NT_0016'>"": [0, 20070], ""<class 'abc.NT_0016_P_00000'>"": [], ""<class 'abc.NT_0016_P_00001'>"": [], ""<class 'abc.NT_0016_P_00002'>"": [], '$leftovers': [13707, 7777, 43103, 79112, 41937, 82055, 41802, 80929, 37572, 24235, 1002, 66268, 87311, 99058, 42897, 54099, 4751, 39061, 38658, 18856, 32793, 32020, 84694, 43326, 66351, 11593, 16559, 82179, 29701, 14785, 63931, 19995, 86098, 88506, 88906, 98218, 57143, 64899, 75531, 17691, 63845, 68413, 76826, 30524, 48607, 6718, 24768, 14247, 23842, 98884, 92372, 55279, 40315, 43705, 6728, 53868, 34432, 73753, 89438, 79733, 83929, 38685, 35410, 5343, 16823, 35888, 70000, 12879, 27426, 44726, 95438, 53746, 11554, 35563, 36846, 46156, 65002, 72433, 85297, 12477, 3511, 72425, 53166, 5796, 30717, 45518, 76561, 21526, 65748, 18017, 64172, 9175, 16724, 51276, 1749, 5687, 47923, 68260, 48548, 94393, 55323, 76604, 84009, 54574, 8798, 35733, 67233, 4198, 56844, 12629, 29196, 81671, 71295, 84963, 73193, 37662, 77918, 40265, 71387, 2776, 72056, 79890, 24380, 6524, 11920, 82004, 80554, 7771, 51485, 29874, 64851, 32118, 68660, 22646, 40503, 29950, 45632, 59339, 63591, 66553, 79195, 90039, 8891, 94412, 82595, 43578, 41060, 60184, 28053, 84947, 77614, 38864, 91374, 58545, 50015, 19960, 7381, 78763, 85070, 21507, 19025, 51930, 32629, 45143, 39756, 26052, 37388, 90108, 9391, 53674, 16962, 24269, 95106, 99931, 56381, 37781, 12365, 84199, 30949, 74271, 916, 85830, 97679, 18102, 478, 75886, 30302, 21977, 90537, 30063, 19357, 81788, 35261, 14719, 66114, 20921, 20240, 5992, 58367, 9680, 68600, 85141, 46379, 54808, 83564, 47005, 66549, 22371, 91024, 89979, 20226, 63714, 58641, 45142, 46907, 57602, 15144, 97990, 7439, 11158, 59469, 11328, 80659, 5962, 25695, 77537, 11892, 91592, 56748, 38581, 37353, 71743, 70419, 27563, 8343, 51963, 16605, 94638, 42057, 61173, 28541, 41743, 60295, 49767, 73628, 41163, 91833, 78182, 82565, 25215, 96862, 76058, 44249, 82715, 20979, 71376, 27708, 78050, 40085, 30494, 46076, 48158, 98017, 59418, 77712, 4502, 58514, 86759, 30136, 53692, 84446, 34409, 6828, 35370, 50950, 51945, 59877, 55822, 81173, 57512, 24080, 92189, 34559, 32530, 48867, 64932, 44, 85888, 8300, 92843, 6844, 39222, 76898, 88754, 22876, 38074, 43299, 88699, 81654, 61902, 89999, 13497, 66668, 7338, 74096, 38397, 11013, 98336, 40480, 33892, 63626, 49088, 71312, 23172, 10803, 62392, 24917, 67254, 58009, 81336, 59457, 73844, 95696, 6506, 27308, 70695, 56701, 13067, 41613, 72662, 53528, 75491, 42519, 81780, 31754, 13856, 88917, 96452, 41223, 89774, 10407, 31336, 50783, 20291, 5997, 7069, 31395, 24625, 6189, 56620, 24762, 84988, 68874, 85812, 41091, 24302, 77112, 35149, 22780, 53184, 18627, 57549, 17465, 63612, 87939, 6980, 60883, 29814, 87238, 14952, 60779, 86760, 61062, 30267, 24445, 56989, 27229, 82900, 90023, 57786, 63779, 40235, 86679, 51776, 22058, 63483, 39593, 41554, 8133, 95503, 6716, 25867, 90267, 22987, 39665, 98545, 93605, 1747, 78248, 27473, 33109, 26918, 82634, 51318, 80099, 73743, 12182, 94300, 46775, 25047, 68889, 10070, 18361, 65084, 37080, 70960, 83222, 67058, 98067, 22471, 67691, 59607, 67337, 8930, 21238, 46639, 45431, 43153, 96128, 24156, 80501, 82080, 49059, 2091, 12212, 52072, 31681, 90064, 42922, 12694, 63500, 88958, 85424, 60965, 55836, 88426, 54941, 94663, 65220, 71036, 49752, 17451, 53699, 9314, 14619, 3290, 44849, 90564, 91441, 62905, 40530, 5641, 37318, 36823, 31308, 19382, 62343, 86280, 16633, 47566, 15336, 77921, 88788, 50425, 20260, 79556, 59009, 60227, 87434, 40228, 88797, 25912, 98562, 76789, 91824, 52309, 10258, 50738, 95463, 77205, 93493, 68362, 24106, 95689, 49524, 69579, 66348, 75971, 22529, 74132, 89303, 37488, 5127, 63655, 17283, 25796, 52901, 73353, 59242, 58591, 76499, 46764, 96815, 56675, 19904, 86086, 9538, 16381, 25966, 48189, 47295, 50918, 3257, 56486, 10672, 45517, 6977, 66557, 24565, 14166, 47870, 73695, 59021, 61532, 83752, 51246, 6816, 65190, 71364, 98756, 25731, 84141, 78432, 21130, 69362, 52504, 59655, 73856, 97330, 50721, 19705, 54620, 16926, 96429, 24048, 73377, 67355, 15053, 17980, 70735, 35236, 75523, 91241, 23447, 72477, 51156, 95259, 88333, 29494, 67321, 52714, 62917, 99842, 65229, 6617, 44275, 88720, 37853, 8770, 63811, 7507, 89636, 17817, 1558, 85068, 79776, 73733, 11481, 89926, 56682, 49746, 9429, 50818, 45883, 58652, 12423, 26431, 60221, 95661, 73944, 68283, 51044, 69558, 68608, 65135, 29404, 17239, 5514, 47278, 63393, 94877, 23491, 47292, 6877, 19032, 65956, 9732, 97912, 1976, 37613, 34466, 61934, 57269, 53618, 5940, 93510, 52374, 85684, 22266, 86296, 60665, 10810, 9462, 494, 58482, 75247, 71566, 31620, 58819, 97731, 83116, 7767, 83623, 12444, 57312, 49834, 46402, 98377, 30435, 36116, 16443, 25589, 45312, 64514, 37426, 76200, 11178, 7488, 18610, 92099, 97566, 6854, 33656, 17686, 10866, 73697, 81050, 12312, 6505, 95303, 61521, 72092, 94259, 32683, 45746, 77187, 88803, 39457, 40047, 95729, 22380, 62708, 14355, 83408, 29714, 50213, 24600, 63055, 94787, 52488, 53820, 72502, 35142, 82539, 36201, 83535, 70150, 4544, 53013, 91532, 98794, 75749, 37723, 24569, 90322, 279, 84293, 85419, 53204, 7321, 22724, 95538, 85836, 2877, 93721, 73981, 40836, 90505, 94370, 88415, 37372, 69317, 25860, 4116, 35759, 84385, 33447, 84816, 12456, 31068, 57878, 18743, 27118, 55146, 45045, 76854, 36409, 49423, 25447, 28432, 61176, 34319, 67878, 7127, 41048, 27399, 57337, 84290, 2409, 69039, 23729, 7494, 36747, 48478, 38848, 42755, 293, 91046, 40498, 48156, 87860, 19957, 4960, 74844, 19836, 92291, 57801, 90081, 88664, 17768, 78881, 47919, 71822, 34413, 1930, 46778, 88873, 89253, 43012, 48581, 9353, 85645, 13891, 48249, 50115, 66199, 3386, 20854, 99932, 28051, 71692, 93909, 74084, 74671, 89896, 50523, 88742, 12398, 72247, 55742, 51721, 34827, 36846, 62982, 39419, 78439, 9343, 48468, 84544, 39864, 76167, 43812, 71247, 20757, 1762, 41180, 27413, 60564, 22669, 82173, 16704, 46485, 72310, 26823, 41298, 58642, 32787, 90874, 58140, 56784, 29999, 8759, 96835, 78050, 41544, 1255, 17455, 33878, 64547, 58966, 82332, 5215, 48306, 8922, 24655, 4697, 70882, 84900, 82562, 62735, 34434, 73303, 61588, 35094, 68503, 41162, 54916, 58190, 12626, 60530, 22534, 77445, 84110, 41705, 60129, 60275, 26541, 44213, 1777, 13370, 3088, 42025, 39125, 6806, 57675, 48434, 98242, 36838, 43086, 11553, 17088, 22108, 72325, 25128, 87991, 65587, 14862, 36451, 44287, 9734, 15759, 72468, 61485, 14174, 26892, 64268, 19975, 5444, 33247, 50382, 76845, 87224, 36256, 66890, 95968, 72639, 77038, 43204, 39754, 36312, 74369, 96758, 27679, 249, 98284, 44817, 61235, 55085, 9992, 27298, 25783, 69424, 39622, 26481, 58524, 35109, 38014, 50849, 43262, 70599, 1236, 29822, 19493, 40976, 26562, 7919, 16019, 11304, 44960, 68766, 47516, 55933, 93459, 51964, 80457, 87397, 77661, 10867, 13339, 38927, 67085, 83000, 91594, 70221, 32812, 41638, 39247, 63161, 56481, 85947, 619, 54521, 29223, 59027, 34890, 77305, 79995, 54866, 56578, 59831, 16991, 48800, 12168, 58544, 42596, 87951, 65721, 11198, 23052, 15984, 12347, 45822, 1513, 17129, 34479, 87885, 87506, 81928, 20343, 45290, 20189, 98974, 29926, 61725, 72592, 35725, 72251, 55074, 7660, 24694]})"
562.0,9,164,26,28.96235966682434,10696,"Genotype(dna={""<class 'abc.NT_0017'>"": [1, 23052], ""<class 'abc.NT_0017_P_00000'>"": [], ""<class 'abc.NT_0005'>"": [0, 0, 35544, 1, 0, 1, 0, 1, 1, 1513], ""<class 'abc.NT_0005_P_00000'>"": [], ""<class 'abc.NT_0005_P_00001'>"": [], ""<class 'bool'>"": [50833, 28611, 95173, 92596, 84996, 15299, 84608, 73218, 73704, 53577, 54127, 73580, 61648, 63455, 34182, 28379, 9832, 69766, 27025, 9321, 39372, 40559, 45589, 21512, 9991, 31131, 22379, 82972, 66879, 7070, 87492, 33083, 92916, 1233, 89415, 28350, 54741, 51276, 16414, 74832, 4355, 87209, 57305, 93042, 23231, 67903, 93745, 31960, 29422, 28659, 99170, 40455, 13273, 92051, 14178, 78998, 45259, 78698, 95977, 93014, 83753, 21951, 16043, 13772, 66730, 10736, 57934, 29081, 62948, 99869, 41968, 82469, 93064, 59471, 51253, 67704, 97811, 82022, 87389, 59617, 67283, 63422, 70186, 58801, 23472, 68171, 46787, 87700, 86179, 38104, 2384, 90063, 6576, 80132, 98840, 65605, 74894, 53809, 99733, 89043, 84198, 62780, 94716, 23035, 32450, 31489, 41399, 87765, 69122, 99723, 54018, 92501, 39572, 89999, 58379, 67238, 50112, 90146, 55533, 46837, 57815, 68681, 79206, 32534, 3130, 58659, 69605, 82887, 74526, 5911, 58400, 62789, 48677, 31474, 44702, 39368, 40140, 19876, 33772, 86631, 58194, 70508], ""<class 'int'>"": [88091, 54758, 80960, 4147, 58985, 98835, 33177, 12380, 43928, 18156, 46293, 82997, 26546, 21931, 20632, 91665, 69275, 46303, 61738, 80613, 63967, 92163, 79154, 79668, 18313, 6071, 50712, 91463, 54716, 33220, 52575, 78591, 28324, 24851, 385, 86434, 6594, 95864, 4088, 31907, 5028, 70908, 60125, 88976, 64506, 45119, 63026, 18677, 76141, 62129, 40973, 74468, 90479, 50241, 61828, 14495, 64587, 47259, 69389, 59226, 21182, 99643, 3451, 67066, 55205, 22485, 89443, 19030, 10288, 23574, 78426, 55280, 17305, 68878, 94325, 9074, 35370, 56456, 95300, 73961, 59051, 835, 21640, 2744, 30054, 96306, 55542, 57066, 65643, 97962, 97088, 62680, 24967, 56005, 85155, 81002, 48234, 28842, 92105, 38714, 65511, 82476, 73240, 25988, 68682, 4749, 1059, 85277, 54664, 55169, 72830, 29209, 32377, 56597, 43815, 46740, 16019, 36704, 91606, 3697, 42934, 87720, 75207, 56054, 59737, 79252, 96186, 60558, 8582, 3209, 7798, 18736, 20655, 95860, 60671, 36386, 88318, 80757, 49888, 58523, 36742, 48071, 76427, 91397, 47115, 74907, 19807, 19166, 48854, 4778, 9526, 30084, 70329, 29929, 24152, 98179, 6661, 59360, 47157, 52018, 24734, 716, 46264, 89982, 86072, 78100, 64619, 77321], ""<class 'abc.NT_0010'>"": [0, 0, 1, 53054], ""<class 'abc.NT_0010_P_00000'>"": [], ""<class 'abc.NT_0006'>"": [2, 2, 0, 1, 1302, 1892], ""<class 'abc.NT_0006_P_00000'>"": [], ""<class 'abc.NT_0006_P_00001'>"": [], ""<class 'abc.NT_0002'>"": [1, 1, 2, 1, 1, 1, 1, 0, 2, 1, 41818, 0, 2, 0, 1, 0, 2, 1, 53720, 1, 0, 0, 69722, 1, 8713, 0, 0, 2, 0, 0, 0, 2, 1, 64800, 99864], ""<class 'abc.NT_0002_P_00000'>"": [], ""<class 'abc.NT_0001'>"": [1, 1, 1, 0, 0, 0, 0, 1, 1, 1, 1, 0, 1, 16227, 1, 1, 1, 1, 0, 0, 10290, 0, 0, 0, 0, 0, 1, 40887, 0, 0, 0, 0, 0, 0, 0, 0, 0, 1, 0, 0, 0, 0, 76558, 0, 0, 0, 1, 0, 0, 26591, 1, 1, 1, 0, 1, 0, 0, 45290], ""<class 'abc.NT_0001_P_00000'>"": [], ""<class 'abc.NT_0001_P_00001'>"": [], ""<class 'abc.NT_0000'>"": [0, 1, 1, 94528, 1, 0, 1, 1, 31647, 1, 1, 80324, 0, 0, 75412, 1, 69944, 1, 0, 0, 0, 1, 0, 0, 0, 1, 1, 0, 1, 3483, 1, 0, 42401, 0, 0, 0, 0, 54668, 66557, 1, 0, 1, 1, 0, 0, 21028, 54540, 1, 5444, 3614, 1, 0, 0, 0, 0, 0, 71485, 1, 0, 0, 0, 0, 1, 20343], ""<class 'abc.NT_0000_P_00000'>"": [], ""<class 'abc.NT_0000_P_00001'>"": [], ""<class 'abc.NT_0002_P_00001'>"": [], ""<class 'abc.NT_0002_P_00002'>"": [], ""<class 'abc.NT_0006_P_00002'>"": [], ""<class 'abc.NT_0007'>"": [1, 0, 1, 2, 87885, 72251, 55074], ""<class 'abc.NT_0007_P_00000'>"": [], ""<class 'abc.NT_0007_P_00001'>"": [], ""<class 'abc.NT_0007_P_00002'>"": [], ""<class 'abc.NT_0004'>"": [1, 1, 77639, 2, 1, 2, 63194, 90154], ""<class 'abc.NT_0004_P_00000'>"": [], ""<class 'abc.NT_0003'>"": [10039, 1, 0, 1, 98974, 61725, 72592, 35725, 7660], ""<class 'abc.NT_0003_P_00000'>"": [], ""<class 'abc.NT_0003_P_00001'>"": [], ""<class 'abc.NT_0003_P_00002'>"": [], ""<class 'abc.NT_0003_P_00003'>"": [], ""<class 'abc.NT_0004_P_00001'>"": [], ""<class 'abc.NT_0004_P_00002'>"": [], ""<class 'abc.NT_0009'>"": [3, 0, 1, 1, 0, 45822], ""<class 'abc.NT_0009_P_00000'>"": [], ""<class 'abc.NT_0008'>"": [15828, 0, 83857, 0, 0, 0, 17129], ""<class 'abc.NT_0008_P_00000'>"": [], ""<class 'abc.NT_0009_P_00001'>"": [], ""<class 'abc.NT_0009_P_00002'>"": [], ""<class 'abc.NT_0009_P_00003'>"": [], ""<class 'abc.NT_0010_P_00001'>"": [], ""<class 'abc.NT_0010_P_00002'>"": [], ""<class 'abc.NT_0017_P_00001'>"": [], ""<class 'abc.NT_0012'>"": [0, 0, 27606, 0, 0, 65962], ""<class 'abc.NT_0012_P_00000'>"": [], ""<class 'abc.NT_0012_P_00001'>"": [], ""<class 'abc.NT_0017_P_00002'>"": [], ""<class 'abc.NT_0013'>"": [], ""<class 'abc.NT_0013_P_00000'>"": [], ""<class 'abc.NT_0011'>"": [0, 94522], ""<class 'abc.NT_0011_P_00000'>"": [], ""<class 'abc.NT_0011_P_00001'>"": [], ""<class 'abc.NT_0011_P_00002'>"": [], ""<class 'abc.NT_0013_P_00001'>"": [], ""<class 'abc.NT_0013_P_00002'>"": [], ""<class 'abc.NT_0017_P_00003'>"": [], ""<class 'abc.NT_0016'>"": [0, 20070], ""<class 'abc.NT_0016_P_00000'>"": [], ""<class 'abc.NT_0016_P_00001'>"": [], ""<class 'abc.NT_0016_P_00002'>"": [], '$leftovers': [13707, 7777, 43103, 79112, 41937, 82055, 41802, 80929, 37572, 24235, 1002, 66268, 87311, 99058, 42897, 54099, 4751, 39061, 38658, 18856, 32793, 32020, 84694, 43326, 66351, 11593, 16559, 82179, 29701, 14785, 63931, 19995, 86098, 88506, 88906, 98218, 57143, 64899, 75531, 17691, 63845, 68413, 76826, 30524, 48607, 6718, 24768, 14247, 23842, 98884, 92372, 55279, 40315, 43705, 6728, 53868, 34432, 73753, 89438, 79733, 83929, 38685, 35410, 5343, 16823, 35888, 70000, 12879, 27426, 44726, 95438, 53746, 11554, 35563, 36846, 46156, 65002, 72433, 85297, 12477, 3511, 72425, 53166, 5796, 30717, 45518, 76561, 21526, 65748, 18017, 64172, 9175, 16724, 51276, 1749, 5687, 47923, 68260, 48548, 94393, 55323, 76604, 84009, 54574, 8798, 35733, 67233, 4198, 56844, 12629, 29196, 81671, 71295, 84963, 73193, 37662, 77918, 40265, 71387, 2776, 72056, 79890, 24380, 6524, 11920, 82004, 80554, 7771, 51485, 29874, 64851, 32118, 68660, 22646, 40503, 29950, 45632, 59339, 63591, 66553, 79195, 90039, 8891, 94412, 82595, 43578, 41060, 60184, 28053, 84947, 77614, 38864, 91374, 58545, 50015, 19960, 7381, 78763, 85070, 21507, 19025, 51930, 32629, 45143, 39756, 26052, 37388, 90108, 9391, 53674, 16962, 24269, 95106, 99931, 56381, 37781, 12365, 84199, 30949, 74271, 916, 85830, 97679, 18102, 478, 75886, 30302, 21977, 90537, 30063, 19357, 81788, 35261, 14719, 66114, 20921, 20240, 5992, 58367, 9680, 68600, 85141, 46379, 54808, 83564, 47005, 66549, 22371, 91024, 89979, 20226, 63714, 58641, 45142, 46907, 57602, 15144, 97990, 7439, 11158, 59469, 11328, 80659, 5962, 25695, 77537, 11892, 91592, 56748, 38581, 37353, 71743, 70419, 27563, 8343, 51963, 16605, 94638, 42057, 61173, 28541, 41743, 60295, 49767, 73628, 41163, 91833, 78182, 82565, 25215, 96862, 76058, 44249, 82715, 20979, 71376, 27708, 78050, 40085, 30494, 46076, 48158, 98017, 59418, 77712, 4502, 58514, 86759, 30136, 53692, 84446, 34409, 6828, 35370, 50950, 51945, 59877, 55822, 81173, 57512, 24080, 92189, 34559, 32530, 48867, 64932, 44, 85888, 8300, 92843, 6844, 39222, 76898, 88754, 22876, 38074, 43299, 88699, 81654, 61902, 89999, 13497, 66668, 7338, 74096, 38397, 11013, 98336, 40480, 33892, 63626, 49088, 71312, 23172, 10803, 62392, 24917, 67254, 58009, 81336, 59457, 73844, 95696, 6506, 27308, 70695, 56701, 13067, 41613, 72662, 53528, 75491, 42519, 81780, 31754, 13856, 88917, 96452, 41223, 89774, 10407, 31336, 50783, 20291, 5997, 7069, 31395, 24625, 6189, 56620, 24762, 84988, 68874, 85812, 41091, 24302, 77112, 35149, 22780, 53184, 18627, 57549, 17465, 63612, 87939, 6980, 60883, 29814, 87238, 14952, 60779, 86760, 61062, 30267, 24445, 56989, 27229, 82900, 90023, 57786, 63779, 40235, 86679, 51776, 22058, 63483, 39593, 41554, 8133, 95503, 6716, 25867, 90267, 22987, 39665, 98545, 93605, 1747, 78248, 27473, 33109, 26918, 82634, 51318, 80099, 73743, 12182, 94300, 46775, 25047, 68889, 10070, 18361, 65084, 37080, 70960, 83222, 67058, 98067, 22471, 67691, 59607, 67337, 8930, 21238, 46639, 45431, 43153, 96128, 24156, 80501, 82080, 49059, 2091, 12212, 52072, 31681, 90064, 42922, 12694, 63500, 88958, 85424, 60965, 55836, 88426, 54941, 94663, 65220, 71036, 49752, 17451, 53699, 9314, 14619, 3290, 44849, 90564, 91441, 62905, 40530, 5641, 37318, 36823, 31308, 19382, 62343, 86280, 16633, 47566, 15336, 77921, 88788, 50425, 20260, 79556, 59009, 60227, 87434, 40228, 88797, 25912, 98562, 76789, 91824, 52309, 10258, 50738, 95463, 77205, 93493, 68362, 24106, 95689, 49524, 69579, 66348, 75971, 22529, 74132, 89303, 37488, 5127, 63655, 17283, 25796, 52901, 73353, 59242, 58591, 76499, 46764, 96815, 56675, 19904, 86086, 9538, 16381, 25966, 48189, 47295, 50918, 3257, 56486, 10672, 45517, 6977, 66557, 24565, 14166, 47870, 73695, 59021, 61532, 83752, 51246, 6816, 65190, 71364, 98756, 25731, 84141, 78432, 21130, 69362, 52504, 59655, 73856, 97330, 50721, 19705, 54620, 16926, 96429, 24048, 73377, 67355, 15053, 17980, 70735, 35236, 75523, 91241, 23447, 72477, 51156, 95259, 88333, 29494, 67321, 52714, 62917, 99842, 65229, 6617, 44275, 88720, 37853, 8770, 63811, 7507, 89636, 17817, 1558, 85068, 79776, 73733, 11481, 89926, 56682, 49746, 9429, 50818, 45883, 58652, 12423, 26431, 60221, 95661, 73944, 68283, 51044, 69558, 68608, 65135, 29404, 17239, 5514, 47278, 63393, 94877, 23491, 47292, 6877, 19032, 65956, 9732, 97912, 1976, 37613, 34466, 61934, 57269, 53618, 5940, 93510, 52374, 85684, 22266, 86296, 60665, 10810, 9462, 494, 58482, 75247, 71566, 31620, 58819, 97731, 83116, 7767, 83623, 12444, 57312, 49834, 46402, 98377, 30435, 36116, 16443, 25589, 45312, 64514, 37426, 76200, 11178, 7488, 18610, 92099, 97566, 6854, 33656, 17686, 10866, 73697, 81050, 12312, 6505, 95303, 61521, 72092, 94259, 32683, 45746, 77187, 88803, 39457, 40047, 95729, 22380, 62708, 14355, 83408, 29714, 50213, 24600, 63055, 94787, 52488, 53820, 72502, 35142, 82539, 36201, 83535, 70150, 4544, 53013, 91532, 98794, 75749, 37723, 24569, 90322, 279, 84293, 85419, 53204, 7321, 22724, 95538, 85836, 2877, 93721, 73981, 40836, 90505, 94370, 88415, 37372, 69317, 25860, 4116, 35759, 84385, 33447, 84816, 12456, 31068, 57878, 18743, 27118, 55146, 45045, 76854, 36409, 49423, 25447, 28432, 61176, 34319, 67878, 7127, 41048, 27399, 57337, 84290, 2409, 69039, 23729, 7494, 36747, 48478, 38848, 42755, 293, 91046, 40498, 48156, 87860, 19957, 4960, 74844, 19836, 92291, 57801, 90081, 88664, 17768, 78881, 47919, 71822, 34413, 1930, 46778, 88873, 89253, 43012, 48581, 9353, 85645, 13891, 48249, 50115, 66199, 3386, 20854, 99932, 28051, 71692, 93909, 74084, 74671, 89896, 50523, 88742, 12398, 72247, 55742, 51721, 34827, 36846, 62982, 39419, 78439, 9343, 48468, 84544, 39864, 76167, 43812, 71247, 20757, 1762, 41180, 27413, 60564, 22669, 82173, 16704, 46485, 72310, 26823, 41298, 58642, 32787, 90874, 58140, 56784, 29999, 8759, 96835, 78050, 41544, 1255, 17455, 33878, 64547, 58966, 82332, 5215, 48306, 8922, 24655, 4697, 70882, 84900, 82562, 62735, 34434, 73303, 61588, 35094, 68503, 41162, 54916, 58190, 12626, 60530, 22534, 77445, 84110, 41705, 60129, 60275, 26541, 44213, 1777, 13370, 3088, 42025, 39125, 6806, 57675, 48434, 98242, 36838, 43086, 11553, 17088, 22108, 72325, 25128, 87991, 65587, 14862, 36451, 44287, 9734, 15759, 72468, 61485, 14174, 26892, 64268, 19975, 5444, 33247, 50382, 76845, 87224, 36256, 66890, 95968, 72639, 77038, 43204, 39754, 36312, 74369, 96758, 27679, 249, 98284, 44817, 61235, 55085, 9992, 27298, 25783, 69424, 39622, 26481, 58524, 35109, 38014, 50849, 43262, 70599, 1236, 29822, 19493, 40976, 26562, 7919, 16019, 11304, 44960, 68766, 47516, 55933, 93459, 51964, 80457, 87397, 77661, 10867, 13339, 38927, 67085, 83000, 91594, 70221, 32812, 41638, 39247, 63161, 56481, 85947, 619, 54521, 29223, 59027, 34890, 77305, 79995, 54866, 56578, 59831, 16991, 48800, 12168, 58544, 42596, 87951, 65721, 11198, 23052, 15984, 12347, 45822, 1513, 17129, 34479, 87885, 87506, 81928, 20343, 45290, 20189, 98974, 29926, 61725, 72592, 35725, 72251, 55074, 7660, 24694]})"
562.0,9,164,27,29.57787775993347,10696,"Genotype(dna={""<class 'abc.NT_0017'>"": [1, 23052], ""<class 'abc.NT_0017_P_00000'>"": [], ""<class 'abc.NT_0005'>"": [0, 0, 35544, 1, 0, 1, 0, 1, 1, 1513], ""<class 'abc.NT_0005_P_00000'>"": [], ""<class 'abc.NT_0005_P_00001'>"": [], ""<class 'bool'>"": [50833, 28611, 95173, 92596, 84996, 15299, 84608, 73218, 73704, 53577, 54127, 73580, 61648, 63455, 34182, 28379, 9832, 69766, 27025, 9321, 39372, 40559, 45589, 21512, 9991, 31131, 22379, 82972, 66879, 7070, 87492, 33083, 92916, 1233, 89415, 28350, 54741, 51276, 16414, 74832, 4355, 87209, 57305, 93042, 23231, 67903, 93745, 31960, 29422, 28659, 99170, 40455, 13273, 92051, 14178, 78998, 45259, 78698, 95977, 93014, 83753, 21951, 16043, 13772, 66730, 10736, 57934, 29081, 62948, 99869, 41968, 82469, 93064, 59471, 51253, 67704, 97811, 82022, 87389, 59617, 67283, 63422, 70186, 58801, 23472, 68171, 46787, 87700, 86179, 38104, 2384, 90063, 6576, 80132, 98840, 65605, 74894, 53809, 99733, 89043, 84198, 62780, 94716, 23035, 32450, 31489, 41399, 87765, 69122, 99723, 54018, 92501, 39572, 89999, 58379, 67238, 50112, 90146, 55533, 46837, 57815, 68681, 79206, 32534, 3130, 58659, 69605, 82887, 74526, 5911, 58400, 62789, 48677, 31474, 44702, 39368, 40140, 19876, 33772, 86631, 58194, 70508], ""<class 'int'>"": [88091, 54758, 80960, 4147, 58985, 98835, 33177, 12380, 43928, 18156, 46293, 82997, 26546, 21931, 20632, 91665, 69275, 46303, 61738, 80613, 63967, 92163, 79154, 79668, 18313, 6071, 50712, 91463, 54716, 33220, 52575, 78591, 28324, 24851, 385, 86434, 6594, 95864, 4088, 31907, 5028, 70908, 60125, 88976, 64506, 45119, 63026, 18677, 76141, 62129, 40973, 74468, 90479, 50241, 61828, 14495, 64587, 47259, 69389, 59226, 21182, 99643, 3451, 67066, 55205, 22485, 89443, 19030, 10288, 23574, 78426, 55280, 17305, 68878, 94325, 9074, 35370, 56456, 95300, 73961, 59051, 835, 21640, 2744, 30054, 96306, 55542, 57066, 65643, 97962, 97088, 62680, 24967, 56005, 85155, 81002, 48234, 28842, 92105, 38714, 65511, 82476, 73240, 25988, 68682, 4749, 1059, 85277, 54664, 55169, 72830, 29209, 32377, 56597, 43815, 46740, 16019, 36704, 91606, 3697, 42934, 87720, 75207, 56054, 59737, 79252, 96186, 60558, 8582, 3209, 7798, 18736, 20655, 95860, 60671, 36386, 88318, 80757, 49888, 58523, 36742, 48071, 76427, 91397, 47115, 74907, 19807, 19166, 48854, 4778, 9526, 30084, 70329, 29929, 24152, 98179, 6661, 59360, 47157, 52018, 24734, 716, 46264, 89982, 86072, 78100, 64619, 77321], ""<class 'abc.NT_0010'>"": [0, 0, 1, 53054], ""<class 'abc.NT_0010_P_00000'>"": [], ""<class 'abc.NT_0006'>"": [2, 2, 0, 1, 1302, 1892], ""<class 'abc.NT_0006_P_00000'>"": [], ""<class 'abc.NT_0006_P_00001'>"": [], ""<class 'abc.NT_0002'>"": [1, 1, 2, 1, 1, 1, 1, 0, 2, 1, 41818, 0, 2, 0, 1, 0, 2, 1, 53720, 1, 0, 0, 69722, 1, 8713, 0, 0, 2, 0, 0, 0, 2, 1, 64800, 99864], ""<class 'abc.NT_0002_P_00000'>"": [], ""<class 'abc.NT_0001'>"": [1, 1, 1, 0, 0, 0, 0, 1, 1, 1, 1, 0, 1, 16227, 1, 1, 1, 1, 0, 0, 10290, 0, 0, 0, 0, 0, 1, 40887, 0, 0, 0, 0, 0, 0, 0, 0, 0, 1, 0, 0, 0, 0, 76558, 0, 0, 0, 1, 0, 0, 26591, 1, 1, 1, 0, 1, 0, 0, 45290], ""<class 'abc.NT_0001_P_00000'>"": [], ""<class 'abc.NT_0001_P_00001'>"": [], ""<class 'abc.NT_0000'>"": [0, 1, 1, 94528, 1, 0, 1, 1, 31647, 1, 1, 80324, 0, 0, 75412, 1, 69944, 1, 0, 0, 0, 1, 0, 0, 0, 1, 1, 0, 1, 3483, 1, 0, 42401, 0, 0, 0, 0, 54668, 66557, 1, 0, 1, 1, 0, 0, 21028, 54540, 1, 5444, 3614, 1, 0, 0, 0, 0, 0, 71485, 1, 0, 0, 0, 0, 1, 20343], ""<class 'abc.NT_0000_P_00000'>"": [], ""<class 'abc.NT_0000_P_00001'>"": [], ""<class 'abc.NT_0002_P_00001'>"": [], ""<class 'abc.NT_0002_P_00002'>"": [], ""<class 'abc.NT_0006_P_00002'>"": [], ""<class 'abc.NT_0007'>"": [1, 0, 1, 2, 87885, 72251, 55074], ""<class 'abc.NT_0007_P_00000'>"": [], ""<class 'abc.NT_0007_P_00001'>"": [], ""<class 'abc.NT_0007_P_00002'>"": [], ""<class 'abc.NT_0004'>"": [1, 1, 77639, 2, 1, 2, 63194, 90154], ""<class 'abc.NT_0004_P_00000'>"": [], ""<class 'abc.NT_0003'>"": [10039, 1, 0, 1, 98974, 61725, 72592, 35725, 7660], ""<class 'abc.NT_0003_P_00000'>"": [], ""<class 'abc.NT_0003_P_00001'>"": [], ""<class 'abc.NT_0003_P_00002'>"": [], ""<class 'abc.NT_0003_P_00003'>"": [], ""<class 'abc.NT_0004_P_00001'>"": [], ""<class 'abc.NT_0004_P_00002'>"": [], ""<class 'abc.NT_0009'>"": [3, 0, 1, 1, 0, 45822], ""<class 'abc.NT_0009_P_00000'>"": [], ""<class 'abc.NT_0008'>"": [15828, 0, 83857, 0, 0, 0, 17129], ""<class 'abc.NT_0008_P_00000'>"": [], ""<class 'abc.NT_0009_P_00001'>"": [], ""<class 'abc.NT_0009_P_00002'>"": [], ""<class 'abc.NT_0009_P_00003'>"": [], ""<class 'abc.NT_0010_P_00001'>"": [], ""<class 'abc.NT_0010_P_00002'>"": [], ""<class 'abc.NT_0017_P_00001'>"": [], ""<class 'abc.NT_0012'>"": [0, 0, 27606, 0, 0, 65962], ""<class 'abc.NT_0012_P_00000'>"": [], ""<class 'abc.NT_0012_P_00001'>"": [], ""<class 'abc.NT_0017_P_00002'>"": [], ""<class 'abc.NT_0013'>"": [], ""<class 'abc.NT_0013_P_00000'>"": [], ""<class 'abc.NT_0011'>"": [0, 94522], ""<class 'abc.NT_0011_P_00000'>"": [], ""<class 'abc.NT_0011_P_00001'>"": [], ""<class 'abc.NT_0011_P_00002'>"": [], ""<class 'abc.NT_0013_P_00001'>"": [], ""<class 'abc.NT_0013_P_00002'>"": [], ""<class 'abc.NT_0017_P_00003'>"": [], ""<class 'abc.NT_0016'>"": [0, 20070], ""<class 'abc.NT_0016_P_00000'>"": [], ""<class 'abc.NT_0016_P_00001'>"": [], ""<class 'abc.NT_0016_P_00002'>"": [], '$leftovers': [13707, 7777, 43103, 79112, 41937, 82055, 41802, 80929, 37572, 24235, 1002, 66268, 87311, 99058, 42897, 54099, 4751, 39061, 38658, 18856, 32793, 32020, 84694, 43326, 66351, 11593, 16559, 82179, 29701, 14785, 63931, 19995, 86098, 88506, 88906, 98218, 57143, 64899, 75531, 17691, 63845, 68413, 76826, 30524, 48607, 6718, 24768, 14247, 23842, 98884, 92372, 55279, 40315, 43705, 6728, 53868, 34432, 73753, 89438, 79733, 83929, 38685, 35410, 5343, 16823, 35888, 70000, 12879, 27426, 44726, 95438, 53746, 11554, 35563, 36846, 46156, 65002, 72433, 85297, 12477, 3511, 72425, 53166, 5796, 30717, 45518, 76561, 21526, 65748, 18017, 64172, 9175, 16724, 51276, 1749, 5687, 47923, 68260, 48548, 94393, 55323, 76604, 84009, 54574, 8798, 35733, 67233, 4198, 56844, 12629, 29196, 81671, 71295, 84963, 73193, 37662, 77918, 40265, 71387, 2776, 72056, 79890, 24380, 6524, 11920, 82004, 80554, 7771, 51485, 29874, 64851, 32118, 68660, 22646, 40503, 29950, 45632, 59339, 63591, 66553, 79195, 90039, 8891, 94412, 82595, 43578, 41060, 60184, 28053, 84947, 77614, 38864, 91374, 58545, 50015, 19960, 7381, 78763, 85070, 21507, 19025, 51930, 32629, 45143, 39756, 26052, 37388, 90108, 9391, 53674, 16962, 24269, 95106, 99931, 56381, 37781, 12365, 84199, 30949, 74271, 916, 85830, 97679, 18102, 478, 75886, 30302, 21977, 90537, 30063, 19357, 81788, 35261, 14719, 66114, 20921, 20240, 5992, 58367, 9680, 68600, 85141, 46379, 54808, 83564, 47005, 66549, 22371, 91024, 89979, 20226, 63714, 58641, 45142, 46907, 57602, 15144, 97990, 7439, 11158, 59469, 11328, 80659, 5962, 25695, 77537, 11892, 91592, 56748, 38581, 37353, 71743, 70419, 27563, 8343, 51963, 16605, 94638, 42057, 61173, 28541, 41743, 60295, 49767, 73628, 41163, 91833, 78182, 82565, 25215, 96862, 76058, 44249, 82715, 20979, 71376, 27708, 78050, 40085, 30494, 46076, 48158, 98017, 59418, 77712, 4502, 58514, 86759, 30136, 53692, 84446, 34409, 6828, 35370, 50950, 51945, 59877, 55822, 81173, 57512, 24080, 92189, 34559, 32530, 48867, 64932, 44, 85888, 8300, 92843, 6844, 39222, 76898, 88754, 22876, 38074, 43299, 88699, 81654, 61902, 89999, 13497, 66668, 7338, 74096, 38397, 11013, 98336, 40480, 33892, 63626, 49088, 71312, 23172, 10803, 62392, 24917, 67254, 58009, 81336, 59457, 73844, 95696, 6506, 27308, 70695, 56701, 13067, 41613, 72662, 53528, 75491, 42519, 81780, 31754, 13856, 88917, 96452, 41223, 89774, 10407, 31336, 50783, 20291, 5997, 7069, 31395, 24625, 6189, 56620, 24762, 84988, 68874, 85812, 41091, 24302, 77112, 35149, 22780, 53184, 18627, 57549, 17465, 63612, 87939, 6980, 60883, 29814, 87238, 14952, 60779, 86760, 61062, 30267, 24445, 56989, 27229, 82900, 90023, 57786, 63779, 40235, 86679, 51776, 22058, 63483, 39593, 41554, 8133, 95503, 6716, 25867, 90267, 22987, 39665, 98545, 93605, 1747, 78248, 27473, 33109, 26918, 82634, 51318, 80099, 73743, 12182, 94300, 46775, 25047, 68889, 10070, 18361, 65084, 37080, 70960, 83222, 67058, 98067, 22471, 67691, 59607, 67337, 8930, 21238, 46639, 45431, 43153, 96128, 24156, 80501, 82080, 49059, 2091, 12212, 52072, 31681, 90064, 42922, 12694, 63500, 88958, 85424, 60965, 55836, 88426, 54941, 94663, 65220, 71036, 49752, 17451, 53699, 9314, 14619, 3290, 44849, 90564, 91441, 62905, 40530, 5641, 37318, 36823, 31308, 19382, 62343, 86280, 16633, 47566, 15336, 77921, 88788, 50425, 20260, 79556, 59009, 60227, 87434, 40228, 88797, 25912, 98562, 76789, 91824, 52309, 10258, 50738, 95463, 77205, 93493, 68362, 24106, 95689, 49524, 69579, 66348, 75971, 22529, 74132, 89303, 37488, 5127, 63655, 17283, 25796, 52901, 73353, 59242, 58591, 76499, 46764, 96815, 56675, 19904, 86086, 9538, 16381, 25966, 48189, 47295, 50918, 3257, 56486, 10672, 45517, 6977, 66557, 24565, 14166, 47870, 73695, 59021, 61532, 83752, 51246, 6816, 65190, 71364, 98756, 25731, 84141, 78432, 21130, 69362, 52504, 59655, 73856, 97330, 50721, 19705, 54620, 16926, 96429, 24048, 73377, 67355, 15053, 17980, 70735, 35236, 75523, 91241, 23447, 72477, 51156, 95259, 88333, 29494, 67321, 52714, 62917, 99842, 65229, 6617, 44275, 88720, 37853, 8770, 63811, 7507, 89636, 17817, 1558, 85068, 79776, 73733, 11481, 89926, 56682, 49746, 9429, 50818, 45883, 58652, 12423, 26431, 60221, 95661, 73944, 68283, 51044, 69558, 68608, 65135, 29404, 17239, 5514, 47278, 63393, 94877, 23491, 47292, 6877, 19032, 65956, 9732, 97912, 1976, 37613, 34466, 61934, 57269, 53618, 5940, 93510, 52374, 85684, 22266, 86296, 60665, 10810, 9462, 494, 58482, 75247, 71566, 31620, 58819, 97731, 83116, 7767, 83623, 12444, 57312, 49834, 46402, 98377, 30435, 36116, 16443, 25589, 45312, 64514, 37426, 76200, 11178, 7488, 18610, 92099, 97566, 6854, 33656, 17686, 10866, 73697, 81050, 12312, 6505, 95303, 61521, 72092, 94259, 32683, 45746, 77187, 88803, 39457, 40047, 95729, 22380, 62708, 14355, 83408, 29714, 50213, 24600, 63055, 94787, 52488, 53820, 72502, 35142, 82539, 36201, 83535, 70150, 4544, 53013, 91532, 98794, 75749, 37723, 24569, 90322, 279, 84293, 85419, 53204, 7321, 22724, 95538, 85836, 2877, 93721, 73981, 40836, 90505, 94370, 88415, 37372, 69317, 25860, 4116, 35759, 84385, 33447, 84816, 12456, 31068, 57878, 18743, 27118, 55146, 45045, 76854, 36409, 49423, 25447, 28432, 61176, 34319, 67878, 7127, 41048, 27399, 57337, 84290, 2409, 69039, 23729, 7494, 36747, 48478, 38848, 42755, 293, 91046, 40498, 48156, 87860, 19957, 4960, 74844, 19836, 92291, 57801, 90081, 88664, 17768, 78881, 47919, 71822, 34413, 1930, 46778, 88873, 89253, 43012, 48581, 9353, 85645, 13891, 48249, 50115, 66199, 3386, 20854, 99932, 28051, 71692, 93909, 74084, 74671, 89896, 50523, 88742, 12398, 72247, 55742, 51721, 34827, 36846, 62982, 39419, 78439, 9343, 48468, 84544, 39864, 76167, 43812, 71247, 20757, 1762, 41180, 27413, 60564, 22669, 82173, 16704, 46485, 72310, 26823, 41298, 58642, 32787, 90874, 58140, 56784, 29999, 8759, 96835, 78050, 41544, 1255, 17455, 33878, 64547, 58966, 82332, 5215, 48306, 8922, 24655, 4697, 70882, 84900, 82562, 62735, 34434, 73303, 61588, 35094, 68503, 41162, 54916, 58190, 12626, 60530, 22534, 77445, 84110, 41705, 60129, 60275, 26541, 44213, 1777, 13370, 3088, 42025, 39125, 6806, 57675, 48434, 98242, 36838, 43086, 11553, 17088, 22108, 72325, 25128, 87991, 65587, 14862, 36451, 44287, 9734, 15759, 72468, 61485, 14174, 26892, 64268, 19975, 5444, 33247, 50382, 76845, 87224, 36256, 66890, 95968, 72639, 77038, 43204, 39754, 36312, 74369, 96758, 27679, 249, 98284, 44817, 61235, 55085, 9992, 27298, 25783, 69424, 39622, 26481, 58524, 35109, 38014, 50849, 43262, 70599, 1236, 29822, 19493, 40976, 26562, 7919, 16019, 11304, 44960, 68766, 47516, 55933, 93459, 51964, 80457, 87397, 77661, 10867, 13339, 38927, 67085, 83000, 91594, 70221, 32812, 41638, 39247, 63161, 56481, 85947, 619, 54521, 29223, 59027, 34890, 77305, 79995, 54866, 56578, 59831, 16991, 48800, 12168, 58544, 42596, 87951, 65721, 11198, 23052, 15984, 12347, 45822, 1513, 17129, 34479, 87885, 87506, 81928, 20343, 45290, 20189, 98974, 29926, 61725, 72592, 35725, 72251, 55074, 7660, 24694]})"
562.0,9,164,28,30.168203830718994,10696,"Genotype(dna={""<class 'abc.NT_0017'>"": [1, 23052], ""<class 'abc.NT_0017_P_00000'>"": [], ""<class 'abc.NT_0005'>"": [0, 0, 35544, 1, 0, 1, 0, 1, 1, 1513], ""<class 'abc.NT_0005_P_00000'>"": [], ""<class 'abc.NT_0005_P_00001'>"": [], ""<class 'bool'>"": [50833, 28611, 95173, 92596, 84996, 15299, 84608, 73218, 73704, 53577, 54127, 73580, 61648, 63455, 34182, 28379, 9832, 69766, 27025, 9321, 39372, 40559, 45589, 21512, 9991, 31131, 22379, 82972, 66879, 7070, 87492, 33083, 92916, 1233, 89415, 28350, 54741, 51276, 16414, 74832, 4355, 87209, 57305, 93042, 23231, 67903, 93745, 31960, 29422, 28659, 99170, 40455, 13273, 92051, 14178, 78998, 45259, 78698, 95977, 93014, 83753, 21951, 16043, 13772, 66730, 10736, 57934, 29081, 62948, 99869, 41968, 82469, 93064, 59471, 51253, 67704, 97811, 82022, 87389, 59617, 67283, 63422, 70186, 58801, 23472, 68171, 46787, 87700, 86179, 38104, 2384, 90063, 6576, 80132, 98840, 65605, 74894, 53809, 99733, 89043, 84198, 62780, 94716, 23035, 32450, 31489, 41399, 87765, 69122, 99723, 54018, 92501, 39572, 89999, 58379, 67238, 50112, 90146, 55533, 46837, 57815, 68681, 79206, 32534, 3130, 58659, 69605, 82887, 74526, 5911, 58400, 62789, 48677, 31474, 44702, 39368, 40140, 19876, 33772, 86631, 58194, 70508], ""<class 'int'>"": [88091, 54758, 80960, 4147, 58985, 98835, 33177, 12380, 43928, 18156, 46293, 82997, 26546, 21931, 20632, 91665, 69275, 46303, 61738, 80613, 63967, 92163, 79154, 79668, 18313, 6071, 50712, 91463, 54716, 33220, 52575, 78591, 28324, 24851, 385, 86434, 6594, 95864, 4088, 31907, 5028, 70908, 60125, 88976, 64506, 45119, 63026, 18677, 76141, 62129, 40973, 74468, 90479, 50241, 61828, 14495, 64587, 47259, 69389, 59226, 21182, 99643, 3451, 67066, 55205, 22485, 89443, 19030, 10288, 23574, 78426, 55280, 17305, 68878, 94325, 9074, 35370, 56456, 95300, 73961, 59051, 835, 21640, 2744, 30054, 96306, 55542, 57066, 65643, 97962, 97088, 62680, 24967, 56005, 85155, 81002, 48234, 28842, 92105, 38714, 65511, 82476, 73240, 25988, 68682, 4749, 1059, 85277, 54664, 55169, 72830, 29209, 32377, 56597, 43815, 46740, 16019, 36704, 91606, 3697, 42934, 87720, 75207, 56054, 59737, 79252, 96186, 60558, 8582, 3209, 7798, 18736, 20655, 95860, 60671, 36386, 88318, 80757, 49888, 58523, 36742, 48071, 76427, 91397, 47115, 74907, 19807, 19166, 48854, 4778, 9526, 30084, 70329, 29929, 24152, 98179, 6661, 59360, 47157, 52018, 24734, 716, 46264, 89982, 86072, 78100, 64619, 77321], ""<class 'abc.NT_0010'>"": [0, 0, 1, 53054], ""<class 'abc.NT_0010_P_00000'>"": [], ""<class 'abc.NT_0006'>"": [2, 2, 0, 1, 1302, 1892], ""<class 'abc.NT_0006_P_00000'>"": [], ""<class 'abc.NT_0006_P_00001'>"": [], ""<class 'abc.NT_0002'>"": [1, 1, 2, 1, 1, 1, 1, 0, 2, 1, 41818, 0, 2, 0, 1, 0, 2, 1, 53720, 1, 0, 0, 69722, 1, 8713, 0, 0, 2, 0, 0, 0, 2, 1, 64800, 99864], ""<class 'abc.NT_0002_P_00000'>"": [], ""<class 'abc.NT_0001'>"": [1, 1, 1, 0, 0, 0, 0, 1, 1, 1, 1, 0, 1, 16227, 1, 1, 1, 1, 0, 0, 10290, 0, 0, 0, 0, 0, 1, 40887, 0, 0, 0, 0, 0, 0, 0, 0, 0, 1, 0, 0, 0, 0, 76558, 0, 0, 0, 1, 0, 0, 26591, 1, 1, 1, 0, 1, 0, 0, 45290], ""<class 'abc.NT_0001_P_00000'>"": [], ""<class 'abc.NT_0001_P_00001'>"": [], ""<class 'abc.NT_0000'>"": [0, 1, 1, 94528, 1, 0, 1, 1, 31647, 1, 1, 80324, 0, 0, 75412, 1, 69944, 1, 0, 0, 0, 1, 0, 0, 0, 1, 1, 0, 1, 3483, 1, 0, 42401, 0, 0, 0, 0, 54668, 66557, 1, 0, 1, 1, 0, 0, 21028, 54540, 1, 5444, 3614, 1, 0, 0, 0, 0, 0, 71485, 1, 0, 0, 0, 0, 1, 20343], ""<class 'abc.NT_0000_P_00000'>"": [], ""<class 'abc.NT_0000_P_00001'>"": [], ""<class 'abc.NT_0002_P_00001'>"": [], ""<class 'abc.NT_0002_P_00002'>"": [], ""<class 'abc.NT_0006_P_00002'>"": [], ""<class 'abc.NT_0007'>"": [1, 0, 1, 2, 87885, 72251, 55074], ""<class 'abc.NT_0007_P_00000'>"": [], ""<class 'abc.NT_0007_P_00001'>"": [], ""<class 'abc.NT_0007_P_00002'>"": [], ""<class 'abc.NT_0004'>"": [1, 1, 77639, 2, 1, 2, 63194, 90154], ""<class 'abc.NT_0004_P_00000'>"": [], ""<class 'abc.NT_0003'>"": [10039, 1, 0, 1, 98974, 61725, 72592, 35725, 7660], ""<class 'abc.NT_0003_P_00000'>"": [], ""<class 'abc.NT_0003_P_00001'>"": [], ""<class 'abc.NT_0003_P_00002'>"": [], ""<class 'abc.NT_0003_P_00003'>"": [], ""<class 'abc.NT_0004_P_00001'>"": [], ""<class 'abc.NT_0004_P_00002'>"": [], ""<class 'abc.NT_0009'>"": [3, 0, 1, 1, 0, 45822], ""<class 'abc.NT_0009_P_00000'>"": [], ""<class 'abc.NT_0008'>"": [15828, 0, 83857, 0, 0, 0, 17129], ""<class 'abc.NT_0008_P_00000'>"": [], ""<class 'abc.NT_0009_P_00001'>"": [], ""<class 'abc.NT_0009_P_00002'>"": [], ""<class 'abc.NT_0009_P_00003'>"": [], ""<class 'abc.NT_0010_P_00001'>"": [], ""<class 'abc.NT_0010_P_00002'>"": [], ""<class 'abc.NT_0017_P_00001'>"": [], ""<class 'abc.NT_0012'>"": [0, 0, 27606, 0, 0, 65962], ""<class 'abc.NT_0012_P_00000'>"": [], ""<class 'abc.NT_0012_P_00001'>"": [], ""<class 'abc.NT_0017_P_00002'>"": [], ""<class 'abc.NT_0013'>"": [], ""<class 'abc.NT_0013_P_00000'>"": [], ""<class 'abc.NT_0011'>"": [0, 94522], ""<class 'abc.NT_0011_P_00000'>"": [], ""<class 'abc.NT_0011_P_00001'>"": [], ""<class 'abc.NT_0011_P_00002'>"": [], ""<class 'abc.NT_0013_P_00001'>"": [], ""<class 'abc.NT_0013_P_00002'>"": [], ""<class 'abc.NT_0017_P_00003'>"": [], ""<class 'abc.NT_0016'>"": [0, 20070], ""<class 'abc.NT_0016_P_00000'>"": [], ""<class 'abc.NT_0016_P_00001'>"": [], ""<class 'abc.NT_0016_P_00002'>"": [], '$leftovers': [13707, 7777, 43103, 79112, 41937, 82055, 41802, 80929, 37572, 24235, 1002, 66268, 87311, 99058, 42897, 54099, 4751, 39061, 38658, 18856, 32793, 32020, 84694, 43326, 66351, 11593, 16559, 82179, 29701, 14785, 63931, 19995, 86098, 88506, 88906, 98218, 57143, 64899, 75531, 17691, 63845, 68413, 76826, 30524, 48607, 6718, 24768, 14247, 23842, 98884, 92372, 55279, 40315, 43705, 6728, 53868, 34432, 73753, 89438, 79733, 83929, 38685, 35410, 5343, 16823, 35888, 70000, 12879, 27426, 44726, 95438, 53746, 11554, 35563, 36846, 46156, 65002, 72433, 85297, 12477, 3511, 72425, 53166, 5796, 30717, 45518, 76561, 21526, 65748, 18017, 64172, 9175, 16724, 51276, 1749, 5687, 47923, 68260, 48548, 94393, 55323, 76604, 84009, 54574, 8798, 35733, 67233, 4198, 56844, 12629, 29196, 81671, 71295, 84963, 73193, 37662, 77918, 40265, 71387, 2776, 72056, 79890, 24380, 6524, 11920, 82004, 80554, 7771, 51485, 29874, 64851, 32118, 68660, 22646, 40503, 29950, 45632, 59339, 63591, 66553, 79195, 90039, 8891, 94412, 82595, 43578, 41060, 60184, 28053, 84947, 77614, 38864, 91374, 58545, 50015, 19960, 7381, 78763, 85070, 21507, 19025, 51930, 32629, 45143, 39756, 26052, 37388, 90108, 9391, 53674, 16962, 24269, 95106, 99931, 56381, 37781, 12365, 84199, 30949, 74271, 916, 85830, 97679, 18102, 478, 75886, 30302, 21977, 90537, 30063, 19357, 81788, 35261, 14719, 66114, 20921, 20240, 5992, 58367, 9680, 68600, 85141, 46379, 54808, 83564, 47005, 66549, 22371, 91024, 89979, 20226, 63714, 58641, 45142, 46907, 57602, 15144, 97990, 7439, 11158, 59469, 11328, 80659, 5962, 25695, 77537, 11892, 91592, 56748, 38581, 37353, 71743, 70419, 27563, 8343, 51963, 16605, 94638, 42057, 61173, 28541, 41743, 60295, 49767, 73628, 41163, 91833, 78182, 82565, 25215, 96862, 76058, 44249, 82715, 20979, 71376, 27708, 78050, 40085, 30494, 46076, 48158, 98017, 59418, 77712, 4502, 58514, 86759, 30136, 53692, 84446, 34409, 6828, 35370, 50950, 51945, 59877, 55822, 81173, 57512, 24080, 92189, 34559, 32530, 48867, 64932, 44, 85888, 8300, 92843, 6844, 39222, 76898, 88754, 22876, 38074, 43299, 88699, 81654, 61902, 89999, 13497, 66668, 7338, 74096, 38397, 11013, 98336, 40480, 33892, 63626, 49088, 71312, 23172, 10803, 62392, 24917, 67254, 58009, 81336, 59457, 73844, 95696, 6506, 27308, 70695, 56701, 13067, 41613, 72662, 53528, 75491, 42519, 81780, 31754, 13856, 88917, 96452, 41223, 89774, 10407, 31336, 50783, 20291, 5997, 7069, 31395, 24625, 6189, 56620, 24762, 84988, 68874, 85812, 41091, 24302, 77112, 35149, 22780, 53184, 18627, 57549, 17465, 63612, 87939, 6980, 60883, 29814, 87238, 14952, 60779, 86760, 61062, 30267, 24445, 56989, 27229, 82900, 90023, 57786, 63779, 40235, 86679, 51776, 22058, 63483, 39593, 41554, 8133, 95503, 6716, 25867, 90267, 22987, 39665, 98545, 93605, 1747, 78248, 27473, 33109, 26918, 82634, 51318, 80099, 73743, 12182, 94300, 46775, 25047, 68889, 10070, 18361, 65084, 37080, 70960, 83222, 67058, 98067, 22471, 67691, 59607, 67337, 8930, 21238, 46639, 45431, 43153, 96128, 24156, 80501, 82080, 49059, 2091, 12212, 52072, 31681, 90064, 42922, 12694, 63500, 88958, 85424, 60965, 55836, 88426, 54941, 94663, 65220, 71036, 49752, 17451, 53699, 9314, 14619, 3290, 44849, 90564, 91441, 62905, 40530, 5641, 37318, 36823, 31308, 19382, 62343, 86280, 16633, 47566, 15336, 77921, 88788, 50425, 20260, 79556, 59009, 60227, 87434, 40228, 88797, 25912, 98562, 76789, 91824, 52309, 10258, 50738, 95463, 77205, 93493, 68362, 24106, 95689, 49524, 69579, 66348, 75971, 22529, 74132, 89303, 37488, 5127, 63655, 17283, 25796, 52901, 73353, 59242, 58591, 76499, 46764, 96815, 56675, 19904, 86086, 9538, 16381, 25966, 48189, 47295, 50918, 3257, 56486, 10672, 45517, 6977, 66557, 24565, 14166, 47870, 73695, 59021, 61532, 83752, 51246, 6816, 65190, 71364, 98756, 25731, 84141, 78432, 21130, 69362, 52504, 59655, 73856, 97330, 50721, 19705, 54620, 16926, 96429, 24048, 73377, 67355, 15053, 17980, 70735, 35236, 75523, 91241, 23447, 72477, 51156, 95259, 88333, 29494, 67321, 52714, 62917, 99842, 65229, 6617, 44275, 88720, 37853, 8770, 63811, 7507, 89636, 17817, 1558, 85068, 79776, 73733, 11481, 89926, 56682, 49746, 9429, 50818, 45883, 58652, 12423, 26431, 60221, 95661, 73944, 68283, 51044, 69558, 68608, 65135, 29404, 17239, 5514, 47278, 63393, 94877, 23491, 47292, 6877, 19032, 65956, 9732, 97912, 1976, 37613, 34466, 61934, 57269, 53618, 5940, 93510, 52374, 85684, 22266, 86296, 60665, 10810, 9462, 494, 58482, 75247, 71566, 31620, 58819, 97731, 83116, 7767, 83623, 12444, 57312, 49834, 46402, 98377, 30435, 36116, 16443, 25589, 45312, 64514, 37426, 76200, 11178, 7488, 18610, 92099, 97566, 6854, 33656, 17686, 10866, 73697, 81050, 12312, 6505, 95303, 61521, 72092, 94259, 32683, 45746, 77187, 88803, 39457, 40047, 95729, 22380, 62708, 14355, 83408, 29714, 50213, 24600, 63055, 94787, 52488, 53820, 72502, 35142, 82539, 36201, 83535, 70150, 4544, 53013, 91532, 98794, 75749, 37723, 24569, 90322, 279, 84293, 85419, 53204, 7321, 22724, 95538, 85836, 2877, 93721, 73981, 40836, 90505, 94370, 88415, 37372, 69317, 25860, 4116, 35759, 84385, 33447, 84816, 12456, 31068, 57878, 18743, 27118, 55146, 45045, 76854, 36409, 49423, 25447, 28432, 61176, 34319, 67878, 7127, 41048, 27399, 57337, 84290, 2409, 69039, 23729, 7494, 36747, 48478, 38848, 42755, 293, 91046, 40498, 48156, 87860, 19957, 4960, 74844, 19836, 92291, 57801, 90081, 88664, 17768, 78881, 47919, 71822, 34413, 1930, 46778, 88873, 89253, 43012, 48581, 9353, 85645, 13891, 48249, 50115, 66199, 3386, 20854, 99932, 28051, 71692, 93909, 74084, 74671, 89896, 50523, 88742, 12398, 72247, 55742, 51721, 34827, 36846, 62982, 39419, 78439, 9343, 48468, 84544, 39864, 76167, 43812, 71247, 20757, 1762, 41180, 27413, 60564, 22669, 82173, 16704, 46485, 72310, 26823, 41298, 58642, 32787, 90874, 58140, 56784, 29999, 8759, 96835, 78050, 41544, 1255, 17455, 33878, 64547, 58966, 82332, 5215, 48306, 8922, 24655, 4697, 70882, 84900, 82562, 62735, 34434, 73303, 61588, 35094, 68503, 41162, 54916, 58190, 12626, 60530, 22534, 77445, 84110, 41705, 60129, 60275, 26541, 44213, 1777, 13370, 3088, 42025, 39125, 6806, 57675, 48434, 98242, 36838, 43086, 11553, 17088, 22108, 72325, 25128, 87991, 65587, 14862, 36451, 44287, 9734, 15759, 72468, 61485, 14174, 26892, 64268, 19975, 5444, 33247, 50382, 76845, 87224, 36256, 66890, 95968, 72639, 77038, 43204, 39754, 36312, 74369, 96758, 27679, 249, 98284, 44817, 61235, 55085, 9992, 27298, 25783, 69424, 39622, 26481, 58524, 35109, 38014, 50849, 43262, 70599, 1236, 29822, 19493, 40976, 26562, 7919, 16019, 11304, 44960, 68766, 47516, 55933, 93459, 51964, 80457, 87397, 77661, 10867, 13339, 38927, 67085, 83000, 91594, 70221, 32812, 41638, 39247, 63161, 56481, 85947, 619, 54521, 29223, 59027, 34890, 77305, 79995, 54866, 56578, 59831, 16991, 48800, 12168, 58544, 42596, 87951, 65721, 11198, 23052, 15984, 12347, 45822, 1513, 17129, 34479, 87885, 87506, 81928, 20343, 45290, 20189, 98974, 29926, 61725, 72592, 35725, 72251, 55074, 7660, 24694]})"
562.0,9,164,29,30.96172022819519,10696,"Genotype(dna={""<class 'abc.NT_0017'>"": [1, 23052], ""<class 'abc.NT_0017_P_00000'>"": [], ""<class 'abc.NT_0005'>"": [0, 0, 35544, 1, 0, 1, 0, 1, 1, 1513], ""<class 'abc.NT_0005_P_00000'>"": [], ""<class 'abc.NT_0005_P_00001'>"": [], ""<class 'bool'>"": [50833, 28611, 95173, 92596, 84996, 15299, 84608, 73218, 73704, 53577, 54127, 73580, 61648, 63455, 34182, 28379, 9832, 69766, 27025, 9321, 39372, 40559, 45589, 21512, 9991, 31131, 22379, 82972, 66879, 7070, 87492, 33083, 92916, 1233, 89415, 28350, 54741, 51276, 16414, 74832, 4355, 87209, 57305, 93042, 23231, 67903, 93745, 31960, 29422, 28659, 99170, 40455, 13273, 92051, 14178, 78998, 45259, 78698, 95977, 93014, 83753, 21951, 16043, 13772, 66730, 10736, 57934, 29081, 62948, 99869, 41968, 82469, 93064, 59471, 51253, 67704, 97811, 82022, 87389, 59617, 67283, 63422, 70186, 58801, 23472, 68171, 46787, 87700, 86179, 38104, 2384, 90063, 6576, 80132, 98840, 65605, 74894, 53809, 99733, 89043, 84198, 62780, 94716, 23035, 32450, 31489, 41399, 87765, 69122, 99723, 54018, 92501, 39572, 89999, 58379, 67238, 50112, 90146, 55533, 46837, 57815, 68681, 79206, 32534, 3130, 58659, 69605, 82887, 74526, 5911, 58400, 62789, 48677, 31474, 44702, 39368, 40140, 19876, 33772, 86631, 58194, 70508], ""<class 'int'>"": [88091, 54758, 80960, 4147, 58985, 98835, 33177, 12380, 43928, 18156, 46293, 82997, 26546, 21931, 20632, 91665, 69275, 46303, 61738, 80613, 63967, 92163, 79154, 79668, 18313, 6071, 50712, 91463, 54716, 33220, 52575, 78591, 28324, 24851, 385, 86434, 6594, 95864, 4088, 31907, 5028, 70908, 60125, 88976, 64506, 45119, 63026, 18677, 76141, 62129, 40973, 74468, 90479, 50241, 61828, 14495, 64587, 47259, 69389, 59226, 21182, 99643, 3451, 67066, 55205, 22485, 89443, 19030, 10288, 23574, 78426, 55280, 17305, 68878, 94325, 9074, 35370, 56456, 95300, 73961, 59051, 835, 21640, 2744, 30054, 96306, 55542, 57066, 65643, 97962, 97088, 62680, 24967, 56005, 85155, 81002, 48234, 28842, 92105, 38714, 65511, 82476, 73240, 25988, 68682, 4749, 1059, 85277, 54664, 55169, 72830, 29209, 32377, 56597, 43815, 46740, 16019, 36704, 91606, 3697, 42934, 87720, 75207, 56054, 59737, 79252, 96186, 60558, 8582, 3209, 7798, 18736, 20655, 95860, 60671, 36386, 88318, 80757, 49888, 58523, 36742, 48071, 76427, 91397, 47115, 74907, 19807, 19166, 48854, 4778, 9526, 30084, 70329, 29929, 24152, 98179, 6661, 59360, 47157, 52018, 24734, 716, 46264, 89982, 86072, 78100, 64619, 77321], ""<class 'abc.NT_0010'>"": [0, 0, 1, 53054], ""<class 'abc.NT_0010_P_00000'>"": [], ""<class 'abc.NT_0006'>"": [2, 2, 0, 1, 1302, 1892], ""<class 'abc.NT_0006_P_00000'>"": [], ""<class 'abc.NT_0006_P_00001'>"": [], ""<class 'abc.NT_0002'>"": [1, 1, 2, 1, 1, 1, 1, 0, 2, 1, 41818, 0, 2, 0, 1, 0, 2, 1, 53720, 1, 0, 0, 69722, 1, 8713, 0, 0, 2, 0, 0, 0, 2, 1, 64800, 99864], ""<class 'abc.NT_0002_P_00000'>"": [], ""<class 'abc.NT_0001'>"": [1, 1, 1, 0, 0, 0, 0, 1, 1, 1, 1, 0, 1, 16227, 1, 1, 1, 1, 0, 0, 10290, 0, 0, 0, 0, 0, 1, 40887, 0, 0, 0, 0, 0, 0, 0, 0, 0, 1, 0, 0, 0, 0, 76558, 0, 0, 0, 1, 0, 0, 26591, 1, 1, 1, 0, 1, 0, 0, 45290], ""<class 'abc.NT_0001_P_00000'>"": [], ""<class 'abc.NT_0001_P_00001'>"": [], ""<class 'abc.NT_0000'>"": [0, 1, 1, 94528, 1, 0, 1, 1, 31647, 1, 1, 80324, 0, 0, 75412, 1, 69944, 1, 0, 0, 0, 1, 0, 0, 0, 1, 1, 0, 1, 3483, 1, 0, 42401, 0, 0, 0, 0, 54668, 66557, 1, 0, 1, 1, 0, 0, 21028, 54540, 1, 5444, 3614, 1, 0, 0, 0, 0, 0, 71485, 1, 0, 0, 0, 0, 1, 20343], ""<class 'abc.NT_0000_P_00000'>"": [], ""<class 'abc.NT_0000_P_00001'>"": [], ""<class 'abc.NT_0002_P_00001'>"": [], ""<class 'abc.NT_0002_P_00002'>"": [], ""<class 'abc.NT_0006_P_00002'>"": [], ""<class 'abc.NT_0007'>"": [1, 0, 1, 2, 87885, 72251, 55074], ""<class 'abc.NT_0007_P_00000'>"": [], ""<class 'abc.NT_0007_P_00001'>"": [], ""<class 'abc.NT_0007_P_00002'>"": [], ""<class 'abc.NT_0004'>"": [1, 1, 77639, 2, 1, 2, 63194, 90154], ""<class 'abc.NT_0004_P_00000'>"": [], ""<class 'abc.NT_0003'>"": [10039, 1, 0, 1, 98974, 61725, 72592, 35725, 7660], ""<class 'abc.NT_0003_P_00000'>"": [], ""<class 'abc.NT_0003_P_00001'>"": [], ""<class 'abc.NT_0003_P_00002'>"": [], ""<class 'abc.NT_0003_P_00003'>"": [], ""<class 'abc.NT_0004_P_00001'>"": [], ""<class 'abc.NT_0004_P_00002'>"": [], ""<class 'abc.NT_0009'>"": [3, 0, 1, 1, 0, 45822], ""<class 'abc.NT_0009_P_00000'>"": [], ""<class 'abc.NT_0008'>"": [15828, 0, 83857, 0, 0, 0, 17129], ""<class 'abc.NT_0008_P_00000'>"": [], ""<class 'abc.NT_0009_P_00001'>"": [], ""<class 'abc.NT_0009_P_00002'>"": [], ""<class 'abc.NT_0009_P_00003'>"": [], ""<class 'abc.NT_0010_P_00001'>"": [], ""<class 'abc.NT_0010_P_00002'>"": [], ""<class 'abc.NT_0017_P_00001'>"": [], ""<class 'abc.NT_0012'>"": [0, 0, 27606, 0, 0, 65962], ""<class 'abc.NT_0012_P_00000'>"": [], ""<class 'abc.NT_0012_P_00001'>"": [], ""<class 'abc.NT_0017_P_00002'>"": [], ""<class 'abc.NT_0013'>"": [], ""<class 'abc.NT_0013_P_00000'>"": [], ""<class 'abc.NT_0011'>"": [0, 94522], ""<class 'abc.NT_0011_P_00000'>"": [], ""<class 'abc.NT_0011_P_00001'>"": [], ""<class 'abc.NT_0011_P_00002'>"": [], ""<class 'abc.NT_0013_P_00001'>"": [], ""<class 'abc.NT_0013_P_00002'>"": [], ""<class 'abc.NT_0017_P_00003'>"": [], ""<class 'abc.NT_0016'>"": [0, 20070], ""<class 'abc.NT_0016_P_00000'>"": [], ""<class 'abc.NT_0016_P_00001'>"": [], ""<class 'abc.NT_0016_P_00002'>"": [], '$leftovers': [13707, 7777, 43103, 79112, 41937, 82055, 41802, 80929, 37572, 24235, 1002, 66268, 87311, 99058, 42897, 54099, 4751, 39061, 38658, 18856, 32793, 32020, 84694, 43326, 66351, 11593, 16559, 82179, 29701, 14785, 63931, 19995, 86098, 88506, 88906, 98218, 57143, 64899, 75531, 17691, 63845, 68413, 76826, 30524, 48607, 6718, 24768, 14247, 23842, 98884, 92372, 55279, 40315, 43705, 6728, 53868, 34432, 73753, 89438, 79733, 83929, 38685, 35410, 5343, 16823, 35888, 70000, 12879, 27426, 44726, 95438, 53746, 11554, 35563, 36846, 46156, 65002, 72433, 85297, 12477, 3511, 72425, 53166, 5796, 30717, 45518, 76561, 21526, 65748, 18017, 64172, 9175, 16724, 51276, 1749, 5687, 47923, 68260, 48548, 94393, 55323, 76604, 84009, 54574, 8798, 35733, 67233, 4198, 56844, 12629, 29196, 81671, 71295, 84963, 73193, 37662, 77918, 40265, 71387, 2776, 72056, 79890, 24380, 6524, 11920, 82004, 80554, 7771, 51485, 29874, 64851, 32118, 68660, 22646, 40503, 29950, 45632, 59339, 63591, 66553, 79195, 90039, 8891, 94412, 82595, 43578, 41060, 60184, 28053, 84947, 77614, 38864, 91374, 58545, 50015, 19960, 7381, 78763, 85070, 21507, 19025, 51930, 32629, 45143, 39756, 26052, 37388, 90108, 9391, 53674, 16962, 24269, 95106, 99931, 56381, 37781, 12365, 84199, 30949, 74271, 916, 85830, 97679, 18102, 478, 75886, 30302, 21977, 90537, 30063, 19357, 81788, 35261, 14719, 66114, 20921, 20240, 5992, 58367, 9680, 68600, 85141, 46379, 54808, 83564, 47005, 66549, 22371, 91024, 89979, 20226, 63714, 58641, 45142, 46907, 57602, 15144, 97990, 7439, 11158, 59469, 11328, 80659, 5962, 25695, 77537, 11892, 91592, 56748, 38581, 37353, 71743, 70419, 27563, 8343, 51963, 16605, 94638, 42057, 61173, 28541, 41743, 60295, 49767, 73628, 41163, 91833, 78182, 82565, 25215, 96862, 76058, 44249, 82715, 20979, 71376, 27708, 78050, 40085, 30494, 46076, 48158, 98017, 59418, 77712, 4502, 58514, 86759, 30136, 53692, 84446, 34409, 6828, 35370, 50950, 51945, 59877, 55822, 81173, 57512, 24080, 92189, 34559, 32530, 48867, 64932, 44, 85888, 8300, 92843, 6844, 39222, 76898, 88754, 22876, 38074, 43299, 88699, 81654, 61902, 89999, 13497, 66668, 7338, 74096, 38397, 11013, 98336, 40480, 33892, 63626, 49088, 71312, 23172, 10803, 62392, 24917, 67254, 58009, 81336, 59457, 73844, 95696, 6506, 27308, 70695, 56701, 13067, 41613, 72662, 53528, 75491, 42519, 81780, 31754, 13856, 88917, 96452, 41223, 89774, 10407, 31336, 50783, 20291, 5997, 7069, 31395, 24625, 6189, 56620, 24762, 84988, 68874, 85812, 41091, 24302, 77112, 35149, 22780, 53184, 18627, 57549, 17465, 63612, 87939, 6980, 60883, 29814, 87238, 14952, 60779, 86760, 61062, 30267, 24445, 56989, 27229, 82900, 90023, 57786, 63779, 40235, 86679, 51776, 22058, 63483, 39593, 41554, 8133, 95503, 6716, 25867, 90267, 22987, 39665, 98545, 93605, 1747, 78248, 27473, 33109, 26918, 82634, 51318, 80099, 73743, 12182, 94300, 46775, 25047, 68889, 10070, 18361, 65084, 37080, 70960, 83222, 67058, 98067, 22471, 67691, 59607, 67337, 8930, 21238, 46639, 45431, 43153, 96128, 24156, 80501, 82080, 49059, 2091, 12212, 52072, 31681, 90064, 42922, 12694, 63500, 88958, 85424, 60965, 55836, 88426, 54941, 94663, 65220, 71036, 49752, 17451, 53699, 9314, 14619, 3290, 44849, 90564, 91441, 62905, 40530, 5641, 37318, 36823, 31308, 19382, 62343, 86280, 16633, 47566, 15336, 77921, 88788, 50425, 20260, 79556, 59009, 60227, 87434, 40228, 88797, 25912, 98562, 76789, 91824, 52309, 10258, 50738, 95463, 77205, 93493, 68362, 24106, 95689, 49524, 69579, 66348, 75971, 22529, 74132, 89303, 37488, 5127, 63655, 17283, 25796, 52901, 73353, 59242, 58591, 76499, 46764, 96815, 56675, 19904, 86086, 9538, 16381, 25966, 48189, 47295, 50918, 3257, 56486, 10672, 45517, 6977, 66557, 24565, 14166, 47870, 73695, 59021, 61532, 83752, 51246, 6816, 65190, 71364, 98756, 25731, 84141, 78432, 21130, 69362, 52504, 59655, 73856, 97330, 50721, 19705, 54620, 16926, 96429, 24048, 73377, 67355, 15053, 17980, 70735, 35236, 75523, 91241, 23447, 72477, 51156, 95259, 88333, 29494, 67321, 52714, 62917, 99842, 65229, 6617, 44275, 88720, 37853, 8770, 63811, 7507, 89636, 17817, 1558, 85068, 79776, 73733, 11481, 89926, 56682, 49746, 9429, 50818, 45883, 58652, 12423, 26431, 60221, 95661, 73944, 68283, 51044, 69558, 68608, 65135, 29404, 17239, 5514, 47278, 63393, 94877, 23491, 47292, 6877, 19032, 65956, 9732, 97912, 1976, 37613, 34466, 61934, 57269, 53618, 5940, 93510, 52374, 85684, 22266, 86296, 60665, 10810, 9462, 494, 58482, 75247, 71566, 31620, 58819, 97731, 83116, 7767, 83623, 12444, 57312, 49834, 46402, 98377, 30435, 36116, 16443, 25589, 45312, 64514, 37426, 76200, 11178, 7488, 18610, 92099, 97566, 6854, 33656, 17686, 10866, 73697, 81050, 12312, 6505, 95303, 61521, 72092, 94259, 32683, 45746, 77187, 88803, 39457, 40047, 95729, 22380, 62708, 14355, 83408, 29714, 50213, 24600, 63055, 94787, 52488, 53820, 72502, 35142, 82539, 36201, 83535, 70150, 4544, 53013, 91532, 98794, 75749, 37723, 24569, 90322, 279, 84293, 85419, 53204, 7321, 22724, 95538, 85836, 2877, 93721, 73981, 40836, 90505, 94370, 88415, 37372, 69317, 25860, 4116, 35759, 84385, 33447, 84816, 12456, 31068, 57878, 18743, 27118, 55146, 45045, 76854, 36409, 49423, 25447, 28432, 61176, 34319, 67878, 7127, 41048, 27399, 57337, 84290, 2409, 69039, 23729, 7494, 36747, 48478, 38848, 42755, 293, 91046, 40498, 48156, 87860, 19957, 4960, 74844, 19836, 92291, 57801, 90081, 88664, 17768, 78881, 47919, 71822, 34413, 1930, 46778, 88873, 89253, 43012, 48581, 9353, 85645, 13891, 48249, 50115, 66199, 3386, 20854, 99932, 28051, 71692, 93909, 74084, 74671, 89896, 50523, 88742, 12398, 72247, 55742, 51721, 34827, 36846, 62982, 39419, 78439, 9343, 48468, 84544, 39864, 76167, 43812, 71247, 20757, 1762, 41180, 27413, 60564, 22669, 82173, 16704, 46485, 72310, 26823, 41298, 58642, 32787, 90874, 58140, 56784, 29999, 8759, 96835, 78050, 41544, 1255, 17455, 33878, 64547, 58966, 82332, 5215, 48306, 8922, 24655, 4697, 70882, 84900, 82562, 62735, 34434, 73303, 61588, 35094, 68503, 41162, 54916, 58190, 12626, 60530, 22534, 77445, 84110, 41705, 60129, 60275, 26541, 44213, 1777, 13370, 3088, 42025, 39125, 6806, 57675, 48434, 98242, 36838, 43086, 11553, 17088, 22108, 72325, 25128, 87991, 65587, 14862, 36451, 44287, 9734, 15759, 72468, 61485, 14174, 26892, 64268, 19975, 5444, 33247, 50382, 76845, 87224, 36256, 66890, 95968, 72639, 77038, 43204, 39754, 36312, 74369, 96758, 27679, 249, 98284, 44817, 61235, 55085, 9992, 27298, 25783, 69424, 39622, 26481, 58524, 35109, 38014, 50849, 43262, 70599, 1236, 29822, 19493, 40976, 26562, 7919, 16019, 11304, 44960, 68766, 47516, 55933, 93459, 51964, 80457, 87397, 77661, 10867, 13339, 38927, 67085, 83000, 91594, 70221, 32812, 41638, 39247, 63161, 56481, 85947, 619, 54521, 29223, 59027, 34890, 77305, 79995, 54866, 56578, 59831, 16991, 48800, 12168, 58544, 42596, 87951, 65721, 11198, 23052, 15984, 12347, 45822, 1513, 17129, 34479, 87885, 87506, 81928, 20343, 45290, 20189, 98974, 29926, 61725, 72592, 35725, 72251, 55074, 7660, 24694]})"
562.0,9,164,30,31.8800311088562,10696,"Genotype(dna={""<class 'abc.NT_0017'>"": [1, 23052], ""<class 'abc.NT_0017_P_00000'>"": [], ""<class 'abc.NT_0005'>"": [0, 0, 35544, 1, 0, 1, 0, 1, 1, 1513], ""<class 'abc.NT_0005_P_00000'>"": [], ""<class 'abc.NT_0005_P_00001'>"": [], ""<class 'bool'>"": [50833, 28611, 95173, 92596, 84996, 15299, 84608, 73218, 73704, 53577, 54127, 73580, 61648, 63455, 34182, 28379, 9832, 69766, 27025, 9321, 39372, 40559, 45589, 21512, 9991, 31131, 22379, 82972, 66879, 7070, 87492, 33083, 92916, 1233, 89415, 28350, 54741, 51276, 16414, 74832, 4355, 87209, 57305, 93042, 23231, 67903, 93745, 31960, 29422, 28659, 99170, 40455, 13273, 92051, 14178, 78998, 45259, 78698, 95977, 93014, 83753, 21951, 16043, 13772, 66730, 10736, 57934, 29081, 62948, 99869, 41968, 82469, 93064, 59471, 51253, 67704, 97811, 82022, 87389, 59617, 67283, 63422, 70186, 58801, 23472, 68171, 46787, 87700, 86179, 38104, 2384, 90063, 6576, 80132, 98840, 65605, 74894, 53809, 99733, 89043, 84198, 62780, 94716, 23035, 32450, 31489, 41399, 87765, 69122, 99723, 54018, 92501, 39572, 89999, 58379, 67238, 50112, 90146, 55533, 46837, 57815, 68681, 79206, 32534, 3130, 58659, 69605, 82887, 74526, 5911, 58400, 62789, 48677, 31474, 44702, 39368, 40140, 19876, 33772, 86631, 58194, 70508], ""<class 'int'>"": [88091, 54758, 80960, 4147, 58985, 98835, 33177, 12380, 43928, 18156, 46293, 82997, 26546, 21931, 20632, 91665, 69275, 46303, 61738, 80613, 63967, 92163, 79154, 79668, 18313, 6071, 50712, 91463, 54716, 33220, 52575, 78591, 28324, 24851, 385, 86434, 6594, 95864, 4088, 31907, 5028, 70908, 60125, 88976, 64506, 45119, 63026, 18677, 76141, 62129, 40973, 74468, 90479, 50241, 61828, 14495, 64587, 47259, 69389, 59226, 21182, 99643, 3451, 67066, 55205, 22485, 89443, 19030, 10288, 23574, 78426, 55280, 17305, 68878, 94325, 9074, 35370, 56456, 95300, 73961, 59051, 835, 21640, 2744, 30054, 96306, 55542, 57066, 65643, 97962, 97088, 62680, 24967, 56005, 85155, 81002, 48234, 28842, 92105, 38714, 65511, 82476, 73240, 25988, 68682, 4749, 1059, 85277, 54664, 55169, 72830, 29209, 32377, 56597, 43815, 46740, 16019, 36704, 91606, 3697, 42934, 87720, 75207, 56054, 59737, 79252, 96186, 60558, 8582, 3209, 7798, 18736, 20655, 95860, 60671, 36386, 88318, 80757, 49888, 58523, 36742, 48071, 76427, 91397, 47115, 74907, 19807, 19166, 48854, 4778, 9526, 30084, 70329, 29929, 24152, 98179, 6661, 59360, 47157, 52018, 24734, 716, 46264, 89982, 86072, 78100, 64619, 77321], ""<class 'abc.NT_0010'>"": [0, 0, 1, 53054], ""<class 'abc.NT_0010_P_00000'>"": [], ""<class 'abc.NT_0006'>"": [2, 2, 0, 1, 1302, 1892], ""<class 'abc.NT_0006_P_00000'>"": [], ""<class 'abc.NT_0006_P_00001'>"": [], ""<class 'abc.NT_0002'>"": [1, 1, 2, 1, 1, 1, 1, 0, 2, 1, 41818, 0, 2, 0, 1, 0, 2, 1, 53720, 1, 0, 0, 69722, 1, 8713, 0, 0, 2, 0, 0, 0, 2, 1, 64800, 99864], ""<class 'abc.NT_0002_P_00000'>"": [], ""<class 'abc.NT_0001'>"": [1, 1, 1, 0, 0, 0, 0, 1, 1, 1, 1, 0, 1, 16227, 1, 1, 1, 1, 0, 0, 10290, 0, 0, 0, 0, 0, 1, 40887, 0, 0, 0, 0, 0, 0, 0, 0, 0, 1, 0, 0, 0, 0, 76558, 0, 0, 0, 1, 0, 0, 26591, 1, 1, 1, 0, 1, 0, 0, 45290], ""<class 'abc.NT_0001_P_00000'>"": [], ""<class 'abc.NT_0001_P_00001'>"": [], ""<class 'abc.NT_0000'>"": [0, 1, 1, 94528, 1, 0, 1, 1, 31647, 1, 1, 80324, 0, 0, 75412, 1, 69944, 1, 0, 0, 0, 1, 0, 0, 0, 1, 1, 0, 1, 3483, 1, 0, 42401, 0, 0, 0, 0, 54668, 66557, 1, 0, 1, 1, 0, 0, 21028, 54540, 1, 5444, 3614, 1, 0, 0, 0, 0, 0, 71485, 1, 0, 0, 0, 0, 1, 20343], ""<class 'abc.NT_0000_P_00000'>"": [], ""<class 'abc.NT_0000_P_00001'>"": [], ""<class 'abc.NT_0002_P_00001'>"": [], ""<class 'abc.NT_0002_P_00002'>"": [], ""<class 'abc.NT_0006_P_00002'>"": [], ""<class 'abc.NT_0007'>"": [1, 0, 1, 2, 87885, 72251, 55074], ""<class 'abc.NT_0007_P_00000'>"": [], ""<class 'abc.NT_0007_P_00001'>"": [], ""<class 'abc.NT_0007_P_00002'>"": [], ""<class 'abc.NT_0004'>"": [1, 1, 77639, 2, 1, 2, 63194, 90154], ""<class 'abc.NT_0004_P_00000'>"": [], ""<class 'abc.NT_0003'>"": [10039, 1, 0, 1, 98974, 61725, 72592, 35725, 7660], ""<class 'abc.NT_0003_P_00000'>"": [], ""<class 'abc.NT_0003_P_00001'>"": [], ""<class 'abc.NT_0003_P_00002'>"": [], ""<class 'abc.NT_0003_P_00003'>"": [], ""<class 'abc.NT_0004_P_00001'>"": [], ""<class 'abc.NT_0004_P_00002'>"": [], ""<class 'abc.NT_0009'>"": [3, 0, 1, 1, 0, 45822], ""<class 'abc.NT_0009_P_00000'>"": [], ""<class 'abc.NT_0008'>"": [15828, 0, 83857, 0, 0, 0, 17129], ""<class 'abc.NT_0008_P_00000'>"": [], ""<class 'abc.NT_0009_P_00001'>"": [], ""<class 'abc.NT_0009_P_00002'>"": [], ""<class 'abc.NT_0009_P_00003'>"": [], ""<class 'abc.NT_0010_P_00001'>"": [], ""<class 'abc.NT_0010_P_00002'>"": [], ""<class 'abc.NT_0017_P_00001'>"": [], ""<class 'abc.NT_0012'>"": [0, 0, 27606, 0, 0, 65962], ""<class 'abc.NT_0012_P_00000'>"": [], ""<class 'abc.NT_0012_P_00001'>"": [], ""<class 'abc.NT_0017_P_00002'>"": [], ""<class 'abc.NT_0013'>"": [], ""<class 'abc.NT_0013_P_00000'>"": [], ""<class 'abc.NT_0011'>"": [0, 94522], ""<class 'abc.NT_0011_P_00000'>"": [], ""<class 'abc.NT_0011_P_00001'>"": [], ""<class 'abc.NT_0011_P_00002'>"": [], ""<class 'abc.NT_0013_P_00001'>"": [], ""<class 'abc.NT_0013_P_00002'>"": [], ""<class 'abc.NT_0017_P_00003'>"": [], ""<class 'abc.NT_0016'>"": [0, 20070], ""<class 'abc.NT_0016_P_00000'>"": [], ""<class 'abc.NT_0016_P_00001'>"": [], ""<class 'abc.NT_0016_P_00002'>"": [], '$leftovers': [13707, 7777, 43103, 79112, 41937, 82055, 41802, 80929, 37572, 24235, 1002, 66268, 87311, 99058, 42897, 54099, 4751, 39061, 38658, 18856, 32793, 32020, 84694, 43326, 66351, 11593, 16559, 82179, 29701, 14785, 63931, 19995, 86098, 88506, 88906, 98218, 57143, 64899, 75531, 17691, 63845, 68413, 76826, 30524, 48607, 6718, 24768, 14247, 23842, 98884, 92372, 55279, 40315, 43705, 6728, 53868, 34432, 73753, 89438, 79733, 83929, 38685, 35410, 5343, 16823, 35888, 70000, 12879, 27426, 44726, 95438, 53746, 11554, 35563, 36846, 46156, 65002, 72433, 85297, 12477, 3511, 72425, 53166, 5796, 30717, 45518, 76561, 21526, 65748, 18017, 64172, 9175, 16724, 51276, 1749, 5687, 47923, 68260, 48548, 94393, 55323, 76604, 84009, 54574, 8798, 35733, 67233, 4198, 56844, 12629, 29196, 81671, 71295, 84963, 73193, 37662, 77918, 40265, 71387, 2776, 72056, 79890, 24380, 6524, 11920, 82004, 80554, 7771, 51485, 29874, 64851, 32118, 68660, 22646, 40503, 29950, 45632, 59339, 63591, 66553, 79195, 90039, 8891, 94412, 82595, 43578, 41060, 60184, 28053, 84947, 77614, 38864, 91374, 58545, 50015, 19960, 7381, 78763, 85070, 21507, 19025, 51930, 32629, 45143, 39756, 26052, 37388, 90108, 9391, 53674, 16962, 24269, 95106, 99931, 56381, 37781, 12365, 84199, 30949, 74271, 916, 85830, 97679, 18102, 478, 75886, 30302, 21977, 90537, 30063, 19357, 81788, 35261, 14719, 66114, 20921, 20240, 5992, 58367, 9680, 68600, 85141, 46379, 54808, 83564, 47005, 66549, 22371, 91024, 89979, 20226, 63714, 58641, 45142, 46907, 57602, 15144, 97990, 7439, 11158, 59469, 11328, 80659, 5962, 25695, 77537, 11892, 91592, 56748, 38581, 37353, 71743, 70419, 27563, 8343, 51963, 16605, 94638, 42057, 61173, 28541, 41743, 60295, 49767, 73628, 41163, 91833, 78182, 82565, 25215, 96862, 76058, 44249, 82715, 20979, 71376, 27708, 78050, 40085, 30494, 46076, 48158, 98017, 59418, 77712, 4502, 58514, 86759, 30136, 53692, 84446, 34409, 6828, 35370, 50950, 51945, 59877, 55822, 81173, 57512, 24080, 92189, 34559, 32530, 48867, 64932, 44, 85888, 8300, 92843, 6844, 39222, 76898, 88754, 22876, 38074, 43299, 88699, 81654, 61902, 89999, 13497, 66668, 7338, 74096, 38397, 11013, 98336, 40480, 33892, 63626, 49088, 71312, 23172, 10803, 62392, 24917, 67254, 58009, 81336, 59457, 73844, 95696, 6506, 27308, 70695, 56701, 13067, 41613, 72662, 53528, 75491, 42519, 81780, 31754, 13856, 88917, 96452, 41223, 89774, 10407, 31336, 50783, 20291, 5997, 7069, 31395, 24625, 6189, 56620, 24762, 84988, 68874, 85812, 41091, 24302, 77112, 35149, 22780, 53184, 18627, 57549, 17465, 63612, 87939, 6980, 60883, 29814, 87238, 14952, 60779, 86760, 61062, 30267, 24445, 56989, 27229, 82900, 90023, 57786, 63779, 40235, 86679, 51776, 22058, 63483, 39593, 41554, 8133, 95503, 6716, 25867, 90267, 22987, 39665, 98545, 93605, 1747, 78248, 27473, 33109, 26918, 82634, 51318, 80099, 73743, 12182, 94300, 46775, 25047, 68889, 10070, 18361, 65084, 37080, 70960, 83222, 67058, 98067, 22471, 67691, 59607, 67337, 8930, 21238, 46639, 45431, 43153, 96128, 24156, 80501, 82080, 49059, 2091, 12212, 52072, 31681, 90064, 42922, 12694, 63500, 88958, 85424, 60965, 55836, 88426, 54941, 94663, 65220, 71036, 49752, 17451, 53699, 9314, 14619, 3290, 44849, 90564, 91441, 62905, 40530, 5641, 37318, 36823, 31308, 19382, 62343, 86280, 16633, 47566, 15336, 77921, 88788, 50425, 20260, 79556, 59009, 60227, 87434, 40228, 88797, 25912, 98562, 76789, 91824, 52309, 10258, 50738, 95463, 77205, 93493, 68362, 24106, 95689, 49524, 69579, 66348, 75971, 22529, 74132, 89303, 37488, 5127, 63655, 17283, 25796, 52901, 73353, 59242, 58591, 76499, 46764, 96815, 56675, 19904, 86086, 9538, 16381, 25966, 48189, 47295, 50918, 3257, 56486, 10672, 45517, 6977, 66557, 24565, 14166, 47870, 73695, 59021, 61532, 83752, 51246, 6816, 65190, 71364, 98756, 25731, 84141, 78432, 21130, 69362, 52504, 59655, 73856, 97330, 50721, 19705, 54620, 16926, 96429, 24048, 73377, 67355, 15053, 17980, 70735, 35236, 75523, 91241, 23447, 72477, 51156, 95259, 88333, 29494, 67321, 52714, 62917, 99842, 65229, 6617, 44275, 88720, 37853, 8770, 63811, 7507, 89636, 17817, 1558, 85068, 79776, 73733, 11481, 89926, 56682, 49746, 9429, 50818, 45883, 58652, 12423, 26431, 60221, 95661, 73944, 68283, 51044, 69558, 68608, 65135, 29404, 17239, 5514, 47278, 63393, 94877, 23491, 47292, 6877, 19032, 65956, 9732, 97912, 1976, 37613, 34466, 61934, 57269, 53618, 5940, 93510, 52374, 85684, 22266, 86296, 60665, 10810, 9462, 494, 58482, 75247, 71566, 31620, 58819, 97731, 83116, 7767, 83623, 12444, 57312, 49834, 46402, 98377, 30435, 36116, 16443, 25589, 45312, 64514, 37426, 76200, 11178, 7488, 18610, 92099, 97566, 6854, 33656, 17686, 10866, 73697, 81050, 12312, 6505, 95303, 61521, 72092, 94259, 32683, 45746, 77187, 88803, 39457, 40047, 95729, 22380, 62708, 14355, 83408, 29714, 50213, 24600, 63055, 94787, 52488, 53820, 72502, 35142, 82539, 36201, 83535, 70150, 4544, 53013, 91532, 98794, 75749, 37723, 24569, 90322, 279, 84293, 85419, 53204, 7321, 22724, 95538, 85836, 2877, 93721, 73981, 40836, 90505, 94370, 88415, 37372, 69317, 25860, 4116, 35759, 84385, 33447, 84816, 12456, 31068, 57878, 18743, 27118, 55146, 45045, 76854, 36409, 49423, 25447, 28432, 61176, 34319, 67878, 7127, 41048, 27399, 57337, 84290, 2409, 69039, 23729, 7494, 36747, 48478, 38848, 42755, 293, 91046, 40498, 48156, 87860, 19957, 4960, 74844, 19836, 92291, 57801, 90081, 88664, 17768, 78881, 47919, 71822, 34413, 1930, 46778, 88873, 89253, 43012, 48581, 9353, 85645, 13891, 48249, 50115, 66199, 3386, 20854, 99932, 28051, 71692, 93909, 74084, 74671, 89896, 50523, 88742, 12398, 72247, 55742, 51721, 34827, 36846, 62982, 39419, 78439, 9343, 48468, 84544, 39864, 76167, 43812, 71247, 20757, 1762, 41180, 27413, 60564, 22669, 82173, 16704, 46485, 72310, 26823, 41298, 58642, 32787, 90874, 58140, 56784, 29999, 8759, 96835, 78050, 41544, 1255, 17455, 33878, 64547, 58966, 82332, 5215, 48306, 8922, 24655, 4697, 70882, 84900, 82562, 62735, 34434, 73303, 61588, 35094, 68503, 41162, 54916, 58190, 12626, 60530, 22534, 77445, 84110, 41705, 60129, 60275, 26541, 44213, 1777, 13370, 3088, 42025, 39125, 6806, 57675, 48434, 98242, 36838, 43086, 11553, 17088, 22108, 72325, 25128, 87991, 65587, 14862, 36451, 44287, 9734, 15759, 72468, 61485, 14174, 26892, 64268, 19975, 5444, 33247, 50382, 76845, 87224, 36256, 66890, 95968, 72639, 77038, 43204, 39754, 36312, 74369, 96758, 27679, 249, 98284, 44817, 61235, 55085, 9992, 27298, 25783, 69424, 39622, 26481, 58524, 35109, 38014, 50849, 43262, 70599, 1236, 29822, 19493, 40976, 26562, 7919, 16019, 11304, 44960, 68766, 47516, 55933, 93459, 51964, 80457, 87397, 77661, 10867, 13339, 38927, 67085, 83000, 91594, 70221, 32812, 41638, 39247, 63161, 56481, 85947, 619, 54521, 29223, 59027, 34890, 77305, 79995, 54866, 56578, 59831, 16991, 48800, 12168, 58544, 42596, 87951, 65721, 11198, 23052, 15984, 12347, 45822, 1513, 17129, 34479, 87885, 87506, 81928, 20343, 45290, 20189, 98974, 29926, 61725, 72592, 35725, 72251, 55074, 7660, 24694]})"
562.0,9,164,31,32.55021405220032,10696,"Genotype(dna={""<class 'abc.NT_0017'>"": [1, 23052], ""<class 'abc.NT_0017_P_00000'>"": [], ""<class 'abc.NT_0005'>"": [0, 0, 35544, 1, 0, 1, 0, 1, 1, 1513], ""<class 'abc.NT_0005_P_00000'>"": [], ""<class 'abc.NT_0005_P_00001'>"": [], ""<class 'bool'>"": [50833, 28611, 95173, 92596, 84996, 15299, 84608, 73218, 73704, 53577, 54127, 73580, 61648, 63455, 34182, 28379, 9832, 69766, 27025, 9321, 39372, 40559, 45589, 21512, 9991, 31131, 22379, 82972, 66879, 7070, 87492, 33083, 92916, 1233, 89415, 28350, 54741, 51276, 16414, 74832, 4355, 87209, 57305, 93042, 23231, 67903, 93745, 31960, 29422, 28659, 99170, 40455, 13273, 92051, 14178, 78998, 45259, 78698, 95977, 93014, 83753, 21951, 16043, 13772, 66730, 10736, 57934, 29081, 62948, 99869, 41968, 82469, 93064, 59471, 51253, 67704, 97811, 82022, 87389, 59617, 67283, 63422, 70186, 58801, 23472, 68171, 46787, 87700, 86179, 38104, 2384, 90063, 6576, 80132, 98840, 65605, 74894, 53809, 99733, 89043, 84198, 62780, 94716, 23035, 32450, 31489, 41399, 87765, 69122, 99723, 54018, 92501, 39572, 89999, 58379, 67238, 50112, 90146, 55533, 46837, 57815, 68681, 79206, 32534, 3130, 58659, 69605, 82887, 74526, 5911, 58400, 62789, 48677, 31474, 44702, 39368, 40140, 19876, 33772, 86631, 58194, 70508], ""<class 'int'>"": [88091, 54758, 80960, 4147, 58985, 98835, 33177, 12380, 43928, 18156, 46293, 82997, 26546, 21931, 20632, 91665, 69275, 46303, 61738, 80613, 63967, 92163, 79154, 79668, 18313, 6071, 50712, 91463, 54716, 33220, 52575, 78591, 28324, 24851, 385, 86434, 6594, 95864, 4088, 31907, 5028, 70908, 60125, 88976, 64506, 45119, 63026, 18677, 76141, 62129, 40973, 74468, 90479, 50241, 61828, 14495, 64587, 47259, 69389, 59226, 21182, 99643, 3451, 67066, 55205, 22485, 89443, 19030, 10288, 23574, 78426, 55280, 17305, 68878, 94325, 9074, 35370, 56456, 95300, 73961, 59051, 835, 21640, 2744, 30054, 96306, 55542, 57066, 65643, 97962, 97088, 62680, 24967, 56005, 85155, 81002, 48234, 28842, 92105, 38714, 65511, 82476, 73240, 25988, 68682, 4749, 1059, 85277, 54664, 55169, 72830, 29209, 32377, 56597, 43815, 46740, 16019, 36704, 91606, 3697, 42934, 87720, 75207, 56054, 59737, 79252, 96186, 60558, 8582, 3209, 7798, 18736, 20655, 95860, 60671, 36386, 88318, 80757, 49888, 58523, 36742, 48071, 76427, 91397, 47115, 74907, 19807, 19166, 48854, 4778, 9526, 30084, 70329, 29929, 24152, 98179, 6661, 59360, 47157, 52018, 24734, 716, 46264, 89982, 86072, 78100, 64619, 77321], ""<class 'abc.NT_0010'>"": [0, 0, 1, 53054], ""<class 'abc.NT_0010_P_00000'>"": [], ""<class 'abc.NT_0006'>"": [2, 2, 0, 1, 1302, 1892], ""<class 'abc.NT_0006_P_00000'>"": [], ""<class 'abc.NT_0006_P_00001'>"": [], ""<class 'abc.NT_0002'>"": [1, 1, 2, 1, 1, 1, 1, 0, 2, 1, 41818, 0, 2, 0, 1, 0, 2, 1, 53720, 1, 0, 0, 69722, 1, 8713, 0, 0, 2, 0, 0, 0, 2, 1, 64800, 99864], ""<class 'abc.NT_0002_P_00000'>"": [], ""<class 'abc.NT_0001'>"": [1, 1, 1, 0, 0, 0, 0, 1, 1, 1, 1, 0, 1, 16227, 1, 1, 1, 1, 0, 0, 10290, 0, 0, 0, 0, 0, 1, 40887, 0, 0, 0, 0, 0, 0, 0, 0, 0, 1, 0, 0, 0, 0, 76558, 0, 0, 0, 1, 0, 0, 26591, 1, 1, 1, 0, 1, 0, 0, 45290], ""<class 'abc.NT_0001_P_00000'>"": [], ""<class 'abc.NT_0001_P_00001'>"": [], ""<class 'abc.NT_0000'>"": [0, 1, 1, 94528, 1, 0, 1, 1, 31647, 1, 1, 80324, 0, 0, 75412, 1, 69944, 1, 0, 0, 0, 1, 0, 0, 0, 1, 1, 0, 1, 3483, 1, 0, 42401, 0, 0, 0, 0, 54668, 66557, 1, 0, 1, 1, 0, 0, 21028, 54540, 1, 5444, 3614, 1, 0, 0, 0, 0, 0, 71485, 1, 0, 0, 0, 0, 1, 20343], ""<class 'abc.NT_0000_P_00000'>"": [], ""<class 'abc.NT_0000_P_00001'>"": [], ""<class 'abc.NT_0002_P_00001'>"": [], ""<class 'abc.NT_0002_P_00002'>"": [], ""<class 'abc.NT_0006_P_00002'>"": [], ""<class 'abc.NT_0007'>"": [1, 0, 1, 2, 87885, 72251, 55074], ""<class 'abc.NT_0007_P_00000'>"": [], ""<class 'abc.NT_0007_P_00001'>"": [], ""<class 'abc.NT_0007_P_00002'>"": [], ""<class 'abc.NT_0004'>"": [1, 1, 77639, 2, 1, 2, 63194, 90154], ""<class 'abc.NT_0004_P_00000'>"": [], ""<class 'abc.NT_0003'>"": [10039, 1, 0, 1, 98974, 61725, 72592, 35725, 7660], ""<class 'abc.NT_0003_P_00000'>"": [], ""<class 'abc.NT_0003_P_00001'>"": [], ""<class 'abc.NT_0003_P_00002'>"": [], ""<class 'abc.NT_0003_P_00003'>"": [], ""<class 'abc.NT_0004_P_00001'>"": [], ""<class 'abc.NT_0004_P_00002'>"": [], ""<class 'abc.NT_0009'>"": [3, 0, 1, 1, 0, 45822], ""<class 'abc.NT_0009_P_00000'>"": [], ""<class 'abc.NT_0008'>"": [15828, 0, 83857, 0, 0, 0, 17129], ""<class 'abc.NT_0008_P_00000'>"": [], ""<class 'abc.NT_0009_P_00001'>"": [], ""<class 'abc.NT_0009_P_00002'>"": [], ""<class 'abc.NT_0009_P_00003'>"": [], ""<class 'abc.NT_0010_P_00001'>"": [], ""<class 'abc.NT_0010_P_00002'>"": [], ""<class 'abc.NT_0017_P_00001'>"": [], ""<class 'abc.NT_0012'>"": [0, 0, 27606, 0, 0, 65962], ""<class 'abc.NT_0012_P_00000'>"": [], ""<class 'abc.NT_0012_P_00001'>"": [], ""<class 'abc.NT_0017_P_00002'>"": [], ""<class 'abc.NT_0013'>"": [], ""<class 'abc.NT_0013_P_00000'>"": [], ""<class 'abc.NT_0011'>"": [0, 94522], ""<class 'abc.NT_0011_P_00000'>"": [], ""<class 'abc.NT_0011_P_00001'>"": [], ""<class 'abc.NT_0011_P_00002'>"": [], ""<class 'abc.NT_0013_P_00001'>"": [], ""<class 'abc.NT_0013_P_00002'>"": [], ""<class 'abc.NT_0017_P_00003'>"": [], ""<class 'abc.NT_0016'>"": [0, 20070], ""<class 'abc.NT_0016_P_00000'>"": [], ""<class 'abc.NT_0016_P_00001'>"": [], ""<class 'abc.NT_0016_P_00002'>"": [], '$leftovers': [13707, 7777, 43103, 79112, 41937, 82055, 41802, 80929, 37572, 24235, 1002, 66268, 87311, 99058, 42897, 54099, 4751, 39061, 38658, 18856, 32793, 32020, 84694, 43326, 66351, 11593, 16559, 82179, 29701, 14785, 63931, 19995, 86098, 88506, 88906, 98218, 57143, 64899, 75531, 17691, 63845, 68413, 76826, 30524, 48607, 6718, 24768, 14247, 23842, 98884, 92372, 55279, 40315, 43705, 6728, 53868, 34432, 73753, 89438, 79733, 83929, 38685, 35410, 5343, 16823, 35888, 70000, 12879, 27426, 44726, 95438, 53746, 11554, 35563, 36846, 46156, 65002, 72433, 85297, 12477, 3511, 72425, 53166, 5796, 30717, 45518, 76561, 21526, 65748, 18017, 64172, 9175, 16724, 51276, 1749, 5687, 47923, 68260, 48548, 94393, 55323, 76604, 84009, 54574, 8798, 35733, 67233, 4198, 56844, 12629, 29196, 81671, 71295, 84963, 73193, 37662, 77918, 40265, 71387, 2776, 72056, 79890, 24380, 6524, 11920, 82004, 80554, 7771, 51485, 29874, 64851, 32118, 68660, 22646, 40503, 29950, 45632, 59339, 63591, 66553, 79195, 90039, 8891, 94412, 82595, 43578, 41060, 60184, 28053, 84947, 77614, 38864, 91374, 58545, 50015, 19960, 7381, 78763, 85070, 21507, 19025, 51930, 32629, 45143, 39756, 26052, 37388, 90108, 9391, 53674, 16962, 24269, 95106, 99931, 56381, 37781, 12365, 84199, 30949, 74271, 916, 85830, 97679, 18102, 478, 75886, 30302, 21977, 90537, 30063, 19357, 81788, 35261, 14719, 66114, 20921, 20240, 5992, 58367, 9680, 68600, 85141, 46379, 54808, 83564, 47005, 66549, 22371, 91024, 89979, 20226, 63714, 58641, 45142, 46907, 57602, 15144, 97990, 7439, 11158, 59469, 11328, 80659, 5962, 25695, 77537, 11892, 91592, 56748, 38581, 37353, 71743, 70419, 27563, 8343, 51963, 16605, 94638, 42057, 61173, 28541, 41743, 60295, 49767, 73628, 41163, 91833, 78182, 82565, 25215, 96862, 76058, 44249, 82715, 20979, 71376, 27708, 78050, 40085, 30494, 46076, 48158, 98017, 59418, 77712, 4502, 58514, 86759, 30136, 53692, 84446, 34409, 6828, 35370, 50950, 51945, 59877, 55822, 81173, 57512, 24080, 92189, 34559, 32530, 48867, 64932, 44, 85888, 8300, 92843, 6844, 39222, 76898, 88754, 22876, 38074, 43299, 88699, 81654, 61902, 89999, 13497, 66668, 7338, 74096, 38397, 11013, 98336, 40480, 33892, 63626, 49088, 71312, 23172, 10803, 62392, 24917, 67254, 58009, 81336, 59457, 73844, 95696, 6506, 27308, 70695, 56701, 13067, 41613, 72662, 53528, 75491, 42519, 81780, 31754, 13856, 88917, 96452, 41223, 89774, 10407, 31336, 50783, 20291, 5997, 7069, 31395, 24625, 6189, 56620, 24762, 84988, 68874, 85812, 41091, 24302, 77112, 35149, 22780, 53184, 18627, 57549, 17465, 63612, 87939, 6980, 60883, 29814, 87238, 14952, 60779, 86760, 61062, 30267, 24445, 56989, 27229, 82900, 90023, 57786, 63779, 40235, 86679, 51776, 22058, 63483, 39593, 41554, 8133, 95503, 6716, 25867, 90267, 22987, 39665, 98545, 93605, 1747, 78248, 27473, 33109, 26918, 82634, 51318, 80099, 73743, 12182, 94300, 46775, 25047, 68889, 10070, 18361, 65084, 37080, 70960, 83222, 67058, 98067, 22471, 67691, 59607, 67337, 8930, 21238, 46639, 45431, 43153, 96128, 24156, 80501, 82080, 49059, 2091, 12212, 52072, 31681, 90064, 42922, 12694, 63500, 88958, 85424, 60965, 55836, 88426, 54941, 94663, 65220, 71036, 49752, 17451, 53699, 9314, 14619, 3290, 44849, 90564, 91441, 62905, 40530, 5641, 37318, 36823, 31308, 19382, 62343, 86280, 16633, 47566, 15336, 77921, 88788, 50425, 20260, 79556, 59009, 60227, 87434, 40228, 88797, 25912, 98562, 76789, 91824, 52309, 10258, 50738, 95463, 77205, 93493, 68362, 24106, 95689, 49524, 69579, 66348, 75971, 22529, 74132, 89303, 37488, 5127, 63655, 17283, 25796, 52901, 73353, 59242, 58591, 76499, 46764, 96815, 56675, 19904, 86086, 9538, 16381, 25966, 48189, 47295, 50918, 3257, 56486, 10672, 45517, 6977, 66557, 24565, 14166, 47870, 73695, 59021, 61532, 83752, 51246, 6816, 65190, 71364, 98756, 25731, 84141, 78432, 21130, 69362, 52504, 59655, 73856, 97330, 50721, 19705, 54620, 16926, 96429, 24048, 73377, 67355, 15053, 17980, 70735, 35236, 75523, 91241, 23447, 72477, 51156, 95259, 88333, 29494, 67321, 52714, 62917, 99842, 65229, 6617, 44275, 88720, 37853, 8770, 63811, 7507, 89636, 17817, 1558, 85068, 79776, 73733, 11481, 89926, 56682, 49746, 9429, 50818, 45883, 58652, 12423, 26431, 60221, 95661, 73944, 68283, 51044, 69558, 68608, 65135, 29404, 17239, 5514, 47278, 63393, 94877, 23491, 47292, 6877, 19032, 65956, 9732, 97912, 1976, 37613, 34466, 61934, 57269, 53618, 5940, 93510, 52374, 85684, 22266, 86296, 60665, 10810, 9462, 494, 58482, 75247, 71566, 31620, 58819, 97731, 83116, 7767, 83623, 12444, 57312, 49834, 46402, 98377, 30435, 36116, 16443, 25589, 45312, 64514, 37426, 76200, 11178, 7488, 18610, 92099, 97566, 6854, 33656, 17686, 10866, 73697, 81050, 12312, 6505, 95303, 61521, 72092, 94259, 32683, 45746, 77187, 88803, 39457, 40047, 95729, 22380, 62708, 14355, 83408, 29714, 50213, 24600, 63055, 94787, 52488, 53820, 72502, 35142, 82539, 36201, 83535, 70150, 4544, 53013, 91532, 98794, 75749, 37723, 24569, 90322, 279, 84293, 85419, 53204, 7321, 22724, 95538, 85836, 2877, 93721, 73981, 40836, 90505, 94370, 88415, 37372, 69317, 25860, 4116, 35759, 84385, 33447, 84816, 12456, 31068, 57878, 18743, 27118, 55146, 45045, 76854, 36409, 49423, 25447, 28432, 61176, 34319, 67878, 7127, 41048, 27399, 57337, 84290, 2409, 69039, 23729, 7494, 36747, 48478, 38848, 42755, 293, 91046, 40498, 48156, 87860, 19957, 4960, 74844, 19836, 92291, 57801, 90081, 88664, 17768, 78881, 47919, 71822, 34413, 1930, 46778, 88873, 89253, 43012, 48581, 9353, 85645, 13891, 48249, 50115, 66199, 3386, 20854, 99932, 28051, 71692, 93909, 74084, 74671, 89896, 50523, 88742, 12398, 72247, 55742, 51721, 34827, 36846, 62982, 39419, 78439, 9343, 48468, 84544, 39864, 76167, 43812, 71247, 20757, 1762, 41180, 27413, 60564, 22669, 82173, 16704, 46485, 72310, 26823, 41298, 58642, 32787, 90874, 58140, 56784, 29999, 8759, 96835, 78050, 41544, 1255, 17455, 33878, 64547, 58966, 82332, 5215, 48306, 8922, 24655, 4697, 70882, 84900, 82562, 62735, 34434, 73303, 61588, 35094, 68503, 41162, 54916, 58190, 12626, 60530, 22534, 77445, 84110, 41705, 60129, 60275, 26541, 44213, 1777, 13370, 3088, 42025, 39125, 6806, 57675, 48434, 98242, 36838, 43086, 11553, 17088, 22108, 72325, 25128, 87991, 65587, 14862, 36451, 44287, 9734, 15759, 72468, 61485, 14174, 26892, 64268, 19975, 5444, 33247, 50382, 76845, 87224, 36256, 66890, 95968, 72639, 77038, 43204, 39754, 36312, 74369, 96758, 27679, 249, 98284, 44817, 61235, 55085, 9992, 27298, 25783, 69424, 39622, 26481, 58524, 35109, 38014, 50849, 43262, 70599, 1236, 29822, 19493, 40976, 26562, 7919, 16019, 11304, 44960, 68766, 47516, 55933, 93459, 51964, 80457, 87397, 77661, 10867, 13339, 38927, 67085, 83000, 91594, 70221, 32812, 41638, 39247, 63161, 56481, 85947, 619, 54521, 29223, 59027, 34890, 77305, 79995, 54866, 56578, 59831, 16991, 48800, 12168, 58544, 42596, 87951, 65721, 11198, 23052, 15984, 12347, 45822, 1513, 17129, 34479, 87885, 87506, 81928, 20343, 45290, 20189, 98974, 29926, 61725, 72592, 35725, 72251, 55074, 7660, 24694]})"
562.0,9,164,32,33.064374685287476,10696,"Genotype(dna={""<class 'abc.NT_0017'>"": [1, 23052], ""<class 'abc.NT_0017_P_00000'>"": [], ""<class 'abc.NT_0005'>"": [0, 0, 35544, 1, 0, 1, 0, 1, 1, 1513], ""<class 'abc.NT_0005_P_00000'>"": [], ""<class 'abc.NT_0005_P_00001'>"": [], ""<class 'bool'>"": [50833, 28611, 95173, 92596, 84996, 15299, 84608, 73218, 73704, 53577, 54127, 73580, 61648, 63455, 34182, 28379, 9832, 69766, 27025, 9321, 39372, 40559, 45589, 21512, 9991, 31131, 22379, 82972, 66879, 7070, 87492, 33083, 92916, 1233, 89415, 28350, 54741, 51276, 16414, 74832, 4355, 87209, 57305, 93042, 23231, 67903, 93745, 31960, 29422, 28659, 99170, 40455, 13273, 92051, 14178, 78998, 45259, 78698, 95977, 93014, 83753, 21951, 16043, 13772, 66730, 10736, 57934, 29081, 62948, 99869, 41968, 82469, 93064, 59471, 51253, 67704, 97811, 82022, 87389, 59617, 67283, 63422, 70186, 58801, 23472, 68171, 46787, 87700, 86179, 38104, 2384, 90063, 6576, 80132, 98840, 65605, 74894, 53809, 99733, 89043, 84198, 62780, 94716, 23035, 32450, 31489, 41399, 87765, 69122, 99723, 54018, 92501, 39572, 89999, 58379, 67238, 50112, 90146, 55533, 46837, 57815, 68681, 79206, 32534, 3130, 58659, 69605, 82887, 74526, 5911, 58400, 62789, 48677, 31474, 44702, 39368, 40140, 19876, 33772, 86631, 58194, 70508], ""<class 'int'>"": [88091, 54758, 80960, 4147, 58985, 98835, 33177, 12380, 43928, 18156, 46293, 82997, 26546, 21931, 20632, 91665, 69275, 46303, 61738, 80613, 63967, 92163, 79154, 79668, 18313, 6071, 50712, 91463, 54716, 33220, 52575, 78591, 28324, 24851, 385, 86434, 6594, 95864, 4088, 31907, 5028, 70908, 60125, 88976, 64506, 45119, 63026, 18677, 76141, 62129, 40973, 74468, 90479, 50241, 61828, 14495, 64587, 47259, 69389, 59226, 21182, 99643, 3451, 67066, 55205, 22485, 89443, 19030, 10288, 23574, 78426, 55280, 17305, 68878, 94325, 9074, 35370, 56456, 95300, 73961, 59051, 835, 21640, 2744, 30054, 96306, 55542, 57066, 65643, 97962, 97088, 62680, 24967, 56005, 85155, 81002, 48234, 28842, 92105, 38714, 65511, 82476, 73240, 25988, 68682, 4749, 1059, 85277, 54664, 55169, 72830, 29209, 32377, 56597, 43815, 46740, 16019, 36704, 91606, 3697, 42934, 87720, 75207, 56054, 59737, 79252, 96186, 60558, 8582, 3209, 7798, 18736, 20655, 95860, 60671, 36386, 88318, 80757, 49888, 58523, 36742, 48071, 76427, 91397, 47115, 74907, 19807, 19166, 48854, 4778, 9526, 30084, 70329, 29929, 24152, 98179, 6661, 59360, 47157, 52018, 24734, 716, 46264, 89982, 86072, 78100, 64619, 77321], ""<class 'abc.NT_0010'>"": [0, 0, 1, 53054], ""<class 'abc.NT_0010_P_00000'>"": [], ""<class 'abc.NT_0006'>"": [2, 2, 0, 1, 1302, 1892], ""<class 'abc.NT_0006_P_00000'>"": [], ""<class 'abc.NT_0006_P_00001'>"": [], ""<class 'abc.NT_0002'>"": [1, 1, 2, 1, 1, 1, 1, 0, 2, 1, 41818, 0, 2, 0, 1, 0, 2, 1, 53720, 1, 0, 0, 69722, 1, 8713, 0, 0, 2, 0, 0, 0, 2, 1, 64800, 99864], ""<class 'abc.NT_0002_P_00000'>"": [], ""<class 'abc.NT_0001'>"": [1, 1, 1, 0, 0, 0, 0, 1, 1, 1, 1, 0, 1, 16227, 1, 1, 1, 1, 0, 0, 10290, 0, 0, 0, 0, 0, 1, 40887, 0, 0, 0, 0, 0, 0, 0, 0, 0, 1, 0, 0, 0, 0, 76558, 0, 0, 0, 1, 0, 0, 26591, 1, 1, 1, 0, 1, 0, 0, 45290], ""<class 'abc.NT_0001_P_00000'>"": [], ""<class 'abc.NT_0001_P_00001'>"": [], ""<class 'abc.NT_0000'>"": [0, 1, 1, 94528, 1, 0, 1, 1, 31647, 1, 1, 80324, 0, 0, 75412, 1, 69944, 1, 0, 0, 0, 1, 0, 0, 0, 1, 1, 0, 1, 3483, 1, 0, 42401, 0, 0, 0, 0, 54668, 66557, 1, 0, 1, 1, 0, 0, 21028, 54540, 1, 5444, 3614, 1, 0, 0, 0, 0, 0, 71485, 1, 0, 0, 0, 0, 1, 20343], ""<class 'abc.NT_0000_P_00000'>"": [], ""<class 'abc.NT_0000_P_00001'>"": [], ""<class 'abc.NT_0002_P_00001'>"": [], ""<class 'abc.NT_0002_P_00002'>"": [], ""<class 'abc.NT_0006_P_00002'>"": [], ""<class 'abc.NT_0007'>"": [1, 0, 1, 2, 87885, 72251, 55074], ""<class 'abc.NT_0007_P_00000'>"": [], ""<class 'abc.NT_0007_P_00001'>"": [], ""<class 'abc.NT_0007_P_00002'>"": [], ""<class 'abc.NT_0004'>"": [1, 1, 77639, 2, 1, 2, 63194, 90154], ""<class 'abc.NT_0004_P_00000'>"": [], ""<class 'abc.NT_0003'>"": [10039, 1, 0, 1, 98974, 61725, 72592, 35725, 7660], ""<class 'abc.NT_0003_P_00000'>"": [], ""<class 'abc.NT_0003_P_00001'>"": [], ""<class 'abc.NT_0003_P_00002'>"": [], ""<class 'abc.NT_0003_P_00003'>"": [], ""<class 'abc.NT_0004_P_00001'>"": [], ""<class 'abc.NT_0004_P_00002'>"": [], ""<class 'abc.NT_0009'>"": [3, 0, 1, 1, 0, 45822], ""<class 'abc.NT_0009_P_00000'>"": [], ""<class 'abc.NT_0008'>"": [15828, 0, 83857, 0, 0, 0, 17129], ""<class 'abc.NT_0008_P_00000'>"": [], ""<class 'abc.NT_0009_P_00001'>"": [], ""<class 'abc.NT_0009_P_00002'>"": [], ""<class 'abc.NT_0009_P_00003'>"": [], ""<class 'abc.NT_0010_P_00001'>"": [], ""<class 'abc.NT_0010_P_00002'>"": [], ""<class 'abc.NT_0017_P_00001'>"": [], ""<class 'abc.NT_0012'>"": [0, 0, 27606, 0, 0, 65962], ""<class 'abc.NT_0012_P_00000'>"": [], ""<class 'abc.NT_0012_P_00001'>"": [], ""<class 'abc.NT_0017_P_00002'>"": [], ""<class 'abc.NT_0013'>"": [], ""<class 'abc.NT_0013_P_00000'>"": [], ""<class 'abc.NT_0011'>"": [0, 94522], ""<class 'abc.NT_0011_P_00000'>"": [], ""<class 'abc.NT_0011_P_00001'>"": [], ""<class 'abc.NT_0011_P_00002'>"": [], ""<class 'abc.NT_0013_P_00001'>"": [], ""<class 'abc.NT_0013_P_00002'>"": [], ""<class 'abc.NT_0017_P_00003'>"": [], ""<class 'abc.NT_0016'>"": [0, 20070], ""<class 'abc.NT_0016_P_00000'>"": [], ""<class 'abc.NT_0016_P_00001'>"": [], ""<class 'abc.NT_0016_P_00002'>"": [], '$leftovers': [13707, 7777, 43103, 79112, 41937, 82055, 41802, 80929, 37572, 24235, 1002, 66268, 87311, 99058, 42897, 54099, 4751, 39061, 38658, 18856, 32793, 32020, 84694, 43326, 66351, 11593, 16559, 82179, 29701, 14785, 63931, 19995, 86098, 88506, 88906, 98218, 57143, 64899, 75531, 17691, 63845, 68413, 76826, 30524, 48607, 6718, 24768, 14247, 23842, 98884, 92372, 55279, 40315, 43705, 6728, 53868, 34432, 73753, 89438, 79733, 83929, 38685, 35410, 5343, 16823, 35888, 70000, 12879, 27426, 44726, 95438, 53746, 11554, 35563, 36846, 46156, 65002, 72433, 85297, 12477, 3511, 72425, 53166, 5796, 30717, 45518, 76561, 21526, 65748, 18017, 64172, 9175, 16724, 51276, 1749, 5687, 47923, 68260, 48548, 94393, 55323, 76604, 84009, 54574, 8798, 35733, 67233, 4198, 56844, 12629, 29196, 81671, 71295, 84963, 73193, 37662, 77918, 40265, 71387, 2776, 72056, 79890, 24380, 6524, 11920, 82004, 80554, 7771, 51485, 29874, 64851, 32118, 68660, 22646, 40503, 29950, 45632, 59339, 63591, 66553, 79195, 90039, 8891, 94412, 82595, 43578, 41060, 60184, 28053, 84947, 77614, 38864, 91374, 58545, 50015, 19960, 7381, 78763, 85070, 21507, 19025, 51930, 32629, 45143, 39756, 26052, 37388, 90108, 9391, 53674, 16962, 24269, 95106, 99931, 56381, 37781, 12365, 84199, 30949, 74271, 916, 85830, 97679, 18102, 478, 75886, 30302, 21977, 90537, 30063, 19357, 81788, 35261, 14719, 66114, 20921, 20240, 5992, 58367, 9680, 68600, 85141, 46379, 54808, 83564, 47005, 66549, 22371, 91024, 89979, 20226, 63714, 58641, 45142, 46907, 57602, 15144, 97990, 7439, 11158, 59469, 11328, 80659, 5962, 25695, 77537, 11892, 91592, 56748, 38581, 37353, 71743, 70419, 27563, 8343, 51963, 16605, 94638, 42057, 61173, 28541, 41743, 60295, 49767, 73628, 41163, 91833, 78182, 82565, 25215, 96862, 76058, 44249, 82715, 20979, 71376, 27708, 78050, 40085, 30494, 46076, 48158, 98017, 59418, 77712, 4502, 58514, 86759, 30136, 53692, 84446, 34409, 6828, 35370, 50950, 51945, 59877, 55822, 81173, 57512, 24080, 92189, 34559, 32530, 48867, 64932, 44, 85888, 8300, 92843, 6844, 39222, 76898, 88754, 22876, 38074, 43299, 88699, 81654, 61902, 89999, 13497, 66668, 7338, 74096, 38397, 11013, 98336, 40480, 33892, 63626, 49088, 71312, 23172, 10803, 62392, 24917, 67254, 58009, 81336, 59457, 73844, 95696, 6506, 27308, 70695, 56701, 13067, 41613, 72662, 53528, 75491, 42519, 81780, 31754, 13856, 88917, 96452, 41223, 89774, 10407, 31336, 50783, 20291, 5997, 7069, 31395, 24625, 6189, 56620, 24762, 84988, 68874, 85812, 41091, 24302, 77112, 35149, 22780, 53184, 18627, 57549, 17465, 63612, 87939, 6980, 60883, 29814, 87238, 14952, 60779, 86760, 61062, 30267, 24445, 56989, 27229, 82900, 90023, 57786, 63779, 40235, 86679, 51776, 22058, 63483, 39593, 41554, 8133, 95503, 6716, 25867, 90267, 22987, 39665, 98545, 93605, 1747, 78248, 27473, 33109, 26918, 82634, 51318, 80099, 73743, 12182, 94300, 46775, 25047, 68889, 10070, 18361, 65084, 37080, 70960, 83222, 67058, 98067, 22471, 67691, 59607, 67337, 8930, 21238, 46639, 45431, 43153, 96128, 24156, 80501, 82080, 49059, 2091, 12212, 52072, 31681, 90064, 42922, 12694, 63500, 88958, 85424, 60965, 55836, 88426, 54941, 94663, 65220, 71036, 49752, 17451, 53699, 9314, 14619, 3290, 44849, 90564, 91441, 62905, 40530, 5641, 37318, 36823, 31308, 19382, 62343, 86280, 16633, 47566, 15336, 77921, 88788, 50425, 20260, 79556, 59009, 60227, 87434, 40228, 88797, 25912, 98562, 76789, 91824, 52309, 10258, 50738, 95463, 77205, 93493, 68362, 24106, 95689, 49524, 69579, 66348, 75971, 22529, 74132, 89303, 37488, 5127, 63655, 17283, 25796, 52901, 73353, 59242, 58591, 76499, 46764, 96815, 56675, 19904, 86086, 9538, 16381, 25966, 48189, 47295, 50918, 3257, 56486, 10672, 45517, 6977, 66557, 24565, 14166, 47870, 73695, 59021, 61532, 83752, 51246, 6816, 65190, 71364, 98756, 25731, 84141, 78432, 21130, 69362, 52504, 59655, 73856, 97330, 50721, 19705, 54620, 16926, 96429, 24048, 73377, 67355, 15053, 17980, 70735, 35236, 75523, 91241, 23447, 72477, 51156, 95259, 88333, 29494, 67321, 52714, 62917, 99842, 65229, 6617, 44275, 88720, 37853, 8770, 63811, 7507, 89636, 17817, 1558, 85068, 79776, 73733, 11481, 89926, 56682, 49746, 9429, 50818, 45883, 58652, 12423, 26431, 60221, 95661, 73944, 68283, 51044, 69558, 68608, 65135, 29404, 17239, 5514, 47278, 63393, 94877, 23491, 47292, 6877, 19032, 65956, 9732, 97912, 1976, 37613, 34466, 61934, 57269, 53618, 5940, 93510, 52374, 85684, 22266, 86296, 60665, 10810, 9462, 494, 58482, 75247, 71566, 31620, 58819, 97731, 83116, 7767, 83623, 12444, 57312, 49834, 46402, 98377, 30435, 36116, 16443, 25589, 45312, 64514, 37426, 76200, 11178, 7488, 18610, 92099, 97566, 6854, 33656, 17686, 10866, 73697, 81050, 12312, 6505, 95303, 61521, 72092, 94259, 32683, 45746, 77187, 88803, 39457, 40047, 95729, 22380, 62708, 14355, 83408, 29714, 50213, 24600, 63055, 94787, 52488, 53820, 72502, 35142, 82539, 36201, 83535, 70150, 4544, 53013, 91532, 98794, 75749, 37723, 24569, 90322, 279, 84293, 85419, 53204, 7321, 22724, 95538, 85836, 2877, 93721, 73981, 40836, 90505, 94370, 88415, 37372, 69317, 25860, 4116, 35759, 84385, 33447, 84816, 12456, 31068, 57878, 18743, 27118, 55146, 45045, 76854, 36409, 49423, 25447, 28432, 61176, 34319, 67878, 7127, 41048, 27399, 57337, 84290, 2409, 69039, 23729, 7494, 36747, 48478, 38848, 42755, 293, 91046, 40498, 48156, 87860, 19957, 4960, 74844, 19836, 92291, 57801, 90081, 88664, 17768, 78881, 47919, 71822, 34413, 1930, 46778, 88873, 89253, 43012, 48581, 9353, 85645, 13891, 48249, 50115, 66199, 3386, 20854, 99932, 28051, 71692, 93909, 74084, 74671, 89896, 50523, 88742, 12398, 72247, 55742, 51721, 34827, 36846, 62982, 39419, 78439, 9343, 48468, 84544, 39864, 76167, 43812, 71247, 20757, 1762, 41180, 27413, 60564, 22669, 82173, 16704, 46485, 72310, 26823, 41298, 58642, 32787, 90874, 58140, 56784, 29999, 8759, 96835, 78050, 41544, 1255, 17455, 33878, 64547, 58966, 82332, 5215, 48306, 8922, 24655, 4697, 70882, 84900, 82562, 62735, 34434, 73303, 61588, 35094, 68503, 41162, 54916, 58190, 12626, 60530, 22534, 77445, 84110, 41705, 60129, 60275, 26541, 44213, 1777, 13370, 3088, 42025, 39125, 6806, 57675, 48434, 98242, 36838, 43086, 11553, 17088, 22108, 72325, 25128, 87991, 65587, 14862, 36451, 44287, 9734, 15759, 72468, 61485, 14174, 26892, 64268, 19975, 5444, 33247, 50382, 76845, 87224, 36256, 66890, 95968, 72639, 77038, 43204, 39754, 36312, 74369, 96758, 27679, 249, 98284, 44817, 61235, 55085, 9992, 27298, 25783, 69424, 39622, 26481, 58524, 35109, 38014, 50849, 43262, 70599, 1236, 29822, 19493, 40976, 26562, 7919, 16019, 11304, 44960, 68766, 47516, 55933, 93459, 51964, 80457, 87397, 77661, 10867, 13339, 38927, 67085, 83000, 91594, 70221, 32812, 41638, 39247, 63161, 56481, 85947, 619, 54521, 29223, 59027, 34890, 77305, 79995, 54866, 56578, 59831, 16991, 48800, 12168, 58544, 42596, 87951, 65721, 11198, 23052, 15984, 12347, 45822, 1513, 17129, 34479, 87885, 87506, 81928, 20343, 45290, 20189, 98974, 29926, 61725, 72592, 35725, 72251, 55074, 7660, 24694]})"
562.0,9,164,33,33.50230431556702,10696,"Genotype(dna={""<class 'abc.NT_0017'>"": [1, 23052], ""<class 'abc.NT_0017_P_00000'>"": [], ""<class 'abc.NT_0005'>"": [0, 0, 35544, 1, 0, 1, 0, 1, 1, 1513], ""<class 'abc.NT_0005_P_00000'>"": [], ""<class 'abc.NT_0005_P_00001'>"": [], ""<class 'bool'>"": [50833, 28611, 95173, 92596, 84996, 15299, 84608, 73218, 73704, 53577, 54127, 73580, 61648, 63455, 34182, 28379, 9832, 69766, 27025, 9321, 39372, 40559, 45589, 21512, 9991, 31131, 22379, 82972, 66879, 7070, 87492, 33083, 92916, 1233, 89415, 28350, 54741, 51276, 16414, 74832, 4355, 87209, 57305, 93042, 23231, 67903, 93745, 31960, 29422, 28659, 99170, 40455, 13273, 92051, 14178, 78998, 45259, 78698, 95977, 93014, 83753, 21951, 16043, 13772, 66730, 10736, 57934, 29081, 62948, 99869, 41968, 82469, 93064, 59471, 51253, 67704, 97811, 82022, 87389, 59617, 67283, 63422, 70186, 58801, 23472, 68171, 46787, 87700, 86179, 38104, 2384, 90063, 6576, 80132, 98840, 65605, 74894, 53809, 99733, 89043, 84198, 62780, 94716, 23035, 32450, 31489, 41399, 87765, 69122, 99723, 54018, 92501, 39572, 89999, 58379, 67238, 50112, 90146, 55533, 46837, 57815, 68681, 79206, 32534, 3130, 58659, 69605, 82887, 74526, 5911, 58400, 62789, 48677, 31474, 44702, 39368, 40140, 19876, 33772, 86631, 58194, 70508], ""<class 'int'>"": [88091, 54758, 80960, 4147, 58985, 98835, 33177, 12380, 43928, 18156, 46293, 82997, 26546, 21931, 20632, 91665, 69275, 46303, 61738, 80613, 63967, 92163, 79154, 79668, 18313, 6071, 50712, 91463, 54716, 33220, 52575, 78591, 28324, 24851, 385, 86434, 6594, 95864, 4088, 31907, 5028, 70908, 60125, 88976, 64506, 45119, 63026, 18677, 76141, 62129, 40973, 74468, 90479, 50241, 61828, 14495, 64587, 47259, 69389, 59226, 21182, 99643, 3451, 67066, 55205, 22485, 89443, 19030, 10288, 23574, 78426, 55280, 17305, 68878, 94325, 9074, 35370, 56456, 95300, 73961, 59051, 835, 21640, 2744, 30054, 96306, 55542, 57066, 65643, 97962, 97088, 62680, 24967, 56005, 85155, 81002, 48234, 28842, 92105, 38714, 65511, 82476, 73240, 25988, 68682, 4749, 1059, 85277, 54664, 55169, 72830, 29209, 32377, 56597, 43815, 46740, 16019, 36704, 91606, 3697, 42934, 87720, 75207, 56054, 59737, 79252, 96186, 60558, 8582, 3209, 7798, 18736, 20655, 95860, 60671, 36386, 88318, 80757, 49888, 58523, 36742, 48071, 76427, 91397, 47115, 74907, 19807, 19166, 48854, 4778, 9526, 30084, 70329, 29929, 24152, 98179, 6661, 59360, 47157, 52018, 24734, 716, 46264, 89982, 86072, 78100, 64619, 77321], ""<class 'abc.NT_0010'>"": [0, 0, 1, 53054], ""<class 'abc.NT_0010_P_00000'>"": [], ""<class 'abc.NT_0006'>"": [2, 2, 0, 1, 1302, 1892], ""<class 'abc.NT_0006_P_00000'>"": [], ""<class 'abc.NT_0006_P_00001'>"": [], ""<class 'abc.NT_0002'>"": [1, 1, 2, 1, 1, 1, 1, 0, 2, 1, 41818, 0, 2, 0, 1, 0, 2, 1, 53720, 1, 0, 0, 69722, 1, 8713, 0, 0, 2, 0, 0, 0, 2, 1, 64800, 99864], ""<class 'abc.NT_0002_P_00000'>"": [], ""<class 'abc.NT_0001'>"": [1, 1, 1, 0, 0, 0, 0, 1, 1, 1, 1, 0, 1, 16227, 1, 1, 1, 1, 0, 0, 10290, 0, 0, 0, 0, 0, 1, 40887, 0, 0, 0, 0, 0, 0, 0, 0, 0, 1, 0, 0, 0, 0, 76558, 0, 0, 0, 1, 0, 0, 26591, 1, 1, 1, 0, 1, 0, 0, 45290], ""<class 'abc.NT_0001_P_00000'>"": [], ""<class 'abc.NT_0001_P_00001'>"": [], ""<class 'abc.NT_0000'>"": [0, 1, 1, 94528, 1, 0, 1, 1, 31647, 1, 1, 80324, 0, 0, 75412, 1, 69944, 1, 0, 0, 0, 1, 0, 0, 0, 1, 1, 0, 1, 3483, 1, 0, 42401, 0, 0, 0, 0, 54668, 66557, 1, 0, 1, 1, 0, 0, 21028, 54540, 1, 5444, 3614, 1, 0, 0, 0, 0, 0, 71485, 1, 0, 0, 0, 0, 1, 20343], ""<class 'abc.NT_0000_P_00000'>"": [], ""<class 'abc.NT_0000_P_00001'>"": [], ""<class 'abc.NT_0002_P_00001'>"": [], ""<class 'abc.NT_0002_P_00002'>"": [], ""<class 'abc.NT_0006_P_00002'>"": [], ""<class 'abc.NT_0007'>"": [1, 0, 1, 2, 87885, 72251, 55074], ""<class 'abc.NT_0007_P_00000'>"": [], ""<class 'abc.NT_0007_P_00001'>"": [], ""<class 'abc.NT_0007_P_00002'>"": [], ""<class 'abc.NT_0004'>"": [1, 1, 77639, 2, 1, 2, 63194, 90154], ""<class 'abc.NT_0004_P_00000'>"": [], ""<class 'abc.NT_0003'>"": [10039, 1, 0, 1, 98974, 61725, 72592, 35725, 7660], ""<class 'abc.NT_0003_P_00000'>"": [], ""<class 'abc.NT_0003_P_00001'>"": [], ""<class 'abc.NT_0003_P_00002'>"": [], ""<class 'abc.NT_0003_P_00003'>"": [], ""<class 'abc.NT_0004_P_00001'>"": [], ""<class 'abc.NT_0004_P_00002'>"": [], ""<class 'abc.NT_0009'>"": [3, 0, 1, 1, 0, 45822], ""<class 'abc.NT_0009_P_00000'>"": [], ""<class 'abc.NT_0008'>"": [15828, 0, 83857, 0, 0, 0, 17129], ""<class 'abc.NT_0008_P_00000'>"": [], ""<class 'abc.NT_0009_P_00001'>"": [], ""<class 'abc.NT_0009_P_00002'>"": [], ""<class 'abc.NT_0009_P_00003'>"": [], ""<class 'abc.NT_0010_P_00001'>"": [], ""<class 'abc.NT_0010_P_00002'>"": [], ""<class 'abc.NT_0017_P_00001'>"": [], ""<class 'abc.NT_0012'>"": [0, 0, 27606, 0, 0, 65962], ""<class 'abc.NT_0012_P_00000'>"": [], ""<class 'abc.NT_0012_P_00001'>"": [], ""<class 'abc.NT_0017_P_00002'>"": [], ""<class 'abc.NT_0013'>"": [], ""<class 'abc.NT_0013_P_00000'>"": [], ""<class 'abc.NT_0011'>"": [0, 94522], ""<class 'abc.NT_0011_P_00000'>"": [], ""<class 'abc.NT_0011_P_00001'>"": [], ""<class 'abc.NT_0011_P_00002'>"": [], ""<class 'abc.NT_0013_P_00001'>"": [], ""<class 'abc.NT_0013_P_00002'>"": [], ""<class 'abc.NT_0017_P_00003'>"": [], ""<class 'abc.NT_0016'>"": [0, 20070], ""<class 'abc.NT_0016_P_00000'>"": [], ""<class 'abc.NT_0016_P_00001'>"": [], ""<class 'abc.NT_0016_P_00002'>"": [], '$leftovers': [13707, 7777, 43103, 79112, 41937, 82055, 41802, 80929, 37572, 24235, 1002, 66268, 87311, 99058, 42897, 54099, 4751, 39061, 38658, 18856, 32793, 32020, 84694, 43326, 66351, 11593, 16559, 82179, 29701, 14785, 63931, 19995, 86098, 88506, 88906, 98218, 57143, 64899, 75531, 17691, 63845, 68413, 76826, 30524, 48607, 6718, 24768, 14247, 23842, 98884, 92372, 55279, 40315, 43705, 6728, 53868, 34432, 73753, 89438, 79733, 83929, 38685, 35410, 5343, 16823, 35888, 70000, 12879, 27426, 44726, 95438, 53746, 11554, 35563, 36846, 46156, 65002, 72433, 85297, 12477, 3511, 72425, 53166, 5796, 30717, 45518, 76561, 21526, 65748, 18017, 64172, 9175, 16724, 51276, 1749, 5687, 47923, 68260, 48548, 94393, 55323, 76604, 84009, 54574, 8798, 35733, 67233, 4198, 56844, 12629, 29196, 81671, 71295, 84963, 73193, 37662, 77918, 40265, 71387, 2776, 72056, 79890, 24380, 6524, 11920, 82004, 80554, 7771, 51485, 29874, 64851, 32118, 68660, 22646, 40503, 29950, 45632, 59339, 63591, 66553, 79195, 90039, 8891, 94412, 82595, 43578, 41060, 60184, 28053, 84947, 77614, 38864, 91374, 58545, 50015, 19960, 7381, 78763, 85070, 21507, 19025, 51930, 32629, 45143, 39756, 26052, 37388, 90108, 9391, 53674, 16962, 24269, 95106, 99931, 56381, 37781, 12365, 84199, 30949, 74271, 916, 85830, 97679, 18102, 478, 75886, 30302, 21977, 90537, 30063, 19357, 81788, 35261, 14719, 66114, 20921, 20240, 5992, 58367, 9680, 68600, 85141, 46379, 54808, 83564, 47005, 66549, 22371, 91024, 89979, 20226, 63714, 58641, 45142, 46907, 57602, 15144, 97990, 7439, 11158, 59469, 11328, 80659, 5962, 25695, 77537, 11892, 91592, 56748, 38581, 37353, 71743, 70419, 27563, 8343, 51963, 16605, 94638, 42057, 61173, 28541, 41743, 60295, 49767, 73628, 41163, 91833, 78182, 82565, 25215, 96862, 76058, 44249, 82715, 20979, 71376, 27708, 78050, 40085, 30494, 46076, 48158, 98017, 59418, 77712, 4502, 58514, 86759, 30136, 53692, 84446, 34409, 6828, 35370, 50950, 51945, 59877, 55822, 81173, 57512, 24080, 92189, 34559, 32530, 48867, 64932, 44, 85888, 8300, 92843, 6844, 39222, 76898, 88754, 22876, 38074, 43299, 88699, 81654, 61902, 89999, 13497, 66668, 7338, 74096, 38397, 11013, 98336, 40480, 33892, 63626, 49088, 71312, 23172, 10803, 62392, 24917, 67254, 58009, 81336, 59457, 73844, 95696, 6506, 27308, 70695, 56701, 13067, 41613, 72662, 53528, 75491, 42519, 81780, 31754, 13856, 88917, 96452, 41223, 89774, 10407, 31336, 50783, 20291, 5997, 7069, 31395, 24625, 6189, 56620, 24762, 84988, 68874, 85812, 41091, 24302, 77112, 35149, 22780, 53184, 18627, 57549, 17465, 63612, 87939, 6980, 60883, 29814, 87238, 14952, 60779, 86760, 61062, 30267, 24445, 56989, 27229, 82900, 90023, 57786, 63779, 40235, 86679, 51776, 22058, 63483, 39593, 41554, 8133, 95503, 6716, 25867, 90267, 22987, 39665, 98545, 93605, 1747, 78248, 27473, 33109, 26918, 82634, 51318, 80099, 73743, 12182, 94300, 46775, 25047, 68889, 10070, 18361, 65084, 37080, 70960, 83222, 67058, 98067, 22471, 67691, 59607, 67337, 8930, 21238, 46639, 45431, 43153, 96128, 24156, 80501, 82080, 49059, 2091, 12212, 52072, 31681, 90064, 42922, 12694, 63500, 88958, 85424, 60965, 55836, 88426, 54941, 94663, 65220, 71036, 49752, 17451, 53699, 9314, 14619, 3290, 44849, 90564, 91441, 62905, 40530, 5641, 37318, 36823, 31308, 19382, 62343, 86280, 16633, 47566, 15336, 77921, 88788, 50425, 20260, 79556, 59009, 60227, 87434, 40228, 88797, 25912, 98562, 76789, 91824, 52309, 10258, 50738, 95463, 77205, 93493, 68362, 24106, 95689, 49524, 69579, 66348, 75971, 22529, 74132, 89303, 37488, 5127, 63655, 17283, 25796, 52901, 73353, 59242, 58591, 76499, 46764, 96815, 56675, 19904, 86086, 9538, 16381, 25966, 48189, 47295, 50918, 3257, 56486, 10672, 45517, 6977, 66557, 24565, 14166, 47870, 73695, 59021, 61532, 83752, 51246, 6816, 65190, 71364, 98756, 25731, 84141, 78432, 21130, 69362, 52504, 59655, 73856, 97330, 50721, 19705, 54620, 16926, 96429, 24048, 73377, 67355, 15053, 17980, 70735, 35236, 75523, 91241, 23447, 72477, 51156, 95259, 88333, 29494, 67321, 52714, 62917, 99842, 65229, 6617, 44275, 88720, 37853, 8770, 63811, 7507, 89636, 17817, 1558, 85068, 79776, 73733, 11481, 89926, 56682, 49746, 9429, 50818, 45883, 58652, 12423, 26431, 60221, 95661, 73944, 68283, 51044, 69558, 68608, 65135, 29404, 17239, 5514, 47278, 63393, 94877, 23491, 47292, 6877, 19032, 65956, 9732, 97912, 1976, 37613, 34466, 61934, 57269, 53618, 5940, 93510, 52374, 85684, 22266, 86296, 60665, 10810, 9462, 494, 58482, 75247, 71566, 31620, 58819, 97731, 83116, 7767, 83623, 12444, 57312, 49834, 46402, 98377, 30435, 36116, 16443, 25589, 45312, 64514, 37426, 76200, 11178, 7488, 18610, 92099, 97566, 6854, 33656, 17686, 10866, 73697, 81050, 12312, 6505, 95303, 61521, 72092, 94259, 32683, 45746, 77187, 88803, 39457, 40047, 95729, 22380, 62708, 14355, 83408, 29714, 50213, 24600, 63055, 94787, 52488, 53820, 72502, 35142, 82539, 36201, 83535, 70150, 4544, 53013, 91532, 98794, 75749, 37723, 24569, 90322, 279, 84293, 85419, 53204, 7321, 22724, 95538, 85836, 2877, 93721, 73981, 40836, 90505, 94370, 88415, 37372, 69317, 25860, 4116, 35759, 84385, 33447, 84816, 12456, 31068, 57878, 18743, 27118, 55146, 45045, 76854, 36409, 49423, 25447, 28432, 61176, 34319, 67878, 7127, 41048, 27399, 57337, 84290, 2409, 69039, 23729, 7494, 36747, 48478, 38848, 42755, 293, 91046, 40498, 48156, 87860, 19957, 4960, 74844, 19836, 92291, 57801, 90081, 88664, 17768, 78881, 47919, 71822, 34413, 1930, 46778, 88873, 89253, 43012, 48581, 9353, 85645, 13891, 48249, 50115, 66199, 3386, 20854, 99932, 28051, 71692, 93909, 74084, 74671, 89896, 50523, 88742, 12398, 72247, 55742, 51721, 34827, 36846, 62982, 39419, 78439, 9343, 48468, 84544, 39864, 76167, 43812, 71247, 20757, 1762, 41180, 27413, 60564, 22669, 82173, 16704, 46485, 72310, 26823, 41298, 58642, 32787, 90874, 58140, 56784, 29999, 8759, 96835, 78050, 41544, 1255, 17455, 33878, 64547, 58966, 82332, 5215, 48306, 8922, 24655, 4697, 70882, 84900, 82562, 62735, 34434, 73303, 61588, 35094, 68503, 41162, 54916, 58190, 12626, 60530, 22534, 77445, 84110, 41705, 60129, 60275, 26541, 44213, 1777, 13370, 3088, 42025, 39125, 6806, 57675, 48434, 98242, 36838, 43086, 11553, 17088, 22108, 72325, 25128, 87991, 65587, 14862, 36451, 44287, 9734, 15759, 72468, 61485, 14174, 26892, 64268, 19975, 5444, 33247, 50382, 76845, 87224, 36256, 66890, 95968, 72639, 77038, 43204, 39754, 36312, 74369, 96758, 27679, 249, 98284, 44817, 61235, 55085, 9992, 27298, 25783, 69424, 39622, 26481, 58524, 35109, 38014, 50849, 43262, 70599, 1236, 29822, 19493, 40976, 26562, 7919, 16019, 11304, 44960, 68766, 47516, 55933, 93459, 51964, 80457, 87397, 77661, 10867, 13339, 38927, 67085, 83000, 91594, 70221, 32812, 41638, 39247, 63161, 56481, 85947, 619, 54521, 29223, 59027, 34890, 77305, 79995, 54866, 56578, 59831, 16991, 48800, 12168, 58544, 42596, 87951, 65721, 11198, 23052, 15984, 12347, 45822, 1513, 17129, 34479, 87885, 87506, 81928, 20343, 45290, 20189, 98974, 29926, 61725, 72592, 35725, 72251, 55074, 7660, 24694]})"
562.0,9,164,34,34.02605891227722,10696,"Genotype(dna={""<class 'abc.NT_0017'>"": [1, 23052], ""<class 'abc.NT_0017_P_00000'>"": [], ""<class 'abc.NT_0005'>"": [0, 0, 35544, 1, 0, 1, 0, 1, 1, 1513], ""<class 'abc.NT_0005_P_00000'>"": [], ""<class 'abc.NT_0005_P_00001'>"": [], ""<class 'bool'>"": [50833, 28611, 95173, 92596, 84996, 15299, 84608, 73218, 73704, 53577, 54127, 73580, 61648, 63455, 34182, 28379, 9832, 69766, 27025, 9321, 39372, 40559, 45589, 21512, 9991, 31131, 22379, 82972, 66879, 7070, 87492, 33083, 92916, 1233, 89415, 28350, 54741, 51276, 16414, 74832, 4355, 87209, 57305, 93042, 23231, 67903, 93745, 31960, 29422, 28659, 99170, 40455, 13273, 92051, 14178, 78998, 45259, 78698, 95977, 93014, 83753, 21951, 16043, 13772, 66730, 10736, 57934, 29081, 62948, 99869, 41968, 82469, 93064, 59471, 51253, 67704, 97811, 82022, 87389, 59617, 67283, 63422, 70186, 58801, 23472, 68171, 46787, 87700, 86179, 38104, 2384, 90063, 6576, 80132, 98840, 65605, 74894, 53809, 99733, 89043, 84198, 62780, 94716, 23035, 32450, 31489, 41399, 87765, 69122, 99723, 54018, 92501, 39572, 89999, 58379, 67238, 50112, 90146, 55533, 46837, 57815, 68681, 79206, 32534, 3130, 58659, 69605, 82887, 74526, 5911, 58400, 62789, 48677, 31474, 44702, 39368, 40140, 19876, 33772, 86631, 58194, 70508], ""<class 'int'>"": [88091, 54758, 80960, 4147, 58985, 98835, 33177, 12380, 43928, 18156, 46293, 82997, 26546, 21931, 20632, 91665, 69275, 46303, 61738, 80613, 63967, 92163, 79154, 79668, 18313, 6071, 50712, 91463, 54716, 33220, 52575, 78591, 28324, 24851, 385, 86434, 6594, 95864, 4088, 31907, 5028, 70908, 60125, 88976, 64506, 45119, 63026, 18677, 76141, 62129, 40973, 74468, 90479, 50241, 61828, 14495, 64587, 47259, 69389, 59226, 21182, 99643, 3451, 67066, 55205, 22485, 89443, 19030, 10288, 23574, 78426, 55280, 17305, 68878, 94325, 9074, 35370, 56456, 95300, 73961, 59051, 835, 21640, 2744, 30054, 96306, 55542, 57066, 65643, 97962, 97088, 62680, 24967, 56005, 85155, 81002, 48234, 28842, 92105, 38714, 65511, 82476, 73240, 25988, 68682, 4749, 1059, 85277, 54664, 55169, 72830, 29209, 32377, 56597, 43815, 46740, 16019, 36704, 91606, 3697, 42934, 87720, 75207, 56054, 59737, 79252, 96186, 60558, 8582, 3209, 7798, 18736, 20655, 95860, 60671, 36386, 88318, 80757, 49888, 58523, 36742, 48071, 76427, 91397, 47115, 74907, 19807, 19166, 48854, 4778, 9526, 30084, 70329, 29929, 24152, 98179, 6661, 59360, 47157, 52018, 24734, 716, 46264, 89982, 86072, 78100, 64619, 77321], ""<class 'abc.NT_0010'>"": [0, 0, 1, 53054], ""<class 'abc.NT_0010_P_00000'>"": [], ""<class 'abc.NT_0006'>"": [2, 2, 0, 1, 1302, 1892], ""<class 'abc.NT_0006_P_00000'>"": [], ""<class 'abc.NT_0006_P_00001'>"": [], ""<class 'abc.NT_0002'>"": [1, 1, 2, 1, 1, 1, 1, 0, 2, 1, 41818, 0, 2, 0, 1, 0, 2, 1, 53720, 1, 0, 0, 69722, 1, 8713, 0, 0, 2, 0, 0, 0, 2, 1, 64800, 99864], ""<class 'abc.NT_0002_P_00000'>"": [], ""<class 'abc.NT_0001'>"": [1, 1, 1, 0, 0, 0, 0, 1, 1, 1, 1, 0, 1, 16227, 1, 1, 1, 1, 0, 0, 10290, 0, 0, 0, 0, 0, 1, 40887, 0, 0, 0, 0, 0, 0, 0, 0, 0, 1, 0, 0, 0, 0, 76558, 0, 0, 0, 1, 0, 0, 26591, 1, 1, 1, 0, 1, 0, 0, 45290], ""<class 'abc.NT_0001_P_00000'>"": [], ""<class 'abc.NT_0001_P_00001'>"": [], ""<class 'abc.NT_0000'>"": [0, 1, 1, 94528, 1, 0, 1, 1, 31647, 1, 1, 80324, 0, 0, 75412, 1, 69944, 1, 0, 0, 0, 1, 0, 0, 0, 1, 1, 0, 1, 3483, 1, 0, 42401, 0, 0, 0, 0, 54668, 66557, 1, 0, 1, 1, 0, 0, 21028, 54540, 1, 5444, 3614, 1, 0, 0, 0, 0, 0, 71485, 1, 0, 0, 0, 0, 1, 20343], ""<class 'abc.NT_0000_P_00000'>"": [], ""<class 'abc.NT_0000_P_00001'>"": [], ""<class 'abc.NT_0002_P_00001'>"": [], ""<class 'abc.NT_0002_P_00002'>"": [], ""<class 'abc.NT_0006_P_00002'>"": [], ""<class 'abc.NT_0007'>"": [1, 0, 1, 2, 87885, 72251, 55074], ""<class 'abc.NT_0007_P_00000'>"": [], ""<class 'abc.NT_0007_P_00001'>"": [], ""<class 'abc.NT_0007_P_00002'>"": [], ""<class 'abc.NT_0004'>"": [1, 1, 77639, 2, 1, 2, 63194, 90154], ""<class 'abc.NT_0004_P_00000'>"": [], ""<class 'abc.NT_0003'>"": [10039, 1, 0, 1, 98974, 61725, 72592, 35725, 7660], ""<class 'abc.NT_0003_P_00000'>"": [], ""<class 'abc.NT_0003_P_00001'>"": [], ""<class 'abc.NT_0003_P_00002'>"": [], ""<class 'abc.NT_0003_P_00003'>"": [], ""<class 'abc.NT_0004_P_00001'>"": [], ""<class 'abc.NT_0004_P_00002'>"": [], ""<class 'abc.NT_0009'>"": [3, 0, 1, 1, 0, 45822], ""<class 'abc.NT_0009_P_00000'>"": [], ""<class 'abc.NT_0008'>"": [15828, 0, 83857, 0, 0, 0, 17129], ""<class 'abc.NT_0008_P_00000'>"": [], ""<class 'abc.NT_0009_P_00001'>"": [], ""<class 'abc.NT_0009_P_00002'>"": [], ""<class 'abc.NT_0009_P_00003'>"": [], ""<class 'abc.NT_0010_P_00001'>"": [], ""<class 'abc.NT_0010_P_00002'>"": [], ""<class 'abc.NT_0017_P_00001'>"": [], ""<class 'abc.NT_0012'>"": [0, 0, 27606, 0, 0, 65962], ""<class 'abc.NT_0012_P_00000'>"": [], ""<class 'abc.NT_0012_P_00001'>"": [], ""<class 'abc.NT_0017_P_00002'>"": [], ""<class 'abc.NT_0013'>"": [], ""<class 'abc.NT_0013_P_00000'>"": [], ""<class 'abc.NT_0011'>"": [0, 94522], ""<class 'abc.NT_0011_P_00000'>"": [], ""<class 'abc.NT_0011_P_00001'>"": [], ""<class 'abc.NT_0011_P_00002'>"": [], ""<class 'abc.NT_0013_P_00001'>"": [], ""<class 'abc.NT_0013_P_00002'>"": [], ""<class 'abc.NT_0017_P_00003'>"": [], ""<class 'abc.NT_0016'>"": [0, 20070], ""<class 'abc.NT_0016_P_00000'>"": [], ""<class 'abc.NT_0016_P_00001'>"": [], ""<class 'abc.NT_0016_P_00002'>"": [], '$leftovers': [13707, 7777, 43103, 79112, 41937, 82055, 41802, 80929, 37572, 24235, 1002, 66268, 87311, 99058, 42897, 54099, 4751, 39061, 38658, 18856, 32793, 32020, 84694, 43326, 66351, 11593, 16559, 82179, 29701, 14785, 63931, 19995, 86098, 88506, 88906, 98218, 57143, 64899, 75531, 17691, 63845, 68413, 76826, 30524, 48607, 6718, 24768, 14247, 23842, 98884, 92372, 55279, 40315, 43705, 6728, 53868, 34432, 73753, 89438, 79733, 83929, 38685, 35410, 5343, 16823, 35888, 70000, 12879, 27426, 44726, 95438, 53746, 11554, 35563, 36846, 46156, 65002, 72433, 85297, 12477, 3511, 72425, 53166, 5796, 30717, 45518, 76561, 21526, 65748, 18017, 64172, 9175, 16724, 51276, 1749, 5687, 47923, 68260, 48548, 94393, 55323, 76604, 84009, 54574, 8798, 35733, 67233, 4198, 56844, 12629, 29196, 81671, 71295, 84963, 73193, 37662, 77918, 40265, 71387, 2776, 72056, 79890, 24380, 6524, 11920, 82004, 80554, 7771, 51485, 29874, 64851, 32118, 68660, 22646, 40503, 29950, 45632, 59339, 63591, 66553, 79195, 90039, 8891, 94412, 82595, 43578, 41060, 60184, 28053, 84947, 77614, 38864, 91374, 58545, 50015, 19960, 7381, 78763, 85070, 21507, 19025, 51930, 32629, 45143, 39756, 26052, 37388, 90108, 9391, 53674, 16962, 24269, 95106, 99931, 56381, 37781, 12365, 84199, 30949, 74271, 916, 85830, 97679, 18102, 478, 75886, 30302, 21977, 90537, 30063, 19357, 81788, 35261, 14719, 66114, 20921, 20240, 5992, 58367, 9680, 68600, 85141, 46379, 54808, 83564, 47005, 66549, 22371, 91024, 89979, 20226, 63714, 58641, 45142, 46907, 57602, 15144, 97990, 7439, 11158, 59469, 11328, 80659, 5962, 25695, 77537, 11892, 91592, 56748, 38581, 37353, 71743, 70419, 27563, 8343, 51963, 16605, 94638, 42057, 61173, 28541, 41743, 60295, 49767, 73628, 41163, 91833, 78182, 82565, 25215, 96862, 76058, 44249, 82715, 20979, 71376, 27708, 78050, 40085, 30494, 46076, 48158, 98017, 59418, 77712, 4502, 58514, 86759, 30136, 53692, 84446, 34409, 6828, 35370, 50950, 51945, 59877, 55822, 81173, 57512, 24080, 92189, 34559, 32530, 48867, 64932, 44, 85888, 8300, 92843, 6844, 39222, 76898, 88754, 22876, 38074, 43299, 88699, 81654, 61902, 89999, 13497, 66668, 7338, 74096, 38397, 11013, 98336, 40480, 33892, 63626, 49088, 71312, 23172, 10803, 62392, 24917, 67254, 58009, 81336, 59457, 73844, 95696, 6506, 27308, 70695, 56701, 13067, 41613, 72662, 53528, 75491, 42519, 81780, 31754, 13856, 88917, 96452, 41223, 89774, 10407, 31336, 50783, 20291, 5997, 7069, 31395, 24625, 6189, 56620, 24762, 84988, 68874, 85812, 41091, 24302, 77112, 35149, 22780, 53184, 18627, 57549, 17465, 63612, 87939, 6980, 60883, 29814, 87238, 14952, 60779, 86760, 61062, 30267, 24445, 56989, 27229, 82900, 90023, 57786, 63779, 40235, 86679, 51776, 22058, 63483, 39593, 41554, 8133, 95503, 6716, 25867, 90267, 22987, 39665, 98545, 93605, 1747, 78248, 27473, 33109, 26918, 82634, 51318, 80099, 73743, 12182, 94300, 46775, 25047, 68889, 10070, 18361, 65084, 37080, 70960, 83222, 67058, 98067, 22471, 67691, 59607, 67337, 8930, 21238, 46639, 45431, 43153, 96128, 24156, 80501, 82080, 49059, 2091, 12212, 52072, 31681, 90064, 42922, 12694, 63500, 88958, 85424, 60965, 55836, 88426, 54941, 94663, 65220, 71036, 49752, 17451, 53699, 9314, 14619, 3290, 44849, 90564, 91441, 62905, 40530, 5641, 37318, 36823, 31308, 19382, 62343, 86280, 16633, 47566, 15336, 77921, 88788, 50425, 20260, 79556, 59009, 60227, 87434, 40228, 88797, 25912, 98562, 76789, 91824, 52309, 10258, 50738, 95463, 77205, 93493, 68362, 24106, 95689, 49524, 69579, 66348, 75971, 22529, 74132, 89303, 37488, 5127, 63655, 17283, 25796, 52901, 73353, 59242, 58591, 76499, 46764, 96815, 56675, 19904, 86086, 9538, 16381, 25966, 48189, 47295, 50918, 3257, 56486, 10672, 45517, 6977, 66557, 24565, 14166, 47870, 73695, 59021, 61532, 83752, 51246, 6816, 65190, 71364, 98756, 25731, 84141, 78432, 21130, 69362, 52504, 59655, 73856, 97330, 50721, 19705, 54620, 16926, 96429, 24048, 73377, 67355, 15053, 17980, 70735, 35236, 75523, 91241, 23447, 72477, 51156, 95259, 88333, 29494, 67321, 52714, 62917, 99842, 65229, 6617, 44275, 88720, 37853, 8770, 63811, 7507, 89636, 17817, 1558, 85068, 79776, 73733, 11481, 89926, 56682, 49746, 9429, 50818, 45883, 58652, 12423, 26431, 60221, 95661, 73944, 68283, 51044, 69558, 68608, 65135, 29404, 17239, 5514, 47278, 63393, 94877, 23491, 47292, 6877, 19032, 65956, 9732, 97912, 1976, 37613, 34466, 61934, 57269, 53618, 5940, 93510, 52374, 85684, 22266, 86296, 60665, 10810, 9462, 494, 58482, 75247, 71566, 31620, 58819, 97731, 83116, 7767, 83623, 12444, 57312, 49834, 46402, 98377, 30435, 36116, 16443, 25589, 45312, 64514, 37426, 76200, 11178, 7488, 18610, 92099, 97566, 6854, 33656, 17686, 10866, 73697, 81050, 12312, 6505, 95303, 61521, 72092, 94259, 32683, 45746, 77187, 88803, 39457, 40047, 95729, 22380, 62708, 14355, 83408, 29714, 50213, 24600, 63055, 94787, 52488, 53820, 72502, 35142, 82539, 36201, 83535, 70150, 4544, 53013, 91532, 98794, 75749, 37723, 24569, 90322, 279, 84293, 85419, 53204, 7321, 22724, 95538, 85836, 2877, 93721, 73981, 40836, 90505, 94370, 88415, 37372, 69317, 25860, 4116, 35759, 84385, 33447, 84816, 12456, 31068, 57878, 18743, 27118, 55146, 45045, 76854, 36409, 49423, 25447, 28432, 61176, 34319, 67878, 7127, 41048, 27399, 57337, 84290, 2409, 69039, 23729, 7494, 36747, 48478, 38848, 42755, 293, 91046, 40498, 48156, 87860, 19957, 4960, 74844, 19836, 92291, 57801, 90081, 88664, 17768, 78881, 47919, 71822, 34413, 1930, 46778, 88873, 89253, 43012, 48581, 9353, 85645, 13891, 48249, 50115, 66199, 3386, 20854, 99932, 28051, 71692, 93909, 74084, 74671, 89896, 50523, 88742, 12398, 72247, 55742, 51721, 34827, 36846, 62982, 39419, 78439, 9343, 48468, 84544, 39864, 76167, 43812, 71247, 20757, 1762, 41180, 27413, 60564, 22669, 82173, 16704, 46485, 72310, 26823, 41298, 58642, 32787, 90874, 58140, 56784, 29999, 8759, 96835, 78050, 41544, 1255, 17455, 33878, 64547, 58966, 82332, 5215, 48306, 8922, 24655, 4697, 70882, 84900, 82562, 62735, 34434, 73303, 61588, 35094, 68503, 41162, 54916, 58190, 12626, 60530, 22534, 77445, 84110, 41705, 60129, 60275, 26541, 44213, 1777, 13370, 3088, 42025, 39125, 6806, 57675, 48434, 98242, 36838, 43086, 11553, 17088, 22108, 72325, 25128, 87991, 65587, 14862, 36451, 44287, 9734, 15759, 72468, 61485, 14174, 26892, 64268, 19975, 5444, 33247, 50382, 76845, 87224, 36256, 66890, 95968, 72639, 77038, 43204, 39754, 36312, 74369, 96758, 27679, 249, 98284, 44817, 61235, 55085, 9992, 27298, 25783, 69424, 39622, 26481, 58524, 35109, 38014, 50849, 43262, 70599, 1236, 29822, 19493, 40976, 26562, 7919, 16019, 11304, 44960, 68766, 47516, 55933, 93459, 51964, 80457, 87397, 77661, 10867, 13339, 38927, 67085, 83000, 91594, 70221, 32812, 41638, 39247, 63161, 56481, 85947, 619, 54521, 29223, 59027, 34890, 77305, 79995, 54866, 56578, 59831, 16991, 48800, 12168, 58544, 42596, 87951, 65721, 11198, 23052, 15984, 12347, 45822, 1513, 17129, 34479, 87885, 87506, 81928, 20343, 45290, 20189, 98974, 29926, 61725, 72592, 35725, 72251, 55074, 7660, 24694]})"
562.0,9,164,35,34.683276891708374,10696,"Genotype(dna={""<class 'abc.NT_0017'>"": [1, 23052], ""<class 'abc.NT_0017_P_00000'>"": [], ""<class 'abc.NT_0005'>"": [0, 0, 35544, 1, 0, 1, 0, 1, 1, 1513], ""<class 'abc.NT_0005_P_00000'>"": [], ""<class 'abc.NT_0005_P_00001'>"": [], ""<class 'bool'>"": [50833, 28611, 95173, 92596, 84996, 15299, 84608, 73218, 73704, 53577, 54127, 73580, 61648, 63455, 34182, 28379, 9832, 69766, 27025, 9321, 39372, 40559, 45589, 21512, 9991, 31131, 22379, 82972, 66879, 7070, 87492, 33083, 92916, 1233, 89415, 28350, 54741, 51276, 16414, 74832, 4355, 87209, 57305, 93042, 23231, 67903, 93745, 31960, 29422, 28659, 99170, 40455, 13273, 92051, 14178, 78998, 45259, 78698, 95977, 93014, 83753, 21951, 16043, 13772, 66730, 10736, 57934, 29081, 62948, 99869, 41968, 82469, 93064, 59471, 51253, 67704, 97811, 82022, 87389, 59617, 67283, 63422, 70186, 58801, 23472, 68171, 46787, 87700, 86179, 38104, 2384, 90063, 6576, 80132, 98840, 65605, 74894, 53809, 99733, 89043, 84198, 62780, 94716, 23035, 32450, 31489, 41399, 87765, 69122, 99723, 54018, 92501, 39572, 89999, 58379, 67238, 50112, 90146, 55533, 46837, 57815, 68681, 79206, 32534, 3130, 58659, 69605, 82887, 74526, 5911, 58400, 62789, 48677, 31474, 44702, 39368, 40140, 19876, 33772, 86631, 58194, 70508], ""<class 'int'>"": [88091, 54758, 80960, 4147, 58985, 98835, 33177, 12380, 43928, 18156, 46293, 82997, 26546, 21931, 20632, 91665, 69275, 46303, 61738, 80613, 63967, 92163, 79154, 79668, 18313, 6071, 50712, 91463, 54716, 33220, 52575, 78591, 28324, 24851, 385, 86434, 6594, 95864, 4088, 31907, 5028, 70908, 60125, 88976, 64506, 45119, 63026, 18677, 76141, 62129, 40973, 74468, 90479, 50241, 61828, 14495, 64587, 47259, 69389, 59226, 21182, 99643, 3451, 67066, 55205, 22485, 89443, 19030, 10288, 23574, 78426, 55280, 17305, 68878, 94325, 9074, 35370, 56456, 95300, 73961, 59051, 835, 21640, 2744, 30054, 96306, 55542, 57066, 65643, 97962, 97088, 62680, 24967, 56005, 85155, 81002, 48234, 28842, 92105, 38714, 65511, 82476, 73240, 25988, 68682, 4749, 1059, 85277, 54664, 55169, 72830, 29209, 32377, 56597, 43815, 46740, 16019, 36704, 91606, 3697, 42934, 87720, 75207, 56054, 59737, 79252, 96186, 60558, 8582, 3209, 7798, 18736, 20655, 95860, 60671, 36386, 88318, 80757, 49888, 58523, 36742, 48071, 76427, 91397, 47115, 74907, 19807, 19166, 48854, 4778, 9526, 30084, 70329, 29929, 24152, 98179, 6661, 59360, 47157, 52018, 24734, 716, 46264, 89982, 86072, 78100, 64619, 77321], ""<class 'abc.NT_0010'>"": [0, 0, 1, 53054], ""<class 'abc.NT_0010_P_00000'>"": [], ""<class 'abc.NT_0006'>"": [2, 2, 0, 1, 1302, 1892], ""<class 'abc.NT_0006_P_00000'>"": [], ""<class 'abc.NT_0006_P_00001'>"": [], ""<class 'abc.NT_0002'>"": [1, 1, 2, 1, 1, 1, 1, 0, 2, 1, 41818, 0, 2, 0, 1, 0, 2, 1, 53720, 1, 0, 0, 69722, 1, 8713, 0, 0, 2, 0, 0, 0, 2, 1, 64800, 99864], ""<class 'abc.NT_0002_P_00000'>"": [], ""<class 'abc.NT_0001'>"": [1, 1, 1, 0, 0, 0, 0, 1, 1, 1, 1, 0, 1, 16227, 1, 1, 1, 1, 0, 0, 10290, 0, 0, 0, 0, 0, 1, 40887, 0, 0, 0, 0, 0, 0, 0, 0, 0, 1, 0, 0, 0, 0, 76558, 0, 0, 0, 1, 0, 0, 26591, 1, 1, 1, 0, 1, 0, 0, 45290], ""<class 'abc.NT_0001_P_00000'>"": [], ""<class 'abc.NT_0001_P_00001'>"": [], ""<class 'abc.NT_0000'>"": [0, 1, 1, 94528, 1, 0, 1, 1, 31647, 1, 1, 80324, 0, 0, 75412, 1, 69944, 1, 0, 0, 0, 1, 0, 0, 0, 1, 1, 0, 1, 3483, 1, 0, 42401, 0, 0, 0, 0, 54668, 66557, 1, 0, 1, 1, 0, 0, 21028, 54540, 1, 5444, 3614, 1, 0, 0, 0, 0, 0, 71485, 1, 0, 0, 0, 0, 1, 20343], ""<class 'abc.NT_0000_P_00000'>"": [], ""<class 'abc.NT_0000_P_00001'>"": [], ""<class 'abc.NT_0002_P_00001'>"": [], ""<class 'abc.NT_0002_P_00002'>"": [], ""<class 'abc.NT_0006_P_00002'>"": [], ""<class 'abc.NT_0007'>"": [1, 0, 1, 2, 87885, 72251, 55074], ""<class 'abc.NT_0007_P_00000'>"": [], ""<class 'abc.NT_0007_P_00001'>"": [], ""<class 'abc.NT_0007_P_00002'>"": [], ""<class 'abc.NT_0004'>"": [1, 1, 77639, 2, 1, 2, 63194, 90154], ""<class 'abc.NT_0004_P_00000'>"": [], ""<class 'abc.NT_0003'>"": [10039, 1, 0, 1, 98974, 61725, 72592, 35725, 7660], ""<class 'abc.NT_0003_P_00000'>"": [], ""<class 'abc.NT_0003_P_00001'>"": [], ""<class 'abc.NT_0003_P_00002'>"": [], ""<class 'abc.NT_0003_P_00003'>"": [], ""<class 'abc.NT_0004_P_00001'>"": [], ""<class 'abc.NT_0004_P_00002'>"": [], ""<class 'abc.NT_0009'>"": [3, 0, 1, 1, 0, 45822], ""<class 'abc.NT_0009_P_00000'>"": [], ""<class 'abc.NT_0008'>"": [15828, 0, 83857, 0, 0, 0, 17129], ""<class 'abc.NT_0008_P_00000'>"": [], ""<class 'abc.NT_0009_P_00001'>"": [], ""<class 'abc.NT_0009_P_00002'>"": [], ""<class 'abc.NT_0009_P_00003'>"": [], ""<class 'abc.NT_0010_P_00001'>"": [], ""<class 'abc.NT_0010_P_00002'>"": [], ""<class 'abc.NT_0017_P_00001'>"": [], ""<class 'abc.NT_0012'>"": [0, 0, 27606, 0, 0, 65962], ""<class 'abc.NT_0012_P_00000'>"": [], ""<class 'abc.NT_0012_P_00001'>"": [], ""<class 'abc.NT_0017_P_00002'>"": [], ""<class 'abc.NT_0013'>"": [], ""<class 'abc.NT_0013_P_00000'>"": [], ""<class 'abc.NT_0011'>"": [0, 94522], ""<class 'abc.NT_0011_P_00000'>"": [], ""<class 'abc.NT_0011_P_00001'>"": [], ""<class 'abc.NT_0011_P_00002'>"": [], ""<class 'abc.NT_0013_P_00001'>"": [], ""<class 'abc.NT_0013_P_00002'>"": [], ""<class 'abc.NT_0017_P_00003'>"": [], ""<class 'abc.NT_0016'>"": [0, 20070], ""<class 'abc.NT_0016_P_00000'>"": [], ""<class 'abc.NT_0016_P_00001'>"": [], ""<class 'abc.NT_0016_P_00002'>"": [], '$leftovers': [13707, 7777, 43103, 79112, 41937, 82055, 41802, 80929, 37572, 24235, 1002, 66268, 87311, 99058, 42897, 54099, 4751, 39061, 38658, 18856, 32793, 32020, 84694, 43326, 66351, 11593, 16559, 82179, 29701, 14785, 63931, 19995, 86098, 88506, 88906, 98218, 57143, 64899, 75531, 17691, 63845, 68413, 76826, 30524, 48607, 6718, 24768, 14247, 23842, 98884, 92372, 55279, 40315, 43705, 6728, 53868, 34432, 73753, 89438, 79733, 83929, 38685, 35410, 5343, 16823, 35888, 70000, 12879, 27426, 44726, 95438, 53746, 11554, 35563, 36846, 46156, 65002, 72433, 85297, 12477, 3511, 72425, 53166, 5796, 30717, 45518, 76561, 21526, 65748, 18017, 64172, 9175, 16724, 51276, 1749, 5687, 47923, 68260, 48548, 94393, 55323, 76604, 84009, 54574, 8798, 35733, 67233, 4198, 56844, 12629, 29196, 81671, 71295, 84963, 73193, 37662, 77918, 40265, 71387, 2776, 72056, 79890, 24380, 6524, 11920, 82004, 80554, 7771, 51485, 29874, 64851, 32118, 68660, 22646, 40503, 29950, 45632, 59339, 63591, 66553, 79195, 90039, 8891, 94412, 82595, 43578, 41060, 60184, 28053, 84947, 77614, 38864, 91374, 58545, 50015, 19960, 7381, 78763, 85070, 21507, 19025, 51930, 32629, 45143, 39756, 26052, 37388, 90108, 9391, 53674, 16962, 24269, 95106, 99931, 56381, 37781, 12365, 84199, 30949, 74271, 916, 85830, 97679, 18102, 478, 75886, 30302, 21977, 90537, 30063, 19357, 81788, 35261, 14719, 66114, 20921, 20240, 5992, 58367, 9680, 68600, 85141, 46379, 54808, 83564, 47005, 66549, 22371, 91024, 89979, 20226, 63714, 58641, 45142, 46907, 57602, 15144, 97990, 7439, 11158, 59469, 11328, 80659, 5962, 25695, 77537, 11892, 91592, 56748, 38581, 37353, 71743, 70419, 27563, 8343, 51963, 16605, 94638, 42057, 61173, 28541, 41743, 60295, 49767, 73628, 41163, 91833, 78182, 82565, 25215, 96862, 76058, 44249, 82715, 20979, 71376, 27708, 78050, 40085, 30494, 46076, 48158, 98017, 59418, 77712, 4502, 58514, 86759, 30136, 53692, 84446, 34409, 6828, 35370, 50950, 51945, 59877, 55822, 81173, 57512, 24080, 92189, 34559, 32530, 48867, 64932, 44, 85888, 8300, 92843, 6844, 39222, 76898, 88754, 22876, 38074, 43299, 88699, 81654, 61902, 89999, 13497, 66668, 7338, 74096, 38397, 11013, 98336, 40480, 33892, 63626, 49088, 71312, 23172, 10803, 62392, 24917, 67254, 58009, 81336, 59457, 73844, 95696, 6506, 27308, 70695, 56701, 13067, 41613, 72662, 53528, 75491, 42519, 81780, 31754, 13856, 88917, 96452, 41223, 89774, 10407, 31336, 50783, 20291, 5997, 7069, 31395, 24625, 6189, 56620, 24762, 84988, 68874, 85812, 41091, 24302, 77112, 35149, 22780, 53184, 18627, 57549, 17465, 63612, 87939, 6980, 60883, 29814, 87238, 14952, 60779, 86760, 61062, 30267, 24445, 56989, 27229, 82900, 90023, 57786, 63779, 40235, 86679, 51776, 22058, 63483, 39593, 41554, 8133, 95503, 6716, 25867, 90267, 22987, 39665, 98545, 93605, 1747, 78248, 27473, 33109, 26918, 82634, 51318, 80099, 73743, 12182, 94300, 46775, 25047, 68889, 10070, 18361, 65084, 37080, 70960, 83222, 67058, 98067, 22471, 67691, 59607, 67337, 8930, 21238, 46639, 45431, 43153, 96128, 24156, 80501, 82080, 49059, 2091, 12212, 52072, 31681, 90064, 42922, 12694, 63500, 88958, 85424, 60965, 55836, 88426, 54941, 94663, 65220, 71036, 49752, 17451, 53699, 9314, 14619, 3290, 44849, 90564, 91441, 62905, 40530, 5641, 37318, 36823, 31308, 19382, 62343, 86280, 16633, 47566, 15336, 77921, 88788, 50425, 20260, 79556, 59009, 60227, 87434, 40228, 88797, 25912, 98562, 76789, 91824, 52309, 10258, 50738, 95463, 77205, 93493, 68362, 24106, 95689, 49524, 69579, 66348, 75971, 22529, 74132, 89303, 37488, 5127, 63655, 17283, 25796, 52901, 73353, 59242, 58591, 76499, 46764, 96815, 56675, 19904, 86086, 9538, 16381, 25966, 48189, 47295, 50918, 3257, 56486, 10672, 45517, 6977, 66557, 24565, 14166, 47870, 73695, 59021, 61532, 83752, 51246, 6816, 65190, 71364, 98756, 25731, 84141, 78432, 21130, 69362, 52504, 59655, 73856, 97330, 50721, 19705, 54620, 16926, 96429, 24048, 73377, 67355, 15053, 17980, 70735, 35236, 75523, 91241, 23447, 72477, 51156, 95259, 88333, 29494, 67321, 52714, 62917, 99842, 65229, 6617, 44275, 88720, 37853, 8770, 63811, 7507, 89636, 17817, 1558, 85068, 79776, 73733, 11481, 89926, 56682, 49746, 9429, 50818, 45883, 58652, 12423, 26431, 60221, 95661, 73944, 68283, 51044, 69558, 68608, 65135, 29404, 17239, 5514, 47278, 63393, 94877, 23491, 47292, 6877, 19032, 65956, 9732, 97912, 1976, 37613, 34466, 61934, 57269, 53618, 5940, 93510, 52374, 85684, 22266, 86296, 60665, 10810, 9462, 494, 58482, 75247, 71566, 31620, 58819, 97731, 83116, 7767, 83623, 12444, 57312, 49834, 46402, 98377, 30435, 36116, 16443, 25589, 45312, 64514, 37426, 76200, 11178, 7488, 18610, 92099, 97566, 6854, 33656, 17686, 10866, 73697, 81050, 12312, 6505, 95303, 61521, 72092, 94259, 32683, 45746, 77187, 88803, 39457, 40047, 95729, 22380, 62708, 14355, 83408, 29714, 50213, 24600, 63055, 94787, 52488, 53820, 72502, 35142, 82539, 36201, 83535, 70150, 4544, 53013, 91532, 98794, 75749, 37723, 24569, 90322, 279, 84293, 85419, 53204, 7321, 22724, 95538, 85836, 2877, 93721, 73981, 40836, 90505, 94370, 88415, 37372, 69317, 25860, 4116, 35759, 84385, 33447, 84816, 12456, 31068, 57878, 18743, 27118, 55146, 45045, 76854, 36409, 49423, 25447, 28432, 61176, 34319, 67878, 7127, 41048, 27399, 57337, 84290, 2409, 69039, 23729, 7494, 36747, 48478, 38848, 42755, 293, 91046, 40498, 48156, 87860, 19957, 4960, 74844, 19836, 92291, 57801, 90081, 88664, 17768, 78881, 47919, 71822, 34413, 1930, 46778, 88873, 89253, 43012, 48581, 9353, 85645, 13891, 48249, 50115, 66199, 3386, 20854, 99932, 28051, 71692, 93909, 74084, 74671, 89896, 50523, 88742, 12398, 72247, 55742, 51721, 34827, 36846, 62982, 39419, 78439, 9343, 48468, 84544, 39864, 76167, 43812, 71247, 20757, 1762, 41180, 27413, 60564, 22669, 82173, 16704, 46485, 72310, 26823, 41298, 58642, 32787, 90874, 58140, 56784, 29999, 8759, 96835, 78050, 41544, 1255, 17455, 33878, 64547, 58966, 82332, 5215, 48306, 8922, 24655, 4697, 70882, 84900, 82562, 62735, 34434, 73303, 61588, 35094, 68503, 41162, 54916, 58190, 12626, 60530, 22534, 77445, 84110, 41705, 60129, 60275, 26541, 44213, 1777, 13370, 3088, 42025, 39125, 6806, 57675, 48434, 98242, 36838, 43086, 11553, 17088, 22108, 72325, 25128, 87991, 65587, 14862, 36451, 44287, 9734, 15759, 72468, 61485, 14174, 26892, 64268, 19975, 5444, 33247, 50382, 76845, 87224, 36256, 66890, 95968, 72639, 77038, 43204, 39754, 36312, 74369, 96758, 27679, 249, 98284, 44817, 61235, 55085, 9992, 27298, 25783, 69424, 39622, 26481, 58524, 35109, 38014, 50849, 43262, 70599, 1236, 29822, 19493, 40976, 26562, 7919, 16019, 11304, 44960, 68766, 47516, 55933, 93459, 51964, 80457, 87397, 77661, 10867, 13339, 38927, 67085, 83000, 91594, 70221, 32812, 41638, 39247, 63161, 56481, 85947, 619, 54521, 29223, 59027, 34890, 77305, 79995, 54866, 56578, 59831, 16991, 48800, 12168, 58544, 42596, 87951, 65721, 11198, 23052, 15984, 12347, 45822, 1513, 17129, 34479, 87885, 87506, 81928, 20343, 45290, 20189, 98974, 29926, 61725, 72592, 35725, 72251, 55074, 7660, 24694]})"
562.0,9,164,36,35.462873458862305,10696,"Genotype(dna={""<class 'abc.NT_0017'>"": [1, 23052], ""<class 'abc.NT_0017_P_00000'>"": [], ""<class 'abc.NT_0005'>"": [0, 0, 35544, 1, 0, 1, 0, 1, 1, 1513], ""<class 'abc.NT_0005_P_00000'>"": [], ""<class 'abc.NT_0005_P_00001'>"": [], ""<class 'bool'>"": [50833, 28611, 95173, 92596, 84996, 15299, 84608, 73218, 73704, 53577, 54127, 73580, 61648, 63455, 34182, 28379, 9832, 69766, 27025, 9321, 39372, 40559, 45589, 21512, 9991, 31131, 22379, 82972, 66879, 7070, 87492, 33083, 92916, 1233, 89415, 28350, 54741, 51276, 16414, 74832, 4355, 87209, 57305, 93042, 23231, 67903, 93745, 31960, 29422, 28659, 99170, 40455, 13273, 92051, 14178, 78998, 45259, 78698, 95977, 93014, 83753, 21951, 16043, 13772, 66730, 10736, 57934, 29081, 62948, 99869, 41968, 82469, 93064, 59471, 51253, 67704, 97811, 82022, 87389, 59617, 67283, 63422, 70186, 58801, 23472, 68171, 46787, 87700, 86179, 38104, 2384, 90063, 6576, 80132, 98840, 65605, 74894, 53809, 99733, 89043, 84198, 62780, 94716, 23035, 32450, 31489, 41399, 87765, 69122, 99723, 54018, 92501, 39572, 89999, 58379, 67238, 50112, 90146, 55533, 46837, 57815, 68681, 79206, 32534, 3130, 58659, 69605, 82887, 74526, 5911, 58400, 62789, 48677, 31474, 44702, 39368, 40140, 19876, 33772, 86631, 58194, 70508], ""<class 'int'>"": [88091, 54758, 80960, 4147, 58985, 98835, 33177, 12380, 43928, 18156, 46293, 82997, 26546, 21931, 20632, 91665, 69275, 46303, 61738, 80613, 63967, 92163, 79154, 79668, 18313, 6071, 50712, 91463, 54716, 33220, 52575, 78591, 28324, 24851, 385, 86434, 6594, 95864, 4088, 31907, 5028, 70908, 60125, 88976, 64506, 45119, 63026, 18677, 76141, 62129, 40973, 74468, 90479, 50241, 61828, 14495, 64587, 47259, 69389, 59226, 21182, 99643, 3451, 67066, 55205, 22485, 89443, 19030, 10288, 23574, 78426, 55280, 17305, 68878, 94325, 9074, 35370, 56456, 95300, 73961, 59051, 835, 21640, 2744, 30054, 96306, 55542, 57066, 65643, 97962, 97088, 62680, 24967, 56005, 85155, 81002, 48234, 28842, 92105, 38714, 65511, 82476, 73240, 25988, 68682, 4749, 1059, 85277, 54664, 55169, 72830, 29209, 32377, 56597, 43815, 46740, 16019, 36704, 91606, 3697, 42934, 87720, 75207, 56054, 59737, 79252, 96186, 60558, 8582, 3209, 7798, 18736, 20655, 95860, 60671, 36386, 88318, 80757, 49888, 58523, 36742, 48071, 76427, 91397, 47115, 74907, 19807, 19166, 48854, 4778, 9526, 30084, 70329, 29929, 24152, 98179, 6661, 59360, 47157, 52018, 24734, 716, 46264, 89982, 86072, 78100, 64619, 77321], ""<class 'abc.NT_0010'>"": [0, 0, 1, 53054], ""<class 'abc.NT_0010_P_00000'>"": [], ""<class 'abc.NT_0006'>"": [2, 2, 0, 1, 1302, 1892], ""<class 'abc.NT_0006_P_00000'>"": [], ""<class 'abc.NT_0006_P_00001'>"": [], ""<class 'abc.NT_0002'>"": [1, 1, 2, 1, 1, 1, 1, 0, 2, 1, 41818, 0, 2, 0, 1, 0, 2, 1, 53720, 1, 0, 0, 69722, 1, 8713, 0, 0, 2, 0, 0, 0, 2, 1, 64800, 99864], ""<class 'abc.NT_0002_P_00000'>"": [], ""<class 'abc.NT_0001'>"": [1, 1, 1, 0, 0, 0, 0, 1, 1, 1, 1, 0, 1, 16227, 1, 1, 1, 1, 0, 0, 10290, 0, 0, 0, 0, 0, 1, 40887, 0, 0, 0, 0, 0, 0, 0, 0, 0, 1, 0, 0, 0, 0, 76558, 0, 0, 0, 1, 0, 0, 26591, 1, 1, 1, 0, 1, 0, 0, 45290], ""<class 'abc.NT_0001_P_00000'>"": [], ""<class 'abc.NT_0001_P_00001'>"": [], ""<class 'abc.NT_0000'>"": [0, 1, 1, 94528, 1, 0, 1, 1, 31647, 1, 1, 80324, 0, 0, 75412, 1, 69944, 1, 0, 0, 0, 1, 0, 0, 0, 1, 1, 0, 1, 3483, 1, 0, 42401, 0, 0, 0, 0, 54668, 66557, 1, 0, 1, 1, 0, 0, 21028, 54540, 1, 5444, 3614, 1, 0, 0, 0, 0, 0, 71485, 1, 0, 0, 0, 0, 1, 20343], ""<class 'abc.NT_0000_P_00000'>"": [], ""<class 'abc.NT_0000_P_00001'>"": [], ""<class 'abc.NT_0002_P_00001'>"": [], ""<class 'abc.NT_0002_P_00002'>"": [], ""<class 'abc.NT_0006_P_00002'>"": [], ""<class 'abc.NT_0007'>"": [1, 0, 1, 2, 87885, 72251, 55074], ""<class 'abc.NT_0007_P_00000'>"": [], ""<class 'abc.NT_0007_P_00001'>"": [], ""<class 'abc.NT_0007_P_00002'>"": [], ""<class 'abc.NT_0004'>"": [1, 1, 77639, 2, 1, 2, 63194, 90154], ""<class 'abc.NT_0004_P_00000'>"": [], ""<class 'abc.NT_0003'>"": [10039, 1, 0, 1, 98974, 61725, 72592, 35725, 7660], ""<class 'abc.NT_0003_P_00000'>"": [], ""<class 'abc.NT_0003_P_00001'>"": [], ""<class 'abc.NT_0003_P_00002'>"": [], ""<class 'abc.NT_0003_P_00003'>"": [], ""<class 'abc.NT_0004_P_00001'>"": [], ""<class 'abc.NT_0004_P_00002'>"": [], ""<class 'abc.NT_0009'>"": [3, 0, 1, 1, 0, 45822], ""<class 'abc.NT_0009_P_00000'>"": [], ""<class 'abc.NT_0008'>"": [15828, 0, 83857, 0, 0, 0, 17129], ""<class 'abc.NT_0008_P_00000'>"": [], ""<class 'abc.NT_0009_P_00001'>"": [], ""<class 'abc.NT_0009_P_00002'>"": [], ""<class 'abc.NT_0009_P_00003'>"": [], ""<class 'abc.NT_0010_P_00001'>"": [], ""<class 'abc.NT_0010_P_00002'>"": [], ""<class 'abc.NT_0017_P_00001'>"": [], ""<class 'abc.NT_0012'>"": [0, 0, 27606, 0, 0, 65962], ""<class 'abc.NT_0012_P_00000'>"": [], ""<class 'abc.NT_0012_P_00001'>"": [], ""<class 'abc.NT_0017_P_00002'>"": [], ""<class 'abc.NT_0013'>"": [], ""<class 'abc.NT_0013_P_00000'>"": [], ""<class 'abc.NT_0011'>"": [0, 94522], ""<class 'abc.NT_0011_P_00000'>"": [], ""<class 'abc.NT_0011_P_00001'>"": [], ""<class 'abc.NT_0011_P_00002'>"": [], ""<class 'abc.NT_0013_P_00001'>"": [], ""<class 'abc.NT_0013_P_00002'>"": [], ""<class 'abc.NT_0017_P_00003'>"": [], ""<class 'abc.NT_0016'>"": [0, 20070], ""<class 'abc.NT_0016_P_00000'>"": [], ""<class 'abc.NT_0016_P_00001'>"": [], ""<class 'abc.NT_0016_P_00002'>"": [], '$leftovers': [13707, 7777, 43103, 79112, 41937, 82055, 41802, 80929, 37572, 24235, 1002, 66268, 87311, 99058, 42897, 54099, 4751, 39061, 38658, 18856, 32793, 32020, 84694, 43326, 66351, 11593, 16559, 82179, 29701, 14785, 63931, 19995, 86098, 88506, 88906, 98218, 57143, 64899, 75531, 17691, 63845, 68413, 76826, 30524, 48607, 6718, 24768, 14247, 23842, 98884, 92372, 55279, 40315, 43705, 6728, 53868, 34432, 73753, 89438, 79733, 83929, 38685, 35410, 5343, 16823, 35888, 70000, 12879, 27426, 44726, 95438, 53746, 11554, 35563, 36846, 46156, 65002, 72433, 85297, 12477, 3511, 72425, 53166, 5796, 30717, 45518, 76561, 21526, 65748, 18017, 64172, 9175, 16724, 51276, 1749, 5687, 47923, 68260, 48548, 94393, 55323, 76604, 84009, 54574, 8798, 35733, 67233, 4198, 56844, 12629, 29196, 81671, 71295, 84963, 73193, 37662, 77918, 40265, 71387, 2776, 72056, 79890, 24380, 6524, 11920, 82004, 80554, 7771, 51485, 29874, 64851, 32118, 68660, 22646, 40503, 29950, 45632, 59339, 63591, 66553, 79195, 90039, 8891, 94412, 82595, 43578, 41060, 60184, 28053, 84947, 77614, 38864, 91374, 58545, 50015, 19960, 7381, 78763, 85070, 21507, 19025, 51930, 32629, 45143, 39756, 26052, 37388, 90108, 9391, 53674, 16962, 24269, 95106, 99931, 56381, 37781, 12365, 84199, 30949, 74271, 916, 85830, 97679, 18102, 478, 75886, 30302, 21977, 90537, 30063, 19357, 81788, 35261, 14719, 66114, 20921, 20240, 5992, 58367, 9680, 68600, 85141, 46379, 54808, 83564, 47005, 66549, 22371, 91024, 89979, 20226, 63714, 58641, 45142, 46907, 57602, 15144, 97990, 7439, 11158, 59469, 11328, 80659, 5962, 25695, 77537, 11892, 91592, 56748, 38581, 37353, 71743, 70419, 27563, 8343, 51963, 16605, 94638, 42057, 61173, 28541, 41743, 60295, 49767, 73628, 41163, 91833, 78182, 82565, 25215, 96862, 76058, 44249, 82715, 20979, 71376, 27708, 78050, 40085, 30494, 46076, 48158, 98017, 59418, 77712, 4502, 58514, 86759, 30136, 53692, 84446, 34409, 6828, 35370, 50950, 51945, 59877, 55822, 81173, 57512, 24080, 92189, 34559, 32530, 48867, 64932, 44, 85888, 8300, 92843, 6844, 39222, 76898, 88754, 22876, 38074, 43299, 88699, 81654, 61902, 89999, 13497, 66668, 7338, 74096, 38397, 11013, 98336, 40480, 33892, 63626, 49088, 71312, 23172, 10803, 62392, 24917, 67254, 58009, 81336, 59457, 73844, 95696, 6506, 27308, 70695, 56701, 13067, 41613, 72662, 53528, 75491, 42519, 81780, 31754, 13856, 88917, 96452, 41223, 89774, 10407, 31336, 50783, 20291, 5997, 7069, 31395, 24625, 6189, 56620, 24762, 84988, 68874, 85812, 41091, 24302, 77112, 35149, 22780, 53184, 18627, 57549, 17465, 63612, 87939, 6980, 60883, 29814, 87238, 14952, 60779, 86760, 61062, 30267, 24445, 56989, 27229, 82900, 90023, 57786, 63779, 40235, 86679, 51776, 22058, 63483, 39593, 41554, 8133, 95503, 6716, 25867, 90267, 22987, 39665, 98545, 93605, 1747, 78248, 27473, 33109, 26918, 82634, 51318, 80099, 73743, 12182, 94300, 46775, 25047, 68889, 10070, 18361, 65084, 37080, 70960, 83222, 67058, 98067, 22471, 67691, 59607, 67337, 8930, 21238, 46639, 45431, 43153, 96128, 24156, 80501, 82080, 49059, 2091, 12212, 52072, 31681, 90064, 42922, 12694, 63500, 88958, 85424, 60965, 55836, 88426, 54941, 94663, 65220, 71036, 49752, 17451, 53699, 9314, 14619, 3290, 44849, 90564, 91441, 62905, 40530, 5641, 37318, 36823, 31308, 19382, 62343, 86280, 16633, 47566, 15336, 77921, 88788, 50425, 20260, 79556, 59009, 60227, 87434, 40228, 88797, 25912, 98562, 76789, 91824, 52309, 10258, 50738, 95463, 77205, 93493, 68362, 24106, 95689, 49524, 69579, 66348, 75971, 22529, 74132, 89303, 37488, 5127, 63655, 17283, 25796, 52901, 73353, 59242, 58591, 76499, 46764, 96815, 56675, 19904, 86086, 9538, 16381, 25966, 48189, 47295, 50918, 3257, 56486, 10672, 45517, 6977, 66557, 24565, 14166, 47870, 73695, 59021, 61532, 83752, 51246, 6816, 65190, 71364, 98756, 25731, 84141, 78432, 21130, 69362, 52504, 59655, 73856, 97330, 50721, 19705, 54620, 16926, 96429, 24048, 73377, 67355, 15053, 17980, 70735, 35236, 75523, 91241, 23447, 72477, 51156, 95259, 88333, 29494, 67321, 52714, 62917, 99842, 65229, 6617, 44275, 88720, 37853, 8770, 63811, 7507, 89636, 17817, 1558, 85068, 79776, 73733, 11481, 89926, 56682, 49746, 9429, 50818, 45883, 58652, 12423, 26431, 60221, 95661, 73944, 68283, 51044, 69558, 68608, 65135, 29404, 17239, 5514, 47278, 63393, 94877, 23491, 47292, 6877, 19032, 65956, 9732, 97912, 1976, 37613, 34466, 61934, 57269, 53618, 5940, 93510, 52374, 85684, 22266, 86296, 60665, 10810, 9462, 494, 58482, 75247, 71566, 31620, 58819, 97731, 83116, 7767, 83623, 12444, 57312, 49834, 46402, 98377, 30435, 36116, 16443, 25589, 45312, 64514, 37426, 76200, 11178, 7488, 18610, 92099, 97566, 6854, 33656, 17686, 10866, 73697, 81050, 12312, 6505, 95303, 61521, 72092, 94259, 32683, 45746, 77187, 88803, 39457, 40047, 95729, 22380, 62708, 14355, 83408, 29714, 50213, 24600, 63055, 94787, 52488, 53820, 72502, 35142, 82539, 36201, 83535, 70150, 4544, 53013, 91532, 98794, 75749, 37723, 24569, 90322, 279, 84293, 85419, 53204, 7321, 22724, 95538, 85836, 2877, 93721, 73981, 40836, 90505, 94370, 88415, 37372, 69317, 25860, 4116, 35759, 84385, 33447, 84816, 12456, 31068, 57878, 18743, 27118, 55146, 45045, 76854, 36409, 49423, 25447, 28432, 61176, 34319, 67878, 7127, 41048, 27399, 57337, 84290, 2409, 69039, 23729, 7494, 36747, 48478, 38848, 42755, 293, 91046, 40498, 48156, 87860, 19957, 4960, 74844, 19836, 92291, 57801, 90081, 88664, 17768, 78881, 47919, 71822, 34413, 1930, 46778, 88873, 89253, 43012, 48581, 9353, 85645, 13891, 48249, 50115, 66199, 3386, 20854, 99932, 28051, 71692, 93909, 74084, 74671, 89896, 50523, 88742, 12398, 72247, 55742, 51721, 34827, 36846, 62982, 39419, 78439, 9343, 48468, 84544, 39864, 76167, 43812, 71247, 20757, 1762, 41180, 27413, 60564, 22669, 82173, 16704, 46485, 72310, 26823, 41298, 58642, 32787, 90874, 58140, 56784, 29999, 8759, 96835, 78050, 41544, 1255, 17455, 33878, 64547, 58966, 82332, 5215, 48306, 8922, 24655, 4697, 70882, 84900, 82562, 62735, 34434, 73303, 61588, 35094, 68503, 41162, 54916, 58190, 12626, 60530, 22534, 77445, 84110, 41705, 60129, 60275, 26541, 44213, 1777, 13370, 3088, 42025, 39125, 6806, 57675, 48434, 98242, 36838, 43086, 11553, 17088, 22108, 72325, 25128, 87991, 65587, 14862, 36451, 44287, 9734, 15759, 72468, 61485, 14174, 26892, 64268, 19975, 5444, 33247, 50382, 76845, 87224, 36256, 66890, 95968, 72639, 77038, 43204, 39754, 36312, 74369, 96758, 27679, 249, 98284, 44817, 61235, 55085, 9992, 27298, 25783, 69424, 39622, 26481, 58524, 35109, 38014, 50849, 43262, 70599, 1236, 29822, 19493, 40976, 26562, 7919, 16019, 11304, 44960, 68766, 47516, 55933, 93459, 51964, 80457, 87397, 77661, 10867, 13339, 38927, 67085, 83000, 91594, 70221, 32812, 41638, 39247, 63161, 56481, 85947, 619, 54521, 29223, 59027, 34890, 77305, 79995, 54866, 56578, 59831, 16991, 48800, 12168, 58544, 42596, 87951, 65721, 11198, 23052, 15984, 12347, 45822, 1513, 17129, 34479, 87885, 87506, 81928, 20343, 45290, 20189, 98974, 29926, 61725, 72592, 35725, 72251, 55074, 7660, 24694]})"
562.0,9,164,37,36.36808943748474,10696,"Genotype(dna={""<class 'abc.NT_0017'>"": [1, 23052], ""<class 'abc.NT_0017_P_00000'>"": [], ""<class 'abc.NT_0005'>"": [0, 0, 35544, 1, 0, 1, 0, 1, 1, 1513], ""<class 'abc.NT_0005_P_00000'>"": [], ""<class 'abc.NT_0005_P_00001'>"": [], ""<class 'bool'>"": [50833, 28611, 95173, 92596, 84996, 15299, 84608, 73218, 73704, 53577, 54127, 73580, 61648, 63455, 34182, 28379, 9832, 69766, 27025, 9321, 39372, 40559, 45589, 21512, 9991, 31131, 22379, 82972, 66879, 7070, 87492, 33083, 92916, 1233, 89415, 28350, 54741, 51276, 16414, 74832, 4355, 87209, 57305, 93042, 23231, 67903, 93745, 31960, 29422, 28659, 99170, 40455, 13273, 92051, 14178, 78998, 45259, 78698, 95977, 93014, 83753, 21951, 16043, 13772, 66730, 10736, 57934, 29081, 62948, 99869, 41968, 82469, 93064, 59471, 51253, 67704, 97811, 82022, 87389, 59617, 67283, 63422, 70186, 58801, 23472, 68171, 46787, 87700, 86179, 38104, 2384, 90063, 6576, 80132, 98840, 65605, 74894, 53809, 99733, 89043, 84198, 62780, 94716, 23035, 32450, 31489, 41399, 87765, 69122, 99723, 54018, 92501, 39572, 89999, 58379, 67238, 50112, 90146, 55533, 46837, 57815, 68681, 79206, 32534, 3130, 58659, 69605, 82887, 74526, 5911, 58400, 62789, 48677, 31474, 44702, 39368, 40140, 19876, 33772, 86631, 58194, 70508], ""<class 'int'>"": [88091, 54758, 80960, 4147, 58985, 98835, 33177, 12380, 43928, 18156, 46293, 82997, 26546, 21931, 20632, 91665, 69275, 46303, 61738, 80613, 63967, 92163, 79154, 79668, 18313, 6071, 50712, 91463, 54716, 33220, 52575, 78591, 28324, 24851, 385, 86434, 6594, 95864, 4088, 31907, 5028, 70908, 60125, 88976, 64506, 45119, 63026, 18677, 76141, 62129, 40973, 74468, 90479, 50241, 61828, 14495, 64587, 47259, 69389, 59226, 21182, 99643, 3451, 67066, 55205, 22485, 89443, 19030, 10288, 23574, 78426, 55280, 17305, 68878, 94325, 9074, 35370, 56456, 95300, 73961, 59051, 835, 21640, 2744, 30054, 96306, 55542, 57066, 65643, 97962, 97088, 62680, 24967, 56005, 85155, 81002, 48234, 28842, 92105, 38714, 65511, 82476, 73240, 25988, 68682, 4749, 1059, 85277, 54664, 55169, 72830, 29209, 32377, 56597, 43815, 46740, 16019, 36704, 91606, 3697, 42934, 87720, 75207, 56054, 59737, 79252, 96186, 60558, 8582, 3209, 7798, 18736, 20655, 95860, 60671, 36386, 88318, 80757, 49888, 58523, 36742, 48071, 76427, 91397, 47115, 74907, 19807, 19166, 48854, 4778, 9526, 30084, 70329, 29929, 24152, 98179, 6661, 59360, 47157, 52018, 24734, 716, 46264, 89982, 86072, 78100, 64619, 77321], ""<class 'abc.NT_0010'>"": [0, 0, 1, 53054], ""<class 'abc.NT_0010_P_00000'>"": [], ""<class 'abc.NT_0006'>"": [2, 2, 0, 1, 1302, 1892], ""<class 'abc.NT_0006_P_00000'>"": [], ""<class 'abc.NT_0006_P_00001'>"": [], ""<class 'abc.NT_0002'>"": [1, 1, 2, 1, 1, 1, 1, 0, 2, 1, 41818, 0, 2, 0, 1, 0, 2, 1, 53720, 1, 0, 0, 69722, 1, 8713, 0, 0, 2, 0, 0, 0, 2, 1, 64800, 99864], ""<class 'abc.NT_0002_P_00000'>"": [], ""<class 'abc.NT_0001'>"": [1, 1, 1, 0, 0, 0, 0, 1, 1, 1, 1, 0, 1, 16227, 1, 1, 1, 1, 0, 0, 10290, 0, 0, 0, 0, 0, 1, 40887, 0, 0, 0, 0, 0, 0, 0, 0, 0, 1, 0, 0, 0, 0, 76558, 0, 0, 0, 1, 0, 0, 26591, 1, 1, 1, 0, 1, 0, 0, 45290], ""<class 'abc.NT_0001_P_00000'>"": [], ""<class 'abc.NT_0001_P_00001'>"": [], ""<class 'abc.NT_0000'>"": [0, 1, 1, 94528, 1, 0, 1, 1, 31647, 1, 1, 80324, 0, 0, 75412, 1, 69944, 1, 0, 0, 0, 1, 0, 0, 0, 1, 1, 0, 1, 3483, 1, 0, 42401, 0, 0, 0, 0, 54668, 66557, 1, 0, 1, 1, 0, 0, 21028, 54540, 1, 5444, 3614, 1, 0, 0, 0, 0, 0, 71485, 1, 0, 0, 0, 0, 1, 20343], ""<class 'abc.NT_0000_P_00000'>"": [], ""<class 'abc.NT_0000_P_00001'>"": [], ""<class 'abc.NT_0002_P_00001'>"": [], ""<class 'abc.NT_0002_P_00002'>"": [], ""<class 'abc.NT_0006_P_00002'>"": [], ""<class 'abc.NT_0007'>"": [1, 0, 1, 2, 87885, 72251, 55074], ""<class 'abc.NT_0007_P_00000'>"": [], ""<class 'abc.NT_0007_P_00001'>"": [], ""<class 'abc.NT_0007_P_00002'>"": [], ""<class 'abc.NT_0004'>"": [1, 1, 77639, 2, 1, 2, 63194, 90154], ""<class 'abc.NT_0004_P_00000'>"": [], ""<class 'abc.NT_0003'>"": [10039, 1, 0, 1, 98974, 61725, 72592, 35725, 7660], ""<class 'abc.NT_0003_P_00000'>"": [], ""<class 'abc.NT_0003_P_00001'>"": [], ""<class 'abc.NT_0003_P_00002'>"": [], ""<class 'abc.NT_0003_P_00003'>"": [], ""<class 'abc.NT_0004_P_00001'>"": [], ""<class 'abc.NT_0004_P_00002'>"": [], ""<class 'abc.NT_0009'>"": [3, 0, 1, 1, 0, 45822], ""<class 'abc.NT_0009_P_00000'>"": [], ""<class 'abc.NT_0008'>"": [15828, 0, 83857, 0, 0, 0, 17129], ""<class 'abc.NT_0008_P_00000'>"": [], ""<class 'abc.NT_0009_P_00001'>"": [], ""<class 'abc.NT_0009_P_00002'>"": [], ""<class 'abc.NT_0009_P_00003'>"": [], ""<class 'abc.NT_0010_P_00001'>"": [], ""<class 'abc.NT_0010_P_00002'>"": [], ""<class 'abc.NT_0017_P_00001'>"": [], ""<class 'abc.NT_0012'>"": [0, 0, 27606, 0, 0, 65962], ""<class 'abc.NT_0012_P_00000'>"": [], ""<class 'abc.NT_0012_P_00001'>"": [], ""<class 'abc.NT_0017_P_00002'>"": [], ""<class 'abc.NT_0013'>"": [], ""<class 'abc.NT_0013_P_00000'>"": [], ""<class 'abc.NT_0011'>"": [0, 94522], ""<class 'abc.NT_0011_P_00000'>"": [], ""<class 'abc.NT_0011_P_00001'>"": [], ""<class 'abc.NT_0011_P_00002'>"": [], ""<class 'abc.NT_0013_P_00001'>"": [], ""<class 'abc.NT_0013_P_00002'>"": [], ""<class 'abc.NT_0017_P_00003'>"": [], ""<class 'abc.NT_0016'>"": [0, 20070], ""<class 'abc.NT_0016_P_00000'>"": [], ""<class 'abc.NT_0016_P_00001'>"": [], ""<class 'abc.NT_0016_P_00002'>"": [], '$leftovers': [13707, 7777, 43103, 79112, 41937, 82055, 41802, 80929, 37572, 24235, 1002, 66268, 87311, 99058, 42897, 54099, 4751, 39061, 38658, 18856, 32793, 32020, 84694, 43326, 66351, 11593, 16559, 82179, 29701, 14785, 63931, 19995, 86098, 88506, 88906, 98218, 57143, 64899, 75531, 17691, 63845, 68413, 76826, 30524, 48607, 6718, 24768, 14247, 23842, 98884, 92372, 55279, 40315, 43705, 6728, 53868, 34432, 73753, 89438, 79733, 83929, 38685, 35410, 5343, 16823, 35888, 70000, 12879, 27426, 44726, 95438, 53746, 11554, 35563, 36846, 46156, 65002, 72433, 85297, 12477, 3511, 72425, 53166, 5796, 30717, 45518, 76561, 21526, 65748, 18017, 64172, 9175, 16724, 51276, 1749, 5687, 47923, 68260, 48548, 94393, 55323, 76604, 84009, 54574, 8798, 35733, 67233, 4198, 56844, 12629, 29196, 81671, 71295, 84963, 73193, 37662, 77918, 40265, 71387, 2776, 72056, 79890, 24380, 6524, 11920, 82004, 80554, 7771, 51485, 29874, 64851, 32118, 68660, 22646, 40503, 29950, 45632, 59339, 63591, 66553, 79195, 90039, 8891, 94412, 82595, 43578, 41060, 60184, 28053, 84947, 77614, 38864, 91374, 58545, 50015, 19960, 7381, 78763, 85070, 21507, 19025, 51930, 32629, 45143, 39756, 26052, 37388, 90108, 9391, 53674, 16962, 24269, 95106, 99931, 56381, 37781, 12365, 84199, 30949, 74271, 916, 85830, 97679, 18102, 478, 75886, 30302, 21977, 90537, 30063, 19357, 81788, 35261, 14719, 66114, 20921, 20240, 5992, 58367, 9680, 68600, 85141, 46379, 54808, 83564, 47005, 66549, 22371, 91024, 89979, 20226, 63714, 58641, 45142, 46907, 57602, 15144, 97990, 7439, 11158, 59469, 11328, 80659, 5962, 25695, 77537, 11892, 91592, 56748, 38581, 37353, 71743, 70419, 27563, 8343, 51963, 16605, 94638, 42057, 61173, 28541, 41743, 60295, 49767, 73628, 41163, 91833, 78182, 82565, 25215, 96862, 76058, 44249, 82715, 20979, 71376, 27708, 78050, 40085, 30494, 46076, 48158, 98017, 59418, 77712, 4502, 58514, 86759, 30136, 53692, 84446, 34409, 6828, 35370, 50950, 51945, 59877, 55822, 81173, 57512, 24080, 92189, 34559, 32530, 48867, 64932, 44, 85888, 8300, 92843, 6844, 39222, 76898, 88754, 22876, 38074, 43299, 88699, 81654, 61902, 89999, 13497, 66668, 7338, 74096, 38397, 11013, 98336, 40480, 33892, 63626, 49088, 71312, 23172, 10803, 62392, 24917, 67254, 58009, 81336, 59457, 73844, 95696, 6506, 27308, 70695, 56701, 13067, 41613, 72662, 53528, 75491, 42519, 81780, 31754, 13856, 88917, 96452, 41223, 89774, 10407, 31336, 50783, 20291, 5997, 7069, 31395, 24625, 6189, 56620, 24762, 84988, 68874, 85812, 41091, 24302, 77112, 35149, 22780, 53184, 18627, 57549, 17465, 63612, 87939, 6980, 60883, 29814, 87238, 14952, 60779, 86760, 61062, 30267, 24445, 56989, 27229, 82900, 90023, 57786, 63779, 40235, 86679, 51776, 22058, 63483, 39593, 41554, 8133, 95503, 6716, 25867, 90267, 22987, 39665, 98545, 93605, 1747, 78248, 27473, 33109, 26918, 82634, 51318, 80099, 73743, 12182, 94300, 46775, 25047, 68889, 10070, 18361, 65084, 37080, 70960, 83222, 67058, 98067, 22471, 67691, 59607, 67337, 8930, 21238, 46639, 45431, 43153, 96128, 24156, 80501, 82080, 49059, 2091, 12212, 52072, 31681, 90064, 42922, 12694, 63500, 88958, 85424, 60965, 55836, 88426, 54941, 94663, 65220, 71036, 49752, 17451, 53699, 9314, 14619, 3290, 44849, 90564, 91441, 62905, 40530, 5641, 37318, 36823, 31308, 19382, 62343, 86280, 16633, 47566, 15336, 77921, 88788, 50425, 20260, 79556, 59009, 60227, 87434, 40228, 88797, 25912, 98562, 76789, 91824, 52309, 10258, 50738, 95463, 77205, 93493, 68362, 24106, 95689, 49524, 69579, 66348, 75971, 22529, 74132, 89303, 37488, 5127, 63655, 17283, 25796, 52901, 73353, 59242, 58591, 76499, 46764, 96815, 56675, 19904, 86086, 9538, 16381, 25966, 48189, 47295, 50918, 3257, 56486, 10672, 45517, 6977, 66557, 24565, 14166, 47870, 73695, 59021, 61532, 83752, 51246, 6816, 65190, 71364, 98756, 25731, 84141, 78432, 21130, 69362, 52504, 59655, 73856, 97330, 50721, 19705, 54620, 16926, 96429, 24048, 73377, 67355, 15053, 17980, 70735, 35236, 75523, 91241, 23447, 72477, 51156, 95259, 88333, 29494, 67321, 52714, 62917, 99842, 65229, 6617, 44275, 88720, 37853, 8770, 63811, 7507, 89636, 17817, 1558, 85068, 79776, 73733, 11481, 89926, 56682, 49746, 9429, 50818, 45883, 58652, 12423, 26431, 60221, 95661, 73944, 68283, 51044, 69558, 68608, 65135, 29404, 17239, 5514, 47278, 63393, 94877, 23491, 47292, 6877, 19032, 65956, 9732, 97912, 1976, 37613, 34466, 61934, 57269, 53618, 5940, 93510, 52374, 85684, 22266, 86296, 60665, 10810, 9462, 494, 58482, 75247, 71566, 31620, 58819, 97731, 83116, 7767, 83623, 12444, 57312, 49834, 46402, 98377, 30435, 36116, 16443, 25589, 45312, 64514, 37426, 76200, 11178, 7488, 18610, 92099, 97566, 6854, 33656, 17686, 10866, 73697, 81050, 12312, 6505, 95303, 61521, 72092, 94259, 32683, 45746, 77187, 88803, 39457, 40047, 95729, 22380, 62708, 14355, 83408, 29714, 50213, 24600, 63055, 94787, 52488, 53820, 72502, 35142, 82539, 36201, 83535, 70150, 4544, 53013, 91532, 98794, 75749, 37723, 24569, 90322, 279, 84293, 85419, 53204, 7321, 22724, 95538, 85836, 2877, 93721, 73981, 40836, 90505, 94370, 88415, 37372, 69317, 25860, 4116, 35759, 84385, 33447, 84816, 12456, 31068, 57878, 18743, 27118, 55146, 45045, 76854, 36409, 49423, 25447, 28432, 61176, 34319, 67878, 7127, 41048, 27399, 57337, 84290, 2409, 69039, 23729, 7494, 36747, 48478, 38848, 42755, 293, 91046, 40498, 48156, 87860, 19957, 4960, 74844, 19836, 92291, 57801, 90081, 88664, 17768, 78881, 47919, 71822, 34413, 1930, 46778, 88873, 89253, 43012, 48581, 9353, 85645, 13891, 48249, 50115, 66199, 3386, 20854, 99932, 28051, 71692, 93909, 74084, 74671, 89896, 50523, 88742, 12398, 72247, 55742, 51721, 34827, 36846, 62982, 39419, 78439, 9343, 48468, 84544, 39864, 76167, 43812, 71247, 20757, 1762, 41180, 27413, 60564, 22669, 82173, 16704, 46485, 72310, 26823, 41298, 58642, 32787, 90874, 58140, 56784, 29999, 8759, 96835, 78050, 41544, 1255, 17455, 33878, 64547, 58966, 82332, 5215, 48306, 8922, 24655, 4697, 70882, 84900, 82562, 62735, 34434, 73303, 61588, 35094, 68503, 41162, 54916, 58190, 12626, 60530, 22534, 77445, 84110, 41705, 60129, 60275, 26541, 44213, 1777, 13370, 3088, 42025, 39125, 6806, 57675, 48434, 98242, 36838, 43086, 11553, 17088, 22108, 72325, 25128, 87991, 65587, 14862, 36451, 44287, 9734, 15759, 72468, 61485, 14174, 26892, 64268, 19975, 5444, 33247, 50382, 76845, 87224, 36256, 66890, 95968, 72639, 77038, 43204, 39754, 36312, 74369, 96758, 27679, 249, 98284, 44817, 61235, 55085, 9992, 27298, 25783, 69424, 39622, 26481, 58524, 35109, 38014, 50849, 43262, 70599, 1236, 29822, 19493, 40976, 26562, 7919, 16019, 11304, 44960, 68766, 47516, 55933, 93459, 51964, 80457, 87397, 77661, 10867, 13339, 38927, 67085, 83000, 91594, 70221, 32812, 41638, 39247, 63161, 56481, 85947, 619, 54521, 29223, 59027, 34890, 77305, 79995, 54866, 56578, 59831, 16991, 48800, 12168, 58544, 42596, 87951, 65721, 11198, 23052, 15984, 12347, 45822, 1513, 17129, 34479, 87885, 87506, 81928, 20343, 45290, 20189, 98974, 29926, 61725, 72592, 35725, 72251, 55074, 7660, 24694]})"
562.0,9,164,38,37.014381647109985,10696,"Genotype(dna={""<class 'abc.NT_0017'>"": [1, 23052], ""<class 'abc.NT_0017_P_00000'>"": [], ""<class 'abc.NT_0005'>"": [0, 0, 35544, 1, 0, 1, 0, 1, 1, 1513], ""<class 'abc.NT_0005_P_00000'>"": [], ""<class 'abc.NT_0005_P_00001'>"": [], ""<class 'bool'>"": [50833, 28611, 95173, 92596, 84996, 15299, 84608, 73218, 73704, 53577, 54127, 73580, 61648, 63455, 34182, 28379, 9832, 69766, 27025, 9321, 39372, 40559, 45589, 21512, 9991, 31131, 22379, 82972, 66879, 7070, 87492, 33083, 92916, 1233, 89415, 28350, 54741, 51276, 16414, 74832, 4355, 87209, 57305, 93042, 23231, 67903, 93745, 31960, 29422, 28659, 99170, 40455, 13273, 92051, 14178, 78998, 45259, 78698, 95977, 93014, 83753, 21951, 16043, 13772, 66730, 10736, 57934, 29081, 62948, 99869, 41968, 82469, 93064, 59471, 51253, 67704, 97811, 82022, 87389, 59617, 67283, 63422, 70186, 58801, 23472, 68171, 46787, 87700, 86179, 38104, 2384, 90063, 6576, 80132, 98840, 65605, 74894, 53809, 99733, 89043, 84198, 62780, 94716, 23035, 32450, 31489, 41399, 87765, 69122, 99723, 54018, 92501, 39572, 89999, 58379, 67238, 50112, 90146, 55533, 46837, 57815, 68681, 79206, 32534, 3130, 58659, 69605, 82887, 74526, 5911, 58400, 62789, 48677, 31474, 44702, 39368, 40140, 19876, 33772, 86631, 58194, 70508], ""<class 'int'>"": [88091, 54758, 80960, 4147, 58985, 98835, 33177, 12380, 43928, 18156, 46293, 82997, 26546, 21931, 20632, 91665, 69275, 46303, 61738, 80613, 63967, 92163, 79154, 79668, 18313, 6071, 50712, 91463, 54716, 33220, 52575, 78591, 28324, 24851, 385, 86434, 6594, 95864, 4088, 31907, 5028, 70908, 60125, 88976, 64506, 45119, 63026, 18677, 76141, 62129, 40973, 74468, 90479, 50241, 61828, 14495, 64587, 47259, 69389, 59226, 21182, 99643, 3451, 67066, 55205, 22485, 89443, 19030, 10288, 23574, 78426, 55280, 17305, 68878, 94325, 9074, 35370, 56456, 95300, 73961, 59051, 835, 21640, 2744, 30054, 96306, 55542, 57066, 65643, 97962, 97088, 62680, 24967, 56005, 85155, 81002, 48234, 28842, 92105, 38714, 65511, 82476, 73240, 25988, 68682, 4749, 1059, 85277, 54664, 55169, 72830, 29209, 32377, 56597, 43815, 46740, 16019, 36704, 91606, 3697, 42934, 87720, 75207, 56054, 59737, 79252, 96186, 60558, 8582, 3209, 7798, 18736, 20655, 95860, 60671, 36386, 88318, 80757, 49888, 58523, 36742, 48071, 76427, 91397, 47115, 74907, 19807, 19166, 48854, 4778, 9526, 30084, 70329, 29929, 24152, 98179, 6661, 59360, 47157, 52018, 24734, 716, 46264, 89982, 86072, 78100, 64619, 77321], ""<class 'abc.NT_0010'>"": [0, 0, 1, 53054], ""<class 'abc.NT_0010_P_00000'>"": [], ""<class 'abc.NT_0006'>"": [2, 2, 0, 1, 1302, 1892], ""<class 'abc.NT_0006_P_00000'>"": [], ""<class 'abc.NT_0006_P_00001'>"": [], ""<class 'abc.NT_0002'>"": [1, 1, 2, 1, 1, 1, 1, 0, 2, 1, 41818, 0, 2, 0, 1, 0, 2, 1, 53720, 1, 0, 0, 69722, 1, 8713, 0, 0, 2, 0, 0, 0, 2, 1, 64800, 99864], ""<class 'abc.NT_0002_P_00000'>"": [], ""<class 'abc.NT_0001'>"": [1, 1, 1, 0, 0, 0, 0, 1, 1, 1, 1, 0, 1, 16227, 1, 1, 1, 1, 0, 0, 10290, 0, 0, 0, 0, 0, 1, 40887, 0, 0, 0, 0, 0, 0, 0, 0, 0, 1, 0, 0, 0, 0, 76558, 0, 0, 0, 1, 0, 0, 26591, 1, 1, 1, 0, 1, 0, 0, 45290], ""<class 'abc.NT_0001_P_00000'>"": [], ""<class 'abc.NT_0001_P_00001'>"": [], ""<class 'abc.NT_0000'>"": [0, 1, 1, 94528, 1, 0, 1, 1, 31647, 1, 1, 80324, 0, 0, 75412, 1, 69944, 1, 0, 0, 0, 1, 0, 0, 0, 1, 1, 0, 1, 3483, 1, 0, 42401, 0, 0, 0, 0, 54668, 66557, 1, 0, 1, 1, 0, 0, 21028, 54540, 1, 5444, 3614, 1, 0, 0, 0, 0, 0, 71485, 1, 0, 0, 0, 0, 1, 20343], ""<class 'abc.NT_0000_P_00000'>"": [], ""<class 'abc.NT_0000_P_00001'>"": [], ""<class 'abc.NT_0002_P_00001'>"": [], ""<class 'abc.NT_0002_P_00002'>"": [], ""<class 'abc.NT_0006_P_00002'>"": [], ""<class 'abc.NT_0007'>"": [1, 0, 1, 2, 87885, 72251, 55074], ""<class 'abc.NT_0007_P_00000'>"": [], ""<class 'abc.NT_0007_P_00001'>"": [], ""<class 'abc.NT_0007_P_00002'>"": [], ""<class 'abc.NT_0004'>"": [1, 1, 77639, 2, 1, 2, 63194, 90154], ""<class 'abc.NT_0004_P_00000'>"": [], ""<class 'abc.NT_0003'>"": [10039, 1, 0, 1, 98974, 61725, 72592, 35725, 7660], ""<class 'abc.NT_0003_P_00000'>"": [], ""<class 'abc.NT_0003_P_00001'>"": [], ""<class 'abc.NT_0003_P_00002'>"": [], ""<class 'abc.NT_0003_P_00003'>"": [], ""<class 'abc.NT_0004_P_00001'>"": [], ""<class 'abc.NT_0004_P_00002'>"": [], ""<class 'abc.NT_0009'>"": [3, 0, 1, 1, 0, 45822], ""<class 'abc.NT_0009_P_00000'>"": [], ""<class 'abc.NT_0008'>"": [15828, 0, 83857, 0, 0, 0, 17129], ""<class 'abc.NT_0008_P_00000'>"": [], ""<class 'abc.NT_0009_P_00001'>"": [], ""<class 'abc.NT_0009_P_00002'>"": [], ""<class 'abc.NT_0009_P_00003'>"": [], ""<class 'abc.NT_0010_P_00001'>"": [], ""<class 'abc.NT_0010_P_00002'>"": [], ""<class 'abc.NT_0017_P_00001'>"": [], ""<class 'abc.NT_0012'>"": [0, 0, 27606, 0, 0, 65962], ""<class 'abc.NT_0012_P_00000'>"": [], ""<class 'abc.NT_0012_P_00001'>"": [], ""<class 'abc.NT_0017_P_00002'>"": [], ""<class 'abc.NT_0013'>"": [], ""<class 'abc.NT_0013_P_00000'>"": [], ""<class 'abc.NT_0011'>"": [0, 94522], ""<class 'abc.NT_0011_P_00000'>"": [], ""<class 'abc.NT_0011_P_00001'>"": [], ""<class 'abc.NT_0011_P_00002'>"": [], ""<class 'abc.NT_0013_P_00001'>"": [], ""<class 'abc.NT_0013_P_00002'>"": [], ""<class 'abc.NT_0017_P_00003'>"": [], ""<class 'abc.NT_0016'>"": [0, 20070], ""<class 'abc.NT_0016_P_00000'>"": [], ""<class 'abc.NT_0016_P_00001'>"": [], ""<class 'abc.NT_0016_P_00002'>"": [], '$leftovers': [13707, 7777, 43103, 79112, 41937, 82055, 41802, 80929, 37572, 24235, 1002, 66268, 87311, 99058, 42897, 54099, 4751, 39061, 38658, 18856, 32793, 32020, 84694, 43326, 66351, 11593, 16559, 82179, 29701, 14785, 63931, 19995, 86098, 88506, 88906, 98218, 57143, 64899, 75531, 17691, 63845, 68413, 76826, 30524, 48607, 6718, 24768, 14247, 23842, 98884, 92372, 55279, 40315, 43705, 6728, 53868, 34432, 73753, 89438, 79733, 83929, 38685, 35410, 5343, 16823, 35888, 70000, 12879, 27426, 44726, 95438, 53746, 11554, 35563, 36846, 46156, 65002, 72433, 85297, 12477, 3511, 72425, 53166, 5796, 30717, 45518, 76561, 21526, 65748, 18017, 64172, 9175, 16724, 51276, 1749, 5687, 47923, 68260, 48548, 94393, 55323, 76604, 84009, 54574, 8798, 35733, 67233, 4198, 56844, 12629, 29196, 81671, 71295, 84963, 73193, 37662, 77918, 40265, 71387, 2776, 72056, 79890, 24380, 6524, 11920, 82004, 80554, 7771, 51485, 29874, 64851, 32118, 68660, 22646, 40503, 29950, 45632, 59339, 63591, 66553, 79195, 90039, 8891, 94412, 82595, 43578, 41060, 60184, 28053, 84947, 77614, 38864, 91374, 58545, 50015, 19960, 7381, 78763, 85070, 21507, 19025, 51930, 32629, 45143, 39756, 26052, 37388, 90108, 9391, 53674, 16962, 24269, 95106, 99931, 56381, 37781, 12365, 84199, 30949, 74271, 916, 85830, 97679, 18102, 478, 75886, 30302, 21977, 90537, 30063, 19357, 81788, 35261, 14719, 66114, 20921, 20240, 5992, 58367, 9680, 68600, 85141, 46379, 54808, 83564, 47005, 66549, 22371, 91024, 89979, 20226, 63714, 58641, 45142, 46907, 57602, 15144, 97990, 7439, 11158, 59469, 11328, 80659, 5962, 25695, 77537, 11892, 91592, 56748, 38581, 37353, 71743, 70419, 27563, 8343, 51963, 16605, 94638, 42057, 61173, 28541, 41743, 60295, 49767, 73628, 41163, 91833, 78182, 82565, 25215, 96862, 76058, 44249, 82715, 20979, 71376, 27708, 78050, 40085, 30494, 46076, 48158, 98017, 59418, 77712, 4502, 58514, 86759, 30136, 53692, 84446, 34409, 6828, 35370, 50950, 51945, 59877, 55822, 81173, 57512, 24080, 92189, 34559, 32530, 48867, 64932, 44, 85888, 8300, 92843, 6844, 39222, 76898, 88754, 22876, 38074, 43299, 88699, 81654, 61902, 89999, 13497, 66668, 7338, 74096, 38397, 11013, 98336, 40480, 33892, 63626, 49088, 71312, 23172, 10803, 62392, 24917, 67254, 58009, 81336, 59457, 73844, 95696, 6506, 27308, 70695, 56701, 13067, 41613, 72662, 53528, 75491, 42519, 81780, 31754, 13856, 88917, 96452, 41223, 89774, 10407, 31336, 50783, 20291, 5997, 7069, 31395, 24625, 6189, 56620, 24762, 84988, 68874, 85812, 41091, 24302, 77112, 35149, 22780, 53184, 18627, 57549, 17465, 63612, 87939, 6980, 60883, 29814, 87238, 14952, 60779, 86760, 61062, 30267, 24445, 56989, 27229, 82900, 90023, 57786, 63779, 40235, 86679, 51776, 22058, 63483, 39593, 41554, 8133, 95503, 6716, 25867, 90267, 22987, 39665, 98545, 93605, 1747, 78248, 27473, 33109, 26918, 82634, 51318, 80099, 73743, 12182, 94300, 46775, 25047, 68889, 10070, 18361, 65084, 37080, 70960, 83222, 67058, 98067, 22471, 67691, 59607, 67337, 8930, 21238, 46639, 45431, 43153, 96128, 24156, 80501, 82080, 49059, 2091, 12212, 52072, 31681, 90064, 42922, 12694, 63500, 88958, 85424, 60965, 55836, 88426, 54941, 94663, 65220, 71036, 49752, 17451, 53699, 9314, 14619, 3290, 44849, 90564, 91441, 62905, 40530, 5641, 37318, 36823, 31308, 19382, 62343, 86280, 16633, 47566, 15336, 77921, 88788, 50425, 20260, 79556, 59009, 60227, 87434, 40228, 88797, 25912, 98562, 76789, 91824, 52309, 10258, 50738, 95463, 77205, 93493, 68362, 24106, 95689, 49524, 69579, 66348, 75971, 22529, 74132, 89303, 37488, 5127, 63655, 17283, 25796, 52901, 73353, 59242, 58591, 76499, 46764, 96815, 56675, 19904, 86086, 9538, 16381, 25966, 48189, 47295, 50918, 3257, 56486, 10672, 45517, 6977, 66557, 24565, 14166, 47870, 73695, 59021, 61532, 83752, 51246, 6816, 65190, 71364, 98756, 25731, 84141, 78432, 21130, 69362, 52504, 59655, 73856, 97330, 50721, 19705, 54620, 16926, 96429, 24048, 73377, 67355, 15053, 17980, 70735, 35236, 75523, 91241, 23447, 72477, 51156, 95259, 88333, 29494, 67321, 52714, 62917, 99842, 65229, 6617, 44275, 88720, 37853, 8770, 63811, 7507, 89636, 17817, 1558, 85068, 79776, 73733, 11481, 89926, 56682, 49746, 9429, 50818, 45883, 58652, 12423, 26431, 60221, 95661, 73944, 68283, 51044, 69558, 68608, 65135, 29404, 17239, 5514, 47278, 63393, 94877, 23491, 47292, 6877, 19032, 65956, 9732, 97912, 1976, 37613, 34466, 61934, 57269, 53618, 5940, 93510, 52374, 85684, 22266, 86296, 60665, 10810, 9462, 494, 58482, 75247, 71566, 31620, 58819, 97731, 83116, 7767, 83623, 12444, 57312, 49834, 46402, 98377, 30435, 36116, 16443, 25589, 45312, 64514, 37426, 76200, 11178, 7488, 18610, 92099, 97566, 6854, 33656, 17686, 10866, 73697, 81050, 12312, 6505, 95303, 61521, 72092, 94259, 32683, 45746, 77187, 88803, 39457, 40047, 95729, 22380, 62708, 14355, 83408, 29714, 50213, 24600, 63055, 94787, 52488, 53820, 72502, 35142, 82539, 36201, 83535, 70150, 4544, 53013, 91532, 98794, 75749, 37723, 24569, 90322, 279, 84293, 85419, 53204, 7321, 22724, 95538, 85836, 2877, 93721, 73981, 40836, 90505, 94370, 88415, 37372, 69317, 25860, 4116, 35759, 84385, 33447, 84816, 12456, 31068, 57878, 18743, 27118, 55146, 45045, 76854, 36409, 49423, 25447, 28432, 61176, 34319, 67878, 7127, 41048, 27399, 57337, 84290, 2409, 69039, 23729, 7494, 36747, 48478, 38848, 42755, 293, 91046, 40498, 48156, 87860, 19957, 4960, 74844, 19836, 92291, 57801, 90081, 88664, 17768, 78881, 47919, 71822, 34413, 1930, 46778, 88873, 89253, 43012, 48581, 9353, 85645, 13891, 48249, 50115, 66199, 3386, 20854, 99932, 28051, 71692, 93909, 74084, 74671, 89896, 50523, 88742, 12398, 72247, 55742, 51721, 34827, 36846, 62982, 39419, 78439, 9343, 48468, 84544, 39864, 76167, 43812, 71247, 20757, 1762, 41180, 27413, 60564, 22669, 82173, 16704, 46485, 72310, 26823, 41298, 58642, 32787, 90874, 58140, 56784, 29999, 8759, 96835, 78050, 41544, 1255, 17455, 33878, 64547, 58966, 82332, 5215, 48306, 8922, 24655, 4697, 70882, 84900, 82562, 62735, 34434, 73303, 61588, 35094, 68503, 41162, 54916, 58190, 12626, 60530, 22534, 77445, 84110, 41705, 60129, 60275, 26541, 44213, 1777, 13370, 3088, 42025, 39125, 6806, 57675, 48434, 98242, 36838, 43086, 11553, 17088, 22108, 72325, 25128, 87991, 65587, 14862, 36451, 44287, 9734, 15759, 72468, 61485, 14174, 26892, 64268, 19975, 5444, 33247, 50382, 76845, 87224, 36256, 66890, 95968, 72639, 77038, 43204, 39754, 36312, 74369, 96758, 27679, 249, 98284, 44817, 61235, 55085, 9992, 27298, 25783, 69424, 39622, 26481, 58524, 35109, 38014, 50849, 43262, 70599, 1236, 29822, 19493, 40976, 26562, 7919, 16019, 11304, 44960, 68766, 47516, 55933, 93459, 51964, 80457, 87397, 77661, 10867, 13339, 38927, 67085, 83000, 91594, 70221, 32812, 41638, 39247, 63161, 56481, 85947, 619, 54521, 29223, 59027, 34890, 77305, 79995, 54866, 56578, 59831, 16991, 48800, 12168, 58544, 42596, 87951, 65721, 11198, 23052, 15984, 12347, 45822, 1513, 17129, 34479, 87885, 87506, 81928, 20343, 45290, 20189, 98974, 29926, 61725, 72592, 35725, 72251, 55074, 7660, 24694]})"
562.0,9,164,39,38.073601961135864,10696,"Genotype(dna={""<class 'abc.NT_0017'>"": [1, 23052], ""<class 'abc.NT_0017_P_00000'>"": [], ""<class 'abc.NT_0005'>"": [0, 0, 35544, 1, 0, 1, 0, 1, 1, 1513], ""<class 'abc.NT_0005_P_00000'>"": [], ""<class 'abc.NT_0005_P_00001'>"": [], ""<class 'bool'>"": [50833, 28611, 95173, 92596, 84996, 15299, 84608, 73218, 73704, 53577, 54127, 73580, 61648, 63455, 34182, 28379, 9832, 69766, 27025, 9321, 39372, 40559, 45589, 21512, 9991, 31131, 22379, 82972, 66879, 7070, 87492, 33083, 92916, 1233, 89415, 28350, 54741, 51276, 16414, 74832, 4355, 87209, 57305, 93042, 23231, 67903, 93745, 31960, 29422, 28659, 99170, 40455, 13273, 92051, 14178, 78998, 45259, 78698, 95977, 93014, 83753, 21951, 16043, 13772, 66730, 10736, 57934, 29081, 62948, 99869, 41968, 82469, 93064, 59471, 51253, 67704, 97811, 82022, 87389, 59617, 67283, 63422, 70186, 58801, 23472, 68171, 46787, 87700, 86179, 38104, 2384, 90063, 6576, 80132, 98840, 65605, 74894, 53809, 99733, 89043, 84198, 62780, 94716, 23035, 32450, 31489, 41399, 87765, 69122, 99723, 54018, 92501, 39572, 89999, 58379, 67238, 50112, 90146, 55533, 46837, 57815, 68681, 79206, 32534, 3130, 58659, 69605, 82887, 74526, 5911, 58400, 62789, 48677, 31474, 44702, 39368, 40140, 19876, 33772, 86631, 58194, 70508], ""<class 'int'>"": [88091, 54758, 80960, 4147, 58985, 98835, 33177, 12380, 43928, 18156, 46293, 82997, 26546, 21931, 20632, 91665, 69275, 46303, 61738, 80613, 63967, 92163, 79154, 79668, 18313, 6071, 50712, 91463, 54716, 33220, 52575, 78591, 28324, 24851, 385, 86434, 6594, 95864, 4088, 31907, 5028, 70908, 60125, 88976, 64506, 45119, 63026, 18677, 76141, 62129, 40973, 74468, 90479, 50241, 61828, 14495, 64587, 47259, 69389, 59226, 21182, 99643, 3451, 67066, 55205, 22485, 89443, 19030, 10288, 23574, 78426, 55280, 17305, 68878, 94325, 9074, 35370, 56456, 95300, 73961, 59051, 835, 21640, 2744, 30054, 96306, 55542, 57066, 65643, 97962, 97088, 62680, 24967, 56005, 85155, 81002, 48234, 28842, 92105, 38714, 65511, 82476, 73240, 25988, 68682, 4749, 1059, 85277, 54664, 55169, 72830, 29209, 32377, 56597, 43815, 46740, 16019, 36704, 91606, 3697, 42934, 87720, 75207, 56054, 59737, 79252, 96186, 60558, 8582, 3209, 7798, 18736, 20655, 95860, 60671, 36386, 88318, 80757, 49888, 58523, 36742, 48071, 76427, 91397, 47115, 74907, 19807, 19166, 48854, 4778, 9526, 30084, 70329, 29929, 24152, 98179, 6661, 59360, 47157, 52018, 24734, 716, 46264, 89982, 86072, 78100, 64619, 77321], ""<class 'abc.NT_0010'>"": [0, 0, 1, 53054], ""<class 'abc.NT_0010_P_00000'>"": [], ""<class 'abc.NT_0006'>"": [2, 2, 0, 1, 1302, 1892], ""<class 'abc.NT_0006_P_00000'>"": [], ""<class 'abc.NT_0006_P_00001'>"": [], ""<class 'abc.NT_0002'>"": [1, 1, 2, 1, 1, 1, 1, 0, 2, 1, 41818, 0, 2, 0, 1, 0, 2, 1, 53720, 1, 0, 0, 69722, 1, 8713, 0, 0, 2, 0, 0, 0, 2, 1, 64800, 99864], ""<class 'abc.NT_0002_P_00000'>"": [], ""<class 'abc.NT_0001'>"": [1, 1, 1, 0, 0, 0, 0, 1, 1, 1, 1, 0, 1, 16227, 1, 1, 1, 1, 0, 0, 10290, 0, 0, 0, 0, 0, 1, 40887, 0, 0, 0, 0, 0, 0, 0, 0, 0, 1, 0, 0, 0, 0, 76558, 0, 0, 0, 1, 0, 0, 26591, 1, 1, 1, 0, 1, 0, 0, 45290], ""<class 'abc.NT_0001_P_00000'>"": [], ""<class 'abc.NT_0001_P_00001'>"": [], ""<class 'abc.NT_0000'>"": [0, 1, 1, 94528, 1, 0, 1, 1, 31647, 1, 1, 80324, 0, 0, 75412, 1, 69944, 1, 0, 0, 0, 1, 0, 0, 0, 1, 1, 0, 1, 3483, 1, 0, 42401, 0, 0, 0, 0, 54668, 66557, 1, 0, 1, 1, 0, 0, 21028, 54540, 1, 5444, 3614, 1, 0, 0, 0, 0, 0, 71485, 1, 0, 0, 0, 0, 1, 20343], ""<class 'abc.NT_0000_P_00000'>"": [], ""<class 'abc.NT_0000_P_00001'>"": [], ""<class 'abc.NT_0002_P_00001'>"": [], ""<class 'abc.NT_0002_P_00002'>"": [], ""<class 'abc.NT_0006_P_00002'>"": [], ""<class 'abc.NT_0007'>"": [1, 0, 1, 2, 87885, 72251, 55074], ""<class 'abc.NT_0007_P_00000'>"": [], ""<class 'abc.NT_0007_P_00001'>"": [], ""<class 'abc.NT_0007_P_00002'>"": [], ""<class 'abc.NT_0004'>"": [1, 1, 77639, 2, 1, 2, 63194, 90154], ""<class 'abc.NT_0004_P_00000'>"": [], ""<class 'abc.NT_0003'>"": [10039, 1, 0, 1, 98974, 61725, 72592, 35725, 7660], ""<class 'abc.NT_0003_P_00000'>"": [], ""<class 'abc.NT_0003_P_00001'>"": [], ""<class 'abc.NT_0003_P_00002'>"": [], ""<class 'abc.NT_0003_P_00003'>"": [], ""<class 'abc.NT_0004_P_00001'>"": [], ""<class 'abc.NT_0004_P_00002'>"": [], ""<class 'abc.NT_0009'>"": [3, 0, 1, 1, 0, 45822], ""<class 'abc.NT_0009_P_00000'>"": [], ""<class 'abc.NT_0008'>"": [15828, 0, 83857, 0, 0, 0, 17129], ""<class 'abc.NT_0008_P_00000'>"": [], ""<class 'abc.NT_0009_P_00001'>"": [], ""<class 'abc.NT_0009_P_00002'>"": [], ""<class 'abc.NT_0009_P_00003'>"": [], ""<class 'abc.NT_0010_P_00001'>"": [], ""<class 'abc.NT_0010_P_00002'>"": [], ""<class 'abc.NT_0017_P_00001'>"": [], ""<class 'abc.NT_0012'>"": [0, 0, 27606, 0, 0, 65962], ""<class 'abc.NT_0012_P_00000'>"": [], ""<class 'abc.NT_0012_P_00001'>"": [], ""<class 'abc.NT_0017_P_00002'>"": [], ""<class 'abc.NT_0013'>"": [], ""<class 'abc.NT_0013_P_00000'>"": [], ""<class 'abc.NT_0011'>"": [0, 94522], ""<class 'abc.NT_0011_P_00000'>"": [], ""<class 'abc.NT_0011_P_00001'>"": [], ""<class 'abc.NT_0011_P_00002'>"": [], ""<class 'abc.NT_0013_P_00001'>"": [], ""<class 'abc.NT_0013_P_00002'>"": [], ""<class 'abc.NT_0017_P_00003'>"": [], ""<class 'abc.NT_0016'>"": [0, 20070], ""<class 'abc.NT_0016_P_00000'>"": [], ""<class 'abc.NT_0016_P_00001'>"": [], ""<class 'abc.NT_0016_P_00002'>"": [], '$leftovers': [13707, 7777, 43103, 79112, 41937, 82055, 41802, 80929, 37572, 24235, 1002, 66268, 87311, 99058, 42897, 54099, 4751, 39061, 38658, 18856, 32793, 32020, 84694, 43326, 66351, 11593, 16559, 82179, 29701, 14785, 63931, 19995, 86098, 88506, 88906, 98218, 57143, 64899, 75531, 17691, 63845, 68413, 76826, 30524, 48607, 6718, 24768, 14247, 23842, 98884, 92372, 55279, 40315, 43705, 6728, 53868, 34432, 73753, 89438, 79733, 83929, 38685, 35410, 5343, 16823, 35888, 70000, 12879, 27426, 44726, 95438, 53746, 11554, 35563, 36846, 46156, 65002, 72433, 85297, 12477, 3511, 72425, 53166, 5796, 30717, 45518, 76561, 21526, 65748, 18017, 64172, 9175, 16724, 51276, 1749, 5687, 47923, 68260, 48548, 94393, 55323, 76604, 84009, 54574, 8798, 35733, 67233, 4198, 56844, 12629, 29196, 81671, 71295, 84963, 73193, 37662, 77918, 40265, 71387, 2776, 72056, 79890, 24380, 6524, 11920, 82004, 80554, 7771, 51485, 29874, 64851, 32118, 68660, 22646, 40503, 29950, 45632, 59339, 63591, 66553, 79195, 90039, 8891, 94412, 82595, 43578, 41060, 60184, 28053, 84947, 77614, 38864, 91374, 58545, 50015, 19960, 7381, 78763, 85070, 21507, 19025, 51930, 32629, 45143, 39756, 26052, 37388, 90108, 9391, 53674, 16962, 24269, 95106, 99931, 56381, 37781, 12365, 84199, 30949, 74271, 916, 85830, 97679, 18102, 478, 75886, 30302, 21977, 90537, 30063, 19357, 81788, 35261, 14719, 66114, 20921, 20240, 5992, 58367, 9680, 68600, 85141, 46379, 54808, 83564, 47005, 66549, 22371, 91024, 89979, 20226, 63714, 58641, 45142, 46907, 57602, 15144, 97990, 7439, 11158, 59469, 11328, 80659, 5962, 25695, 77537, 11892, 91592, 56748, 38581, 37353, 71743, 70419, 27563, 8343, 51963, 16605, 94638, 42057, 61173, 28541, 41743, 60295, 49767, 73628, 41163, 91833, 78182, 82565, 25215, 96862, 76058, 44249, 82715, 20979, 71376, 27708, 78050, 40085, 30494, 46076, 48158, 98017, 59418, 77712, 4502, 58514, 86759, 30136, 53692, 84446, 34409, 6828, 35370, 50950, 51945, 59877, 55822, 81173, 57512, 24080, 92189, 34559, 32530, 48867, 64932, 44, 85888, 8300, 92843, 6844, 39222, 76898, 88754, 22876, 38074, 43299, 88699, 81654, 61902, 89999, 13497, 66668, 7338, 74096, 38397, 11013, 98336, 40480, 33892, 63626, 49088, 71312, 23172, 10803, 62392, 24917, 67254, 58009, 81336, 59457, 73844, 95696, 6506, 27308, 70695, 56701, 13067, 41613, 72662, 53528, 75491, 42519, 81780, 31754, 13856, 88917, 96452, 41223, 89774, 10407, 31336, 50783, 20291, 5997, 7069, 31395, 24625, 6189, 56620, 24762, 84988, 68874, 85812, 41091, 24302, 77112, 35149, 22780, 53184, 18627, 57549, 17465, 63612, 87939, 6980, 60883, 29814, 87238, 14952, 60779, 86760, 61062, 30267, 24445, 56989, 27229, 82900, 90023, 57786, 63779, 40235, 86679, 51776, 22058, 63483, 39593, 41554, 8133, 95503, 6716, 25867, 90267, 22987, 39665, 98545, 93605, 1747, 78248, 27473, 33109, 26918, 82634, 51318, 80099, 73743, 12182, 94300, 46775, 25047, 68889, 10070, 18361, 65084, 37080, 70960, 83222, 67058, 98067, 22471, 67691, 59607, 67337, 8930, 21238, 46639, 45431, 43153, 96128, 24156, 80501, 82080, 49059, 2091, 12212, 52072, 31681, 90064, 42922, 12694, 63500, 88958, 85424, 60965, 55836, 88426, 54941, 94663, 65220, 71036, 49752, 17451, 53699, 9314, 14619, 3290, 44849, 90564, 91441, 62905, 40530, 5641, 37318, 36823, 31308, 19382, 62343, 86280, 16633, 47566, 15336, 77921, 88788, 50425, 20260, 79556, 59009, 60227, 87434, 40228, 88797, 25912, 98562, 76789, 91824, 52309, 10258, 50738, 95463, 77205, 93493, 68362, 24106, 95689, 49524, 69579, 66348, 75971, 22529, 74132, 89303, 37488, 5127, 63655, 17283, 25796, 52901, 73353, 59242, 58591, 76499, 46764, 96815, 56675, 19904, 86086, 9538, 16381, 25966, 48189, 47295, 50918, 3257, 56486, 10672, 45517, 6977, 66557, 24565, 14166, 47870, 73695, 59021, 61532, 83752, 51246, 6816, 65190, 71364, 98756, 25731, 84141, 78432, 21130, 69362, 52504, 59655, 73856, 97330, 50721, 19705, 54620, 16926, 96429, 24048, 73377, 67355, 15053, 17980, 70735, 35236, 75523, 91241, 23447, 72477, 51156, 95259, 88333, 29494, 67321, 52714, 62917, 99842, 65229, 6617, 44275, 88720, 37853, 8770, 63811, 7507, 89636, 17817, 1558, 85068, 79776, 73733, 11481, 89926, 56682, 49746, 9429, 50818, 45883, 58652, 12423, 26431, 60221, 95661, 73944, 68283, 51044, 69558, 68608, 65135, 29404, 17239, 5514, 47278, 63393, 94877, 23491, 47292, 6877, 19032, 65956, 9732, 97912, 1976, 37613, 34466, 61934, 57269, 53618, 5940, 93510, 52374, 85684, 22266, 86296, 60665, 10810, 9462, 494, 58482, 75247, 71566, 31620, 58819, 97731, 83116, 7767, 83623, 12444, 57312, 49834, 46402, 98377, 30435, 36116, 16443, 25589, 45312, 64514, 37426, 76200, 11178, 7488, 18610, 92099, 97566, 6854, 33656, 17686, 10866, 73697, 81050, 12312, 6505, 95303, 61521, 72092, 94259, 32683, 45746, 77187, 88803, 39457, 40047, 95729, 22380, 62708, 14355, 83408, 29714, 50213, 24600, 63055, 94787, 52488, 53820, 72502, 35142, 82539, 36201, 83535, 70150, 4544, 53013, 91532, 98794, 75749, 37723, 24569, 90322, 279, 84293, 85419, 53204, 7321, 22724, 95538, 85836, 2877, 93721, 73981, 40836, 90505, 94370, 88415, 37372, 69317, 25860, 4116, 35759, 84385, 33447, 84816, 12456, 31068, 57878, 18743, 27118, 55146, 45045, 76854, 36409, 49423, 25447, 28432, 61176, 34319, 67878, 7127, 41048, 27399, 57337, 84290, 2409, 69039, 23729, 7494, 36747, 48478, 38848, 42755, 293, 91046, 40498, 48156, 87860, 19957, 4960, 74844, 19836, 92291, 57801, 90081, 88664, 17768, 78881, 47919, 71822, 34413, 1930, 46778, 88873, 89253, 43012, 48581, 9353, 85645, 13891, 48249, 50115, 66199, 3386, 20854, 99932, 28051, 71692, 93909, 74084, 74671, 89896, 50523, 88742, 12398, 72247, 55742, 51721, 34827, 36846, 62982, 39419, 78439, 9343, 48468, 84544, 39864, 76167, 43812, 71247, 20757, 1762, 41180, 27413, 60564, 22669, 82173, 16704, 46485, 72310, 26823, 41298, 58642, 32787, 90874, 58140, 56784, 29999, 8759, 96835, 78050, 41544, 1255, 17455, 33878, 64547, 58966, 82332, 5215, 48306, 8922, 24655, 4697, 70882, 84900, 82562, 62735, 34434, 73303, 61588, 35094, 68503, 41162, 54916, 58190, 12626, 60530, 22534, 77445, 84110, 41705, 60129, 60275, 26541, 44213, 1777, 13370, 3088, 42025, 39125, 6806, 57675, 48434, 98242, 36838, 43086, 11553, 17088, 22108, 72325, 25128, 87991, 65587, 14862, 36451, 44287, 9734, 15759, 72468, 61485, 14174, 26892, 64268, 19975, 5444, 33247, 50382, 76845, 87224, 36256, 66890, 95968, 72639, 77038, 43204, 39754, 36312, 74369, 96758, 27679, 249, 98284, 44817, 61235, 55085, 9992, 27298, 25783, 69424, 39622, 26481, 58524, 35109, 38014, 50849, 43262, 70599, 1236, 29822, 19493, 40976, 26562, 7919, 16019, 11304, 44960, 68766, 47516, 55933, 93459, 51964, 80457, 87397, 77661, 10867, 13339, 38927, 67085, 83000, 91594, 70221, 32812, 41638, 39247, 63161, 56481, 85947, 619, 54521, 29223, 59027, 34890, 77305, 79995, 54866, 56578, 59831, 16991, 48800, 12168, 58544, 42596, 87951, 65721, 11198, 23052, 15984, 12347, 45822, 1513, 17129, 34479, 87885, 87506, 81928, 20343, 45290, 20189, 98974, 29926, 61725, 72592, 35725, 72251, 55074, 7660, 24694]})"
562.0,9,164,40,39.07441067695618,10696,"Genotype(dna={""<class 'abc.NT_0017'>"": [1, 23052], ""<class 'abc.NT_0017_P_00000'>"": [], ""<class 'abc.NT_0005'>"": [0, 0, 35544, 1, 0, 1, 0, 1, 1, 1513], ""<class 'abc.NT_0005_P_00000'>"": [], ""<class 'abc.NT_0005_P_00001'>"": [], ""<class 'bool'>"": [50833, 28611, 95173, 92596, 84996, 15299, 84608, 73218, 73704, 53577, 54127, 73580, 61648, 63455, 34182, 28379, 9832, 69766, 27025, 9321, 39372, 40559, 45589, 21512, 9991, 31131, 22379, 82972, 66879, 7070, 87492, 33083, 92916, 1233, 89415, 28350, 54741, 51276, 16414, 74832, 4355, 87209, 57305, 93042, 23231, 67903, 93745, 31960, 29422, 28659, 99170, 40455, 13273, 92051, 14178, 78998, 45259, 78698, 95977, 93014, 83753, 21951, 16043, 13772, 66730, 10736, 57934, 29081, 62948, 99869, 41968, 82469, 93064, 59471, 51253, 67704, 97811, 82022, 87389, 59617, 67283, 63422, 70186, 58801, 23472, 68171, 46787, 87700, 86179, 38104, 2384, 90063, 6576, 80132, 98840, 65605, 74894, 53809, 99733, 89043, 84198, 62780, 94716, 23035, 32450, 31489, 41399, 87765, 69122, 99723, 54018, 92501, 39572, 89999, 58379, 67238, 50112, 90146, 55533, 46837, 57815, 68681, 79206, 32534, 3130, 58659, 69605, 82887, 74526, 5911, 58400, 62789, 48677, 31474, 44702, 39368, 40140, 19876, 33772, 86631, 58194, 70508], ""<class 'int'>"": [88091, 54758, 80960, 4147, 58985, 98835, 33177, 12380, 43928, 18156, 46293, 82997, 26546, 21931, 20632, 91665, 69275, 46303, 61738, 80613, 63967, 92163, 79154, 79668, 18313, 6071, 50712, 91463, 54716, 33220, 52575, 78591, 28324, 24851, 385, 86434, 6594, 95864, 4088, 31907, 5028, 70908, 60125, 88976, 64506, 45119, 63026, 18677, 76141, 62129, 40973, 74468, 90479, 50241, 61828, 14495, 64587, 47259, 69389, 59226, 21182, 99643, 3451, 67066, 55205, 22485, 89443, 19030, 10288, 23574, 78426, 55280, 17305, 68878, 94325, 9074, 35370, 56456, 95300, 73961, 59051, 835, 21640, 2744, 30054, 96306, 55542, 57066, 65643, 97962, 97088, 62680, 24967, 56005, 85155, 81002, 48234, 28842, 92105, 38714, 65511, 82476, 73240, 25988, 68682, 4749, 1059, 85277, 54664, 55169, 72830, 29209, 32377, 56597, 43815, 46740, 16019, 36704, 91606, 3697, 42934, 87720, 75207, 56054, 59737, 79252, 96186, 60558, 8582, 3209, 7798, 18736, 20655, 95860, 60671, 36386, 88318, 80757, 49888, 58523, 36742, 48071, 76427, 91397, 47115, 74907, 19807, 19166, 48854, 4778, 9526, 30084, 70329, 29929, 24152, 98179, 6661, 59360, 47157, 52018, 24734, 716, 46264, 89982, 86072, 78100, 64619, 77321], ""<class 'abc.NT_0010'>"": [0, 0, 1, 53054], ""<class 'abc.NT_0010_P_00000'>"": [], ""<class 'abc.NT_0006'>"": [2, 2, 0, 1, 1302, 1892], ""<class 'abc.NT_0006_P_00000'>"": [], ""<class 'abc.NT_0006_P_00001'>"": [], ""<class 'abc.NT_0002'>"": [1, 1, 2, 1, 1, 1, 1, 0, 2, 1, 41818, 0, 2, 0, 1, 0, 2, 1, 53720, 1, 0, 0, 69722, 1, 8713, 0, 0, 2, 0, 0, 0, 2, 1, 64800, 99864], ""<class 'abc.NT_0002_P_00000'>"": [], ""<class 'abc.NT_0001'>"": [1, 1, 1, 0, 0, 0, 0, 1, 1, 1, 1, 0, 1, 16227, 1, 1, 1, 1, 0, 0, 10290, 0, 0, 0, 0, 0, 1, 40887, 0, 0, 0, 0, 0, 0, 0, 0, 0, 1, 0, 0, 0, 0, 76558, 0, 0, 0, 1, 0, 0, 26591, 1, 1, 1, 0, 1, 0, 0, 45290], ""<class 'abc.NT_0001_P_00000'>"": [], ""<class 'abc.NT_0001_P_00001'>"": [], ""<class 'abc.NT_0000'>"": [0, 1, 1, 94528, 1, 0, 1, 1, 31647, 1, 1, 80324, 0, 0, 75412, 1, 69944, 1, 0, 0, 0, 1, 0, 0, 0, 1, 1, 0, 1, 3483, 1, 0, 42401, 0, 0, 0, 0, 54668, 66557, 1, 0, 1, 1, 0, 0, 21028, 54540, 1, 5444, 3614, 1, 0, 0, 0, 0, 0, 71485, 1, 0, 0, 0, 0, 1, 20343], ""<class 'abc.NT_0000_P_00000'>"": [], ""<class 'abc.NT_0000_P_00001'>"": [], ""<class 'abc.NT_0002_P_00001'>"": [], ""<class 'abc.NT_0002_P_00002'>"": [], ""<class 'abc.NT_0006_P_00002'>"": [], ""<class 'abc.NT_0007'>"": [1, 0, 1, 2, 87885, 72251, 55074], ""<class 'abc.NT_0007_P_00000'>"": [], ""<class 'abc.NT_0007_P_00001'>"": [], ""<class 'abc.NT_0007_P_00002'>"": [], ""<class 'abc.NT_0004'>"": [1, 1, 77639, 2, 1, 2, 63194, 90154], ""<class 'abc.NT_0004_P_00000'>"": [], ""<class 'abc.NT_0003'>"": [10039, 1, 0, 1, 98974, 61725, 72592, 35725, 7660], ""<class 'abc.NT_0003_P_00000'>"": [], ""<class 'abc.NT_0003_P_00001'>"": [], ""<class 'abc.NT_0003_P_00002'>"": [], ""<class 'abc.NT_0003_P_00003'>"": [], ""<class 'abc.NT_0004_P_00001'>"": [], ""<class 'abc.NT_0004_P_00002'>"": [], ""<class 'abc.NT_0009'>"": [3, 0, 1, 1, 0, 45822], ""<class 'abc.NT_0009_P_00000'>"": [], ""<class 'abc.NT_0008'>"": [15828, 0, 83857, 0, 0, 0, 17129], ""<class 'abc.NT_0008_P_00000'>"": [], ""<class 'abc.NT_0009_P_00001'>"": [], ""<class 'abc.NT_0009_P_00002'>"": [], ""<class 'abc.NT_0009_P_00003'>"": [], ""<class 'abc.NT_0010_P_00001'>"": [], ""<class 'abc.NT_0010_P_00002'>"": [], ""<class 'abc.NT_0017_P_00001'>"": [], ""<class 'abc.NT_0012'>"": [0, 0, 27606, 0, 0, 65962], ""<class 'abc.NT_0012_P_00000'>"": [], ""<class 'abc.NT_0012_P_00001'>"": [], ""<class 'abc.NT_0017_P_00002'>"": [], ""<class 'abc.NT_0013'>"": [], ""<class 'abc.NT_0013_P_00000'>"": [], ""<class 'abc.NT_0011'>"": [0, 94522], ""<class 'abc.NT_0011_P_00000'>"": [], ""<class 'abc.NT_0011_P_00001'>"": [], ""<class 'abc.NT_0011_P_00002'>"": [], ""<class 'abc.NT_0013_P_00001'>"": [], ""<class 'abc.NT_0013_P_00002'>"": [], ""<class 'abc.NT_0017_P_00003'>"": [], ""<class 'abc.NT_0016'>"": [0, 20070], ""<class 'abc.NT_0016_P_00000'>"": [], ""<class 'abc.NT_0016_P_00001'>"": [], ""<class 'abc.NT_0016_P_00002'>"": [], '$leftovers': [13707, 7777, 43103, 79112, 41937, 82055, 41802, 80929, 37572, 24235, 1002, 66268, 87311, 99058, 42897, 54099, 4751, 39061, 38658, 18856, 32793, 32020, 84694, 43326, 66351, 11593, 16559, 82179, 29701, 14785, 63931, 19995, 86098, 88506, 88906, 98218, 57143, 64899, 75531, 17691, 63845, 68413, 76826, 30524, 48607, 6718, 24768, 14247, 23842, 98884, 92372, 55279, 40315, 43705, 6728, 53868, 34432, 73753, 89438, 79733, 83929, 38685, 35410, 5343, 16823, 35888, 70000, 12879, 27426, 44726, 95438, 53746, 11554, 35563, 36846, 46156, 65002, 72433, 85297, 12477, 3511, 72425, 53166, 5796, 30717, 45518, 76561, 21526, 65748, 18017, 64172, 9175, 16724, 51276, 1749, 5687, 47923, 68260, 48548, 94393, 55323, 76604, 84009, 54574, 8798, 35733, 67233, 4198, 56844, 12629, 29196, 81671, 71295, 84963, 73193, 37662, 77918, 40265, 71387, 2776, 72056, 79890, 24380, 6524, 11920, 82004, 80554, 7771, 51485, 29874, 64851, 32118, 68660, 22646, 40503, 29950, 45632, 59339, 63591, 66553, 79195, 90039, 8891, 94412, 82595, 43578, 41060, 60184, 28053, 84947, 77614, 38864, 91374, 58545, 50015, 19960, 7381, 78763, 85070, 21507, 19025, 51930, 32629, 45143, 39756, 26052, 37388, 90108, 9391, 53674, 16962, 24269, 95106, 99931, 56381, 37781, 12365, 84199, 30949, 74271, 916, 85830, 97679, 18102, 478, 75886, 30302, 21977, 90537, 30063, 19357, 81788, 35261, 14719, 66114, 20921, 20240, 5992, 58367, 9680, 68600, 85141, 46379, 54808, 83564, 47005, 66549, 22371, 91024, 89979, 20226, 63714, 58641, 45142, 46907, 57602, 15144, 97990, 7439, 11158, 59469, 11328, 80659, 5962, 25695, 77537, 11892, 91592, 56748, 38581, 37353, 71743, 70419, 27563, 8343, 51963, 16605, 94638, 42057, 61173, 28541, 41743, 60295, 49767, 73628, 41163, 91833, 78182, 82565, 25215, 96862, 76058, 44249, 82715, 20979, 71376, 27708, 78050, 40085, 30494, 46076, 48158, 98017, 59418, 77712, 4502, 58514, 86759, 30136, 53692, 84446, 34409, 6828, 35370, 50950, 51945, 59877, 55822, 81173, 57512, 24080, 92189, 34559, 32530, 48867, 64932, 44, 85888, 8300, 92843, 6844, 39222, 76898, 88754, 22876, 38074, 43299, 88699, 81654, 61902, 89999, 13497, 66668, 7338, 74096, 38397, 11013, 98336, 40480, 33892, 63626, 49088, 71312, 23172, 10803, 62392, 24917, 67254, 58009, 81336, 59457, 73844, 95696, 6506, 27308, 70695, 56701, 13067, 41613, 72662, 53528, 75491, 42519, 81780, 31754, 13856, 88917, 96452, 41223, 89774, 10407, 31336, 50783, 20291, 5997, 7069, 31395, 24625, 6189, 56620, 24762, 84988, 68874, 85812, 41091, 24302, 77112, 35149, 22780, 53184, 18627, 57549, 17465, 63612, 87939, 6980, 60883, 29814, 87238, 14952, 60779, 86760, 61062, 30267, 24445, 56989, 27229, 82900, 90023, 57786, 63779, 40235, 86679, 51776, 22058, 63483, 39593, 41554, 8133, 95503, 6716, 25867, 90267, 22987, 39665, 98545, 93605, 1747, 78248, 27473, 33109, 26918, 82634, 51318, 80099, 73743, 12182, 94300, 46775, 25047, 68889, 10070, 18361, 65084, 37080, 70960, 83222, 67058, 98067, 22471, 67691, 59607, 67337, 8930, 21238, 46639, 45431, 43153, 96128, 24156, 80501, 82080, 49059, 2091, 12212, 52072, 31681, 90064, 42922, 12694, 63500, 88958, 85424, 60965, 55836, 88426, 54941, 94663, 65220, 71036, 49752, 17451, 53699, 9314, 14619, 3290, 44849, 90564, 91441, 62905, 40530, 5641, 37318, 36823, 31308, 19382, 62343, 86280, 16633, 47566, 15336, 77921, 88788, 50425, 20260, 79556, 59009, 60227, 87434, 40228, 88797, 25912, 98562, 76789, 91824, 52309, 10258, 50738, 95463, 77205, 93493, 68362, 24106, 95689, 49524, 69579, 66348, 75971, 22529, 74132, 89303, 37488, 5127, 63655, 17283, 25796, 52901, 73353, 59242, 58591, 76499, 46764, 96815, 56675, 19904, 86086, 9538, 16381, 25966, 48189, 47295, 50918, 3257, 56486, 10672, 45517, 6977, 66557, 24565, 14166, 47870, 73695, 59021, 61532, 83752, 51246, 6816, 65190, 71364, 98756, 25731, 84141, 78432, 21130, 69362, 52504, 59655, 73856, 97330, 50721, 19705, 54620, 16926, 96429, 24048, 73377, 67355, 15053, 17980, 70735, 35236, 75523, 91241, 23447, 72477, 51156, 95259, 88333, 29494, 67321, 52714, 62917, 99842, 65229, 6617, 44275, 88720, 37853, 8770, 63811, 7507, 89636, 17817, 1558, 85068, 79776, 73733, 11481, 89926, 56682, 49746, 9429, 50818, 45883, 58652, 12423, 26431, 60221, 95661, 73944, 68283, 51044, 69558, 68608, 65135, 29404, 17239, 5514, 47278, 63393, 94877, 23491, 47292, 6877, 19032, 65956, 9732, 97912, 1976, 37613, 34466, 61934, 57269, 53618, 5940, 93510, 52374, 85684, 22266, 86296, 60665, 10810, 9462, 494, 58482, 75247, 71566, 31620, 58819, 97731, 83116, 7767, 83623, 12444, 57312, 49834, 46402, 98377, 30435, 36116, 16443, 25589, 45312, 64514, 37426, 76200, 11178, 7488, 18610, 92099, 97566, 6854, 33656, 17686, 10866, 73697, 81050, 12312, 6505, 95303, 61521, 72092, 94259, 32683, 45746, 77187, 88803, 39457, 40047, 95729, 22380, 62708, 14355, 83408, 29714, 50213, 24600, 63055, 94787, 52488, 53820, 72502, 35142, 82539, 36201, 83535, 70150, 4544, 53013, 91532, 98794, 75749, 37723, 24569, 90322, 279, 84293, 85419, 53204, 7321, 22724, 95538, 85836, 2877, 93721, 73981, 40836, 90505, 94370, 88415, 37372, 69317, 25860, 4116, 35759, 84385, 33447, 84816, 12456, 31068, 57878, 18743, 27118, 55146, 45045, 76854, 36409, 49423, 25447, 28432, 61176, 34319, 67878, 7127, 41048, 27399, 57337, 84290, 2409, 69039, 23729, 7494, 36747, 48478, 38848, 42755, 293, 91046, 40498, 48156, 87860, 19957, 4960, 74844, 19836, 92291, 57801, 90081, 88664, 17768, 78881, 47919, 71822, 34413, 1930, 46778, 88873, 89253, 43012, 48581, 9353, 85645, 13891, 48249, 50115, 66199, 3386, 20854, 99932, 28051, 71692, 93909, 74084, 74671, 89896, 50523, 88742, 12398, 72247, 55742, 51721, 34827, 36846, 62982, 39419, 78439, 9343, 48468, 84544, 39864, 76167, 43812, 71247, 20757, 1762, 41180, 27413, 60564, 22669, 82173, 16704, 46485, 72310, 26823, 41298, 58642, 32787, 90874, 58140, 56784, 29999, 8759, 96835, 78050, 41544, 1255, 17455, 33878, 64547, 58966, 82332, 5215, 48306, 8922, 24655, 4697, 70882, 84900, 82562, 62735, 34434, 73303, 61588, 35094, 68503, 41162, 54916, 58190, 12626, 60530, 22534, 77445, 84110, 41705, 60129, 60275, 26541, 44213, 1777, 13370, 3088, 42025, 39125, 6806, 57675, 48434, 98242, 36838, 43086, 11553, 17088, 22108, 72325, 25128, 87991, 65587, 14862, 36451, 44287, 9734, 15759, 72468, 61485, 14174, 26892, 64268, 19975, 5444, 33247, 50382, 76845, 87224, 36256, 66890, 95968, 72639, 77038, 43204, 39754, 36312, 74369, 96758, 27679, 249, 98284, 44817, 61235, 55085, 9992, 27298, 25783, 69424, 39622, 26481, 58524, 35109, 38014, 50849, 43262, 70599, 1236, 29822, 19493, 40976, 26562, 7919, 16019, 11304, 44960, 68766, 47516, 55933, 93459, 51964, 80457, 87397, 77661, 10867, 13339, 38927, 67085, 83000, 91594, 70221, 32812, 41638, 39247, 63161, 56481, 85947, 619, 54521, 29223, 59027, 34890, 77305, 79995, 54866, 56578, 59831, 16991, 48800, 12168, 58544, 42596, 87951, 65721, 11198, 23052, 15984, 12347, 45822, 1513, 17129, 34479, 87885, 87506, 81928, 20343, 45290, 20189, 98974, 29926, 61725, 72592, 35725, 72251, 55074, 7660, 24694]})"
562.0,9,164,41,39.971150398254395,10696,"Genotype(dna={""<class 'abc.NT_0017'>"": [1, 23052], ""<class 'abc.NT_0017_P_00000'>"": [], ""<class 'abc.NT_0005'>"": [0, 0, 35544, 1, 0, 1, 0, 1, 1, 1513], ""<class 'abc.NT_0005_P_00000'>"": [], ""<class 'abc.NT_0005_P_00001'>"": [], ""<class 'bool'>"": [50833, 28611, 95173, 92596, 84996, 15299, 84608, 73218, 73704, 53577, 54127, 73580, 61648, 63455, 34182, 28379, 9832, 69766, 27025, 9321, 39372, 40559, 45589, 21512, 9991, 31131, 22379, 82972, 66879, 7070, 87492, 33083, 92916, 1233, 89415, 28350, 54741, 51276, 16414, 74832, 4355, 87209, 57305, 93042, 23231, 67903, 93745, 31960, 29422, 28659, 99170, 40455, 13273, 92051, 14178, 78998, 45259, 78698, 95977, 93014, 83753, 21951, 16043, 13772, 66730, 10736, 57934, 29081, 62948, 99869, 41968, 82469, 93064, 59471, 51253, 67704, 97811, 82022, 87389, 59617, 67283, 63422, 70186, 58801, 23472, 68171, 46787, 87700, 86179, 38104, 2384, 90063, 6576, 80132, 98840, 65605, 74894, 53809, 99733, 89043, 84198, 62780, 94716, 23035, 32450, 31489, 41399, 87765, 69122, 99723, 54018, 92501, 39572, 89999, 58379, 67238, 50112, 90146, 55533, 46837, 57815, 68681, 79206, 32534, 3130, 58659, 69605, 82887, 74526, 5911, 58400, 62789, 48677, 31474, 44702, 39368, 40140, 19876, 33772, 86631, 58194, 70508], ""<class 'int'>"": [88091, 54758, 80960, 4147, 58985, 98835, 33177, 12380, 43928, 18156, 46293, 82997, 26546, 21931, 20632, 91665, 69275, 46303, 61738, 80613, 63967, 92163, 79154, 79668, 18313, 6071, 50712, 91463, 54716, 33220, 52575, 78591, 28324, 24851, 385, 86434, 6594, 95864, 4088, 31907, 5028, 70908, 60125, 88976, 64506, 45119, 63026, 18677, 76141, 62129, 40973, 74468, 90479, 50241, 61828, 14495, 64587, 47259, 69389, 59226, 21182, 99643, 3451, 67066, 55205, 22485, 89443, 19030, 10288, 23574, 78426, 55280, 17305, 68878, 94325, 9074, 35370, 56456, 95300, 73961, 59051, 835, 21640, 2744, 30054, 96306, 55542, 57066, 65643, 97962, 97088, 62680, 24967, 56005, 85155, 81002, 48234, 28842, 92105, 38714, 65511, 82476, 73240, 25988, 68682, 4749, 1059, 85277, 54664, 55169, 72830, 29209, 32377, 56597, 43815, 46740, 16019, 36704, 91606, 3697, 42934, 87720, 75207, 56054, 59737, 79252, 96186, 60558, 8582, 3209, 7798, 18736, 20655, 95860, 60671, 36386, 88318, 80757, 49888, 58523, 36742, 48071, 76427, 91397, 47115, 74907, 19807, 19166, 48854, 4778, 9526, 30084, 70329, 29929, 24152, 98179, 6661, 59360, 47157, 52018, 24734, 716, 46264, 89982, 86072, 78100, 64619, 77321], ""<class 'abc.NT_0010'>"": [0, 0, 1, 53054], ""<class 'abc.NT_0010_P_00000'>"": [], ""<class 'abc.NT_0006'>"": [2, 2, 0, 1, 1302, 1892], ""<class 'abc.NT_0006_P_00000'>"": [], ""<class 'abc.NT_0006_P_00001'>"": [], ""<class 'abc.NT_0002'>"": [1, 1, 2, 1, 1, 1, 1, 0, 2, 1, 41818, 0, 2, 0, 1, 0, 2, 1, 53720, 1, 0, 0, 69722, 1, 8713, 0, 0, 2, 0, 0, 0, 2, 1, 64800, 99864], ""<class 'abc.NT_0002_P_00000'>"": [], ""<class 'abc.NT_0001'>"": [1, 1, 1, 0, 0, 0, 0, 1, 1, 1, 1, 0, 1, 16227, 1, 1, 1, 1, 0, 0, 10290, 0, 0, 0, 0, 0, 1, 40887, 0, 0, 0, 0, 0, 0, 0, 0, 0, 1, 0, 0, 0, 0, 76558, 0, 0, 0, 1, 0, 0, 26591, 1, 1, 1, 0, 1, 0, 0, 45290], ""<class 'abc.NT_0001_P_00000'>"": [], ""<class 'abc.NT_0001_P_00001'>"": [], ""<class 'abc.NT_0000'>"": [0, 1, 1, 94528, 1, 0, 1, 1, 31647, 1, 1, 80324, 0, 0, 75412, 1, 69944, 1, 0, 0, 0, 1, 0, 0, 0, 1, 1, 0, 1, 3483, 1, 0, 42401, 0, 0, 0, 0, 54668, 66557, 1, 0, 1, 1, 0, 0, 21028, 54540, 1, 5444, 3614, 1, 0, 0, 0, 0, 0, 71485, 1, 0, 0, 0, 0, 1, 20343], ""<class 'abc.NT_0000_P_00000'>"": [], ""<class 'abc.NT_0000_P_00001'>"": [], ""<class 'abc.NT_0002_P_00001'>"": [], ""<class 'abc.NT_0002_P_00002'>"": [], ""<class 'abc.NT_0006_P_00002'>"": [], ""<class 'abc.NT_0007'>"": [1, 0, 1, 2, 87885, 72251, 55074], ""<class 'abc.NT_0007_P_00000'>"": [], ""<class 'abc.NT_0007_P_00001'>"": [], ""<class 'abc.NT_0007_P_00002'>"": [], ""<class 'abc.NT_0004'>"": [1, 1, 77639, 2, 1, 2, 63194, 90154], ""<class 'abc.NT_0004_P_00000'>"": [], ""<class 'abc.NT_0003'>"": [10039, 1, 0, 1, 98974, 61725, 72592, 35725, 7660], ""<class 'abc.NT_0003_P_00000'>"": [], ""<class 'abc.NT_0003_P_00001'>"": [], ""<class 'abc.NT_0003_P_00002'>"": [], ""<class 'abc.NT_0003_P_00003'>"": [], ""<class 'abc.NT_0004_P_00001'>"": [], ""<class 'abc.NT_0004_P_00002'>"": [], ""<class 'abc.NT_0009'>"": [3, 0, 1, 1, 0, 45822], ""<class 'abc.NT_0009_P_00000'>"": [], ""<class 'abc.NT_0008'>"": [15828, 0, 83857, 0, 0, 0, 17129], ""<class 'abc.NT_0008_P_00000'>"": [], ""<class 'abc.NT_0009_P_00001'>"": [], ""<class 'abc.NT_0009_P_00002'>"": [], ""<class 'abc.NT_0009_P_00003'>"": [], ""<class 'abc.NT_0010_P_00001'>"": [], ""<class 'abc.NT_0010_P_00002'>"": [], ""<class 'abc.NT_0017_P_00001'>"": [], ""<class 'abc.NT_0012'>"": [0, 0, 27606, 0, 0, 65962], ""<class 'abc.NT_0012_P_00000'>"": [], ""<class 'abc.NT_0012_P_00001'>"": [], ""<class 'abc.NT_0017_P_00002'>"": [], ""<class 'abc.NT_0013'>"": [], ""<class 'abc.NT_0013_P_00000'>"": [], ""<class 'abc.NT_0011'>"": [0, 94522], ""<class 'abc.NT_0011_P_00000'>"": [], ""<class 'abc.NT_0011_P_00001'>"": [], ""<class 'abc.NT_0011_P_00002'>"": [], ""<class 'abc.NT_0013_P_00001'>"": [], ""<class 'abc.NT_0013_P_00002'>"": [], ""<class 'abc.NT_0017_P_00003'>"": [], ""<class 'abc.NT_0016'>"": [0, 20070], ""<class 'abc.NT_0016_P_00000'>"": [], ""<class 'abc.NT_0016_P_00001'>"": [], ""<class 'abc.NT_0016_P_00002'>"": [], '$leftovers': [13707, 7777, 43103, 79112, 41937, 82055, 41802, 80929, 37572, 24235, 1002, 66268, 87311, 99058, 42897, 54099, 4751, 39061, 38658, 18856, 32793, 32020, 84694, 43326, 66351, 11593, 16559, 82179, 29701, 14785, 63931, 19995, 86098, 88506, 88906, 98218, 57143, 64899, 75531, 17691, 63845, 68413, 76826, 30524, 48607, 6718, 24768, 14247, 23842, 98884, 92372, 55279, 40315, 43705, 6728, 53868, 34432, 73753, 89438, 79733, 83929, 38685, 35410, 5343, 16823, 35888, 70000, 12879, 27426, 44726, 95438, 53746, 11554, 35563, 36846, 46156, 65002, 72433, 85297, 12477, 3511, 72425, 53166, 5796, 30717, 45518, 76561, 21526, 65748, 18017, 64172, 9175, 16724, 51276, 1749, 5687, 47923, 68260, 48548, 94393, 55323, 76604, 84009, 54574, 8798, 35733, 67233, 4198, 56844, 12629, 29196, 81671, 71295, 84963, 73193, 37662, 77918, 40265, 71387, 2776, 72056, 79890, 24380, 6524, 11920, 82004, 80554, 7771, 51485, 29874, 64851, 32118, 68660, 22646, 40503, 29950, 45632, 59339, 63591, 66553, 79195, 90039, 8891, 94412, 82595, 43578, 41060, 60184, 28053, 84947, 77614, 38864, 91374, 58545, 50015, 19960, 7381, 78763, 85070, 21507, 19025, 51930, 32629, 45143, 39756, 26052, 37388, 90108, 9391, 53674, 16962, 24269, 95106, 99931, 56381, 37781, 12365, 84199, 30949, 74271, 916, 85830, 97679, 18102, 478, 75886, 30302, 21977, 90537, 30063, 19357, 81788, 35261, 14719, 66114, 20921, 20240, 5992, 58367, 9680, 68600, 85141, 46379, 54808, 83564, 47005, 66549, 22371, 91024, 89979, 20226, 63714, 58641, 45142, 46907, 57602, 15144, 97990, 7439, 11158, 59469, 11328, 80659, 5962, 25695, 77537, 11892, 91592, 56748, 38581, 37353, 71743, 70419, 27563, 8343, 51963, 16605, 94638, 42057, 61173, 28541, 41743, 60295, 49767, 73628, 41163, 91833, 78182, 82565, 25215, 96862, 76058, 44249, 82715, 20979, 71376, 27708, 78050, 40085, 30494, 46076, 48158, 98017, 59418, 77712, 4502, 58514, 86759, 30136, 53692, 84446, 34409, 6828, 35370, 50950, 51945, 59877, 55822, 81173, 57512, 24080, 92189, 34559, 32530, 48867, 64932, 44, 85888, 8300, 92843, 6844, 39222, 76898, 88754, 22876, 38074, 43299, 88699, 81654, 61902, 89999, 13497, 66668, 7338, 74096, 38397, 11013, 98336, 40480, 33892, 63626, 49088, 71312, 23172, 10803, 62392, 24917, 67254, 58009, 81336, 59457, 73844, 95696, 6506, 27308, 70695, 56701, 13067, 41613, 72662, 53528, 75491, 42519, 81780, 31754, 13856, 88917, 96452, 41223, 89774, 10407, 31336, 50783, 20291, 5997, 7069, 31395, 24625, 6189, 56620, 24762, 84988, 68874, 85812, 41091, 24302, 77112, 35149, 22780, 53184, 18627, 57549, 17465, 63612, 87939, 6980, 60883, 29814, 87238, 14952, 60779, 86760, 61062, 30267, 24445, 56989, 27229, 82900, 90023, 57786, 63779, 40235, 86679, 51776, 22058, 63483, 39593, 41554, 8133, 95503, 6716, 25867, 90267, 22987, 39665, 98545, 93605, 1747, 78248, 27473, 33109, 26918, 82634, 51318, 80099, 73743, 12182, 94300, 46775, 25047, 68889, 10070, 18361, 65084, 37080, 70960, 83222, 67058, 98067, 22471, 67691, 59607, 67337, 8930, 21238, 46639, 45431, 43153, 96128, 24156, 80501, 82080, 49059, 2091, 12212, 52072, 31681, 90064, 42922, 12694, 63500, 88958, 85424, 60965, 55836, 88426, 54941, 94663, 65220, 71036, 49752, 17451, 53699, 9314, 14619, 3290, 44849, 90564, 91441, 62905, 40530, 5641, 37318, 36823, 31308, 19382, 62343, 86280, 16633, 47566, 15336, 77921, 88788, 50425, 20260, 79556, 59009, 60227, 87434, 40228, 88797, 25912, 98562, 76789, 91824, 52309, 10258, 50738, 95463, 77205, 93493, 68362, 24106, 95689, 49524, 69579, 66348, 75971, 22529, 74132, 89303, 37488, 5127, 63655, 17283, 25796, 52901, 73353, 59242, 58591, 76499, 46764, 96815, 56675, 19904, 86086, 9538, 16381, 25966, 48189, 47295, 50918, 3257, 56486, 10672, 45517, 6977, 66557, 24565, 14166, 47870, 73695, 59021, 61532, 83752, 51246, 6816, 65190, 71364, 98756, 25731, 84141, 78432, 21130, 69362, 52504, 59655, 73856, 97330, 50721, 19705, 54620, 16926, 96429, 24048, 73377, 67355, 15053, 17980, 70735, 35236, 75523, 91241, 23447, 72477, 51156, 95259, 88333, 29494, 67321, 52714, 62917, 99842, 65229, 6617, 44275, 88720, 37853, 8770, 63811, 7507, 89636, 17817, 1558, 85068, 79776, 73733, 11481, 89926, 56682, 49746, 9429, 50818, 45883, 58652, 12423, 26431, 60221, 95661, 73944, 68283, 51044, 69558, 68608, 65135, 29404, 17239, 5514, 47278, 63393, 94877, 23491, 47292, 6877, 19032, 65956, 9732, 97912, 1976, 37613, 34466, 61934, 57269, 53618, 5940, 93510, 52374, 85684, 22266, 86296, 60665, 10810, 9462, 494, 58482, 75247, 71566, 31620, 58819, 97731, 83116, 7767, 83623, 12444, 57312, 49834, 46402, 98377, 30435, 36116, 16443, 25589, 45312, 64514, 37426, 76200, 11178, 7488, 18610, 92099, 97566, 6854, 33656, 17686, 10866, 73697, 81050, 12312, 6505, 95303, 61521, 72092, 94259, 32683, 45746, 77187, 88803, 39457, 40047, 95729, 22380, 62708, 14355, 83408, 29714, 50213, 24600, 63055, 94787, 52488, 53820, 72502, 35142, 82539, 36201, 83535, 70150, 4544, 53013, 91532, 98794, 75749, 37723, 24569, 90322, 279, 84293, 85419, 53204, 7321, 22724, 95538, 85836, 2877, 93721, 73981, 40836, 90505, 94370, 88415, 37372, 69317, 25860, 4116, 35759, 84385, 33447, 84816, 12456, 31068, 57878, 18743, 27118, 55146, 45045, 76854, 36409, 49423, 25447, 28432, 61176, 34319, 67878, 7127, 41048, 27399, 57337, 84290, 2409, 69039, 23729, 7494, 36747, 48478, 38848, 42755, 293, 91046, 40498, 48156, 87860, 19957, 4960, 74844, 19836, 92291, 57801, 90081, 88664, 17768, 78881, 47919, 71822, 34413, 1930, 46778, 88873, 89253, 43012, 48581, 9353, 85645, 13891, 48249, 50115, 66199, 3386, 20854, 99932, 28051, 71692, 93909, 74084, 74671, 89896, 50523, 88742, 12398, 72247, 55742, 51721, 34827, 36846, 62982, 39419, 78439, 9343, 48468, 84544, 39864, 76167, 43812, 71247, 20757, 1762, 41180, 27413, 60564, 22669, 82173, 16704, 46485, 72310, 26823, 41298, 58642, 32787, 90874, 58140, 56784, 29999, 8759, 96835, 78050, 41544, 1255, 17455, 33878, 64547, 58966, 82332, 5215, 48306, 8922, 24655, 4697, 70882, 84900, 82562, 62735, 34434, 73303, 61588, 35094, 68503, 41162, 54916, 58190, 12626, 60530, 22534, 77445, 84110, 41705, 60129, 60275, 26541, 44213, 1777, 13370, 3088, 42025, 39125, 6806, 57675, 48434, 98242, 36838, 43086, 11553, 17088, 22108, 72325, 25128, 87991, 65587, 14862, 36451, 44287, 9734, 15759, 72468, 61485, 14174, 26892, 64268, 19975, 5444, 33247, 50382, 76845, 87224, 36256, 66890, 95968, 72639, 77038, 43204, 39754, 36312, 74369, 96758, 27679, 249, 98284, 44817, 61235, 55085, 9992, 27298, 25783, 69424, 39622, 26481, 58524, 35109, 38014, 50849, 43262, 70599, 1236, 29822, 19493, 40976, 26562, 7919, 16019, 11304, 44960, 68766, 47516, 55933, 93459, 51964, 80457, 87397, 77661, 10867, 13339, 38927, 67085, 83000, 91594, 70221, 32812, 41638, 39247, 63161, 56481, 85947, 619, 54521, 29223, 59027, 34890, 77305, 79995, 54866, 56578, 59831, 16991, 48800, 12168, 58544, 42596, 87951, 65721, 11198, 23052, 15984, 12347, 45822, 1513, 17129, 34479, 87885, 87506, 81928, 20343, 45290, 20189, 98974, 29926, 61725, 72592, 35725, 72251, 55074, 7660, 24694]})"
562.0,9,164,42,40.65260052680969,10696,"Genotype(dna={""<class 'abc.NT_0017'>"": [1, 23052], ""<class 'abc.NT_0017_P_00000'>"": [], ""<class 'abc.NT_0005'>"": [0, 0, 35544, 1, 0, 1, 0, 1, 1, 1513], ""<class 'abc.NT_0005_P_00000'>"": [], ""<class 'abc.NT_0005_P_00001'>"": [], ""<class 'bool'>"": [50833, 28611, 95173, 92596, 84996, 15299, 84608, 73218, 73704, 53577, 54127, 73580, 61648, 63455, 34182, 28379, 9832, 69766, 27025, 9321, 39372, 40559, 45589, 21512, 9991, 31131, 22379, 82972, 66879, 7070, 87492, 33083, 92916, 1233, 89415, 28350, 54741, 51276, 16414, 74832, 4355, 87209, 57305, 93042, 23231, 67903, 93745, 31960, 29422, 28659, 99170, 40455, 13273, 92051, 14178, 78998, 45259, 78698, 95977, 93014, 83753, 21951, 16043, 13772, 66730, 10736, 57934, 29081, 62948, 99869, 41968, 82469, 93064, 59471, 51253, 67704, 97811, 82022, 87389, 59617, 67283, 63422, 70186, 58801, 23472, 68171, 46787, 87700, 86179, 38104, 2384, 90063, 6576, 80132, 98840, 65605, 74894, 53809, 99733, 89043, 84198, 62780, 94716, 23035, 32450, 31489, 41399, 87765, 69122, 99723, 54018, 92501, 39572, 89999, 58379, 67238, 50112, 90146, 55533, 46837, 57815, 68681, 79206, 32534, 3130, 58659, 69605, 82887, 74526, 5911, 58400, 62789, 48677, 31474, 44702, 39368, 40140, 19876, 33772, 86631, 58194, 70508], ""<class 'int'>"": [88091, 54758, 80960, 4147, 58985, 98835, 33177, 12380, 43928, 18156, 46293, 82997, 26546, 21931, 20632, 91665, 69275, 46303, 61738, 80613, 63967, 92163, 79154, 79668, 18313, 6071, 50712, 91463, 54716, 33220, 52575, 78591, 28324, 24851, 385, 86434, 6594, 95864, 4088, 31907, 5028, 70908, 60125, 88976, 64506, 45119, 63026, 18677, 76141, 62129, 40973, 74468, 90479, 50241, 61828, 14495, 64587, 47259, 69389, 59226, 21182, 99643, 3451, 67066, 55205, 22485, 89443, 19030, 10288, 23574, 78426, 55280, 17305, 68878, 94325, 9074, 35370, 56456, 95300, 73961, 59051, 835, 21640, 2744, 30054, 96306, 55542, 57066, 65643, 97962, 97088, 62680, 24967, 56005, 85155, 81002, 48234, 28842, 92105, 38714, 65511, 82476, 73240, 25988, 68682, 4749, 1059, 85277, 54664, 55169, 72830, 29209, 32377, 56597, 43815, 46740, 16019, 36704, 91606, 3697, 42934, 87720, 75207, 56054, 59737, 79252, 96186, 60558, 8582, 3209, 7798, 18736, 20655, 95860, 60671, 36386, 88318, 80757, 49888, 58523, 36742, 48071, 76427, 91397, 47115, 74907, 19807, 19166, 48854, 4778, 9526, 30084, 70329, 29929, 24152, 98179, 6661, 59360, 47157, 52018, 24734, 716, 46264, 89982, 86072, 78100, 64619, 77321], ""<class 'abc.NT_0010'>"": [0, 0, 1, 53054], ""<class 'abc.NT_0010_P_00000'>"": [], ""<class 'abc.NT_0006'>"": [2, 2, 0, 1, 1302, 1892], ""<class 'abc.NT_0006_P_00000'>"": [], ""<class 'abc.NT_0006_P_00001'>"": [], ""<class 'abc.NT_0002'>"": [1, 1, 2, 1, 1, 1, 1, 0, 2, 1, 41818, 0, 2, 0, 1, 0, 2, 1, 53720, 1, 0, 0, 69722, 1, 8713, 0, 0, 2, 0, 0, 0, 2, 1, 64800, 99864], ""<class 'abc.NT_0002_P_00000'>"": [], ""<class 'abc.NT_0001'>"": [1, 1, 1, 0, 0, 0, 0, 1, 1, 1, 1, 0, 1, 16227, 1, 1, 1, 1, 0, 0, 10290, 0, 0, 0, 0, 0, 1, 40887, 0, 0, 0, 0, 0, 0, 0, 0, 0, 1, 0, 0, 0, 0, 76558, 0, 0, 0, 1, 0, 0, 26591, 1, 1, 1, 0, 1, 0, 0, 45290], ""<class 'abc.NT_0001_P_00000'>"": [], ""<class 'abc.NT_0001_P_00001'>"": [], ""<class 'abc.NT_0000'>"": [0, 1, 1, 94528, 1, 0, 1, 1, 31647, 1, 1, 80324, 0, 0, 75412, 1, 69944, 1, 0, 0, 0, 1, 0, 0, 0, 1, 1, 0, 1, 3483, 1, 0, 42401, 0, 0, 0, 0, 54668, 66557, 1, 0, 1, 1, 0, 0, 21028, 54540, 1, 5444, 3614, 1, 0, 0, 0, 0, 0, 71485, 1, 0, 0, 0, 0, 1, 20343], ""<class 'abc.NT_0000_P_00000'>"": [], ""<class 'abc.NT_0000_P_00001'>"": [], ""<class 'abc.NT_0002_P_00001'>"": [], ""<class 'abc.NT_0002_P_00002'>"": [], ""<class 'abc.NT_0006_P_00002'>"": [], ""<class 'abc.NT_0007'>"": [1, 0, 1, 2, 87885, 72251, 55074], ""<class 'abc.NT_0007_P_00000'>"": [], ""<class 'abc.NT_0007_P_00001'>"": [], ""<class 'abc.NT_0007_P_00002'>"": [], ""<class 'abc.NT_0004'>"": [1, 1, 77639, 2, 1, 2, 63194, 90154], ""<class 'abc.NT_0004_P_00000'>"": [], ""<class 'abc.NT_0003'>"": [10039, 1, 0, 1, 98974, 61725, 72592, 35725, 7660], ""<class 'abc.NT_0003_P_00000'>"": [], ""<class 'abc.NT_0003_P_00001'>"": [], ""<class 'abc.NT_0003_P_00002'>"": [], ""<class 'abc.NT_0003_P_00003'>"": [], ""<class 'abc.NT_0004_P_00001'>"": [], ""<class 'abc.NT_0004_P_00002'>"": [], ""<class 'abc.NT_0009'>"": [3, 0, 1, 1, 0, 45822], ""<class 'abc.NT_0009_P_00000'>"": [], ""<class 'abc.NT_0008'>"": [15828, 0, 83857, 0, 0, 0, 17129], ""<class 'abc.NT_0008_P_00000'>"": [], ""<class 'abc.NT_0009_P_00001'>"": [], ""<class 'abc.NT_0009_P_00002'>"": [], ""<class 'abc.NT_0009_P_00003'>"": [], ""<class 'abc.NT_0010_P_00001'>"": [], ""<class 'abc.NT_0010_P_00002'>"": [], ""<class 'abc.NT_0017_P_00001'>"": [], ""<class 'abc.NT_0012'>"": [0, 0, 27606, 0, 0, 65962], ""<class 'abc.NT_0012_P_00000'>"": [], ""<class 'abc.NT_0012_P_00001'>"": [], ""<class 'abc.NT_0017_P_00002'>"": [], ""<class 'abc.NT_0013'>"": [], ""<class 'abc.NT_0013_P_00000'>"": [], ""<class 'abc.NT_0011'>"": [0, 94522], ""<class 'abc.NT_0011_P_00000'>"": [], ""<class 'abc.NT_0011_P_00001'>"": [], ""<class 'abc.NT_0011_P_00002'>"": [], ""<class 'abc.NT_0013_P_00001'>"": [], ""<class 'abc.NT_0013_P_00002'>"": [], ""<class 'abc.NT_0017_P_00003'>"": [], ""<class 'abc.NT_0016'>"": [0, 20070], ""<class 'abc.NT_0016_P_00000'>"": [], ""<class 'abc.NT_0016_P_00001'>"": [], ""<class 'abc.NT_0016_P_00002'>"": [], '$leftovers': [13707, 7777, 43103, 79112, 41937, 82055, 41802, 80929, 37572, 24235, 1002, 66268, 87311, 99058, 42897, 54099, 4751, 39061, 38658, 18856, 32793, 32020, 84694, 43326, 66351, 11593, 16559, 82179, 29701, 14785, 63931, 19995, 86098, 88506, 88906, 98218, 57143, 64899, 75531, 17691, 63845, 68413, 76826, 30524, 48607, 6718, 24768, 14247, 23842, 98884, 92372, 55279, 40315, 43705, 6728, 53868, 34432, 73753, 89438, 79733, 83929, 38685, 35410, 5343, 16823, 35888, 70000, 12879, 27426, 44726, 95438, 53746, 11554, 35563, 36846, 46156, 65002, 72433, 85297, 12477, 3511, 72425, 53166, 5796, 30717, 45518, 76561, 21526, 65748, 18017, 64172, 9175, 16724, 51276, 1749, 5687, 47923, 68260, 48548, 94393, 55323, 76604, 84009, 54574, 8798, 35733, 67233, 4198, 56844, 12629, 29196, 81671, 71295, 84963, 73193, 37662, 77918, 40265, 71387, 2776, 72056, 79890, 24380, 6524, 11920, 82004, 80554, 7771, 51485, 29874, 64851, 32118, 68660, 22646, 40503, 29950, 45632, 59339, 63591, 66553, 79195, 90039, 8891, 94412, 82595, 43578, 41060, 60184, 28053, 84947, 77614, 38864, 91374, 58545, 50015, 19960, 7381, 78763, 85070, 21507, 19025, 51930, 32629, 45143, 39756, 26052, 37388, 90108, 9391, 53674, 16962, 24269, 95106, 99931, 56381, 37781, 12365, 84199, 30949, 74271, 916, 85830, 97679, 18102, 478, 75886, 30302, 21977, 90537, 30063, 19357, 81788, 35261, 14719, 66114, 20921, 20240, 5992, 58367, 9680, 68600, 85141, 46379, 54808, 83564, 47005, 66549, 22371, 91024, 89979, 20226, 63714, 58641, 45142, 46907, 57602, 15144, 97990, 7439, 11158, 59469, 11328, 80659, 5962, 25695, 77537, 11892, 91592, 56748, 38581, 37353, 71743, 70419, 27563, 8343, 51963, 16605, 94638, 42057, 61173, 28541, 41743, 60295, 49767, 73628, 41163, 91833, 78182, 82565, 25215, 96862, 76058, 44249, 82715, 20979, 71376, 27708, 78050, 40085, 30494, 46076, 48158, 98017, 59418, 77712, 4502, 58514, 86759, 30136, 53692, 84446, 34409, 6828, 35370, 50950, 51945, 59877, 55822, 81173, 57512, 24080, 92189, 34559, 32530, 48867, 64932, 44, 85888, 8300, 92843, 6844, 39222, 76898, 88754, 22876, 38074, 43299, 88699, 81654, 61902, 89999, 13497, 66668, 7338, 74096, 38397, 11013, 98336, 40480, 33892, 63626, 49088, 71312, 23172, 10803, 62392, 24917, 67254, 58009, 81336, 59457, 73844, 95696, 6506, 27308, 70695, 56701, 13067, 41613, 72662, 53528, 75491, 42519, 81780, 31754, 13856, 88917, 96452, 41223, 89774, 10407, 31336, 50783, 20291, 5997, 7069, 31395, 24625, 6189, 56620, 24762, 84988, 68874, 85812, 41091, 24302, 77112, 35149, 22780, 53184, 18627, 57549, 17465, 63612, 87939, 6980, 60883, 29814, 87238, 14952, 60779, 86760, 61062, 30267, 24445, 56989, 27229, 82900, 90023, 57786, 63779, 40235, 86679, 51776, 22058, 63483, 39593, 41554, 8133, 95503, 6716, 25867, 90267, 22987, 39665, 98545, 93605, 1747, 78248, 27473, 33109, 26918, 82634, 51318, 80099, 73743, 12182, 94300, 46775, 25047, 68889, 10070, 18361, 65084, 37080, 70960, 83222, 67058, 98067, 22471, 67691, 59607, 67337, 8930, 21238, 46639, 45431, 43153, 96128, 24156, 80501, 82080, 49059, 2091, 12212, 52072, 31681, 90064, 42922, 12694, 63500, 88958, 85424, 60965, 55836, 88426, 54941, 94663, 65220, 71036, 49752, 17451, 53699, 9314, 14619, 3290, 44849, 90564, 91441, 62905, 40530, 5641, 37318, 36823, 31308, 19382, 62343, 86280, 16633, 47566, 15336, 77921, 88788, 50425, 20260, 79556, 59009, 60227, 87434, 40228, 88797, 25912, 98562, 76789, 91824, 52309, 10258, 50738, 95463, 77205, 93493, 68362, 24106, 95689, 49524, 69579, 66348, 75971, 22529, 74132, 89303, 37488, 5127, 63655, 17283, 25796, 52901, 73353, 59242, 58591, 76499, 46764, 96815, 56675, 19904, 86086, 9538, 16381, 25966, 48189, 47295, 50918, 3257, 56486, 10672, 45517, 6977, 66557, 24565, 14166, 47870, 73695, 59021, 61532, 83752, 51246, 6816, 65190, 71364, 98756, 25731, 84141, 78432, 21130, 69362, 52504, 59655, 73856, 97330, 50721, 19705, 54620, 16926, 96429, 24048, 73377, 67355, 15053, 17980, 70735, 35236, 75523, 91241, 23447, 72477, 51156, 95259, 88333, 29494, 67321, 52714, 62917, 99842, 65229, 6617, 44275, 88720, 37853, 8770, 63811, 7507, 89636, 17817, 1558, 85068, 79776, 73733, 11481, 89926, 56682, 49746, 9429, 50818, 45883, 58652, 12423, 26431, 60221, 95661, 73944, 68283, 51044, 69558, 68608, 65135, 29404, 17239, 5514, 47278, 63393, 94877, 23491, 47292, 6877, 19032, 65956, 9732, 97912, 1976, 37613, 34466, 61934, 57269, 53618, 5940, 93510, 52374, 85684, 22266, 86296, 60665, 10810, 9462, 494, 58482, 75247, 71566, 31620, 58819, 97731, 83116, 7767, 83623, 12444, 57312, 49834, 46402, 98377, 30435, 36116, 16443, 25589, 45312, 64514, 37426, 76200, 11178, 7488, 18610, 92099, 97566, 6854, 33656, 17686, 10866, 73697, 81050, 12312, 6505, 95303, 61521, 72092, 94259, 32683, 45746, 77187, 88803, 39457, 40047, 95729, 22380, 62708, 14355, 83408, 29714, 50213, 24600, 63055, 94787, 52488, 53820, 72502, 35142, 82539, 36201, 83535, 70150, 4544, 53013, 91532, 98794, 75749, 37723, 24569, 90322, 279, 84293, 85419, 53204, 7321, 22724, 95538, 85836, 2877, 93721, 73981, 40836, 90505, 94370, 88415, 37372, 69317, 25860, 4116, 35759, 84385, 33447, 84816, 12456, 31068, 57878, 18743, 27118, 55146, 45045, 76854, 36409, 49423, 25447, 28432, 61176, 34319, 67878, 7127, 41048, 27399, 57337, 84290, 2409, 69039, 23729, 7494, 36747, 48478, 38848, 42755, 293, 91046, 40498, 48156, 87860, 19957, 4960, 74844, 19836, 92291, 57801, 90081, 88664, 17768, 78881, 47919, 71822, 34413, 1930, 46778, 88873, 89253, 43012, 48581, 9353, 85645, 13891, 48249, 50115, 66199, 3386, 20854, 99932, 28051, 71692, 93909, 74084, 74671, 89896, 50523, 88742, 12398, 72247, 55742, 51721, 34827, 36846, 62982, 39419, 78439, 9343, 48468, 84544, 39864, 76167, 43812, 71247, 20757, 1762, 41180, 27413, 60564, 22669, 82173, 16704, 46485, 72310, 26823, 41298, 58642, 32787, 90874, 58140, 56784, 29999, 8759, 96835, 78050, 41544, 1255, 17455, 33878, 64547, 58966, 82332, 5215, 48306, 8922, 24655, 4697, 70882, 84900, 82562, 62735, 34434, 73303, 61588, 35094, 68503, 41162, 54916, 58190, 12626, 60530, 22534, 77445, 84110, 41705, 60129, 60275, 26541, 44213, 1777, 13370, 3088, 42025, 39125, 6806, 57675, 48434, 98242, 36838, 43086, 11553, 17088, 22108, 72325, 25128, 87991, 65587, 14862, 36451, 44287, 9734, 15759, 72468, 61485, 14174, 26892, 64268, 19975, 5444, 33247, 50382, 76845, 87224, 36256, 66890, 95968, 72639, 77038, 43204, 39754, 36312, 74369, 96758, 27679, 249, 98284, 44817, 61235, 55085, 9992, 27298, 25783, 69424, 39622, 26481, 58524, 35109, 38014, 50849, 43262, 70599, 1236, 29822, 19493, 40976, 26562, 7919, 16019, 11304, 44960, 68766, 47516, 55933, 93459, 51964, 80457, 87397, 77661, 10867, 13339, 38927, 67085, 83000, 91594, 70221, 32812, 41638, 39247, 63161, 56481, 85947, 619, 54521, 29223, 59027, 34890, 77305, 79995, 54866, 56578, 59831, 16991, 48800, 12168, 58544, 42596, 87951, 65721, 11198, 23052, 15984, 12347, 45822, 1513, 17129, 34479, 87885, 87506, 81928, 20343, 45290, 20189, 98974, 29926, 61725, 72592, 35725, 72251, 55074, 7660, 24694]})"
562.0,9,164,43,41.19326996803284,10696,"Genotype(dna={""<class 'abc.NT_0017'>"": [1, 23052], ""<class 'abc.NT_0017_P_00000'>"": [], ""<class 'abc.NT_0005'>"": [0, 0, 35544, 1, 0, 1, 0, 1, 1, 1513], ""<class 'abc.NT_0005_P_00000'>"": [], ""<class 'abc.NT_0005_P_00001'>"": [], ""<class 'bool'>"": [50833, 28611, 95173, 92596, 84996, 15299, 84608, 73218, 73704, 53577, 54127, 73580, 61648, 63455, 34182, 28379, 9832, 69766, 27025, 9321, 39372, 40559, 45589, 21512, 9991, 31131, 22379, 82972, 66879, 7070, 87492, 33083, 92916, 1233, 89415, 28350, 54741, 51276, 16414, 74832, 4355, 87209, 57305, 93042, 23231, 67903, 93745, 31960, 29422, 28659, 99170, 40455, 13273, 92051, 14178, 78998, 45259, 78698, 95977, 93014, 83753, 21951, 16043, 13772, 66730, 10736, 57934, 29081, 62948, 99869, 41968, 82469, 93064, 59471, 51253, 67704, 97811, 82022, 87389, 59617, 67283, 63422, 70186, 58801, 23472, 68171, 46787, 87700, 86179, 38104, 2384, 90063, 6576, 80132, 98840, 65605, 74894, 53809, 99733, 89043, 84198, 62780, 94716, 23035, 32450, 31489, 41399, 87765, 69122, 99723, 54018, 92501, 39572, 89999, 58379, 67238, 50112, 90146, 55533, 46837, 57815, 68681, 79206, 32534, 3130, 58659, 69605, 82887, 74526, 5911, 58400, 62789, 48677, 31474, 44702, 39368, 40140, 19876, 33772, 86631, 58194, 70508], ""<class 'int'>"": [88091, 54758, 80960, 4147, 58985, 98835, 33177, 12380, 43928, 18156, 46293, 82997, 26546, 21931, 20632, 91665, 69275, 46303, 61738, 80613, 63967, 92163, 79154, 79668, 18313, 6071, 50712, 91463, 54716, 33220, 52575, 78591, 28324, 24851, 385, 86434, 6594, 95864, 4088, 31907, 5028, 70908, 60125, 88976, 64506, 45119, 63026, 18677, 76141, 62129, 40973, 74468, 90479, 50241, 61828, 14495, 64587, 47259, 69389, 59226, 21182, 99643, 3451, 67066, 55205, 22485, 89443, 19030, 10288, 23574, 78426, 55280, 17305, 68878, 94325, 9074, 35370, 56456, 95300, 73961, 59051, 835, 21640, 2744, 30054, 96306, 55542, 57066, 65643, 97962, 97088, 62680, 24967, 56005, 85155, 81002, 48234, 28842, 92105, 38714, 65511, 82476, 73240, 25988, 68682, 4749, 1059, 85277, 54664, 55169, 72830, 29209, 32377, 56597, 43815, 46740, 16019, 36704, 91606, 3697, 42934, 87720, 75207, 56054, 59737, 79252, 96186, 60558, 8582, 3209, 7798, 18736, 20655, 95860, 60671, 36386, 88318, 80757, 49888, 58523, 36742, 48071, 76427, 91397, 47115, 74907, 19807, 19166, 48854, 4778, 9526, 30084, 70329, 29929, 24152, 98179, 6661, 59360, 47157, 52018, 24734, 716, 46264, 89982, 86072, 78100, 64619, 77321], ""<class 'abc.NT_0010'>"": [0, 0, 1, 53054], ""<class 'abc.NT_0010_P_00000'>"": [], ""<class 'abc.NT_0006'>"": [2, 2, 0, 1, 1302, 1892], ""<class 'abc.NT_0006_P_00000'>"": [], ""<class 'abc.NT_0006_P_00001'>"": [], ""<class 'abc.NT_0002'>"": [1, 1, 2, 1, 1, 1, 1, 0, 2, 1, 41818, 0, 2, 0, 1, 0, 2, 1, 53720, 1, 0, 0, 69722, 1, 8713, 0, 0, 2, 0, 0, 0, 2, 1, 64800, 99864], ""<class 'abc.NT_0002_P_00000'>"": [], ""<class 'abc.NT_0001'>"": [1, 1, 1, 0, 0, 0, 0, 1, 1, 1, 1, 0, 1, 16227, 1, 1, 1, 1, 0, 0, 10290, 0, 0, 0, 0, 0, 1, 40887, 0, 0, 0, 0, 0, 0, 0, 0, 0, 1, 0, 0, 0, 0, 76558, 0, 0, 0, 1, 0, 0, 26591, 1, 1, 1, 0, 1, 0, 0, 45290], ""<class 'abc.NT_0001_P_00000'>"": [], ""<class 'abc.NT_0001_P_00001'>"": [], ""<class 'abc.NT_0000'>"": [0, 1, 1, 94528, 1, 0, 1, 1, 31647, 1, 1, 80324, 0, 0, 75412, 1, 69944, 1, 0, 0, 0, 1, 0, 0, 0, 1, 1, 0, 1, 3483, 1, 0, 42401, 0, 0, 0, 0, 54668, 66557, 1, 0, 1, 1, 0, 0, 21028, 54540, 1, 5444, 3614, 1, 0, 0, 0, 0, 0, 71485, 1, 0, 0, 0, 0, 1, 20343], ""<class 'abc.NT_0000_P_00000'>"": [], ""<class 'abc.NT_0000_P_00001'>"": [], ""<class 'abc.NT_0002_P_00001'>"": [], ""<class 'abc.NT_0002_P_00002'>"": [], ""<class 'abc.NT_0006_P_00002'>"": [], ""<class 'abc.NT_0007'>"": [1, 0, 1, 2, 87885, 72251, 55074], ""<class 'abc.NT_0007_P_00000'>"": [], ""<class 'abc.NT_0007_P_00001'>"": [], ""<class 'abc.NT_0007_P_00002'>"": [], ""<class 'abc.NT_0004'>"": [1, 1, 77639, 2, 1, 2, 63194, 90154], ""<class 'abc.NT_0004_P_00000'>"": [], ""<class 'abc.NT_0003'>"": [10039, 1, 0, 1, 98974, 61725, 72592, 35725, 7660], ""<class 'abc.NT_0003_P_00000'>"": [], ""<class 'abc.NT_0003_P_00001'>"": [], ""<class 'abc.NT_0003_P_00002'>"": [], ""<class 'abc.NT_0003_P_00003'>"": [], ""<class 'abc.NT_0004_P_00001'>"": [], ""<class 'abc.NT_0004_P_00002'>"": [], ""<class 'abc.NT_0009'>"": [3, 0, 1, 1, 0, 45822], ""<class 'abc.NT_0009_P_00000'>"": [], ""<class 'abc.NT_0008'>"": [15828, 0, 83857, 0, 0, 0, 17129], ""<class 'abc.NT_0008_P_00000'>"": [], ""<class 'abc.NT_0009_P_00001'>"": [], ""<class 'abc.NT_0009_P_00002'>"": [], ""<class 'abc.NT_0009_P_00003'>"": [], ""<class 'abc.NT_0010_P_00001'>"": [], ""<class 'abc.NT_0010_P_00002'>"": [], ""<class 'abc.NT_0017_P_00001'>"": [], ""<class 'abc.NT_0012'>"": [0, 0, 27606, 0, 0, 65962], ""<class 'abc.NT_0012_P_00000'>"": [], ""<class 'abc.NT_0012_P_00001'>"": [], ""<class 'abc.NT_0017_P_00002'>"": [], ""<class 'abc.NT_0013'>"": [], ""<class 'abc.NT_0013_P_00000'>"": [], ""<class 'abc.NT_0011'>"": [0, 94522], ""<class 'abc.NT_0011_P_00000'>"": [], ""<class 'abc.NT_0011_P_00001'>"": [], ""<class 'abc.NT_0011_P_00002'>"": [], ""<class 'abc.NT_0013_P_00001'>"": [], ""<class 'abc.NT_0013_P_00002'>"": [], ""<class 'abc.NT_0017_P_00003'>"": [], ""<class 'abc.NT_0016'>"": [0, 20070], ""<class 'abc.NT_0016_P_00000'>"": [], ""<class 'abc.NT_0016_P_00001'>"": [], ""<class 'abc.NT_0016_P_00002'>"": [], '$leftovers': [13707, 7777, 43103, 79112, 41937, 82055, 41802, 80929, 37572, 24235, 1002, 66268, 87311, 99058, 42897, 54099, 4751, 39061, 38658, 18856, 32793, 32020, 84694, 43326, 66351, 11593, 16559, 82179, 29701, 14785, 63931, 19995, 86098, 88506, 88906, 98218, 57143, 64899, 75531, 17691, 63845, 68413, 76826, 30524, 48607, 6718, 24768, 14247, 23842, 98884, 92372, 55279, 40315, 43705, 6728, 53868, 34432, 73753, 89438, 79733, 83929, 38685, 35410, 5343, 16823, 35888, 70000, 12879, 27426, 44726, 95438, 53746, 11554, 35563, 36846, 46156, 65002, 72433, 85297, 12477, 3511, 72425, 53166, 5796, 30717, 45518, 76561, 21526, 65748, 18017, 64172, 9175, 16724, 51276, 1749, 5687, 47923, 68260, 48548, 94393, 55323, 76604, 84009, 54574, 8798, 35733, 67233, 4198, 56844, 12629, 29196, 81671, 71295, 84963, 73193, 37662, 77918, 40265, 71387, 2776, 72056, 79890, 24380, 6524, 11920, 82004, 80554, 7771, 51485, 29874, 64851, 32118, 68660, 22646, 40503, 29950, 45632, 59339, 63591, 66553, 79195, 90039, 8891, 94412, 82595, 43578, 41060, 60184, 28053, 84947, 77614, 38864, 91374, 58545, 50015, 19960, 7381, 78763, 85070, 21507, 19025, 51930, 32629, 45143, 39756, 26052, 37388, 90108, 9391, 53674, 16962, 24269, 95106, 99931, 56381, 37781, 12365, 84199, 30949, 74271, 916, 85830, 97679, 18102, 478, 75886, 30302, 21977, 90537, 30063, 19357, 81788, 35261, 14719, 66114, 20921, 20240, 5992, 58367, 9680, 68600, 85141, 46379, 54808, 83564, 47005, 66549, 22371, 91024, 89979, 20226, 63714, 58641, 45142, 46907, 57602, 15144, 97990, 7439, 11158, 59469, 11328, 80659, 5962, 25695, 77537, 11892, 91592, 56748, 38581, 37353, 71743, 70419, 27563, 8343, 51963, 16605, 94638, 42057, 61173, 28541, 41743, 60295, 49767, 73628, 41163, 91833, 78182, 82565, 25215, 96862, 76058, 44249, 82715, 20979, 71376, 27708, 78050, 40085, 30494, 46076, 48158, 98017, 59418, 77712, 4502, 58514, 86759, 30136, 53692, 84446, 34409, 6828, 35370, 50950, 51945, 59877, 55822, 81173, 57512, 24080, 92189, 34559, 32530, 48867, 64932, 44, 85888, 8300, 92843, 6844, 39222, 76898, 88754, 22876, 38074, 43299, 88699, 81654, 61902, 89999, 13497, 66668, 7338, 74096, 38397, 11013, 98336, 40480, 33892, 63626, 49088, 71312, 23172, 10803, 62392, 24917, 67254, 58009, 81336, 59457, 73844, 95696, 6506, 27308, 70695, 56701, 13067, 41613, 72662, 53528, 75491, 42519, 81780, 31754, 13856, 88917, 96452, 41223, 89774, 10407, 31336, 50783, 20291, 5997, 7069, 31395, 24625, 6189, 56620, 24762, 84988, 68874, 85812, 41091, 24302, 77112, 35149, 22780, 53184, 18627, 57549, 17465, 63612, 87939, 6980, 60883, 29814, 87238, 14952, 60779, 86760, 61062, 30267, 24445, 56989, 27229, 82900, 90023, 57786, 63779, 40235, 86679, 51776, 22058, 63483, 39593, 41554, 8133, 95503, 6716, 25867, 90267, 22987, 39665, 98545, 93605, 1747, 78248, 27473, 33109, 26918, 82634, 51318, 80099, 73743, 12182, 94300, 46775, 25047, 68889, 10070, 18361, 65084, 37080, 70960, 83222, 67058, 98067, 22471, 67691, 59607, 67337, 8930, 21238, 46639, 45431, 43153, 96128, 24156, 80501, 82080, 49059, 2091, 12212, 52072, 31681, 90064, 42922, 12694, 63500, 88958, 85424, 60965, 55836, 88426, 54941, 94663, 65220, 71036, 49752, 17451, 53699, 9314, 14619, 3290, 44849, 90564, 91441, 62905, 40530, 5641, 37318, 36823, 31308, 19382, 62343, 86280, 16633, 47566, 15336, 77921, 88788, 50425, 20260, 79556, 59009, 60227, 87434, 40228, 88797, 25912, 98562, 76789, 91824, 52309, 10258, 50738, 95463, 77205, 93493, 68362, 24106, 95689, 49524, 69579, 66348, 75971, 22529, 74132, 89303, 37488, 5127, 63655, 17283, 25796, 52901, 73353, 59242, 58591, 76499, 46764, 96815, 56675, 19904, 86086, 9538, 16381, 25966, 48189, 47295, 50918, 3257, 56486, 10672, 45517, 6977, 66557, 24565, 14166, 47870, 73695, 59021, 61532, 83752, 51246, 6816, 65190, 71364, 98756, 25731, 84141, 78432, 21130, 69362, 52504, 59655, 73856, 97330, 50721, 19705, 54620, 16926, 96429, 24048, 73377, 67355, 15053, 17980, 70735, 35236, 75523, 91241, 23447, 72477, 51156, 95259, 88333, 29494, 67321, 52714, 62917, 99842, 65229, 6617, 44275, 88720, 37853, 8770, 63811, 7507, 89636, 17817, 1558, 85068, 79776, 73733, 11481, 89926, 56682, 49746, 9429, 50818, 45883, 58652, 12423, 26431, 60221, 95661, 73944, 68283, 51044, 69558, 68608, 65135, 29404, 17239, 5514, 47278, 63393, 94877, 23491, 47292, 6877, 19032, 65956, 9732, 97912, 1976, 37613, 34466, 61934, 57269, 53618, 5940, 93510, 52374, 85684, 22266, 86296, 60665, 10810, 9462, 494, 58482, 75247, 71566, 31620, 58819, 97731, 83116, 7767, 83623, 12444, 57312, 49834, 46402, 98377, 30435, 36116, 16443, 25589, 45312, 64514, 37426, 76200, 11178, 7488, 18610, 92099, 97566, 6854, 33656, 17686, 10866, 73697, 81050, 12312, 6505, 95303, 61521, 72092, 94259, 32683, 45746, 77187, 88803, 39457, 40047, 95729, 22380, 62708, 14355, 83408, 29714, 50213, 24600, 63055, 94787, 52488, 53820, 72502, 35142, 82539, 36201, 83535, 70150, 4544, 53013, 91532, 98794, 75749, 37723, 24569, 90322, 279, 84293, 85419, 53204, 7321, 22724, 95538, 85836, 2877, 93721, 73981, 40836, 90505, 94370, 88415, 37372, 69317, 25860, 4116, 35759, 84385, 33447, 84816, 12456, 31068, 57878, 18743, 27118, 55146, 45045, 76854, 36409, 49423, 25447, 28432, 61176, 34319, 67878, 7127, 41048, 27399, 57337, 84290, 2409, 69039, 23729, 7494, 36747, 48478, 38848, 42755, 293, 91046, 40498, 48156, 87860, 19957, 4960, 74844, 19836, 92291, 57801, 90081, 88664, 17768, 78881, 47919, 71822, 34413, 1930, 46778, 88873, 89253, 43012, 48581, 9353, 85645, 13891, 48249, 50115, 66199, 3386, 20854, 99932, 28051, 71692, 93909, 74084, 74671, 89896, 50523, 88742, 12398, 72247, 55742, 51721, 34827, 36846, 62982, 39419, 78439, 9343, 48468, 84544, 39864, 76167, 43812, 71247, 20757, 1762, 41180, 27413, 60564, 22669, 82173, 16704, 46485, 72310, 26823, 41298, 58642, 32787, 90874, 58140, 56784, 29999, 8759, 96835, 78050, 41544, 1255, 17455, 33878, 64547, 58966, 82332, 5215, 48306, 8922, 24655, 4697, 70882, 84900, 82562, 62735, 34434, 73303, 61588, 35094, 68503, 41162, 54916, 58190, 12626, 60530, 22534, 77445, 84110, 41705, 60129, 60275, 26541, 44213, 1777, 13370, 3088, 42025, 39125, 6806, 57675, 48434, 98242, 36838, 43086, 11553, 17088, 22108, 72325, 25128, 87991, 65587, 14862, 36451, 44287, 9734, 15759, 72468, 61485, 14174, 26892, 64268, 19975, 5444, 33247, 50382, 76845, 87224, 36256, 66890, 95968, 72639, 77038, 43204, 39754, 36312, 74369, 96758, 27679, 249, 98284, 44817, 61235, 55085, 9992, 27298, 25783, 69424, 39622, 26481, 58524, 35109, 38014, 50849, 43262, 70599, 1236, 29822, 19493, 40976, 26562, 7919, 16019, 11304, 44960, 68766, 47516, 55933, 93459, 51964, 80457, 87397, 77661, 10867, 13339, 38927, 67085, 83000, 91594, 70221, 32812, 41638, 39247, 63161, 56481, 85947, 619, 54521, 29223, 59027, 34890, 77305, 79995, 54866, 56578, 59831, 16991, 48800, 12168, 58544, 42596, 87951, 65721, 11198, 23052, 15984, 12347, 45822, 1513, 17129, 34479, 87885, 87506, 81928, 20343, 45290, 20189, 98974, 29926, 61725, 72592, 35725, 72251, 55074, 7660, 24694]})"
562.0,9,164,44,41.70324921607971,10696,"Genotype(dna={""<class 'abc.NT_0017'>"": [1, 23052], ""<class 'abc.NT_0017_P_00000'>"": [], ""<class 'abc.NT_0005'>"": [0, 0, 35544, 1, 0, 1, 0, 1, 1, 1513], ""<class 'abc.NT_0005_P_00000'>"": [], ""<class 'abc.NT_0005_P_00001'>"": [], ""<class 'bool'>"": [50833, 28611, 95173, 92596, 84996, 15299, 84608, 73218, 73704, 53577, 54127, 73580, 61648, 63455, 34182, 28379, 9832, 69766, 27025, 9321, 39372, 40559, 45589, 21512, 9991, 31131, 22379, 82972, 66879, 7070, 87492, 33083, 92916, 1233, 89415, 28350, 54741, 51276, 16414, 74832, 4355, 87209, 57305, 93042, 23231, 67903, 93745, 31960, 29422, 28659, 99170, 40455, 13273, 92051, 14178, 78998, 45259, 78698, 95977, 93014, 83753, 21951, 16043, 13772, 66730, 10736, 57934, 29081, 62948, 99869, 41968, 82469, 93064, 59471, 51253, 67704, 97811, 82022, 87389, 59617, 67283, 63422, 70186, 58801, 23472, 68171, 46787, 87700, 86179, 38104, 2384, 90063, 6576, 80132, 98840, 65605, 74894, 53809, 99733, 89043, 84198, 62780, 94716, 23035, 32450, 31489, 41399, 87765, 69122, 99723, 54018, 92501, 39572, 89999, 58379, 67238, 50112, 90146, 55533, 46837, 57815, 68681, 79206, 32534, 3130, 58659, 69605, 82887, 74526, 5911, 58400, 62789, 48677, 31474, 44702, 39368, 40140, 19876, 33772, 86631, 58194, 70508], ""<class 'int'>"": [88091, 54758, 80960, 4147, 58985, 98835, 33177, 12380, 43928, 18156, 46293, 82997, 26546, 21931, 20632, 91665, 69275, 46303, 61738, 80613, 63967, 92163, 79154, 79668, 18313, 6071, 50712, 91463, 54716, 33220, 52575, 78591, 28324, 24851, 385, 86434, 6594, 95864, 4088, 31907, 5028, 70908, 60125, 88976, 64506, 45119, 63026, 18677, 76141, 62129, 40973, 74468, 90479, 50241, 61828, 14495, 64587, 47259, 69389, 59226, 21182, 99643, 3451, 67066, 55205, 22485, 89443, 19030, 10288, 23574, 78426, 55280, 17305, 68878, 94325, 9074, 35370, 56456, 95300, 73961, 59051, 835, 21640, 2744, 30054, 96306, 55542, 57066, 65643, 97962, 97088, 62680, 24967, 56005, 85155, 81002, 48234, 28842, 92105, 38714, 65511, 82476, 73240, 25988, 68682, 4749, 1059, 85277, 54664, 55169, 72830, 29209, 32377, 56597, 43815, 46740, 16019, 36704, 91606, 3697, 42934, 87720, 75207, 56054, 59737, 79252, 96186, 60558, 8582, 3209, 7798, 18736, 20655, 95860, 60671, 36386, 88318, 80757, 49888, 58523, 36742, 48071, 76427, 91397, 47115, 74907, 19807, 19166, 48854, 4778, 9526, 30084, 70329, 29929, 24152, 98179, 6661, 59360, 47157, 52018, 24734, 716, 46264, 89982, 86072, 78100, 64619, 77321], ""<class 'abc.NT_0010'>"": [0, 0, 1, 53054], ""<class 'abc.NT_0010_P_00000'>"": [], ""<class 'abc.NT_0006'>"": [2, 2, 0, 1, 1302, 1892], ""<class 'abc.NT_0006_P_00000'>"": [], ""<class 'abc.NT_0006_P_00001'>"": [], ""<class 'abc.NT_0002'>"": [1, 1, 2, 1, 1, 1, 1, 0, 2, 1, 41818, 0, 2, 0, 1, 0, 2, 1, 53720, 1, 0, 0, 69722, 1, 8713, 0, 0, 2, 0, 0, 0, 2, 1, 64800, 99864], ""<class 'abc.NT_0002_P_00000'>"": [], ""<class 'abc.NT_0001'>"": [1, 1, 1, 0, 0, 0, 0, 1, 1, 1, 1, 0, 1, 16227, 1, 1, 1, 1, 0, 0, 10290, 0, 0, 0, 0, 0, 1, 40887, 0, 0, 0, 0, 0, 0, 0, 0, 0, 1, 0, 0, 0, 0, 76558, 0, 0, 0, 1, 0, 0, 26591, 1, 1, 1, 0, 1, 0, 0, 45290], ""<class 'abc.NT_0001_P_00000'>"": [], ""<class 'abc.NT_0001_P_00001'>"": [], ""<class 'abc.NT_0000'>"": [0, 1, 1, 94528, 1, 0, 1, 1, 31647, 1, 1, 80324, 0, 0, 75412, 1, 69944, 1, 0, 0, 0, 1, 0, 0, 0, 1, 1, 0, 1, 3483, 1, 0, 42401, 0, 0, 0, 0, 54668, 66557, 1, 0, 1, 1, 0, 0, 21028, 54540, 1, 5444, 3614, 1, 0, 0, 0, 0, 0, 71485, 1, 0, 0, 0, 0, 1, 20343], ""<class 'abc.NT_0000_P_00000'>"": [], ""<class 'abc.NT_0000_P_00001'>"": [], ""<class 'abc.NT_0002_P_00001'>"": [], ""<class 'abc.NT_0002_P_00002'>"": [], ""<class 'abc.NT_0006_P_00002'>"": [], ""<class 'abc.NT_0007'>"": [1, 0, 1, 2, 87885, 72251, 55074], ""<class 'abc.NT_0007_P_00000'>"": [], ""<class 'abc.NT_0007_P_00001'>"": [], ""<class 'abc.NT_0007_P_00002'>"": [], ""<class 'abc.NT_0004'>"": [1, 1, 77639, 2, 1, 2, 63194, 90154], ""<class 'abc.NT_0004_P_00000'>"": [], ""<class 'abc.NT_0003'>"": [10039, 1, 0, 1, 98974, 61725, 72592, 35725, 7660], ""<class 'abc.NT_0003_P_00000'>"": [], ""<class 'abc.NT_0003_P_00001'>"": [], ""<class 'abc.NT_0003_P_00002'>"": [], ""<class 'abc.NT_0003_P_00003'>"": [], ""<class 'abc.NT_0004_P_00001'>"": [], ""<class 'abc.NT_0004_P_00002'>"": [], ""<class 'abc.NT_0009'>"": [3, 0, 1, 1, 0, 45822], ""<class 'abc.NT_0009_P_00000'>"": [], ""<class 'abc.NT_0008'>"": [15828, 0, 83857, 0, 0, 0, 17129], ""<class 'abc.NT_0008_P_00000'>"": [], ""<class 'abc.NT_0009_P_00001'>"": [], ""<class 'abc.NT_0009_P_00002'>"": [], ""<class 'abc.NT_0009_P_00003'>"": [], ""<class 'abc.NT_0010_P_00001'>"": [], ""<class 'abc.NT_0010_P_00002'>"": [], ""<class 'abc.NT_0017_P_00001'>"": [], ""<class 'abc.NT_0012'>"": [0, 0, 27606, 0, 0, 65962], ""<class 'abc.NT_0012_P_00000'>"": [], ""<class 'abc.NT_0012_P_00001'>"": [], ""<class 'abc.NT_0017_P_00002'>"": [], ""<class 'abc.NT_0013'>"": [], ""<class 'abc.NT_0013_P_00000'>"": [], ""<class 'abc.NT_0011'>"": [0, 94522], ""<class 'abc.NT_0011_P_00000'>"": [], ""<class 'abc.NT_0011_P_00001'>"": [], ""<class 'abc.NT_0011_P_00002'>"": [], ""<class 'abc.NT_0013_P_00001'>"": [], ""<class 'abc.NT_0013_P_00002'>"": [], ""<class 'abc.NT_0017_P_00003'>"": [], ""<class 'abc.NT_0016'>"": [0, 20070], ""<class 'abc.NT_0016_P_00000'>"": [], ""<class 'abc.NT_0016_P_00001'>"": [], ""<class 'abc.NT_0016_P_00002'>"": [], '$leftovers': [13707, 7777, 43103, 79112, 41937, 82055, 41802, 80929, 37572, 24235, 1002, 66268, 87311, 99058, 42897, 54099, 4751, 39061, 38658, 18856, 32793, 32020, 84694, 43326, 66351, 11593, 16559, 82179, 29701, 14785, 63931, 19995, 86098, 88506, 88906, 98218, 57143, 64899, 75531, 17691, 63845, 68413, 76826, 30524, 48607, 6718, 24768, 14247, 23842, 98884, 92372, 55279, 40315, 43705, 6728, 53868, 34432, 73753, 89438, 79733, 83929, 38685, 35410, 5343, 16823, 35888, 70000, 12879, 27426, 44726, 95438, 53746, 11554, 35563, 36846, 46156, 65002, 72433, 85297, 12477, 3511, 72425, 53166, 5796, 30717, 45518, 76561, 21526, 65748, 18017, 64172, 9175, 16724, 51276, 1749, 5687, 47923, 68260, 48548, 94393, 55323, 76604, 84009, 54574, 8798, 35733, 67233, 4198, 56844, 12629, 29196, 81671, 71295, 84963, 73193, 37662, 77918, 40265, 71387, 2776, 72056, 79890, 24380, 6524, 11920, 82004, 80554, 7771, 51485, 29874, 64851, 32118, 68660, 22646, 40503, 29950, 45632, 59339, 63591, 66553, 79195, 90039, 8891, 94412, 82595, 43578, 41060, 60184, 28053, 84947, 77614, 38864, 91374, 58545, 50015, 19960, 7381, 78763, 85070, 21507, 19025, 51930, 32629, 45143, 39756, 26052, 37388, 90108, 9391, 53674, 16962, 24269, 95106, 99931, 56381, 37781, 12365, 84199, 30949, 74271, 916, 85830, 97679, 18102, 478, 75886, 30302, 21977, 90537, 30063, 19357, 81788, 35261, 14719, 66114, 20921, 20240, 5992, 58367, 9680, 68600, 85141, 46379, 54808, 83564, 47005, 66549, 22371, 91024, 89979, 20226, 63714, 58641, 45142, 46907, 57602, 15144, 97990, 7439, 11158, 59469, 11328, 80659, 5962, 25695, 77537, 11892, 91592, 56748, 38581, 37353, 71743, 70419, 27563, 8343, 51963, 16605, 94638, 42057, 61173, 28541, 41743, 60295, 49767, 73628, 41163, 91833, 78182, 82565, 25215, 96862, 76058, 44249, 82715, 20979, 71376, 27708, 78050, 40085, 30494, 46076, 48158, 98017, 59418, 77712, 4502, 58514, 86759, 30136, 53692, 84446, 34409, 6828, 35370, 50950, 51945, 59877, 55822, 81173, 57512, 24080, 92189, 34559, 32530, 48867, 64932, 44, 85888, 8300, 92843, 6844, 39222, 76898, 88754, 22876, 38074, 43299, 88699, 81654, 61902, 89999, 13497, 66668, 7338, 74096, 38397, 11013, 98336, 40480, 33892, 63626, 49088, 71312, 23172, 10803, 62392, 24917, 67254, 58009, 81336, 59457, 73844, 95696, 6506, 27308, 70695, 56701, 13067, 41613, 72662, 53528, 75491, 42519, 81780, 31754, 13856, 88917, 96452, 41223, 89774, 10407, 31336, 50783, 20291, 5997, 7069, 31395, 24625, 6189, 56620, 24762, 84988, 68874, 85812, 41091, 24302, 77112, 35149, 22780, 53184, 18627, 57549, 17465, 63612, 87939, 6980, 60883, 29814, 87238, 14952, 60779, 86760, 61062, 30267, 24445, 56989, 27229, 82900, 90023, 57786, 63779, 40235, 86679, 51776, 22058, 63483, 39593, 41554, 8133, 95503, 6716, 25867, 90267, 22987, 39665, 98545, 93605, 1747, 78248, 27473, 33109, 26918, 82634, 51318, 80099, 73743, 12182, 94300, 46775, 25047, 68889, 10070, 18361, 65084, 37080, 70960, 83222, 67058, 98067, 22471, 67691, 59607, 67337, 8930, 21238, 46639, 45431, 43153, 96128, 24156, 80501, 82080, 49059, 2091, 12212, 52072, 31681, 90064, 42922, 12694, 63500, 88958, 85424, 60965, 55836, 88426, 54941, 94663, 65220, 71036, 49752, 17451, 53699, 9314, 14619, 3290, 44849, 90564, 91441, 62905, 40530, 5641, 37318, 36823, 31308, 19382, 62343, 86280, 16633, 47566, 15336, 77921, 88788, 50425, 20260, 79556, 59009, 60227, 87434, 40228, 88797, 25912, 98562, 76789, 91824, 52309, 10258, 50738, 95463, 77205, 93493, 68362, 24106, 95689, 49524, 69579, 66348, 75971, 22529, 74132, 89303, 37488, 5127, 63655, 17283, 25796, 52901, 73353, 59242, 58591, 76499, 46764, 96815, 56675, 19904, 86086, 9538, 16381, 25966, 48189, 47295, 50918, 3257, 56486, 10672, 45517, 6977, 66557, 24565, 14166, 47870, 73695, 59021, 61532, 83752, 51246, 6816, 65190, 71364, 98756, 25731, 84141, 78432, 21130, 69362, 52504, 59655, 73856, 97330, 50721, 19705, 54620, 16926, 96429, 24048, 73377, 67355, 15053, 17980, 70735, 35236, 75523, 91241, 23447, 72477, 51156, 95259, 88333, 29494, 67321, 52714, 62917, 99842, 65229, 6617, 44275, 88720, 37853, 8770, 63811, 7507, 89636, 17817, 1558, 85068, 79776, 73733, 11481, 89926, 56682, 49746, 9429, 50818, 45883, 58652, 12423, 26431, 60221, 95661, 73944, 68283, 51044, 69558, 68608, 65135, 29404, 17239, 5514, 47278, 63393, 94877, 23491, 47292, 6877, 19032, 65956, 9732, 97912, 1976, 37613, 34466, 61934, 57269, 53618, 5940, 93510, 52374, 85684, 22266, 86296, 60665, 10810, 9462, 494, 58482, 75247, 71566, 31620, 58819, 97731, 83116, 7767, 83623, 12444, 57312, 49834, 46402, 98377, 30435, 36116, 16443, 25589, 45312, 64514, 37426, 76200, 11178, 7488, 18610, 92099, 97566, 6854, 33656, 17686, 10866, 73697, 81050, 12312, 6505, 95303, 61521, 72092, 94259, 32683, 45746, 77187, 88803, 39457, 40047, 95729, 22380, 62708, 14355, 83408, 29714, 50213, 24600, 63055, 94787, 52488, 53820, 72502, 35142, 82539, 36201, 83535, 70150, 4544, 53013, 91532, 98794, 75749, 37723, 24569, 90322, 279, 84293, 85419, 53204, 7321, 22724, 95538, 85836, 2877, 93721, 73981, 40836, 90505, 94370, 88415, 37372, 69317, 25860, 4116, 35759, 84385, 33447, 84816, 12456, 31068, 57878, 18743, 27118, 55146, 45045, 76854, 36409, 49423, 25447, 28432, 61176, 34319, 67878, 7127, 41048, 27399, 57337, 84290, 2409, 69039, 23729, 7494, 36747, 48478, 38848, 42755, 293, 91046, 40498, 48156, 87860, 19957, 4960, 74844, 19836, 92291, 57801, 90081, 88664, 17768, 78881, 47919, 71822, 34413, 1930, 46778, 88873, 89253, 43012, 48581, 9353, 85645, 13891, 48249, 50115, 66199, 3386, 20854, 99932, 28051, 71692, 93909, 74084, 74671, 89896, 50523, 88742, 12398, 72247, 55742, 51721, 34827, 36846, 62982, 39419, 78439, 9343, 48468, 84544, 39864, 76167, 43812, 71247, 20757, 1762, 41180, 27413, 60564, 22669, 82173, 16704, 46485, 72310, 26823, 41298, 58642, 32787, 90874, 58140, 56784, 29999, 8759, 96835, 78050, 41544, 1255, 17455, 33878, 64547, 58966, 82332, 5215, 48306, 8922, 24655, 4697, 70882, 84900, 82562, 62735, 34434, 73303, 61588, 35094, 68503, 41162, 54916, 58190, 12626, 60530, 22534, 77445, 84110, 41705, 60129, 60275, 26541, 44213, 1777, 13370, 3088, 42025, 39125, 6806, 57675, 48434, 98242, 36838, 43086, 11553, 17088, 22108, 72325, 25128, 87991, 65587, 14862, 36451, 44287, 9734, 15759, 72468, 61485, 14174, 26892, 64268, 19975, 5444, 33247, 50382, 76845, 87224, 36256, 66890, 95968, 72639, 77038, 43204, 39754, 36312, 74369, 96758, 27679, 249, 98284, 44817, 61235, 55085, 9992, 27298, 25783, 69424, 39622, 26481, 58524, 35109, 38014, 50849, 43262, 70599, 1236, 29822, 19493, 40976, 26562, 7919, 16019, 11304, 44960, 68766, 47516, 55933, 93459, 51964, 80457, 87397, 77661, 10867, 13339, 38927, 67085, 83000, 91594, 70221, 32812, 41638, 39247, 63161, 56481, 85947, 619, 54521, 29223, 59027, 34890, 77305, 79995, 54866, 56578, 59831, 16991, 48800, 12168, 58544, 42596, 87951, 65721, 11198, 23052, 15984, 12347, 45822, 1513, 17129, 34479, 87885, 87506, 81928, 20343, 45290, 20189, 98974, 29926, 61725, 72592, 35725, 72251, 55074, 7660, 24694]})"
562.0,9,164,45,42.108601093292236,10696,"Genotype(dna={""<class 'abc.NT_0017'>"": [1, 23052], ""<class 'abc.NT_0017_P_00000'>"": [], ""<class 'abc.NT_0005'>"": [0, 0, 35544, 1, 0, 1, 0, 1, 1, 1513], ""<class 'abc.NT_0005_P_00000'>"": [], ""<class 'abc.NT_0005_P_00001'>"": [], ""<class 'bool'>"": [50833, 28611, 95173, 92596, 84996, 15299, 84608, 73218, 73704, 53577, 54127, 73580, 61648, 63455, 34182, 28379, 9832, 69766, 27025, 9321, 39372, 40559, 45589, 21512, 9991, 31131, 22379, 82972, 66879, 7070, 87492, 33083, 92916, 1233, 89415, 28350, 54741, 51276, 16414, 74832, 4355, 87209, 57305, 93042, 23231, 67903, 93745, 31960, 29422, 28659, 99170, 40455, 13273, 92051, 14178, 78998, 45259, 78698, 95977, 93014, 83753, 21951, 16043, 13772, 66730, 10736, 57934, 29081, 62948, 99869, 41968, 82469, 93064, 59471, 51253, 67704, 97811, 82022, 87389, 59617, 67283, 63422, 70186, 58801, 23472, 68171, 46787, 87700, 86179, 38104, 2384, 90063, 6576, 80132, 98840, 65605, 74894, 53809, 99733, 89043, 84198, 62780, 94716, 23035, 32450, 31489, 41399, 87765, 69122, 99723, 54018, 92501, 39572, 89999, 58379, 67238, 50112, 90146, 55533, 46837, 57815, 68681, 79206, 32534, 3130, 58659, 69605, 82887, 74526, 5911, 58400, 62789, 48677, 31474, 44702, 39368, 40140, 19876, 33772, 86631, 58194, 70508], ""<class 'int'>"": [88091, 54758, 80960, 4147, 58985, 98835, 33177, 12380, 43928, 18156, 46293, 82997, 26546, 21931, 20632, 91665, 69275, 46303, 61738, 80613, 63967, 92163, 79154, 79668, 18313, 6071, 50712, 91463, 54716, 33220, 52575, 78591, 28324, 24851, 385, 86434, 6594, 95864, 4088, 31907, 5028, 70908, 60125, 88976, 64506, 45119, 63026, 18677, 76141, 62129, 40973, 74468, 90479, 50241, 61828, 14495, 64587, 47259, 69389, 59226, 21182, 99643, 3451, 67066, 55205, 22485, 89443, 19030, 10288, 23574, 78426, 55280, 17305, 68878, 94325, 9074, 35370, 56456, 95300, 73961, 59051, 835, 21640, 2744, 30054, 96306, 55542, 57066, 65643, 97962, 97088, 62680, 24967, 56005, 85155, 81002, 48234, 28842, 92105, 38714, 65511, 82476, 73240, 25988, 68682, 4749, 1059, 85277, 54664, 55169, 72830, 29209, 32377, 56597, 43815, 46740, 16019, 36704, 91606, 3697, 42934, 87720, 75207, 56054, 59737, 79252, 96186, 60558, 8582, 3209, 7798, 18736, 20655, 95860, 60671, 36386, 88318, 80757, 49888, 58523, 36742, 48071, 76427, 91397, 47115, 74907, 19807, 19166, 48854, 4778, 9526, 30084, 70329, 29929, 24152, 98179, 6661, 59360, 47157, 52018, 24734, 716, 46264, 89982, 86072, 78100, 64619, 77321], ""<class 'abc.NT_0010'>"": [0, 0, 1, 53054], ""<class 'abc.NT_0010_P_00000'>"": [], ""<class 'abc.NT_0006'>"": [2, 2, 0, 1, 1302, 1892], ""<class 'abc.NT_0006_P_00000'>"": [], ""<class 'abc.NT_0006_P_00001'>"": [], ""<class 'abc.NT_0002'>"": [1, 1, 2, 1, 1, 1, 1, 0, 2, 1, 41818, 0, 2, 0, 1, 0, 2, 1, 53720, 1, 0, 0, 69722, 1, 8713, 0, 0, 2, 0, 0, 0, 2, 1, 64800, 99864], ""<class 'abc.NT_0002_P_00000'>"": [], ""<class 'abc.NT_0001'>"": [1, 1, 1, 0, 0, 0, 0, 1, 1, 1, 1, 0, 1, 16227, 1, 1, 1, 1, 0, 0, 10290, 0, 0, 0, 0, 0, 1, 40887, 0, 0, 0, 0, 0, 0, 0, 0, 0, 1, 0, 0, 0, 0, 76558, 0, 0, 0, 1, 0, 0, 26591, 1, 1, 1, 0, 1, 0, 0, 45290], ""<class 'abc.NT_0001_P_00000'>"": [], ""<class 'abc.NT_0001_P_00001'>"": [], ""<class 'abc.NT_0000'>"": [0, 1, 1, 94528, 1, 0, 1, 1, 31647, 1, 1, 80324, 0, 0, 75412, 1, 69944, 1, 0, 0, 0, 1, 0, 0, 0, 1, 1, 0, 1, 3483, 1, 0, 42401, 0, 0, 0, 0, 54668, 66557, 1, 0, 1, 1, 0, 0, 21028, 54540, 1, 5444, 3614, 1, 0, 0, 0, 0, 0, 71485, 1, 0, 0, 0, 0, 1, 20343], ""<class 'abc.NT_0000_P_00000'>"": [], ""<class 'abc.NT_0000_P_00001'>"": [], ""<class 'abc.NT_0002_P_00001'>"": [], ""<class 'abc.NT_0002_P_00002'>"": [], ""<class 'abc.NT_0006_P_00002'>"": [], ""<class 'abc.NT_0007'>"": [1, 0, 1, 2, 87885, 72251, 55074], ""<class 'abc.NT_0007_P_00000'>"": [], ""<class 'abc.NT_0007_P_00001'>"": [], ""<class 'abc.NT_0007_P_00002'>"": [], ""<class 'abc.NT_0004'>"": [1, 1, 77639, 2, 1, 2, 63194, 90154], ""<class 'abc.NT_0004_P_00000'>"": [], ""<class 'abc.NT_0003'>"": [10039, 1, 0, 1, 98974, 61725, 72592, 35725, 7660], ""<class 'abc.NT_0003_P_00000'>"": [], ""<class 'abc.NT_0003_P_00001'>"": [], ""<class 'abc.NT_0003_P_00002'>"": [], ""<class 'abc.NT_0003_P_00003'>"": [], ""<class 'abc.NT_0004_P_00001'>"": [], ""<class 'abc.NT_0004_P_00002'>"": [], ""<class 'abc.NT_0009'>"": [3, 0, 1, 1, 0, 45822], ""<class 'abc.NT_0009_P_00000'>"": [], ""<class 'abc.NT_0008'>"": [15828, 0, 83857, 0, 0, 0, 17129], ""<class 'abc.NT_0008_P_00000'>"": [], ""<class 'abc.NT_0009_P_00001'>"": [], ""<class 'abc.NT_0009_P_00002'>"": [], ""<class 'abc.NT_0009_P_00003'>"": [], ""<class 'abc.NT_0010_P_00001'>"": [], ""<class 'abc.NT_0010_P_00002'>"": [], ""<class 'abc.NT_0017_P_00001'>"": [], ""<class 'abc.NT_0012'>"": [0, 0, 27606, 0, 0, 65962], ""<class 'abc.NT_0012_P_00000'>"": [], ""<class 'abc.NT_0012_P_00001'>"": [], ""<class 'abc.NT_0017_P_00002'>"": [], ""<class 'abc.NT_0013'>"": [], ""<class 'abc.NT_0013_P_00000'>"": [], ""<class 'abc.NT_0011'>"": [0, 94522], ""<class 'abc.NT_0011_P_00000'>"": [], ""<class 'abc.NT_0011_P_00001'>"": [], ""<class 'abc.NT_0011_P_00002'>"": [], ""<class 'abc.NT_0013_P_00001'>"": [], ""<class 'abc.NT_0013_P_00002'>"": [], ""<class 'abc.NT_0017_P_00003'>"": [], ""<class 'abc.NT_0016'>"": [0, 20070], ""<class 'abc.NT_0016_P_00000'>"": [], ""<class 'abc.NT_0016_P_00001'>"": [], ""<class 'abc.NT_0016_P_00002'>"": [], '$leftovers': [13707, 7777, 43103, 79112, 41937, 82055, 41802, 80929, 37572, 24235, 1002, 66268, 87311, 99058, 42897, 54099, 4751, 39061, 38658, 18856, 32793, 32020, 84694, 43326, 66351, 11593, 16559, 82179, 29701, 14785, 63931, 19995, 86098, 88506, 88906, 98218, 57143, 64899, 75531, 17691, 63845, 68413, 76826, 30524, 48607, 6718, 24768, 14247, 23842, 98884, 92372, 55279, 40315, 43705, 6728, 53868, 34432, 73753, 89438, 79733, 83929, 38685, 35410, 5343, 16823, 35888, 70000, 12879, 27426, 44726, 95438, 53746, 11554, 35563, 36846, 46156, 65002, 72433, 85297, 12477, 3511, 72425, 53166, 5796, 30717, 45518, 76561, 21526, 65748, 18017, 64172, 9175, 16724, 51276, 1749, 5687, 47923, 68260, 48548, 94393, 55323, 76604, 84009, 54574, 8798, 35733, 67233, 4198, 56844, 12629, 29196, 81671, 71295, 84963, 73193, 37662, 77918, 40265, 71387, 2776, 72056, 79890, 24380, 6524, 11920, 82004, 80554, 7771, 51485, 29874, 64851, 32118, 68660, 22646, 40503, 29950, 45632, 59339, 63591, 66553, 79195, 90039, 8891, 94412, 82595, 43578, 41060, 60184, 28053, 84947, 77614, 38864, 91374, 58545, 50015, 19960, 7381, 78763, 85070, 21507, 19025, 51930, 32629, 45143, 39756, 26052, 37388, 90108, 9391, 53674, 16962, 24269, 95106, 99931, 56381, 37781, 12365, 84199, 30949, 74271, 916, 85830, 97679, 18102, 478, 75886, 30302, 21977, 90537, 30063, 19357, 81788, 35261, 14719, 66114, 20921, 20240, 5992, 58367, 9680, 68600, 85141, 46379, 54808, 83564, 47005, 66549, 22371, 91024, 89979, 20226, 63714, 58641, 45142, 46907, 57602, 15144, 97990, 7439, 11158, 59469, 11328, 80659, 5962, 25695, 77537, 11892, 91592, 56748, 38581, 37353, 71743, 70419, 27563, 8343, 51963, 16605, 94638, 42057, 61173, 28541, 41743, 60295, 49767, 73628, 41163, 91833, 78182, 82565, 25215, 96862, 76058, 44249, 82715, 20979, 71376, 27708, 78050, 40085, 30494, 46076, 48158, 98017, 59418, 77712, 4502, 58514, 86759, 30136, 53692, 84446, 34409, 6828, 35370, 50950, 51945, 59877, 55822, 81173, 57512, 24080, 92189, 34559, 32530, 48867, 64932, 44, 85888, 8300, 92843, 6844, 39222, 76898, 88754, 22876, 38074, 43299, 88699, 81654, 61902, 89999, 13497, 66668, 7338, 74096, 38397, 11013, 98336, 40480, 33892, 63626, 49088, 71312, 23172, 10803, 62392, 24917, 67254, 58009, 81336, 59457, 73844, 95696, 6506, 27308, 70695, 56701, 13067, 41613, 72662, 53528, 75491, 42519, 81780, 31754, 13856, 88917, 96452, 41223, 89774, 10407, 31336, 50783, 20291, 5997, 7069, 31395, 24625, 6189, 56620, 24762, 84988, 68874, 85812, 41091, 24302, 77112, 35149, 22780, 53184, 18627, 57549, 17465, 63612, 87939, 6980, 60883, 29814, 87238, 14952, 60779, 86760, 61062, 30267, 24445, 56989, 27229, 82900, 90023, 57786, 63779, 40235, 86679, 51776, 22058, 63483, 39593, 41554, 8133, 95503, 6716, 25867, 90267, 22987, 39665, 98545, 93605, 1747, 78248, 27473, 33109, 26918, 82634, 51318, 80099, 73743, 12182, 94300, 46775, 25047, 68889, 10070, 18361, 65084, 37080, 70960, 83222, 67058, 98067, 22471, 67691, 59607, 67337, 8930, 21238, 46639, 45431, 43153, 96128, 24156, 80501, 82080, 49059, 2091, 12212, 52072, 31681, 90064, 42922, 12694, 63500, 88958, 85424, 60965, 55836, 88426, 54941, 94663, 65220, 71036, 49752, 17451, 53699, 9314, 14619, 3290, 44849, 90564, 91441, 62905, 40530, 5641, 37318, 36823, 31308, 19382, 62343, 86280, 16633, 47566, 15336, 77921, 88788, 50425, 20260, 79556, 59009, 60227, 87434, 40228, 88797, 25912, 98562, 76789, 91824, 52309, 10258, 50738, 95463, 77205, 93493, 68362, 24106, 95689, 49524, 69579, 66348, 75971, 22529, 74132, 89303, 37488, 5127, 63655, 17283, 25796, 52901, 73353, 59242, 58591, 76499, 46764, 96815, 56675, 19904, 86086, 9538, 16381, 25966, 48189, 47295, 50918, 3257, 56486, 10672, 45517, 6977, 66557, 24565, 14166, 47870, 73695, 59021, 61532, 83752, 51246, 6816, 65190, 71364, 98756, 25731, 84141, 78432, 21130, 69362, 52504, 59655, 73856, 97330, 50721, 19705, 54620, 16926, 96429, 24048, 73377, 67355, 15053, 17980, 70735, 35236, 75523, 91241, 23447, 72477, 51156, 95259, 88333, 29494, 67321, 52714, 62917, 99842, 65229, 6617, 44275, 88720, 37853, 8770, 63811, 7507, 89636, 17817, 1558, 85068, 79776, 73733, 11481, 89926, 56682, 49746, 9429, 50818, 45883, 58652, 12423, 26431, 60221, 95661, 73944, 68283, 51044, 69558, 68608, 65135, 29404, 17239, 5514, 47278, 63393, 94877, 23491, 47292, 6877, 19032, 65956, 9732, 97912, 1976, 37613, 34466, 61934, 57269, 53618, 5940, 93510, 52374, 85684, 22266, 86296, 60665, 10810, 9462, 494, 58482, 75247, 71566, 31620, 58819, 97731, 83116, 7767, 83623, 12444, 57312, 49834, 46402, 98377, 30435, 36116, 16443, 25589, 45312, 64514, 37426, 76200, 11178, 7488, 18610, 92099, 97566, 6854, 33656, 17686, 10866, 73697, 81050, 12312, 6505, 95303, 61521, 72092, 94259, 32683, 45746, 77187, 88803, 39457, 40047, 95729, 22380, 62708, 14355, 83408, 29714, 50213, 24600, 63055, 94787, 52488, 53820, 72502, 35142, 82539, 36201, 83535, 70150, 4544, 53013, 91532, 98794, 75749, 37723, 24569, 90322, 279, 84293, 85419, 53204, 7321, 22724, 95538, 85836, 2877, 93721, 73981, 40836, 90505, 94370, 88415, 37372, 69317, 25860, 4116, 35759, 84385, 33447, 84816, 12456, 31068, 57878, 18743, 27118, 55146, 45045, 76854, 36409, 49423, 25447, 28432, 61176, 34319, 67878, 7127, 41048, 27399, 57337, 84290, 2409, 69039, 23729, 7494, 36747, 48478, 38848, 42755, 293, 91046, 40498, 48156, 87860, 19957, 4960, 74844, 19836, 92291, 57801, 90081, 88664, 17768, 78881, 47919, 71822, 34413, 1930, 46778, 88873, 89253, 43012, 48581, 9353, 85645, 13891, 48249, 50115, 66199, 3386, 20854, 99932, 28051, 71692, 93909, 74084, 74671, 89896, 50523, 88742, 12398, 72247, 55742, 51721, 34827, 36846, 62982, 39419, 78439, 9343, 48468, 84544, 39864, 76167, 43812, 71247, 20757, 1762, 41180, 27413, 60564, 22669, 82173, 16704, 46485, 72310, 26823, 41298, 58642, 32787, 90874, 58140, 56784, 29999, 8759, 96835, 78050, 41544, 1255, 17455, 33878, 64547, 58966, 82332, 5215, 48306, 8922, 24655, 4697, 70882, 84900, 82562, 62735, 34434, 73303, 61588, 35094, 68503, 41162, 54916, 58190, 12626, 60530, 22534, 77445, 84110, 41705, 60129, 60275, 26541, 44213, 1777, 13370, 3088, 42025, 39125, 6806, 57675, 48434, 98242, 36838, 43086, 11553, 17088, 22108, 72325, 25128, 87991, 65587, 14862, 36451, 44287, 9734, 15759, 72468, 61485, 14174, 26892, 64268, 19975, 5444, 33247, 50382, 76845, 87224, 36256, 66890, 95968, 72639, 77038, 43204, 39754, 36312, 74369, 96758, 27679, 249, 98284, 44817, 61235, 55085, 9992, 27298, 25783, 69424, 39622, 26481, 58524, 35109, 38014, 50849, 43262, 70599, 1236, 29822, 19493, 40976, 26562, 7919, 16019, 11304, 44960, 68766, 47516, 55933, 93459, 51964, 80457, 87397, 77661, 10867, 13339, 38927, 67085, 83000, 91594, 70221, 32812, 41638, 39247, 63161, 56481, 85947, 619, 54521, 29223, 59027, 34890, 77305, 79995, 54866, 56578, 59831, 16991, 48800, 12168, 58544, 42596, 87951, 65721, 11198, 23052, 15984, 12347, 45822, 1513, 17129, 34479, 87885, 87506, 81928, 20343, 45290, 20189, 98974, 29926, 61725, 72592, 35725, 72251, 55074, 7660, 24694]})"
562.0,9,164,46,42.53756308555603,10696,"Genotype(dna={""<class 'abc.NT_0017'>"": [1, 23052], ""<class 'abc.NT_0017_P_00000'>"": [], ""<class 'abc.NT_0005'>"": [0, 0, 35544, 1, 0, 1, 0, 1, 1, 1513], ""<class 'abc.NT_0005_P_00000'>"": [], ""<class 'abc.NT_0005_P_00001'>"": [], ""<class 'bool'>"": [50833, 28611, 95173, 92596, 84996, 15299, 84608, 73218, 73704, 53577, 54127, 73580, 61648, 63455, 34182, 28379, 9832, 69766, 27025, 9321, 39372, 40559, 45589, 21512, 9991, 31131, 22379, 82972, 66879, 7070, 87492, 33083, 92916, 1233, 89415, 28350, 54741, 51276, 16414, 74832, 4355, 87209, 57305, 93042, 23231, 67903, 93745, 31960, 29422, 28659, 99170, 40455, 13273, 92051, 14178, 78998, 45259, 78698, 95977, 93014, 83753, 21951, 16043, 13772, 66730, 10736, 57934, 29081, 62948, 99869, 41968, 82469, 93064, 59471, 51253, 67704, 97811, 82022, 87389, 59617, 67283, 63422, 70186, 58801, 23472, 68171, 46787, 87700, 86179, 38104, 2384, 90063, 6576, 80132, 98840, 65605, 74894, 53809, 99733, 89043, 84198, 62780, 94716, 23035, 32450, 31489, 41399, 87765, 69122, 99723, 54018, 92501, 39572, 89999, 58379, 67238, 50112, 90146, 55533, 46837, 57815, 68681, 79206, 32534, 3130, 58659, 69605, 82887, 74526, 5911, 58400, 62789, 48677, 31474, 44702, 39368, 40140, 19876, 33772, 86631, 58194, 70508], ""<class 'int'>"": [88091, 54758, 80960, 4147, 58985, 98835, 33177, 12380, 43928, 18156, 46293, 82997, 26546, 21931, 20632, 91665, 69275, 46303, 61738, 80613, 63967, 92163, 79154, 79668, 18313, 6071, 50712, 91463, 54716, 33220, 52575, 78591, 28324, 24851, 385, 86434, 6594, 95864, 4088, 31907, 5028, 70908, 60125, 88976, 64506, 45119, 63026, 18677, 76141, 62129, 40973, 74468, 90479, 50241, 61828, 14495, 64587, 47259, 69389, 59226, 21182, 99643, 3451, 67066, 55205, 22485, 89443, 19030, 10288, 23574, 78426, 55280, 17305, 68878, 94325, 9074, 35370, 56456, 95300, 73961, 59051, 835, 21640, 2744, 30054, 96306, 55542, 57066, 65643, 97962, 97088, 62680, 24967, 56005, 85155, 81002, 48234, 28842, 92105, 38714, 65511, 82476, 73240, 25988, 68682, 4749, 1059, 85277, 54664, 55169, 72830, 29209, 32377, 56597, 43815, 46740, 16019, 36704, 91606, 3697, 42934, 87720, 75207, 56054, 59737, 79252, 96186, 60558, 8582, 3209, 7798, 18736, 20655, 95860, 60671, 36386, 88318, 80757, 49888, 58523, 36742, 48071, 76427, 91397, 47115, 74907, 19807, 19166, 48854, 4778, 9526, 30084, 70329, 29929, 24152, 98179, 6661, 59360, 47157, 52018, 24734, 716, 46264, 89982, 86072, 78100, 64619, 77321], ""<class 'abc.NT_0010'>"": [0, 0, 1, 53054], ""<class 'abc.NT_0010_P_00000'>"": [], ""<class 'abc.NT_0006'>"": [2, 2, 0, 1, 1302, 1892], ""<class 'abc.NT_0006_P_00000'>"": [], ""<class 'abc.NT_0006_P_00001'>"": [], ""<class 'abc.NT_0002'>"": [1, 1, 2, 1, 1, 1, 1, 0, 2, 1, 41818, 0, 2, 0, 1, 0, 2, 1, 53720, 1, 0, 0, 69722, 1, 8713, 0, 0, 2, 0, 0, 0, 2, 1, 64800, 99864], ""<class 'abc.NT_0002_P_00000'>"": [], ""<class 'abc.NT_0001'>"": [1, 1, 1, 0, 0, 0, 0, 1, 1, 1, 1, 0, 1, 16227, 1, 1, 1, 1, 0, 0, 10290, 0, 0, 0, 0, 0, 1, 40887, 0, 0, 0, 0, 0, 0, 0, 0, 0, 1, 0, 0, 0, 0, 76558, 0, 0, 0, 1, 0, 0, 26591, 1, 1, 1, 0, 1, 0, 0, 45290], ""<class 'abc.NT_0001_P_00000'>"": [], ""<class 'abc.NT_0001_P_00001'>"": [], ""<class 'abc.NT_0000'>"": [0, 1, 1, 94528, 1, 0, 1, 1, 31647, 1, 1, 80324, 0, 0, 75412, 1, 69944, 1, 0, 0, 0, 1, 0, 0, 0, 1, 1, 0, 1, 3483, 1, 0, 42401, 0, 0, 0, 0, 54668, 66557, 1, 0, 1, 1, 0, 0, 21028, 54540, 1, 5444, 3614, 1, 0, 0, 0, 0, 0, 71485, 1, 0, 0, 0, 0, 1, 20343], ""<class 'abc.NT_0000_P_00000'>"": [], ""<class 'abc.NT_0000_P_00001'>"": [], ""<class 'abc.NT_0002_P_00001'>"": [], ""<class 'abc.NT_0002_P_00002'>"": [], ""<class 'abc.NT_0006_P_00002'>"": [], ""<class 'abc.NT_0007'>"": [1, 0, 1, 2, 87885, 72251, 55074], ""<class 'abc.NT_0007_P_00000'>"": [], ""<class 'abc.NT_0007_P_00001'>"": [], ""<class 'abc.NT_0007_P_00002'>"": [], ""<class 'abc.NT_0004'>"": [1, 1, 77639, 2, 1, 2, 63194, 90154], ""<class 'abc.NT_0004_P_00000'>"": [], ""<class 'abc.NT_0003'>"": [10039, 1, 0, 1, 98974, 61725, 72592, 35725, 7660], ""<class 'abc.NT_0003_P_00000'>"": [], ""<class 'abc.NT_0003_P_00001'>"": [], ""<class 'abc.NT_0003_P_00002'>"": [], ""<class 'abc.NT_0003_P_00003'>"": [], ""<class 'abc.NT_0004_P_00001'>"": [], ""<class 'abc.NT_0004_P_00002'>"": [], ""<class 'abc.NT_0009'>"": [3, 0, 1, 1, 0, 45822], ""<class 'abc.NT_0009_P_00000'>"": [], ""<class 'abc.NT_0008'>"": [15828, 0, 83857, 0, 0, 0, 17129], ""<class 'abc.NT_0008_P_00000'>"": [], ""<class 'abc.NT_0009_P_00001'>"": [], ""<class 'abc.NT_0009_P_00002'>"": [], ""<class 'abc.NT_0009_P_00003'>"": [], ""<class 'abc.NT_0010_P_00001'>"": [], ""<class 'abc.NT_0010_P_00002'>"": [], ""<class 'abc.NT_0017_P_00001'>"": [], ""<class 'abc.NT_0012'>"": [0, 0, 27606, 0, 0, 65962], ""<class 'abc.NT_0012_P_00000'>"": [], ""<class 'abc.NT_0012_P_00001'>"": [], ""<class 'abc.NT_0017_P_00002'>"": [], ""<class 'abc.NT_0013'>"": [], ""<class 'abc.NT_0013_P_00000'>"": [], ""<class 'abc.NT_0011'>"": [0, 94522], ""<class 'abc.NT_0011_P_00000'>"": [], ""<class 'abc.NT_0011_P_00001'>"": [], ""<class 'abc.NT_0011_P_00002'>"": [], ""<class 'abc.NT_0013_P_00001'>"": [], ""<class 'abc.NT_0013_P_00002'>"": [], ""<class 'abc.NT_0017_P_00003'>"": [], ""<class 'abc.NT_0016'>"": [0, 20070], ""<class 'abc.NT_0016_P_00000'>"": [], ""<class 'abc.NT_0016_P_00001'>"": [], ""<class 'abc.NT_0016_P_00002'>"": [], '$leftovers': [13707, 7777, 43103, 79112, 41937, 82055, 41802, 80929, 37572, 24235, 1002, 66268, 87311, 99058, 42897, 54099, 4751, 39061, 38658, 18856, 32793, 32020, 84694, 43326, 66351, 11593, 16559, 82179, 29701, 14785, 63931, 19995, 86098, 88506, 88906, 98218, 57143, 64899, 75531, 17691, 63845, 68413, 76826, 30524, 48607, 6718, 24768, 14247, 23842, 98884, 92372, 55279, 40315, 43705, 6728, 53868, 34432, 73753, 89438, 79733, 83929, 38685, 35410, 5343, 16823, 35888, 70000, 12879, 27426, 44726, 95438, 53746, 11554, 35563, 36846, 46156, 65002, 72433, 85297, 12477, 3511, 72425, 53166, 5796, 30717, 45518, 76561, 21526, 65748, 18017, 64172, 9175, 16724, 51276, 1749, 5687, 47923, 68260, 48548, 94393, 55323, 76604, 84009, 54574, 8798, 35733, 67233, 4198, 56844, 12629, 29196, 81671, 71295, 84963, 73193, 37662, 77918, 40265, 71387, 2776, 72056, 79890, 24380, 6524, 11920, 82004, 80554, 7771, 51485, 29874, 64851, 32118, 68660, 22646, 40503, 29950, 45632, 59339, 63591, 66553, 79195, 90039, 8891, 94412, 82595, 43578, 41060, 60184, 28053, 84947, 77614, 38864, 91374, 58545, 50015, 19960, 7381, 78763, 85070, 21507, 19025, 51930, 32629, 45143, 39756, 26052, 37388, 90108, 9391, 53674, 16962, 24269, 95106, 99931, 56381, 37781, 12365, 84199, 30949, 74271, 916, 85830, 97679, 18102, 478, 75886, 30302, 21977, 90537, 30063, 19357, 81788, 35261, 14719, 66114, 20921, 20240, 5992, 58367, 9680, 68600, 85141, 46379, 54808, 83564, 47005, 66549, 22371, 91024, 89979, 20226, 63714, 58641, 45142, 46907, 57602, 15144, 97990, 7439, 11158, 59469, 11328, 80659, 5962, 25695, 77537, 11892, 91592, 56748, 38581, 37353, 71743, 70419, 27563, 8343, 51963, 16605, 94638, 42057, 61173, 28541, 41743, 60295, 49767, 73628, 41163, 91833, 78182, 82565, 25215, 96862, 76058, 44249, 82715, 20979, 71376, 27708, 78050, 40085, 30494, 46076, 48158, 98017, 59418, 77712, 4502, 58514, 86759, 30136, 53692, 84446, 34409, 6828, 35370, 50950, 51945, 59877, 55822, 81173, 57512, 24080, 92189, 34559, 32530, 48867, 64932, 44, 85888, 8300, 92843, 6844, 39222, 76898, 88754, 22876, 38074, 43299, 88699, 81654, 61902, 89999, 13497, 66668, 7338, 74096, 38397, 11013, 98336, 40480, 33892, 63626, 49088, 71312, 23172, 10803, 62392, 24917, 67254, 58009, 81336, 59457, 73844, 95696, 6506, 27308, 70695, 56701, 13067, 41613, 72662, 53528, 75491, 42519, 81780, 31754, 13856, 88917, 96452, 41223, 89774, 10407, 31336, 50783, 20291, 5997, 7069, 31395, 24625, 6189, 56620, 24762, 84988, 68874, 85812, 41091, 24302, 77112, 35149, 22780, 53184, 18627, 57549, 17465, 63612, 87939, 6980, 60883, 29814, 87238, 14952, 60779, 86760, 61062, 30267, 24445, 56989, 27229, 82900, 90023, 57786, 63779, 40235, 86679, 51776, 22058, 63483, 39593, 41554, 8133, 95503, 6716, 25867, 90267, 22987, 39665, 98545, 93605, 1747, 78248, 27473, 33109, 26918, 82634, 51318, 80099, 73743, 12182, 94300, 46775, 25047, 68889, 10070, 18361, 65084, 37080, 70960, 83222, 67058, 98067, 22471, 67691, 59607, 67337, 8930, 21238, 46639, 45431, 43153, 96128, 24156, 80501, 82080, 49059, 2091, 12212, 52072, 31681, 90064, 42922, 12694, 63500, 88958, 85424, 60965, 55836, 88426, 54941, 94663, 65220, 71036, 49752, 17451, 53699, 9314, 14619, 3290, 44849, 90564, 91441, 62905, 40530, 5641, 37318, 36823, 31308, 19382, 62343, 86280, 16633, 47566, 15336, 77921, 88788, 50425, 20260, 79556, 59009, 60227, 87434, 40228, 88797, 25912, 98562, 76789, 91824, 52309, 10258, 50738, 95463, 77205, 93493, 68362, 24106, 95689, 49524, 69579, 66348, 75971, 22529, 74132, 89303, 37488, 5127, 63655, 17283, 25796, 52901, 73353, 59242, 58591, 76499, 46764, 96815, 56675, 19904, 86086, 9538, 16381, 25966, 48189, 47295, 50918, 3257, 56486, 10672, 45517, 6977, 66557, 24565, 14166, 47870, 73695, 59021, 61532, 83752, 51246, 6816, 65190, 71364, 98756, 25731, 84141, 78432, 21130, 69362, 52504, 59655, 73856, 97330, 50721, 19705, 54620, 16926, 96429, 24048, 73377, 67355, 15053, 17980, 70735, 35236, 75523, 91241, 23447, 72477, 51156, 95259, 88333, 29494, 67321, 52714, 62917, 99842, 65229, 6617, 44275, 88720, 37853, 8770, 63811, 7507, 89636, 17817, 1558, 85068, 79776, 73733, 11481, 89926, 56682, 49746, 9429, 50818, 45883, 58652, 12423, 26431, 60221, 95661, 73944, 68283, 51044, 69558, 68608, 65135, 29404, 17239, 5514, 47278, 63393, 94877, 23491, 47292, 6877, 19032, 65956, 9732, 97912, 1976, 37613, 34466, 61934, 57269, 53618, 5940, 93510, 52374, 85684, 22266, 86296, 60665, 10810, 9462, 494, 58482, 75247, 71566, 31620, 58819, 97731, 83116, 7767, 83623, 12444, 57312, 49834, 46402, 98377, 30435, 36116, 16443, 25589, 45312, 64514, 37426, 76200, 11178, 7488, 18610, 92099, 97566, 6854, 33656, 17686, 10866, 73697, 81050, 12312, 6505, 95303, 61521, 72092, 94259, 32683, 45746, 77187, 88803, 39457, 40047, 95729, 22380, 62708, 14355, 83408, 29714, 50213, 24600, 63055, 94787, 52488, 53820, 72502, 35142, 82539, 36201, 83535, 70150, 4544, 53013, 91532, 98794, 75749, 37723, 24569, 90322, 279, 84293, 85419, 53204, 7321, 22724, 95538, 85836, 2877, 93721, 73981, 40836, 90505, 94370, 88415, 37372, 69317, 25860, 4116, 35759, 84385, 33447, 84816, 12456, 31068, 57878, 18743, 27118, 55146, 45045, 76854, 36409, 49423, 25447, 28432, 61176, 34319, 67878, 7127, 41048, 27399, 57337, 84290, 2409, 69039, 23729, 7494, 36747, 48478, 38848, 42755, 293, 91046, 40498, 48156, 87860, 19957, 4960, 74844, 19836, 92291, 57801, 90081, 88664, 17768, 78881, 47919, 71822, 34413, 1930, 46778, 88873, 89253, 43012, 48581, 9353, 85645, 13891, 48249, 50115, 66199, 3386, 20854, 99932, 28051, 71692, 93909, 74084, 74671, 89896, 50523, 88742, 12398, 72247, 55742, 51721, 34827, 36846, 62982, 39419, 78439, 9343, 48468, 84544, 39864, 76167, 43812, 71247, 20757, 1762, 41180, 27413, 60564, 22669, 82173, 16704, 46485, 72310, 26823, 41298, 58642, 32787, 90874, 58140, 56784, 29999, 8759, 96835, 78050, 41544, 1255, 17455, 33878, 64547, 58966, 82332, 5215, 48306, 8922, 24655, 4697, 70882, 84900, 82562, 62735, 34434, 73303, 61588, 35094, 68503, 41162, 54916, 58190, 12626, 60530, 22534, 77445, 84110, 41705, 60129, 60275, 26541, 44213, 1777, 13370, 3088, 42025, 39125, 6806, 57675, 48434, 98242, 36838, 43086, 11553, 17088, 22108, 72325, 25128, 87991, 65587, 14862, 36451, 44287, 9734, 15759, 72468, 61485, 14174, 26892, 64268, 19975, 5444, 33247, 50382, 76845, 87224, 36256, 66890, 95968, 72639, 77038, 43204, 39754, 36312, 74369, 96758, 27679, 249, 98284, 44817, 61235, 55085, 9992, 27298, 25783, 69424, 39622, 26481, 58524, 35109, 38014, 50849, 43262, 70599, 1236, 29822, 19493, 40976, 26562, 7919, 16019, 11304, 44960, 68766, 47516, 55933, 93459, 51964, 80457, 87397, 77661, 10867, 13339, 38927, 67085, 83000, 91594, 70221, 32812, 41638, 39247, 63161, 56481, 85947, 619, 54521, 29223, 59027, 34890, 77305, 79995, 54866, 56578, 59831, 16991, 48800, 12168, 58544, 42596, 87951, 65721, 11198, 23052, 15984, 12347, 45822, 1513, 17129, 34479, 87885, 87506, 81928, 20343, 45290, 20189, 98974, 29926, 61725, 72592, 35725, 72251, 55074, 7660, 24694]})"
562.0,9,164,47,43.705843448638916,10696,"Genotype(dna={""<class 'abc.NT_0017'>"": [1, 23052], ""<class 'abc.NT_0017_P_00000'>"": [], ""<class 'abc.NT_0005'>"": [0, 0, 35544, 1, 0, 1, 0, 1, 1, 1513], ""<class 'abc.NT_0005_P_00000'>"": [], ""<class 'abc.NT_0005_P_00001'>"": [], ""<class 'bool'>"": [50833, 28611, 95173, 92596, 84996, 15299, 84608, 73218, 73704, 53577, 54127, 73580, 61648, 63455, 34182, 28379, 9832, 69766, 27025, 9321, 39372, 40559, 45589, 21512, 9991, 31131, 22379, 82972, 66879, 7070, 87492, 33083, 92916, 1233, 89415, 28350, 54741, 51276, 16414, 74832, 4355, 87209, 57305, 93042, 23231, 67903, 93745, 31960, 29422, 28659, 99170, 40455, 13273, 92051, 14178, 78998, 45259, 78698, 95977, 93014, 83753, 21951, 16043, 13772, 66730, 10736, 57934, 29081, 62948, 99869, 41968, 82469, 93064, 59471, 51253, 67704, 97811, 82022, 87389, 59617, 67283, 63422, 70186, 58801, 23472, 68171, 46787, 87700, 86179, 38104, 2384, 90063, 6576, 80132, 98840, 65605, 74894, 53809, 99733, 89043, 84198, 62780, 94716, 23035, 32450, 31489, 41399, 87765, 69122, 99723, 54018, 92501, 39572, 89999, 58379, 67238, 50112, 90146, 55533, 46837, 57815, 68681, 79206, 32534, 3130, 58659, 69605, 82887, 74526, 5911, 58400, 62789, 48677, 31474, 44702, 39368, 40140, 19876, 33772, 86631, 58194, 70508], ""<class 'int'>"": [88091, 54758, 80960, 4147, 58985, 98835, 33177, 12380, 43928, 18156, 46293, 82997, 26546, 21931, 20632, 91665, 69275, 46303, 61738, 80613, 63967, 92163, 79154, 79668, 18313, 6071, 50712, 91463, 54716, 33220, 52575, 78591, 28324, 24851, 385, 86434, 6594, 95864, 4088, 31907, 5028, 70908, 60125, 88976, 64506, 45119, 63026, 18677, 76141, 62129, 40973, 74468, 90479, 50241, 61828, 14495, 64587, 47259, 69389, 59226, 21182, 99643, 3451, 67066, 55205, 22485, 89443, 19030, 10288, 23574, 78426, 55280, 17305, 68878, 94325, 9074, 35370, 56456, 95300, 73961, 59051, 835, 21640, 2744, 30054, 96306, 55542, 57066, 65643, 97962, 97088, 62680, 24967, 56005, 85155, 81002, 48234, 28842, 92105, 38714, 65511, 82476, 73240, 25988, 68682, 4749, 1059, 85277, 54664, 55169, 72830, 29209, 32377, 56597, 43815, 46740, 16019, 36704, 91606, 3697, 42934, 87720, 75207, 56054, 59737, 79252, 96186, 60558, 8582, 3209, 7798, 18736, 20655, 95860, 60671, 36386, 88318, 80757, 49888, 58523, 36742, 48071, 76427, 91397, 47115, 74907, 19807, 19166, 48854, 4778, 9526, 30084, 70329, 29929, 24152, 98179, 6661, 59360, 47157, 52018, 24734, 716, 46264, 89982, 86072, 78100, 64619, 77321], ""<class 'abc.NT_0010'>"": [0, 0, 1, 53054], ""<class 'abc.NT_0010_P_00000'>"": [], ""<class 'abc.NT_0006'>"": [2, 2, 0, 1, 1302, 1892], ""<class 'abc.NT_0006_P_00000'>"": [], ""<class 'abc.NT_0006_P_00001'>"": [], ""<class 'abc.NT_0002'>"": [1, 1, 2, 1, 1, 1, 1, 0, 2, 1, 41818, 0, 2, 0, 1, 0, 2, 1, 53720, 1, 0, 0, 69722, 1, 8713, 0, 0, 2, 0, 0, 0, 2, 1, 64800, 99864], ""<class 'abc.NT_0002_P_00000'>"": [], ""<class 'abc.NT_0001'>"": [1, 1, 1, 0, 0, 0, 0, 1, 1, 1, 1, 0, 1, 16227, 1, 1, 1, 1, 0, 0, 10290, 0, 0, 0, 0, 0, 1, 40887, 0, 0, 0, 0, 0, 0, 0, 0, 0, 1, 0, 0, 0, 0, 76558, 0, 0, 0, 1, 0, 0, 26591, 1, 1, 1, 0, 1, 0, 0, 45290], ""<class 'abc.NT_0001_P_00000'>"": [], ""<class 'abc.NT_0001_P_00001'>"": [], ""<class 'abc.NT_0000'>"": [0, 1, 1, 94528, 1, 0, 1, 1, 31647, 1, 1, 80324, 0, 0, 75412, 1, 69944, 1, 0, 0, 0, 1, 0, 0, 0, 1, 1, 0, 1, 3483, 1, 0, 42401, 0, 0, 0, 0, 54668, 66557, 1, 0, 1, 1, 0, 0, 21028, 54540, 1, 5444, 3614, 1, 0, 0, 0, 0, 0, 71485, 1, 0, 0, 0, 0, 1, 20343], ""<class 'abc.NT_0000_P_00000'>"": [], ""<class 'abc.NT_0000_P_00001'>"": [], ""<class 'abc.NT_0002_P_00001'>"": [], ""<class 'abc.NT_0002_P_00002'>"": [], ""<class 'abc.NT_0006_P_00002'>"": [], ""<class 'abc.NT_0007'>"": [1, 0, 1, 2, 87885, 72251, 55074], ""<class 'abc.NT_0007_P_00000'>"": [], ""<class 'abc.NT_0007_P_00001'>"": [], ""<class 'abc.NT_0007_P_00002'>"": [], ""<class 'abc.NT_0004'>"": [1, 1, 77639, 2, 1, 2, 63194, 90154], ""<class 'abc.NT_0004_P_00000'>"": [], ""<class 'abc.NT_0003'>"": [10039, 1, 0, 1, 98974, 61725, 72592, 35725, 7660], ""<class 'abc.NT_0003_P_00000'>"": [], ""<class 'abc.NT_0003_P_00001'>"": [], ""<class 'abc.NT_0003_P_00002'>"": [], ""<class 'abc.NT_0003_P_00003'>"": [], ""<class 'abc.NT_0004_P_00001'>"": [], ""<class 'abc.NT_0004_P_00002'>"": [], ""<class 'abc.NT_0009'>"": [3, 0, 1, 1, 0, 45822], ""<class 'abc.NT_0009_P_00000'>"": [], ""<class 'abc.NT_0008'>"": [15828, 0, 83857, 0, 0, 0, 17129], ""<class 'abc.NT_0008_P_00000'>"": [], ""<class 'abc.NT_0009_P_00001'>"": [], ""<class 'abc.NT_0009_P_00002'>"": [], ""<class 'abc.NT_0009_P_00003'>"": [], ""<class 'abc.NT_0010_P_00001'>"": [], ""<class 'abc.NT_0010_P_00002'>"": [], ""<class 'abc.NT_0017_P_00001'>"": [], ""<class 'abc.NT_0012'>"": [0, 0, 27606, 0, 0, 65962], ""<class 'abc.NT_0012_P_00000'>"": [], ""<class 'abc.NT_0012_P_00001'>"": [], ""<class 'abc.NT_0017_P_00002'>"": [], ""<class 'abc.NT_0013'>"": [], ""<class 'abc.NT_0013_P_00000'>"": [], ""<class 'abc.NT_0011'>"": [0, 94522], ""<class 'abc.NT_0011_P_00000'>"": [], ""<class 'abc.NT_0011_P_00001'>"": [], ""<class 'abc.NT_0011_P_00002'>"": [], ""<class 'abc.NT_0013_P_00001'>"": [], ""<class 'abc.NT_0013_P_00002'>"": [], ""<class 'abc.NT_0017_P_00003'>"": [], ""<class 'abc.NT_0016'>"": [0, 20070], ""<class 'abc.NT_0016_P_00000'>"": [], ""<class 'abc.NT_0016_P_00001'>"": [], ""<class 'abc.NT_0016_P_00002'>"": [], '$leftovers': [13707, 7777, 43103, 79112, 41937, 82055, 41802, 80929, 37572, 24235, 1002, 66268, 87311, 99058, 42897, 54099, 4751, 39061, 38658, 18856, 32793, 32020, 84694, 43326, 66351, 11593, 16559, 82179, 29701, 14785, 63931, 19995, 86098, 88506, 88906, 98218, 57143, 64899, 75531, 17691, 63845, 68413, 76826, 30524, 48607, 6718, 24768, 14247, 23842, 98884, 92372, 55279, 40315, 43705, 6728, 53868, 34432, 73753, 89438, 79733, 83929, 38685, 35410, 5343, 16823, 35888, 70000, 12879, 27426, 44726, 95438, 53746, 11554, 35563, 36846, 46156, 65002, 72433, 85297, 12477, 3511, 72425, 53166, 5796, 30717, 45518, 76561, 21526, 65748, 18017, 64172, 9175, 16724, 51276, 1749, 5687, 47923, 68260, 48548, 94393, 55323, 76604, 84009, 54574, 8798, 35733, 67233, 4198, 56844, 12629, 29196, 81671, 71295, 84963, 73193, 37662, 77918, 40265, 71387, 2776, 72056, 79890, 24380, 6524, 11920, 82004, 80554, 7771, 51485, 29874, 64851, 32118, 68660, 22646, 40503, 29950, 45632, 59339, 63591, 66553, 79195, 90039, 8891, 94412, 82595, 43578, 41060, 60184, 28053, 84947, 77614, 38864, 91374, 58545, 50015, 19960, 7381, 78763, 85070, 21507, 19025, 51930, 32629, 45143, 39756, 26052, 37388, 90108, 9391, 53674, 16962, 24269, 95106, 99931, 56381, 37781, 12365, 84199, 30949, 74271, 916, 85830, 97679, 18102, 478, 75886, 30302, 21977, 90537, 30063, 19357, 81788, 35261, 14719, 66114, 20921, 20240, 5992, 58367, 9680, 68600, 85141, 46379, 54808, 83564, 47005, 66549, 22371, 91024, 89979, 20226, 63714, 58641, 45142, 46907, 57602, 15144, 97990, 7439, 11158, 59469, 11328, 80659, 5962, 25695, 77537, 11892, 91592, 56748, 38581, 37353, 71743, 70419, 27563, 8343, 51963, 16605, 94638, 42057, 61173, 28541, 41743, 60295, 49767, 73628, 41163, 91833, 78182, 82565, 25215, 96862, 76058, 44249, 82715, 20979, 71376, 27708, 78050, 40085, 30494, 46076, 48158, 98017, 59418, 77712, 4502, 58514, 86759, 30136, 53692, 84446, 34409, 6828, 35370, 50950, 51945, 59877, 55822, 81173, 57512, 24080, 92189, 34559, 32530, 48867, 64932, 44, 85888, 8300, 92843, 6844, 39222, 76898, 88754, 22876, 38074, 43299, 88699, 81654, 61902, 89999, 13497, 66668, 7338, 74096, 38397, 11013, 98336, 40480, 33892, 63626, 49088, 71312, 23172, 10803, 62392, 24917, 67254, 58009, 81336, 59457, 73844, 95696, 6506, 27308, 70695, 56701, 13067, 41613, 72662, 53528, 75491, 42519, 81780, 31754, 13856, 88917, 96452, 41223, 89774, 10407, 31336, 50783, 20291, 5997, 7069, 31395, 24625, 6189, 56620, 24762, 84988, 68874, 85812, 41091, 24302, 77112, 35149, 22780, 53184, 18627, 57549, 17465, 63612, 87939, 6980, 60883, 29814, 87238, 14952, 60779, 86760, 61062, 30267, 24445, 56989, 27229, 82900, 90023, 57786, 63779, 40235, 86679, 51776, 22058, 63483, 39593, 41554, 8133, 95503, 6716, 25867, 90267, 22987, 39665, 98545, 93605, 1747, 78248, 27473, 33109, 26918, 82634, 51318, 80099, 73743, 12182, 94300, 46775, 25047, 68889, 10070, 18361, 65084, 37080, 70960, 83222, 67058, 98067, 22471, 67691, 59607, 67337, 8930, 21238, 46639, 45431, 43153, 96128, 24156, 80501, 82080, 49059, 2091, 12212, 52072, 31681, 90064, 42922, 12694, 63500, 88958, 85424, 60965, 55836, 88426, 54941, 94663, 65220, 71036, 49752, 17451, 53699, 9314, 14619, 3290, 44849, 90564, 91441, 62905, 40530, 5641, 37318, 36823, 31308, 19382, 62343, 86280, 16633, 47566, 15336, 77921, 88788, 50425, 20260, 79556, 59009, 60227, 87434, 40228, 88797, 25912, 98562, 76789, 91824, 52309, 10258, 50738, 95463, 77205, 93493, 68362, 24106, 95689, 49524, 69579, 66348, 75971, 22529, 74132, 89303, 37488, 5127, 63655, 17283, 25796, 52901, 73353, 59242, 58591, 76499, 46764, 96815, 56675, 19904, 86086, 9538, 16381, 25966, 48189, 47295, 50918, 3257, 56486, 10672, 45517, 6977, 66557, 24565, 14166, 47870, 73695, 59021, 61532, 83752, 51246, 6816, 65190, 71364, 98756, 25731, 84141, 78432, 21130, 69362, 52504, 59655, 73856, 97330, 50721, 19705, 54620, 16926, 96429, 24048, 73377, 67355, 15053, 17980, 70735, 35236, 75523, 91241, 23447, 72477, 51156, 95259, 88333, 29494, 67321, 52714, 62917, 99842, 65229, 6617, 44275, 88720, 37853, 8770, 63811, 7507, 89636, 17817, 1558, 85068, 79776, 73733, 11481, 89926, 56682, 49746, 9429, 50818, 45883, 58652, 12423, 26431, 60221, 95661, 73944, 68283, 51044, 69558, 68608, 65135, 29404, 17239, 5514, 47278, 63393, 94877, 23491, 47292, 6877, 19032, 65956, 9732, 97912, 1976, 37613, 34466, 61934, 57269, 53618, 5940, 93510, 52374, 85684, 22266, 86296, 60665, 10810, 9462, 494, 58482, 75247, 71566, 31620, 58819, 97731, 83116, 7767, 83623, 12444, 57312, 49834, 46402, 98377, 30435, 36116, 16443, 25589, 45312, 64514, 37426, 76200, 11178, 7488, 18610, 92099, 97566, 6854, 33656, 17686, 10866, 73697, 81050, 12312, 6505, 95303, 61521, 72092, 94259, 32683, 45746, 77187, 88803, 39457, 40047, 95729, 22380, 62708, 14355, 83408, 29714, 50213, 24600, 63055, 94787, 52488, 53820, 72502, 35142, 82539, 36201, 83535, 70150, 4544, 53013, 91532, 98794, 75749, 37723, 24569, 90322, 279, 84293, 85419, 53204, 7321, 22724, 95538, 85836, 2877, 93721, 73981, 40836, 90505, 94370, 88415, 37372, 69317, 25860, 4116, 35759, 84385, 33447, 84816, 12456, 31068, 57878, 18743, 27118, 55146, 45045, 76854, 36409, 49423, 25447, 28432, 61176, 34319, 67878, 7127, 41048, 27399, 57337, 84290, 2409, 69039, 23729, 7494, 36747, 48478, 38848, 42755, 293, 91046, 40498, 48156, 87860, 19957, 4960, 74844, 19836, 92291, 57801, 90081, 88664, 17768, 78881, 47919, 71822, 34413, 1930, 46778, 88873, 89253, 43012, 48581, 9353, 85645, 13891, 48249, 50115, 66199, 3386, 20854, 99932, 28051, 71692, 93909, 74084, 74671, 89896, 50523, 88742, 12398, 72247, 55742, 51721, 34827, 36846, 62982, 39419, 78439, 9343, 48468, 84544, 39864, 76167, 43812, 71247, 20757, 1762, 41180, 27413, 60564, 22669, 82173, 16704, 46485, 72310, 26823, 41298, 58642, 32787, 90874, 58140, 56784, 29999, 8759, 96835, 78050, 41544, 1255, 17455, 33878, 64547, 58966, 82332, 5215, 48306, 8922, 24655, 4697, 70882, 84900, 82562, 62735, 34434, 73303, 61588, 35094, 68503, 41162, 54916, 58190, 12626, 60530, 22534, 77445, 84110, 41705, 60129, 60275, 26541, 44213, 1777, 13370, 3088, 42025, 39125, 6806, 57675, 48434, 98242, 36838, 43086, 11553, 17088, 22108, 72325, 25128, 87991, 65587, 14862, 36451, 44287, 9734, 15759, 72468, 61485, 14174, 26892, 64268, 19975, 5444, 33247, 50382, 76845, 87224, 36256, 66890, 95968, 72639, 77038, 43204, 39754, 36312, 74369, 96758, 27679, 249, 98284, 44817, 61235, 55085, 9992, 27298, 25783, 69424, 39622, 26481, 58524, 35109, 38014, 50849, 43262, 70599, 1236, 29822, 19493, 40976, 26562, 7919, 16019, 11304, 44960, 68766, 47516, 55933, 93459, 51964, 80457, 87397, 77661, 10867, 13339, 38927, 67085, 83000, 91594, 70221, 32812, 41638, 39247, 63161, 56481, 85947, 619, 54521, 29223, 59027, 34890, 77305, 79995, 54866, 56578, 59831, 16991, 48800, 12168, 58544, 42596, 87951, 65721, 11198, 23052, 15984, 12347, 45822, 1513, 17129, 34479, 87885, 87506, 81928, 20343, 45290, 20189, 98974, 29926, 61725, 72592, 35725, 72251, 55074, 7660, 24694]})"
562.0,9,164,48,44.20224642753601,10696,"Genotype(dna={""<class 'abc.NT_0017'>"": [1, 23052], ""<class 'abc.NT_0017_P_00000'>"": [], ""<class 'abc.NT_0005'>"": [0, 0, 35544, 1, 0, 1, 0, 1, 1, 1513], ""<class 'abc.NT_0005_P_00000'>"": [], ""<class 'abc.NT_0005_P_00001'>"": [], ""<class 'bool'>"": [50833, 28611, 95173, 92596, 84996, 15299, 84608, 73218, 73704, 53577, 54127, 73580, 61648, 63455, 34182, 28379, 9832, 69766, 27025, 9321, 39372, 40559, 45589, 21512, 9991, 31131, 22379, 82972, 66879, 7070, 87492, 33083, 92916, 1233, 89415, 28350, 54741, 51276, 16414, 74832, 4355, 87209, 57305, 93042, 23231, 67903, 93745, 31960, 29422, 28659, 99170, 40455, 13273, 92051, 14178, 78998, 45259, 78698, 95977, 93014, 83753, 21951, 16043, 13772, 66730, 10736, 57934, 29081, 62948, 99869, 41968, 82469, 93064, 59471, 51253, 67704, 97811, 82022, 87389, 59617, 67283, 63422, 70186, 58801, 23472, 68171, 46787, 87700, 86179, 38104, 2384, 90063, 6576, 80132, 98840, 65605, 74894, 53809, 99733, 89043, 84198, 62780, 94716, 23035, 32450, 31489, 41399, 87765, 69122, 99723, 54018, 92501, 39572, 89999, 58379, 67238, 50112, 90146, 55533, 46837, 57815, 68681, 79206, 32534, 3130, 58659, 69605, 82887, 74526, 5911, 58400, 62789, 48677, 31474, 44702, 39368, 40140, 19876, 33772, 86631, 58194, 70508], ""<class 'int'>"": [88091, 54758, 80960, 4147, 58985, 98835, 33177, 12380, 43928, 18156, 46293, 82997, 26546, 21931, 20632, 91665, 69275, 46303, 61738, 80613, 63967, 92163, 79154, 79668, 18313, 6071, 50712, 91463, 54716, 33220, 52575, 78591, 28324, 24851, 385, 86434, 6594, 95864, 4088, 31907, 5028, 70908, 60125, 88976, 64506, 45119, 63026, 18677, 76141, 62129, 40973, 74468, 90479, 50241, 61828, 14495, 64587, 47259, 69389, 59226, 21182, 99643, 3451, 67066, 55205, 22485, 89443, 19030, 10288, 23574, 78426, 55280, 17305, 68878, 94325, 9074, 35370, 56456, 95300, 73961, 59051, 835, 21640, 2744, 30054, 96306, 55542, 57066, 65643, 97962, 97088, 62680, 24967, 56005, 85155, 81002, 48234, 28842, 92105, 38714, 65511, 82476, 73240, 25988, 68682, 4749, 1059, 85277, 54664, 55169, 72830, 29209, 32377, 56597, 43815, 46740, 16019, 36704, 91606, 3697, 42934, 87720, 75207, 56054, 59737, 79252, 96186, 60558, 8582, 3209, 7798, 18736, 20655, 95860, 60671, 36386, 88318, 80757, 49888, 58523, 36742, 48071, 76427, 91397, 47115, 74907, 19807, 19166, 48854, 4778, 9526, 30084, 70329, 29929, 24152, 98179, 6661, 59360, 47157, 52018, 24734, 716, 46264, 89982, 86072, 78100, 64619, 77321], ""<class 'abc.NT_0010'>"": [0, 0, 1, 53054], ""<class 'abc.NT_0010_P_00000'>"": [], ""<class 'abc.NT_0006'>"": [2, 2, 0, 1, 1302, 1892], ""<class 'abc.NT_0006_P_00000'>"": [], ""<class 'abc.NT_0006_P_00001'>"": [], ""<class 'abc.NT_0002'>"": [1, 1, 2, 1, 1, 1, 1, 0, 2, 1, 41818, 0, 2, 0, 1, 0, 2, 1, 53720, 1, 0, 0, 69722, 1, 8713, 0, 0, 2, 0, 0, 0, 2, 1, 64800, 99864], ""<class 'abc.NT_0002_P_00000'>"": [], ""<class 'abc.NT_0001'>"": [1, 1, 1, 0, 0, 0, 0, 1, 1, 1, 1, 0, 1, 16227, 1, 1, 1, 1, 0, 0, 10290, 0, 0, 0, 0, 0, 1, 40887, 0, 0, 0, 0, 0, 0, 0, 0, 0, 1, 0, 0, 0, 0, 76558, 0, 0, 0, 1, 0, 0, 26591, 1, 1, 1, 0, 1, 0, 0, 45290], ""<class 'abc.NT_0001_P_00000'>"": [], ""<class 'abc.NT_0001_P_00001'>"": [], ""<class 'abc.NT_0000'>"": [0, 1, 1, 94528, 1, 0, 1, 1, 31647, 1, 1, 80324, 0, 0, 75412, 1, 69944, 1, 0, 0, 0, 1, 0, 0, 0, 1, 1, 0, 1, 3483, 1, 0, 42401, 0, 0, 0, 0, 54668, 66557, 1, 0, 1, 1, 0, 0, 21028, 54540, 1, 5444, 3614, 1, 0, 0, 0, 0, 0, 71485, 1, 0, 0, 0, 0, 1, 20343], ""<class 'abc.NT_0000_P_00000'>"": [], ""<class 'abc.NT_0000_P_00001'>"": [], ""<class 'abc.NT_0002_P_00001'>"": [], ""<class 'abc.NT_0002_P_00002'>"": [], ""<class 'abc.NT_0006_P_00002'>"": [], ""<class 'abc.NT_0007'>"": [1, 0, 1, 2, 87885, 72251, 55074], ""<class 'abc.NT_0007_P_00000'>"": [], ""<class 'abc.NT_0007_P_00001'>"": [], ""<class 'abc.NT_0007_P_00002'>"": [], ""<class 'abc.NT_0004'>"": [1, 1, 77639, 2, 1, 2, 63194, 90154], ""<class 'abc.NT_0004_P_00000'>"": [], ""<class 'abc.NT_0003'>"": [10039, 1, 0, 1, 98974, 61725, 72592, 35725, 7660], ""<class 'abc.NT_0003_P_00000'>"": [], ""<class 'abc.NT_0003_P_00001'>"": [], ""<class 'abc.NT_0003_P_00002'>"": [], ""<class 'abc.NT_0003_P_00003'>"": [], ""<class 'abc.NT_0004_P_00001'>"": [], ""<class 'abc.NT_0004_P_00002'>"": [], ""<class 'abc.NT_0009'>"": [3, 0, 1, 1, 0, 45822], ""<class 'abc.NT_0009_P_00000'>"": [], ""<class 'abc.NT_0008'>"": [15828, 0, 83857, 0, 0, 0, 17129], ""<class 'abc.NT_0008_P_00000'>"": [], ""<class 'abc.NT_0009_P_00001'>"": [], ""<class 'abc.NT_0009_P_00002'>"": [], ""<class 'abc.NT_0009_P_00003'>"": [], ""<class 'abc.NT_0010_P_00001'>"": [], ""<class 'abc.NT_0010_P_00002'>"": [], ""<class 'abc.NT_0017_P_00001'>"": [], ""<class 'abc.NT_0012'>"": [0, 0, 27606, 0, 0, 65962], ""<class 'abc.NT_0012_P_00000'>"": [], ""<class 'abc.NT_0012_P_00001'>"": [], ""<class 'abc.NT_0017_P_00002'>"": [], ""<class 'abc.NT_0013'>"": [], ""<class 'abc.NT_0013_P_00000'>"": [], ""<class 'abc.NT_0011'>"": [0, 94522], ""<class 'abc.NT_0011_P_00000'>"": [], ""<class 'abc.NT_0011_P_00001'>"": [], ""<class 'abc.NT_0011_P_00002'>"": [], ""<class 'abc.NT_0013_P_00001'>"": [], ""<class 'abc.NT_0013_P_00002'>"": [], ""<class 'abc.NT_0017_P_00003'>"": [], ""<class 'abc.NT_0016'>"": [0, 20070], ""<class 'abc.NT_0016_P_00000'>"": [], ""<class 'abc.NT_0016_P_00001'>"": [], ""<class 'abc.NT_0016_P_00002'>"": [], '$leftovers': [13707, 7777, 43103, 79112, 41937, 82055, 41802, 80929, 37572, 24235, 1002, 66268, 87311, 99058, 42897, 54099, 4751, 39061, 38658, 18856, 32793, 32020, 84694, 43326, 66351, 11593, 16559, 82179, 29701, 14785, 63931, 19995, 86098, 88506, 88906, 98218, 57143, 64899, 75531, 17691, 63845, 68413, 76826, 30524, 48607, 6718, 24768, 14247, 23842, 98884, 92372, 55279, 40315, 43705, 6728, 53868, 34432, 73753, 89438, 79733, 83929, 38685, 35410, 5343, 16823, 35888, 70000, 12879, 27426, 44726, 95438, 53746, 11554, 35563, 36846, 46156, 65002, 72433, 85297, 12477, 3511, 72425, 53166, 5796, 30717, 45518, 76561, 21526, 65748, 18017, 64172, 9175, 16724, 51276, 1749, 5687, 47923, 68260, 48548, 94393, 55323, 76604, 84009, 54574, 8798, 35733, 67233, 4198, 56844, 12629, 29196, 81671, 71295, 84963, 73193, 37662, 77918, 40265, 71387, 2776, 72056, 79890, 24380, 6524, 11920, 82004, 80554, 7771, 51485, 29874, 64851, 32118, 68660, 22646, 40503, 29950, 45632, 59339, 63591, 66553, 79195, 90039, 8891, 94412, 82595, 43578, 41060, 60184, 28053, 84947, 77614, 38864, 91374, 58545, 50015, 19960, 7381, 78763, 85070, 21507, 19025, 51930, 32629, 45143, 39756, 26052, 37388, 90108, 9391, 53674, 16962, 24269, 95106, 99931, 56381, 37781, 12365, 84199, 30949, 74271, 916, 85830, 97679, 18102, 478, 75886, 30302, 21977, 90537, 30063, 19357, 81788, 35261, 14719, 66114, 20921, 20240, 5992, 58367, 9680, 68600, 85141, 46379, 54808, 83564, 47005, 66549, 22371, 91024, 89979, 20226, 63714, 58641, 45142, 46907, 57602, 15144, 97990, 7439, 11158, 59469, 11328, 80659, 5962, 25695, 77537, 11892, 91592, 56748, 38581, 37353, 71743, 70419, 27563, 8343, 51963, 16605, 94638, 42057, 61173, 28541, 41743, 60295, 49767, 73628, 41163, 91833, 78182, 82565, 25215, 96862, 76058, 44249, 82715, 20979, 71376, 27708, 78050, 40085, 30494, 46076, 48158, 98017, 59418, 77712, 4502, 58514, 86759, 30136, 53692, 84446, 34409, 6828, 35370, 50950, 51945, 59877, 55822, 81173, 57512, 24080, 92189, 34559, 32530, 48867, 64932, 44, 85888, 8300, 92843, 6844, 39222, 76898, 88754, 22876, 38074, 43299, 88699, 81654, 61902, 89999, 13497, 66668, 7338, 74096, 38397, 11013, 98336, 40480, 33892, 63626, 49088, 71312, 23172, 10803, 62392, 24917, 67254, 58009, 81336, 59457, 73844, 95696, 6506, 27308, 70695, 56701, 13067, 41613, 72662, 53528, 75491, 42519, 81780, 31754, 13856, 88917, 96452, 41223, 89774, 10407, 31336, 50783, 20291, 5997, 7069, 31395, 24625, 6189, 56620, 24762, 84988, 68874, 85812, 41091, 24302, 77112, 35149, 22780, 53184, 18627, 57549, 17465, 63612, 87939, 6980, 60883, 29814, 87238, 14952, 60779, 86760, 61062, 30267, 24445, 56989, 27229, 82900, 90023, 57786, 63779, 40235, 86679, 51776, 22058, 63483, 39593, 41554, 8133, 95503, 6716, 25867, 90267, 22987, 39665, 98545, 93605, 1747, 78248, 27473, 33109, 26918, 82634, 51318, 80099, 73743, 12182, 94300, 46775, 25047, 68889, 10070, 18361, 65084, 37080, 70960, 83222, 67058, 98067, 22471, 67691, 59607, 67337, 8930, 21238, 46639, 45431, 43153, 96128, 24156, 80501, 82080, 49059, 2091, 12212, 52072, 31681, 90064, 42922, 12694, 63500, 88958, 85424, 60965, 55836, 88426, 54941, 94663, 65220, 71036, 49752, 17451, 53699, 9314, 14619, 3290, 44849, 90564, 91441, 62905, 40530, 5641, 37318, 36823, 31308, 19382, 62343, 86280, 16633, 47566, 15336, 77921, 88788, 50425, 20260, 79556, 59009, 60227, 87434, 40228, 88797, 25912, 98562, 76789, 91824, 52309, 10258, 50738, 95463, 77205, 93493, 68362, 24106, 95689, 49524, 69579, 66348, 75971, 22529, 74132, 89303, 37488, 5127, 63655, 17283, 25796, 52901, 73353, 59242, 58591, 76499, 46764, 96815, 56675, 19904, 86086, 9538, 16381, 25966, 48189, 47295, 50918, 3257, 56486, 10672, 45517, 6977, 66557, 24565, 14166, 47870, 73695, 59021, 61532, 83752, 51246, 6816, 65190, 71364, 98756, 25731, 84141, 78432, 21130, 69362, 52504, 59655, 73856, 97330, 50721, 19705, 54620, 16926, 96429, 24048, 73377, 67355, 15053, 17980, 70735, 35236, 75523, 91241, 23447, 72477, 51156, 95259, 88333, 29494, 67321, 52714, 62917, 99842, 65229, 6617, 44275, 88720, 37853, 8770, 63811, 7507, 89636, 17817, 1558, 85068, 79776, 73733, 11481, 89926, 56682, 49746, 9429, 50818, 45883, 58652, 12423, 26431, 60221, 95661, 73944, 68283, 51044, 69558, 68608, 65135, 29404, 17239, 5514, 47278, 63393, 94877, 23491, 47292, 6877, 19032, 65956, 9732, 97912, 1976, 37613, 34466, 61934, 57269, 53618, 5940, 93510, 52374, 85684, 22266, 86296, 60665, 10810, 9462, 494, 58482, 75247, 71566, 31620, 58819, 97731, 83116, 7767, 83623, 12444, 57312, 49834, 46402, 98377, 30435, 36116, 16443, 25589, 45312, 64514, 37426, 76200, 11178, 7488, 18610, 92099, 97566, 6854, 33656, 17686, 10866, 73697, 81050, 12312, 6505, 95303, 61521, 72092, 94259, 32683, 45746, 77187, 88803, 39457, 40047, 95729, 22380, 62708, 14355, 83408, 29714, 50213, 24600, 63055, 94787, 52488, 53820, 72502, 35142, 82539, 36201, 83535, 70150, 4544, 53013, 91532, 98794, 75749, 37723, 24569, 90322, 279, 84293, 85419, 53204, 7321, 22724, 95538, 85836, 2877, 93721, 73981, 40836, 90505, 94370, 88415, 37372, 69317, 25860, 4116, 35759, 84385, 33447, 84816, 12456, 31068, 57878, 18743, 27118, 55146, 45045, 76854, 36409, 49423, 25447, 28432, 61176, 34319, 67878, 7127, 41048, 27399, 57337, 84290, 2409, 69039, 23729, 7494, 36747, 48478, 38848, 42755, 293, 91046, 40498, 48156, 87860, 19957, 4960, 74844, 19836, 92291, 57801, 90081, 88664, 17768, 78881, 47919, 71822, 34413, 1930, 46778, 88873, 89253, 43012, 48581, 9353, 85645, 13891, 48249, 50115, 66199, 3386, 20854, 99932, 28051, 71692, 93909, 74084, 74671, 89896, 50523, 88742, 12398, 72247, 55742, 51721, 34827, 36846, 62982, 39419, 78439, 9343, 48468, 84544, 39864, 76167, 43812, 71247, 20757, 1762, 41180, 27413, 60564, 22669, 82173, 16704, 46485, 72310, 26823, 41298, 58642, 32787, 90874, 58140, 56784, 29999, 8759, 96835, 78050, 41544, 1255, 17455, 33878, 64547, 58966, 82332, 5215, 48306, 8922, 24655, 4697, 70882, 84900, 82562, 62735, 34434, 73303, 61588, 35094, 68503, 41162, 54916, 58190, 12626, 60530, 22534, 77445, 84110, 41705, 60129, 60275, 26541, 44213, 1777, 13370, 3088, 42025, 39125, 6806, 57675, 48434, 98242, 36838, 43086, 11553, 17088, 22108, 72325, 25128, 87991, 65587, 14862, 36451, 44287, 9734, 15759, 72468, 61485, 14174, 26892, 64268, 19975, 5444, 33247, 50382, 76845, 87224, 36256, 66890, 95968, 72639, 77038, 43204, 39754, 36312, 74369, 96758, 27679, 249, 98284, 44817, 61235, 55085, 9992, 27298, 25783, 69424, 39622, 26481, 58524, 35109, 38014, 50849, 43262, 70599, 1236, 29822, 19493, 40976, 26562, 7919, 16019, 11304, 44960, 68766, 47516, 55933, 93459, 51964, 80457, 87397, 77661, 10867, 13339, 38927, 67085, 83000, 91594, 70221, 32812, 41638, 39247, 63161, 56481, 85947, 619, 54521, 29223, 59027, 34890, 77305, 79995, 54866, 56578, 59831, 16991, 48800, 12168, 58544, 42596, 87951, 65721, 11198, 23052, 15984, 12347, 45822, 1513, 17129, 34479, 87885, 87506, 81928, 20343, 45290, 20189, 98974, 29926, 61725, 72592, 35725, 72251, 55074, 7660, 24694]})"
562.0,9,164,49,44.610487937927246,10696,"Genotype(dna={""<class 'abc.NT_0017'>"": [1, 23052], ""<class 'abc.NT_0017_P_00000'>"": [], ""<class 'abc.NT_0005'>"": [0, 0, 35544, 1, 0, 1, 0, 1, 1, 1513], ""<class 'abc.NT_0005_P_00000'>"": [], ""<class 'abc.NT_0005_P_00001'>"": [], ""<class 'bool'>"": [50833, 28611, 95173, 92596, 84996, 15299, 84608, 73218, 73704, 53577, 54127, 73580, 61648, 63455, 34182, 28379, 9832, 69766, 27025, 9321, 39372, 40559, 45589, 21512, 9991, 31131, 22379, 82972, 66879, 7070, 87492, 33083, 92916, 1233, 89415, 28350, 54741, 51276, 16414, 74832, 4355, 87209, 57305, 93042, 23231, 67903, 93745, 31960, 29422, 28659, 99170, 40455, 13273, 92051, 14178, 78998, 45259, 78698, 95977, 93014, 83753, 21951, 16043, 13772, 66730, 10736, 57934, 29081, 62948, 99869, 41968, 82469, 93064, 59471, 51253, 67704, 97811, 82022, 87389, 59617, 67283, 63422, 70186, 58801, 23472, 68171, 46787, 87700, 86179, 38104, 2384, 90063, 6576, 80132, 98840, 65605, 74894, 53809, 99733, 89043, 84198, 62780, 94716, 23035, 32450, 31489, 41399, 87765, 69122, 99723, 54018, 92501, 39572, 89999, 58379, 67238, 50112, 90146, 55533, 46837, 57815, 68681, 79206, 32534, 3130, 58659, 69605, 82887, 74526, 5911, 58400, 62789, 48677, 31474, 44702, 39368, 40140, 19876, 33772, 86631, 58194, 70508], ""<class 'int'>"": [88091, 54758, 80960, 4147, 58985, 98835, 33177, 12380, 43928, 18156, 46293, 82997, 26546, 21931, 20632, 91665, 69275, 46303, 61738, 80613, 63967, 92163, 79154, 79668, 18313, 6071, 50712, 91463, 54716, 33220, 52575, 78591, 28324, 24851, 385, 86434, 6594, 95864, 4088, 31907, 5028, 70908, 60125, 88976, 64506, 45119, 63026, 18677, 76141, 62129, 40973, 74468, 90479, 50241, 61828, 14495, 64587, 47259, 69389, 59226, 21182, 99643, 3451, 67066, 55205, 22485, 89443, 19030, 10288, 23574, 78426, 55280, 17305, 68878, 94325, 9074, 35370, 56456, 95300, 73961, 59051, 835, 21640, 2744, 30054, 96306, 55542, 57066, 65643, 97962, 97088, 62680, 24967, 56005, 85155, 81002, 48234, 28842, 92105, 38714, 65511, 82476, 73240, 25988, 68682, 4749, 1059, 85277, 54664, 55169, 72830, 29209, 32377, 56597, 43815, 46740, 16019, 36704, 91606, 3697, 42934, 87720, 75207, 56054, 59737, 79252, 96186, 60558, 8582, 3209, 7798, 18736, 20655, 95860, 60671, 36386, 88318, 80757, 49888, 58523, 36742, 48071, 76427, 91397, 47115, 74907, 19807, 19166, 48854, 4778, 9526, 30084, 70329, 29929, 24152, 98179, 6661, 59360, 47157, 52018, 24734, 716, 46264, 89982, 86072, 78100, 64619, 77321], ""<class 'abc.NT_0010'>"": [0, 0, 1, 53054], ""<class 'abc.NT_0010_P_00000'>"": [], ""<class 'abc.NT_0006'>"": [2, 2, 0, 1, 1302, 1892], ""<class 'abc.NT_0006_P_00000'>"": [], ""<class 'abc.NT_0006_P_00001'>"": [], ""<class 'abc.NT_0002'>"": [1, 1, 2, 1, 1, 1, 1, 0, 2, 1, 41818, 0, 2, 0, 1, 0, 2, 1, 53720, 1, 0, 0, 69722, 1, 8713, 0, 0, 2, 0, 0, 0, 2, 1, 64800, 99864], ""<class 'abc.NT_0002_P_00000'>"": [], ""<class 'abc.NT_0001'>"": [1, 1, 1, 0, 0, 0, 0, 1, 1, 1, 1, 0, 1, 16227, 1, 1, 1, 1, 0, 0, 10290, 0, 0, 0, 0, 0, 1, 40887, 0, 0, 0, 0, 0, 0, 0, 0, 0, 1, 0, 0, 0, 0, 76558, 0, 0, 0, 1, 0, 0, 26591, 1, 1, 1, 0, 1, 0, 0, 45290], ""<class 'abc.NT_0001_P_00000'>"": [], ""<class 'abc.NT_0001_P_00001'>"": [], ""<class 'abc.NT_0000'>"": [0, 1, 1, 94528, 1, 0, 1, 1, 31647, 1, 1, 80324, 0, 0, 75412, 1, 69944, 1, 0, 0, 0, 1, 0, 0, 0, 1, 1, 0, 1, 3483, 1, 0, 42401, 0, 0, 0, 0, 54668, 66557, 1, 0, 1, 1, 0, 0, 21028, 54540, 1, 5444, 3614, 1, 0, 0, 0, 0, 0, 71485, 1, 0, 0, 0, 0, 1, 20343], ""<class 'abc.NT_0000_P_00000'>"": [], ""<class 'abc.NT_0000_P_00001'>"": [], ""<class 'abc.NT_0002_P_00001'>"": [], ""<class 'abc.NT_0002_P_00002'>"": [], ""<class 'abc.NT_0006_P_00002'>"": [], ""<class 'abc.NT_0007'>"": [1, 0, 1, 2, 87885, 72251, 55074], ""<class 'abc.NT_0007_P_00000'>"": [], ""<class 'abc.NT_0007_P_00001'>"": [], ""<class 'abc.NT_0007_P_00002'>"": [], ""<class 'abc.NT_0004'>"": [1, 1, 77639, 2, 1, 2, 63194, 90154], ""<class 'abc.NT_0004_P_00000'>"": [], ""<class 'abc.NT_0003'>"": [10039, 1, 0, 1, 98974, 61725, 72592, 35725, 7660], ""<class 'abc.NT_0003_P_00000'>"": [], ""<class 'abc.NT_0003_P_00001'>"": [], ""<class 'abc.NT_0003_P_00002'>"": [], ""<class 'abc.NT_0003_P_00003'>"": [], ""<class 'abc.NT_0004_P_00001'>"": [], ""<class 'abc.NT_0004_P_00002'>"": [], ""<class 'abc.NT_0009'>"": [3, 0, 1, 1, 0, 45822], ""<class 'abc.NT_0009_P_00000'>"": [], ""<class 'abc.NT_0008'>"": [15828, 0, 83857, 0, 0, 0, 17129], ""<class 'abc.NT_0008_P_00000'>"": [], ""<class 'abc.NT_0009_P_00001'>"": [], ""<class 'abc.NT_0009_P_00002'>"": [], ""<class 'abc.NT_0009_P_00003'>"": [], ""<class 'abc.NT_0010_P_00001'>"": [], ""<class 'abc.NT_0010_P_00002'>"": [], ""<class 'abc.NT_0017_P_00001'>"": [], ""<class 'abc.NT_0012'>"": [0, 0, 27606, 0, 0, 65962], ""<class 'abc.NT_0012_P_00000'>"": [], ""<class 'abc.NT_0012_P_00001'>"": [], ""<class 'abc.NT_0017_P_00002'>"": [], ""<class 'abc.NT_0013'>"": [], ""<class 'abc.NT_0013_P_00000'>"": [], ""<class 'abc.NT_0011'>"": [0, 94522], ""<class 'abc.NT_0011_P_00000'>"": [], ""<class 'abc.NT_0011_P_00001'>"": [], ""<class 'abc.NT_0011_P_00002'>"": [], ""<class 'abc.NT_0013_P_00001'>"": [], ""<class 'abc.NT_0013_P_00002'>"": [], ""<class 'abc.NT_0017_P_00003'>"": [], ""<class 'abc.NT_0016'>"": [0, 20070], ""<class 'abc.NT_0016_P_00000'>"": [], ""<class 'abc.NT_0016_P_00001'>"": [], ""<class 'abc.NT_0016_P_00002'>"": [], '$leftovers': [13707, 7777, 43103, 79112, 41937, 82055, 41802, 80929, 37572, 24235, 1002, 66268, 87311, 99058, 42897, 54099, 4751, 39061, 38658, 18856, 32793, 32020, 84694, 43326, 66351, 11593, 16559, 82179, 29701, 14785, 63931, 19995, 86098, 88506, 88906, 98218, 57143, 64899, 75531, 17691, 63845, 68413, 76826, 30524, 48607, 6718, 24768, 14247, 23842, 98884, 92372, 55279, 40315, 43705, 6728, 53868, 34432, 73753, 89438, 79733, 83929, 38685, 35410, 5343, 16823, 35888, 70000, 12879, 27426, 44726, 95438, 53746, 11554, 35563, 36846, 46156, 65002, 72433, 85297, 12477, 3511, 72425, 53166, 5796, 30717, 45518, 76561, 21526, 65748, 18017, 64172, 9175, 16724, 51276, 1749, 5687, 47923, 68260, 48548, 94393, 55323, 76604, 84009, 54574, 8798, 35733, 67233, 4198, 56844, 12629, 29196, 81671, 71295, 84963, 73193, 37662, 77918, 40265, 71387, 2776, 72056, 79890, 24380, 6524, 11920, 82004, 80554, 7771, 51485, 29874, 64851, 32118, 68660, 22646, 40503, 29950, 45632, 59339, 63591, 66553, 79195, 90039, 8891, 94412, 82595, 43578, 41060, 60184, 28053, 84947, 77614, 38864, 91374, 58545, 50015, 19960, 7381, 78763, 85070, 21507, 19025, 51930, 32629, 45143, 39756, 26052, 37388, 90108, 9391, 53674, 16962, 24269, 95106, 99931, 56381, 37781, 12365, 84199, 30949, 74271, 916, 85830, 97679, 18102, 478, 75886, 30302, 21977, 90537, 30063, 19357, 81788, 35261, 14719, 66114, 20921, 20240, 5992, 58367, 9680, 68600, 85141, 46379, 54808, 83564, 47005, 66549, 22371, 91024, 89979, 20226, 63714, 58641, 45142, 46907, 57602, 15144, 97990, 7439, 11158, 59469, 11328, 80659, 5962, 25695, 77537, 11892, 91592, 56748, 38581, 37353, 71743, 70419, 27563, 8343, 51963, 16605, 94638, 42057, 61173, 28541, 41743, 60295, 49767, 73628, 41163, 91833, 78182, 82565, 25215, 96862, 76058, 44249, 82715, 20979, 71376, 27708, 78050, 40085, 30494, 46076, 48158, 98017, 59418, 77712, 4502, 58514, 86759, 30136, 53692, 84446, 34409, 6828, 35370, 50950, 51945, 59877, 55822, 81173, 57512, 24080, 92189, 34559, 32530, 48867, 64932, 44, 85888, 8300, 92843, 6844, 39222, 76898, 88754, 22876, 38074, 43299, 88699, 81654, 61902, 89999, 13497, 66668, 7338, 74096, 38397, 11013, 98336, 40480, 33892, 63626, 49088, 71312, 23172, 10803, 62392, 24917, 67254, 58009, 81336, 59457, 73844, 95696, 6506, 27308, 70695, 56701, 13067, 41613, 72662, 53528, 75491, 42519, 81780, 31754, 13856, 88917, 96452, 41223, 89774, 10407, 31336, 50783, 20291, 5997, 7069, 31395, 24625, 6189, 56620, 24762, 84988, 68874, 85812, 41091, 24302, 77112, 35149, 22780, 53184, 18627, 57549, 17465, 63612, 87939, 6980, 60883, 29814, 87238, 14952, 60779, 86760, 61062, 30267, 24445, 56989, 27229, 82900, 90023, 57786, 63779, 40235, 86679, 51776, 22058, 63483, 39593, 41554, 8133, 95503, 6716, 25867, 90267, 22987, 39665, 98545, 93605, 1747, 78248, 27473, 33109, 26918, 82634, 51318, 80099, 73743, 12182, 94300, 46775, 25047, 68889, 10070, 18361, 65084, 37080, 70960, 83222, 67058, 98067, 22471, 67691, 59607, 67337, 8930, 21238, 46639, 45431, 43153, 96128, 24156, 80501, 82080, 49059, 2091, 12212, 52072, 31681, 90064, 42922, 12694, 63500, 88958, 85424, 60965, 55836, 88426, 54941, 94663, 65220, 71036, 49752, 17451, 53699, 9314, 14619, 3290, 44849, 90564, 91441, 62905, 40530, 5641, 37318, 36823, 31308, 19382, 62343, 86280, 16633, 47566, 15336, 77921, 88788, 50425, 20260, 79556, 59009, 60227, 87434, 40228, 88797, 25912, 98562, 76789, 91824, 52309, 10258, 50738, 95463, 77205, 93493, 68362, 24106, 95689, 49524, 69579, 66348, 75971, 22529, 74132, 89303, 37488, 5127, 63655, 17283, 25796, 52901, 73353, 59242, 58591, 76499, 46764, 96815, 56675, 19904, 86086, 9538, 16381, 25966, 48189, 47295, 50918, 3257, 56486, 10672, 45517, 6977, 66557, 24565, 14166, 47870, 73695, 59021, 61532, 83752, 51246, 6816, 65190, 71364, 98756, 25731, 84141, 78432, 21130, 69362, 52504, 59655, 73856, 97330, 50721, 19705, 54620, 16926, 96429, 24048, 73377, 67355, 15053, 17980, 70735, 35236, 75523, 91241, 23447, 72477, 51156, 95259, 88333, 29494, 67321, 52714, 62917, 99842, 65229, 6617, 44275, 88720, 37853, 8770, 63811, 7507, 89636, 17817, 1558, 85068, 79776, 73733, 11481, 89926, 56682, 49746, 9429, 50818, 45883, 58652, 12423, 26431, 60221, 95661, 73944, 68283, 51044, 69558, 68608, 65135, 29404, 17239, 5514, 47278, 63393, 94877, 23491, 47292, 6877, 19032, 65956, 9732, 97912, 1976, 37613, 34466, 61934, 57269, 53618, 5940, 93510, 52374, 85684, 22266, 86296, 60665, 10810, 9462, 494, 58482, 75247, 71566, 31620, 58819, 97731, 83116, 7767, 83623, 12444, 57312, 49834, 46402, 98377, 30435, 36116, 16443, 25589, 45312, 64514, 37426, 76200, 11178, 7488, 18610, 92099, 97566, 6854, 33656, 17686, 10866, 73697, 81050, 12312, 6505, 95303, 61521, 72092, 94259, 32683, 45746, 77187, 88803, 39457, 40047, 95729, 22380, 62708, 14355, 83408, 29714, 50213, 24600, 63055, 94787, 52488, 53820, 72502, 35142, 82539, 36201, 83535, 70150, 4544, 53013, 91532, 98794, 75749, 37723, 24569, 90322, 279, 84293, 85419, 53204, 7321, 22724, 95538, 85836, 2877, 93721, 73981, 40836, 90505, 94370, 88415, 37372, 69317, 25860, 4116, 35759, 84385, 33447, 84816, 12456, 31068, 57878, 18743, 27118, 55146, 45045, 76854, 36409, 49423, 25447, 28432, 61176, 34319, 67878, 7127, 41048, 27399, 57337, 84290, 2409, 69039, 23729, 7494, 36747, 48478, 38848, 42755, 293, 91046, 40498, 48156, 87860, 19957, 4960, 74844, 19836, 92291, 57801, 90081, 88664, 17768, 78881, 47919, 71822, 34413, 1930, 46778, 88873, 89253, 43012, 48581, 9353, 85645, 13891, 48249, 50115, 66199, 3386, 20854, 99932, 28051, 71692, 93909, 74084, 74671, 89896, 50523, 88742, 12398, 72247, 55742, 51721, 34827, 36846, 62982, 39419, 78439, 9343, 48468, 84544, 39864, 76167, 43812, 71247, 20757, 1762, 41180, 27413, 60564, 22669, 82173, 16704, 46485, 72310, 26823, 41298, 58642, 32787, 90874, 58140, 56784, 29999, 8759, 96835, 78050, 41544, 1255, 17455, 33878, 64547, 58966, 82332, 5215, 48306, 8922, 24655, 4697, 70882, 84900, 82562, 62735, 34434, 73303, 61588, 35094, 68503, 41162, 54916, 58190, 12626, 60530, 22534, 77445, 84110, 41705, 60129, 60275, 26541, 44213, 1777, 13370, 3088, 42025, 39125, 6806, 57675, 48434, 98242, 36838, 43086, 11553, 17088, 22108, 72325, 25128, 87991, 65587, 14862, 36451, 44287, 9734, 15759, 72468, 61485, 14174, 26892, 64268, 19975, 5444, 33247, 50382, 76845, 87224, 36256, 66890, 95968, 72639, 77038, 43204, 39754, 36312, 74369, 96758, 27679, 249, 98284, 44817, 61235, 55085, 9992, 27298, 25783, 69424, 39622, 26481, 58524, 35109, 38014, 50849, 43262, 70599, 1236, 29822, 19493, 40976, 26562, 7919, 16019, 11304, 44960, 68766, 47516, 55933, 93459, 51964, 80457, 87397, 77661, 10867, 13339, 38927, 67085, 83000, 91594, 70221, 32812, 41638, 39247, 63161, 56481, 85947, 619, 54521, 29223, 59027, 34890, 77305, 79995, 54866, 56578, 59831, 16991, 48800, 12168, 58544, 42596, 87951, 65721, 11198, 23052, 15984, 12347, 45822, 1513, 17129, 34479, 87885, 87506, 81928, 20343, 45290, 20189, 98974, 29926, 61725, 72592, 35725, 72251, 55074, 7660, 24694]})"
562.0,9,164,50,44.93570685386658,10696,"Genotype(dna={""<class 'abc.NT_0017'>"": [1, 23052], ""<class 'abc.NT_0017_P_00000'>"": [], ""<class 'abc.NT_0005'>"": [0, 0, 35544, 1, 0, 1, 0, 1, 1, 1513], ""<class 'abc.NT_0005_P_00000'>"": [], ""<class 'abc.NT_0005_P_00001'>"": [], ""<class 'bool'>"": [50833, 28611, 95173, 92596, 84996, 15299, 84608, 73218, 73704, 53577, 54127, 73580, 61648, 63455, 34182, 28379, 9832, 69766, 27025, 9321, 39372, 40559, 45589, 21512, 9991, 31131, 22379, 82972, 66879, 7070, 87492, 33083, 92916, 1233, 89415, 28350, 54741, 51276, 16414, 74832, 4355, 87209, 57305, 93042, 23231, 67903, 93745, 31960, 29422, 28659, 99170, 40455, 13273, 92051, 14178, 78998, 45259, 78698, 95977, 93014, 83753, 21951, 16043, 13772, 66730, 10736, 57934, 29081, 62948, 99869, 41968, 82469, 93064, 59471, 51253, 67704, 97811, 82022, 87389, 59617, 67283, 63422, 70186, 58801, 23472, 68171, 46787, 87700, 86179, 38104, 2384, 90063, 6576, 80132, 98840, 65605, 74894, 53809, 99733, 89043, 84198, 62780, 94716, 23035, 32450, 31489, 41399, 87765, 69122, 99723, 54018, 92501, 39572, 89999, 58379, 67238, 50112, 90146, 55533, 46837, 57815, 68681, 79206, 32534, 3130, 58659, 69605, 82887, 74526, 5911, 58400, 62789, 48677, 31474, 44702, 39368, 40140, 19876, 33772, 86631, 58194, 70508], ""<class 'int'>"": [88091, 54758, 80960, 4147, 58985, 98835, 33177, 12380, 43928, 18156, 46293, 82997, 26546, 21931, 20632, 91665, 69275, 46303, 61738, 80613, 63967, 92163, 79154, 79668, 18313, 6071, 50712, 91463, 54716, 33220, 52575, 78591, 28324, 24851, 385, 86434, 6594, 95864, 4088, 31907, 5028, 70908, 60125, 88976, 64506, 45119, 63026, 18677, 76141, 62129, 40973, 74468, 90479, 50241, 61828, 14495, 64587, 47259, 69389, 59226, 21182, 99643, 3451, 67066, 55205, 22485, 89443, 19030, 10288, 23574, 78426, 55280, 17305, 68878, 94325, 9074, 35370, 56456, 95300, 73961, 59051, 835, 21640, 2744, 30054, 96306, 55542, 57066, 65643, 97962, 97088, 62680, 24967, 56005, 85155, 81002, 48234, 28842, 92105, 38714, 65511, 82476, 73240, 25988, 68682, 4749, 1059, 85277, 54664, 55169, 72830, 29209, 32377, 56597, 43815, 46740, 16019, 36704, 91606, 3697, 42934, 87720, 75207, 56054, 59737, 79252, 96186, 60558, 8582, 3209, 7798, 18736, 20655, 95860, 60671, 36386, 88318, 80757, 49888, 58523, 36742, 48071, 76427, 91397, 47115, 74907, 19807, 19166, 48854, 4778, 9526, 30084, 70329, 29929, 24152, 98179, 6661, 59360, 47157, 52018, 24734, 716, 46264, 89982, 86072, 78100, 64619, 77321], ""<class 'abc.NT_0010'>"": [0, 0, 1, 53054], ""<class 'abc.NT_0010_P_00000'>"": [], ""<class 'abc.NT_0006'>"": [2, 2, 0, 1, 1302, 1892], ""<class 'abc.NT_0006_P_00000'>"": [], ""<class 'abc.NT_0006_P_00001'>"": [], ""<class 'abc.NT_0002'>"": [1, 1, 2, 1, 1, 1, 1, 0, 2, 1, 41818, 0, 2, 0, 1, 0, 2, 1, 53720, 1, 0, 0, 69722, 1, 8713, 0, 0, 2, 0, 0, 0, 2, 1, 64800, 99864], ""<class 'abc.NT_0002_P_00000'>"": [], ""<class 'abc.NT_0001'>"": [1, 1, 1, 0, 0, 0, 0, 1, 1, 1, 1, 0, 1, 16227, 1, 1, 1, 1, 0, 0, 10290, 0, 0, 0, 0, 0, 1, 40887, 0, 0, 0, 0, 0, 0, 0, 0, 0, 1, 0, 0, 0, 0, 76558, 0, 0, 0, 1, 0, 0, 26591, 1, 1, 1, 0, 1, 0, 0, 45290], ""<class 'abc.NT_0001_P_00000'>"": [], ""<class 'abc.NT_0001_P_00001'>"": [], ""<class 'abc.NT_0000'>"": [0, 1, 1, 94528, 1, 0, 1, 1, 31647, 1, 1, 80324, 0, 0, 75412, 1, 69944, 1, 0, 0, 0, 1, 0, 0, 0, 1, 1, 0, 1, 3483, 1, 0, 42401, 0, 0, 0, 0, 54668, 66557, 1, 0, 1, 1, 0, 0, 21028, 54540, 1, 5444, 3614, 1, 0, 0, 0, 0, 0, 71485, 1, 0, 0, 0, 0, 1, 20343], ""<class 'abc.NT_0000_P_00000'>"": [], ""<class 'abc.NT_0000_P_00001'>"": [], ""<class 'abc.NT_0002_P_00001'>"": [], ""<class 'abc.NT_0002_P_00002'>"": [], ""<class 'abc.NT_0006_P_00002'>"": [], ""<class 'abc.NT_0007'>"": [1, 0, 1, 2, 87885, 72251, 55074], ""<class 'abc.NT_0007_P_00000'>"": [], ""<class 'abc.NT_0007_P_00001'>"": [], ""<class 'abc.NT_0007_P_00002'>"": [], ""<class 'abc.NT_0004'>"": [1, 1, 77639, 2, 1, 2, 63194, 90154], ""<class 'abc.NT_0004_P_00000'>"": [], ""<class 'abc.NT_0003'>"": [10039, 1, 0, 1, 98974, 61725, 72592, 35725, 7660], ""<class 'abc.NT_0003_P_00000'>"": [], ""<class 'abc.NT_0003_P_00001'>"": [], ""<class 'abc.NT_0003_P_00002'>"": [], ""<class 'abc.NT_0003_P_00003'>"": [], ""<class 'abc.NT_0004_P_00001'>"": [], ""<class 'abc.NT_0004_P_00002'>"": [], ""<class 'abc.NT_0009'>"": [3, 0, 1, 1, 0, 45822], ""<class 'abc.NT_0009_P_00000'>"": [], ""<class 'abc.NT_0008'>"": [15828, 0, 83857, 0, 0, 0, 17129], ""<class 'abc.NT_0008_P_00000'>"": [], ""<class 'abc.NT_0009_P_00001'>"": [], ""<class 'abc.NT_0009_P_00002'>"": [], ""<class 'abc.NT_0009_P_00003'>"": [], ""<class 'abc.NT_0010_P_00001'>"": [], ""<class 'abc.NT_0010_P_00002'>"": [], ""<class 'abc.NT_0017_P_00001'>"": [], ""<class 'abc.NT_0012'>"": [0, 0, 27606, 0, 0, 65962], ""<class 'abc.NT_0012_P_00000'>"": [], ""<class 'abc.NT_0012_P_00001'>"": [], ""<class 'abc.NT_0017_P_00002'>"": [], ""<class 'abc.NT_0013'>"": [], ""<class 'abc.NT_0013_P_00000'>"": [], ""<class 'abc.NT_0011'>"": [0, 94522], ""<class 'abc.NT_0011_P_00000'>"": [], ""<class 'abc.NT_0011_P_00001'>"": [], ""<class 'abc.NT_0011_P_00002'>"": [], ""<class 'abc.NT_0013_P_00001'>"": [], ""<class 'abc.NT_0013_P_00002'>"": [], ""<class 'abc.NT_0017_P_00003'>"": [], ""<class 'abc.NT_0016'>"": [0, 20070], ""<class 'abc.NT_0016_P_00000'>"": [], ""<class 'abc.NT_0016_P_00001'>"": [], ""<class 'abc.NT_0016_P_00002'>"": [], '$leftovers': [13707, 7777, 43103, 79112, 41937, 82055, 41802, 80929, 37572, 24235, 1002, 66268, 87311, 99058, 42897, 54099, 4751, 39061, 38658, 18856, 32793, 32020, 84694, 43326, 66351, 11593, 16559, 82179, 29701, 14785, 63931, 19995, 86098, 88506, 88906, 98218, 57143, 64899, 75531, 17691, 63845, 68413, 76826, 30524, 48607, 6718, 24768, 14247, 23842, 98884, 92372, 55279, 40315, 43705, 6728, 53868, 34432, 73753, 89438, 79733, 83929, 38685, 35410, 5343, 16823, 35888, 70000, 12879, 27426, 44726, 95438, 53746, 11554, 35563, 36846, 46156, 65002, 72433, 85297, 12477, 3511, 72425, 53166, 5796, 30717, 45518, 76561, 21526, 65748, 18017, 64172, 9175, 16724, 51276, 1749, 5687, 47923, 68260, 48548, 94393, 55323, 76604, 84009, 54574, 8798, 35733, 67233, 4198, 56844, 12629, 29196, 81671, 71295, 84963, 73193, 37662, 77918, 40265, 71387, 2776, 72056, 79890, 24380, 6524, 11920, 82004, 80554, 7771, 51485, 29874, 64851, 32118, 68660, 22646, 40503, 29950, 45632, 59339, 63591, 66553, 79195, 90039, 8891, 94412, 82595, 43578, 41060, 60184, 28053, 84947, 77614, 38864, 91374, 58545, 50015, 19960, 7381, 78763, 85070, 21507, 19025, 51930, 32629, 45143, 39756, 26052, 37388, 90108, 9391, 53674, 16962, 24269, 95106, 99931, 56381, 37781, 12365, 84199, 30949, 74271, 916, 85830, 97679, 18102, 478, 75886, 30302, 21977, 90537, 30063, 19357, 81788, 35261, 14719, 66114, 20921, 20240, 5992, 58367, 9680, 68600, 85141, 46379, 54808, 83564, 47005, 66549, 22371, 91024, 89979, 20226, 63714, 58641, 45142, 46907, 57602, 15144, 97990, 7439, 11158, 59469, 11328, 80659, 5962, 25695, 77537, 11892, 91592, 56748, 38581, 37353, 71743, 70419, 27563, 8343, 51963, 16605, 94638, 42057, 61173, 28541, 41743, 60295, 49767, 73628, 41163, 91833, 78182, 82565, 25215, 96862, 76058, 44249, 82715, 20979, 71376, 27708, 78050, 40085, 30494, 46076, 48158, 98017, 59418, 77712, 4502, 58514, 86759, 30136, 53692, 84446, 34409, 6828, 35370, 50950, 51945, 59877, 55822, 81173, 57512, 24080, 92189, 34559, 32530, 48867, 64932, 44, 85888, 8300, 92843, 6844, 39222, 76898, 88754, 22876, 38074, 43299, 88699, 81654, 61902, 89999, 13497, 66668, 7338, 74096, 38397, 11013, 98336, 40480, 33892, 63626, 49088, 71312, 23172, 10803, 62392, 24917, 67254, 58009, 81336, 59457, 73844, 95696, 6506, 27308, 70695, 56701, 13067, 41613, 72662, 53528, 75491, 42519, 81780, 31754, 13856, 88917, 96452, 41223, 89774, 10407, 31336, 50783, 20291, 5997, 7069, 31395, 24625, 6189, 56620, 24762, 84988, 68874, 85812, 41091, 24302, 77112, 35149, 22780, 53184, 18627, 57549, 17465, 63612, 87939, 6980, 60883, 29814, 87238, 14952, 60779, 86760, 61062, 30267, 24445, 56989, 27229, 82900, 90023, 57786, 63779, 40235, 86679, 51776, 22058, 63483, 39593, 41554, 8133, 95503, 6716, 25867, 90267, 22987, 39665, 98545, 93605, 1747, 78248, 27473, 33109, 26918, 82634, 51318, 80099, 73743, 12182, 94300, 46775, 25047, 68889, 10070, 18361, 65084, 37080, 70960, 83222, 67058, 98067, 22471, 67691, 59607, 67337, 8930, 21238, 46639, 45431, 43153, 96128, 24156, 80501, 82080, 49059, 2091, 12212, 52072, 31681, 90064, 42922, 12694, 63500, 88958, 85424, 60965, 55836, 88426, 54941, 94663, 65220, 71036, 49752, 17451, 53699, 9314, 14619, 3290, 44849, 90564, 91441, 62905, 40530, 5641, 37318, 36823, 31308, 19382, 62343, 86280, 16633, 47566, 15336, 77921, 88788, 50425, 20260, 79556, 59009, 60227, 87434, 40228, 88797, 25912, 98562, 76789, 91824, 52309, 10258, 50738, 95463, 77205, 93493, 68362, 24106, 95689, 49524, 69579, 66348, 75971, 22529, 74132, 89303, 37488, 5127, 63655, 17283, 25796, 52901, 73353, 59242, 58591, 76499, 46764, 96815, 56675, 19904, 86086, 9538, 16381, 25966, 48189, 47295, 50918, 3257, 56486, 10672, 45517, 6977, 66557, 24565, 14166, 47870, 73695, 59021, 61532, 83752, 51246, 6816, 65190, 71364, 98756, 25731, 84141, 78432, 21130, 69362, 52504, 59655, 73856, 97330, 50721, 19705, 54620, 16926, 96429, 24048, 73377, 67355, 15053, 17980, 70735, 35236, 75523, 91241, 23447, 72477, 51156, 95259, 88333, 29494, 67321, 52714, 62917, 99842, 65229, 6617, 44275, 88720, 37853, 8770, 63811, 7507, 89636, 17817, 1558, 85068, 79776, 73733, 11481, 89926, 56682, 49746, 9429, 50818, 45883, 58652, 12423, 26431, 60221, 95661, 73944, 68283, 51044, 69558, 68608, 65135, 29404, 17239, 5514, 47278, 63393, 94877, 23491, 47292, 6877, 19032, 65956, 9732, 97912, 1976, 37613, 34466, 61934, 57269, 53618, 5940, 93510, 52374, 85684, 22266, 86296, 60665, 10810, 9462, 494, 58482, 75247, 71566, 31620, 58819, 97731, 83116, 7767, 83623, 12444, 57312, 49834, 46402, 98377, 30435, 36116, 16443, 25589, 45312, 64514, 37426, 76200, 11178, 7488, 18610, 92099, 97566, 6854, 33656, 17686, 10866, 73697, 81050, 12312, 6505, 95303, 61521, 72092, 94259, 32683, 45746, 77187, 88803, 39457, 40047, 95729, 22380, 62708, 14355, 83408, 29714, 50213, 24600, 63055, 94787, 52488, 53820, 72502, 35142, 82539, 36201, 83535, 70150, 4544, 53013, 91532, 98794, 75749, 37723, 24569, 90322, 279, 84293, 85419, 53204, 7321, 22724, 95538, 85836, 2877, 93721, 73981, 40836, 90505, 94370, 88415, 37372, 69317, 25860, 4116, 35759, 84385, 33447, 84816, 12456, 31068, 57878, 18743, 27118, 55146, 45045, 76854, 36409, 49423, 25447, 28432, 61176, 34319, 67878, 7127, 41048, 27399, 57337, 84290, 2409, 69039, 23729, 7494, 36747, 48478, 38848, 42755, 293, 91046, 40498, 48156, 87860, 19957, 4960, 74844, 19836, 92291, 57801, 90081, 88664, 17768, 78881, 47919, 71822, 34413, 1930, 46778, 88873, 89253, 43012, 48581, 9353, 85645, 13891, 48249, 50115, 66199, 3386, 20854, 99932, 28051, 71692, 93909, 74084, 74671, 89896, 50523, 88742, 12398, 72247, 55742, 51721, 34827, 36846, 62982, 39419, 78439, 9343, 48468, 84544, 39864, 76167, 43812, 71247, 20757, 1762, 41180, 27413, 60564, 22669, 82173, 16704, 46485, 72310, 26823, 41298, 58642, 32787, 90874, 58140, 56784, 29999, 8759, 96835, 78050, 41544, 1255, 17455, 33878, 64547, 58966, 82332, 5215, 48306, 8922, 24655, 4697, 70882, 84900, 82562, 62735, 34434, 73303, 61588, 35094, 68503, 41162, 54916, 58190, 12626, 60530, 22534, 77445, 84110, 41705, 60129, 60275, 26541, 44213, 1777, 13370, 3088, 42025, 39125, 6806, 57675, 48434, 98242, 36838, 43086, 11553, 17088, 22108, 72325, 25128, 87991, 65587, 14862, 36451, 44287, 9734, 15759, 72468, 61485, 14174, 26892, 64268, 19975, 5444, 33247, 50382, 76845, 87224, 36256, 66890, 95968, 72639, 77038, 43204, 39754, 36312, 74369, 96758, 27679, 249, 98284, 44817, 61235, 55085, 9992, 27298, 25783, 69424, 39622, 26481, 58524, 35109, 38014, 50849, 43262, 70599, 1236, 29822, 19493, 40976, 26562, 7919, 16019, 11304, 44960, 68766, 47516, 55933, 93459, 51964, 80457, 87397, 77661, 10867, 13339, 38927, 67085, 83000, 91594, 70221, 32812, 41638, 39247, 63161, 56481, 85947, 619, 54521, 29223, 59027, 34890, 77305, 79995, 54866, 56578, 59831, 16991, 48800, 12168, 58544, 42596, 87951, 65721, 11198, 23052, 15984, 12347, 45822, 1513, 17129, 34479, 87885, 87506, 81928, 20343, 45290, 20189, 98974, 29926, 61725, 72592, 35725, 72251, 55074, 7660, 24694]})"
562.0,9,164,51,45.45664644241333,10696,"Genotype(dna={""<class 'abc.NT_0017'>"": [1, 23052], ""<class 'abc.NT_0017_P_00000'>"": [], ""<class 'abc.NT_0005'>"": [0, 0, 35544, 1, 0, 1, 0, 1, 1, 1513], ""<class 'abc.NT_0005_P_00000'>"": [], ""<class 'abc.NT_0005_P_00001'>"": [], ""<class 'bool'>"": [50833, 28611, 95173, 92596, 84996, 15299, 84608, 73218, 73704, 53577, 54127, 73580, 61648, 63455, 34182, 28379, 9832, 69766, 27025, 9321, 39372, 40559, 45589, 21512, 9991, 31131, 22379, 82972, 66879, 7070, 87492, 33083, 92916, 1233, 89415, 28350, 54741, 51276, 16414, 74832, 4355, 87209, 57305, 93042, 23231, 67903, 93745, 31960, 29422, 28659, 99170, 40455, 13273, 92051, 14178, 78998, 45259, 78698, 95977, 93014, 83753, 21951, 16043, 13772, 66730, 10736, 57934, 29081, 62948, 99869, 41968, 82469, 93064, 59471, 51253, 67704, 97811, 82022, 87389, 59617, 67283, 63422, 70186, 58801, 23472, 68171, 46787, 87700, 86179, 38104, 2384, 90063, 6576, 80132, 98840, 65605, 74894, 53809, 99733, 89043, 84198, 62780, 94716, 23035, 32450, 31489, 41399, 87765, 69122, 99723, 54018, 92501, 39572, 89999, 58379, 67238, 50112, 90146, 55533, 46837, 57815, 68681, 79206, 32534, 3130, 58659, 69605, 82887, 74526, 5911, 58400, 62789, 48677, 31474, 44702, 39368, 40140, 19876, 33772, 86631, 58194, 70508], ""<class 'int'>"": [88091, 54758, 80960, 4147, 58985, 98835, 33177, 12380, 43928, 18156, 46293, 82997, 26546, 21931, 20632, 91665, 69275, 46303, 61738, 80613, 63967, 92163, 79154, 79668, 18313, 6071, 50712, 91463, 54716, 33220, 52575, 78591, 28324, 24851, 385, 86434, 6594, 95864, 4088, 31907, 5028, 70908, 60125, 88976, 64506, 45119, 63026, 18677, 76141, 62129, 40973, 74468, 90479, 50241, 61828, 14495, 64587, 47259, 69389, 59226, 21182, 99643, 3451, 67066, 55205, 22485, 89443, 19030, 10288, 23574, 78426, 55280, 17305, 68878, 94325, 9074, 35370, 56456, 95300, 73961, 59051, 835, 21640, 2744, 30054, 96306, 55542, 57066, 65643, 97962, 97088, 62680, 24967, 56005, 85155, 81002, 48234, 28842, 92105, 38714, 65511, 82476, 73240, 25988, 68682, 4749, 1059, 85277, 54664, 55169, 72830, 29209, 32377, 56597, 43815, 46740, 16019, 36704, 91606, 3697, 42934, 87720, 75207, 56054, 59737, 79252, 96186, 60558, 8582, 3209, 7798, 18736, 20655, 95860, 60671, 36386, 88318, 80757, 49888, 58523, 36742, 48071, 76427, 91397, 47115, 74907, 19807, 19166, 48854, 4778, 9526, 30084, 70329, 29929, 24152, 98179, 6661, 59360, 47157, 52018, 24734, 716, 46264, 89982, 86072, 78100, 64619, 77321], ""<class 'abc.NT_0010'>"": [0, 0, 1, 53054], ""<class 'abc.NT_0010_P_00000'>"": [], ""<class 'abc.NT_0006'>"": [2, 2, 0, 1, 1302, 1892], ""<class 'abc.NT_0006_P_00000'>"": [], ""<class 'abc.NT_0006_P_00001'>"": [], ""<class 'abc.NT_0002'>"": [1, 1, 2, 1, 1, 1, 1, 0, 2, 1, 41818, 0, 2, 0, 1, 0, 2, 1, 53720, 1, 0, 0, 69722, 1, 8713, 0, 0, 2, 0, 0, 0, 2, 1, 64800, 99864], ""<class 'abc.NT_0002_P_00000'>"": [], ""<class 'abc.NT_0001'>"": [1, 1, 1, 0, 0, 0, 0, 1, 1, 1, 1, 0, 1, 16227, 1, 1, 1, 1, 0, 0, 10290, 0, 0, 0, 0, 0, 1, 40887, 0, 0, 0, 0, 0, 0, 0, 0, 0, 1, 0, 0, 0, 0, 76558, 0, 0, 0, 1, 0, 0, 26591, 1, 1, 1, 0, 1, 0, 0, 45290], ""<class 'abc.NT_0001_P_00000'>"": [], ""<class 'abc.NT_0001_P_00001'>"": [], ""<class 'abc.NT_0000'>"": [0, 1, 1, 94528, 1, 0, 1, 1, 31647, 1, 1, 80324, 0, 0, 75412, 1, 69944, 1, 0, 0, 0, 1, 0, 0, 0, 1, 1, 0, 1, 3483, 1, 0, 42401, 0, 0, 0, 0, 54668, 66557, 1, 0, 1, 1, 0, 0, 21028, 54540, 1, 5444, 3614, 1, 0, 0, 0, 0, 0, 71485, 1, 0, 0, 0, 0, 1, 20343], ""<class 'abc.NT_0000_P_00000'>"": [], ""<class 'abc.NT_0000_P_00001'>"": [], ""<class 'abc.NT_0002_P_00001'>"": [], ""<class 'abc.NT_0002_P_00002'>"": [], ""<class 'abc.NT_0006_P_00002'>"": [], ""<class 'abc.NT_0007'>"": [1, 0, 1, 2, 87885, 72251, 55074], ""<class 'abc.NT_0007_P_00000'>"": [], ""<class 'abc.NT_0007_P_00001'>"": [], ""<class 'abc.NT_0007_P_00002'>"": [], ""<class 'abc.NT_0004'>"": [1, 1, 77639, 2, 1, 2, 63194, 90154], ""<class 'abc.NT_0004_P_00000'>"": [], ""<class 'abc.NT_0003'>"": [10039, 1, 0, 1, 98974, 61725, 72592, 35725, 7660], ""<class 'abc.NT_0003_P_00000'>"": [], ""<class 'abc.NT_0003_P_00001'>"": [], ""<class 'abc.NT_0003_P_00002'>"": [], ""<class 'abc.NT_0003_P_00003'>"": [], ""<class 'abc.NT_0004_P_00001'>"": [], ""<class 'abc.NT_0004_P_00002'>"": [], ""<class 'abc.NT_0009'>"": [3, 0, 1, 1, 0, 45822], ""<class 'abc.NT_0009_P_00000'>"": [], ""<class 'abc.NT_0008'>"": [15828, 0, 83857, 0, 0, 0, 17129], ""<class 'abc.NT_0008_P_00000'>"": [], ""<class 'abc.NT_0009_P_00001'>"": [], ""<class 'abc.NT_0009_P_00002'>"": [], ""<class 'abc.NT_0009_P_00003'>"": [], ""<class 'abc.NT_0010_P_00001'>"": [], ""<class 'abc.NT_0010_P_00002'>"": [], ""<class 'abc.NT_0017_P_00001'>"": [], ""<class 'abc.NT_0012'>"": [0, 0, 27606, 0, 0, 65962], ""<class 'abc.NT_0012_P_00000'>"": [], ""<class 'abc.NT_0012_P_00001'>"": [], ""<class 'abc.NT_0017_P_00002'>"": [], ""<class 'abc.NT_0013'>"": [], ""<class 'abc.NT_0013_P_00000'>"": [], ""<class 'abc.NT_0011'>"": [0, 94522], ""<class 'abc.NT_0011_P_00000'>"": [], ""<class 'abc.NT_0011_P_00001'>"": [], ""<class 'abc.NT_0011_P_00002'>"": [], ""<class 'abc.NT_0013_P_00001'>"": [], ""<class 'abc.NT_0013_P_00002'>"": [], ""<class 'abc.NT_0017_P_00003'>"": [], ""<class 'abc.NT_0016'>"": [0, 20070], ""<class 'abc.NT_0016_P_00000'>"": [], ""<class 'abc.NT_0016_P_00001'>"": [], ""<class 'abc.NT_0016_P_00002'>"": [], '$leftovers': [13707, 7777, 43103, 79112, 41937, 82055, 41802, 80929, 37572, 24235, 1002, 66268, 87311, 99058, 42897, 54099, 4751, 39061, 38658, 18856, 32793, 32020, 84694, 43326, 66351, 11593, 16559, 82179, 29701, 14785, 63931, 19995, 86098, 88506, 88906, 98218, 57143, 64899, 75531, 17691, 63845, 68413, 76826, 30524, 48607, 6718, 24768, 14247, 23842, 98884, 92372, 55279, 40315, 43705, 6728, 53868, 34432, 73753, 89438, 79733, 83929, 38685, 35410, 5343, 16823, 35888, 70000, 12879, 27426, 44726, 95438, 53746, 11554, 35563, 36846, 46156, 65002, 72433, 85297, 12477, 3511, 72425, 53166, 5796, 30717, 45518, 76561, 21526, 65748, 18017, 64172, 9175, 16724, 51276, 1749, 5687, 47923, 68260, 48548, 94393, 55323, 76604, 84009, 54574, 8798, 35733, 67233, 4198, 56844, 12629, 29196, 81671, 71295, 84963, 73193, 37662, 77918, 40265, 71387, 2776, 72056, 79890, 24380, 6524, 11920, 82004, 80554, 7771, 51485, 29874, 64851, 32118, 68660, 22646, 40503, 29950, 45632, 59339, 63591, 66553, 79195, 90039, 8891, 94412, 82595, 43578, 41060, 60184, 28053, 84947, 77614, 38864, 91374, 58545, 50015, 19960, 7381, 78763, 85070, 21507, 19025, 51930, 32629, 45143, 39756, 26052, 37388, 90108, 9391, 53674, 16962, 24269, 95106, 99931, 56381, 37781, 12365, 84199, 30949, 74271, 916, 85830, 97679, 18102, 478, 75886, 30302, 21977, 90537, 30063, 19357, 81788, 35261, 14719, 66114, 20921, 20240, 5992, 58367, 9680, 68600, 85141, 46379, 54808, 83564, 47005, 66549, 22371, 91024, 89979, 20226, 63714, 58641, 45142, 46907, 57602, 15144, 97990, 7439, 11158, 59469, 11328, 80659, 5962, 25695, 77537, 11892, 91592, 56748, 38581, 37353, 71743, 70419, 27563, 8343, 51963, 16605, 94638, 42057, 61173, 28541, 41743, 60295, 49767, 73628, 41163, 91833, 78182, 82565, 25215, 96862, 76058, 44249, 82715, 20979, 71376, 27708, 78050, 40085, 30494, 46076, 48158, 98017, 59418, 77712, 4502, 58514, 86759, 30136, 53692, 84446, 34409, 6828, 35370, 50950, 51945, 59877, 55822, 81173, 57512, 24080, 92189, 34559, 32530, 48867, 64932, 44, 85888, 8300, 92843, 6844, 39222, 76898, 88754, 22876, 38074, 43299, 88699, 81654, 61902, 89999, 13497, 66668, 7338, 74096, 38397, 11013, 98336, 40480, 33892, 63626, 49088, 71312, 23172, 10803, 62392, 24917, 67254, 58009, 81336, 59457, 73844, 95696, 6506, 27308, 70695, 56701, 13067, 41613, 72662, 53528, 75491, 42519, 81780, 31754, 13856, 88917, 96452, 41223, 89774, 10407, 31336, 50783, 20291, 5997, 7069, 31395, 24625, 6189, 56620, 24762, 84988, 68874, 85812, 41091, 24302, 77112, 35149, 22780, 53184, 18627, 57549, 17465, 63612, 87939, 6980, 60883, 29814, 87238, 14952, 60779, 86760, 61062, 30267, 24445, 56989, 27229, 82900, 90023, 57786, 63779, 40235, 86679, 51776, 22058, 63483, 39593, 41554, 8133, 95503, 6716, 25867, 90267, 22987, 39665, 98545, 93605, 1747, 78248, 27473, 33109, 26918, 82634, 51318, 80099, 73743, 12182, 94300, 46775, 25047, 68889, 10070, 18361, 65084, 37080, 70960, 83222, 67058, 98067, 22471, 67691, 59607, 67337, 8930, 21238, 46639, 45431, 43153, 96128, 24156, 80501, 82080, 49059, 2091, 12212, 52072, 31681, 90064, 42922, 12694, 63500, 88958, 85424, 60965, 55836, 88426, 54941, 94663, 65220, 71036, 49752, 17451, 53699, 9314, 14619, 3290, 44849, 90564, 91441, 62905, 40530, 5641, 37318, 36823, 31308, 19382, 62343, 86280, 16633, 47566, 15336, 77921, 88788, 50425, 20260, 79556, 59009, 60227, 87434, 40228, 88797, 25912, 98562, 76789, 91824, 52309, 10258, 50738, 95463, 77205, 93493, 68362, 24106, 95689, 49524, 69579, 66348, 75971, 22529, 74132, 89303, 37488, 5127, 63655, 17283, 25796, 52901, 73353, 59242, 58591, 76499, 46764, 96815, 56675, 19904, 86086, 9538, 16381, 25966, 48189, 47295, 50918, 3257, 56486, 10672, 45517, 6977, 66557, 24565, 14166, 47870, 73695, 59021, 61532, 83752, 51246, 6816, 65190, 71364, 98756, 25731, 84141, 78432, 21130, 69362, 52504, 59655, 73856, 97330, 50721, 19705, 54620, 16926, 96429, 24048, 73377, 67355, 15053, 17980, 70735, 35236, 75523, 91241, 23447, 72477, 51156, 95259, 88333, 29494, 67321, 52714, 62917, 99842, 65229, 6617, 44275, 88720, 37853, 8770, 63811, 7507, 89636, 17817, 1558, 85068, 79776, 73733, 11481, 89926, 56682, 49746, 9429, 50818, 45883, 58652, 12423, 26431, 60221, 95661, 73944, 68283, 51044, 69558, 68608, 65135, 29404, 17239, 5514, 47278, 63393, 94877, 23491, 47292, 6877, 19032, 65956, 9732, 97912, 1976, 37613, 34466, 61934, 57269, 53618, 5940, 93510, 52374, 85684, 22266, 86296, 60665, 10810, 9462, 494, 58482, 75247, 71566, 31620, 58819, 97731, 83116, 7767, 83623, 12444, 57312, 49834, 46402, 98377, 30435, 36116, 16443, 25589, 45312, 64514, 37426, 76200, 11178, 7488, 18610, 92099, 97566, 6854, 33656, 17686, 10866, 73697, 81050, 12312, 6505, 95303, 61521, 72092, 94259, 32683, 45746, 77187, 88803, 39457, 40047, 95729, 22380, 62708, 14355, 83408, 29714, 50213, 24600, 63055, 94787, 52488, 53820, 72502, 35142, 82539, 36201, 83535, 70150, 4544, 53013, 91532, 98794, 75749, 37723, 24569, 90322, 279, 84293, 85419, 53204, 7321, 22724, 95538, 85836, 2877, 93721, 73981, 40836, 90505, 94370, 88415, 37372, 69317, 25860, 4116, 35759, 84385, 33447, 84816, 12456, 31068, 57878, 18743, 27118, 55146, 45045, 76854, 36409, 49423, 25447, 28432, 61176, 34319, 67878, 7127, 41048, 27399, 57337, 84290, 2409, 69039, 23729, 7494, 36747, 48478, 38848, 42755, 293, 91046, 40498, 48156, 87860, 19957, 4960, 74844, 19836, 92291, 57801, 90081, 88664, 17768, 78881, 47919, 71822, 34413, 1930, 46778, 88873, 89253, 43012, 48581, 9353, 85645, 13891, 48249, 50115, 66199, 3386, 20854, 99932, 28051, 71692, 93909, 74084, 74671, 89896, 50523, 88742, 12398, 72247, 55742, 51721, 34827, 36846, 62982, 39419, 78439, 9343, 48468, 84544, 39864, 76167, 43812, 71247, 20757, 1762, 41180, 27413, 60564, 22669, 82173, 16704, 46485, 72310, 26823, 41298, 58642, 32787, 90874, 58140, 56784, 29999, 8759, 96835, 78050, 41544, 1255, 17455, 33878, 64547, 58966, 82332, 5215, 48306, 8922, 24655, 4697, 70882, 84900, 82562, 62735, 34434, 73303, 61588, 35094, 68503, 41162, 54916, 58190, 12626, 60530, 22534, 77445, 84110, 41705, 60129, 60275, 26541, 44213, 1777, 13370, 3088, 42025, 39125, 6806, 57675, 48434, 98242, 36838, 43086, 11553, 17088, 22108, 72325, 25128, 87991, 65587, 14862, 36451, 44287, 9734, 15759, 72468, 61485, 14174, 26892, 64268, 19975, 5444, 33247, 50382, 76845, 87224, 36256, 66890, 95968, 72639, 77038, 43204, 39754, 36312, 74369, 96758, 27679, 249, 98284, 44817, 61235, 55085, 9992, 27298, 25783, 69424, 39622, 26481, 58524, 35109, 38014, 50849, 43262, 70599, 1236, 29822, 19493, 40976, 26562, 7919, 16019, 11304, 44960, 68766, 47516, 55933, 93459, 51964, 80457, 87397, 77661, 10867, 13339, 38927, 67085, 83000, 91594, 70221, 32812, 41638, 39247, 63161, 56481, 85947, 619, 54521, 29223, 59027, 34890, 77305, 79995, 54866, 56578, 59831, 16991, 48800, 12168, 58544, 42596, 87951, 65721, 11198, 23052, 15984, 12347, 45822, 1513, 17129, 34479, 87885, 87506, 81928, 20343, 45290, 20189, 98974, 29926, 61725, 72592, 35725, 72251, 55074, 7660, 24694]})"
562.0,9,164,52,46.19417905807495,10696,"Genotype(dna={""<class 'abc.NT_0017'>"": [1, 23052], ""<class 'abc.NT_0017_P_00000'>"": [], ""<class 'abc.NT_0005'>"": [0, 0, 35544, 1, 0, 1, 0, 1, 1, 1513], ""<class 'abc.NT_0005_P_00000'>"": [], ""<class 'abc.NT_0005_P_00001'>"": [], ""<class 'bool'>"": [50833, 28611, 95173, 92596, 84996, 15299, 84608, 73218, 73704, 53577, 54127, 73580, 61648, 63455, 34182, 28379, 9832, 69766, 27025, 9321, 39372, 40559, 45589, 21512, 9991, 31131, 22379, 82972, 66879, 7070, 87492, 33083, 92916, 1233, 89415, 28350, 54741, 51276, 16414, 74832, 4355, 87209, 57305, 93042, 23231, 67903, 93745, 31960, 29422, 28659, 99170, 40455, 13273, 92051, 14178, 78998, 45259, 78698, 95977, 93014, 83753, 21951, 16043, 13772, 66730, 10736, 57934, 29081, 62948, 99869, 41968, 82469, 93064, 59471, 51253, 67704, 97811, 82022, 87389, 59617, 67283, 63422, 70186, 58801, 23472, 68171, 46787, 87700, 86179, 38104, 2384, 90063, 6576, 80132, 98840, 65605, 74894, 53809, 99733, 89043, 84198, 62780, 94716, 23035, 32450, 31489, 41399, 87765, 69122, 99723, 54018, 92501, 39572, 89999, 58379, 67238, 50112, 90146, 55533, 46837, 57815, 68681, 79206, 32534, 3130, 58659, 69605, 82887, 74526, 5911, 58400, 62789, 48677, 31474, 44702, 39368, 40140, 19876, 33772, 86631, 58194, 70508], ""<class 'int'>"": [88091, 54758, 80960, 4147, 58985, 98835, 33177, 12380, 43928, 18156, 46293, 82997, 26546, 21931, 20632, 91665, 69275, 46303, 61738, 80613, 63967, 92163, 79154, 79668, 18313, 6071, 50712, 91463, 54716, 33220, 52575, 78591, 28324, 24851, 385, 86434, 6594, 95864, 4088, 31907, 5028, 70908, 60125, 88976, 64506, 45119, 63026, 18677, 76141, 62129, 40973, 74468, 90479, 50241, 61828, 14495, 64587, 47259, 69389, 59226, 21182, 99643, 3451, 67066, 55205, 22485, 89443, 19030, 10288, 23574, 78426, 55280, 17305, 68878, 94325, 9074, 35370, 56456, 95300, 73961, 59051, 835, 21640, 2744, 30054, 96306, 55542, 57066, 65643, 97962, 97088, 62680, 24967, 56005, 85155, 81002, 48234, 28842, 92105, 38714, 65511, 82476, 73240, 25988, 68682, 4749, 1059, 85277, 54664, 55169, 72830, 29209, 32377, 56597, 43815, 46740, 16019, 36704, 91606, 3697, 42934, 87720, 75207, 56054, 59737, 79252, 96186, 60558, 8582, 3209, 7798, 18736, 20655, 95860, 60671, 36386, 88318, 80757, 49888, 58523, 36742, 48071, 76427, 91397, 47115, 74907, 19807, 19166, 48854, 4778, 9526, 30084, 70329, 29929, 24152, 98179, 6661, 59360, 47157, 52018, 24734, 716, 46264, 89982, 86072, 78100, 64619, 77321], ""<class 'abc.NT_0010'>"": [0, 0, 1, 53054], ""<class 'abc.NT_0010_P_00000'>"": [], ""<class 'abc.NT_0006'>"": [2, 2, 0, 1, 1302, 1892], ""<class 'abc.NT_0006_P_00000'>"": [], ""<class 'abc.NT_0006_P_00001'>"": [], ""<class 'abc.NT_0002'>"": [1, 1, 2, 1, 1, 1, 1, 0, 2, 1, 41818, 0, 2, 0, 1, 0, 2, 1, 53720, 1, 0, 0, 69722, 1, 8713, 0, 0, 2, 0, 0, 0, 2, 1, 64800, 99864], ""<class 'abc.NT_0002_P_00000'>"": [], ""<class 'abc.NT_0001'>"": [1, 1, 1, 0, 0, 0, 0, 1, 1, 1, 1, 0, 1, 16227, 1, 1, 1, 1, 0, 0, 10290, 0, 0, 0, 0, 0, 1, 40887, 0, 0, 0, 0, 0, 0, 0, 0, 0, 1, 0, 0, 0, 0, 76558, 0, 0, 0, 1, 0, 0, 26591, 1, 1, 1, 0, 1, 0, 0, 45290], ""<class 'abc.NT_0001_P_00000'>"": [], ""<class 'abc.NT_0001_P_00001'>"": [], ""<class 'abc.NT_0000'>"": [0, 1, 1, 94528, 1, 0, 1, 1, 31647, 1, 1, 80324, 0, 0, 75412, 1, 69944, 1, 0, 0, 0, 1, 0, 0, 0, 1, 1, 0, 1, 3483, 1, 0, 42401, 0, 0, 0, 0, 54668, 66557, 1, 0, 1, 1, 0, 0, 21028, 54540, 1, 5444, 3614, 1, 0, 0, 0, 0, 0, 71485, 1, 0, 0, 0, 0, 1, 20343], ""<class 'abc.NT_0000_P_00000'>"": [], ""<class 'abc.NT_0000_P_00001'>"": [], ""<class 'abc.NT_0002_P_00001'>"": [], ""<class 'abc.NT_0002_P_00002'>"": [], ""<class 'abc.NT_0006_P_00002'>"": [], ""<class 'abc.NT_0007'>"": [1, 0, 1, 2, 87885, 72251, 55074], ""<class 'abc.NT_0007_P_00000'>"": [], ""<class 'abc.NT_0007_P_00001'>"": [], ""<class 'abc.NT_0007_P_00002'>"": [], ""<class 'abc.NT_0004'>"": [1, 1, 77639, 2, 1, 2, 63194, 90154], ""<class 'abc.NT_0004_P_00000'>"": [], ""<class 'abc.NT_0003'>"": [10039, 1, 0, 1, 98974, 61725, 72592, 35725, 7660], ""<class 'abc.NT_0003_P_00000'>"": [], ""<class 'abc.NT_0003_P_00001'>"": [], ""<class 'abc.NT_0003_P_00002'>"": [], ""<class 'abc.NT_0003_P_00003'>"": [], ""<class 'abc.NT_0004_P_00001'>"": [], ""<class 'abc.NT_0004_P_00002'>"": [], ""<class 'abc.NT_0009'>"": [3, 0, 1, 1, 0, 45822], ""<class 'abc.NT_0009_P_00000'>"": [], ""<class 'abc.NT_0008'>"": [15828, 0, 83857, 0, 0, 0, 17129], ""<class 'abc.NT_0008_P_00000'>"": [], ""<class 'abc.NT_0009_P_00001'>"": [], ""<class 'abc.NT_0009_P_00002'>"": [], ""<class 'abc.NT_0009_P_00003'>"": [], ""<class 'abc.NT_0010_P_00001'>"": [], ""<class 'abc.NT_0010_P_00002'>"": [], ""<class 'abc.NT_0017_P_00001'>"": [], ""<class 'abc.NT_0012'>"": [0, 0, 27606, 0, 0, 65962], ""<class 'abc.NT_0012_P_00000'>"": [], ""<class 'abc.NT_0012_P_00001'>"": [], ""<class 'abc.NT_0017_P_00002'>"": [], ""<class 'abc.NT_0013'>"": [], ""<class 'abc.NT_0013_P_00000'>"": [], ""<class 'abc.NT_0011'>"": [0, 94522], ""<class 'abc.NT_0011_P_00000'>"": [], ""<class 'abc.NT_0011_P_00001'>"": [], ""<class 'abc.NT_0011_P_00002'>"": [], ""<class 'abc.NT_0013_P_00001'>"": [], ""<class 'abc.NT_0013_P_00002'>"": [], ""<class 'abc.NT_0017_P_00003'>"": [], ""<class 'abc.NT_0016'>"": [0, 20070], ""<class 'abc.NT_0016_P_00000'>"": [], ""<class 'abc.NT_0016_P_00001'>"": [], ""<class 'abc.NT_0016_P_00002'>"": [], '$leftovers': [13707, 7777, 43103, 79112, 41937, 82055, 41802, 80929, 37572, 24235, 1002, 66268, 87311, 99058, 42897, 54099, 4751, 39061, 38658, 18856, 32793, 32020, 84694, 43326, 66351, 11593, 16559, 82179, 29701, 14785, 63931, 19995, 86098, 88506, 88906, 98218, 57143, 64899, 75531, 17691, 63845, 68413, 76826, 30524, 48607, 6718, 24768, 14247, 23842, 98884, 92372, 55279, 40315, 43705, 6728, 53868, 34432, 73753, 89438, 79733, 83929, 38685, 35410, 5343, 16823, 35888, 70000, 12879, 27426, 44726, 95438, 53746, 11554, 35563, 36846, 46156, 65002, 72433, 85297, 12477, 3511, 72425, 53166, 5796, 30717, 45518, 76561, 21526, 65748, 18017, 64172, 9175, 16724, 51276, 1749, 5687, 47923, 68260, 48548, 94393, 55323, 76604, 84009, 54574, 8798, 35733, 67233, 4198, 56844, 12629, 29196, 81671, 71295, 84963, 73193, 37662, 77918, 40265, 71387, 2776, 72056, 79890, 24380, 6524, 11920, 82004, 80554, 7771, 51485, 29874, 64851, 32118, 68660, 22646, 40503, 29950, 45632, 59339, 63591, 66553, 79195, 90039, 8891, 94412, 82595, 43578, 41060, 60184, 28053, 84947, 77614, 38864, 91374, 58545, 50015, 19960, 7381, 78763, 85070, 21507, 19025, 51930, 32629, 45143, 39756, 26052, 37388, 90108, 9391, 53674, 16962, 24269, 95106, 99931, 56381, 37781, 12365, 84199, 30949, 74271, 916, 85830, 97679, 18102, 478, 75886, 30302, 21977, 90537, 30063, 19357, 81788, 35261, 14719, 66114, 20921, 20240, 5992, 58367, 9680, 68600, 85141, 46379, 54808, 83564, 47005, 66549, 22371, 91024, 89979, 20226, 63714, 58641, 45142, 46907, 57602, 15144, 97990, 7439, 11158, 59469, 11328, 80659, 5962, 25695, 77537, 11892, 91592, 56748, 38581, 37353, 71743, 70419, 27563, 8343, 51963, 16605, 94638, 42057, 61173, 28541, 41743, 60295, 49767, 73628, 41163, 91833, 78182, 82565, 25215, 96862, 76058, 44249, 82715, 20979, 71376, 27708, 78050, 40085, 30494, 46076, 48158, 98017, 59418, 77712, 4502, 58514, 86759, 30136, 53692, 84446, 34409, 6828, 35370, 50950, 51945, 59877, 55822, 81173, 57512, 24080, 92189, 34559, 32530, 48867, 64932, 44, 85888, 8300, 92843, 6844, 39222, 76898, 88754, 22876, 38074, 43299, 88699, 81654, 61902, 89999, 13497, 66668, 7338, 74096, 38397, 11013, 98336, 40480, 33892, 63626, 49088, 71312, 23172, 10803, 62392, 24917, 67254, 58009, 81336, 59457, 73844, 95696, 6506, 27308, 70695, 56701, 13067, 41613, 72662, 53528, 75491, 42519, 81780, 31754, 13856, 88917, 96452, 41223, 89774, 10407, 31336, 50783, 20291, 5997, 7069, 31395, 24625, 6189, 56620, 24762, 84988, 68874, 85812, 41091, 24302, 77112, 35149, 22780, 53184, 18627, 57549, 17465, 63612, 87939, 6980, 60883, 29814, 87238, 14952, 60779, 86760, 61062, 30267, 24445, 56989, 27229, 82900, 90023, 57786, 63779, 40235, 86679, 51776, 22058, 63483, 39593, 41554, 8133, 95503, 6716, 25867, 90267, 22987, 39665, 98545, 93605, 1747, 78248, 27473, 33109, 26918, 82634, 51318, 80099, 73743, 12182, 94300, 46775, 25047, 68889, 10070, 18361, 65084, 37080, 70960, 83222, 67058, 98067, 22471, 67691, 59607, 67337, 8930, 21238, 46639, 45431, 43153, 96128, 24156, 80501, 82080, 49059, 2091, 12212, 52072, 31681, 90064, 42922, 12694, 63500, 88958, 85424, 60965, 55836, 88426, 54941, 94663, 65220, 71036, 49752, 17451, 53699, 9314, 14619, 3290, 44849, 90564, 91441, 62905, 40530, 5641, 37318, 36823, 31308, 19382, 62343, 86280, 16633, 47566, 15336, 77921, 88788, 50425, 20260, 79556, 59009, 60227, 87434, 40228, 88797, 25912, 98562, 76789, 91824, 52309, 10258, 50738, 95463, 77205, 93493, 68362, 24106, 95689, 49524, 69579, 66348, 75971, 22529, 74132, 89303, 37488, 5127, 63655, 17283, 25796, 52901, 73353, 59242, 58591, 76499, 46764, 96815, 56675, 19904, 86086, 9538, 16381, 25966, 48189, 47295, 50918, 3257, 56486, 10672, 45517, 6977, 66557, 24565, 14166, 47870, 73695, 59021, 61532, 83752, 51246, 6816, 65190, 71364, 98756, 25731, 84141, 78432, 21130, 69362, 52504, 59655, 73856, 97330, 50721, 19705, 54620, 16926, 96429, 24048, 73377, 67355, 15053, 17980, 70735, 35236, 75523, 91241, 23447, 72477, 51156, 95259, 88333, 29494, 67321, 52714, 62917, 99842, 65229, 6617, 44275, 88720, 37853, 8770, 63811, 7507, 89636, 17817, 1558, 85068, 79776, 73733, 11481, 89926, 56682, 49746, 9429, 50818, 45883, 58652, 12423, 26431, 60221, 95661, 73944, 68283, 51044, 69558, 68608, 65135, 29404, 17239, 5514, 47278, 63393, 94877, 23491, 47292, 6877, 19032, 65956, 9732, 97912, 1976, 37613, 34466, 61934, 57269, 53618, 5940, 93510, 52374, 85684, 22266, 86296, 60665, 10810, 9462, 494, 58482, 75247, 71566, 31620, 58819, 97731, 83116, 7767, 83623, 12444, 57312, 49834, 46402, 98377, 30435, 36116, 16443, 25589, 45312, 64514, 37426, 76200, 11178, 7488, 18610, 92099, 97566, 6854, 33656, 17686, 10866, 73697, 81050, 12312, 6505, 95303, 61521, 72092, 94259, 32683, 45746, 77187, 88803, 39457, 40047, 95729, 22380, 62708, 14355, 83408, 29714, 50213, 24600, 63055, 94787, 52488, 53820, 72502, 35142, 82539, 36201, 83535, 70150, 4544, 53013, 91532, 98794, 75749, 37723, 24569, 90322, 279, 84293, 85419, 53204, 7321, 22724, 95538, 85836, 2877, 93721, 73981, 40836, 90505, 94370, 88415, 37372, 69317, 25860, 4116, 35759, 84385, 33447, 84816, 12456, 31068, 57878, 18743, 27118, 55146, 45045, 76854, 36409, 49423, 25447, 28432, 61176, 34319, 67878, 7127, 41048, 27399, 57337, 84290, 2409, 69039, 23729, 7494, 36747, 48478, 38848, 42755, 293, 91046, 40498, 48156, 87860, 19957, 4960, 74844, 19836, 92291, 57801, 90081, 88664, 17768, 78881, 47919, 71822, 34413, 1930, 46778, 88873, 89253, 43012, 48581, 9353, 85645, 13891, 48249, 50115, 66199, 3386, 20854, 99932, 28051, 71692, 93909, 74084, 74671, 89896, 50523, 88742, 12398, 72247, 55742, 51721, 34827, 36846, 62982, 39419, 78439, 9343, 48468, 84544, 39864, 76167, 43812, 71247, 20757, 1762, 41180, 27413, 60564, 22669, 82173, 16704, 46485, 72310, 26823, 41298, 58642, 32787, 90874, 58140, 56784, 29999, 8759, 96835, 78050, 41544, 1255, 17455, 33878, 64547, 58966, 82332, 5215, 48306, 8922, 24655, 4697, 70882, 84900, 82562, 62735, 34434, 73303, 61588, 35094, 68503, 41162, 54916, 58190, 12626, 60530, 22534, 77445, 84110, 41705, 60129, 60275, 26541, 44213, 1777, 13370, 3088, 42025, 39125, 6806, 57675, 48434, 98242, 36838, 43086, 11553, 17088, 22108, 72325, 25128, 87991, 65587, 14862, 36451, 44287, 9734, 15759, 72468, 61485, 14174, 26892, 64268, 19975, 5444, 33247, 50382, 76845, 87224, 36256, 66890, 95968, 72639, 77038, 43204, 39754, 36312, 74369, 96758, 27679, 249, 98284, 44817, 61235, 55085, 9992, 27298, 25783, 69424, 39622, 26481, 58524, 35109, 38014, 50849, 43262, 70599, 1236, 29822, 19493, 40976, 26562, 7919, 16019, 11304, 44960, 68766, 47516, 55933, 93459, 51964, 80457, 87397, 77661, 10867, 13339, 38927, 67085, 83000, 91594, 70221, 32812, 41638, 39247, 63161, 56481, 85947, 619, 54521, 29223, 59027, 34890, 77305, 79995, 54866, 56578, 59831, 16991, 48800, 12168, 58544, 42596, 87951, 65721, 11198, 23052, 15984, 12347, 45822, 1513, 17129, 34479, 87885, 87506, 81928, 20343, 45290, 20189, 98974, 29926, 61725, 72592, 35725, 72251, 55074, 7660, 24694]})"
562.0,9,164,53,46.61029052734375,10696,"Genotype(dna={""<class 'abc.NT_0017'>"": [1, 23052], ""<class 'abc.NT_0017_P_00000'>"": [], ""<class 'abc.NT_0005'>"": [0, 0, 35544, 1, 0, 1, 0, 1, 1, 1513], ""<class 'abc.NT_0005_P_00000'>"": [], ""<class 'abc.NT_0005_P_00001'>"": [], ""<class 'bool'>"": [50833, 28611, 95173, 92596, 84996, 15299, 84608, 73218, 73704, 53577, 54127, 73580, 61648, 63455, 34182, 28379, 9832, 69766, 27025, 9321, 39372, 40559, 45589, 21512, 9991, 31131, 22379, 82972, 66879, 7070, 87492, 33083, 92916, 1233, 89415, 28350, 54741, 51276, 16414, 74832, 4355, 87209, 57305, 93042, 23231, 67903, 93745, 31960, 29422, 28659, 99170, 40455, 13273, 92051, 14178, 78998, 45259, 78698, 95977, 93014, 83753, 21951, 16043, 13772, 66730, 10736, 57934, 29081, 62948, 99869, 41968, 82469, 93064, 59471, 51253, 67704, 97811, 82022, 87389, 59617, 67283, 63422, 70186, 58801, 23472, 68171, 46787, 87700, 86179, 38104, 2384, 90063, 6576, 80132, 98840, 65605, 74894, 53809, 99733, 89043, 84198, 62780, 94716, 23035, 32450, 31489, 41399, 87765, 69122, 99723, 54018, 92501, 39572, 89999, 58379, 67238, 50112, 90146, 55533, 46837, 57815, 68681, 79206, 32534, 3130, 58659, 69605, 82887, 74526, 5911, 58400, 62789, 48677, 31474, 44702, 39368, 40140, 19876, 33772, 86631, 58194, 70508], ""<class 'int'>"": [88091, 54758, 80960, 4147, 58985, 98835, 33177, 12380, 43928, 18156, 46293, 82997, 26546, 21931, 20632, 91665, 69275, 46303, 61738, 80613, 63967, 92163, 79154, 79668, 18313, 6071, 50712, 91463, 54716, 33220, 52575, 78591, 28324, 24851, 385, 86434, 6594, 95864, 4088, 31907, 5028, 70908, 60125, 88976, 64506, 45119, 63026, 18677, 76141, 62129, 40973, 74468, 90479, 50241, 61828, 14495, 64587, 47259, 69389, 59226, 21182, 99643, 3451, 67066, 55205, 22485, 89443, 19030, 10288, 23574, 78426, 55280, 17305, 68878, 94325, 9074, 35370, 56456, 95300, 73961, 59051, 835, 21640, 2744, 30054, 96306, 55542, 57066, 65643, 97962, 97088, 62680, 24967, 56005, 85155, 81002, 48234, 28842, 92105, 38714, 65511, 82476, 73240, 25988, 68682, 4749, 1059, 85277, 54664, 55169, 72830, 29209, 32377, 56597, 43815, 46740, 16019, 36704, 91606, 3697, 42934, 87720, 75207, 56054, 59737, 79252, 96186, 60558, 8582, 3209, 7798, 18736, 20655, 95860, 60671, 36386, 88318, 80757, 49888, 58523, 36742, 48071, 76427, 91397, 47115, 74907, 19807, 19166, 48854, 4778, 9526, 30084, 70329, 29929, 24152, 98179, 6661, 59360, 47157, 52018, 24734, 716, 46264, 89982, 86072, 78100, 64619, 77321], ""<class 'abc.NT_0010'>"": [0, 0, 1, 53054], ""<class 'abc.NT_0010_P_00000'>"": [], ""<class 'abc.NT_0006'>"": [2, 2, 0, 1, 1302, 1892], ""<class 'abc.NT_0006_P_00000'>"": [], ""<class 'abc.NT_0006_P_00001'>"": [], ""<class 'abc.NT_0002'>"": [1, 1, 2, 1, 1, 1, 1, 0, 2, 1, 41818, 0, 2, 0, 1, 0, 2, 1, 53720, 1, 0, 0, 69722, 1, 8713, 0, 0, 2, 0, 0, 0, 2, 1, 64800, 99864], ""<class 'abc.NT_0002_P_00000'>"": [], ""<class 'abc.NT_0001'>"": [1, 1, 1, 0, 0, 0, 0, 1, 1, 1, 1, 0, 1, 16227, 1, 1, 1, 1, 0, 0, 10290, 0, 0, 0, 0, 0, 1, 40887, 0, 0, 0, 0, 0, 0, 0, 0, 0, 1, 0, 0, 0, 0, 76558, 0, 0, 0, 1, 0, 0, 26591, 1, 1, 1, 0, 1, 0, 0, 45290], ""<class 'abc.NT_0001_P_00000'>"": [], ""<class 'abc.NT_0001_P_00001'>"": [], ""<class 'abc.NT_0000'>"": [0, 1, 1, 94528, 1, 0, 1, 1, 31647, 1, 1, 80324, 0, 0, 75412, 1, 69944, 1, 0, 0, 0, 1, 0, 0, 0, 1, 1, 0, 1, 3483, 1, 0, 42401, 0, 0, 0, 0, 54668, 66557, 1, 0, 1, 1, 0, 0, 21028, 54540, 1, 5444, 3614, 1, 0, 0, 0, 0, 0, 71485, 1, 0, 0, 0, 0, 1, 20343], ""<class 'abc.NT_0000_P_00000'>"": [], ""<class 'abc.NT_0000_P_00001'>"": [], ""<class 'abc.NT_0002_P_00001'>"": [], ""<class 'abc.NT_0002_P_00002'>"": [], ""<class 'abc.NT_0006_P_00002'>"": [], ""<class 'abc.NT_0007'>"": [1, 0, 1, 2, 87885, 72251, 55074], ""<class 'abc.NT_0007_P_00000'>"": [], ""<class 'abc.NT_0007_P_00001'>"": [], ""<class 'abc.NT_0007_P_00002'>"": [], ""<class 'abc.NT_0004'>"": [1, 1, 77639, 2, 1, 2, 63194, 90154], ""<class 'abc.NT_0004_P_00000'>"": [], ""<class 'abc.NT_0003'>"": [10039, 1, 0, 1, 98974, 61725, 72592, 35725, 7660], ""<class 'abc.NT_0003_P_00000'>"": [], ""<class 'abc.NT_0003_P_00001'>"": [], ""<class 'abc.NT_0003_P_00002'>"": [], ""<class 'abc.NT_0003_P_00003'>"": [], ""<class 'abc.NT_0004_P_00001'>"": [], ""<class 'abc.NT_0004_P_00002'>"": [], ""<class 'abc.NT_0009'>"": [3, 0, 1, 1, 0, 45822], ""<class 'abc.NT_0009_P_00000'>"": [], ""<class 'abc.NT_0008'>"": [15828, 0, 83857, 0, 0, 0, 17129], ""<class 'abc.NT_0008_P_00000'>"": [], ""<class 'abc.NT_0009_P_00001'>"": [], ""<class 'abc.NT_0009_P_00002'>"": [], ""<class 'abc.NT_0009_P_00003'>"": [], ""<class 'abc.NT_0010_P_00001'>"": [], ""<class 'abc.NT_0010_P_00002'>"": [], ""<class 'abc.NT_0017_P_00001'>"": [], ""<class 'abc.NT_0012'>"": [0, 0, 27606, 0, 0, 65962], ""<class 'abc.NT_0012_P_00000'>"": [], ""<class 'abc.NT_0012_P_00001'>"": [], ""<class 'abc.NT_0017_P_00002'>"": [], ""<class 'abc.NT_0013'>"": [], ""<class 'abc.NT_0013_P_00000'>"": [], ""<class 'abc.NT_0011'>"": [0, 94522], ""<class 'abc.NT_0011_P_00000'>"": [], ""<class 'abc.NT_0011_P_00001'>"": [], ""<class 'abc.NT_0011_P_00002'>"": [], ""<class 'abc.NT_0013_P_00001'>"": [], ""<class 'abc.NT_0013_P_00002'>"": [], ""<class 'abc.NT_0017_P_00003'>"": [], ""<class 'abc.NT_0016'>"": [0, 20070], ""<class 'abc.NT_0016_P_00000'>"": [], ""<class 'abc.NT_0016_P_00001'>"": [], ""<class 'abc.NT_0016_P_00002'>"": [], '$leftovers': [13707, 7777, 43103, 79112, 41937, 82055, 41802, 80929, 37572, 24235, 1002, 66268, 87311, 99058, 42897, 54099, 4751, 39061, 38658, 18856, 32793, 32020, 84694, 43326, 66351, 11593, 16559, 82179, 29701, 14785, 63931, 19995, 86098, 88506, 88906, 98218, 57143, 64899, 75531, 17691, 63845, 68413, 76826, 30524, 48607, 6718, 24768, 14247, 23842, 98884, 92372, 55279, 40315, 43705, 6728, 53868, 34432, 73753, 89438, 79733, 83929, 38685, 35410, 5343, 16823, 35888, 70000, 12879, 27426, 44726, 95438, 53746, 11554, 35563, 36846, 46156, 65002, 72433, 85297, 12477, 3511, 72425, 53166, 5796, 30717, 45518, 76561, 21526, 65748, 18017, 64172, 9175, 16724, 51276, 1749, 5687, 47923, 68260, 48548, 94393, 55323, 76604, 84009, 54574, 8798, 35733, 67233, 4198, 56844, 12629, 29196, 81671, 71295, 84963, 73193, 37662, 77918, 40265, 71387, 2776, 72056, 79890, 24380, 6524, 11920, 82004, 80554, 7771, 51485, 29874, 64851, 32118, 68660, 22646, 40503, 29950, 45632, 59339, 63591, 66553, 79195, 90039, 8891, 94412, 82595, 43578, 41060, 60184, 28053, 84947, 77614, 38864, 91374, 58545, 50015, 19960, 7381, 78763, 85070, 21507, 19025, 51930, 32629, 45143, 39756, 26052, 37388, 90108, 9391, 53674, 16962, 24269, 95106, 99931, 56381, 37781, 12365, 84199, 30949, 74271, 916, 85830, 97679, 18102, 478, 75886, 30302, 21977, 90537, 30063, 19357, 81788, 35261, 14719, 66114, 20921, 20240, 5992, 58367, 9680, 68600, 85141, 46379, 54808, 83564, 47005, 66549, 22371, 91024, 89979, 20226, 63714, 58641, 45142, 46907, 57602, 15144, 97990, 7439, 11158, 59469, 11328, 80659, 5962, 25695, 77537, 11892, 91592, 56748, 38581, 37353, 71743, 70419, 27563, 8343, 51963, 16605, 94638, 42057, 61173, 28541, 41743, 60295, 49767, 73628, 41163, 91833, 78182, 82565, 25215, 96862, 76058, 44249, 82715, 20979, 71376, 27708, 78050, 40085, 30494, 46076, 48158, 98017, 59418, 77712, 4502, 58514, 86759, 30136, 53692, 84446, 34409, 6828, 35370, 50950, 51945, 59877, 55822, 81173, 57512, 24080, 92189, 34559, 32530, 48867, 64932, 44, 85888, 8300, 92843, 6844, 39222, 76898, 88754, 22876, 38074, 43299, 88699, 81654, 61902, 89999, 13497, 66668, 7338, 74096, 38397, 11013, 98336, 40480, 33892, 63626, 49088, 71312, 23172, 10803, 62392, 24917, 67254, 58009, 81336, 59457, 73844, 95696, 6506, 27308, 70695, 56701, 13067, 41613, 72662, 53528, 75491, 42519, 81780, 31754, 13856, 88917, 96452, 41223, 89774, 10407, 31336, 50783, 20291, 5997, 7069, 31395, 24625, 6189, 56620, 24762, 84988, 68874, 85812, 41091, 24302, 77112, 35149, 22780, 53184, 18627, 57549, 17465, 63612, 87939, 6980, 60883, 29814, 87238, 14952, 60779, 86760, 61062, 30267, 24445, 56989, 27229, 82900, 90023, 57786, 63779, 40235, 86679, 51776, 22058, 63483, 39593, 41554, 8133, 95503, 6716, 25867, 90267, 22987, 39665, 98545, 93605, 1747, 78248, 27473, 33109, 26918, 82634, 51318, 80099, 73743, 12182, 94300, 46775, 25047, 68889, 10070, 18361, 65084, 37080, 70960, 83222, 67058, 98067, 22471, 67691, 59607, 67337, 8930, 21238, 46639, 45431, 43153, 96128, 24156, 80501, 82080, 49059, 2091, 12212, 52072, 31681, 90064, 42922, 12694, 63500, 88958, 85424, 60965, 55836, 88426, 54941, 94663, 65220, 71036, 49752, 17451, 53699, 9314, 14619, 3290, 44849, 90564, 91441, 62905, 40530, 5641, 37318, 36823, 31308, 19382, 62343, 86280, 16633, 47566, 15336, 77921, 88788, 50425, 20260, 79556, 59009, 60227, 87434, 40228, 88797, 25912, 98562, 76789, 91824, 52309, 10258, 50738, 95463, 77205, 93493, 68362, 24106, 95689, 49524, 69579, 66348, 75971, 22529, 74132, 89303, 37488, 5127, 63655, 17283, 25796, 52901, 73353, 59242, 58591, 76499, 46764, 96815, 56675, 19904, 86086, 9538, 16381, 25966, 48189, 47295, 50918, 3257, 56486, 10672, 45517, 6977, 66557, 24565, 14166, 47870, 73695, 59021, 61532, 83752, 51246, 6816, 65190, 71364, 98756, 25731, 84141, 78432, 21130, 69362, 52504, 59655, 73856, 97330, 50721, 19705, 54620, 16926, 96429, 24048, 73377, 67355, 15053, 17980, 70735, 35236, 75523, 91241, 23447, 72477, 51156, 95259, 88333, 29494, 67321, 52714, 62917, 99842, 65229, 6617, 44275, 88720, 37853, 8770, 63811, 7507, 89636, 17817, 1558, 85068, 79776, 73733, 11481, 89926, 56682, 49746, 9429, 50818, 45883, 58652, 12423, 26431, 60221, 95661, 73944, 68283, 51044, 69558, 68608, 65135, 29404, 17239, 5514, 47278, 63393, 94877, 23491, 47292, 6877, 19032, 65956, 9732, 97912, 1976, 37613, 34466, 61934, 57269, 53618, 5940, 93510, 52374, 85684, 22266, 86296, 60665, 10810, 9462, 494, 58482, 75247, 71566, 31620, 58819, 97731, 83116, 7767, 83623, 12444, 57312, 49834, 46402, 98377, 30435, 36116, 16443, 25589, 45312, 64514, 37426, 76200, 11178, 7488, 18610, 92099, 97566, 6854, 33656, 17686, 10866, 73697, 81050, 12312, 6505, 95303, 61521, 72092, 94259, 32683, 45746, 77187, 88803, 39457, 40047, 95729, 22380, 62708, 14355, 83408, 29714, 50213, 24600, 63055, 94787, 52488, 53820, 72502, 35142, 82539, 36201, 83535, 70150, 4544, 53013, 91532, 98794, 75749, 37723, 24569, 90322, 279, 84293, 85419, 53204, 7321, 22724, 95538, 85836, 2877, 93721, 73981, 40836, 90505, 94370, 88415, 37372, 69317, 25860, 4116, 35759, 84385, 33447, 84816, 12456, 31068, 57878, 18743, 27118, 55146, 45045, 76854, 36409, 49423, 25447, 28432, 61176, 34319, 67878, 7127, 41048, 27399, 57337, 84290, 2409, 69039, 23729, 7494, 36747, 48478, 38848, 42755, 293, 91046, 40498, 48156, 87860, 19957, 4960, 74844, 19836, 92291, 57801, 90081, 88664, 17768, 78881, 47919, 71822, 34413, 1930, 46778, 88873, 89253, 43012, 48581, 9353, 85645, 13891, 48249, 50115, 66199, 3386, 20854, 99932, 28051, 71692, 93909, 74084, 74671, 89896, 50523, 88742, 12398, 72247, 55742, 51721, 34827, 36846, 62982, 39419, 78439, 9343, 48468, 84544, 39864, 76167, 43812, 71247, 20757, 1762, 41180, 27413, 60564, 22669, 82173, 16704, 46485, 72310, 26823, 41298, 58642, 32787, 90874, 58140, 56784, 29999, 8759, 96835, 78050, 41544, 1255, 17455, 33878, 64547, 58966, 82332, 5215, 48306, 8922, 24655, 4697, 70882, 84900, 82562, 62735, 34434, 73303, 61588, 35094, 68503, 41162, 54916, 58190, 12626, 60530, 22534, 77445, 84110, 41705, 60129, 60275, 26541, 44213, 1777, 13370, 3088, 42025, 39125, 6806, 57675, 48434, 98242, 36838, 43086, 11553, 17088, 22108, 72325, 25128, 87991, 65587, 14862, 36451, 44287, 9734, 15759, 72468, 61485, 14174, 26892, 64268, 19975, 5444, 33247, 50382, 76845, 87224, 36256, 66890, 95968, 72639, 77038, 43204, 39754, 36312, 74369, 96758, 27679, 249, 98284, 44817, 61235, 55085, 9992, 27298, 25783, 69424, 39622, 26481, 58524, 35109, 38014, 50849, 43262, 70599, 1236, 29822, 19493, 40976, 26562, 7919, 16019, 11304, 44960, 68766, 47516, 55933, 93459, 51964, 80457, 87397, 77661, 10867, 13339, 38927, 67085, 83000, 91594, 70221, 32812, 41638, 39247, 63161, 56481, 85947, 619, 54521, 29223, 59027, 34890, 77305, 79995, 54866, 56578, 59831, 16991, 48800, 12168, 58544, 42596, 87951, 65721, 11198, 23052, 15984, 12347, 45822, 1513, 17129, 34479, 87885, 87506, 81928, 20343, 45290, 20189, 98974, 29926, 61725, 72592, 35725, 72251, 55074, 7660, 24694]})"
562.0,9,164,54,46.90077519416809,10696,"Genotype(dna={""<class 'abc.NT_0017'>"": [1, 23052], ""<class 'abc.NT_0017_P_00000'>"": [], ""<class 'abc.NT_0005'>"": [0, 0, 35544, 1, 0, 1, 0, 1, 1, 1513], ""<class 'abc.NT_0005_P_00000'>"": [], ""<class 'abc.NT_0005_P_00001'>"": [], ""<class 'bool'>"": [50833, 28611, 95173, 92596, 84996, 15299, 84608, 73218, 73704, 53577, 54127, 73580, 61648, 63455, 34182, 28379, 9832, 69766, 27025, 9321, 39372, 40559, 45589, 21512, 9991, 31131, 22379, 82972, 66879, 7070, 87492, 33083, 92916, 1233, 89415, 28350, 54741, 51276, 16414, 74832, 4355, 87209, 57305, 93042, 23231, 67903, 93745, 31960, 29422, 28659, 99170, 40455, 13273, 92051, 14178, 78998, 45259, 78698, 95977, 93014, 83753, 21951, 16043, 13772, 66730, 10736, 57934, 29081, 62948, 99869, 41968, 82469, 93064, 59471, 51253, 67704, 97811, 82022, 87389, 59617, 67283, 63422, 70186, 58801, 23472, 68171, 46787, 87700, 86179, 38104, 2384, 90063, 6576, 80132, 98840, 65605, 74894, 53809, 99733, 89043, 84198, 62780, 94716, 23035, 32450, 31489, 41399, 87765, 69122, 99723, 54018, 92501, 39572, 89999, 58379, 67238, 50112, 90146, 55533, 46837, 57815, 68681, 79206, 32534, 3130, 58659, 69605, 82887, 74526, 5911, 58400, 62789, 48677, 31474, 44702, 39368, 40140, 19876, 33772, 86631, 58194, 70508], ""<class 'int'>"": [88091, 54758, 80960, 4147, 58985, 98835, 33177, 12380, 43928, 18156, 46293, 82997, 26546, 21931, 20632, 91665, 69275, 46303, 61738, 80613, 63967, 92163, 79154, 79668, 18313, 6071, 50712, 91463, 54716, 33220, 52575, 78591, 28324, 24851, 385, 86434, 6594, 95864, 4088, 31907, 5028, 70908, 60125, 88976, 64506, 45119, 63026, 18677, 76141, 62129, 40973, 74468, 90479, 50241, 61828, 14495, 64587, 47259, 69389, 59226, 21182, 99643, 3451, 67066, 55205, 22485, 89443, 19030, 10288, 23574, 78426, 55280, 17305, 68878, 94325, 9074, 35370, 56456, 95300, 73961, 59051, 835, 21640, 2744, 30054, 96306, 55542, 57066, 65643, 97962, 97088, 62680, 24967, 56005, 85155, 81002, 48234, 28842, 92105, 38714, 65511, 82476, 73240, 25988, 68682, 4749, 1059, 85277, 54664, 55169, 72830, 29209, 32377, 56597, 43815, 46740, 16019, 36704, 91606, 3697, 42934, 87720, 75207, 56054, 59737, 79252, 96186, 60558, 8582, 3209, 7798, 18736, 20655, 95860, 60671, 36386, 88318, 80757, 49888, 58523, 36742, 48071, 76427, 91397, 47115, 74907, 19807, 19166, 48854, 4778, 9526, 30084, 70329, 29929, 24152, 98179, 6661, 59360, 47157, 52018, 24734, 716, 46264, 89982, 86072, 78100, 64619, 77321], ""<class 'abc.NT_0010'>"": [0, 0, 1, 53054], ""<class 'abc.NT_0010_P_00000'>"": [], ""<class 'abc.NT_0006'>"": [2, 2, 0, 1, 1302, 1892], ""<class 'abc.NT_0006_P_00000'>"": [], ""<class 'abc.NT_0006_P_00001'>"": [], ""<class 'abc.NT_0002'>"": [1, 1, 2, 1, 1, 1, 1, 0, 2, 1, 41818, 0, 2, 0, 1, 0, 2, 1, 53720, 1, 0, 0, 69722, 1, 8713, 0, 0, 2, 0, 0, 0, 2, 1, 64800, 99864], ""<class 'abc.NT_0002_P_00000'>"": [], ""<class 'abc.NT_0001'>"": [1, 1, 1, 0, 0, 0, 0, 1, 1, 1, 1, 0, 1, 16227, 1, 1, 1, 1, 0, 0, 10290, 0, 0, 0, 0, 0, 1, 40887, 0, 0, 0, 0, 0, 0, 0, 0, 0, 1, 0, 0, 0, 0, 76558, 0, 0, 0, 1, 0, 0, 26591, 1, 1, 1, 0, 1, 0, 0, 45290], ""<class 'abc.NT_0001_P_00000'>"": [], ""<class 'abc.NT_0001_P_00001'>"": [], ""<class 'abc.NT_0000'>"": [0, 1, 1, 94528, 1, 0, 1, 1, 31647, 1, 1, 80324, 0, 0, 75412, 1, 69944, 1, 0, 0, 0, 1, 0, 0, 0, 1, 1, 0, 1, 3483, 1, 0, 42401, 0, 0, 0, 0, 54668, 66557, 1, 0, 1, 1, 0, 0, 21028, 54540, 1, 5444, 3614, 1, 0, 0, 0, 0, 0, 71485, 1, 0, 0, 0, 0, 1, 20343], ""<class 'abc.NT_0000_P_00000'>"": [], ""<class 'abc.NT_0000_P_00001'>"": [], ""<class 'abc.NT_0002_P_00001'>"": [], ""<class 'abc.NT_0002_P_00002'>"": [], ""<class 'abc.NT_0006_P_00002'>"": [], ""<class 'abc.NT_0007'>"": [1, 0, 1, 2, 87885, 72251, 55074], ""<class 'abc.NT_0007_P_00000'>"": [], ""<class 'abc.NT_0007_P_00001'>"": [], ""<class 'abc.NT_0007_P_00002'>"": [], ""<class 'abc.NT_0004'>"": [1, 1, 77639, 2, 1, 2, 63194, 90154], ""<class 'abc.NT_0004_P_00000'>"": [], ""<class 'abc.NT_0003'>"": [10039, 1, 0, 1, 98974, 61725, 72592, 35725, 7660], ""<class 'abc.NT_0003_P_00000'>"": [], ""<class 'abc.NT_0003_P_00001'>"": [], ""<class 'abc.NT_0003_P_00002'>"": [], ""<class 'abc.NT_0003_P_00003'>"": [], ""<class 'abc.NT_0004_P_00001'>"": [], ""<class 'abc.NT_0004_P_00002'>"": [], ""<class 'abc.NT_0009'>"": [3, 0, 1, 1, 0, 45822], ""<class 'abc.NT_0009_P_00000'>"": [], ""<class 'abc.NT_0008'>"": [15828, 0, 83857, 0, 0, 0, 17129], ""<class 'abc.NT_0008_P_00000'>"": [], ""<class 'abc.NT_0009_P_00001'>"": [], ""<class 'abc.NT_0009_P_00002'>"": [], ""<class 'abc.NT_0009_P_00003'>"": [], ""<class 'abc.NT_0010_P_00001'>"": [], ""<class 'abc.NT_0010_P_00002'>"": [], ""<class 'abc.NT_0017_P_00001'>"": [], ""<class 'abc.NT_0012'>"": [0, 0, 27606, 0, 0, 65962], ""<class 'abc.NT_0012_P_00000'>"": [], ""<class 'abc.NT_0012_P_00001'>"": [], ""<class 'abc.NT_0017_P_00002'>"": [], ""<class 'abc.NT_0013'>"": [], ""<class 'abc.NT_0013_P_00000'>"": [], ""<class 'abc.NT_0011'>"": [0, 94522], ""<class 'abc.NT_0011_P_00000'>"": [], ""<class 'abc.NT_0011_P_00001'>"": [], ""<class 'abc.NT_0011_P_00002'>"": [], ""<class 'abc.NT_0013_P_00001'>"": [], ""<class 'abc.NT_0013_P_00002'>"": [], ""<class 'abc.NT_0017_P_00003'>"": [], ""<class 'abc.NT_0016'>"": [0, 20070], ""<class 'abc.NT_0016_P_00000'>"": [], ""<class 'abc.NT_0016_P_00001'>"": [], ""<class 'abc.NT_0016_P_00002'>"": [], '$leftovers': [13707, 7777, 43103, 79112, 41937, 82055, 41802, 80929, 37572, 24235, 1002, 66268, 87311, 99058, 42897, 54099, 4751, 39061, 38658, 18856, 32793, 32020, 84694, 43326, 66351, 11593, 16559, 82179, 29701, 14785, 63931, 19995, 86098, 88506, 88906, 98218, 57143, 64899, 75531, 17691, 63845, 68413, 76826, 30524, 48607, 6718, 24768, 14247, 23842, 98884, 92372, 55279, 40315, 43705, 6728, 53868, 34432, 73753, 89438, 79733, 83929, 38685, 35410, 5343, 16823, 35888, 70000, 12879, 27426, 44726, 95438, 53746, 11554, 35563, 36846, 46156, 65002, 72433, 85297, 12477, 3511, 72425, 53166, 5796, 30717, 45518, 76561, 21526, 65748, 18017, 64172, 9175, 16724, 51276, 1749, 5687, 47923, 68260, 48548, 94393, 55323, 76604, 84009, 54574, 8798, 35733, 67233, 4198, 56844, 12629, 29196, 81671, 71295, 84963, 73193, 37662, 77918, 40265, 71387, 2776, 72056, 79890, 24380, 6524, 11920, 82004, 80554, 7771, 51485, 29874, 64851, 32118, 68660, 22646, 40503, 29950, 45632, 59339, 63591, 66553, 79195, 90039, 8891, 94412, 82595, 43578, 41060, 60184, 28053, 84947, 77614, 38864, 91374, 58545, 50015, 19960, 7381, 78763, 85070, 21507, 19025, 51930, 32629, 45143, 39756, 26052, 37388, 90108, 9391, 53674, 16962, 24269, 95106, 99931, 56381, 37781, 12365, 84199, 30949, 74271, 916, 85830, 97679, 18102, 478, 75886, 30302, 21977, 90537, 30063, 19357, 81788, 35261, 14719, 66114, 20921, 20240, 5992, 58367, 9680, 68600, 85141, 46379, 54808, 83564, 47005, 66549, 22371, 91024, 89979, 20226, 63714, 58641, 45142, 46907, 57602, 15144, 97990, 7439, 11158, 59469, 11328, 80659, 5962, 25695, 77537, 11892, 91592, 56748, 38581, 37353, 71743, 70419, 27563, 8343, 51963, 16605, 94638, 42057, 61173, 28541, 41743, 60295, 49767, 73628, 41163, 91833, 78182, 82565, 25215, 96862, 76058, 44249, 82715, 20979, 71376, 27708, 78050, 40085, 30494, 46076, 48158, 98017, 59418, 77712, 4502, 58514, 86759, 30136, 53692, 84446, 34409, 6828, 35370, 50950, 51945, 59877, 55822, 81173, 57512, 24080, 92189, 34559, 32530, 48867, 64932, 44, 85888, 8300, 92843, 6844, 39222, 76898, 88754, 22876, 38074, 43299, 88699, 81654, 61902, 89999, 13497, 66668, 7338, 74096, 38397, 11013, 98336, 40480, 33892, 63626, 49088, 71312, 23172, 10803, 62392, 24917, 67254, 58009, 81336, 59457, 73844, 95696, 6506, 27308, 70695, 56701, 13067, 41613, 72662, 53528, 75491, 42519, 81780, 31754, 13856, 88917, 96452, 41223, 89774, 10407, 31336, 50783, 20291, 5997, 7069, 31395, 24625, 6189, 56620, 24762, 84988, 68874, 85812, 41091, 24302, 77112, 35149, 22780, 53184, 18627, 57549, 17465, 63612, 87939, 6980, 60883, 29814, 87238, 14952, 60779, 86760, 61062, 30267, 24445, 56989, 27229, 82900, 90023, 57786, 63779, 40235, 86679, 51776, 22058, 63483, 39593, 41554, 8133, 95503, 6716, 25867, 90267, 22987, 39665, 98545, 93605, 1747, 78248, 27473, 33109, 26918, 82634, 51318, 80099, 73743, 12182, 94300, 46775, 25047, 68889, 10070, 18361, 65084, 37080, 70960, 83222, 67058, 98067, 22471, 67691, 59607, 67337, 8930, 21238, 46639, 45431, 43153, 96128, 24156, 80501, 82080, 49059, 2091, 12212, 52072, 31681, 90064, 42922, 12694, 63500, 88958, 85424, 60965, 55836, 88426, 54941, 94663, 65220, 71036, 49752, 17451, 53699, 9314, 14619, 3290, 44849, 90564, 91441, 62905, 40530, 5641, 37318, 36823, 31308, 19382, 62343, 86280, 16633, 47566, 15336, 77921, 88788, 50425, 20260, 79556, 59009, 60227, 87434, 40228, 88797, 25912, 98562, 76789, 91824, 52309, 10258, 50738, 95463, 77205, 93493, 68362, 24106, 95689, 49524, 69579, 66348, 75971, 22529, 74132, 89303, 37488, 5127, 63655, 17283, 25796, 52901, 73353, 59242, 58591, 76499, 46764, 96815, 56675, 19904, 86086, 9538, 16381, 25966, 48189, 47295, 50918, 3257, 56486, 10672, 45517, 6977, 66557, 24565, 14166, 47870, 73695, 59021, 61532, 83752, 51246, 6816, 65190, 71364, 98756, 25731, 84141, 78432, 21130, 69362, 52504, 59655, 73856, 97330, 50721, 19705, 54620, 16926, 96429, 24048, 73377, 67355, 15053, 17980, 70735, 35236, 75523, 91241, 23447, 72477, 51156, 95259, 88333, 29494, 67321, 52714, 62917, 99842, 65229, 6617, 44275, 88720, 37853, 8770, 63811, 7507, 89636, 17817, 1558, 85068, 79776, 73733, 11481, 89926, 56682, 49746, 9429, 50818, 45883, 58652, 12423, 26431, 60221, 95661, 73944, 68283, 51044, 69558, 68608, 65135, 29404, 17239, 5514, 47278, 63393, 94877, 23491, 47292, 6877, 19032, 65956, 9732, 97912, 1976, 37613, 34466, 61934, 57269, 53618, 5940, 93510, 52374, 85684, 22266, 86296, 60665, 10810, 9462, 494, 58482, 75247, 71566, 31620, 58819, 97731, 83116, 7767, 83623, 12444, 57312, 49834, 46402, 98377, 30435, 36116, 16443, 25589, 45312, 64514, 37426, 76200, 11178, 7488, 18610, 92099, 97566, 6854, 33656, 17686, 10866, 73697, 81050, 12312, 6505, 95303, 61521, 72092, 94259, 32683, 45746, 77187, 88803, 39457, 40047, 95729, 22380, 62708, 14355, 83408, 29714, 50213, 24600, 63055, 94787, 52488, 53820, 72502, 35142, 82539, 36201, 83535, 70150, 4544, 53013, 91532, 98794, 75749, 37723, 24569, 90322, 279, 84293, 85419, 53204, 7321, 22724, 95538, 85836, 2877, 93721, 73981, 40836, 90505, 94370, 88415, 37372, 69317, 25860, 4116, 35759, 84385, 33447, 84816, 12456, 31068, 57878, 18743, 27118, 55146, 45045, 76854, 36409, 49423, 25447, 28432, 61176, 34319, 67878, 7127, 41048, 27399, 57337, 84290, 2409, 69039, 23729, 7494, 36747, 48478, 38848, 42755, 293, 91046, 40498, 48156, 87860, 19957, 4960, 74844, 19836, 92291, 57801, 90081, 88664, 17768, 78881, 47919, 71822, 34413, 1930, 46778, 88873, 89253, 43012, 48581, 9353, 85645, 13891, 48249, 50115, 66199, 3386, 20854, 99932, 28051, 71692, 93909, 74084, 74671, 89896, 50523, 88742, 12398, 72247, 55742, 51721, 34827, 36846, 62982, 39419, 78439, 9343, 48468, 84544, 39864, 76167, 43812, 71247, 20757, 1762, 41180, 27413, 60564, 22669, 82173, 16704, 46485, 72310, 26823, 41298, 58642, 32787, 90874, 58140, 56784, 29999, 8759, 96835, 78050, 41544, 1255, 17455, 33878, 64547, 58966, 82332, 5215, 48306, 8922, 24655, 4697, 70882, 84900, 82562, 62735, 34434, 73303, 61588, 35094, 68503, 41162, 54916, 58190, 12626, 60530, 22534, 77445, 84110, 41705, 60129, 60275, 26541, 44213, 1777, 13370, 3088, 42025, 39125, 6806, 57675, 48434, 98242, 36838, 43086, 11553, 17088, 22108, 72325, 25128, 87991, 65587, 14862, 36451, 44287, 9734, 15759, 72468, 61485, 14174, 26892, 64268, 19975, 5444, 33247, 50382, 76845, 87224, 36256, 66890, 95968, 72639, 77038, 43204, 39754, 36312, 74369, 96758, 27679, 249, 98284, 44817, 61235, 55085, 9992, 27298, 25783, 69424, 39622, 26481, 58524, 35109, 38014, 50849, 43262, 70599, 1236, 29822, 19493, 40976, 26562, 7919, 16019, 11304, 44960, 68766, 47516, 55933, 93459, 51964, 80457, 87397, 77661, 10867, 13339, 38927, 67085, 83000, 91594, 70221, 32812, 41638, 39247, 63161, 56481, 85947, 619, 54521, 29223, 59027, 34890, 77305, 79995, 54866, 56578, 59831, 16991, 48800, 12168, 58544, 42596, 87951, 65721, 11198, 23052, 15984, 12347, 45822, 1513, 17129, 34479, 87885, 87506, 81928, 20343, 45290, 20189, 98974, 29926, 61725, 72592, 35725, 72251, 55074, 7660, 24694]})"
562.0,9,164,55,47.20558047294617,10696,"Genotype(dna={""<class 'abc.NT_0017'>"": [1, 23052], ""<class 'abc.NT_0017_P_00000'>"": [], ""<class 'abc.NT_0005'>"": [0, 0, 35544, 1, 0, 1, 0, 1, 1, 1513], ""<class 'abc.NT_0005_P_00000'>"": [], ""<class 'abc.NT_0005_P_00001'>"": [], ""<class 'bool'>"": [50833, 28611, 95173, 92596, 84996, 15299, 84608, 73218, 73704, 53577, 54127, 73580, 61648, 63455, 34182, 28379, 9832, 69766, 27025, 9321, 39372, 40559, 45589, 21512, 9991, 31131, 22379, 82972, 66879, 7070, 87492, 33083, 92916, 1233, 89415, 28350, 54741, 51276, 16414, 74832, 4355, 87209, 57305, 93042, 23231, 67903, 93745, 31960, 29422, 28659, 99170, 40455, 13273, 92051, 14178, 78998, 45259, 78698, 95977, 93014, 83753, 21951, 16043, 13772, 66730, 10736, 57934, 29081, 62948, 99869, 41968, 82469, 93064, 59471, 51253, 67704, 97811, 82022, 87389, 59617, 67283, 63422, 70186, 58801, 23472, 68171, 46787, 87700, 86179, 38104, 2384, 90063, 6576, 80132, 98840, 65605, 74894, 53809, 99733, 89043, 84198, 62780, 94716, 23035, 32450, 31489, 41399, 87765, 69122, 99723, 54018, 92501, 39572, 89999, 58379, 67238, 50112, 90146, 55533, 46837, 57815, 68681, 79206, 32534, 3130, 58659, 69605, 82887, 74526, 5911, 58400, 62789, 48677, 31474, 44702, 39368, 40140, 19876, 33772, 86631, 58194, 70508], ""<class 'int'>"": [88091, 54758, 80960, 4147, 58985, 98835, 33177, 12380, 43928, 18156, 46293, 82997, 26546, 21931, 20632, 91665, 69275, 46303, 61738, 80613, 63967, 92163, 79154, 79668, 18313, 6071, 50712, 91463, 54716, 33220, 52575, 78591, 28324, 24851, 385, 86434, 6594, 95864, 4088, 31907, 5028, 70908, 60125, 88976, 64506, 45119, 63026, 18677, 76141, 62129, 40973, 74468, 90479, 50241, 61828, 14495, 64587, 47259, 69389, 59226, 21182, 99643, 3451, 67066, 55205, 22485, 89443, 19030, 10288, 23574, 78426, 55280, 17305, 68878, 94325, 9074, 35370, 56456, 95300, 73961, 59051, 835, 21640, 2744, 30054, 96306, 55542, 57066, 65643, 97962, 97088, 62680, 24967, 56005, 85155, 81002, 48234, 28842, 92105, 38714, 65511, 82476, 73240, 25988, 68682, 4749, 1059, 85277, 54664, 55169, 72830, 29209, 32377, 56597, 43815, 46740, 16019, 36704, 91606, 3697, 42934, 87720, 75207, 56054, 59737, 79252, 96186, 60558, 8582, 3209, 7798, 18736, 20655, 95860, 60671, 36386, 88318, 80757, 49888, 58523, 36742, 48071, 76427, 91397, 47115, 74907, 19807, 19166, 48854, 4778, 9526, 30084, 70329, 29929, 24152, 98179, 6661, 59360, 47157, 52018, 24734, 716, 46264, 89982, 86072, 78100, 64619, 77321], ""<class 'abc.NT_0010'>"": [0, 0, 1, 53054], ""<class 'abc.NT_0010_P_00000'>"": [], ""<class 'abc.NT_0006'>"": [2, 2, 0, 1, 1302, 1892], ""<class 'abc.NT_0006_P_00000'>"": [], ""<class 'abc.NT_0006_P_00001'>"": [], ""<class 'abc.NT_0002'>"": [1, 1, 2, 1, 1, 1, 1, 0, 2, 1, 41818, 0, 2, 0, 1, 0, 2, 1, 53720, 1, 0, 0, 69722, 1, 8713, 0, 0, 2, 0, 0, 0, 2, 1, 64800, 99864], ""<class 'abc.NT_0002_P_00000'>"": [], ""<class 'abc.NT_0001'>"": [1, 1, 1, 0, 0, 0, 0, 1, 1, 1, 1, 0, 1, 16227, 1, 1, 1, 1, 0, 0, 10290, 0, 0, 0, 0, 0, 1, 40887, 0, 0, 0, 0, 0, 0, 0, 0, 0, 1, 0, 0, 0, 0, 76558, 0, 0, 0, 1, 0, 0, 26591, 1, 1, 1, 0, 1, 0, 0, 45290], ""<class 'abc.NT_0001_P_00000'>"": [], ""<class 'abc.NT_0001_P_00001'>"": [], ""<class 'abc.NT_0000'>"": [0, 1, 1, 94528, 1, 0, 1, 1, 31647, 1, 1, 80324, 0, 0, 75412, 1, 69944, 1, 0, 0, 0, 1, 0, 0, 0, 1, 1, 0, 1, 3483, 1, 0, 42401, 0, 0, 0, 0, 54668, 66557, 1, 0, 1, 1, 0, 0, 21028, 54540, 1, 5444, 3614, 1, 0, 0, 0, 0, 0, 71485, 1, 0, 0, 0, 0, 1, 20343], ""<class 'abc.NT_0000_P_00000'>"": [], ""<class 'abc.NT_0000_P_00001'>"": [], ""<class 'abc.NT_0002_P_00001'>"": [], ""<class 'abc.NT_0002_P_00002'>"": [], ""<class 'abc.NT_0006_P_00002'>"": [], ""<class 'abc.NT_0007'>"": [1, 0, 1, 2, 87885, 72251, 55074], ""<class 'abc.NT_0007_P_00000'>"": [], ""<class 'abc.NT_0007_P_00001'>"": [], ""<class 'abc.NT_0007_P_00002'>"": [], ""<class 'abc.NT_0004'>"": [1, 1, 77639, 2, 1, 2, 63194, 90154], ""<class 'abc.NT_0004_P_00000'>"": [], ""<class 'abc.NT_0003'>"": [10039, 1, 0, 1, 98974, 61725, 72592, 35725, 7660], ""<class 'abc.NT_0003_P_00000'>"": [], ""<class 'abc.NT_0003_P_00001'>"": [], ""<class 'abc.NT_0003_P_00002'>"": [], ""<class 'abc.NT_0003_P_00003'>"": [], ""<class 'abc.NT_0004_P_00001'>"": [], ""<class 'abc.NT_0004_P_00002'>"": [], ""<class 'abc.NT_0009'>"": [3, 0, 1, 1, 0, 45822], ""<class 'abc.NT_0009_P_00000'>"": [], ""<class 'abc.NT_0008'>"": [15828, 0, 83857, 0, 0, 0, 17129], ""<class 'abc.NT_0008_P_00000'>"": [], ""<class 'abc.NT_0009_P_00001'>"": [], ""<class 'abc.NT_0009_P_00002'>"": [], ""<class 'abc.NT_0009_P_00003'>"": [], ""<class 'abc.NT_0010_P_00001'>"": [], ""<class 'abc.NT_0010_P_00002'>"": [], ""<class 'abc.NT_0017_P_00001'>"": [], ""<class 'abc.NT_0012'>"": [0, 0, 27606, 0, 0, 65962], ""<class 'abc.NT_0012_P_00000'>"": [], ""<class 'abc.NT_0012_P_00001'>"": [], ""<class 'abc.NT_0017_P_00002'>"": [], ""<class 'abc.NT_0013'>"": [], ""<class 'abc.NT_0013_P_00000'>"": [], ""<class 'abc.NT_0011'>"": [0, 94522], ""<class 'abc.NT_0011_P_00000'>"": [], ""<class 'abc.NT_0011_P_00001'>"": [], ""<class 'abc.NT_0011_P_00002'>"": [], ""<class 'abc.NT_0013_P_00001'>"": [], ""<class 'abc.NT_0013_P_00002'>"": [], ""<class 'abc.NT_0017_P_00003'>"": [], ""<class 'abc.NT_0016'>"": [0, 20070], ""<class 'abc.NT_0016_P_00000'>"": [], ""<class 'abc.NT_0016_P_00001'>"": [], ""<class 'abc.NT_0016_P_00002'>"": [], '$leftovers': [13707, 7777, 43103, 79112, 41937, 82055, 41802, 80929, 37572, 24235, 1002, 66268, 87311, 99058, 42897, 54099, 4751, 39061, 38658, 18856, 32793, 32020, 84694, 43326, 66351, 11593, 16559, 82179, 29701, 14785, 63931, 19995, 86098, 88506, 88906, 98218, 57143, 64899, 75531, 17691, 63845, 68413, 76826, 30524, 48607, 6718, 24768, 14247, 23842, 98884, 92372, 55279, 40315, 43705, 6728, 53868, 34432, 73753, 89438, 79733, 83929, 38685, 35410, 5343, 16823, 35888, 70000, 12879, 27426, 44726, 95438, 53746, 11554, 35563, 36846, 46156, 65002, 72433, 85297, 12477, 3511, 72425, 53166, 5796, 30717, 45518, 76561, 21526, 65748, 18017, 64172, 9175, 16724, 51276, 1749, 5687, 47923, 68260, 48548, 94393, 55323, 76604, 84009, 54574, 8798, 35733, 67233, 4198, 56844, 12629, 29196, 81671, 71295, 84963, 73193, 37662, 77918, 40265, 71387, 2776, 72056, 79890, 24380, 6524, 11920, 82004, 80554, 7771, 51485, 29874, 64851, 32118, 68660, 22646, 40503, 29950, 45632, 59339, 63591, 66553, 79195, 90039, 8891, 94412, 82595, 43578, 41060, 60184, 28053, 84947, 77614, 38864, 91374, 58545, 50015, 19960, 7381, 78763, 85070, 21507, 19025, 51930, 32629, 45143, 39756, 26052, 37388, 90108, 9391, 53674, 16962, 24269, 95106, 99931, 56381, 37781, 12365, 84199, 30949, 74271, 916, 85830, 97679, 18102, 478, 75886, 30302, 21977, 90537, 30063, 19357, 81788, 35261, 14719, 66114, 20921, 20240, 5992, 58367, 9680, 68600, 85141, 46379, 54808, 83564, 47005, 66549, 22371, 91024, 89979, 20226, 63714, 58641, 45142, 46907, 57602, 15144, 97990, 7439, 11158, 59469, 11328, 80659, 5962, 25695, 77537, 11892, 91592, 56748, 38581, 37353, 71743, 70419, 27563, 8343, 51963, 16605, 94638, 42057, 61173, 28541, 41743, 60295, 49767, 73628, 41163, 91833, 78182, 82565, 25215, 96862, 76058, 44249, 82715, 20979, 71376, 27708, 78050, 40085, 30494, 46076, 48158, 98017, 59418, 77712, 4502, 58514, 86759, 30136, 53692, 84446, 34409, 6828, 35370, 50950, 51945, 59877, 55822, 81173, 57512, 24080, 92189, 34559, 32530, 48867, 64932, 44, 85888, 8300, 92843, 6844, 39222, 76898, 88754, 22876, 38074, 43299, 88699, 81654, 61902, 89999, 13497, 66668, 7338, 74096, 38397, 11013, 98336, 40480, 33892, 63626, 49088, 71312, 23172, 10803, 62392, 24917, 67254, 58009, 81336, 59457, 73844, 95696, 6506, 27308, 70695, 56701, 13067, 41613, 72662, 53528, 75491, 42519, 81780, 31754, 13856, 88917, 96452, 41223, 89774, 10407, 31336, 50783, 20291, 5997, 7069, 31395, 24625, 6189, 56620, 24762, 84988, 68874, 85812, 41091, 24302, 77112, 35149, 22780, 53184, 18627, 57549, 17465, 63612, 87939, 6980, 60883, 29814, 87238, 14952, 60779, 86760, 61062, 30267, 24445, 56989, 27229, 82900, 90023, 57786, 63779, 40235, 86679, 51776, 22058, 63483, 39593, 41554, 8133, 95503, 6716, 25867, 90267, 22987, 39665, 98545, 93605, 1747, 78248, 27473, 33109, 26918, 82634, 51318, 80099, 73743, 12182, 94300, 46775, 25047, 68889, 10070, 18361, 65084, 37080, 70960, 83222, 67058, 98067, 22471, 67691, 59607, 67337, 8930, 21238, 46639, 45431, 43153, 96128, 24156, 80501, 82080, 49059, 2091, 12212, 52072, 31681, 90064, 42922, 12694, 63500, 88958, 85424, 60965, 55836, 88426, 54941, 94663, 65220, 71036, 49752, 17451, 53699, 9314, 14619, 3290, 44849, 90564, 91441, 62905, 40530, 5641, 37318, 36823, 31308, 19382, 62343, 86280, 16633, 47566, 15336, 77921, 88788, 50425, 20260, 79556, 59009, 60227, 87434, 40228, 88797, 25912, 98562, 76789, 91824, 52309, 10258, 50738, 95463, 77205, 93493, 68362, 24106, 95689, 49524, 69579, 66348, 75971, 22529, 74132, 89303, 37488, 5127, 63655, 17283, 25796, 52901, 73353, 59242, 58591, 76499, 46764, 96815, 56675, 19904, 86086, 9538, 16381, 25966, 48189, 47295, 50918, 3257, 56486, 10672, 45517, 6977, 66557, 24565, 14166, 47870, 73695, 59021, 61532, 83752, 51246, 6816, 65190, 71364, 98756, 25731, 84141, 78432, 21130, 69362, 52504, 59655, 73856, 97330, 50721, 19705, 54620, 16926, 96429, 24048, 73377, 67355, 15053, 17980, 70735, 35236, 75523, 91241, 23447, 72477, 51156, 95259, 88333, 29494, 67321, 52714, 62917, 99842, 65229, 6617, 44275, 88720, 37853, 8770, 63811, 7507, 89636, 17817, 1558, 85068, 79776, 73733, 11481, 89926, 56682, 49746, 9429, 50818, 45883, 58652, 12423, 26431, 60221, 95661, 73944, 68283, 51044, 69558, 68608, 65135, 29404, 17239, 5514, 47278, 63393, 94877, 23491, 47292, 6877, 19032, 65956, 9732, 97912, 1976, 37613, 34466, 61934, 57269, 53618, 5940, 93510, 52374, 85684, 22266, 86296, 60665, 10810, 9462, 494, 58482, 75247, 71566, 31620, 58819, 97731, 83116, 7767, 83623, 12444, 57312, 49834, 46402, 98377, 30435, 36116, 16443, 25589, 45312, 64514, 37426, 76200, 11178, 7488, 18610, 92099, 97566, 6854, 33656, 17686, 10866, 73697, 81050, 12312, 6505, 95303, 61521, 72092, 94259, 32683, 45746, 77187, 88803, 39457, 40047, 95729, 22380, 62708, 14355, 83408, 29714, 50213, 24600, 63055, 94787, 52488, 53820, 72502, 35142, 82539, 36201, 83535, 70150, 4544, 53013, 91532, 98794, 75749, 37723, 24569, 90322, 279, 84293, 85419, 53204, 7321, 22724, 95538, 85836, 2877, 93721, 73981, 40836, 90505, 94370, 88415, 37372, 69317, 25860, 4116, 35759, 84385, 33447, 84816, 12456, 31068, 57878, 18743, 27118, 55146, 45045, 76854, 36409, 49423, 25447, 28432, 61176, 34319, 67878, 7127, 41048, 27399, 57337, 84290, 2409, 69039, 23729, 7494, 36747, 48478, 38848, 42755, 293, 91046, 40498, 48156, 87860, 19957, 4960, 74844, 19836, 92291, 57801, 90081, 88664, 17768, 78881, 47919, 71822, 34413, 1930, 46778, 88873, 89253, 43012, 48581, 9353, 85645, 13891, 48249, 50115, 66199, 3386, 20854, 99932, 28051, 71692, 93909, 74084, 74671, 89896, 50523, 88742, 12398, 72247, 55742, 51721, 34827, 36846, 62982, 39419, 78439, 9343, 48468, 84544, 39864, 76167, 43812, 71247, 20757, 1762, 41180, 27413, 60564, 22669, 82173, 16704, 46485, 72310, 26823, 41298, 58642, 32787, 90874, 58140, 56784, 29999, 8759, 96835, 78050, 41544, 1255, 17455, 33878, 64547, 58966, 82332, 5215, 48306, 8922, 24655, 4697, 70882, 84900, 82562, 62735, 34434, 73303, 61588, 35094, 68503, 41162, 54916, 58190, 12626, 60530, 22534, 77445, 84110, 41705, 60129, 60275, 26541, 44213, 1777, 13370, 3088, 42025, 39125, 6806, 57675, 48434, 98242, 36838, 43086, 11553, 17088, 22108, 72325, 25128, 87991, 65587, 14862, 36451, 44287, 9734, 15759, 72468, 61485, 14174, 26892, 64268, 19975, 5444, 33247, 50382, 76845, 87224, 36256, 66890, 95968, 72639, 77038, 43204, 39754, 36312, 74369, 96758, 27679, 249, 98284, 44817, 61235, 55085, 9992, 27298, 25783, 69424, 39622, 26481, 58524, 35109, 38014, 50849, 43262, 70599, 1236, 29822, 19493, 40976, 26562, 7919, 16019, 11304, 44960, 68766, 47516, 55933, 93459, 51964, 80457, 87397, 77661, 10867, 13339, 38927, 67085, 83000, 91594, 70221, 32812, 41638, 39247, 63161, 56481, 85947, 619, 54521, 29223, 59027, 34890, 77305, 79995, 54866, 56578, 59831, 16991, 48800, 12168, 58544, 42596, 87951, 65721, 11198, 23052, 15984, 12347, 45822, 1513, 17129, 34479, 87885, 87506, 81928, 20343, 45290, 20189, 98974, 29926, 61725, 72592, 35725, 72251, 55074, 7660, 24694]})"
562.0,9,164,56,47.69554162025452,10696,"Genotype(dna={""<class 'abc.NT_0017'>"": [1, 23052], ""<class 'abc.NT_0017_P_00000'>"": [], ""<class 'abc.NT_0005'>"": [0, 0, 35544, 1, 0, 1, 0, 1, 1, 1513], ""<class 'abc.NT_0005_P_00000'>"": [], ""<class 'abc.NT_0005_P_00001'>"": [], ""<class 'bool'>"": [50833, 28611, 95173, 92596, 84996, 15299, 84608, 73218, 73704, 53577, 54127, 73580, 61648, 63455, 34182, 28379, 9832, 69766, 27025, 9321, 39372, 40559, 45589, 21512, 9991, 31131, 22379, 82972, 66879, 7070, 87492, 33083, 92916, 1233, 89415, 28350, 54741, 51276, 16414, 74832, 4355, 87209, 57305, 93042, 23231, 67903, 93745, 31960, 29422, 28659, 99170, 40455, 13273, 92051, 14178, 78998, 45259, 78698, 95977, 93014, 83753, 21951, 16043, 13772, 66730, 10736, 57934, 29081, 62948, 99869, 41968, 82469, 93064, 59471, 51253, 67704, 97811, 82022, 87389, 59617, 67283, 63422, 70186, 58801, 23472, 68171, 46787, 87700, 86179, 38104, 2384, 90063, 6576, 80132, 98840, 65605, 74894, 53809, 99733, 89043, 84198, 62780, 94716, 23035, 32450, 31489, 41399, 87765, 69122, 99723, 54018, 92501, 39572, 89999, 58379, 67238, 50112, 90146, 55533, 46837, 57815, 68681, 79206, 32534, 3130, 58659, 69605, 82887, 74526, 5911, 58400, 62789, 48677, 31474, 44702, 39368, 40140, 19876, 33772, 86631, 58194, 70508], ""<class 'int'>"": [88091, 54758, 80960, 4147, 58985, 98835, 33177, 12380, 43928, 18156, 46293, 82997, 26546, 21931, 20632, 91665, 69275, 46303, 61738, 80613, 63967, 92163, 79154, 79668, 18313, 6071, 50712, 91463, 54716, 33220, 52575, 78591, 28324, 24851, 385, 86434, 6594, 95864, 4088, 31907, 5028, 70908, 60125, 88976, 64506, 45119, 63026, 18677, 76141, 62129, 40973, 74468, 90479, 50241, 61828, 14495, 64587, 47259, 69389, 59226, 21182, 99643, 3451, 67066, 55205, 22485, 89443, 19030, 10288, 23574, 78426, 55280, 17305, 68878, 94325, 9074, 35370, 56456, 95300, 73961, 59051, 835, 21640, 2744, 30054, 96306, 55542, 57066, 65643, 97962, 97088, 62680, 24967, 56005, 85155, 81002, 48234, 28842, 92105, 38714, 65511, 82476, 73240, 25988, 68682, 4749, 1059, 85277, 54664, 55169, 72830, 29209, 32377, 56597, 43815, 46740, 16019, 36704, 91606, 3697, 42934, 87720, 75207, 56054, 59737, 79252, 96186, 60558, 8582, 3209, 7798, 18736, 20655, 95860, 60671, 36386, 88318, 80757, 49888, 58523, 36742, 48071, 76427, 91397, 47115, 74907, 19807, 19166, 48854, 4778, 9526, 30084, 70329, 29929, 24152, 98179, 6661, 59360, 47157, 52018, 24734, 716, 46264, 89982, 86072, 78100, 64619, 77321], ""<class 'abc.NT_0010'>"": [0, 0, 1, 53054], ""<class 'abc.NT_0010_P_00000'>"": [], ""<class 'abc.NT_0006'>"": [2, 2, 0, 1, 1302, 1892], ""<class 'abc.NT_0006_P_00000'>"": [], ""<class 'abc.NT_0006_P_00001'>"": [], ""<class 'abc.NT_0002'>"": [1, 1, 2, 1, 1, 1, 1, 0, 2, 1, 41818, 0, 2, 0, 1, 0, 2, 1, 53720, 1, 0, 0, 69722, 1, 8713, 0, 0, 2, 0, 0, 0, 2, 1, 64800, 99864], ""<class 'abc.NT_0002_P_00000'>"": [], ""<class 'abc.NT_0001'>"": [1, 1, 1, 0, 0, 0, 0, 1, 1, 1, 1, 0, 1, 16227, 1, 1, 1, 1, 0, 0, 10290, 0, 0, 0, 0, 0, 1, 40887, 0, 0, 0, 0, 0, 0, 0, 0, 0, 1, 0, 0, 0, 0, 76558, 0, 0, 0, 1, 0, 0, 26591, 1, 1, 1, 0, 1, 0, 0, 45290], ""<class 'abc.NT_0001_P_00000'>"": [], ""<class 'abc.NT_0001_P_00001'>"": [], ""<class 'abc.NT_0000'>"": [0, 1, 1, 94528, 1, 0, 1, 1, 31647, 1, 1, 80324, 0, 0, 75412, 1, 69944, 1, 0, 0, 0, 1, 0, 0, 0, 1, 1, 0, 1, 3483, 1, 0, 42401, 0, 0, 0, 0, 54668, 66557, 1, 0, 1, 1, 0, 0, 21028, 54540, 1, 5444, 3614, 1, 0, 0, 0, 0, 0, 71485, 1, 0, 0, 0, 0, 1, 20343], ""<class 'abc.NT_0000_P_00000'>"": [], ""<class 'abc.NT_0000_P_00001'>"": [], ""<class 'abc.NT_0002_P_00001'>"": [], ""<class 'abc.NT_0002_P_00002'>"": [], ""<class 'abc.NT_0006_P_00002'>"": [], ""<class 'abc.NT_0007'>"": [1, 0, 1, 2, 87885, 72251, 55074], ""<class 'abc.NT_0007_P_00000'>"": [], ""<class 'abc.NT_0007_P_00001'>"": [], ""<class 'abc.NT_0007_P_00002'>"": [], ""<class 'abc.NT_0004'>"": [1, 1, 77639, 2, 1, 2, 63194, 90154], ""<class 'abc.NT_0004_P_00000'>"": [], ""<class 'abc.NT_0003'>"": [10039, 1, 0, 1, 98974, 61725, 72592, 35725, 7660], ""<class 'abc.NT_0003_P_00000'>"": [], ""<class 'abc.NT_0003_P_00001'>"": [], ""<class 'abc.NT_0003_P_00002'>"": [], ""<class 'abc.NT_0003_P_00003'>"": [], ""<class 'abc.NT_0004_P_00001'>"": [], ""<class 'abc.NT_0004_P_00002'>"": [], ""<class 'abc.NT_0009'>"": [3, 0, 1, 1, 0, 45822], ""<class 'abc.NT_0009_P_00000'>"": [], ""<class 'abc.NT_0008'>"": [15828, 0, 83857, 0, 0, 0, 17129], ""<class 'abc.NT_0008_P_00000'>"": [], ""<class 'abc.NT_0009_P_00001'>"": [], ""<class 'abc.NT_0009_P_00002'>"": [], ""<class 'abc.NT_0009_P_00003'>"": [], ""<class 'abc.NT_0010_P_00001'>"": [], ""<class 'abc.NT_0010_P_00002'>"": [], ""<class 'abc.NT_0017_P_00001'>"": [], ""<class 'abc.NT_0012'>"": [0, 0, 27606, 0, 0, 65962], ""<class 'abc.NT_0012_P_00000'>"": [], ""<class 'abc.NT_0012_P_00001'>"": [], ""<class 'abc.NT_0017_P_00002'>"": [], ""<class 'abc.NT_0013'>"": [], ""<class 'abc.NT_0013_P_00000'>"": [], ""<class 'abc.NT_0011'>"": [0, 94522], ""<class 'abc.NT_0011_P_00000'>"": [], ""<class 'abc.NT_0011_P_00001'>"": [], ""<class 'abc.NT_0011_P_00002'>"": [], ""<class 'abc.NT_0013_P_00001'>"": [], ""<class 'abc.NT_0013_P_00002'>"": [], ""<class 'abc.NT_0017_P_00003'>"": [], ""<class 'abc.NT_0016'>"": [0, 20070], ""<class 'abc.NT_0016_P_00000'>"": [], ""<class 'abc.NT_0016_P_00001'>"": [], ""<class 'abc.NT_0016_P_00002'>"": [], '$leftovers': [13707, 7777, 43103, 79112, 41937, 82055, 41802, 80929, 37572, 24235, 1002, 66268, 87311, 99058, 42897, 54099, 4751, 39061, 38658, 18856, 32793, 32020, 84694, 43326, 66351, 11593, 16559, 82179, 29701, 14785, 63931, 19995, 86098, 88506, 88906, 98218, 57143, 64899, 75531, 17691, 63845, 68413, 76826, 30524, 48607, 6718, 24768, 14247, 23842, 98884, 92372, 55279, 40315, 43705, 6728, 53868, 34432, 73753, 89438, 79733, 83929, 38685, 35410, 5343, 16823, 35888, 70000, 12879, 27426, 44726, 95438, 53746, 11554, 35563, 36846, 46156, 65002, 72433, 85297, 12477, 3511, 72425, 53166, 5796, 30717, 45518, 76561, 21526, 65748, 18017, 64172, 9175, 16724, 51276, 1749, 5687, 47923, 68260, 48548, 94393, 55323, 76604, 84009, 54574, 8798, 35733, 67233, 4198, 56844, 12629, 29196, 81671, 71295, 84963, 73193, 37662, 77918, 40265, 71387, 2776, 72056, 79890, 24380, 6524, 11920, 82004, 80554, 7771, 51485, 29874, 64851, 32118, 68660, 22646, 40503, 29950, 45632, 59339, 63591, 66553, 79195, 90039, 8891, 94412, 82595, 43578, 41060, 60184, 28053, 84947, 77614, 38864, 91374, 58545, 50015, 19960, 7381, 78763, 85070, 21507, 19025, 51930, 32629, 45143, 39756, 26052, 37388, 90108, 9391, 53674, 16962, 24269, 95106, 99931, 56381, 37781, 12365, 84199, 30949, 74271, 916, 85830, 97679, 18102, 478, 75886, 30302, 21977, 90537, 30063, 19357, 81788, 35261, 14719, 66114, 20921, 20240, 5992, 58367, 9680, 68600, 85141, 46379, 54808, 83564, 47005, 66549, 22371, 91024, 89979, 20226, 63714, 58641, 45142, 46907, 57602, 15144, 97990, 7439, 11158, 59469, 11328, 80659, 5962, 25695, 77537, 11892, 91592, 56748, 38581, 37353, 71743, 70419, 27563, 8343, 51963, 16605, 94638, 42057, 61173, 28541, 41743, 60295, 49767, 73628, 41163, 91833, 78182, 82565, 25215, 96862, 76058, 44249, 82715, 20979, 71376, 27708, 78050, 40085, 30494, 46076, 48158, 98017, 59418, 77712, 4502, 58514, 86759, 30136, 53692, 84446, 34409, 6828, 35370, 50950, 51945, 59877, 55822, 81173, 57512, 24080, 92189, 34559, 32530, 48867, 64932, 44, 85888, 8300, 92843, 6844, 39222, 76898, 88754, 22876, 38074, 43299, 88699, 81654, 61902, 89999, 13497, 66668, 7338, 74096, 38397, 11013, 98336, 40480, 33892, 63626, 49088, 71312, 23172, 10803, 62392, 24917, 67254, 58009, 81336, 59457, 73844, 95696, 6506, 27308, 70695, 56701, 13067, 41613, 72662, 53528, 75491, 42519, 81780, 31754, 13856, 88917, 96452, 41223, 89774, 10407, 31336, 50783, 20291, 5997, 7069, 31395, 24625, 6189, 56620, 24762, 84988, 68874, 85812, 41091, 24302, 77112, 35149, 22780, 53184, 18627, 57549, 17465, 63612, 87939, 6980, 60883, 29814, 87238, 14952, 60779, 86760, 61062, 30267, 24445, 56989, 27229, 82900, 90023, 57786, 63779, 40235, 86679, 51776, 22058, 63483, 39593, 41554, 8133, 95503, 6716, 25867, 90267, 22987, 39665, 98545, 93605, 1747, 78248, 27473, 33109, 26918, 82634, 51318, 80099, 73743, 12182, 94300, 46775, 25047, 68889, 10070, 18361, 65084, 37080, 70960, 83222, 67058, 98067, 22471, 67691, 59607, 67337, 8930, 21238, 46639, 45431, 43153, 96128, 24156, 80501, 82080, 49059, 2091, 12212, 52072, 31681, 90064, 42922, 12694, 63500, 88958, 85424, 60965, 55836, 88426, 54941, 94663, 65220, 71036, 49752, 17451, 53699, 9314, 14619, 3290, 44849, 90564, 91441, 62905, 40530, 5641, 37318, 36823, 31308, 19382, 62343, 86280, 16633, 47566, 15336, 77921, 88788, 50425, 20260, 79556, 59009, 60227, 87434, 40228, 88797, 25912, 98562, 76789, 91824, 52309, 10258, 50738, 95463, 77205, 93493, 68362, 24106, 95689, 49524, 69579, 66348, 75971, 22529, 74132, 89303, 37488, 5127, 63655, 17283, 25796, 52901, 73353, 59242, 58591, 76499, 46764, 96815, 56675, 19904, 86086, 9538, 16381, 25966, 48189, 47295, 50918, 3257, 56486, 10672, 45517, 6977, 66557, 24565, 14166, 47870, 73695, 59021, 61532, 83752, 51246, 6816, 65190, 71364, 98756, 25731, 84141, 78432, 21130, 69362, 52504, 59655, 73856, 97330, 50721, 19705, 54620, 16926, 96429, 24048, 73377, 67355, 15053, 17980, 70735, 35236, 75523, 91241, 23447, 72477, 51156, 95259, 88333, 29494, 67321, 52714, 62917, 99842, 65229, 6617, 44275, 88720, 37853, 8770, 63811, 7507, 89636, 17817, 1558, 85068, 79776, 73733, 11481, 89926, 56682, 49746, 9429, 50818, 45883, 58652, 12423, 26431, 60221, 95661, 73944, 68283, 51044, 69558, 68608, 65135, 29404, 17239, 5514, 47278, 63393, 94877, 23491, 47292, 6877, 19032, 65956, 9732, 97912, 1976, 37613, 34466, 61934, 57269, 53618, 5940, 93510, 52374, 85684, 22266, 86296, 60665, 10810, 9462, 494, 58482, 75247, 71566, 31620, 58819, 97731, 83116, 7767, 83623, 12444, 57312, 49834, 46402, 98377, 30435, 36116, 16443, 25589, 45312, 64514, 37426, 76200, 11178, 7488, 18610, 92099, 97566, 6854, 33656, 17686, 10866, 73697, 81050, 12312, 6505, 95303, 61521, 72092, 94259, 32683, 45746, 77187, 88803, 39457, 40047, 95729, 22380, 62708, 14355, 83408, 29714, 50213, 24600, 63055, 94787, 52488, 53820, 72502, 35142, 82539, 36201, 83535, 70150, 4544, 53013, 91532, 98794, 75749, 37723, 24569, 90322, 279, 84293, 85419, 53204, 7321, 22724, 95538, 85836, 2877, 93721, 73981, 40836, 90505, 94370, 88415, 37372, 69317, 25860, 4116, 35759, 84385, 33447, 84816, 12456, 31068, 57878, 18743, 27118, 55146, 45045, 76854, 36409, 49423, 25447, 28432, 61176, 34319, 67878, 7127, 41048, 27399, 57337, 84290, 2409, 69039, 23729, 7494, 36747, 48478, 38848, 42755, 293, 91046, 40498, 48156, 87860, 19957, 4960, 74844, 19836, 92291, 57801, 90081, 88664, 17768, 78881, 47919, 71822, 34413, 1930, 46778, 88873, 89253, 43012, 48581, 9353, 85645, 13891, 48249, 50115, 66199, 3386, 20854, 99932, 28051, 71692, 93909, 74084, 74671, 89896, 50523, 88742, 12398, 72247, 55742, 51721, 34827, 36846, 62982, 39419, 78439, 9343, 48468, 84544, 39864, 76167, 43812, 71247, 20757, 1762, 41180, 27413, 60564, 22669, 82173, 16704, 46485, 72310, 26823, 41298, 58642, 32787, 90874, 58140, 56784, 29999, 8759, 96835, 78050, 41544, 1255, 17455, 33878, 64547, 58966, 82332, 5215, 48306, 8922, 24655, 4697, 70882, 84900, 82562, 62735, 34434, 73303, 61588, 35094, 68503, 41162, 54916, 58190, 12626, 60530, 22534, 77445, 84110, 41705, 60129, 60275, 26541, 44213, 1777, 13370, 3088, 42025, 39125, 6806, 57675, 48434, 98242, 36838, 43086, 11553, 17088, 22108, 72325, 25128, 87991, 65587, 14862, 36451, 44287, 9734, 15759, 72468, 61485, 14174, 26892, 64268, 19975, 5444, 33247, 50382, 76845, 87224, 36256, 66890, 95968, 72639, 77038, 43204, 39754, 36312, 74369, 96758, 27679, 249, 98284, 44817, 61235, 55085, 9992, 27298, 25783, 69424, 39622, 26481, 58524, 35109, 38014, 50849, 43262, 70599, 1236, 29822, 19493, 40976, 26562, 7919, 16019, 11304, 44960, 68766, 47516, 55933, 93459, 51964, 80457, 87397, 77661, 10867, 13339, 38927, 67085, 83000, 91594, 70221, 32812, 41638, 39247, 63161, 56481, 85947, 619, 54521, 29223, 59027, 34890, 77305, 79995, 54866, 56578, 59831, 16991, 48800, 12168, 58544, 42596, 87951, 65721, 11198, 23052, 15984, 12347, 45822, 1513, 17129, 34479, 87885, 87506, 81928, 20343, 45290, 20189, 98974, 29926, 61725, 72592, 35725, 72251, 55074, 7660, 24694]})"
562.0,9,164,57,48.0990891456604,10696,"Genotype(dna={""<class 'abc.NT_0017'>"": [1, 23052], ""<class 'abc.NT_0017_P_00000'>"": [], ""<class 'abc.NT_0005'>"": [0, 0, 35544, 1, 0, 1, 0, 1, 1, 1513], ""<class 'abc.NT_0005_P_00000'>"": [], ""<class 'abc.NT_0005_P_00001'>"": [], ""<class 'bool'>"": [50833, 28611, 95173, 92596, 84996, 15299, 84608, 73218, 73704, 53577, 54127, 73580, 61648, 63455, 34182, 28379, 9832, 69766, 27025, 9321, 39372, 40559, 45589, 21512, 9991, 31131, 22379, 82972, 66879, 7070, 87492, 33083, 92916, 1233, 89415, 28350, 54741, 51276, 16414, 74832, 4355, 87209, 57305, 93042, 23231, 67903, 93745, 31960, 29422, 28659, 99170, 40455, 13273, 92051, 14178, 78998, 45259, 78698, 95977, 93014, 83753, 21951, 16043, 13772, 66730, 10736, 57934, 29081, 62948, 99869, 41968, 82469, 93064, 59471, 51253, 67704, 97811, 82022, 87389, 59617, 67283, 63422, 70186, 58801, 23472, 68171, 46787, 87700, 86179, 38104, 2384, 90063, 6576, 80132, 98840, 65605, 74894, 53809, 99733, 89043, 84198, 62780, 94716, 23035, 32450, 31489, 41399, 87765, 69122, 99723, 54018, 92501, 39572, 89999, 58379, 67238, 50112, 90146, 55533, 46837, 57815, 68681, 79206, 32534, 3130, 58659, 69605, 82887, 74526, 5911, 58400, 62789, 48677, 31474, 44702, 39368, 40140, 19876, 33772, 86631, 58194, 70508], ""<class 'int'>"": [88091, 54758, 80960, 4147, 58985, 98835, 33177, 12380, 43928, 18156, 46293, 82997, 26546, 21931, 20632, 91665, 69275, 46303, 61738, 80613, 63967, 92163, 79154, 79668, 18313, 6071, 50712, 91463, 54716, 33220, 52575, 78591, 28324, 24851, 385, 86434, 6594, 95864, 4088, 31907, 5028, 70908, 60125, 88976, 64506, 45119, 63026, 18677, 76141, 62129, 40973, 74468, 90479, 50241, 61828, 14495, 64587, 47259, 69389, 59226, 21182, 99643, 3451, 67066, 55205, 22485, 89443, 19030, 10288, 23574, 78426, 55280, 17305, 68878, 94325, 9074, 35370, 56456, 95300, 73961, 59051, 835, 21640, 2744, 30054, 96306, 55542, 57066, 65643, 97962, 97088, 62680, 24967, 56005, 85155, 81002, 48234, 28842, 92105, 38714, 65511, 82476, 73240, 25988, 68682, 4749, 1059, 85277, 54664, 55169, 72830, 29209, 32377, 56597, 43815, 46740, 16019, 36704, 91606, 3697, 42934, 87720, 75207, 56054, 59737, 79252, 96186, 60558, 8582, 3209, 7798, 18736, 20655, 95860, 60671, 36386, 88318, 80757, 49888, 58523, 36742, 48071, 76427, 91397, 47115, 74907, 19807, 19166, 48854, 4778, 9526, 30084, 70329, 29929, 24152, 98179, 6661, 59360, 47157, 52018, 24734, 716, 46264, 89982, 86072, 78100, 64619, 77321], ""<class 'abc.NT_0010'>"": [0, 0, 1, 53054], ""<class 'abc.NT_0010_P_00000'>"": [], ""<class 'abc.NT_0006'>"": [2, 2, 0, 1, 1302, 1892], ""<class 'abc.NT_0006_P_00000'>"": [], ""<class 'abc.NT_0006_P_00001'>"": [], ""<class 'abc.NT_0002'>"": [1, 1, 2, 1, 1, 1, 1, 0, 2, 1, 41818, 0, 2, 0, 1, 0, 2, 1, 53720, 1, 0, 0, 69722, 1, 8713, 0, 0, 2, 0, 0, 0, 2, 1, 64800, 99864], ""<class 'abc.NT_0002_P_00000'>"": [], ""<class 'abc.NT_0001'>"": [1, 1, 1, 0, 0, 0, 0, 1, 1, 1, 1, 0, 1, 16227, 1, 1, 1, 1, 0, 0, 10290, 0, 0, 0, 0, 0, 1, 40887, 0, 0, 0, 0, 0, 0, 0, 0, 0, 1, 0, 0, 0, 0, 76558, 0, 0, 0, 1, 0, 0, 26591, 1, 1, 1, 0, 1, 0, 0, 45290], ""<class 'abc.NT_0001_P_00000'>"": [], ""<class 'abc.NT_0001_P_00001'>"": [], ""<class 'abc.NT_0000'>"": [0, 1, 1, 94528, 1, 0, 1, 1, 31647, 1, 1, 80324, 0, 0, 75412, 1, 69944, 1, 0, 0, 0, 1, 0, 0, 0, 1, 1, 0, 1, 3483, 1, 0, 42401, 0, 0, 0, 0, 54668, 66557, 1, 0, 1, 1, 0, 0, 21028, 54540, 1, 5444, 3614, 1, 0, 0, 0, 0, 0, 71485, 1, 0, 0, 0, 0, 1, 20343], ""<class 'abc.NT_0000_P_00000'>"": [], ""<class 'abc.NT_0000_P_00001'>"": [], ""<class 'abc.NT_0002_P_00001'>"": [], ""<class 'abc.NT_0002_P_00002'>"": [], ""<class 'abc.NT_0006_P_00002'>"": [], ""<class 'abc.NT_0007'>"": [1, 0, 1, 2, 87885, 72251, 55074], ""<class 'abc.NT_0007_P_00000'>"": [], ""<class 'abc.NT_0007_P_00001'>"": [], ""<class 'abc.NT_0007_P_00002'>"": [], ""<class 'abc.NT_0004'>"": [1, 1, 77639, 2, 1, 2, 63194, 90154], ""<class 'abc.NT_0004_P_00000'>"": [], ""<class 'abc.NT_0003'>"": [10039, 1, 0, 1, 98974, 61725, 72592, 35725, 7660], ""<class 'abc.NT_0003_P_00000'>"": [], ""<class 'abc.NT_0003_P_00001'>"": [], ""<class 'abc.NT_0003_P_00002'>"": [], ""<class 'abc.NT_0003_P_00003'>"": [], ""<class 'abc.NT_0004_P_00001'>"": [], ""<class 'abc.NT_0004_P_00002'>"": [], ""<class 'abc.NT_0009'>"": [3, 0, 1, 1, 0, 45822], ""<class 'abc.NT_0009_P_00000'>"": [], ""<class 'abc.NT_0008'>"": [15828, 0, 83857, 0, 0, 0, 17129], ""<class 'abc.NT_0008_P_00000'>"": [], ""<class 'abc.NT_0009_P_00001'>"": [], ""<class 'abc.NT_0009_P_00002'>"": [], ""<class 'abc.NT_0009_P_00003'>"": [], ""<class 'abc.NT_0010_P_00001'>"": [], ""<class 'abc.NT_0010_P_00002'>"": [], ""<class 'abc.NT_0017_P_00001'>"": [], ""<class 'abc.NT_0012'>"": [0, 0, 27606, 0, 0, 65962], ""<class 'abc.NT_0012_P_00000'>"": [], ""<class 'abc.NT_0012_P_00001'>"": [], ""<class 'abc.NT_0017_P_00002'>"": [], ""<class 'abc.NT_0013'>"": [], ""<class 'abc.NT_0013_P_00000'>"": [], ""<class 'abc.NT_0011'>"": [0, 94522], ""<class 'abc.NT_0011_P_00000'>"": [], ""<class 'abc.NT_0011_P_00001'>"": [], ""<class 'abc.NT_0011_P_00002'>"": [], ""<class 'abc.NT_0013_P_00001'>"": [], ""<class 'abc.NT_0013_P_00002'>"": [], ""<class 'abc.NT_0017_P_00003'>"": [], ""<class 'abc.NT_0016'>"": [0, 20070], ""<class 'abc.NT_0016_P_00000'>"": [], ""<class 'abc.NT_0016_P_00001'>"": [], ""<class 'abc.NT_0016_P_00002'>"": [], '$leftovers': [13707, 7777, 43103, 79112, 41937, 82055, 41802, 80929, 37572, 24235, 1002, 66268, 87311, 99058, 42897, 54099, 4751, 39061, 38658, 18856, 32793, 32020, 84694, 43326, 66351, 11593, 16559, 82179, 29701, 14785, 63931, 19995, 86098, 88506, 88906, 98218, 57143, 64899, 75531, 17691, 63845, 68413, 76826, 30524, 48607, 6718, 24768, 14247, 23842, 98884, 92372, 55279, 40315, 43705, 6728, 53868, 34432, 73753, 89438, 79733, 83929, 38685, 35410, 5343, 16823, 35888, 70000, 12879, 27426, 44726, 95438, 53746, 11554, 35563, 36846, 46156, 65002, 72433, 85297, 12477, 3511, 72425, 53166, 5796, 30717, 45518, 76561, 21526, 65748, 18017, 64172, 9175, 16724, 51276, 1749, 5687, 47923, 68260, 48548, 94393, 55323, 76604, 84009, 54574, 8798, 35733, 67233, 4198, 56844, 12629, 29196, 81671, 71295, 84963, 73193, 37662, 77918, 40265, 71387, 2776, 72056, 79890, 24380, 6524, 11920, 82004, 80554, 7771, 51485, 29874, 64851, 32118, 68660, 22646, 40503, 29950, 45632, 59339, 63591, 66553, 79195, 90039, 8891, 94412, 82595, 43578, 41060, 60184, 28053, 84947, 77614, 38864, 91374, 58545, 50015, 19960, 7381, 78763, 85070, 21507, 19025, 51930, 32629, 45143, 39756, 26052, 37388, 90108, 9391, 53674, 16962, 24269, 95106, 99931, 56381, 37781, 12365, 84199, 30949, 74271, 916, 85830, 97679, 18102, 478, 75886, 30302, 21977, 90537, 30063, 19357, 81788, 35261, 14719, 66114, 20921, 20240, 5992, 58367, 9680, 68600, 85141, 46379, 54808, 83564, 47005, 66549, 22371, 91024, 89979, 20226, 63714, 58641, 45142, 46907, 57602, 15144, 97990, 7439, 11158, 59469, 11328, 80659, 5962, 25695, 77537, 11892, 91592, 56748, 38581, 37353, 71743, 70419, 27563, 8343, 51963, 16605, 94638, 42057, 61173, 28541, 41743, 60295, 49767, 73628, 41163, 91833, 78182, 82565, 25215, 96862, 76058, 44249, 82715, 20979, 71376, 27708, 78050, 40085, 30494, 46076, 48158, 98017, 59418, 77712, 4502, 58514, 86759, 30136, 53692, 84446, 34409, 6828, 35370, 50950, 51945, 59877, 55822, 81173, 57512, 24080, 92189, 34559, 32530, 48867, 64932, 44, 85888, 8300, 92843, 6844, 39222, 76898, 88754, 22876, 38074, 43299, 88699, 81654, 61902, 89999, 13497, 66668, 7338, 74096, 38397, 11013, 98336, 40480, 33892, 63626, 49088, 71312, 23172, 10803, 62392, 24917, 67254, 58009, 81336, 59457, 73844, 95696, 6506, 27308, 70695, 56701, 13067, 41613, 72662, 53528, 75491, 42519, 81780, 31754, 13856, 88917, 96452, 41223, 89774, 10407, 31336, 50783, 20291, 5997, 7069, 31395, 24625, 6189, 56620, 24762, 84988, 68874, 85812, 41091, 24302, 77112, 35149, 22780, 53184, 18627, 57549, 17465, 63612, 87939, 6980, 60883, 29814, 87238, 14952, 60779, 86760, 61062, 30267, 24445, 56989, 27229, 82900, 90023, 57786, 63779, 40235, 86679, 51776, 22058, 63483, 39593, 41554, 8133, 95503, 6716, 25867, 90267, 22987, 39665, 98545, 93605, 1747, 78248, 27473, 33109, 26918, 82634, 51318, 80099, 73743, 12182, 94300, 46775, 25047, 68889, 10070, 18361, 65084, 37080, 70960, 83222, 67058, 98067, 22471, 67691, 59607, 67337, 8930, 21238, 46639, 45431, 43153, 96128, 24156, 80501, 82080, 49059, 2091, 12212, 52072, 31681, 90064, 42922, 12694, 63500, 88958, 85424, 60965, 55836, 88426, 54941, 94663, 65220, 71036, 49752, 17451, 53699, 9314, 14619, 3290, 44849, 90564, 91441, 62905, 40530, 5641, 37318, 36823, 31308, 19382, 62343, 86280, 16633, 47566, 15336, 77921, 88788, 50425, 20260, 79556, 59009, 60227, 87434, 40228, 88797, 25912, 98562, 76789, 91824, 52309, 10258, 50738, 95463, 77205, 93493, 68362, 24106, 95689, 49524, 69579, 66348, 75971, 22529, 74132, 89303, 37488, 5127, 63655, 17283, 25796, 52901, 73353, 59242, 58591, 76499, 46764, 96815, 56675, 19904, 86086, 9538, 16381, 25966, 48189, 47295, 50918, 3257, 56486, 10672, 45517, 6977, 66557, 24565, 14166, 47870, 73695, 59021, 61532, 83752, 51246, 6816, 65190, 71364, 98756, 25731, 84141, 78432, 21130, 69362, 52504, 59655, 73856, 97330, 50721, 19705, 54620, 16926, 96429, 24048, 73377, 67355, 15053, 17980, 70735, 35236, 75523, 91241, 23447, 72477, 51156, 95259, 88333, 29494, 67321, 52714, 62917, 99842, 65229, 6617, 44275, 88720, 37853, 8770, 63811, 7507, 89636, 17817, 1558, 85068, 79776, 73733, 11481, 89926, 56682, 49746, 9429, 50818, 45883, 58652, 12423, 26431, 60221, 95661, 73944, 68283, 51044, 69558, 68608, 65135, 29404, 17239, 5514, 47278, 63393, 94877, 23491, 47292, 6877, 19032, 65956, 9732, 97912, 1976, 37613, 34466, 61934, 57269, 53618, 5940, 93510, 52374, 85684, 22266, 86296, 60665, 10810, 9462, 494, 58482, 75247, 71566, 31620, 58819, 97731, 83116, 7767, 83623, 12444, 57312, 49834, 46402, 98377, 30435, 36116, 16443, 25589, 45312, 64514, 37426, 76200, 11178, 7488, 18610, 92099, 97566, 6854, 33656, 17686, 10866, 73697, 81050, 12312, 6505, 95303, 61521, 72092, 94259, 32683, 45746, 77187, 88803, 39457, 40047, 95729, 22380, 62708, 14355, 83408, 29714, 50213, 24600, 63055, 94787, 52488, 53820, 72502, 35142, 82539, 36201, 83535, 70150, 4544, 53013, 91532, 98794, 75749, 37723, 24569, 90322, 279, 84293, 85419, 53204, 7321, 22724, 95538, 85836, 2877, 93721, 73981, 40836, 90505, 94370, 88415, 37372, 69317, 25860, 4116, 35759, 84385, 33447, 84816, 12456, 31068, 57878, 18743, 27118, 55146, 45045, 76854, 36409, 49423, 25447, 28432, 61176, 34319, 67878, 7127, 41048, 27399, 57337, 84290, 2409, 69039, 23729, 7494, 36747, 48478, 38848, 42755, 293, 91046, 40498, 48156, 87860, 19957, 4960, 74844, 19836, 92291, 57801, 90081, 88664, 17768, 78881, 47919, 71822, 34413, 1930, 46778, 88873, 89253, 43012, 48581, 9353, 85645, 13891, 48249, 50115, 66199, 3386, 20854, 99932, 28051, 71692, 93909, 74084, 74671, 89896, 50523, 88742, 12398, 72247, 55742, 51721, 34827, 36846, 62982, 39419, 78439, 9343, 48468, 84544, 39864, 76167, 43812, 71247, 20757, 1762, 41180, 27413, 60564, 22669, 82173, 16704, 46485, 72310, 26823, 41298, 58642, 32787, 90874, 58140, 56784, 29999, 8759, 96835, 78050, 41544, 1255, 17455, 33878, 64547, 58966, 82332, 5215, 48306, 8922, 24655, 4697, 70882, 84900, 82562, 62735, 34434, 73303, 61588, 35094, 68503, 41162, 54916, 58190, 12626, 60530, 22534, 77445, 84110, 41705, 60129, 60275, 26541, 44213, 1777, 13370, 3088, 42025, 39125, 6806, 57675, 48434, 98242, 36838, 43086, 11553, 17088, 22108, 72325, 25128, 87991, 65587, 14862, 36451, 44287, 9734, 15759, 72468, 61485, 14174, 26892, 64268, 19975, 5444, 33247, 50382, 76845, 87224, 36256, 66890, 95968, 72639, 77038, 43204, 39754, 36312, 74369, 96758, 27679, 249, 98284, 44817, 61235, 55085, 9992, 27298, 25783, 69424, 39622, 26481, 58524, 35109, 38014, 50849, 43262, 70599, 1236, 29822, 19493, 40976, 26562, 7919, 16019, 11304, 44960, 68766, 47516, 55933, 93459, 51964, 80457, 87397, 77661, 10867, 13339, 38927, 67085, 83000, 91594, 70221, 32812, 41638, 39247, 63161, 56481, 85947, 619, 54521, 29223, 59027, 34890, 77305, 79995, 54866, 56578, 59831, 16991, 48800, 12168, 58544, 42596, 87951, 65721, 11198, 23052, 15984, 12347, 45822, 1513, 17129, 34479, 87885, 87506, 81928, 20343, 45290, 20189, 98974, 29926, 61725, 72592, 35725, 72251, 55074, 7660, 24694]})"
562.0,9,164,58,48.419883728027344,10696,"Genotype(dna={""<class 'abc.NT_0017'>"": [1, 23052], ""<class 'abc.NT_0017_P_00000'>"": [], ""<class 'abc.NT_0005'>"": [0, 0, 35544, 1, 0, 1, 0, 1, 1, 1513], ""<class 'abc.NT_0005_P_00000'>"": [], ""<class 'abc.NT_0005_P_00001'>"": [], ""<class 'bool'>"": [50833, 28611, 95173, 92596, 84996, 15299, 84608, 73218, 73704, 53577, 54127, 73580, 61648, 63455, 34182, 28379, 9832, 69766, 27025, 9321, 39372, 40559, 45589, 21512, 9991, 31131, 22379, 82972, 66879, 7070, 87492, 33083, 92916, 1233, 89415, 28350, 54741, 51276, 16414, 74832, 4355, 87209, 57305, 93042, 23231, 67903, 93745, 31960, 29422, 28659, 99170, 40455, 13273, 92051, 14178, 78998, 45259, 78698, 95977, 93014, 83753, 21951, 16043, 13772, 66730, 10736, 57934, 29081, 62948, 99869, 41968, 82469, 93064, 59471, 51253, 67704, 97811, 82022, 87389, 59617, 67283, 63422, 70186, 58801, 23472, 68171, 46787, 87700, 86179, 38104, 2384, 90063, 6576, 80132, 98840, 65605, 74894, 53809, 99733, 89043, 84198, 62780, 94716, 23035, 32450, 31489, 41399, 87765, 69122, 99723, 54018, 92501, 39572, 89999, 58379, 67238, 50112, 90146, 55533, 46837, 57815, 68681, 79206, 32534, 3130, 58659, 69605, 82887, 74526, 5911, 58400, 62789, 48677, 31474, 44702, 39368, 40140, 19876, 33772, 86631, 58194, 70508], ""<class 'int'>"": [88091, 54758, 80960, 4147, 58985, 98835, 33177, 12380, 43928, 18156, 46293, 82997, 26546, 21931, 20632, 91665, 69275, 46303, 61738, 80613, 63967, 92163, 79154, 79668, 18313, 6071, 50712, 91463, 54716, 33220, 52575, 78591, 28324, 24851, 385, 86434, 6594, 95864, 4088, 31907, 5028, 70908, 60125, 88976, 64506, 45119, 63026, 18677, 76141, 62129, 40973, 74468, 90479, 50241, 61828, 14495, 64587, 47259, 69389, 59226, 21182, 99643, 3451, 67066, 55205, 22485, 89443, 19030, 10288, 23574, 78426, 55280, 17305, 68878, 94325, 9074, 35370, 56456, 95300, 73961, 59051, 835, 21640, 2744, 30054, 96306, 55542, 57066, 65643, 97962, 97088, 62680, 24967, 56005, 85155, 81002, 48234, 28842, 92105, 38714, 65511, 82476, 73240, 25988, 68682, 4749, 1059, 85277, 54664, 55169, 72830, 29209, 32377, 56597, 43815, 46740, 16019, 36704, 91606, 3697, 42934, 87720, 75207, 56054, 59737, 79252, 96186, 60558, 8582, 3209, 7798, 18736, 20655, 95860, 60671, 36386, 88318, 80757, 49888, 58523, 36742, 48071, 76427, 91397, 47115, 74907, 19807, 19166, 48854, 4778, 9526, 30084, 70329, 29929, 24152, 98179, 6661, 59360, 47157, 52018, 24734, 716, 46264, 89982, 86072, 78100, 64619, 77321], ""<class 'abc.NT_0010'>"": [0, 0, 1, 53054], ""<class 'abc.NT_0010_P_00000'>"": [], ""<class 'abc.NT_0006'>"": [2, 2, 0, 1, 1302, 1892], ""<class 'abc.NT_0006_P_00000'>"": [], ""<class 'abc.NT_0006_P_00001'>"": [], ""<class 'abc.NT_0002'>"": [1, 1, 2, 1, 1, 1, 1, 0, 2, 1, 41818, 0, 2, 0, 1, 0, 2, 1, 53720, 1, 0, 0, 69722, 1, 8713, 0, 0, 2, 0, 0, 0, 2, 1, 64800, 99864], ""<class 'abc.NT_0002_P_00000'>"": [], ""<class 'abc.NT_0001'>"": [1, 1, 1, 0, 0, 0, 0, 1, 1, 1, 1, 0, 1, 16227, 1, 1, 1, 1, 0, 0, 10290, 0, 0, 0, 0, 0, 1, 40887, 0, 0, 0, 0, 0, 0, 0, 0, 0, 1, 0, 0, 0, 0, 76558, 0, 0, 0, 1, 0, 0, 26591, 1, 1, 1, 0, 1, 0, 0, 45290], ""<class 'abc.NT_0001_P_00000'>"": [], ""<class 'abc.NT_0001_P_00001'>"": [], ""<class 'abc.NT_0000'>"": [0, 1, 1, 94528, 1, 0, 1, 1, 31647, 1, 1, 80324, 0, 0, 75412, 1, 69944, 1, 0, 0, 0, 1, 0, 0, 0, 1, 1, 0, 1, 3483, 1, 0, 42401, 0, 0, 0, 0, 54668, 66557, 1, 0, 1, 1, 0, 0, 21028, 54540, 1, 5444, 3614, 1, 0, 0, 0, 0, 0, 71485, 1, 0, 0, 0, 0, 1, 20343], ""<class 'abc.NT_0000_P_00000'>"": [], ""<class 'abc.NT_0000_P_00001'>"": [], ""<class 'abc.NT_0002_P_00001'>"": [], ""<class 'abc.NT_0002_P_00002'>"": [], ""<class 'abc.NT_0006_P_00002'>"": [], ""<class 'abc.NT_0007'>"": [1, 0, 1, 2, 87885, 72251, 55074], ""<class 'abc.NT_0007_P_00000'>"": [], ""<class 'abc.NT_0007_P_00001'>"": [], ""<class 'abc.NT_0007_P_00002'>"": [], ""<class 'abc.NT_0004'>"": [1, 1, 77639, 2, 1, 2, 63194, 90154], ""<class 'abc.NT_0004_P_00000'>"": [], ""<class 'abc.NT_0003'>"": [10039, 1, 0, 1, 98974, 61725, 72592, 35725, 7660], ""<class 'abc.NT_0003_P_00000'>"": [], ""<class 'abc.NT_0003_P_00001'>"": [], ""<class 'abc.NT_0003_P_00002'>"": [], ""<class 'abc.NT_0003_P_00003'>"": [], ""<class 'abc.NT_0004_P_00001'>"": [], ""<class 'abc.NT_0004_P_00002'>"": [], ""<class 'abc.NT_0009'>"": [3, 0, 1, 1, 0, 45822], ""<class 'abc.NT_0009_P_00000'>"": [], ""<class 'abc.NT_0008'>"": [15828, 0, 83857, 0, 0, 0, 17129], ""<class 'abc.NT_0008_P_00000'>"": [], ""<class 'abc.NT_0009_P_00001'>"": [], ""<class 'abc.NT_0009_P_00002'>"": [], ""<class 'abc.NT_0009_P_00003'>"": [], ""<class 'abc.NT_0010_P_00001'>"": [], ""<class 'abc.NT_0010_P_00002'>"": [], ""<class 'abc.NT_0017_P_00001'>"": [], ""<class 'abc.NT_0012'>"": [0, 0, 27606, 0, 0, 65962], ""<class 'abc.NT_0012_P_00000'>"": [], ""<class 'abc.NT_0012_P_00001'>"": [], ""<class 'abc.NT_0017_P_00002'>"": [], ""<class 'abc.NT_0013'>"": [], ""<class 'abc.NT_0013_P_00000'>"": [], ""<class 'abc.NT_0011'>"": [0, 94522], ""<class 'abc.NT_0011_P_00000'>"": [], ""<class 'abc.NT_0011_P_00001'>"": [], ""<class 'abc.NT_0011_P_00002'>"": [], ""<class 'abc.NT_0013_P_00001'>"": [], ""<class 'abc.NT_0013_P_00002'>"": [], ""<class 'abc.NT_0017_P_00003'>"": [], ""<class 'abc.NT_0016'>"": [0, 20070], ""<class 'abc.NT_0016_P_00000'>"": [], ""<class 'abc.NT_0016_P_00001'>"": [], ""<class 'abc.NT_0016_P_00002'>"": [], '$leftovers': [13707, 7777, 43103, 79112, 41937, 82055, 41802, 80929, 37572, 24235, 1002, 66268, 87311, 99058, 42897, 54099, 4751, 39061, 38658, 18856, 32793, 32020, 84694, 43326, 66351, 11593, 16559, 82179, 29701, 14785, 63931, 19995, 86098, 88506, 88906, 98218, 57143, 64899, 75531, 17691, 63845, 68413, 76826, 30524, 48607, 6718, 24768, 14247, 23842, 98884, 92372, 55279, 40315, 43705, 6728, 53868, 34432, 73753, 89438, 79733, 83929, 38685, 35410, 5343, 16823, 35888, 70000, 12879, 27426, 44726, 95438, 53746, 11554, 35563, 36846, 46156, 65002, 72433, 85297, 12477, 3511, 72425, 53166, 5796, 30717, 45518, 76561, 21526, 65748, 18017, 64172, 9175, 16724, 51276, 1749, 5687, 47923, 68260, 48548, 94393, 55323, 76604, 84009, 54574, 8798, 35733, 67233, 4198, 56844, 12629, 29196, 81671, 71295, 84963, 73193, 37662, 77918, 40265, 71387, 2776, 72056, 79890, 24380, 6524, 11920, 82004, 80554, 7771, 51485, 29874, 64851, 32118, 68660, 22646, 40503, 29950, 45632, 59339, 63591, 66553, 79195, 90039, 8891, 94412, 82595, 43578, 41060, 60184, 28053, 84947, 77614, 38864, 91374, 58545, 50015, 19960, 7381, 78763, 85070, 21507, 19025, 51930, 32629, 45143, 39756, 26052, 37388, 90108, 9391, 53674, 16962, 24269, 95106, 99931, 56381, 37781, 12365, 84199, 30949, 74271, 916, 85830, 97679, 18102, 478, 75886, 30302, 21977, 90537, 30063, 19357, 81788, 35261, 14719, 66114, 20921, 20240, 5992, 58367, 9680, 68600, 85141, 46379, 54808, 83564, 47005, 66549, 22371, 91024, 89979, 20226, 63714, 58641, 45142, 46907, 57602, 15144, 97990, 7439, 11158, 59469, 11328, 80659, 5962, 25695, 77537, 11892, 91592, 56748, 38581, 37353, 71743, 70419, 27563, 8343, 51963, 16605, 94638, 42057, 61173, 28541, 41743, 60295, 49767, 73628, 41163, 91833, 78182, 82565, 25215, 96862, 76058, 44249, 82715, 20979, 71376, 27708, 78050, 40085, 30494, 46076, 48158, 98017, 59418, 77712, 4502, 58514, 86759, 30136, 53692, 84446, 34409, 6828, 35370, 50950, 51945, 59877, 55822, 81173, 57512, 24080, 92189, 34559, 32530, 48867, 64932, 44, 85888, 8300, 92843, 6844, 39222, 76898, 88754, 22876, 38074, 43299, 88699, 81654, 61902, 89999, 13497, 66668, 7338, 74096, 38397, 11013, 98336, 40480, 33892, 63626, 49088, 71312, 23172, 10803, 62392, 24917, 67254, 58009, 81336, 59457, 73844, 95696, 6506, 27308, 70695, 56701, 13067, 41613, 72662, 53528, 75491, 42519, 81780, 31754, 13856, 88917, 96452, 41223, 89774, 10407, 31336, 50783, 20291, 5997, 7069, 31395, 24625, 6189, 56620, 24762, 84988, 68874, 85812, 41091, 24302, 77112, 35149, 22780, 53184, 18627, 57549, 17465, 63612, 87939, 6980, 60883, 29814, 87238, 14952, 60779, 86760, 61062, 30267, 24445, 56989, 27229, 82900, 90023, 57786, 63779, 40235, 86679, 51776, 22058, 63483, 39593, 41554, 8133, 95503, 6716, 25867, 90267, 22987, 39665, 98545, 93605, 1747, 78248, 27473, 33109, 26918, 82634, 51318, 80099, 73743, 12182, 94300, 46775, 25047, 68889, 10070, 18361, 65084, 37080, 70960, 83222, 67058, 98067, 22471, 67691, 59607, 67337, 8930, 21238, 46639, 45431, 43153, 96128, 24156, 80501, 82080, 49059, 2091, 12212, 52072, 31681, 90064, 42922, 12694, 63500, 88958, 85424, 60965, 55836, 88426, 54941, 94663, 65220, 71036, 49752, 17451, 53699, 9314, 14619, 3290, 44849, 90564, 91441, 62905, 40530, 5641, 37318, 36823, 31308, 19382, 62343, 86280, 16633, 47566, 15336, 77921, 88788, 50425, 20260, 79556, 59009, 60227, 87434, 40228, 88797, 25912, 98562, 76789, 91824, 52309, 10258, 50738, 95463, 77205, 93493, 68362, 24106, 95689, 49524, 69579, 66348, 75971, 22529, 74132, 89303, 37488, 5127, 63655, 17283, 25796, 52901, 73353, 59242, 58591, 76499, 46764, 96815, 56675, 19904, 86086, 9538, 16381, 25966, 48189, 47295, 50918, 3257, 56486, 10672, 45517, 6977, 66557, 24565, 14166, 47870, 73695, 59021, 61532, 83752, 51246, 6816, 65190, 71364, 98756, 25731, 84141, 78432, 21130, 69362, 52504, 59655, 73856, 97330, 50721, 19705, 54620, 16926, 96429, 24048, 73377, 67355, 15053, 17980, 70735, 35236, 75523, 91241, 23447, 72477, 51156, 95259, 88333, 29494, 67321, 52714, 62917, 99842, 65229, 6617, 44275, 88720, 37853, 8770, 63811, 7507, 89636, 17817, 1558, 85068, 79776, 73733, 11481, 89926, 56682, 49746, 9429, 50818, 45883, 58652, 12423, 26431, 60221, 95661, 73944, 68283, 51044, 69558, 68608, 65135, 29404, 17239, 5514, 47278, 63393, 94877, 23491, 47292, 6877, 19032, 65956, 9732, 97912, 1976, 37613, 34466, 61934, 57269, 53618, 5940, 93510, 52374, 85684, 22266, 86296, 60665, 10810, 9462, 494, 58482, 75247, 71566, 31620, 58819, 97731, 83116, 7767, 83623, 12444, 57312, 49834, 46402, 98377, 30435, 36116, 16443, 25589, 45312, 64514, 37426, 76200, 11178, 7488, 18610, 92099, 97566, 6854, 33656, 17686, 10866, 73697, 81050, 12312, 6505, 95303, 61521, 72092, 94259, 32683, 45746, 77187, 88803, 39457, 40047, 95729, 22380, 62708, 14355, 83408, 29714, 50213, 24600, 63055, 94787, 52488, 53820, 72502, 35142, 82539, 36201, 83535, 70150, 4544, 53013, 91532, 98794, 75749, 37723, 24569, 90322, 279, 84293, 85419, 53204, 7321, 22724, 95538, 85836, 2877, 93721, 73981, 40836, 90505, 94370, 88415, 37372, 69317, 25860, 4116, 35759, 84385, 33447, 84816, 12456, 31068, 57878, 18743, 27118, 55146, 45045, 76854, 36409, 49423, 25447, 28432, 61176, 34319, 67878, 7127, 41048, 27399, 57337, 84290, 2409, 69039, 23729, 7494, 36747, 48478, 38848, 42755, 293, 91046, 40498, 48156, 87860, 19957, 4960, 74844, 19836, 92291, 57801, 90081, 88664, 17768, 78881, 47919, 71822, 34413, 1930, 46778, 88873, 89253, 43012, 48581, 9353, 85645, 13891, 48249, 50115, 66199, 3386, 20854, 99932, 28051, 71692, 93909, 74084, 74671, 89896, 50523, 88742, 12398, 72247, 55742, 51721, 34827, 36846, 62982, 39419, 78439, 9343, 48468, 84544, 39864, 76167, 43812, 71247, 20757, 1762, 41180, 27413, 60564, 22669, 82173, 16704, 46485, 72310, 26823, 41298, 58642, 32787, 90874, 58140, 56784, 29999, 8759, 96835, 78050, 41544, 1255, 17455, 33878, 64547, 58966, 82332, 5215, 48306, 8922, 24655, 4697, 70882, 84900, 82562, 62735, 34434, 73303, 61588, 35094, 68503, 41162, 54916, 58190, 12626, 60530, 22534, 77445, 84110, 41705, 60129, 60275, 26541, 44213, 1777, 13370, 3088, 42025, 39125, 6806, 57675, 48434, 98242, 36838, 43086, 11553, 17088, 22108, 72325, 25128, 87991, 65587, 14862, 36451, 44287, 9734, 15759, 72468, 61485, 14174, 26892, 64268, 19975, 5444, 33247, 50382, 76845, 87224, 36256, 66890, 95968, 72639, 77038, 43204, 39754, 36312, 74369, 96758, 27679, 249, 98284, 44817, 61235, 55085, 9992, 27298, 25783, 69424, 39622, 26481, 58524, 35109, 38014, 50849, 43262, 70599, 1236, 29822, 19493, 40976, 26562, 7919, 16019, 11304, 44960, 68766, 47516, 55933, 93459, 51964, 80457, 87397, 77661, 10867, 13339, 38927, 67085, 83000, 91594, 70221, 32812, 41638, 39247, 63161, 56481, 85947, 619, 54521, 29223, 59027, 34890, 77305, 79995, 54866, 56578, 59831, 16991, 48800, 12168, 58544, 42596, 87951, 65721, 11198, 23052, 15984, 12347, 45822, 1513, 17129, 34479, 87885, 87506, 81928, 20343, 45290, 20189, 98974, 29926, 61725, 72592, 35725, 72251, 55074, 7660, 24694]})"
562.0,9,164,59,48.70233607292175,10696,"Genotype(dna={""<class 'abc.NT_0017'>"": [1, 23052], ""<class 'abc.NT_0017_P_00000'>"": [], ""<class 'abc.NT_0005'>"": [0, 0, 35544, 1, 0, 1, 0, 1, 1, 1513], ""<class 'abc.NT_0005_P_00000'>"": [], ""<class 'abc.NT_0005_P_00001'>"": [], ""<class 'bool'>"": [50833, 28611, 95173, 92596, 84996, 15299, 84608, 73218, 73704, 53577, 54127, 73580, 61648, 63455, 34182, 28379, 9832, 69766, 27025, 9321, 39372, 40559, 45589, 21512, 9991, 31131, 22379, 82972, 66879, 7070, 87492, 33083, 92916, 1233, 89415, 28350, 54741, 51276, 16414, 74832, 4355, 87209, 57305, 93042, 23231, 67903, 93745, 31960, 29422, 28659, 99170, 40455, 13273, 92051, 14178, 78998, 45259, 78698, 95977, 93014, 83753, 21951, 16043, 13772, 66730, 10736, 57934, 29081, 62948, 99869, 41968, 82469, 93064, 59471, 51253, 67704, 97811, 82022, 87389, 59617, 67283, 63422, 70186, 58801, 23472, 68171, 46787, 87700, 86179, 38104, 2384, 90063, 6576, 80132, 98840, 65605, 74894, 53809, 99733, 89043, 84198, 62780, 94716, 23035, 32450, 31489, 41399, 87765, 69122, 99723, 54018, 92501, 39572, 89999, 58379, 67238, 50112, 90146, 55533, 46837, 57815, 68681, 79206, 32534, 3130, 58659, 69605, 82887, 74526, 5911, 58400, 62789, 48677, 31474, 44702, 39368, 40140, 19876, 33772, 86631, 58194, 70508], ""<class 'int'>"": [88091, 54758, 80960, 4147, 58985, 98835, 33177, 12380, 43928, 18156, 46293, 82997, 26546, 21931, 20632, 91665, 69275, 46303, 61738, 80613, 63967, 92163, 79154, 79668, 18313, 6071, 50712, 91463, 54716, 33220, 52575, 78591, 28324, 24851, 385, 86434, 6594, 95864, 4088, 31907, 5028, 70908, 60125, 88976, 64506, 45119, 63026, 18677, 76141, 62129, 40973, 74468, 90479, 50241, 61828, 14495, 64587, 47259, 69389, 59226, 21182, 99643, 3451, 67066, 55205, 22485, 89443, 19030, 10288, 23574, 78426, 55280, 17305, 68878, 94325, 9074, 35370, 56456, 95300, 73961, 59051, 835, 21640, 2744, 30054, 96306, 55542, 57066, 65643, 97962, 97088, 62680, 24967, 56005, 85155, 81002, 48234, 28842, 92105, 38714, 65511, 82476, 73240, 25988, 68682, 4749, 1059, 85277, 54664, 55169, 72830, 29209, 32377, 56597, 43815, 46740, 16019, 36704, 91606, 3697, 42934, 87720, 75207, 56054, 59737, 79252, 96186, 60558, 8582, 3209, 7798, 18736, 20655, 95860, 60671, 36386, 88318, 80757, 49888, 58523, 36742, 48071, 76427, 91397, 47115, 74907, 19807, 19166, 48854, 4778, 9526, 30084, 70329, 29929, 24152, 98179, 6661, 59360, 47157, 52018, 24734, 716, 46264, 89982, 86072, 78100, 64619, 77321], ""<class 'abc.NT_0010'>"": [0, 0, 1, 53054], ""<class 'abc.NT_0010_P_00000'>"": [], ""<class 'abc.NT_0006'>"": [2, 2, 0, 1, 1302, 1892], ""<class 'abc.NT_0006_P_00000'>"": [], ""<class 'abc.NT_0006_P_00001'>"": [], ""<class 'abc.NT_0002'>"": [1, 1, 2, 1, 1, 1, 1, 0, 2, 1, 41818, 0, 2, 0, 1, 0, 2, 1, 53720, 1, 0, 0, 69722, 1, 8713, 0, 0, 2, 0, 0, 0, 2, 1, 64800, 99864], ""<class 'abc.NT_0002_P_00000'>"": [], ""<class 'abc.NT_0001'>"": [1, 1, 1, 0, 0, 0, 0, 1, 1, 1, 1, 0, 1, 16227, 1, 1, 1, 1, 0, 0, 10290, 0, 0, 0, 0, 0, 1, 40887, 0, 0, 0, 0, 0, 0, 0, 0, 0, 1, 0, 0, 0, 0, 76558, 0, 0, 0, 1, 0, 0, 26591, 1, 1, 1, 0, 1, 0, 0, 45290], ""<class 'abc.NT_0001_P_00000'>"": [], ""<class 'abc.NT_0001_P_00001'>"": [], ""<class 'abc.NT_0000'>"": [0, 1, 1, 94528, 1, 0, 1, 1, 31647, 1, 1, 80324, 0, 0, 75412, 1, 69944, 1, 0, 0, 0, 1, 0, 0, 0, 1, 1, 0, 1, 3483, 1, 0, 42401, 0, 0, 0, 0, 54668, 66557, 1, 0, 1, 1, 0, 0, 21028, 54540, 1, 5444, 3614, 1, 0, 0, 0, 0, 0, 71485, 1, 0, 0, 0, 0, 1, 20343], ""<class 'abc.NT_0000_P_00000'>"": [], ""<class 'abc.NT_0000_P_00001'>"": [], ""<class 'abc.NT_0002_P_00001'>"": [], ""<class 'abc.NT_0002_P_00002'>"": [], ""<class 'abc.NT_0006_P_00002'>"": [], ""<class 'abc.NT_0007'>"": [1, 0, 1, 2, 87885, 72251, 55074], ""<class 'abc.NT_0007_P_00000'>"": [], ""<class 'abc.NT_0007_P_00001'>"": [], ""<class 'abc.NT_0007_P_00002'>"": [], ""<class 'abc.NT_0004'>"": [1, 1, 77639, 2, 1, 2, 63194, 90154], ""<class 'abc.NT_0004_P_00000'>"": [], ""<class 'abc.NT_0003'>"": [10039, 1, 0, 1, 98974, 61725, 72592, 35725, 7660], ""<class 'abc.NT_0003_P_00000'>"": [], ""<class 'abc.NT_0003_P_00001'>"": [], ""<class 'abc.NT_0003_P_00002'>"": [], ""<class 'abc.NT_0003_P_00003'>"": [], ""<class 'abc.NT_0004_P_00001'>"": [], ""<class 'abc.NT_0004_P_00002'>"": [], ""<class 'abc.NT_0009'>"": [3, 0, 1, 1, 0, 45822], ""<class 'abc.NT_0009_P_00000'>"": [], ""<class 'abc.NT_0008'>"": [15828, 0, 83857, 0, 0, 0, 17129], ""<class 'abc.NT_0008_P_00000'>"": [], ""<class 'abc.NT_0009_P_00001'>"": [], ""<class 'abc.NT_0009_P_00002'>"": [], ""<class 'abc.NT_0009_P_00003'>"": [], ""<class 'abc.NT_0010_P_00001'>"": [], ""<class 'abc.NT_0010_P_00002'>"": [], ""<class 'abc.NT_0017_P_00001'>"": [], ""<class 'abc.NT_0012'>"": [0, 0, 27606, 0, 0, 65962], ""<class 'abc.NT_0012_P_00000'>"": [], ""<class 'abc.NT_0012_P_00001'>"": [], ""<class 'abc.NT_0017_P_00002'>"": [], ""<class 'abc.NT_0013'>"": [], ""<class 'abc.NT_0013_P_00000'>"": [], ""<class 'abc.NT_0011'>"": [0, 94522], ""<class 'abc.NT_0011_P_00000'>"": [], ""<class 'abc.NT_0011_P_00001'>"": [], ""<class 'abc.NT_0011_P_00002'>"": [], ""<class 'abc.NT_0013_P_00001'>"": [], ""<class 'abc.NT_0013_P_00002'>"": [], ""<class 'abc.NT_0017_P_00003'>"": [], ""<class 'abc.NT_0016'>"": [0, 20070], ""<class 'abc.NT_0016_P_00000'>"": [], ""<class 'abc.NT_0016_P_00001'>"": [], ""<class 'abc.NT_0016_P_00002'>"": [], '$leftovers': [13707, 7777, 43103, 79112, 41937, 82055, 41802, 80929, 37572, 24235, 1002, 66268, 87311, 99058, 42897, 54099, 4751, 39061, 38658, 18856, 32793, 32020, 84694, 43326, 66351, 11593, 16559, 82179, 29701, 14785, 63931, 19995, 86098, 88506, 88906, 98218, 57143, 64899, 75531, 17691, 63845, 68413, 76826, 30524, 48607, 6718, 24768, 14247, 23842, 98884, 92372, 55279, 40315, 43705, 6728, 53868, 34432, 73753, 89438, 79733, 83929, 38685, 35410, 5343, 16823, 35888, 70000, 12879, 27426, 44726, 95438, 53746, 11554, 35563, 36846, 46156, 65002, 72433, 85297, 12477, 3511, 72425, 53166, 5796, 30717, 45518, 76561, 21526, 65748, 18017, 64172, 9175, 16724, 51276, 1749, 5687, 47923, 68260, 48548, 94393, 55323, 76604, 84009, 54574, 8798, 35733, 67233, 4198, 56844, 12629, 29196, 81671, 71295, 84963, 73193, 37662, 77918, 40265, 71387, 2776, 72056, 79890, 24380, 6524, 11920, 82004, 80554, 7771, 51485, 29874, 64851, 32118, 68660, 22646, 40503, 29950, 45632, 59339, 63591, 66553, 79195, 90039, 8891, 94412, 82595, 43578, 41060, 60184, 28053, 84947, 77614, 38864, 91374, 58545, 50015, 19960, 7381, 78763, 85070, 21507, 19025, 51930, 32629, 45143, 39756, 26052, 37388, 90108, 9391, 53674, 16962, 24269, 95106, 99931, 56381, 37781, 12365, 84199, 30949, 74271, 916, 85830, 97679, 18102, 478, 75886, 30302, 21977, 90537, 30063, 19357, 81788, 35261, 14719, 66114, 20921, 20240, 5992, 58367, 9680, 68600, 85141, 46379, 54808, 83564, 47005, 66549, 22371, 91024, 89979, 20226, 63714, 58641, 45142, 46907, 57602, 15144, 97990, 7439, 11158, 59469, 11328, 80659, 5962, 25695, 77537, 11892, 91592, 56748, 38581, 37353, 71743, 70419, 27563, 8343, 51963, 16605, 94638, 42057, 61173, 28541, 41743, 60295, 49767, 73628, 41163, 91833, 78182, 82565, 25215, 96862, 76058, 44249, 82715, 20979, 71376, 27708, 78050, 40085, 30494, 46076, 48158, 98017, 59418, 77712, 4502, 58514, 86759, 30136, 53692, 84446, 34409, 6828, 35370, 50950, 51945, 59877, 55822, 81173, 57512, 24080, 92189, 34559, 32530, 48867, 64932, 44, 85888, 8300, 92843, 6844, 39222, 76898, 88754, 22876, 38074, 43299, 88699, 81654, 61902, 89999, 13497, 66668, 7338, 74096, 38397, 11013, 98336, 40480, 33892, 63626, 49088, 71312, 23172, 10803, 62392, 24917, 67254, 58009, 81336, 59457, 73844, 95696, 6506, 27308, 70695, 56701, 13067, 41613, 72662, 53528, 75491, 42519, 81780, 31754, 13856, 88917, 96452, 41223, 89774, 10407, 31336, 50783, 20291, 5997, 7069, 31395, 24625, 6189, 56620, 24762, 84988, 68874, 85812, 41091, 24302, 77112, 35149, 22780, 53184, 18627, 57549, 17465, 63612, 87939, 6980, 60883, 29814, 87238, 14952, 60779, 86760, 61062, 30267, 24445, 56989, 27229, 82900, 90023, 57786, 63779, 40235, 86679, 51776, 22058, 63483, 39593, 41554, 8133, 95503, 6716, 25867, 90267, 22987, 39665, 98545, 93605, 1747, 78248, 27473, 33109, 26918, 82634, 51318, 80099, 73743, 12182, 94300, 46775, 25047, 68889, 10070, 18361, 65084, 37080, 70960, 83222, 67058, 98067, 22471, 67691, 59607, 67337, 8930, 21238, 46639, 45431, 43153, 96128, 24156, 80501, 82080, 49059, 2091, 12212, 52072, 31681, 90064, 42922, 12694, 63500, 88958, 85424, 60965, 55836, 88426, 54941, 94663, 65220, 71036, 49752, 17451, 53699, 9314, 14619, 3290, 44849, 90564, 91441, 62905, 40530, 5641, 37318, 36823, 31308, 19382, 62343, 86280, 16633, 47566, 15336, 77921, 88788, 50425, 20260, 79556, 59009, 60227, 87434, 40228, 88797, 25912, 98562, 76789, 91824, 52309, 10258, 50738, 95463, 77205, 93493, 68362, 24106, 95689, 49524, 69579, 66348, 75971, 22529, 74132, 89303, 37488, 5127, 63655, 17283, 25796, 52901, 73353, 59242, 58591, 76499, 46764, 96815, 56675, 19904, 86086, 9538, 16381, 25966, 48189, 47295, 50918, 3257, 56486, 10672, 45517, 6977, 66557, 24565, 14166, 47870, 73695, 59021, 61532, 83752, 51246, 6816, 65190, 71364, 98756, 25731, 84141, 78432, 21130, 69362, 52504, 59655, 73856, 97330, 50721, 19705, 54620, 16926, 96429, 24048, 73377, 67355, 15053, 17980, 70735, 35236, 75523, 91241, 23447, 72477, 51156, 95259, 88333, 29494, 67321, 52714, 62917, 99842, 65229, 6617, 44275, 88720, 37853, 8770, 63811, 7507, 89636, 17817, 1558, 85068, 79776, 73733, 11481, 89926, 56682, 49746, 9429, 50818, 45883, 58652, 12423, 26431, 60221, 95661, 73944, 68283, 51044, 69558, 68608, 65135, 29404, 17239, 5514, 47278, 63393, 94877, 23491, 47292, 6877, 19032, 65956, 9732, 97912, 1976, 37613, 34466, 61934, 57269, 53618, 5940, 93510, 52374, 85684, 22266, 86296, 60665, 10810, 9462, 494, 58482, 75247, 71566, 31620, 58819, 97731, 83116, 7767, 83623, 12444, 57312, 49834, 46402, 98377, 30435, 36116, 16443, 25589, 45312, 64514, 37426, 76200, 11178, 7488, 18610, 92099, 97566, 6854, 33656, 17686, 10866, 73697, 81050, 12312, 6505, 95303, 61521, 72092, 94259, 32683, 45746, 77187, 88803, 39457, 40047, 95729, 22380, 62708, 14355, 83408, 29714, 50213, 24600, 63055, 94787, 52488, 53820, 72502, 35142, 82539, 36201, 83535, 70150, 4544, 53013, 91532, 98794, 75749, 37723, 24569, 90322, 279, 84293, 85419, 53204, 7321, 22724, 95538, 85836, 2877, 93721, 73981, 40836, 90505, 94370, 88415, 37372, 69317, 25860, 4116, 35759, 84385, 33447, 84816, 12456, 31068, 57878, 18743, 27118, 55146, 45045, 76854, 36409, 49423, 25447, 28432, 61176, 34319, 67878, 7127, 41048, 27399, 57337, 84290, 2409, 69039, 23729, 7494, 36747, 48478, 38848, 42755, 293, 91046, 40498, 48156, 87860, 19957, 4960, 74844, 19836, 92291, 57801, 90081, 88664, 17768, 78881, 47919, 71822, 34413, 1930, 46778, 88873, 89253, 43012, 48581, 9353, 85645, 13891, 48249, 50115, 66199, 3386, 20854, 99932, 28051, 71692, 93909, 74084, 74671, 89896, 50523, 88742, 12398, 72247, 55742, 51721, 34827, 36846, 62982, 39419, 78439, 9343, 48468, 84544, 39864, 76167, 43812, 71247, 20757, 1762, 41180, 27413, 60564, 22669, 82173, 16704, 46485, 72310, 26823, 41298, 58642, 32787, 90874, 58140, 56784, 29999, 8759, 96835, 78050, 41544, 1255, 17455, 33878, 64547, 58966, 82332, 5215, 48306, 8922, 24655, 4697, 70882, 84900, 82562, 62735, 34434, 73303, 61588, 35094, 68503, 41162, 54916, 58190, 12626, 60530, 22534, 77445, 84110, 41705, 60129, 60275, 26541, 44213, 1777, 13370, 3088, 42025, 39125, 6806, 57675, 48434, 98242, 36838, 43086, 11553, 17088, 22108, 72325, 25128, 87991, 65587, 14862, 36451, 44287, 9734, 15759, 72468, 61485, 14174, 26892, 64268, 19975, 5444, 33247, 50382, 76845, 87224, 36256, 66890, 95968, 72639, 77038, 43204, 39754, 36312, 74369, 96758, 27679, 249, 98284, 44817, 61235, 55085, 9992, 27298, 25783, 69424, 39622, 26481, 58524, 35109, 38014, 50849, 43262, 70599, 1236, 29822, 19493, 40976, 26562, 7919, 16019, 11304, 44960, 68766, 47516, 55933, 93459, 51964, 80457, 87397, 77661, 10867, 13339, 38927, 67085, 83000, 91594, 70221, 32812, 41638, 39247, 63161, 56481, 85947, 619, 54521, 29223, 59027, 34890, 77305, 79995, 54866, 56578, 59831, 16991, 48800, 12168, 58544, 42596, 87951, 65721, 11198, 23052, 15984, 12347, 45822, 1513, 17129, 34479, 87885, 87506, 81928, 20343, 45290, 20189, 98974, 29926, 61725, 72592, 35725, 72251, 55074, 7660, 24694]})"
562.0,9,164,60,49.06240653991699,10696,"Genotype(dna={""<class 'abc.NT_0017'>"": [1, 23052], ""<class 'abc.NT_0017_P_00000'>"": [], ""<class 'abc.NT_0005'>"": [0, 0, 35544, 1, 0, 1, 0, 1, 1, 1513], ""<class 'abc.NT_0005_P_00000'>"": [], ""<class 'abc.NT_0005_P_00001'>"": [], ""<class 'bool'>"": [50833, 28611, 95173, 92596, 84996, 15299, 84608, 73218, 73704, 53577, 54127, 73580, 61648, 63455, 34182, 28379, 9832, 69766, 27025, 9321, 39372, 40559, 45589, 21512, 9991, 31131, 22379, 82972, 66879, 7070, 87492, 33083, 92916, 1233, 89415, 28350, 54741, 51276, 16414, 74832, 4355, 87209, 57305, 93042, 23231, 67903, 93745, 31960, 29422, 28659, 99170, 40455, 13273, 92051, 14178, 78998, 45259, 78698, 95977, 93014, 83753, 21951, 16043, 13772, 66730, 10736, 57934, 29081, 62948, 99869, 41968, 82469, 93064, 59471, 51253, 67704, 97811, 82022, 87389, 59617, 67283, 63422, 70186, 58801, 23472, 68171, 46787, 87700, 86179, 38104, 2384, 90063, 6576, 80132, 98840, 65605, 74894, 53809, 99733, 89043, 84198, 62780, 94716, 23035, 32450, 31489, 41399, 87765, 69122, 99723, 54018, 92501, 39572, 89999, 58379, 67238, 50112, 90146, 55533, 46837, 57815, 68681, 79206, 32534, 3130, 58659, 69605, 82887, 74526, 5911, 58400, 62789, 48677, 31474, 44702, 39368, 40140, 19876, 33772, 86631, 58194, 70508], ""<class 'int'>"": [88091, 54758, 80960, 4147, 58985, 98835, 33177, 12380, 43928, 18156, 46293, 82997, 26546, 21931, 20632, 91665, 69275, 46303, 61738, 80613, 63967, 92163, 79154, 79668, 18313, 6071, 50712, 91463, 54716, 33220, 52575, 78591, 28324, 24851, 385, 86434, 6594, 95864, 4088, 31907, 5028, 70908, 60125, 88976, 64506, 45119, 63026, 18677, 76141, 62129, 40973, 74468, 90479, 50241, 61828, 14495, 64587, 47259, 69389, 59226, 21182, 99643, 3451, 67066, 55205, 22485, 89443, 19030, 10288, 23574, 78426, 55280, 17305, 68878, 94325, 9074, 35370, 56456, 95300, 73961, 59051, 835, 21640, 2744, 30054, 96306, 55542, 57066, 65643, 97962, 97088, 62680, 24967, 56005, 85155, 81002, 48234, 28842, 92105, 38714, 65511, 82476, 73240, 25988, 68682, 4749, 1059, 85277, 54664, 55169, 72830, 29209, 32377, 56597, 43815, 46740, 16019, 36704, 91606, 3697, 42934, 87720, 75207, 56054, 59737, 79252, 96186, 60558, 8582, 3209, 7798, 18736, 20655, 95860, 60671, 36386, 88318, 80757, 49888, 58523, 36742, 48071, 76427, 91397, 47115, 74907, 19807, 19166, 48854, 4778, 9526, 30084, 70329, 29929, 24152, 98179, 6661, 59360, 47157, 52018, 24734, 716, 46264, 89982, 86072, 78100, 64619, 77321], ""<class 'abc.NT_0010'>"": [0, 0, 1, 53054], ""<class 'abc.NT_0010_P_00000'>"": [], ""<class 'abc.NT_0006'>"": [2, 2, 0, 1, 1302, 1892], ""<class 'abc.NT_0006_P_00000'>"": [], ""<class 'abc.NT_0006_P_00001'>"": [], ""<class 'abc.NT_0002'>"": [1, 1, 2, 1, 1, 1, 1, 0, 2, 1, 41818, 0, 2, 0, 1, 0, 2, 1, 53720, 1, 0, 0, 69722, 1, 8713, 0, 0, 2, 0, 0, 0, 2, 1, 64800, 99864], ""<class 'abc.NT_0002_P_00000'>"": [], ""<class 'abc.NT_0001'>"": [1, 1, 1, 0, 0, 0, 0, 1, 1, 1, 1, 0, 1, 16227, 1, 1, 1, 1, 0, 0, 10290, 0, 0, 0, 0, 0, 1, 40887, 0, 0, 0, 0, 0, 0, 0, 0, 0, 1, 0, 0, 0, 0, 76558, 0, 0, 0, 1, 0, 0, 26591, 1, 1, 1, 0, 1, 0, 0, 45290], ""<class 'abc.NT_0001_P_00000'>"": [], ""<class 'abc.NT_0001_P_00001'>"": [], ""<class 'abc.NT_0000'>"": [0, 1, 1, 94528, 1, 0, 1, 1, 31647, 1, 1, 80324, 0, 0, 75412, 1, 69944, 1, 0, 0, 0, 1, 0, 0, 0, 1, 1, 0, 1, 3483, 1, 0, 42401, 0, 0, 0, 0, 54668, 66557, 1, 0, 1, 1, 0, 0, 21028, 54540, 1, 5444, 3614, 1, 0, 0, 0, 0, 0, 71485, 1, 0, 0, 0, 0, 1, 20343], ""<class 'abc.NT_0000_P_00000'>"": [], ""<class 'abc.NT_0000_P_00001'>"": [], ""<class 'abc.NT_0002_P_00001'>"": [], ""<class 'abc.NT_0002_P_00002'>"": [], ""<class 'abc.NT_0006_P_00002'>"": [], ""<class 'abc.NT_0007'>"": [1, 0, 1, 2, 87885, 72251, 55074], ""<class 'abc.NT_0007_P_00000'>"": [], ""<class 'abc.NT_0007_P_00001'>"": [], ""<class 'abc.NT_0007_P_00002'>"": [], ""<class 'abc.NT_0004'>"": [1, 1, 77639, 2, 1, 2, 63194, 90154], ""<class 'abc.NT_0004_P_00000'>"": [], ""<class 'abc.NT_0003'>"": [10039, 1, 0, 1, 98974, 61725, 72592, 35725, 7660], ""<class 'abc.NT_0003_P_00000'>"": [], ""<class 'abc.NT_0003_P_00001'>"": [], ""<class 'abc.NT_0003_P_00002'>"": [], ""<class 'abc.NT_0003_P_00003'>"": [], ""<class 'abc.NT_0004_P_00001'>"": [], ""<class 'abc.NT_0004_P_00002'>"": [], ""<class 'abc.NT_0009'>"": [3, 0, 1, 1, 0, 45822], ""<class 'abc.NT_0009_P_00000'>"": [], ""<class 'abc.NT_0008'>"": [15828, 0, 83857, 0, 0, 0, 17129], ""<class 'abc.NT_0008_P_00000'>"": [], ""<class 'abc.NT_0009_P_00001'>"": [], ""<class 'abc.NT_0009_P_00002'>"": [], ""<class 'abc.NT_0009_P_00003'>"": [], ""<class 'abc.NT_0010_P_00001'>"": [], ""<class 'abc.NT_0010_P_00002'>"": [], ""<class 'abc.NT_0017_P_00001'>"": [], ""<class 'abc.NT_0012'>"": [0, 0, 27606, 0, 0, 65962], ""<class 'abc.NT_0012_P_00000'>"": [], ""<class 'abc.NT_0012_P_00001'>"": [], ""<class 'abc.NT_0017_P_00002'>"": [], ""<class 'abc.NT_0013'>"": [], ""<class 'abc.NT_0013_P_00000'>"": [], ""<class 'abc.NT_0011'>"": [0, 94522], ""<class 'abc.NT_0011_P_00000'>"": [], ""<class 'abc.NT_0011_P_00001'>"": [], ""<class 'abc.NT_0011_P_00002'>"": [], ""<class 'abc.NT_0013_P_00001'>"": [], ""<class 'abc.NT_0013_P_00002'>"": [], ""<class 'abc.NT_0017_P_00003'>"": [], ""<class 'abc.NT_0016'>"": [0, 20070], ""<class 'abc.NT_0016_P_00000'>"": [], ""<class 'abc.NT_0016_P_00001'>"": [], ""<class 'abc.NT_0016_P_00002'>"": [], '$leftovers': [13707, 7777, 43103, 79112, 41937, 82055, 41802, 80929, 37572, 24235, 1002, 66268, 87311, 99058, 42897, 54099, 4751, 39061, 38658, 18856, 32793, 32020, 84694, 43326, 66351, 11593, 16559, 82179, 29701, 14785, 63931, 19995, 86098, 88506, 88906, 98218, 57143, 64899, 75531, 17691, 63845, 68413, 76826, 30524, 48607, 6718, 24768, 14247, 23842, 98884, 92372, 55279, 40315, 43705, 6728, 53868, 34432, 73753, 89438, 79733, 83929, 38685, 35410, 5343, 16823, 35888, 70000, 12879, 27426, 44726, 95438, 53746, 11554, 35563, 36846, 46156, 65002, 72433, 85297, 12477, 3511, 72425, 53166, 5796, 30717, 45518, 76561, 21526, 65748, 18017, 64172, 9175, 16724, 51276, 1749, 5687, 47923, 68260, 48548, 94393, 55323, 76604, 84009, 54574, 8798, 35733, 67233, 4198, 56844, 12629, 29196, 81671, 71295, 84963, 73193, 37662, 77918, 40265, 71387, 2776, 72056, 79890, 24380, 6524, 11920, 82004, 80554, 7771, 51485, 29874, 64851, 32118, 68660, 22646, 40503, 29950, 45632, 59339, 63591, 66553, 79195, 90039, 8891, 94412, 82595, 43578, 41060, 60184, 28053, 84947, 77614, 38864, 91374, 58545, 50015, 19960, 7381, 78763, 85070, 21507, 19025, 51930, 32629, 45143, 39756, 26052, 37388, 90108, 9391, 53674, 16962, 24269, 95106, 99931, 56381, 37781, 12365, 84199, 30949, 74271, 916, 85830, 97679, 18102, 478, 75886, 30302, 21977, 90537, 30063, 19357, 81788, 35261, 14719, 66114, 20921, 20240, 5992, 58367, 9680, 68600, 85141, 46379, 54808, 83564, 47005, 66549, 22371, 91024, 89979, 20226, 63714, 58641, 45142, 46907, 57602, 15144, 97990, 7439, 11158, 59469, 11328, 80659, 5962, 25695, 77537, 11892, 91592, 56748, 38581, 37353, 71743, 70419, 27563, 8343, 51963, 16605, 94638, 42057, 61173, 28541, 41743, 60295, 49767, 73628, 41163, 91833, 78182, 82565, 25215, 96862, 76058, 44249, 82715, 20979, 71376, 27708, 78050, 40085, 30494, 46076, 48158, 98017, 59418, 77712, 4502, 58514, 86759, 30136, 53692, 84446, 34409, 6828, 35370, 50950, 51945, 59877, 55822, 81173, 57512, 24080, 92189, 34559, 32530, 48867, 64932, 44, 85888, 8300, 92843, 6844, 39222, 76898, 88754, 22876, 38074, 43299, 88699, 81654, 61902, 89999, 13497, 66668, 7338, 74096, 38397, 11013, 98336, 40480, 33892, 63626, 49088, 71312, 23172, 10803, 62392, 24917, 67254, 58009, 81336, 59457, 73844, 95696, 6506, 27308, 70695, 56701, 13067, 41613, 72662, 53528, 75491, 42519, 81780, 31754, 13856, 88917, 96452, 41223, 89774, 10407, 31336, 50783, 20291, 5997, 7069, 31395, 24625, 6189, 56620, 24762, 84988, 68874, 85812, 41091, 24302, 77112, 35149, 22780, 53184, 18627, 57549, 17465, 63612, 87939, 6980, 60883, 29814, 87238, 14952, 60779, 86760, 61062, 30267, 24445, 56989, 27229, 82900, 90023, 57786, 63779, 40235, 86679, 51776, 22058, 63483, 39593, 41554, 8133, 95503, 6716, 25867, 90267, 22987, 39665, 98545, 93605, 1747, 78248, 27473, 33109, 26918, 82634, 51318, 80099, 73743, 12182, 94300, 46775, 25047, 68889, 10070, 18361, 65084, 37080, 70960, 83222, 67058, 98067, 22471, 67691, 59607, 67337, 8930, 21238, 46639, 45431, 43153, 96128, 24156, 80501, 82080, 49059, 2091, 12212, 52072, 31681, 90064, 42922, 12694, 63500, 88958, 85424, 60965, 55836, 88426, 54941, 94663, 65220, 71036, 49752, 17451, 53699, 9314, 14619, 3290, 44849, 90564, 91441, 62905, 40530, 5641, 37318, 36823, 31308, 19382, 62343, 86280, 16633, 47566, 15336, 77921, 88788, 50425, 20260, 79556, 59009, 60227, 87434, 40228, 88797, 25912, 98562, 76789, 91824, 52309, 10258, 50738, 95463, 77205, 93493, 68362, 24106, 95689, 49524, 69579, 66348, 75971, 22529, 74132, 89303, 37488, 5127, 63655, 17283, 25796, 52901, 73353, 59242, 58591, 76499, 46764, 96815, 56675, 19904, 86086, 9538, 16381, 25966, 48189, 47295, 50918, 3257, 56486, 10672, 45517, 6977, 66557, 24565, 14166, 47870, 73695, 59021, 61532, 83752, 51246, 6816, 65190, 71364, 98756, 25731, 84141, 78432, 21130, 69362, 52504, 59655, 73856, 97330, 50721, 19705, 54620, 16926, 96429, 24048, 73377, 67355, 15053, 17980, 70735, 35236, 75523, 91241, 23447, 72477, 51156, 95259, 88333, 29494, 67321, 52714, 62917, 99842, 65229, 6617, 44275, 88720, 37853, 8770, 63811, 7507, 89636, 17817, 1558, 85068, 79776, 73733, 11481, 89926, 56682, 49746, 9429, 50818, 45883, 58652, 12423, 26431, 60221, 95661, 73944, 68283, 51044, 69558, 68608, 65135, 29404, 17239, 5514, 47278, 63393, 94877, 23491, 47292, 6877, 19032, 65956, 9732, 97912, 1976, 37613, 34466, 61934, 57269, 53618, 5940, 93510, 52374, 85684, 22266, 86296, 60665, 10810, 9462, 494, 58482, 75247, 71566, 31620, 58819, 97731, 83116, 7767, 83623, 12444, 57312, 49834, 46402, 98377, 30435, 36116, 16443, 25589, 45312, 64514, 37426, 76200, 11178, 7488, 18610, 92099, 97566, 6854, 33656, 17686, 10866, 73697, 81050, 12312, 6505, 95303, 61521, 72092, 94259, 32683, 45746, 77187, 88803, 39457, 40047, 95729, 22380, 62708, 14355, 83408, 29714, 50213, 24600, 63055, 94787, 52488, 53820, 72502, 35142, 82539, 36201, 83535, 70150, 4544, 53013, 91532, 98794, 75749, 37723, 24569, 90322, 279, 84293, 85419, 53204, 7321, 22724, 95538, 85836, 2877, 93721, 73981, 40836, 90505, 94370, 88415, 37372, 69317, 25860, 4116, 35759, 84385, 33447, 84816, 12456, 31068, 57878, 18743, 27118, 55146, 45045, 76854, 36409, 49423, 25447, 28432, 61176, 34319, 67878, 7127, 41048, 27399, 57337, 84290, 2409, 69039, 23729, 7494, 36747, 48478, 38848, 42755, 293, 91046, 40498, 48156, 87860, 19957, 4960, 74844, 19836, 92291, 57801, 90081, 88664, 17768, 78881, 47919, 71822, 34413, 1930, 46778, 88873, 89253, 43012, 48581, 9353, 85645, 13891, 48249, 50115, 66199, 3386, 20854, 99932, 28051, 71692, 93909, 74084, 74671, 89896, 50523, 88742, 12398, 72247, 55742, 51721, 34827, 36846, 62982, 39419, 78439, 9343, 48468, 84544, 39864, 76167, 43812, 71247, 20757, 1762, 41180, 27413, 60564, 22669, 82173, 16704, 46485, 72310, 26823, 41298, 58642, 32787, 90874, 58140, 56784, 29999, 8759, 96835, 78050, 41544, 1255, 17455, 33878, 64547, 58966, 82332, 5215, 48306, 8922, 24655, 4697, 70882, 84900, 82562, 62735, 34434, 73303, 61588, 35094, 68503, 41162, 54916, 58190, 12626, 60530, 22534, 77445, 84110, 41705, 60129, 60275, 26541, 44213, 1777, 13370, 3088, 42025, 39125, 6806, 57675, 48434, 98242, 36838, 43086, 11553, 17088, 22108, 72325, 25128, 87991, 65587, 14862, 36451, 44287, 9734, 15759, 72468, 61485, 14174, 26892, 64268, 19975, 5444, 33247, 50382, 76845, 87224, 36256, 66890, 95968, 72639, 77038, 43204, 39754, 36312, 74369, 96758, 27679, 249, 98284, 44817, 61235, 55085, 9992, 27298, 25783, 69424, 39622, 26481, 58524, 35109, 38014, 50849, 43262, 70599, 1236, 29822, 19493, 40976, 26562, 7919, 16019, 11304, 44960, 68766, 47516, 55933, 93459, 51964, 80457, 87397, 77661, 10867, 13339, 38927, 67085, 83000, 91594, 70221, 32812, 41638, 39247, 63161, 56481, 85947, 619, 54521, 29223, 59027, 34890, 77305, 79995, 54866, 56578, 59831, 16991, 48800, 12168, 58544, 42596, 87951, 65721, 11198, 23052, 15984, 12347, 45822, 1513, 17129, 34479, 87885, 87506, 81928, 20343, 45290, 20189, 98974, 29926, 61725, 72592, 35725, 72251, 55074, 7660, 24694]})"
562.0,9,164,61,49.40769600868225,10696,"Genotype(dna={""<class 'abc.NT_0017'>"": [1, 23052], ""<class 'abc.NT_0017_P_00000'>"": [], ""<class 'abc.NT_0005'>"": [0, 0, 35544, 1, 0, 1, 0, 1, 1, 1513], ""<class 'abc.NT_0005_P_00000'>"": [], ""<class 'abc.NT_0005_P_00001'>"": [], ""<class 'bool'>"": [50833, 28611, 95173, 92596, 84996, 15299, 84608, 73218, 73704, 53577, 54127, 73580, 61648, 63455, 34182, 28379, 9832, 69766, 27025, 9321, 39372, 40559, 45589, 21512, 9991, 31131, 22379, 82972, 66879, 7070, 87492, 33083, 92916, 1233, 89415, 28350, 54741, 51276, 16414, 74832, 4355, 87209, 57305, 93042, 23231, 67903, 93745, 31960, 29422, 28659, 99170, 40455, 13273, 92051, 14178, 78998, 45259, 78698, 95977, 93014, 83753, 21951, 16043, 13772, 66730, 10736, 57934, 29081, 62948, 99869, 41968, 82469, 93064, 59471, 51253, 67704, 97811, 82022, 87389, 59617, 67283, 63422, 70186, 58801, 23472, 68171, 46787, 87700, 86179, 38104, 2384, 90063, 6576, 80132, 98840, 65605, 74894, 53809, 99733, 89043, 84198, 62780, 94716, 23035, 32450, 31489, 41399, 87765, 69122, 99723, 54018, 92501, 39572, 89999, 58379, 67238, 50112, 90146, 55533, 46837, 57815, 68681, 79206, 32534, 3130, 58659, 69605, 82887, 74526, 5911, 58400, 62789, 48677, 31474, 44702, 39368, 40140, 19876, 33772, 86631, 58194, 70508], ""<class 'int'>"": [88091, 54758, 80960, 4147, 58985, 98835, 33177, 12380, 43928, 18156, 46293, 82997, 26546, 21931, 20632, 91665, 69275, 46303, 61738, 80613, 63967, 92163, 79154, 79668, 18313, 6071, 50712, 91463, 54716, 33220, 52575, 78591, 28324, 24851, 385, 86434, 6594, 95864, 4088, 31907, 5028, 70908, 60125, 88976, 64506, 45119, 63026, 18677, 76141, 62129, 40973, 74468, 90479, 50241, 61828, 14495, 64587, 47259, 69389, 59226, 21182, 99643, 3451, 67066, 55205, 22485, 89443, 19030, 10288, 23574, 78426, 55280, 17305, 68878, 94325, 9074, 35370, 56456, 95300, 73961, 59051, 835, 21640, 2744, 30054, 96306, 55542, 57066, 65643, 97962, 97088, 62680, 24967, 56005, 85155, 81002, 48234, 28842, 92105, 38714, 65511, 82476, 73240, 25988, 68682, 4749, 1059, 85277, 54664, 55169, 72830, 29209, 32377, 56597, 43815, 46740, 16019, 36704, 91606, 3697, 42934, 87720, 75207, 56054, 59737, 79252, 96186, 60558, 8582, 3209, 7798, 18736, 20655, 95860, 60671, 36386, 88318, 80757, 49888, 58523, 36742, 48071, 76427, 91397, 47115, 74907, 19807, 19166, 48854, 4778, 9526, 30084, 70329, 29929, 24152, 98179, 6661, 59360, 47157, 52018, 24734, 716, 46264, 89982, 86072, 78100, 64619, 77321], ""<class 'abc.NT_0010'>"": [0, 0, 1, 53054], ""<class 'abc.NT_0010_P_00000'>"": [], ""<class 'abc.NT_0006'>"": [2, 2, 0, 1, 1302, 1892], ""<class 'abc.NT_0006_P_00000'>"": [], ""<class 'abc.NT_0006_P_00001'>"": [], ""<class 'abc.NT_0002'>"": [1, 1, 2, 1, 1, 1, 1, 0, 2, 1, 41818, 0, 2, 0, 1, 0, 2, 1, 53720, 1, 0, 0, 69722, 1, 8713, 0, 0, 2, 0, 0, 0, 2, 1, 64800, 99864], ""<class 'abc.NT_0002_P_00000'>"": [], ""<class 'abc.NT_0001'>"": [1, 1, 1, 0, 0, 0, 0, 1, 1, 1, 1, 0, 1, 16227, 1, 1, 1, 1, 0, 0, 10290, 0, 0, 0, 0, 0, 1, 40887, 0, 0, 0, 0, 0, 0, 0, 0, 0, 1, 0, 0, 0, 0, 76558, 0, 0, 0, 1, 0, 0, 26591, 1, 1, 1, 0, 1, 0, 0, 45290], ""<class 'abc.NT_0001_P_00000'>"": [], ""<class 'abc.NT_0001_P_00001'>"": [], ""<class 'abc.NT_0000'>"": [0, 1, 1, 94528, 1, 0, 1, 1, 31647, 1, 1, 80324, 0, 0, 75412, 1, 69944, 1, 0, 0, 0, 1, 0, 0, 0, 1, 1, 0, 1, 3483, 1, 0, 42401, 0, 0, 0, 0, 54668, 66557, 1, 0, 1, 1, 0, 0, 21028, 54540, 1, 5444, 3614, 1, 0, 0, 0, 0, 0, 71485, 1, 0, 0, 0, 0, 1, 20343], ""<class 'abc.NT_0000_P_00000'>"": [], ""<class 'abc.NT_0000_P_00001'>"": [], ""<class 'abc.NT_0002_P_00001'>"": [], ""<class 'abc.NT_0002_P_00002'>"": [], ""<class 'abc.NT_0006_P_00002'>"": [], ""<class 'abc.NT_0007'>"": [1, 0, 1, 2, 87885, 72251, 55074], ""<class 'abc.NT_0007_P_00000'>"": [], ""<class 'abc.NT_0007_P_00001'>"": [], ""<class 'abc.NT_0007_P_00002'>"": [], ""<class 'abc.NT_0004'>"": [1, 1, 77639, 2, 1, 2, 63194, 90154], ""<class 'abc.NT_0004_P_00000'>"": [], ""<class 'abc.NT_0003'>"": [10039, 1, 0, 1, 98974, 61725, 72592, 35725, 7660], ""<class 'abc.NT_0003_P_00000'>"": [], ""<class 'abc.NT_0003_P_00001'>"": [], ""<class 'abc.NT_0003_P_00002'>"": [], ""<class 'abc.NT_0003_P_00003'>"": [], ""<class 'abc.NT_0004_P_00001'>"": [], ""<class 'abc.NT_0004_P_00002'>"": [], ""<class 'abc.NT_0009'>"": [3, 0, 1, 1, 0, 45822], ""<class 'abc.NT_0009_P_00000'>"": [], ""<class 'abc.NT_0008'>"": [15828, 0, 83857, 0, 0, 0, 17129], ""<class 'abc.NT_0008_P_00000'>"": [], ""<class 'abc.NT_0009_P_00001'>"": [], ""<class 'abc.NT_0009_P_00002'>"": [], ""<class 'abc.NT_0009_P_00003'>"": [], ""<class 'abc.NT_0010_P_00001'>"": [], ""<class 'abc.NT_0010_P_00002'>"": [], ""<class 'abc.NT_0017_P_00001'>"": [], ""<class 'abc.NT_0012'>"": [0, 0, 27606, 0, 0, 65962], ""<class 'abc.NT_0012_P_00000'>"": [], ""<class 'abc.NT_0012_P_00001'>"": [], ""<class 'abc.NT_0017_P_00002'>"": [], ""<class 'abc.NT_0013'>"": [], ""<class 'abc.NT_0013_P_00000'>"": [], ""<class 'abc.NT_0011'>"": [0, 94522], ""<class 'abc.NT_0011_P_00000'>"": [], ""<class 'abc.NT_0011_P_00001'>"": [], ""<class 'abc.NT_0011_P_00002'>"": [], ""<class 'abc.NT_0013_P_00001'>"": [], ""<class 'abc.NT_0013_P_00002'>"": [], ""<class 'abc.NT_0017_P_00003'>"": [], ""<class 'abc.NT_0016'>"": [0, 20070], ""<class 'abc.NT_0016_P_00000'>"": [], ""<class 'abc.NT_0016_P_00001'>"": [], ""<class 'abc.NT_0016_P_00002'>"": [], '$leftovers': [13707, 7777, 43103, 79112, 41937, 82055, 41802, 80929, 37572, 24235, 1002, 66268, 87311, 99058, 42897, 54099, 4751, 39061, 38658, 18856, 32793, 32020, 84694, 43326, 66351, 11593, 16559, 82179, 29701, 14785, 63931, 19995, 86098, 88506, 88906, 98218, 57143, 64899, 75531, 17691, 63845, 68413, 76826, 30524, 48607, 6718, 24768, 14247, 23842, 98884, 92372, 55279, 40315, 43705, 6728, 53868, 34432, 73753, 89438, 79733, 83929, 38685, 35410, 5343, 16823, 35888, 70000, 12879, 27426, 44726, 95438, 53746, 11554, 35563, 36846, 46156, 65002, 72433, 85297, 12477, 3511, 72425, 53166, 5796, 30717, 45518, 76561, 21526, 65748, 18017, 64172, 9175, 16724, 51276, 1749, 5687, 47923, 68260, 48548, 94393, 55323, 76604, 84009, 54574, 8798, 35733, 67233, 4198, 56844, 12629, 29196, 81671, 71295, 84963, 73193, 37662, 77918, 40265, 71387, 2776, 72056, 79890, 24380, 6524, 11920, 82004, 80554, 7771, 51485, 29874, 64851, 32118, 68660, 22646, 40503, 29950, 45632, 59339, 63591, 66553, 79195, 90039, 8891, 94412, 82595, 43578, 41060, 60184, 28053, 84947, 77614, 38864, 91374, 58545, 50015, 19960, 7381, 78763, 85070, 21507, 19025, 51930, 32629, 45143, 39756, 26052, 37388, 90108, 9391, 53674, 16962, 24269, 95106, 99931, 56381, 37781, 12365, 84199, 30949, 74271, 916, 85830, 97679, 18102, 478, 75886, 30302, 21977, 90537, 30063, 19357, 81788, 35261, 14719, 66114, 20921, 20240, 5992, 58367, 9680, 68600, 85141, 46379, 54808, 83564, 47005, 66549, 22371, 91024, 89979, 20226, 63714, 58641, 45142, 46907, 57602, 15144, 97990, 7439, 11158, 59469, 11328, 80659, 5962, 25695, 77537, 11892, 91592, 56748, 38581, 37353, 71743, 70419, 27563, 8343, 51963, 16605, 94638, 42057, 61173, 28541, 41743, 60295, 49767, 73628, 41163, 91833, 78182, 82565, 25215, 96862, 76058, 44249, 82715, 20979, 71376, 27708, 78050, 40085, 30494, 46076, 48158, 98017, 59418, 77712, 4502, 58514, 86759, 30136, 53692, 84446, 34409, 6828, 35370, 50950, 51945, 59877, 55822, 81173, 57512, 24080, 92189, 34559, 32530, 48867, 64932, 44, 85888, 8300, 92843, 6844, 39222, 76898, 88754, 22876, 38074, 43299, 88699, 81654, 61902, 89999, 13497, 66668, 7338, 74096, 38397, 11013, 98336, 40480, 33892, 63626, 49088, 71312, 23172, 10803, 62392, 24917, 67254, 58009, 81336, 59457, 73844, 95696, 6506, 27308, 70695, 56701, 13067, 41613, 72662, 53528, 75491, 42519, 81780, 31754, 13856, 88917, 96452, 41223, 89774, 10407, 31336, 50783, 20291, 5997, 7069, 31395, 24625, 6189, 56620, 24762, 84988, 68874, 85812, 41091, 24302, 77112, 35149, 22780, 53184, 18627, 57549, 17465, 63612, 87939, 6980, 60883, 29814, 87238, 14952, 60779, 86760, 61062, 30267, 24445, 56989, 27229, 82900, 90023, 57786, 63779, 40235, 86679, 51776, 22058, 63483, 39593, 41554, 8133, 95503, 6716, 25867, 90267, 22987, 39665, 98545, 93605, 1747, 78248, 27473, 33109, 26918, 82634, 51318, 80099, 73743, 12182, 94300, 46775, 25047, 68889, 10070, 18361, 65084, 37080, 70960, 83222, 67058, 98067, 22471, 67691, 59607, 67337, 8930, 21238, 46639, 45431, 43153, 96128, 24156, 80501, 82080, 49059, 2091, 12212, 52072, 31681, 90064, 42922, 12694, 63500, 88958, 85424, 60965, 55836, 88426, 54941, 94663, 65220, 71036, 49752, 17451, 53699, 9314, 14619, 3290, 44849, 90564, 91441, 62905, 40530, 5641, 37318, 36823, 31308, 19382, 62343, 86280, 16633, 47566, 15336, 77921, 88788, 50425, 20260, 79556, 59009, 60227, 87434, 40228, 88797, 25912, 98562, 76789, 91824, 52309, 10258, 50738, 95463, 77205, 93493, 68362, 24106, 95689, 49524, 69579, 66348, 75971, 22529, 74132, 89303, 37488, 5127, 63655, 17283, 25796, 52901, 73353, 59242, 58591, 76499, 46764, 96815, 56675, 19904, 86086, 9538, 16381, 25966, 48189, 47295, 50918, 3257, 56486, 10672, 45517, 6977, 66557, 24565, 14166, 47870, 73695, 59021, 61532, 83752, 51246, 6816, 65190, 71364, 98756, 25731, 84141, 78432, 21130, 69362, 52504, 59655, 73856, 97330, 50721, 19705, 54620, 16926, 96429, 24048, 73377, 67355, 15053, 17980, 70735, 35236, 75523, 91241, 23447, 72477, 51156, 95259, 88333, 29494, 67321, 52714, 62917, 99842, 65229, 6617, 44275, 88720, 37853, 8770, 63811, 7507, 89636, 17817, 1558, 85068, 79776, 73733, 11481, 89926, 56682, 49746, 9429, 50818, 45883, 58652, 12423, 26431, 60221, 95661, 73944, 68283, 51044, 69558, 68608, 65135, 29404, 17239, 5514, 47278, 63393, 94877, 23491, 47292, 6877, 19032, 65956, 9732, 97912, 1976, 37613, 34466, 61934, 57269, 53618, 5940, 93510, 52374, 85684, 22266, 86296, 60665, 10810, 9462, 494, 58482, 75247, 71566, 31620, 58819, 97731, 83116, 7767, 83623, 12444, 57312, 49834, 46402, 98377, 30435, 36116, 16443, 25589, 45312, 64514, 37426, 76200, 11178, 7488, 18610, 92099, 97566, 6854, 33656, 17686, 10866, 73697, 81050, 12312, 6505, 95303, 61521, 72092, 94259, 32683, 45746, 77187, 88803, 39457, 40047, 95729, 22380, 62708, 14355, 83408, 29714, 50213, 24600, 63055, 94787, 52488, 53820, 72502, 35142, 82539, 36201, 83535, 70150, 4544, 53013, 91532, 98794, 75749, 37723, 24569, 90322, 279, 84293, 85419, 53204, 7321, 22724, 95538, 85836, 2877, 93721, 73981, 40836, 90505, 94370, 88415, 37372, 69317, 25860, 4116, 35759, 84385, 33447, 84816, 12456, 31068, 57878, 18743, 27118, 55146, 45045, 76854, 36409, 49423, 25447, 28432, 61176, 34319, 67878, 7127, 41048, 27399, 57337, 84290, 2409, 69039, 23729, 7494, 36747, 48478, 38848, 42755, 293, 91046, 40498, 48156, 87860, 19957, 4960, 74844, 19836, 92291, 57801, 90081, 88664, 17768, 78881, 47919, 71822, 34413, 1930, 46778, 88873, 89253, 43012, 48581, 9353, 85645, 13891, 48249, 50115, 66199, 3386, 20854, 99932, 28051, 71692, 93909, 74084, 74671, 89896, 50523, 88742, 12398, 72247, 55742, 51721, 34827, 36846, 62982, 39419, 78439, 9343, 48468, 84544, 39864, 76167, 43812, 71247, 20757, 1762, 41180, 27413, 60564, 22669, 82173, 16704, 46485, 72310, 26823, 41298, 58642, 32787, 90874, 58140, 56784, 29999, 8759, 96835, 78050, 41544, 1255, 17455, 33878, 64547, 58966, 82332, 5215, 48306, 8922, 24655, 4697, 70882, 84900, 82562, 62735, 34434, 73303, 61588, 35094, 68503, 41162, 54916, 58190, 12626, 60530, 22534, 77445, 84110, 41705, 60129, 60275, 26541, 44213, 1777, 13370, 3088, 42025, 39125, 6806, 57675, 48434, 98242, 36838, 43086, 11553, 17088, 22108, 72325, 25128, 87991, 65587, 14862, 36451, 44287, 9734, 15759, 72468, 61485, 14174, 26892, 64268, 19975, 5444, 33247, 50382, 76845, 87224, 36256, 66890, 95968, 72639, 77038, 43204, 39754, 36312, 74369, 96758, 27679, 249, 98284, 44817, 61235, 55085, 9992, 27298, 25783, 69424, 39622, 26481, 58524, 35109, 38014, 50849, 43262, 70599, 1236, 29822, 19493, 40976, 26562, 7919, 16019, 11304, 44960, 68766, 47516, 55933, 93459, 51964, 80457, 87397, 77661, 10867, 13339, 38927, 67085, 83000, 91594, 70221, 32812, 41638, 39247, 63161, 56481, 85947, 619, 54521, 29223, 59027, 34890, 77305, 79995, 54866, 56578, 59831, 16991, 48800, 12168, 58544, 42596, 87951, 65721, 11198, 23052, 15984, 12347, 45822, 1513, 17129, 34479, 87885, 87506, 81928, 20343, 45290, 20189, 98974, 29926, 61725, 72592, 35725, 72251, 55074, 7660, 24694]})"
562.0,9,164,62,49.78189206123352,10696,"Genotype(dna={""<class 'abc.NT_0017'>"": [1, 23052], ""<class 'abc.NT_0017_P_00000'>"": [], ""<class 'abc.NT_0005'>"": [0, 0, 35544, 1, 0, 1, 0, 1, 1, 1513], ""<class 'abc.NT_0005_P_00000'>"": [], ""<class 'abc.NT_0005_P_00001'>"": [], ""<class 'bool'>"": [50833, 28611, 95173, 92596, 84996, 15299, 84608, 73218, 73704, 53577, 54127, 73580, 61648, 63455, 34182, 28379, 9832, 69766, 27025, 9321, 39372, 40559, 45589, 21512, 9991, 31131, 22379, 82972, 66879, 7070, 87492, 33083, 92916, 1233, 89415, 28350, 54741, 51276, 16414, 74832, 4355, 87209, 57305, 93042, 23231, 67903, 93745, 31960, 29422, 28659, 99170, 40455, 13273, 92051, 14178, 78998, 45259, 78698, 95977, 93014, 83753, 21951, 16043, 13772, 66730, 10736, 57934, 29081, 62948, 99869, 41968, 82469, 93064, 59471, 51253, 67704, 97811, 82022, 87389, 59617, 67283, 63422, 70186, 58801, 23472, 68171, 46787, 87700, 86179, 38104, 2384, 90063, 6576, 80132, 98840, 65605, 74894, 53809, 99733, 89043, 84198, 62780, 94716, 23035, 32450, 31489, 41399, 87765, 69122, 99723, 54018, 92501, 39572, 89999, 58379, 67238, 50112, 90146, 55533, 46837, 57815, 68681, 79206, 32534, 3130, 58659, 69605, 82887, 74526, 5911, 58400, 62789, 48677, 31474, 44702, 39368, 40140, 19876, 33772, 86631, 58194, 70508], ""<class 'int'>"": [88091, 54758, 80960, 4147, 58985, 98835, 33177, 12380, 43928, 18156, 46293, 82997, 26546, 21931, 20632, 91665, 69275, 46303, 61738, 80613, 63967, 92163, 79154, 79668, 18313, 6071, 50712, 91463, 54716, 33220, 52575, 78591, 28324, 24851, 385, 86434, 6594, 95864, 4088, 31907, 5028, 70908, 60125, 88976, 64506, 45119, 63026, 18677, 76141, 62129, 40973, 74468, 90479, 50241, 61828, 14495, 64587, 47259, 69389, 59226, 21182, 99643, 3451, 67066, 55205, 22485, 89443, 19030, 10288, 23574, 78426, 55280, 17305, 68878, 94325, 9074, 35370, 56456, 95300, 73961, 59051, 835, 21640, 2744, 30054, 96306, 55542, 57066, 65643, 97962, 97088, 62680, 24967, 56005, 85155, 81002, 48234, 28842, 92105, 38714, 65511, 82476, 73240, 25988, 68682, 4749, 1059, 85277, 54664, 55169, 72830, 29209, 32377, 56597, 43815, 46740, 16019, 36704, 91606, 3697, 42934, 87720, 75207, 56054, 59737, 79252, 96186, 60558, 8582, 3209, 7798, 18736, 20655, 95860, 60671, 36386, 88318, 80757, 49888, 58523, 36742, 48071, 76427, 91397, 47115, 74907, 19807, 19166, 48854, 4778, 9526, 30084, 70329, 29929, 24152, 98179, 6661, 59360, 47157, 52018, 24734, 716, 46264, 89982, 86072, 78100, 64619, 77321], ""<class 'abc.NT_0010'>"": [0, 0, 1, 53054], ""<class 'abc.NT_0010_P_00000'>"": [], ""<class 'abc.NT_0006'>"": [2, 2, 0, 1, 1302, 1892], ""<class 'abc.NT_0006_P_00000'>"": [], ""<class 'abc.NT_0006_P_00001'>"": [], ""<class 'abc.NT_0002'>"": [1, 1, 2, 1, 1, 1, 1, 0, 2, 1, 41818, 0, 2, 0, 1, 0, 2, 1, 53720, 1, 0, 0, 69722, 1, 8713, 0, 0, 2, 0, 0, 0, 2, 1, 64800, 99864], ""<class 'abc.NT_0002_P_00000'>"": [], ""<class 'abc.NT_0001'>"": [1, 1, 1, 0, 0, 0, 0, 1, 1, 1, 1, 0, 1, 16227, 1, 1, 1, 1, 0, 0, 10290, 0, 0, 0, 0, 0, 1, 40887, 0, 0, 0, 0, 0, 0, 0, 0, 0, 1, 0, 0, 0, 0, 76558, 0, 0, 0, 1, 0, 0, 26591, 1, 1, 1, 0, 1, 0, 0, 45290], ""<class 'abc.NT_0001_P_00000'>"": [], ""<class 'abc.NT_0001_P_00001'>"": [], ""<class 'abc.NT_0000'>"": [0, 1, 1, 94528, 1, 0, 1, 1, 31647, 1, 1, 80324, 0, 0, 75412, 1, 69944, 1, 0, 0, 0, 1, 0, 0, 0, 1, 1, 0, 1, 3483, 1, 0, 42401, 0, 0, 0, 0, 54668, 66557, 1, 0, 1, 1, 0, 0, 21028, 54540, 1, 5444, 3614, 1, 0, 0, 0, 0, 0, 71485, 1, 0, 0, 0, 0, 1, 20343], ""<class 'abc.NT_0000_P_00000'>"": [], ""<class 'abc.NT_0000_P_00001'>"": [], ""<class 'abc.NT_0002_P_00001'>"": [], ""<class 'abc.NT_0002_P_00002'>"": [], ""<class 'abc.NT_0006_P_00002'>"": [], ""<class 'abc.NT_0007'>"": [1, 0, 1, 2, 87885, 72251, 55074], ""<class 'abc.NT_0007_P_00000'>"": [], ""<class 'abc.NT_0007_P_00001'>"": [], ""<class 'abc.NT_0007_P_00002'>"": [], ""<class 'abc.NT_0004'>"": [1, 1, 77639, 2, 1, 2, 63194, 90154], ""<class 'abc.NT_0004_P_00000'>"": [], ""<class 'abc.NT_0003'>"": [10039, 1, 0, 1, 98974, 61725, 72592, 35725, 7660], ""<class 'abc.NT_0003_P_00000'>"": [], ""<class 'abc.NT_0003_P_00001'>"": [], ""<class 'abc.NT_0003_P_00002'>"": [], ""<class 'abc.NT_0003_P_00003'>"": [], ""<class 'abc.NT_0004_P_00001'>"": [], ""<class 'abc.NT_0004_P_00002'>"": [], ""<class 'abc.NT_0009'>"": [3, 0, 1, 1, 0, 45822], ""<class 'abc.NT_0009_P_00000'>"": [], ""<class 'abc.NT_0008'>"": [15828, 0, 83857, 0, 0, 0, 17129], ""<class 'abc.NT_0008_P_00000'>"": [], ""<class 'abc.NT_0009_P_00001'>"": [], ""<class 'abc.NT_0009_P_00002'>"": [], ""<class 'abc.NT_0009_P_00003'>"": [], ""<class 'abc.NT_0010_P_00001'>"": [], ""<class 'abc.NT_0010_P_00002'>"": [], ""<class 'abc.NT_0017_P_00001'>"": [], ""<class 'abc.NT_0012'>"": [0, 0, 27606, 0, 0, 65962], ""<class 'abc.NT_0012_P_00000'>"": [], ""<class 'abc.NT_0012_P_00001'>"": [], ""<class 'abc.NT_0017_P_00002'>"": [], ""<class 'abc.NT_0013'>"": [], ""<class 'abc.NT_0013_P_00000'>"": [], ""<class 'abc.NT_0011'>"": [0, 94522], ""<class 'abc.NT_0011_P_00000'>"": [], ""<class 'abc.NT_0011_P_00001'>"": [], ""<class 'abc.NT_0011_P_00002'>"": [], ""<class 'abc.NT_0013_P_00001'>"": [], ""<class 'abc.NT_0013_P_00002'>"": [], ""<class 'abc.NT_0017_P_00003'>"": [], ""<class 'abc.NT_0016'>"": [0, 20070], ""<class 'abc.NT_0016_P_00000'>"": [], ""<class 'abc.NT_0016_P_00001'>"": [], ""<class 'abc.NT_0016_P_00002'>"": [], '$leftovers': [13707, 7777, 43103, 79112, 41937, 82055, 41802, 80929, 37572, 24235, 1002, 66268, 87311, 99058, 42897, 54099, 4751, 39061, 38658, 18856, 32793, 32020, 84694, 43326, 66351, 11593, 16559, 82179, 29701, 14785, 63931, 19995, 86098, 88506, 88906, 98218, 57143, 64899, 75531, 17691, 63845, 68413, 76826, 30524, 48607, 6718, 24768, 14247, 23842, 98884, 92372, 55279, 40315, 43705, 6728, 53868, 34432, 73753, 89438, 79733, 83929, 38685, 35410, 5343, 16823, 35888, 70000, 12879, 27426, 44726, 95438, 53746, 11554, 35563, 36846, 46156, 65002, 72433, 85297, 12477, 3511, 72425, 53166, 5796, 30717, 45518, 76561, 21526, 65748, 18017, 64172, 9175, 16724, 51276, 1749, 5687, 47923, 68260, 48548, 94393, 55323, 76604, 84009, 54574, 8798, 35733, 67233, 4198, 56844, 12629, 29196, 81671, 71295, 84963, 73193, 37662, 77918, 40265, 71387, 2776, 72056, 79890, 24380, 6524, 11920, 82004, 80554, 7771, 51485, 29874, 64851, 32118, 68660, 22646, 40503, 29950, 45632, 59339, 63591, 66553, 79195, 90039, 8891, 94412, 82595, 43578, 41060, 60184, 28053, 84947, 77614, 38864, 91374, 58545, 50015, 19960, 7381, 78763, 85070, 21507, 19025, 51930, 32629, 45143, 39756, 26052, 37388, 90108, 9391, 53674, 16962, 24269, 95106, 99931, 56381, 37781, 12365, 84199, 30949, 74271, 916, 85830, 97679, 18102, 478, 75886, 30302, 21977, 90537, 30063, 19357, 81788, 35261, 14719, 66114, 20921, 20240, 5992, 58367, 9680, 68600, 85141, 46379, 54808, 83564, 47005, 66549, 22371, 91024, 89979, 20226, 63714, 58641, 45142, 46907, 57602, 15144, 97990, 7439, 11158, 59469, 11328, 80659, 5962, 25695, 77537, 11892, 91592, 56748, 38581, 37353, 71743, 70419, 27563, 8343, 51963, 16605, 94638, 42057, 61173, 28541, 41743, 60295, 49767, 73628, 41163, 91833, 78182, 82565, 25215, 96862, 76058, 44249, 82715, 20979, 71376, 27708, 78050, 40085, 30494, 46076, 48158, 98017, 59418, 77712, 4502, 58514, 86759, 30136, 53692, 84446, 34409, 6828, 35370, 50950, 51945, 59877, 55822, 81173, 57512, 24080, 92189, 34559, 32530, 48867, 64932, 44, 85888, 8300, 92843, 6844, 39222, 76898, 88754, 22876, 38074, 43299, 88699, 81654, 61902, 89999, 13497, 66668, 7338, 74096, 38397, 11013, 98336, 40480, 33892, 63626, 49088, 71312, 23172, 10803, 62392, 24917, 67254, 58009, 81336, 59457, 73844, 95696, 6506, 27308, 70695, 56701, 13067, 41613, 72662, 53528, 75491, 42519, 81780, 31754, 13856, 88917, 96452, 41223, 89774, 10407, 31336, 50783, 20291, 5997, 7069, 31395, 24625, 6189, 56620, 24762, 84988, 68874, 85812, 41091, 24302, 77112, 35149, 22780, 53184, 18627, 57549, 17465, 63612, 87939, 6980, 60883, 29814, 87238, 14952, 60779, 86760, 61062, 30267, 24445, 56989, 27229, 82900, 90023, 57786, 63779, 40235, 86679, 51776, 22058, 63483, 39593, 41554, 8133, 95503, 6716, 25867, 90267, 22987, 39665, 98545, 93605, 1747, 78248, 27473, 33109, 26918, 82634, 51318, 80099, 73743, 12182, 94300, 46775, 25047, 68889, 10070, 18361, 65084, 37080, 70960, 83222, 67058, 98067, 22471, 67691, 59607, 67337, 8930, 21238, 46639, 45431, 43153, 96128, 24156, 80501, 82080, 49059, 2091, 12212, 52072, 31681, 90064, 42922, 12694, 63500, 88958, 85424, 60965, 55836, 88426, 54941, 94663, 65220, 71036, 49752, 17451, 53699, 9314, 14619, 3290, 44849, 90564, 91441, 62905, 40530, 5641, 37318, 36823, 31308, 19382, 62343, 86280, 16633, 47566, 15336, 77921, 88788, 50425, 20260, 79556, 59009, 60227, 87434, 40228, 88797, 25912, 98562, 76789, 91824, 52309, 10258, 50738, 95463, 77205, 93493, 68362, 24106, 95689, 49524, 69579, 66348, 75971, 22529, 74132, 89303, 37488, 5127, 63655, 17283, 25796, 52901, 73353, 59242, 58591, 76499, 46764, 96815, 56675, 19904, 86086, 9538, 16381, 25966, 48189, 47295, 50918, 3257, 56486, 10672, 45517, 6977, 66557, 24565, 14166, 47870, 73695, 59021, 61532, 83752, 51246, 6816, 65190, 71364, 98756, 25731, 84141, 78432, 21130, 69362, 52504, 59655, 73856, 97330, 50721, 19705, 54620, 16926, 96429, 24048, 73377, 67355, 15053, 17980, 70735, 35236, 75523, 91241, 23447, 72477, 51156, 95259, 88333, 29494, 67321, 52714, 62917, 99842, 65229, 6617, 44275, 88720, 37853, 8770, 63811, 7507, 89636, 17817, 1558, 85068, 79776, 73733, 11481, 89926, 56682, 49746, 9429, 50818, 45883, 58652, 12423, 26431, 60221, 95661, 73944, 68283, 51044, 69558, 68608, 65135, 29404, 17239, 5514, 47278, 63393, 94877, 23491, 47292, 6877, 19032, 65956, 9732, 97912, 1976, 37613, 34466, 61934, 57269, 53618, 5940, 93510, 52374, 85684, 22266, 86296, 60665, 10810, 9462, 494, 58482, 75247, 71566, 31620, 58819, 97731, 83116, 7767, 83623, 12444, 57312, 49834, 46402, 98377, 30435, 36116, 16443, 25589, 45312, 64514, 37426, 76200, 11178, 7488, 18610, 92099, 97566, 6854, 33656, 17686, 10866, 73697, 81050, 12312, 6505, 95303, 61521, 72092, 94259, 32683, 45746, 77187, 88803, 39457, 40047, 95729, 22380, 62708, 14355, 83408, 29714, 50213, 24600, 63055, 94787, 52488, 53820, 72502, 35142, 82539, 36201, 83535, 70150, 4544, 53013, 91532, 98794, 75749, 37723, 24569, 90322, 279, 84293, 85419, 53204, 7321, 22724, 95538, 85836, 2877, 93721, 73981, 40836, 90505, 94370, 88415, 37372, 69317, 25860, 4116, 35759, 84385, 33447, 84816, 12456, 31068, 57878, 18743, 27118, 55146, 45045, 76854, 36409, 49423, 25447, 28432, 61176, 34319, 67878, 7127, 41048, 27399, 57337, 84290, 2409, 69039, 23729, 7494, 36747, 48478, 38848, 42755, 293, 91046, 40498, 48156, 87860, 19957, 4960, 74844, 19836, 92291, 57801, 90081, 88664, 17768, 78881, 47919, 71822, 34413, 1930, 46778, 88873, 89253, 43012, 48581, 9353, 85645, 13891, 48249, 50115, 66199, 3386, 20854, 99932, 28051, 71692, 93909, 74084, 74671, 89896, 50523, 88742, 12398, 72247, 55742, 51721, 34827, 36846, 62982, 39419, 78439, 9343, 48468, 84544, 39864, 76167, 43812, 71247, 20757, 1762, 41180, 27413, 60564, 22669, 82173, 16704, 46485, 72310, 26823, 41298, 58642, 32787, 90874, 58140, 56784, 29999, 8759, 96835, 78050, 41544, 1255, 17455, 33878, 64547, 58966, 82332, 5215, 48306, 8922, 24655, 4697, 70882, 84900, 82562, 62735, 34434, 73303, 61588, 35094, 68503, 41162, 54916, 58190, 12626, 60530, 22534, 77445, 84110, 41705, 60129, 60275, 26541, 44213, 1777, 13370, 3088, 42025, 39125, 6806, 57675, 48434, 98242, 36838, 43086, 11553, 17088, 22108, 72325, 25128, 87991, 65587, 14862, 36451, 44287, 9734, 15759, 72468, 61485, 14174, 26892, 64268, 19975, 5444, 33247, 50382, 76845, 87224, 36256, 66890, 95968, 72639, 77038, 43204, 39754, 36312, 74369, 96758, 27679, 249, 98284, 44817, 61235, 55085, 9992, 27298, 25783, 69424, 39622, 26481, 58524, 35109, 38014, 50849, 43262, 70599, 1236, 29822, 19493, 40976, 26562, 7919, 16019, 11304, 44960, 68766, 47516, 55933, 93459, 51964, 80457, 87397, 77661, 10867, 13339, 38927, 67085, 83000, 91594, 70221, 32812, 41638, 39247, 63161, 56481, 85947, 619, 54521, 29223, 59027, 34890, 77305, 79995, 54866, 56578, 59831, 16991, 48800, 12168, 58544, 42596, 87951, 65721, 11198, 23052, 15984, 12347, 45822, 1513, 17129, 34479, 87885, 87506, 81928, 20343, 45290, 20189, 98974, 29926, 61725, 72592, 35725, 72251, 55074, 7660, 24694]})"
562.0,9,164,63,50.471548080444336,10696,"Genotype(dna={""<class 'abc.NT_0017'>"": [1, 23052], ""<class 'abc.NT_0017_P_00000'>"": [], ""<class 'abc.NT_0005'>"": [0, 0, 35544, 1, 0, 1, 0, 1, 1, 1513], ""<class 'abc.NT_0005_P_00000'>"": [], ""<class 'abc.NT_0005_P_00001'>"": [], ""<class 'bool'>"": [50833, 28611, 95173, 92596, 84996, 15299, 84608, 73218, 73704, 53577, 54127, 73580, 61648, 63455, 34182, 28379, 9832, 69766, 27025, 9321, 39372, 40559, 45589, 21512, 9991, 31131, 22379, 82972, 66879, 7070, 87492, 33083, 92916, 1233, 89415, 28350, 54741, 51276, 16414, 74832, 4355, 87209, 57305, 93042, 23231, 67903, 93745, 31960, 29422, 28659, 99170, 40455, 13273, 92051, 14178, 78998, 45259, 78698, 95977, 93014, 83753, 21951, 16043, 13772, 66730, 10736, 57934, 29081, 62948, 99869, 41968, 82469, 93064, 59471, 51253, 67704, 97811, 82022, 87389, 59617, 67283, 63422, 70186, 58801, 23472, 68171, 46787, 87700, 86179, 38104, 2384, 90063, 6576, 80132, 98840, 65605, 74894, 53809, 99733, 89043, 84198, 62780, 94716, 23035, 32450, 31489, 41399, 87765, 69122, 99723, 54018, 92501, 39572, 89999, 58379, 67238, 50112, 90146, 55533, 46837, 57815, 68681, 79206, 32534, 3130, 58659, 69605, 82887, 74526, 5911, 58400, 62789, 48677, 31474, 44702, 39368, 40140, 19876, 33772, 86631, 58194, 70508], ""<class 'int'>"": [88091, 54758, 80960, 4147, 58985, 98835, 33177, 12380, 43928, 18156, 46293, 82997, 26546, 21931, 20632, 91665, 69275, 46303, 61738, 80613, 63967, 92163, 79154, 79668, 18313, 6071, 50712, 91463, 54716, 33220, 52575, 78591, 28324, 24851, 385, 86434, 6594, 95864, 4088, 31907, 5028, 70908, 60125, 88976, 64506, 45119, 63026, 18677, 76141, 62129, 40973, 74468, 90479, 50241, 61828, 14495, 64587, 47259, 69389, 59226, 21182, 99643, 3451, 67066, 55205, 22485, 89443, 19030, 10288, 23574, 78426, 55280, 17305, 68878, 94325, 9074, 35370, 56456, 95300, 73961, 59051, 835, 21640, 2744, 30054, 96306, 55542, 57066, 65643, 97962, 97088, 62680, 24967, 56005, 85155, 81002, 48234, 28842, 92105, 38714, 65511, 82476, 73240, 25988, 68682, 4749, 1059, 85277, 54664, 55169, 72830, 29209, 32377, 56597, 43815, 46740, 16019, 36704, 91606, 3697, 42934, 87720, 75207, 56054, 59737, 79252, 96186, 60558, 8582, 3209, 7798, 18736, 20655, 95860, 60671, 36386, 88318, 80757, 49888, 58523, 36742, 48071, 76427, 91397, 47115, 74907, 19807, 19166, 48854, 4778, 9526, 30084, 70329, 29929, 24152, 98179, 6661, 59360, 47157, 52018, 24734, 716, 46264, 89982, 86072, 78100, 64619, 77321], ""<class 'abc.NT_0010'>"": [0, 0, 1, 53054], ""<class 'abc.NT_0010_P_00000'>"": [], ""<class 'abc.NT_0006'>"": [2, 2, 0, 1, 1302, 1892], ""<class 'abc.NT_0006_P_00000'>"": [], ""<class 'abc.NT_0006_P_00001'>"": [], ""<class 'abc.NT_0002'>"": [1, 1, 2, 1, 1, 1, 1, 0, 2, 1, 41818, 0, 2, 0, 1, 0, 2, 1, 53720, 1, 0, 0, 69722, 1, 8713, 0, 0, 2, 0, 0, 0, 2, 1, 64800, 99864], ""<class 'abc.NT_0002_P_00000'>"": [], ""<class 'abc.NT_0001'>"": [1, 1, 1, 0, 0, 0, 0, 1, 1, 1, 1, 0, 1, 16227, 1, 1, 1, 1, 0, 0, 10290, 0, 0, 0, 0, 0, 1, 40887, 0, 0, 0, 0, 0, 0, 0, 0, 0, 1, 0, 0, 0, 0, 76558, 0, 0, 0, 1, 0, 0, 26591, 1, 1, 1, 0, 1, 0, 0, 45290], ""<class 'abc.NT_0001_P_00000'>"": [], ""<class 'abc.NT_0001_P_00001'>"": [], ""<class 'abc.NT_0000'>"": [0, 1, 1, 94528, 1, 0, 1, 1, 31647, 1, 1, 80324, 0, 0, 75412, 1, 69944, 1, 0, 0, 0, 1, 0, 0, 0, 1, 1, 0, 1, 3483, 1, 0, 42401, 0, 0, 0, 0, 54668, 66557, 1, 0, 1, 1, 0, 0, 21028, 54540, 1, 5444, 3614, 1, 0, 0, 0, 0, 0, 71485, 1, 0, 0, 0, 0, 1, 20343], ""<class 'abc.NT_0000_P_00000'>"": [], ""<class 'abc.NT_0000_P_00001'>"": [], ""<class 'abc.NT_0002_P_00001'>"": [], ""<class 'abc.NT_0002_P_00002'>"": [], ""<class 'abc.NT_0006_P_00002'>"": [], ""<class 'abc.NT_0007'>"": [1, 0, 1, 2, 87885, 72251, 55074], ""<class 'abc.NT_0007_P_00000'>"": [], ""<class 'abc.NT_0007_P_00001'>"": [], ""<class 'abc.NT_0007_P_00002'>"": [], ""<class 'abc.NT_0004'>"": [1, 1, 77639, 2, 1, 2, 63194, 90154], ""<class 'abc.NT_0004_P_00000'>"": [], ""<class 'abc.NT_0003'>"": [10039, 1, 0, 1, 98974, 61725, 72592, 35725, 7660], ""<class 'abc.NT_0003_P_00000'>"": [], ""<class 'abc.NT_0003_P_00001'>"": [], ""<class 'abc.NT_0003_P_00002'>"": [], ""<class 'abc.NT_0003_P_00003'>"": [], ""<class 'abc.NT_0004_P_00001'>"": [], ""<class 'abc.NT_0004_P_00002'>"": [], ""<class 'abc.NT_0009'>"": [3, 0, 1, 1, 0, 45822], ""<class 'abc.NT_0009_P_00000'>"": [], ""<class 'abc.NT_0008'>"": [15828, 0, 83857, 0, 0, 0, 17129], ""<class 'abc.NT_0008_P_00000'>"": [], ""<class 'abc.NT_0009_P_00001'>"": [], ""<class 'abc.NT_0009_P_00002'>"": [], ""<class 'abc.NT_0009_P_00003'>"": [], ""<class 'abc.NT_0010_P_00001'>"": [], ""<class 'abc.NT_0010_P_00002'>"": [], ""<class 'abc.NT_0017_P_00001'>"": [], ""<class 'abc.NT_0012'>"": [0, 0, 27606, 0, 0, 65962], ""<class 'abc.NT_0012_P_00000'>"": [], ""<class 'abc.NT_0012_P_00001'>"": [], ""<class 'abc.NT_0017_P_00002'>"": [], ""<class 'abc.NT_0013'>"": [], ""<class 'abc.NT_0013_P_00000'>"": [], ""<class 'abc.NT_0011'>"": [0, 94522], ""<class 'abc.NT_0011_P_00000'>"": [], ""<class 'abc.NT_0011_P_00001'>"": [], ""<class 'abc.NT_0011_P_00002'>"": [], ""<class 'abc.NT_0013_P_00001'>"": [], ""<class 'abc.NT_0013_P_00002'>"": [], ""<class 'abc.NT_0017_P_00003'>"": [], ""<class 'abc.NT_0016'>"": [0, 20070], ""<class 'abc.NT_0016_P_00000'>"": [], ""<class 'abc.NT_0016_P_00001'>"": [], ""<class 'abc.NT_0016_P_00002'>"": [], '$leftovers': [13707, 7777, 43103, 79112, 41937, 82055, 41802, 80929, 37572, 24235, 1002, 66268, 87311, 99058, 42897, 54099, 4751, 39061, 38658, 18856, 32793, 32020, 84694, 43326, 66351, 11593, 16559, 82179, 29701, 14785, 63931, 19995, 86098, 88506, 88906, 98218, 57143, 64899, 75531, 17691, 63845, 68413, 76826, 30524, 48607, 6718, 24768, 14247, 23842, 98884, 92372, 55279, 40315, 43705, 6728, 53868, 34432, 73753, 89438, 79733, 83929, 38685, 35410, 5343, 16823, 35888, 70000, 12879, 27426, 44726, 95438, 53746, 11554, 35563, 36846, 46156, 65002, 72433, 85297, 12477, 3511, 72425, 53166, 5796, 30717, 45518, 76561, 21526, 65748, 18017, 64172, 9175, 16724, 51276, 1749, 5687, 47923, 68260, 48548, 94393, 55323, 76604, 84009, 54574, 8798, 35733, 67233, 4198, 56844, 12629, 29196, 81671, 71295, 84963, 73193, 37662, 77918, 40265, 71387, 2776, 72056, 79890, 24380, 6524, 11920, 82004, 80554, 7771, 51485, 29874, 64851, 32118, 68660, 22646, 40503, 29950, 45632, 59339, 63591, 66553, 79195, 90039, 8891, 94412, 82595, 43578, 41060, 60184, 28053, 84947, 77614, 38864, 91374, 58545, 50015, 19960, 7381, 78763, 85070, 21507, 19025, 51930, 32629, 45143, 39756, 26052, 37388, 90108, 9391, 53674, 16962, 24269, 95106, 99931, 56381, 37781, 12365, 84199, 30949, 74271, 916, 85830, 97679, 18102, 478, 75886, 30302, 21977, 90537, 30063, 19357, 81788, 35261, 14719, 66114, 20921, 20240, 5992, 58367, 9680, 68600, 85141, 46379, 54808, 83564, 47005, 66549, 22371, 91024, 89979, 20226, 63714, 58641, 45142, 46907, 57602, 15144, 97990, 7439, 11158, 59469, 11328, 80659, 5962, 25695, 77537, 11892, 91592, 56748, 38581, 37353, 71743, 70419, 27563, 8343, 51963, 16605, 94638, 42057, 61173, 28541, 41743, 60295, 49767, 73628, 41163, 91833, 78182, 82565, 25215, 96862, 76058, 44249, 82715, 20979, 71376, 27708, 78050, 40085, 30494, 46076, 48158, 98017, 59418, 77712, 4502, 58514, 86759, 30136, 53692, 84446, 34409, 6828, 35370, 50950, 51945, 59877, 55822, 81173, 57512, 24080, 92189, 34559, 32530, 48867, 64932, 44, 85888, 8300, 92843, 6844, 39222, 76898, 88754, 22876, 38074, 43299, 88699, 81654, 61902, 89999, 13497, 66668, 7338, 74096, 38397, 11013, 98336, 40480, 33892, 63626, 49088, 71312, 23172, 10803, 62392, 24917, 67254, 58009, 81336, 59457, 73844, 95696, 6506, 27308, 70695, 56701, 13067, 41613, 72662, 53528, 75491, 42519, 81780, 31754, 13856, 88917, 96452, 41223, 89774, 10407, 31336, 50783, 20291, 5997, 7069, 31395, 24625, 6189, 56620, 24762, 84988, 68874, 85812, 41091, 24302, 77112, 35149, 22780, 53184, 18627, 57549, 17465, 63612, 87939, 6980, 60883, 29814, 87238, 14952, 60779, 86760, 61062, 30267, 24445, 56989, 27229, 82900, 90023, 57786, 63779, 40235, 86679, 51776, 22058, 63483, 39593, 41554, 8133, 95503, 6716, 25867, 90267, 22987, 39665, 98545, 93605, 1747, 78248, 27473, 33109, 26918, 82634, 51318, 80099, 73743, 12182, 94300, 46775, 25047, 68889, 10070, 18361, 65084, 37080, 70960, 83222, 67058, 98067, 22471, 67691, 59607, 67337, 8930, 21238, 46639, 45431, 43153, 96128, 24156, 80501, 82080, 49059, 2091, 12212, 52072, 31681, 90064, 42922, 12694, 63500, 88958, 85424, 60965, 55836, 88426, 54941, 94663, 65220, 71036, 49752, 17451, 53699, 9314, 14619, 3290, 44849, 90564, 91441, 62905, 40530, 5641, 37318, 36823, 31308, 19382, 62343, 86280, 16633, 47566, 15336, 77921, 88788, 50425, 20260, 79556, 59009, 60227, 87434, 40228, 88797, 25912, 98562, 76789, 91824, 52309, 10258, 50738, 95463, 77205, 93493, 68362, 24106, 95689, 49524, 69579, 66348, 75971, 22529, 74132, 89303, 37488, 5127, 63655, 17283, 25796, 52901, 73353, 59242, 58591, 76499, 46764, 96815, 56675, 19904, 86086, 9538, 16381, 25966, 48189, 47295, 50918, 3257, 56486, 10672, 45517, 6977, 66557, 24565, 14166, 47870, 73695, 59021, 61532, 83752, 51246, 6816, 65190, 71364, 98756, 25731, 84141, 78432, 21130, 69362, 52504, 59655, 73856, 97330, 50721, 19705, 54620, 16926, 96429, 24048, 73377, 67355, 15053, 17980, 70735, 35236, 75523, 91241, 23447, 72477, 51156, 95259, 88333, 29494, 67321, 52714, 62917, 99842, 65229, 6617, 44275, 88720, 37853, 8770, 63811, 7507, 89636, 17817, 1558, 85068, 79776, 73733, 11481, 89926, 56682, 49746, 9429, 50818, 45883, 58652, 12423, 26431, 60221, 95661, 73944, 68283, 51044, 69558, 68608, 65135, 29404, 17239, 5514, 47278, 63393, 94877, 23491, 47292, 6877, 19032, 65956, 9732, 97912, 1976, 37613, 34466, 61934, 57269, 53618, 5940, 93510, 52374, 85684, 22266, 86296, 60665, 10810, 9462, 494, 58482, 75247, 71566, 31620, 58819, 97731, 83116, 7767, 83623, 12444, 57312, 49834, 46402, 98377, 30435, 36116, 16443, 25589, 45312, 64514, 37426, 76200, 11178, 7488, 18610, 92099, 97566, 6854, 33656, 17686, 10866, 73697, 81050, 12312, 6505, 95303, 61521, 72092, 94259, 32683, 45746, 77187, 88803, 39457, 40047, 95729, 22380, 62708, 14355, 83408, 29714, 50213, 24600, 63055, 94787, 52488, 53820, 72502, 35142, 82539, 36201, 83535, 70150, 4544, 53013, 91532, 98794, 75749, 37723, 24569, 90322, 279, 84293, 85419, 53204, 7321, 22724, 95538, 85836, 2877, 93721, 73981, 40836, 90505, 94370, 88415, 37372, 69317, 25860, 4116, 35759, 84385, 33447, 84816, 12456, 31068, 57878, 18743, 27118, 55146, 45045, 76854, 36409, 49423, 25447, 28432, 61176, 34319, 67878, 7127, 41048, 27399, 57337, 84290, 2409, 69039, 23729, 7494, 36747, 48478, 38848, 42755, 293, 91046, 40498, 48156, 87860, 19957, 4960, 74844, 19836, 92291, 57801, 90081, 88664, 17768, 78881, 47919, 71822, 34413, 1930, 46778, 88873, 89253, 43012, 48581, 9353, 85645, 13891, 48249, 50115, 66199, 3386, 20854, 99932, 28051, 71692, 93909, 74084, 74671, 89896, 50523, 88742, 12398, 72247, 55742, 51721, 34827, 36846, 62982, 39419, 78439, 9343, 48468, 84544, 39864, 76167, 43812, 71247, 20757, 1762, 41180, 27413, 60564, 22669, 82173, 16704, 46485, 72310, 26823, 41298, 58642, 32787, 90874, 58140, 56784, 29999, 8759, 96835, 78050, 41544, 1255, 17455, 33878, 64547, 58966, 82332, 5215, 48306, 8922, 24655, 4697, 70882, 84900, 82562, 62735, 34434, 73303, 61588, 35094, 68503, 41162, 54916, 58190, 12626, 60530, 22534, 77445, 84110, 41705, 60129, 60275, 26541, 44213, 1777, 13370, 3088, 42025, 39125, 6806, 57675, 48434, 98242, 36838, 43086, 11553, 17088, 22108, 72325, 25128, 87991, 65587, 14862, 36451, 44287, 9734, 15759, 72468, 61485, 14174, 26892, 64268, 19975, 5444, 33247, 50382, 76845, 87224, 36256, 66890, 95968, 72639, 77038, 43204, 39754, 36312, 74369, 96758, 27679, 249, 98284, 44817, 61235, 55085, 9992, 27298, 25783, 69424, 39622, 26481, 58524, 35109, 38014, 50849, 43262, 70599, 1236, 29822, 19493, 40976, 26562, 7919, 16019, 11304, 44960, 68766, 47516, 55933, 93459, 51964, 80457, 87397, 77661, 10867, 13339, 38927, 67085, 83000, 91594, 70221, 32812, 41638, 39247, 63161, 56481, 85947, 619, 54521, 29223, 59027, 34890, 77305, 79995, 54866, 56578, 59831, 16991, 48800, 12168, 58544, 42596, 87951, 65721, 11198, 23052, 15984, 12347, 45822, 1513, 17129, 34479, 87885, 87506, 81928, 20343, 45290, 20189, 98974, 29926, 61725, 72592, 35725, 72251, 55074, 7660, 24694]})"
562.0,9,164,64,50.774675369262695,10696,"Genotype(dna={""<class 'abc.NT_0017'>"": [1, 23052], ""<class 'abc.NT_0017_P_00000'>"": [], ""<class 'abc.NT_0005'>"": [0, 0, 35544, 1, 0, 1, 0, 1, 1, 1513], ""<class 'abc.NT_0005_P_00000'>"": [], ""<class 'abc.NT_0005_P_00001'>"": [], ""<class 'bool'>"": [50833, 28611, 95173, 92596, 84996, 15299, 84608, 73218, 73704, 53577, 54127, 73580, 61648, 63455, 34182, 28379, 9832, 69766, 27025, 9321, 39372, 40559, 45589, 21512, 9991, 31131, 22379, 82972, 66879, 7070, 87492, 33083, 92916, 1233, 89415, 28350, 54741, 51276, 16414, 74832, 4355, 87209, 57305, 93042, 23231, 67903, 93745, 31960, 29422, 28659, 99170, 40455, 13273, 92051, 14178, 78998, 45259, 78698, 95977, 93014, 83753, 21951, 16043, 13772, 66730, 10736, 57934, 29081, 62948, 99869, 41968, 82469, 93064, 59471, 51253, 67704, 97811, 82022, 87389, 59617, 67283, 63422, 70186, 58801, 23472, 68171, 46787, 87700, 86179, 38104, 2384, 90063, 6576, 80132, 98840, 65605, 74894, 53809, 99733, 89043, 84198, 62780, 94716, 23035, 32450, 31489, 41399, 87765, 69122, 99723, 54018, 92501, 39572, 89999, 58379, 67238, 50112, 90146, 55533, 46837, 57815, 68681, 79206, 32534, 3130, 58659, 69605, 82887, 74526, 5911, 58400, 62789, 48677, 31474, 44702, 39368, 40140, 19876, 33772, 86631, 58194, 70508], ""<class 'int'>"": [88091, 54758, 80960, 4147, 58985, 98835, 33177, 12380, 43928, 18156, 46293, 82997, 26546, 21931, 20632, 91665, 69275, 46303, 61738, 80613, 63967, 92163, 79154, 79668, 18313, 6071, 50712, 91463, 54716, 33220, 52575, 78591, 28324, 24851, 385, 86434, 6594, 95864, 4088, 31907, 5028, 70908, 60125, 88976, 64506, 45119, 63026, 18677, 76141, 62129, 40973, 74468, 90479, 50241, 61828, 14495, 64587, 47259, 69389, 59226, 21182, 99643, 3451, 67066, 55205, 22485, 89443, 19030, 10288, 23574, 78426, 55280, 17305, 68878, 94325, 9074, 35370, 56456, 95300, 73961, 59051, 835, 21640, 2744, 30054, 96306, 55542, 57066, 65643, 97962, 97088, 62680, 24967, 56005, 85155, 81002, 48234, 28842, 92105, 38714, 65511, 82476, 73240, 25988, 68682, 4749, 1059, 85277, 54664, 55169, 72830, 29209, 32377, 56597, 43815, 46740, 16019, 36704, 91606, 3697, 42934, 87720, 75207, 56054, 59737, 79252, 96186, 60558, 8582, 3209, 7798, 18736, 20655, 95860, 60671, 36386, 88318, 80757, 49888, 58523, 36742, 48071, 76427, 91397, 47115, 74907, 19807, 19166, 48854, 4778, 9526, 30084, 70329, 29929, 24152, 98179, 6661, 59360, 47157, 52018, 24734, 716, 46264, 89982, 86072, 78100, 64619, 77321], ""<class 'abc.NT_0010'>"": [0, 0, 1, 53054], ""<class 'abc.NT_0010_P_00000'>"": [], ""<class 'abc.NT_0006'>"": [2, 2, 0, 1, 1302, 1892], ""<class 'abc.NT_0006_P_00000'>"": [], ""<class 'abc.NT_0006_P_00001'>"": [], ""<class 'abc.NT_0002'>"": [1, 1, 2, 1, 1, 1, 1, 0, 2, 1, 41818, 0, 2, 0, 1, 0, 2, 1, 53720, 1, 0, 0, 69722, 1, 8713, 0, 0, 2, 0, 0, 0, 2, 1, 64800, 99864], ""<class 'abc.NT_0002_P_00000'>"": [], ""<class 'abc.NT_0001'>"": [1, 1, 1, 0, 0, 0, 0, 1, 1, 1, 1, 0, 1, 16227, 1, 1, 1, 1, 0, 0, 10290, 0, 0, 0, 0, 0, 1, 40887, 0, 0, 0, 0, 0, 0, 0, 0, 0, 1, 0, 0, 0, 0, 76558, 0, 0, 0, 1, 0, 0, 26591, 1, 1, 1, 0, 1, 0, 0, 45290], ""<class 'abc.NT_0001_P_00000'>"": [], ""<class 'abc.NT_0001_P_00001'>"": [], ""<class 'abc.NT_0000'>"": [0, 1, 1, 94528, 1, 0, 1, 1, 31647, 1, 1, 80324, 0, 0, 75412, 1, 69944, 1, 0, 0, 0, 1, 0, 0, 0, 1, 1, 0, 1, 3483, 1, 0, 42401, 0, 0, 0, 0, 54668, 66557, 1, 0, 1, 1, 0, 0, 21028, 54540, 1, 5444, 3614, 1, 0, 0, 0, 0, 0, 71485, 1, 0, 0, 0, 0, 1, 20343], ""<class 'abc.NT_0000_P_00000'>"": [], ""<class 'abc.NT_0000_P_00001'>"": [], ""<class 'abc.NT_0002_P_00001'>"": [], ""<class 'abc.NT_0002_P_00002'>"": [], ""<class 'abc.NT_0006_P_00002'>"": [], ""<class 'abc.NT_0007'>"": [1, 0, 1, 2, 87885, 72251, 55074], ""<class 'abc.NT_0007_P_00000'>"": [], ""<class 'abc.NT_0007_P_00001'>"": [], ""<class 'abc.NT_0007_P_00002'>"": [], ""<class 'abc.NT_0004'>"": [1, 1, 77639, 2, 1, 2, 63194, 90154], ""<class 'abc.NT_0004_P_00000'>"": [], ""<class 'abc.NT_0003'>"": [10039, 1, 0, 1, 98974, 61725, 72592, 35725, 7660], ""<class 'abc.NT_0003_P_00000'>"": [], ""<class 'abc.NT_0003_P_00001'>"": [], ""<class 'abc.NT_0003_P_00002'>"": [], ""<class 'abc.NT_0003_P_00003'>"": [], ""<class 'abc.NT_0004_P_00001'>"": [], ""<class 'abc.NT_0004_P_00002'>"": [], ""<class 'abc.NT_0009'>"": [3, 0, 1, 1, 0, 45822], ""<class 'abc.NT_0009_P_00000'>"": [], ""<class 'abc.NT_0008'>"": [15828, 0, 83857, 0, 0, 0, 17129], ""<class 'abc.NT_0008_P_00000'>"": [], ""<class 'abc.NT_0009_P_00001'>"": [], ""<class 'abc.NT_0009_P_00002'>"": [], ""<class 'abc.NT_0009_P_00003'>"": [], ""<class 'abc.NT_0010_P_00001'>"": [], ""<class 'abc.NT_0010_P_00002'>"": [], ""<class 'abc.NT_0017_P_00001'>"": [], ""<class 'abc.NT_0012'>"": [0, 0, 27606, 0, 0, 65962], ""<class 'abc.NT_0012_P_00000'>"": [], ""<class 'abc.NT_0012_P_00001'>"": [], ""<class 'abc.NT_0017_P_00002'>"": [], ""<class 'abc.NT_0013'>"": [], ""<class 'abc.NT_0013_P_00000'>"": [], ""<class 'abc.NT_0011'>"": [0, 94522], ""<class 'abc.NT_0011_P_00000'>"": [], ""<class 'abc.NT_0011_P_00001'>"": [], ""<class 'abc.NT_0011_P_00002'>"": [], ""<class 'abc.NT_0013_P_00001'>"": [], ""<class 'abc.NT_0013_P_00002'>"": [], ""<class 'abc.NT_0017_P_00003'>"": [], ""<class 'abc.NT_0016'>"": [0, 20070], ""<class 'abc.NT_0016_P_00000'>"": [], ""<class 'abc.NT_0016_P_00001'>"": [], ""<class 'abc.NT_0016_P_00002'>"": [], '$leftovers': [13707, 7777, 43103, 79112, 41937, 82055, 41802, 80929, 37572, 24235, 1002, 66268, 87311, 99058, 42897, 54099, 4751, 39061, 38658, 18856, 32793, 32020, 84694, 43326, 66351, 11593, 16559, 82179, 29701, 14785, 63931, 19995, 86098, 88506, 88906, 98218, 57143, 64899, 75531, 17691, 63845, 68413, 76826, 30524, 48607, 6718, 24768, 14247, 23842, 98884, 92372, 55279, 40315, 43705, 6728, 53868, 34432, 73753, 89438, 79733, 83929, 38685, 35410, 5343, 16823, 35888, 70000, 12879, 27426, 44726, 95438, 53746, 11554, 35563, 36846, 46156, 65002, 72433, 85297, 12477, 3511, 72425, 53166, 5796, 30717, 45518, 76561, 21526, 65748, 18017, 64172, 9175, 16724, 51276, 1749, 5687, 47923, 68260, 48548, 94393, 55323, 76604, 84009, 54574, 8798, 35733, 67233, 4198, 56844, 12629, 29196, 81671, 71295, 84963, 73193, 37662, 77918, 40265, 71387, 2776, 72056, 79890, 24380, 6524, 11920, 82004, 80554, 7771, 51485, 29874, 64851, 32118, 68660, 22646, 40503, 29950, 45632, 59339, 63591, 66553, 79195, 90039, 8891, 94412, 82595, 43578, 41060, 60184, 28053, 84947, 77614, 38864, 91374, 58545, 50015, 19960, 7381, 78763, 85070, 21507, 19025, 51930, 32629, 45143, 39756, 26052, 37388, 90108, 9391, 53674, 16962, 24269, 95106, 99931, 56381, 37781, 12365, 84199, 30949, 74271, 916, 85830, 97679, 18102, 478, 75886, 30302, 21977, 90537, 30063, 19357, 81788, 35261, 14719, 66114, 20921, 20240, 5992, 58367, 9680, 68600, 85141, 46379, 54808, 83564, 47005, 66549, 22371, 91024, 89979, 20226, 63714, 58641, 45142, 46907, 57602, 15144, 97990, 7439, 11158, 59469, 11328, 80659, 5962, 25695, 77537, 11892, 91592, 56748, 38581, 37353, 71743, 70419, 27563, 8343, 51963, 16605, 94638, 42057, 61173, 28541, 41743, 60295, 49767, 73628, 41163, 91833, 78182, 82565, 25215, 96862, 76058, 44249, 82715, 20979, 71376, 27708, 78050, 40085, 30494, 46076, 48158, 98017, 59418, 77712, 4502, 58514, 86759, 30136, 53692, 84446, 34409, 6828, 35370, 50950, 51945, 59877, 55822, 81173, 57512, 24080, 92189, 34559, 32530, 48867, 64932, 44, 85888, 8300, 92843, 6844, 39222, 76898, 88754, 22876, 38074, 43299, 88699, 81654, 61902, 89999, 13497, 66668, 7338, 74096, 38397, 11013, 98336, 40480, 33892, 63626, 49088, 71312, 23172, 10803, 62392, 24917, 67254, 58009, 81336, 59457, 73844, 95696, 6506, 27308, 70695, 56701, 13067, 41613, 72662, 53528, 75491, 42519, 81780, 31754, 13856, 88917, 96452, 41223, 89774, 10407, 31336, 50783, 20291, 5997, 7069, 31395, 24625, 6189, 56620, 24762, 84988, 68874, 85812, 41091, 24302, 77112, 35149, 22780, 53184, 18627, 57549, 17465, 63612, 87939, 6980, 60883, 29814, 87238, 14952, 60779, 86760, 61062, 30267, 24445, 56989, 27229, 82900, 90023, 57786, 63779, 40235, 86679, 51776, 22058, 63483, 39593, 41554, 8133, 95503, 6716, 25867, 90267, 22987, 39665, 98545, 93605, 1747, 78248, 27473, 33109, 26918, 82634, 51318, 80099, 73743, 12182, 94300, 46775, 25047, 68889, 10070, 18361, 65084, 37080, 70960, 83222, 67058, 98067, 22471, 67691, 59607, 67337, 8930, 21238, 46639, 45431, 43153, 96128, 24156, 80501, 82080, 49059, 2091, 12212, 52072, 31681, 90064, 42922, 12694, 63500, 88958, 85424, 60965, 55836, 88426, 54941, 94663, 65220, 71036, 49752, 17451, 53699, 9314, 14619, 3290, 44849, 90564, 91441, 62905, 40530, 5641, 37318, 36823, 31308, 19382, 62343, 86280, 16633, 47566, 15336, 77921, 88788, 50425, 20260, 79556, 59009, 60227, 87434, 40228, 88797, 25912, 98562, 76789, 91824, 52309, 10258, 50738, 95463, 77205, 93493, 68362, 24106, 95689, 49524, 69579, 66348, 75971, 22529, 74132, 89303, 37488, 5127, 63655, 17283, 25796, 52901, 73353, 59242, 58591, 76499, 46764, 96815, 56675, 19904, 86086, 9538, 16381, 25966, 48189, 47295, 50918, 3257, 56486, 10672, 45517, 6977, 66557, 24565, 14166, 47870, 73695, 59021, 61532, 83752, 51246, 6816, 65190, 71364, 98756, 25731, 84141, 78432, 21130, 69362, 52504, 59655, 73856, 97330, 50721, 19705, 54620, 16926, 96429, 24048, 73377, 67355, 15053, 17980, 70735, 35236, 75523, 91241, 23447, 72477, 51156, 95259, 88333, 29494, 67321, 52714, 62917, 99842, 65229, 6617, 44275, 88720, 37853, 8770, 63811, 7507, 89636, 17817, 1558, 85068, 79776, 73733, 11481, 89926, 56682, 49746, 9429, 50818, 45883, 58652, 12423, 26431, 60221, 95661, 73944, 68283, 51044, 69558, 68608, 65135, 29404, 17239, 5514, 47278, 63393, 94877, 23491, 47292, 6877, 19032, 65956, 9732, 97912, 1976, 37613, 34466, 61934, 57269, 53618, 5940, 93510, 52374, 85684, 22266, 86296, 60665, 10810, 9462, 494, 58482, 75247, 71566, 31620, 58819, 97731, 83116, 7767, 83623, 12444, 57312, 49834, 46402, 98377, 30435, 36116, 16443, 25589, 45312, 64514, 37426, 76200, 11178, 7488, 18610, 92099, 97566, 6854, 33656, 17686, 10866, 73697, 81050, 12312, 6505, 95303, 61521, 72092, 94259, 32683, 45746, 77187, 88803, 39457, 40047, 95729, 22380, 62708, 14355, 83408, 29714, 50213, 24600, 63055, 94787, 52488, 53820, 72502, 35142, 82539, 36201, 83535, 70150, 4544, 53013, 91532, 98794, 75749, 37723, 24569, 90322, 279, 84293, 85419, 53204, 7321, 22724, 95538, 85836, 2877, 93721, 73981, 40836, 90505, 94370, 88415, 37372, 69317, 25860, 4116, 35759, 84385, 33447, 84816, 12456, 31068, 57878, 18743, 27118, 55146, 45045, 76854, 36409, 49423, 25447, 28432, 61176, 34319, 67878, 7127, 41048, 27399, 57337, 84290, 2409, 69039, 23729, 7494, 36747, 48478, 38848, 42755, 293, 91046, 40498, 48156, 87860, 19957, 4960, 74844, 19836, 92291, 57801, 90081, 88664, 17768, 78881, 47919, 71822, 34413, 1930, 46778, 88873, 89253, 43012, 48581, 9353, 85645, 13891, 48249, 50115, 66199, 3386, 20854, 99932, 28051, 71692, 93909, 74084, 74671, 89896, 50523, 88742, 12398, 72247, 55742, 51721, 34827, 36846, 62982, 39419, 78439, 9343, 48468, 84544, 39864, 76167, 43812, 71247, 20757, 1762, 41180, 27413, 60564, 22669, 82173, 16704, 46485, 72310, 26823, 41298, 58642, 32787, 90874, 58140, 56784, 29999, 8759, 96835, 78050, 41544, 1255, 17455, 33878, 64547, 58966, 82332, 5215, 48306, 8922, 24655, 4697, 70882, 84900, 82562, 62735, 34434, 73303, 61588, 35094, 68503, 41162, 54916, 58190, 12626, 60530, 22534, 77445, 84110, 41705, 60129, 60275, 26541, 44213, 1777, 13370, 3088, 42025, 39125, 6806, 57675, 48434, 98242, 36838, 43086, 11553, 17088, 22108, 72325, 25128, 87991, 65587, 14862, 36451, 44287, 9734, 15759, 72468, 61485, 14174, 26892, 64268, 19975, 5444, 33247, 50382, 76845, 87224, 36256, 66890, 95968, 72639, 77038, 43204, 39754, 36312, 74369, 96758, 27679, 249, 98284, 44817, 61235, 55085, 9992, 27298, 25783, 69424, 39622, 26481, 58524, 35109, 38014, 50849, 43262, 70599, 1236, 29822, 19493, 40976, 26562, 7919, 16019, 11304, 44960, 68766, 47516, 55933, 93459, 51964, 80457, 87397, 77661, 10867, 13339, 38927, 67085, 83000, 91594, 70221, 32812, 41638, 39247, 63161, 56481, 85947, 619, 54521, 29223, 59027, 34890, 77305, 79995, 54866, 56578, 59831, 16991, 48800, 12168, 58544, 42596, 87951, 65721, 11198, 23052, 15984, 12347, 45822, 1513, 17129, 34479, 87885, 87506, 81928, 20343, 45290, 20189, 98974, 29926, 61725, 72592, 35725, 72251, 55074, 7660, 24694]})"
562.0,9,164,65,51.08672475814819,10696,"Genotype(dna={""<class 'abc.NT_0017'>"": [1, 23052], ""<class 'abc.NT_0017_P_00000'>"": [], ""<class 'abc.NT_0005'>"": [0, 0, 35544, 1, 0, 1, 0, 1, 1, 1513], ""<class 'abc.NT_0005_P_00000'>"": [], ""<class 'abc.NT_0005_P_00001'>"": [], ""<class 'bool'>"": [50833, 28611, 95173, 92596, 84996, 15299, 84608, 73218, 73704, 53577, 54127, 73580, 61648, 63455, 34182, 28379, 9832, 69766, 27025, 9321, 39372, 40559, 45589, 21512, 9991, 31131, 22379, 82972, 66879, 7070, 87492, 33083, 92916, 1233, 89415, 28350, 54741, 51276, 16414, 74832, 4355, 87209, 57305, 93042, 23231, 67903, 93745, 31960, 29422, 28659, 99170, 40455, 13273, 92051, 14178, 78998, 45259, 78698, 95977, 93014, 83753, 21951, 16043, 13772, 66730, 10736, 57934, 29081, 62948, 99869, 41968, 82469, 93064, 59471, 51253, 67704, 97811, 82022, 87389, 59617, 67283, 63422, 70186, 58801, 23472, 68171, 46787, 87700, 86179, 38104, 2384, 90063, 6576, 80132, 98840, 65605, 74894, 53809, 99733, 89043, 84198, 62780, 94716, 23035, 32450, 31489, 41399, 87765, 69122, 99723, 54018, 92501, 39572, 89999, 58379, 67238, 50112, 90146, 55533, 46837, 57815, 68681, 79206, 32534, 3130, 58659, 69605, 82887, 74526, 5911, 58400, 62789, 48677, 31474, 44702, 39368, 40140, 19876, 33772, 86631, 58194, 70508], ""<class 'int'>"": [88091, 54758, 80960, 4147, 58985, 98835, 33177, 12380, 43928, 18156, 46293, 82997, 26546, 21931, 20632, 91665, 69275, 46303, 61738, 80613, 63967, 92163, 79154, 79668, 18313, 6071, 50712, 91463, 54716, 33220, 52575, 78591, 28324, 24851, 385, 86434, 6594, 95864, 4088, 31907, 5028, 70908, 60125, 88976, 64506, 45119, 63026, 18677, 76141, 62129, 40973, 74468, 90479, 50241, 61828, 14495, 64587, 47259, 69389, 59226, 21182, 99643, 3451, 67066, 55205, 22485, 89443, 19030, 10288, 23574, 78426, 55280, 17305, 68878, 94325, 9074, 35370, 56456, 95300, 73961, 59051, 835, 21640, 2744, 30054, 96306, 55542, 57066, 65643, 97962, 97088, 62680, 24967, 56005, 85155, 81002, 48234, 28842, 92105, 38714, 65511, 82476, 73240, 25988, 68682, 4749, 1059, 85277, 54664, 55169, 72830, 29209, 32377, 56597, 43815, 46740, 16019, 36704, 91606, 3697, 42934, 87720, 75207, 56054, 59737, 79252, 96186, 60558, 8582, 3209, 7798, 18736, 20655, 95860, 60671, 36386, 88318, 80757, 49888, 58523, 36742, 48071, 76427, 91397, 47115, 74907, 19807, 19166, 48854, 4778, 9526, 30084, 70329, 29929, 24152, 98179, 6661, 59360, 47157, 52018, 24734, 716, 46264, 89982, 86072, 78100, 64619, 77321], ""<class 'abc.NT_0010'>"": [0, 0, 1, 53054], ""<class 'abc.NT_0010_P_00000'>"": [], ""<class 'abc.NT_0006'>"": [2, 2, 0, 1, 1302, 1892], ""<class 'abc.NT_0006_P_00000'>"": [], ""<class 'abc.NT_0006_P_00001'>"": [], ""<class 'abc.NT_0002'>"": [1, 1, 2, 1, 1, 1, 1, 0, 2, 1, 41818, 0, 2, 0, 1, 0, 2, 1, 53720, 1, 0, 0, 69722, 1, 8713, 0, 0, 2, 0, 0, 0, 2, 1, 64800, 99864], ""<class 'abc.NT_0002_P_00000'>"": [], ""<class 'abc.NT_0001'>"": [1, 1, 1, 0, 0, 0, 0, 1, 1, 1, 1, 0, 1, 16227, 1, 1, 1, 1, 0, 0, 10290, 0, 0, 0, 0, 0, 1, 40887, 0, 0, 0, 0, 0, 0, 0, 0, 0, 1, 0, 0, 0, 0, 76558, 0, 0, 0, 1, 0, 0, 26591, 1, 1, 1, 0, 1, 0, 0, 45290], ""<class 'abc.NT_0001_P_00000'>"": [], ""<class 'abc.NT_0001_P_00001'>"": [], ""<class 'abc.NT_0000'>"": [0, 1, 1, 94528, 1, 0, 1, 1, 31647, 1, 1, 80324, 0, 0, 75412, 1, 69944, 1, 0, 0, 0, 1, 0, 0, 0, 1, 1, 0, 1, 3483, 1, 0, 42401, 0, 0, 0, 0, 54668, 66557, 1, 0, 1, 1, 0, 0, 21028, 54540, 1, 5444, 3614, 1, 0, 0, 0, 0, 0, 71485, 1, 0, 0, 0, 0, 1, 20343], ""<class 'abc.NT_0000_P_00000'>"": [], ""<class 'abc.NT_0000_P_00001'>"": [], ""<class 'abc.NT_0002_P_00001'>"": [], ""<class 'abc.NT_0002_P_00002'>"": [], ""<class 'abc.NT_0006_P_00002'>"": [], ""<class 'abc.NT_0007'>"": [1, 0, 1, 2, 87885, 72251, 55074], ""<class 'abc.NT_0007_P_00000'>"": [], ""<class 'abc.NT_0007_P_00001'>"": [], ""<class 'abc.NT_0007_P_00002'>"": [], ""<class 'abc.NT_0004'>"": [1, 1, 77639, 2, 1, 2, 63194, 90154], ""<class 'abc.NT_0004_P_00000'>"": [], ""<class 'abc.NT_0003'>"": [10039, 1, 0, 1, 98974, 61725, 72592, 35725, 7660], ""<class 'abc.NT_0003_P_00000'>"": [], ""<class 'abc.NT_0003_P_00001'>"": [], ""<class 'abc.NT_0003_P_00002'>"": [], ""<class 'abc.NT_0003_P_00003'>"": [], ""<class 'abc.NT_0004_P_00001'>"": [], ""<class 'abc.NT_0004_P_00002'>"": [], ""<class 'abc.NT_0009'>"": [3, 0, 1, 1, 0, 45822], ""<class 'abc.NT_0009_P_00000'>"": [], ""<class 'abc.NT_0008'>"": [15828, 0, 83857, 0, 0, 0, 17129], ""<class 'abc.NT_0008_P_00000'>"": [], ""<class 'abc.NT_0009_P_00001'>"": [], ""<class 'abc.NT_0009_P_00002'>"": [], ""<class 'abc.NT_0009_P_00003'>"": [], ""<class 'abc.NT_0010_P_00001'>"": [], ""<class 'abc.NT_0010_P_00002'>"": [], ""<class 'abc.NT_0017_P_00001'>"": [], ""<class 'abc.NT_0012'>"": [0, 0, 27606, 0, 0, 65962], ""<class 'abc.NT_0012_P_00000'>"": [], ""<class 'abc.NT_0012_P_00001'>"": [], ""<class 'abc.NT_0017_P_00002'>"": [], ""<class 'abc.NT_0013'>"": [], ""<class 'abc.NT_0013_P_00000'>"": [], ""<class 'abc.NT_0011'>"": [0, 94522], ""<class 'abc.NT_0011_P_00000'>"": [], ""<class 'abc.NT_0011_P_00001'>"": [], ""<class 'abc.NT_0011_P_00002'>"": [], ""<class 'abc.NT_0013_P_00001'>"": [], ""<class 'abc.NT_0013_P_00002'>"": [], ""<class 'abc.NT_0017_P_00003'>"": [], ""<class 'abc.NT_0016'>"": [0, 20070], ""<class 'abc.NT_0016_P_00000'>"": [], ""<class 'abc.NT_0016_P_00001'>"": [], ""<class 'abc.NT_0016_P_00002'>"": [], '$leftovers': [13707, 7777, 43103, 79112, 41937, 82055, 41802, 80929, 37572, 24235, 1002, 66268, 87311, 99058, 42897, 54099, 4751, 39061, 38658, 18856, 32793, 32020, 84694, 43326, 66351, 11593, 16559, 82179, 29701, 14785, 63931, 19995, 86098, 88506, 88906, 98218, 57143, 64899, 75531, 17691, 63845, 68413, 76826, 30524, 48607, 6718, 24768, 14247, 23842, 98884, 92372, 55279, 40315, 43705, 6728, 53868, 34432, 73753, 89438, 79733, 83929, 38685, 35410, 5343, 16823, 35888, 70000, 12879, 27426, 44726, 95438, 53746, 11554, 35563, 36846, 46156, 65002, 72433, 85297, 12477, 3511, 72425, 53166, 5796, 30717, 45518, 76561, 21526, 65748, 18017, 64172, 9175, 16724, 51276, 1749, 5687, 47923, 68260, 48548, 94393, 55323, 76604, 84009, 54574, 8798, 35733, 67233, 4198, 56844, 12629, 29196, 81671, 71295, 84963, 73193, 37662, 77918, 40265, 71387, 2776, 72056, 79890, 24380, 6524, 11920, 82004, 80554, 7771, 51485, 29874, 64851, 32118, 68660, 22646, 40503, 29950, 45632, 59339, 63591, 66553, 79195, 90039, 8891, 94412, 82595, 43578, 41060, 60184, 28053, 84947, 77614, 38864, 91374, 58545, 50015, 19960, 7381, 78763, 85070, 21507, 19025, 51930, 32629, 45143, 39756, 26052, 37388, 90108, 9391, 53674, 16962, 24269, 95106, 99931, 56381, 37781, 12365, 84199, 30949, 74271, 916, 85830, 97679, 18102, 478, 75886, 30302, 21977, 90537, 30063, 19357, 81788, 35261, 14719, 66114, 20921, 20240, 5992, 58367, 9680, 68600, 85141, 46379, 54808, 83564, 47005, 66549, 22371, 91024, 89979, 20226, 63714, 58641, 45142, 46907, 57602, 15144, 97990, 7439, 11158, 59469, 11328, 80659, 5962, 25695, 77537, 11892, 91592, 56748, 38581, 37353, 71743, 70419, 27563, 8343, 51963, 16605, 94638, 42057, 61173, 28541, 41743, 60295, 49767, 73628, 41163, 91833, 78182, 82565, 25215, 96862, 76058, 44249, 82715, 20979, 71376, 27708, 78050, 40085, 30494, 46076, 48158, 98017, 59418, 77712, 4502, 58514, 86759, 30136, 53692, 84446, 34409, 6828, 35370, 50950, 51945, 59877, 55822, 81173, 57512, 24080, 92189, 34559, 32530, 48867, 64932, 44, 85888, 8300, 92843, 6844, 39222, 76898, 88754, 22876, 38074, 43299, 88699, 81654, 61902, 89999, 13497, 66668, 7338, 74096, 38397, 11013, 98336, 40480, 33892, 63626, 49088, 71312, 23172, 10803, 62392, 24917, 67254, 58009, 81336, 59457, 73844, 95696, 6506, 27308, 70695, 56701, 13067, 41613, 72662, 53528, 75491, 42519, 81780, 31754, 13856, 88917, 96452, 41223, 89774, 10407, 31336, 50783, 20291, 5997, 7069, 31395, 24625, 6189, 56620, 24762, 84988, 68874, 85812, 41091, 24302, 77112, 35149, 22780, 53184, 18627, 57549, 17465, 63612, 87939, 6980, 60883, 29814, 87238, 14952, 60779, 86760, 61062, 30267, 24445, 56989, 27229, 82900, 90023, 57786, 63779, 40235, 86679, 51776, 22058, 63483, 39593, 41554, 8133, 95503, 6716, 25867, 90267, 22987, 39665, 98545, 93605, 1747, 78248, 27473, 33109, 26918, 82634, 51318, 80099, 73743, 12182, 94300, 46775, 25047, 68889, 10070, 18361, 65084, 37080, 70960, 83222, 67058, 98067, 22471, 67691, 59607, 67337, 8930, 21238, 46639, 45431, 43153, 96128, 24156, 80501, 82080, 49059, 2091, 12212, 52072, 31681, 90064, 42922, 12694, 63500, 88958, 85424, 60965, 55836, 88426, 54941, 94663, 65220, 71036, 49752, 17451, 53699, 9314, 14619, 3290, 44849, 90564, 91441, 62905, 40530, 5641, 37318, 36823, 31308, 19382, 62343, 86280, 16633, 47566, 15336, 77921, 88788, 50425, 20260, 79556, 59009, 60227, 87434, 40228, 88797, 25912, 98562, 76789, 91824, 52309, 10258, 50738, 95463, 77205, 93493, 68362, 24106, 95689, 49524, 69579, 66348, 75971, 22529, 74132, 89303, 37488, 5127, 63655, 17283, 25796, 52901, 73353, 59242, 58591, 76499, 46764, 96815, 56675, 19904, 86086, 9538, 16381, 25966, 48189, 47295, 50918, 3257, 56486, 10672, 45517, 6977, 66557, 24565, 14166, 47870, 73695, 59021, 61532, 83752, 51246, 6816, 65190, 71364, 98756, 25731, 84141, 78432, 21130, 69362, 52504, 59655, 73856, 97330, 50721, 19705, 54620, 16926, 96429, 24048, 73377, 67355, 15053, 17980, 70735, 35236, 75523, 91241, 23447, 72477, 51156, 95259, 88333, 29494, 67321, 52714, 62917, 99842, 65229, 6617, 44275, 88720, 37853, 8770, 63811, 7507, 89636, 17817, 1558, 85068, 79776, 73733, 11481, 89926, 56682, 49746, 9429, 50818, 45883, 58652, 12423, 26431, 60221, 95661, 73944, 68283, 51044, 69558, 68608, 65135, 29404, 17239, 5514, 47278, 63393, 94877, 23491, 47292, 6877, 19032, 65956, 9732, 97912, 1976, 37613, 34466, 61934, 57269, 53618, 5940, 93510, 52374, 85684, 22266, 86296, 60665, 10810, 9462, 494, 58482, 75247, 71566, 31620, 58819, 97731, 83116, 7767, 83623, 12444, 57312, 49834, 46402, 98377, 30435, 36116, 16443, 25589, 45312, 64514, 37426, 76200, 11178, 7488, 18610, 92099, 97566, 6854, 33656, 17686, 10866, 73697, 81050, 12312, 6505, 95303, 61521, 72092, 94259, 32683, 45746, 77187, 88803, 39457, 40047, 95729, 22380, 62708, 14355, 83408, 29714, 50213, 24600, 63055, 94787, 52488, 53820, 72502, 35142, 82539, 36201, 83535, 70150, 4544, 53013, 91532, 98794, 75749, 37723, 24569, 90322, 279, 84293, 85419, 53204, 7321, 22724, 95538, 85836, 2877, 93721, 73981, 40836, 90505, 94370, 88415, 37372, 69317, 25860, 4116, 35759, 84385, 33447, 84816, 12456, 31068, 57878, 18743, 27118, 55146, 45045, 76854, 36409, 49423, 25447, 28432, 61176, 34319, 67878, 7127, 41048, 27399, 57337, 84290, 2409, 69039, 23729, 7494, 36747, 48478, 38848, 42755, 293, 91046, 40498, 48156, 87860, 19957, 4960, 74844, 19836, 92291, 57801, 90081, 88664, 17768, 78881, 47919, 71822, 34413, 1930, 46778, 88873, 89253, 43012, 48581, 9353, 85645, 13891, 48249, 50115, 66199, 3386, 20854, 99932, 28051, 71692, 93909, 74084, 74671, 89896, 50523, 88742, 12398, 72247, 55742, 51721, 34827, 36846, 62982, 39419, 78439, 9343, 48468, 84544, 39864, 76167, 43812, 71247, 20757, 1762, 41180, 27413, 60564, 22669, 82173, 16704, 46485, 72310, 26823, 41298, 58642, 32787, 90874, 58140, 56784, 29999, 8759, 96835, 78050, 41544, 1255, 17455, 33878, 64547, 58966, 82332, 5215, 48306, 8922, 24655, 4697, 70882, 84900, 82562, 62735, 34434, 73303, 61588, 35094, 68503, 41162, 54916, 58190, 12626, 60530, 22534, 77445, 84110, 41705, 60129, 60275, 26541, 44213, 1777, 13370, 3088, 42025, 39125, 6806, 57675, 48434, 98242, 36838, 43086, 11553, 17088, 22108, 72325, 25128, 87991, 65587, 14862, 36451, 44287, 9734, 15759, 72468, 61485, 14174, 26892, 64268, 19975, 5444, 33247, 50382, 76845, 87224, 36256, 66890, 95968, 72639, 77038, 43204, 39754, 36312, 74369, 96758, 27679, 249, 98284, 44817, 61235, 55085, 9992, 27298, 25783, 69424, 39622, 26481, 58524, 35109, 38014, 50849, 43262, 70599, 1236, 29822, 19493, 40976, 26562, 7919, 16019, 11304, 44960, 68766, 47516, 55933, 93459, 51964, 80457, 87397, 77661, 10867, 13339, 38927, 67085, 83000, 91594, 70221, 32812, 41638, 39247, 63161, 56481, 85947, 619, 54521, 29223, 59027, 34890, 77305, 79995, 54866, 56578, 59831, 16991, 48800, 12168, 58544, 42596, 87951, 65721, 11198, 23052, 15984, 12347, 45822, 1513, 17129, 34479, 87885, 87506, 81928, 20343, 45290, 20189, 98974, 29926, 61725, 72592, 35725, 72251, 55074, 7660, 24694]})"
562.0,9,164,66,51.446107387542725,10696,"Genotype(dna={""<class 'abc.NT_0017'>"": [1, 23052], ""<class 'abc.NT_0017_P_00000'>"": [], ""<class 'abc.NT_0005'>"": [0, 0, 35544, 1, 0, 1, 0, 1, 1, 1513], ""<class 'abc.NT_0005_P_00000'>"": [], ""<class 'abc.NT_0005_P_00001'>"": [], ""<class 'bool'>"": [50833, 28611, 95173, 92596, 84996, 15299, 84608, 73218, 73704, 53577, 54127, 73580, 61648, 63455, 34182, 28379, 9832, 69766, 27025, 9321, 39372, 40559, 45589, 21512, 9991, 31131, 22379, 82972, 66879, 7070, 87492, 33083, 92916, 1233, 89415, 28350, 54741, 51276, 16414, 74832, 4355, 87209, 57305, 93042, 23231, 67903, 93745, 31960, 29422, 28659, 99170, 40455, 13273, 92051, 14178, 78998, 45259, 78698, 95977, 93014, 83753, 21951, 16043, 13772, 66730, 10736, 57934, 29081, 62948, 99869, 41968, 82469, 93064, 59471, 51253, 67704, 97811, 82022, 87389, 59617, 67283, 63422, 70186, 58801, 23472, 68171, 46787, 87700, 86179, 38104, 2384, 90063, 6576, 80132, 98840, 65605, 74894, 53809, 99733, 89043, 84198, 62780, 94716, 23035, 32450, 31489, 41399, 87765, 69122, 99723, 54018, 92501, 39572, 89999, 58379, 67238, 50112, 90146, 55533, 46837, 57815, 68681, 79206, 32534, 3130, 58659, 69605, 82887, 74526, 5911, 58400, 62789, 48677, 31474, 44702, 39368, 40140, 19876, 33772, 86631, 58194, 70508], ""<class 'int'>"": [88091, 54758, 80960, 4147, 58985, 98835, 33177, 12380, 43928, 18156, 46293, 82997, 26546, 21931, 20632, 91665, 69275, 46303, 61738, 80613, 63967, 92163, 79154, 79668, 18313, 6071, 50712, 91463, 54716, 33220, 52575, 78591, 28324, 24851, 385, 86434, 6594, 95864, 4088, 31907, 5028, 70908, 60125, 88976, 64506, 45119, 63026, 18677, 76141, 62129, 40973, 74468, 90479, 50241, 61828, 14495, 64587, 47259, 69389, 59226, 21182, 99643, 3451, 67066, 55205, 22485, 89443, 19030, 10288, 23574, 78426, 55280, 17305, 68878, 94325, 9074, 35370, 56456, 95300, 73961, 59051, 835, 21640, 2744, 30054, 96306, 55542, 57066, 65643, 97962, 97088, 62680, 24967, 56005, 85155, 81002, 48234, 28842, 92105, 38714, 65511, 82476, 73240, 25988, 68682, 4749, 1059, 85277, 54664, 55169, 72830, 29209, 32377, 56597, 43815, 46740, 16019, 36704, 91606, 3697, 42934, 87720, 75207, 56054, 59737, 79252, 96186, 60558, 8582, 3209, 7798, 18736, 20655, 95860, 60671, 36386, 88318, 80757, 49888, 58523, 36742, 48071, 76427, 91397, 47115, 74907, 19807, 19166, 48854, 4778, 9526, 30084, 70329, 29929, 24152, 98179, 6661, 59360, 47157, 52018, 24734, 716, 46264, 89982, 86072, 78100, 64619, 77321], ""<class 'abc.NT_0010'>"": [0, 0, 1, 53054], ""<class 'abc.NT_0010_P_00000'>"": [], ""<class 'abc.NT_0006'>"": [2, 2, 0, 1, 1302, 1892], ""<class 'abc.NT_0006_P_00000'>"": [], ""<class 'abc.NT_0006_P_00001'>"": [], ""<class 'abc.NT_0002'>"": [1, 1, 2, 1, 1, 1, 1, 0, 2, 1, 41818, 0, 2, 0, 1, 0, 2, 1, 53720, 1, 0, 0, 69722, 1, 8713, 0, 0, 2, 0, 0, 0, 2, 1, 64800, 99864], ""<class 'abc.NT_0002_P_00000'>"": [], ""<class 'abc.NT_0001'>"": [1, 1, 1, 0, 0, 0, 0, 1, 1, 1, 1, 0, 1, 16227, 1, 1, 1, 1, 0, 0, 10290, 0, 0, 0, 0, 0, 1, 40887, 0, 0, 0, 0, 0, 0, 0, 0, 0, 1, 0, 0, 0, 0, 76558, 0, 0, 0, 1, 0, 0, 26591, 1, 1, 1, 0, 1, 0, 0, 45290], ""<class 'abc.NT_0001_P_00000'>"": [], ""<class 'abc.NT_0001_P_00001'>"": [], ""<class 'abc.NT_0000'>"": [0, 1, 1, 94528, 1, 0, 1, 1, 31647, 1, 1, 80324, 0, 0, 75412, 1, 69944, 1, 0, 0, 0, 1, 0, 0, 0, 1, 1, 0, 1, 3483, 1, 0, 42401, 0, 0, 0, 0, 54668, 66557, 1, 0, 1, 1, 0, 0, 21028, 54540, 1, 5444, 3614, 1, 0, 0, 0, 0, 0, 71485, 1, 0, 0, 0, 0, 1, 20343], ""<class 'abc.NT_0000_P_00000'>"": [], ""<class 'abc.NT_0000_P_00001'>"": [], ""<class 'abc.NT_0002_P_00001'>"": [], ""<class 'abc.NT_0002_P_00002'>"": [], ""<class 'abc.NT_0006_P_00002'>"": [], ""<class 'abc.NT_0007'>"": [1, 0, 1, 2, 87885, 72251, 55074], ""<class 'abc.NT_0007_P_00000'>"": [], ""<class 'abc.NT_0007_P_00001'>"": [], ""<class 'abc.NT_0007_P_00002'>"": [], ""<class 'abc.NT_0004'>"": [1, 1, 77639, 2, 1, 2, 63194, 90154], ""<class 'abc.NT_0004_P_00000'>"": [], ""<class 'abc.NT_0003'>"": [10039, 1, 0, 1, 98974, 61725, 72592, 35725, 7660], ""<class 'abc.NT_0003_P_00000'>"": [], ""<class 'abc.NT_0003_P_00001'>"": [], ""<class 'abc.NT_0003_P_00002'>"": [], ""<class 'abc.NT_0003_P_00003'>"": [], ""<class 'abc.NT_0004_P_00001'>"": [], ""<class 'abc.NT_0004_P_00002'>"": [], ""<class 'abc.NT_0009'>"": [3, 0, 1, 1, 0, 45822], ""<class 'abc.NT_0009_P_00000'>"": [], ""<class 'abc.NT_0008'>"": [15828, 0, 83857, 0, 0, 0, 17129], ""<class 'abc.NT_0008_P_00000'>"": [], ""<class 'abc.NT_0009_P_00001'>"": [], ""<class 'abc.NT_0009_P_00002'>"": [], ""<class 'abc.NT_0009_P_00003'>"": [], ""<class 'abc.NT_0010_P_00001'>"": [], ""<class 'abc.NT_0010_P_00002'>"": [], ""<class 'abc.NT_0017_P_00001'>"": [], ""<class 'abc.NT_0012'>"": [0, 0, 27606, 0, 0, 65962], ""<class 'abc.NT_0012_P_00000'>"": [], ""<class 'abc.NT_0012_P_00001'>"": [], ""<class 'abc.NT_0017_P_00002'>"": [], ""<class 'abc.NT_0013'>"": [], ""<class 'abc.NT_0013_P_00000'>"": [], ""<class 'abc.NT_0011'>"": [0, 94522], ""<class 'abc.NT_0011_P_00000'>"": [], ""<class 'abc.NT_0011_P_00001'>"": [], ""<class 'abc.NT_0011_P_00002'>"": [], ""<class 'abc.NT_0013_P_00001'>"": [], ""<class 'abc.NT_0013_P_00002'>"": [], ""<class 'abc.NT_0017_P_00003'>"": [], ""<class 'abc.NT_0016'>"": [0, 20070], ""<class 'abc.NT_0016_P_00000'>"": [], ""<class 'abc.NT_0016_P_00001'>"": [], ""<class 'abc.NT_0016_P_00002'>"": [], '$leftovers': [13707, 7777, 43103, 79112, 41937, 82055, 41802, 80929, 37572, 24235, 1002, 66268, 87311, 99058, 42897, 54099, 4751, 39061, 38658, 18856, 32793, 32020, 84694, 43326, 66351, 11593, 16559, 82179, 29701, 14785, 63931, 19995, 86098, 88506, 88906, 98218, 57143, 64899, 75531, 17691, 63845, 68413, 76826, 30524, 48607, 6718, 24768, 14247, 23842, 98884, 92372, 55279, 40315, 43705, 6728, 53868, 34432, 73753, 89438, 79733, 83929, 38685, 35410, 5343, 16823, 35888, 70000, 12879, 27426, 44726, 95438, 53746, 11554, 35563, 36846, 46156, 65002, 72433, 85297, 12477, 3511, 72425, 53166, 5796, 30717, 45518, 76561, 21526, 65748, 18017, 64172, 9175, 16724, 51276, 1749, 5687, 47923, 68260, 48548, 94393, 55323, 76604, 84009, 54574, 8798, 35733, 67233, 4198, 56844, 12629, 29196, 81671, 71295, 84963, 73193, 37662, 77918, 40265, 71387, 2776, 72056, 79890, 24380, 6524, 11920, 82004, 80554, 7771, 51485, 29874, 64851, 32118, 68660, 22646, 40503, 29950, 45632, 59339, 63591, 66553, 79195, 90039, 8891, 94412, 82595, 43578, 41060, 60184, 28053, 84947, 77614, 38864, 91374, 58545, 50015, 19960, 7381, 78763, 85070, 21507, 19025, 51930, 32629, 45143, 39756, 26052, 37388, 90108, 9391, 53674, 16962, 24269, 95106, 99931, 56381, 37781, 12365, 84199, 30949, 74271, 916, 85830, 97679, 18102, 478, 75886, 30302, 21977, 90537, 30063, 19357, 81788, 35261, 14719, 66114, 20921, 20240, 5992, 58367, 9680, 68600, 85141, 46379, 54808, 83564, 47005, 66549, 22371, 91024, 89979, 20226, 63714, 58641, 45142, 46907, 57602, 15144, 97990, 7439, 11158, 59469, 11328, 80659, 5962, 25695, 77537, 11892, 91592, 56748, 38581, 37353, 71743, 70419, 27563, 8343, 51963, 16605, 94638, 42057, 61173, 28541, 41743, 60295, 49767, 73628, 41163, 91833, 78182, 82565, 25215, 96862, 76058, 44249, 82715, 20979, 71376, 27708, 78050, 40085, 30494, 46076, 48158, 98017, 59418, 77712, 4502, 58514, 86759, 30136, 53692, 84446, 34409, 6828, 35370, 50950, 51945, 59877, 55822, 81173, 57512, 24080, 92189, 34559, 32530, 48867, 64932, 44, 85888, 8300, 92843, 6844, 39222, 76898, 88754, 22876, 38074, 43299, 88699, 81654, 61902, 89999, 13497, 66668, 7338, 74096, 38397, 11013, 98336, 40480, 33892, 63626, 49088, 71312, 23172, 10803, 62392, 24917, 67254, 58009, 81336, 59457, 73844, 95696, 6506, 27308, 70695, 56701, 13067, 41613, 72662, 53528, 75491, 42519, 81780, 31754, 13856, 88917, 96452, 41223, 89774, 10407, 31336, 50783, 20291, 5997, 7069, 31395, 24625, 6189, 56620, 24762, 84988, 68874, 85812, 41091, 24302, 77112, 35149, 22780, 53184, 18627, 57549, 17465, 63612, 87939, 6980, 60883, 29814, 87238, 14952, 60779, 86760, 61062, 30267, 24445, 56989, 27229, 82900, 90023, 57786, 63779, 40235, 86679, 51776, 22058, 63483, 39593, 41554, 8133, 95503, 6716, 25867, 90267, 22987, 39665, 98545, 93605, 1747, 78248, 27473, 33109, 26918, 82634, 51318, 80099, 73743, 12182, 94300, 46775, 25047, 68889, 10070, 18361, 65084, 37080, 70960, 83222, 67058, 98067, 22471, 67691, 59607, 67337, 8930, 21238, 46639, 45431, 43153, 96128, 24156, 80501, 82080, 49059, 2091, 12212, 52072, 31681, 90064, 42922, 12694, 63500, 88958, 85424, 60965, 55836, 88426, 54941, 94663, 65220, 71036, 49752, 17451, 53699, 9314, 14619, 3290, 44849, 90564, 91441, 62905, 40530, 5641, 37318, 36823, 31308, 19382, 62343, 86280, 16633, 47566, 15336, 77921, 88788, 50425, 20260, 79556, 59009, 60227, 87434, 40228, 88797, 25912, 98562, 76789, 91824, 52309, 10258, 50738, 95463, 77205, 93493, 68362, 24106, 95689, 49524, 69579, 66348, 75971, 22529, 74132, 89303, 37488, 5127, 63655, 17283, 25796, 52901, 73353, 59242, 58591, 76499, 46764, 96815, 56675, 19904, 86086, 9538, 16381, 25966, 48189, 47295, 50918, 3257, 56486, 10672, 45517, 6977, 66557, 24565, 14166, 47870, 73695, 59021, 61532, 83752, 51246, 6816, 65190, 71364, 98756, 25731, 84141, 78432, 21130, 69362, 52504, 59655, 73856, 97330, 50721, 19705, 54620, 16926, 96429, 24048, 73377, 67355, 15053, 17980, 70735, 35236, 75523, 91241, 23447, 72477, 51156, 95259, 88333, 29494, 67321, 52714, 62917, 99842, 65229, 6617, 44275, 88720, 37853, 8770, 63811, 7507, 89636, 17817, 1558, 85068, 79776, 73733, 11481, 89926, 56682, 49746, 9429, 50818, 45883, 58652, 12423, 26431, 60221, 95661, 73944, 68283, 51044, 69558, 68608, 65135, 29404, 17239, 5514, 47278, 63393, 94877, 23491, 47292, 6877, 19032, 65956, 9732, 97912, 1976, 37613, 34466, 61934, 57269, 53618, 5940, 93510, 52374, 85684, 22266, 86296, 60665, 10810, 9462, 494, 58482, 75247, 71566, 31620, 58819, 97731, 83116, 7767, 83623, 12444, 57312, 49834, 46402, 98377, 30435, 36116, 16443, 25589, 45312, 64514, 37426, 76200, 11178, 7488, 18610, 92099, 97566, 6854, 33656, 17686, 10866, 73697, 81050, 12312, 6505, 95303, 61521, 72092, 94259, 32683, 45746, 77187, 88803, 39457, 40047, 95729, 22380, 62708, 14355, 83408, 29714, 50213, 24600, 63055, 94787, 52488, 53820, 72502, 35142, 82539, 36201, 83535, 70150, 4544, 53013, 91532, 98794, 75749, 37723, 24569, 90322, 279, 84293, 85419, 53204, 7321, 22724, 95538, 85836, 2877, 93721, 73981, 40836, 90505, 94370, 88415, 37372, 69317, 25860, 4116, 35759, 84385, 33447, 84816, 12456, 31068, 57878, 18743, 27118, 55146, 45045, 76854, 36409, 49423, 25447, 28432, 61176, 34319, 67878, 7127, 41048, 27399, 57337, 84290, 2409, 69039, 23729, 7494, 36747, 48478, 38848, 42755, 293, 91046, 40498, 48156, 87860, 19957, 4960, 74844, 19836, 92291, 57801, 90081, 88664, 17768, 78881, 47919, 71822, 34413, 1930, 46778, 88873, 89253, 43012, 48581, 9353, 85645, 13891, 48249, 50115, 66199, 3386, 20854, 99932, 28051, 71692, 93909, 74084, 74671, 89896, 50523, 88742, 12398, 72247, 55742, 51721, 34827, 36846, 62982, 39419, 78439, 9343, 48468, 84544, 39864, 76167, 43812, 71247, 20757, 1762, 41180, 27413, 60564, 22669, 82173, 16704, 46485, 72310, 26823, 41298, 58642, 32787, 90874, 58140, 56784, 29999, 8759, 96835, 78050, 41544, 1255, 17455, 33878, 64547, 58966, 82332, 5215, 48306, 8922, 24655, 4697, 70882, 84900, 82562, 62735, 34434, 73303, 61588, 35094, 68503, 41162, 54916, 58190, 12626, 60530, 22534, 77445, 84110, 41705, 60129, 60275, 26541, 44213, 1777, 13370, 3088, 42025, 39125, 6806, 57675, 48434, 98242, 36838, 43086, 11553, 17088, 22108, 72325, 25128, 87991, 65587, 14862, 36451, 44287, 9734, 15759, 72468, 61485, 14174, 26892, 64268, 19975, 5444, 33247, 50382, 76845, 87224, 36256, 66890, 95968, 72639, 77038, 43204, 39754, 36312, 74369, 96758, 27679, 249, 98284, 44817, 61235, 55085, 9992, 27298, 25783, 69424, 39622, 26481, 58524, 35109, 38014, 50849, 43262, 70599, 1236, 29822, 19493, 40976, 26562, 7919, 16019, 11304, 44960, 68766, 47516, 55933, 93459, 51964, 80457, 87397, 77661, 10867, 13339, 38927, 67085, 83000, 91594, 70221, 32812, 41638, 39247, 63161, 56481, 85947, 619, 54521, 29223, 59027, 34890, 77305, 79995, 54866, 56578, 59831, 16991, 48800, 12168, 58544, 42596, 87951, 65721, 11198, 23052, 15984, 12347, 45822, 1513, 17129, 34479, 87885, 87506, 81928, 20343, 45290, 20189, 98974, 29926, 61725, 72592, 35725, 72251, 55074, 7660, 24694]})"
562.0,9,164,67,51.946852684020996,10696,"Genotype(dna={""<class 'abc.NT_0017'>"": [1, 23052], ""<class 'abc.NT_0017_P_00000'>"": [], ""<class 'abc.NT_0005'>"": [0, 0, 35544, 1, 0, 1, 0, 1, 1, 1513], ""<class 'abc.NT_0005_P_00000'>"": [], ""<class 'abc.NT_0005_P_00001'>"": [], ""<class 'bool'>"": [50833, 28611, 95173, 92596, 84996, 15299, 84608, 73218, 73704, 53577, 54127, 73580, 61648, 63455, 34182, 28379, 9832, 69766, 27025, 9321, 39372, 40559, 45589, 21512, 9991, 31131, 22379, 82972, 66879, 7070, 87492, 33083, 92916, 1233, 89415, 28350, 54741, 51276, 16414, 74832, 4355, 87209, 57305, 93042, 23231, 67903, 93745, 31960, 29422, 28659, 99170, 40455, 13273, 92051, 14178, 78998, 45259, 78698, 95977, 93014, 83753, 21951, 16043, 13772, 66730, 10736, 57934, 29081, 62948, 99869, 41968, 82469, 93064, 59471, 51253, 67704, 97811, 82022, 87389, 59617, 67283, 63422, 70186, 58801, 23472, 68171, 46787, 87700, 86179, 38104, 2384, 90063, 6576, 80132, 98840, 65605, 74894, 53809, 99733, 89043, 84198, 62780, 94716, 23035, 32450, 31489, 41399, 87765, 69122, 99723, 54018, 92501, 39572, 89999, 58379, 67238, 50112, 90146, 55533, 46837, 57815, 68681, 79206, 32534, 3130, 58659, 69605, 82887, 74526, 5911, 58400, 62789, 48677, 31474, 44702, 39368, 40140, 19876, 33772, 86631, 58194, 70508], ""<class 'int'>"": [88091, 54758, 80960, 4147, 58985, 98835, 33177, 12380, 43928, 18156, 46293, 82997, 26546, 21931, 20632, 91665, 69275, 46303, 61738, 80613, 63967, 92163, 79154, 79668, 18313, 6071, 50712, 91463, 54716, 33220, 52575, 78591, 28324, 24851, 385, 86434, 6594, 95864, 4088, 31907, 5028, 70908, 60125, 88976, 64506, 45119, 63026, 18677, 76141, 62129, 40973, 74468, 90479, 50241, 61828, 14495, 64587, 47259, 69389, 59226, 21182, 99643, 3451, 67066, 55205, 22485, 89443, 19030, 10288, 23574, 78426, 55280, 17305, 68878, 94325, 9074, 35370, 56456, 95300, 73961, 59051, 835, 21640, 2744, 30054, 96306, 55542, 57066, 65643, 97962, 97088, 62680, 24967, 56005, 85155, 81002, 48234, 28842, 92105, 38714, 65511, 82476, 73240, 25988, 68682, 4749, 1059, 85277, 54664, 55169, 72830, 29209, 32377, 56597, 43815, 46740, 16019, 36704, 91606, 3697, 42934, 87720, 75207, 56054, 59737, 79252, 96186, 60558, 8582, 3209, 7798, 18736, 20655, 95860, 60671, 36386, 88318, 80757, 49888, 58523, 36742, 48071, 76427, 91397, 47115, 74907, 19807, 19166, 48854, 4778, 9526, 30084, 70329, 29929, 24152, 98179, 6661, 59360, 47157, 52018, 24734, 716, 46264, 89982, 86072, 78100, 64619, 77321], ""<class 'abc.NT_0010'>"": [0, 0, 1, 53054], ""<class 'abc.NT_0010_P_00000'>"": [], ""<class 'abc.NT_0006'>"": [2, 2, 0, 1, 1302, 1892], ""<class 'abc.NT_0006_P_00000'>"": [], ""<class 'abc.NT_0006_P_00001'>"": [], ""<class 'abc.NT_0002'>"": [1, 1, 2, 1, 1, 1, 1, 0, 2, 1, 41818, 0, 2, 0, 1, 0, 2, 1, 53720, 1, 0, 0, 69722, 1, 8713, 0, 0, 2, 0, 0, 0, 2, 1, 64800, 99864], ""<class 'abc.NT_0002_P_00000'>"": [], ""<class 'abc.NT_0001'>"": [1, 1, 1, 0, 0, 0, 0, 1, 1, 1, 1, 0, 1, 16227, 1, 1, 1, 1, 0, 0, 10290, 0, 0, 0, 0, 0, 1, 40887, 0, 0, 0, 0, 0, 0, 0, 0, 0, 1, 0, 0, 0, 0, 76558, 0, 0, 0, 1, 0, 0, 26591, 1, 1, 1, 0, 1, 0, 0, 45290], ""<class 'abc.NT_0001_P_00000'>"": [], ""<class 'abc.NT_0001_P_00001'>"": [], ""<class 'abc.NT_0000'>"": [0, 1, 1, 94528, 1, 0, 1, 1, 31647, 1, 1, 80324, 0, 0, 75412, 1, 69944, 1, 0, 0, 0, 1, 0, 0, 0, 1, 1, 0, 1, 3483, 1, 0, 42401, 0, 0, 0, 0, 54668, 66557, 1, 0, 1, 1, 0, 0, 21028, 54540, 1, 5444, 3614, 1, 0, 0, 0, 0, 0, 71485, 1, 0, 0, 0, 0, 1, 20343], ""<class 'abc.NT_0000_P_00000'>"": [], ""<class 'abc.NT_0000_P_00001'>"": [], ""<class 'abc.NT_0002_P_00001'>"": [], ""<class 'abc.NT_0002_P_00002'>"": [], ""<class 'abc.NT_0006_P_00002'>"": [], ""<class 'abc.NT_0007'>"": [1, 0, 1, 2, 87885, 72251, 55074], ""<class 'abc.NT_0007_P_00000'>"": [], ""<class 'abc.NT_0007_P_00001'>"": [], ""<class 'abc.NT_0007_P_00002'>"": [], ""<class 'abc.NT_0004'>"": [1, 1, 77639, 2, 1, 2, 63194, 90154], ""<class 'abc.NT_0004_P_00000'>"": [], ""<class 'abc.NT_0003'>"": [10039, 1, 0, 1, 98974, 61725, 72592, 35725, 7660], ""<class 'abc.NT_0003_P_00000'>"": [], ""<class 'abc.NT_0003_P_00001'>"": [], ""<class 'abc.NT_0003_P_00002'>"": [], ""<class 'abc.NT_0003_P_00003'>"": [], ""<class 'abc.NT_0004_P_00001'>"": [], ""<class 'abc.NT_0004_P_00002'>"": [], ""<class 'abc.NT_0009'>"": [3, 0, 1, 1, 0, 45822], ""<class 'abc.NT_0009_P_00000'>"": [], ""<class 'abc.NT_0008'>"": [15828, 0, 83857, 0, 0, 0, 17129], ""<class 'abc.NT_0008_P_00000'>"": [], ""<class 'abc.NT_0009_P_00001'>"": [], ""<class 'abc.NT_0009_P_00002'>"": [], ""<class 'abc.NT_0009_P_00003'>"": [], ""<class 'abc.NT_0010_P_00001'>"": [], ""<class 'abc.NT_0010_P_00002'>"": [], ""<class 'abc.NT_0017_P_00001'>"": [], ""<class 'abc.NT_0012'>"": [0, 0, 27606, 0, 0, 65962], ""<class 'abc.NT_0012_P_00000'>"": [], ""<class 'abc.NT_0012_P_00001'>"": [], ""<class 'abc.NT_0017_P_00002'>"": [], ""<class 'abc.NT_0013'>"": [], ""<class 'abc.NT_0013_P_00000'>"": [], ""<class 'abc.NT_0011'>"": [0, 94522], ""<class 'abc.NT_0011_P_00000'>"": [], ""<class 'abc.NT_0011_P_00001'>"": [], ""<class 'abc.NT_0011_P_00002'>"": [], ""<class 'abc.NT_0013_P_00001'>"": [], ""<class 'abc.NT_0013_P_00002'>"": [], ""<class 'abc.NT_0017_P_00003'>"": [], ""<class 'abc.NT_0016'>"": [0, 20070], ""<class 'abc.NT_0016_P_00000'>"": [], ""<class 'abc.NT_0016_P_00001'>"": [], ""<class 'abc.NT_0016_P_00002'>"": [], '$leftovers': [13707, 7777, 43103, 79112, 41937, 82055, 41802, 80929, 37572, 24235, 1002, 66268, 87311, 99058, 42897, 54099, 4751, 39061, 38658, 18856, 32793, 32020, 84694, 43326, 66351, 11593, 16559, 82179, 29701, 14785, 63931, 19995, 86098, 88506, 88906, 98218, 57143, 64899, 75531, 17691, 63845, 68413, 76826, 30524, 48607, 6718, 24768, 14247, 23842, 98884, 92372, 55279, 40315, 43705, 6728, 53868, 34432, 73753, 89438, 79733, 83929, 38685, 35410, 5343, 16823, 35888, 70000, 12879, 27426, 44726, 95438, 53746, 11554, 35563, 36846, 46156, 65002, 72433, 85297, 12477, 3511, 72425, 53166, 5796, 30717, 45518, 76561, 21526, 65748, 18017, 64172, 9175, 16724, 51276, 1749, 5687, 47923, 68260, 48548, 94393, 55323, 76604, 84009, 54574, 8798, 35733, 67233, 4198, 56844, 12629, 29196, 81671, 71295, 84963, 73193, 37662, 77918, 40265, 71387, 2776, 72056, 79890, 24380, 6524, 11920, 82004, 80554, 7771, 51485, 29874, 64851, 32118, 68660, 22646, 40503, 29950, 45632, 59339, 63591, 66553, 79195, 90039, 8891, 94412, 82595, 43578, 41060, 60184, 28053, 84947, 77614, 38864, 91374, 58545, 50015, 19960, 7381, 78763, 85070, 21507, 19025, 51930, 32629, 45143, 39756, 26052, 37388, 90108, 9391, 53674, 16962, 24269, 95106, 99931, 56381, 37781, 12365, 84199, 30949, 74271, 916, 85830, 97679, 18102, 478, 75886, 30302, 21977, 90537, 30063, 19357, 81788, 35261, 14719, 66114, 20921, 20240, 5992, 58367, 9680, 68600, 85141, 46379, 54808, 83564, 47005, 66549, 22371, 91024, 89979, 20226, 63714, 58641, 45142, 46907, 57602, 15144, 97990, 7439, 11158, 59469, 11328, 80659, 5962, 25695, 77537, 11892, 91592, 56748, 38581, 37353, 71743, 70419, 27563, 8343, 51963, 16605, 94638, 42057, 61173, 28541, 41743, 60295, 49767, 73628, 41163, 91833, 78182, 82565, 25215, 96862, 76058, 44249, 82715, 20979, 71376, 27708, 78050, 40085, 30494, 46076, 48158, 98017, 59418, 77712, 4502, 58514, 86759, 30136, 53692, 84446, 34409, 6828, 35370, 50950, 51945, 59877, 55822, 81173, 57512, 24080, 92189, 34559, 32530, 48867, 64932, 44, 85888, 8300, 92843, 6844, 39222, 76898, 88754, 22876, 38074, 43299, 88699, 81654, 61902, 89999, 13497, 66668, 7338, 74096, 38397, 11013, 98336, 40480, 33892, 63626, 49088, 71312, 23172, 10803, 62392, 24917, 67254, 58009, 81336, 59457, 73844, 95696, 6506, 27308, 70695, 56701, 13067, 41613, 72662, 53528, 75491, 42519, 81780, 31754, 13856, 88917, 96452, 41223, 89774, 10407, 31336, 50783, 20291, 5997, 7069, 31395, 24625, 6189, 56620, 24762, 84988, 68874, 85812, 41091, 24302, 77112, 35149, 22780, 53184, 18627, 57549, 17465, 63612, 87939, 6980, 60883, 29814, 87238, 14952, 60779, 86760, 61062, 30267, 24445, 56989, 27229, 82900, 90023, 57786, 63779, 40235, 86679, 51776, 22058, 63483, 39593, 41554, 8133, 95503, 6716, 25867, 90267, 22987, 39665, 98545, 93605, 1747, 78248, 27473, 33109, 26918, 82634, 51318, 80099, 73743, 12182, 94300, 46775, 25047, 68889, 10070, 18361, 65084, 37080, 70960, 83222, 67058, 98067, 22471, 67691, 59607, 67337, 8930, 21238, 46639, 45431, 43153, 96128, 24156, 80501, 82080, 49059, 2091, 12212, 52072, 31681, 90064, 42922, 12694, 63500, 88958, 85424, 60965, 55836, 88426, 54941, 94663, 65220, 71036, 49752, 17451, 53699, 9314, 14619, 3290, 44849, 90564, 91441, 62905, 40530, 5641, 37318, 36823, 31308, 19382, 62343, 86280, 16633, 47566, 15336, 77921, 88788, 50425, 20260, 79556, 59009, 60227, 87434, 40228, 88797, 25912, 98562, 76789, 91824, 52309, 10258, 50738, 95463, 77205, 93493, 68362, 24106, 95689, 49524, 69579, 66348, 75971, 22529, 74132, 89303, 37488, 5127, 63655, 17283, 25796, 52901, 73353, 59242, 58591, 76499, 46764, 96815, 56675, 19904, 86086, 9538, 16381, 25966, 48189, 47295, 50918, 3257, 56486, 10672, 45517, 6977, 66557, 24565, 14166, 47870, 73695, 59021, 61532, 83752, 51246, 6816, 65190, 71364, 98756, 25731, 84141, 78432, 21130, 69362, 52504, 59655, 73856, 97330, 50721, 19705, 54620, 16926, 96429, 24048, 73377, 67355, 15053, 17980, 70735, 35236, 75523, 91241, 23447, 72477, 51156, 95259, 88333, 29494, 67321, 52714, 62917, 99842, 65229, 6617, 44275, 88720, 37853, 8770, 63811, 7507, 89636, 17817, 1558, 85068, 79776, 73733, 11481, 89926, 56682, 49746, 9429, 50818, 45883, 58652, 12423, 26431, 60221, 95661, 73944, 68283, 51044, 69558, 68608, 65135, 29404, 17239, 5514, 47278, 63393, 94877, 23491, 47292, 6877, 19032, 65956, 9732, 97912, 1976, 37613, 34466, 61934, 57269, 53618, 5940, 93510, 52374, 85684, 22266, 86296, 60665, 10810, 9462, 494, 58482, 75247, 71566, 31620, 58819, 97731, 83116, 7767, 83623, 12444, 57312, 49834, 46402, 98377, 30435, 36116, 16443, 25589, 45312, 64514, 37426, 76200, 11178, 7488, 18610, 92099, 97566, 6854, 33656, 17686, 10866, 73697, 81050, 12312, 6505, 95303, 61521, 72092, 94259, 32683, 45746, 77187, 88803, 39457, 40047, 95729, 22380, 62708, 14355, 83408, 29714, 50213, 24600, 63055, 94787, 52488, 53820, 72502, 35142, 82539, 36201, 83535, 70150, 4544, 53013, 91532, 98794, 75749, 37723, 24569, 90322, 279, 84293, 85419, 53204, 7321, 22724, 95538, 85836, 2877, 93721, 73981, 40836, 90505, 94370, 88415, 37372, 69317, 25860, 4116, 35759, 84385, 33447, 84816, 12456, 31068, 57878, 18743, 27118, 55146, 45045, 76854, 36409, 49423, 25447, 28432, 61176, 34319, 67878, 7127, 41048, 27399, 57337, 84290, 2409, 69039, 23729, 7494, 36747, 48478, 38848, 42755, 293, 91046, 40498, 48156, 87860, 19957, 4960, 74844, 19836, 92291, 57801, 90081, 88664, 17768, 78881, 47919, 71822, 34413, 1930, 46778, 88873, 89253, 43012, 48581, 9353, 85645, 13891, 48249, 50115, 66199, 3386, 20854, 99932, 28051, 71692, 93909, 74084, 74671, 89896, 50523, 88742, 12398, 72247, 55742, 51721, 34827, 36846, 62982, 39419, 78439, 9343, 48468, 84544, 39864, 76167, 43812, 71247, 20757, 1762, 41180, 27413, 60564, 22669, 82173, 16704, 46485, 72310, 26823, 41298, 58642, 32787, 90874, 58140, 56784, 29999, 8759, 96835, 78050, 41544, 1255, 17455, 33878, 64547, 58966, 82332, 5215, 48306, 8922, 24655, 4697, 70882, 84900, 82562, 62735, 34434, 73303, 61588, 35094, 68503, 41162, 54916, 58190, 12626, 60530, 22534, 77445, 84110, 41705, 60129, 60275, 26541, 44213, 1777, 13370, 3088, 42025, 39125, 6806, 57675, 48434, 98242, 36838, 43086, 11553, 17088, 22108, 72325, 25128, 87991, 65587, 14862, 36451, 44287, 9734, 15759, 72468, 61485, 14174, 26892, 64268, 19975, 5444, 33247, 50382, 76845, 87224, 36256, 66890, 95968, 72639, 77038, 43204, 39754, 36312, 74369, 96758, 27679, 249, 98284, 44817, 61235, 55085, 9992, 27298, 25783, 69424, 39622, 26481, 58524, 35109, 38014, 50849, 43262, 70599, 1236, 29822, 19493, 40976, 26562, 7919, 16019, 11304, 44960, 68766, 47516, 55933, 93459, 51964, 80457, 87397, 77661, 10867, 13339, 38927, 67085, 83000, 91594, 70221, 32812, 41638, 39247, 63161, 56481, 85947, 619, 54521, 29223, 59027, 34890, 77305, 79995, 54866, 56578, 59831, 16991, 48800, 12168, 58544, 42596, 87951, 65721, 11198, 23052, 15984, 12347, 45822, 1513, 17129, 34479, 87885, 87506, 81928, 20343, 45290, 20189, 98974, 29926, 61725, 72592, 35725, 72251, 55074, 7660, 24694]})"
562.0,9,164,68,52.38984775543213,10696,"Genotype(dna={""<class 'abc.NT_0017'>"": [1, 23052], ""<class 'abc.NT_0017_P_00000'>"": [], ""<class 'abc.NT_0005'>"": [0, 0, 35544, 1, 0, 1, 0, 1, 1, 1513], ""<class 'abc.NT_0005_P_00000'>"": [], ""<class 'abc.NT_0005_P_00001'>"": [], ""<class 'bool'>"": [50833, 28611, 95173, 92596, 84996, 15299, 84608, 73218, 73704, 53577, 54127, 73580, 61648, 63455, 34182, 28379, 9832, 69766, 27025, 9321, 39372, 40559, 45589, 21512, 9991, 31131, 22379, 82972, 66879, 7070, 87492, 33083, 92916, 1233, 89415, 28350, 54741, 51276, 16414, 74832, 4355, 87209, 57305, 93042, 23231, 67903, 93745, 31960, 29422, 28659, 99170, 40455, 13273, 92051, 14178, 78998, 45259, 78698, 95977, 93014, 83753, 21951, 16043, 13772, 66730, 10736, 57934, 29081, 62948, 99869, 41968, 82469, 93064, 59471, 51253, 67704, 97811, 82022, 87389, 59617, 67283, 63422, 70186, 58801, 23472, 68171, 46787, 87700, 86179, 38104, 2384, 90063, 6576, 80132, 98840, 65605, 74894, 53809, 99733, 89043, 84198, 62780, 94716, 23035, 32450, 31489, 41399, 87765, 69122, 99723, 54018, 92501, 39572, 89999, 58379, 67238, 50112, 90146, 55533, 46837, 57815, 68681, 79206, 32534, 3130, 58659, 69605, 82887, 74526, 5911, 58400, 62789, 48677, 31474, 44702, 39368, 40140, 19876, 33772, 86631, 58194, 70508], ""<class 'int'>"": [88091, 54758, 80960, 4147, 58985, 98835, 33177, 12380, 43928, 18156, 46293, 82997, 26546, 21931, 20632, 91665, 69275, 46303, 61738, 80613, 63967, 92163, 79154, 79668, 18313, 6071, 50712, 91463, 54716, 33220, 52575, 78591, 28324, 24851, 385, 86434, 6594, 95864, 4088, 31907, 5028, 70908, 60125, 88976, 64506, 45119, 63026, 18677, 76141, 62129, 40973, 74468, 90479, 50241, 61828, 14495, 64587, 47259, 69389, 59226, 21182, 99643, 3451, 67066, 55205, 22485, 89443, 19030, 10288, 23574, 78426, 55280, 17305, 68878, 94325, 9074, 35370, 56456, 95300, 73961, 59051, 835, 21640, 2744, 30054, 96306, 55542, 57066, 65643, 97962, 97088, 62680, 24967, 56005, 85155, 81002, 48234, 28842, 92105, 38714, 65511, 82476, 73240, 25988, 68682, 4749, 1059, 85277, 54664, 55169, 72830, 29209, 32377, 56597, 43815, 46740, 16019, 36704, 91606, 3697, 42934, 87720, 75207, 56054, 59737, 79252, 96186, 60558, 8582, 3209, 7798, 18736, 20655, 95860, 60671, 36386, 88318, 80757, 49888, 58523, 36742, 48071, 76427, 91397, 47115, 74907, 19807, 19166, 48854, 4778, 9526, 30084, 70329, 29929, 24152, 98179, 6661, 59360, 47157, 52018, 24734, 716, 46264, 89982, 86072, 78100, 64619, 77321], ""<class 'abc.NT_0010'>"": [0, 0, 1, 53054], ""<class 'abc.NT_0010_P_00000'>"": [], ""<class 'abc.NT_0006'>"": [2, 2, 0, 1, 1302, 1892], ""<class 'abc.NT_0006_P_00000'>"": [], ""<class 'abc.NT_0006_P_00001'>"": [], ""<class 'abc.NT_0002'>"": [1, 1, 2, 1, 1, 1, 1, 0, 2, 1, 41818, 0, 2, 0, 1, 0, 2, 1, 53720, 1, 0, 0, 69722, 1, 8713, 0, 0, 2, 0, 0, 0, 2, 1, 64800, 99864], ""<class 'abc.NT_0002_P_00000'>"": [], ""<class 'abc.NT_0001'>"": [1, 1, 1, 0, 0, 0, 0, 1, 1, 1, 1, 0, 1, 16227, 1, 1, 1, 1, 0, 0, 10290, 0, 0, 0, 0, 0, 1, 40887, 0, 0, 0, 0, 0, 0, 0, 0, 0, 1, 0, 0, 0, 0, 76558, 0, 0, 0, 1, 0, 0, 26591, 1, 1, 1, 0, 1, 0, 0, 45290], ""<class 'abc.NT_0001_P_00000'>"": [], ""<class 'abc.NT_0001_P_00001'>"": [], ""<class 'abc.NT_0000'>"": [0, 1, 1, 94528, 1, 0, 1, 1, 31647, 1, 1, 80324, 0, 0, 75412, 1, 69944, 1, 0, 0, 0, 1, 0, 0, 0, 1, 1, 0, 1, 3483, 1, 0, 42401, 0, 0, 0, 0, 54668, 66557, 1, 0, 1, 1, 0, 0, 21028, 54540, 1, 5444, 3614, 1, 0, 0, 0, 0, 0, 71485, 1, 0, 0, 0, 0, 1, 20343], ""<class 'abc.NT_0000_P_00000'>"": [], ""<class 'abc.NT_0000_P_00001'>"": [], ""<class 'abc.NT_0002_P_00001'>"": [], ""<class 'abc.NT_0002_P_00002'>"": [], ""<class 'abc.NT_0006_P_00002'>"": [], ""<class 'abc.NT_0007'>"": [1, 0, 1, 2, 87885, 72251, 55074], ""<class 'abc.NT_0007_P_00000'>"": [], ""<class 'abc.NT_0007_P_00001'>"": [], ""<class 'abc.NT_0007_P_00002'>"": [], ""<class 'abc.NT_0004'>"": [1, 1, 77639, 2, 1, 2, 63194, 90154], ""<class 'abc.NT_0004_P_00000'>"": [], ""<class 'abc.NT_0003'>"": [10039, 1, 0, 1, 98974, 61725, 72592, 35725, 7660], ""<class 'abc.NT_0003_P_00000'>"": [], ""<class 'abc.NT_0003_P_00001'>"": [], ""<class 'abc.NT_0003_P_00002'>"": [], ""<class 'abc.NT_0003_P_00003'>"": [], ""<class 'abc.NT_0004_P_00001'>"": [], ""<class 'abc.NT_0004_P_00002'>"": [], ""<class 'abc.NT_0009'>"": [3, 0, 1, 1, 0, 45822], ""<class 'abc.NT_0009_P_00000'>"": [], ""<class 'abc.NT_0008'>"": [15828, 0, 83857, 0, 0, 0, 17129], ""<class 'abc.NT_0008_P_00000'>"": [], ""<class 'abc.NT_0009_P_00001'>"": [], ""<class 'abc.NT_0009_P_00002'>"": [], ""<class 'abc.NT_0009_P_00003'>"": [], ""<class 'abc.NT_0010_P_00001'>"": [], ""<class 'abc.NT_0010_P_00002'>"": [], ""<class 'abc.NT_0017_P_00001'>"": [], ""<class 'abc.NT_0012'>"": [0, 0, 27606, 0, 0, 65962], ""<class 'abc.NT_0012_P_00000'>"": [], ""<class 'abc.NT_0012_P_00001'>"": [], ""<class 'abc.NT_0017_P_00002'>"": [], ""<class 'abc.NT_0013'>"": [], ""<class 'abc.NT_0013_P_00000'>"": [], ""<class 'abc.NT_0011'>"": [0, 94522], ""<class 'abc.NT_0011_P_00000'>"": [], ""<class 'abc.NT_0011_P_00001'>"": [], ""<class 'abc.NT_0011_P_00002'>"": [], ""<class 'abc.NT_0013_P_00001'>"": [], ""<class 'abc.NT_0013_P_00002'>"": [], ""<class 'abc.NT_0017_P_00003'>"": [], ""<class 'abc.NT_0016'>"": [0, 20070], ""<class 'abc.NT_0016_P_00000'>"": [], ""<class 'abc.NT_0016_P_00001'>"": [], ""<class 'abc.NT_0016_P_00002'>"": [], '$leftovers': [13707, 7777, 43103, 79112, 41937, 82055, 41802, 80929, 37572, 24235, 1002, 66268, 87311, 99058, 42897, 54099, 4751, 39061, 38658, 18856, 32793, 32020, 84694, 43326, 66351, 11593, 16559, 82179, 29701, 14785, 63931, 19995, 86098, 88506, 88906, 98218, 57143, 64899, 75531, 17691, 63845, 68413, 76826, 30524, 48607, 6718, 24768, 14247, 23842, 98884, 92372, 55279, 40315, 43705, 6728, 53868, 34432, 73753, 89438, 79733, 83929, 38685, 35410, 5343, 16823, 35888, 70000, 12879, 27426, 44726, 95438, 53746, 11554, 35563, 36846, 46156, 65002, 72433, 85297, 12477, 3511, 72425, 53166, 5796, 30717, 45518, 76561, 21526, 65748, 18017, 64172, 9175, 16724, 51276, 1749, 5687, 47923, 68260, 48548, 94393, 55323, 76604, 84009, 54574, 8798, 35733, 67233, 4198, 56844, 12629, 29196, 81671, 71295, 84963, 73193, 37662, 77918, 40265, 71387, 2776, 72056, 79890, 24380, 6524, 11920, 82004, 80554, 7771, 51485, 29874, 64851, 32118, 68660, 22646, 40503, 29950, 45632, 59339, 63591, 66553, 79195, 90039, 8891, 94412, 82595, 43578, 41060, 60184, 28053, 84947, 77614, 38864, 91374, 58545, 50015, 19960, 7381, 78763, 85070, 21507, 19025, 51930, 32629, 45143, 39756, 26052, 37388, 90108, 9391, 53674, 16962, 24269, 95106, 99931, 56381, 37781, 12365, 84199, 30949, 74271, 916, 85830, 97679, 18102, 478, 75886, 30302, 21977, 90537, 30063, 19357, 81788, 35261, 14719, 66114, 20921, 20240, 5992, 58367, 9680, 68600, 85141, 46379, 54808, 83564, 47005, 66549, 22371, 91024, 89979, 20226, 63714, 58641, 45142, 46907, 57602, 15144, 97990, 7439, 11158, 59469, 11328, 80659, 5962, 25695, 77537, 11892, 91592, 56748, 38581, 37353, 71743, 70419, 27563, 8343, 51963, 16605, 94638, 42057, 61173, 28541, 41743, 60295, 49767, 73628, 41163, 91833, 78182, 82565, 25215, 96862, 76058, 44249, 82715, 20979, 71376, 27708, 78050, 40085, 30494, 46076, 48158, 98017, 59418, 77712, 4502, 58514, 86759, 30136, 53692, 84446, 34409, 6828, 35370, 50950, 51945, 59877, 55822, 81173, 57512, 24080, 92189, 34559, 32530, 48867, 64932, 44, 85888, 8300, 92843, 6844, 39222, 76898, 88754, 22876, 38074, 43299, 88699, 81654, 61902, 89999, 13497, 66668, 7338, 74096, 38397, 11013, 98336, 40480, 33892, 63626, 49088, 71312, 23172, 10803, 62392, 24917, 67254, 58009, 81336, 59457, 73844, 95696, 6506, 27308, 70695, 56701, 13067, 41613, 72662, 53528, 75491, 42519, 81780, 31754, 13856, 88917, 96452, 41223, 89774, 10407, 31336, 50783, 20291, 5997, 7069, 31395, 24625, 6189, 56620, 24762, 84988, 68874, 85812, 41091, 24302, 77112, 35149, 22780, 53184, 18627, 57549, 17465, 63612, 87939, 6980, 60883, 29814, 87238, 14952, 60779, 86760, 61062, 30267, 24445, 56989, 27229, 82900, 90023, 57786, 63779, 40235, 86679, 51776, 22058, 63483, 39593, 41554, 8133, 95503, 6716, 25867, 90267, 22987, 39665, 98545, 93605, 1747, 78248, 27473, 33109, 26918, 82634, 51318, 80099, 73743, 12182, 94300, 46775, 25047, 68889, 10070, 18361, 65084, 37080, 70960, 83222, 67058, 98067, 22471, 67691, 59607, 67337, 8930, 21238, 46639, 45431, 43153, 96128, 24156, 80501, 82080, 49059, 2091, 12212, 52072, 31681, 90064, 42922, 12694, 63500, 88958, 85424, 60965, 55836, 88426, 54941, 94663, 65220, 71036, 49752, 17451, 53699, 9314, 14619, 3290, 44849, 90564, 91441, 62905, 40530, 5641, 37318, 36823, 31308, 19382, 62343, 86280, 16633, 47566, 15336, 77921, 88788, 50425, 20260, 79556, 59009, 60227, 87434, 40228, 88797, 25912, 98562, 76789, 91824, 52309, 10258, 50738, 95463, 77205, 93493, 68362, 24106, 95689, 49524, 69579, 66348, 75971, 22529, 74132, 89303, 37488, 5127, 63655, 17283, 25796, 52901, 73353, 59242, 58591, 76499, 46764, 96815, 56675, 19904, 86086, 9538, 16381, 25966, 48189, 47295, 50918, 3257, 56486, 10672, 45517, 6977, 66557, 24565, 14166, 47870, 73695, 59021, 61532, 83752, 51246, 6816, 65190, 71364, 98756, 25731, 84141, 78432, 21130, 69362, 52504, 59655, 73856, 97330, 50721, 19705, 54620, 16926, 96429, 24048, 73377, 67355, 15053, 17980, 70735, 35236, 75523, 91241, 23447, 72477, 51156, 95259, 88333, 29494, 67321, 52714, 62917, 99842, 65229, 6617, 44275, 88720, 37853, 8770, 63811, 7507, 89636, 17817, 1558, 85068, 79776, 73733, 11481, 89926, 56682, 49746, 9429, 50818, 45883, 58652, 12423, 26431, 60221, 95661, 73944, 68283, 51044, 69558, 68608, 65135, 29404, 17239, 5514, 47278, 63393, 94877, 23491, 47292, 6877, 19032, 65956, 9732, 97912, 1976, 37613, 34466, 61934, 57269, 53618, 5940, 93510, 52374, 85684, 22266, 86296, 60665, 10810, 9462, 494, 58482, 75247, 71566, 31620, 58819, 97731, 83116, 7767, 83623, 12444, 57312, 49834, 46402, 98377, 30435, 36116, 16443, 25589, 45312, 64514, 37426, 76200, 11178, 7488, 18610, 92099, 97566, 6854, 33656, 17686, 10866, 73697, 81050, 12312, 6505, 95303, 61521, 72092, 94259, 32683, 45746, 77187, 88803, 39457, 40047, 95729, 22380, 62708, 14355, 83408, 29714, 50213, 24600, 63055, 94787, 52488, 53820, 72502, 35142, 82539, 36201, 83535, 70150, 4544, 53013, 91532, 98794, 75749, 37723, 24569, 90322, 279, 84293, 85419, 53204, 7321, 22724, 95538, 85836, 2877, 93721, 73981, 40836, 90505, 94370, 88415, 37372, 69317, 25860, 4116, 35759, 84385, 33447, 84816, 12456, 31068, 57878, 18743, 27118, 55146, 45045, 76854, 36409, 49423, 25447, 28432, 61176, 34319, 67878, 7127, 41048, 27399, 57337, 84290, 2409, 69039, 23729, 7494, 36747, 48478, 38848, 42755, 293, 91046, 40498, 48156, 87860, 19957, 4960, 74844, 19836, 92291, 57801, 90081, 88664, 17768, 78881, 47919, 71822, 34413, 1930, 46778, 88873, 89253, 43012, 48581, 9353, 85645, 13891, 48249, 50115, 66199, 3386, 20854, 99932, 28051, 71692, 93909, 74084, 74671, 89896, 50523, 88742, 12398, 72247, 55742, 51721, 34827, 36846, 62982, 39419, 78439, 9343, 48468, 84544, 39864, 76167, 43812, 71247, 20757, 1762, 41180, 27413, 60564, 22669, 82173, 16704, 46485, 72310, 26823, 41298, 58642, 32787, 90874, 58140, 56784, 29999, 8759, 96835, 78050, 41544, 1255, 17455, 33878, 64547, 58966, 82332, 5215, 48306, 8922, 24655, 4697, 70882, 84900, 82562, 62735, 34434, 73303, 61588, 35094, 68503, 41162, 54916, 58190, 12626, 60530, 22534, 77445, 84110, 41705, 60129, 60275, 26541, 44213, 1777, 13370, 3088, 42025, 39125, 6806, 57675, 48434, 98242, 36838, 43086, 11553, 17088, 22108, 72325, 25128, 87991, 65587, 14862, 36451, 44287, 9734, 15759, 72468, 61485, 14174, 26892, 64268, 19975, 5444, 33247, 50382, 76845, 87224, 36256, 66890, 95968, 72639, 77038, 43204, 39754, 36312, 74369, 96758, 27679, 249, 98284, 44817, 61235, 55085, 9992, 27298, 25783, 69424, 39622, 26481, 58524, 35109, 38014, 50849, 43262, 70599, 1236, 29822, 19493, 40976, 26562, 7919, 16019, 11304, 44960, 68766, 47516, 55933, 93459, 51964, 80457, 87397, 77661, 10867, 13339, 38927, 67085, 83000, 91594, 70221, 32812, 41638, 39247, 63161, 56481, 85947, 619, 54521, 29223, 59027, 34890, 77305, 79995, 54866, 56578, 59831, 16991, 48800, 12168, 58544, 42596, 87951, 65721, 11198, 23052, 15984, 12347, 45822, 1513, 17129, 34479, 87885, 87506, 81928, 20343, 45290, 20189, 98974, 29926, 61725, 72592, 35725, 72251, 55074, 7660, 24694]})"
562.0,9,164,69,52.807371854782104,10696,"Genotype(dna={""<class 'abc.NT_0017'>"": [1, 23052], ""<class 'abc.NT_0017_P_00000'>"": [], ""<class 'abc.NT_0005'>"": [0, 0, 35544, 1, 0, 1, 0, 1, 1, 1513], ""<class 'abc.NT_0005_P_00000'>"": [], ""<class 'abc.NT_0005_P_00001'>"": [], ""<class 'bool'>"": [50833, 28611, 95173, 92596, 84996, 15299, 84608, 73218, 73704, 53577, 54127, 73580, 61648, 63455, 34182, 28379, 9832, 69766, 27025, 9321, 39372, 40559, 45589, 21512, 9991, 31131, 22379, 82972, 66879, 7070, 87492, 33083, 92916, 1233, 89415, 28350, 54741, 51276, 16414, 74832, 4355, 87209, 57305, 93042, 23231, 67903, 93745, 31960, 29422, 28659, 99170, 40455, 13273, 92051, 14178, 78998, 45259, 78698, 95977, 93014, 83753, 21951, 16043, 13772, 66730, 10736, 57934, 29081, 62948, 99869, 41968, 82469, 93064, 59471, 51253, 67704, 97811, 82022, 87389, 59617, 67283, 63422, 70186, 58801, 23472, 68171, 46787, 87700, 86179, 38104, 2384, 90063, 6576, 80132, 98840, 65605, 74894, 53809, 99733, 89043, 84198, 62780, 94716, 23035, 32450, 31489, 41399, 87765, 69122, 99723, 54018, 92501, 39572, 89999, 58379, 67238, 50112, 90146, 55533, 46837, 57815, 68681, 79206, 32534, 3130, 58659, 69605, 82887, 74526, 5911, 58400, 62789, 48677, 31474, 44702, 39368, 40140, 19876, 33772, 86631, 58194, 70508], ""<class 'int'>"": [88091, 54758, 80960, 4147, 58985, 98835, 33177, 12380, 43928, 18156, 46293, 82997, 26546, 21931, 20632, 91665, 69275, 46303, 61738, 80613, 63967, 92163, 79154, 79668, 18313, 6071, 50712, 91463, 54716, 33220, 52575, 78591, 28324, 24851, 385, 86434, 6594, 95864, 4088, 31907, 5028, 70908, 60125, 88976, 64506, 45119, 63026, 18677, 76141, 62129, 40973, 74468, 90479, 50241, 61828, 14495, 64587, 47259, 69389, 59226, 21182, 99643, 3451, 67066, 55205, 22485, 89443, 19030, 10288, 23574, 78426, 55280, 17305, 68878, 94325, 9074, 35370, 56456, 95300, 73961, 59051, 835, 21640, 2744, 30054, 96306, 55542, 57066, 65643, 97962, 97088, 62680, 24967, 56005, 85155, 81002, 48234, 28842, 92105, 38714, 65511, 82476, 73240, 25988, 68682, 4749, 1059, 85277, 54664, 55169, 72830, 29209, 32377, 56597, 43815, 46740, 16019, 36704, 91606, 3697, 42934, 87720, 75207, 56054, 59737, 79252, 96186, 60558, 8582, 3209, 7798, 18736, 20655, 95860, 60671, 36386, 88318, 80757, 49888, 58523, 36742, 48071, 76427, 91397, 47115, 74907, 19807, 19166, 48854, 4778, 9526, 30084, 70329, 29929, 24152, 98179, 6661, 59360, 47157, 52018, 24734, 716, 46264, 89982, 86072, 78100, 64619, 77321], ""<class 'abc.NT_0010'>"": [0, 0, 1, 53054], ""<class 'abc.NT_0010_P_00000'>"": [], ""<class 'abc.NT_0006'>"": [2, 2, 0, 1, 1302, 1892], ""<class 'abc.NT_0006_P_00000'>"": [], ""<class 'abc.NT_0006_P_00001'>"": [], ""<class 'abc.NT_0002'>"": [1, 1, 2, 1, 1, 1, 1, 0, 2, 1, 41818, 0, 2, 0, 1, 0, 2, 1, 53720, 1, 0, 0, 69722, 1, 8713, 0, 0, 2, 0, 0, 0, 2, 1, 64800, 99864], ""<class 'abc.NT_0002_P_00000'>"": [], ""<class 'abc.NT_0001'>"": [1, 1, 1, 0, 0, 0, 0, 1, 1, 1, 1, 0, 1, 16227, 1, 1, 1, 1, 0, 0, 10290, 0, 0, 0, 0, 0, 1, 40887, 0, 0, 0, 0, 0, 0, 0, 0, 0, 1, 0, 0, 0, 0, 76558, 0, 0, 0, 1, 0, 0, 26591, 1, 1, 1, 0, 1, 0, 0, 45290], ""<class 'abc.NT_0001_P_00000'>"": [], ""<class 'abc.NT_0001_P_00001'>"": [], ""<class 'abc.NT_0000'>"": [0, 1, 1, 94528, 1, 0, 1, 1, 31647, 1, 1, 80324, 0, 0, 75412, 1, 69944, 1, 0, 0, 0, 1, 0, 0, 0, 1, 1, 0, 1, 3483, 1, 0, 42401, 0, 0, 0, 0, 54668, 66557, 1, 0, 1, 1, 0, 0, 21028, 54540, 1, 5444, 3614, 1, 0, 0, 0, 0, 0, 71485, 1, 0, 0, 0, 0, 1, 20343], ""<class 'abc.NT_0000_P_00000'>"": [], ""<class 'abc.NT_0000_P_00001'>"": [], ""<class 'abc.NT_0002_P_00001'>"": [], ""<class 'abc.NT_0002_P_00002'>"": [], ""<class 'abc.NT_0006_P_00002'>"": [], ""<class 'abc.NT_0007'>"": [1, 0, 1, 2, 87885, 72251, 55074], ""<class 'abc.NT_0007_P_00000'>"": [], ""<class 'abc.NT_0007_P_00001'>"": [], ""<class 'abc.NT_0007_P_00002'>"": [], ""<class 'abc.NT_0004'>"": [1, 1, 77639, 2, 1, 2, 63194, 90154], ""<class 'abc.NT_0004_P_00000'>"": [], ""<class 'abc.NT_0003'>"": [10039, 1, 0, 1, 98974, 61725, 72592, 35725, 7660], ""<class 'abc.NT_0003_P_00000'>"": [], ""<class 'abc.NT_0003_P_00001'>"": [], ""<class 'abc.NT_0003_P_00002'>"": [], ""<class 'abc.NT_0003_P_00003'>"": [], ""<class 'abc.NT_0004_P_00001'>"": [], ""<class 'abc.NT_0004_P_00002'>"": [], ""<class 'abc.NT_0009'>"": [3, 0, 1, 1, 0, 45822], ""<class 'abc.NT_0009_P_00000'>"": [], ""<class 'abc.NT_0008'>"": [15828, 0, 83857, 0, 0, 0, 17129], ""<class 'abc.NT_0008_P_00000'>"": [], ""<class 'abc.NT_0009_P_00001'>"": [], ""<class 'abc.NT_0009_P_00002'>"": [], ""<class 'abc.NT_0009_P_00003'>"": [], ""<class 'abc.NT_0010_P_00001'>"": [], ""<class 'abc.NT_0010_P_00002'>"": [], ""<class 'abc.NT_0017_P_00001'>"": [], ""<class 'abc.NT_0012'>"": [0, 0, 27606, 0, 0, 65962], ""<class 'abc.NT_0012_P_00000'>"": [], ""<class 'abc.NT_0012_P_00001'>"": [], ""<class 'abc.NT_0017_P_00002'>"": [], ""<class 'abc.NT_0013'>"": [], ""<class 'abc.NT_0013_P_00000'>"": [], ""<class 'abc.NT_0011'>"": [0, 94522], ""<class 'abc.NT_0011_P_00000'>"": [], ""<class 'abc.NT_0011_P_00001'>"": [], ""<class 'abc.NT_0011_P_00002'>"": [], ""<class 'abc.NT_0013_P_00001'>"": [], ""<class 'abc.NT_0013_P_00002'>"": [], ""<class 'abc.NT_0017_P_00003'>"": [], ""<class 'abc.NT_0016'>"": [0, 20070], ""<class 'abc.NT_0016_P_00000'>"": [], ""<class 'abc.NT_0016_P_00001'>"": [], ""<class 'abc.NT_0016_P_00002'>"": [], '$leftovers': [13707, 7777, 43103, 79112, 41937, 82055, 41802, 80929, 37572, 24235, 1002, 66268, 87311, 99058, 42897, 54099, 4751, 39061, 38658, 18856, 32793, 32020, 84694, 43326, 66351, 11593, 16559, 82179, 29701, 14785, 63931, 19995, 86098, 88506, 88906, 98218, 57143, 64899, 75531, 17691, 63845, 68413, 76826, 30524, 48607, 6718, 24768, 14247, 23842, 98884, 92372, 55279, 40315, 43705, 6728, 53868, 34432, 73753, 89438, 79733, 83929, 38685, 35410, 5343, 16823, 35888, 70000, 12879, 27426, 44726, 95438, 53746, 11554, 35563, 36846, 46156, 65002, 72433, 85297, 12477, 3511, 72425, 53166, 5796, 30717, 45518, 76561, 21526, 65748, 18017, 64172, 9175, 16724, 51276, 1749, 5687, 47923, 68260, 48548, 94393, 55323, 76604, 84009, 54574, 8798, 35733, 67233, 4198, 56844, 12629, 29196, 81671, 71295, 84963, 73193, 37662, 77918, 40265, 71387, 2776, 72056, 79890, 24380, 6524, 11920, 82004, 80554, 7771, 51485, 29874, 64851, 32118, 68660, 22646, 40503, 29950, 45632, 59339, 63591, 66553, 79195, 90039, 8891, 94412, 82595, 43578, 41060, 60184, 28053, 84947, 77614, 38864, 91374, 58545, 50015, 19960, 7381, 78763, 85070, 21507, 19025, 51930, 32629, 45143, 39756, 26052, 37388, 90108, 9391, 53674, 16962, 24269, 95106, 99931, 56381, 37781, 12365, 84199, 30949, 74271, 916, 85830, 97679, 18102, 478, 75886, 30302, 21977, 90537, 30063, 19357, 81788, 35261, 14719, 66114, 20921, 20240, 5992, 58367, 9680, 68600, 85141, 46379, 54808, 83564, 47005, 66549, 22371, 91024, 89979, 20226, 63714, 58641, 45142, 46907, 57602, 15144, 97990, 7439, 11158, 59469, 11328, 80659, 5962, 25695, 77537, 11892, 91592, 56748, 38581, 37353, 71743, 70419, 27563, 8343, 51963, 16605, 94638, 42057, 61173, 28541, 41743, 60295, 49767, 73628, 41163, 91833, 78182, 82565, 25215, 96862, 76058, 44249, 82715, 20979, 71376, 27708, 78050, 40085, 30494, 46076, 48158, 98017, 59418, 77712, 4502, 58514, 86759, 30136, 53692, 84446, 34409, 6828, 35370, 50950, 51945, 59877, 55822, 81173, 57512, 24080, 92189, 34559, 32530, 48867, 64932, 44, 85888, 8300, 92843, 6844, 39222, 76898, 88754, 22876, 38074, 43299, 88699, 81654, 61902, 89999, 13497, 66668, 7338, 74096, 38397, 11013, 98336, 40480, 33892, 63626, 49088, 71312, 23172, 10803, 62392, 24917, 67254, 58009, 81336, 59457, 73844, 95696, 6506, 27308, 70695, 56701, 13067, 41613, 72662, 53528, 75491, 42519, 81780, 31754, 13856, 88917, 96452, 41223, 89774, 10407, 31336, 50783, 20291, 5997, 7069, 31395, 24625, 6189, 56620, 24762, 84988, 68874, 85812, 41091, 24302, 77112, 35149, 22780, 53184, 18627, 57549, 17465, 63612, 87939, 6980, 60883, 29814, 87238, 14952, 60779, 86760, 61062, 30267, 24445, 56989, 27229, 82900, 90023, 57786, 63779, 40235, 86679, 51776, 22058, 63483, 39593, 41554, 8133, 95503, 6716, 25867, 90267, 22987, 39665, 98545, 93605, 1747, 78248, 27473, 33109, 26918, 82634, 51318, 80099, 73743, 12182, 94300, 46775, 25047, 68889, 10070, 18361, 65084, 37080, 70960, 83222, 67058, 98067, 22471, 67691, 59607, 67337, 8930, 21238, 46639, 45431, 43153, 96128, 24156, 80501, 82080, 49059, 2091, 12212, 52072, 31681, 90064, 42922, 12694, 63500, 88958, 85424, 60965, 55836, 88426, 54941, 94663, 65220, 71036, 49752, 17451, 53699, 9314, 14619, 3290, 44849, 90564, 91441, 62905, 40530, 5641, 37318, 36823, 31308, 19382, 62343, 86280, 16633, 47566, 15336, 77921, 88788, 50425, 20260, 79556, 59009, 60227, 87434, 40228, 88797, 25912, 98562, 76789, 91824, 52309, 10258, 50738, 95463, 77205, 93493, 68362, 24106, 95689, 49524, 69579, 66348, 75971, 22529, 74132, 89303, 37488, 5127, 63655, 17283, 25796, 52901, 73353, 59242, 58591, 76499, 46764, 96815, 56675, 19904, 86086, 9538, 16381, 25966, 48189, 47295, 50918, 3257, 56486, 10672, 45517, 6977, 66557, 24565, 14166, 47870, 73695, 59021, 61532, 83752, 51246, 6816, 65190, 71364, 98756, 25731, 84141, 78432, 21130, 69362, 52504, 59655, 73856, 97330, 50721, 19705, 54620, 16926, 96429, 24048, 73377, 67355, 15053, 17980, 70735, 35236, 75523, 91241, 23447, 72477, 51156, 95259, 88333, 29494, 67321, 52714, 62917, 99842, 65229, 6617, 44275, 88720, 37853, 8770, 63811, 7507, 89636, 17817, 1558, 85068, 79776, 73733, 11481, 89926, 56682, 49746, 9429, 50818, 45883, 58652, 12423, 26431, 60221, 95661, 73944, 68283, 51044, 69558, 68608, 65135, 29404, 17239, 5514, 47278, 63393, 94877, 23491, 47292, 6877, 19032, 65956, 9732, 97912, 1976, 37613, 34466, 61934, 57269, 53618, 5940, 93510, 52374, 85684, 22266, 86296, 60665, 10810, 9462, 494, 58482, 75247, 71566, 31620, 58819, 97731, 83116, 7767, 83623, 12444, 57312, 49834, 46402, 98377, 30435, 36116, 16443, 25589, 45312, 64514, 37426, 76200, 11178, 7488, 18610, 92099, 97566, 6854, 33656, 17686, 10866, 73697, 81050, 12312, 6505, 95303, 61521, 72092, 94259, 32683, 45746, 77187, 88803, 39457, 40047, 95729, 22380, 62708, 14355, 83408, 29714, 50213, 24600, 63055, 94787, 52488, 53820, 72502, 35142, 82539, 36201, 83535, 70150, 4544, 53013, 91532, 98794, 75749, 37723, 24569, 90322, 279, 84293, 85419, 53204, 7321, 22724, 95538, 85836, 2877, 93721, 73981, 40836, 90505, 94370, 88415, 37372, 69317, 25860, 4116, 35759, 84385, 33447, 84816, 12456, 31068, 57878, 18743, 27118, 55146, 45045, 76854, 36409, 49423, 25447, 28432, 61176, 34319, 67878, 7127, 41048, 27399, 57337, 84290, 2409, 69039, 23729, 7494, 36747, 48478, 38848, 42755, 293, 91046, 40498, 48156, 87860, 19957, 4960, 74844, 19836, 92291, 57801, 90081, 88664, 17768, 78881, 47919, 71822, 34413, 1930, 46778, 88873, 89253, 43012, 48581, 9353, 85645, 13891, 48249, 50115, 66199, 3386, 20854, 99932, 28051, 71692, 93909, 74084, 74671, 89896, 50523, 88742, 12398, 72247, 55742, 51721, 34827, 36846, 62982, 39419, 78439, 9343, 48468, 84544, 39864, 76167, 43812, 71247, 20757, 1762, 41180, 27413, 60564, 22669, 82173, 16704, 46485, 72310, 26823, 41298, 58642, 32787, 90874, 58140, 56784, 29999, 8759, 96835, 78050, 41544, 1255, 17455, 33878, 64547, 58966, 82332, 5215, 48306, 8922, 24655, 4697, 70882, 84900, 82562, 62735, 34434, 73303, 61588, 35094, 68503, 41162, 54916, 58190, 12626, 60530, 22534, 77445, 84110, 41705, 60129, 60275, 26541, 44213, 1777, 13370, 3088, 42025, 39125, 6806, 57675, 48434, 98242, 36838, 43086, 11553, 17088, 22108, 72325, 25128, 87991, 65587, 14862, 36451, 44287, 9734, 15759, 72468, 61485, 14174, 26892, 64268, 19975, 5444, 33247, 50382, 76845, 87224, 36256, 66890, 95968, 72639, 77038, 43204, 39754, 36312, 74369, 96758, 27679, 249, 98284, 44817, 61235, 55085, 9992, 27298, 25783, 69424, 39622, 26481, 58524, 35109, 38014, 50849, 43262, 70599, 1236, 29822, 19493, 40976, 26562, 7919, 16019, 11304, 44960, 68766, 47516, 55933, 93459, 51964, 80457, 87397, 77661, 10867, 13339, 38927, 67085, 83000, 91594, 70221, 32812, 41638, 39247, 63161, 56481, 85947, 619, 54521, 29223, 59027, 34890, 77305, 79995, 54866, 56578, 59831, 16991, 48800, 12168, 58544, 42596, 87951, 65721, 11198, 23052, 15984, 12347, 45822, 1513, 17129, 34479, 87885, 87506, 81928, 20343, 45290, 20189, 98974, 29926, 61725, 72592, 35725, 72251, 55074, 7660, 24694]})"
562.0,9,164,70,53.06478929519653,10696,"Genotype(dna={""<class 'abc.NT_0017'>"": [1, 23052], ""<class 'abc.NT_0017_P_00000'>"": [], ""<class 'abc.NT_0005'>"": [0, 0, 35544, 1, 0, 1, 0, 1, 1, 1513], ""<class 'abc.NT_0005_P_00000'>"": [], ""<class 'abc.NT_0005_P_00001'>"": [], ""<class 'bool'>"": [50833, 28611, 95173, 92596, 84996, 15299, 84608, 73218, 73704, 53577, 54127, 73580, 61648, 63455, 34182, 28379, 9832, 69766, 27025, 9321, 39372, 40559, 45589, 21512, 9991, 31131, 22379, 82972, 66879, 7070, 87492, 33083, 92916, 1233, 89415, 28350, 54741, 51276, 16414, 74832, 4355, 87209, 57305, 93042, 23231, 67903, 93745, 31960, 29422, 28659, 99170, 40455, 13273, 92051, 14178, 78998, 45259, 78698, 95977, 93014, 83753, 21951, 16043, 13772, 66730, 10736, 57934, 29081, 62948, 99869, 41968, 82469, 93064, 59471, 51253, 67704, 97811, 82022, 87389, 59617, 67283, 63422, 70186, 58801, 23472, 68171, 46787, 87700, 86179, 38104, 2384, 90063, 6576, 80132, 98840, 65605, 74894, 53809, 99733, 89043, 84198, 62780, 94716, 23035, 32450, 31489, 41399, 87765, 69122, 99723, 54018, 92501, 39572, 89999, 58379, 67238, 50112, 90146, 55533, 46837, 57815, 68681, 79206, 32534, 3130, 58659, 69605, 82887, 74526, 5911, 58400, 62789, 48677, 31474, 44702, 39368, 40140, 19876, 33772, 86631, 58194, 70508], ""<class 'int'>"": [88091, 54758, 80960, 4147, 58985, 98835, 33177, 12380, 43928, 18156, 46293, 82997, 26546, 21931, 20632, 91665, 69275, 46303, 61738, 80613, 63967, 92163, 79154, 79668, 18313, 6071, 50712, 91463, 54716, 33220, 52575, 78591, 28324, 24851, 385, 86434, 6594, 95864, 4088, 31907, 5028, 70908, 60125, 88976, 64506, 45119, 63026, 18677, 76141, 62129, 40973, 74468, 90479, 50241, 61828, 14495, 64587, 47259, 69389, 59226, 21182, 99643, 3451, 67066, 55205, 22485, 89443, 19030, 10288, 23574, 78426, 55280, 17305, 68878, 94325, 9074, 35370, 56456, 95300, 73961, 59051, 835, 21640, 2744, 30054, 96306, 55542, 57066, 65643, 97962, 97088, 62680, 24967, 56005, 85155, 81002, 48234, 28842, 92105, 38714, 65511, 82476, 73240, 25988, 68682, 4749, 1059, 85277, 54664, 55169, 72830, 29209, 32377, 56597, 43815, 46740, 16019, 36704, 91606, 3697, 42934, 87720, 75207, 56054, 59737, 79252, 96186, 60558, 8582, 3209, 7798, 18736, 20655, 95860, 60671, 36386, 88318, 80757, 49888, 58523, 36742, 48071, 76427, 91397, 47115, 74907, 19807, 19166, 48854, 4778, 9526, 30084, 70329, 29929, 24152, 98179, 6661, 59360, 47157, 52018, 24734, 716, 46264, 89982, 86072, 78100, 64619, 77321], ""<class 'abc.NT_0010'>"": [0, 0, 1, 53054], ""<class 'abc.NT_0010_P_00000'>"": [], ""<class 'abc.NT_0006'>"": [2, 2, 0, 1, 1302, 1892], ""<class 'abc.NT_0006_P_00000'>"": [], ""<class 'abc.NT_0006_P_00001'>"": [], ""<class 'abc.NT_0002'>"": [1, 1, 2, 1, 1, 1, 1, 0, 2, 1, 41818, 0, 2, 0, 1, 0, 2, 1, 53720, 1, 0, 0, 69722, 1, 8713, 0, 0, 2, 0, 0, 0, 2, 1, 64800, 99864], ""<class 'abc.NT_0002_P_00000'>"": [], ""<class 'abc.NT_0001'>"": [1, 1, 1, 0, 0, 0, 0, 1, 1, 1, 1, 0, 1, 16227, 1, 1, 1, 1, 0, 0, 10290, 0, 0, 0, 0, 0, 1, 40887, 0, 0, 0, 0, 0, 0, 0, 0, 0, 1, 0, 0, 0, 0, 76558, 0, 0, 0, 1, 0, 0, 26591, 1, 1, 1, 0, 1, 0, 0, 45290], ""<class 'abc.NT_0001_P_00000'>"": [], ""<class 'abc.NT_0001_P_00001'>"": [], ""<class 'abc.NT_0000'>"": [0, 1, 1, 94528, 1, 0, 1, 1, 31647, 1, 1, 80324, 0, 0, 75412, 1, 69944, 1, 0, 0, 0, 1, 0, 0, 0, 1, 1, 0, 1, 3483, 1, 0, 42401, 0, 0, 0, 0, 54668, 66557, 1, 0, 1, 1, 0, 0, 21028, 54540, 1, 5444, 3614, 1, 0, 0, 0, 0, 0, 71485, 1, 0, 0, 0, 0, 1, 20343], ""<class 'abc.NT_0000_P_00000'>"": [], ""<class 'abc.NT_0000_P_00001'>"": [], ""<class 'abc.NT_0002_P_00001'>"": [], ""<class 'abc.NT_0002_P_00002'>"": [], ""<class 'abc.NT_0006_P_00002'>"": [], ""<class 'abc.NT_0007'>"": [1, 0, 1, 2, 87885, 72251, 55074], ""<class 'abc.NT_0007_P_00000'>"": [], ""<class 'abc.NT_0007_P_00001'>"": [], ""<class 'abc.NT_0007_P_00002'>"": [], ""<class 'abc.NT_0004'>"": [1, 1, 77639, 2, 1, 2, 63194, 90154], ""<class 'abc.NT_0004_P_00000'>"": [], ""<class 'abc.NT_0003'>"": [10039, 1, 0, 1, 98974, 61725, 72592, 35725, 7660], ""<class 'abc.NT_0003_P_00000'>"": [], ""<class 'abc.NT_0003_P_00001'>"": [], ""<class 'abc.NT_0003_P_00002'>"": [], ""<class 'abc.NT_0003_P_00003'>"": [], ""<class 'abc.NT_0004_P_00001'>"": [], ""<class 'abc.NT_0004_P_00002'>"": [], ""<class 'abc.NT_0009'>"": [3, 0, 1, 1, 0, 45822], ""<class 'abc.NT_0009_P_00000'>"": [], ""<class 'abc.NT_0008'>"": [15828, 0, 83857, 0, 0, 0, 17129], ""<class 'abc.NT_0008_P_00000'>"": [], ""<class 'abc.NT_0009_P_00001'>"": [], ""<class 'abc.NT_0009_P_00002'>"": [], ""<class 'abc.NT_0009_P_00003'>"": [], ""<class 'abc.NT_0010_P_00001'>"": [], ""<class 'abc.NT_0010_P_00002'>"": [], ""<class 'abc.NT_0017_P_00001'>"": [], ""<class 'abc.NT_0012'>"": [0, 0, 27606, 0, 0, 65962], ""<class 'abc.NT_0012_P_00000'>"": [], ""<class 'abc.NT_0012_P_00001'>"": [], ""<class 'abc.NT_0017_P_00002'>"": [], ""<class 'abc.NT_0013'>"": [], ""<class 'abc.NT_0013_P_00000'>"": [], ""<class 'abc.NT_0011'>"": [0, 94522], ""<class 'abc.NT_0011_P_00000'>"": [], ""<class 'abc.NT_0011_P_00001'>"": [], ""<class 'abc.NT_0011_P_00002'>"": [], ""<class 'abc.NT_0013_P_00001'>"": [], ""<class 'abc.NT_0013_P_00002'>"": [], ""<class 'abc.NT_0017_P_00003'>"": [], ""<class 'abc.NT_0016'>"": [0, 20070], ""<class 'abc.NT_0016_P_00000'>"": [], ""<class 'abc.NT_0016_P_00001'>"": [], ""<class 'abc.NT_0016_P_00002'>"": [], '$leftovers': [13707, 7777, 43103, 79112, 41937, 82055, 41802, 80929, 37572, 24235, 1002, 66268, 87311, 99058, 42897, 54099, 4751, 39061, 38658, 18856, 32793, 32020, 84694, 43326, 66351, 11593, 16559, 82179, 29701, 14785, 63931, 19995, 86098, 88506, 88906, 98218, 57143, 64899, 75531, 17691, 63845, 68413, 76826, 30524, 48607, 6718, 24768, 14247, 23842, 98884, 92372, 55279, 40315, 43705, 6728, 53868, 34432, 73753, 89438, 79733, 83929, 38685, 35410, 5343, 16823, 35888, 70000, 12879, 27426, 44726, 95438, 53746, 11554, 35563, 36846, 46156, 65002, 72433, 85297, 12477, 3511, 72425, 53166, 5796, 30717, 45518, 76561, 21526, 65748, 18017, 64172, 9175, 16724, 51276, 1749, 5687, 47923, 68260, 48548, 94393, 55323, 76604, 84009, 54574, 8798, 35733, 67233, 4198, 56844, 12629, 29196, 81671, 71295, 84963, 73193, 37662, 77918, 40265, 71387, 2776, 72056, 79890, 24380, 6524, 11920, 82004, 80554, 7771, 51485, 29874, 64851, 32118, 68660, 22646, 40503, 29950, 45632, 59339, 63591, 66553, 79195, 90039, 8891, 94412, 82595, 43578, 41060, 60184, 28053, 84947, 77614, 38864, 91374, 58545, 50015, 19960, 7381, 78763, 85070, 21507, 19025, 51930, 32629, 45143, 39756, 26052, 37388, 90108, 9391, 53674, 16962, 24269, 95106, 99931, 56381, 37781, 12365, 84199, 30949, 74271, 916, 85830, 97679, 18102, 478, 75886, 30302, 21977, 90537, 30063, 19357, 81788, 35261, 14719, 66114, 20921, 20240, 5992, 58367, 9680, 68600, 85141, 46379, 54808, 83564, 47005, 66549, 22371, 91024, 89979, 20226, 63714, 58641, 45142, 46907, 57602, 15144, 97990, 7439, 11158, 59469, 11328, 80659, 5962, 25695, 77537, 11892, 91592, 56748, 38581, 37353, 71743, 70419, 27563, 8343, 51963, 16605, 94638, 42057, 61173, 28541, 41743, 60295, 49767, 73628, 41163, 91833, 78182, 82565, 25215, 96862, 76058, 44249, 82715, 20979, 71376, 27708, 78050, 40085, 30494, 46076, 48158, 98017, 59418, 77712, 4502, 58514, 86759, 30136, 53692, 84446, 34409, 6828, 35370, 50950, 51945, 59877, 55822, 81173, 57512, 24080, 92189, 34559, 32530, 48867, 64932, 44, 85888, 8300, 92843, 6844, 39222, 76898, 88754, 22876, 38074, 43299, 88699, 81654, 61902, 89999, 13497, 66668, 7338, 74096, 38397, 11013, 98336, 40480, 33892, 63626, 49088, 71312, 23172, 10803, 62392, 24917, 67254, 58009, 81336, 59457, 73844, 95696, 6506, 27308, 70695, 56701, 13067, 41613, 72662, 53528, 75491, 42519, 81780, 31754, 13856, 88917, 96452, 41223, 89774, 10407, 31336, 50783, 20291, 5997, 7069, 31395, 24625, 6189, 56620, 24762, 84988, 68874, 85812, 41091, 24302, 77112, 35149, 22780, 53184, 18627, 57549, 17465, 63612, 87939, 6980, 60883, 29814, 87238, 14952, 60779, 86760, 61062, 30267, 24445, 56989, 27229, 82900, 90023, 57786, 63779, 40235, 86679, 51776, 22058, 63483, 39593, 41554, 8133, 95503, 6716, 25867, 90267, 22987, 39665, 98545, 93605, 1747, 78248, 27473, 33109, 26918, 82634, 51318, 80099, 73743, 12182, 94300, 46775, 25047, 68889, 10070, 18361, 65084, 37080, 70960, 83222, 67058, 98067, 22471, 67691, 59607, 67337, 8930, 21238, 46639, 45431, 43153, 96128, 24156, 80501, 82080, 49059, 2091, 12212, 52072, 31681, 90064, 42922, 12694, 63500, 88958, 85424, 60965, 55836, 88426, 54941, 94663, 65220, 71036, 49752, 17451, 53699, 9314, 14619, 3290, 44849, 90564, 91441, 62905, 40530, 5641, 37318, 36823, 31308, 19382, 62343, 86280, 16633, 47566, 15336, 77921, 88788, 50425, 20260, 79556, 59009, 60227, 87434, 40228, 88797, 25912, 98562, 76789, 91824, 52309, 10258, 50738, 95463, 77205, 93493, 68362, 24106, 95689, 49524, 69579, 66348, 75971, 22529, 74132, 89303, 37488, 5127, 63655, 17283, 25796, 52901, 73353, 59242, 58591, 76499, 46764, 96815, 56675, 19904, 86086, 9538, 16381, 25966, 48189, 47295, 50918, 3257, 56486, 10672, 45517, 6977, 66557, 24565, 14166, 47870, 73695, 59021, 61532, 83752, 51246, 6816, 65190, 71364, 98756, 25731, 84141, 78432, 21130, 69362, 52504, 59655, 73856, 97330, 50721, 19705, 54620, 16926, 96429, 24048, 73377, 67355, 15053, 17980, 70735, 35236, 75523, 91241, 23447, 72477, 51156, 95259, 88333, 29494, 67321, 52714, 62917, 99842, 65229, 6617, 44275, 88720, 37853, 8770, 63811, 7507, 89636, 17817, 1558, 85068, 79776, 73733, 11481, 89926, 56682, 49746, 9429, 50818, 45883, 58652, 12423, 26431, 60221, 95661, 73944, 68283, 51044, 69558, 68608, 65135, 29404, 17239, 5514, 47278, 63393, 94877, 23491, 47292, 6877, 19032, 65956, 9732, 97912, 1976, 37613, 34466, 61934, 57269, 53618, 5940, 93510, 52374, 85684, 22266, 86296, 60665, 10810, 9462, 494, 58482, 75247, 71566, 31620, 58819, 97731, 83116, 7767, 83623, 12444, 57312, 49834, 46402, 98377, 30435, 36116, 16443, 25589, 45312, 64514, 37426, 76200, 11178, 7488, 18610, 92099, 97566, 6854, 33656, 17686, 10866, 73697, 81050, 12312, 6505, 95303, 61521, 72092, 94259, 32683, 45746, 77187, 88803, 39457, 40047, 95729, 22380, 62708, 14355, 83408, 29714, 50213, 24600, 63055, 94787, 52488, 53820, 72502, 35142, 82539, 36201, 83535, 70150, 4544, 53013, 91532, 98794, 75749, 37723, 24569, 90322, 279, 84293, 85419, 53204, 7321, 22724, 95538, 85836, 2877, 93721, 73981, 40836, 90505, 94370, 88415, 37372, 69317, 25860, 4116, 35759, 84385, 33447, 84816, 12456, 31068, 57878, 18743, 27118, 55146, 45045, 76854, 36409, 49423, 25447, 28432, 61176, 34319, 67878, 7127, 41048, 27399, 57337, 84290, 2409, 69039, 23729, 7494, 36747, 48478, 38848, 42755, 293, 91046, 40498, 48156, 87860, 19957, 4960, 74844, 19836, 92291, 57801, 90081, 88664, 17768, 78881, 47919, 71822, 34413, 1930, 46778, 88873, 89253, 43012, 48581, 9353, 85645, 13891, 48249, 50115, 66199, 3386, 20854, 99932, 28051, 71692, 93909, 74084, 74671, 89896, 50523, 88742, 12398, 72247, 55742, 51721, 34827, 36846, 62982, 39419, 78439, 9343, 48468, 84544, 39864, 76167, 43812, 71247, 20757, 1762, 41180, 27413, 60564, 22669, 82173, 16704, 46485, 72310, 26823, 41298, 58642, 32787, 90874, 58140, 56784, 29999, 8759, 96835, 78050, 41544, 1255, 17455, 33878, 64547, 58966, 82332, 5215, 48306, 8922, 24655, 4697, 70882, 84900, 82562, 62735, 34434, 73303, 61588, 35094, 68503, 41162, 54916, 58190, 12626, 60530, 22534, 77445, 84110, 41705, 60129, 60275, 26541, 44213, 1777, 13370, 3088, 42025, 39125, 6806, 57675, 48434, 98242, 36838, 43086, 11553, 17088, 22108, 72325, 25128, 87991, 65587, 14862, 36451, 44287, 9734, 15759, 72468, 61485, 14174, 26892, 64268, 19975, 5444, 33247, 50382, 76845, 87224, 36256, 66890, 95968, 72639, 77038, 43204, 39754, 36312, 74369, 96758, 27679, 249, 98284, 44817, 61235, 55085, 9992, 27298, 25783, 69424, 39622, 26481, 58524, 35109, 38014, 50849, 43262, 70599, 1236, 29822, 19493, 40976, 26562, 7919, 16019, 11304, 44960, 68766, 47516, 55933, 93459, 51964, 80457, 87397, 77661, 10867, 13339, 38927, 67085, 83000, 91594, 70221, 32812, 41638, 39247, 63161, 56481, 85947, 619, 54521, 29223, 59027, 34890, 77305, 79995, 54866, 56578, 59831, 16991, 48800, 12168, 58544, 42596, 87951, 65721, 11198, 23052, 15984, 12347, 45822, 1513, 17129, 34479, 87885, 87506, 81928, 20343, 45290, 20189, 98974, 29926, 61725, 72592, 35725, 72251, 55074, 7660, 24694]})"
562.0,9,164,71,53.401445388793945,10696,"Genotype(dna={""<class 'abc.NT_0017'>"": [1, 23052], ""<class 'abc.NT_0017_P_00000'>"": [], ""<class 'abc.NT_0005'>"": [0, 0, 35544, 1, 0, 1, 0, 1, 1, 1513], ""<class 'abc.NT_0005_P_00000'>"": [], ""<class 'abc.NT_0005_P_00001'>"": [], ""<class 'bool'>"": [50833, 28611, 95173, 92596, 84996, 15299, 84608, 73218, 73704, 53577, 54127, 73580, 61648, 63455, 34182, 28379, 9832, 69766, 27025, 9321, 39372, 40559, 45589, 21512, 9991, 31131, 22379, 82972, 66879, 7070, 87492, 33083, 92916, 1233, 89415, 28350, 54741, 51276, 16414, 74832, 4355, 87209, 57305, 93042, 23231, 67903, 93745, 31960, 29422, 28659, 99170, 40455, 13273, 92051, 14178, 78998, 45259, 78698, 95977, 93014, 83753, 21951, 16043, 13772, 66730, 10736, 57934, 29081, 62948, 99869, 41968, 82469, 93064, 59471, 51253, 67704, 97811, 82022, 87389, 59617, 67283, 63422, 70186, 58801, 23472, 68171, 46787, 87700, 86179, 38104, 2384, 90063, 6576, 80132, 98840, 65605, 74894, 53809, 99733, 89043, 84198, 62780, 94716, 23035, 32450, 31489, 41399, 87765, 69122, 99723, 54018, 92501, 39572, 89999, 58379, 67238, 50112, 90146, 55533, 46837, 57815, 68681, 79206, 32534, 3130, 58659, 69605, 82887, 74526, 5911, 58400, 62789, 48677, 31474, 44702, 39368, 40140, 19876, 33772, 86631, 58194, 70508], ""<class 'int'>"": [88091, 54758, 80960, 4147, 58985, 98835, 33177, 12380, 43928, 18156, 46293, 82997, 26546, 21931, 20632, 91665, 69275, 46303, 61738, 80613, 63967, 92163, 79154, 79668, 18313, 6071, 50712, 91463, 54716, 33220, 52575, 78591, 28324, 24851, 385, 86434, 6594, 95864, 4088, 31907, 5028, 70908, 60125, 88976, 64506, 45119, 63026, 18677, 76141, 62129, 40973, 74468, 90479, 50241, 61828, 14495, 64587, 47259, 69389, 59226, 21182, 99643, 3451, 67066, 55205, 22485, 89443, 19030, 10288, 23574, 78426, 55280, 17305, 68878, 94325, 9074, 35370, 56456, 95300, 73961, 59051, 835, 21640, 2744, 30054, 96306, 55542, 57066, 65643, 97962, 97088, 62680, 24967, 56005, 85155, 81002, 48234, 28842, 92105, 38714, 65511, 82476, 73240, 25988, 68682, 4749, 1059, 85277, 54664, 55169, 72830, 29209, 32377, 56597, 43815, 46740, 16019, 36704, 91606, 3697, 42934, 87720, 75207, 56054, 59737, 79252, 96186, 60558, 8582, 3209, 7798, 18736, 20655, 95860, 60671, 36386, 88318, 80757, 49888, 58523, 36742, 48071, 76427, 91397, 47115, 74907, 19807, 19166, 48854, 4778, 9526, 30084, 70329, 29929, 24152, 98179, 6661, 59360, 47157, 52018, 24734, 716, 46264, 89982, 86072, 78100, 64619, 77321], ""<class 'abc.NT_0010'>"": [0, 0, 1, 53054], ""<class 'abc.NT_0010_P_00000'>"": [], ""<class 'abc.NT_0006'>"": [2, 2, 0, 1, 1302, 1892], ""<class 'abc.NT_0006_P_00000'>"": [], ""<class 'abc.NT_0006_P_00001'>"": [], ""<class 'abc.NT_0002'>"": [1, 1, 2, 1, 1, 1, 1, 0, 2, 1, 41818, 0, 2, 0, 1, 0, 2, 1, 53720, 1, 0, 0, 69722, 1, 8713, 0, 0, 2, 0, 0, 0, 2, 1, 64800, 99864], ""<class 'abc.NT_0002_P_00000'>"": [], ""<class 'abc.NT_0001'>"": [1, 1, 1, 0, 0, 0, 0, 1, 1, 1, 1, 0, 1, 16227, 1, 1, 1, 1, 0, 0, 10290, 0, 0, 0, 0, 0, 1, 40887, 0, 0, 0, 0, 0, 0, 0, 0, 0, 1, 0, 0, 0, 0, 76558, 0, 0, 0, 1, 0, 0, 26591, 1, 1, 1, 0, 1, 0, 0, 45290], ""<class 'abc.NT_0001_P_00000'>"": [], ""<class 'abc.NT_0001_P_00001'>"": [], ""<class 'abc.NT_0000'>"": [0, 1, 1, 94528, 1, 0, 1, 1, 31647, 1, 1, 80324, 0, 0, 75412, 1, 69944, 1, 0, 0, 0, 1, 0, 0, 0, 1, 1, 0, 1, 3483, 1, 0, 42401, 0, 0, 0, 0, 54668, 66557, 1, 0, 1, 1, 0, 0, 21028, 54540, 1, 5444, 3614, 1, 0, 0, 0, 0, 0, 71485, 1, 0, 0, 0, 0, 1, 20343], ""<class 'abc.NT_0000_P_00000'>"": [], ""<class 'abc.NT_0000_P_00001'>"": [], ""<class 'abc.NT_0002_P_00001'>"": [], ""<class 'abc.NT_0002_P_00002'>"": [], ""<class 'abc.NT_0006_P_00002'>"": [], ""<class 'abc.NT_0007'>"": [1, 0, 1, 2, 87885, 72251, 55074], ""<class 'abc.NT_0007_P_00000'>"": [], ""<class 'abc.NT_0007_P_00001'>"": [], ""<class 'abc.NT_0007_P_00002'>"": [], ""<class 'abc.NT_0004'>"": [1, 1, 77639, 2, 1, 2, 63194, 90154], ""<class 'abc.NT_0004_P_00000'>"": [], ""<class 'abc.NT_0003'>"": [10039, 1, 0, 1, 98974, 61725, 72592, 35725, 7660], ""<class 'abc.NT_0003_P_00000'>"": [], ""<class 'abc.NT_0003_P_00001'>"": [], ""<class 'abc.NT_0003_P_00002'>"": [], ""<class 'abc.NT_0003_P_00003'>"": [], ""<class 'abc.NT_0004_P_00001'>"": [], ""<class 'abc.NT_0004_P_00002'>"": [], ""<class 'abc.NT_0009'>"": [3, 0, 1, 1, 0, 45822], ""<class 'abc.NT_0009_P_00000'>"": [], ""<class 'abc.NT_0008'>"": [15828, 0, 83857, 0, 0, 0, 17129], ""<class 'abc.NT_0008_P_00000'>"": [], ""<class 'abc.NT_0009_P_00001'>"": [], ""<class 'abc.NT_0009_P_00002'>"": [], ""<class 'abc.NT_0009_P_00003'>"": [], ""<class 'abc.NT_0010_P_00001'>"": [], ""<class 'abc.NT_0010_P_00002'>"": [], ""<class 'abc.NT_0017_P_00001'>"": [], ""<class 'abc.NT_0012'>"": [0, 0, 27606, 0, 0, 65962], ""<class 'abc.NT_0012_P_00000'>"": [], ""<class 'abc.NT_0012_P_00001'>"": [], ""<class 'abc.NT_0017_P_00002'>"": [], ""<class 'abc.NT_0013'>"": [], ""<class 'abc.NT_0013_P_00000'>"": [], ""<class 'abc.NT_0011'>"": [0, 94522], ""<class 'abc.NT_0011_P_00000'>"": [], ""<class 'abc.NT_0011_P_00001'>"": [], ""<class 'abc.NT_0011_P_00002'>"": [], ""<class 'abc.NT_0013_P_00001'>"": [], ""<class 'abc.NT_0013_P_00002'>"": [], ""<class 'abc.NT_0017_P_00003'>"": [], ""<class 'abc.NT_0016'>"": [0, 20070], ""<class 'abc.NT_0016_P_00000'>"": [], ""<class 'abc.NT_0016_P_00001'>"": [], ""<class 'abc.NT_0016_P_00002'>"": [], '$leftovers': [13707, 7777, 43103, 79112, 41937, 82055, 41802, 80929, 37572, 24235, 1002, 66268, 87311, 99058, 42897, 54099, 4751, 39061, 38658, 18856, 32793, 32020, 84694, 43326, 66351, 11593, 16559, 82179, 29701, 14785, 63931, 19995, 86098, 88506, 88906, 98218, 57143, 64899, 75531, 17691, 63845, 68413, 76826, 30524, 48607, 6718, 24768, 14247, 23842, 98884, 92372, 55279, 40315, 43705, 6728, 53868, 34432, 73753, 89438, 79733, 83929, 38685, 35410, 5343, 16823, 35888, 70000, 12879, 27426, 44726, 95438, 53746, 11554, 35563, 36846, 46156, 65002, 72433, 85297, 12477, 3511, 72425, 53166, 5796, 30717, 45518, 76561, 21526, 65748, 18017, 64172, 9175, 16724, 51276, 1749, 5687, 47923, 68260, 48548, 94393, 55323, 76604, 84009, 54574, 8798, 35733, 67233, 4198, 56844, 12629, 29196, 81671, 71295, 84963, 73193, 37662, 77918, 40265, 71387, 2776, 72056, 79890, 24380, 6524, 11920, 82004, 80554, 7771, 51485, 29874, 64851, 32118, 68660, 22646, 40503, 29950, 45632, 59339, 63591, 66553, 79195, 90039, 8891, 94412, 82595, 43578, 41060, 60184, 28053, 84947, 77614, 38864, 91374, 58545, 50015, 19960, 7381, 78763, 85070, 21507, 19025, 51930, 32629, 45143, 39756, 26052, 37388, 90108, 9391, 53674, 16962, 24269, 95106, 99931, 56381, 37781, 12365, 84199, 30949, 74271, 916, 85830, 97679, 18102, 478, 75886, 30302, 21977, 90537, 30063, 19357, 81788, 35261, 14719, 66114, 20921, 20240, 5992, 58367, 9680, 68600, 85141, 46379, 54808, 83564, 47005, 66549, 22371, 91024, 89979, 20226, 63714, 58641, 45142, 46907, 57602, 15144, 97990, 7439, 11158, 59469, 11328, 80659, 5962, 25695, 77537, 11892, 91592, 56748, 38581, 37353, 71743, 70419, 27563, 8343, 51963, 16605, 94638, 42057, 61173, 28541, 41743, 60295, 49767, 73628, 41163, 91833, 78182, 82565, 25215, 96862, 76058, 44249, 82715, 20979, 71376, 27708, 78050, 40085, 30494, 46076, 48158, 98017, 59418, 77712, 4502, 58514, 86759, 30136, 53692, 84446, 34409, 6828, 35370, 50950, 51945, 59877, 55822, 81173, 57512, 24080, 92189, 34559, 32530, 48867, 64932, 44, 85888, 8300, 92843, 6844, 39222, 76898, 88754, 22876, 38074, 43299, 88699, 81654, 61902, 89999, 13497, 66668, 7338, 74096, 38397, 11013, 98336, 40480, 33892, 63626, 49088, 71312, 23172, 10803, 62392, 24917, 67254, 58009, 81336, 59457, 73844, 95696, 6506, 27308, 70695, 56701, 13067, 41613, 72662, 53528, 75491, 42519, 81780, 31754, 13856, 88917, 96452, 41223, 89774, 10407, 31336, 50783, 20291, 5997, 7069, 31395, 24625, 6189, 56620, 24762, 84988, 68874, 85812, 41091, 24302, 77112, 35149, 22780, 53184, 18627, 57549, 17465, 63612, 87939, 6980, 60883, 29814, 87238, 14952, 60779, 86760, 61062, 30267, 24445, 56989, 27229, 82900, 90023, 57786, 63779, 40235, 86679, 51776, 22058, 63483, 39593, 41554, 8133, 95503, 6716, 25867, 90267, 22987, 39665, 98545, 93605, 1747, 78248, 27473, 33109, 26918, 82634, 51318, 80099, 73743, 12182, 94300, 46775, 25047, 68889, 10070, 18361, 65084, 37080, 70960, 83222, 67058, 98067, 22471, 67691, 59607, 67337, 8930, 21238, 46639, 45431, 43153, 96128, 24156, 80501, 82080, 49059, 2091, 12212, 52072, 31681, 90064, 42922, 12694, 63500, 88958, 85424, 60965, 55836, 88426, 54941, 94663, 65220, 71036, 49752, 17451, 53699, 9314, 14619, 3290, 44849, 90564, 91441, 62905, 40530, 5641, 37318, 36823, 31308, 19382, 62343, 86280, 16633, 47566, 15336, 77921, 88788, 50425, 20260, 79556, 59009, 60227, 87434, 40228, 88797, 25912, 98562, 76789, 91824, 52309, 10258, 50738, 95463, 77205, 93493, 68362, 24106, 95689, 49524, 69579, 66348, 75971, 22529, 74132, 89303, 37488, 5127, 63655, 17283, 25796, 52901, 73353, 59242, 58591, 76499, 46764, 96815, 56675, 19904, 86086, 9538, 16381, 25966, 48189, 47295, 50918, 3257, 56486, 10672, 45517, 6977, 66557, 24565, 14166, 47870, 73695, 59021, 61532, 83752, 51246, 6816, 65190, 71364, 98756, 25731, 84141, 78432, 21130, 69362, 52504, 59655, 73856, 97330, 50721, 19705, 54620, 16926, 96429, 24048, 73377, 67355, 15053, 17980, 70735, 35236, 75523, 91241, 23447, 72477, 51156, 95259, 88333, 29494, 67321, 52714, 62917, 99842, 65229, 6617, 44275, 88720, 37853, 8770, 63811, 7507, 89636, 17817, 1558, 85068, 79776, 73733, 11481, 89926, 56682, 49746, 9429, 50818, 45883, 58652, 12423, 26431, 60221, 95661, 73944, 68283, 51044, 69558, 68608, 65135, 29404, 17239, 5514, 47278, 63393, 94877, 23491, 47292, 6877, 19032, 65956, 9732, 97912, 1976, 37613, 34466, 61934, 57269, 53618, 5940, 93510, 52374, 85684, 22266, 86296, 60665, 10810, 9462, 494, 58482, 75247, 71566, 31620, 58819, 97731, 83116, 7767, 83623, 12444, 57312, 49834, 46402, 98377, 30435, 36116, 16443, 25589, 45312, 64514, 37426, 76200, 11178, 7488, 18610, 92099, 97566, 6854, 33656, 17686, 10866, 73697, 81050, 12312, 6505, 95303, 61521, 72092, 94259, 32683, 45746, 77187, 88803, 39457, 40047, 95729, 22380, 62708, 14355, 83408, 29714, 50213, 24600, 63055, 94787, 52488, 53820, 72502, 35142, 82539, 36201, 83535, 70150, 4544, 53013, 91532, 98794, 75749, 37723, 24569, 90322, 279, 84293, 85419, 53204, 7321, 22724, 95538, 85836, 2877, 93721, 73981, 40836, 90505, 94370, 88415, 37372, 69317, 25860, 4116, 35759, 84385, 33447, 84816, 12456, 31068, 57878, 18743, 27118, 55146, 45045, 76854, 36409, 49423, 25447, 28432, 61176, 34319, 67878, 7127, 41048, 27399, 57337, 84290, 2409, 69039, 23729, 7494, 36747, 48478, 38848, 42755, 293, 91046, 40498, 48156, 87860, 19957, 4960, 74844, 19836, 92291, 57801, 90081, 88664, 17768, 78881, 47919, 71822, 34413, 1930, 46778, 88873, 89253, 43012, 48581, 9353, 85645, 13891, 48249, 50115, 66199, 3386, 20854, 99932, 28051, 71692, 93909, 74084, 74671, 89896, 50523, 88742, 12398, 72247, 55742, 51721, 34827, 36846, 62982, 39419, 78439, 9343, 48468, 84544, 39864, 76167, 43812, 71247, 20757, 1762, 41180, 27413, 60564, 22669, 82173, 16704, 46485, 72310, 26823, 41298, 58642, 32787, 90874, 58140, 56784, 29999, 8759, 96835, 78050, 41544, 1255, 17455, 33878, 64547, 58966, 82332, 5215, 48306, 8922, 24655, 4697, 70882, 84900, 82562, 62735, 34434, 73303, 61588, 35094, 68503, 41162, 54916, 58190, 12626, 60530, 22534, 77445, 84110, 41705, 60129, 60275, 26541, 44213, 1777, 13370, 3088, 42025, 39125, 6806, 57675, 48434, 98242, 36838, 43086, 11553, 17088, 22108, 72325, 25128, 87991, 65587, 14862, 36451, 44287, 9734, 15759, 72468, 61485, 14174, 26892, 64268, 19975, 5444, 33247, 50382, 76845, 87224, 36256, 66890, 95968, 72639, 77038, 43204, 39754, 36312, 74369, 96758, 27679, 249, 98284, 44817, 61235, 55085, 9992, 27298, 25783, 69424, 39622, 26481, 58524, 35109, 38014, 50849, 43262, 70599, 1236, 29822, 19493, 40976, 26562, 7919, 16019, 11304, 44960, 68766, 47516, 55933, 93459, 51964, 80457, 87397, 77661, 10867, 13339, 38927, 67085, 83000, 91594, 70221, 32812, 41638, 39247, 63161, 56481, 85947, 619, 54521, 29223, 59027, 34890, 77305, 79995, 54866, 56578, 59831, 16991, 48800, 12168, 58544, 42596, 87951, 65721, 11198, 23052, 15984, 12347, 45822, 1513, 17129, 34479, 87885, 87506, 81928, 20343, 45290, 20189, 98974, 29926, 61725, 72592, 35725, 72251, 55074, 7660, 24694]})"
562.0,9,164,72,53.69808840751648,10696,"Genotype(dna={""<class 'abc.NT_0017'>"": [1, 23052], ""<class 'abc.NT_0017_P_00000'>"": [], ""<class 'abc.NT_0005'>"": [0, 0, 35544, 1, 0, 1, 0, 1, 1, 1513], ""<class 'abc.NT_0005_P_00000'>"": [], ""<class 'abc.NT_0005_P_00001'>"": [], ""<class 'bool'>"": [50833, 28611, 95173, 92596, 84996, 15299, 84608, 73218, 73704, 53577, 54127, 73580, 61648, 63455, 34182, 28379, 9832, 69766, 27025, 9321, 39372, 40559, 45589, 21512, 9991, 31131, 22379, 82972, 66879, 7070, 87492, 33083, 92916, 1233, 89415, 28350, 54741, 51276, 16414, 74832, 4355, 87209, 57305, 93042, 23231, 67903, 93745, 31960, 29422, 28659, 99170, 40455, 13273, 92051, 14178, 78998, 45259, 78698, 95977, 93014, 83753, 21951, 16043, 13772, 66730, 10736, 57934, 29081, 62948, 99869, 41968, 82469, 93064, 59471, 51253, 67704, 97811, 82022, 87389, 59617, 67283, 63422, 70186, 58801, 23472, 68171, 46787, 87700, 86179, 38104, 2384, 90063, 6576, 80132, 98840, 65605, 74894, 53809, 99733, 89043, 84198, 62780, 94716, 23035, 32450, 31489, 41399, 87765, 69122, 99723, 54018, 92501, 39572, 89999, 58379, 67238, 50112, 90146, 55533, 46837, 57815, 68681, 79206, 32534, 3130, 58659, 69605, 82887, 74526, 5911, 58400, 62789, 48677, 31474, 44702, 39368, 40140, 19876, 33772, 86631, 58194, 70508], ""<class 'int'>"": [88091, 54758, 80960, 4147, 58985, 98835, 33177, 12380, 43928, 18156, 46293, 82997, 26546, 21931, 20632, 91665, 69275, 46303, 61738, 80613, 63967, 92163, 79154, 79668, 18313, 6071, 50712, 91463, 54716, 33220, 52575, 78591, 28324, 24851, 385, 86434, 6594, 95864, 4088, 31907, 5028, 70908, 60125, 88976, 64506, 45119, 63026, 18677, 76141, 62129, 40973, 74468, 90479, 50241, 61828, 14495, 64587, 47259, 69389, 59226, 21182, 99643, 3451, 67066, 55205, 22485, 89443, 19030, 10288, 23574, 78426, 55280, 17305, 68878, 94325, 9074, 35370, 56456, 95300, 73961, 59051, 835, 21640, 2744, 30054, 96306, 55542, 57066, 65643, 97962, 97088, 62680, 24967, 56005, 85155, 81002, 48234, 28842, 92105, 38714, 65511, 82476, 73240, 25988, 68682, 4749, 1059, 85277, 54664, 55169, 72830, 29209, 32377, 56597, 43815, 46740, 16019, 36704, 91606, 3697, 42934, 87720, 75207, 56054, 59737, 79252, 96186, 60558, 8582, 3209, 7798, 18736, 20655, 95860, 60671, 36386, 88318, 80757, 49888, 58523, 36742, 48071, 76427, 91397, 47115, 74907, 19807, 19166, 48854, 4778, 9526, 30084, 70329, 29929, 24152, 98179, 6661, 59360, 47157, 52018, 24734, 716, 46264, 89982, 86072, 78100, 64619, 77321], ""<class 'abc.NT_0010'>"": [0, 0, 1, 53054], ""<class 'abc.NT_0010_P_00000'>"": [], ""<class 'abc.NT_0006'>"": [2, 2, 0, 1, 1302, 1892], ""<class 'abc.NT_0006_P_00000'>"": [], ""<class 'abc.NT_0006_P_00001'>"": [], ""<class 'abc.NT_0002'>"": [1, 1, 2, 1, 1, 1, 1, 0, 2, 1, 41818, 0, 2, 0, 1, 0, 2, 1, 53720, 1, 0, 0, 69722, 1, 8713, 0, 0, 2, 0, 0, 0, 2, 1, 64800, 99864], ""<class 'abc.NT_0002_P_00000'>"": [], ""<class 'abc.NT_0001'>"": [1, 1, 1, 0, 0, 0, 0, 1, 1, 1, 1, 0, 1, 16227, 1, 1, 1, 1, 0, 0, 10290, 0, 0, 0, 0, 0, 1, 40887, 0, 0, 0, 0, 0, 0, 0, 0, 0, 1, 0, 0, 0, 0, 76558, 0, 0, 0, 1, 0, 0, 26591, 1, 1, 1, 0, 1, 0, 0, 45290], ""<class 'abc.NT_0001_P_00000'>"": [], ""<class 'abc.NT_0001_P_00001'>"": [], ""<class 'abc.NT_0000'>"": [0, 1, 1, 94528, 1, 0, 1, 1, 31647, 1, 1, 80324, 0, 0, 75412, 1, 69944, 1, 0, 0, 0, 1, 0, 0, 0, 1, 1, 0, 1, 3483, 1, 0, 42401, 0, 0, 0, 0, 54668, 66557, 1, 0, 1, 1, 0, 0, 21028, 54540, 1, 5444, 3614, 1, 0, 0, 0, 0, 0, 71485, 1, 0, 0, 0, 0, 1, 20343], ""<class 'abc.NT_0000_P_00000'>"": [], ""<class 'abc.NT_0000_P_00001'>"": [], ""<class 'abc.NT_0002_P_00001'>"": [], ""<class 'abc.NT_0002_P_00002'>"": [], ""<class 'abc.NT_0006_P_00002'>"": [], ""<class 'abc.NT_0007'>"": [1, 0, 1, 2, 87885, 72251, 55074], ""<class 'abc.NT_0007_P_00000'>"": [], ""<class 'abc.NT_0007_P_00001'>"": [], ""<class 'abc.NT_0007_P_00002'>"": [], ""<class 'abc.NT_0004'>"": [1, 1, 77639, 2, 1, 2, 63194, 90154], ""<class 'abc.NT_0004_P_00000'>"": [], ""<class 'abc.NT_0003'>"": [10039, 1, 0, 1, 98974, 61725, 72592, 35725, 7660], ""<class 'abc.NT_0003_P_00000'>"": [], ""<class 'abc.NT_0003_P_00001'>"": [], ""<class 'abc.NT_0003_P_00002'>"": [], ""<class 'abc.NT_0003_P_00003'>"": [], ""<class 'abc.NT_0004_P_00001'>"": [], ""<class 'abc.NT_0004_P_00002'>"": [], ""<class 'abc.NT_0009'>"": [3, 0, 1, 1, 0, 45822], ""<class 'abc.NT_0009_P_00000'>"": [], ""<class 'abc.NT_0008'>"": [15828, 0, 83857, 0, 0, 0, 17129], ""<class 'abc.NT_0008_P_00000'>"": [], ""<class 'abc.NT_0009_P_00001'>"": [], ""<class 'abc.NT_0009_P_00002'>"": [], ""<class 'abc.NT_0009_P_00003'>"": [], ""<class 'abc.NT_0010_P_00001'>"": [], ""<class 'abc.NT_0010_P_00002'>"": [], ""<class 'abc.NT_0017_P_00001'>"": [], ""<class 'abc.NT_0012'>"": [0, 0, 27606, 0, 0, 65962], ""<class 'abc.NT_0012_P_00000'>"": [], ""<class 'abc.NT_0012_P_00001'>"": [], ""<class 'abc.NT_0017_P_00002'>"": [], ""<class 'abc.NT_0013'>"": [], ""<class 'abc.NT_0013_P_00000'>"": [], ""<class 'abc.NT_0011'>"": [0, 94522], ""<class 'abc.NT_0011_P_00000'>"": [], ""<class 'abc.NT_0011_P_00001'>"": [], ""<class 'abc.NT_0011_P_00002'>"": [], ""<class 'abc.NT_0013_P_00001'>"": [], ""<class 'abc.NT_0013_P_00002'>"": [], ""<class 'abc.NT_0017_P_00003'>"": [], ""<class 'abc.NT_0016'>"": [0, 20070], ""<class 'abc.NT_0016_P_00000'>"": [], ""<class 'abc.NT_0016_P_00001'>"": [], ""<class 'abc.NT_0016_P_00002'>"": [], '$leftovers': [13707, 7777, 43103, 79112, 41937, 82055, 41802, 80929, 37572, 24235, 1002, 66268, 87311, 99058, 42897, 54099, 4751, 39061, 38658, 18856, 32793, 32020, 84694, 43326, 66351, 11593, 16559, 82179, 29701, 14785, 63931, 19995, 86098, 88506, 88906, 98218, 57143, 64899, 75531, 17691, 63845, 68413, 76826, 30524, 48607, 6718, 24768, 14247, 23842, 98884, 92372, 55279, 40315, 43705, 6728, 53868, 34432, 73753, 89438, 79733, 83929, 38685, 35410, 5343, 16823, 35888, 70000, 12879, 27426, 44726, 95438, 53746, 11554, 35563, 36846, 46156, 65002, 72433, 85297, 12477, 3511, 72425, 53166, 5796, 30717, 45518, 76561, 21526, 65748, 18017, 64172, 9175, 16724, 51276, 1749, 5687, 47923, 68260, 48548, 94393, 55323, 76604, 84009, 54574, 8798, 35733, 67233, 4198, 56844, 12629, 29196, 81671, 71295, 84963, 73193, 37662, 77918, 40265, 71387, 2776, 72056, 79890, 24380, 6524, 11920, 82004, 80554, 7771, 51485, 29874, 64851, 32118, 68660, 22646, 40503, 29950, 45632, 59339, 63591, 66553, 79195, 90039, 8891, 94412, 82595, 43578, 41060, 60184, 28053, 84947, 77614, 38864, 91374, 58545, 50015, 19960, 7381, 78763, 85070, 21507, 19025, 51930, 32629, 45143, 39756, 26052, 37388, 90108, 9391, 53674, 16962, 24269, 95106, 99931, 56381, 37781, 12365, 84199, 30949, 74271, 916, 85830, 97679, 18102, 478, 75886, 30302, 21977, 90537, 30063, 19357, 81788, 35261, 14719, 66114, 20921, 20240, 5992, 58367, 9680, 68600, 85141, 46379, 54808, 83564, 47005, 66549, 22371, 91024, 89979, 20226, 63714, 58641, 45142, 46907, 57602, 15144, 97990, 7439, 11158, 59469, 11328, 80659, 5962, 25695, 77537, 11892, 91592, 56748, 38581, 37353, 71743, 70419, 27563, 8343, 51963, 16605, 94638, 42057, 61173, 28541, 41743, 60295, 49767, 73628, 41163, 91833, 78182, 82565, 25215, 96862, 76058, 44249, 82715, 20979, 71376, 27708, 78050, 40085, 30494, 46076, 48158, 98017, 59418, 77712, 4502, 58514, 86759, 30136, 53692, 84446, 34409, 6828, 35370, 50950, 51945, 59877, 55822, 81173, 57512, 24080, 92189, 34559, 32530, 48867, 64932, 44, 85888, 8300, 92843, 6844, 39222, 76898, 88754, 22876, 38074, 43299, 88699, 81654, 61902, 89999, 13497, 66668, 7338, 74096, 38397, 11013, 98336, 40480, 33892, 63626, 49088, 71312, 23172, 10803, 62392, 24917, 67254, 58009, 81336, 59457, 73844, 95696, 6506, 27308, 70695, 56701, 13067, 41613, 72662, 53528, 75491, 42519, 81780, 31754, 13856, 88917, 96452, 41223, 89774, 10407, 31336, 50783, 20291, 5997, 7069, 31395, 24625, 6189, 56620, 24762, 84988, 68874, 85812, 41091, 24302, 77112, 35149, 22780, 53184, 18627, 57549, 17465, 63612, 87939, 6980, 60883, 29814, 87238, 14952, 60779, 86760, 61062, 30267, 24445, 56989, 27229, 82900, 90023, 57786, 63779, 40235, 86679, 51776, 22058, 63483, 39593, 41554, 8133, 95503, 6716, 25867, 90267, 22987, 39665, 98545, 93605, 1747, 78248, 27473, 33109, 26918, 82634, 51318, 80099, 73743, 12182, 94300, 46775, 25047, 68889, 10070, 18361, 65084, 37080, 70960, 83222, 67058, 98067, 22471, 67691, 59607, 67337, 8930, 21238, 46639, 45431, 43153, 96128, 24156, 80501, 82080, 49059, 2091, 12212, 52072, 31681, 90064, 42922, 12694, 63500, 88958, 85424, 60965, 55836, 88426, 54941, 94663, 65220, 71036, 49752, 17451, 53699, 9314, 14619, 3290, 44849, 90564, 91441, 62905, 40530, 5641, 37318, 36823, 31308, 19382, 62343, 86280, 16633, 47566, 15336, 77921, 88788, 50425, 20260, 79556, 59009, 60227, 87434, 40228, 88797, 25912, 98562, 76789, 91824, 52309, 10258, 50738, 95463, 77205, 93493, 68362, 24106, 95689, 49524, 69579, 66348, 75971, 22529, 74132, 89303, 37488, 5127, 63655, 17283, 25796, 52901, 73353, 59242, 58591, 76499, 46764, 96815, 56675, 19904, 86086, 9538, 16381, 25966, 48189, 47295, 50918, 3257, 56486, 10672, 45517, 6977, 66557, 24565, 14166, 47870, 73695, 59021, 61532, 83752, 51246, 6816, 65190, 71364, 98756, 25731, 84141, 78432, 21130, 69362, 52504, 59655, 73856, 97330, 50721, 19705, 54620, 16926, 96429, 24048, 73377, 67355, 15053, 17980, 70735, 35236, 75523, 91241, 23447, 72477, 51156, 95259, 88333, 29494, 67321, 52714, 62917, 99842, 65229, 6617, 44275, 88720, 37853, 8770, 63811, 7507, 89636, 17817, 1558, 85068, 79776, 73733, 11481, 89926, 56682, 49746, 9429, 50818, 45883, 58652, 12423, 26431, 60221, 95661, 73944, 68283, 51044, 69558, 68608, 65135, 29404, 17239, 5514, 47278, 63393, 94877, 23491, 47292, 6877, 19032, 65956, 9732, 97912, 1976, 37613, 34466, 61934, 57269, 53618, 5940, 93510, 52374, 85684, 22266, 86296, 60665, 10810, 9462, 494, 58482, 75247, 71566, 31620, 58819, 97731, 83116, 7767, 83623, 12444, 57312, 49834, 46402, 98377, 30435, 36116, 16443, 25589, 45312, 64514, 37426, 76200, 11178, 7488, 18610, 92099, 97566, 6854, 33656, 17686, 10866, 73697, 81050, 12312, 6505, 95303, 61521, 72092, 94259, 32683, 45746, 77187, 88803, 39457, 40047, 95729, 22380, 62708, 14355, 83408, 29714, 50213, 24600, 63055, 94787, 52488, 53820, 72502, 35142, 82539, 36201, 83535, 70150, 4544, 53013, 91532, 98794, 75749, 37723, 24569, 90322, 279, 84293, 85419, 53204, 7321, 22724, 95538, 85836, 2877, 93721, 73981, 40836, 90505, 94370, 88415, 37372, 69317, 25860, 4116, 35759, 84385, 33447, 84816, 12456, 31068, 57878, 18743, 27118, 55146, 45045, 76854, 36409, 49423, 25447, 28432, 61176, 34319, 67878, 7127, 41048, 27399, 57337, 84290, 2409, 69039, 23729, 7494, 36747, 48478, 38848, 42755, 293, 91046, 40498, 48156, 87860, 19957, 4960, 74844, 19836, 92291, 57801, 90081, 88664, 17768, 78881, 47919, 71822, 34413, 1930, 46778, 88873, 89253, 43012, 48581, 9353, 85645, 13891, 48249, 50115, 66199, 3386, 20854, 99932, 28051, 71692, 93909, 74084, 74671, 89896, 50523, 88742, 12398, 72247, 55742, 51721, 34827, 36846, 62982, 39419, 78439, 9343, 48468, 84544, 39864, 76167, 43812, 71247, 20757, 1762, 41180, 27413, 60564, 22669, 82173, 16704, 46485, 72310, 26823, 41298, 58642, 32787, 90874, 58140, 56784, 29999, 8759, 96835, 78050, 41544, 1255, 17455, 33878, 64547, 58966, 82332, 5215, 48306, 8922, 24655, 4697, 70882, 84900, 82562, 62735, 34434, 73303, 61588, 35094, 68503, 41162, 54916, 58190, 12626, 60530, 22534, 77445, 84110, 41705, 60129, 60275, 26541, 44213, 1777, 13370, 3088, 42025, 39125, 6806, 57675, 48434, 98242, 36838, 43086, 11553, 17088, 22108, 72325, 25128, 87991, 65587, 14862, 36451, 44287, 9734, 15759, 72468, 61485, 14174, 26892, 64268, 19975, 5444, 33247, 50382, 76845, 87224, 36256, 66890, 95968, 72639, 77038, 43204, 39754, 36312, 74369, 96758, 27679, 249, 98284, 44817, 61235, 55085, 9992, 27298, 25783, 69424, 39622, 26481, 58524, 35109, 38014, 50849, 43262, 70599, 1236, 29822, 19493, 40976, 26562, 7919, 16019, 11304, 44960, 68766, 47516, 55933, 93459, 51964, 80457, 87397, 77661, 10867, 13339, 38927, 67085, 83000, 91594, 70221, 32812, 41638, 39247, 63161, 56481, 85947, 619, 54521, 29223, 59027, 34890, 77305, 79995, 54866, 56578, 59831, 16991, 48800, 12168, 58544, 42596, 87951, 65721, 11198, 23052, 15984, 12347, 45822, 1513, 17129, 34479, 87885, 87506, 81928, 20343, 45290, 20189, 98974, 29926, 61725, 72592, 35725, 72251, 55074, 7660, 24694]})"
562.0,9,164,73,53.97803521156311,10696,"Genotype(dna={""<class 'abc.NT_0017'>"": [1, 23052], ""<class 'abc.NT_0017_P_00000'>"": [], ""<class 'abc.NT_0005'>"": [0, 0, 35544, 1, 0, 1, 0, 1, 1, 1513], ""<class 'abc.NT_0005_P_00000'>"": [], ""<class 'abc.NT_0005_P_00001'>"": [], ""<class 'bool'>"": [50833, 28611, 95173, 92596, 84996, 15299, 84608, 73218, 73704, 53577, 54127, 73580, 61648, 63455, 34182, 28379, 9832, 69766, 27025, 9321, 39372, 40559, 45589, 21512, 9991, 31131, 22379, 82972, 66879, 7070, 87492, 33083, 92916, 1233, 89415, 28350, 54741, 51276, 16414, 74832, 4355, 87209, 57305, 93042, 23231, 67903, 93745, 31960, 29422, 28659, 99170, 40455, 13273, 92051, 14178, 78998, 45259, 78698, 95977, 93014, 83753, 21951, 16043, 13772, 66730, 10736, 57934, 29081, 62948, 99869, 41968, 82469, 93064, 59471, 51253, 67704, 97811, 82022, 87389, 59617, 67283, 63422, 70186, 58801, 23472, 68171, 46787, 87700, 86179, 38104, 2384, 90063, 6576, 80132, 98840, 65605, 74894, 53809, 99733, 89043, 84198, 62780, 94716, 23035, 32450, 31489, 41399, 87765, 69122, 99723, 54018, 92501, 39572, 89999, 58379, 67238, 50112, 90146, 55533, 46837, 57815, 68681, 79206, 32534, 3130, 58659, 69605, 82887, 74526, 5911, 58400, 62789, 48677, 31474, 44702, 39368, 40140, 19876, 33772, 86631, 58194, 70508], ""<class 'int'>"": [88091, 54758, 80960, 4147, 58985, 98835, 33177, 12380, 43928, 18156, 46293, 82997, 26546, 21931, 20632, 91665, 69275, 46303, 61738, 80613, 63967, 92163, 79154, 79668, 18313, 6071, 50712, 91463, 54716, 33220, 52575, 78591, 28324, 24851, 385, 86434, 6594, 95864, 4088, 31907, 5028, 70908, 60125, 88976, 64506, 45119, 63026, 18677, 76141, 62129, 40973, 74468, 90479, 50241, 61828, 14495, 64587, 47259, 69389, 59226, 21182, 99643, 3451, 67066, 55205, 22485, 89443, 19030, 10288, 23574, 78426, 55280, 17305, 68878, 94325, 9074, 35370, 56456, 95300, 73961, 59051, 835, 21640, 2744, 30054, 96306, 55542, 57066, 65643, 97962, 97088, 62680, 24967, 56005, 85155, 81002, 48234, 28842, 92105, 38714, 65511, 82476, 73240, 25988, 68682, 4749, 1059, 85277, 54664, 55169, 72830, 29209, 32377, 56597, 43815, 46740, 16019, 36704, 91606, 3697, 42934, 87720, 75207, 56054, 59737, 79252, 96186, 60558, 8582, 3209, 7798, 18736, 20655, 95860, 60671, 36386, 88318, 80757, 49888, 58523, 36742, 48071, 76427, 91397, 47115, 74907, 19807, 19166, 48854, 4778, 9526, 30084, 70329, 29929, 24152, 98179, 6661, 59360, 47157, 52018, 24734, 716, 46264, 89982, 86072, 78100, 64619, 77321], ""<class 'abc.NT_0010'>"": [0, 0, 1, 53054], ""<class 'abc.NT_0010_P_00000'>"": [], ""<class 'abc.NT_0006'>"": [2, 2, 0, 1, 1302, 1892], ""<class 'abc.NT_0006_P_00000'>"": [], ""<class 'abc.NT_0006_P_00001'>"": [], ""<class 'abc.NT_0002'>"": [1, 1, 2, 1, 1, 1, 1, 0, 2, 1, 41818, 0, 2, 0, 1, 0, 2, 1, 53720, 1, 0, 0, 69722, 1, 8713, 0, 0, 2, 0, 0, 0, 2, 1, 64800, 99864], ""<class 'abc.NT_0002_P_00000'>"": [], ""<class 'abc.NT_0001'>"": [1, 1, 1, 0, 0, 0, 0, 1, 1, 1, 1, 0, 1, 16227, 1, 1, 1, 1, 0, 0, 10290, 0, 0, 0, 0, 0, 1, 40887, 0, 0, 0, 0, 0, 0, 0, 0, 0, 1, 0, 0, 0, 0, 76558, 0, 0, 0, 1, 0, 0, 26591, 1, 1, 1, 0, 1, 0, 0, 45290], ""<class 'abc.NT_0001_P_00000'>"": [], ""<class 'abc.NT_0001_P_00001'>"": [], ""<class 'abc.NT_0000'>"": [0, 1, 1, 94528, 1, 0, 1, 1, 31647, 1, 1, 80324, 0, 0, 75412, 1, 69944, 1, 0, 0, 0, 1, 0, 0, 0, 1, 1, 0, 1, 3483, 1, 0, 42401, 0, 0, 0, 0, 54668, 66557, 1, 0, 1, 1, 0, 0, 21028, 54540, 1, 5444, 3614, 1, 0, 0, 0, 0, 0, 71485, 1, 0, 0, 0, 0, 1, 20343], ""<class 'abc.NT_0000_P_00000'>"": [], ""<class 'abc.NT_0000_P_00001'>"": [], ""<class 'abc.NT_0002_P_00001'>"": [], ""<class 'abc.NT_0002_P_00002'>"": [], ""<class 'abc.NT_0006_P_00002'>"": [], ""<class 'abc.NT_0007'>"": [1, 0, 1, 2, 87885, 72251, 55074], ""<class 'abc.NT_0007_P_00000'>"": [], ""<class 'abc.NT_0007_P_00001'>"": [], ""<class 'abc.NT_0007_P_00002'>"": [], ""<class 'abc.NT_0004'>"": [1, 1, 77639, 2, 1, 2, 63194, 90154], ""<class 'abc.NT_0004_P_00000'>"": [], ""<class 'abc.NT_0003'>"": [10039, 1, 0, 1, 98974, 61725, 72592, 35725, 7660], ""<class 'abc.NT_0003_P_00000'>"": [], ""<class 'abc.NT_0003_P_00001'>"": [], ""<class 'abc.NT_0003_P_00002'>"": [], ""<class 'abc.NT_0003_P_00003'>"": [], ""<class 'abc.NT_0004_P_00001'>"": [], ""<class 'abc.NT_0004_P_00002'>"": [], ""<class 'abc.NT_0009'>"": [3, 0, 1, 1, 0, 45822], ""<class 'abc.NT_0009_P_00000'>"": [], ""<class 'abc.NT_0008'>"": [15828, 0, 83857, 0, 0, 0, 17129], ""<class 'abc.NT_0008_P_00000'>"": [], ""<class 'abc.NT_0009_P_00001'>"": [], ""<class 'abc.NT_0009_P_00002'>"": [], ""<class 'abc.NT_0009_P_00003'>"": [], ""<class 'abc.NT_0010_P_00001'>"": [], ""<class 'abc.NT_0010_P_00002'>"": [], ""<class 'abc.NT_0017_P_00001'>"": [], ""<class 'abc.NT_0012'>"": [0, 0, 27606, 0, 0, 65962], ""<class 'abc.NT_0012_P_00000'>"": [], ""<class 'abc.NT_0012_P_00001'>"": [], ""<class 'abc.NT_0017_P_00002'>"": [], ""<class 'abc.NT_0013'>"": [], ""<class 'abc.NT_0013_P_00000'>"": [], ""<class 'abc.NT_0011'>"": [0, 94522], ""<class 'abc.NT_0011_P_00000'>"": [], ""<class 'abc.NT_0011_P_00001'>"": [], ""<class 'abc.NT_0011_P_00002'>"": [], ""<class 'abc.NT_0013_P_00001'>"": [], ""<class 'abc.NT_0013_P_00002'>"": [], ""<class 'abc.NT_0017_P_00003'>"": [], ""<class 'abc.NT_0016'>"": [0, 20070], ""<class 'abc.NT_0016_P_00000'>"": [], ""<class 'abc.NT_0016_P_00001'>"": [], ""<class 'abc.NT_0016_P_00002'>"": [], '$leftovers': [13707, 7777, 43103, 79112, 41937, 82055, 41802, 80929, 37572, 24235, 1002, 66268, 87311, 99058, 42897, 54099, 4751, 39061, 38658, 18856, 32793, 32020, 84694, 43326, 66351, 11593, 16559, 82179, 29701, 14785, 63931, 19995, 86098, 88506, 88906, 98218, 57143, 64899, 75531, 17691, 63845, 68413, 76826, 30524, 48607, 6718, 24768, 14247, 23842, 98884, 92372, 55279, 40315, 43705, 6728, 53868, 34432, 73753, 89438, 79733, 83929, 38685, 35410, 5343, 16823, 35888, 70000, 12879, 27426, 44726, 95438, 53746, 11554, 35563, 36846, 46156, 65002, 72433, 85297, 12477, 3511, 72425, 53166, 5796, 30717, 45518, 76561, 21526, 65748, 18017, 64172, 9175, 16724, 51276, 1749, 5687, 47923, 68260, 48548, 94393, 55323, 76604, 84009, 54574, 8798, 35733, 67233, 4198, 56844, 12629, 29196, 81671, 71295, 84963, 73193, 37662, 77918, 40265, 71387, 2776, 72056, 79890, 24380, 6524, 11920, 82004, 80554, 7771, 51485, 29874, 64851, 32118, 68660, 22646, 40503, 29950, 45632, 59339, 63591, 66553, 79195, 90039, 8891, 94412, 82595, 43578, 41060, 60184, 28053, 84947, 77614, 38864, 91374, 58545, 50015, 19960, 7381, 78763, 85070, 21507, 19025, 51930, 32629, 45143, 39756, 26052, 37388, 90108, 9391, 53674, 16962, 24269, 95106, 99931, 56381, 37781, 12365, 84199, 30949, 74271, 916, 85830, 97679, 18102, 478, 75886, 30302, 21977, 90537, 30063, 19357, 81788, 35261, 14719, 66114, 20921, 20240, 5992, 58367, 9680, 68600, 85141, 46379, 54808, 83564, 47005, 66549, 22371, 91024, 89979, 20226, 63714, 58641, 45142, 46907, 57602, 15144, 97990, 7439, 11158, 59469, 11328, 80659, 5962, 25695, 77537, 11892, 91592, 56748, 38581, 37353, 71743, 70419, 27563, 8343, 51963, 16605, 94638, 42057, 61173, 28541, 41743, 60295, 49767, 73628, 41163, 91833, 78182, 82565, 25215, 96862, 76058, 44249, 82715, 20979, 71376, 27708, 78050, 40085, 30494, 46076, 48158, 98017, 59418, 77712, 4502, 58514, 86759, 30136, 53692, 84446, 34409, 6828, 35370, 50950, 51945, 59877, 55822, 81173, 57512, 24080, 92189, 34559, 32530, 48867, 64932, 44, 85888, 8300, 92843, 6844, 39222, 76898, 88754, 22876, 38074, 43299, 88699, 81654, 61902, 89999, 13497, 66668, 7338, 74096, 38397, 11013, 98336, 40480, 33892, 63626, 49088, 71312, 23172, 10803, 62392, 24917, 67254, 58009, 81336, 59457, 73844, 95696, 6506, 27308, 70695, 56701, 13067, 41613, 72662, 53528, 75491, 42519, 81780, 31754, 13856, 88917, 96452, 41223, 89774, 10407, 31336, 50783, 20291, 5997, 7069, 31395, 24625, 6189, 56620, 24762, 84988, 68874, 85812, 41091, 24302, 77112, 35149, 22780, 53184, 18627, 57549, 17465, 63612, 87939, 6980, 60883, 29814, 87238, 14952, 60779, 86760, 61062, 30267, 24445, 56989, 27229, 82900, 90023, 57786, 63779, 40235, 86679, 51776, 22058, 63483, 39593, 41554, 8133, 95503, 6716, 25867, 90267, 22987, 39665, 98545, 93605, 1747, 78248, 27473, 33109, 26918, 82634, 51318, 80099, 73743, 12182, 94300, 46775, 25047, 68889, 10070, 18361, 65084, 37080, 70960, 83222, 67058, 98067, 22471, 67691, 59607, 67337, 8930, 21238, 46639, 45431, 43153, 96128, 24156, 80501, 82080, 49059, 2091, 12212, 52072, 31681, 90064, 42922, 12694, 63500, 88958, 85424, 60965, 55836, 88426, 54941, 94663, 65220, 71036, 49752, 17451, 53699, 9314, 14619, 3290, 44849, 90564, 91441, 62905, 40530, 5641, 37318, 36823, 31308, 19382, 62343, 86280, 16633, 47566, 15336, 77921, 88788, 50425, 20260, 79556, 59009, 60227, 87434, 40228, 88797, 25912, 98562, 76789, 91824, 52309, 10258, 50738, 95463, 77205, 93493, 68362, 24106, 95689, 49524, 69579, 66348, 75971, 22529, 74132, 89303, 37488, 5127, 63655, 17283, 25796, 52901, 73353, 59242, 58591, 76499, 46764, 96815, 56675, 19904, 86086, 9538, 16381, 25966, 48189, 47295, 50918, 3257, 56486, 10672, 45517, 6977, 66557, 24565, 14166, 47870, 73695, 59021, 61532, 83752, 51246, 6816, 65190, 71364, 98756, 25731, 84141, 78432, 21130, 69362, 52504, 59655, 73856, 97330, 50721, 19705, 54620, 16926, 96429, 24048, 73377, 67355, 15053, 17980, 70735, 35236, 75523, 91241, 23447, 72477, 51156, 95259, 88333, 29494, 67321, 52714, 62917, 99842, 65229, 6617, 44275, 88720, 37853, 8770, 63811, 7507, 89636, 17817, 1558, 85068, 79776, 73733, 11481, 89926, 56682, 49746, 9429, 50818, 45883, 58652, 12423, 26431, 60221, 95661, 73944, 68283, 51044, 69558, 68608, 65135, 29404, 17239, 5514, 47278, 63393, 94877, 23491, 47292, 6877, 19032, 65956, 9732, 97912, 1976, 37613, 34466, 61934, 57269, 53618, 5940, 93510, 52374, 85684, 22266, 86296, 60665, 10810, 9462, 494, 58482, 75247, 71566, 31620, 58819, 97731, 83116, 7767, 83623, 12444, 57312, 49834, 46402, 98377, 30435, 36116, 16443, 25589, 45312, 64514, 37426, 76200, 11178, 7488, 18610, 92099, 97566, 6854, 33656, 17686, 10866, 73697, 81050, 12312, 6505, 95303, 61521, 72092, 94259, 32683, 45746, 77187, 88803, 39457, 40047, 95729, 22380, 62708, 14355, 83408, 29714, 50213, 24600, 63055, 94787, 52488, 53820, 72502, 35142, 82539, 36201, 83535, 70150, 4544, 53013, 91532, 98794, 75749, 37723, 24569, 90322, 279, 84293, 85419, 53204, 7321, 22724, 95538, 85836, 2877, 93721, 73981, 40836, 90505, 94370, 88415, 37372, 69317, 25860, 4116, 35759, 84385, 33447, 84816, 12456, 31068, 57878, 18743, 27118, 55146, 45045, 76854, 36409, 49423, 25447, 28432, 61176, 34319, 67878, 7127, 41048, 27399, 57337, 84290, 2409, 69039, 23729, 7494, 36747, 48478, 38848, 42755, 293, 91046, 40498, 48156, 87860, 19957, 4960, 74844, 19836, 92291, 57801, 90081, 88664, 17768, 78881, 47919, 71822, 34413, 1930, 46778, 88873, 89253, 43012, 48581, 9353, 85645, 13891, 48249, 50115, 66199, 3386, 20854, 99932, 28051, 71692, 93909, 74084, 74671, 89896, 50523, 88742, 12398, 72247, 55742, 51721, 34827, 36846, 62982, 39419, 78439, 9343, 48468, 84544, 39864, 76167, 43812, 71247, 20757, 1762, 41180, 27413, 60564, 22669, 82173, 16704, 46485, 72310, 26823, 41298, 58642, 32787, 90874, 58140, 56784, 29999, 8759, 96835, 78050, 41544, 1255, 17455, 33878, 64547, 58966, 82332, 5215, 48306, 8922, 24655, 4697, 70882, 84900, 82562, 62735, 34434, 73303, 61588, 35094, 68503, 41162, 54916, 58190, 12626, 60530, 22534, 77445, 84110, 41705, 60129, 60275, 26541, 44213, 1777, 13370, 3088, 42025, 39125, 6806, 57675, 48434, 98242, 36838, 43086, 11553, 17088, 22108, 72325, 25128, 87991, 65587, 14862, 36451, 44287, 9734, 15759, 72468, 61485, 14174, 26892, 64268, 19975, 5444, 33247, 50382, 76845, 87224, 36256, 66890, 95968, 72639, 77038, 43204, 39754, 36312, 74369, 96758, 27679, 249, 98284, 44817, 61235, 55085, 9992, 27298, 25783, 69424, 39622, 26481, 58524, 35109, 38014, 50849, 43262, 70599, 1236, 29822, 19493, 40976, 26562, 7919, 16019, 11304, 44960, 68766, 47516, 55933, 93459, 51964, 80457, 87397, 77661, 10867, 13339, 38927, 67085, 83000, 91594, 70221, 32812, 41638, 39247, 63161, 56481, 85947, 619, 54521, 29223, 59027, 34890, 77305, 79995, 54866, 56578, 59831, 16991, 48800, 12168, 58544, 42596, 87951, 65721, 11198, 23052, 15984, 12347, 45822, 1513, 17129, 34479, 87885, 87506, 81928, 20343, 45290, 20189, 98974, 29926, 61725, 72592, 35725, 72251, 55074, 7660, 24694]})"
562.0,9,164,74,54.237834215164185,10696,"Genotype(dna={""<class 'abc.NT_0017'>"": [1, 23052], ""<class 'abc.NT_0017_P_00000'>"": [], ""<class 'abc.NT_0005'>"": [0, 0, 35544, 1, 0, 1, 0, 1, 1, 1513], ""<class 'abc.NT_0005_P_00000'>"": [], ""<class 'abc.NT_0005_P_00001'>"": [], ""<class 'bool'>"": [50833, 28611, 95173, 92596, 84996, 15299, 84608, 73218, 73704, 53577, 54127, 73580, 61648, 63455, 34182, 28379, 9832, 69766, 27025, 9321, 39372, 40559, 45589, 21512, 9991, 31131, 22379, 82972, 66879, 7070, 87492, 33083, 92916, 1233, 89415, 28350, 54741, 51276, 16414, 74832, 4355, 87209, 57305, 93042, 23231, 67903, 93745, 31960, 29422, 28659, 99170, 40455, 13273, 92051, 14178, 78998, 45259, 78698, 95977, 93014, 83753, 21951, 16043, 13772, 66730, 10736, 57934, 29081, 62948, 99869, 41968, 82469, 93064, 59471, 51253, 67704, 97811, 82022, 87389, 59617, 67283, 63422, 70186, 58801, 23472, 68171, 46787, 87700, 86179, 38104, 2384, 90063, 6576, 80132, 98840, 65605, 74894, 53809, 99733, 89043, 84198, 62780, 94716, 23035, 32450, 31489, 41399, 87765, 69122, 99723, 54018, 92501, 39572, 89999, 58379, 67238, 50112, 90146, 55533, 46837, 57815, 68681, 79206, 32534, 3130, 58659, 69605, 82887, 74526, 5911, 58400, 62789, 48677, 31474, 44702, 39368, 40140, 19876, 33772, 86631, 58194, 70508], ""<class 'int'>"": [88091, 54758, 80960, 4147, 58985, 98835, 33177, 12380, 43928, 18156, 46293, 82997, 26546, 21931, 20632, 91665, 69275, 46303, 61738, 80613, 63967, 92163, 79154, 79668, 18313, 6071, 50712, 91463, 54716, 33220, 52575, 78591, 28324, 24851, 385, 86434, 6594, 95864, 4088, 31907, 5028, 70908, 60125, 88976, 64506, 45119, 63026, 18677, 76141, 62129, 40973, 74468, 90479, 50241, 61828, 14495, 64587, 47259, 69389, 59226, 21182, 99643, 3451, 67066, 55205, 22485, 89443, 19030, 10288, 23574, 78426, 55280, 17305, 68878, 94325, 9074, 35370, 56456, 95300, 73961, 59051, 835, 21640, 2744, 30054, 96306, 55542, 57066, 65643, 97962, 97088, 62680, 24967, 56005, 85155, 81002, 48234, 28842, 92105, 38714, 65511, 82476, 73240, 25988, 68682, 4749, 1059, 85277, 54664, 55169, 72830, 29209, 32377, 56597, 43815, 46740, 16019, 36704, 91606, 3697, 42934, 87720, 75207, 56054, 59737, 79252, 96186, 60558, 8582, 3209, 7798, 18736, 20655, 95860, 60671, 36386, 88318, 80757, 49888, 58523, 36742, 48071, 76427, 91397, 47115, 74907, 19807, 19166, 48854, 4778, 9526, 30084, 70329, 29929, 24152, 98179, 6661, 59360, 47157, 52018, 24734, 716, 46264, 89982, 86072, 78100, 64619, 77321], ""<class 'abc.NT_0010'>"": [0, 0, 1, 53054], ""<class 'abc.NT_0010_P_00000'>"": [], ""<class 'abc.NT_0006'>"": [2, 2, 0, 1, 1302, 1892], ""<class 'abc.NT_0006_P_00000'>"": [], ""<class 'abc.NT_0006_P_00001'>"": [], ""<class 'abc.NT_0002'>"": [1, 1, 2, 1, 1, 1, 1, 0, 2, 1, 41818, 0, 2, 0, 1, 0, 2, 1, 53720, 1, 0, 0, 69722, 1, 8713, 0, 0, 2, 0, 0, 0, 2, 1, 64800, 99864], ""<class 'abc.NT_0002_P_00000'>"": [], ""<class 'abc.NT_0001'>"": [1, 1, 1, 0, 0, 0, 0, 1, 1, 1, 1, 0, 1, 16227, 1, 1, 1, 1, 0, 0, 10290, 0, 0, 0, 0, 0, 1, 40887, 0, 0, 0, 0, 0, 0, 0, 0, 0, 1, 0, 0, 0, 0, 76558, 0, 0, 0, 1, 0, 0, 26591, 1, 1, 1, 0, 1, 0, 0, 45290], ""<class 'abc.NT_0001_P_00000'>"": [], ""<class 'abc.NT_0001_P_00001'>"": [], ""<class 'abc.NT_0000'>"": [0, 1, 1, 94528, 1, 0, 1, 1, 31647, 1, 1, 80324, 0, 0, 75412, 1, 69944, 1, 0, 0, 0, 1, 0, 0, 0, 1, 1, 0, 1, 3483, 1, 0, 42401, 0, 0, 0, 0, 54668, 66557, 1, 0, 1, 1, 0, 0, 21028, 54540, 1, 5444, 3614, 1, 0, 0, 0, 0, 0, 71485, 1, 0, 0, 0, 0, 1, 20343], ""<class 'abc.NT_0000_P_00000'>"": [], ""<class 'abc.NT_0000_P_00001'>"": [], ""<class 'abc.NT_0002_P_00001'>"": [], ""<class 'abc.NT_0002_P_00002'>"": [], ""<class 'abc.NT_0006_P_00002'>"": [], ""<class 'abc.NT_0007'>"": [1, 0, 1, 2, 87885, 72251, 55074], ""<class 'abc.NT_0007_P_00000'>"": [], ""<class 'abc.NT_0007_P_00001'>"": [], ""<class 'abc.NT_0007_P_00002'>"": [], ""<class 'abc.NT_0004'>"": [1, 1, 77639, 2, 1, 2, 63194, 90154], ""<class 'abc.NT_0004_P_00000'>"": [], ""<class 'abc.NT_0003'>"": [10039, 1, 0, 1, 98974, 61725, 72592, 35725, 7660], ""<class 'abc.NT_0003_P_00000'>"": [], ""<class 'abc.NT_0003_P_00001'>"": [], ""<class 'abc.NT_0003_P_00002'>"": [], ""<class 'abc.NT_0003_P_00003'>"": [], ""<class 'abc.NT_0004_P_00001'>"": [], ""<class 'abc.NT_0004_P_00002'>"": [], ""<class 'abc.NT_0009'>"": [3, 0, 1, 1, 0, 45822], ""<class 'abc.NT_0009_P_00000'>"": [], ""<class 'abc.NT_0008'>"": [15828, 0, 83857, 0, 0, 0, 17129], ""<class 'abc.NT_0008_P_00000'>"": [], ""<class 'abc.NT_0009_P_00001'>"": [], ""<class 'abc.NT_0009_P_00002'>"": [], ""<class 'abc.NT_0009_P_00003'>"": [], ""<class 'abc.NT_0010_P_00001'>"": [], ""<class 'abc.NT_0010_P_00002'>"": [], ""<class 'abc.NT_0017_P_00001'>"": [], ""<class 'abc.NT_0012'>"": [0, 0, 27606, 0, 0, 65962], ""<class 'abc.NT_0012_P_00000'>"": [], ""<class 'abc.NT_0012_P_00001'>"": [], ""<class 'abc.NT_0017_P_00002'>"": [], ""<class 'abc.NT_0013'>"": [], ""<class 'abc.NT_0013_P_00000'>"": [], ""<class 'abc.NT_0011'>"": [0, 94522], ""<class 'abc.NT_0011_P_00000'>"": [], ""<class 'abc.NT_0011_P_00001'>"": [], ""<class 'abc.NT_0011_P_00002'>"": [], ""<class 'abc.NT_0013_P_00001'>"": [], ""<class 'abc.NT_0013_P_00002'>"": [], ""<class 'abc.NT_0017_P_00003'>"": [], ""<class 'abc.NT_0016'>"": [0, 20070], ""<class 'abc.NT_0016_P_00000'>"": [], ""<class 'abc.NT_0016_P_00001'>"": [], ""<class 'abc.NT_0016_P_00002'>"": [], '$leftovers': [13707, 7777, 43103, 79112, 41937, 82055, 41802, 80929, 37572, 24235, 1002, 66268, 87311, 99058, 42897, 54099, 4751, 39061, 38658, 18856, 32793, 32020, 84694, 43326, 66351, 11593, 16559, 82179, 29701, 14785, 63931, 19995, 86098, 88506, 88906, 98218, 57143, 64899, 75531, 17691, 63845, 68413, 76826, 30524, 48607, 6718, 24768, 14247, 23842, 98884, 92372, 55279, 40315, 43705, 6728, 53868, 34432, 73753, 89438, 79733, 83929, 38685, 35410, 5343, 16823, 35888, 70000, 12879, 27426, 44726, 95438, 53746, 11554, 35563, 36846, 46156, 65002, 72433, 85297, 12477, 3511, 72425, 53166, 5796, 30717, 45518, 76561, 21526, 65748, 18017, 64172, 9175, 16724, 51276, 1749, 5687, 47923, 68260, 48548, 94393, 55323, 76604, 84009, 54574, 8798, 35733, 67233, 4198, 56844, 12629, 29196, 81671, 71295, 84963, 73193, 37662, 77918, 40265, 71387, 2776, 72056, 79890, 24380, 6524, 11920, 82004, 80554, 7771, 51485, 29874, 64851, 32118, 68660, 22646, 40503, 29950, 45632, 59339, 63591, 66553, 79195, 90039, 8891, 94412, 82595, 43578, 41060, 60184, 28053, 84947, 77614, 38864, 91374, 58545, 50015, 19960, 7381, 78763, 85070, 21507, 19025, 51930, 32629, 45143, 39756, 26052, 37388, 90108, 9391, 53674, 16962, 24269, 95106, 99931, 56381, 37781, 12365, 84199, 30949, 74271, 916, 85830, 97679, 18102, 478, 75886, 30302, 21977, 90537, 30063, 19357, 81788, 35261, 14719, 66114, 20921, 20240, 5992, 58367, 9680, 68600, 85141, 46379, 54808, 83564, 47005, 66549, 22371, 91024, 89979, 20226, 63714, 58641, 45142, 46907, 57602, 15144, 97990, 7439, 11158, 59469, 11328, 80659, 5962, 25695, 77537, 11892, 91592, 56748, 38581, 37353, 71743, 70419, 27563, 8343, 51963, 16605, 94638, 42057, 61173, 28541, 41743, 60295, 49767, 73628, 41163, 91833, 78182, 82565, 25215, 96862, 76058, 44249, 82715, 20979, 71376, 27708, 78050, 40085, 30494, 46076, 48158, 98017, 59418, 77712, 4502, 58514, 86759, 30136, 53692, 84446, 34409, 6828, 35370, 50950, 51945, 59877, 55822, 81173, 57512, 24080, 92189, 34559, 32530, 48867, 64932, 44, 85888, 8300, 92843, 6844, 39222, 76898, 88754, 22876, 38074, 43299, 88699, 81654, 61902, 89999, 13497, 66668, 7338, 74096, 38397, 11013, 98336, 40480, 33892, 63626, 49088, 71312, 23172, 10803, 62392, 24917, 67254, 58009, 81336, 59457, 73844, 95696, 6506, 27308, 70695, 56701, 13067, 41613, 72662, 53528, 75491, 42519, 81780, 31754, 13856, 88917, 96452, 41223, 89774, 10407, 31336, 50783, 20291, 5997, 7069, 31395, 24625, 6189, 56620, 24762, 84988, 68874, 85812, 41091, 24302, 77112, 35149, 22780, 53184, 18627, 57549, 17465, 63612, 87939, 6980, 60883, 29814, 87238, 14952, 60779, 86760, 61062, 30267, 24445, 56989, 27229, 82900, 90023, 57786, 63779, 40235, 86679, 51776, 22058, 63483, 39593, 41554, 8133, 95503, 6716, 25867, 90267, 22987, 39665, 98545, 93605, 1747, 78248, 27473, 33109, 26918, 82634, 51318, 80099, 73743, 12182, 94300, 46775, 25047, 68889, 10070, 18361, 65084, 37080, 70960, 83222, 67058, 98067, 22471, 67691, 59607, 67337, 8930, 21238, 46639, 45431, 43153, 96128, 24156, 80501, 82080, 49059, 2091, 12212, 52072, 31681, 90064, 42922, 12694, 63500, 88958, 85424, 60965, 55836, 88426, 54941, 94663, 65220, 71036, 49752, 17451, 53699, 9314, 14619, 3290, 44849, 90564, 91441, 62905, 40530, 5641, 37318, 36823, 31308, 19382, 62343, 86280, 16633, 47566, 15336, 77921, 88788, 50425, 20260, 79556, 59009, 60227, 87434, 40228, 88797, 25912, 98562, 76789, 91824, 52309, 10258, 50738, 95463, 77205, 93493, 68362, 24106, 95689, 49524, 69579, 66348, 75971, 22529, 74132, 89303, 37488, 5127, 63655, 17283, 25796, 52901, 73353, 59242, 58591, 76499, 46764, 96815, 56675, 19904, 86086, 9538, 16381, 25966, 48189, 47295, 50918, 3257, 56486, 10672, 45517, 6977, 66557, 24565, 14166, 47870, 73695, 59021, 61532, 83752, 51246, 6816, 65190, 71364, 98756, 25731, 84141, 78432, 21130, 69362, 52504, 59655, 73856, 97330, 50721, 19705, 54620, 16926, 96429, 24048, 73377, 67355, 15053, 17980, 70735, 35236, 75523, 91241, 23447, 72477, 51156, 95259, 88333, 29494, 67321, 52714, 62917, 99842, 65229, 6617, 44275, 88720, 37853, 8770, 63811, 7507, 89636, 17817, 1558, 85068, 79776, 73733, 11481, 89926, 56682, 49746, 9429, 50818, 45883, 58652, 12423, 26431, 60221, 95661, 73944, 68283, 51044, 69558, 68608, 65135, 29404, 17239, 5514, 47278, 63393, 94877, 23491, 47292, 6877, 19032, 65956, 9732, 97912, 1976, 37613, 34466, 61934, 57269, 53618, 5940, 93510, 52374, 85684, 22266, 86296, 60665, 10810, 9462, 494, 58482, 75247, 71566, 31620, 58819, 97731, 83116, 7767, 83623, 12444, 57312, 49834, 46402, 98377, 30435, 36116, 16443, 25589, 45312, 64514, 37426, 76200, 11178, 7488, 18610, 92099, 97566, 6854, 33656, 17686, 10866, 73697, 81050, 12312, 6505, 95303, 61521, 72092, 94259, 32683, 45746, 77187, 88803, 39457, 40047, 95729, 22380, 62708, 14355, 83408, 29714, 50213, 24600, 63055, 94787, 52488, 53820, 72502, 35142, 82539, 36201, 83535, 70150, 4544, 53013, 91532, 98794, 75749, 37723, 24569, 90322, 279, 84293, 85419, 53204, 7321, 22724, 95538, 85836, 2877, 93721, 73981, 40836, 90505, 94370, 88415, 37372, 69317, 25860, 4116, 35759, 84385, 33447, 84816, 12456, 31068, 57878, 18743, 27118, 55146, 45045, 76854, 36409, 49423, 25447, 28432, 61176, 34319, 67878, 7127, 41048, 27399, 57337, 84290, 2409, 69039, 23729, 7494, 36747, 48478, 38848, 42755, 293, 91046, 40498, 48156, 87860, 19957, 4960, 74844, 19836, 92291, 57801, 90081, 88664, 17768, 78881, 47919, 71822, 34413, 1930, 46778, 88873, 89253, 43012, 48581, 9353, 85645, 13891, 48249, 50115, 66199, 3386, 20854, 99932, 28051, 71692, 93909, 74084, 74671, 89896, 50523, 88742, 12398, 72247, 55742, 51721, 34827, 36846, 62982, 39419, 78439, 9343, 48468, 84544, 39864, 76167, 43812, 71247, 20757, 1762, 41180, 27413, 60564, 22669, 82173, 16704, 46485, 72310, 26823, 41298, 58642, 32787, 90874, 58140, 56784, 29999, 8759, 96835, 78050, 41544, 1255, 17455, 33878, 64547, 58966, 82332, 5215, 48306, 8922, 24655, 4697, 70882, 84900, 82562, 62735, 34434, 73303, 61588, 35094, 68503, 41162, 54916, 58190, 12626, 60530, 22534, 77445, 84110, 41705, 60129, 60275, 26541, 44213, 1777, 13370, 3088, 42025, 39125, 6806, 57675, 48434, 98242, 36838, 43086, 11553, 17088, 22108, 72325, 25128, 87991, 65587, 14862, 36451, 44287, 9734, 15759, 72468, 61485, 14174, 26892, 64268, 19975, 5444, 33247, 50382, 76845, 87224, 36256, 66890, 95968, 72639, 77038, 43204, 39754, 36312, 74369, 96758, 27679, 249, 98284, 44817, 61235, 55085, 9992, 27298, 25783, 69424, 39622, 26481, 58524, 35109, 38014, 50849, 43262, 70599, 1236, 29822, 19493, 40976, 26562, 7919, 16019, 11304, 44960, 68766, 47516, 55933, 93459, 51964, 80457, 87397, 77661, 10867, 13339, 38927, 67085, 83000, 91594, 70221, 32812, 41638, 39247, 63161, 56481, 85947, 619, 54521, 29223, 59027, 34890, 77305, 79995, 54866, 56578, 59831, 16991, 48800, 12168, 58544, 42596, 87951, 65721, 11198, 23052, 15984, 12347, 45822, 1513, 17129, 34479, 87885, 87506, 81928, 20343, 45290, 20189, 98974, 29926, 61725, 72592, 35725, 72251, 55074, 7660, 24694]})"
562.0,9,164,75,54.54222822189331,10696,"Genotype(dna={""<class 'abc.NT_0017'>"": [1, 23052], ""<class 'abc.NT_0017_P_00000'>"": [], ""<class 'abc.NT_0005'>"": [0, 0, 35544, 1, 0, 1, 0, 1, 1, 1513], ""<class 'abc.NT_0005_P_00000'>"": [], ""<class 'abc.NT_0005_P_00001'>"": [], ""<class 'bool'>"": [50833, 28611, 95173, 92596, 84996, 15299, 84608, 73218, 73704, 53577, 54127, 73580, 61648, 63455, 34182, 28379, 9832, 69766, 27025, 9321, 39372, 40559, 45589, 21512, 9991, 31131, 22379, 82972, 66879, 7070, 87492, 33083, 92916, 1233, 89415, 28350, 54741, 51276, 16414, 74832, 4355, 87209, 57305, 93042, 23231, 67903, 93745, 31960, 29422, 28659, 99170, 40455, 13273, 92051, 14178, 78998, 45259, 78698, 95977, 93014, 83753, 21951, 16043, 13772, 66730, 10736, 57934, 29081, 62948, 99869, 41968, 82469, 93064, 59471, 51253, 67704, 97811, 82022, 87389, 59617, 67283, 63422, 70186, 58801, 23472, 68171, 46787, 87700, 86179, 38104, 2384, 90063, 6576, 80132, 98840, 65605, 74894, 53809, 99733, 89043, 84198, 62780, 94716, 23035, 32450, 31489, 41399, 87765, 69122, 99723, 54018, 92501, 39572, 89999, 58379, 67238, 50112, 90146, 55533, 46837, 57815, 68681, 79206, 32534, 3130, 58659, 69605, 82887, 74526, 5911, 58400, 62789, 48677, 31474, 44702, 39368, 40140, 19876, 33772, 86631, 58194, 70508], ""<class 'int'>"": [88091, 54758, 80960, 4147, 58985, 98835, 33177, 12380, 43928, 18156, 46293, 82997, 26546, 21931, 20632, 91665, 69275, 46303, 61738, 80613, 63967, 92163, 79154, 79668, 18313, 6071, 50712, 91463, 54716, 33220, 52575, 78591, 28324, 24851, 385, 86434, 6594, 95864, 4088, 31907, 5028, 70908, 60125, 88976, 64506, 45119, 63026, 18677, 76141, 62129, 40973, 74468, 90479, 50241, 61828, 14495, 64587, 47259, 69389, 59226, 21182, 99643, 3451, 67066, 55205, 22485, 89443, 19030, 10288, 23574, 78426, 55280, 17305, 68878, 94325, 9074, 35370, 56456, 95300, 73961, 59051, 835, 21640, 2744, 30054, 96306, 55542, 57066, 65643, 97962, 97088, 62680, 24967, 56005, 85155, 81002, 48234, 28842, 92105, 38714, 65511, 82476, 73240, 25988, 68682, 4749, 1059, 85277, 54664, 55169, 72830, 29209, 32377, 56597, 43815, 46740, 16019, 36704, 91606, 3697, 42934, 87720, 75207, 56054, 59737, 79252, 96186, 60558, 8582, 3209, 7798, 18736, 20655, 95860, 60671, 36386, 88318, 80757, 49888, 58523, 36742, 48071, 76427, 91397, 47115, 74907, 19807, 19166, 48854, 4778, 9526, 30084, 70329, 29929, 24152, 98179, 6661, 59360, 47157, 52018, 24734, 716, 46264, 89982, 86072, 78100, 64619, 77321], ""<class 'abc.NT_0010'>"": [0, 0, 1, 53054], ""<class 'abc.NT_0010_P_00000'>"": [], ""<class 'abc.NT_0006'>"": [2, 2, 0, 1, 1302, 1892], ""<class 'abc.NT_0006_P_00000'>"": [], ""<class 'abc.NT_0006_P_00001'>"": [], ""<class 'abc.NT_0002'>"": [1, 1, 2, 1, 1, 1, 1, 0, 2, 1, 41818, 0, 2, 0, 1, 0, 2, 1, 53720, 1, 0, 0, 69722, 1, 8713, 0, 0, 2, 0, 0, 0, 2, 1, 64800, 99864], ""<class 'abc.NT_0002_P_00000'>"": [], ""<class 'abc.NT_0001'>"": [1, 1, 1, 0, 0, 0, 0, 1, 1, 1, 1, 0, 1, 16227, 1, 1, 1, 1, 0, 0, 10290, 0, 0, 0, 0, 0, 1, 40887, 0, 0, 0, 0, 0, 0, 0, 0, 0, 1, 0, 0, 0, 0, 76558, 0, 0, 0, 1, 0, 0, 26591, 1, 1, 1, 0, 1, 0, 0, 45290], ""<class 'abc.NT_0001_P_00000'>"": [], ""<class 'abc.NT_0001_P_00001'>"": [], ""<class 'abc.NT_0000'>"": [0, 1, 1, 94528, 1, 0, 1, 1, 31647, 1, 1, 80324, 0, 0, 75412, 1, 69944, 1, 0, 0, 0, 1, 0, 0, 0, 1, 1, 0, 1, 3483, 1, 0, 42401, 0, 0, 0, 0, 54668, 66557, 1, 0, 1, 1, 0, 0, 21028, 54540, 1, 5444, 3614, 1, 0, 0, 0, 0, 0, 71485, 1, 0, 0, 0, 0, 1, 20343], ""<class 'abc.NT_0000_P_00000'>"": [], ""<class 'abc.NT_0000_P_00001'>"": [], ""<class 'abc.NT_0002_P_00001'>"": [], ""<class 'abc.NT_0002_P_00002'>"": [], ""<class 'abc.NT_0006_P_00002'>"": [], ""<class 'abc.NT_0007'>"": [1, 0, 1, 2, 87885, 72251, 55074], ""<class 'abc.NT_0007_P_00000'>"": [], ""<class 'abc.NT_0007_P_00001'>"": [], ""<class 'abc.NT_0007_P_00002'>"": [], ""<class 'abc.NT_0004'>"": [1, 1, 77639, 2, 1, 2, 63194, 90154], ""<class 'abc.NT_0004_P_00000'>"": [], ""<class 'abc.NT_0003'>"": [10039, 1, 0, 1, 98974, 61725, 72592, 35725, 7660], ""<class 'abc.NT_0003_P_00000'>"": [], ""<class 'abc.NT_0003_P_00001'>"": [], ""<class 'abc.NT_0003_P_00002'>"": [], ""<class 'abc.NT_0003_P_00003'>"": [], ""<class 'abc.NT_0004_P_00001'>"": [], ""<class 'abc.NT_0004_P_00002'>"": [], ""<class 'abc.NT_0009'>"": [3, 0, 1, 1, 0, 45822], ""<class 'abc.NT_0009_P_00000'>"": [], ""<class 'abc.NT_0008'>"": [15828, 0, 83857, 0, 0, 0, 17129], ""<class 'abc.NT_0008_P_00000'>"": [], ""<class 'abc.NT_0009_P_00001'>"": [], ""<class 'abc.NT_0009_P_00002'>"": [], ""<class 'abc.NT_0009_P_00003'>"": [], ""<class 'abc.NT_0010_P_00001'>"": [], ""<class 'abc.NT_0010_P_00002'>"": [], ""<class 'abc.NT_0017_P_00001'>"": [], ""<class 'abc.NT_0012'>"": [0, 0, 27606, 0, 0, 65962], ""<class 'abc.NT_0012_P_00000'>"": [], ""<class 'abc.NT_0012_P_00001'>"": [], ""<class 'abc.NT_0017_P_00002'>"": [], ""<class 'abc.NT_0013'>"": [], ""<class 'abc.NT_0013_P_00000'>"": [], ""<class 'abc.NT_0011'>"": [0, 94522], ""<class 'abc.NT_0011_P_00000'>"": [], ""<class 'abc.NT_0011_P_00001'>"": [], ""<class 'abc.NT_0011_P_00002'>"": [], ""<class 'abc.NT_0013_P_00001'>"": [], ""<class 'abc.NT_0013_P_00002'>"": [], ""<class 'abc.NT_0017_P_00003'>"": [], ""<class 'abc.NT_0016'>"": [0, 20070], ""<class 'abc.NT_0016_P_00000'>"": [], ""<class 'abc.NT_0016_P_00001'>"": [], ""<class 'abc.NT_0016_P_00002'>"": [], '$leftovers': [13707, 7777, 43103, 79112, 41937, 82055, 41802, 80929, 37572, 24235, 1002, 66268, 87311, 99058, 42897, 54099, 4751, 39061, 38658, 18856, 32793, 32020, 84694, 43326, 66351, 11593, 16559, 82179, 29701, 14785, 63931, 19995, 86098, 88506, 88906, 98218, 57143, 64899, 75531, 17691, 63845, 68413, 76826, 30524, 48607, 6718, 24768, 14247, 23842, 98884, 92372, 55279, 40315, 43705, 6728, 53868, 34432, 73753, 89438, 79733, 83929, 38685, 35410, 5343, 16823, 35888, 70000, 12879, 27426, 44726, 95438, 53746, 11554, 35563, 36846, 46156, 65002, 72433, 85297, 12477, 3511, 72425, 53166, 5796, 30717, 45518, 76561, 21526, 65748, 18017, 64172, 9175, 16724, 51276, 1749, 5687, 47923, 68260, 48548, 94393, 55323, 76604, 84009, 54574, 8798, 35733, 67233, 4198, 56844, 12629, 29196, 81671, 71295, 84963, 73193, 37662, 77918, 40265, 71387, 2776, 72056, 79890, 24380, 6524, 11920, 82004, 80554, 7771, 51485, 29874, 64851, 32118, 68660, 22646, 40503, 29950, 45632, 59339, 63591, 66553, 79195, 90039, 8891, 94412, 82595, 43578, 41060, 60184, 28053, 84947, 77614, 38864, 91374, 58545, 50015, 19960, 7381, 78763, 85070, 21507, 19025, 51930, 32629, 45143, 39756, 26052, 37388, 90108, 9391, 53674, 16962, 24269, 95106, 99931, 56381, 37781, 12365, 84199, 30949, 74271, 916, 85830, 97679, 18102, 478, 75886, 30302, 21977, 90537, 30063, 19357, 81788, 35261, 14719, 66114, 20921, 20240, 5992, 58367, 9680, 68600, 85141, 46379, 54808, 83564, 47005, 66549, 22371, 91024, 89979, 20226, 63714, 58641, 45142, 46907, 57602, 15144, 97990, 7439, 11158, 59469, 11328, 80659, 5962, 25695, 77537, 11892, 91592, 56748, 38581, 37353, 71743, 70419, 27563, 8343, 51963, 16605, 94638, 42057, 61173, 28541, 41743, 60295, 49767, 73628, 41163, 91833, 78182, 82565, 25215, 96862, 76058, 44249, 82715, 20979, 71376, 27708, 78050, 40085, 30494, 46076, 48158, 98017, 59418, 77712, 4502, 58514, 86759, 30136, 53692, 84446, 34409, 6828, 35370, 50950, 51945, 59877, 55822, 81173, 57512, 24080, 92189, 34559, 32530, 48867, 64932, 44, 85888, 8300, 92843, 6844, 39222, 76898, 88754, 22876, 38074, 43299, 88699, 81654, 61902, 89999, 13497, 66668, 7338, 74096, 38397, 11013, 98336, 40480, 33892, 63626, 49088, 71312, 23172, 10803, 62392, 24917, 67254, 58009, 81336, 59457, 73844, 95696, 6506, 27308, 70695, 56701, 13067, 41613, 72662, 53528, 75491, 42519, 81780, 31754, 13856, 88917, 96452, 41223, 89774, 10407, 31336, 50783, 20291, 5997, 7069, 31395, 24625, 6189, 56620, 24762, 84988, 68874, 85812, 41091, 24302, 77112, 35149, 22780, 53184, 18627, 57549, 17465, 63612, 87939, 6980, 60883, 29814, 87238, 14952, 60779, 86760, 61062, 30267, 24445, 56989, 27229, 82900, 90023, 57786, 63779, 40235, 86679, 51776, 22058, 63483, 39593, 41554, 8133, 95503, 6716, 25867, 90267, 22987, 39665, 98545, 93605, 1747, 78248, 27473, 33109, 26918, 82634, 51318, 80099, 73743, 12182, 94300, 46775, 25047, 68889, 10070, 18361, 65084, 37080, 70960, 83222, 67058, 98067, 22471, 67691, 59607, 67337, 8930, 21238, 46639, 45431, 43153, 96128, 24156, 80501, 82080, 49059, 2091, 12212, 52072, 31681, 90064, 42922, 12694, 63500, 88958, 85424, 60965, 55836, 88426, 54941, 94663, 65220, 71036, 49752, 17451, 53699, 9314, 14619, 3290, 44849, 90564, 91441, 62905, 40530, 5641, 37318, 36823, 31308, 19382, 62343, 86280, 16633, 47566, 15336, 77921, 88788, 50425, 20260, 79556, 59009, 60227, 87434, 40228, 88797, 25912, 98562, 76789, 91824, 52309, 10258, 50738, 95463, 77205, 93493, 68362, 24106, 95689, 49524, 69579, 66348, 75971, 22529, 74132, 89303, 37488, 5127, 63655, 17283, 25796, 52901, 73353, 59242, 58591, 76499, 46764, 96815, 56675, 19904, 86086, 9538, 16381, 25966, 48189, 47295, 50918, 3257, 56486, 10672, 45517, 6977, 66557, 24565, 14166, 47870, 73695, 59021, 61532, 83752, 51246, 6816, 65190, 71364, 98756, 25731, 84141, 78432, 21130, 69362, 52504, 59655, 73856, 97330, 50721, 19705, 54620, 16926, 96429, 24048, 73377, 67355, 15053, 17980, 70735, 35236, 75523, 91241, 23447, 72477, 51156, 95259, 88333, 29494, 67321, 52714, 62917, 99842, 65229, 6617, 44275, 88720, 37853, 8770, 63811, 7507, 89636, 17817, 1558, 85068, 79776, 73733, 11481, 89926, 56682, 49746, 9429, 50818, 45883, 58652, 12423, 26431, 60221, 95661, 73944, 68283, 51044, 69558, 68608, 65135, 29404, 17239, 5514, 47278, 63393, 94877, 23491, 47292, 6877, 19032, 65956, 9732, 97912, 1976, 37613, 34466, 61934, 57269, 53618, 5940, 93510, 52374, 85684, 22266, 86296, 60665, 10810, 9462, 494, 58482, 75247, 71566, 31620, 58819, 97731, 83116, 7767, 83623, 12444, 57312, 49834, 46402, 98377, 30435, 36116, 16443, 25589, 45312, 64514, 37426, 76200, 11178, 7488, 18610, 92099, 97566, 6854, 33656, 17686, 10866, 73697, 81050, 12312, 6505, 95303, 61521, 72092, 94259, 32683, 45746, 77187, 88803, 39457, 40047, 95729, 22380, 62708, 14355, 83408, 29714, 50213, 24600, 63055, 94787, 52488, 53820, 72502, 35142, 82539, 36201, 83535, 70150, 4544, 53013, 91532, 98794, 75749, 37723, 24569, 90322, 279, 84293, 85419, 53204, 7321, 22724, 95538, 85836, 2877, 93721, 73981, 40836, 90505, 94370, 88415, 37372, 69317, 25860, 4116, 35759, 84385, 33447, 84816, 12456, 31068, 57878, 18743, 27118, 55146, 45045, 76854, 36409, 49423, 25447, 28432, 61176, 34319, 67878, 7127, 41048, 27399, 57337, 84290, 2409, 69039, 23729, 7494, 36747, 48478, 38848, 42755, 293, 91046, 40498, 48156, 87860, 19957, 4960, 74844, 19836, 92291, 57801, 90081, 88664, 17768, 78881, 47919, 71822, 34413, 1930, 46778, 88873, 89253, 43012, 48581, 9353, 85645, 13891, 48249, 50115, 66199, 3386, 20854, 99932, 28051, 71692, 93909, 74084, 74671, 89896, 50523, 88742, 12398, 72247, 55742, 51721, 34827, 36846, 62982, 39419, 78439, 9343, 48468, 84544, 39864, 76167, 43812, 71247, 20757, 1762, 41180, 27413, 60564, 22669, 82173, 16704, 46485, 72310, 26823, 41298, 58642, 32787, 90874, 58140, 56784, 29999, 8759, 96835, 78050, 41544, 1255, 17455, 33878, 64547, 58966, 82332, 5215, 48306, 8922, 24655, 4697, 70882, 84900, 82562, 62735, 34434, 73303, 61588, 35094, 68503, 41162, 54916, 58190, 12626, 60530, 22534, 77445, 84110, 41705, 60129, 60275, 26541, 44213, 1777, 13370, 3088, 42025, 39125, 6806, 57675, 48434, 98242, 36838, 43086, 11553, 17088, 22108, 72325, 25128, 87991, 65587, 14862, 36451, 44287, 9734, 15759, 72468, 61485, 14174, 26892, 64268, 19975, 5444, 33247, 50382, 76845, 87224, 36256, 66890, 95968, 72639, 77038, 43204, 39754, 36312, 74369, 96758, 27679, 249, 98284, 44817, 61235, 55085, 9992, 27298, 25783, 69424, 39622, 26481, 58524, 35109, 38014, 50849, 43262, 70599, 1236, 29822, 19493, 40976, 26562, 7919, 16019, 11304, 44960, 68766, 47516, 55933, 93459, 51964, 80457, 87397, 77661, 10867, 13339, 38927, 67085, 83000, 91594, 70221, 32812, 41638, 39247, 63161, 56481, 85947, 619, 54521, 29223, 59027, 34890, 77305, 79995, 54866, 56578, 59831, 16991, 48800, 12168, 58544, 42596, 87951, 65721, 11198, 23052, 15984, 12347, 45822, 1513, 17129, 34479, 87885, 87506, 81928, 20343, 45290, 20189, 98974, 29926, 61725, 72592, 35725, 72251, 55074, 7660, 24694]})"
562.0,9,164,76,54.78499460220337,10696,"Genotype(dna={""<class 'abc.NT_0017'>"": [1, 23052], ""<class 'abc.NT_0017_P_00000'>"": [], ""<class 'abc.NT_0005'>"": [0, 0, 35544, 1, 0, 1, 0, 1, 1, 1513], ""<class 'abc.NT_0005_P_00000'>"": [], ""<class 'abc.NT_0005_P_00001'>"": [], ""<class 'bool'>"": [50833, 28611, 95173, 92596, 84996, 15299, 84608, 73218, 73704, 53577, 54127, 73580, 61648, 63455, 34182, 28379, 9832, 69766, 27025, 9321, 39372, 40559, 45589, 21512, 9991, 31131, 22379, 82972, 66879, 7070, 87492, 33083, 92916, 1233, 89415, 28350, 54741, 51276, 16414, 74832, 4355, 87209, 57305, 93042, 23231, 67903, 93745, 31960, 29422, 28659, 99170, 40455, 13273, 92051, 14178, 78998, 45259, 78698, 95977, 93014, 83753, 21951, 16043, 13772, 66730, 10736, 57934, 29081, 62948, 99869, 41968, 82469, 93064, 59471, 51253, 67704, 97811, 82022, 87389, 59617, 67283, 63422, 70186, 58801, 23472, 68171, 46787, 87700, 86179, 38104, 2384, 90063, 6576, 80132, 98840, 65605, 74894, 53809, 99733, 89043, 84198, 62780, 94716, 23035, 32450, 31489, 41399, 87765, 69122, 99723, 54018, 92501, 39572, 89999, 58379, 67238, 50112, 90146, 55533, 46837, 57815, 68681, 79206, 32534, 3130, 58659, 69605, 82887, 74526, 5911, 58400, 62789, 48677, 31474, 44702, 39368, 40140, 19876, 33772, 86631, 58194, 70508], ""<class 'int'>"": [88091, 54758, 80960, 4147, 58985, 98835, 33177, 12380, 43928, 18156, 46293, 82997, 26546, 21931, 20632, 91665, 69275, 46303, 61738, 80613, 63967, 92163, 79154, 79668, 18313, 6071, 50712, 91463, 54716, 33220, 52575, 78591, 28324, 24851, 385, 86434, 6594, 95864, 4088, 31907, 5028, 70908, 60125, 88976, 64506, 45119, 63026, 18677, 76141, 62129, 40973, 74468, 90479, 50241, 61828, 14495, 64587, 47259, 69389, 59226, 21182, 99643, 3451, 67066, 55205, 22485, 89443, 19030, 10288, 23574, 78426, 55280, 17305, 68878, 94325, 9074, 35370, 56456, 95300, 73961, 59051, 835, 21640, 2744, 30054, 96306, 55542, 57066, 65643, 97962, 97088, 62680, 24967, 56005, 85155, 81002, 48234, 28842, 92105, 38714, 65511, 82476, 73240, 25988, 68682, 4749, 1059, 85277, 54664, 55169, 72830, 29209, 32377, 56597, 43815, 46740, 16019, 36704, 91606, 3697, 42934, 87720, 75207, 56054, 59737, 79252, 96186, 60558, 8582, 3209, 7798, 18736, 20655, 95860, 60671, 36386, 88318, 80757, 49888, 58523, 36742, 48071, 76427, 91397, 47115, 74907, 19807, 19166, 48854, 4778, 9526, 30084, 70329, 29929, 24152, 98179, 6661, 59360, 47157, 52018, 24734, 716, 46264, 89982, 86072, 78100, 64619, 77321], ""<class 'abc.NT_0010'>"": [0, 0, 1, 53054], ""<class 'abc.NT_0010_P_00000'>"": [], ""<class 'abc.NT_0006'>"": [2, 2, 0, 1, 1302, 1892], ""<class 'abc.NT_0006_P_00000'>"": [], ""<class 'abc.NT_0006_P_00001'>"": [], ""<class 'abc.NT_0002'>"": [1, 1, 2, 1, 1, 1, 1, 0, 2, 1, 41818, 0, 2, 0, 1, 0, 2, 1, 53720, 1, 0, 0, 69722, 1, 8713, 0, 0, 2, 0, 0, 0, 2, 1, 64800, 99864], ""<class 'abc.NT_0002_P_00000'>"": [], ""<class 'abc.NT_0001'>"": [1, 1, 1, 0, 0, 0, 0, 1, 1, 1, 1, 0, 1, 16227, 1, 1, 1, 1, 0, 0, 10290, 0, 0, 0, 0, 0, 1, 40887, 0, 0, 0, 0, 0, 0, 0, 0, 0, 1, 0, 0, 0, 0, 76558, 0, 0, 0, 1, 0, 0, 26591, 1, 1, 1, 0, 1, 0, 0, 45290], ""<class 'abc.NT_0001_P_00000'>"": [], ""<class 'abc.NT_0001_P_00001'>"": [], ""<class 'abc.NT_0000'>"": [0, 1, 1, 94528, 1, 0, 1, 1, 31647, 1, 1, 80324, 0, 0, 75412, 1, 69944, 1, 0, 0, 0, 1, 0, 0, 0, 1, 1, 0, 1, 3483, 1, 0, 42401, 0, 0, 0, 0, 54668, 66557, 1, 0, 1, 1, 0, 0, 21028, 54540, 1, 5444, 3614, 1, 0, 0, 0, 0, 0, 71485, 1, 0, 0, 0, 0, 1, 20343], ""<class 'abc.NT_0000_P_00000'>"": [], ""<class 'abc.NT_0000_P_00001'>"": [], ""<class 'abc.NT_0002_P_00001'>"": [], ""<class 'abc.NT_0002_P_00002'>"": [], ""<class 'abc.NT_0006_P_00002'>"": [], ""<class 'abc.NT_0007'>"": [1, 0, 1, 2, 87885, 72251, 55074], ""<class 'abc.NT_0007_P_00000'>"": [], ""<class 'abc.NT_0007_P_00001'>"": [], ""<class 'abc.NT_0007_P_00002'>"": [], ""<class 'abc.NT_0004'>"": [1, 1, 77639, 2, 1, 2, 63194, 90154], ""<class 'abc.NT_0004_P_00000'>"": [], ""<class 'abc.NT_0003'>"": [10039, 1, 0, 1, 98974, 61725, 72592, 35725, 7660], ""<class 'abc.NT_0003_P_00000'>"": [], ""<class 'abc.NT_0003_P_00001'>"": [], ""<class 'abc.NT_0003_P_00002'>"": [], ""<class 'abc.NT_0003_P_00003'>"": [], ""<class 'abc.NT_0004_P_00001'>"": [], ""<class 'abc.NT_0004_P_00002'>"": [], ""<class 'abc.NT_0009'>"": [3, 0, 1, 1, 0, 45822], ""<class 'abc.NT_0009_P_00000'>"": [], ""<class 'abc.NT_0008'>"": [15828, 0, 83857, 0, 0, 0, 17129], ""<class 'abc.NT_0008_P_00000'>"": [], ""<class 'abc.NT_0009_P_00001'>"": [], ""<class 'abc.NT_0009_P_00002'>"": [], ""<class 'abc.NT_0009_P_00003'>"": [], ""<class 'abc.NT_0010_P_00001'>"": [], ""<class 'abc.NT_0010_P_00002'>"": [], ""<class 'abc.NT_0017_P_00001'>"": [], ""<class 'abc.NT_0012'>"": [0, 0, 27606, 0, 0, 65962], ""<class 'abc.NT_0012_P_00000'>"": [], ""<class 'abc.NT_0012_P_00001'>"": [], ""<class 'abc.NT_0017_P_00002'>"": [], ""<class 'abc.NT_0013'>"": [], ""<class 'abc.NT_0013_P_00000'>"": [], ""<class 'abc.NT_0011'>"": [0, 94522], ""<class 'abc.NT_0011_P_00000'>"": [], ""<class 'abc.NT_0011_P_00001'>"": [], ""<class 'abc.NT_0011_P_00002'>"": [], ""<class 'abc.NT_0013_P_00001'>"": [], ""<class 'abc.NT_0013_P_00002'>"": [], ""<class 'abc.NT_0017_P_00003'>"": [], ""<class 'abc.NT_0016'>"": [0, 20070], ""<class 'abc.NT_0016_P_00000'>"": [], ""<class 'abc.NT_0016_P_00001'>"": [], ""<class 'abc.NT_0016_P_00002'>"": [], '$leftovers': [13707, 7777, 43103, 79112, 41937, 82055, 41802, 80929, 37572, 24235, 1002, 66268, 87311, 99058, 42897, 54099, 4751, 39061, 38658, 18856, 32793, 32020, 84694, 43326, 66351, 11593, 16559, 82179, 29701, 14785, 63931, 19995, 86098, 88506, 88906, 98218, 57143, 64899, 75531, 17691, 63845, 68413, 76826, 30524, 48607, 6718, 24768, 14247, 23842, 98884, 92372, 55279, 40315, 43705, 6728, 53868, 34432, 73753, 89438, 79733, 83929, 38685, 35410, 5343, 16823, 35888, 70000, 12879, 27426, 44726, 95438, 53746, 11554, 35563, 36846, 46156, 65002, 72433, 85297, 12477, 3511, 72425, 53166, 5796, 30717, 45518, 76561, 21526, 65748, 18017, 64172, 9175, 16724, 51276, 1749, 5687, 47923, 68260, 48548, 94393, 55323, 76604, 84009, 54574, 8798, 35733, 67233, 4198, 56844, 12629, 29196, 81671, 71295, 84963, 73193, 37662, 77918, 40265, 71387, 2776, 72056, 79890, 24380, 6524, 11920, 82004, 80554, 7771, 51485, 29874, 64851, 32118, 68660, 22646, 40503, 29950, 45632, 59339, 63591, 66553, 79195, 90039, 8891, 94412, 82595, 43578, 41060, 60184, 28053, 84947, 77614, 38864, 91374, 58545, 50015, 19960, 7381, 78763, 85070, 21507, 19025, 51930, 32629, 45143, 39756, 26052, 37388, 90108, 9391, 53674, 16962, 24269, 95106, 99931, 56381, 37781, 12365, 84199, 30949, 74271, 916, 85830, 97679, 18102, 478, 75886, 30302, 21977, 90537, 30063, 19357, 81788, 35261, 14719, 66114, 20921, 20240, 5992, 58367, 9680, 68600, 85141, 46379, 54808, 83564, 47005, 66549, 22371, 91024, 89979, 20226, 63714, 58641, 45142, 46907, 57602, 15144, 97990, 7439, 11158, 59469, 11328, 80659, 5962, 25695, 77537, 11892, 91592, 56748, 38581, 37353, 71743, 70419, 27563, 8343, 51963, 16605, 94638, 42057, 61173, 28541, 41743, 60295, 49767, 73628, 41163, 91833, 78182, 82565, 25215, 96862, 76058, 44249, 82715, 20979, 71376, 27708, 78050, 40085, 30494, 46076, 48158, 98017, 59418, 77712, 4502, 58514, 86759, 30136, 53692, 84446, 34409, 6828, 35370, 50950, 51945, 59877, 55822, 81173, 57512, 24080, 92189, 34559, 32530, 48867, 64932, 44, 85888, 8300, 92843, 6844, 39222, 76898, 88754, 22876, 38074, 43299, 88699, 81654, 61902, 89999, 13497, 66668, 7338, 74096, 38397, 11013, 98336, 40480, 33892, 63626, 49088, 71312, 23172, 10803, 62392, 24917, 67254, 58009, 81336, 59457, 73844, 95696, 6506, 27308, 70695, 56701, 13067, 41613, 72662, 53528, 75491, 42519, 81780, 31754, 13856, 88917, 96452, 41223, 89774, 10407, 31336, 50783, 20291, 5997, 7069, 31395, 24625, 6189, 56620, 24762, 84988, 68874, 85812, 41091, 24302, 77112, 35149, 22780, 53184, 18627, 57549, 17465, 63612, 87939, 6980, 60883, 29814, 87238, 14952, 60779, 86760, 61062, 30267, 24445, 56989, 27229, 82900, 90023, 57786, 63779, 40235, 86679, 51776, 22058, 63483, 39593, 41554, 8133, 95503, 6716, 25867, 90267, 22987, 39665, 98545, 93605, 1747, 78248, 27473, 33109, 26918, 82634, 51318, 80099, 73743, 12182, 94300, 46775, 25047, 68889, 10070, 18361, 65084, 37080, 70960, 83222, 67058, 98067, 22471, 67691, 59607, 67337, 8930, 21238, 46639, 45431, 43153, 96128, 24156, 80501, 82080, 49059, 2091, 12212, 52072, 31681, 90064, 42922, 12694, 63500, 88958, 85424, 60965, 55836, 88426, 54941, 94663, 65220, 71036, 49752, 17451, 53699, 9314, 14619, 3290, 44849, 90564, 91441, 62905, 40530, 5641, 37318, 36823, 31308, 19382, 62343, 86280, 16633, 47566, 15336, 77921, 88788, 50425, 20260, 79556, 59009, 60227, 87434, 40228, 88797, 25912, 98562, 76789, 91824, 52309, 10258, 50738, 95463, 77205, 93493, 68362, 24106, 95689, 49524, 69579, 66348, 75971, 22529, 74132, 89303, 37488, 5127, 63655, 17283, 25796, 52901, 73353, 59242, 58591, 76499, 46764, 96815, 56675, 19904, 86086, 9538, 16381, 25966, 48189, 47295, 50918, 3257, 56486, 10672, 45517, 6977, 66557, 24565, 14166, 47870, 73695, 59021, 61532, 83752, 51246, 6816, 65190, 71364, 98756, 25731, 84141, 78432, 21130, 69362, 52504, 59655, 73856, 97330, 50721, 19705, 54620, 16926, 96429, 24048, 73377, 67355, 15053, 17980, 70735, 35236, 75523, 91241, 23447, 72477, 51156, 95259, 88333, 29494, 67321, 52714, 62917, 99842, 65229, 6617, 44275, 88720, 37853, 8770, 63811, 7507, 89636, 17817, 1558, 85068, 79776, 73733, 11481, 89926, 56682, 49746, 9429, 50818, 45883, 58652, 12423, 26431, 60221, 95661, 73944, 68283, 51044, 69558, 68608, 65135, 29404, 17239, 5514, 47278, 63393, 94877, 23491, 47292, 6877, 19032, 65956, 9732, 97912, 1976, 37613, 34466, 61934, 57269, 53618, 5940, 93510, 52374, 85684, 22266, 86296, 60665, 10810, 9462, 494, 58482, 75247, 71566, 31620, 58819, 97731, 83116, 7767, 83623, 12444, 57312, 49834, 46402, 98377, 30435, 36116, 16443, 25589, 45312, 64514, 37426, 76200, 11178, 7488, 18610, 92099, 97566, 6854, 33656, 17686, 10866, 73697, 81050, 12312, 6505, 95303, 61521, 72092, 94259, 32683, 45746, 77187, 88803, 39457, 40047, 95729, 22380, 62708, 14355, 83408, 29714, 50213, 24600, 63055, 94787, 52488, 53820, 72502, 35142, 82539, 36201, 83535, 70150, 4544, 53013, 91532, 98794, 75749, 37723, 24569, 90322, 279, 84293, 85419, 53204, 7321, 22724, 95538, 85836, 2877, 93721, 73981, 40836, 90505, 94370, 88415, 37372, 69317, 25860, 4116, 35759, 84385, 33447, 84816, 12456, 31068, 57878, 18743, 27118, 55146, 45045, 76854, 36409, 49423, 25447, 28432, 61176, 34319, 67878, 7127, 41048, 27399, 57337, 84290, 2409, 69039, 23729, 7494, 36747, 48478, 38848, 42755, 293, 91046, 40498, 48156, 87860, 19957, 4960, 74844, 19836, 92291, 57801, 90081, 88664, 17768, 78881, 47919, 71822, 34413, 1930, 46778, 88873, 89253, 43012, 48581, 9353, 85645, 13891, 48249, 50115, 66199, 3386, 20854, 99932, 28051, 71692, 93909, 74084, 74671, 89896, 50523, 88742, 12398, 72247, 55742, 51721, 34827, 36846, 62982, 39419, 78439, 9343, 48468, 84544, 39864, 76167, 43812, 71247, 20757, 1762, 41180, 27413, 60564, 22669, 82173, 16704, 46485, 72310, 26823, 41298, 58642, 32787, 90874, 58140, 56784, 29999, 8759, 96835, 78050, 41544, 1255, 17455, 33878, 64547, 58966, 82332, 5215, 48306, 8922, 24655, 4697, 70882, 84900, 82562, 62735, 34434, 73303, 61588, 35094, 68503, 41162, 54916, 58190, 12626, 60530, 22534, 77445, 84110, 41705, 60129, 60275, 26541, 44213, 1777, 13370, 3088, 42025, 39125, 6806, 57675, 48434, 98242, 36838, 43086, 11553, 17088, 22108, 72325, 25128, 87991, 65587, 14862, 36451, 44287, 9734, 15759, 72468, 61485, 14174, 26892, 64268, 19975, 5444, 33247, 50382, 76845, 87224, 36256, 66890, 95968, 72639, 77038, 43204, 39754, 36312, 74369, 96758, 27679, 249, 98284, 44817, 61235, 55085, 9992, 27298, 25783, 69424, 39622, 26481, 58524, 35109, 38014, 50849, 43262, 70599, 1236, 29822, 19493, 40976, 26562, 7919, 16019, 11304, 44960, 68766, 47516, 55933, 93459, 51964, 80457, 87397, 77661, 10867, 13339, 38927, 67085, 83000, 91594, 70221, 32812, 41638, 39247, 63161, 56481, 85947, 619, 54521, 29223, 59027, 34890, 77305, 79995, 54866, 56578, 59831, 16991, 48800, 12168, 58544, 42596, 87951, 65721, 11198, 23052, 15984, 12347, 45822, 1513, 17129, 34479, 87885, 87506, 81928, 20343, 45290, 20189, 98974, 29926, 61725, 72592, 35725, 72251, 55074, 7660, 24694]})"
562.0,9,164,77,55.033371686935425,10696,"Genotype(dna={""<class 'abc.NT_0017'>"": [1, 23052], ""<class 'abc.NT_0017_P_00000'>"": [], ""<class 'abc.NT_0005'>"": [0, 0, 35544, 1, 0, 1, 0, 1, 1, 1513], ""<class 'abc.NT_0005_P_00000'>"": [], ""<class 'abc.NT_0005_P_00001'>"": [], ""<class 'bool'>"": [50833, 28611, 95173, 92596, 84996, 15299, 84608, 73218, 73704, 53577, 54127, 73580, 61648, 63455, 34182, 28379, 9832, 69766, 27025, 9321, 39372, 40559, 45589, 21512, 9991, 31131, 22379, 82972, 66879, 7070, 87492, 33083, 92916, 1233, 89415, 28350, 54741, 51276, 16414, 74832, 4355, 87209, 57305, 93042, 23231, 67903, 93745, 31960, 29422, 28659, 99170, 40455, 13273, 92051, 14178, 78998, 45259, 78698, 95977, 93014, 83753, 21951, 16043, 13772, 66730, 10736, 57934, 29081, 62948, 99869, 41968, 82469, 93064, 59471, 51253, 67704, 97811, 82022, 87389, 59617, 67283, 63422, 70186, 58801, 23472, 68171, 46787, 87700, 86179, 38104, 2384, 90063, 6576, 80132, 98840, 65605, 74894, 53809, 99733, 89043, 84198, 62780, 94716, 23035, 32450, 31489, 41399, 87765, 69122, 99723, 54018, 92501, 39572, 89999, 58379, 67238, 50112, 90146, 55533, 46837, 57815, 68681, 79206, 32534, 3130, 58659, 69605, 82887, 74526, 5911, 58400, 62789, 48677, 31474, 44702, 39368, 40140, 19876, 33772, 86631, 58194, 70508], ""<class 'int'>"": [88091, 54758, 80960, 4147, 58985, 98835, 33177, 12380, 43928, 18156, 46293, 82997, 26546, 21931, 20632, 91665, 69275, 46303, 61738, 80613, 63967, 92163, 79154, 79668, 18313, 6071, 50712, 91463, 54716, 33220, 52575, 78591, 28324, 24851, 385, 86434, 6594, 95864, 4088, 31907, 5028, 70908, 60125, 88976, 64506, 45119, 63026, 18677, 76141, 62129, 40973, 74468, 90479, 50241, 61828, 14495, 64587, 47259, 69389, 59226, 21182, 99643, 3451, 67066, 55205, 22485, 89443, 19030, 10288, 23574, 78426, 55280, 17305, 68878, 94325, 9074, 35370, 56456, 95300, 73961, 59051, 835, 21640, 2744, 30054, 96306, 55542, 57066, 65643, 97962, 97088, 62680, 24967, 56005, 85155, 81002, 48234, 28842, 92105, 38714, 65511, 82476, 73240, 25988, 68682, 4749, 1059, 85277, 54664, 55169, 72830, 29209, 32377, 56597, 43815, 46740, 16019, 36704, 91606, 3697, 42934, 87720, 75207, 56054, 59737, 79252, 96186, 60558, 8582, 3209, 7798, 18736, 20655, 95860, 60671, 36386, 88318, 80757, 49888, 58523, 36742, 48071, 76427, 91397, 47115, 74907, 19807, 19166, 48854, 4778, 9526, 30084, 70329, 29929, 24152, 98179, 6661, 59360, 47157, 52018, 24734, 716, 46264, 89982, 86072, 78100, 64619, 77321], ""<class 'abc.NT_0010'>"": [0, 0, 1, 53054], ""<class 'abc.NT_0010_P_00000'>"": [], ""<class 'abc.NT_0006'>"": [2, 2, 0, 1, 1302, 1892], ""<class 'abc.NT_0006_P_00000'>"": [], ""<class 'abc.NT_0006_P_00001'>"": [], ""<class 'abc.NT_0002'>"": [1, 1, 2, 1, 1, 1, 1, 0, 2, 1, 41818, 0, 2, 0, 1, 0, 2, 1, 53720, 1, 0, 0, 69722, 1, 8713, 0, 0, 2, 0, 0, 0, 2, 1, 64800, 99864], ""<class 'abc.NT_0002_P_00000'>"": [], ""<class 'abc.NT_0001'>"": [1, 1, 1, 0, 0, 0, 0, 1, 1, 1, 1, 0, 1, 16227, 1, 1, 1, 1, 0, 0, 10290, 0, 0, 0, 0, 0, 1, 40887, 0, 0, 0, 0, 0, 0, 0, 0, 0, 1, 0, 0, 0, 0, 76558, 0, 0, 0, 1, 0, 0, 26591, 1, 1, 1, 0, 1, 0, 0, 45290], ""<class 'abc.NT_0001_P_00000'>"": [], ""<class 'abc.NT_0001_P_00001'>"": [], ""<class 'abc.NT_0000'>"": [0, 1, 1, 94528, 1, 0, 1, 1, 31647, 1, 1, 80324, 0, 0, 75412, 1, 69944, 1, 0, 0, 0, 1, 0, 0, 0, 1, 1, 0, 1, 3483, 1, 0, 42401, 0, 0, 0, 0, 54668, 66557, 1, 0, 1, 1, 0, 0, 21028, 54540, 1, 5444, 3614, 1, 0, 0, 0, 0, 0, 71485, 1, 0, 0, 0, 0, 1, 20343], ""<class 'abc.NT_0000_P_00000'>"": [], ""<class 'abc.NT_0000_P_00001'>"": [], ""<class 'abc.NT_0002_P_00001'>"": [], ""<class 'abc.NT_0002_P_00002'>"": [], ""<class 'abc.NT_0006_P_00002'>"": [], ""<class 'abc.NT_0007'>"": [1, 0, 1, 2, 87885, 72251, 55074], ""<class 'abc.NT_0007_P_00000'>"": [], ""<class 'abc.NT_0007_P_00001'>"": [], ""<class 'abc.NT_0007_P_00002'>"": [], ""<class 'abc.NT_0004'>"": [1, 1, 77639, 2, 1, 2, 63194, 90154], ""<class 'abc.NT_0004_P_00000'>"": [], ""<class 'abc.NT_0003'>"": [10039, 1, 0, 1, 98974, 61725, 72592, 35725, 7660], ""<class 'abc.NT_0003_P_00000'>"": [], ""<class 'abc.NT_0003_P_00001'>"": [], ""<class 'abc.NT_0003_P_00002'>"": [], ""<class 'abc.NT_0003_P_00003'>"": [], ""<class 'abc.NT_0004_P_00001'>"": [], ""<class 'abc.NT_0004_P_00002'>"": [], ""<class 'abc.NT_0009'>"": [3, 0, 1, 1, 0, 45822], ""<class 'abc.NT_0009_P_00000'>"": [], ""<class 'abc.NT_0008'>"": [15828, 0, 83857, 0, 0, 0, 17129], ""<class 'abc.NT_0008_P_00000'>"": [], ""<class 'abc.NT_0009_P_00001'>"": [], ""<class 'abc.NT_0009_P_00002'>"": [], ""<class 'abc.NT_0009_P_00003'>"": [], ""<class 'abc.NT_0010_P_00001'>"": [], ""<class 'abc.NT_0010_P_00002'>"": [], ""<class 'abc.NT_0017_P_00001'>"": [], ""<class 'abc.NT_0012'>"": [0, 0, 27606, 0, 0, 65962], ""<class 'abc.NT_0012_P_00000'>"": [], ""<class 'abc.NT_0012_P_00001'>"": [], ""<class 'abc.NT_0017_P_00002'>"": [], ""<class 'abc.NT_0013'>"": [], ""<class 'abc.NT_0013_P_00000'>"": [], ""<class 'abc.NT_0011'>"": [0, 94522], ""<class 'abc.NT_0011_P_00000'>"": [], ""<class 'abc.NT_0011_P_00001'>"": [], ""<class 'abc.NT_0011_P_00002'>"": [], ""<class 'abc.NT_0013_P_00001'>"": [], ""<class 'abc.NT_0013_P_00002'>"": [], ""<class 'abc.NT_0017_P_00003'>"": [], ""<class 'abc.NT_0016'>"": [0, 20070], ""<class 'abc.NT_0016_P_00000'>"": [], ""<class 'abc.NT_0016_P_00001'>"": [], ""<class 'abc.NT_0016_P_00002'>"": [], '$leftovers': [13707, 7777, 43103, 79112, 41937, 82055, 41802, 80929, 37572, 24235, 1002, 66268, 87311, 99058, 42897, 54099, 4751, 39061, 38658, 18856, 32793, 32020, 84694, 43326, 66351, 11593, 16559, 82179, 29701, 14785, 63931, 19995, 86098, 88506, 88906, 98218, 57143, 64899, 75531, 17691, 63845, 68413, 76826, 30524, 48607, 6718, 24768, 14247, 23842, 98884, 92372, 55279, 40315, 43705, 6728, 53868, 34432, 73753, 89438, 79733, 83929, 38685, 35410, 5343, 16823, 35888, 70000, 12879, 27426, 44726, 95438, 53746, 11554, 35563, 36846, 46156, 65002, 72433, 85297, 12477, 3511, 72425, 53166, 5796, 30717, 45518, 76561, 21526, 65748, 18017, 64172, 9175, 16724, 51276, 1749, 5687, 47923, 68260, 48548, 94393, 55323, 76604, 84009, 54574, 8798, 35733, 67233, 4198, 56844, 12629, 29196, 81671, 71295, 84963, 73193, 37662, 77918, 40265, 71387, 2776, 72056, 79890, 24380, 6524, 11920, 82004, 80554, 7771, 51485, 29874, 64851, 32118, 68660, 22646, 40503, 29950, 45632, 59339, 63591, 66553, 79195, 90039, 8891, 94412, 82595, 43578, 41060, 60184, 28053, 84947, 77614, 38864, 91374, 58545, 50015, 19960, 7381, 78763, 85070, 21507, 19025, 51930, 32629, 45143, 39756, 26052, 37388, 90108, 9391, 53674, 16962, 24269, 95106, 99931, 56381, 37781, 12365, 84199, 30949, 74271, 916, 85830, 97679, 18102, 478, 75886, 30302, 21977, 90537, 30063, 19357, 81788, 35261, 14719, 66114, 20921, 20240, 5992, 58367, 9680, 68600, 85141, 46379, 54808, 83564, 47005, 66549, 22371, 91024, 89979, 20226, 63714, 58641, 45142, 46907, 57602, 15144, 97990, 7439, 11158, 59469, 11328, 80659, 5962, 25695, 77537, 11892, 91592, 56748, 38581, 37353, 71743, 70419, 27563, 8343, 51963, 16605, 94638, 42057, 61173, 28541, 41743, 60295, 49767, 73628, 41163, 91833, 78182, 82565, 25215, 96862, 76058, 44249, 82715, 20979, 71376, 27708, 78050, 40085, 30494, 46076, 48158, 98017, 59418, 77712, 4502, 58514, 86759, 30136, 53692, 84446, 34409, 6828, 35370, 50950, 51945, 59877, 55822, 81173, 57512, 24080, 92189, 34559, 32530, 48867, 64932, 44, 85888, 8300, 92843, 6844, 39222, 76898, 88754, 22876, 38074, 43299, 88699, 81654, 61902, 89999, 13497, 66668, 7338, 74096, 38397, 11013, 98336, 40480, 33892, 63626, 49088, 71312, 23172, 10803, 62392, 24917, 67254, 58009, 81336, 59457, 73844, 95696, 6506, 27308, 70695, 56701, 13067, 41613, 72662, 53528, 75491, 42519, 81780, 31754, 13856, 88917, 96452, 41223, 89774, 10407, 31336, 50783, 20291, 5997, 7069, 31395, 24625, 6189, 56620, 24762, 84988, 68874, 85812, 41091, 24302, 77112, 35149, 22780, 53184, 18627, 57549, 17465, 63612, 87939, 6980, 60883, 29814, 87238, 14952, 60779, 86760, 61062, 30267, 24445, 56989, 27229, 82900, 90023, 57786, 63779, 40235, 86679, 51776, 22058, 63483, 39593, 41554, 8133, 95503, 6716, 25867, 90267, 22987, 39665, 98545, 93605, 1747, 78248, 27473, 33109, 26918, 82634, 51318, 80099, 73743, 12182, 94300, 46775, 25047, 68889, 10070, 18361, 65084, 37080, 70960, 83222, 67058, 98067, 22471, 67691, 59607, 67337, 8930, 21238, 46639, 45431, 43153, 96128, 24156, 80501, 82080, 49059, 2091, 12212, 52072, 31681, 90064, 42922, 12694, 63500, 88958, 85424, 60965, 55836, 88426, 54941, 94663, 65220, 71036, 49752, 17451, 53699, 9314, 14619, 3290, 44849, 90564, 91441, 62905, 40530, 5641, 37318, 36823, 31308, 19382, 62343, 86280, 16633, 47566, 15336, 77921, 88788, 50425, 20260, 79556, 59009, 60227, 87434, 40228, 88797, 25912, 98562, 76789, 91824, 52309, 10258, 50738, 95463, 77205, 93493, 68362, 24106, 95689, 49524, 69579, 66348, 75971, 22529, 74132, 89303, 37488, 5127, 63655, 17283, 25796, 52901, 73353, 59242, 58591, 76499, 46764, 96815, 56675, 19904, 86086, 9538, 16381, 25966, 48189, 47295, 50918, 3257, 56486, 10672, 45517, 6977, 66557, 24565, 14166, 47870, 73695, 59021, 61532, 83752, 51246, 6816, 65190, 71364, 98756, 25731, 84141, 78432, 21130, 69362, 52504, 59655, 73856, 97330, 50721, 19705, 54620, 16926, 96429, 24048, 73377, 67355, 15053, 17980, 70735, 35236, 75523, 91241, 23447, 72477, 51156, 95259, 88333, 29494, 67321, 52714, 62917, 99842, 65229, 6617, 44275, 88720, 37853, 8770, 63811, 7507, 89636, 17817, 1558, 85068, 79776, 73733, 11481, 89926, 56682, 49746, 9429, 50818, 45883, 58652, 12423, 26431, 60221, 95661, 73944, 68283, 51044, 69558, 68608, 65135, 29404, 17239, 5514, 47278, 63393, 94877, 23491, 47292, 6877, 19032, 65956, 9732, 97912, 1976, 37613, 34466, 61934, 57269, 53618, 5940, 93510, 52374, 85684, 22266, 86296, 60665, 10810, 9462, 494, 58482, 75247, 71566, 31620, 58819, 97731, 83116, 7767, 83623, 12444, 57312, 49834, 46402, 98377, 30435, 36116, 16443, 25589, 45312, 64514, 37426, 76200, 11178, 7488, 18610, 92099, 97566, 6854, 33656, 17686, 10866, 73697, 81050, 12312, 6505, 95303, 61521, 72092, 94259, 32683, 45746, 77187, 88803, 39457, 40047, 95729, 22380, 62708, 14355, 83408, 29714, 50213, 24600, 63055, 94787, 52488, 53820, 72502, 35142, 82539, 36201, 83535, 70150, 4544, 53013, 91532, 98794, 75749, 37723, 24569, 90322, 279, 84293, 85419, 53204, 7321, 22724, 95538, 85836, 2877, 93721, 73981, 40836, 90505, 94370, 88415, 37372, 69317, 25860, 4116, 35759, 84385, 33447, 84816, 12456, 31068, 57878, 18743, 27118, 55146, 45045, 76854, 36409, 49423, 25447, 28432, 61176, 34319, 67878, 7127, 41048, 27399, 57337, 84290, 2409, 69039, 23729, 7494, 36747, 48478, 38848, 42755, 293, 91046, 40498, 48156, 87860, 19957, 4960, 74844, 19836, 92291, 57801, 90081, 88664, 17768, 78881, 47919, 71822, 34413, 1930, 46778, 88873, 89253, 43012, 48581, 9353, 85645, 13891, 48249, 50115, 66199, 3386, 20854, 99932, 28051, 71692, 93909, 74084, 74671, 89896, 50523, 88742, 12398, 72247, 55742, 51721, 34827, 36846, 62982, 39419, 78439, 9343, 48468, 84544, 39864, 76167, 43812, 71247, 20757, 1762, 41180, 27413, 60564, 22669, 82173, 16704, 46485, 72310, 26823, 41298, 58642, 32787, 90874, 58140, 56784, 29999, 8759, 96835, 78050, 41544, 1255, 17455, 33878, 64547, 58966, 82332, 5215, 48306, 8922, 24655, 4697, 70882, 84900, 82562, 62735, 34434, 73303, 61588, 35094, 68503, 41162, 54916, 58190, 12626, 60530, 22534, 77445, 84110, 41705, 60129, 60275, 26541, 44213, 1777, 13370, 3088, 42025, 39125, 6806, 57675, 48434, 98242, 36838, 43086, 11553, 17088, 22108, 72325, 25128, 87991, 65587, 14862, 36451, 44287, 9734, 15759, 72468, 61485, 14174, 26892, 64268, 19975, 5444, 33247, 50382, 76845, 87224, 36256, 66890, 95968, 72639, 77038, 43204, 39754, 36312, 74369, 96758, 27679, 249, 98284, 44817, 61235, 55085, 9992, 27298, 25783, 69424, 39622, 26481, 58524, 35109, 38014, 50849, 43262, 70599, 1236, 29822, 19493, 40976, 26562, 7919, 16019, 11304, 44960, 68766, 47516, 55933, 93459, 51964, 80457, 87397, 77661, 10867, 13339, 38927, 67085, 83000, 91594, 70221, 32812, 41638, 39247, 63161, 56481, 85947, 619, 54521, 29223, 59027, 34890, 77305, 79995, 54866, 56578, 59831, 16991, 48800, 12168, 58544, 42596, 87951, 65721, 11198, 23052, 15984, 12347, 45822, 1513, 17129, 34479, 87885, 87506, 81928, 20343, 45290, 20189, 98974, 29926, 61725, 72592, 35725, 72251, 55074, 7660, 24694]})"
562.0,9,164,78,55.28859066963196,10696,"Genotype(dna={""<class 'abc.NT_0017'>"": [1, 23052], ""<class 'abc.NT_0017_P_00000'>"": [], ""<class 'abc.NT_0005'>"": [0, 0, 35544, 1, 0, 1, 0, 1, 1, 1513], ""<class 'abc.NT_0005_P_00000'>"": [], ""<class 'abc.NT_0005_P_00001'>"": [], ""<class 'bool'>"": [50833, 28611, 95173, 92596, 84996, 15299, 84608, 73218, 73704, 53577, 54127, 73580, 61648, 63455, 34182, 28379, 9832, 69766, 27025, 9321, 39372, 40559, 45589, 21512, 9991, 31131, 22379, 82972, 66879, 7070, 87492, 33083, 92916, 1233, 89415, 28350, 54741, 51276, 16414, 74832, 4355, 87209, 57305, 93042, 23231, 67903, 93745, 31960, 29422, 28659, 99170, 40455, 13273, 92051, 14178, 78998, 45259, 78698, 95977, 93014, 83753, 21951, 16043, 13772, 66730, 10736, 57934, 29081, 62948, 99869, 41968, 82469, 93064, 59471, 51253, 67704, 97811, 82022, 87389, 59617, 67283, 63422, 70186, 58801, 23472, 68171, 46787, 87700, 86179, 38104, 2384, 90063, 6576, 80132, 98840, 65605, 74894, 53809, 99733, 89043, 84198, 62780, 94716, 23035, 32450, 31489, 41399, 87765, 69122, 99723, 54018, 92501, 39572, 89999, 58379, 67238, 50112, 90146, 55533, 46837, 57815, 68681, 79206, 32534, 3130, 58659, 69605, 82887, 74526, 5911, 58400, 62789, 48677, 31474, 44702, 39368, 40140, 19876, 33772, 86631, 58194, 70508], ""<class 'int'>"": [88091, 54758, 80960, 4147, 58985, 98835, 33177, 12380, 43928, 18156, 46293, 82997, 26546, 21931, 20632, 91665, 69275, 46303, 61738, 80613, 63967, 92163, 79154, 79668, 18313, 6071, 50712, 91463, 54716, 33220, 52575, 78591, 28324, 24851, 385, 86434, 6594, 95864, 4088, 31907, 5028, 70908, 60125, 88976, 64506, 45119, 63026, 18677, 76141, 62129, 40973, 74468, 90479, 50241, 61828, 14495, 64587, 47259, 69389, 59226, 21182, 99643, 3451, 67066, 55205, 22485, 89443, 19030, 10288, 23574, 78426, 55280, 17305, 68878, 94325, 9074, 35370, 56456, 95300, 73961, 59051, 835, 21640, 2744, 30054, 96306, 55542, 57066, 65643, 97962, 97088, 62680, 24967, 56005, 85155, 81002, 48234, 28842, 92105, 38714, 65511, 82476, 73240, 25988, 68682, 4749, 1059, 85277, 54664, 55169, 72830, 29209, 32377, 56597, 43815, 46740, 16019, 36704, 91606, 3697, 42934, 87720, 75207, 56054, 59737, 79252, 96186, 60558, 8582, 3209, 7798, 18736, 20655, 95860, 60671, 36386, 88318, 80757, 49888, 58523, 36742, 48071, 76427, 91397, 47115, 74907, 19807, 19166, 48854, 4778, 9526, 30084, 70329, 29929, 24152, 98179, 6661, 59360, 47157, 52018, 24734, 716, 46264, 89982, 86072, 78100, 64619, 77321], ""<class 'abc.NT_0010'>"": [0, 0, 1, 53054], ""<class 'abc.NT_0010_P_00000'>"": [], ""<class 'abc.NT_0006'>"": [2, 2, 0, 1, 1302, 1892], ""<class 'abc.NT_0006_P_00000'>"": [], ""<class 'abc.NT_0006_P_00001'>"": [], ""<class 'abc.NT_0002'>"": [1, 1, 2, 1, 1, 1, 1, 0, 2, 1, 41818, 0, 2, 0, 1, 0, 2, 1, 53720, 1, 0, 0, 69722, 1, 8713, 0, 0, 2, 0, 0, 0, 2, 1, 64800, 99864], ""<class 'abc.NT_0002_P_00000'>"": [], ""<class 'abc.NT_0001'>"": [1, 1, 1, 0, 0, 0, 0, 1, 1, 1, 1, 0, 1, 16227, 1, 1, 1, 1, 0, 0, 10290, 0, 0, 0, 0, 0, 1, 40887, 0, 0, 0, 0, 0, 0, 0, 0, 0, 1, 0, 0, 0, 0, 76558, 0, 0, 0, 1, 0, 0, 26591, 1, 1, 1, 0, 1, 0, 0, 45290], ""<class 'abc.NT_0001_P_00000'>"": [], ""<class 'abc.NT_0001_P_00001'>"": [], ""<class 'abc.NT_0000'>"": [0, 1, 1, 94528, 1, 0, 1, 1, 31647, 1, 1, 80324, 0, 0, 75412, 1, 69944, 1, 0, 0, 0, 1, 0, 0, 0, 1, 1, 0, 1, 3483, 1, 0, 42401, 0, 0, 0, 0, 54668, 66557, 1, 0, 1, 1, 0, 0, 21028, 54540, 1, 5444, 3614, 1, 0, 0, 0, 0, 0, 71485, 1, 0, 0, 0, 0, 1, 20343], ""<class 'abc.NT_0000_P_00000'>"": [], ""<class 'abc.NT_0000_P_00001'>"": [], ""<class 'abc.NT_0002_P_00001'>"": [], ""<class 'abc.NT_0002_P_00002'>"": [], ""<class 'abc.NT_0006_P_00002'>"": [], ""<class 'abc.NT_0007'>"": [1, 0, 1, 2, 87885, 72251, 55074], ""<class 'abc.NT_0007_P_00000'>"": [], ""<class 'abc.NT_0007_P_00001'>"": [], ""<class 'abc.NT_0007_P_00002'>"": [], ""<class 'abc.NT_0004'>"": [1, 1, 77639, 2, 1, 2, 63194, 90154], ""<class 'abc.NT_0004_P_00000'>"": [], ""<class 'abc.NT_0003'>"": [10039, 1, 0, 1, 98974, 61725, 72592, 35725, 7660], ""<class 'abc.NT_0003_P_00000'>"": [], ""<class 'abc.NT_0003_P_00001'>"": [], ""<class 'abc.NT_0003_P_00002'>"": [], ""<class 'abc.NT_0003_P_00003'>"": [], ""<class 'abc.NT_0004_P_00001'>"": [], ""<class 'abc.NT_0004_P_00002'>"": [], ""<class 'abc.NT_0009'>"": [3, 0, 1, 1, 0, 45822], ""<class 'abc.NT_0009_P_00000'>"": [], ""<class 'abc.NT_0008'>"": [15828, 0, 83857, 0, 0, 0, 17129], ""<class 'abc.NT_0008_P_00000'>"": [], ""<class 'abc.NT_0009_P_00001'>"": [], ""<class 'abc.NT_0009_P_00002'>"": [], ""<class 'abc.NT_0009_P_00003'>"": [], ""<class 'abc.NT_0010_P_00001'>"": [], ""<class 'abc.NT_0010_P_00002'>"": [], ""<class 'abc.NT_0017_P_00001'>"": [], ""<class 'abc.NT_0012'>"": [0, 0, 27606, 0, 0, 65962], ""<class 'abc.NT_0012_P_00000'>"": [], ""<class 'abc.NT_0012_P_00001'>"": [], ""<class 'abc.NT_0017_P_00002'>"": [], ""<class 'abc.NT_0013'>"": [], ""<class 'abc.NT_0013_P_00000'>"": [], ""<class 'abc.NT_0011'>"": [0, 94522], ""<class 'abc.NT_0011_P_00000'>"": [], ""<class 'abc.NT_0011_P_00001'>"": [], ""<class 'abc.NT_0011_P_00002'>"": [], ""<class 'abc.NT_0013_P_00001'>"": [], ""<class 'abc.NT_0013_P_00002'>"": [], ""<class 'abc.NT_0017_P_00003'>"": [], ""<class 'abc.NT_0016'>"": [0, 20070], ""<class 'abc.NT_0016_P_00000'>"": [], ""<class 'abc.NT_0016_P_00001'>"": [], ""<class 'abc.NT_0016_P_00002'>"": [], '$leftovers': [13707, 7777, 43103, 79112, 41937, 82055, 41802, 80929, 37572, 24235, 1002, 66268, 87311, 99058, 42897, 54099, 4751, 39061, 38658, 18856, 32793, 32020, 84694, 43326, 66351, 11593, 16559, 82179, 29701, 14785, 63931, 19995, 86098, 88506, 88906, 98218, 57143, 64899, 75531, 17691, 63845, 68413, 76826, 30524, 48607, 6718, 24768, 14247, 23842, 98884, 92372, 55279, 40315, 43705, 6728, 53868, 34432, 73753, 89438, 79733, 83929, 38685, 35410, 5343, 16823, 35888, 70000, 12879, 27426, 44726, 95438, 53746, 11554, 35563, 36846, 46156, 65002, 72433, 85297, 12477, 3511, 72425, 53166, 5796, 30717, 45518, 76561, 21526, 65748, 18017, 64172, 9175, 16724, 51276, 1749, 5687, 47923, 68260, 48548, 94393, 55323, 76604, 84009, 54574, 8798, 35733, 67233, 4198, 56844, 12629, 29196, 81671, 71295, 84963, 73193, 37662, 77918, 40265, 71387, 2776, 72056, 79890, 24380, 6524, 11920, 82004, 80554, 7771, 51485, 29874, 64851, 32118, 68660, 22646, 40503, 29950, 45632, 59339, 63591, 66553, 79195, 90039, 8891, 94412, 82595, 43578, 41060, 60184, 28053, 84947, 77614, 38864, 91374, 58545, 50015, 19960, 7381, 78763, 85070, 21507, 19025, 51930, 32629, 45143, 39756, 26052, 37388, 90108, 9391, 53674, 16962, 24269, 95106, 99931, 56381, 37781, 12365, 84199, 30949, 74271, 916, 85830, 97679, 18102, 478, 75886, 30302, 21977, 90537, 30063, 19357, 81788, 35261, 14719, 66114, 20921, 20240, 5992, 58367, 9680, 68600, 85141, 46379, 54808, 83564, 47005, 66549, 22371, 91024, 89979, 20226, 63714, 58641, 45142, 46907, 57602, 15144, 97990, 7439, 11158, 59469, 11328, 80659, 5962, 25695, 77537, 11892, 91592, 56748, 38581, 37353, 71743, 70419, 27563, 8343, 51963, 16605, 94638, 42057, 61173, 28541, 41743, 60295, 49767, 73628, 41163, 91833, 78182, 82565, 25215, 96862, 76058, 44249, 82715, 20979, 71376, 27708, 78050, 40085, 30494, 46076, 48158, 98017, 59418, 77712, 4502, 58514, 86759, 30136, 53692, 84446, 34409, 6828, 35370, 50950, 51945, 59877, 55822, 81173, 57512, 24080, 92189, 34559, 32530, 48867, 64932, 44, 85888, 8300, 92843, 6844, 39222, 76898, 88754, 22876, 38074, 43299, 88699, 81654, 61902, 89999, 13497, 66668, 7338, 74096, 38397, 11013, 98336, 40480, 33892, 63626, 49088, 71312, 23172, 10803, 62392, 24917, 67254, 58009, 81336, 59457, 73844, 95696, 6506, 27308, 70695, 56701, 13067, 41613, 72662, 53528, 75491, 42519, 81780, 31754, 13856, 88917, 96452, 41223, 89774, 10407, 31336, 50783, 20291, 5997, 7069, 31395, 24625, 6189, 56620, 24762, 84988, 68874, 85812, 41091, 24302, 77112, 35149, 22780, 53184, 18627, 57549, 17465, 63612, 87939, 6980, 60883, 29814, 87238, 14952, 60779, 86760, 61062, 30267, 24445, 56989, 27229, 82900, 90023, 57786, 63779, 40235, 86679, 51776, 22058, 63483, 39593, 41554, 8133, 95503, 6716, 25867, 90267, 22987, 39665, 98545, 93605, 1747, 78248, 27473, 33109, 26918, 82634, 51318, 80099, 73743, 12182, 94300, 46775, 25047, 68889, 10070, 18361, 65084, 37080, 70960, 83222, 67058, 98067, 22471, 67691, 59607, 67337, 8930, 21238, 46639, 45431, 43153, 96128, 24156, 80501, 82080, 49059, 2091, 12212, 52072, 31681, 90064, 42922, 12694, 63500, 88958, 85424, 60965, 55836, 88426, 54941, 94663, 65220, 71036, 49752, 17451, 53699, 9314, 14619, 3290, 44849, 90564, 91441, 62905, 40530, 5641, 37318, 36823, 31308, 19382, 62343, 86280, 16633, 47566, 15336, 77921, 88788, 50425, 20260, 79556, 59009, 60227, 87434, 40228, 88797, 25912, 98562, 76789, 91824, 52309, 10258, 50738, 95463, 77205, 93493, 68362, 24106, 95689, 49524, 69579, 66348, 75971, 22529, 74132, 89303, 37488, 5127, 63655, 17283, 25796, 52901, 73353, 59242, 58591, 76499, 46764, 96815, 56675, 19904, 86086, 9538, 16381, 25966, 48189, 47295, 50918, 3257, 56486, 10672, 45517, 6977, 66557, 24565, 14166, 47870, 73695, 59021, 61532, 83752, 51246, 6816, 65190, 71364, 98756, 25731, 84141, 78432, 21130, 69362, 52504, 59655, 73856, 97330, 50721, 19705, 54620, 16926, 96429, 24048, 73377, 67355, 15053, 17980, 70735, 35236, 75523, 91241, 23447, 72477, 51156, 95259, 88333, 29494, 67321, 52714, 62917, 99842, 65229, 6617, 44275, 88720, 37853, 8770, 63811, 7507, 89636, 17817, 1558, 85068, 79776, 73733, 11481, 89926, 56682, 49746, 9429, 50818, 45883, 58652, 12423, 26431, 60221, 95661, 73944, 68283, 51044, 69558, 68608, 65135, 29404, 17239, 5514, 47278, 63393, 94877, 23491, 47292, 6877, 19032, 65956, 9732, 97912, 1976, 37613, 34466, 61934, 57269, 53618, 5940, 93510, 52374, 85684, 22266, 86296, 60665, 10810, 9462, 494, 58482, 75247, 71566, 31620, 58819, 97731, 83116, 7767, 83623, 12444, 57312, 49834, 46402, 98377, 30435, 36116, 16443, 25589, 45312, 64514, 37426, 76200, 11178, 7488, 18610, 92099, 97566, 6854, 33656, 17686, 10866, 73697, 81050, 12312, 6505, 95303, 61521, 72092, 94259, 32683, 45746, 77187, 88803, 39457, 40047, 95729, 22380, 62708, 14355, 83408, 29714, 50213, 24600, 63055, 94787, 52488, 53820, 72502, 35142, 82539, 36201, 83535, 70150, 4544, 53013, 91532, 98794, 75749, 37723, 24569, 90322, 279, 84293, 85419, 53204, 7321, 22724, 95538, 85836, 2877, 93721, 73981, 40836, 90505, 94370, 88415, 37372, 69317, 25860, 4116, 35759, 84385, 33447, 84816, 12456, 31068, 57878, 18743, 27118, 55146, 45045, 76854, 36409, 49423, 25447, 28432, 61176, 34319, 67878, 7127, 41048, 27399, 57337, 84290, 2409, 69039, 23729, 7494, 36747, 48478, 38848, 42755, 293, 91046, 40498, 48156, 87860, 19957, 4960, 74844, 19836, 92291, 57801, 90081, 88664, 17768, 78881, 47919, 71822, 34413, 1930, 46778, 88873, 89253, 43012, 48581, 9353, 85645, 13891, 48249, 50115, 66199, 3386, 20854, 99932, 28051, 71692, 93909, 74084, 74671, 89896, 50523, 88742, 12398, 72247, 55742, 51721, 34827, 36846, 62982, 39419, 78439, 9343, 48468, 84544, 39864, 76167, 43812, 71247, 20757, 1762, 41180, 27413, 60564, 22669, 82173, 16704, 46485, 72310, 26823, 41298, 58642, 32787, 90874, 58140, 56784, 29999, 8759, 96835, 78050, 41544, 1255, 17455, 33878, 64547, 58966, 82332, 5215, 48306, 8922, 24655, 4697, 70882, 84900, 82562, 62735, 34434, 73303, 61588, 35094, 68503, 41162, 54916, 58190, 12626, 60530, 22534, 77445, 84110, 41705, 60129, 60275, 26541, 44213, 1777, 13370, 3088, 42025, 39125, 6806, 57675, 48434, 98242, 36838, 43086, 11553, 17088, 22108, 72325, 25128, 87991, 65587, 14862, 36451, 44287, 9734, 15759, 72468, 61485, 14174, 26892, 64268, 19975, 5444, 33247, 50382, 76845, 87224, 36256, 66890, 95968, 72639, 77038, 43204, 39754, 36312, 74369, 96758, 27679, 249, 98284, 44817, 61235, 55085, 9992, 27298, 25783, 69424, 39622, 26481, 58524, 35109, 38014, 50849, 43262, 70599, 1236, 29822, 19493, 40976, 26562, 7919, 16019, 11304, 44960, 68766, 47516, 55933, 93459, 51964, 80457, 87397, 77661, 10867, 13339, 38927, 67085, 83000, 91594, 70221, 32812, 41638, 39247, 63161, 56481, 85947, 619, 54521, 29223, 59027, 34890, 77305, 79995, 54866, 56578, 59831, 16991, 48800, 12168, 58544, 42596, 87951, 65721, 11198, 23052, 15984, 12347, 45822, 1513, 17129, 34479, 87885, 87506, 81928, 20343, 45290, 20189, 98974, 29926, 61725, 72592, 35725, 72251, 55074, 7660, 24694]})"
562.0,9,164,79,55.58919072151184,10696,"Genotype(dna={""<class 'abc.NT_0017'>"": [1, 23052], ""<class 'abc.NT_0017_P_00000'>"": [], ""<class 'abc.NT_0005'>"": [0, 0, 35544, 1, 0, 1, 0, 1, 1, 1513], ""<class 'abc.NT_0005_P_00000'>"": [], ""<class 'abc.NT_0005_P_00001'>"": [], ""<class 'bool'>"": [50833, 28611, 95173, 92596, 84996, 15299, 84608, 73218, 73704, 53577, 54127, 73580, 61648, 63455, 34182, 28379, 9832, 69766, 27025, 9321, 39372, 40559, 45589, 21512, 9991, 31131, 22379, 82972, 66879, 7070, 87492, 33083, 92916, 1233, 89415, 28350, 54741, 51276, 16414, 74832, 4355, 87209, 57305, 93042, 23231, 67903, 93745, 31960, 29422, 28659, 99170, 40455, 13273, 92051, 14178, 78998, 45259, 78698, 95977, 93014, 83753, 21951, 16043, 13772, 66730, 10736, 57934, 29081, 62948, 99869, 41968, 82469, 93064, 59471, 51253, 67704, 97811, 82022, 87389, 59617, 67283, 63422, 70186, 58801, 23472, 68171, 46787, 87700, 86179, 38104, 2384, 90063, 6576, 80132, 98840, 65605, 74894, 53809, 99733, 89043, 84198, 62780, 94716, 23035, 32450, 31489, 41399, 87765, 69122, 99723, 54018, 92501, 39572, 89999, 58379, 67238, 50112, 90146, 55533, 46837, 57815, 68681, 79206, 32534, 3130, 58659, 69605, 82887, 74526, 5911, 58400, 62789, 48677, 31474, 44702, 39368, 40140, 19876, 33772, 86631, 58194, 70508], ""<class 'int'>"": [88091, 54758, 80960, 4147, 58985, 98835, 33177, 12380, 43928, 18156, 46293, 82997, 26546, 21931, 20632, 91665, 69275, 46303, 61738, 80613, 63967, 92163, 79154, 79668, 18313, 6071, 50712, 91463, 54716, 33220, 52575, 78591, 28324, 24851, 385, 86434, 6594, 95864, 4088, 31907, 5028, 70908, 60125, 88976, 64506, 45119, 63026, 18677, 76141, 62129, 40973, 74468, 90479, 50241, 61828, 14495, 64587, 47259, 69389, 59226, 21182, 99643, 3451, 67066, 55205, 22485, 89443, 19030, 10288, 23574, 78426, 55280, 17305, 68878, 94325, 9074, 35370, 56456, 95300, 73961, 59051, 835, 21640, 2744, 30054, 96306, 55542, 57066, 65643, 97962, 97088, 62680, 24967, 56005, 85155, 81002, 48234, 28842, 92105, 38714, 65511, 82476, 73240, 25988, 68682, 4749, 1059, 85277, 54664, 55169, 72830, 29209, 32377, 56597, 43815, 46740, 16019, 36704, 91606, 3697, 42934, 87720, 75207, 56054, 59737, 79252, 96186, 60558, 8582, 3209, 7798, 18736, 20655, 95860, 60671, 36386, 88318, 80757, 49888, 58523, 36742, 48071, 76427, 91397, 47115, 74907, 19807, 19166, 48854, 4778, 9526, 30084, 70329, 29929, 24152, 98179, 6661, 59360, 47157, 52018, 24734, 716, 46264, 89982, 86072, 78100, 64619, 77321], ""<class 'abc.NT_0010'>"": [0, 0, 1, 53054], ""<class 'abc.NT_0010_P_00000'>"": [], ""<class 'abc.NT_0006'>"": [2, 2, 0, 1, 1302, 1892], ""<class 'abc.NT_0006_P_00000'>"": [], ""<class 'abc.NT_0006_P_00001'>"": [], ""<class 'abc.NT_0002'>"": [1, 1, 2, 1, 1, 1, 1, 0, 2, 1, 41818, 0, 2, 0, 1, 0, 2, 1, 53720, 1, 0, 0, 69722, 1, 8713, 0, 0, 2, 0, 0, 0, 2, 1, 64800, 99864], ""<class 'abc.NT_0002_P_00000'>"": [], ""<class 'abc.NT_0001'>"": [1, 1, 1, 0, 0, 0, 0, 1, 1, 1, 1, 0, 1, 16227, 1, 1, 1, 1, 0, 0, 10290, 0, 0, 0, 0, 0, 1, 40887, 0, 0, 0, 0, 0, 0, 0, 0, 0, 1, 0, 0, 0, 0, 76558, 0, 0, 0, 1, 0, 0, 26591, 1, 1, 1, 0, 1, 0, 0, 45290], ""<class 'abc.NT_0001_P_00000'>"": [], ""<class 'abc.NT_0001_P_00001'>"": [], ""<class 'abc.NT_0000'>"": [0, 1, 1, 94528, 1, 0, 1, 1, 31647, 1, 1, 80324, 0, 0, 75412, 1, 69944, 1, 0, 0, 0, 1, 0, 0, 0, 1, 1, 0, 1, 3483, 1, 0, 42401, 0, 0, 0, 0, 54668, 66557, 1, 0, 1, 1, 0, 0, 21028, 54540, 1, 5444, 3614, 1, 0, 0, 0, 0, 0, 71485, 1, 0, 0, 0, 0, 1, 20343], ""<class 'abc.NT_0000_P_00000'>"": [], ""<class 'abc.NT_0000_P_00001'>"": [], ""<class 'abc.NT_0002_P_00001'>"": [], ""<class 'abc.NT_0002_P_00002'>"": [], ""<class 'abc.NT_0006_P_00002'>"": [], ""<class 'abc.NT_0007'>"": [1, 0, 1, 2, 87885, 72251, 55074], ""<class 'abc.NT_0007_P_00000'>"": [], ""<class 'abc.NT_0007_P_00001'>"": [], ""<class 'abc.NT_0007_P_00002'>"": [], ""<class 'abc.NT_0004'>"": [1, 1, 77639, 2, 1, 2, 63194, 90154], ""<class 'abc.NT_0004_P_00000'>"": [], ""<class 'abc.NT_0003'>"": [10039, 1, 0, 1, 98974, 61725, 72592, 35725, 7660], ""<class 'abc.NT_0003_P_00000'>"": [], ""<class 'abc.NT_0003_P_00001'>"": [], ""<class 'abc.NT_0003_P_00002'>"": [], ""<class 'abc.NT_0003_P_00003'>"": [], ""<class 'abc.NT_0004_P_00001'>"": [], ""<class 'abc.NT_0004_P_00002'>"": [], ""<class 'abc.NT_0009'>"": [3, 0, 1, 1, 0, 45822], ""<class 'abc.NT_0009_P_00000'>"": [], ""<class 'abc.NT_0008'>"": [15828, 0, 83857, 0, 0, 0, 17129], ""<class 'abc.NT_0008_P_00000'>"": [], ""<class 'abc.NT_0009_P_00001'>"": [], ""<class 'abc.NT_0009_P_00002'>"": [], ""<class 'abc.NT_0009_P_00003'>"": [], ""<class 'abc.NT_0010_P_00001'>"": [], ""<class 'abc.NT_0010_P_00002'>"": [], ""<class 'abc.NT_0017_P_00001'>"": [], ""<class 'abc.NT_0012'>"": [0, 0, 27606, 0, 0, 65962], ""<class 'abc.NT_0012_P_00000'>"": [], ""<class 'abc.NT_0012_P_00001'>"": [], ""<class 'abc.NT_0017_P_00002'>"": [], ""<class 'abc.NT_0013'>"": [], ""<class 'abc.NT_0013_P_00000'>"": [], ""<class 'abc.NT_0011'>"": [0, 94522], ""<class 'abc.NT_0011_P_00000'>"": [], ""<class 'abc.NT_0011_P_00001'>"": [], ""<class 'abc.NT_0011_P_00002'>"": [], ""<class 'abc.NT_0013_P_00001'>"": [], ""<class 'abc.NT_0013_P_00002'>"": [], ""<class 'abc.NT_0017_P_00003'>"": [], ""<class 'abc.NT_0016'>"": [0, 20070], ""<class 'abc.NT_0016_P_00000'>"": [], ""<class 'abc.NT_0016_P_00001'>"": [], ""<class 'abc.NT_0016_P_00002'>"": [], '$leftovers': [13707, 7777, 43103, 79112, 41937, 82055, 41802, 80929, 37572, 24235, 1002, 66268, 87311, 99058, 42897, 54099, 4751, 39061, 38658, 18856, 32793, 32020, 84694, 43326, 66351, 11593, 16559, 82179, 29701, 14785, 63931, 19995, 86098, 88506, 88906, 98218, 57143, 64899, 75531, 17691, 63845, 68413, 76826, 30524, 48607, 6718, 24768, 14247, 23842, 98884, 92372, 55279, 40315, 43705, 6728, 53868, 34432, 73753, 89438, 79733, 83929, 38685, 35410, 5343, 16823, 35888, 70000, 12879, 27426, 44726, 95438, 53746, 11554, 35563, 36846, 46156, 65002, 72433, 85297, 12477, 3511, 72425, 53166, 5796, 30717, 45518, 76561, 21526, 65748, 18017, 64172, 9175, 16724, 51276, 1749, 5687, 47923, 68260, 48548, 94393, 55323, 76604, 84009, 54574, 8798, 35733, 67233, 4198, 56844, 12629, 29196, 81671, 71295, 84963, 73193, 37662, 77918, 40265, 71387, 2776, 72056, 79890, 24380, 6524, 11920, 82004, 80554, 7771, 51485, 29874, 64851, 32118, 68660, 22646, 40503, 29950, 45632, 59339, 63591, 66553, 79195, 90039, 8891, 94412, 82595, 43578, 41060, 60184, 28053, 84947, 77614, 38864, 91374, 58545, 50015, 19960, 7381, 78763, 85070, 21507, 19025, 51930, 32629, 45143, 39756, 26052, 37388, 90108, 9391, 53674, 16962, 24269, 95106, 99931, 56381, 37781, 12365, 84199, 30949, 74271, 916, 85830, 97679, 18102, 478, 75886, 30302, 21977, 90537, 30063, 19357, 81788, 35261, 14719, 66114, 20921, 20240, 5992, 58367, 9680, 68600, 85141, 46379, 54808, 83564, 47005, 66549, 22371, 91024, 89979, 20226, 63714, 58641, 45142, 46907, 57602, 15144, 97990, 7439, 11158, 59469, 11328, 80659, 5962, 25695, 77537, 11892, 91592, 56748, 38581, 37353, 71743, 70419, 27563, 8343, 51963, 16605, 94638, 42057, 61173, 28541, 41743, 60295, 49767, 73628, 41163, 91833, 78182, 82565, 25215, 96862, 76058, 44249, 82715, 20979, 71376, 27708, 78050, 40085, 30494, 46076, 48158, 98017, 59418, 77712, 4502, 58514, 86759, 30136, 53692, 84446, 34409, 6828, 35370, 50950, 51945, 59877, 55822, 81173, 57512, 24080, 92189, 34559, 32530, 48867, 64932, 44, 85888, 8300, 92843, 6844, 39222, 76898, 88754, 22876, 38074, 43299, 88699, 81654, 61902, 89999, 13497, 66668, 7338, 74096, 38397, 11013, 98336, 40480, 33892, 63626, 49088, 71312, 23172, 10803, 62392, 24917, 67254, 58009, 81336, 59457, 73844, 95696, 6506, 27308, 70695, 56701, 13067, 41613, 72662, 53528, 75491, 42519, 81780, 31754, 13856, 88917, 96452, 41223, 89774, 10407, 31336, 50783, 20291, 5997, 7069, 31395, 24625, 6189, 56620, 24762, 84988, 68874, 85812, 41091, 24302, 77112, 35149, 22780, 53184, 18627, 57549, 17465, 63612, 87939, 6980, 60883, 29814, 87238, 14952, 60779, 86760, 61062, 30267, 24445, 56989, 27229, 82900, 90023, 57786, 63779, 40235, 86679, 51776, 22058, 63483, 39593, 41554, 8133, 95503, 6716, 25867, 90267, 22987, 39665, 98545, 93605, 1747, 78248, 27473, 33109, 26918, 82634, 51318, 80099, 73743, 12182, 94300, 46775, 25047, 68889, 10070, 18361, 65084, 37080, 70960, 83222, 67058, 98067, 22471, 67691, 59607, 67337, 8930, 21238, 46639, 45431, 43153, 96128, 24156, 80501, 82080, 49059, 2091, 12212, 52072, 31681, 90064, 42922, 12694, 63500, 88958, 85424, 60965, 55836, 88426, 54941, 94663, 65220, 71036, 49752, 17451, 53699, 9314, 14619, 3290, 44849, 90564, 91441, 62905, 40530, 5641, 37318, 36823, 31308, 19382, 62343, 86280, 16633, 47566, 15336, 77921, 88788, 50425, 20260, 79556, 59009, 60227, 87434, 40228, 88797, 25912, 98562, 76789, 91824, 52309, 10258, 50738, 95463, 77205, 93493, 68362, 24106, 95689, 49524, 69579, 66348, 75971, 22529, 74132, 89303, 37488, 5127, 63655, 17283, 25796, 52901, 73353, 59242, 58591, 76499, 46764, 96815, 56675, 19904, 86086, 9538, 16381, 25966, 48189, 47295, 50918, 3257, 56486, 10672, 45517, 6977, 66557, 24565, 14166, 47870, 73695, 59021, 61532, 83752, 51246, 6816, 65190, 71364, 98756, 25731, 84141, 78432, 21130, 69362, 52504, 59655, 73856, 97330, 50721, 19705, 54620, 16926, 96429, 24048, 73377, 67355, 15053, 17980, 70735, 35236, 75523, 91241, 23447, 72477, 51156, 95259, 88333, 29494, 67321, 52714, 62917, 99842, 65229, 6617, 44275, 88720, 37853, 8770, 63811, 7507, 89636, 17817, 1558, 85068, 79776, 73733, 11481, 89926, 56682, 49746, 9429, 50818, 45883, 58652, 12423, 26431, 60221, 95661, 73944, 68283, 51044, 69558, 68608, 65135, 29404, 17239, 5514, 47278, 63393, 94877, 23491, 47292, 6877, 19032, 65956, 9732, 97912, 1976, 37613, 34466, 61934, 57269, 53618, 5940, 93510, 52374, 85684, 22266, 86296, 60665, 10810, 9462, 494, 58482, 75247, 71566, 31620, 58819, 97731, 83116, 7767, 83623, 12444, 57312, 49834, 46402, 98377, 30435, 36116, 16443, 25589, 45312, 64514, 37426, 76200, 11178, 7488, 18610, 92099, 97566, 6854, 33656, 17686, 10866, 73697, 81050, 12312, 6505, 95303, 61521, 72092, 94259, 32683, 45746, 77187, 88803, 39457, 40047, 95729, 22380, 62708, 14355, 83408, 29714, 50213, 24600, 63055, 94787, 52488, 53820, 72502, 35142, 82539, 36201, 83535, 70150, 4544, 53013, 91532, 98794, 75749, 37723, 24569, 90322, 279, 84293, 85419, 53204, 7321, 22724, 95538, 85836, 2877, 93721, 73981, 40836, 90505, 94370, 88415, 37372, 69317, 25860, 4116, 35759, 84385, 33447, 84816, 12456, 31068, 57878, 18743, 27118, 55146, 45045, 76854, 36409, 49423, 25447, 28432, 61176, 34319, 67878, 7127, 41048, 27399, 57337, 84290, 2409, 69039, 23729, 7494, 36747, 48478, 38848, 42755, 293, 91046, 40498, 48156, 87860, 19957, 4960, 74844, 19836, 92291, 57801, 90081, 88664, 17768, 78881, 47919, 71822, 34413, 1930, 46778, 88873, 89253, 43012, 48581, 9353, 85645, 13891, 48249, 50115, 66199, 3386, 20854, 99932, 28051, 71692, 93909, 74084, 74671, 89896, 50523, 88742, 12398, 72247, 55742, 51721, 34827, 36846, 62982, 39419, 78439, 9343, 48468, 84544, 39864, 76167, 43812, 71247, 20757, 1762, 41180, 27413, 60564, 22669, 82173, 16704, 46485, 72310, 26823, 41298, 58642, 32787, 90874, 58140, 56784, 29999, 8759, 96835, 78050, 41544, 1255, 17455, 33878, 64547, 58966, 82332, 5215, 48306, 8922, 24655, 4697, 70882, 84900, 82562, 62735, 34434, 73303, 61588, 35094, 68503, 41162, 54916, 58190, 12626, 60530, 22534, 77445, 84110, 41705, 60129, 60275, 26541, 44213, 1777, 13370, 3088, 42025, 39125, 6806, 57675, 48434, 98242, 36838, 43086, 11553, 17088, 22108, 72325, 25128, 87991, 65587, 14862, 36451, 44287, 9734, 15759, 72468, 61485, 14174, 26892, 64268, 19975, 5444, 33247, 50382, 76845, 87224, 36256, 66890, 95968, 72639, 77038, 43204, 39754, 36312, 74369, 96758, 27679, 249, 98284, 44817, 61235, 55085, 9992, 27298, 25783, 69424, 39622, 26481, 58524, 35109, 38014, 50849, 43262, 70599, 1236, 29822, 19493, 40976, 26562, 7919, 16019, 11304, 44960, 68766, 47516, 55933, 93459, 51964, 80457, 87397, 77661, 10867, 13339, 38927, 67085, 83000, 91594, 70221, 32812, 41638, 39247, 63161, 56481, 85947, 619, 54521, 29223, 59027, 34890, 77305, 79995, 54866, 56578, 59831, 16991, 48800, 12168, 58544, 42596, 87951, 65721, 11198, 23052, 15984, 12347, 45822, 1513, 17129, 34479, 87885, 87506, 81928, 20343, 45290, 20189, 98974, 29926, 61725, 72592, 35725, 72251, 55074, 7660, 24694]})"
562.0,9,164,80,55.86526322364807,10696,"Genotype(dna={""<class 'abc.NT_0017'>"": [1, 23052], ""<class 'abc.NT_0017_P_00000'>"": [], ""<class 'abc.NT_0005'>"": [0, 0, 35544, 1, 0, 1, 0, 1, 1, 1513], ""<class 'abc.NT_0005_P_00000'>"": [], ""<class 'abc.NT_0005_P_00001'>"": [], ""<class 'bool'>"": [50833, 28611, 95173, 92596, 84996, 15299, 84608, 73218, 73704, 53577, 54127, 73580, 61648, 63455, 34182, 28379, 9832, 69766, 27025, 9321, 39372, 40559, 45589, 21512, 9991, 31131, 22379, 82972, 66879, 7070, 87492, 33083, 92916, 1233, 89415, 28350, 54741, 51276, 16414, 74832, 4355, 87209, 57305, 93042, 23231, 67903, 93745, 31960, 29422, 28659, 99170, 40455, 13273, 92051, 14178, 78998, 45259, 78698, 95977, 93014, 83753, 21951, 16043, 13772, 66730, 10736, 57934, 29081, 62948, 99869, 41968, 82469, 93064, 59471, 51253, 67704, 97811, 82022, 87389, 59617, 67283, 63422, 70186, 58801, 23472, 68171, 46787, 87700, 86179, 38104, 2384, 90063, 6576, 80132, 98840, 65605, 74894, 53809, 99733, 89043, 84198, 62780, 94716, 23035, 32450, 31489, 41399, 87765, 69122, 99723, 54018, 92501, 39572, 89999, 58379, 67238, 50112, 90146, 55533, 46837, 57815, 68681, 79206, 32534, 3130, 58659, 69605, 82887, 74526, 5911, 58400, 62789, 48677, 31474, 44702, 39368, 40140, 19876, 33772, 86631, 58194, 70508], ""<class 'int'>"": [88091, 54758, 80960, 4147, 58985, 98835, 33177, 12380, 43928, 18156, 46293, 82997, 26546, 21931, 20632, 91665, 69275, 46303, 61738, 80613, 63967, 92163, 79154, 79668, 18313, 6071, 50712, 91463, 54716, 33220, 52575, 78591, 28324, 24851, 385, 86434, 6594, 95864, 4088, 31907, 5028, 70908, 60125, 88976, 64506, 45119, 63026, 18677, 76141, 62129, 40973, 74468, 90479, 50241, 61828, 14495, 64587, 47259, 69389, 59226, 21182, 99643, 3451, 67066, 55205, 22485, 89443, 19030, 10288, 23574, 78426, 55280, 17305, 68878, 94325, 9074, 35370, 56456, 95300, 73961, 59051, 835, 21640, 2744, 30054, 96306, 55542, 57066, 65643, 97962, 97088, 62680, 24967, 56005, 85155, 81002, 48234, 28842, 92105, 38714, 65511, 82476, 73240, 25988, 68682, 4749, 1059, 85277, 54664, 55169, 72830, 29209, 32377, 56597, 43815, 46740, 16019, 36704, 91606, 3697, 42934, 87720, 75207, 56054, 59737, 79252, 96186, 60558, 8582, 3209, 7798, 18736, 20655, 95860, 60671, 36386, 88318, 80757, 49888, 58523, 36742, 48071, 76427, 91397, 47115, 74907, 19807, 19166, 48854, 4778, 9526, 30084, 70329, 29929, 24152, 98179, 6661, 59360, 47157, 52018, 24734, 716, 46264, 89982, 86072, 78100, 64619, 77321], ""<class 'abc.NT_0010'>"": [0, 0, 1, 53054], ""<class 'abc.NT_0010_P_00000'>"": [], ""<class 'abc.NT_0006'>"": [2, 2, 0, 1, 1302, 1892], ""<class 'abc.NT_0006_P_00000'>"": [], ""<class 'abc.NT_0006_P_00001'>"": [], ""<class 'abc.NT_0002'>"": [1, 1, 2, 1, 1, 1, 1, 0, 2, 1, 41818, 0, 2, 0, 1, 0, 2, 1, 53720, 1, 0, 0, 69722, 1, 8713, 0, 0, 2, 0, 0, 0, 2, 1, 64800, 99864], ""<class 'abc.NT_0002_P_00000'>"": [], ""<class 'abc.NT_0001'>"": [1, 1, 1, 0, 0, 0, 0, 1, 1, 1, 1, 0, 1, 16227, 1, 1, 1, 1, 0, 0, 10290, 0, 0, 0, 0, 0, 1, 40887, 0, 0, 0, 0, 0, 0, 0, 0, 0, 1, 0, 0, 0, 0, 76558, 0, 0, 0, 1, 0, 0, 26591, 1, 1, 1, 0, 1, 0, 0, 45290], ""<class 'abc.NT_0001_P_00000'>"": [], ""<class 'abc.NT_0001_P_00001'>"": [], ""<class 'abc.NT_0000'>"": [0, 1, 1, 94528, 1, 0, 1, 1, 31647, 1, 1, 80324, 0, 0, 75412, 1, 69944, 1, 0, 0, 0, 1, 0, 0, 0, 1, 1, 0, 1, 3483, 1, 0, 42401, 0, 0, 0, 0, 54668, 66557, 1, 0, 1, 1, 0, 0, 21028, 54540, 1, 5444, 3614, 1, 0, 0, 0, 0, 0, 71485, 1, 0, 0, 0, 0, 1, 20343], ""<class 'abc.NT_0000_P_00000'>"": [], ""<class 'abc.NT_0000_P_00001'>"": [], ""<class 'abc.NT_0002_P_00001'>"": [], ""<class 'abc.NT_0002_P_00002'>"": [], ""<class 'abc.NT_0006_P_00002'>"": [], ""<class 'abc.NT_0007'>"": [1, 0, 1, 2, 87885, 72251, 55074], ""<class 'abc.NT_0007_P_00000'>"": [], ""<class 'abc.NT_0007_P_00001'>"": [], ""<class 'abc.NT_0007_P_00002'>"": [], ""<class 'abc.NT_0004'>"": [1, 1, 77639, 2, 1, 2, 63194, 90154], ""<class 'abc.NT_0004_P_00000'>"": [], ""<class 'abc.NT_0003'>"": [10039, 1, 0, 1, 98974, 61725, 72592, 35725, 7660], ""<class 'abc.NT_0003_P_00000'>"": [], ""<class 'abc.NT_0003_P_00001'>"": [], ""<class 'abc.NT_0003_P_00002'>"": [], ""<class 'abc.NT_0003_P_00003'>"": [], ""<class 'abc.NT_0004_P_00001'>"": [], ""<class 'abc.NT_0004_P_00002'>"": [], ""<class 'abc.NT_0009'>"": [3, 0, 1, 1, 0, 45822], ""<class 'abc.NT_0009_P_00000'>"": [], ""<class 'abc.NT_0008'>"": [15828, 0, 83857, 0, 0, 0, 17129], ""<class 'abc.NT_0008_P_00000'>"": [], ""<class 'abc.NT_0009_P_00001'>"": [], ""<class 'abc.NT_0009_P_00002'>"": [], ""<class 'abc.NT_0009_P_00003'>"": [], ""<class 'abc.NT_0010_P_00001'>"": [], ""<class 'abc.NT_0010_P_00002'>"": [], ""<class 'abc.NT_0017_P_00001'>"": [], ""<class 'abc.NT_0012'>"": [0, 0, 27606, 0, 0, 65962], ""<class 'abc.NT_0012_P_00000'>"": [], ""<class 'abc.NT_0012_P_00001'>"": [], ""<class 'abc.NT_0017_P_00002'>"": [], ""<class 'abc.NT_0013'>"": [], ""<class 'abc.NT_0013_P_00000'>"": [], ""<class 'abc.NT_0011'>"": [0, 94522], ""<class 'abc.NT_0011_P_00000'>"": [], ""<class 'abc.NT_0011_P_00001'>"": [], ""<class 'abc.NT_0011_P_00002'>"": [], ""<class 'abc.NT_0013_P_00001'>"": [], ""<class 'abc.NT_0013_P_00002'>"": [], ""<class 'abc.NT_0017_P_00003'>"": [], ""<class 'abc.NT_0016'>"": [0, 20070], ""<class 'abc.NT_0016_P_00000'>"": [], ""<class 'abc.NT_0016_P_00001'>"": [], ""<class 'abc.NT_0016_P_00002'>"": [], '$leftovers': [13707, 7777, 43103, 79112, 41937, 82055, 41802, 80929, 37572, 24235, 1002, 66268, 87311, 99058, 42897, 54099, 4751, 39061, 38658, 18856, 32793, 32020, 84694, 43326, 66351, 11593, 16559, 82179, 29701, 14785, 63931, 19995, 86098, 88506, 88906, 98218, 57143, 64899, 75531, 17691, 63845, 68413, 76826, 30524, 48607, 6718, 24768, 14247, 23842, 98884, 92372, 55279, 40315, 43705, 6728, 53868, 34432, 73753, 89438, 79733, 83929, 38685, 35410, 5343, 16823, 35888, 70000, 12879, 27426, 44726, 95438, 53746, 11554, 35563, 36846, 46156, 65002, 72433, 85297, 12477, 3511, 72425, 53166, 5796, 30717, 45518, 76561, 21526, 65748, 18017, 64172, 9175, 16724, 51276, 1749, 5687, 47923, 68260, 48548, 94393, 55323, 76604, 84009, 54574, 8798, 35733, 67233, 4198, 56844, 12629, 29196, 81671, 71295, 84963, 73193, 37662, 77918, 40265, 71387, 2776, 72056, 79890, 24380, 6524, 11920, 82004, 80554, 7771, 51485, 29874, 64851, 32118, 68660, 22646, 40503, 29950, 45632, 59339, 63591, 66553, 79195, 90039, 8891, 94412, 82595, 43578, 41060, 60184, 28053, 84947, 77614, 38864, 91374, 58545, 50015, 19960, 7381, 78763, 85070, 21507, 19025, 51930, 32629, 45143, 39756, 26052, 37388, 90108, 9391, 53674, 16962, 24269, 95106, 99931, 56381, 37781, 12365, 84199, 30949, 74271, 916, 85830, 97679, 18102, 478, 75886, 30302, 21977, 90537, 30063, 19357, 81788, 35261, 14719, 66114, 20921, 20240, 5992, 58367, 9680, 68600, 85141, 46379, 54808, 83564, 47005, 66549, 22371, 91024, 89979, 20226, 63714, 58641, 45142, 46907, 57602, 15144, 97990, 7439, 11158, 59469, 11328, 80659, 5962, 25695, 77537, 11892, 91592, 56748, 38581, 37353, 71743, 70419, 27563, 8343, 51963, 16605, 94638, 42057, 61173, 28541, 41743, 60295, 49767, 73628, 41163, 91833, 78182, 82565, 25215, 96862, 76058, 44249, 82715, 20979, 71376, 27708, 78050, 40085, 30494, 46076, 48158, 98017, 59418, 77712, 4502, 58514, 86759, 30136, 53692, 84446, 34409, 6828, 35370, 50950, 51945, 59877, 55822, 81173, 57512, 24080, 92189, 34559, 32530, 48867, 64932, 44, 85888, 8300, 92843, 6844, 39222, 76898, 88754, 22876, 38074, 43299, 88699, 81654, 61902, 89999, 13497, 66668, 7338, 74096, 38397, 11013, 98336, 40480, 33892, 63626, 49088, 71312, 23172, 10803, 62392, 24917, 67254, 58009, 81336, 59457, 73844, 95696, 6506, 27308, 70695, 56701, 13067, 41613, 72662, 53528, 75491, 42519, 81780, 31754, 13856, 88917, 96452, 41223, 89774, 10407, 31336, 50783, 20291, 5997, 7069, 31395, 24625, 6189, 56620, 24762, 84988, 68874, 85812, 41091, 24302, 77112, 35149, 22780, 53184, 18627, 57549, 17465, 63612, 87939, 6980, 60883, 29814, 87238, 14952, 60779, 86760, 61062, 30267, 24445, 56989, 27229, 82900, 90023, 57786, 63779, 40235, 86679, 51776, 22058, 63483, 39593, 41554, 8133, 95503, 6716, 25867, 90267, 22987, 39665, 98545, 93605, 1747, 78248, 27473, 33109, 26918, 82634, 51318, 80099, 73743, 12182, 94300, 46775, 25047, 68889, 10070, 18361, 65084, 37080, 70960, 83222, 67058, 98067, 22471, 67691, 59607, 67337, 8930, 21238, 46639, 45431, 43153, 96128, 24156, 80501, 82080, 49059, 2091, 12212, 52072, 31681, 90064, 42922, 12694, 63500, 88958, 85424, 60965, 55836, 88426, 54941, 94663, 65220, 71036, 49752, 17451, 53699, 9314, 14619, 3290, 44849, 90564, 91441, 62905, 40530, 5641, 37318, 36823, 31308, 19382, 62343, 86280, 16633, 47566, 15336, 77921, 88788, 50425, 20260, 79556, 59009, 60227, 87434, 40228, 88797, 25912, 98562, 76789, 91824, 52309, 10258, 50738, 95463, 77205, 93493, 68362, 24106, 95689, 49524, 69579, 66348, 75971, 22529, 74132, 89303, 37488, 5127, 63655, 17283, 25796, 52901, 73353, 59242, 58591, 76499, 46764, 96815, 56675, 19904, 86086, 9538, 16381, 25966, 48189, 47295, 50918, 3257, 56486, 10672, 45517, 6977, 66557, 24565, 14166, 47870, 73695, 59021, 61532, 83752, 51246, 6816, 65190, 71364, 98756, 25731, 84141, 78432, 21130, 69362, 52504, 59655, 73856, 97330, 50721, 19705, 54620, 16926, 96429, 24048, 73377, 67355, 15053, 17980, 70735, 35236, 75523, 91241, 23447, 72477, 51156, 95259, 88333, 29494, 67321, 52714, 62917, 99842, 65229, 6617, 44275, 88720, 37853, 8770, 63811, 7507, 89636, 17817, 1558, 85068, 79776, 73733, 11481, 89926, 56682, 49746, 9429, 50818, 45883, 58652, 12423, 26431, 60221, 95661, 73944, 68283, 51044, 69558, 68608, 65135, 29404, 17239, 5514, 47278, 63393, 94877, 23491, 47292, 6877, 19032, 65956, 9732, 97912, 1976, 37613, 34466, 61934, 57269, 53618, 5940, 93510, 52374, 85684, 22266, 86296, 60665, 10810, 9462, 494, 58482, 75247, 71566, 31620, 58819, 97731, 83116, 7767, 83623, 12444, 57312, 49834, 46402, 98377, 30435, 36116, 16443, 25589, 45312, 64514, 37426, 76200, 11178, 7488, 18610, 92099, 97566, 6854, 33656, 17686, 10866, 73697, 81050, 12312, 6505, 95303, 61521, 72092, 94259, 32683, 45746, 77187, 88803, 39457, 40047, 95729, 22380, 62708, 14355, 83408, 29714, 50213, 24600, 63055, 94787, 52488, 53820, 72502, 35142, 82539, 36201, 83535, 70150, 4544, 53013, 91532, 98794, 75749, 37723, 24569, 90322, 279, 84293, 85419, 53204, 7321, 22724, 95538, 85836, 2877, 93721, 73981, 40836, 90505, 94370, 88415, 37372, 69317, 25860, 4116, 35759, 84385, 33447, 84816, 12456, 31068, 57878, 18743, 27118, 55146, 45045, 76854, 36409, 49423, 25447, 28432, 61176, 34319, 67878, 7127, 41048, 27399, 57337, 84290, 2409, 69039, 23729, 7494, 36747, 48478, 38848, 42755, 293, 91046, 40498, 48156, 87860, 19957, 4960, 74844, 19836, 92291, 57801, 90081, 88664, 17768, 78881, 47919, 71822, 34413, 1930, 46778, 88873, 89253, 43012, 48581, 9353, 85645, 13891, 48249, 50115, 66199, 3386, 20854, 99932, 28051, 71692, 93909, 74084, 74671, 89896, 50523, 88742, 12398, 72247, 55742, 51721, 34827, 36846, 62982, 39419, 78439, 9343, 48468, 84544, 39864, 76167, 43812, 71247, 20757, 1762, 41180, 27413, 60564, 22669, 82173, 16704, 46485, 72310, 26823, 41298, 58642, 32787, 90874, 58140, 56784, 29999, 8759, 96835, 78050, 41544, 1255, 17455, 33878, 64547, 58966, 82332, 5215, 48306, 8922, 24655, 4697, 70882, 84900, 82562, 62735, 34434, 73303, 61588, 35094, 68503, 41162, 54916, 58190, 12626, 60530, 22534, 77445, 84110, 41705, 60129, 60275, 26541, 44213, 1777, 13370, 3088, 42025, 39125, 6806, 57675, 48434, 98242, 36838, 43086, 11553, 17088, 22108, 72325, 25128, 87991, 65587, 14862, 36451, 44287, 9734, 15759, 72468, 61485, 14174, 26892, 64268, 19975, 5444, 33247, 50382, 76845, 87224, 36256, 66890, 95968, 72639, 77038, 43204, 39754, 36312, 74369, 96758, 27679, 249, 98284, 44817, 61235, 55085, 9992, 27298, 25783, 69424, 39622, 26481, 58524, 35109, 38014, 50849, 43262, 70599, 1236, 29822, 19493, 40976, 26562, 7919, 16019, 11304, 44960, 68766, 47516, 55933, 93459, 51964, 80457, 87397, 77661, 10867, 13339, 38927, 67085, 83000, 91594, 70221, 32812, 41638, 39247, 63161, 56481, 85947, 619, 54521, 29223, 59027, 34890, 77305, 79995, 54866, 56578, 59831, 16991, 48800, 12168, 58544, 42596, 87951, 65721, 11198, 23052, 15984, 12347, 45822, 1513, 17129, 34479, 87885, 87506, 81928, 20343, 45290, 20189, 98974, 29926, 61725, 72592, 35725, 72251, 55074, 7660, 24694]})"
562.0,9,164,81,56.11086440086365,10696,"Genotype(dna={""<class 'abc.NT_0017'>"": [1, 23052], ""<class 'abc.NT_0017_P_00000'>"": [], ""<class 'abc.NT_0005'>"": [0, 0, 35544, 1, 0, 1, 0, 1, 1, 1513], ""<class 'abc.NT_0005_P_00000'>"": [], ""<class 'abc.NT_0005_P_00001'>"": [], ""<class 'bool'>"": [50833, 28611, 95173, 92596, 84996, 15299, 84608, 73218, 73704, 53577, 54127, 73580, 61648, 63455, 34182, 28379, 9832, 69766, 27025, 9321, 39372, 40559, 45589, 21512, 9991, 31131, 22379, 82972, 66879, 7070, 87492, 33083, 92916, 1233, 89415, 28350, 54741, 51276, 16414, 74832, 4355, 87209, 57305, 93042, 23231, 67903, 93745, 31960, 29422, 28659, 99170, 40455, 13273, 92051, 14178, 78998, 45259, 78698, 95977, 93014, 83753, 21951, 16043, 13772, 66730, 10736, 57934, 29081, 62948, 99869, 41968, 82469, 93064, 59471, 51253, 67704, 97811, 82022, 87389, 59617, 67283, 63422, 70186, 58801, 23472, 68171, 46787, 87700, 86179, 38104, 2384, 90063, 6576, 80132, 98840, 65605, 74894, 53809, 99733, 89043, 84198, 62780, 94716, 23035, 32450, 31489, 41399, 87765, 69122, 99723, 54018, 92501, 39572, 89999, 58379, 67238, 50112, 90146, 55533, 46837, 57815, 68681, 79206, 32534, 3130, 58659, 69605, 82887, 74526, 5911, 58400, 62789, 48677, 31474, 44702, 39368, 40140, 19876, 33772, 86631, 58194, 70508], ""<class 'int'>"": [88091, 54758, 80960, 4147, 58985, 98835, 33177, 12380, 43928, 18156, 46293, 82997, 26546, 21931, 20632, 91665, 69275, 46303, 61738, 80613, 63967, 92163, 79154, 79668, 18313, 6071, 50712, 91463, 54716, 33220, 52575, 78591, 28324, 24851, 385, 86434, 6594, 95864, 4088, 31907, 5028, 70908, 60125, 88976, 64506, 45119, 63026, 18677, 76141, 62129, 40973, 74468, 90479, 50241, 61828, 14495, 64587, 47259, 69389, 59226, 21182, 99643, 3451, 67066, 55205, 22485, 89443, 19030, 10288, 23574, 78426, 55280, 17305, 68878, 94325, 9074, 35370, 56456, 95300, 73961, 59051, 835, 21640, 2744, 30054, 96306, 55542, 57066, 65643, 97962, 97088, 62680, 24967, 56005, 85155, 81002, 48234, 28842, 92105, 38714, 65511, 82476, 73240, 25988, 68682, 4749, 1059, 85277, 54664, 55169, 72830, 29209, 32377, 56597, 43815, 46740, 16019, 36704, 91606, 3697, 42934, 87720, 75207, 56054, 59737, 79252, 96186, 60558, 8582, 3209, 7798, 18736, 20655, 95860, 60671, 36386, 88318, 80757, 49888, 58523, 36742, 48071, 76427, 91397, 47115, 74907, 19807, 19166, 48854, 4778, 9526, 30084, 70329, 29929, 24152, 98179, 6661, 59360, 47157, 52018, 24734, 716, 46264, 89982, 86072, 78100, 64619, 77321], ""<class 'abc.NT_0010'>"": [0, 0, 1, 53054], ""<class 'abc.NT_0010_P_00000'>"": [], ""<class 'abc.NT_0006'>"": [2, 2, 0, 1, 1302, 1892], ""<class 'abc.NT_0006_P_00000'>"": [], ""<class 'abc.NT_0006_P_00001'>"": [], ""<class 'abc.NT_0002'>"": [1, 1, 2, 1, 1, 1, 1, 0, 2, 1, 41818, 0, 2, 0, 1, 0, 2, 1, 53720, 1, 0, 0, 69722, 1, 8713, 0, 0, 2, 0, 0, 0, 2, 1, 64800, 99864], ""<class 'abc.NT_0002_P_00000'>"": [], ""<class 'abc.NT_0001'>"": [1, 1, 1, 0, 0, 0, 0, 1, 1, 1, 1, 0, 1, 16227, 1, 1, 1, 1, 0, 0, 10290, 0, 0, 0, 0, 0, 1, 40887, 0, 0, 0, 0, 0, 0, 0, 0, 0, 1, 0, 0, 0, 0, 76558, 0, 0, 0, 1, 0, 0, 26591, 1, 1, 1, 0, 1, 0, 0, 45290], ""<class 'abc.NT_0001_P_00000'>"": [], ""<class 'abc.NT_0001_P_00001'>"": [], ""<class 'abc.NT_0000'>"": [0, 1, 1, 94528, 1, 0, 1, 1, 31647, 1, 1, 80324, 0, 0, 75412, 1, 69944, 1, 0, 0, 0, 1, 0, 0, 0, 1, 1, 0, 1, 3483, 1, 0, 42401, 0, 0, 0, 0, 54668, 66557, 1, 0, 1, 1, 0, 0, 21028, 54540, 1, 5444, 3614, 1, 0, 0, 0, 0, 0, 71485, 1, 0, 0, 0, 0, 1, 20343], ""<class 'abc.NT_0000_P_00000'>"": [], ""<class 'abc.NT_0000_P_00001'>"": [], ""<class 'abc.NT_0002_P_00001'>"": [], ""<class 'abc.NT_0002_P_00002'>"": [], ""<class 'abc.NT_0006_P_00002'>"": [], ""<class 'abc.NT_0007'>"": [1, 0, 1, 2, 87885, 72251, 55074], ""<class 'abc.NT_0007_P_00000'>"": [], ""<class 'abc.NT_0007_P_00001'>"": [], ""<class 'abc.NT_0007_P_00002'>"": [], ""<class 'abc.NT_0004'>"": [1, 1, 77639, 2, 1, 2, 63194, 90154], ""<class 'abc.NT_0004_P_00000'>"": [], ""<class 'abc.NT_0003'>"": [10039, 1, 0, 1, 98974, 61725, 72592, 35725, 7660], ""<class 'abc.NT_0003_P_00000'>"": [], ""<class 'abc.NT_0003_P_00001'>"": [], ""<class 'abc.NT_0003_P_00002'>"": [], ""<class 'abc.NT_0003_P_00003'>"": [], ""<class 'abc.NT_0004_P_00001'>"": [], ""<class 'abc.NT_0004_P_00002'>"": [], ""<class 'abc.NT_0009'>"": [3, 0, 1, 1, 0, 45822], ""<class 'abc.NT_0009_P_00000'>"": [], ""<class 'abc.NT_0008'>"": [15828, 0, 83857, 0, 0, 0, 17129], ""<class 'abc.NT_0008_P_00000'>"": [], ""<class 'abc.NT_0009_P_00001'>"": [], ""<class 'abc.NT_0009_P_00002'>"": [], ""<class 'abc.NT_0009_P_00003'>"": [], ""<class 'abc.NT_0010_P_00001'>"": [], ""<class 'abc.NT_0010_P_00002'>"": [], ""<class 'abc.NT_0017_P_00001'>"": [], ""<class 'abc.NT_0012'>"": [0, 0, 27606, 0, 0, 65962], ""<class 'abc.NT_0012_P_00000'>"": [], ""<class 'abc.NT_0012_P_00001'>"": [], ""<class 'abc.NT_0017_P_00002'>"": [], ""<class 'abc.NT_0013'>"": [], ""<class 'abc.NT_0013_P_00000'>"": [], ""<class 'abc.NT_0011'>"": [0, 94522], ""<class 'abc.NT_0011_P_00000'>"": [], ""<class 'abc.NT_0011_P_00001'>"": [], ""<class 'abc.NT_0011_P_00002'>"": [], ""<class 'abc.NT_0013_P_00001'>"": [], ""<class 'abc.NT_0013_P_00002'>"": [], ""<class 'abc.NT_0017_P_00003'>"": [], ""<class 'abc.NT_0016'>"": [0, 20070], ""<class 'abc.NT_0016_P_00000'>"": [], ""<class 'abc.NT_0016_P_00001'>"": [], ""<class 'abc.NT_0016_P_00002'>"": [], '$leftovers': [13707, 7777, 43103, 79112, 41937, 82055, 41802, 80929, 37572, 24235, 1002, 66268, 87311, 99058, 42897, 54099, 4751, 39061, 38658, 18856, 32793, 32020, 84694, 43326, 66351, 11593, 16559, 82179, 29701, 14785, 63931, 19995, 86098, 88506, 88906, 98218, 57143, 64899, 75531, 17691, 63845, 68413, 76826, 30524, 48607, 6718, 24768, 14247, 23842, 98884, 92372, 55279, 40315, 43705, 6728, 53868, 34432, 73753, 89438, 79733, 83929, 38685, 35410, 5343, 16823, 35888, 70000, 12879, 27426, 44726, 95438, 53746, 11554, 35563, 36846, 46156, 65002, 72433, 85297, 12477, 3511, 72425, 53166, 5796, 30717, 45518, 76561, 21526, 65748, 18017, 64172, 9175, 16724, 51276, 1749, 5687, 47923, 68260, 48548, 94393, 55323, 76604, 84009, 54574, 8798, 35733, 67233, 4198, 56844, 12629, 29196, 81671, 71295, 84963, 73193, 37662, 77918, 40265, 71387, 2776, 72056, 79890, 24380, 6524, 11920, 82004, 80554, 7771, 51485, 29874, 64851, 32118, 68660, 22646, 40503, 29950, 45632, 59339, 63591, 66553, 79195, 90039, 8891, 94412, 82595, 43578, 41060, 60184, 28053, 84947, 77614, 38864, 91374, 58545, 50015, 19960, 7381, 78763, 85070, 21507, 19025, 51930, 32629, 45143, 39756, 26052, 37388, 90108, 9391, 53674, 16962, 24269, 95106, 99931, 56381, 37781, 12365, 84199, 30949, 74271, 916, 85830, 97679, 18102, 478, 75886, 30302, 21977, 90537, 30063, 19357, 81788, 35261, 14719, 66114, 20921, 20240, 5992, 58367, 9680, 68600, 85141, 46379, 54808, 83564, 47005, 66549, 22371, 91024, 89979, 20226, 63714, 58641, 45142, 46907, 57602, 15144, 97990, 7439, 11158, 59469, 11328, 80659, 5962, 25695, 77537, 11892, 91592, 56748, 38581, 37353, 71743, 70419, 27563, 8343, 51963, 16605, 94638, 42057, 61173, 28541, 41743, 60295, 49767, 73628, 41163, 91833, 78182, 82565, 25215, 96862, 76058, 44249, 82715, 20979, 71376, 27708, 78050, 40085, 30494, 46076, 48158, 98017, 59418, 77712, 4502, 58514, 86759, 30136, 53692, 84446, 34409, 6828, 35370, 50950, 51945, 59877, 55822, 81173, 57512, 24080, 92189, 34559, 32530, 48867, 64932, 44, 85888, 8300, 92843, 6844, 39222, 76898, 88754, 22876, 38074, 43299, 88699, 81654, 61902, 89999, 13497, 66668, 7338, 74096, 38397, 11013, 98336, 40480, 33892, 63626, 49088, 71312, 23172, 10803, 62392, 24917, 67254, 58009, 81336, 59457, 73844, 95696, 6506, 27308, 70695, 56701, 13067, 41613, 72662, 53528, 75491, 42519, 81780, 31754, 13856, 88917, 96452, 41223, 89774, 10407, 31336, 50783, 20291, 5997, 7069, 31395, 24625, 6189, 56620, 24762, 84988, 68874, 85812, 41091, 24302, 77112, 35149, 22780, 53184, 18627, 57549, 17465, 63612, 87939, 6980, 60883, 29814, 87238, 14952, 60779, 86760, 61062, 30267, 24445, 56989, 27229, 82900, 90023, 57786, 63779, 40235, 86679, 51776, 22058, 63483, 39593, 41554, 8133, 95503, 6716, 25867, 90267, 22987, 39665, 98545, 93605, 1747, 78248, 27473, 33109, 26918, 82634, 51318, 80099, 73743, 12182, 94300, 46775, 25047, 68889, 10070, 18361, 65084, 37080, 70960, 83222, 67058, 98067, 22471, 67691, 59607, 67337, 8930, 21238, 46639, 45431, 43153, 96128, 24156, 80501, 82080, 49059, 2091, 12212, 52072, 31681, 90064, 42922, 12694, 63500, 88958, 85424, 60965, 55836, 88426, 54941, 94663, 65220, 71036, 49752, 17451, 53699, 9314, 14619, 3290, 44849, 90564, 91441, 62905, 40530, 5641, 37318, 36823, 31308, 19382, 62343, 86280, 16633, 47566, 15336, 77921, 88788, 50425, 20260, 79556, 59009, 60227, 87434, 40228, 88797, 25912, 98562, 76789, 91824, 52309, 10258, 50738, 95463, 77205, 93493, 68362, 24106, 95689, 49524, 69579, 66348, 75971, 22529, 74132, 89303, 37488, 5127, 63655, 17283, 25796, 52901, 73353, 59242, 58591, 76499, 46764, 96815, 56675, 19904, 86086, 9538, 16381, 25966, 48189, 47295, 50918, 3257, 56486, 10672, 45517, 6977, 66557, 24565, 14166, 47870, 73695, 59021, 61532, 83752, 51246, 6816, 65190, 71364, 98756, 25731, 84141, 78432, 21130, 69362, 52504, 59655, 73856, 97330, 50721, 19705, 54620, 16926, 96429, 24048, 73377, 67355, 15053, 17980, 70735, 35236, 75523, 91241, 23447, 72477, 51156, 95259, 88333, 29494, 67321, 52714, 62917, 99842, 65229, 6617, 44275, 88720, 37853, 8770, 63811, 7507, 89636, 17817, 1558, 85068, 79776, 73733, 11481, 89926, 56682, 49746, 9429, 50818, 45883, 58652, 12423, 26431, 60221, 95661, 73944, 68283, 51044, 69558, 68608, 65135, 29404, 17239, 5514, 47278, 63393, 94877, 23491, 47292, 6877, 19032, 65956, 9732, 97912, 1976, 37613, 34466, 61934, 57269, 53618, 5940, 93510, 52374, 85684, 22266, 86296, 60665, 10810, 9462, 494, 58482, 75247, 71566, 31620, 58819, 97731, 83116, 7767, 83623, 12444, 57312, 49834, 46402, 98377, 30435, 36116, 16443, 25589, 45312, 64514, 37426, 76200, 11178, 7488, 18610, 92099, 97566, 6854, 33656, 17686, 10866, 73697, 81050, 12312, 6505, 95303, 61521, 72092, 94259, 32683, 45746, 77187, 88803, 39457, 40047, 95729, 22380, 62708, 14355, 83408, 29714, 50213, 24600, 63055, 94787, 52488, 53820, 72502, 35142, 82539, 36201, 83535, 70150, 4544, 53013, 91532, 98794, 75749, 37723, 24569, 90322, 279, 84293, 85419, 53204, 7321, 22724, 95538, 85836, 2877, 93721, 73981, 40836, 90505, 94370, 88415, 37372, 69317, 25860, 4116, 35759, 84385, 33447, 84816, 12456, 31068, 57878, 18743, 27118, 55146, 45045, 76854, 36409, 49423, 25447, 28432, 61176, 34319, 67878, 7127, 41048, 27399, 57337, 84290, 2409, 69039, 23729, 7494, 36747, 48478, 38848, 42755, 293, 91046, 40498, 48156, 87860, 19957, 4960, 74844, 19836, 92291, 57801, 90081, 88664, 17768, 78881, 47919, 71822, 34413, 1930, 46778, 88873, 89253, 43012, 48581, 9353, 85645, 13891, 48249, 50115, 66199, 3386, 20854, 99932, 28051, 71692, 93909, 74084, 74671, 89896, 50523, 88742, 12398, 72247, 55742, 51721, 34827, 36846, 62982, 39419, 78439, 9343, 48468, 84544, 39864, 76167, 43812, 71247, 20757, 1762, 41180, 27413, 60564, 22669, 82173, 16704, 46485, 72310, 26823, 41298, 58642, 32787, 90874, 58140, 56784, 29999, 8759, 96835, 78050, 41544, 1255, 17455, 33878, 64547, 58966, 82332, 5215, 48306, 8922, 24655, 4697, 70882, 84900, 82562, 62735, 34434, 73303, 61588, 35094, 68503, 41162, 54916, 58190, 12626, 60530, 22534, 77445, 84110, 41705, 60129, 60275, 26541, 44213, 1777, 13370, 3088, 42025, 39125, 6806, 57675, 48434, 98242, 36838, 43086, 11553, 17088, 22108, 72325, 25128, 87991, 65587, 14862, 36451, 44287, 9734, 15759, 72468, 61485, 14174, 26892, 64268, 19975, 5444, 33247, 50382, 76845, 87224, 36256, 66890, 95968, 72639, 77038, 43204, 39754, 36312, 74369, 96758, 27679, 249, 98284, 44817, 61235, 55085, 9992, 27298, 25783, 69424, 39622, 26481, 58524, 35109, 38014, 50849, 43262, 70599, 1236, 29822, 19493, 40976, 26562, 7919, 16019, 11304, 44960, 68766, 47516, 55933, 93459, 51964, 80457, 87397, 77661, 10867, 13339, 38927, 67085, 83000, 91594, 70221, 32812, 41638, 39247, 63161, 56481, 85947, 619, 54521, 29223, 59027, 34890, 77305, 79995, 54866, 56578, 59831, 16991, 48800, 12168, 58544, 42596, 87951, 65721, 11198, 23052, 15984, 12347, 45822, 1513, 17129, 34479, 87885, 87506, 81928, 20343, 45290, 20189, 98974, 29926, 61725, 72592, 35725, 72251, 55074, 7660, 24694]})"
562.0,9,164,82,56.423579692840576,10696,"Genotype(dna={""<class 'abc.NT_0017'>"": [1, 23052], ""<class 'abc.NT_0017_P_00000'>"": [], ""<class 'abc.NT_0005'>"": [0, 0, 35544, 1, 0, 1, 0, 1, 1, 1513], ""<class 'abc.NT_0005_P_00000'>"": [], ""<class 'abc.NT_0005_P_00001'>"": [], ""<class 'bool'>"": [50833, 28611, 95173, 92596, 84996, 15299, 84608, 73218, 73704, 53577, 54127, 73580, 61648, 63455, 34182, 28379, 9832, 69766, 27025, 9321, 39372, 40559, 45589, 21512, 9991, 31131, 22379, 82972, 66879, 7070, 87492, 33083, 92916, 1233, 89415, 28350, 54741, 51276, 16414, 74832, 4355, 87209, 57305, 93042, 23231, 67903, 93745, 31960, 29422, 28659, 99170, 40455, 13273, 92051, 14178, 78998, 45259, 78698, 95977, 93014, 83753, 21951, 16043, 13772, 66730, 10736, 57934, 29081, 62948, 99869, 41968, 82469, 93064, 59471, 51253, 67704, 97811, 82022, 87389, 59617, 67283, 63422, 70186, 58801, 23472, 68171, 46787, 87700, 86179, 38104, 2384, 90063, 6576, 80132, 98840, 65605, 74894, 53809, 99733, 89043, 84198, 62780, 94716, 23035, 32450, 31489, 41399, 87765, 69122, 99723, 54018, 92501, 39572, 89999, 58379, 67238, 50112, 90146, 55533, 46837, 57815, 68681, 79206, 32534, 3130, 58659, 69605, 82887, 74526, 5911, 58400, 62789, 48677, 31474, 44702, 39368, 40140, 19876, 33772, 86631, 58194, 70508], ""<class 'int'>"": [88091, 54758, 80960, 4147, 58985, 98835, 33177, 12380, 43928, 18156, 46293, 82997, 26546, 21931, 20632, 91665, 69275, 46303, 61738, 80613, 63967, 92163, 79154, 79668, 18313, 6071, 50712, 91463, 54716, 33220, 52575, 78591, 28324, 24851, 385, 86434, 6594, 95864, 4088, 31907, 5028, 70908, 60125, 88976, 64506, 45119, 63026, 18677, 76141, 62129, 40973, 74468, 90479, 50241, 61828, 14495, 64587, 47259, 69389, 59226, 21182, 99643, 3451, 67066, 55205, 22485, 89443, 19030, 10288, 23574, 78426, 55280, 17305, 68878, 94325, 9074, 35370, 56456, 95300, 73961, 59051, 835, 21640, 2744, 30054, 96306, 55542, 57066, 65643, 97962, 97088, 62680, 24967, 56005, 85155, 81002, 48234, 28842, 92105, 38714, 65511, 82476, 73240, 25988, 68682, 4749, 1059, 85277, 54664, 55169, 72830, 29209, 32377, 56597, 43815, 46740, 16019, 36704, 91606, 3697, 42934, 87720, 75207, 56054, 59737, 79252, 96186, 60558, 8582, 3209, 7798, 18736, 20655, 95860, 60671, 36386, 88318, 80757, 49888, 58523, 36742, 48071, 76427, 91397, 47115, 74907, 19807, 19166, 48854, 4778, 9526, 30084, 70329, 29929, 24152, 98179, 6661, 59360, 47157, 52018, 24734, 716, 46264, 89982, 86072, 78100, 64619, 77321], ""<class 'abc.NT_0010'>"": [0, 0, 1, 53054], ""<class 'abc.NT_0010_P_00000'>"": [], ""<class 'abc.NT_0006'>"": [2, 2, 0, 1, 1302, 1892], ""<class 'abc.NT_0006_P_00000'>"": [], ""<class 'abc.NT_0006_P_00001'>"": [], ""<class 'abc.NT_0002'>"": [1, 1, 2, 1, 1, 1, 1, 0, 2, 1, 41818, 0, 2, 0, 1, 0, 2, 1, 53720, 1, 0, 0, 69722, 1, 8713, 0, 0, 2, 0, 0, 0, 2, 1, 64800, 99864], ""<class 'abc.NT_0002_P_00000'>"": [], ""<class 'abc.NT_0001'>"": [1, 1, 1, 0, 0, 0, 0, 1, 1, 1, 1, 0, 1, 16227, 1, 1, 1, 1, 0, 0, 10290, 0, 0, 0, 0, 0, 1, 40887, 0, 0, 0, 0, 0, 0, 0, 0, 0, 1, 0, 0, 0, 0, 76558, 0, 0, 0, 1, 0, 0, 26591, 1, 1, 1, 0, 1, 0, 0, 45290], ""<class 'abc.NT_0001_P_00000'>"": [], ""<class 'abc.NT_0001_P_00001'>"": [], ""<class 'abc.NT_0000'>"": [0, 1, 1, 94528, 1, 0, 1, 1, 31647, 1, 1, 80324, 0, 0, 75412, 1, 69944, 1, 0, 0, 0, 1, 0, 0, 0, 1, 1, 0, 1, 3483, 1, 0, 42401, 0, 0, 0, 0, 54668, 66557, 1, 0, 1, 1, 0, 0, 21028, 54540, 1, 5444, 3614, 1, 0, 0, 0, 0, 0, 71485, 1, 0, 0, 0, 0, 1, 20343], ""<class 'abc.NT_0000_P_00000'>"": [], ""<class 'abc.NT_0000_P_00001'>"": [], ""<class 'abc.NT_0002_P_00001'>"": [], ""<class 'abc.NT_0002_P_00002'>"": [], ""<class 'abc.NT_0006_P_00002'>"": [], ""<class 'abc.NT_0007'>"": [1, 0, 1, 2, 87885, 72251, 55074], ""<class 'abc.NT_0007_P_00000'>"": [], ""<class 'abc.NT_0007_P_00001'>"": [], ""<class 'abc.NT_0007_P_00002'>"": [], ""<class 'abc.NT_0004'>"": [1, 1, 77639, 2, 1, 2, 63194, 90154], ""<class 'abc.NT_0004_P_00000'>"": [], ""<class 'abc.NT_0003'>"": [10039, 1, 0, 1, 98974, 61725, 72592, 35725, 7660], ""<class 'abc.NT_0003_P_00000'>"": [], ""<class 'abc.NT_0003_P_00001'>"": [], ""<class 'abc.NT_0003_P_00002'>"": [], ""<class 'abc.NT_0003_P_00003'>"": [], ""<class 'abc.NT_0004_P_00001'>"": [], ""<class 'abc.NT_0004_P_00002'>"": [], ""<class 'abc.NT_0009'>"": [3, 0, 1, 1, 0, 45822], ""<class 'abc.NT_0009_P_00000'>"": [], ""<class 'abc.NT_0008'>"": [15828, 0, 83857, 0, 0, 0, 17129], ""<class 'abc.NT_0008_P_00000'>"": [], ""<class 'abc.NT_0009_P_00001'>"": [], ""<class 'abc.NT_0009_P_00002'>"": [], ""<class 'abc.NT_0009_P_00003'>"": [], ""<class 'abc.NT_0010_P_00001'>"": [], ""<class 'abc.NT_0010_P_00002'>"": [], ""<class 'abc.NT_0017_P_00001'>"": [], ""<class 'abc.NT_0012'>"": [0, 0, 27606, 0, 0, 65962], ""<class 'abc.NT_0012_P_00000'>"": [], ""<class 'abc.NT_0012_P_00001'>"": [], ""<class 'abc.NT_0017_P_00002'>"": [], ""<class 'abc.NT_0013'>"": [], ""<class 'abc.NT_0013_P_00000'>"": [], ""<class 'abc.NT_0011'>"": [0, 94522], ""<class 'abc.NT_0011_P_00000'>"": [], ""<class 'abc.NT_0011_P_00001'>"": [], ""<class 'abc.NT_0011_P_00002'>"": [], ""<class 'abc.NT_0013_P_00001'>"": [], ""<class 'abc.NT_0013_P_00002'>"": [], ""<class 'abc.NT_0017_P_00003'>"": [], ""<class 'abc.NT_0016'>"": [0, 20070], ""<class 'abc.NT_0016_P_00000'>"": [], ""<class 'abc.NT_0016_P_00001'>"": [], ""<class 'abc.NT_0016_P_00002'>"": [], '$leftovers': [13707, 7777, 43103, 79112, 41937, 82055, 41802, 80929, 37572, 24235, 1002, 66268, 87311, 99058, 42897, 54099, 4751, 39061, 38658, 18856, 32793, 32020, 84694, 43326, 66351, 11593, 16559, 82179, 29701, 14785, 63931, 19995, 86098, 88506, 88906, 98218, 57143, 64899, 75531, 17691, 63845, 68413, 76826, 30524, 48607, 6718, 24768, 14247, 23842, 98884, 92372, 55279, 40315, 43705, 6728, 53868, 34432, 73753, 89438, 79733, 83929, 38685, 35410, 5343, 16823, 35888, 70000, 12879, 27426, 44726, 95438, 53746, 11554, 35563, 36846, 46156, 65002, 72433, 85297, 12477, 3511, 72425, 53166, 5796, 30717, 45518, 76561, 21526, 65748, 18017, 64172, 9175, 16724, 51276, 1749, 5687, 47923, 68260, 48548, 94393, 55323, 76604, 84009, 54574, 8798, 35733, 67233, 4198, 56844, 12629, 29196, 81671, 71295, 84963, 73193, 37662, 77918, 40265, 71387, 2776, 72056, 79890, 24380, 6524, 11920, 82004, 80554, 7771, 51485, 29874, 64851, 32118, 68660, 22646, 40503, 29950, 45632, 59339, 63591, 66553, 79195, 90039, 8891, 94412, 82595, 43578, 41060, 60184, 28053, 84947, 77614, 38864, 91374, 58545, 50015, 19960, 7381, 78763, 85070, 21507, 19025, 51930, 32629, 45143, 39756, 26052, 37388, 90108, 9391, 53674, 16962, 24269, 95106, 99931, 56381, 37781, 12365, 84199, 30949, 74271, 916, 85830, 97679, 18102, 478, 75886, 30302, 21977, 90537, 30063, 19357, 81788, 35261, 14719, 66114, 20921, 20240, 5992, 58367, 9680, 68600, 85141, 46379, 54808, 83564, 47005, 66549, 22371, 91024, 89979, 20226, 63714, 58641, 45142, 46907, 57602, 15144, 97990, 7439, 11158, 59469, 11328, 80659, 5962, 25695, 77537, 11892, 91592, 56748, 38581, 37353, 71743, 70419, 27563, 8343, 51963, 16605, 94638, 42057, 61173, 28541, 41743, 60295, 49767, 73628, 41163, 91833, 78182, 82565, 25215, 96862, 76058, 44249, 82715, 20979, 71376, 27708, 78050, 40085, 30494, 46076, 48158, 98017, 59418, 77712, 4502, 58514, 86759, 30136, 53692, 84446, 34409, 6828, 35370, 50950, 51945, 59877, 55822, 81173, 57512, 24080, 92189, 34559, 32530, 48867, 64932, 44, 85888, 8300, 92843, 6844, 39222, 76898, 88754, 22876, 38074, 43299, 88699, 81654, 61902, 89999, 13497, 66668, 7338, 74096, 38397, 11013, 98336, 40480, 33892, 63626, 49088, 71312, 23172, 10803, 62392, 24917, 67254, 58009, 81336, 59457, 73844, 95696, 6506, 27308, 70695, 56701, 13067, 41613, 72662, 53528, 75491, 42519, 81780, 31754, 13856, 88917, 96452, 41223, 89774, 10407, 31336, 50783, 20291, 5997, 7069, 31395, 24625, 6189, 56620, 24762, 84988, 68874, 85812, 41091, 24302, 77112, 35149, 22780, 53184, 18627, 57549, 17465, 63612, 87939, 6980, 60883, 29814, 87238, 14952, 60779, 86760, 61062, 30267, 24445, 56989, 27229, 82900, 90023, 57786, 63779, 40235, 86679, 51776, 22058, 63483, 39593, 41554, 8133, 95503, 6716, 25867, 90267, 22987, 39665, 98545, 93605, 1747, 78248, 27473, 33109, 26918, 82634, 51318, 80099, 73743, 12182, 94300, 46775, 25047, 68889, 10070, 18361, 65084, 37080, 70960, 83222, 67058, 98067, 22471, 67691, 59607, 67337, 8930, 21238, 46639, 45431, 43153, 96128, 24156, 80501, 82080, 49059, 2091, 12212, 52072, 31681, 90064, 42922, 12694, 63500, 88958, 85424, 60965, 55836, 88426, 54941, 94663, 65220, 71036, 49752, 17451, 53699, 9314, 14619, 3290, 44849, 90564, 91441, 62905, 40530, 5641, 37318, 36823, 31308, 19382, 62343, 86280, 16633, 47566, 15336, 77921, 88788, 50425, 20260, 79556, 59009, 60227, 87434, 40228, 88797, 25912, 98562, 76789, 91824, 52309, 10258, 50738, 95463, 77205, 93493, 68362, 24106, 95689, 49524, 69579, 66348, 75971, 22529, 74132, 89303, 37488, 5127, 63655, 17283, 25796, 52901, 73353, 59242, 58591, 76499, 46764, 96815, 56675, 19904, 86086, 9538, 16381, 25966, 48189, 47295, 50918, 3257, 56486, 10672, 45517, 6977, 66557, 24565, 14166, 47870, 73695, 59021, 61532, 83752, 51246, 6816, 65190, 71364, 98756, 25731, 84141, 78432, 21130, 69362, 52504, 59655, 73856, 97330, 50721, 19705, 54620, 16926, 96429, 24048, 73377, 67355, 15053, 17980, 70735, 35236, 75523, 91241, 23447, 72477, 51156, 95259, 88333, 29494, 67321, 52714, 62917, 99842, 65229, 6617, 44275, 88720, 37853, 8770, 63811, 7507, 89636, 17817, 1558, 85068, 79776, 73733, 11481, 89926, 56682, 49746, 9429, 50818, 45883, 58652, 12423, 26431, 60221, 95661, 73944, 68283, 51044, 69558, 68608, 65135, 29404, 17239, 5514, 47278, 63393, 94877, 23491, 47292, 6877, 19032, 65956, 9732, 97912, 1976, 37613, 34466, 61934, 57269, 53618, 5940, 93510, 52374, 85684, 22266, 86296, 60665, 10810, 9462, 494, 58482, 75247, 71566, 31620, 58819, 97731, 83116, 7767, 83623, 12444, 57312, 49834, 46402, 98377, 30435, 36116, 16443, 25589, 45312, 64514, 37426, 76200, 11178, 7488, 18610, 92099, 97566, 6854, 33656, 17686, 10866, 73697, 81050, 12312, 6505, 95303, 61521, 72092, 94259, 32683, 45746, 77187, 88803, 39457, 40047, 95729, 22380, 62708, 14355, 83408, 29714, 50213, 24600, 63055, 94787, 52488, 53820, 72502, 35142, 82539, 36201, 83535, 70150, 4544, 53013, 91532, 98794, 75749, 37723, 24569, 90322, 279, 84293, 85419, 53204, 7321, 22724, 95538, 85836, 2877, 93721, 73981, 40836, 90505, 94370, 88415, 37372, 69317, 25860, 4116, 35759, 84385, 33447, 84816, 12456, 31068, 57878, 18743, 27118, 55146, 45045, 76854, 36409, 49423, 25447, 28432, 61176, 34319, 67878, 7127, 41048, 27399, 57337, 84290, 2409, 69039, 23729, 7494, 36747, 48478, 38848, 42755, 293, 91046, 40498, 48156, 87860, 19957, 4960, 74844, 19836, 92291, 57801, 90081, 88664, 17768, 78881, 47919, 71822, 34413, 1930, 46778, 88873, 89253, 43012, 48581, 9353, 85645, 13891, 48249, 50115, 66199, 3386, 20854, 99932, 28051, 71692, 93909, 74084, 74671, 89896, 50523, 88742, 12398, 72247, 55742, 51721, 34827, 36846, 62982, 39419, 78439, 9343, 48468, 84544, 39864, 76167, 43812, 71247, 20757, 1762, 41180, 27413, 60564, 22669, 82173, 16704, 46485, 72310, 26823, 41298, 58642, 32787, 90874, 58140, 56784, 29999, 8759, 96835, 78050, 41544, 1255, 17455, 33878, 64547, 58966, 82332, 5215, 48306, 8922, 24655, 4697, 70882, 84900, 82562, 62735, 34434, 73303, 61588, 35094, 68503, 41162, 54916, 58190, 12626, 60530, 22534, 77445, 84110, 41705, 60129, 60275, 26541, 44213, 1777, 13370, 3088, 42025, 39125, 6806, 57675, 48434, 98242, 36838, 43086, 11553, 17088, 22108, 72325, 25128, 87991, 65587, 14862, 36451, 44287, 9734, 15759, 72468, 61485, 14174, 26892, 64268, 19975, 5444, 33247, 50382, 76845, 87224, 36256, 66890, 95968, 72639, 77038, 43204, 39754, 36312, 74369, 96758, 27679, 249, 98284, 44817, 61235, 55085, 9992, 27298, 25783, 69424, 39622, 26481, 58524, 35109, 38014, 50849, 43262, 70599, 1236, 29822, 19493, 40976, 26562, 7919, 16019, 11304, 44960, 68766, 47516, 55933, 93459, 51964, 80457, 87397, 77661, 10867, 13339, 38927, 67085, 83000, 91594, 70221, 32812, 41638, 39247, 63161, 56481, 85947, 619, 54521, 29223, 59027, 34890, 77305, 79995, 54866, 56578, 59831, 16991, 48800, 12168, 58544, 42596, 87951, 65721, 11198, 23052, 15984, 12347, 45822, 1513, 17129, 34479, 87885, 87506, 81928, 20343, 45290, 20189, 98974, 29926, 61725, 72592, 35725, 72251, 55074, 7660, 24694]})"
562.0,9,164,83,57.24678611755371,10696,"Genotype(dna={""<class 'abc.NT_0017'>"": [1, 23052], ""<class 'abc.NT_0017_P_00000'>"": [], ""<class 'abc.NT_0005'>"": [0, 0, 35544, 1, 0, 1, 0, 1, 1, 1513], ""<class 'abc.NT_0005_P_00000'>"": [], ""<class 'abc.NT_0005_P_00001'>"": [], ""<class 'bool'>"": [50833, 28611, 95173, 92596, 84996, 15299, 84608, 73218, 73704, 53577, 54127, 73580, 61648, 63455, 34182, 28379, 9832, 69766, 27025, 9321, 39372, 40559, 45589, 21512, 9991, 31131, 22379, 82972, 66879, 7070, 87492, 33083, 92916, 1233, 89415, 28350, 54741, 51276, 16414, 74832, 4355, 87209, 57305, 93042, 23231, 67903, 93745, 31960, 29422, 28659, 99170, 40455, 13273, 92051, 14178, 78998, 45259, 78698, 95977, 93014, 83753, 21951, 16043, 13772, 66730, 10736, 57934, 29081, 62948, 99869, 41968, 82469, 93064, 59471, 51253, 67704, 97811, 82022, 87389, 59617, 67283, 63422, 70186, 58801, 23472, 68171, 46787, 87700, 86179, 38104, 2384, 90063, 6576, 80132, 98840, 65605, 74894, 53809, 99733, 89043, 84198, 62780, 94716, 23035, 32450, 31489, 41399, 87765, 69122, 99723, 54018, 92501, 39572, 89999, 58379, 67238, 50112, 90146, 55533, 46837, 57815, 68681, 79206, 32534, 3130, 58659, 69605, 82887, 74526, 5911, 58400, 62789, 48677, 31474, 44702, 39368, 40140, 19876, 33772, 86631, 58194, 70508], ""<class 'int'>"": [88091, 54758, 80960, 4147, 58985, 98835, 33177, 12380, 43928, 18156, 46293, 82997, 26546, 21931, 20632, 91665, 69275, 46303, 61738, 80613, 63967, 92163, 79154, 79668, 18313, 6071, 50712, 91463, 54716, 33220, 52575, 78591, 28324, 24851, 385, 86434, 6594, 95864, 4088, 31907, 5028, 70908, 60125, 88976, 64506, 45119, 63026, 18677, 76141, 62129, 40973, 74468, 90479, 50241, 61828, 14495, 64587, 47259, 69389, 59226, 21182, 99643, 3451, 67066, 55205, 22485, 89443, 19030, 10288, 23574, 78426, 55280, 17305, 68878, 94325, 9074, 35370, 56456, 95300, 73961, 59051, 835, 21640, 2744, 30054, 96306, 55542, 57066, 65643, 97962, 97088, 62680, 24967, 56005, 85155, 81002, 48234, 28842, 92105, 38714, 65511, 82476, 73240, 25988, 68682, 4749, 1059, 85277, 54664, 55169, 72830, 29209, 32377, 56597, 43815, 46740, 16019, 36704, 91606, 3697, 42934, 87720, 75207, 56054, 59737, 79252, 96186, 60558, 8582, 3209, 7798, 18736, 20655, 95860, 60671, 36386, 88318, 80757, 49888, 58523, 36742, 48071, 76427, 91397, 47115, 74907, 19807, 19166, 48854, 4778, 9526, 30084, 70329, 29929, 24152, 98179, 6661, 59360, 47157, 52018, 24734, 716, 46264, 89982, 86072, 78100, 64619, 77321], ""<class 'abc.NT_0010'>"": [0, 0, 1, 53054], ""<class 'abc.NT_0010_P_00000'>"": [], ""<class 'abc.NT_0006'>"": [2, 2, 0, 1, 1302, 1892], ""<class 'abc.NT_0006_P_00000'>"": [], ""<class 'abc.NT_0006_P_00001'>"": [], ""<class 'abc.NT_0002'>"": [1, 1, 2, 1, 1, 1, 1, 0, 2, 1, 41818, 0, 2, 0, 1, 0, 2, 1, 53720, 1, 0, 0, 69722, 1, 8713, 0, 0, 2, 0, 0, 0, 2, 1, 64800, 99864], ""<class 'abc.NT_0002_P_00000'>"": [], ""<class 'abc.NT_0001'>"": [1, 1, 1, 0, 0, 0, 0, 1, 1, 1, 1, 0, 1, 16227, 1, 1, 1, 1, 0, 0, 10290, 0, 0, 0, 0, 0, 1, 40887, 0, 0, 0, 0, 0, 0, 0, 0, 0, 1, 0, 0, 0, 0, 76558, 0, 0, 0, 1, 0, 0, 26591, 1, 1, 1, 0, 1, 0, 0, 45290], ""<class 'abc.NT_0001_P_00000'>"": [], ""<class 'abc.NT_0001_P_00001'>"": [], ""<class 'abc.NT_0000'>"": [0, 1, 1, 94528, 1, 0, 1, 1, 31647, 1, 1, 80324, 0, 0, 75412, 1, 69944, 1, 0, 0, 0, 1, 0, 0, 0, 1, 1, 0, 1, 3483, 1, 0, 42401, 0, 0, 0, 0, 54668, 66557, 1, 0, 1, 1, 0, 0, 21028, 54540, 1, 5444, 3614, 1, 0, 0, 0, 0, 0, 71485, 1, 0, 0, 0, 0, 1, 20343], ""<class 'abc.NT_0000_P_00000'>"": [], ""<class 'abc.NT_0000_P_00001'>"": [], ""<class 'abc.NT_0002_P_00001'>"": [], ""<class 'abc.NT_0002_P_00002'>"": [], ""<class 'abc.NT_0006_P_00002'>"": [], ""<class 'abc.NT_0007'>"": [1, 0, 1, 2, 87885, 72251, 55074], ""<class 'abc.NT_0007_P_00000'>"": [], ""<class 'abc.NT_0007_P_00001'>"": [], ""<class 'abc.NT_0007_P_00002'>"": [], ""<class 'abc.NT_0004'>"": [1, 1, 77639, 2, 1, 2, 63194, 90154], ""<class 'abc.NT_0004_P_00000'>"": [], ""<class 'abc.NT_0003'>"": [10039, 1, 0, 1, 98974, 61725, 72592, 35725, 7660], ""<class 'abc.NT_0003_P_00000'>"": [], ""<class 'abc.NT_0003_P_00001'>"": [], ""<class 'abc.NT_0003_P_00002'>"": [], ""<class 'abc.NT_0003_P_00003'>"": [], ""<class 'abc.NT_0004_P_00001'>"": [], ""<class 'abc.NT_0004_P_00002'>"": [], ""<class 'abc.NT_0009'>"": [3, 0, 1, 1, 0, 45822], ""<class 'abc.NT_0009_P_00000'>"": [], ""<class 'abc.NT_0008'>"": [15828, 0, 83857, 0, 0, 0, 17129], ""<class 'abc.NT_0008_P_00000'>"": [], ""<class 'abc.NT_0009_P_00001'>"": [], ""<class 'abc.NT_0009_P_00002'>"": [], ""<class 'abc.NT_0009_P_00003'>"": [], ""<class 'abc.NT_0010_P_00001'>"": [], ""<class 'abc.NT_0010_P_00002'>"": [], ""<class 'abc.NT_0017_P_00001'>"": [], ""<class 'abc.NT_0012'>"": [0, 0, 27606, 0, 0, 65962], ""<class 'abc.NT_0012_P_00000'>"": [], ""<class 'abc.NT_0012_P_00001'>"": [], ""<class 'abc.NT_0017_P_00002'>"": [], ""<class 'abc.NT_0013'>"": [], ""<class 'abc.NT_0013_P_00000'>"": [], ""<class 'abc.NT_0011'>"": [0, 94522], ""<class 'abc.NT_0011_P_00000'>"": [], ""<class 'abc.NT_0011_P_00001'>"": [], ""<class 'abc.NT_0011_P_00002'>"": [], ""<class 'abc.NT_0013_P_00001'>"": [], ""<class 'abc.NT_0013_P_00002'>"": [], ""<class 'abc.NT_0017_P_00003'>"": [], ""<class 'abc.NT_0016'>"": [0, 20070], ""<class 'abc.NT_0016_P_00000'>"": [], ""<class 'abc.NT_0016_P_00001'>"": [], ""<class 'abc.NT_0016_P_00002'>"": [], '$leftovers': [13707, 7777, 43103, 79112, 41937, 82055, 41802, 80929, 37572, 24235, 1002, 66268, 87311, 99058, 42897, 54099, 4751, 39061, 38658, 18856, 32793, 32020, 84694, 43326, 66351, 11593, 16559, 82179, 29701, 14785, 63931, 19995, 86098, 88506, 88906, 98218, 57143, 64899, 75531, 17691, 63845, 68413, 76826, 30524, 48607, 6718, 24768, 14247, 23842, 98884, 92372, 55279, 40315, 43705, 6728, 53868, 34432, 73753, 89438, 79733, 83929, 38685, 35410, 5343, 16823, 35888, 70000, 12879, 27426, 44726, 95438, 53746, 11554, 35563, 36846, 46156, 65002, 72433, 85297, 12477, 3511, 72425, 53166, 5796, 30717, 45518, 76561, 21526, 65748, 18017, 64172, 9175, 16724, 51276, 1749, 5687, 47923, 68260, 48548, 94393, 55323, 76604, 84009, 54574, 8798, 35733, 67233, 4198, 56844, 12629, 29196, 81671, 71295, 84963, 73193, 37662, 77918, 40265, 71387, 2776, 72056, 79890, 24380, 6524, 11920, 82004, 80554, 7771, 51485, 29874, 64851, 32118, 68660, 22646, 40503, 29950, 45632, 59339, 63591, 66553, 79195, 90039, 8891, 94412, 82595, 43578, 41060, 60184, 28053, 84947, 77614, 38864, 91374, 58545, 50015, 19960, 7381, 78763, 85070, 21507, 19025, 51930, 32629, 45143, 39756, 26052, 37388, 90108, 9391, 53674, 16962, 24269, 95106, 99931, 56381, 37781, 12365, 84199, 30949, 74271, 916, 85830, 97679, 18102, 478, 75886, 30302, 21977, 90537, 30063, 19357, 81788, 35261, 14719, 66114, 20921, 20240, 5992, 58367, 9680, 68600, 85141, 46379, 54808, 83564, 47005, 66549, 22371, 91024, 89979, 20226, 63714, 58641, 45142, 46907, 57602, 15144, 97990, 7439, 11158, 59469, 11328, 80659, 5962, 25695, 77537, 11892, 91592, 56748, 38581, 37353, 71743, 70419, 27563, 8343, 51963, 16605, 94638, 42057, 61173, 28541, 41743, 60295, 49767, 73628, 41163, 91833, 78182, 82565, 25215, 96862, 76058, 44249, 82715, 20979, 71376, 27708, 78050, 40085, 30494, 46076, 48158, 98017, 59418, 77712, 4502, 58514, 86759, 30136, 53692, 84446, 34409, 6828, 35370, 50950, 51945, 59877, 55822, 81173, 57512, 24080, 92189, 34559, 32530, 48867, 64932, 44, 85888, 8300, 92843, 6844, 39222, 76898, 88754, 22876, 38074, 43299, 88699, 81654, 61902, 89999, 13497, 66668, 7338, 74096, 38397, 11013, 98336, 40480, 33892, 63626, 49088, 71312, 23172, 10803, 62392, 24917, 67254, 58009, 81336, 59457, 73844, 95696, 6506, 27308, 70695, 56701, 13067, 41613, 72662, 53528, 75491, 42519, 81780, 31754, 13856, 88917, 96452, 41223, 89774, 10407, 31336, 50783, 20291, 5997, 7069, 31395, 24625, 6189, 56620, 24762, 84988, 68874, 85812, 41091, 24302, 77112, 35149, 22780, 53184, 18627, 57549, 17465, 63612, 87939, 6980, 60883, 29814, 87238, 14952, 60779, 86760, 61062, 30267, 24445, 56989, 27229, 82900, 90023, 57786, 63779, 40235, 86679, 51776, 22058, 63483, 39593, 41554, 8133, 95503, 6716, 25867, 90267, 22987, 39665, 98545, 93605, 1747, 78248, 27473, 33109, 26918, 82634, 51318, 80099, 73743, 12182, 94300, 46775, 25047, 68889, 10070, 18361, 65084, 37080, 70960, 83222, 67058, 98067, 22471, 67691, 59607, 67337, 8930, 21238, 46639, 45431, 43153, 96128, 24156, 80501, 82080, 49059, 2091, 12212, 52072, 31681, 90064, 42922, 12694, 63500, 88958, 85424, 60965, 55836, 88426, 54941, 94663, 65220, 71036, 49752, 17451, 53699, 9314, 14619, 3290, 44849, 90564, 91441, 62905, 40530, 5641, 37318, 36823, 31308, 19382, 62343, 86280, 16633, 47566, 15336, 77921, 88788, 50425, 20260, 79556, 59009, 60227, 87434, 40228, 88797, 25912, 98562, 76789, 91824, 52309, 10258, 50738, 95463, 77205, 93493, 68362, 24106, 95689, 49524, 69579, 66348, 75971, 22529, 74132, 89303, 37488, 5127, 63655, 17283, 25796, 52901, 73353, 59242, 58591, 76499, 46764, 96815, 56675, 19904, 86086, 9538, 16381, 25966, 48189, 47295, 50918, 3257, 56486, 10672, 45517, 6977, 66557, 24565, 14166, 47870, 73695, 59021, 61532, 83752, 51246, 6816, 65190, 71364, 98756, 25731, 84141, 78432, 21130, 69362, 52504, 59655, 73856, 97330, 50721, 19705, 54620, 16926, 96429, 24048, 73377, 67355, 15053, 17980, 70735, 35236, 75523, 91241, 23447, 72477, 51156, 95259, 88333, 29494, 67321, 52714, 62917, 99842, 65229, 6617, 44275, 88720, 37853, 8770, 63811, 7507, 89636, 17817, 1558, 85068, 79776, 73733, 11481, 89926, 56682, 49746, 9429, 50818, 45883, 58652, 12423, 26431, 60221, 95661, 73944, 68283, 51044, 69558, 68608, 65135, 29404, 17239, 5514, 47278, 63393, 94877, 23491, 47292, 6877, 19032, 65956, 9732, 97912, 1976, 37613, 34466, 61934, 57269, 53618, 5940, 93510, 52374, 85684, 22266, 86296, 60665, 10810, 9462, 494, 58482, 75247, 71566, 31620, 58819, 97731, 83116, 7767, 83623, 12444, 57312, 49834, 46402, 98377, 30435, 36116, 16443, 25589, 45312, 64514, 37426, 76200, 11178, 7488, 18610, 92099, 97566, 6854, 33656, 17686, 10866, 73697, 81050, 12312, 6505, 95303, 61521, 72092, 94259, 32683, 45746, 77187, 88803, 39457, 40047, 95729, 22380, 62708, 14355, 83408, 29714, 50213, 24600, 63055, 94787, 52488, 53820, 72502, 35142, 82539, 36201, 83535, 70150, 4544, 53013, 91532, 98794, 75749, 37723, 24569, 90322, 279, 84293, 85419, 53204, 7321, 22724, 95538, 85836, 2877, 93721, 73981, 40836, 90505, 94370, 88415, 37372, 69317, 25860, 4116, 35759, 84385, 33447, 84816, 12456, 31068, 57878, 18743, 27118, 55146, 45045, 76854, 36409, 49423, 25447, 28432, 61176, 34319, 67878, 7127, 41048, 27399, 57337, 84290, 2409, 69039, 23729, 7494, 36747, 48478, 38848, 42755, 293, 91046, 40498, 48156, 87860, 19957, 4960, 74844, 19836, 92291, 57801, 90081, 88664, 17768, 78881, 47919, 71822, 34413, 1930, 46778, 88873, 89253, 43012, 48581, 9353, 85645, 13891, 48249, 50115, 66199, 3386, 20854, 99932, 28051, 71692, 93909, 74084, 74671, 89896, 50523, 88742, 12398, 72247, 55742, 51721, 34827, 36846, 62982, 39419, 78439, 9343, 48468, 84544, 39864, 76167, 43812, 71247, 20757, 1762, 41180, 27413, 60564, 22669, 82173, 16704, 46485, 72310, 26823, 41298, 58642, 32787, 90874, 58140, 56784, 29999, 8759, 96835, 78050, 41544, 1255, 17455, 33878, 64547, 58966, 82332, 5215, 48306, 8922, 24655, 4697, 70882, 84900, 82562, 62735, 34434, 73303, 61588, 35094, 68503, 41162, 54916, 58190, 12626, 60530, 22534, 77445, 84110, 41705, 60129, 60275, 26541, 44213, 1777, 13370, 3088, 42025, 39125, 6806, 57675, 48434, 98242, 36838, 43086, 11553, 17088, 22108, 72325, 25128, 87991, 65587, 14862, 36451, 44287, 9734, 15759, 72468, 61485, 14174, 26892, 64268, 19975, 5444, 33247, 50382, 76845, 87224, 36256, 66890, 95968, 72639, 77038, 43204, 39754, 36312, 74369, 96758, 27679, 249, 98284, 44817, 61235, 55085, 9992, 27298, 25783, 69424, 39622, 26481, 58524, 35109, 38014, 50849, 43262, 70599, 1236, 29822, 19493, 40976, 26562, 7919, 16019, 11304, 44960, 68766, 47516, 55933, 93459, 51964, 80457, 87397, 77661, 10867, 13339, 38927, 67085, 83000, 91594, 70221, 32812, 41638, 39247, 63161, 56481, 85947, 619, 54521, 29223, 59027, 34890, 77305, 79995, 54866, 56578, 59831, 16991, 48800, 12168, 58544, 42596, 87951, 65721, 11198, 23052, 15984, 12347, 45822, 1513, 17129, 34479, 87885, 87506, 81928, 20343, 45290, 20189, 98974, 29926, 61725, 72592, 35725, 72251, 55074, 7660, 24694]})"
562.0,9,164,84,57.72123169898987,10696,"Genotype(dna={""<class 'abc.NT_0017'>"": [1, 23052], ""<class 'abc.NT_0017_P_00000'>"": [], ""<class 'abc.NT_0005'>"": [0, 0, 35544, 1, 0, 1, 0, 1, 1, 1513], ""<class 'abc.NT_0005_P_00000'>"": [], ""<class 'abc.NT_0005_P_00001'>"": [], ""<class 'bool'>"": [50833, 28611, 95173, 92596, 84996, 15299, 84608, 73218, 73704, 53577, 54127, 73580, 61648, 63455, 34182, 28379, 9832, 69766, 27025, 9321, 39372, 40559, 45589, 21512, 9991, 31131, 22379, 82972, 66879, 7070, 87492, 33083, 92916, 1233, 89415, 28350, 54741, 51276, 16414, 74832, 4355, 87209, 57305, 93042, 23231, 67903, 93745, 31960, 29422, 28659, 99170, 40455, 13273, 92051, 14178, 78998, 45259, 78698, 95977, 93014, 83753, 21951, 16043, 13772, 66730, 10736, 57934, 29081, 62948, 99869, 41968, 82469, 93064, 59471, 51253, 67704, 97811, 82022, 87389, 59617, 67283, 63422, 70186, 58801, 23472, 68171, 46787, 87700, 86179, 38104, 2384, 90063, 6576, 80132, 98840, 65605, 74894, 53809, 99733, 89043, 84198, 62780, 94716, 23035, 32450, 31489, 41399, 87765, 69122, 99723, 54018, 92501, 39572, 89999, 58379, 67238, 50112, 90146, 55533, 46837, 57815, 68681, 79206, 32534, 3130, 58659, 69605, 82887, 74526, 5911, 58400, 62789, 48677, 31474, 44702, 39368, 40140, 19876, 33772, 86631, 58194, 70508], ""<class 'int'>"": [88091, 54758, 80960, 4147, 58985, 98835, 33177, 12380, 43928, 18156, 46293, 82997, 26546, 21931, 20632, 91665, 69275, 46303, 61738, 80613, 63967, 92163, 79154, 79668, 18313, 6071, 50712, 91463, 54716, 33220, 52575, 78591, 28324, 24851, 385, 86434, 6594, 95864, 4088, 31907, 5028, 70908, 60125, 88976, 64506, 45119, 63026, 18677, 76141, 62129, 40973, 74468, 90479, 50241, 61828, 14495, 64587, 47259, 69389, 59226, 21182, 99643, 3451, 67066, 55205, 22485, 89443, 19030, 10288, 23574, 78426, 55280, 17305, 68878, 94325, 9074, 35370, 56456, 95300, 73961, 59051, 835, 21640, 2744, 30054, 96306, 55542, 57066, 65643, 97962, 97088, 62680, 24967, 56005, 85155, 81002, 48234, 28842, 92105, 38714, 65511, 82476, 73240, 25988, 68682, 4749, 1059, 85277, 54664, 55169, 72830, 29209, 32377, 56597, 43815, 46740, 16019, 36704, 91606, 3697, 42934, 87720, 75207, 56054, 59737, 79252, 96186, 60558, 8582, 3209, 7798, 18736, 20655, 95860, 60671, 36386, 88318, 80757, 49888, 58523, 36742, 48071, 76427, 91397, 47115, 74907, 19807, 19166, 48854, 4778, 9526, 30084, 70329, 29929, 24152, 98179, 6661, 59360, 47157, 52018, 24734, 716, 46264, 89982, 86072, 78100, 64619, 77321], ""<class 'abc.NT_0010'>"": [0, 0, 1, 53054], ""<class 'abc.NT_0010_P_00000'>"": [], ""<class 'abc.NT_0006'>"": [2, 2, 0, 1, 1302, 1892], ""<class 'abc.NT_0006_P_00000'>"": [], ""<class 'abc.NT_0006_P_00001'>"": [], ""<class 'abc.NT_0002'>"": [1, 1, 2, 1, 1, 1, 1, 0, 2, 1, 41818, 0, 2, 0, 1, 0, 2, 1, 53720, 1, 0, 0, 69722, 1, 8713, 0, 0, 2, 0, 0, 0, 2, 1, 64800, 99864], ""<class 'abc.NT_0002_P_00000'>"": [], ""<class 'abc.NT_0001'>"": [1, 1, 1, 0, 0, 0, 0, 1, 1, 1, 1, 0, 1, 16227, 1, 1, 1, 1, 0, 0, 10290, 0, 0, 0, 0, 0, 1, 40887, 0, 0, 0, 0, 0, 0, 0, 0, 0, 1, 0, 0, 0, 0, 76558, 0, 0, 0, 1, 0, 0, 26591, 1, 1, 1, 0, 1, 0, 0, 45290], ""<class 'abc.NT_0001_P_00000'>"": [], ""<class 'abc.NT_0001_P_00001'>"": [], ""<class 'abc.NT_0000'>"": [0, 1, 1, 94528, 1, 0, 1, 1, 31647, 1, 1, 80324, 0, 0, 75412, 1, 69944, 1, 0, 0, 0, 1, 0, 0, 0, 1, 1, 0, 1, 3483, 1, 0, 42401, 0, 0, 0, 0, 54668, 66557, 1, 0, 1, 1, 0, 0, 21028, 54540, 1, 5444, 3614, 1, 0, 0, 0, 0, 0, 71485, 1, 0, 0, 0, 0, 1, 20343], ""<class 'abc.NT_0000_P_00000'>"": [], ""<class 'abc.NT_0000_P_00001'>"": [], ""<class 'abc.NT_0002_P_00001'>"": [], ""<class 'abc.NT_0002_P_00002'>"": [], ""<class 'abc.NT_0006_P_00002'>"": [], ""<class 'abc.NT_0007'>"": [1, 0, 1, 2, 87885, 72251, 55074], ""<class 'abc.NT_0007_P_00000'>"": [], ""<class 'abc.NT_0007_P_00001'>"": [], ""<class 'abc.NT_0007_P_00002'>"": [], ""<class 'abc.NT_0004'>"": [1, 1, 77639, 2, 1, 2, 63194, 90154], ""<class 'abc.NT_0004_P_00000'>"": [], ""<class 'abc.NT_0003'>"": [10039, 1, 0, 1, 98974, 61725, 72592, 35725, 7660], ""<class 'abc.NT_0003_P_00000'>"": [], ""<class 'abc.NT_0003_P_00001'>"": [], ""<class 'abc.NT_0003_P_00002'>"": [], ""<class 'abc.NT_0003_P_00003'>"": [], ""<class 'abc.NT_0004_P_00001'>"": [], ""<class 'abc.NT_0004_P_00002'>"": [], ""<class 'abc.NT_0009'>"": [3, 0, 1, 1, 0, 45822], ""<class 'abc.NT_0009_P_00000'>"": [], ""<class 'abc.NT_0008'>"": [15828, 0, 83857, 0, 0, 0, 17129], ""<class 'abc.NT_0008_P_00000'>"": [], ""<class 'abc.NT_0009_P_00001'>"": [], ""<class 'abc.NT_0009_P_00002'>"": [], ""<class 'abc.NT_0009_P_00003'>"": [], ""<class 'abc.NT_0010_P_00001'>"": [], ""<class 'abc.NT_0010_P_00002'>"": [], ""<class 'abc.NT_0017_P_00001'>"": [], ""<class 'abc.NT_0012'>"": [0, 0, 27606, 0, 0, 65962], ""<class 'abc.NT_0012_P_00000'>"": [], ""<class 'abc.NT_0012_P_00001'>"": [], ""<class 'abc.NT_0017_P_00002'>"": [], ""<class 'abc.NT_0013'>"": [], ""<class 'abc.NT_0013_P_00000'>"": [], ""<class 'abc.NT_0011'>"": [0, 94522], ""<class 'abc.NT_0011_P_00000'>"": [], ""<class 'abc.NT_0011_P_00001'>"": [], ""<class 'abc.NT_0011_P_00002'>"": [], ""<class 'abc.NT_0013_P_00001'>"": [], ""<class 'abc.NT_0013_P_00002'>"": [], ""<class 'abc.NT_0017_P_00003'>"": [], ""<class 'abc.NT_0016'>"": [0, 20070], ""<class 'abc.NT_0016_P_00000'>"": [], ""<class 'abc.NT_0016_P_00001'>"": [], ""<class 'abc.NT_0016_P_00002'>"": [], '$leftovers': [13707, 7777, 43103, 79112, 41937, 82055, 41802, 80929, 37572, 24235, 1002, 66268, 87311, 99058, 42897, 54099, 4751, 39061, 38658, 18856, 32793, 32020, 84694, 43326, 66351, 11593, 16559, 82179, 29701, 14785, 63931, 19995, 86098, 88506, 88906, 98218, 57143, 64899, 75531, 17691, 63845, 68413, 76826, 30524, 48607, 6718, 24768, 14247, 23842, 98884, 92372, 55279, 40315, 43705, 6728, 53868, 34432, 73753, 89438, 79733, 83929, 38685, 35410, 5343, 16823, 35888, 70000, 12879, 27426, 44726, 95438, 53746, 11554, 35563, 36846, 46156, 65002, 72433, 85297, 12477, 3511, 72425, 53166, 5796, 30717, 45518, 76561, 21526, 65748, 18017, 64172, 9175, 16724, 51276, 1749, 5687, 47923, 68260, 48548, 94393, 55323, 76604, 84009, 54574, 8798, 35733, 67233, 4198, 56844, 12629, 29196, 81671, 71295, 84963, 73193, 37662, 77918, 40265, 71387, 2776, 72056, 79890, 24380, 6524, 11920, 82004, 80554, 7771, 51485, 29874, 64851, 32118, 68660, 22646, 40503, 29950, 45632, 59339, 63591, 66553, 79195, 90039, 8891, 94412, 82595, 43578, 41060, 60184, 28053, 84947, 77614, 38864, 91374, 58545, 50015, 19960, 7381, 78763, 85070, 21507, 19025, 51930, 32629, 45143, 39756, 26052, 37388, 90108, 9391, 53674, 16962, 24269, 95106, 99931, 56381, 37781, 12365, 84199, 30949, 74271, 916, 85830, 97679, 18102, 478, 75886, 30302, 21977, 90537, 30063, 19357, 81788, 35261, 14719, 66114, 20921, 20240, 5992, 58367, 9680, 68600, 85141, 46379, 54808, 83564, 47005, 66549, 22371, 91024, 89979, 20226, 63714, 58641, 45142, 46907, 57602, 15144, 97990, 7439, 11158, 59469, 11328, 80659, 5962, 25695, 77537, 11892, 91592, 56748, 38581, 37353, 71743, 70419, 27563, 8343, 51963, 16605, 94638, 42057, 61173, 28541, 41743, 60295, 49767, 73628, 41163, 91833, 78182, 82565, 25215, 96862, 76058, 44249, 82715, 20979, 71376, 27708, 78050, 40085, 30494, 46076, 48158, 98017, 59418, 77712, 4502, 58514, 86759, 30136, 53692, 84446, 34409, 6828, 35370, 50950, 51945, 59877, 55822, 81173, 57512, 24080, 92189, 34559, 32530, 48867, 64932, 44, 85888, 8300, 92843, 6844, 39222, 76898, 88754, 22876, 38074, 43299, 88699, 81654, 61902, 89999, 13497, 66668, 7338, 74096, 38397, 11013, 98336, 40480, 33892, 63626, 49088, 71312, 23172, 10803, 62392, 24917, 67254, 58009, 81336, 59457, 73844, 95696, 6506, 27308, 70695, 56701, 13067, 41613, 72662, 53528, 75491, 42519, 81780, 31754, 13856, 88917, 96452, 41223, 89774, 10407, 31336, 50783, 20291, 5997, 7069, 31395, 24625, 6189, 56620, 24762, 84988, 68874, 85812, 41091, 24302, 77112, 35149, 22780, 53184, 18627, 57549, 17465, 63612, 87939, 6980, 60883, 29814, 87238, 14952, 60779, 86760, 61062, 30267, 24445, 56989, 27229, 82900, 90023, 57786, 63779, 40235, 86679, 51776, 22058, 63483, 39593, 41554, 8133, 95503, 6716, 25867, 90267, 22987, 39665, 98545, 93605, 1747, 78248, 27473, 33109, 26918, 82634, 51318, 80099, 73743, 12182, 94300, 46775, 25047, 68889, 10070, 18361, 65084, 37080, 70960, 83222, 67058, 98067, 22471, 67691, 59607, 67337, 8930, 21238, 46639, 45431, 43153, 96128, 24156, 80501, 82080, 49059, 2091, 12212, 52072, 31681, 90064, 42922, 12694, 63500, 88958, 85424, 60965, 55836, 88426, 54941, 94663, 65220, 71036, 49752, 17451, 53699, 9314, 14619, 3290, 44849, 90564, 91441, 62905, 40530, 5641, 37318, 36823, 31308, 19382, 62343, 86280, 16633, 47566, 15336, 77921, 88788, 50425, 20260, 79556, 59009, 60227, 87434, 40228, 88797, 25912, 98562, 76789, 91824, 52309, 10258, 50738, 95463, 77205, 93493, 68362, 24106, 95689, 49524, 69579, 66348, 75971, 22529, 74132, 89303, 37488, 5127, 63655, 17283, 25796, 52901, 73353, 59242, 58591, 76499, 46764, 96815, 56675, 19904, 86086, 9538, 16381, 25966, 48189, 47295, 50918, 3257, 56486, 10672, 45517, 6977, 66557, 24565, 14166, 47870, 73695, 59021, 61532, 83752, 51246, 6816, 65190, 71364, 98756, 25731, 84141, 78432, 21130, 69362, 52504, 59655, 73856, 97330, 50721, 19705, 54620, 16926, 96429, 24048, 73377, 67355, 15053, 17980, 70735, 35236, 75523, 91241, 23447, 72477, 51156, 95259, 88333, 29494, 67321, 52714, 62917, 99842, 65229, 6617, 44275, 88720, 37853, 8770, 63811, 7507, 89636, 17817, 1558, 85068, 79776, 73733, 11481, 89926, 56682, 49746, 9429, 50818, 45883, 58652, 12423, 26431, 60221, 95661, 73944, 68283, 51044, 69558, 68608, 65135, 29404, 17239, 5514, 47278, 63393, 94877, 23491, 47292, 6877, 19032, 65956, 9732, 97912, 1976, 37613, 34466, 61934, 57269, 53618, 5940, 93510, 52374, 85684, 22266, 86296, 60665, 10810, 9462, 494, 58482, 75247, 71566, 31620, 58819, 97731, 83116, 7767, 83623, 12444, 57312, 49834, 46402, 98377, 30435, 36116, 16443, 25589, 45312, 64514, 37426, 76200, 11178, 7488, 18610, 92099, 97566, 6854, 33656, 17686, 10866, 73697, 81050, 12312, 6505, 95303, 61521, 72092, 94259, 32683, 45746, 77187, 88803, 39457, 40047, 95729, 22380, 62708, 14355, 83408, 29714, 50213, 24600, 63055, 94787, 52488, 53820, 72502, 35142, 82539, 36201, 83535, 70150, 4544, 53013, 91532, 98794, 75749, 37723, 24569, 90322, 279, 84293, 85419, 53204, 7321, 22724, 95538, 85836, 2877, 93721, 73981, 40836, 90505, 94370, 88415, 37372, 69317, 25860, 4116, 35759, 84385, 33447, 84816, 12456, 31068, 57878, 18743, 27118, 55146, 45045, 76854, 36409, 49423, 25447, 28432, 61176, 34319, 67878, 7127, 41048, 27399, 57337, 84290, 2409, 69039, 23729, 7494, 36747, 48478, 38848, 42755, 293, 91046, 40498, 48156, 87860, 19957, 4960, 74844, 19836, 92291, 57801, 90081, 88664, 17768, 78881, 47919, 71822, 34413, 1930, 46778, 88873, 89253, 43012, 48581, 9353, 85645, 13891, 48249, 50115, 66199, 3386, 20854, 99932, 28051, 71692, 93909, 74084, 74671, 89896, 50523, 88742, 12398, 72247, 55742, 51721, 34827, 36846, 62982, 39419, 78439, 9343, 48468, 84544, 39864, 76167, 43812, 71247, 20757, 1762, 41180, 27413, 60564, 22669, 82173, 16704, 46485, 72310, 26823, 41298, 58642, 32787, 90874, 58140, 56784, 29999, 8759, 96835, 78050, 41544, 1255, 17455, 33878, 64547, 58966, 82332, 5215, 48306, 8922, 24655, 4697, 70882, 84900, 82562, 62735, 34434, 73303, 61588, 35094, 68503, 41162, 54916, 58190, 12626, 60530, 22534, 77445, 84110, 41705, 60129, 60275, 26541, 44213, 1777, 13370, 3088, 42025, 39125, 6806, 57675, 48434, 98242, 36838, 43086, 11553, 17088, 22108, 72325, 25128, 87991, 65587, 14862, 36451, 44287, 9734, 15759, 72468, 61485, 14174, 26892, 64268, 19975, 5444, 33247, 50382, 76845, 87224, 36256, 66890, 95968, 72639, 77038, 43204, 39754, 36312, 74369, 96758, 27679, 249, 98284, 44817, 61235, 55085, 9992, 27298, 25783, 69424, 39622, 26481, 58524, 35109, 38014, 50849, 43262, 70599, 1236, 29822, 19493, 40976, 26562, 7919, 16019, 11304, 44960, 68766, 47516, 55933, 93459, 51964, 80457, 87397, 77661, 10867, 13339, 38927, 67085, 83000, 91594, 70221, 32812, 41638, 39247, 63161, 56481, 85947, 619, 54521, 29223, 59027, 34890, 77305, 79995, 54866, 56578, 59831, 16991, 48800, 12168, 58544, 42596, 87951, 65721, 11198, 23052, 15984, 12347, 45822, 1513, 17129, 34479, 87885, 87506, 81928, 20343, 45290, 20189, 98974, 29926, 61725, 72592, 35725, 72251, 55074, 7660, 24694]})"
562.0,9,164,85,58.11253046989441,10696,"Genotype(dna={""<class 'abc.NT_0017'>"": [1, 23052], ""<class 'abc.NT_0017_P_00000'>"": [], ""<class 'abc.NT_0005'>"": [0, 0, 35544, 1, 0, 1, 0, 1, 1, 1513], ""<class 'abc.NT_0005_P_00000'>"": [], ""<class 'abc.NT_0005_P_00001'>"": [], ""<class 'bool'>"": [50833, 28611, 95173, 92596, 84996, 15299, 84608, 73218, 73704, 53577, 54127, 73580, 61648, 63455, 34182, 28379, 9832, 69766, 27025, 9321, 39372, 40559, 45589, 21512, 9991, 31131, 22379, 82972, 66879, 7070, 87492, 33083, 92916, 1233, 89415, 28350, 54741, 51276, 16414, 74832, 4355, 87209, 57305, 93042, 23231, 67903, 93745, 31960, 29422, 28659, 99170, 40455, 13273, 92051, 14178, 78998, 45259, 78698, 95977, 93014, 83753, 21951, 16043, 13772, 66730, 10736, 57934, 29081, 62948, 99869, 41968, 82469, 93064, 59471, 51253, 67704, 97811, 82022, 87389, 59617, 67283, 63422, 70186, 58801, 23472, 68171, 46787, 87700, 86179, 38104, 2384, 90063, 6576, 80132, 98840, 65605, 74894, 53809, 99733, 89043, 84198, 62780, 94716, 23035, 32450, 31489, 41399, 87765, 69122, 99723, 54018, 92501, 39572, 89999, 58379, 67238, 50112, 90146, 55533, 46837, 57815, 68681, 79206, 32534, 3130, 58659, 69605, 82887, 74526, 5911, 58400, 62789, 48677, 31474, 44702, 39368, 40140, 19876, 33772, 86631, 58194, 70508], ""<class 'int'>"": [88091, 54758, 80960, 4147, 58985, 98835, 33177, 12380, 43928, 18156, 46293, 82997, 26546, 21931, 20632, 91665, 69275, 46303, 61738, 80613, 63967, 92163, 79154, 79668, 18313, 6071, 50712, 91463, 54716, 33220, 52575, 78591, 28324, 24851, 385, 86434, 6594, 95864, 4088, 31907, 5028, 70908, 60125, 88976, 64506, 45119, 63026, 18677, 76141, 62129, 40973, 74468, 90479, 50241, 61828, 14495, 64587, 47259, 69389, 59226, 21182, 99643, 3451, 67066, 55205, 22485, 89443, 19030, 10288, 23574, 78426, 55280, 17305, 68878, 94325, 9074, 35370, 56456, 95300, 73961, 59051, 835, 21640, 2744, 30054, 96306, 55542, 57066, 65643, 97962, 97088, 62680, 24967, 56005, 85155, 81002, 48234, 28842, 92105, 38714, 65511, 82476, 73240, 25988, 68682, 4749, 1059, 85277, 54664, 55169, 72830, 29209, 32377, 56597, 43815, 46740, 16019, 36704, 91606, 3697, 42934, 87720, 75207, 56054, 59737, 79252, 96186, 60558, 8582, 3209, 7798, 18736, 20655, 95860, 60671, 36386, 88318, 80757, 49888, 58523, 36742, 48071, 76427, 91397, 47115, 74907, 19807, 19166, 48854, 4778, 9526, 30084, 70329, 29929, 24152, 98179, 6661, 59360, 47157, 52018, 24734, 716, 46264, 89982, 86072, 78100, 64619, 77321], ""<class 'abc.NT_0010'>"": [0, 0, 1, 53054], ""<class 'abc.NT_0010_P_00000'>"": [], ""<class 'abc.NT_0006'>"": [2, 2, 0, 1, 1302, 1892], ""<class 'abc.NT_0006_P_00000'>"": [], ""<class 'abc.NT_0006_P_00001'>"": [], ""<class 'abc.NT_0002'>"": [1, 1, 2, 1, 1, 1, 1, 0, 2, 1, 41818, 0, 2, 0, 1, 0, 2, 1, 53720, 1, 0, 0, 69722, 1, 8713, 0, 0, 2, 0, 0, 0, 2, 1, 64800, 99864], ""<class 'abc.NT_0002_P_00000'>"": [], ""<class 'abc.NT_0001'>"": [1, 1, 1, 0, 0, 0, 0, 1, 1, 1, 1, 0, 1, 16227, 1, 1, 1, 1, 0, 0, 10290, 0, 0, 0, 0, 0, 1, 40887, 0, 0, 0, 0, 0, 0, 0, 0, 0, 1, 0, 0, 0, 0, 76558, 0, 0, 0, 1, 0, 0, 26591, 1, 1, 1, 0, 1, 0, 0, 45290], ""<class 'abc.NT_0001_P_00000'>"": [], ""<class 'abc.NT_0001_P_00001'>"": [], ""<class 'abc.NT_0000'>"": [0, 1, 1, 94528, 1, 0, 1, 1, 31647, 1, 1, 80324, 0, 0, 75412, 1, 69944, 1, 0, 0, 0, 1, 0, 0, 0, 1, 1, 0, 1, 3483, 1, 0, 42401, 0, 0, 0, 0, 54668, 66557, 1, 0, 1, 1, 0, 0, 21028, 54540, 1, 5444, 3614, 1, 0, 0, 0, 0, 0, 71485, 1, 0, 0, 0, 0, 1, 20343], ""<class 'abc.NT_0000_P_00000'>"": [], ""<class 'abc.NT_0000_P_00001'>"": [], ""<class 'abc.NT_0002_P_00001'>"": [], ""<class 'abc.NT_0002_P_00002'>"": [], ""<class 'abc.NT_0006_P_00002'>"": [], ""<class 'abc.NT_0007'>"": [1, 0, 1, 2, 87885, 72251, 55074], ""<class 'abc.NT_0007_P_00000'>"": [], ""<class 'abc.NT_0007_P_00001'>"": [], ""<class 'abc.NT_0007_P_00002'>"": [], ""<class 'abc.NT_0004'>"": [1, 1, 77639, 2, 1, 2, 63194, 90154], ""<class 'abc.NT_0004_P_00000'>"": [], ""<class 'abc.NT_0003'>"": [10039, 1, 0, 1, 98974, 61725, 72592, 35725, 7660], ""<class 'abc.NT_0003_P_00000'>"": [], ""<class 'abc.NT_0003_P_00001'>"": [], ""<class 'abc.NT_0003_P_00002'>"": [], ""<class 'abc.NT_0003_P_00003'>"": [], ""<class 'abc.NT_0004_P_00001'>"": [], ""<class 'abc.NT_0004_P_00002'>"": [], ""<class 'abc.NT_0009'>"": [3, 0, 1, 1, 0, 45822], ""<class 'abc.NT_0009_P_00000'>"": [], ""<class 'abc.NT_0008'>"": [15828, 0, 83857, 0, 0, 0, 17129], ""<class 'abc.NT_0008_P_00000'>"": [], ""<class 'abc.NT_0009_P_00001'>"": [], ""<class 'abc.NT_0009_P_00002'>"": [], ""<class 'abc.NT_0009_P_00003'>"": [], ""<class 'abc.NT_0010_P_00001'>"": [], ""<class 'abc.NT_0010_P_00002'>"": [], ""<class 'abc.NT_0017_P_00001'>"": [], ""<class 'abc.NT_0012'>"": [0, 0, 27606, 0, 0, 65962], ""<class 'abc.NT_0012_P_00000'>"": [], ""<class 'abc.NT_0012_P_00001'>"": [], ""<class 'abc.NT_0017_P_00002'>"": [], ""<class 'abc.NT_0013'>"": [], ""<class 'abc.NT_0013_P_00000'>"": [], ""<class 'abc.NT_0011'>"": [0, 94522], ""<class 'abc.NT_0011_P_00000'>"": [], ""<class 'abc.NT_0011_P_00001'>"": [], ""<class 'abc.NT_0011_P_00002'>"": [], ""<class 'abc.NT_0013_P_00001'>"": [], ""<class 'abc.NT_0013_P_00002'>"": [], ""<class 'abc.NT_0017_P_00003'>"": [], ""<class 'abc.NT_0016'>"": [0, 20070], ""<class 'abc.NT_0016_P_00000'>"": [], ""<class 'abc.NT_0016_P_00001'>"": [], ""<class 'abc.NT_0016_P_00002'>"": [], '$leftovers': [13707, 7777, 43103, 79112, 41937, 82055, 41802, 80929, 37572, 24235, 1002, 66268, 87311, 99058, 42897, 54099, 4751, 39061, 38658, 18856, 32793, 32020, 84694, 43326, 66351, 11593, 16559, 82179, 29701, 14785, 63931, 19995, 86098, 88506, 88906, 98218, 57143, 64899, 75531, 17691, 63845, 68413, 76826, 30524, 48607, 6718, 24768, 14247, 23842, 98884, 92372, 55279, 40315, 43705, 6728, 53868, 34432, 73753, 89438, 79733, 83929, 38685, 35410, 5343, 16823, 35888, 70000, 12879, 27426, 44726, 95438, 53746, 11554, 35563, 36846, 46156, 65002, 72433, 85297, 12477, 3511, 72425, 53166, 5796, 30717, 45518, 76561, 21526, 65748, 18017, 64172, 9175, 16724, 51276, 1749, 5687, 47923, 68260, 48548, 94393, 55323, 76604, 84009, 54574, 8798, 35733, 67233, 4198, 56844, 12629, 29196, 81671, 71295, 84963, 73193, 37662, 77918, 40265, 71387, 2776, 72056, 79890, 24380, 6524, 11920, 82004, 80554, 7771, 51485, 29874, 64851, 32118, 68660, 22646, 40503, 29950, 45632, 59339, 63591, 66553, 79195, 90039, 8891, 94412, 82595, 43578, 41060, 60184, 28053, 84947, 77614, 38864, 91374, 58545, 50015, 19960, 7381, 78763, 85070, 21507, 19025, 51930, 32629, 45143, 39756, 26052, 37388, 90108, 9391, 53674, 16962, 24269, 95106, 99931, 56381, 37781, 12365, 84199, 30949, 74271, 916, 85830, 97679, 18102, 478, 75886, 30302, 21977, 90537, 30063, 19357, 81788, 35261, 14719, 66114, 20921, 20240, 5992, 58367, 9680, 68600, 85141, 46379, 54808, 83564, 47005, 66549, 22371, 91024, 89979, 20226, 63714, 58641, 45142, 46907, 57602, 15144, 97990, 7439, 11158, 59469, 11328, 80659, 5962, 25695, 77537, 11892, 91592, 56748, 38581, 37353, 71743, 70419, 27563, 8343, 51963, 16605, 94638, 42057, 61173, 28541, 41743, 60295, 49767, 73628, 41163, 91833, 78182, 82565, 25215, 96862, 76058, 44249, 82715, 20979, 71376, 27708, 78050, 40085, 30494, 46076, 48158, 98017, 59418, 77712, 4502, 58514, 86759, 30136, 53692, 84446, 34409, 6828, 35370, 50950, 51945, 59877, 55822, 81173, 57512, 24080, 92189, 34559, 32530, 48867, 64932, 44, 85888, 8300, 92843, 6844, 39222, 76898, 88754, 22876, 38074, 43299, 88699, 81654, 61902, 89999, 13497, 66668, 7338, 74096, 38397, 11013, 98336, 40480, 33892, 63626, 49088, 71312, 23172, 10803, 62392, 24917, 67254, 58009, 81336, 59457, 73844, 95696, 6506, 27308, 70695, 56701, 13067, 41613, 72662, 53528, 75491, 42519, 81780, 31754, 13856, 88917, 96452, 41223, 89774, 10407, 31336, 50783, 20291, 5997, 7069, 31395, 24625, 6189, 56620, 24762, 84988, 68874, 85812, 41091, 24302, 77112, 35149, 22780, 53184, 18627, 57549, 17465, 63612, 87939, 6980, 60883, 29814, 87238, 14952, 60779, 86760, 61062, 30267, 24445, 56989, 27229, 82900, 90023, 57786, 63779, 40235, 86679, 51776, 22058, 63483, 39593, 41554, 8133, 95503, 6716, 25867, 90267, 22987, 39665, 98545, 93605, 1747, 78248, 27473, 33109, 26918, 82634, 51318, 80099, 73743, 12182, 94300, 46775, 25047, 68889, 10070, 18361, 65084, 37080, 70960, 83222, 67058, 98067, 22471, 67691, 59607, 67337, 8930, 21238, 46639, 45431, 43153, 96128, 24156, 80501, 82080, 49059, 2091, 12212, 52072, 31681, 90064, 42922, 12694, 63500, 88958, 85424, 60965, 55836, 88426, 54941, 94663, 65220, 71036, 49752, 17451, 53699, 9314, 14619, 3290, 44849, 90564, 91441, 62905, 40530, 5641, 37318, 36823, 31308, 19382, 62343, 86280, 16633, 47566, 15336, 77921, 88788, 50425, 20260, 79556, 59009, 60227, 87434, 40228, 88797, 25912, 98562, 76789, 91824, 52309, 10258, 50738, 95463, 77205, 93493, 68362, 24106, 95689, 49524, 69579, 66348, 75971, 22529, 74132, 89303, 37488, 5127, 63655, 17283, 25796, 52901, 73353, 59242, 58591, 76499, 46764, 96815, 56675, 19904, 86086, 9538, 16381, 25966, 48189, 47295, 50918, 3257, 56486, 10672, 45517, 6977, 66557, 24565, 14166, 47870, 73695, 59021, 61532, 83752, 51246, 6816, 65190, 71364, 98756, 25731, 84141, 78432, 21130, 69362, 52504, 59655, 73856, 97330, 50721, 19705, 54620, 16926, 96429, 24048, 73377, 67355, 15053, 17980, 70735, 35236, 75523, 91241, 23447, 72477, 51156, 95259, 88333, 29494, 67321, 52714, 62917, 99842, 65229, 6617, 44275, 88720, 37853, 8770, 63811, 7507, 89636, 17817, 1558, 85068, 79776, 73733, 11481, 89926, 56682, 49746, 9429, 50818, 45883, 58652, 12423, 26431, 60221, 95661, 73944, 68283, 51044, 69558, 68608, 65135, 29404, 17239, 5514, 47278, 63393, 94877, 23491, 47292, 6877, 19032, 65956, 9732, 97912, 1976, 37613, 34466, 61934, 57269, 53618, 5940, 93510, 52374, 85684, 22266, 86296, 60665, 10810, 9462, 494, 58482, 75247, 71566, 31620, 58819, 97731, 83116, 7767, 83623, 12444, 57312, 49834, 46402, 98377, 30435, 36116, 16443, 25589, 45312, 64514, 37426, 76200, 11178, 7488, 18610, 92099, 97566, 6854, 33656, 17686, 10866, 73697, 81050, 12312, 6505, 95303, 61521, 72092, 94259, 32683, 45746, 77187, 88803, 39457, 40047, 95729, 22380, 62708, 14355, 83408, 29714, 50213, 24600, 63055, 94787, 52488, 53820, 72502, 35142, 82539, 36201, 83535, 70150, 4544, 53013, 91532, 98794, 75749, 37723, 24569, 90322, 279, 84293, 85419, 53204, 7321, 22724, 95538, 85836, 2877, 93721, 73981, 40836, 90505, 94370, 88415, 37372, 69317, 25860, 4116, 35759, 84385, 33447, 84816, 12456, 31068, 57878, 18743, 27118, 55146, 45045, 76854, 36409, 49423, 25447, 28432, 61176, 34319, 67878, 7127, 41048, 27399, 57337, 84290, 2409, 69039, 23729, 7494, 36747, 48478, 38848, 42755, 293, 91046, 40498, 48156, 87860, 19957, 4960, 74844, 19836, 92291, 57801, 90081, 88664, 17768, 78881, 47919, 71822, 34413, 1930, 46778, 88873, 89253, 43012, 48581, 9353, 85645, 13891, 48249, 50115, 66199, 3386, 20854, 99932, 28051, 71692, 93909, 74084, 74671, 89896, 50523, 88742, 12398, 72247, 55742, 51721, 34827, 36846, 62982, 39419, 78439, 9343, 48468, 84544, 39864, 76167, 43812, 71247, 20757, 1762, 41180, 27413, 60564, 22669, 82173, 16704, 46485, 72310, 26823, 41298, 58642, 32787, 90874, 58140, 56784, 29999, 8759, 96835, 78050, 41544, 1255, 17455, 33878, 64547, 58966, 82332, 5215, 48306, 8922, 24655, 4697, 70882, 84900, 82562, 62735, 34434, 73303, 61588, 35094, 68503, 41162, 54916, 58190, 12626, 60530, 22534, 77445, 84110, 41705, 60129, 60275, 26541, 44213, 1777, 13370, 3088, 42025, 39125, 6806, 57675, 48434, 98242, 36838, 43086, 11553, 17088, 22108, 72325, 25128, 87991, 65587, 14862, 36451, 44287, 9734, 15759, 72468, 61485, 14174, 26892, 64268, 19975, 5444, 33247, 50382, 76845, 87224, 36256, 66890, 95968, 72639, 77038, 43204, 39754, 36312, 74369, 96758, 27679, 249, 98284, 44817, 61235, 55085, 9992, 27298, 25783, 69424, 39622, 26481, 58524, 35109, 38014, 50849, 43262, 70599, 1236, 29822, 19493, 40976, 26562, 7919, 16019, 11304, 44960, 68766, 47516, 55933, 93459, 51964, 80457, 87397, 77661, 10867, 13339, 38927, 67085, 83000, 91594, 70221, 32812, 41638, 39247, 63161, 56481, 85947, 619, 54521, 29223, 59027, 34890, 77305, 79995, 54866, 56578, 59831, 16991, 48800, 12168, 58544, 42596, 87951, 65721, 11198, 23052, 15984, 12347, 45822, 1513, 17129, 34479, 87885, 87506, 81928, 20343, 45290, 20189, 98974, 29926, 61725, 72592, 35725, 72251, 55074, 7660, 24694]})"
562.0,9,164,86,58.45911169052124,10696,"Genotype(dna={""<class 'abc.NT_0017'>"": [1, 23052], ""<class 'abc.NT_0017_P_00000'>"": [], ""<class 'abc.NT_0005'>"": [0, 0, 35544, 1, 0, 1, 0, 1, 1, 1513], ""<class 'abc.NT_0005_P_00000'>"": [], ""<class 'abc.NT_0005_P_00001'>"": [], ""<class 'bool'>"": [50833, 28611, 95173, 92596, 84996, 15299, 84608, 73218, 73704, 53577, 54127, 73580, 61648, 63455, 34182, 28379, 9832, 69766, 27025, 9321, 39372, 40559, 45589, 21512, 9991, 31131, 22379, 82972, 66879, 7070, 87492, 33083, 92916, 1233, 89415, 28350, 54741, 51276, 16414, 74832, 4355, 87209, 57305, 93042, 23231, 67903, 93745, 31960, 29422, 28659, 99170, 40455, 13273, 92051, 14178, 78998, 45259, 78698, 95977, 93014, 83753, 21951, 16043, 13772, 66730, 10736, 57934, 29081, 62948, 99869, 41968, 82469, 93064, 59471, 51253, 67704, 97811, 82022, 87389, 59617, 67283, 63422, 70186, 58801, 23472, 68171, 46787, 87700, 86179, 38104, 2384, 90063, 6576, 80132, 98840, 65605, 74894, 53809, 99733, 89043, 84198, 62780, 94716, 23035, 32450, 31489, 41399, 87765, 69122, 99723, 54018, 92501, 39572, 89999, 58379, 67238, 50112, 90146, 55533, 46837, 57815, 68681, 79206, 32534, 3130, 58659, 69605, 82887, 74526, 5911, 58400, 62789, 48677, 31474, 44702, 39368, 40140, 19876, 33772, 86631, 58194, 70508], ""<class 'int'>"": [88091, 54758, 80960, 4147, 58985, 98835, 33177, 12380, 43928, 18156, 46293, 82997, 26546, 21931, 20632, 91665, 69275, 46303, 61738, 80613, 63967, 92163, 79154, 79668, 18313, 6071, 50712, 91463, 54716, 33220, 52575, 78591, 28324, 24851, 385, 86434, 6594, 95864, 4088, 31907, 5028, 70908, 60125, 88976, 64506, 45119, 63026, 18677, 76141, 62129, 40973, 74468, 90479, 50241, 61828, 14495, 64587, 47259, 69389, 59226, 21182, 99643, 3451, 67066, 55205, 22485, 89443, 19030, 10288, 23574, 78426, 55280, 17305, 68878, 94325, 9074, 35370, 56456, 95300, 73961, 59051, 835, 21640, 2744, 30054, 96306, 55542, 57066, 65643, 97962, 97088, 62680, 24967, 56005, 85155, 81002, 48234, 28842, 92105, 38714, 65511, 82476, 73240, 25988, 68682, 4749, 1059, 85277, 54664, 55169, 72830, 29209, 32377, 56597, 43815, 46740, 16019, 36704, 91606, 3697, 42934, 87720, 75207, 56054, 59737, 79252, 96186, 60558, 8582, 3209, 7798, 18736, 20655, 95860, 60671, 36386, 88318, 80757, 49888, 58523, 36742, 48071, 76427, 91397, 47115, 74907, 19807, 19166, 48854, 4778, 9526, 30084, 70329, 29929, 24152, 98179, 6661, 59360, 47157, 52018, 24734, 716, 46264, 89982, 86072, 78100, 64619, 77321], ""<class 'abc.NT_0010'>"": [0, 0, 1, 53054], ""<class 'abc.NT_0010_P_00000'>"": [], ""<class 'abc.NT_0006'>"": [2, 2, 0, 1, 1302, 1892], ""<class 'abc.NT_0006_P_00000'>"": [], ""<class 'abc.NT_0006_P_00001'>"": [], ""<class 'abc.NT_0002'>"": [1, 1, 2, 1, 1, 1, 1, 0, 2, 1, 41818, 0, 2, 0, 1, 0, 2, 1, 53720, 1, 0, 0, 69722, 1, 8713, 0, 0, 2, 0, 0, 0, 2, 1, 64800, 99864], ""<class 'abc.NT_0002_P_00000'>"": [], ""<class 'abc.NT_0001'>"": [1, 1, 1, 0, 0, 0, 0, 1, 1, 1, 1, 0, 1, 16227, 1, 1, 1, 1, 0, 0, 10290, 0, 0, 0, 0, 0, 1, 40887, 0, 0, 0, 0, 0, 0, 0, 0, 0, 1, 0, 0, 0, 0, 76558, 0, 0, 0, 1, 0, 0, 26591, 1, 1, 1, 0, 1, 0, 0, 45290], ""<class 'abc.NT_0001_P_00000'>"": [], ""<class 'abc.NT_0001_P_00001'>"": [], ""<class 'abc.NT_0000'>"": [0, 1, 1, 94528, 1, 0, 1, 1, 31647, 1, 1, 80324, 0, 0, 75412, 1, 69944, 1, 0, 0, 0, 1, 0, 0, 0, 1, 1, 0, 1, 3483, 1, 0, 42401, 0, 0, 0, 0, 54668, 66557, 1, 0, 1, 1, 0, 0, 21028, 54540, 1, 5444, 3614, 1, 0, 0, 0, 0, 0, 71485, 1, 0, 0, 0, 0, 1, 20343], ""<class 'abc.NT_0000_P_00000'>"": [], ""<class 'abc.NT_0000_P_00001'>"": [], ""<class 'abc.NT_0002_P_00001'>"": [], ""<class 'abc.NT_0002_P_00002'>"": [], ""<class 'abc.NT_0006_P_00002'>"": [], ""<class 'abc.NT_0007'>"": [1, 0, 1, 2, 87885, 72251, 55074], ""<class 'abc.NT_0007_P_00000'>"": [], ""<class 'abc.NT_0007_P_00001'>"": [], ""<class 'abc.NT_0007_P_00002'>"": [], ""<class 'abc.NT_0004'>"": [1, 1, 77639, 2, 1, 2, 63194, 90154], ""<class 'abc.NT_0004_P_00000'>"": [], ""<class 'abc.NT_0003'>"": [10039, 1, 0, 1, 98974, 61725, 72592, 35725, 7660], ""<class 'abc.NT_0003_P_00000'>"": [], ""<class 'abc.NT_0003_P_00001'>"": [], ""<class 'abc.NT_0003_P_00002'>"": [], ""<class 'abc.NT_0003_P_00003'>"": [], ""<class 'abc.NT_0004_P_00001'>"": [], ""<class 'abc.NT_0004_P_00002'>"": [], ""<class 'abc.NT_0009'>"": [3, 0, 1, 1, 0, 45822], ""<class 'abc.NT_0009_P_00000'>"": [], ""<class 'abc.NT_0008'>"": [15828, 0, 83857, 0, 0, 0, 17129], ""<class 'abc.NT_0008_P_00000'>"": [], ""<class 'abc.NT_0009_P_00001'>"": [], ""<class 'abc.NT_0009_P_00002'>"": [], ""<class 'abc.NT_0009_P_00003'>"": [], ""<class 'abc.NT_0010_P_00001'>"": [], ""<class 'abc.NT_0010_P_00002'>"": [], ""<class 'abc.NT_0017_P_00001'>"": [], ""<class 'abc.NT_0012'>"": [0, 0, 27606, 0, 0, 65962], ""<class 'abc.NT_0012_P_00000'>"": [], ""<class 'abc.NT_0012_P_00001'>"": [], ""<class 'abc.NT_0017_P_00002'>"": [], ""<class 'abc.NT_0013'>"": [], ""<class 'abc.NT_0013_P_00000'>"": [], ""<class 'abc.NT_0011'>"": [0, 94522], ""<class 'abc.NT_0011_P_00000'>"": [], ""<class 'abc.NT_0011_P_00001'>"": [], ""<class 'abc.NT_0011_P_00002'>"": [], ""<class 'abc.NT_0013_P_00001'>"": [], ""<class 'abc.NT_0013_P_00002'>"": [], ""<class 'abc.NT_0017_P_00003'>"": [], ""<class 'abc.NT_0016'>"": [0, 20070], ""<class 'abc.NT_0016_P_00000'>"": [], ""<class 'abc.NT_0016_P_00001'>"": [], ""<class 'abc.NT_0016_P_00002'>"": [], '$leftovers': [13707, 7777, 43103, 79112, 41937, 82055, 41802, 80929, 37572, 24235, 1002, 66268, 87311, 99058, 42897, 54099, 4751, 39061, 38658, 18856, 32793, 32020, 84694, 43326, 66351, 11593, 16559, 82179, 29701, 14785, 63931, 19995, 86098, 88506, 88906, 98218, 57143, 64899, 75531, 17691, 63845, 68413, 76826, 30524, 48607, 6718, 24768, 14247, 23842, 98884, 92372, 55279, 40315, 43705, 6728, 53868, 34432, 73753, 89438, 79733, 83929, 38685, 35410, 5343, 16823, 35888, 70000, 12879, 27426, 44726, 95438, 53746, 11554, 35563, 36846, 46156, 65002, 72433, 85297, 12477, 3511, 72425, 53166, 5796, 30717, 45518, 76561, 21526, 65748, 18017, 64172, 9175, 16724, 51276, 1749, 5687, 47923, 68260, 48548, 94393, 55323, 76604, 84009, 54574, 8798, 35733, 67233, 4198, 56844, 12629, 29196, 81671, 71295, 84963, 73193, 37662, 77918, 40265, 71387, 2776, 72056, 79890, 24380, 6524, 11920, 82004, 80554, 7771, 51485, 29874, 64851, 32118, 68660, 22646, 40503, 29950, 45632, 59339, 63591, 66553, 79195, 90039, 8891, 94412, 82595, 43578, 41060, 60184, 28053, 84947, 77614, 38864, 91374, 58545, 50015, 19960, 7381, 78763, 85070, 21507, 19025, 51930, 32629, 45143, 39756, 26052, 37388, 90108, 9391, 53674, 16962, 24269, 95106, 99931, 56381, 37781, 12365, 84199, 30949, 74271, 916, 85830, 97679, 18102, 478, 75886, 30302, 21977, 90537, 30063, 19357, 81788, 35261, 14719, 66114, 20921, 20240, 5992, 58367, 9680, 68600, 85141, 46379, 54808, 83564, 47005, 66549, 22371, 91024, 89979, 20226, 63714, 58641, 45142, 46907, 57602, 15144, 97990, 7439, 11158, 59469, 11328, 80659, 5962, 25695, 77537, 11892, 91592, 56748, 38581, 37353, 71743, 70419, 27563, 8343, 51963, 16605, 94638, 42057, 61173, 28541, 41743, 60295, 49767, 73628, 41163, 91833, 78182, 82565, 25215, 96862, 76058, 44249, 82715, 20979, 71376, 27708, 78050, 40085, 30494, 46076, 48158, 98017, 59418, 77712, 4502, 58514, 86759, 30136, 53692, 84446, 34409, 6828, 35370, 50950, 51945, 59877, 55822, 81173, 57512, 24080, 92189, 34559, 32530, 48867, 64932, 44, 85888, 8300, 92843, 6844, 39222, 76898, 88754, 22876, 38074, 43299, 88699, 81654, 61902, 89999, 13497, 66668, 7338, 74096, 38397, 11013, 98336, 40480, 33892, 63626, 49088, 71312, 23172, 10803, 62392, 24917, 67254, 58009, 81336, 59457, 73844, 95696, 6506, 27308, 70695, 56701, 13067, 41613, 72662, 53528, 75491, 42519, 81780, 31754, 13856, 88917, 96452, 41223, 89774, 10407, 31336, 50783, 20291, 5997, 7069, 31395, 24625, 6189, 56620, 24762, 84988, 68874, 85812, 41091, 24302, 77112, 35149, 22780, 53184, 18627, 57549, 17465, 63612, 87939, 6980, 60883, 29814, 87238, 14952, 60779, 86760, 61062, 30267, 24445, 56989, 27229, 82900, 90023, 57786, 63779, 40235, 86679, 51776, 22058, 63483, 39593, 41554, 8133, 95503, 6716, 25867, 90267, 22987, 39665, 98545, 93605, 1747, 78248, 27473, 33109, 26918, 82634, 51318, 80099, 73743, 12182, 94300, 46775, 25047, 68889, 10070, 18361, 65084, 37080, 70960, 83222, 67058, 98067, 22471, 67691, 59607, 67337, 8930, 21238, 46639, 45431, 43153, 96128, 24156, 80501, 82080, 49059, 2091, 12212, 52072, 31681, 90064, 42922, 12694, 63500, 88958, 85424, 60965, 55836, 88426, 54941, 94663, 65220, 71036, 49752, 17451, 53699, 9314, 14619, 3290, 44849, 90564, 91441, 62905, 40530, 5641, 37318, 36823, 31308, 19382, 62343, 86280, 16633, 47566, 15336, 77921, 88788, 50425, 20260, 79556, 59009, 60227, 87434, 40228, 88797, 25912, 98562, 76789, 91824, 52309, 10258, 50738, 95463, 77205, 93493, 68362, 24106, 95689, 49524, 69579, 66348, 75971, 22529, 74132, 89303, 37488, 5127, 63655, 17283, 25796, 52901, 73353, 59242, 58591, 76499, 46764, 96815, 56675, 19904, 86086, 9538, 16381, 25966, 48189, 47295, 50918, 3257, 56486, 10672, 45517, 6977, 66557, 24565, 14166, 47870, 73695, 59021, 61532, 83752, 51246, 6816, 65190, 71364, 98756, 25731, 84141, 78432, 21130, 69362, 52504, 59655, 73856, 97330, 50721, 19705, 54620, 16926, 96429, 24048, 73377, 67355, 15053, 17980, 70735, 35236, 75523, 91241, 23447, 72477, 51156, 95259, 88333, 29494, 67321, 52714, 62917, 99842, 65229, 6617, 44275, 88720, 37853, 8770, 63811, 7507, 89636, 17817, 1558, 85068, 79776, 73733, 11481, 89926, 56682, 49746, 9429, 50818, 45883, 58652, 12423, 26431, 60221, 95661, 73944, 68283, 51044, 69558, 68608, 65135, 29404, 17239, 5514, 47278, 63393, 94877, 23491, 47292, 6877, 19032, 65956, 9732, 97912, 1976, 37613, 34466, 61934, 57269, 53618, 5940, 93510, 52374, 85684, 22266, 86296, 60665, 10810, 9462, 494, 58482, 75247, 71566, 31620, 58819, 97731, 83116, 7767, 83623, 12444, 57312, 49834, 46402, 98377, 30435, 36116, 16443, 25589, 45312, 64514, 37426, 76200, 11178, 7488, 18610, 92099, 97566, 6854, 33656, 17686, 10866, 73697, 81050, 12312, 6505, 95303, 61521, 72092, 94259, 32683, 45746, 77187, 88803, 39457, 40047, 95729, 22380, 62708, 14355, 83408, 29714, 50213, 24600, 63055, 94787, 52488, 53820, 72502, 35142, 82539, 36201, 83535, 70150, 4544, 53013, 91532, 98794, 75749, 37723, 24569, 90322, 279, 84293, 85419, 53204, 7321, 22724, 95538, 85836, 2877, 93721, 73981, 40836, 90505, 94370, 88415, 37372, 69317, 25860, 4116, 35759, 84385, 33447, 84816, 12456, 31068, 57878, 18743, 27118, 55146, 45045, 76854, 36409, 49423, 25447, 28432, 61176, 34319, 67878, 7127, 41048, 27399, 57337, 84290, 2409, 69039, 23729, 7494, 36747, 48478, 38848, 42755, 293, 91046, 40498, 48156, 87860, 19957, 4960, 74844, 19836, 92291, 57801, 90081, 88664, 17768, 78881, 47919, 71822, 34413, 1930, 46778, 88873, 89253, 43012, 48581, 9353, 85645, 13891, 48249, 50115, 66199, 3386, 20854, 99932, 28051, 71692, 93909, 74084, 74671, 89896, 50523, 88742, 12398, 72247, 55742, 51721, 34827, 36846, 62982, 39419, 78439, 9343, 48468, 84544, 39864, 76167, 43812, 71247, 20757, 1762, 41180, 27413, 60564, 22669, 82173, 16704, 46485, 72310, 26823, 41298, 58642, 32787, 90874, 58140, 56784, 29999, 8759, 96835, 78050, 41544, 1255, 17455, 33878, 64547, 58966, 82332, 5215, 48306, 8922, 24655, 4697, 70882, 84900, 82562, 62735, 34434, 73303, 61588, 35094, 68503, 41162, 54916, 58190, 12626, 60530, 22534, 77445, 84110, 41705, 60129, 60275, 26541, 44213, 1777, 13370, 3088, 42025, 39125, 6806, 57675, 48434, 98242, 36838, 43086, 11553, 17088, 22108, 72325, 25128, 87991, 65587, 14862, 36451, 44287, 9734, 15759, 72468, 61485, 14174, 26892, 64268, 19975, 5444, 33247, 50382, 76845, 87224, 36256, 66890, 95968, 72639, 77038, 43204, 39754, 36312, 74369, 96758, 27679, 249, 98284, 44817, 61235, 55085, 9992, 27298, 25783, 69424, 39622, 26481, 58524, 35109, 38014, 50849, 43262, 70599, 1236, 29822, 19493, 40976, 26562, 7919, 16019, 11304, 44960, 68766, 47516, 55933, 93459, 51964, 80457, 87397, 77661, 10867, 13339, 38927, 67085, 83000, 91594, 70221, 32812, 41638, 39247, 63161, 56481, 85947, 619, 54521, 29223, 59027, 34890, 77305, 79995, 54866, 56578, 59831, 16991, 48800, 12168, 58544, 42596, 87951, 65721, 11198, 23052, 15984, 12347, 45822, 1513, 17129, 34479, 87885, 87506, 81928, 20343, 45290, 20189, 98974, 29926, 61725, 72592, 35725, 72251, 55074, 7660, 24694]})"
562.0,9,164,87,58.93023157119751,10696,"Genotype(dna={""<class 'abc.NT_0017'>"": [1, 23052], ""<class 'abc.NT_0017_P_00000'>"": [], ""<class 'abc.NT_0005'>"": [0, 0, 35544, 1, 0, 1, 0, 1, 1, 1513], ""<class 'abc.NT_0005_P_00000'>"": [], ""<class 'abc.NT_0005_P_00001'>"": [], ""<class 'bool'>"": [50833, 28611, 95173, 92596, 84996, 15299, 84608, 73218, 73704, 53577, 54127, 73580, 61648, 63455, 34182, 28379, 9832, 69766, 27025, 9321, 39372, 40559, 45589, 21512, 9991, 31131, 22379, 82972, 66879, 7070, 87492, 33083, 92916, 1233, 89415, 28350, 54741, 51276, 16414, 74832, 4355, 87209, 57305, 93042, 23231, 67903, 93745, 31960, 29422, 28659, 99170, 40455, 13273, 92051, 14178, 78998, 45259, 78698, 95977, 93014, 83753, 21951, 16043, 13772, 66730, 10736, 57934, 29081, 62948, 99869, 41968, 82469, 93064, 59471, 51253, 67704, 97811, 82022, 87389, 59617, 67283, 63422, 70186, 58801, 23472, 68171, 46787, 87700, 86179, 38104, 2384, 90063, 6576, 80132, 98840, 65605, 74894, 53809, 99733, 89043, 84198, 62780, 94716, 23035, 32450, 31489, 41399, 87765, 69122, 99723, 54018, 92501, 39572, 89999, 58379, 67238, 50112, 90146, 55533, 46837, 57815, 68681, 79206, 32534, 3130, 58659, 69605, 82887, 74526, 5911, 58400, 62789, 48677, 31474, 44702, 39368, 40140, 19876, 33772, 86631, 58194, 70508], ""<class 'int'>"": [88091, 54758, 80960, 4147, 58985, 98835, 33177, 12380, 43928, 18156, 46293, 82997, 26546, 21931, 20632, 91665, 69275, 46303, 61738, 80613, 63967, 92163, 79154, 79668, 18313, 6071, 50712, 91463, 54716, 33220, 52575, 78591, 28324, 24851, 385, 86434, 6594, 95864, 4088, 31907, 5028, 70908, 60125, 88976, 64506, 45119, 63026, 18677, 76141, 62129, 40973, 74468, 90479, 50241, 61828, 14495, 64587, 47259, 69389, 59226, 21182, 99643, 3451, 67066, 55205, 22485, 89443, 19030, 10288, 23574, 78426, 55280, 17305, 68878, 94325, 9074, 35370, 56456, 95300, 73961, 59051, 835, 21640, 2744, 30054, 96306, 55542, 57066, 65643, 97962, 97088, 62680, 24967, 56005, 85155, 81002, 48234, 28842, 92105, 38714, 65511, 82476, 73240, 25988, 68682, 4749, 1059, 85277, 54664, 55169, 72830, 29209, 32377, 56597, 43815, 46740, 16019, 36704, 91606, 3697, 42934, 87720, 75207, 56054, 59737, 79252, 96186, 60558, 8582, 3209, 7798, 18736, 20655, 95860, 60671, 36386, 88318, 80757, 49888, 58523, 36742, 48071, 76427, 91397, 47115, 74907, 19807, 19166, 48854, 4778, 9526, 30084, 70329, 29929, 24152, 98179, 6661, 59360, 47157, 52018, 24734, 716, 46264, 89982, 86072, 78100, 64619, 77321], ""<class 'abc.NT_0010'>"": [0, 0, 1, 53054], ""<class 'abc.NT_0010_P_00000'>"": [], ""<class 'abc.NT_0006'>"": [2, 2, 0, 1, 1302, 1892], ""<class 'abc.NT_0006_P_00000'>"": [], ""<class 'abc.NT_0006_P_00001'>"": [], ""<class 'abc.NT_0002'>"": [1, 1, 2, 1, 1, 1, 1, 0, 2, 1, 41818, 0, 2, 0, 1, 0, 2, 1, 53720, 1, 0, 0, 69722, 1, 8713, 0, 0, 2, 0, 0, 0, 2, 1, 64800, 99864], ""<class 'abc.NT_0002_P_00000'>"": [], ""<class 'abc.NT_0001'>"": [1, 1, 1, 0, 0, 0, 0, 1, 1, 1, 1, 0, 1, 16227, 1, 1, 1, 1, 0, 0, 10290, 0, 0, 0, 0, 0, 1, 40887, 0, 0, 0, 0, 0, 0, 0, 0, 0, 1, 0, 0, 0, 0, 76558, 0, 0, 0, 1, 0, 0, 26591, 1, 1, 1, 0, 1, 0, 0, 45290], ""<class 'abc.NT_0001_P_00000'>"": [], ""<class 'abc.NT_0001_P_00001'>"": [], ""<class 'abc.NT_0000'>"": [0, 1, 1, 94528, 1, 0, 1, 1, 31647, 1, 1, 80324, 0, 0, 75412, 1, 69944, 1, 0, 0, 0, 1, 0, 0, 0, 1, 1, 0, 1, 3483, 1, 0, 42401, 0, 0, 0, 0, 54668, 66557, 1, 0, 1, 1, 0, 0, 21028, 54540, 1, 5444, 3614, 1, 0, 0, 0, 0, 0, 71485, 1, 0, 0, 0, 0, 1, 20343], ""<class 'abc.NT_0000_P_00000'>"": [], ""<class 'abc.NT_0000_P_00001'>"": [], ""<class 'abc.NT_0002_P_00001'>"": [], ""<class 'abc.NT_0002_P_00002'>"": [], ""<class 'abc.NT_0006_P_00002'>"": [], ""<class 'abc.NT_0007'>"": [1, 0, 1, 2, 87885, 72251, 55074], ""<class 'abc.NT_0007_P_00000'>"": [], ""<class 'abc.NT_0007_P_00001'>"": [], ""<class 'abc.NT_0007_P_00002'>"": [], ""<class 'abc.NT_0004'>"": [1, 1, 77639, 2, 1, 2, 63194, 90154], ""<class 'abc.NT_0004_P_00000'>"": [], ""<class 'abc.NT_0003'>"": [10039, 1, 0, 1, 98974, 61725, 72592, 35725, 7660], ""<class 'abc.NT_0003_P_00000'>"": [], ""<class 'abc.NT_0003_P_00001'>"": [], ""<class 'abc.NT_0003_P_00002'>"": [], ""<class 'abc.NT_0003_P_00003'>"": [], ""<class 'abc.NT_0004_P_00001'>"": [], ""<class 'abc.NT_0004_P_00002'>"": [], ""<class 'abc.NT_0009'>"": [3, 0, 1, 1, 0, 45822], ""<class 'abc.NT_0009_P_00000'>"": [], ""<class 'abc.NT_0008'>"": [15828, 0, 83857, 0, 0, 0, 17129], ""<class 'abc.NT_0008_P_00000'>"": [], ""<class 'abc.NT_0009_P_00001'>"": [], ""<class 'abc.NT_0009_P_00002'>"": [], ""<class 'abc.NT_0009_P_00003'>"": [], ""<class 'abc.NT_0010_P_00001'>"": [], ""<class 'abc.NT_0010_P_00002'>"": [], ""<class 'abc.NT_0017_P_00001'>"": [], ""<class 'abc.NT_0012'>"": [0, 0, 27606, 0, 0, 65962], ""<class 'abc.NT_0012_P_00000'>"": [], ""<class 'abc.NT_0012_P_00001'>"": [], ""<class 'abc.NT_0017_P_00002'>"": [], ""<class 'abc.NT_0013'>"": [], ""<class 'abc.NT_0013_P_00000'>"": [], ""<class 'abc.NT_0011'>"": [0, 94522], ""<class 'abc.NT_0011_P_00000'>"": [], ""<class 'abc.NT_0011_P_00001'>"": [], ""<class 'abc.NT_0011_P_00002'>"": [], ""<class 'abc.NT_0013_P_00001'>"": [], ""<class 'abc.NT_0013_P_00002'>"": [], ""<class 'abc.NT_0017_P_00003'>"": [], ""<class 'abc.NT_0016'>"": [0, 20070], ""<class 'abc.NT_0016_P_00000'>"": [], ""<class 'abc.NT_0016_P_00001'>"": [], ""<class 'abc.NT_0016_P_00002'>"": [], '$leftovers': [13707, 7777, 43103, 79112, 41937, 82055, 41802, 80929, 37572, 24235, 1002, 66268, 87311, 99058, 42897, 54099, 4751, 39061, 38658, 18856, 32793, 32020, 84694, 43326, 66351, 11593, 16559, 82179, 29701, 14785, 63931, 19995, 86098, 88506, 88906, 98218, 57143, 64899, 75531, 17691, 63845, 68413, 76826, 30524, 48607, 6718, 24768, 14247, 23842, 98884, 92372, 55279, 40315, 43705, 6728, 53868, 34432, 73753, 89438, 79733, 83929, 38685, 35410, 5343, 16823, 35888, 70000, 12879, 27426, 44726, 95438, 53746, 11554, 35563, 36846, 46156, 65002, 72433, 85297, 12477, 3511, 72425, 53166, 5796, 30717, 45518, 76561, 21526, 65748, 18017, 64172, 9175, 16724, 51276, 1749, 5687, 47923, 68260, 48548, 94393, 55323, 76604, 84009, 54574, 8798, 35733, 67233, 4198, 56844, 12629, 29196, 81671, 71295, 84963, 73193, 37662, 77918, 40265, 71387, 2776, 72056, 79890, 24380, 6524, 11920, 82004, 80554, 7771, 51485, 29874, 64851, 32118, 68660, 22646, 40503, 29950, 45632, 59339, 63591, 66553, 79195, 90039, 8891, 94412, 82595, 43578, 41060, 60184, 28053, 84947, 77614, 38864, 91374, 58545, 50015, 19960, 7381, 78763, 85070, 21507, 19025, 51930, 32629, 45143, 39756, 26052, 37388, 90108, 9391, 53674, 16962, 24269, 95106, 99931, 56381, 37781, 12365, 84199, 30949, 74271, 916, 85830, 97679, 18102, 478, 75886, 30302, 21977, 90537, 30063, 19357, 81788, 35261, 14719, 66114, 20921, 20240, 5992, 58367, 9680, 68600, 85141, 46379, 54808, 83564, 47005, 66549, 22371, 91024, 89979, 20226, 63714, 58641, 45142, 46907, 57602, 15144, 97990, 7439, 11158, 59469, 11328, 80659, 5962, 25695, 77537, 11892, 91592, 56748, 38581, 37353, 71743, 70419, 27563, 8343, 51963, 16605, 94638, 42057, 61173, 28541, 41743, 60295, 49767, 73628, 41163, 91833, 78182, 82565, 25215, 96862, 76058, 44249, 82715, 20979, 71376, 27708, 78050, 40085, 30494, 46076, 48158, 98017, 59418, 77712, 4502, 58514, 86759, 30136, 53692, 84446, 34409, 6828, 35370, 50950, 51945, 59877, 55822, 81173, 57512, 24080, 92189, 34559, 32530, 48867, 64932, 44, 85888, 8300, 92843, 6844, 39222, 76898, 88754, 22876, 38074, 43299, 88699, 81654, 61902, 89999, 13497, 66668, 7338, 74096, 38397, 11013, 98336, 40480, 33892, 63626, 49088, 71312, 23172, 10803, 62392, 24917, 67254, 58009, 81336, 59457, 73844, 95696, 6506, 27308, 70695, 56701, 13067, 41613, 72662, 53528, 75491, 42519, 81780, 31754, 13856, 88917, 96452, 41223, 89774, 10407, 31336, 50783, 20291, 5997, 7069, 31395, 24625, 6189, 56620, 24762, 84988, 68874, 85812, 41091, 24302, 77112, 35149, 22780, 53184, 18627, 57549, 17465, 63612, 87939, 6980, 60883, 29814, 87238, 14952, 60779, 86760, 61062, 30267, 24445, 56989, 27229, 82900, 90023, 57786, 63779, 40235, 86679, 51776, 22058, 63483, 39593, 41554, 8133, 95503, 6716, 25867, 90267, 22987, 39665, 98545, 93605, 1747, 78248, 27473, 33109, 26918, 82634, 51318, 80099, 73743, 12182, 94300, 46775, 25047, 68889, 10070, 18361, 65084, 37080, 70960, 83222, 67058, 98067, 22471, 67691, 59607, 67337, 8930, 21238, 46639, 45431, 43153, 96128, 24156, 80501, 82080, 49059, 2091, 12212, 52072, 31681, 90064, 42922, 12694, 63500, 88958, 85424, 60965, 55836, 88426, 54941, 94663, 65220, 71036, 49752, 17451, 53699, 9314, 14619, 3290, 44849, 90564, 91441, 62905, 40530, 5641, 37318, 36823, 31308, 19382, 62343, 86280, 16633, 47566, 15336, 77921, 88788, 50425, 20260, 79556, 59009, 60227, 87434, 40228, 88797, 25912, 98562, 76789, 91824, 52309, 10258, 50738, 95463, 77205, 93493, 68362, 24106, 95689, 49524, 69579, 66348, 75971, 22529, 74132, 89303, 37488, 5127, 63655, 17283, 25796, 52901, 73353, 59242, 58591, 76499, 46764, 96815, 56675, 19904, 86086, 9538, 16381, 25966, 48189, 47295, 50918, 3257, 56486, 10672, 45517, 6977, 66557, 24565, 14166, 47870, 73695, 59021, 61532, 83752, 51246, 6816, 65190, 71364, 98756, 25731, 84141, 78432, 21130, 69362, 52504, 59655, 73856, 97330, 50721, 19705, 54620, 16926, 96429, 24048, 73377, 67355, 15053, 17980, 70735, 35236, 75523, 91241, 23447, 72477, 51156, 95259, 88333, 29494, 67321, 52714, 62917, 99842, 65229, 6617, 44275, 88720, 37853, 8770, 63811, 7507, 89636, 17817, 1558, 85068, 79776, 73733, 11481, 89926, 56682, 49746, 9429, 50818, 45883, 58652, 12423, 26431, 60221, 95661, 73944, 68283, 51044, 69558, 68608, 65135, 29404, 17239, 5514, 47278, 63393, 94877, 23491, 47292, 6877, 19032, 65956, 9732, 97912, 1976, 37613, 34466, 61934, 57269, 53618, 5940, 93510, 52374, 85684, 22266, 86296, 60665, 10810, 9462, 494, 58482, 75247, 71566, 31620, 58819, 97731, 83116, 7767, 83623, 12444, 57312, 49834, 46402, 98377, 30435, 36116, 16443, 25589, 45312, 64514, 37426, 76200, 11178, 7488, 18610, 92099, 97566, 6854, 33656, 17686, 10866, 73697, 81050, 12312, 6505, 95303, 61521, 72092, 94259, 32683, 45746, 77187, 88803, 39457, 40047, 95729, 22380, 62708, 14355, 83408, 29714, 50213, 24600, 63055, 94787, 52488, 53820, 72502, 35142, 82539, 36201, 83535, 70150, 4544, 53013, 91532, 98794, 75749, 37723, 24569, 90322, 279, 84293, 85419, 53204, 7321, 22724, 95538, 85836, 2877, 93721, 73981, 40836, 90505, 94370, 88415, 37372, 69317, 25860, 4116, 35759, 84385, 33447, 84816, 12456, 31068, 57878, 18743, 27118, 55146, 45045, 76854, 36409, 49423, 25447, 28432, 61176, 34319, 67878, 7127, 41048, 27399, 57337, 84290, 2409, 69039, 23729, 7494, 36747, 48478, 38848, 42755, 293, 91046, 40498, 48156, 87860, 19957, 4960, 74844, 19836, 92291, 57801, 90081, 88664, 17768, 78881, 47919, 71822, 34413, 1930, 46778, 88873, 89253, 43012, 48581, 9353, 85645, 13891, 48249, 50115, 66199, 3386, 20854, 99932, 28051, 71692, 93909, 74084, 74671, 89896, 50523, 88742, 12398, 72247, 55742, 51721, 34827, 36846, 62982, 39419, 78439, 9343, 48468, 84544, 39864, 76167, 43812, 71247, 20757, 1762, 41180, 27413, 60564, 22669, 82173, 16704, 46485, 72310, 26823, 41298, 58642, 32787, 90874, 58140, 56784, 29999, 8759, 96835, 78050, 41544, 1255, 17455, 33878, 64547, 58966, 82332, 5215, 48306, 8922, 24655, 4697, 70882, 84900, 82562, 62735, 34434, 73303, 61588, 35094, 68503, 41162, 54916, 58190, 12626, 60530, 22534, 77445, 84110, 41705, 60129, 60275, 26541, 44213, 1777, 13370, 3088, 42025, 39125, 6806, 57675, 48434, 98242, 36838, 43086, 11553, 17088, 22108, 72325, 25128, 87991, 65587, 14862, 36451, 44287, 9734, 15759, 72468, 61485, 14174, 26892, 64268, 19975, 5444, 33247, 50382, 76845, 87224, 36256, 66890, 95968, 72639, 77038, 43204, 39754, 36312, 74369, 96758, 27679, 249, 98284, 44817, 61235, 55085, 9992, 27298, 25783, 69424, 39622, 26481, 58524, 35109, 38014, 50849, 43262, 70599, 1236, 29822, 19493, 40976, 26562, 7919, 16019, 11304, 44960, 68766, 47516, 55933, 93459, 51964, 80457, 87397, 77661, 10867, 13339, 38927, 67085, 83000, 91594, 70221, 32812, 41638, 39247, 63161, 56481, 85947, 619, 54521, 29223, 59027, 34890, 77305, 79995, 54866, 56578, 59831, 16991, 48800, 12168, 58544, 42596, 87951, 65721, 11198, 23052, 15984, 12347, 45822, 1513, 17129, 34479, 87885, 87506, 81928, 20343, 45290, 20189, 98974, 29926, 61725, 72592, 35725, 72251, 55074, 7660, 24694]})"
562.0,9,164,88,59.40726065635681,10696,"Genotype(dna={""<class 'abc.NT_0017'>"": [1, 23052], ""<class 'abc.NT_0017_P_00000'>"": [], ""<class 'abc.NT_0005'>"": [0, 0, 35544, 1, 0, 1, 0, 1, 1, 1513], ""<class 'abc.NT_0005_P_00000'>"": [], ""<class 'abc.NT_0005_P_00001'>"": [], ""<class 'bool'>"": [50833, 28611, 95173, 92596, 84996, 15299, 84608, 73218, 73704, 53577, 54127, 73580, 61648, 63455, 34182, 28379, 9832, 69766, 27025, 9321, 39372, 40559, 45589, 21512, 9991, 31131, 22379, 82972, 66879, 7070, 87492, 33083, 92916, 1233, 89415, 28350, 54741, 51276, 16414, 74832, 4355, 87209, 57305, 93042, 23231, 67903, 93745, 31960, 29422, 28659, 99170, 40455, 13273, 92051, 14178, 78998, 45259, 78698, 95977, 93014, 83753, 21951, 16043, 13772, 66730, 10736, 57934, 29081, 62948, 99869, 41968, 82469, 93064, 59471, 51253, 67704, 97811, 82022, 87389, 59617, 67283, 63422, 70186, 58801, 23472, 68171, 46787, 87700, 86179, 38104, 2384, 90063, 6576, 80132, 98840, 65605, 74894, 53809, 99733, 89043, 84198, 62780, 94716, 23035, 32450, 31489, 41399, 87765, 69122, 99723, 54018, 92501, 39572, 89999, 58379, 67238, 50112, 90146, 55533, 46837, 57815, 68681, 79206, 32534, 3130, 58659, 69605, 82887, 74526, 5911, 58400, 62789, 48677, 31474, 44702, 39368, 40140, 19876, 33772, 86631, 58194, 70508], ""<class 'int'>"": [88091, 54758, 80960, 4147, 58985, 98835, 33177, 12380, 43928, 18156, 46293, 82997, 26546, 21931, 20632, 91665, 69275, 46303, 61738, 80613, 63967, 92163, 79154, 79668, 18313, 6071, 50712, 91463, 54716, 33220, 52575, 78591, 28324, 24851, 385, 86434, 6594, 95864, 4088, 31907, 5028, 70908, 60125, 88976, 64506, 45119, 63026, 18677, 76141, 62129, 40973, 74468, 90479, 50241, 61828, 14495, 64587, 47259, 69389, 59226, 21182, 99643, 3451, 67066, 55205, 22485, 89443, 19030, 10288, 23574, 78426, 55280, 17305, 68878, 94325, 9074, 35370, 56456, 95300, 73961, 59051, 835, 21640, 2744, 30054, 96306, 55542, 57066, 65643, 97962, 97088, 62680, 24967, 56005, 85155, 81002, 48234, 28842, 92105, 38714, 65511, 82476, 73240, 25988, 68682, 4749, 1059, 85277, 54664, 55169, 72830, 29209, 32377, 56597, 43815, 46740, 16019, 36704, 91606, 3697, 42934, 87720, 75207, 56054, 59737, 79252, 96186, 60558, 8582, 3209, 7798, 18736, 20655, 95860, 60671, 36386, 88318, 80757, 49888, 58523, 36742, 48071, 76427, 91397, 47115, 74907, 19807, 19166, 48854, 4778, 9526, 30084, 70329, 29929, 24152, 98179, 6661, 59360, 47157, 52018, 24734, 716, 46264, 89982, 86072, 78100, 64619, 77321], ""<class 'abc.NT_0010'>"": [0, 0, 1, 53054], ""<class 'abc.NT_0010_P_00000'>"": [], ""<class 'abc.NT_0006'>"": [2, 2, 0, 1, 1302, 1892], ""<class 'abc.NT_0006_P_00000'>"": [], ""<class 'abc.NT_0006_P_00001'>"": [], ""<class 'abc.NT_0002'>"": [1, 1, 2, 1, 1, 1, 1, 0, 2, 1, 41818, 0, 2, 0, 1, 0, 2, 1, 53720, 1, 0, 0, 69722, 1, 8713, 0, 0, 2, 0, 0, 0, 2, 1, 64800, 99864], ""<class 'abc.NT_0002_P_00000'>"": [], ""<class 'abc.NT_0001'>"": [1, 1, 1, 0, 0, 0, 0, 1, 1, 1, 1, 0, 1, 16227, 1, 1, 1, 1, 0, 0, 10290, 0, 0, 0, 0, 0, 1, 40887, 0, 0, 0, 0, 0, 0, 0, 0, 0, 1, 0, 0, 0, 0, 76558, 0, 0, 0, 1, 0, 0, 26591, 1, 1, 1, 0, 1, 0, 0, 45290], ""<class 'abc.NT_0001_P_00000'>"": [], ""<class 'abc.NT_0001_P_00001'>"": [], ""<class 'abc.NT_0000'>"": [0, 1, 1, 94528, 1, 0, 1, 1, 31647, 1, 1, 80324, 0, 0, 75412, 1, 69944, 1, 0, 0, 0, 1, 0, 0, 0, 1, 1, 0, 1, 3483, 1, 0, 42401, 0, 0, 0, 0, 54668, 66557, 1, 0, 1, 1, 0, 0, 21028, 54540, 1, 5444, 3614, 1, 0, 0, 0, 0, 0, 71485, 1, 0, 0, 0, 0, 1, 20343], ""<class 'abc.NT_0000_P_00000'>"": [], ""<class 'abc.NT_0000_P_00001'>"": [], ""<class 'abc.NT_0002_P_00001'>"": [], ""<class 'abc.NT_0002_P_00002'>"": [], ""<class 'abc.NT_0006_P_00002'>"": [], ""<class 'abc.NT_0007'>"": [1, 0, 1, 2, 87885, 72251, 55074], ""<class 'abc.NT_0007_P_00000'>"": [], ""<class 'abc.NT_0007_P_00001'>"": [], ""<class 'abc.NT_0007_P_00002'>"": [], ""<class 'abc.NT_0004'>"": [1, 1, 77639, 2, 1, 2, 63194, 90154], ""<class 'abc.NT_0004_P_00000'>"": [], ""<class 'abc.NT_0003'>"": [10039, 1, 0, 1, 98974, 61725, 72592, 35725, 7660], ""<class 'abc.NT_0003_P_00000'>"": [], ""<class 'abc.NT_0003_P_00001'>"": [], ""<class 'abc.NT_0003_P_00002'>"": [], ""<class 'abc.NT_0003_P_00003'>"": [], ""<class 'abc.NT_0004_P_00001'>"": [], ""<class 'abc.NT_0004_P_00002'>"": [], ""<class 'abc.NT_0009'>"": [3, 0, 1, 1, 0, 45822], ""<class 'abc.NT_0009_P_00000'>"": [], ""<class 'abc.NT_0008'>"": [15828, 0, 83857, 0, 0, 0, 17129], ""<class 'abc.NT_0008_P_00000'>"": [], ""<class 'abc.NT_0009_P_00001'>"": [], ""<class 'abc.NT_0009_P_00002'>"": [], ""<class 'abc.NT_0009_P_00003'>"": [], ""<class 'abc.NT_0010_P_00001'>"": [], ""<class 'abc.NT_0010_P_00002'>"": [], ""<class 'abc.NT_0017_P_00001'>"": [], ""<class 'abc.NT_0012'>"": [0, 0, 27606, 0, 0, 65962], ""<class 'abc.NT_0012_P_00000'>"": [], ""<class 'abc.NT_0012_P_00001'>"": [], ""<class 'abc.NT_0017_P_00002'>"": [], ""<class 'abc.NT_0013'>"": [], ""<class 'abc.NT_0013_P_00000'>"": [], ""<class 'abc.NT_0011'>"": [0, 94522], ""<class 'abc.NT_0011_P_00000'>"": [], ""<class 'abc.NT_0011_P_00001'>"": [], ""<class 'abc.NT_0011_P_00002'>"": [], ""<class 'abc.NT_0013_P_00001'>"": [], ""<class 'abc.NT_0013_P_00002'>"": [], ""<class 'abc.NT_0017_P_00003'>"": [], ""<class 'abc.NT_0016'>"": [0, 20070], ""<class 'abc.NT_0016_P_00000'>"": [], ""<class 'abc.NT_0016_P_00001'>"": [], ""<class 'abc.NT_0016_P_00002'>"": [], '$leftovers': [13707, 7777, 43103, 79112, 41937, 82055, 41802, 80929, 37572, 24235, 1002, 66268, 87311, 99058, 42897, 54099, 4751, 39061, 38658, 18856, 32793, 32020, 84694, 43326, 66351, 11593, 16559, 82179, 29701, 14785, 63931, 19995, 86098, 88506, 88906, 98218, 57143, 64899, 75531, 17691, 63845, 68413, 76826, 30524, 48607, 6718, 24768, 14247, 23842, 98884, 92372, 55279, 40315, 43705, 6728, 53868, 34432, 73753, 89438, 79733, 83929, 38685, 35410, 5343, 16823, 35888, 70000, 12879, 27426, 44726, 95438, 53746, 11554, 35563, 36846, 46156, 65002, 72433, 85297, 12477, 3511, 72425, 53166, 5796, 30717, 45518, 76561, 21526, 65748, 18017, 64172, 9175, 16724, 51276, 1749, 5687, 47923, 68260, 48548, 94393, 55323, 76604, 84009, 54574, 8798, 35733, 67233, 4198, 56844, 12629, 29196, 81671, 71295, 84963, 73193, 37662, 77918, 40265, 71387, 2776, 72056, 79890, 24380, 6524, 11920, 82004, 80554, 7771, 51485, 29874, 64851, 32118, 68660, 22646, 40503, 29950, 45632, 59339, 63591, 66553, 79195, 90039, 8891, 94412, 82595, 43578, 41060, 60184, 28053, 84947, 77614, 38864, 91374, 58545, 50015, 19960, 7381, 78763, 85070, 21507, 19025, 51930, 32629, 45143, 39756, 26052, 37388, 90108, 9391, 53674, 16962, 24269, 95106, 99931, 56381, 37781, 12365, 84199, 30949, 74271, 916, 85830, 97679, 18102, 478, 75886, 30302, 21977, 90537, 30063, 19357, 81788, 35261, 14719, 66114, 20921, 20240, 5992, 58367, 9680, 68600, 85141, 46379, 54808, 83564, 47005, 66549, 22371, 91024, 89979, 20226, 63714, 58641, 45142, 46907, 57602, 15144, 97990, 7439, 11158, 59469, 11328, 80659, 5962, 25695, 77537, 11892, 91592, 56748, 38581, 37353, 71743, 70419, 27563, 8343, 51963, 16605, 94638, 42057, 61173, 28541, 41743, 60295, 49767, 73628, 41163, 91833, 78182, 82565, 25215, 96862, 76058, 44249, 82715, 20979, 71376, 27708, 78050, 40085, 30494, 46076, 48158, 98017, 59418, 77712, 4502, 58514, 86759, 30136, 53692, 84446, 34409, 6828, 35370, 50950, 51945, 59877, 55822, 81173, 57512, 24080, 92189, 34559, 32530, 48867, 64932, 44, 85888, 8300, 92843, 6844, 39222, 76898, 88754, 22876, 38074, 43299, 88699, 81654, 61902, 89999, 13497, 66668, 7338, 74096, 38397, 11013, 98336, 40480, 33892, 63626, 49088, 71312, 23172, 10803, 62392, 24917, 67254, 58009, 81336, 59457, 73844, 95696, 6506, 27308, 70695, 56701, 13067, 41613, 72662, 53528, 75491, 42519, 81780, 31754, 13856, 88917, 96452, 41223, 89774, 10407, 31336, 50783, 20291, 5997, 7069, 31395, 24625, 6189, 56620, 24762, 84988, 68874, 85812, 41091, 24302, 77112, 35149, 22780, 53184, 18627, 57549, 17465, 63612, 87939, 6980, 60883, 29814, 87238, 14952, 60779, 86760, 61062, 30267, 24445, 56989, 27229, 82900, 90023, 57786, 63779, 40235, 86679, 51776, 22058, 63483, 39593, 41554, 8133, 95503, 6716, 25867, 90267, 22987, 39665, 98545, 93605, 1747, 78248, 27473, 33109, 26918, 82634, 51318, 80099, 73743, 12182, 94300, 46775, 25047, 68889, 10070, 18361, 65084, 37080, 70960, 83222, 67058, 98067, 22471, 67691, 59607, 67337, 8930, 21238, 46639, 45431, 43153, 96128, 24156, 80501, 82080, 49059, 2091, 12212, 52072, 31681, 90064, 42922, 12694, 63500, 88958, 85424, 60965, 55836, 88426, 54941, 94663, 65220, 71036, 49752, 17451, 53699, 9314, 14619, 3290, 44849, 90564, 91441, 62905, 40530, 5641, 37318, 36823, 31308, 19382, 62343, 86280, 16633, 47566, 15336, 77921, 88788, 50425, 20260, 79556, 59009, 60227, 87434, 40228, 88797, 25912, 98562, 76789, 91824, 52309, 10258, 50738, 95463, 77205, 93493, 68362, 24106, 95689, 49524, 69579, 66348, 75971, 22529, 74132, 89303, 37488, 5127, 63655, 17283, 25796, 52901, 73353, 59242, 58591, 76499, 46764, 96815, 56675, 19904, 86086, 9538, 16381, 25966, 48189, 47295, 50918, 3257, 56486, 10672, 45517, 6977, 66557, 24565, 14166, 47870, 73695, 59021, 61532, 83752, 51246, 6816, 65190, 71364, 98756, 25731, 84141, 78432, 21130, 69362, 52504, 59655, 73856, 97330, 50721, 19705, 54620, 16926, 96429, 24048, 73377, 67355, 15053, 17980, 70735, 35236, 75523, 91241, 23447, 72477, 51156, 95259, 88333, 29494, 67321, 52714, 62917, 99842, 65229, 6617, 44275, 88720, 37853, 8770, 63811, 7507, 89636, 17817, 1558, 85068, 79776, 73733, 11481, 89926, 56682, 49746, 9429, 50818, 45883, 58652, 12423, 26431, 60221, 95661, 73944, 68283, 51044, 69558, 68608, 65135, 29404, 17239, 5514, 47278, 63393, 94877, 23491, 47292, 6877, 19032, 65956, 9732, 97912, 1976, 37613, 34466, 61934, 57269, 53618, 5940, 93510, 52374, 85684, 22266, 86296, 60665, 10810, 9462, 494, 58482, 75247, 71566, 31620, 58819, 97731, 83116, 7767, 83623, 12444, 57312, 49834, 46402, 98377, 30435, 36116, 16443, 25589, 45312, 64514, 37426, 76200, 11178, 7488, 18610, 92099, 97566, 6854, 33656, 17686, 10866, 73697, 81050, 12312, 6505, 95303, 61521, 72092, 94259, 32683, 45746, 77187, 88803, 39457, 40047, 95729, 22380, 62708, 14355, 83408, 29714, 50213, 24600, 63055, 94787, 52488, 53820, 72502, 35142, 82539, 36201, 83535, 70150, 4544, 53013, 91532, 98794, 75749, 37723, 24569, 90322, 279, 84293, 85419, 53204, 7321, 22724, 95538, 85836, 2877, 93721, 73981, 40836, 90505, 94370, 88415, 37372, 69317, 25860, 4116, 35759, 84385, 33447, 84816, 12456, 31068, 57878, 18743, 27118, 55146, 45045, 76854, 36409, 49423, 25447, 28432, 61176, 34319, 67878, 7127, 41048, 27399, 57337, 84290, 2409, 69039, 23729, 7494, 36747, 48478, 38848, 42755, 293, 91046, 40498, 48156, 87860, 19957, 4960, 74844, 19836, 92291, 57801, 90081, 88664, 17768, 78881, 47919, 71822, 34413, 1930, 46778, 88873, 89253, 43012, 48581, 9353, 85645, 13891, 48249, 50115, 66199, 3386, 20854, 99932, 28051, 71692, 93909, 74084, 74671, 89896, 50523, 88742, 12398, 72247, 55742, 51721, 34827, 36846, 62982, 39419, 78439, 9343, 48468, 84544, 39864, 76167, 43812, 71247, 20757, 1762, 41180, 27413, 60564, 22669, 82173, 16704, 46485, 72310, 26823, 41298, 58642, 32787, 90874, 58140, 56784, 29999, 8759, 96835, 78050, 41544, 1255, 17455, 33878, 64547, 58966, 82332, 5215, 48306, 8922, 24655, 4697, 70882, 84900, 82562, 62735, 34434, 73303, 61588, 35094, 68503, 41162, 54916, 58190, 12626, 60530, 22534, 77445, 84110, 41705, 60129, 60275, 26541, 44213, 1777, 13370, 3088, 42025, 39125, 6806, 57675, 48434, 98242, 36838, 43086, 11553, 17088, 22108, 72325, 25128, 87991, 65587, 14862, 36451, 44287, 9734, 15759, 72468, 61485, 14174, 26892, 64268, 19975, 5444, 33247, 50382, 76845, 87224, 36256, 66890, 95968, 72639, 77038, 43204, 39754, 36312, 74369, 96758, 27679, 249, 98284, 44817, 61235, 55085, 9992, 27298, 25783, 69424, 39622, 26481, 58524, 35109, 38014, 50849, 43262, 70599, 1236, 29822, 19493, 40976, 26562, 7919, 16019, 11304, 44960, 68766, 47516, 55933, 93459, 51964, 80457, 87397, 77661, 10867, 13339, 38927, 67085, 83000, 91594, 70221, 32812, 41638, 39247, 63161, 56481, 85947, 619, 54521, 29223, 59027, 34890, 77305, 79995, 54866, 56578, 59831, 16991, 48800, 12168, 58544, 42596, 87951, 65721, 11198, 23052, 15984, 12347, 45822, 1513, 17129, 34479, 87885, 87506, 81928, 20343, 45290, 20189, 98974, 29926, 61725, 72592, 35725, 72251, 55074, 7660, 24694]})"
562.0,9,164,89,59.90719747543335,10696,"Genotype(dna={""<class 'abc.NT_0017'>"": [1, 23052], ""<class 'abc.NT_0017_P_00000'>"": [], ""<class 'abc.NT_0005'>"": [0, 0, 35544, 1, 0, 1, 0, 1, 1, 1513], ""<class 'abc.NT_0005_P_00000'>"": [], ""<class 'abc.NT_0005_P_00001'>"": [], ""<class 'bool'>"": [50833, 28611, 95173, 92596, 84996, 15299, 84608, 73218, 73704, 53577, 54127, 73580, 61648, 63455, 34182, 28379, 9832, 69766, 27025, 9321, 39372, 40559, 45589, 21512, 9991, 31131, 22379, 82972, 66879, 7070, 87492, 33083, 92916, 1233, 89415, 28350, 54741, 51276, 16414, 74832, 4355, 87209, 57305, 93042, 23231, 67903, 93745, 31960, 29422, 28659, 99170, 40455, 13273, 92051, 14178, 78998, 45259, 78698, 95977, 93014, 83753, 21951, 16043, 13772, 66730, 10736, 57934, 29081, 62948, 99869, 41968, 82469, 93064, 59471, 51253, 67704, 97811, 82022, 87389, 59617, 67283, 63422, 70186, 58801, 23472, 68171, 46787, 87700, 86179, 38104, 2384, 90063, 6576, 80132, 98840, 65605, 74894, 53809, 99733, 89043, 84198, 62780, 94716, 23035, 32450, 31489, 41399, 87765, 69122, 99723, 54018, 92501, 39572, 89999, 58379, 67238, 50112, 90146, 55533, 46837, 57815, 68681, 79206, 32534, 3130, 58659, 69605, 82887, 74526, 5911, 58400, 62789, 48677, 31474, 44702, 39368, 40140, 19876, 33772, 86631, 58194, 70508], ""<class 'int'>"": [88091, 54758, 80960, 4147, 58985, 98835, 33177, 12380, 43928, 18156, 46293, 82997, 26546, 21931, 20632, 91665, 69275, 46303, 61738, 80613, 63967, 92163, 79154, 79668, 18313, 6071, 50712, 91463, 54716, 33220, 52575, 78591, 28324, 24851, 385, 86434, 6594, 95864, 4088, 31907, 5028, 70908, 60125, 88976, 64506, 45119, 63026, 18677, 76141, 62129, 40973, 74468, 90479, 50241, 61828, 14495, 64587, 47259, 69389, 59226, 21182, 99643, 3451, 67066, 55205, 22485, 89443, 19030, 10288, 23574, 78426, 55280, 17305, 68878, 94325, 9074, 35370, 56456, 95300, 73961, 59051, 835, 21640, 2744, 30054, 96306, 55542, 57066, 65643, 97962, 97088, 62680, 24967, 56005, 85155, 81002, 48234, 28842, 92105, 38714, 65511, 82476, 73240, 25988, 68682, 4749, 1059, 85277, 54664, 55169, 72830, 29209, 32377, 56597, 43815, 46740, 16019, 36704, 91606, 3697, 42934, 87720, 75207, 56054, 59737, 79252, 96186, 60558, 8582, 3209, 7798, 18736, 20655, 95860, 60671, 36386, 88318, 80757, 49888, 58523, 36742, 48071, 76427, 91397, 47115, 74907, 19807, 19166, 48854, 4778, 9526, 30084, 70329, 29929, 24152, 98179, 6661, 59360, 47157, 52018, 24734, 716, 46264, 89982, 86072, 78100, 64619, 77321], ""<class 'abc.NT_0010'>"": [0, 0, 1, 53054], ""<class 'abc.NT_0010_P_00000'>"": [], ""<class 'abc.NT_0006'>"": [2, 2, 0, 1, 1302, 1892], ""<class 'abc.NT_0006_P_00000'>"": [], ""<class 'abc.NT_0006_P_00001'>"": [], ""<class 'abc.NT_0002'>"": [1, 1, 2, 1, 1, 1, 1, 0, 2, 1, 41818, 0, 2, 0, 1, 0, 2, 1, 53720, 1, 0, 0, 69722, 1, 8713, 0, 0, 2, 0, 0, 0, 2, 1, 64800, 99864], ""<class 'abc.NT_0002_P_00000'>"": [], ""<class 'abc.NT_0001'>"": [1, 1, 1, 0, 0, 0, 0, 1, 1, 1, 1, 0, 1, 16227, 1, 1, 1, 1, 0, 0, 10290, 0, 0, 0, 0, 0, 1, 40887, 0, 0, 0, 0, 0, 0, 0, 0, 0, 1, 0, 0, 0, 0, 76558, 0, 0, 0, 1, 0, 0, 26591, 1, 1, 1, 0, 1, 0, 0, 45290], ""<class 'abc.NT_0001_P_00000'>"": [], ""<class 'abc.NT_0001_P_00001'>"": [], ""<class 'abc.NT_0000'>"": [0, 1, 1, 94528, 1, 0, 1, 1, 31647, 1, 1, 80324, 0, 0, 75412, 1, 69944, 1, 0, 0, 0, 1, 0, 0, 0, 1, 1, 0, 1, 3483, 1, 0, 42401, 0, 0, 0, 0, 54668, 66557, 1, 0, 1, 1, 0, 0, 21028, 54540, 1, 5444, 3614, 1, 0, 0, 0, 0, 0, 71485, 1, 0, 0, 0, 0, 1, 20343], ""<class 'abc.NT_0000_P_00000'>"": [], ""<class 'abc.NT_0000_P_00001'>"": [], ""<class 'abc.NT_0002_P_00001'>"": [], ""<class 'abc.NT_0002_P_00002'>"": [], ""<class 'abc.NT_0006_P_00002'>"": [], ""<class 'abc.NT_0007'>"": [1, 0, 1, 2, 87885, 72251, 55074], ""<class 'abc.NT_0007_P_00000'>"": [], ""<class 'abc.NT_0007_P_00001'>"": [], ""<class 'abc.NT_0007_P_00002'>"": [], ""<class 'abc.NT_0004'>"": [1, 1, 77639, 2, 1, 2, 63194, 90154], ""<class 'abc.NT_0004_P_00000'>"": [], ""<class 'abc.NT_0003'>"": [10039, 1, 0, 1, 98974, 61725, 72592, 35725, 7660], ""<class 'abc.NT_0003_P_00000'>"": [], ""<class 'abc.NT_0003_P_00001'>"": [], ""<class 'abc.NT_0003_P_00002'>"": [], ""<class 'abc.NT_0003_P_00003'>"": [], ""<class 'abc.NT_0004_P_00001'>"": [], ""<class 'abc.NT_0004_P_00002'>"": [], ""<class 'abc.NT_0009'>"": [3, 0, 1, 1, 0, 45822], ""<class 'abc.NT_0009_P_00000'>"": [], ""<class 'abc.NT_0008'>"": [15828, 0, 83857, 0, 0, 0, 17129], ""<class 'abc.NT_0008_P_00000'>"": [], ""<class 'abc.NT_0009_P_00001'>"": [], ""<class 'abc.NT_0009_P_00002'>"": [], ""<class 'abc.NT_0009_P_00003'>"": [], ""<class 'abc.NT_0010_P_00001'>"": [], ""<class 'abc.NT_0010_P_00002'>"": [], ""<class 'abc.NT_0017_P_00001'>"": [], ""<class 'abc.NT_0012'>"": [0, 0, 27606, 0, 0, 65962], ""<class 'abc.NT_0012_P_00000'>"": [], ""<class 'abc.NT_0012_P_00001'>"": [], ""<class 'abc.NT_0017_P_00002'>"": [], ""<class 'abc.NT_0013'>"": [], ""<class 'abc.NT_0013_P_00000'>"": [], ""<class 'abc.NT_0011'>"": [0, 94522], ""<class 'abc.NT_0011_P_00000'>"": [], ""<class 'abc.NT_0011_P_00001'>"": [], ""<class 'abc.NT_0011_P_00002'>"": [], ""<class 'abc.NT_0013_P_00001'>"": [], ""<class 'abc.NT_0013_P_00002'>"": [], ""<class 'abc.NT_0017_P_00003'>"": [], ""<class 'abc.NT_0016'>"": [0, 20070], ""<class 'abc.NT_0016_P_00000'>"": [], ""<class 'abc.NT_0016_P_00001'>"": [], ""<class 'abc.NT_0016_P_00002'>"": [], '$leftovers': [13707, 7777, 43103, 79112, 41937, 82055, 41802, 80929, 37572, 24235, 1002, 66268, 87311, 99058, 42897, 54099, 4751, 39061, 38658, 18856, 32793, 32020, 84694, 43326, 66351, 11593, 16559, 82179, 29701, 14785, 63931, 19995, 86098, 88506, 88906, 98218, 57143, 64899, 75531, 17691, 63845, 68413, 76826, 30524, 48607, 6718, 24768, 14247, 23842, 98884, 92372, 55279, 40315, 43705, 6728, 53868, 34432, 73753, 89438, 79733, 83929, 38685, 35410, 5343, 16823, 35888, 70000, 12879, 27426, 44726, 95438, 53746, 11554, 35563, 36846, 46156, 65002, 72433, 85297, 12477, 3511, 72425, 53166, 5796, 30717, 45518, 76561, 21526, 65748, 18017, 64172, 9175, 16724, 51276, 1749, 5687, 47923, 68260, 48548, 94393, 55323, 76604, 84009, 54574, 8798, 35733, 67233, 4198, 56844, 12629, 29196, 81671, 71295, 84963, 73193, 37662, 77918, 40265, 71387, 2776, 72056, 79890, 24380, 6524, 11920, 82004, 80554, 7771, 51485, 29874, 64851, 32118, 68660, 22646, 40503, 29950, 45632, 59339, 63591, 66553, 79195, 90039, 8891, 94412, 82595, 43578, 41060, 60184, 28053, 84947, 77614, 38864, 91374, 58545, 50015, 19960, 7381, 78763, 85070, 21507, 19025, 51930, 32629, 45143, 39756, 26052, 37388, 90108, 9391, 53674, 16962, 24269, 95106, 99931, 56381, 37781, 12365, 84199, 30949, 74271, 916, 85830, 97679, 18102, 478, 75886, 30302, 21977, 90537, 30063, 19357, 81788, 35261, 14719, 66114, 20921, 20240, 5992, 58367, 9680, 68600, 85141, 46379, 54808, 83564, 47005, 66549, 22371, 91024, 89979, 20226, 63714, 58641, 45142, 46907, 57602, 15144, 97990, 7439, 11158, 59469, 11328, 80659, 5962, 25695, 77537, 11892, 91592, 56748, 38581, 37353, 71743, 70419, 27563, 8343, 51963, 16605, 94638, 42057, 61173, 28541, 41743, 60295, 49767, 73628, 41163, 91833, 78182, 82565, 25215, 96862, 76058, 44249, 82715, 20979, 71376, 27708, 78050, 40085, 30494, 46076, 48158, 98017, 59418, 77712, 4502, 58514, 86759, 30136, 53692, 84446, 34409, 6828, 35370, 50950, 51945, 59877, 55822, 81173, 57512, 24080, 92189, 34559, 32530, 48867, 64932, 44, 85888, 8300, 92843, 6844, 39222, 76898, 88754, 22876, 38074, 43299, 88699, 81654, 61902, 89999, 13497, 66668, 7338, 74096, 38397, 11013, 98336, 40480, 33892, 63626, 49088, 71312, 23172, 10803, 62392, 24917, 67254, 58009, 81336, 59457, 73844, 95696, 6506, 27308, 70695, 56701, 13067, 41613, 72662, 53528, 75491, 42519, 81780, 31754, 13856, 88917, 96452, 41223, 89774, 10407, 31336, 50783, 20291, 5997, 7069, 31395, 24625, 6189, 56620, 24762, 84988, 68874, 85812, 41091, 24302, 77112, 35149, 22780, 53184, 18627, 57549, 17465, 63612, 87939, 6980, 60883, 29814, 87238, 14952, 60779, 86760, 61062, 30267, 24445, 56989, 27229, 82900, 90023, 57786, 63779, 40235, 86679, 51776, 22058, 63483, 39593, 41554, 8133, 95503, 6716, 25867, 90267, 22987, 39665, 98545, 93605, 1747, 78248, 27473, 33109, 26918, 82634, 51318, 80099, 73743, 12182, 94300, 46775, 25047, 68889, 10070, 18361, 65084, 37080, 70960, 83222, 67058, 98067, 22471, 67691, 59607, 67337, 8930, 21238, 46639, 45431, 43153, 96128, 24156, 80501, 82080, 49059, 2091, 12212, 52072, 31681, 90064, 42922, 12694, 63500, 88958, 85424, 60965, 55836, 88426, 54941, 94663, 65220, 71036, 49752, 17451, 53699, 9314, 14619, 3290, 44849, 90564, 91441, 62905, 40530, 5641, 37318, 36823, 31308, 19382, 62343, 86280, 16633, 47566, 15336, 77921, 88788, 50425, 20260, 79556, 59009, 60227, 87434, 40228, 88797, 25912, 98562, 76789, 91824, 52309, 10258, 50738, 95463, 77205, 93493, 68362, 24106, 95689, 49524, 69579, 66348, 75971, 22529, 74132, 89303, 37488, 5127, 63655, 17283, 25796, 52901, 73353, 59242, 58591, 76499, 46764, 96815, 56675, 19904, 86086, 9538, 16381, 25966, 48189, 47295, 50918, 3257, 56486, 10672, 45517, 6977, 66557, 24565, 14166, 47870, 73695, 59021, 61532, 83752, 51246, 6816, 65190, 71364, 98756, 25731, 84141, 78432, 21130, 69362, 52504, 59655, 73856, 97330, 50721, 19705, 54620, 16926, 96429, 24048, 73377, 67355, 15053, 17980, 70735, 35236, 75523, 91241, 23447, 72477, 51156, 95259, 88333, 29494, 67321, 52714, 62917, 99842, 65229, 6617, 44275, 88720, 37853, 8770, 63811, 7507, 89636, 17817, 1558, 85068, 79776, 73733, 11481, 89926, 56682, 49746, 9429, 50818, 45883, 58652, 12423, 26431, 60221, 95661, 73944, 68283, 51044, 69558, 68608, 65135, 29404, 17239, 5514, 47278, 63393, 94877, 23491, 47292, 6877, 19032, 65956, 9732, 97912, 1976, 37613, 34466, 61934, 57269, 53618, 5940, 93510, 52374, 85684, 22266, 86296, 60665, 10810, 9462, 494, 58482, 75247, 71566, 31620, 58819, 97731, 83116, 7767, 83623, 12444, 57312, 49834, 46402, 98377, 30435, 36116, 16443, 25589, 45312, 64514, 37426, 76200, 11178, 7488, 18610, 92099, 97566, 6854, 33656, 17686, 10866, 73697, 81050, 12312, 6505, 95303, 61521, 72092, 94259, 32683, 45746, 77187, 88803, 39457, 40047, 95729, 22380, 62708, 14355, 83408, 29714, 50213, 24600, 63055, 94787, 52488, 53820, 72502, 35142, 82539, 36201, 83535, 70150, 4544, 53013, 91532, 98794, 75749, 37723, 24569, 90322, 279, 84293, 85419, 53204, 7321, 22724, 95538, 85836, 2877, 93721, 73981, 40836, 90505, 94370, 88415, 37372, 69317, 25860, 4116, 35759, 84385, 33447, 84816, 12456, 31068, 57878, 18743, 27118, 55146, 45045, 76854, 36409, 49423, 25447, 28432, 61176, 34319, 67878, 7127, 41048, 27399, 57337, 84290, 2409, 69039, 23729, 7494, 36747, 48478, 38848, 42755, 293, 91046, 40498, 48156, 87860, 19957, 4960, 74844, 19836, 92291, 57801, 90081, 88664, 17768, 78881, 47919, 71822, 34413, 1930, 46778, 88873, 89253, 43012, 48581, 9353, 85645, 13891, 48249, 50115, 66199, 3386, 20854, 99932, 28051, 71692, 93909, 74084, 74671, 89896, 50523, 88742, 12398, 72247, 55742, 51721, 34827, 36846, 62982, 39419, 78439, 9343, 48468, 84544, 39864, 76167, 43812, 71247, 20757, 1762, 41180, 27413, 60564, 22669, 82173, 16704, 46485, 72310, 26823, 41298, 58642, 32787, 90874, 58140, 56784, 29999, 8759, 96835, 78050, 41544, 1255, 17455, 33878, 64547, 58966, 82332, 5215, 48306, 8922, 24655, 4697, 70882, 84900, 82562, 62735, 34434, 73303, 61588, 35094, 68503, 41162, 54916, 58190, 12626, 60530, 22534, 77445, 84110, 41705, 60129, 60275, 26541, 44213, 1777, 13370, 3088, 42025, 39125, 6806, 57675, 48434, 98242, 36838, 43086, 11553, 17088, 22108, 72325, 25128, 87991, 65587, 14862, 36451, 44287, 9734, 15759, 72468, 61485, 14174, 26892, 64268, 19975, 5444, 33247, 50382, 76845, 87224, 36256, 66890, 95968, 72639, 77038, 43204, 39754, 36312, 74369, 96758, 27679, 249, 98284, 44817, 61235, 55085, 9992, 27298, 25783, 69424, 39622, 26481, 58524, 35109, 38014, 50849, 43262, 70599, 1236, 29822, 19493, 40976, 26562, 7919, 16019, 11304, 44960, 68766, 47516, 55933, 93459, 51964, 80457, 87397, 77661, 10867, 13339, 38927, 67085, 83000, 91594, 70221, 32812, 41638, 39247, 63161, 56481, 85947, 619, 54521, 29223, 59027, 34890, 77305, 79995, 54866, 56578, 59831, 16991, 48800, 12168, 58544, 42596, 87951, 65721, 11198, 23052, 15984, 12347, 45822, 1513, 17129, 34479, 87885, 87506, 81928, 20343, 45290, 20189, 98974, 29926, 61725, 72592, 35725, 72251, 55074, 7660, 24694]})"
562.0,9,164,90,60.369033336639404,10696,"Genotype(dna={""<class 'abc.NT_0017'>"": [1, 23052], ""<class 'abc.NT_0017_P_00000'>"": [], ""<class 'abc.NT_0005'>"": [0, 0, 35544, 1, 0, 1, 0, 1, 1, 1513], ""<class 'abc.NT_0005_P_00000'>"": [], ""<class 'abc.NT_0005_P_00001'>"": [], ""<class 'bool'>"": [50833, 28611, 95173, 92596, 84996, 15299, 84608, 73218, 73704, 53577, 54127, 73580, 61648, 63455, 34182, 28379, 9832, 69766, 27025, 9321, 39372, 40559, 45589, 21512, 9991, 31131, 22379, 82972, 66879, 7070, 87492, 33083, 92916, 1233, 89415, 28350, 54741, 51276, 16414, 74832, 4355, 87209, 57305, 93042, 23231, 67903, 93745, 31960, 29422, 28659, 99170, 40455, 13273, 92051, 14178, 78998, 45259, 78698, 95977, 93014, 83753, 21951, 16043, 13772, 66730, 10736, 57934, 29081, 62948, 99869, 41968, 82469, 93064, 59471, 51253, 67704, 97811, 82022, 87389, 59617, 67283, 63422, 70186, 58801, 23472, 68171, 46787, 87700, 86179, 38104, 2384, 90063, 6576, 80132, 98840, 65605, 74894, 53809, 99733, 89043, 84198, 62780, 94716, 23035, 32450, 31489, 41399, 87765, 69122, 99723, 54018, 92501, 39572, 89999, 58379, 67238, 50112, 90146, 55533, 46837, 57815, 68681, 79206, 32534, 3130, 58659, 69605, 82887, 74526, 5911, 58400, 62789, 48677, 31474, 44702, 39368, 40140, 19876, 33772, 86631, 58194, 70508], ""<class 'int'>"": [88091, 54758, 80960, 4147, 58985, 98835, 33177, 12380, 43928, 18156, 46293, 82997, 26546, 21931, 20632, 91665, 69275, 46303, 61738, 80613, 63967, 92163, 79154, 79668, 18313, 6071, 50712, 91463, 54716, 33220, 52575, 78591, 28324, 24851, 385, 86434, 6594, 95864, 4088, 31907, 5028, 70908, 60125, 88976, 64506, 45119, 63026, 18677, 76141, 62129, 40973, 74468, 90479, 50241, 61828, 14495, 64587, 47259, 69389, 59226, 21182, 99643, 3451, 67066, 55205, 22485, 89443, 19030, 10288, 23574, 78426, 55280, 17305, 68878, 94325, 9074, 35370, 56456, 95300, 73961, 59051, 835, 21640, 2744, 30054, 96306, 55542, 57066, 65643, 97962, 97088, 62680, 24967, 56005, 85155, 81002, 48234, 28842, 92105, 38714, 65511, 82476, 73240, 25988, 68682, 4749, 1059, 85277, 54664, 55169, 72830, 29209, 32377, 56597, 43815, 46740, 16019, 36704, 91606, 3697, 42934, 87720, 75207, 56054, 59737, 79252, 96186, 60558, 8582, 3209, 7798, 18736, 20655, 95860, 60671, 36386, 88318, 80757, 49888, 58523, 36742, 48071, 76427, 91397, 47115, 74907, 19807, 19166, 48854, 4778, 9526, 30084, 70329, 29929, 24152, 98179, 6661, 59360, 47157, 52018, 24734, 716, 46264, 89982, 86072, 78100, 64619, 77321], ""<class 'abc.NT_0010'>"": [0, 0, 1, 53054], ""<class 'abc.NT_0010_P_00000'>"": [], ""<class 'abc.NT_0006'>"": [2, 2, 0, 1, 1302, 1892], ""<class 'abc.NT_0006_P_00000'>"": [], ""<class 'abc.NT_0006_P_00001'>"": [], ""<class 'abc.NT_0002'>"": [1, 1, 2, 1, 1, 1, 1, 0, 2, 1, 41818, 0, 2, 0, 1, 0, 2, 1, 53720, 1, 0, 0, 69722, 1, 8713, 0, 0, 2, 0, 0, 0, 2, 1, 64800, 99864], ""<class 'abc.NT_0002_P_00000'>"": [], ""<class 'abc.NT_0001'>"": [1, 1, 1, 0, 0, 0, 0, 1, 1, 1, 1, 0, 1, 16227, 1, 1, 1, 1, 0, 0, 10290, 0, 0, 0, 0, 0, 1, 40887, 0, 0, 0, 0, 0, 0, 0, 0, 0, 1, 0, 0, 0, 0, 76558, 0, 0, 0, 1, 0, 0, 26591, 1, 1, 1, 0, 1, 0, 0, 45290], ""<class 'abc.NT_0001_P_00000'>"": [], ""<class 'abc.NT_0001_P_00001'>"": [], ""<class 'abc.NT_0000'>"": [0, 1, 1, 94528, 1, 0, 1, 1, 31647, 1, 1, 80324, 0, 0, 75412, 1, 69944, 1, 0, 0, 0, 1, 0, 0, 0, 1, 1, 0, 1, 3483, 1, 0, 42401, 0, 0, 0, 0, 54668, 66557, 1, 0, 1, 1, 0, 0, 21028, 54540, 1, 5444, 3614, 1, 0, 0, 0, 0, 0, 71485, 1, 0, 0, 0, 0, 1, 20343], ""<class 'abc.NT_0000_P_00000'>"": [], ""<class 'abc.NT_0000_P_00001'>"": [], ""<class 'abc.NT_0002_P_00001'>"": [], ""<class 'abc.NT_0002_P_00002'>"": [], ""<class 'abc.NT_0006_P_00002'>"": [], ""<class 'abc.NT_0007'>"": [1, 0, 1, 2, 87885, 72251, 55074], ""<class 'abc.NT_0007_P_00000'>"": [], ""<class 'abc.NT_0007_P_00001'>"": [], ""<class 'abc.NT_0007_P_00002'>"": [], ""<class 'abc.NT_0004'>"": [1, 1, 77639, 2, 1, 2, 63194, 90154], ""<class 'abc.NT_0004_P_00000'>"": [], ""<class 'abc.NT_0003'>"": [10039, 1, 0, 1, 98974, 61725, 72592, 35725, 7660], ""<class 'abc.NT_0003_P_00000'>"": [], ""<class 'abc.NT_0003_P_00001'>"": [], ""<class 'abc.NT_0003_P_00002'>"": [], ""<class 'abc.NT_0003_P_00003'>"": [], ""<class 'abc.NT_0004_P_00001'>"": [], ""<class 'abc.NT_0004_P_00002'>"": [], ""<class 'abc.NT_0009'>"": [3, 0, 1, 1, 0, 45822], ""<class 'abc.NT_0009_P_00000'>"": [], ""<class 'abc.NT_0008'>"": [15828, 0, 83857, 0, 0, 0, 17129], ""<class 'abc.NT_0008_P_00000'>"": [], ""<class 'abc.NT_0009_P_00001'>"": [], ""<class 'abc.NT_0009_P_00002'>"": [], ""<class 'abc.NT_0009_P_00003'>"": [], ""<class 'abc.NT_0010_P_00001'>"": [], ""<class 'abc.NT_0010_P_00002'>"": [], ""<class 'abc.NT_0017_P_00001'>"": [], ""<class 'abc.NT_0012'>"": [0, 0, 27606, 0, 0, 65962], ""<class 'abc.NT_0012_P_00000'>"": [], ""<class 'abc.NT_0012_P_00001'>"": [], ""<class 'abc.NT_0017_P_00002'>"": [], ""<class 'abc.NT_0013'>"": [], ""<class 'abc.NT_0013_P_00000'>"": [], ""<class 'abc.NT_0011'>"": [0, 94522], ""<class 'abc.NT_0011_P_00000'>"": [], ""<class 'abc.NT_0011_P_00001'>"": [], ""<class 'abc.NT_0011_P_00002'>"": [], ""<class 'abc.NT_0013_P_00001'>"": [], ""<class 'abc.NT_0013_P_00002'>"": [], ""<class 'abc.NT_0017_P_00003'>"": [], ""<class 'abc.NT_0016'>"": [0, 20070], ""<class 'abc.NT_0016_P_00000'>"": [], ""<class 'abc.NT_0016_P_00001'>"": [], ""<class 'abc.NT_0016_P_00002'>"": [], '$leftovers': [13707, 7777, 43103, 79112, 41937, 82055, 41802, 80929, 37572, 24235, 1002, 66268, 87311, 99058, 42897, 54099, 4751, 39061, 38658, 18856, 32793, 32020, 84694, 43326, 66351, 11593, 16559, 82179, 29701, 14785, 63931, 19995, 86098, 88506, 88906, 98218, 57143, 64899, 75531, 17691, 63845, 68413, 76826, 30524, 48607, 6718, 24768, 14247, 23842, 98884, 92372, 55279, 40315, 43705, 6728, 53868, 34432, 73753, 89438, 79733, 83929, 38685, 35410, 5343, 16823, 35888, 70000, 12879, 27426, 44726, 95438, 53746, 11554, 35563, 36846, 46156, 65002, 72433, 85297, 12477, 3511, 72425, 53166, 5796, 30717, 45518, 76561, 21526, 65748, 18017, 64172, 9175, 16724, 51276, 1749, 5687, 47923, 68260, 48548, 94393, 55323, 76604, 84009, 54574, 8798, 35733, 67233, 4198, 56844, 12629, 29196, 81671, 71295, 84963, 73193, 37662, 77918, 40265, 71387, 2776, 72056, 79890, 24380, 6524, 11920, 82004, 80554, 7771, 51485, 29874, 64851, 32118, 68660, 22646, 40503, 29950, 45632, 59339, 63591, 66553, 79195, 90039, 8891, 94412, 82595, 43578, 41060, 60184, 28053, 84947, 77614, 38864, 91374, 58545, 50015, 19960, 7381, 78763, 85070, 21507, 19025, 51930, 32629, 45143, 39756, 26052, 37388, 90108, 9391, 53674, 16962, 24269, 95106, 99931, 56381, 37781, 12365, 84199, 30949, 74271, 916, 85830, 97679, 18102, 478, 75886, 30302, 21977, 90537, 30063, 19357, 81788, 35261, 14719, 66114, 20921, 20240, 5992, 58367, 9680, 68600, 85141, 46379, 54808, 83564, 47005, 66549, 22371, 91024, 89979, 20226, 63714, 58641, 45142, 46907, 57602, 15144, 97990, 7439, 11158, 59469, 11328, 80659, 5962, 25695, 77537, 11892, 91592, 56748, 38581, 37353, 71743, 70419, 27563, 8343, 51963, 16605, 94638, 42057, 61173, 28541, 41743, 60295, 49767, 73628, 41163, 91833, 78182, 82565, 25215, 96862, 76058, 44249, 82715, 20979, 71376, 27708, 78050, 40085, 30494, 46076, 48158, 98017, 59418, 77712, 4502, 58514, 86759, 30136, 53692, 84446, 34409, 6828, 35370, 50950, 51945, 59877, 55822, 81173, 57512, 24080, 92189, 34559, 32530, 48867, 64932, 44, 85888, 8300, 92843, 6844, 39222, 76898, 88754, 22876, 38074, 43299, 88699, 81654, 61902, 89999, 13497, 66668, 7338, 74096, 38397, 11013, 98336, 40480, 33892, 63626, 49088, 71312, 23172, 10803, 62392, 24917, 67254, 58009, 81336, 59457, 73844, 95696, 6506, 27308, 70695, 56701, 13067, 41613, 72662, 53528, 75491, 42519, 81780, 31754, 13856, 88917, 96452, 41223, 89774, 10407, 31336, 50783, 20291, 5997, 7069, 31395, 24625, 6189, 56620, 24762, 84988, 68874, 85812, 41091, 24302, 77112, 35149, 22780, 53184, 18627, 57549, 17465, 63612, 87939, 6980, 60883, 29814, 87238, 14952, 60779, 86760, 61062, 30267, 24445, 56989, 27229, 82900, 90023, 57786, 63779, 40235, 86679, 51776, 22058, 63483, 39593, 41554, 8133, 95503, 6716, 25867, 90267, 22987, 39665, 98545, 93605, 1747, 78248, 27473, 33109, 26918, 82634, 51318, 80099, 73743, 12182, 94300, 46775, 25047, 68889, 10070, 18361, 65084, 37080, 70960, 83222, 67058, 98067, 22471, 67691, 59607, 67337, 8930, 21238, 46639, 45431, 43153, 96128, 24156, 80501, 82080, 49059, 2091, 12212, 52072, 31681, 90064, 42922, 12694, 63500, 88958, 85424, 60965, 55836, 88426, 54941, 94663, 65220, 71036, 49752, 17451, 53699, 9314, 14619, 3290, 44849, 90564, 91441, 62905, 40530, 5641, 37318, 36823, 31308, 19382, 62343, 86280, 16633, 47566, 15336, 77921, 88788, 50425, 20260, 79556, 59009, 60227, 87434, 40228, 88797, 25912, 98562, 76789, 91824, 52309, 10258, 50738, 95463, 77205, 93493, 68362, 24106, 95689, 49524, 69579, 66348, 75971, 22529, 74132, 89303, 37488, 5127, 63655, 17283, 25796, 52901, 73353, 59242, 58591, 76499, 46764, 96815, 56675, 19904, 86086, 9538, 16381, 25966, 48189, 47295, 50918, 3257, 56486, 10672, 45517, 6977, 66557, 24565, 14166, 47870, 73695, 59021, 61532, 83752, 51246, 6816, 65190, 71364, 98756, 25731, 84141, 78432, 21130, 69362, 52504, 59655, 73856, 97330, 50721, 19705, 54620, 16926, 96429, 24048, 73377, 67355, 15053, 17980, 70735, 35236, 75523, 91241, 23447, 72477, 51156, 95259, 88333, 29494, 67321, 52714, 62917, 99842, 65229, 6617, 44275, 88720, 37853, 8770, 63811, 7507, 89636, 17817, 1558, 85068, 79776, 73733, 11481, 89926, 56682, 49746, 9429, 50818, 45883, 58652, 12423, 26431, 60221, 95661, 73944, 68283, 51044, 69558, 68608, 65135, 29404, 17239, 5514, 47278, 63393, 94877, 23491, 47292, 6877, 19032, 65956, 9732, 97912, 1976, 37613, 34466, 61934, 57269, 53618, 5940, 93510, 52374, 85684, 22266, 86296, 60665, 10810, 9462, 494, 58482, 75247, 71566, 31620, 58819, 97731, 83116, 7767, 83623, 12444, 57312, 49834, 46402, 98377, 30435, 36116, 16443, 25589, 45312, 64514, 37426, 76200, 11178, 7488, 18610, 92099, 97566, 6854, 33656, 17686, 10866, 73697, 81050, 12312, 6505, 95303, 61521, 72092, 94259, 32683, 45746, 77187, 88803, 39457, 40047, 95729, 22380, 62708, 14355, 83408, 29714, 50213, 24600, 63055, 94787, 52488, 53820, 72502, 35142, 82539, 36201, 83535, 70150, 4544, 53013, 91532, 98794, 75749, 37723, 24569, 90322, 279, 84293, 85419, 53204, 7321, 22724, 95538, 85836, 2877, 93721, 73981, 40836, 90505, 94370, 88415, 37372, 69317, 25860, 4116, 35759, 84385, 33447, 84816, 12456, 31068, 57878, 18743, 27118, 55146, 45045, 76854, 36409, 49423, 25447, 28432, 61176, 34319, 67878, 7127, 41048, 27399, 57337, 84290, 2409, 69039, 23729, 7494, 36747, 48478, 38848, 42755, 293, 91046, 40498, 48156, 87860, 19957, 4960, 74844, 19836, 92291, 57801, 90081, 88664, 17768, 78881, 47919, 71822, 34413, 1930, 46778, 88873, 89253, 43012, 48581, 9353, 85645, 13891, 48249, 50115, 66199, 3386, 20854, 99932, 28051, 71692, 93909, 74084, 74671, 89896, 50523, 88742, 12398, 72247, 55742, 51721, 34827, 36846, 62982, 39419, 78439, 9343, 48468, 84544, 39864, 76167, 43812, 71247, 20757, 1762, 41180, 27413, 60564, 22669, 82173, 16704, 46485, 72310, 26823, 41298, 58642, 32787, 90874, 58140, 56784, 29999, 8759, 96835, 78050, 41544, 1255, 17455, 33878, 64547, 58966, 82332, 5215, 48306, 8922, 24655, 4697, 70882, 84900, 82562, 62735, 34434, 73303, 61588, 35094, 68503, 41162, 54916, 58190, 12626, 60530, 22534, 77445, 84110, 41705, 60129, 60275, 26541, 44213, 1777, 13370, 3088, 42025, 39125, 6806, 57675, 48434, 98242, 36838, 43086, 11553, 17088, 22108, 72325, 25128, 87991, 65587, 14862, 36451, 44287, 9734, 15759, 72468, 61485, 14174, 26892, 64268, 19975, 5444, 33247, 50382, 76845, 87224, 36256, 66890, 95968, 72639, 77038, 43204, 39754, 36312, 74369, 96758, 27679, 249, 98284, 44817, 61235, 55085, 9992, 27298, 25783, 69424, 39622, 26481, 58524, 35109, 38014, 50849, 43262, 70599, 1236, 29822, 19493, 40976, 26562, 7919, 16019, 11304, 44960, 68766, 47516, 55933, 93459, 51964, 80457, 87397, 77661, 10867, 13339, 38927, 67085, 83000, 91594, 70221, 32812, 41638, 39247, 63161, 56481, 85947, 619, 54521, 29223, 59027, 34890, 77305, 79995, 54866, 56578, 59831, 16991, 48800, 12168, 58544, 42596, 87951, 65721, 11198, 23052, 15984, 12347, 45822, 1513, 17129, 34479, 87885, 87506, 81928, 20343, 45290, 20189, 98974, 29926, 61725, 72592, 35725, 72251, 55074, 7660, 24694]})"
562.0,9,164,91,60.64876317977905,10696,"Genotype(dna={""<class 'abc.NT_0017'>"": [1, 23052], ""<class 'abc.NT_0017_P_00000'>"": [], ""<class 'abc.NT_0005'>"": [0, 0, 35544, 1, 0, 1, 0, 1, 1, 1513], ""<class 'abc.NT_0005_P_00000'>"": [], ""<class 'abc.NT_0005_P_00001'>"": [], ""<class 'bool'>"": [50833, 28611, 95173, 92596, 84996, 15299, 84608, 73218, 73704, 53577, 54127, 73580, 61648, 63455, 34182, 28379, 9832, 69766, 27025, 9321, 39372, 40559, 45589, 21512, 9991, 31131, 22379, 82972, 66879, 7070, 87492, 33083, 92916, 1233, 89415, 28350, 54741, 51276, 16414, 74832, 4355, 87209, 57305, 93042, 23231, 67903, 93745, 31960, 29422, 28659, 99170, 40455, 13273, 92051, 14178, 78998, 45259, 78698, 95977, 93014, 83753, 21951, 16043, 13772, 66730, 10736, 57934, 29081, 62948, 99869, 41968, 82469, 93064, 59471, 51253, 67704, 97811, 82022, 87389, 59617, 67283, 63422, 70186, 58801, 23472, 68171, 46787, 87700, 86179, 38104, 2384, 90063, 6576, 80132, 98840, 65605, 74894, 53809, 99733, 89043, 84198, 62780, 94716, 23035, 32450, 31489, 41399, 87765, 69122, 99723, 54018, 92501, 39572, 89999, 58379, 67238, 50112, 90146, 55533, 46837, 57815, 68681, 79206, 32534, 3130, 58659, 69605, 82887, 74526, 5911, 58400, 62789, 48677, 31474, 44702, 39368, 40140, 19876, 33772, 86631, 58194, 70508], ""<class 'int'>"": [88091, 54758, 80960, 4147, 58985, 98835, 33177, 12380, 43928, 18156, 46293, 82997, 26546, 21931, 20632, 91665, 69275, 46303, 61738, 80613, 63967, 92163, 79154, 79668, 18313, 6071, 50712, 91463, 54716, 33220, 52575, 78591, 28324, 24851, 385, 86434, 6594, 95864, 4088, 31907, 5028, 70908, 60125, 88976, 64506, 45119, 63026, 18677, 76141, 62129, 40973, 74468, 90479, 50241, 61828, 14495, 64587, 47259, 69389, 59226, 21182, 99643, 3451, 67066, 55205, 22485, 89443, 19030, 10288, 23574, 78426, 55280, 17305, 68878, 94325, 9074, 35370, 56456, 95300, 73961, 59051, 835, 21640, 2744, 30054, 96306, 55542, 57066, 65643, 97962, 97088, 62680, 24967, 56005, 85155, 81002, 48234, 28842, 92105, 38714, 65511, 82476, 73240, 25988, 68682, 4749, 1059, 85277, 54664, 55169, 72830, 29209, 32377, 56597, 43815, 46740, 16019, 36704, 91606, 3697, 42934, 87720, 75207, 56054, 59737, 79252, 96186, 60558, 8582, 3209, 7798, 18736, 20655, 95860, 60671, 36386, 88318, 80757, 49888, 58523, 36742, 48071, 76427, 91397, 47115, 74907, 19807, 19166, 48854, 4778, 9526, 30084, 70329, 29929, 24152, 98179, 6661, 59360, 47157, 52018, 24734, 716, 46264, 89982, 86072, 78100, 64619, 77321], ""<class 'abc.NT_0010'>"": [0, 0, 1, 53054], ""<class 'abc.NT_0010_P_00000'>"": [], ""<class 'abc.NT_0006'>"": [2, 2, 0, 1, 1302, 1892], ""<class 'abc.NT_0006_P_00000'>"": [], ""<class 'abc.NT_0006_P_00001'>"": [], ""<class 'abc.NT_0002'>"": [1, 1, 2, 1, 1, 1, 1, 0, 2, 1, 41818, 0, 2, 0, 1, 0, 2, 1, 53720, 1, 0, 0, 69722, 1, 8713, 0, 0, 2, 0, 0, 0, 2, 1, 64800, 99864], ""<class 'abc.NT_0002_P_00000'>"": [], ""<class 'abc.NT_0001'>"": [1, 1, 1, 0, 0, 0, 0, 1, 1, 1, 1, 0, 1, 16227, 1, 1, 1, 1, 0, 0, 10290, 0, 0, 0, 0, 0, 1, 40887, 0, 0, 0, 0, 0, 0, 0, 0, 0, 1, 0, 0, 0, 0, 76558, 0, 0, 0, 1, 0, 0, 26591, 1, 1, 1, 0, 1, 0, 0, 45290], ""<class 'abc.NT_0001_P_00000'>"": [], ""<class 'abc.NT_0001_P_00001'>"": [], ""<class 'abc.NT_0000'>"": [0, 1, 1, 94528, 1, 0, 1, 1, 31647, 1, 1, 80324, 0, 0, 75412, 1, 69944, 1, 0, 0, 0, 1, 0, 0, 0, 1, 1, 0, 1, 3483, 1, 0, 42401, 0, 0, 0, 0, 54668, 66557, 1, 0, 1, 1, 0, 0, 21028, 54540, 1, 5444, 3614, 1, 0, 0, 0, 0, 0, 71485, 1, 0, 0, 0, 0, 1, 20343], ""<class 'abc.NT_0000_P_00000'>"": [], ""<class 'abc.NT_0000_P_00001'>"": [], ""<class 'abc.NT_0002_P_00001'>"": [], ""<class 'abc.NT_0002_P_00002'>"": [], ""<class 'abc.NT_0006_P_00002'>"": [], ""<class 'abc.NT_0007'>"": [1, 0, 1, 2, 87885, 72251, 55074], ""<class 'abc.NT_0007_P_00000'>"": [], ""<class 'abc.NT_0007_P_00001'>"": [], ""<class 'abc.NT_0007_P_00002'>"": [], ""<class 'abc.NT_0004'>"": [1, 1, 77639, 2, 1, 2, 63194, 90154], ""<class 'abc.NT_0004_P_00000'>"": [], ""<class 'abc.NT_0003'>"": [10039, 1, 0, 1, 98974, 61725, 72592, 35725, 7660], ""<class 'abc.NT_0003_P_00000'>"": [], ""<class 'abc.NT_0003_P_00001'>"": [], ""<class 'abc.NT_0003_P_00002'>"": [], ""<class 'abc.NT_0003_P_00003'>"": [], ""<class 'abc.NT_0004_P_00001'>"": [], ""<class 'abc.NT_0004_P_00002'>"": [], ""<class 'abc.NT_0009'>"": [3, 0, 1, 1, 0, 45822], ""<class 'abc.NT_0009_P_00000'>"": [], ""<class 'abc.NT_0008'>"": [15828, 0, 83857, 0, 0, 0, 17129], ""<class 'abc.NT_0008_P_00000'>"": [], ""<class 'abc.NT_0009_P_00001'>"": [], ""<class 'abc.NT_0009_P_00002'>"": [], ""<class 'abc.NT_0009_P_00003'>"": [], ""<class 'abc.NT_0010_P_00001'>"": [], ""<class 'abc.NT_0010_P_00002'>"": [], ""<class 'abc.NT_0017_P_00001'>"": [], ""<class 'abc.NT_0012'>"": [0, 0, 27606, 0, 0, 65962], ""<class 'abc.NT_0012_P_00000'>"": [], ""<class 'abc.NT_0012_P_00001'>"": [], ""<class 'abc.NT_0017_P_00002'>"": [], ""<class 'abc.NT_0013'>"": [], ""<class 'abc.NT_0013_P_00000'>"": [], ""<class 'abc.NT_0011'>"": [0, 94522], ""<class 'abc.NT_0011_P_00000'>"": [], ""<class 'abc.NT_0011_P_00001'>"": [], ""<class 'abc.NT_0011_P_00002'>"": [], ""<class 'abc.NT_0013_P_00001'>"": [], ""<class 'abc.NT_0013_P_00002'>"": [], ""<class 'abc.NT_0017_P_00003'>"": [], ""<class 'abc.NT_0016'>"": [0, 20070], ""<class 'abc.NT_0016_P_00000'>"": [], ""<class 'abc.NT_0016_P_00001'>"": [], ""<class 'abc.NT_0016_P_00002'>"": [], '$leftovers': [13707, 7777, 43103, 79112, 41937, 82055, 41802, 80929, 37572, 24235, 1002, 66268, 87311, 99058, 42897, 54099, 4751, 39061, 38658, 18856, 32793, 32020, 84694, 43326, 66351, 11593, 16559, 82179, 29701, 14785, 63931, 19995, 86098, 88506, 88906, 98218, 57143, 64899, 75531, 17691, 63845, 68413, 76826, 30524, 48607, 6718, 24768, 14247, 23842, 98884, 92372, 55279, 40315, 43705, 6728, 53868, 34432, 73753, 89438, 79733, 83929, 38685, 35410, 5343, 16823, 35888, 70000, 12879, 27426, 44726, 95438, 53746, 11554, 35563, 36846, 46156, 65002, 72433, 85297, 12477, 3511, 72425, 53166, 5796, 30717, 45518, 76561, 21526, 65748, 18017, 64172, 9175, 16724, 51276, 1749, 5687, 47923, 68260, 48548, 94393, 55323, 76604, 84009, 54574, 8798, 35733, 67233, 4198, 56844, 12629, 29196, 81671, 71295, 84963, 73193, 37662, 77918, 40265, 71387, 2776, 72056, 79890, 24380, 6524, 11920, 82004, 80554, 7771, 51485, 29874, 64851, 32118, 68660, 22646, 40503, 29950, 45632, 59339, 63591, 66553, 79195, 90039, 8891, 94412, 82595, 43578, 41060, 60184, 28053, 84947, 77614, 38864, 91374, 58545, 50015, 19960, 7381, 78763, 85070, 21507, 19025, 51930, 32629, 45143, 39756, 26052, 37388, 90108, 9391, 53674, 16962, 24269, 95106, 99931, 56381, 37781, 12365, 84199, 30949, 74271, 916, 85830, 97679, 18102, 478, 75886, 30302, 21977, 90537, 30063, 19357, 81788, 35261, 14719, 66114, 20921, 20240, 5992, 58367, 9680, 68600, 85141, 46379, 54808, 83564, 47005, 66549, 22371, 91024, 89979, 20226, 63714, 58641, 45142, 46907, 57602, 15144, 97990, 7439, 11158, 59469, 11328, 80659, 5962, 25695, 77537, 11892, 91592, 56748, 38581, 37353, 71743, 70419, 27563, 8343, 51963, 16605, 94638, 42057, 61173, 28541, 41743, 60295, 49767, 73628, 41163, 91833, 78182, 82565, 25215, 96862, 76058, 44249, 82715, 20979, 71376, 27708, 78050, 40085, 30494, 46076, 48158, 98017, 59418, 77712, 4502, 58514, 86759, 30136, 53692, 84446, 34409, 6828, 35370, 50950, 51945, 59877, 55822, 81173, 57512, 24080, 92189, 34559, 32530, 48867, 64932, 44, 85888, 8300, 92843, 6844, 39222, 76898, 88754, 22876, 38074, 43299, 88699, 81654, 61902, 89999, 13497, 66668, 7338, 74096, 38397, 11013, 98336, 40480, 33892, 63626, 49088, 71312, 23172, 10803, 62392, 24917, 67254, 58009, 81336, 59457, 73844, 95696, 6506, 27308, 70695, 56701, 13067, 41613, 72662, 53528, 75491, 42519, 81780, 31754, 13856, 88917, 96452, 41223, 89774, 10407, 31336, 50783, 20291, 5997, 7069, 31395, 24625, 6189, 56620, 24762, 84988, 68874, 85812, 41091, 24302, 77112, 35149, 22780, 53184, 18627, 57549, 17465, 63612, 87939, 6980, 60883, 29814, 87238, 14952, 60779, 86760, 61062, 30267, 24445, 56989, 27229, 82900, 90023, 57786, 63779, 40235, 86679, 51776, 22058, 63483, 39593, 41554, 8133, 95503, 6716, 25867, 90267, 22987, 39665, 98545, 93605, 1747, 78248, 27473, 33109, 26918, 82634, 51318, 80099, 73743, 12182, 94300, 46775, 25047, 68889, 10070, 18361, 65084, 37080, 70960, 83222, 67058, 98067, 22471, 67691, 59607, 67337, 8930, 21238, 46639, 45431, 43153, 96128, 24156, 80501, 82080, 49059, 2091, 12212, 52072, 31681, 90064, 42922, 12694, 63500, 88958, 85424, 60965, 55836, 88426, 54941, 94663, 65220, 71036, 49752, 17451, 53699, 9314, 14619, 3290, 44849, 90564, 91441, 62905, 40530, 5641, 37318, 36823, 31308, 19382, 62343, 86280, 16633, 47566, 15336, 77921, 88788, 50425, 20260, 79556, 59009, 60227, 87434, 40228, 88797, 25912, 98562, 76789, 91824, 52309, 10258, 50738, 95463, 77205, 93493, 68362, 24106, 95689, 49524, 69579, 66348, 75971, 22529, 74132, 89303, 37488, 5127, 63655, 17283, 25796, 52901, 73353, 59242, 58591, 76499, 46764, 96815, 56675, 19904, 86086, 9538, 16381, 25966, 48189, 47295, 50918, 3257, 56486, 10672, 45517, 6977, 66557, 24565, 14166, 47870, 73695, 59021, 61532, 83752, 51246, 6816, 65190, 71364, 98756, 25731, 84141, 78432, 21130, 69362, 52504, 59655, 73856, 97330, 50721, 19705, 54620, 16926, 96429, 24048, 73377, 67355, 15053, 17980, 70735, 35236, 75523, 91241, 23447, 72477, 51156, 95259, 88333, 29494, 67321, 52714, 62917, 99842, 65229, 6617, 44275, 88720, 37853, 8770, 63811, 7507, 89636, 17817, 1558, 85068, 79776, 73733, 11481, 89926, 56682, 49746, 9429, 50818, 45883, 58652, 12423, 26431, 60221, 95661, 73944, 68283, 51044, 69558, 68608, 65135, 29404, 17239, 5514, 47278, 63393, 94877, 23491, 47292, 6877, 19032, 65956, 9732, 97912, 1976, 37613, 34466, 61934, 57269, 53618, 5940, 93510, 52374, 85684, 22266, 86296, 60665, 10810, 9462, 494, 58482, 75247, 71566, 31620, 58819, 97731, 83116, 7767, 83623, 12444, 57312, 49834, 46402, 98377, 30435, 36116, 16443, 25589, 45312, 64514, 37426, 76200, 11178, 7488, 18610, 92099, 97566, 6854, 33656, 17686, 10866, 73697, 81050, 12312, 6505, 95303, 61521, 72092, 94259, 32683, 45746, 77187, 88803, 39457, 40047, 95729, 22380, 62708, 14355, 83408, 29714, 50213, 24600, 63055, 94787, 52488, 53820, 72502, 35142, 82539, 36201, 83535, 70150, 4544, 53013, 91532, 98794, 75749, 37723, 24569, 90322, 279, 84293, 85419, 53204, 7321, 22724, 95538, 85836, 2877, 93721, 73981, 40836, 90505, 94370, 88415, 37372, 69317, 25860, 4116, 35759, 84385, 33447, 84816, 12456, 31068, 57878, 18743, 27118, 55146, 45045, 76854, 36409, 49423, 25447, 28432, 61176, 34319, 67878, 7127, 41048, 27399, 57337, 84290, 2409, 69039, 23729, 7494, 36747, 48478, 38848, 42755, 293, 91046, 40498, 48156, 87860, 19957, 4960, 74844, 19836, 92291, 57801, 90081, 88664, 17768, 78881, 47919, 71822, 34413, 1930, 46778, 88873, 89253, 43012, 48581, 9353, 85645, 13891, 48249, 50115, 66199, 3386, 20854, 99932, 28051, 71692, 93909, 74084, 74671, 89896, 50523, 88742, 12398, 72247, 55742, 51721, 34827, 36846, 62982, 39419, 78439, 9343, 48468, 84544, 39864, 76167, 43812, 71247, 20757, 1762, 41180, 27413, 60564, 22669, 82173, 16704, 46485, 72310, 26823, 41298, 58642, 32787, 90874, 58140, 56784, 29999, 8759, 96835, 78050, 41544, 1255, 17455, 33878, 64547, 58966, 82332, 5215, 48306, 8922, 24655, 4697, 70882, 84900, 82562, 62735, 34434, 73303, 61588, 35094, 68503, 41162, 54916, 58190, 12626, 60530, 22534, 77445, 84110, 41705, 60129, 60275, 26541, 44213, 1777, 13370, 3088, 42025, 39125, 6806, 57675, 48434, 98242, 36838, 43086, 11553, 17088, 22108, 72325, 25128, 87991, 65587, 14862, 36451, 44287, 9734, 15759, 72468, 61485, 14174, 26892, 64268, 19975, 5444, 33247, 50382, 76845, 87224, 36256, 66890, 95968, 72639, 77038, 43204, 39754, 36312, 74369, 96758, 27679, 249, 98284, 44817, 61235, 55085, 9992, 27298, 25783, 69424, 39622, 26481, 58524, 35109, 38014, 50849, 43262, 70599, 1236, 29822, 19493, 40976, 26562, 7919, 16019, 11304, 44960, 68766, 47516, 55933, 93459, 51964, 80457, 87397, 77661, 10867, 13339, 38927, 67085, 83000, 91594, 70221, 32812, 41638, 39247, 63161, 56481, 85947, 619, 54521, 29223, 59027, 34890, 77305, 79995, 54866, 56578, 59831, 16991, 48800, 12168, 58544, 42596, 87951, 65721, 11198, 23052, 15984, 12347, 45822, 1513, 17129, 34479, 87885, 87506, 81928, 20343, 45290, 20189, 98974, 29926, 61725, 72592, 35725, 72251, 55074, 7660, 24694]})"
562.0,9,164,92,61.07757210731506,10696,"Genotype(dna={""<class 'abc.NT_0017'>"": [1, 23052], ""<class 'abc.NT_0017_P_00000'>"": [], ""<class 'abc.NT_0005'>"": [0, 0, 35544, 1, 0, 1, 0, 1, 1, 1513], ""<class 'abc.NT_0005_P_00000'>"": [], ""<class 'abc.NT_0005_P_00001'>"": [], ""<class 'bool'>"": [50833, 28611, 95173, 92596, 84996, 15299, 84608, 73218, 73704, 53577, 54127, 73580, 61648, 63455, 34182, 28379, 9832, 69766, 27025, 9321, 39372, 40559, 45589, 21512, 9991, 31131, 22379, 82972, 66879, 7070, 87492, 33083, 92916, 1233, 89415, 28350, 54741, 51276, 16414, 74832, 4355, 87209, 57305, 93042, 23231, 67903, 93745, 31960, 29422, 28659, 99170, 40455, 13273, 92051, 14178, 78998, 45259, 78698, 95977, 93014, 83753, 21951, 16043, 13772, 66730, 10736, 57934, 29081, 62948, 99869, 41968, 82469, 93064, 59471, 51253, 67704, 97811, 82022, 87389, 59617, 67283, 63422, 70186, 58801, 23472, 68171, 46787, 87700, 86179, 38104, 2384, 90063, 6576, 80132, 98840, 65605, 74894, 53809, 99733, 89043, 84198, 62780, 94716, 23035, 32450, 31489, 41399, 87765, 69122, 99723, 54018, 92501, 39572, 89999, 58379, 67238, 50112, 90146, 55533, 46837, 57815, 68681, 79206, 32534, 3130, 58659, 69605, 82887, 74526, 5911, 58400, 62789, 48677, 31474, 44702, 39368, 40140, 19876, 33772, 86631, 58194, 70508], ""<class 'int'>"": [88091, 54758, 80960, 4147, 58985, 98835, 33177, 12380, 43928, 18156, 46293, 82997, 26546, 21931, 20632, 91665, 69275, 46303, 61738, 80613, 63967, 92163, 79154, 79668, 18313, 6071, 50712, 91463, 54716, 33220, 52575, 78591, 28324, 24851, 385, 86434, 6594, 95864, 4088, 31907, 5028, 70908, 60125, 88976, 64506, 45119, 63026, 18677, 76141, 62129, 40973, 74468, 90479, 50241, 61828, 14495, 64587, 47259, 69389, 59226, 21182, 99643, 3451, 67066, 55205, 22485, 89443, 19030, 10288, 23574, 78426, 55280, 17305, 68878, 94325, 9074, 35370, 56456, 95300, 73961, 59051, 835, 21640, 2744, 30054, 96306, 55542, 57066, 65643, 97962, 97088, 62680, 24967, 56005, 85155, 81002, 48234, 28842, 92105, 38714, 65511, 82476, 73240, 25988, 68682, 4749, 1059, 85277, 54664, 55169, 72830, 29209, 32377, 56597, 43815, 46740, 16019, 36704, 91606, 3697, 42934, 87720, 75207, 56054, 59737, 79252, 96186, 60558, 8582, 3209, 7798, 18736, 20655, 95860, 60671, 36386, 88318, 80757, 49888, 58523, 36742, 48071, 76427, 91397, 47115, 74907, 19807, 19166, 48854, 4778, 9526, 30084, 70329, 29929, 24152, 98179, 6661, 59360, 47157, 52018, 24734, 716, 46264, 89982, 86072, 78100, 64619, 77321], ""<class 'abc.NT_0010'>"": [0, 0, 1, 53054], ""<class 'abc.NT_0010_P_00000'>"": [], ""<class 'abc.NT_0006'>"": [2, 2, 0, 1, 1302, 1892], ""<class 'abc.NT_0006_P_00000'>"": [], ""<class 'abc.NT_0006_P_00001'>"": [], ""<class 'abc.NT_0002'>"": [1, 1, 2, 1, 1, 1, 1, 0, 2, 1, 41818, 0, 2, 0, 1, 0, 2, 1, 53720, 1, 0, 0, 69722, 1, 8713, 0, 0, 2, 0, 0, 0, 2, 1, 64800, 99864], ""<class 'abc.NT_0002_P_00000'>"": [], ""<class 'abc.NT_0001'>"": [1, 1, 1, 0, 0, 0, 0, 1, 1, 1, 1, 0, 1, 16227, 1, 1, 1, 1, 0, 0, 10290, 0, 0, 0, 0, 0, 1, 40887, 0, 0, 0, 0, 0, 0, 0, 0, 0, 1, 0, 0, 0, 0, 76558, 0, 0, 0, 1, 0, 0, 26591, 1, 1, 1, 0, 1, 0, 0, 45290], ""<class 'abc.NT_0001_P_00000'>"": [], ""<class 'abc.NT_0001_P_00001'>"": [], ""<class 'abc.NT_0000'>"": [0, 1, 1, 94528, 1, 0, 1, 1, 31647, 1, 1, 80324, 0, 0, 75412, 1, 69944, 1, 0, 0, 0, 1, 0, 0, 0, 1, 1, 0, 1, 3483, 1, 0, 42401, 0, 0, 0, 0, 54668, 66557, 1, 0, 1, 1, 0, 0, 21028, 54540, 1, 5444, 3614, 1, 0, 0, 0, 0, 0, 71485, 1, 0, 0, 0, 0, 1, 20343], ""<class 'abc.NT_0000_P_00000'>"": [], ""<class 'abc.NT_0000_P_00001'>"": [], ""<class 'abc.NT_0002_P_00001'>"": [], ""<class 'abc.NT_0002_P_00002'>"": [], ""<class 'abc.NT_0006_P_00002'>"": [], ""<class 'abc.NT_0007'>"": [1, 0, 1, 2, 87885, 72251, 55074], ""<class 'abc.NT_0007_P_00000'>"": [], ""<class 'abc.NT_0007_P_00001'>"": [], ""<class 'abc.NT_0007_P_00002'>"": [], ""<class 'abc.NT_0004'>"": [1, 1, 77639, 2, 1, 2, 63194, 90154], ""<class 'abc.NT_0004_P_00000'>"": [], ""<class 'abc.NT_0003'>"": [10039, 1, 0, 1, 98974, 61725, 72592, 35725, 7660], ""<class 'abc.NT_0003_P_00000'>"": [], ""<class 'abc.NT_0003_P_00001'>"": [], ""<class 'abc.NT_0003_P_00002'>"": [], ""<class 'abc.NT_0003_P_00003'>"": [], ""<class 'abc.NT_0004_P_00001'>"": [], ""<class 'abc.NT_0004_P_00002'>"": [], ""<class 'abc.NT_0009'>"": [3, 0, 1, 1, 0, 45822], ""<class 'abc.NT_0009_P_00000'>"": [], ""<class 'abc.NT_0008'>"": [15828, 0, 83857, 0, 0, 0, 17129], ""<class 'abc.NT_0008_P_00000'>"": [], ""<class 'abc.NT_0009_P_00001'>"": [], ""<class 'abc.NT_0009_P_00002'>"": [], ""<class 'abc.NT_0009_P_00003'>"": [], ""<class 'abc.NT_0010_P_00001'>"": [], ""<class 'abc.NT_0010_P_00002'>"": [], ""<class 'abc.NT_0017_P_00001'>"": [], ""<class 'abc.NT_0012'>"": [0, 0, 27606, 0, 0, 65962], ""<class 'abc.NT_0012_P_00000'>"": [], ""<class 'abc.NT_0012_P_00001'>"": [], ""<class 'abc.NT_0017_P_00002'>"": [], ""<class 'abc.NT_0013'>"": [], ""<class 'abc.NT_0013_P_00000'>"": [], ""<class 'abc.NT_0011'>"": [0, 94522], ""<class 'abc.NT_0011_P_00000'>"": [], ""<class 'abc.NT_0011_P_00001'>"": [], ""<class 'abc.NT_0011_P_00002'>"": [], ""<class 'abc.NT_0013_P_00001'>"": [], ""<class 'abc.NT_0013_P_00002'>"": [], ""<class 'abc.NT_0017_P_00003'>"": [], ""<class 'abc.NT_0016'>"": [0, 20070], ""<class 'abc.NT_0016_P_00000'>"": [], ""<class 'abc.NT_0016_P_00001'>"": [], ""<class 'abc.NT_0016_P_00002'>"": [], '$leftovers': [13707, 7777, 43103, 79112, 41937, 82055, 41802, 80929, 37572, 24235, 1002, 66268, 87311, 99058, 42897, 54099, 4751, 39061, 38658, 18856, 32793, 32020, 84694, 43326, 66351, 11593, 16559, 82179, 29701, 14785, 63931, 19995, 86098, 88506, 88906, 98218, 57143, 64899, 75531, 17691, 63845, 68413, 76826, 30524, 48607, 6718, 24768, 14247, 23842, 98884, 92372, 55279, 40315, 43705, 6728, 53868, 34432, 73753, 89438, 79733, 83929, 38685, 35410, 5343, 16823, 35888, 70000, 12879, 27426, 44726, 95438, 53746, 11554, 35563, 36846, 46156, 65002, 72433, 85297, 12477, 3511, 72425, 53166, 5796, 30717, 45518, 76561, 21526, 65748, 18017, 64172, 9175, 16724, 51276, 1749, 5687, 47923, 68260, 48548, 94393, 55323, 76604, 84009, 54574, 8798, 35733, 67233, 4198, 56844, 12629, 29196, 81671, 71295, 84963, 73193, 37662, 77918, 40265, 71387, 2776, 72056, 79890, 24380, 6524, 11920, 82004, 80554, 7771, 51485, 29874, 64851, 32118, 68660, 22646, 40503, 29950, 45632, 59339, 63591, 66553, 79195, 90039, 8891, 94412, 82595, 43578, 41060, 60184, 28053, 84947, 77614, 38864, 91374, 58545, 50015, 19960, 7381, 78763, 85070, 21507, 19025, 51930, 32629, 45143, 39756, 26052, 37388, 90108, 9391, 53674, 16962, 24269, 95106, 99931, 56381, 37781, 12365, 84199, 30949, 74271, 916, 85830, 97679, 18102, 478, 75886, 30302, 21977, 90537, 30063, 19357, 81788, 35261, 14719, 66114, 20921, 20240, 5992, 58367, 9680, 68600, 85141, 46379, 54808, 83564, 47005, 66549, 22371, 91024, 89979, 20226, 63714, 58641, 45142, 46907, 57602, 15144, 97990, 7439, 11158, 59469, 11328, 80659, 5962, 25695, 77537, 11892, 91592, 56748, 38581, 37353, 71743, 70419, 27563, 8343, 51963, 16605, 94638, 42057, 61173, 28541, 41743, 60295, 49767, 73628, 41163, 91833, 78182, 82565, 25215, 96862, 76058, 44249, 82715, 20979, 71376, 27708, 78050, 40085, 30494, 46076, 48158, 98017, 59418, 77712, 4502, 58514, 86759, 30136, 53692, 84446, 34409, 6828, 35370, 50950, 51945, 59877, 55822, 81173, 57512, 24080, 92189, 34559, 32530, 48867, 64932, 44, 85888, 8300, 92843, 6844, 39222, 76898, 88754, 22876, 38074, 43299, 88699, 81654, 61902, 89999, 13497, 66668, 7338, 74096, 38397, 11013, 98336, 40480, 33892, 63626, 49088, 71312, 23172, 10803, 62392, 24917, 67254, 58009, 81336, 59457, 73844, 95696, 6506, 27308, 70695, 56701, 13067, 41613, 72662, 53528, 75491, 42519, 81780, 31754, 13856, 88917, 96452, 41223, 89774, 10407, 31336, 50783, 20291, 5997, 7069, 31395, 24625, 6189, 56620, 24762, 84988, 68874, 85812, 41091, 24302, 77112, 35149, 22780, 53184, 18627, 57549, 17465, 63612, 87939, 6980, 60883, 29814, 87238, 14952, 60779, 86760, 61062, 30267, 24445, 56989, 27229, 82900, 90023, 57786, 63779, 40235, 86679, 51776, 22058, 63483, 39593, 41554, 8133, 95503, 6716, 25867, 90267, 22987, 39665, 98545, 93605, 1747, 78248, 27473, 33109, 26918, 82634, 51318, 80099, 73743, 12182, 94300, 46775, 25047, 68889, 10070, 18361, 65084, 37080, 70960, 83222, 67058, 98067, 22471, 67691, 59607, 67337, 8930, 21238, 46639, 45431, 43153, 96128, 24156, 80501, 82080, 49059, 2091, 12212, 52072, 31681, 90064, 42922, 12694, 63500, 88958, 85424, 60965, 55836, 88426, 54941, 94663, 65220, 71036, 49752, 17451, 53699, 9314, 14619, 3290, 44849, 90564, 91441, 62905, 40530, 5641, 37318, 36823, 31308, 19382, 62343, 86280, 16633, 47566, 15336, 77921, 88788, 50425, 20260, 79556, 59009, 60227, 87434, 40228, 88797, 25912, 98562, 76789, 91824, 52309, 10258, 50738, 95463, 77205, 93493, 68362, 24106, 95689, 49524, 69579, 66348, 75971, 22529, 74132, 89303, 37488, 5127, 63655, 17283, 25796, 52901, 73353, 59242, 58591, 76499, 46764, 96815, 56675, 19904, 86086, 9538, 16381, 25966, 48189, 47295, 50918, 3257, 56486, 10672, 45517, 6977, 66557, 24565, 14166, 47870, 73695, 59021, 61532, 83752, 51246, 6816, 65190, 71364, 98756, 25731, 84141, 78432, 21130, 69362, 52504, 59655, 73856, 97330, 50721, 19705, 54620, 16926, 96429, 24048, 73377, 67355, 15053, 17980, 70735, 35236, 75523, 91241, 23447, 72477, 51156, 95259, 88333, 29494, 67321, 52714, 62917, 99842, 65229, 6617, 44275, 88720, 37853, 8770, 63811, 7507, 89636, 17817, 1558, 85068, 79776, 73733, 11481, 89926, 56682, 49746, 9429, 50818, 45883, 58652, 12423, 26431, 60221, 95661, 73944, 68283, 51044, 69558, 68608, 65135, 29404, 17239, 5514, 47278, 63393, 94877, 23491, 47292, 6877, 19032, 65956, 9732, 97912, 1976, 37613, 34466, 61934, 57269, 53618, 5940, 93510, 52374, 85684, 22266, 86296, 60665, 10810, 9462, 494, 58482, 75247, 71566, 31620, 58819, 97731, 83116, 7767, 83623, 12444, 57312, 49834, 46402, 98377, 30435, 36116, 16443, 25589, 45312, 64514, 37426, 76200, 11178, 7488, 18610, 92099, 97566, 6854, 33656, 17686, 10866, 73697, 81050, 12312, 6505, 95303, 61521, 72092, 94259, 32683, 45746, 77187, 88803, 39457, 40047, 95729, 22380, 62708, 14355, 83408, 29714, 50213, 24600, 63055, 94787, 52488, 53820, 72502, 35142, 82539, 36201, 83535, 70150, 4544, 53013, 91532, 98794, 75749, 37723, 24569, 90322, 279, 84293, 85419, 53204, 7321, 22724, 95538, 85836, 2877, 93721, 73981, 40836, 90505, 94370, 88415, 37372, 69317, 25860, 4116, 35759, 84385, 33447, 84816, 12456, 31068, 57878, 18743, 27118, 55146, 45045, 76854, 36409, 49423, 25447, 28432, 61176, 34319, 67878, 7127, 41048, 27399, 57337, 84290, 2409, 69039, 23729, 7494, 36747, 48478, 38848, 42755, 293, 91046, 40498, 48156, 87860, 19957, 4960, 74844, 19836, 92291, 57801, 90081, 88664, 17768, 78881, 47919, 71822, 34413, 1930, 46778, 88873, 89253, 43012, 48581, 9353, 85645, 13891, 48249, 50115, 66199, 3386, 20854, 99932, 28051, 71692, 93909, 74084, 74671, 89896, 50523, 88742, 12398, 72247, 55742, 51721, 34827, 36846, 62982, 39419, 78439, 9343, 48468, 84544, 39864, 76167, 43812, 71247, 20757, 1762, 41180, 27413, 60564, 22669, 82173, 16704, 46485, 72310, 26823, 41298, 58642, 32787, 90874, 58140, 56784, 29999, 8759, 96835, 78050, 41544, 1255, 17455, 33878, 64547, 58966, 82332, 5215, 48306, 8922, 24655, 4697, 70882, 84900, 82562, 62735, 34434, 73303, 61588, 35094, 68503, 41162, 54916, 58190, 12626, 60530, 22534, 77445, 84110, 41705, 60129, 60275, 26541, 44213, 1777, 13370, 3088, 42025, 39125, 6806, 57675, 48434, 98242, 36838, 43086, 11553, 17088, 22108, 72325, 25128, 87991, 65587, 14862, 36451, 44287, 9734, 15759, 72468, 61485, 14174, 26892, 64268, 19975, 5444, 33247, 50382, 76845, 87224, 36256, 66890, 95968, 72639, 77038, 43204, 39754, 36312, 74369, 96758, 27679, 249, 98284, 44817, 61235, 55085, 9992, 27298, 25783, 69424, 39622, 26481, 58524, 35109, 38014, 50849, 43262, 70599, 1236, 29822, 19493, 40976, 26562, 7919, 16019, 11304, 44960, 68766, 47516, 55933, 93459, 51964, 80457, 87397, 77661, 10867, 13339, 38927, 67085, 83000, 91594, 70221, 32812, 41638, 39247, 63161, 56481, 85947, 619, 54521, 29223, 59027, 34890, 77305, 79995, 54866, 56578, 59831, 16991, 48800, 12168, 58544, 42596, 87951, 65721, 11198, 23052, 15984, 12347, 45822, 1513, 17129, 34479, 87885, 87506, 81928, 20343, 45290, 20189, 98974, 29926, 61725, 72592, 35725, 72251, 55074, 7660, 24694]})"
558.0,9,164,93,61.37970209121704,10696,"Genotype(dna={""<class 'abc.NT_0017'>"": [1, 23052], ""<class 'abc.NT_0017_P_00000'>"": [], ""<class 'abc.NT_0005'>"": [0, 0, 35544, 1, 0, 1, 24422, 1, 1, 1513, 13707, 7777, 43103], ""<class 'abc.NT_0005_P_00000'>"": [], ""<class 'abc.NT_0005_P_00001'>"": [], ""<class 'bool'>"": [50833, 28611, 95173, 92596, 84996, 15299, 84608, 73218, 73704, 53577, 54127, 73580, 61648, 63455, 34182, 28379, 9832, 69766, 27025, 9321, 39372, 40559, 45589, 21512, 9991, 31131, 22379, 82972, 66879, 7070, 87492, 33083, 92916, 1233, 89415, 28350, 54741, 51276, 16414, 74832, 4355, 87209, 57305, 93042, 23231, 67903, 93745, 31960, 29422, 28659, 99170, 40455, 13273, 92051, 14178, 78998, 45259, 78698, 95977, 93014, 83753, 21951, 16043, 13772, 66730, 10736, 57934, 29081, 62948, 99869, 41968, 82469, 93064, 59471, 51253, 67704, 97811, 82022, 87389, 59617, 67283, 63422, 70186, 58801, 23472, 68171, 46787, 87700, 86179, 38104, 2384, 90063, 6576, 80132, 98840, 65605, 74894, 53809, 99733, 89043, 84198, 62780, 94716, 23035, 32450, 31489, 41399, 87765, 69122, 99723, 54018, 92501, 39572, 89999, 58379, 67238, 50112, 90146, 55533, 46837, 57815, 68681, 79206, 32534, 3130, 58659, 69605, 82887, 74526, 5911, 58400, 62789, 48677, 31474, 44702, 39368, 40140, 19876, 33772, 86631, 58194, 70508], ""<class 'int'>"": [88091, 54758, 80960, 4147, 58985, 98835, 33177, 12380, 43928, 18156, 46293, 82997, 26546, 21931, 20632, 91665, 69275, 46303, 61738, 80613, 63967, 92163, 79154, 79668, 18313, 6071, 50712, 91463, 54716, 33220, 52575, 78591, 28324, 24851, 385, 86434, 6594, 95864, 4088, 31907, 5028, 70908, 60125, 88976, 64506, 45119, 63026, 18677, 76141, 62129, 40973, 74468, 90479, 50241, 61828, 14495, 64587, 47259, 69389, 59226, 21182, 99643, 3451, 67066, 55205, 22485, 89443, 19030, 10288, 23574, 78426, 55280, 17305, 68878, 94325, 9074, 35370, 56456, 95300, 73961, 59051, 835, 21640, 2744, 30054, 96306, 55542, 57066, 65643, 97962, 97088, 62680, 24967, 56005, 85155, 81002, 48234, 28842, 92105, 38714, 65511, 82476, 73240, 25988, 68682, 4749, 1059, 85277, 54664, 55169, 72830, 29209, 32377, 56597, 43815, 46740, 16019, 36704, 91606, 3697, 42934, 87720, 75207, 56054, 59737, 79252, 96186, 60558, 8582, 3209, 7798, 18736, 20655, 95860, 60671, 36386, 88318, 80757, 49888, 58523, 36742, 48071, 76427, 91397, 47115, 74907, 19807, 19166, 48854, 4778, 9526, 30084, 70329, 29929, 24152, 98179, 6661, 59360, 47157, 52018, 24734, 716, 46264, 89982, 86072, 78100, 64619, 77321], ""<class 'abc.NT_0010'>"": [0, 0, 1, 53054], ""<class 'abc.NT_0010_P_00000'>"": [], ""<class 'abc.NT_0006'>"": [2, 2, 0, 1, 1302, 1892], ""<class 'abc.NT_0006_P_00000'>"": [], ""<class 'abc.NT_0006_P_00001'>"": [], ""<class 'abc.NT_0002'>"": [1, 1, 2, 1, 1, 1, 1, 0, 2, 1, 41818, 0, 2, 0, 1, 0, 2, 1, 53720, 1, 0, 0, 69722, 1, 8713, 0, 0, 2, 0, 0, 0, 2, 1, 64800, 99864], ""<class 'abc.NT_0002_P_00000'>"": [], ""<class 'abc.NT_0001'>"": [1, 1, 1, 0, 0, 0, 0, 1, 1, 1, 1, 0, 1, 16227, 1, 1, 1, 1, 0, 0, 10290, 0, 0, 0, 0, 0, 1, 40887, 0, 0, 0, 0, 0, 0, 0, 0, 0, 1, 97005, 0, 0, 0, 76558, 0, 0, 0, 1, 0, 0, 26591, 1, 1, 1, 0, 1, 0, 90457, 45290], ""<class 'abc.NT_0001_P_00000'>"": [], ""<class 'abc.NT_0001_P_00001'>"": [], ""<class 'abc.NT_0000'>"": [0, 1, 1, 94528, 1, 0, 1, 1, 31647, 1, 1, 80324, 0, 0, 75412, 1, 69944, 1, 0, 0, 0, 1, 0, 0, 0, 1, 1, 0, 1, 3483, 1, 0, 42401, 0, 0, 0, 0, 54668, 66557, 1, 0, 1, 1, 0, 0, 21028, 54540, 1, 5444, 3614, 1, 0, 0, 0, 0, 0, 71485, 1, 0, 0, 0, 0, 1, 20343], ""<class 'abc.NT_0000_P_00000'>"": [], ""<class 'abc.NT_0000_P_00001'>"": [], ""<class 'abc.NT_0002_P_00001'>"": [], ""<class 'abc.NT_0002_P_00002'>"": [], ""<class 'abc.NT_0006_P_00002'>"": [], ""<class 'abc.NT_0007'>"": [1, 0, 1, 2, 87885, 72251, 55074], ""<class 'abc.NT_0007_P_00000'>"": [], ""<class 'abc.NT_0007_P_00001'>"": [], ""<class 'abc.NT_0007_P_00002'>"": [], ""<class 'abc.NT_0004'>"": [1, 1, 77639, 2, 1, 2, 63194, 90154], ""<class 'abc.NT_0004_P_00000'>"": [], ""<class 'abc.NT_0003'>"": [10039, 1, 0, 1, 98974, 61725, 72592, 35725, 7660, 79112], ""<class 'abc.NT_0003_P_00000'>"": [], ""<class 'abc.NT_0003_P_00001'>"": [], ""<class 'abc.NT_0003_P_00002'>"": [], ""<class 'abc.NT_0003_P_00003'>"": [], ""<class 'abc.NT_0004_P_00001'>"": [], ""<class 'abc.NT_0004_P_00002'>"": [], ""<class 'abc.NT_0009'>"": [3, 0, 1, 1, 0, 45822], ""<class 'abc.NT_0009_P_00000'>"": [], ""<class 'abc.NT_0008'>"": [15828, 0, 83857, 0, 0, 0, 17129], ""<class 'abc.NT_0008_P_00000'>"": [], ""<class 'abc.NT_0009_P_00001'>"": [], ""<class 'abc.NT_0009_P_00002'>"": [], ""<class 'abc.NT_0009_P_00003'>"": [], ""<class 'abc.NT_0010_P_00001'>"": [], ""<class 'abc.NT_0010_P_00002'>"": [], ""<class 'abc.NT_0017_P_00001'>"": [], ""<class 'abc.NT_0012'>"": [0, 0, 27606, 0, 0, 65962], ""<class 'abc.NT_0012_P_00000'>"": [], ""<class 'abc.NT_0012_P_00001'>"": [], ""<class 'abc.NT_0017_P_00002'>"": [], ""<class 'abc.NT_0013'>"": [], ""<class 'abc.NT_0013_P_00000'>"": [], ""<class 'abc.NT_0011'>"": [0, 94522], ""<class 'abc.NT_0011_P_00000'>"": [], ""<class 'abc.NT_0011_P_00001'>"": [], ""<class 'abc.NT_0011_P_00002'>"": [], ""<class 'abc.NT_0013_P_00001'>"": [], ""<class 'abc.NT_0013_P_00002'>"": [], ""<class 'abc.NT_0017_P_00003'>"": [], ""<class 'abc.NT_0016'>"": [0, 20070], ""<class 'abc.NT_0016_P_00000'>"": [], ""<class 'abc.NT_0016_P_00001'>"": [], ""<class 'abc.NT_0016_P_00002'>"": [], '$leftovers': [41937, 82055, 41802, 80929, 37572, 24235, 1002, 66268, 87311, 99058, 42897, 54099, 4751, 39061, 38658, 18856, 32793, 32020, 84694, 43326, 66351, 11593, 16559, 82179, 29701, 14785, 63931, 19995, 86098, 88506, 88906, 98218, 57143, 64899, 75531, 17691, 63845, 68413, 76826, 30524, 48607, 6718, 24768, 14247, 23842, 98884, 92372, 55279, 40315, 43705, 6728, 53868, 34432, 73753, 89438, 79733, 83929, 38685, 35410, 5343, 16823, 35888, 70000, 12879, 27426, 44726, 95438, 53746, 11554, 35563, 36846, 46156, 65002, 72433, 85297, 12477, 3511, 72425, 53166, 5796, 30717, 45518, 76561, 21526, 65748, 18017, 64172, 9175, 16724, 51276, 1749, 5687, 47923, 68260, 48548, 94393, 55323, 76604, 84009, 54574, 8798, 35733, 67233, 4198, 56844, 12629, 29196, 81671, 71295, 84963, 73193, 37662, 77918, 40265, 71387, 2776, 72056, 79890, 24380, 6524, 11920, 82004, 80554, 7771, 51485, 29874, 64851, 32118, 68660, 22646, 40503, 29950, 45632, 59339, 63591, 66553, 79195, 90039, 8891, 94412, 82595, 43578, 41060, 60184, 28053, 84947, 77614, 38864, 91374, 58545, 50015, 19960, 7381, 78763, 85070, 21507, 19025, 51930, 32629, 45143, 39756, 26052, 37388, 90108, 9391, 53674, 16962, 24269, 95106, 99931, 56381, 37781, 12365, 84199, 30949, 74271, 916, 85830, 97679, 18102, 478, 75886, 30302, 21977, 90537, 30063, 19357, 81788, 35261, 14719, 66114, 20921, 20240, 5992, 58367, 9680, 68600, 85141, 46379, 54808, 83564, 47005, 66549, 22371, 91024, 89979, 20226, 63714, 58641, 45142, 46907, 57602, 15144, 97990, 7439, 11158, 59469, 11328, 80659, 5962, 25695, 77537, 11892, 91592, 56748, 38581, 37353, 71743, 70419, 27563, 8343, 51963, 16605, 94638, 42057, 61173, 28541, 41743, 60295, 49767, 73628, 41163, 91833, 78182, 82565, 25215, 96862, 76058, 44249, 82715, 20979, 71376, 27708, 78050, 40085, 30494, 46076, 48158, 98017, 59418, 77712, 4502, 58514, 86759, 30136, 53692, 84446, 34409, 6828, 35370, 50950, 51945, 59877, 55822, 81173, 57512, 24080, 92189, 34559, 32530, 48867, 64932, 44, 85888, 8300, 92843, 6844, 39222, 76898, 88754, 22876, 38074, 43299, 88699, 81654, 61902, 89999, 13497, 66668, 7338, 74096, 38397, 11013, 98336, 40480, 33892, 63626, 49088, 71312, 23172, 10803, 62392, 24917, 67254, 58009, 81336, 59457, 73844, 95696, 6506, 27308, 70695, 56701, 13067, 41613, 72662, 53528, 75491, 42519, 81780, 31754, 13856, 88917, 96452, 41223, 89774, 10407, 31336, 50783, 20291, 5997, 7069, 31395, 24625, 6189, 56620, 24762, 84988, 68874, 85812, 41091, 24302, 77112, 35149, 22780, 53184, 18627, 57549, 17465, 63612, 87939, 6980, 60883, 29814, 87238, 14952, 60779, 86760, 61062, 30267, 24445, 56989, 27229, 82900, 90023, 57786, 63779, 40235, 86679, 51776, 22058, 63483, 39593, 41554, 8133, 95503, 6716, 25867, 90267, 22987, 39665, 98545, 93605, 1747, 78248, 27473, 33109, 26918, 82634, 51318, 80099, 73743, 12182, 94300, 46775, 25047, 68889, 10070, 18361, 65084, 37080, 70960, 83222, 67058, 98067, 22471, 67691, 59607, 67337, 8930, 21238, 46639, 45431, 43153, 96128, 24156, 80501, 82080, 49059, 2091, 12212, 52072, 31681, 90064, 42922, 12694, 63500, 88958, 85424, 60965, 55836, 88426, 54941, 94663, 65220, 71036, 49752, 17451, 53699, 9314, 14619, 3290, 44849, 90564, 91441, 62905, 40530, 5641, 37318, 36823, 31308, 19382, 62343, 86280, 16633, 47566, 15336, 77921, 88788, 50425, 20260, 79556, 59009, 60227, 87434, 40228, 88797, 25912, 98562, 76789, 91824, 52309, 10258, 50738, 95463, 77205, 93493, 68362, 24106, 95689, 49524, 69579, 66348, 75971, 22529, 74132, 89303, 37488, 5127, 63655, 17283, 25796, 52901, 73353, 59242, 58591, 76499, 46764, 96815, 56675, 19904, 86086, 9538, 16381, 25966, 48189, 47295, 50918, 3257, 56486, 10672, 45517, 6977, 66557, 24565, 14166, 47870, 73695, 59021, 61532, 83752, 51246, 6816, 65190, 71364, 98756, 25731, 84141, 78432, 21130, 69362, 52504, 59655, 73856, 97330, 50721, 19705, 54620, 16926, 96429, 24048, 73377, 67355, 15053, 17980, 70735, 35236, 75523, 91241, 23447, 72477, 51156, 95259, 88333, 29494, 67321, 52714, 62917, 99842, 65229, 6617, 44275, 88720, 37853, 8770, 63811, 7507, 89636, 17817, 1558, 85068, 79776, 73733, 11481, 89926, 56682, 49746, 9429, 50818, 45883, 58652, 12423, 26431, 60221, 95661, 73944, 68283, 51044, 69558, 68608, 65135, 29404, 17239, 5514, 47278, 63393, 94877, 23491, 47292, 6877, 19032, 65956, 9732, 97912, 1976, 37613, 34466, 61934, 57269, 53618, 5940, 93510, 52374, 85684, 22266, 86296, 60665, 10810, 9462, 494, 58482, 75247, 71566, 31620, 58819, 97731, 83116, 7767, 83623, 12444, 57312, 49834, 46402, 98377, 30435, 36116, 16443, 25589, 45312, 64514, 37426, 76200, 11178, 7488, 18610, 92099, 97566, 6854, 33656, 17686, 10866, 73697, 81050, 12312, 6505, 95303, 61521, 72092, 94259, 32683, 45746, 77187, 88803, 39457, 40047, 95729, 22380, 62708, 14355, 83408, 29714, 50213, 24600, 63055, 94787, 52488, 53820, 72502, 35142, 82539, 36201, 83535, 70150, 4544, 53013, 91532, 98794, 75749, 37723, 24569, 90322, 279, 84293, 85419, 53204, 7321, 22724, 95538, 85836, 2877, 93721, 73981, 40836, 90505, 94370, 88415, 37372, 69317, 25860, 4116, 35759, 84385, 33447, 84816, 12456, 31068, 57878, 18743, 27118, 55146, 45045, 76854, 36409, 49423, 25447, 28432, 61176, 34319, 67878, 7127, 41048, 27399, 57337, 84290, 2409, 69039, 23729, 7494, 36747, 48478, 38848, 42755, 293, 91046, 40498, 48156, 87860, 19957, 4960, 74844, 19836, 92291, 57801, 90081, 88664, 17768, 78881, 47919, 71822, 34413, 1930, 46778, 88873, 89253, 43012, 48581, 9353, 85645, 13891, 48249, 50115, 66199, 3386, 20854, 99932, 28051, 71692, 93909, 74084, 74671, 89896, 50523, 88742, 12398, 72247, 55742, 51721, 34827, 36846, 62982, 39419, 78439, 9343, 48468, 84544, 39864, 76167, 43812, 71247, 20757, 1762, 41180, 27413, 60564, 22669, 82173, 16704, 46485, 72310, 26823, 41298, 58642, 32787, 90874, 58140, 56784, 29999, 8759, 96835, 78050, 41544, 1255, 17455, 33878, 64547, 58966, 82332, 5215, 48306, 8922, 24655, 4697, 70882, 84900, 82562, 62735, 34434, 73303, 61588, 35094, 68503, 41162, 54916, 58190, 12626, 60530, 22534, 77445, 84110, 41705, 60129, 60275, 26541, 44213, 1777, 13370, 3088, 42025, 39125, 6806, 57675, 48434, 98242, 36838, 43086, 11553, 17088, 22108, 72325, 25128, 87991, 65587, 14862, 36451, 44287, 9734, 15759, 72468, 61485, 14174, 26892, 64268, 19975, 5444, 33247, 50382, 76845, 87224, 36256, 66890, 95968, 72639, 77038, 43204, 39754, 36312, 74369, 96758, 27679, 249, 98284, 44817, 61235, 55085, 9992, 27298, 25783, 69424, 39622, 26481, 58524, 35109, 38014, 50849, 43262, 70599, 1236, 29822, 19493, 40976, 26562, 7919, 16019, 11304, 44960, 68766, 47516, 55933, 93459, 51964, 80457, 87397, 77661, 10867, 13339, 38927, 67085, 83000, 91594, 70221, 32812, 41638, 39247, 63161, 56481, 85947, 619, 54521, 29223, 59027, 34890, 77305, 79995, 54866, 56578, 59831, 16991, 48800, 12168, 58544, 42596, 87951, 65721, 11198, 23052, 15984, 12347, 45822, 1513, 17129, 34479, 87885, 87506, 81928, 20343, 45290, 20189, 98974, 29926, 61725, 72592, 35725, 72251, 55074, 7660, 24694, 13707, 7777, 43103, 79112]})"
558.0,9,164,94,61.71578860282898,10696,"Genotype(dna={""<class 'abc.NT_0017'>"": [1, 23052], ""<class 'abc.NT_0017_P_00000'>"": [], ""<class 'abc.NT_0005'>"": [0, 0, 35544, 1, 0, 1, 24422, 1, 1, 1513, 13707, 7777, 43103], ""<class 'abc.NT_0005_P_00000'>"": [], ""<class 'abc.NT_0005_P_00001'>"": [], ""<class 'bool'>"": [50833, 28611, 95173, 92596, 84996, 15299, 84608, 73218, 73704, 53577, 54127, 73580, 61648, 63455, 34182, 28379, 9832, 69766, 27025, 9321, 39372, 40559, 45589, 21512, 9991, 31131, 22379, 82972, 66879, 7070, 87492, 33083, 92916, 1233, 89415, 28350, 54741, 51276, 16414, 74832, 4355, 87209, 57305, 93042, 23231, 67903, 93745, 31960, 29422, 28659, 99170, 40455, 13273, 92051, 14178, 78998, 45259, 78698, 95977, 93014, 83753, 21951, 16043, 13772, 66730, 10736, 57934, 29081, 62948, 99869, 41968, 82469, 93064, 59471, 51253, 67704, 97811, 82022, 87389, 59617, 67283, 63422, 70186, 58801, 23472, 68171, 46787, 87700, 86179, 38104, 2384, 90063, 6576, 80132, 98840, 65605, 74894, 53809, 99733, 89043, 84198, 62780, 94716, 23035, 32450, 31489, 41399, 87765, 69122, 99723, 54018, 92501, 39572, 89999, 58379, 67238, 50112, 90146, 55533, 46837, 57815, 68681, 79206, 32534, 3130, 58659, 69605, 82887, 74526, 5911, 58400, 62789, 48677, 31474, 44702, 39368, 40140, 19876, 33772, 86631, 58194, 70508], ""<class 'int'>"": [88091, 54758, 80960, 4147, 58985, 98835, 33177, 12380, 43928, 18156, 46293, 82997, 26546, 21931, 20632, 91665, 69275, 46303, 61738, 80613, 63967, 92163, 79154, 79668, 18313, 6071, 50712, 91463, 54716, 33220, 52575, 78591, 28324, 24851, 385, 86434, 6594, 95864, 4088, 31907, 5028, 70908, 60125, 88976, 64506, 45119, 63026, 18677, 76141, 62129, 40973, 74468, 90479, 50241, 61828, 14495, 64587, 47259, 69389, 59226, 21182, 99643, 3451, 67066, 55205, 22485, 89443, 19030, 10288, 23574, 78426, 55280, 17305, 68878, 94325, 9074, 35370, 56456, 95300, 73961, 59051, 835, 21640, 2744, 30054, 96306, 55542, 57066, 65643, 97962, 97088, 62680, 24967, 56005, 85155, 81002, 48234, 28842, 92105, 38714, 65511, 82476, 73240, 25988, 68682, 4749, 1059, 85277, 54664, 55169, 72830, 29209, 32377, 56597, 43815, 46740, 16019, 36704, 91606, 3697, 42934, 87720, 75207, 56054, 59737, 79252, 96186, 60558, 8582, 3209, 7798, 18736, 20655, 95860, 60671, 36386, 88318, 80757, 49888, 58523, 36742, 48071, 76427, 91397, 47115, 74907, 19807, 19166, 48854, 4778, 9526, 30084, 70329, 29929, 24152, 98179, 6661, 59360, 47157, 52018, 24734, 716, 46264, 89982, 86072, 78100, 64619, 77321], ""<class 'abc.NT_0010'>"": [0, 0, 1, 53054], ""<class 'abc.NT_0010_P_00000'>"": [], ""<class 'abc.NT_0006'>"": [2, 2, 0, 1, 1302, 1892], ""<class 'abc.NT_0006_P_00000'>"": [], ""<class 'abc.NT_0006_P_00001'>"": [], ""<class 'abc.NT_0002'>"": [1, 1, 2, 1, 1, 1, 1, 0, 2, 1, 41818, 0, 2, 0, 1, 0, 2, 1, 53720, 1, 0, 0, 69722, 1, 8713, 0, 0, 2, 0, 0, 0, 2, 1, 64800, 99864], ""<class 'abc.NT_0002_P_00000'>"": [], ""<class 'abc.NT_0001'>"": [1, 1, 1, 0, 0, 0, 0, 1, 1, 1, 1, 0, 1, 16227, 1, 1, 1, 1, 0, 0, 10290, 0, 0, 0, 0, 0, 1, 40887, 0, 0, 0, 0, 0, 0, 0, 0, 0, 1, 97005, 0, 0, 0, 76558, 0, 0, 0, 1, 0, 0, 26591, 1, 1, 1, 0, 1, 0, 90457, 45290], ""<class 'abc.NT_0001_P_00000'>"": [], ""<class 'abc.NT_0001_P_00001'>"": [], ""<class 'abc.NT_0000'>"": [0, 1, 1, 94528, 1, 0, 1, 1, 31647, 1, 1, 80324, 0, 0, 75412, 1, 69944, 1, 0, 0, 0, 1, 0, 0, 0, 1, 1, 0, 1, 3483, 1, 0, 42401, 0, 0, 0, 0, 54668, 66557, 1, 0, 1, 1, 0, 0, 21028, 54540, 1, 5444, 3614, 1, 0, 0, 0, 0, 0, 71485, 1, 0, 0, 0, 0, 1, 20343], ""<class 'abc.NT_0000_P_00000'>"": [], ""<class 'abc.NT_0000_P_00001'>"": [], ""<class 'abc.NT_0002_P_00001'>"": [], ""<class 'abc.NT_0002_P_00002'>"": [], ""<class 'abc.NT_0006_P_00002'>"": [], ""<class 'abc.NT_0007'>"": [1, 0, 1, 2, 87885, 72251, 55074], ""<class 'abc.NT_0007_P_00000'>"": [], ""<class 'abc.NT_0007_P_00001'>"": [], ""<class 'abc.NT_0007_P_00002'>"": [], ""<class 'abc.NT_0004'>"": [1, 1, 77639, 2, 1, 2, 63194, 90154], ""<class 'abc.NT_0004_P_00000'>"": [], ""<class 'abc.NT_0003'>"": [10039, 1, 0, 1, 98974, 61725, 72592, 35725, 7660, 79112], ""<class 'abc.NT_0003_P_00000'>"": [], ""<class 'abc.NT_0003_P_00001'>"": [], ""<class 'abc.NT_0003_P_00002'>"": [], ""<class 'abc.NT_0003_P_00003'>"": [], ""<class 'abc.NT_0004_P_00001'>"": [], ""<class 'abc.NT_0004_P_00002'>"": [], ""<class 'abc.NT_0009'>"": [3, 0, 1, 1, 0, 45822], ""<class 'abc.NT_0009_P_00000'>"": [], ""<class 'abc.NT_0008'>"": [15828, 0, 83857, 0, 0, 0, 17129], ""<class 'abc.NT_0008_P_00000'>"": [], ""<class 'abc.NT_0009_P_00001'>"": [], ""<class 'abc.NT_0009_P_00002'>"": [], ""<class 'abc.NT_0009_P_00003'>"": [], ""<class 'abc.NT_0010_P_00001'>"": [], ""<class 'abc.NT_0010_P_00002'>"": [], ""<class 'abc.NT_0017_P_00001'>"": [], ""<class 'abc.NT_0012'>"": [0, 0, 27606, 0, 0, 65962], ""<class 'abc.NT_0012_P_00000'>"": [], ""<class 'abc.NT_0012_P_00001'>"": [], ""<class 'abc.NT_0017_P_00002'>"": [], ""<class 'abc.NT_0013'>"": [], ""<class 'abc.NT_0013_P_00000'>"": [], ""<class 'abc.NT_0011'>"": [0, 94522], ""<class 'abc.NT_0011_P_00000'>"": [], ""<class 'abc.NT_0011_P_00001'>"": [], ""<class 'abc.NT_0011_P_00002'>"": [], ""<class 'abc.NT_0013_P_00001'>"": [], ""<class 'abc.NT_0013_P_00002'>"": [], ""<class 'abc.NT_0017_P_00003'>"": [], ""<class 'abc.NT_0016'>"": [0, 20070], ""<class 'abc.NT_0016_P_00000'>"": [], ""<class 'abc.NT_0016_P_00001'>"": [], ""<class 'abc.NT_0016_P_00002'>"": [], '$leftovers': [41937, 82055, 41802, 80929, 37572, 24235, 1002, 66268, 87311, 99058, 42897, 54099, 4751, 39061, 38658, 18856, 32793, 32020, 84694, 43326, 66351, 11593, 16559, 82179, 29701, 14785, 63931, 19995, 86098, 88506, 88906, 98218, 57143, 64899, 75531, 17691, 63845, 68413, 76826, 30524, 48607, 6718, 24768, 14247, 23842, 98884, 92372, 55279, 40315, 43705, 6728, 53868, 34432, 73753, 89438, 79733, 83929, 38685, 35410, 5343, 16823, 35888, 70000, 12879, 27426, 44726, 95438, 53746, 11554, 35563, 36846, 46156, 65002, 72433, 85297, 12477, 3511, 72425, 53166, 5796, 30717, 45518, 76561, 21526, 65748, 18017, 64172, 9175, 16724, 51276, 1749, 5687, 47923, 68260, 48548, 94393, 55323, 76604, 84009, 54574, 8798, 35733, 67233, 4198, 56844, 12629, 29196, 81671, 71295, 84963, 73193, 37662, 77918, 40265, 71387, 2776, 72056, 79890, 24380, 6524, 11920, 82004, 80554, 7771, 51485, 29874, 64851, 32118, 68660, 22646, 40503, 29950, 45632, 59339, 63591, 66553, 79195, 90039, 8891, 94412, 82595, 43578, 41060, 60184, 28053, 84947, 77614, 38864, 91374, 58545, 50015, 19960, 7381, 78763, 85070, 21507, 19025, 51930, 32629, 45143, 39756, 26052, 37388, 90108, 9391, 53674, 16962, 24269, 95106, 99931, 56381, 37781, 12365, 84199, 30949, 74271, 916, 85830, 97679, 18102, 478, 75886, 30302, 21977, 90537, 30063, 19357, 81788, 35261, 14719, 66114, 20921, 20240, 5992, 58367, 9680, 68600, 85141, 46379, 54808, 83564, 47005, 66549, 22371, 91024, 89979, 20226, 63714, 58641, 45142, 46907, 57602, 15144, 97990, 7439, 11158, 59469, 11328, 80659, 5962, 25695, 77537, 11892, 91592, 56748, 38581, 37353, 71743, 70419, 27563, 8343, 51963, 16605, 94638, 42057, 61173, 28541, 41743, 60295, 49767, 73628, 41163, 91833, 78182, 82565, 25215, 96862, 76058, 44249, 82715, 20979, 71376, 27708, 78050, 40085, 30494, 46076, 48158, 98017, 59418, 77712, 4502, 58514, 86759, 30136, 53692, 84446, 34409, 6828, 35370, 50950, 51945, 59877, 55822, 81173, 57512, 24080, 92189, 34559, 32530, 48867, 64932, 44, 85888, 8300, 92843, 6844, 39222, 76898, 88754, 22876, 38074, 43299, 88699, 81654, 61902, 89999, 13497, 66668, 7338, 74096, 38397, 11013, 98336, 40480, 33892, 63626, 49088, 71312, 23172, 10803, 62392, 24917, 67254, 58009, 81336, 59457, 73844, 95696, 6506, 27308, 70695, 56701, 13067, 41613, 72662, 53528, 75491, 42519, 81780, 31754, 13856, 88917, 96452, 41223, 89774, 10407, 31336, 50783, 20291, 5997, 7069, 31395, 24625, 6189, 56620, 24762, 84988, 68874, 85812, 41091, 24302, 77112, 35149, 22780, 53184, 18627, 57549, 17465, 63612, 87939, 6980, 60883, 29814, 87238, 14952, 60779, 86760, 61062, 30267, 24445, 56989, 27229, 82900, 90023, 57786, 63779, 40235, 86679, 51776, 22058, 63483, 39593, 41554, 8133, 95503, 6716, 25867, 90267, 22987, 39665, 98545, 93605, 1747, 78248, 27473, 33109, 26918, 82634, 51318, 80099, 73743, 12182, 94300, 46775, 25047, 68889, 10070, 18361, 65084, 37080, 70960, 83222, 67058, 98067, 22471, 67691, 59607, 67337, 8930, 21238, 46639, 45431, 43153, 96128, 24156, 80501, 82080, 49059, 2091, 12212, 52072, 31681, 90064, 42922, 12694, 63500, 88958, 85424, 60965, 55836, 88426, 54941, 94663, 65220, 71036, 49752, 17451, 53699, 9314, 14619, 3290, 44849, 90564, 91441, 62905, 40530, 5641, 37318, 36823, 31308, 19382, 62343, 86280, 16633, 47566, 15336, 77921, 88788, 50425, 20260, 79556, 59009, 60227, 87434, 40228, 88797, 25912, 98562, 76789, 91824, 52309, 10258, 50738, 95463, 77205, 93493, 68362, 24106, 95689, 49524, 69579, 66348, 75971, 22529, 74132, 89303, 37488, 5127, 63655, 17283, 25796, 52901, 73353, 59242, 58591, 76499, 46764, 96815, 56675, 19904, 86086, 9538, 16381, 25966, 48189, 47295, 50918, 3257, 56486, 10672, 45517, 6977, 66557, 24565, 14166, 47870, 73695, 59021, 61532, 83752, 51246, 6816, 65190, 71364, 98756, 25731, 84141, 78432, 21130, 69362, 52504, 59655, 73856, 97330, 50721, 19705, 54620, 16926, 96429, 24048, 73377, 67355, 15053, 17980, 70735, 35236, 75523, 91241, 23447, 72477, 51156, 95259, 88333, 29494, 67321, 52714, 62917, 99842, 65229, 6617, 44275, 88720, 37853, 8770, 63811, 7507, 89636, 17817, 1558, 85068, 79776, 73733, 11481, 89926, 56682, 49746, 9429, 50818, 45883, 58652, 12423, 26431, 60221, 95661, 73944, 68283, 51044, 69558, 68608, 65135, 29404, 17239, 5514, 47278, 63393, 94877, 23491, 47292, 6877, 19032, 65956, 9732, 97912, 1976, 37613, 34466, 61934, 57269, 53618, 5940, 93510, 52374, 85684, 22266, 86296, 60665, 10810, 9462, 494, 58482, 75247, 71566, 31620, 58819, 97731, 83116, 7767, 83623, 12444, 57312, 49834, 46402, 98377, 30435, 36116, 16443, 25589, 45312, 64514, 37426, 76200, 11178, 7488, 18610, 92099, 97566, 6854, 33656, 17686, 10866, 73697, 81050, 12312, 6505, 95303, 61521, 72092, 94259, 32683, 45746, 77187, 88803, 39457, 40047, 95729, 22380, 62708, 14355, 83408, 29714, 50213, 24600, 63055, 94787, 52488, 53820, 72502, 35142, 82539, 36201, 83535, 70150, 4544, 53013, 91532, 98794, 75749, 37723, 24569, 90322, 279, 84293, 85419, 53204, 7321, 22724, 95538, 85836, 2877, 93721, 73981, 40836, 90505, 94370, 88415, 37372, 69317, 25860, 4116, 35759, 84385, 33447, 84816, 12456, 31068, 57878, 18743, 27118, 55146, 45045, 76854, 36409, 49423, 25447, 28432, 61176, 34319, 67878, 7127, 41048, 27399, 57337, 84290, 2409, 69039, 23729, 7494, 36747, 48478, 38848, 42755, 293, 91046, 40498, 48156, 87860, 19957, 4960, 74844, 19836, 92291, 57801, 90081, 88664, 17768, 78881, 47919, 71822, 34413, 1930, 46778, 88873, 89253, 43012, 48581, 9353, 85645, 13891, 48249, 50115, 66199, 3386, 20854, 99932, 28051, 71692, 93909, 74084, 74671, 89896, 50523, 88742, 12398, 72247, 55742, 51721, 34827, 36846, 62982, 39419, 78439, 9343, 48468, 84544, 39864, 76167, 43812, 71247, 20757, 1762, 41180, 27413, 60564, 22669, 82173, 16704, 46485, 72310, 26823, 41298, 58642, 32787, 90874, 58140, 56784, 29999, 8759, 96835, 78050, 41544, 1255, 17455, 33878, 64547, 58966, 82332, 5215, 48306, 8922, 24655, 4697, 70882, 84900, 82562, 62735, 34434, 73303, 61588, 35094, 68503, 41162, 54916, 58190, 12626, 60530, 22534, 77445, 84110, 41705, 60129, 60275, 26541, 44213, 1777, 13370, 3088, 42025, 39125, 6806, 57675, 48434, 98242, 36838, 43086, 11553, 17088, 22108, 72325, 25128, 87991, 65587, 14862, 36451, 44287, 9734, 15759, 72468, 61485, 14174, 26892, 64268, 19975, 5444, 33247, 50382, 76845, 87224, 36256, 66890, 95968, 72639, 77038, 43204, 39754, 36312, 74369, 96758, 27679, 249, 98284, 44817, 61235, 55085, 9992, 27298, 25783, 69424, 39622, 26481, 58524, 35109, 38014, 50849, 43262, 70599, 1236, 29822, 19493, 40976, 26562, 7919, 16019, 11304, 44960, 68766, 47516, 55933, 93459, 51964, 80457, 87397, 77661, 10867, 13339, 38927, 67085, 83000, 91594, 70221, 32812, 41638, 39247, 63161, 56481, 85947, 619, 54521, 29223, 59027, 34890, 77305, 79995, 54866, 56578, 59831, 16991, 48800, 12168, 58544, 42596, 87951, 65721, 11198, 23052, 15984, 12347, 45822, 1513, 17129, 34479, 87885, 87506, 81928, 20343, 45290, 20189, 98974, 29926, 61725, 72592, 35725, 72251, 55074, 7660, 24694, 13707, 7777, 43103, 79112]})"
558.0,9,164,95,61.95959973335266,10696,"Genotype(dna={""<class 'abc.NT_0017'>"": [1, 23052], ""<class 'abc.NT_0017_P_00000'>"": [], ""<class 'abc.NT_0005'>"": [0, 0, 35544, 1, 0, 1, 24422, 1, 1, 1513, 13707, 7777, 43103], ""<class 'abc.NT_0005_P_00000'>"": [], ""<class 'abc.NT_0005_P_00001'>"": [], ""<class 'bool'>"": [50833, 28611, 95173, 92596, 84996, 15299, 84608, 73218, 73704, 53577, 54127, 73580, 61648, 63455, 34182, 28379, 9832, 69766, 27025, 9321, 39372, 40559, 45589, 21512, 9991, 31131, 22379, 82972, 66879, 7070, 87492, 33083, 92916, 1233, 89415, 28350, 54741, 51276, 16414, 74832, 4355, 87209, 57305, 93042, 23231, 67903, 93745, 31960, 29422, 28659, 99170, 40455, 13273, 92051, 14178, 78998, 45259, 78698, 95977, 93014, 83753, 21951, 16043, 13772, 66730, 10736, 57934, 29081, 62948, 99869, 41968, 82469, 93064, 59471, 51253, 67704, 97811, 82022, 87389, 59617, 67283, 63422, 70186, 58801, 23472, 68171, 46787, 87700, 86179, 38104, 2384, 90063, 6576, 80132, 98840, 65605, 74894, 53809, 99733, 89043, 84198, 62780, 94716, 23035, 32450, 31489, 41399, 87765, 69122, 99723, 54018, 92501, 39572, 89999, 58379, 67238, 50112, 90146, 55533, 46837, 57815, 68681, 79206, 32534, 3130, 58659, 69605, 82887, 74526, 5911, 58400, 62789, 48677, 31474, 44702, 39368, 40140, 19876, 33772, 86631, 58194, 70508], ""<class 'int'>"": [88091, 54758, 80960, 4147, 58985, 98835, 33177, 12380, 43928, 18156, 46293, 82997, 26546, 21931, 20632, 91665, 69275, 46303, 61738, 80613, 63967, 92163, 79154, 79668, 18313, 6071, 50712, 91463, 54716, 33220, 52575, 78591, 28324, 24851, 385, 86434, 6594, 95864, 4088, 31907, 5028, 70908, 60125, 88976, 64506, 45119, 63026, 18677, 76141, 62129, 40973, 74468, 90479, 50241, 61828, 14495, 64587, 47259, 69389, 59226, 21182, 99643, 3451, 67066, 55205, 22485, 89443, 19030, 10288, 23574, 78426, 55280, 17305, 68878, 94325, 9074, 35370, 56456, 95300, 73961, 59051, 835, 21640, 2744, 30054, 96306, 55542, 57066, 65643, 97962, 97088, 62680, 24967, 56005, 85155, 81002, 48234, 28842, 92105, 38714, 65511, 82476, 73240, 25988, 68682, 4749, 1059, 85277, 54664, 55169, 72830, 29209, 32377, 56597, 43815, 46740, 16019, 36704, 91606, 3697, 42934, 87720, 75207, 56054, 59737, 79252, 96186, 60558, 8582, 3209, 7798, 18736, 20655, 95860, 60671, 36386, 88318, 80757, 49888, 58523, 36742, 48071, 76427, 91397, 47115, 74907, 19807, 19166, 48854, 4778, 9526, 30084, 70329, 29929, 24152, 98179, 6661, 59360, 47157, 52018, 24734, 716, 46264, 89982, 86072, 78100, 64619, 77321], ""<class 'abc.NT_0010'>"": [0, 0, 1, 53054], ""<class 'abc.NT_0010_P_00000'>"": [], ""<class 'abc.NT_0006'>"": [2, 2, 0, 1, 1302, 1892], ""<class 'abc.NT_0006_P_00000'>"": [], ""<class 'abc.NT_0006_P_00001'>"": [], ""<class 'abc.NT_0002'>"": [1, 1, 2, 1, 1, 1, 1, 0, 2, 1, 41818, 0, 2, 0, 1, 0, 2, 1, 53720, 1, 0, 0, 69722, 1, 8713, 0, 0, 2, 0, 0, 0, 2, 1, 64800, 99864], ""<class 'abc.NT_0002_P_00000'>"": [], ""<class 'abc.NT_0001'>"": [1, 1, 1, 0, 0, 0, 0, 1, 1, 1, 1, 0, 1, 16227, 1, 1, 1, 1, 0, 0, 10290, 0, 0, 0, 0, 0, 1, 40887, 0, 0, 0, 0, 0, 0, 0, 0, 0, 1, 97005, 0, 0, 0, 76558, 0, 0, 0, 1, 0, 0, 26591, 1, 1, 1, 0, 1, 0, 90457, 45290], ""<class 'abc.NT_0001_P_00000'>"": [], ""<class 'abc.NT_0001_P_00001'>"": [], ""<class 'abc.NT_0000'>"": [0, 1, 1, 94528, 1, 0, 1, 1, 31647, 1, 1, 80324, 0, 0, 75412, 1, 69944, 1, 0, 0, 0, 1, 0, 0, 0, 1, 1, 0, 1, 3483, 1, 0, 42401, 0, 0, 0, 0, 54668, 66557, 1, 0, 1, 1, 0, 0, 21028, 54540, 1, 5444, 3614, 1, 0, 0, 0, 0, 0, 71485, 1, 0, 0, 0, 0, 1, 20343], ""<class 'abc.NT_0000_P_00000'>"": [], ""<class 'abc.NT_0000_P_00001'>"": [], ""<class 'abc.NT_0002_P_00001'>"": [], ""<class 'abc.NT_0002_P_00002'>"": [], ""<class 'abc.NT_0006_P_00002'>"": [], ""<class 'abc.NT_0007'>"": [1, 0, 1, 2, 87885, 72251, 55074], ""<class 'abc.NT_0007_P_00000'>"": [], ""<class 'abc.NT_0007_P_00001'>"": [], ""<class 'abc.NT_0007_P_00002'>"": [], ""<class 'abc.NT_0004'>"": [1, 1, 77639, 2, 1, 2, 63194, 90154], ""<class 'abc.NT_0004_P_00000'>"": [], ""<class 'abc.NT_0003'>"": [10039, 1, 0, 1, 98974, 61725, 72592, 35725, 7660, 79112], ""<class 'abc.NT_0003_P_00000'>"": [], ""<class 'abc.NT_0003_P_00001'>"": [], ""<class 'abc.NT_0003_P_00002'>"": [], ""<class 'abc.NT_0003_P_00003'>"": [], ""<class 'abc.NT_0004_P_00001'>"": [], ""<class 'abc.NT_0004_P_00002'>"": [], ""<class 'abc.NT_0009'>"": [3, 0, 1, 1, 0, 45822], ""<class 'abc.NT_0009_P_00000'>"": [], ""<class 'abc.NT_0008'>"": [15828, 0, 83857, 0, 0, 0, 17129], ""<class 'abc.NT_0008_P_00000'>"": [], ""<class 'abc.NT_0009_P_00001'>"": [], ""<class 'abc.NT_0009_P_00002'>"": [], ""<class 'abc.NT_0009_P_00003'>"": [], ""<class 'abc.NT_0010_P_00001'>"": [], ""<class 'abc.NT_0010_P_00002'>"": [], ""<class 'abc.NT_0017_P_00001'>"": [], ""<class 'abc.NT_0012'>"": [0, 0, 27606, 0, 0, 65962], ""<class 'abc.NT_0012_P_00000'>"": [], ""<class 'abc.NT_0012_P_00001'>"": [], ""<class 'abc.NT_0017_P_00002'>"": [], ""<class 'abc.NT_0013'>"": [], ""<class 'abc.NT_0013_P_00000'>"": [], ""<class 'abc.NT_0011'>"": [0, 94522], ""<class 'abc.NT_0011_P_00000'>"": [], ""<class 'abc.NT_0011_P_00001'>"": [], ""<class 'abc.NT_0011_P_00002'>"": [], ""<class 'abc.NT_0013_P_00001'>"": [], ""<class 'abc.NT_0013_P_00002'>"": [], ""<class 'abc.NT_0017_P_00003'>"": [], ""<class 'abc.NT_0016'>"": [0, 20070], ""<class 'abc.NT_0016_P_00000'>"": [], ""<class 'abc.NT_0016_P_00001'>"": [], ""<class 'abc.NT_0016_P_00002'>"": [], '$leftovers': [41937, 82055, 41802, 80929, 37572, 24235, 1002, 66268, 87311, 99058, 42897, 54099, 4751, 39061, 38658, 18856, 32793, 32020, 84694, 43326, 66351, 11593, 16559, 82179, 29701, 14785, 63931, 19995, 86098, 88506, 88906, 98218, 57143, 64899, 75531, 17691, 63845, 68413, 76826, 30524, 48607, 6718, 24768, 14247, 23842, 98884, 92372, 55279, 40315, 43705, 6728, 53868, 34432, 73753, 89438, 79733, 83929, 38685, 35410, 5343, 16823, 35888, 70000, 12879, 27426, 44726, 95438, 53746, 11554, 35563, 36846, 46156, 65002, 72433, 85297, 12477, 3511, 72425, 53166, 5796, 30717, 45518, 76561, 21526, 65748, 18017, 64172, 9175, 16724, 51276, 1749, 5687, 47923, 68260, 48548, 94393, 55323, 76604, 84009, 54574, 8798, 35733, 67233, 4198, 56844, 12629, 29196, 81671, 71295, 84963, 73193, 37662, 77918, 40265, 71387, 2776, 72056, 79890, 24380, 6524, 11920, 82004, 80554, 7771, 51485, 29874, 64851, 32118, 68660, 22646, 40503, 29950, 45632, 59339, 63591, 66553, 79195, 90039, 8891, 94412, 82595, 43578, 41060, 60184, 28053, 84947, 77614, 38864, 91374, 58545, 50015, 19960, 7381, 78763, 85070, 21507, 19025, 51930, 32629, 45143, 39756, 26052, 37388, 90108, 9391, 53674, 16962, 24269, 95106, 99931, 56381, 37781, 12365, 84199, 30949, 74271, 916, 85830, 97679, 18102, 478, 75886, 30302, 21977, 90537, 30063, 19357, 81788, 35261, 14719, 66114, 20921, 20240, 5992, 58367, 9680, 68600, 85141, 46379, 54808, 83564, 47005, 66549, 22371, 91024, 89979, 20226, 63714, 58641, 45142, 46907, 57602, 15144, 97990, 7439, 11158, 59469, 11328, 80659, 5962, 25695, 77537, 11892, 91592, 56748, 38581, 37353, 71743, 70419, 27563, 8343, 51963, 16605, 94638, 42057, 61173, 28541, 41743, 60295, 49767, 73628, 41163, 91833, 78182, 82565, 25215, 96862, 76058, 44249, 82715, 20979, 71376, 27708, 78050, 40085, 30494, 46076, 48158, 98017, 59418, 77712, 4502, 58514, 86759, 30136, 53692, 84446, 34409, 6828, 35370, 50950, 51945, 59877, 55822, 81173, 57512, 24080, 92189, 34559, 32530, 48867, 64932, 44, 85888, 8300, 92843, 6844, 39222, 76898, 88754, 22876, 38074, 43299, 88699, 81654, 61902, 89999, 13497, 66668, 7338, 74096, 38397, 11013, 98336, 40480, 33892, 63626, 49088, 71312, 23172, 10803, 62392, 24917, 67254, 58009, 81336, 59457, 73844, 95696, 6506, 27308, 70695, 56701, 13067, 41613, 72662, 53528, 75491, 42519, 81780, 31754, 13856, 88917, 96452, 41223, 89774, 10407, 31336, 50783, 20291, 5997, 7069, 31395, 24625, 6189, 56620, 24762, 84988, 68874, 85812, 41091, 24302, 77112, 35149, 22780, 53184, 18627, 57549, 17465, 63612, 87939, 6980, 60883, 29814, 87238, 14952, 60779, 86760, 61062, 30267, 24445, 56989, 27229, 82900, 90023, 57786, 63779, 40235, 86679, 51776, 22058, 63483, 39593, 41554, 8133, 95503, 6716, 25867, 90267, 22987, 39665, 98545, 93605, 1747, 78248, 27473, 33109, 26918, 82634, 51318, 80099, 73743, 12182, 94300, 46775, 25047, 68889, 10070, 18361, 65084, 37080, 70960, 83222, 67058, 98067, 22471, 67691, 59607, 67337, 8930, 21238, 46639, 45431, 43153, 96128, 24156, 80501, 82080, 49059, 2091, 12212, 52072, 31681, 90064, 42922, 12694, 63500, 88958, 85424, 60965, 55836, 88426, 54941, 94663, 65220, 71036, 49752, 17451, 53699, 9314, 14619, 3290, 44849, 90564, 91441, 62905, 40530, 5641, 37318, 36823, 31308, 19382, 62343, 86280, 16633, 47566, 15336, 77921, 88788, 50425, 20260, 79556, 59009, 60227, 87434, 40228, 88797, 25912, 98562, 76789, 91824, 52309, 10258, 50738, 95463, 77205, 93493, 68362, 24106, 95689, 49524, 69579, 66348, 75971, 22529, 74132, 89303, 37488, 5127, 63655, 17283, 25796, 52901, 73353, 59242, 58591, 76499, 46764, 96815, 56675, 19904, 86086, 9538, 16381, 25966, 48189, 47295, 50918, 3257, 56486, 10672, 45517, 6977, 66557, 24565, 14166, 47870, 73695, 59021, 61532, 83752, 51246, 6816, 65190, 71364, 98756, 25731, 84141, 78432, 21130, 69362, 52504, 59655, 73856, 97330, 50721, 19705, 54620, 16926, 96429, 24048, 73377, 67355, 15053, 17980, 70735, 35236, 75523, 91241, 23447, 72477, 51156, 95259, 88333, 29494, 67321, 52714, 62917, 99842, 65229, 6617, 44275, 88720, 37853, 8770, 63811, 7507, 89636, 17817, 1558, 85068, 79776, 73733, 11481, 89926, 56682, 49746, 9429, 50818, 45883, 58652, 12423, 26431, 60221, 95661, 73944, 68283, 51044, 69558, 68608, 65135, 29404, 17239, 5514, 47278, 63393, 94877, 23491, 47292, 6877, 19032, 65956, 9732, 97912, 1976, 37613, 34466, 61934, 57269, 53618, 5940, 93510, 52374, 85684, 22266, 86296, 60665, 10810, 9462, 494, 58482, 75247, 71566, 31620, 58819, 97731, 83116, 7767, 83623, 12444, 57312, 49834, 46402, 98377, 30435, 36116, 16443, 25589, 45312, 64514, 37426, 76200, 11178, 7488, 18610, 92099, 97566, 6854, 33656, 17686, 10866, 73697, 81050, 12312, 6505, 95303, 61521, 72092, 94259, 32683, 45746, 77187, 88803, 39457, 40047, 95729, 22380, 62708, 14355, 83408, 29714, 50213, 24600, 63055, 94787, 52488, 53820, 72502, 35142, 82539, 36201, 83535, 70150, 4544, 53013, 91532, 98794, 75749, 37723, 24569, 90322, 279, 84293, 85419, 53204, 7321, 22724, 95538, 85836, 2877, 93721, 73981, 40836, 90505, 94370, 88415, 37372, 69317, 25860, 4116, 35759, 84385, 33447, 84816, 12456, 31068, 57878, 18743, 27118, 55146, 45045, 76854, 36409, 49423, 25447, 28432, 61176, 34319, 67878, 7127, 41048, 27399, 57337, 84290, 2409, 69039, 23729, 7494, 36747, 48478, 38848, 42755, 293, 91046, 40498, 48156, 87860, 19957, 4960, 74844, 19836, 92291, 57801, 90081, 88664, 17768, 78881, 47919, 71822, 34413, 1930, 46778, 88873, 89253, 43012, 48581, 9353, 85645, 13891, 48249, 50115, 66199, 3386, 20854, 99932, 28051, 71692, 93909, 74084, 74671, 89896, 50523, 88742, 12398, 72247, 55742, 51721, 34827, 36846, 62982, 39419, 78439, 9343, 48468, 84544, 39864, 76167, 43812, 71247, 20757, 1762, 41180, 27413, 60564, 22669, 82173, 16704, 46485, 72310, 26823, 41298, 58642, 32787, 90874, 58140, 56784, 29999, 8759, 96835, 78050, 41544, 1255, 17455, 33878, 64547, 58966, 82332, 5215, 48306, 8922, 24655, 4697, 70882, 84900, 82562, 62735, 34434, 73303, 61588, 35094, 68503, 41162, 54916, 58190, 12626, 60530, 22534, 77445, 84110, 41705, 60129, 60275, 26541, 44213, 1777, 13370, 3088, 42025, 39125, 6806, 57675, 48434, 98242, 36838, 43086, 11553, 17088, 22108, 72325, 25128, 87991, 65587, 14862, 36451, 44287, 9734, 15759, 72468, 61485, 14174, 26892, 64268, 19975, 5444, 33247, 50382, 76845, 87224, 36256, 66890, 95968, 72639, 77038, 43204, 39754, 36312, 74369, 96758, 27679, 249, 98284, 44817, 61235, 55085, 9992, 27298, 25783, 69424, 39622, 26481, 58524, 35109, 38014, 50849, 43262, 70599, 1236, 29822, 19493, 40976, 26562, 7919, 16019, 11304, 44960, 68766, 47516, 55933, 93459, 51964, 80457, 87397, 77661, 10867, 13339, 38927, 67085, 83000, 91594, 70221, 32812, 41638, 39247, 63161, 56481, 85947, 619, 54521, 29223, 59027, 34890, 77305, 79995, 54866, 56578, 59831, 16991, 48800, 12168, 58544, 42596, 87951, 65721, 11198, 23052, 15984, 12347, 45822, 1513, 17129, 34479, 87885, 87506, 81928, 20343, 45290, 20189, 98974, 29926, 61725, 72592, 35725, 72251, 55074, 7660, 24694, 13707, 7777, 43103, 79112]})"
558.0,9,164,96,62.28456211090088,10696,"Genotype(dna={""<class 'abc.NT_0017'>"": [1, 23052], ""<class 'abc.NT_0017_P_00000'>"": [], ""<class 'abc.NT_0005'>"": [0, 0, 35544, 1, 0, 1, 24422, 1, 1, 1513, 13707, 7777, 43103], ""<class 'abc.NT_0005_P_00000'>"": [], ""<class 'abc.NT_0005_P_00001'>"": [], ""<class 'bool'>"": [50833, 28611, 95173, 92596, 84996, 15299, 84608, 73218, 73704, 53577, 54127, 73580, 61648, 63455, 34182, 28379, 9832, 69766, 27025, 9321, 39372, 40559, 45589, 21512, 9991, 31131, 22379, 82972, 66879, 7070, 87492, 33083, 92916, 1233, 89415, 28350, 54741, 51276, 16414, 74832, 4355, 87209, 57305, 93042, 23231, 67903, 93745, 31960, 29422, 28659, 99170, 40455, 13273, 92051, 14178, 78998, 45259, 78698, 95977, 93014, 83753, 21951, 16043, 13772, 66730, 10736, 57934, 29081, 62948, 99869, 41968, 82469, 93064, 59471, 51253, 67704, 97811, 82022, 87389, 59617, 67283, 63422, 70186, 58801, 23472, 68171, 46787, 87700, 86179, 38104, 2384, 90063, 6576, 80132, 98840, 65605, 74894, 53809, 99733, 89043, 84198, 62780, 94716, 23035, 32450, 31489, 41399, 87765, 69122, 99723, 54018, 92501, 39572, 89999, 58379, 67238, 50112, 90146, 55533, 46837, 57815, 68681, 79206, 32534, 3130, 58659, 69605, 82887, 74526, 5911, 58400, 62789, 48677, 31474, 44702, 39368, 40140, 19876, 33772, 86631, 58194, 70508], ""<class 'int'>"": [88091, 54758, 80960, 4147, 58985, 98835, 33177, 12380, 43928, 18156, 46293, 82997, 26546, 21931, 20632, 91665, 69275, 46303, 61738, 80613, 63967, 92163, 79154, 79668, 18313, 6071, 50712, 91463, 54716, 33220, 52575, 78591, 28324, 24851, 385, 86434, 6594, 95864, 4088, 31907, 5028, 70908, 60125, 88976, 64506, 45119, 63026, 18677, 76141, 62129, 40973, 74468, 90479, 50241, 61828, 14495, 64587, 47259, 69389, 59226, 21182, 99643, 3451, 67066, 55205, 22485, 89443, 19030, 10288, 23574, 78426, 55280, 17305, 68878, 94325, 9074, 35370, 56456, 95300, 73961, 59051, 835, 21640, 2744, 30054, 96306, 55542, 57066, 65643, 97962, 97088, 62680, 24967, 56005, 85155, 81002, 48234, 28842, 92105, 38714, 65511, 82476, 73240, 25988, 68682, 4749, 1059, 85277, 54664, 55169, 72830, 29209, 32377, 56597, 43815, 46740, 16019, 36704, 91606, 3697, 42934, 87720, 75207, 56054, 59737, 79252, 96186, 60558, 8582, 3209, 7798, 18736, 20655, 95860, 60671, 36386, 88318, 80757, 49888, 58523, 36742, 48071, 76427, 91397, 47115, 74907, 19807, 19166, 48854, 4778, 9526, 30084, 70329, 29929, 24152, 98179, 6661, 59360, 47157, 52018, 24734, 716, 46264, 89982, 86072, 78100, 64619, 77321], ""<class 'abc.NT_0010'>"": [0, 0, 1, 53054], ""<class 'abc.NT_0010_P_00000'>"": [], ""<class 'abc.NT_0006'>"": [2, 2, 0, 1, 1302, 1892], ""<class 'abc.NT_0006_P_00000'>"": [], ""<class 'abc.NT_0006_P_00001'>"": [], ""<class 'abc.NT_0002'>"": [1, 1, 2, 1, 1, 1, 1, 0, 2, 1, 41818, 0, 2, 0, 1, 0, 2, 1, 53720, 1, 0, 0, 69722, 1, 8713, 0, 0, 2, 0, 0, 0, 2, 1, 64800, 99864], ""<class 'abc.NT_0002_P_00000'>"": [], ""<class 'abc.NT_0001'>"": [1, 1, 1, 0, 0, 0, 0, 1, 1, 1, 1, 0, 1, 16227, 1, 1, 1, 1, 0, 0, 10290, 0, 0, 0, 0, 0, 1, 40887, 0, 0, 0, 0, 0, 0, 0, 0, 0, 1, 97005, 0, 0, 0, 76558, 0, 0, 0, 1, 0, 0, 26591, 1, 1, 1, 0, 1, 0, 90457, 45290], ""<class 'abc.NT_0001_P_00000'>"": [], ""<class 'abc.NT_0001_P_00001'>"": [], ""<class 'abc.NT_0000'>"": [0, 1, 1, 94528, 1, 0, 1, 1, 31647, 1, 1, 80324, 0, 0, 75412, 1, 69944, 1, 0, 0, 0, 1, 0, 0, 0, 1, 1, 0, 1, 3483, 1, 0, 42401, 0, 0, 0, 0, 54668, 66557, 1, 0, 1, 1, 0, 0, 21028, 54540, 1, 5444, 3614, 1, 0, 0, 0, 0, 0, 71485, 1, 0, 0, 0, 0, 1, 20343], ""<class 'abc.NT_0000_P_00000'>"": [], ""<class 'abc.NT_0000_P_00001'>"": [], ""<class 'abc.NT_0002_P_00001'>"": [], ""<class 'abc.NT_0002_P_00002'>"": [], ""<class 'abc.NT_0006_P_00002'>"": [], ""<class 'abc.NT_0007'>"": [1, 0, 1, 2, 87885, 72251, 55074], ""<class 'abc.NT_0007_P_00000'>"": [], ""<class 'abc.NT_0007_P_00001'>"": [], ""<class 'abc.NT_0007_P_00002'>"": [], ""<class 'abc.NT_0004'>"": [1, 1, 77639, 2, 1, 2, 63194, 90154], ""<class 'abc.NT_0004_P_00000'>"": [], ""<class 'abc.NT_0003'>"": [10039, 1, 0, 1, 98974, 61725, 72592, 35725, 7660, 79112], ""<class 'abc.NT_0003_P_00000'>"": [], ""<class 'abc.NT_0003_P_00001'>"": [], ""<class 'abc.NT_0003_P_00002'>"": [], ""<class 'abc.NT_0003_P_00003'>"": [], ""<class 'abc.NT_0004_P_00001'>"": [], ""<class 'abc.NT_0004_P_00002'>"": [], ""<class 'abc.NT_0009'>"": [3, 0, 1, 1, 0, 45822], ""<class 'abc.NT_0009_P_00000'>"": [], ""<class 'abc.NT_0008'>"": [15828, 0, 83857, 0, 0, 0, 17129], ""<class 'abc.NT_0008_P_00000'>"": [], ""<class 'abc.NT_0009_P_00001'>"": [], ""<class 'abc.NT_0009_P_00002'>"": [], ""<class 'abc.NT_0009_P_00003'>"": [], ""<class 'abc.NT_0010_P_00001'>"": [], ""<class 'abc.NT_0010_P_00002'>"": [], ""<class 'abc.NT_0017_P_00001'>"": [], ""<class 'abc.NT_0012'>"": [0, 0, 27606, 0, 0, 65962], ""<class 'abc.NT_0012_P_00000'>"": [], ""<class 'abc.NT_0012_P_00001'>"": [], ""<class 'abc.NT_0017_P_00002'>"": [], ""<class 'abc.NT_0013'>"": [], ""<class 'abc.NT_0013_P_00000'>"": [], ""<class 'abc.NT_0011'>"": [0, 94522], ""<class 'abc.NT_0011_P_00000'>"": [], ""<class 'abc.NT_0011_P_00001'>"": [], ""<class 'abc.NT_0011_P_00002'>"": [], ""<class 'abc.NT_0013_P_00001'>"": [], ""<class 'abc.NT_0013_P_00002'>"": [], ""<class 'abc.NT_0017_P_00003'>"": [], ""<class 'abc.NT_0016'>"": [0, 20070], ""<class 'abc.NT_0016_P_00000'>"": [], ""<class 'abc.NT_0016_P_00001'>"": [], ""<class 'abc.NT_0016_P_00002'>"": [], '$leftovers': [41937, 82055, 41802, 80929, 37572, 24235, 1002, 66268, 87311, 99058, 42897, 54099, 4751, 39061, 38658, 18856, 32793, 32020, 84694, 43326, 66351, 11593, 16559, 82179, 29701, 14785, 63931, 19995, 86098, 88506, 88906, 98218, 57143, 64899, 75531, 17691, 63845, 68413, 76826, 30524, 48607, 6718, 24768, 14247, 23842, 98884, 92372, 55279, 40315, 43705, 6728, 53868, 34432, 73753, 89438, 79733, 83929, 38685, 35410, 5343, 16823, 35888, 70000, 12879, 27426, 44726, 95438, 53746, 11554, 35563, 36846, 46156, 65002, 72433, 85297, 12477, 3511, 72425, 53166, 5796, 30717, 45518, 76561, 21526, 65748, 18017, 64172, 9175, 16724, 51276, 1749, 5687, 47923, 68260, 48548, 94393, 55323, 76604, 84009, 54574, 8798, 35733, 67233, 4198, 56844, 12629, 29196, 81671, 71295, 84963, 73193, 37662, 77918, 40265, 71387, 2776, 72056, 79890, 24380, 6524, 11920, 82004, 80554, 7771, 51485, 29874, 64851, 32118, 68660, 22646, 40503, 29950, 45632, 59339, 63591, 66553, 79195, 90039, 8891, 94412, 82595, 43578, 41060, 60184, 28053, 84947, 77614, 38864, 91374, 58545, 50015, 19960, 7381, 78763, 85070, 21507, 19025, 51930, 32629, 45143, 39756, 26052, 37388, 90108, 9391, 53674, 16962, 24269, 95106, 99931, 56381, 37781, 12365, 84199, 30949, 74271, 916, 85830, 97679, 18102, 478, 75886, 30302, 21977, 90537, 30063, 19357, 81788, 35261, 14719, 66114, 20921, 20240, 5992, 58367, 9680, 68600, 85141, 46379, 54808, 83564, 47005, 66549, 22371, 91024, 89979, 20226, 63714, 58641, 45142, 46907, 57602, 15144, 97990, 7439, 11158, 59469, 11328, 80659, 5962, 25695, 77537, 11892, 91592, 56748, 38581, 37353, 71743, 70419, 27563, 8343, 51963, 16605, 94638, 42057, 61173, 28541, 41743, 60295, 49767, 73628, 41163, 91833, 78182, 82565, 25215, 96862, 76058, 44249, 82715, 20979, 71376, 27708, 78050, 40085, 30494, 46076, 48158, 98017, 59418, 77712, 4502, 58514, 86759, 30136, 53692, 84446, 34409, 6828, 35370, 50950, 51945, 59877, 55822, 81173, 57512, 24080, 92189, 34559, 32530, 48867, 64932, 44, 85888, 8300, 92843, 6844, 39222, 76898, 88754, 22876, 38074, 43299, 88699, 81654, 61902, 89999, 13497, 66668, 7338, 74096, 38397, 11013, 98336, 40480, 33892, 63626, 49088, 71312, 23172, 10803, 62392, 24917, 67254, 58009, 81336, 59457, 73844, 95696, 6506, 27308, 70695, 56701, 13067, 41613, 72662, 53528, 75491, 42519, 81780, 31754, 13856, 88917, 96452, 41223, 89774, 10407, 31336, 50783, 20291, 5997, 7069, 31395, 24625, 6189, 56620, 24762, 84988, 68874, 85812, 41091, 24302, 77112, 35149, 22780, 53184, 18627, 57549, 17465, 63612, 87939, 6980, 60883, 29814, 87238, 14952, 60779, 86760, 61062, 30267, 24445, 56989, 27229, 82900, 90023, 57786, 63779, 40235, 86679, 51776, 22058, 63483, 39593, 41554, 8133, 95503, 6716, 25867, 90267, 22987, 39665, 98545, 93605, 1747, 78248, 27473, 33109, 26918, 82634, 51318, 80099, 73743, 12182, 94300, 46775, 25047, 68889, 10070, 18361, 65084, 37080, 70960, 83222, 67058, 98067, 22471, 67691, 59607, 67337, 8930, 21238, 46639, 45431, 43153, 96128, 24156, 80501, 82080, 49059, 2091, 12212, 52072, 31681, 90064, 42922, 12694, 63500, 88958, 85424, 60965, 55836, 88426, 54941, 94663, 65220, 71036, 49752, 17451, 53699, 9314, 14619, 3290, 44849, 90564, 91441, 62905, 40530, 5641, 37318, 36823, 31308, 19382, 62343, 86280, 16633, 47566, 15336, 77921, 88788, 50425, 20260, 79556, 59009, 60227, 87434, 40228, 88797, 25912, 98562, 76789, 91824, 52309, 10258, 50738, 95463, 77205, 93493, 68362, 24106, 95689, 49524, 69579, 66348, 75971, 22529, 74132, 89303, 37488, 5127, 63655, 17283, 25796, 52901, 73353, 59242, 58591, 76499, 46764, 96815, 56675, 19904, 86086, 9538, 16381, 25966, 48189, 47295, 50918, 3257, 56486, 10672, 45517, 6977, 66557, 24565, 14166, 47870, 73695, 59021, 61532, 83752, 51246, 6816, 65190, 71364, 98756, 25731, 84141, 78432, 21130, 69362, 52504, 59655, 73856, 97330, 50721, 19705, 54620, 16926, 96429, 24048, 73377, 67355, 15053, 17980, 70735, 35236, 75523, 91241, 23447, 72477, 51156, 95259, 88333, 29494, 67321, 52714, 62917, 99842, 65229, 6617, 44275, 88720, 37853, 8770, 63811, 7507, 89636, 17817, 1558, 85068, 79776, 73733, 11481, 89926, 56682, 49746, 9429, 50818, 45883, 58652, 12423, 26431, 60221, 95661, 73944, 68283, 51044, 69558, 68608, 65135, 29404, 17239, 5514, 47278, 63393, 94877, 23491, 47292, 6877, 19032, 65956, 9732, 97912, 1976, 37613, 34466, 61934, 57269, 53618, 5940, 93510, 52374, 85684, 22266, 86296, 60665, 10810, 9462, 494, 58482, 75247, 71566, 31620, 58819, 97731, 83116, 7767, 83623, 12444, 57312, 49834, 46402, 98377, 30435, 36116, 16443, 25589, 45312, 64514, 37426, 76200, 11178, 7488, 18610, 92099, 97566, 6854, 33656, 17686, 10866, 73697, 81050, 12312, 6505, 95303, 61521, 72092, 94259, 32683, 45746, 77187, 88803, 39457, 40047, 95729, 22380, 62708, 14355, 83408, 29714, 50213, 24600, 63055, 94787, 52488, 53820, 72502, 35142, 82539, 36201, 83535, 70150, 4544, 53013, 91532, 98794, 75749, 37723, 24569, 90322, 279, 84293, 85419, 53204, 7321, 22724, 95538, 85836, 2877, 93721, 73981, 40836, 90505, 94370, 88415, 37372, 69317, 25860, 4116, 35759, 84385, 33447, 84816, 12456, 31068, 57878, 18743, 27118, 55146, 45045, 76854, 36409, 49423, 25447, 28432, 61176, 34319, 67878, 7127, 41048, 27399, 57337, 84290, 2409, 69039, 23729, 7494, 36747, 48478, 38848, 42755, 293, 91046, 40498, 48156, 87860, 19957, 4960, 74844, 19836, 92291, 57801, 90081, 88664, 17768, 78881, 47919, 71822, 34413, 1930, 46778, 88873, 89253, 43012, 48581, 9353, 85645, 13891, 48249, 50115, 66199, 3386, 20854, 99932, 28051, 71692, 93909, 74084, 74671, 89896, 50523, 88742, 12398, 72247, 55742, 51721, 34827, 36846, 62982, 39419, 78439, 9343, 48468, 84544, 39864, 76167, 43812, 71247, 20757, 1762, 41180, 27413, 60564, 22669, 82173, 16704, 46485, 72310, 26823, 41298, 58642, 32787, 90874, 58140, 56784, 29999, 8759, 96835, 78050, 41544, 1255, 17455, 33878, 64547, 58966, 82332, 5215, 48306, 8922, 24655, 4697, 70882, 84900, 82562, 62735, 34434, 73303, 61588, 35094, 68503, 41162, 54916, 58190, 12626, 60530, 22534, 77445, 84110, 41705, 60129, 60275, 26541, 44213, 1777, 13370, 3088, 42025, 39125, 6806, 57675, 48434, 98242, 36838, 43086, 11553, 17088, 22108, 72325, 25128, 87991, 65587, 14862, 36451, 44287, 9734, 15759, 72468, 61485, 14174, 26892, 64268, 19975, 5444, 33247, 50382, 76845, 87224, 36256, 66890, 95968, 72639, 77038, 43204, 39754, 36312, 74369, 96758, 27679, 249, 98284, 44817, 61235, 55085, 9992, 27298, 25783, 69424, 39622, 26481, 58524, 35109, 38014, 50849, 43262, 70599, 1236, 29822, 19493, 40976, 26562, 7919, 16019, 11304, 44960, 68766, 47516, 55933, 93459, 51964, 80457, 87397, 77661, 10867, 13339, 38927, 67085, 83000, 91594, 70221, 32812, 41638, 39247, 63161, 56481, 85947, 619, 54521, 29223, 59027, 34890, 77305, 79995, 54866, 56578, 59831, 16991, 48800, 12168, 58544, 42596, 87951, 65721, 11198, 23052, 15984, 12347, 45822, 1513, 17129, 34479, 87885, 87506, 81928, 20343, 45290, 20189, 98974, 29926, 61725, 72592, 35725, 72251, 55074, 7660, 24694, 13707, 7777, 43103, 79112]})"
558.0,9,164,97,62.806870222091675,10696,"Genotype(dna={""<class 'abc.NT_0017'>"": [1, 23052], ""<class 'abc.NT_0017_P_00000'>"": [], ""<class 'abc.NT_0005'>"": [0, 0, 35544, 1, 0, 1, 24422, 1, 1, 1513, 13707, 7777, 43103], ""<class 'abc.NT_0005_P_00000'>"": [], ""<class 'abc.NT_0005_P_00001'>"": [], ""<class 'bool'>"": [50833, 28611, 95173, 92596, 84996, 15299, 84608, 73218, 73704, 53577, 54127, 73580, 61648, 63455, 34182, 28379, 9832, 69766, 27025, 9321, 39372, 40559, 45589, 21512, 9991, 31131, 22379, 82972, 66879, 7070, 87492, 33083, 92916, 1233, 89415, 28350, 54741, 51276, 16414, 74832, 4355, 87209, 57305, 93042, 23231, 67903, 93745, 31960, 29422, 28659, 99170, 40455, 13273, 92051, 14178, 78998, 45259, 78698, 95977, 93014, 83753, 21951, 16043, 13772, 66730, 10736, 57934, 29081, 62948, 99869, 41968, 82469, 93064, 59471, 51253, 67704, 97811, 82022, 87389, 59617, 67283, 63422, 70186, 58801, 23472, 68171, 46787, 87700, 86179, 38104, 2384, 90063, 6576, 80132, 98840, 65605, 74894, 53809, 99733, 89043, 84198, 62780, 94716, 23035, 32450, 31489, 41399, 87765, 69122, 99723, 54018, 92501, 39572, 89999, 58379, 67238, 50112, 90146, 55533, 46837, 57815, 68681, 79206, 32534, 3130, 58659, 69605, 82887, 74526, 5911, 58400, 62789, 48677, 31474, 44702, 39368, 40140, 19876, 33772, 86631, 58194, 70508], ""<class 'int'>"": [88091, 54758, 80960, 4147, 58985, 98835, 33177, 12380, 43928, 18156, 46293, 82997, 26546, 21931, 20632, 91665, 69275, 46303, 61738, 80613, 63967, 92163, 79154, 79668, 18313, 6071, 50712, 91463, 54716, 33220, 52575, 78591, 28324, 24851, 385, 86434, 6594, 95864, 4088, 31907, 5028, 70908, 60125, 88976, 64506, 45119, 63026, 18677, 76141, 62129, 40973, 74468, 90479, 50241, 61828, 14495, 64587, 47259, 69389, 59226, 21182, 99643, 3451, 67066, 55205, 22485, 89443, 19030, 10288, 23574, 78426, 55280, 17305, 68878, 94325, 9074, 35370, 56456, 95300, 73961, 59051, 835, 21640, 2744, 30054, 96306, 55542, 57066, 65643, 97962, 97088, 62680, 24967, 56005, 85155, 81002, 48234, 28842, 92105, 38714, 65511, 82476, 73240, 25988, 68682, 4749, 1059, 85277, 54664, 55169, 72830, 29209, 32377, 56597, 43815, 46740, 16019, 36704, 91606, 3697, 42934, 87720, 75207, 56054, 59737, 79252, 96186, 60558, 8582, 3209, 7798, 18736, 20655, 95860, 60671, 36386, 88318, 80757, 49888, 58523, 36742, 48071, 76427, 91397, 47115, 74907, 19807, 19166, 48854, 4778, 9526, 30084, 70329, 29929, 24152, 98179, 6661, 59360, 47157, 52018, 24734, 716, 46264, 89982, 86072, 78100, 64619, 77321], ""<class 'abc.NT_0010'>"": [0, 0, 1, 53054], ""<class 'abc.NT_0010_P_00000'>"": [], ""<class 'abc.NT_0006'>"": [2, 2, 0, 1, 1302, 1892], ""<class 'abc.NT_0006_P_00000'>"": [], ""<class 'abc.NT_0006_P_00001'>"": [], ""<class 'abc.NT_0002'>"": [1, 1, 2, 1, 1, 1, 1, 0, 2, 1, 41818, 0, 2, 0, 1, 0, 2, 1, 53720, 1, 0, 0, 69722, 1, 8713, 0, 0, 2, 0, 0, 0, 2, 1, 64800, 99864], ""<class 'abc.NT_0002_P_00000'>"": [], ""<class 'abc.NT_0001'>"": [1, 1, 1, 0, 0, 0, 0, 1, 1, 1, 1, 0, 1, 16227, 1, 1, 1, 1, 0, 0, 10290, 0, 0, 0, 0, 0, 1, 40887, 0, 0, 0, 0, 0, 0, 0, 0, 0, 1, 97005, 0, 0, 0, 76558, 0, 0, 0, 1, 0, 0, 26591, 1, 1, 1, 0, 1, 0, 90457, 45290], ""<class 'abc.NT_0001_P_00000'>"": [], ""<class 'abc.NT_0001_P_00001'>"": [], ""<class 'abc.NT_0000'>"": [0, 1, 1, 94528, 1, 0, 1, 1, 31647, 1, 1, 80324, 0, 0, 75412, 1, 69944, 1, 0, 0, 0, 1, 0, 0, 0, 1, 1, 0, 1, 3483, 1, 0, 42401, 0, 0, 0, 0, 54668, 66557, 1, 0, 1, 1, 0, 0, 21028, 54540, 1, 5444, 3614, 1, 0, 0, 0, 0, 0, 71485, 1, 0, 0, 0, 0, 1, 20343], ""<class 'abc.NT_0000_P_00000'>"": [], ""<class 'abc.NT_0000_P_00001'>"": [], ""<class 'abc.NT_0002_P_00001'>"": [], ""<class 'abc.NT_0002_P_00002'>"": [], ""<class 'abc.NT_0006_P_00002'>"": [], ""<class 'abc.NT_0007'>"": [1, 0, 1, 2, 87885, 72251, 55074], ""<class 'abc.NT_0007_P_00000'>"": [], ""<class 'abc.NT_0007_P_00001'>"": [], ""<class 'abc.NT_0007_P_00002'>"": [], ""<class 'abc.NT_0004'>"": [1, 1, 77639, 2, 1, 2, 63194, 90154], ""<class 'abc.NT_0004_P_00000'>"": [], ""<class 'abc.NT_0003'>"": [10039, 1, 0, 1, 98974, 61725, 72592, 35725, 7660, 79112], ""<class 'abc.NT_0003_P_00000'>"": [], ""<class 'abc.NT_0003_P_00001'>"": [], ""<class 'abc.NT_0003_P_00002'>"": [], ""<class 'abc.NT_0003_P_00003'>"": [], ""<class 'abc.NT_0004_P_00001'>"": [], ""<class 'abc.NT_0004_P_00002'>"": [], ""<class 'abc.NT_0009'>"": [3, 0, 1, 1, 0, 45822], ""<class 'abc.NT_0009_P_00000'>"": [], ""<class 'abc.NT_0008'>"": [15828, 0, 83857, 0, 0, 0, 17129], ""<class 'abc.NT_0008_P_00000'>"": [], ""<class 'abc.NT_0009_P_00001'>"": [], ""<class 'abc.NT_0009_P_00002'>"": [], ""<class 'abc.NT_0009_P_00003'>"": [], ""<class 'abc.NT_0010_P_00001'>"": [], ""<class 'abc.NT_0010_P_00002'>"": [], ""<class 'abc.NT_0017_P_00001'>"": [], ""<class 'abc.NT_0012'>"": [0, 0, 27606, 0, 0, 65962], ""<class 'abc.NT_0012_P_00000'>"": [], ""<class 'abc.NT_0012_P_00001'>"": [], ""<class 'abc.NT_0017_P_00002'>"": [], ""<class 'abc.NT_0013'>"": [], ""<class 'abc.NT_0013_P_00000'>"": [], ""<class 'abc.NT_0011'>"": [0, 94522], ""<class 'abc.NT_0011_P_00000'>"": [], ""<class 'abc.NT_0011_P_00001'>"": [], ""<class 'abc.NT_0011_P_00002'>"": [], ""<class 'abc.NT_0013_P_00001'>"": [], ""<class 'abc.NT_0013_P_00002'>"": [], ""<class 'abc.NT_0017_P_00003'>"": [], ""<class 'abc.NT_0016'>"": [0, 20070], ""<class 'abc.NT_0016_P_00000'>"": [], ""<class 'abc.NT_0016_P_00001'>"": [], ""<class 'abc.NT_0016_P_00002'>"": [], '$leftovers': [41937, 82055, 41802, 80929, 37572, 24235, 1002, 66268, 87311, 99058, 42897, 54099, 4751, 39061, 38658, 18856, 32793, 32020, 84694, 43326, 66351, 11593, 16559, 82179, 29701, 14785, 63931, 19995, 86098, 88506, 88906, 98218, 57143, 64899, 75531, 17691, 63845, 68413, 76826, 30524, 48607, 6718, 24768, 14247, 23842, 98884, 92372, 55279, 40315, 43705, 6728, 53868, 34432, 73753, 89438, 79733, 83929, 38685, 35410, 5343, 16823, 35888, 70000, 12879, 27426, 44726, 95438, 53746, 11554, 35563, 36846, 46156, 65002, 72433, 85297, 12477, 3511, 72425, 53166, 5796, 30717, 45518, 76561, 21526, 65748, 18017, 64172, 9175, 16724, 51276, 1749, 5687, 47923, 68260, 48548, 94393, 55323, 76604, 84009, 54574, 8798, 35733, 67233, 4198, 56844, 12629, 29196, 81671, 71295, 84963, 73193, 37662, 77918, 40265, 71387, 2776, 72056, 79890, 24380, 6524, 11920, 82004, 80554, 7771, 51485, 29874, 64851, 32118, 68660, 22646, 40503, 29950, 45632, 59339, 63591, 66553, 79195, 90039, 8891, 94412, 82595, 43578, 41060, 60184, 28053, 84947, 77614, 38864, 91374, 58545, 50015, 19960, 7381, 78763, 85070, 21507, 19025, 51930, 32629, 45143, 39756, 26052, 37388, 90108, 9391, 53674, 16962, 24269, 95106, 99931, 56381, 37781, 12365, 84199, 30949, 74271, 916, 85830, 97679, 18102, 478, 75886, 30302, 21977, 90537, 30063, 19357, 81788, 35261, 14719, 66114, 20921, 20240, 5992, 58367, 9680, 68600, 85141, 46379, 54808, 83564, 47005, 66549, 22371, 91024, 89979, 20226, 63714, 58641, 45142, 46907, 57602, 15144, 97990, 7439, 11158, 59469, 11328, 80659, 5962, 25695, 77537, 11892, 91592, 56748, 38581, 37353, 71743, 70419, 27563, 8343, 51963, 16605, 94638, 42057, 61173, 28541, 41743, 60295, 49767, 73628, 41163, 91833, 78182, 82565, 25215, 96862, 76058, 44249, 82715, 20979, 71376, 27708, 78050, 40085, 30494, 46076, 48158, 98017, 59418, 77712, 4502, 58514, 86759, 30136, 53692, 84446, 34409, 6828, 35370, 50950, 51945, 59877, 55822, 81173, 57512, 24080, 92189, 34559, 32530, 48867, 64932, 44, 85888, 8300, 92843, 6844, 39222, 76898, 88754, 22876, 38074, 43299, 88699, 81654, 61902, 89999, 13497, 66668, 7338, 74096, 38397, 11013, 98336, 40480, 33892, 63626, 49088, 71312, 23172, 10803, 62392, 24917, 67254, 58009, 81336, 59457, 73844, 95696, 6506, 27308, 70695, 56701, 13067, 41613, 72662, 53528, 75491, 42519, 81780, 31754, 13856, 88917, 96452, 41223, 89774, 10407, 31336, 50783, 20291, 5997, 7069, 31395, 24625, 6189, 56620, 24762, 84988, 68874, 85812, 41091, 24302, 77112, 35149, 22780, 53184, 18627, 57549, 17465, 63612, 87939, 6980, 60883, 29814, 87238, 14952, 60779, 86760, 61062, 30267, 24445, 56989, 27229, 82900, 90023, 57786, 63779, 40235, 86679, 51776, 22058, 63483, 39593, 41554, 8133, 95503, 6716, 25867, 90267, 22987, 39665, 98545, 93605, 1747, 78248, 27473, 33109, 26918, 82634, 51318, 80099, 73743, 12182, 94300, 46775, 25047, 68889, 10070, 18361, 65084, 37080, 70960, 83222, 67058, 98067, 22471, 67691, 59607, 67337, 8930, 21238, 46639, 45431, 43153, 96128, 24156, 80501, 82080, 49059, 2091, 12212, 52072, 31681, 90064, 42922, 12694, 63500, 88958, 85424, 60965, 55836, 88426, 54941, 94663, 65220, 71036, 49752, 17451, 53699, 9314, 14619, 3290, 44849, 90564, 91441, 62905, 40530, 5641, 37318, 36823, 31308, 19382, 62343, 86280, 16633, 47566, 15336, 77921, 88788, 50425, 20260, 79556, 59009, 60227, 87434, 40228, 88797, 25912, 98562, 76789, 91824, 52309, 10258, 50738, 95463, 77205, 93493, 68362, 24106, 95689, 49524, 69579, 66348, 75971, 22529, 74132, 89303, 37488, 5127, 63655, 17283, 25796, 52901, 73353, 59242, 58591, 76499, 46764, 96815, 56675, 19904, 86086, 9538, 16381, 25966, 48189, 47295, 50918, 3257, 56486, 10672, 45517, 6977, 66557, 24565, 14166, 47870, 73695, 59021, 61532, 83752, 51246, 6816, 65190, 71364, 98756, 25731, 84141, 78432, 21130, 69362, 52504, 59655, 73856, 97330, 50721, 19705, 54620, 16926, 96429, 24048, 73377, 67355, 15053, 17980, 70735, 35236, 75523, 91241, 23447, 72477, 51156, 95259, 88333, 29494, 67321, 52714, 62917, 99842, 65229, 6617, 44275, 88720, 37853, 8770, 63811, 7507, 89636, 17817, 1558, 85068, 79776, 73733, 11481, 89926, 56682, 49746, 9429, 50818, 45883, 58652, 12423, 26431, 60221, 95661, 73944, 68283, 51044, 69558, 68608, 65135, 29404, 17239, 5514, 47278, 63393, 94877, 23491, 47292, 6877, 19032, 65956, 9732, 97912, 1976, 37613, 34466, 61934, 57269, 53618, 5940, 93510, 52374, 85684, 22266, 86296, 60665, 10810, 9462, 494, 58482, 75247, 71566, 31620, 58819, 97731, 83116, 7767, 83623, 12444, 57312, 49834, 46402, 98377, 30435, 36116, 16443, 25589, 45312, 64514, 37426, 76200, 11178, 7488, 18610, 92099, 97566, 6854, 33656, 17686, 10866, 73697, 81050, 12312, 6505, 95303, 61521, 72092, 94259, 32683, 45746, 77187, 88803, 39457, 40047, 95729, 22380, 62708, 14355, 83408, 29714, 50213, 24600, 63055, 94787, 52488, 53820, 72502, 35142, 82539, 36201, 83535, 70150, 4544, 53013, 91532, 98794, 75749, 37723, 24569, 90322, 279, 84293, 85419, 53204, 7321, 22724, 95538, 85836, 2877, 93721, 73981, 40836, 90505, 94370, 88415, 37372, 69317, 25860, 4116, 35759, 84385, 33447, 84816, 12456, 31068, 57878, 18743, 27118, 55146, 45045, 76854, 36409, 49423, 25447, 28432, 61176, 34319, 67878, 7127, 41048, 27399, 57337, 84290, 2409, 69039, 23729, 7494, 36747, 48478, 38848, 42755, 293, 91046, 40498, 48156, 87860, 19957, 4960, 74844, 19836, 92291, 57801, 90081, 88664, 17768, 78881, 47919, 71822, 34413, 1930, 46778, 88873, 89253, 43012, 48581, 9353, 85645, 13891, 48249, 50115, 66199, 3386, 20854, 99932, 28051, 71692, 93909, 74084, 74671, 89896, 50523, 88742, 12398, 72247, 55742, 51721, 34827, 36846, 62982, 39419, 78439, 9343, 48468, 84544, 39864, 76167, 43812, 71247, 20757, 1762, 41180, 27413, 60564, 22669, 82173, 16704, 46485, 72310, 26823, 41298, 58642, 32787, 90874, 58140, 56784, 29999, 8759, 96835, 78050, 41544, 1255, 17455, 33878, 64547, 58966, 82332, 5215, 48306, 8922, 24655, 4697, 70882, 84900, 82562, 62735, 34434, 73303, 61588, 35094, 68503, 41162, 54916, 58190, 12626, 60530, 22534, 77445, 84110, 41705, 60129, 60275, 26541, 44213, 1777, 13370, 3088, 42025, 39125, 6806, 57675, 48434, 98242, 36838, 43086, 11553, 17088, 22108, 72325, 25128, 87991, 65587, 14862, 36451, 44287, 9734, 15759, 72468, 61485, 14174, 26892, 64268, 19975, 5444, 33247, 50382, 76845, 87224, 36256, 66890, 95968, 72639, 77038, 43204, 39754, 36312, 74369, 96758, 27679, 249, 98284, 44817, 61235, 55085, 9992, 27298, 25783, 69424, 39622, 26481, 58524, 35109, 38014, 50849, 43262, 70599, 1236, 29822, 19493, 40976, 26562, 7919, 16019, 11304, 44960, 68766, 47516, 55933, 93459, 51964, 80457, 87397, 77661, 10867, 13339, 38927, 67085, 83000, 91594, 70221, 32812, 41638, 39247, 63161, 56481, 85947, 619, 54521, 29223, 59027, 34890, 77305, 79995, 54866, 56578, 59831, 16991, 48800, 12168, 58544, 42596, 87951, 65721, 11198, 23052, 15984, 12347, 45822, 1513, 17129, 34479, 87885, 87506, 81928, 20343, 45290, 20189, 98974, 29926, 61725, 72592, 35725, 72251, 55074, 7660, 24694, 13707, 7777, 43103, 79112]})"
558.0,9,164,98,63.20616626739502,10696,"Genotype(dna={""<class 'abc.NT_0017'>"": [1, 23052], ""<class 'abc.NT_0017_P_00000'>"": [], ""<class 'abc.NT_0005'>"": [0, 0, 35544, 1, 0, 1, 24422, 1, 1, 1513, 13707, 7777, 43103], ""<class 'abc.NT_0005_P_00000'>"": [], ""<class 'abc.NT_0005_P_00001'>"": [], ""<class 'bool'>"": [50833, 28611, 95173, 92596, 84996, 15299, 84608, 73218, 73704, 53577, 54127, 73580, 61648, 63455, 34182, 28379, 9832, 69766, 27025, 9321, 39372, 40559, 45589, 21512, 9991, 31131, 22379, 82972, 66879, 7070, 87492, 33083, 92916, 1233, 89415, 28350, 54741, 51276, 16414, 74832, 4355, 87209, 57305, 93042, 23231, 67903, 93745, 31960, 29422, 28659, 99170, 40455, 13273, 92051, 14178, 78998, 45259, 78698, 95977, 93014, 83753, 21951, 16043, 13772, 66730, 10736, 57934, 29081, 62948, 99869, 41968, 82469, 93064, 59471, 51253, 67704, 97811, 82022, 87389, 59617, 67283, 63422, 70186, 58801, 23472, 68171, 46787, 87700, 86179, 38104, 2384, 90063, 6576, 80132, 98840, 65605, 74894, 53809, 99733, 89043, 84198, 62780, 94716, 23035, 32450, 31489, 41399, 87765, 69122, 99723, 54018, 92501, 39572, 89999, 58379, 67238, 50112, 90146, 55533, 46837, 57815, 68681, 79206, 32534, 3130, 58659, 69605, 82887, 74526, 5911, 58400, 62789, 48677, 31474, 44702, 39368, 40140, 19876, 33772, 86631, 58194, 70508], ""<class 'int'>"": [88091, 54758, 80960, 4147, 58985, 98835, 33177, 12380, 43928, 18156, 46293, 82997, 26546, 21931, 20632, 91665, 69275, 46303, 61738, 80613, 63967, 92163, 79154, 79668, 18313, 6071, 50712, 91463, 54716, 33220, 52575, 78591, 28324, 24851, 385, 86434, 6594, 95864, 4088, 31907, 5028, 70908, 60125, 88976, 64506, 45119, 63026, 18677, 76141, 62129, 40973, 74468, 90479, 50241, 61828, 14495, 64587, 47259, 69389, 59226, 21182, 99643, 3451, 67066, 55205, 22485, 89443, 19030, 10288, 23574, 78426, 55280, 17305, 68878, 94325, 9074, 35370, 56456, 95300, 73961, 59051, 835, 21640, 2744, 30054, 96306, 55542, 57066, 65643, 97962, 97088, 62680, 24967, 56005, 85155, 81002, 48234, 28842, 92105, 38714, 65511, 82476, 73240, 25988, 68682, 4749, 1059, 85277, 54664, 55169, 72830, 29209, 32377, 56597, 43815, 46740, 16019, 36704, 91606, 3697, 42934, 87720, 75207, 56054, 59737, 79252, 96186, 60558, 8582, 3209, 7798, 18736, 20655, 95860, 60671, 36386, 88318, 80757, 49888, 58523, 36742, 48071, 76427, 91397, 47115, 74907, 19807, 19166, 48854, 4778, 9526, 30084, 70329, 29929, 24152, 98179, 6661, 59360, 47157, 52018, 24734, 716, 46264, 89982, 86072, 78100, 64619, 77321], ""<class 'abc.NT_0010'>"": [0, 0, 1, 53054], ""<class 'abc.NT_0010_P_00000'>"": [], ""<class 'abc.NT_0006'>"": [2, 2, 0, 1, 1302, 1892], ""<class 'abc.NT_0006_P_00000'>"": [], ""<class 'abc.NT_0006_P_00001'>"": [], ""<class 'abc.NT_0002'>"": [1, 1, 2, 1, 1, 1, 1, 0, 2, 1, 41818, 0, 2, 0, 1, 0, 2, 1, 53720, 1, 0, 0, 69722, 1, 8713, 0, 0, 2, 0, 0, 0, 2, 1, 64800, 99864], ""<class 'abc.NT_0002_P_00000'>"": [], ""<class 'abc.NT_0001'>"": [1, 1, 1, 0, 0, 0, 0, 1, 1, 1, 1, 0, 1, 16227, 1, 1, 1, 1, 0, 0, 10290, 0, 0, 0, 0, 0, 1, 40887, 0, 0, 0, 0, 0, 0, 0, 0, 0, 1, 97005, 0, 0, 0, 76558, 0, 0, 0, 1, 0, 0, 26591, 1, 1, 1, 0, 1, 0, 90457, 45290], ""<class 'abc.NT_0001_P_00000'>"": [], ""<class 'abc.NT_0001_P_00001'>"": [], ""<class 'abc.NT_0000'>"": [0, 1, 1, 94528, 1, 0, 1, 1, 31647, 1, 1, 80324, 0, 0, 75412, 1, 69944, 1, 0, 0, 0, 1, 0, 0, 0, 1, 1, 0, 1, 3483, 1, 0, 42401, 0, 0, 0, 0, 54668, 66557, 1, 0, 1, 1, 0, 0, 21028, 54540, 1, 5444, 3614, 1, 0, 0, 0, 0, 0, 71485, 1, 0, 0, 0, 0, 1, 20343], ""<class 'abc.NT_0000_P_00000'>"": [], ""<class 'abc.NT_0000_P_00001'>"": [], ""<class 'abc.NT_0002_P_00001'>"": [], ""<class 'abc.NT_0002_P_00002'>"": [], ""<class 'abc.NT_0006_P_00002'>"": [], ""<class 'abc.NT_0007'>"": [1, 0, 1, 2, 87885, 72251, 55074], ""<class 'abc.NT_0007_P_00000'>"": [], ""<class 'abc.NT_0007_P_00001'>"": [], ""<class 'abc.NT_0007_P_00002'>"": [], ""<class 'abc.NT_0004'>"": [1, 1, 77639, 2, 1, 2, 63194, 90154], ""<class 'abc.NT_0004_P_00000'>"": [], ""<class 'abc.NT_0003'>"": [10039, 1, 0, 1, 98974, 61725, 72592, 35725, 7660, 79112], ""<class 'abc.NT_0003_P_00000'>"": [], ""<class 'abc.NT_0003_P_00001'>"": [], ""<class 'abc.NT_0003_P_00002'>"": [], ""<class 'abc.NT_0003_P_00003'>"": [], ""<class 'abc.NT_0004_P_00001'>"": [], ""<class 'abc.NT_0004_P_00002'>"": [], ""<class 'abc.NT_0009'>"": [3, 0, 1, 1, 0, 45822], ""<class 'abc.NT_0009_P_00000'>"": [], ""<class 'abc.NT_0008'>"": [15828, 0, 83857, 0, 0, 0, 17129], ""<class 'abc.NT_0008_P_00000'>"": [], ""<class 'abc.NT_0009_P_00001'>"": [], ""<class 'abc.NT_0009_P_00002'>"": [], ""<class 'abc.NT_0009_P_00003'>"": [], ""<class 'abc.NT_0010_P_00001'>"": [], ""<class 'abc.NT_0010_P_00002'>"": [], ""<class 'abc.NT_0017_P_00001'>"": [], ""<class 'abc.NT_0012'>"": [0, 0, 27606, 0, 0, 65962], ""<class 'abc.NT_0012_P_00000'>"": [], ""<class 'abc.NT_0012_P_00001'>"": [], ""<class 'abc.NT_0017_P_00002'>"": [], ""<class 'abc.NT_0013'>"": [], ""<class 'abc.NT_0013_P_00000'>"": [], ""<class 'abc.NT_0011'>"": [0, 94522], ""<class 'abc.NT_0011_P_00000'>"": [], ""<class 'abc.NT_0011_P_00001'>"": [], ""<class 'abc.NT_0011_P_00002'>"": [], ""<class 'abc.NT_0013_P_00001'>"": [], ""<class 'abc.NT_0013_P_00002'>"": [], ""<class 'abc.NT_0017_P_00003'>"": [], ""<class 'abc.NT_0016'>"": [0, 20070], ""<class 'abc.NT_0016_P_00000'>"": [], ""<class 'abc.NT_0016_P_00001'>"": [], ""<class 'abc.NT_0016_P_00002'>"": [], '$leftovers': [41937, 82055, 41802, 80929, 37572, 24235, 1002, 66268, 87311, 99058, 42897, 54099, 4751, 39061, 38658, 18856, 32793, 32020, 84694, 43326, 66351, 11593, 16559, 82179, 29701, 14785, 63931, 19995, 86098, 88506, 88906, 98218, 57143, 64899, 75531, 17691, 63845, 68413, 76826, 30524, 48607, 6718, 24768, 14247, 23842, 98884, 92372, 55279, 40315, 43705, 6728, 53868, 34432, 73753, 89438, 79733, 83929, 38685, 35410, 5343, 16823, 35888, 70000, 12879, 27426, 44726, 95438, 53746, 11554, 35563, 36846, 46156, 65002, 72433, 85297, 12477, 3511, 72425, 53166, 5796, 30717, 45518, 76561, 21526, 65748, 18017, 64172, 9175, 16724, 51276, 1749, 5687, 47923, 68260, 48548, 94393, 55323, 76604, 84009, 54574, 8798, 35733, 67233, 4198, 56844, 12629, 29196, 81671, 71295, 84963, 73193, 37662, 77918, 40265, 71387, 2776, 72056, 79890, 24380, 6524, 11920, 82004, 80554, 7771, 51485, 29874, 64851, 32118, 68660, 22646, 40503, 29950, 45632, 59339, 63591, 66553, 79195, 90039, 8891, 94412, 82595, 43578, 41060, 60184, 28053, 84947, 77614, 38864, 91374, 58545, 50015, 19960, 7381, 78763, 85070, 21507, 19025, 51930, 32629, 45143, 39756, 26052, 37388, 90108, 9391, 53674, 16962, 24269, 95106, 99931, 56381, 37781, 12365, 84199, 30949, 74271, 916, 85830, 97679, 18102, 478, 75886, 30302, 21977, 90537, 30063, 19357, 81788, 35261, 14719, 66114, 20921, 20240, 5992, 58367, 9680, 68600, 85141, 46379, 54808, 83564, 47005, 66549, 22371, 91024, 89979, 20226, 63714, 58641, 45142, 46907, 57602, 15144, 97990, 7439, 11158, 59469, 11328, 80659, 5962, 25695, 77537, 11892, 91592, 56748, 38581, 37353, 71743, 70419, 27563, 8343, 51963, 16605, 94638, 42057, 61173, 28541, 41743, 60295, 49767, 73628, 41163, 91833, 78182, 82565, 25215, 96862, 76058, 44249, 82715, 20979, 71376, 27708, 78050, 40085, 30494, 46076, 48158, 98017, 59418, 77712, 4502, 58514, 86759, 30136, 53692, 84446, 34409, 6828, 35370, 50950, 51945, 59877, 55822, 81173, 57512, 24080, 92189, 34559, 32530, 48867, 64932, 44, 85888, 8300, 92843, 6844, 39222, 76898, 88754, 22876, 38074, 43299, 88699, 81654, 61902, 89999, 13497, 66668, 7338, 74096, 38397, 11013, 98336, 40480, 33892, 63626, 49088, 71312, 23172, 10803, 62392, 24917, 67254, 58009, 81336, 59457, 73844, 95696, 6506, 27308, 70695, 56701, 13067, 41613, 72662, 53528, 75491, 42519, 81780, 31754, 13856, 88917, 96452, 41223, 89774, 10407, 31336, 50783, 20291, 5997, 7069, 31395, 24625, 6189, 56620, 24762, 84988, 68874, 85812, 41091, 24302, 77112, 35149, 22780, 53184, 18627, 57549, 17465, 63612, 87939, 6980, 60883, 29814, 87238, 14952, 60779, 86760, 61062, 30267, 24445, 56989, 27229, 82900, 90023, 57786, 63779, 40235, 86679, 51776, 22058, 63483, 39593, 41554, 8133, 95503, 6716, 25867, 90267, 22987, 39665, 98545, 93605, 1747, 78248, 27473, 33109, 26918, 82634, 51318, 80099, 73743, 12182, 94300, 46775, 25047, 68889, 10070, 18361, 65084, 37080, 70960, 83222, 67058, 98067, 22471, 67691, 59607, 67337, 8930, 21238, 46639, 45431, 43153, 96128, 24156, 80501, 82080, 49059, 2091, 12212, 52072, 31681, 90064, 42922, 12694, 63500, 88958, 85424, 60965, 55836, 88426, 54941, 94663, 65220, 71036, 49752, 17451, 53699, 9314, 14619, 3290, 44849, 90564, 91441, 62905, 40530, 5641, 37318, 36823, 31308, 19382, 62343, 86280, 16633, 47566, 15336, 77921, 88788, 50425, 20260, 79556, 59009, 60227, 87434, 40228, 88797, 25912, 98562, 76789, 91824, 52309, 10258, 50738, 95463, 77205, 93493, 68362, 24106, 95689, 49524, 69579, 66348, 75971, 22529, 74132, 89303, 37488, 5127, 63655, 17283, 25796, 52901, 73353, 59242, 58591, 76499, 46764, 96815, 56675, 19904, 86086, 9538, 16381, 25966, 48189, 47295, 50918, 3257, 56486, 10672, 45517, 6977, 66557, 24565, 14166, 47870, 73695, 59021, 61532, 83752, 51246, 6816, 65190, 71364, 98756, 25731, 84141, 78432, 21130, 69362, 52504, 59655, 73856, 97330, 50721, 19705, 54620, 16926, 96429, 24048, 73377, 67355, 15053, 17980, 70735, 35236, 75523, 91241, 23447, 72477, 51156, 95259, 88333, 29494, 67321, 52714, 62917, 99842, 65229, 6617, 44275, 88720, 37853, 8770, 63811, 7507, 89636, 17817, 1558, 85068, 79776, 73733, 11481, 89926, 56682, 49746, 9429, 50818, 45883, 58652, 12423, 26431, 60221, 95661, 73944, 68283, 51044, 69558, 68608, 65135, 29404, 17239, 5514, 47278, 63393, 94877, 23491, 47292, 6877, 19032, 65956, 9732, 97912, 1976, 37613, 34466, 61934, 57269, 53618, 5940, 93510, 52374, 85684, 22266, 86296, 60665, 10810, 9462, 494, 58482, 75247, 71566, 31620, 58819, 97731, 83116, 7767, 83623, 12444, 57312, 49834, 46402, 98377, 30435, 36116, 16443, 25589, 45312, 64514, 37426, 76200, 11178, 7488, 18610, 92099, 97566, 6854, 33656, 17686, 10866, 73697, 81050, 12312, 6505, 95303, 61521, 72092, 94259, 32683, 45746, 77187, 88803, 39457, 40047, 95729, 22380, 62708, 14355, 83408, 29714, 50213, 24600, 63055, 94787, 52488, 53820, 72502, 35142, 82539, 36201, 83535, 70150, 4544, 53013, 91532, 98794, 75749, 37723, 24569, 90322, 279, 84293, 85419, 53204, 7321, 22724, 95538, 85836, 2877, 93721, 73981, 40836, 90505, 94370, 88415, 37372, 69317, 25860, 4116, 35759, 84385, 33447, 84816, 12456, 31068, 57878, 18743, 27118, 55146, 45045, 76854, 36409, 49423, 25447, 28432, 61176, 34319, 67878, 7127, 41048, 27399, 57337, 84290, 2409, 69039, 23729, 7494, 36747, 48478, 38848, 42755, 293, 91046, 40498, 48156, 87860, 19957, 4960, 74844, 19836, 92291, 57801, 90081, 88664, 17768, 78881, 47919, 71822, 34413, 1930, 46778, 88873, 89253, 43012, 48581, 9353, 85645, 13891, 48249, 50115, 66199, 3386, 20854, 99932, 28051, 71692, 93909, 74084, 74671, 89896, 50523, 88742, 12398, 72247, 55742, 51721, 34827, 36846, 62982, 39419, 78439, 9343, 48468, 84544, 39864, 76167, 43812, 71247, 20757, 1762, 41180, 27413, 60564, 22669, 82173, 16704, 46485, 72310, 26823, 41298, 58642, 32787, 90874, 58140, 56784, 29999, 8759, 96835, 78050, 41544, 1255, 17455, 33878, 64547, 58966, 82332, 5215, 48306, 8922, 24655, 4697, 70882, 84900, 82562, 62735, 34434, 73303, 61588, 35094, 68503, 41162, 54916, 58190, 12626, 60530, 22534, 77445, 84110, 41705, 60129, 60275, 26541, 44213, 1777, 13370, 3088, 42025, 39125, 6806, 57675, 48434, 98242, 36838, 43086, 11553, 17088, 22108, 72325, 25128, 87991, 65587, 14862, 36451, 44287, 9734, 15759, 72468, 61485, 14174, 26892, 64268, 19975, 5444, 33247, 50382, 76845, 87224, 36256, 66890, 95968, 72639, 77038, 43204, 39754, 36312, 74369, 96758, 27679, 249, 98284, 44817, 61235, 55085, 9992, 27298, 25783, 69424, 39622, 26481, 58524, 35109, 38014, 50849, 43262, 70599, 1236, 29822, 19493, 40976, 26562, 7919, 16019, 11304, 44960, 68766, 47516, 55933, 93459, 51964, 80457, 87397, 77661, 10867, 13339, 38927, 67085, 83000, 91594, 70221, 32812, 41638, 39247, 63161, 56481, 85947, 619, 54521, 29223, 59027, 34890, 77305, 79995, 54866, 56578, 59831, 16991, 48800, 12168, 58544, 42596, 87951, 65721, 11198, 23052, 15984, 12347, 45822, 1513, 17129, 34479, 87885, 87506, 81928, 20343, 45290, 20189, 98974, 29926, 61725, 72592, 35725, 72251, 55074, 7660, 24694, 13707, 7777, 43103, 79112]})"
558.0,9,164,99,63.623027324676514,10696,"Genotype(dna={""<class 'abc.NT_0017'>"": [1, 23052], ""<class 'abc.NT_0017_P_00000'>"": [], ""<class 'abc.NT_0005'>"": [0, 0, 35544, 1, 0, 1, 24422, 1, 1, 1513, 13707, 7777, 43103], ""<class 'abc.NT_0005_P_00000'>"": [], ""<class 'abc.NT_0005_P_00001'>"": [], ""<class 'bool'>"": [50833, 28611, 95173, 92596, 84996, 15299, 84608, 73218, 73704, 53577, 54127, 73580, 61648, 63455, 34182, 28379, 9832, 69766, 27025, 9321, 39372, 40559, 45589, 21512, 9991, 31131, 22379, 82972, 66879, 7070, 87492, 33083, 92916, 1233, 89415, 28350, 54741, 51276, 16414, 74832, 4355, 87209, 57305, 93042, 23231, 67903, 93745, 31960, 29422, 28659, 99170, 40455, 13273, 92051, 14178, 78998, 45259, 78698, 95977, 93014, 83753, 21951, 16043, 13772, 66730, 10736, 57934, 29081, 62948, 99869, 41968, 82469, 93064, 59471, 51253, 67704, 97811, 82022, 87389, 59617, 67283, 63422, 70186, 58801, 23472, 68171, 46787, 87700, 86179, 38104, 2384, 90063, 6576, 80132, 98840, 65605, 74894, 53809, 99733, 89043, 84198, 62780, 94716, 23035, 32450, 31489, 41399, 87765, 69122, 99723, 54018, 92501, 39572, 89999, 58379, 67238, 50112, 90146, 55533, 46837, 57815, 68681, 79206, 32534, 3130, 58659, 69605, 82887, 74526, 5911, 58400, 62789, 48677, 31474, 44702, 39368, 40140, 19876, 33772, 86631, 58194, 70508], ""<class 'int'>"": [88091, 54758, 80960, 4147, 58985, 98835, 33177, 12380, 43928, 18156, 46293, 82997, 26546, 21931, 20632, 91665, 69275, 46303, 61738, 80613, 63967, 92163, 79154, 79668, 18313, 6071, 50712, 91463, 54716, 33220, 52575, 78591, 28324, 24851, 385, 86434, 6594, 95864, 4088, 31907, 5028, 70908, 60125, 88976, 64506, 45119, 63026, 18677, 76141, 62129, 40973, 74468, 90479, 50241, 61828, 14495, 64587, 47259, 69389, 59226, 21182, 99643, 3451, 67066, 55205, 22485, 89443, 19030, 10288, 23574, 78426, 55280, 17305, 68878, 94325, 9074, 35370, 56456, 95300, 73961, 59051, 835, 21640, 2744, 30054, 96306, 55542, 57066, 65643, 97962, 97088, 62680, 24967, 56005, 85155, 81002, 48234, 28842, 92105, 38714, 65511, 82476, 73240, 25988, 68682, 4749, 1059, 85277, 54664, 55169, 72830, 29209, 32377, 56597, 43815, 46740, 16019, 36704, 91606, 3697, 42934, 87720, 75207, 56054, 59737, 79252, 96186, 60558, 8582, 3209, 7798, 18736, 20655, 95860, 60671, 36386, 88318, 80757, 49888, 58523, 36742, 48071, 76427, 91397, 47115, 74907, 19807, 19166, 48854, 4778, 9526, 30084, 70329, 29929, 24152, 98179, 6661, 59360, 47157, 52018, 24734, 716, 46264, 89982, 86072, 78100, 64619, 77321], ""<class 'abc.NT_0010'>"": [0, 0, 1, 53054], ""<class 'abc.NT_0010_P_00000'>"": [], ""<class 'abc.NT_0006'>"": [2, 2, 0, 1, 1302, 1892], ""<class 'abc.NT_0006_P_00000'>"": [], ""<class 'abc.NT_0006_P_00001'>"": [], ""<class 'abc.NT_0002'>"": [1, 1, 2, 1, 1, 1, 1, 0, 2, 1, 41818, 0, 2, 0, 1, 0, 2, 1, 53720, 1, 0, 0, 69722, 1, 8713, 0, 0, 2, 0, 0, 0, 2, 1, 64800, 99864], ""<class 'abc.NT_0002_P_00000'>"": [], ""<class 'abc.NT_0001'>"": [1, 1, 1, 0, 0, 0, 0, 1, 1, 1, 1, 0, 1, 16227, 1, 1, 1, 1, 0, 0, 10290, 0, 0, 0, 0, 0, 1, 40887, 0, 0, 0, 0, 0, 0, 0, 0, 0, 1, 97005, 0, 0, 0, 76558, 0, 0, 0, 1, 0, 0, 26591, 1, 1, 1, 0, 1, 0, 90457, 45290], ""<class 'abc.NT_0001_P_00000'>"": [], ""<class 'abc.NT_0001_P_00001'>"": [], ""<class 'abc.NT_0000'>"": [0, 1, 1, 94528, 1, 0, 1, 1, 31647, 1, 1, 80324, 0, 0, 75412, 1, 69944, 1, 0, 0, 0, 1, 0, 0, 0, 1, 1, 0, 1, 3483, 1, 0, 42401, 0, 0, 0, 0, 54668, 66557, 1, 0, 1, 1, 0, 0, 21028, 54540, 1, 5444, 3614, 1, 0, 0, 0, 0, 0, 71485, 1, 0, 0, 0, 0, 1, 20343], ""<class 'abc.NT_0000_P_00000'>"": [], ""<class 'abc.NT_0000_P_00001'>"": [], ""<class 'abc.NT_0002_P_00001'>"": [], ""<class 'abc.NT_0002_P_00002'>"": [], ""<class 'abc.NT_0006_P_00002'>"": [], ""<class 'abc.NT_0007'>"": [1, 0, 1, 2, 87885, 72251, 55074], ""<class 'abc.NT_0007_P_00000'>"": [], ""<class 'abc.NT_0007_P_00001'>"": [], ""<class 'abc.NT_0007_P_00002'>"": [], ""<class 'abc.NT_0004'>"": [1, 1, 77639, 2, 1, 2, 63194, 90154], ""<class 'abc.NT_0004_P_00000'>"": [], ""<class 'abc.NT_0003'>"": [10039, 1, 0, 1, 98974, 61725, 72592, 35725, 7660, 79112], ""<class 'abc.NT_0003_P_00000'>"": [], ""<class 'abc.NT_0003_P_00001'>"": [], ""<class 'abc.NT_0003_P_00002'>"": [], ""<class 'abc.NT_0003_P_00003'>"": [], ""<class 'abc.NT_0004_P_00001'>"": [], ""<class 'abc.NT_0004_P_00002'>"": [], ""<class 'abc.NT_0009'>"": [3, 0, 1, 1, 0, 45822], ""<class 'abc.NT_0009_P_00000'>"": [], ""<class 'abc.NT_0008'>"": [15828, 0, 83857, 0, 0, 0, 17129], ""<class 'abc.NT_0008_P_00000'>"": [], ""<class 'abc.NT_0009_P_00001'>"": [], ""<class 'abc.NT_0009_P_00002'>"": [], ""<class 'abc.NT_0009_P_00003'>"": [], ""<class 'abc.NT_0010_P_00001'>"": [], ""<class 'abc.NT_0010_P_00002'>"": [], ""<class 'abc.NT_0017_P_00001'>"": [], ""<class 'abc.NT_0012'>"": [0, 0, 27606, 0, 0, 65962], ""<class 'abc.NT_0012_P_00000'>"": [], ""<class 'abc.NT_0012_P_00001'>"": [], ""<class 'abc.NT_0017_P_00002'>"": [], ""<class 'abc.NT_0013'>"": [], ""<class 'abc.NT_0013_P_00000'>"": [], ""<class 'abc.NT_0011'>"": [0, 94522], ""<class 'abc.NT_0011_P_00000'>"": [], ""<class 'abc.NT_0011_P_00001'>"": [], ""<class 'abc.NT_0011_P_00002'>"": [], ""<class 'abc.NT_0013_P_00001'>"": [], ""<class 'abc.NT_0013_P_00002'>"": [], ""<class 'abc.NT_0017_P_00003'>"": [], ""<class 'abc.NT_0016'>"": [0, 20070], ""<class 'abc.NT_0016_P_00000'>"": [], ""<class 'abc.NT_0016_P_00001'>"": [], ""<class 'abc.NT_0016_P_00002'>"": [], '$leftovers': [41937, 82055, 41802, 80929, 37572, 24235, 1002, 66268, 87311, 99058, 42897, 54099, 4751, 39061, 38658, 18856, 32793, 32020, 84694, 43326, 66351, 11593, 16559, 82179, 29701, 14785, 63931, 19995, 86098, 88506, 88906, 98218, 57143, 64899, 75531, 17691, 63845, 68413, 76826, 30524, 48607, 6718, 24768, 14247, 23842, 98884, 92372, 55279, 40315, 43705, 6728, 53868, 34432, 73753, 89438, 79733, 83929, 38685, 35410, 5343, 16823, 35888, 70000, 12879, 27426, 44726, 95438, 53746, 11554, 35563, 36846, 46156, 65002, 72433, 85297, 12477, 3511, 72425, 53166, 5796, 30717, 45518, 76561, 21526, 65748, 18017, 64172, 9175, 16724, 51276, 1749, 5687, 47923, 68260, 48548, 94393, 55323, 76604, 84009, 54574, 8798, 35733, 67233, 4198, 56844, 12629, 29196, 81671, 71295, 84963, 73193, 37662, 77918, 40265, 71387, 2776, 72056, 79890, 24380, 6524, 11920, 82004, 80554, 7771, 51485, 29874, 64851, 32118, 68660, 22646, 40503, 29950, 45632, 59339, 63591, 66553, 79195, 90039, 8891, 94412, 82595, 43578, 41060, 60184, 28053, 84947, 77614, 38864, 91374, 58545, 50015, 19960, 7381, 78763, 85070, 21507, 19025, 51930, 32629, 45143, 39756, 26052, 37388, 90108, 9391, 53674, 16962, 24269, 95106, 99931, 56381, 37781, 12365, 84199, 30949, 74271, 916, 85830, 97679, 18102, 478, 75886, 30302, 21977, 90537, 30063, 19357, 81788, 35261, 14719, 66114, 20921, 20240, 5992, 58367, 9680, 68600, 85141, 46379, 54808, 83564, 47005, 66549, 22371, 91024, 89979, 20226, 63714, 58641, 45142, 46907, 57602, 15144, 97990, 7439, 11158, 59469, 11328, 80659, 5962, 25695, 77537, 11892, 91592, 56748, 38581, 37353, 71743, 70419, 27563, 8343, 51963, 16605, 94638, 42057, 61173, 28541, 41743, 60295, 49767, 73628, 41163, 91833, 78182, 82565, 25215, 96862, 76058, 44249, 82715, 20979, 71376, 27708, 78050, 40085, 30494, 46076, 48158, 98017, 59418, 77712, 4502, 58514, 86759, 30136, 53692, 84446, 34409, 6828, 35370, 50950, 51945, 59877, 55822, 81173, 57512, 24080, 92189, 34559, 32530, 48867, 64932, 44, 85888, 8300, 92843, 6844, 39222, 76898, 88754, 22876, 38074, 43299, 88699, 81654, 61902, 89999, 13497, 66668, 7338, 74096, 38397, 11013, 98336, 40480, 33892, 63626, 49088, 71312, 23172, 10803, 62392, 24917, 67254, 58009, 81336, 59457, 73844, 95696, 6506, 27308, 70695, 56701, 13067, 41613, 72662, 53528, 75491, 42519, 81780, 31754, 13856, 88917, 96452, 41223, 89774, 10407, 31336, 50783, 20291, 5997, 7069, 31395, 24625, 6189, 56620, 24762, 84988, 68874, 85812, 41091, 24302, 77112, 35149, 22780, 53184, 18627, 57549, 17465, 63612, 87939, 6980, 60883, 29814, 87238, 14952, 60779, 86760, 61062, 30267, 24445, 56989, 27229, 82900, 90023, 57786, 63779, 40235, 86679, 51776, 22058, 63483, 39593, 41554, 8133, 95503, 6716, 25867, 90267, 22987, 39665, 98545, 93605, 1747, 78248, 27473, 33109, 26918, 82634, 51318, 80099, 73743, 12182, 94300, 46775, 25047, 68889, 10070, 18361, 65084, 37080, 70960, 83222, 67058, 98067, 22471, 67691, 59607, 67337, 8930, 21238, 46639, 45431, 43153, 96128, 24156, 80501, 82080, 49059, 2091, 12212, 52072, 31681, 90064, 42922, 12694, 63500, 88958, 85424, 60965, 55836, 88426, 54941, 94663, 65220, 71036, 49752, 17451, 53699, 9314, 14619, 3290, 44849, 90564, 91441, 62905, 40530, 5641, 37318, 36823, 31308, 19382, 62343, 86280, 16633, 47566, 15336, 77921, 88788, 50425, 20260, 79556, 59009, 60227, 87434, 40228, 88797, 25912, 98562, 76789, 91824, 52309, 10258, 50738, 95463, 77205, 93493, 68362, 24106, 95689, 49524, 69579, 66348, 75971, 22529, 74132, 89303, 37488, 5127, 63655, 17283, 25796, 52901, 73353, 59242, 58591, 76499, 46764, 96815, 56675, 19904, 86086, 9538, 16381, 25966, 48189, 47295, 50918, 3257, 56486, 10672, 45517, 6977, 66557, 24565, 14166, 47870, 73695, 59021, 61532, 83752, 51246, 6816, 65190, 71364, 98756, 25731, 84141, 78432, 21130, 69362, 52504, 59655, 73856, 97330, 50721, 19705, 54620, 16926, 96429, 24048, 73377, 67355, 15053, 17980, 70735, 35236, 75523, 91241, 23447, 72477, 51156, 95259, 88333, 29494, 67321, 52714, 62917, 99842, 65229, 6617, 44275, 88720, 37853, 8770, 63811, 7507, 89636, 17817, 1558, 85068, 79776, 73733, 11481, 89926, 56682, 49746, 9429, 50818, 45883, 58652, 12423, 26431, 60221, 95661, 73944, 68283, 51044, 69558, 68608, 65135, 29404, 17239, 5514, 47278, 63393, 94877, 23491, 47292, 6877, 19032, 65956, 9732, 97912, 1976, 37613, 34466, 61934, 57269, 53618, 5940, 93510, 52374, 85684, 22266, 86296, 60665, 10810, 9462, 494, 58482, 75247, 71566, 31620, 58819, 97731, 83116, 7767, 83623, 12444, 57312, 49834, 46402, 98377, 30435, 36116, 16443, 25589, 45312, 64514, 37426, 76200, 11178, 7488, 18610, 92099, 97566, 6854, 33656, 17686, 10866, 73697, 81050, 12312, 6505, 95303, 61521, 72092, 94259, 32683, 45746, 77187, 88803, 39457, 40047, 95729, 22380, 62708, 14355, 83408, 29714, 50213, 24600, 63055, 94787, 52488, 53820, 72502, 35142, 82539, 36201, 83535, 70150, 4544, 53013, 91532, 98794, 75749, 37723, 24569, 90322, 279, 84293, 85419, 53204, 7321, 22724, 95538, 85836, 2877, 93721, 73981, 40836, 90505, 94370, 88415, 37372, 69317, 25860, 4116, 35759, 84385, 33447, 84816, 12456, 31068, 57878, 18743, 27118, 55146, 45045, 76854, 36409, 49423, 25447, 28432, 61176, 34319, 67878, 7127, 41048, 27399, 57337, 84290, 2409, 69039, 23729, 7494, 36747, 48478, 38848, 42755, 293, 91046, 40498, 48156, 87860, 19957, 4960, 74844, 19836, 92291, 57801, 90081, 88664, 17768, 78881, 47919, 71822, 34413, 1930, 46778, 88873, 89253, 43012, 48581, 9353, 85645, 13891, 48249, 50115, 66199, 3386, 20854, 99932, 28051, 71692, 93909, 74084, 74671, 89896, 50523, 88742, 12398, 72247, 55742, 51721, 34827, 36846, 62982, 39419, 78439, 9343, 48468, 84544, 39864, 76167, 43812, 71247, 20757, 1762, 41180, 27413, 60564, 22669, 82173, 16704, 46485, 72310, 26823, 41298, 58642, 32787, 90874, 58140, 56784, 29999, 8759, 96835, 78050, 41544, 1255, 17455, 33878, 64547, 58966, 82332, 5215, 48306, 8922, 24655, 4697, 70882, 84900, 82562, 62735, 34434, 73303, 61588, 35094, 68503, 41162, 54916, 58190, 12626, 60530, 22534, 77445, 84110, 41705, 60129, 60275, 26541, 44213, 1777, 13370, 3088, 42025, 39125, 6806, 57675, 48434, 98242, 36838, 43086, 11553, 17088, 22108, 72325, 25128, 87991, 65587, 14862, 36451, 44287, 9734, 15759, 72468, 61485, 14174, 26892, 64268, 19975, 5444, 33247, 50382, 76845, 87224, 36256, 66890, 95968, 72639, 77038, 43204, 39754, 36312, 74369, 96758, 27679, 249, 98284, 44817, 61235, 55085, 9992, 27298, 25783, 69424, 39622, 26481, 58524, 35109, 38014, 50849, 43262, 70599, 1236, 29822, 19493, 40976, 26562, 7919, 16019, 11304, 44960, 68766, 47516, 55933, 93459, 51964, 80457, 87397, 77661, 10867, 13339, 38927, 67085, 83000, 91594, 70221, 32812, 41638, 39247, 63161, 56481, 85947, 619, 54521, 29223, 59027, 34890, 77305, 79995, 54866, 56578, 59831, 16991, 48800, 12168, 58544, 42596, 87951, 65721, 11198, 23052, 15984, 12347, 45822, 1513, 17129, 34479, 87885, 87506, 81928, 20343, 45290, 20189, 98974, 29926, 61725, 72592, 35725, 72251, 55074, 7660, 24694, 13707, 7777, 43103, 79112]})"
558.0,9,164,100,63.96457767486572,10696,"Genotype(dna={""<class 'abc.NT_0017'>"": [1, 23052], ""<class 'abc.NT_0017_P_00000'>"": [], ""<class 'abc.NT_0005'>"": [0, 0, 35544, 1, 0, 1, 24422, 1, 1, 1513, 13707, 7777, 43103], ""<class 'abc.NT_0005_P_00000'>"": [], ""<class 'abc.NT_0005_P_00001'>"": [], ""<class 'bool'>"": [50833, 28611, 95173, 92596, 84996, 15299, 84608, 73218, 73704, 53577, 54127, 73580, 61648, 63455, 34182, 28379, 9832, 69766, 27025, 9321, 39372, 40559, 45589, 21512, 9991, 31131, 22379, 82972, 66879, 7070, 87492, 33083, 92916, 1233, 89415, 28350, 54741, 51276, 16414, 74832, 4355, 87209, 57305, 93042, 23231, 67903, 93745, 31960, 29422, 28659, 99170, 40455, 13273, 92051, 14178, 78998, 45259, 78698, 95977, 93014, 83753, 21951, 16043, 13772, 66730, 10736, 57934, 29081, 62948, 99869, 41968, 82469, 93064, 59471, 51253, 67704, 97811, 82022, 87389, 59617, 67283, 63422, 70186, 58801, 23472, 68171, 46787, 87700, 86179, 38104, 2384, 90063, 6576, 80132, 98840, 65605, 74894, 53809, 99733, 89043, 84198, 62780, 94716, 23035, 32450, 31489, 41399, 87765, 69122, 99723, 54018, 92501, 39572, 89999, 58379, 67238, 50112, 90146, 55533, 46837, 57815, 68681, 79206, 32534, 3130, 58659, 69605, 82887, 74526, 5911, 58400, 62789, 48677, 31474, 44702, 39368, 40140, 19876, 33772, 86631, 58194, 70508], ""<class 'int'>"": [88091, 54758, 80960, 4147, 58985, 98835, 33177, 12380, 43928, 18156, 46293, 82997, 26546, 21931, 20632, 91665, 69275, 46303, 61738, 80613, 63967, 92163, 79154, 79668, 18313, 6071, 50712, 91463, 54716, 33220, 52575, 78591, 28324, 24851, 385, 86434, 6594, 95864, 4088, 31907, 5028, 70908, 60125, 88976, 64506, 45119, 63026, 18677, 76141, 62129, 40973, 74468, 90479, 50241, 61828, 14495, 64587, 47259, 69389, 59226, 21182, 99643, 3451, 67066, 55205, 22485, 89443, 19030, 10288, 23574, 78426, 55280, 17305, 68878, 94325, 9074, 35370, 56456, 95300, 73961, 59051, 835, 21640, 2744, 30054, 96306, 55542, 57066, 65643, 97962, 97088, 62680, 24967, 56005, 85155, 81002, 48234, 28842, 92105, 38714, 65511, 82476, 73240, 25988, 68682, 4749, 1059, 85277, 54664, 55169, 72830, 29209, 32377, 56597, 43815, 46740, 16019, 36704, 91606, 3697, 42934, 87720, 75207, 56054, 59737, 79252, 96186, 60558, 8582, 3209, 7798, 18736, 20655, 95860, 60671, 36386, 88318, 80757, 49888, 58523, 36742, 48071, 76427, 91397, 47115, 74907, 19807, 19166, 48854, 4778, 9526, 30084, 70329, 29929, 24152, 98179, 6661, 59360, 47157, 52018, 24734, 716, 46264, 89982, 86072, 78100, 64619, 77321], ""<class 'abc.NT_0010'>"": [0, 0, 1, 53054], ""<class 'abc.NT_0010_P_00000'>"": [], ""<class 'abc.NT_0006'>"": [2, 2, 0, 1, 1302, 1892], ""<class 'abc.NT_0006_P_00000'>"": [], ""<class 'abc.NT_0006_P_00001'>"": [], ""<class 'abc.NT_0002'>"": [1, 1, 2, 1, 1, 1, 1, 0, 2, 1, 41818, 0, 2, 0, 1, 0, 2, 1, 53720, 1, 0, 0, 69722, 1, 8713, 0, 0, 2, 0, 0, 0, 2, 1, 64800, 99864], ""<class 'abc.NT_0002_P_00000'>"": [], ""<class 'abc.NT_0001'>"": [1, 1, 1, 0, 0, 0, 0, 1, 1, 1, 1, 0, 1, 16227, 1, 1, 1, 1, 0, 0, 10290, 0, 0, 0, 0, 0, 1, 40887, 0, 0, 0, 0, 0, 0, 0, 0, 0, 1, 97005, 0, 0, 0, 76558, 0, 0, 0, 1, 0, 0, 26591, 1, 1, 1, 0, 1, 0, 90457, 45290], ""<class 'abc.NT_0001_P_00000'>"": [], ""<class 'abc.NT_0001_P_00001'>"": [], ""<class 'abc.NT_0000'>"": [0, 1, 1, 94528, 1, 0, 1, 1, 31647, 1, 1, 80324, 0, 0, 75412, 1, 69944, 1, 0, 0, 0, 1, 0, 0, 0, 1, 1, 0, 1, 3483, 1, 0, 42401, 0, 0, 0, 0, 54668, 66557, 1, 0, 1, 1, 0, 0, 21028, 54540, 1, 5444, 3614, 1, 0, 0, 0, 0, 0, 71485, 1, 0, 0, 0, 0, 1, 20343], ""<class 'abc.NT_0000_P_00000'>"": [], ""<class 'abc.NT_0000_P_00001'>"": [], ""<class 'abc.NT_0002_P_00001'>"": [], ""<class 'abc.NT_0002_P_00002'>"": [], ""<class 'abc.NT_0006_P_00002'>"": [], ""<class 'abc.NT_0007'>"": [1, 0, 1, 2, 87885, 72251, 55074], ""<class 'abc.NT_0007_P_00000'>"": [], ""<class 'abc.NT_0007_P_00001'>"": [], ""<class 'abc.NT_0007_P_00002'>"": [], ""<class 'abc.NT_0004'>"": [1, 1, 77639, 2, 1, 2, 63194, 90154], ""<class 'abc.NT_0004_P_00000'>"": [], ""<class 'abc.NT_0003'>"": [10039, 1, 0, 1, 98974, 61725, 72592, 35725, 7660, 79112], ""<class 'abc.NT_0003_P_00000'>"": [], ""<class 'abc.NT_0003_P_00001'>"": [], ""<class 'abc.NT_0003_P_00002'>"": [], ""<class 'abc.NT_0003_P_00003'>"": [], ""<class 'abc.NT_0004_P_00001'>"": [], ""<class 'abc.NT_0004_P_00002'>"": [], ""<class 'abc.NT_0009'>"": [3, 0, 1, 1, 0, 45822], ""<class 'abc.NT_0009_P_00000'>"": [], ""<class 'abc.NT_0008'>"": [15828, 0, 83857, 0, 0, 0, 17129], ""<class 'abc.NT_0008_P_00000'>"": [], ""<class 'abc.NT_0009_P_00001'>"": [], ""<class 'abc.NT_0009_P_00002'>"": [], ""<class 'abc.NT_0009_P_00003'>"": [], ""<class 'abc.NT_0010_P_00001'>"": [], ""<class 'abc.NT_0010_P_00002'>"": [], ""<class 'abc.NT_0017_P_00001'>"": [], ""<class 'abc.NT_0012'>"": [0, 0, 27606, 0, 0, 65962], ""<class 'abc.NT_0012_P_00000'>"": [], ""<class 'abc.NT_0012_P_00001'>"": [], ""<class 'abc.NT_0017_P_00002'>"": [], ""<class 'abc.NT_0013'>"": [], ""<class 'abc.NT_0013_P_00000'>"": [], ""<class 'abc.NT_0011'>"": [0, 94522], ""<class 'abc.NT_0011_P_00000'>"": [], ""<class 'abc.NT_0011_P_00001'>"": [], ""<class 'abc.NT_0011_P_00002'>"": [], ""<class 'abc.NT_0013_P_00001'>"": [], ""<class 'abc.NT_0013_P_00002'>"": [], ""<class 'abc.NT_0017_P_00003'>"": [], ""<class 'abc.NT_0016'>"": [0, 20070], ""<class 'abc.NT_0016_P_00000'>"": [], ""<class 'abc.NT_0016_P_00001'>"": [], ""<class 'abc.NT_0016_P_00002'>"": [], '$leftovers': [41937, 82055, 41802, 80929, 37572, 24235, 1002, 66268, 87311, 99058, 42897, 54099, 4751, 39061, 38658, 18856, 32793, 32020, 84694, 43326, 66351, 11593, 16559, 82179, 29701, 14785, 63931, 19995, 86098, 88506, 88906, 98218, 57143, 64899, 75531, 17691, 63845, 68413, 76826, 30524, 48607, 6718, 24768, 14247, 23842, 98884, 92372, 55279, 40315, 43705, 6728, 53868, 34432, 73753, 89438, 79733, 83929, 38685, 35410, 5343, 16823, 35888, 70000, 12879, 27426, 44726, 95438, 53746, 11554, 35563, 36846, 46156, 65002, 72433, 85297, 12477, 3511, 72425, 53166, 5796, 30717, 45518, 76561, 21526, 65748, 18017, 64172, 9175, 16724, 51276, 1749, 5687, 47923, 68260, 48548, 94393, 55323, 76604, 84009, 54574, 8798, 35733, 67233, 4198, 56844, 12629, 29196, 81671, 71295, 84963, 73193, 37662, 77918, 40265, 71387, 2776, 72056, 79890, 24380, 6524, 11920, 82004, 80554, 7771, 51485, 29874, 64851, 32118, 68660, 22646, 40503, 29950, 45632, 59339, 63591, 66553, 79195, 90039, 8891, 94412, 82595, 43578, 41060, 60184, 28053, 84947, 77614, 38864, 91374, 58545, 50015, 19960, 7381, 78763, 85070, 21507, 19025, 51930, 32629, 45143, 39756, 26052, 37388, 90108, 9391, 53674, 16962, 24269, 95106, 99931, 56381, 37781, 12365, 84199, 30949, 74271, 916, 85830, 97679, 18102, 478, 75886, 30302, 21977, 90537, 30063, 19357, 81788, 35261, 14719, 66114, 20921, 20240, 5992, 58367, 9680, 68600, 85141, 46379, 54808, 83564, 47005, 66549, 22371, 91024, 89979, 20226, 63714, 58641, 45142, 46907, 57602, 15144, 97990, 7439, 11158, 59469, 11328, 80659, 5962, 25695, 77537, 11892, 91592, 56748, 38581, 37353, 71743, 70419, 27563, 8343, 51963, 16605, 94638, 42057, 61173, 28541, 41743, 60295, 49767, 73628, 41163, 91833, 78182, 82565, 25215, 96862, 76058, 44249, 82715, 20979, 71376, 27708, 78050, 40085, 30494, 46076, 48158, 98017, 59418, 77712, 4502, 58514, 86759, 30136, 53692, 84446, 34409, 6828, 35370, 50950, 51945, 59877, 55822, 81173, 57512, 24080, 92189, 34559, 32530, 48867, 64932, 44, 85888, 8300, 92843, 6844, 39222, 76898, 88754, 22876, 38074, 43299, 88699, 81654, 61902, 89999, 13497, 66668, 7338, 74096, 38397, 11013, 98336, 40480, 33892, 63626, 49088, 71312, 23172, 10803, 62392, 24917, 67254, 58009, 81336, 59457, 73844, 95696, 6506, 27308, 70695, 56701, 13067, 41613, 72662, 53528, 75491, 42519, 81780, 31754, 13856, 88917, 96452, 41223, 89774, 10407, 31336, 50783, 20291, 5997, 7069, 31395, 24625, 6189, 56620, 24762, 84988, 68874, 85812, 41091, 24302, 77112, 35149, 22780, 53184, 18627, 57549, 17465, 63612, 87939, 6980, 60883, 29814, 87238, 14952, 60779, 86760, 61062, 30267, 24445, 56989, 27229, 82900, 90023, 57786, 63779, 40235, 86679, 51776, 22058, 63483, 39593, 41554, 8133, 95503, 6716, 25867, 90267, 22987, 39665, 98545, 93605, 1747, 78248, 27473, 33109, 26918, 82634, 51318, 80099, 73743, 12182, 94300, 46775, 25047, 68889, 10070, 18361, 65084, 37080, 70960, 83222, 67058, 98067, 22471, 67691, 59607, 67337, 8930, 21238, 46639, 45431, 43153, 96128, 24156, 80501, 82080, 49059, 2091, 12212, 52072, 31681, 90064, 42922, 12694, 63500, 88958, 85424, 60965, 55836, 88426, 54941, 94663, 65220, 71036, 49752, 17451, 53699, 9314, 14619, 3290, 44849, 90564, 91441, 62905, 40530, 5641, 37318, 36823, 31308, 19382, 62343, 86280, 16633, 47566, 15336, 77921, 88788, 50425, 20260, 79556, 59009, 60227, 87434, 40228, 88797, 25912, 98562, 76789, 91824, 52309, 10258, 50738, 95463, 77205, 93493, 68362, 24106, 95689, 49524, 69579, 66348, 75971, 22529, 74132, 89303, 37488, 5127, 63655, 17283, 25796, 52901, 73353, 59242, 58591, 76499, 46764, 96815, 56675, 19904, 86086, 9538, 16381, 25966, 48189, 47295, 50918, 3257, 56486, 10672, 45517, 6977, 66557, 24565, 14166, 47870, 73695, 59021, 61532, 83752, 51246, 6816, 65190, 71364, 98756, 25731, 84141, 78432, 21130, 69362, 52504, 59655, 73856, 97330, 50721, 19705, 54620, 16926, 96429, 24048, 73377, 67355, 15053, 17980, 70735, 35236, 75523, 91241, 23447, 72477, 51156, 95259, 88333, 29494, 67321, 52714, 62917, 99842, 65229, 6617, 44275, 88720, 37853, 8770, 63811, 7507, 89636, 17817, 1558, 85068, 79776, 73733, 11481, 89926, 56682, 49746, 9429, 50818, 45883, 58652, 12423, 26431, 60221, 95661, 73944, 68283, 51044, 69558, 68608, 65135, 29404, 17239, 5514, 47278, 63393, 94877, 23491, 47292, 6877, 19032, 65956, 9732, 97912, 1976, 37613, 34466, 61934, 57269, 53618, 5940, 93510, 52374, 85684, 22266, 86296, 60665, 10810, 9462, 494, 58482, 75247, 71566, 31620, 58819, 97731, 83116, 7767, 83623, 12444, 57312, 49834, 46402, 98377, 30435, 36116, 16443, 25589, 45312, 64514, 37426, 76200, 11178, 7488, 18610, 92099, 97566, 6854, 33656, 17686, 10866, 73697, 81050, 12312, 6505, 95303, 61521, 72092, 94259, 32683, 45746, 77187, 88803, 39457, 40047, 95729, 22380, 62708, 14355, 83408, 29714, 50213, 24600, 63055, 94787, 52488, 53820, 72502, 35142, 82539, 36201, 83535, 70150, 4544, 53013, 91532, 98794, 75749, 37723, 24569, 90322, 279, 84293, 85419, 53204, 7321, 22724, 95538, 85836, 2877, 93721, 73981, 40836, 90505, 94370, 88415, 37372, 69317, 25860, 4116, 35759, 84385, 33447, 84816, 12456, 31068, 57878, 18743, 27118, 55146, 45045, 76854, 36409, 49423, 25447, 28432, 61176, 34319, 67878, 7127, 41048, 27399, 57337, 84290, 2409, 69039, 23729, 7494, 36747, 48478, 38848, 42755, 293, 91046, 40498, 48156, 87860, 19957, 4960, 74844, 19836, 92291, 57801, 90081, 88664, 17768, 78881, 47919, 71822, 34413, 1930, 46778, 88873, 89253, 43012, 48581, 9353, 85645, 13891, 48249, 50115, 66199, 3386, 20854, 99932, 28051, 71692, 93909, 74084, 74671, 89896, 50523, 88742, 12398, 72247, 55742, 51721, 34827, 36846, 62982, 39419, 78439, 9343, 48468, 84544, 39864, 76167, 43812, 71247, 20757, 1762, 41180, 27413, 60564, 22669, 82173, 16704, 46485, 72310, 26823, 41298, 58642, 32787, 90874, 58140, 56784, 29999, 8759, 96835, 78050, 41544, 1255, 17455, 33878, 64547, 58966, 82332, 5215, 48306, 8922, 24655, 4697, 70882, 84900, 82562, 62735, 34434, 73303, 61588, 35094, 68503, 41162, 54916, 58190, 12626, 60530, 22534, 77445, 84110, 41705, 60129, 60275, 26541, 44213, 1777, 13370, 3088, 42025, 39125, 6806, 57675, 48434, 98242, 36838, 43086, 11553, 17088, 22108, 72325, 25128, 87991, 65587, 14862, 36451, 44287, 9734, 15759, 72468, 61485, 14174, 26892, 64268, 19975, 5444, 33247, 50382, 76845, 87224, 36256, 66890, 95968, 72639, 77038, 43204, 39754, 36312, 74369, 96758, 27679, 249, 98284, 44817, 61235, 55085, 9992, 27298, 25783, 69424, 39622, 26481, 58524, 35109, 38014, 50849, 43262, 70599, 1236, 29822, 19493, 40976, 26562, 7919, 16019, 11304, 44960, 68766, 47516, 55933, 93459, 51964, 80457, 87397, 77661, 10867, 13339, 38927, 67085, 83000, 91594, 70221, 32812, 41638, 39247, 63161, 56481, 85947, 619, 54521, 29223, 59027, 34890, 77305, 79995, 54866, 56578, 59831, 16991, 48800, 12168, 58544, 42596, 87951, 65721, 11198, 23052, 15984, 12347, 45822, 1513, 17129, 34479, 87885, 87506, 81928, 20343, 45290, 20189, 98974, 29926, 61725, 72592, 35725, 72251, 55074, 7660, 24694, 13707, 7777, 43103, 79112]})"
