Fitness,Depth,Nodes,Generations,time_since_the_start_of_the_evolution,seed,genotype_as_str
0.0,2,2,1,0.1617598533630371,20022,"Genotype(dna={""<class 'abc.NT_0013'>"": [0, 34836], ""<class 'abc.NT_0013_P_00000'>"": [], ""<class 'abc.NT_0001'>"": [0, 599], ""<class 'abc.NT_0001_P_00000'>"": [], ""<class 'int'>"": [38368, 57586], '$leftovers': [71107, 61582, 55258, 66995, 17910, 92643, 37706, 14776, 771, 52142, 58974, 68158, 9598, 44584, 96351, 31345, 42, 60467, 2637, 5364, 96575, 99096, 59273, 88119, 61381, 58104, 75092, 10195, 15912, 20923, 31246, 53358, 54280, 17005, 35299, 62369, 56126, 88899, 15359, 47420, 88894, 58813, 16483, 88430, 69053, 69659, 65818, 52905, 47642, 22937, 27703, 75928, 20696, 89463, 93004, 62531, 45807, 73084, 46854, 36810, 85009, 71366, 21530, 47711, 4617, 74195, 98174, 15057, 99911, 89825, 59236, 24568, 58238, 80490, 53582, 57349, 22036, 61574, 66244, 60184, 38596, 56697, 51505, 69737, 87544, 97397, 49778, 63228, 80922, 2087, 18420, 40859, 49820, 76270, 30773, 46975, 10709, 39591, 99699, 27634, 53443, 57396, 98951, 13646, 8169, 263, 83724, 37532, 972, 39580, 51608, 62529, 84676, 53373, 5763, 67825, 8405, 65651, 21464, 914, 2249, 69568, 76190, 15486, 82050, 64929, 8455, 56363, 84598, 11251, 62190, 31577, 56641, 40156, 71868, 49848, 87737, 77628, 38381, 15577, 53833, 66126, 45167, 8548, 91373, 60526, 38926, 23290, 27686, 1958, 78912, 73490, 19317, 66890, 140, 29792, 7414, 92353, 18577, 1432, 2617, 69077, 18864, 5340, 48772, 26005, 79877, 65521, 59870, 34737, 79723, 85617, 75193, 73861, 75162, 80584, 81930, 6447, 80046, 6541, 66908, 51228, 96897, 87764, 8017, 62040, 96652, 29205, 13893, 74676, 14555, 45222, 96932, 79786, 78989, 70123, 18793, 54878, 39491, 24776, 1528, 41176, 47093, 37425, 52250, 89775, 68794, 1527, 12465, 13906, 67446, 65954, 32179, 97533, 26310, 31472, 26681, 87334, 32339, 71910, 89073, 82606, 74953, 18081, 9987, 83933, 7175, 99191, 72325, 69453, 94088, 85215, 91859, 25017, 83593, 91537, 93166, 12154, 88019, 53310, 58204, 53853, 90308, 57654, 66451, 69363, 16502, 90536, 59941, 1387, 15506, 17386, 363, 14042, 16203, 3069, 25407, 33357, 5458, 80697, 52222, 70549, 42133, 20154, 27508, 23774, 92313, 43839, 12272, 16802, 25976, 73869, 8336, 30495, 85730, 68043, 67059, 74905, 95317, 62454, 66157, 89519, 72464, 50026, 29596, 25825, 58836, 96326, 37148, 84428, 82102, 99387, 68260, 97350, 80148, 57129, 1110, 87996, 79029, 375, 46538, 8542, 68705, 56170, 36637, 45688, 11458, 91167, 91526, 23192, 23255, 81349, 32001, 94626, 91325, 1675, 97988, 39066, 19933, 70695, 71629, 1679, 57290, 45615, 31242, 90997, 60029, 16841, 3940, 17859, 29671, 5435, 32887, 58705, 64461, 97305, 87203, 12666, 4345, 16786, 88486, 23512, 61907, 75204, 51821, 96991, 6075, 56942, 44288, 28233, 41589, 13946, 35934, 27052, 34866, 48666, 66923, 39766, 78520, 26446, 64604, 69583, 29751, 99743, 27373, 24345, 69180, 74049, 6025, 98620, 17382, 43081, 38540, 90100, 64692, 21490, 93230, 51740, 16696, 40739, 91977, 73712, 20487, 19845, 89390, 99543, 19114, 46112, 28977, 17514, 90472, 65557, 90249, 23664, 51669, 22784, 44402, 21257, 18622, 32477, 80282, 61809, 76265, 56210, 91860, 45529, 68428, 54087, 60142, 52923, 54541, 68251, 86453, 22350, 52284, 84314, 10220, 16037, 37075, 78972, 73081, 19398, 85635, 57040, 45006, 10115, 69587, 46333, 45564, 35251, 10126, 2391, 34476, 48989, 20510, 50302, 96856, 55378, 59235, 89811, 15663, 28739, 92556, 56055, 60282, 99393, 71152, 60301, 9409, 96644, 31370, 94769, 68105, 56171, 94188, 47292, 87482, 62849, 55836, 15336, 22978, 7128, 68843, 37345, 66770, 11364, 78003, 59559, 14217, 32779, 51970, 87554, 3914, 43363, 87434, 71289, 69159, 67279, 37446, 50606, 11567, 63387, 62639, 64165, 82387, 61513, 46749, 98467, 68728, 91691, 67784, 14466, 68262, 41493, 42109, 55926, 95187, 93751, 59397, 40111, 86214, 70731, 23587, 52566, 49217, 92297, 43064, 54855, 89433, 30905, 45407, 32084, 23276, 26096, 14727, 55850, 18570, 10200, 50332, 4733, 6939, 99094, 76742, 45875, 21206, 99427, 48629, 59834, 61326, 65845, 61049, 82121, 15813, 87451, 46930, 33604, 28836, 23862, 49977, 3606, 83433, 59802, 25044, 82084, 47644, 55537, 53116, 33038, 30934, 30029, 84794, 82494, 3119, 47657, 3586, 30083, 87797, 84895, 91551, 99818, 76777, 75290, 54883, 63587, 75216, 12501, 7015, 84514, 23611, 84066, 99553, 78770, 67217, 98359, 13263, 9471, 13504, 97195, 75422, 27429, 69119, 9977, 74158, 24477, 52440, 61893, 44648, 90084, 79863, 4075, 22663, 10561, 38208, 76951, 98328, 23005, 9244, 13635, 56454, 31427, 79773, 41482, 64342, 74981, 21385, 54878, 35404, 51536, 83088, 59338, 96841, 74994, 40166, 30927, 33007, 68653, 57592, 57612, 71688, 38366, 49234, 3807, 2493, 7050, 777, 22248, 94312, 14490, 7520, 75850, 28741, 75181, 67762, 41824, 4324, 94234, 43149, 69996, 50556, 81695, 11891, 25853, 29648, 87625, 80396, 79686, 76337, 20374, 3090, 50332, 24317, 16822, 96820, 35713, 20850, 98191, 64451, 92130, 62640, 12368, 54015, 25786, 65470, 60109, 47060, 35222, 79058, 28305, 69877, 51533, 55392, 78793, 82324, 90174, 85160, 43021, 91309, 97365, 57632, 91016, 99573, 86879, 39024, 70729, 29253, 15474, 93730, 47463, 82559, 4246, 46259, 85254, 69668, 97852, 37618, 43638, 52905, 13076, 69203, 69015, 17471, 63157, 26200, 71713, 12930, 72884, 61728, 75112, 10885, 31223, 54841, 45122, 1262, 63528, 72257, 61674, 73229, 97448, 75659, 60672, 87225, 76032, 7286, 51832, 47476, 99489, 85345, 81032, 88091, 93066, 93641, 25516, 20930, 58331, 46701, 53193, 43648, 97974, 43020, 38720, 22615, 1909, 20035, 55715, 57087, 64108, 56529, 81117, 14313, 14864, 98513, 59328, 23128, 3195, 23432, 20817, 59963, 39549, 772, 23867, 76685, 7015, 48522, 60921, 74045, 20608, 58463, 33185, 27773, 176, 94023, 45654, 81314, 48371, 22593, 76661, 67175, 67140, 78931, 20783, 35197, 29679, 25764, 6011, 20475, 71878, 87193, 37538, 86817, 33852, 78311, 5605, 78920, 62498, 31379, 50315, 74949, 30300, 71046, 79400, 43865, 30003, 62116, 25785, 38726, 30435, 60124, 1483, 1321, 50504, 72503, 29696, 96244, 90788, 72153, 38985, 1235, 21442, 72549, 18305, 59089, 34484, 4141, 83264, 33340, 34979, 9986, 15221, 51844, 34042, 35642, 2416, 32315, 53624, 56957, 87151, 48175, 19289, 82848, 29334, 79050, 59114, 13485, 92272, 38095, 21624, 60461, 3260, 74535, 52164, 55419, 45635, 82855, 49102, 6274, 18722, 89770, 99761, 70001, 51182, 74987, 1517, 89620, 97373, 61756, 34792, 93172, 24818, 8909, 76057, 59987, 77363, 21203, 87374, 33694, 18595, 47172, 47361, 60826, 29519, 7093, 90285, 84502, 13133, 48635, 75209, 94767, 19742, 736, 24996, 17462, 50248, 33217, 59219, 8145, 56253, 73980, 89409, 254, 37792, 89034, 72027, 97874, 87595, 89522, 9600, 89038, 58954, 86550, 55743, 37309, 76839, 7904, 89858, 30771, 65047, 34350, 34122, 45770, 92550, 59513, 88847, 42175, 84949, 27646, 9422, 4125, 83970, 461, 73971, 47801, 52072, 27090, 79993, 32310, 43808, 26353, 1877, 47222, 45433, 18650, 34006, 14023, 4126, 48799, 46519, 42585, 4369, 39473, 36938, 75357, 46099, 64803, 67636, 14480, 80810, 19871, 96346, 12726, 24860, 99334, 90237, 19658, 25332, 60887, 7479, 94126, 32272, 2559, 98520, 17587, 26481, 81863, 43120, 90346, 73806, 21138, 65623, 72604, 18350, 79654, 27151, 85376, 27565, 82151, 96850, 33282, 1947, 64507, 70899, 6059, 47361, 66935, 67124, 22710, 77392, 15569, 34836, 599, 57586]})"
