Fitness,Depth,Nodes,Generations,time_since_the_start_of_the_evolution,seed,genotype_as_str
174.0,3,12,1,1.55342698097229,418,"Genotype(dna={""<class 'abc.NT_0012'>"": [0, 89047], ""<class 'abc.NT_0012_P_00000'>"": [], ""<class 'abc.NT_0007'>"": [0, 0, 90388], ""<class 'abc.NT_0007_P_00000'>"": [], ""<class 'abc.NT_0002'>"": [0, 0, 46831], ""<class 'abc.NT_0002_P_00000'>"": [], ""<class 'abc.NT_0000'>"": [0, 0, 0, 0, 0, 0, 0, 0, 81143], ""<class 'abc.NT_0000_P_00000'>"": [], ""<class 'abc.NT_0001'>"": [0, 0, 0, 0, 36590], ""<class 'abc.NT_0001_P_00000'>"": [], ""<class 'bool'>"": [76792, 97627, 67324, 53494, 30521, 65663], ""<class 'int'>"": [2556, 56872, 66566, 57171, 58219, 39393, 85028], ""<class 'abc.NT_0005'>"": [0, 44301], ""<class 'abc.NT_0005_P_00000'>"": [], ""<class 'abc.NT_0003'>"": [0, 1626], ""<class 'abc.NT_0003_P_00000'>"": [], ""<class 'abc.NT_0004'>"": [0, 75202], ""<class 'abc.NT_0004_P_00000'>"": [], '$leftovers': [33556, 9691, 3344, 55628, 99341, 26580, 34696, 15882, 23994, 79222, 69814, 66946, 27659, 45878, 6597, 40567, 86858, 4281, 25118, 96615, 37622, 96304, 40361, 40499, 67085, 39792, 47022, 65807, 72467, 40950, 19584, 8239, 85201, 30098, 37882, 27262, 31605, 76402, 61818, 33952, 1010, 71383, 43442, 93120, 35214, 32056, 16950, 35011, 78360, 87433, 16226, 71302, 90415, 26779, 76590, 11802, 40747, 42123, 42988, 74999, 66905, 32756, 41754, 59288, 68314, 64690, 29776, 52714, 87710, 31798, 12620, 18887, 34692, 27417, 66847, 11908, 68193, 87007, 1541, 55667, 73070, 86190, 90488, 13337, 21106, 60230, 70680, 45936, 38407, 10248, 21693, 38915, 47006, 60005, 53175, 31853, 95261, 4415, 3121, 24584, 84172, 63449, 1680, 89541, 5152, 37874, 67800, 29082, 92267, 76378, 95997, 73536, 48914, 42028, 97667, 55862, 83635, 10352, 6860, 46607, 13518, 41544, 34479, 61636, 76980, 8996, 45251, 79429, 66826, 87364, 92846, 71521, 61393, 54414, 22165, 35998, 64902, 22839, 8130, 17072, 89977, 35012, 20797, 78396, 8968, 28277, 92016, 18252, 83494, 40605, 77749, 27980, 41608, 32643, 84977, 17464, 29639, 38255, 70826, 19449, 20016, 20890, 77019, 80678, 91484, 32821, 68009, 20355, 1770, 85267, 35101, 93813, 73197, 19547, 53568, 30072, 44456, 8268, 49762, 31516, 31860, 84093, 81742, 78834, 13159, 12878, 85271, 36427, 99567, 66752, 93952, 9114, 28525, 10319, 77783, 26415, 60866, 92234, 49149, 32518, 68424, 71142, 26683, 68923, 24897, 99640, 64233, 45362, 4875, 69066, 35123, 54877, 51684, 38110, 8618, 3873, 91732, 45555, 20821, 82655, 1712, 75023, 61428, 36452, 24428, 77480, 40296, 73776, 93302, 64716, 61497, 68081, 87164, 46630, 40740, 61380, 86161, 37527, 82229, 57191, 90959, 57700, 24650, 39660, 4498, 95363, 51889, 13037, 51556, 4533, 62625, 33651, 47996, 40718, 23700, 6907, 67596, 51476, 96036, 71199, 74382, 29342, 21147, 82654, 74159, 12062, 30268, 51982, 21905, 14349, 9984, 71929, 20512, 26386, 56075, 64653, 66029, 60815, 15106, 29710, 44223, 78685, 63128, 87000, 73727, 67223, 84576, 63719, 1421, 39783, 96481, 8114, 21785, 13506, 86938, 81210, 64662, 45879, 62873, 33916, 83435, 98965, 41642, 19959, 85047, 95315, 32158, 87526, 75076, 41037, 96613, 2861, 50035, 11378, 95636, 46730, 35112, 45801, 21987, 7588, 75548, 87224, 78400, 54315, 1837, 15144, 90168, 55568, 7960, 24559, 24274, 80836, 38760, 29652, 60350, 52626, 10588, 7235, 56667, 9072, 72463, 26764, 66306, 37341, 67499, 95547, 43599, 37193, 13144, 40925, 21372, 43675, 1471, 41663, 48940, 57465, 51008, 75288, 11614, 71025, 87548, 58902, 87874, 66042, 12581, 35941, 88215, 94116, 39436, 82987, 65146, 65613, 67689, 15849, 16052, 60212, 34139, 65222, 40775, 92811, 85960, 71259, 57748, 87364, 91930, 51356, 36259, 72283, 70978, 15270, 85498, 69423, 60415, 16739, 81448, 57318, 23207, 23414, 66040, 78327, 50408, 28596, 72874, 97407, 96466, 86517, 64832, 49477, 3913, 34885, 34378, 6796, 69401, 12138, 23448, 52534, 70842, 70563, 35449, 33205, 50568, 58777, 74190, 47030, 65520, 37786, 53335, 87192, 3281, 29891, 89248, 15047, 36335, 69987, 51559, 16621, 58578, 12201, 82882, 44076, 83845, 6188, 910, 50002, 30190, 46205, 49039, 53754, 19516, 83415, 89087, 90416, 12735, 3692, 91754, 12665, 25816, 35278, 85176, 33527, 74012, 92974, 38537, 1700, 19434, 71681, 5405, 69970, 53175, 49590, 19515, 71350, 95389, 85102, 87026, 13251, 41256, 26847, 20392, 75820, 24923, 99475, 94260, 46946, 41970, 53384, 31117, 69940, 24557, 46134, 32524, 84051, 54774, 96739, 41149, 77562, 41909, 45003, 92686, 22018, 1598, 78408, 45676, 13649, 24623, 68029, 29609, 70446, 79573, 33837, 20086, 70663, 1058, 51139, 14237, 26660, 26784, 59172, 47371, 58972, 60488, 11433, 20487, 77673, 89915, 74075, 50503, 66347, 66988, 74102, 85964, 43551, 75496, 67903, 63097, 14446, 39461, 2276, 25785, 17175, 47841, 68189, 12939, 9694, 58637, 29158, 18417, 1136, 83217, 73406, 77092, 90689, 28732, 31121, 50492, 76706, 6385, 75551, 64894, 53275, 19514, 81981, 63990, 49940, 46986, 18625, 13590, 28791, 44186, 40429, 10668, 42342, 69328, 58872, 7504, 95259, 76865, 44285, 86317, 96309, 31178, 72959, 1881, 9815, 78645, 64725, 3185, 78376, 27295, 31132, 47879, 78230, 30928, 30064, 7130, 67413, 79982, 92607, 43624, 39591, 85262, 74768, 5729, 63439, 69019, 26125, 56834, 221, 48719, 74861, 71621, 37382, 90982, 86360, 30505, 56780, 37460, 56644, 81764, 35139, 72859, 26267, 54146, 12632, 78694, 24490, 8573, 13995, 78376, 7753, 67929, 58008, 52031, 76338, 59110, 59878, 59074, 921, 8828, 46994, 85679, 7904, 20427, 48657, 85763, 44760, 72709, 31274, 77555, 82741, 42640, 88079, 75313, 17061, 68984, 64454, 49959, 59352, 94435, 31181, 95917, 20806, 20021, 5942, 5507, 74848, 29281, 63564, 31373, 76853, 80561, 62123, 35584, 7177, 33041, 50002, 41846, 25198, 63968, 95929, 81948, 6934, 58561, 96733, 37020, 15889, 21039, 99226, 80919, 31633, 20776, 578, 50463, 61827, 46000, 75737, 84906, 78570, 57993, 68096, 94796, 74827, 30317, 17309, 66398, 1836, 34182, 6308, 76902, 65669, 44902, 33257, 90875, 92621, 37448, 59743, 5793, 21761, 1992, 39593, 44719, 27293, 82830, 47232, 13084, 69528, 87814, 23772, 99503, 28514, 47078, 3707, 86371, 5591, 54463, 9266, 12378, 75886, 20411, 29290, 80732, 7497, 53433, 87785, 31843, 43664, 66405, 76965, 63338, 4006, 54163, 31727, 58303, 88044, 33959, 74756, 29756, 37540, 13340, 30032, 48101, 80494, 97136, 9048, 64280, 42249, 96002, 84950, 34531, 68810, 9748, 38225, 93907, 5906, 8020, 60157, 12714, 89652, 90590, 98453, 225, 80719, 55937, 59231, 43532, 2462, 25781, 70171, 88870, 94822, 1343, 7870, 88760, 54401, 79428, 97546, 27351, 23722, 67722, 44079, 65215, 21530, 72703, 74735, 47965, 6976, 21282, 10420, 75077, 23819, 11738, 18241, 36331, 22762, 88517, 71059, 55066, 12831, 35174, 42195, 70126, 36307, 75372, 28928, 79968, 1431, 69310, 52743, 90222, 57430, 2842, 58324, 72402, 80364, 42908, 12888, 12053, 53990, 53784, 80858, 54896, 28071, 96278, 21491, 35453, 94153, 4046, 93080, 58914, 16713, 25667, 817, 49466, 19133, 46041, 66500, 50257, 98081, 31748, 74828, 32533, 84685, 68656, 29597, 17315, 22153, 88517, 8643, 37046, 71248, 50480, 92509, 10668, 11935, 57858, 64585, 91636, 36507, 13371, 53693, 4099, 16216, 57300, 37022, 30335, 18280, 74321, 26912, 95057, 28359, 18256, 97726, 27866, 14233, 21458, 40581, 10024, 21164, 41539, 20223, 97621, 21287, 50871, 65961, 97803, 36533, 57455, 49063, 18581, 99023, 26445, 66884, 9249, 19069, 5275, 2229, 60094, 36590, 99630, 33634, 78680, 73944, 80339, 81264, 43267, 77358, 27680, 74830, 21652, 99280, 14538, 37234, 62987, 42670, 37113, 54163, 99664, 89475, 13122, 40442, 17369, 4544, 83452, 59144, 79420, 40011, 67230, 87209, 97285, 33614, 16892, 84807, 57070, 12530, 58314, 21010, 85217, 94569, 6635, 86246, 5161, 21922, 6031, 9869, 30170, 4372, 73671, 80917, 66215, 20896, 39904, 88068, 2338, 64687, 3540, 8127, 50915, 41166, 89825, 29464, 27811, 98603, 62254, 93393, 90369, 71878, 21815, 7216, 24879, 48662, 89047, 90388, 46831, 36590, 44301, 1626, 65663, 75202, 81143, 85028]})"
174.0,3,12,2,2.299307107925415,418,"Genotype(dna={""<class 'abc.NT_0012'>"": [0, 89047], ""<class 'abc.NT_0012_P_00000'>"": [], ""<class 'abc.NT_0007'>"": [0, 0, 90388], ""<class 'abc.NT_0007_P_00000'>"": [], ""<class 'abc.NT_0002'>"": [0, 0, 46831], ""<class 'abc.NT_0002_P_00000'>"": [], ""<class 'abc.NT_0000'>"": [0, 0, 0, 0, 0, 0, 0, 0, 81143], ""<class 'abc.NT_0000_P_00000'>"": [], ""<class 'abc.NT_0001'>"": [0, 0, 0, 0, 36590], ""<class 'abc.NT_0001_P_00000'>"": [], ""<class 'bool'>"": [76792, 97627, 67324, 53494, 30521, 65663], ""<class 'int'>"": [2556, 56872, 66566, 57171, 58219, 39393, 85028], ""<class 'abc.NT_0005'>"": [0, 44301], ""<class 'abc.NT_0005_P_00000'>"": [], ""<class 'abc.NT_0003'>"": [0, 1626], ""<class 'abc.NT_0003_P_00000'>"": [], ""<class 'abc.NT_0004'>"": [0, 75202], ""<class 'abc.NT_0004_P_00000'>"": [], '$leftovers': [33556, 9691, 3344, 55628, 99341, 26580, 34696, 15882, 23994, 79222, 69814, 66946, 27659, 45878, 6597, 40567, 86858, 4281, 25118, 96615, 37622, 96304, 40361, 40499, 67085, 39792, 47022, 65807, 72467, 40950, 19584, 8239, 85201, 30098, 37882, 27262, 31605, 76402, 61818, 33952, 1010, 71383, 43442, 93120, 35214, 32056, 16950, 35011, 78360, 87433, 16226, 71302, 90415, 26779, 76590, 11802, 40747, 42123, 42988, 74999, 66905, 32756, 41754, 59288, 68314, 64690, 29776, 52714, 87710, 31798, 12620, 18887, 34692, 27417, 66847, 11908, 68193, 87007, 1541, 55667, 73070, 86190, 90488, 13337, 21106, 60230, 70680, 45936, 38407, 10248, 21693, 38915, 47006, 60005, 53175, 31853, 95261, 4415, 3121, 24584, 84172, 63449, 1680, 89541, 5152, 37874, 67800, 29082, 92267, 76378, 95997, 73536, 48914, 42028, 97667, 55862, 83635, 10352, 6860, 46607, 13518, 41544, 34479, 61636, 76980, 8996, 45251, 79429, 66826, 87364, 92846, 71521, 61393, 54414, 22165, 35998, 64902, 22839, 8130, 17072, 89977, 35012, 20797, 78396, 8968, 28277, 92016, 18252, 83494, 40605, 77749, 27980, 41608, 32643, 84977, 17464, 29639, 38255, 70826, 19449, 20016, 20890, 77019, 80678, 91484, 32821, 68009, 20355, 1770, 85267, 35101, 93813, 73197, 19547, 53568, 30072, 44456, 8268, 49762, 31516, 31860, 84093, 81742, 78834, 13159, 12878, 85271, 36427, 99567, 66752, 93952, 9114, 28525, 10319, 77783, 26415, 60866, 92234, 49149, 32518, 68424, 71142, 26683, 68923, 24897, 99640, 64233, 45362, 4875, 69066, 35123, 54877, 51684, 38110, 8618, 3873, 91732, 45555, 20821, 82655, 1712, 75023, 61428, 36452, 24428, 77480, 40296, 73776, 93302, 64716, 61497, 68081, 87164, 46630, 40740, 61380, 86161, 37527, 82229, 57191, 90959, 57700, 24650, 39660, 4498, 95363, 51889, 13037, 51556, 4533, 62625, 33651, 47996, 40718, 23700, 6907, 67596, 51476, 96036, 71199, 74382, 29342, 21147, 82654, 74159, 12062, 30268, 51982, 21905, 14349, 9984, 71929, 20512, 26386, 56075, 64653, 66029, 60815, 15106, 29710, 44223, 78685, 63128, 87000, 73727, 67223, 84576, 63719, 1421, 39783, 96481, 8114, 21785, 13506, 86938, 81210, 64662, 45879, 62873, 33916, 83435, 98965, 41642, 19959, 85047, 95315, 32158, 87526, 75076, 41037, 96613, 2861, 50035, 11378, 95636, 46730, 35112, 45801, 21987, 7588, 75548, 87224, 78400, 54315, 1837, 15144, 90168, 55568, 7960, 24559, 24274, 80836, 38760, 29652, 60350, 52626, 10588, 7235, 56667, 9072, 72463, 26764, 66306, 37341, 67499, 95547, 43599, 37193, 13144, 40925, 21372, 43675, 1471, 41663, 48940, 57465, 51008, 75288, 11614, 71025, 87548, 58902, 87874, 66042, 12581, 35941, 88215, 94116, 39436, 82987, 65146, 65613, 67689, 15849, 16052, 60212, 34139, 65222, 40775, 92811, 85960, 71259, 57748, 87364, 91930, 51356, 36259, 72283, 70978, 15270, 85498, 69423, 60415, 16739, 81448, 57318, 23207, 23414, 66040, 78327, 50408, 28596, 72874, 97407, 96466, 86517, 64832, 49477, 3913, 34885, 34378, 6796, 69401, 12138, 23448, 52534, 70842, 70563, 35449, 33205, 50568, 58777, 74190, 47030, 65520, 37786, 53335, 87192, 3281, 29891, 89248, 15047, 36335, 69987, 51559, 16621, 58578, 12201, 82882, 44076, 83845, 6188, 910, 50002, 30190, 46205, 49039, 53754, 19516, 83415, 89087, 90416, 12735, 3692, 91754, 12665, 25816, 35278, 85176, 33527, 74012, 92974, 38537, 1700, 19434, 71681, 5405, 69970, 53175, 49590, 19515, 71350, 95389, 85102, 87026, 13251, 41256, 26847, 20392, 75820, 24923, 99475, 94260, 46946, 41970, 53384, 31117, 69940, 24557, 46134, 32524, 84051, 54774, 96739, 41149, 77562, 41909, 45003, 92686, 22018, 1598, 78408, 45676, 13649, 24623, 68029, 29609, 70446, 79573, 33837, 20086, 70663, 1058, 51139, 14237, 26660, 26784, 59172, 47371, 58972, 60488, 11433, 20487, 77673, 89915, 74075, 50503, 66347, 66988, 74102, 85964, 43551, 75496, 67903, 63097, 14446, 39461, 2276, 25785, 17175, 47841, 68189, 12939, 9694, 58637, 29158, 18417, 1136, 83217, 73406, 77092, 90689, 28732, 31121, 50492, 76706, 6385, 75551, 64894, 53275, 19514, 81981, 63990, 49940, 46986, 18625, 13590, 28791, 44186, 40429, 10668, 42342, 69328, 58872, 7504, 95259, 76865, 44285, 86317, 96309, 31178, 72959, 1881, 9815, 78645, 64725, 3185, 78376, 27295, 31132, 47879, 78230, 30928, 30064, 7130, 67413, 79982, 92607, 43624, 39591, 85262, 74768, 5729, 63439, 69019, 26125, 56834, 221, 48719, 74861, 71621, 37382, 90982, 86360, 30505, 56780, 37460, 56644, 81764, 35139, 72859, 26267, 54146, 12632, 78694, 24490, 8573, 13995, 78376, 7753, 67929, 58008, 52031, 76338, 59110, 59878, 59074, 921, 8828, 46994, 85679, 7904, 20427, 48657, 85763, 44760, 72709, 31274, 77555, 82741, 42640, 88079, 75313, 17061, 68984, 64454, 49959, 59352, 94435, 31181, 95917, 20806, 20021, 5942, 5507, 74848, 29281, 63564, 31373, 76853, 80561, 62123, 35584, 7177, 33041, 50002, 41846, 25198, 63968, 95929, 81948, 6934, 58561, 96733, 37020, 15889, 21039, 99226, 80919, 31633, 20776, 578, 50463, 61827, 46000, 75737, 84906, 78570, 57993, 68096, 94796, 74827, 30317, 17309, 66398, 1836, 34182, 6308, 76902, 65669, 44902, 33257, 90875, 92621, 37448, 59743, 5793, 21761, 1992, 39593, 44719, 27293, 82830, 47232, 13084, 69528, 87814, 23772, 99503, 28514, 47078, 3707, 86371, 5591, 54463, 9266, 12378, 75886, 20411, 29290, 80732, 7497, 53433, 87785, 31843, 43664, 66405, 76965, 63338, 4006, 54163, 31727, 58303, 88044, 33959, 74756, 29756, 37540, 13340, 30032, 48101, 80494, 97136, 9048, 64280, 42249, 96002, 84950, 34531, 68810, 9748, 38225, 93907, 5906, 8020, 60157, 12714, 89652, 90590, 98453, 225, 80719, 55937, 59231, 43532, 2462, 25781, 70171, 88870, 94822, 1343, 7870, 88760, 54401, 79428, 97546, 27351, 23722, 67722, 44079, 65215, 21530, 72703, 74735, 47965, 6976, 21282, 10420, 75077, 23819, 11738, 18241, 36331, 22762, 88517, 71059, 55066, 12831, 35174, 42195, 70126, 36307, 75372, 28928, 79968, 1431, 69310, 52743, 90222, 57430, 2842, 58324, 72402, 80364, 42908, 12888, 12053, 53990, 53784, 80858, 54896, 28071, 96278, 21491, 35453, 94153, 4046, 93080, 58914, 16713, 25667, 817, 49466, 19133, 46041, 66500, 50257, 98081, 31748, 74828, 32533, 84685, 68656, 29597, 17315, 22153, 88517, 8643, 37046, 71248, 50480, 92509, 10668, 11935, 57858, 64585, 91636, 36507, 13371, 53693, 4099, 16216, 57300, 37022, 30335, 18280, 74321, 26912, 95057, 28359, 18256, 97726, 27866, 14233, 21458, 40581, 10024, 21164, 41539, 20223, 97621, 21287, 50871, 65961, 97803, 36533, 57455, 49063, 18581, 99023, 26445, 66884, 9249, 19069, 5275, 2229, 60094, 36590, 99630, 33634, 78680, 73944, 80339, 81264, 43267, 77358, 27680, 74830, 21652, 99280, 14538, 37234, 62987, 42670, 37113, 54163, 99664, 89475, 13122, 40442, 17369, 4544, 83452, 59144, 79420, 40011, 67230, 87209, 97285, 33614, 16892, 84807, 57070, 12530, 58314, 21010, 85217, 94569, 6635, 86246, 5161, 21922, 6031, 9869, 30170, 4372, 73671, 80917, 66215, 20896, 39904, 88068, 2338, 64687, 3540, 8127, 50915, 41166, 89825, 29464, 27811, 98603, 62254, 93393, 90369, 71878, 21815, 7216, 24879, 48662, 89047, 90388, 46831, 36590, 44301, 1626, 65663, 75202, 81143, 85028]})"
153.0,3,12,3,2.8337512016296387,418,"Genotype(dna={""<class 'abc.NT_0012'>"": [0, 19662], ""<class 'abc.NT_0012_P_00000'>"": [], ""<class 'abc.NT_0007'>"": [0, 0, 53231], ""<class 'abc.NT_0007_P_00000'>"": [], ""<class 'abc.NT_0002'>"": [0, 0, 75613], ""<class 'abc.NT_0002_P_00000'>"": [], ""<class 'abc.NT_0000'>"": [0, 0, 0, 0, 0, 0, 0, 0, 94861], ""<class 'abc.NT_0000_P_00000'>"": [], ""<class 'abc.NT_0001'>"": [0, 0, 0, 41491, 43681], ""<class 'abc.NT_0001_P_00000'>"": [], ""<class 'bool'>"": [28388, 41936, 41546, 8512, 18623, 7781], ""<class 'int'>"": [25155, 24238, 12007, 14861, 33174, 6390, 14416], ""<class 'abc.NT_0005'>"": [0, 37639], ""<class 'abc.NT_0005_P_00000'>"": [], ""<class 'abc.NT_0003'>"": [0, 77640], ""<class 'abc.NT_0003_P_00000'>"": [], ""<class 'abc.NT_0004'>"": [0, 93251], ""<class 'abc.NT_0004_P_00000'>"": [], '$leftovers': [66514, 62039, 83920, 31862, 74983, 79649, 86610, 33133, 30425, 54210, 91390, 72548, 23509, 35984, 63823, 77479, 22746, 23563, 53368, 22601, 41342, 83215, 70942, 23856, 97618, 3170, 87127, 13394, 18449, 24396, 88202, 18841, 69274, 9647, 40387, 21251, 87647, 6587, 89353, 41351, 36189, 78657, 52808, 51920, 29255, 18170, 51437, 24418, 34076, 28007, 21845, 45536, 4553, 96638, 20238, 63187, 18132, 59683, 56246, 50097, 10618, 12905, 75496, 84334, 31746, 49387, 20295, 83420, 3334, 15341, 44928, 87717, 54812, 86762, 53566, 18369, 78941, 21389, 598, 42410, 75291, 64089, 73760, 58041, 41686, 70180, 27405, 26682, 82107, 38141, 40360, 83041, 66783, 70352, 46900, 30763, 17474, 34034, 11624, 8098, 90181, 89142, 52731, 36036, 86099, 15983, 11869, 25928, 58414, 41309, 35731, 1234, 96531, 2202, 83806, 79182, 23806, 61979, 94406, 76634, 16137, 11491, 84456, 34015, 43659, 23072, 60980, 49037, 51418, 52359, 20245, 86996, 969, 39411, 9926, 77654, 80714, 46232, 23646, 90536, 64394, 17717, 47186, 61072, 23438, 26886, 25784, 84801, 91075, 50234, 1703, 7578, 19600, 74648, 26104, 39358, 73570, 3584, 90725, 8373, 50978, 16682, 35026, 90364, 85743, 70016, 79132, 54090, 50776, 40960, 14998, 51245, 62347, 14945, 78552, 43833, 77248, 46630, 79581, 31661, 29383, 92280, 27639, 19546, 635, 38441, 47756, 59628, 54217, 29353, 33258, 90203, 42465, 83660, 70935, 53356, 5162, 90730, 59622, 94781, 31267, 94337, 20977, 68142, 53046, 3477, 14641, 70647, 87320, 66878, 8729, 89562, 73540, 33640, 52753, 91185, 69630, 26759, 20587, 91094, 1457, 73415, 58881, 11794, 66105, 65579, 38541, 49099, 67418, 85871, 45203, 89595, 31135, 74472, 27410, 64850, 12537, 43358, 79531, 66052, 20155, 1831, 33050, 39990, 65752, 26420, 29822, 62423, 52661, 11297, 16938, 97741, 33481, 77329, 88522, 49596, 2153, 61050, 2735, 76375, 8107, 95511, 65249, 14018, 72194, 66854, 34653, 58407, 99824, 69779, 83273, 64774, 99598, 47065, 79552, 91215, 98542, 31085, 1344, 31837, 51959, 32156, 82108, 72548, 24506, 6891, 66930, 73053, 10011, 54112, 65348, 15974, 29074, 57050, 33852, 97358, 8954, 17470, 27517, 64616, 5346, 63575, 78940, 50514, 37235, 23836, 12019, 55545, 75529, 39590, 39282, 69181, 61371, 16668, 64663, 47227, 46251, 56990, 9167, 83922, 53611, 57808, 46741, 49046, 87, 19112, 95604, 84999, 42011, 21219, 66029, 14110, 93900, 47858, 4679, 8538, 60826, 22759, 64139, 44874, 37503, 74499, 63637, 38507, 33870, 53029, 7092, 89194, 47393, 88746, 41735, 3169, 87801, 66383, 90300, 85365, 23306, 30007, 350, 27279, 78935, 15361, 9692, 18993, 94210, 96941, 31882, 600, 95407, 39003, 17946, 6674, 44554, 89168, 30187, 2063, 61855, 24558, 85642, 14739, 16033, 8325, 17515, 47923, 46537, 10828, 36772, 41394, 9987, 55025, 90161, 89977, 79350, 8238, 56153, 88354, 15866, 43173, 55496, 16134, 21113, 12, 94707, 87215, 3210, 73601, 14828, 10015, 21237, 47328, 19829, 40371, 94920, 28491, 9701, 44381, 58614, 95094, 92402, 31371, 91199, 69687, 77053, 50304, 38668, 49047, 18462, 18071, 26934, 48716, 51856, 27825, 61131, 81129, 83965, 87170, 13472, 27986, 13676, 28283, 15097, 57464, 73718, 35584, 82066, 14866, 78505, 47987, 73876, 87552, 54716, 2843, 59000, 11299, 23207, 28791, 79077, 63775, 86628, 33278, 48171, 73041, 28685, 41195, 35563, 60053, 7307, 67239, 36942, 21507, 50498, 84337, 56877, 15997, 91106, 597, 17312, 15147, 28874, 25833, 69715, 26776, 53781, 62117, 70275, 62564, 80107, 90309, 97652, 62844, 21713, 98825, 18484, 96117, 46992, 26976, 36540, 268, 20939, 95381, 414, 46767, 6751, 76480, 80570, 35253, 71366, 53845, 48095, 59667, 68328, 82679, 2938, 54325, 67590, 44439, 57923, 49293, 35279, 3063, 22509, 63488, 63788, 96873, 64254, 32182, 83479, 83226, 85902, 38003, 52449, 2971, 30962, 2102, 96767, 4380, 27052, 53361, 60759, 17501, 86962, 36937, 26093, 74262, 53316, 27948, 33976, 24617, 89585, 67824, 6783, 12082, 12113, 61599, 67135, 58790, 19194, 96157, 60709, 25759, 8736, 54694, 49205, 48497, 98351, 9784, 93000, 13212, 23679, 64582, 98663, 67834, 28778, 15499, 62447, 21901, 38995, 45405, 75017, 95269, 68332, 51154, 39338, 91412, 21000, 39598, 5254, 14491, 5240, 87454, 42778, 27123, 84496, 55875, 26082, 69286, 37272, 43814, 21025, 2755, 73018, 2525, 45053, 41993, 85358, 71300, 5635, 93049, 79471, 13039, 28444, 41469, 88809, 4865, 28993, 82309, 72171, 70623, 60612, 66137, 6262, 78420, 65021, 21769, 7657, 17074, 57744, 73354, 84444, 71272, 33248, 30606, 47958, 10795, 36472, 60770, 81655, 88863, 250, 34968, 12277, 78503, 42283, 21793, 16745, 261, 97410, 33926, 40987, 79128, 38811, 57796, 44381, 50721, 75270, 44583, 33962, 97598, 17682, 28068, 13125, 91067, 89882, 26715, 25384, 74331, 89407, 14947, 78022, 95535, 49680, 62690, 26795, 15501, 49305, 98519, 68019, 23640, 36086, 81675, 74105, 84965, 79615, 59474, 32310, 828, 78311, 16041, 86694, 2219, 58894, 92088, 50618, 87358, 18798, 66020, 66491, 50367, 32691, 91076, 48215, 21090, 45456, 38806, 23448, 41331, 69626, 41502, 79937, 23957, 90870, 93453, 61607, 10380, 45280, 76461, 46041, 84671, 74991, 33953, 43268, 3685, 93154, 43241, 71342, 21712, 7548, 62016, 42650, 63716, 96177, 92429, 30722, 34963, 32771, 9652, 58610, 43025, 66742, 66985, 92411, 16818, 43482, 63132, 1269, 52666, 11401, 72493, 40123, 47150, 38648, 25728, 40484, 72168, 53812, 60820, 53095, 68694, 66006, 66376, 26800, 67391, 96349, 6364, 21003, 67493, 11165, 753, 32397, 51956, 32489, 75245, 50907, 74230, 20597, 24072, 95982, 6309, 78258, 24708, 56550, 14001, 5797, 14644, 94208, 93205, 80015, 27644, 47562, 25421, 10959, 1813, 15471, 25080, 35370, 15699, 55919, 93763, 64429, 98363, 15489, 28574, 3254, 58025, 19971, 39160, 66508, 36965, 72023, 86391, 37522, 11321, 97067, 96942, 63001, 77165, 13525, 12707, 32225, 38792, 3681, 50425, 96215, 48875, 29957, 6834, 89104, 85273, 4281, 76337, 15809, 48204, 49049, 18664, 74707, 77394, 92519, 97211, 26594, 32097, 20303, 41340, 20834, 17456, 2942, 22394, 40666, 19104, 64464, 84874, 13484, 53397, 66343, 65277, 38014, 55195, 60372, 37340, 18801, 82015, 56595, 55221, 88495, 79738, 23329, 63278, 32902, 34398, 18001, 56742, 32213, 31488, 59134, 20505, 4026, 90895, 27116, 30297, 1847, 38709, 72351, 77929, 36254, 3202, 9297, 82366, 3264, 93673, 89348, 23500, 92180, 92120, 78304, 5036, 63632, 7476, 65426, 91751, 88945, 86267, 59947, 82376, 21761, 66402, 50454, 33859, 99883, 68284, 80606, 42062, 5657, 45352, 51205, 24989, 6098, 71277, 98358, 34413, 5640, 59324, 22162, 4511, 42165, 70961, 77656, 96737, 79906, 74827, 62868, 58751, 82863, 89281, 92167, 54287, 30488, 44661, 39834, 69596, 51736, 65565, 74777, 19867, 94259, 67318, 63603, 74045, 55950, 26926, 49129, 15579, 42126, 36681, 68347, 93177, 34727, 41898, 79720, 99738, 42795, 36694, 77763, 83302, 9654, 72952, 47546, 87819, 26071, 60334, 22608, 20834, 80410, 10699, 70816, 33668, 75954, 35435, 97652, 16610, 65701, 78673, 44427, 78562, 93296, 10028, 17508, 3472, 31275, 11048, 86960, 31129, 85823, 53231, 89164, 63950, 37639, 77640, 7781, 90168, 94861, 88567]})"
146.0,3,12,4,3.3403594493865967,418,"Genotype(dna={""<class 'abc.NT_0012'>"": [0, 48767], ""<class 'abc.NT_0012_P_00000'>"": [], ""<class 'abc.NT_0007'>"": [0, 0, 71489], ""<class 'abc.NT_0007_P_00000'>"": [], ""<class 'abc.NT_0002'>"": [0, 0, 75613], ""<class 'abc.NT_0002_P_00000'>"": [], ""<class 'abc.NT_0000'>"": [92029, 0, 0, 0, 0, 0, 0, 0, 48767], ""<class 'abc.NT_0000_P_00000'>"": [], ""<class 'abc.NT_0001'>"": [0, 0, 35484, 0, 39358], ""<class 'abc.NT_0001_P_00000'>"": [], ""<class 'bool'>"": [1464, 82030, 79890, 62717, 44634, 10265], ""<class 'int'>"": [25155, 52427, 13216, 14861, 37066, 6390, 14416], ""<class 'abc.NT_0005'>"": [0, 24163], ""<class 'abc.NT_0005_P_00000'>"": [], ""<class 'abc.NT_0003'>"": [0, 80374], ""<class 'abc.NT_0003_P_00000'>"": [], ""<class 'abc.NT_0004'>"": [0, 14425], ""<class 'abc.NT_0004_P_00000'>"": [], '$leftovers': [163, 20423, 35704, 67922, 24590, 58818, 53810, 46350, 11129, 6095, 19476, 98594, 6278, 74275, 91226, 19965, 52922, 31291, 87601, 74937, 7776, 63270, 39959, 23511, 93727, 80270, 6032, 67755, 54334, 60506, 70575, 44043, 30271, 60889, 51977, 13927, 84948, 85045, 49224, 54883, 536, 23068, 58290, 1464, 29404, 58179, 79523, 44883, 27497, 78591, 40402, 3905, 13720, 80070, 63777, 96202, 86907, 21252, 83339, 8451, 4216, 11473, 36960, 98715, 47672, 7435, 3387, 58242, 117, 32742, 82327, 5450, 17682, 45577, 29700, 27410, 17216, 65514, 59285, 28639, 86901, 6425, 35964, 85345, 60986, 89356, 18565, 46391, 78539, 26349, 53664, 28292, 29717, 74508, 86898, 13966, 75152, 42435, 33592, 39792, 71515, 14492, 26795, 30864, 19067, 26283, 52220, 73589, 52257, 88146, 9433, 53257, 90191, 42971, 75569, 10739, 71577, 63519, 22114, 47213, 87842, 68006, 26214, 12444, 75417, 71955, 73457, 73449, 83934, 42585, 60500, 157, 87968, 21762, 73329, 95286, 25282, 47168, 66009, 22334, 24623, 84138, 18546, 93852, 80229, 49043, 21103, 56671, 27838, 68024, 26171, 826, 95203, 40956, 41032, 36349, 99761, 40446, 35246, 52954, 44269, 15456, 22749, 41363, 18686, 17485, 34810, 14074, 20528, 70661, 16201, 56641, 700, 48143, 68701, 17664, 7348, 22706, 75426, 11605, 44909, 5501, 13464, 15473, 77589, 5559, 4062, 50154, 27024, 95424, 36206, 8164, 65648, 16196, 10305, 13781, 3081, 20280, 73957, 89266, 19139, 51589, 47106, 18539, 11029, 88925, 10475, 34607, 7783, 42970, 98214, 35487, 6602, 37262, 61145, 66754, 76835, 82476, 56633, 91459, 97237, 97930, 32935, 16390, 3077, 33974, 97485, 15550, 61108, 82297, 56279, 33690, 21103, 64732, 99559, 65457, 78760, 40726, 10196, 85681, 86807, 71873, 53062, 84823, 2649, 43125, 16886, 93430, 47549, 8415, 52869, 3067, 68376, 8278, 627, 3454, 19929, 87992, 9837, 87496, 93909, 5952, 86670, 98143, 13121, 78538, 81857, 8378, 63785, 33530, 56466, 7598, 80394, 57099, 50257, 84150, 5729, 21025, 75396, 9768, 49091, 79868, 23628, 18357, 45375, 45005, 33508, 79271, 5327, 48219, 58575, 68602, 20042, 25008, 24942, 85822, 22193, 62124, 91774, 83815, 6085, 97962, 45604, 96076, 74659, 47247, 75365, 58315, 57857, 57259, 24636, 96619, 97542, 51208, 98718, 52931, 97316, 41192, 15279, 7210, 54406, 247, 89579, 12983, 58430, 10065, 26231, 36885, 6634, 52581, 14789, 22814, 46946, 78176, 39940, 40345, 74339, 80792, 72156, 7524, 82132, 78051, 59878, 12749, 42593, 53902, 35754, 96731, 72399, 5976, 51156, 21417, 21192, 38502, 75403, 10646, 71426, 36251, 91655, 64159, 45256, 1605, 61782, 20007, 19617, 38840, 14126, 33008, 13891, 1542, 3280, 62601, 13269, 81565, 41133, 2138, 93829, 53120, 25805, 52468, 3847, 74944, 47441, 34875, 98957, 8135, 3377, 4035, 23912, 50795, 1265, 92020, 62920, 53459, 32773, 47493, 87125, 50283, 45891, 2908, 11015, 52571, 84194, 34428, 62817, 62805, 54456, 71366, 80662, 68606, 2712, 9596, 60455, 30119, 41946, 2559, 56752, 34846, 59033, 82489, 26307, 20119, 3907, 45618, 85013, 21111, 32293, 40929, 67499, 7374, 94701, 64121, 29213, 506, 99413, 36659, 15209, 74412, 8755, 20236, 9591, 79996, 26804, 79633, 93152, 26565, 39238, 28062, 36980, 90505, 89252, 249, 15924, 50556, 60094, 93699, 67899, 89338, 91288, 85908, 2980, 62517, 89646, 80027, 70516, 91634, 726, 94125, 77668, 2035, 13509, 26549, 47125, 85195, 94355, 3213, 2457, 29633, 68038, 80246, 93567, 87294, 50938, 58162, 9515, 77759, 31894, 50546, 31601, 20126, 31885, 42454, 26687, 8762, 72916, 2629, 11901, 46927, 41655, 45469, 28968, 40358, 49005, 84438, 8187, 37740, 71293, 37380, 12998, 51524, 46967, 63805, 7610, 87902, 24153, 19642, 38343, 66433, 71056, 64623, 51571, 31214, 49198, 82612, 24645, 5538, 75751, 68335, 4270, 76100, 32924, 82299, 17932, 26504, 47583, 60083, 72493, 64065, 25082, 55548, 37620, 14926, 14407, 506, 18046, 13282, 5583, 66424, 6341, 59228, 72986, 11228, 83278, 87250, 44394, 70123, 84805, 18362, 90667, 27431, 80305, 27185, 97190, 61867, 46858, 53308, 85743, 49732, 50383, 51593, 65435, 23492, 10787, 95933, 21762, 60947, 91263, 9417, 42493, 1032, 93831, 79203, 45694, 35445, 92247, 48342, 60502, 30365, 60872, 28771, 44236, 40885, 97145, 31439, 87521, 274, 50645, 68141, 90278, 17680, 74853, 35915, 45025, 95252, 65828, 38957, 99331, 88752, 16323, 10385, 43407, 90304, 3413, 6012, 40445, 59995, 13115, 38046, 79584, 22150, 93306, 6489, 62962, 77379, 7329, 68016, 91557, 91183, 31493, 41299, 62874, 64774, 85150, 57442, 33993, 69042, 77819, 41940, 4784, 31377, 30989, 51800, 91509, 55217, 74791, 76044, 97431, 9623, 35743, 66230, 72534, 75387, 61476, 45720, 57644, 67987, 81836, 29647, 95959, 99919, 85760, 85962, 52011, 67856, 78934, 7301, 61312, 43062, 2306, 42776, 4652, 16104, 78797, 79390, 53791, 83900, 64005, 63771, 89707, 47264, 72692, 19507, 15309, 11642, 47647, 10265, 39254, 24855, 87954, 7294, 16028, 18266, 71803, 59196, 69812, 80668, 93801, 1093, 69314, 65372, 36986, 31410, 58786, 80908, 67189, 90360, 80449, 52506, 32921, 16483, 63616, 42226, 77986, 9250, 40921, 95054, 9801, 74351, 72801, 57176, 58253, 98976, 22541, 41265, 36530, 92195, 37566, 33584, 87874, 91263, 90056, 59712, 72182, 53512, 45572, 12851, 60565, 94610, 56750, 1298, 43315, 86522, 11845, 78502, 1838, 67638, 31775, 42733, 58631, 89950, 43397, 78382, 40270, 73301, 70474, 23979, 12753, 90636, 29193, 7405, 50231, 20196, 25696, 66575, 70341, 18061, 80908, 82459, 44136, 73082, 64287, 28679, 63851, 95451, 94320, 61058, 24260, 54382, 25309, 12934, 72906, 23560, 22968, 68693, 63113, 69104, 67891, 30261, 70734, 8989, 51882, 78348, 71661, 72429, 56621, 63046, 46367, 9497, 51223, 73352, 88317, 55270, 41554, 45393, 37756, 22314, 45953, 11785, 21164, 12218, 48419, 85157, 20477, 81419, 20414, 69688, 87661, 79035, 71741, 72044, 65147, 40029, 7309, 18942, 181, 29642, 77431, 26894, 28657, 8966, 83650, 15809, 3324, 33621, 64860, 11004, 79773, 58413, 81890, 15080, 36033, 91783, 28627, 20810, 50089, 49428, 61882, 17232, 9147, 39053, 70044, 67659, 40502, 11700, 33809, 6025, 60349, 7716, 82608, 27687, 94258, 61177, 19850, 44047, 92289, 49794, 131, 61154, 17533, 83255, 24880, 13474, 20465, 66149, 81614, 77345, 26325, 72028, 69425, 15470, 15680, 19039, 17414, 95532, 99753, 64061, 49558, 15637, 22306, 65014, 62091, 52203, 84337, 94411, 84251, 28492, 75245, 28465, 70125, 41368, 3772, 92818, 93186, 81522, 78917, 98840, 78883, 32186, 85911, 99799, 40356, 70715, 11250, 65941, 42163, 51363, 35235, 40915, 57303, 85960, 46533, 47833, 41687, 22481, 96665, 9487, 24562, 50968, 64863, 88764, 59323, 15059, 55914, 28676, 88190, 1795, 86421, 11311, 32528, 70875, 56572, 6236, 6903, 71506, 5327, 93604, 6266, 84343, 83571, 58099, 99157, 47696, 44352, 40873, 74802, 44404, 34116, 97783, 98658, 80555, 13709, 13627, 18371, 61252, 34777, 68109, 71807, 15374, 55547, 67238, 83509, 20751, 65156, 3519, 18727, 89665, 3553, 32074, 17864, 59476, 23667, 7967, 92691, 9233, 56554, 57377, 8525, 38222, 21121, 52719, 87289, 88511, 32222, 18024, 44317, 83154, 37302, 94375, 71826, 22353]})"
146.0,3,12,5,4.012746572494507,418,"Genotype(dna={""<class 'abc.NT_0012'>"": [0, 48767], ""<class 'abc.NT_0012_P_00000'>"": [], ""<class 'abc.NT_0007'>"": [0, 0, 71489], ""<class 'abc.NT_0007_P_00000'>"": [], ""<class 'abc.NT_0002'>"": [0, 0, 75613], ""<class 'abc.NT_0002_P_00000'>"": [], ""<class 'abc.NT_0000'>"": [92029, 0, 0, 0, 0, 0, 0, 0, 48767], ""<class 'abc.NT_0000_P_00000'>"": [], ""<class 'abc.NT_0001'>"": [0, 0, 35484, 0, 39358], ""<class 'abc.NT_0001_P_00000'>"": [], ""<class 'bool'>"": [1464, 82030, 79890, 62717, 44634, 10265], ""<class 'int'>"": [25155, 52427, 13216, 14861, 37066, 6390, 14416], ""<class 'abc.NT_0005'>"": [0, 24163], ""<class 'abc.NT_0005_P_00000'>"": [], ""<class 'abc.NT_0003'>"": [0, 80374], ""<class 'abc.NT_0003_P_00000'>"": [], ""<class 'abc.NT_0004'>"": [0, 14425], ""<class 'abc.NT_0004_P_00000'>"": [], '$leftovers': [163, 20423, 35704, 67922, 24590, 58818, 53810, 46350, 11129, 6095, 19476, 98594, 6278, 74275, 91226, 19965, 52922, 31291, 87601, 74937, 7776, 63270, 39959, 23511, 93727, 80270, 6032, 67755, 54334, 60506, 70575, 44043, 30271, 60889, 51977, 13927, 84948, 85045, 49224, 54883, 536, 23068, 58290, 1464, 29404, 58179, 79523, 44883, 27497, 78591, 40402, 3905, 13720, 80070, 63777, 96202, 86907, 21252, 83339, 8451, 4216, 11473, 36960, 98715, 47672, 7435, 3387, 58242, 117, 32742, 82327, 5450, 17682, 45577, 29700, 27410, 17216, 65514, 59285, 28639, 86901, 6425, 35964, 85345, 60986, 89356, 18565, 46391, 78539, 26349, 53664, 28292, 29717, 74508, 86898, 13966, 75152, 42435, 33592, 39792, 71515, 14492, 26795, 30864, 19067, 26283, 52220, 73589, 52257, 88146, 9433, 53257, 90191, 42971, 75569, 10739, 71577, 63519, 22114, 47213, 87842, 68006, 26214, 12444, 75417, 71955, 73457, 73449, 83934, 42585, 60500, 157, 87968, 21762, 73329, 95286, 25282, 47168, 66009, 22334, 24623, 84138, 18546, 93852, 80229, 49043, 21103, 56671, 27838, 68024, 26171, 826, 95203, 40956, 41032, 36349, 99761, 40446, 35246, 52954, 44269, 15456, 22749, 41363, 18686, 17485, 34810, 14074, 20528, 70661, 16201, 56641, 700, 48143, 68701, 17664, 7348, 22706, 75426, 11605, 44909, 5501, 13464, 15473, 77589, 5559, 4062, 50154, 27024, 95424, 36206, 8164, 65648, 16196, 10305, 13781, 3081, 20280, 73957, 89266, 19139, 51589, 47106, 18539, 11029, 88925, 10475, 34607, 7783, 42970, 98214, 35487, 6602, 37262, 61145, 66754, 76835, 82476, 56633, 91459, 97237, 97930, 32935, 16390, 3077, 33974, 97485, 15550, 61108, 82297, 56279, 33690, 21103, 64732, 99559, 65457, 78760, 40726, 10196, 85681, 86807, 71873, 53062, 84823, 2649, 43125, 16886, 93430, 47549, 8415, 52869, 3067, 68376, 8278, 627, 3454, 19929, 87992, 9837, 87496, 93909, 5952, 86670, 98143, 13121, 78538, 81857, 8378, 63785, 33530, 56466, 7598, 80394, 57099, 50257, 84150, 5729, 21025, 75396, 9768, 49091, 79868, 23628, 18357, 45375, 45005, 33508, 79271, 5327, 48219, 58575, 68602, 20042, 25008, 24942, 85822, 22193, 62124, 91774, 83815, 6085, 97962, 45604, 96076, 74659, 47247, 75365, 58315, 57857, 57259, 24636, 96619, 97542, 51208, 98718, 52931, 97316, 41192, 15279, 7210, 54406, 247, 89579, 12983, 58430, 10065, 26231, 36885, 6634, 52581, 14789, 22814, 46946, 78176, 39940, 40345, 74339, 80792, 72156, 7524, 82132, 78051, 59878, 12749, 42593, 53902, 35754, 96731, 72399, 5976, 51156, 21417, 21192, 38502, 75403, 10646, 71426, 36251, 91655, 64159, 45256, 1605, 61782, 20007, 19617, 38840, 14126, 33008, 13891, 1542, 3280, 62601, 13269, 81565, 41133, 2138, 93829, 53120, 25805, 52468, 3847, 74944, 47441, 34875, 98957, 8135, 3377, 4035, 23912, 50795, 1265, 92020, 62920, 53459, 32773, 47493, 87125, 50283, 45891, 2908, 11015, 52571, 84194, 34428, 62817, 62805, 54456, 71366, 80662, 68606, 2712, 9596, 60455, 30119, 41946, 2559, 56752, 34846, 59033, 82489, 26307, 20119, 3907, 45618, 85013, 21111, 32293, 40929, 67499, 7374, 94701, 64121, 29213, 506, 99413, 36659, 15209, 74412, 8755, 20236, 9591, 79996, 26804, 79633, 93152, 26565, 39238, 28062, 36980, 90505, 89252, 249, 15924, 50556, 60094, 93699, 67899, 89338, 91288, 85908, 2980, 62517, 89646, 80027, 70516, 91634, 726, 94125, 77668, 2035, 13509, 26549, 47125, 85195, 94355, 3213, 2457, 29633, 68038, 80246, 93567, 87294, 50938, 58162, 9515, 77759, 31894, 50546, 31601, 20126, 31885, 42454, 26687, 8762, 72916, 2629, 11901, 46927, 41655, 45469, 28968, 40358, 49005, 84438, 8187, 37740, 71293, 37380, 12998, 51524, 46967, 63805, 7610, 87902, 24153, 19642, 38343, 66433, 71056, 64623, 51571, 31214, 49198, 82612, 24645, 5538, 75751, 68335, 4270, 76100, 32924, 82299, 17932, 26504, 47583, 60083, 72493, 64065, 25082, 55548, 37620, 14926, 14407, 506, 18046, 13282, 5583, 66424, 6341, 59228, 72986, 11228, 83278, 87250, 44394, 70123, 84805, 18362, 90667, 27431, 80305, 27185, 97190, 61867, 46858, 53308, 85743, 49732, 50383, 51593, 65435, 23492, 10787, 95933, 21762, 60947, 91263, 9417, 42493, 1032, 93831, 79203, 45694, 35445, 92247, 48342, 60502, 30365, 60872, 28771, 44236, 40885, 97145, 31439, 87521, 274, 50645, 68141, 90278, 17680, 74853, 35915, 45025, 95252, 65828, 38957, 99331, 88752, 16323, 10385, 43407, 90304, 3413, 6012, 40445, 59995, 13115, 38046, 79584, 22150, 93306, 6489, 62962, 77379, 7329, 68016, 91557, 91183, 31493, 41299, 62874, 64774, 85150, 57442, 33993, 69042, 77819, 41940, 4784, 31377, 30989, 51800, 91509, 55217, 74791, 76044, 97431, 9623, 35743, 66230, 72534, 75387, 61476, 45720, 57644, 67987, 81836, 29647, 95959, 99919, 85760, 85962, 52011, 67856, 78934, 7301, 61312, 43062, 2306, 42776, 4652, 16104, 78797, 79390, 53791, 83900, 64005, 63771, 89707, 47264, 72692, 19507, 15309, 11642, 47647, 10265, 39254, 24855, 87954, 7294, 16028, 18266, 71803, 59196, 69812, 80668, 93801, 1093, 69314, 65372, 36986, 31410, 58786, 80908, 67189, 90360, 80449, 52506, 32921, 16483, 63616, 42226, 77986, 9250, 40921, 95054, 9801, 74351, 72801, 57176, 58253, 98976, 22541, 41265, 36530, 92195, 37566, 33584, 87874, 91263, 90056, 59712, 72182, 53512, 45572, 12851, 60565, 94610, 56750, 1298, 43315, 86522, 11845, 78502, 1838, 67638, 31775, 42733, 58631, 89950, 43397, 78382, 40270, 73301, 70474, 23979, 12753, 90636, 29193, 7405, 50231, 20196, 25696, 66575, 70341, 18061, 80908, 82459, 44136, 73082, 64287, 28679, 63851, 95451, 94320, 61058, 24260, 54382, 25309, 12934, 72906, 23560, 22968, 68693, 63113, 69104, 67891, 30261, 70734, 8989, 51882, 78348, 71661, 72429, 56621, 63046, 46367, 9497, 51223, 73352, 88317, 55270, 41554, 45393, 37756, 22314, 45953, 11785, 21164, 12218, 48419, 85157, 20477, 81419, 20414, 69688, 87661, 79035, 71741, 72044, 65147, 40029, 7309, 18942, 181, 29642, 77431, 26894, 28657, 8966, 83650, 15809, 3324, 33621, 64860, 11004, 79773, 58413, 81890, 15080, 36033, 91783, 28627, 20810, 50089, 49428, 61882, 17232, 9147, 39053, 70044, 67659, 40502, 11700, 33809, 6025, 60349, 7716, 82608, 27687, 94258, 61177, 19850, 44047, 92289, 49794, 131, 61154, 17533, 83255, 24880, 13474, 20465, 66149, 81614, 77345, 26325, 72028, 69425, 15470, 15680, 19039, 17414, 95532, 99753, 64061, 49558, 15637, 22306, 65014, 62091, 52203, 84337, 94411, 84251, 28492, 75245, 28465, 70125, 41368, 3772, 92818, 93186, 81522, 78917, 98840, 78883, 32186, 85911, 99799, 40356, 70715, 11250, 65941, 42163, 51363, 35235, 40915, 57303, 85960, 46533, 47833, 41687, 22481, 96665, 9487, 24562, 50968, 64863, 88764, 59323, 15059, 55914, 28676, 88190, 1795, 86421, 11311, 32528, 70875, 56572, 6236, 6903, 71506, 5327, 93604, 6266, 84343, 83571, 58099, 99157, 47696, 44352, 40873, 74802, 44404, 34116, 97783, 98658, 80555, 13709, 13627, 18371, 61252, 34777, 68109, 71807, 15374, 55547, 67238, 83509, 20751, 65156, 3519, 18727, 89665, 3553, 32074, 17864, 59476, 23667, 7967, 92691, 9233, 56554, 57377, 8525, 38222, 21121, 52719, 87289, 88511, 32222, 18024, 44317, 83154, 37302, 94375, 71826, 22353]})"
146.0,3,12,6,4.370990514755249,418,"Genotype(dna={""<class 'abc.NT_0012'>"": [0, 48767], ""<class 'abc.NT_0012_P_00000'>"": [], ""<class 'abc.NT_0007'>"": [0, 0, 71489], ""<class 'abc.NT_0007_P_00000'>"": [], ""<class 'abc.NT_0002'>"": [0, 0, 75613], ""<class 'abc.NT_0002_P_00000'>"": [], ""<class 'abc.NT_0000'>"": [92029, 0, 0, 0, 0, 0, 0, 0, 48767], ""<class 'abc.NT_0000_P_00000'>"": [], ""<class 'abc.NT_0001'>"": [0, 0, 35484, 0, 39358], ""<class 'abc.NT_0001_P_00000'>"": [], ""<class 'bool'>"": [1464, 82030, 79890, 62717, 44634, 10265], ""<class 'int'>"": [25155, 52427, 13216, 14861, 37066, 6390, 14416], ""<class 'abc.NT_0005'>"": [0, 24163], ""<class 'abc.NT_0005_P_00000'>"": [], ""<class 'abc.NT_0003'>"": [0, 80374], ""<class 'abc.NT_0003_P_00000'>"": [], ""<class 'abc.NT_0004'>"": [0, 14425], ""<class 'abc.NT_0004_P_00000'>"": [], '$leftovers': [163, 20423, 35704, 67922, 24590, 58818, 53810, 46350, 11129, 6095, 19476, 98594, 6278, 74275, 91226, 19965, 52922, 31291, 87601, 74937, 7776, 63270, 39959, 23511, 93727, 80270, 6032, 67755, 54334, 60506, 70575, 44043, 30271, 60889, 51977, 13927, 84948, 85045, 49224, 54883, 536, 23068, 58290, 1464, 29404, 58179, 79523, 44883, 27497, 78591, 40402, 3905, 13720, 80070, 63777, 96202, 86907, 21252, 83339, 8451, 4216, 11473, 36960, 98715, 47672, 7435, 3387, 58242, 117, 32742, 82327, 5450, 17682, 45577, 29700, 27410, 17216, 65514, 59285, 28639, 86901, 6425, 35964, 85345, 60986, 89356, 18565, 46391, 78539, 26349, 53664, 28292, 29717, 74508, 86898, 13966, 75152, 42435, 33592, 39792, 71515, 14492, 26795, 30864, 19067, 26283, 52220, 73589, 52257, 88146, 9433, 53257, 90191, 42971, 75569, 10739, 71577, 63519, 22114, 47213, 87842, 68006, 26214, 12444, 75417, 71955, 73457, 73449, 83934, 42585, 60500, 157, 87968, 21762, 73329, 95286, 25282, 47168, 66009, 22334, 24623, 84138, 18546, 93852, 80229, 49043, 21103, 56671, 27838, 68024, 26171, 826, 95203, 40956, 41032, 36349, 99761, 40446, 35246, 52954, 44269, 15456, 22749, 41363, 18686, 17485, 34810, 14074, 20528, 70661, 16201, 56641, 700, 48143, 68701, 17664, 7348, 22706, 75426, 11605, 44909, 5501, 13464, 15473, 77589, 5559, 4062, 50154, 27024, 95424, 36206, 8164, 65648, 16196, 10305, 13781, 3081, 20280, 73957, 89266, 19139, 51589, 47106, 18539, 11029, 88925, 10475, 34607, 7783, 42970, 98214, 35487, 6602, 37262, 61145, 66754, 76835, 82476, 56633, 91459, 97237, 97930, 32935, 16390, 3077, 33974, 97485, 15550, 61108, 82297, 56279, 33690, 21103, 64732, 99559, 65457, 78760, 40726, 10196, 85681, 86807, 71873, 53062, 84823, 2649, 43125, 16886, 93430, 47549, 8415, 52869, 3067, 68376, 8278, 627, 3454, 19929, 87992, 9837, 87496, 93909, 5952, 86670, 98143, 13121, 78538, 81857, 8378, 63785, 33530, 56466, 7598, 80394, 57099, 50257, 84150, 5729, 21025, 75396, 9768, 49091, 79868, 23628, 18357, 45375, 45005, 33508, 79271, 5327, 48219, 58575, 68602, 20042, 25008, 24942, 85822, 22193, 62124, 91774, 83815, 6085, 97962, 45604, 96076, 74659, 47247, 75365, 58315, 57857, 57259, 24636, 96619, 97542, 51208, 98718, 52931, 97316, 41192, 15279, 7210, 54406, 247, 89579, 12983, 58430, 10065, 26231, 36885, 6634, 52581, 14789, 22814, 46946, 78176, 39940, 40345, 74339, 80792, 72156, 7524, 82132, 78051, 59878, 12749, 42593, 53902, 35754, 96731, 72399, 5976, 51156, 21417, 21192, 38502, 75403, 10646, 71426, 36251, 91655, 64159, 45256, 1605, 61782, 20007, 19617, 38840, 14126, 33008, 13891, 1542, 3280, 62601, 13269, 81565, 41133, 2138, 93829, 53120, 25805, 52468, 3847, 74944, 47441, 34875, 98957, 8135, 3377, 4035, 23912, 50795, 1265, 92020, 62920, 53459, 32773, 47493, 87125, 50283, 45891, 2908, 11015, 52571, 84194, 34428, 62817, 62805, 54456, 71366, 80662, 68606, 2712, 9596, 60455, 30119, 41946, 2559, 56752, 34846, 59033, 82489, 26307, 20119, 3907, 45618, 85013, 21111, 32293, 40929, 67499, 7374, 94701, 64121, 29213, 506, 99413, 36659, 15209, 74412, 8755, 20236, 9591, 79996, 26804, 79633, 93152, 26565, 39238, 28062, 36980, 90505, 89252, 249, 15924, 50556, 60094, 93699, 67899, 89338, 91288, 85908, 2980, 62517, 89646, 80027, 70516, 91634, 726, 94125, 77668, 2035, 13509, 26549, 47125, 85195, 94355, 3213, 2457, 29633, 68038, 80246, 93567, 87294, 50938, 58162, 9515, 77759, 31894, 50546, 31601, 20126, 31885, 42454, 26687, 8762, 72916, 2629, 11901, 46927, 41655, 45469, 28968, 40358, 49005, 84438, 8187, 37740, 71293, 37380, 12998, 51524, 46967, 63805, 7610, 87902, 24153, 19642, 38343, 66433, 71056, 64623, 51571, 31214, 49198, 82612, 24645, 5538, 75751, 68335, 4270, 76100, 32924, 82299, 17932, 26504, 47583, 60083, 72493, 64065, 25082, 55548, 37620, 14926, 14407, 506, 18046, 13282, 5583, 66424, 6341, 59228, 72986, 11228, 83278, 87250, 44394, 70123, 84805, 18362, 90667, 27431, 80305, 27185, 97190, 61867, 46858, 53308, 85743, 49732, 50383, 51593, 65435, 23492, 10787, 95933, 21762, 60947, 91263, 9417, 42493, 1032, 93831, 79203, 45694, 35445, 92247, 48342, 60502, 30365, 60872, 28771, 44236, 40885, 97145, 31439, 87521, 274, 50645, 68141, 90278, 17680, 74853, 35915, 45025, 95252, 65828, 38957, 99331, 88752, 16323, 10385, 43407, 90304, 3413, 6012, 40445, 59995, 13115, 38046, 79584, 22150, 93306, 6489, 62962, 77379, 7329, 68016, 91557, 91183, 31493, 41299, 62874, 64774, 85150, 57442, 33993, 69042, 77819, 41940, 4784, 31377, 30989, 51800, 91509, 55217, 74791, 76044, 97431, 9623, 35743, 66230, 72534, 75387, 61476, 45720, 57644, 67987, 81836, 29647, 95959, 99919, 85760, 85962, 52011, 67856, 78934, 7301, 61312, 43062, 2306, 42776, 4652, 16104, 78797, 79390, 53791, 83900, 64005, 63771, 89707, 47264, 72692, 19507, 15309, 11642, 47647, 10265, 39254, 24855, 87954, 7294, 16028, 18266, 71803, 59196, 69812, 80668, 93801, 1093, 69314, 65372, 36986, 31410, 58786, 80908, 67189, 90360, 80449, 52506, 32921, 16483, 63616, 42226, 77986, 9250, 40921, 95054, 9801, 74351, 72801, 57176, 58253, 98976, 22541, 41265, 36530, 92195, 37566, 33584, 87874, 91263, 90056, 59712, 72182, 53512, 45572, 12851, 60565, 94610, 56750, 1298, 43315, 86522, 11845, 78502, 1838, 67638, 31775, 42733, 58631, 89950, 43397, 78382, 40270, 73301, 70474, 23979, 12753, 90636, 29193, 7405, 50231, 20196, 25696, 66575, 70341, 18061, 80908, 82459, 44136, 73082, 64287, 28679, 63851, 95451, 94320, 61058, 24260, 54382, 25309, 12934, 72906, 23560, 22968, 68693, 63113, 69104, 67891, 30261, 70734, 8989, 51882, 78348, 71661, 72429, 56621, 63046, 46367, 9497, 51223, 73352, 88317, 55270, 41554, 45393, 37756, 22314, 45953, 11785, 21164, 12218, 48419, 85157, 20477, 81419, 20414, 69688, 87661, 79035, 71741, 72044, 65147, 40029, 7309, 18942, 181, 29642, 77431, 26894, 28657, 8966, 83650, 15809, 3324, 33621, 64860, 11004, 79773, 58413, 81890, 15080, 36033, 91783, 28627, 20810, 50089, 49428, 61882, 17232, 9147, 39053, 70044, 67659, 40502, 11700, 33809, 6025, 60349, 7716, 82608, 27687, 94258, 61177, 19850, 44047, 92289, 49794, 131, 61154, 17533, 83255, 24880, 13474, 20465, 66149, 81614, 77345, 26325, 72028, 69425, 15470, 15680, 19039, 17414, 95532, 99753, 64061, 49558, 15637, 22306, 65014, 62091, 52203, 84337, 94411, 84251, 28492, 75245, 28465, 70125, 41368, 3772, 92818, 93186, 81522, 78917, 98840, 78883, 32186, 85911, 99799, 40356, 70715, 11250, 65941, 42163, 51363, 35235, 40915, 57303, 85960, 46533, 47833, 41687, 22481, 96665, 9487, 24562, 50968, 64863, 88764, 59323, 15059, 55914, 28676, 88190, 1795, 86421, 11311, 32528, 70875, 56572, 6236, 6903, 71506, 5327, 93604, 6266, 84343, 83571, 58099, 99157, 47696, 44352, 40873, 74802, 44404, 34116, 97783, 98658, 80555, 13709, 13627, 18371, 61252, 34777, 68109, 71807, 15374, 55547, 67238, 83509, 20751, 65156, 3519, 18727, 89665, 3553, 32074, 17864, 59476, 23667, 7967, 92691, 9233, 56554, 57377, 8525, 38222, 21121, 52719, 87289, 88511, 32222, 18024, 44317, 83154, 37302, 94375, 71826, 22353]})"
146.0,3,12,7,4.707787990570068,418,"Genotype(dna={""<class 'abc.NT_0012'>"": [0, 48767], ""<class 'abc.NT_0012_P_00000'>"": [], ""<class 'abc.NT_0007'>"": [0, 0, 71489], ""<class 'abc.NT_0007_P_00000'>"": [], ""<class 'abc.NT_0002'>"": [0, 0, 75613], ""<class 'abc.NT_0002_P_00000'>"": [], ""<class 'abc.NT_0000'>"": [92029, 0, 0, 0, 0, 0, 0, 0, 48767], ""<class 'abc.NT_0000_P_00000'>"": [], ""<class 'abc.NT_0001'>"": [0, 0, 35484, 0, 39358], ""<class 'abc.NT_0001_P_00000'>"": [], ""<class 'bool'>"": [1464, 82030, 79890, 62717, 44634, 10265], ""<class 'int'>"": [25155, 52427, 13216, 14861, 37066, 6390, 14416], ""<class 'abc.NT_0005'>"": [0, 24163], ""<class 'abc.NT_0005_P_00000'>"": [], ""<class 'abc.NT_0003'>"": [0, 80374], ""<class 'abc.NT_0003_P_00000'>"": [], ""<class 'abc.NT_0004'>"": [0, 14425], ""<class 'abc.NT_0004_P_00000'>"": [], '$leftovers': [163, 20423, 35704, 67922, 24590, 58818, 53810, 46350, 11129, 6095, 19476, 98594, 6278, 74275, 91226, 19965, 52922, 31291, 87601, 74937, 7776, 63270, 39959, 23511, 93727, 80270, 6032, 67755, 54334, 60506, 70575, 44043, 30271, 60889, 51977, 13927, 84948, 85045, 49224, 54883, 536, 23068, 58290, 1464, 29404, 58179, 79523, 44883, 27497, 78591, 40402, 3905, 13720, 80070, 63777, 96202, 86907, 21252, 83339, 8451, 4216, 11473, 36960, 98715, 47672, 7435, 3387, 58242, 117, 32742, 82327, 5450, 17682, 45577, 29700, 27410, 17216, 65514, 59285, 28639, 86901, 6425, 35964, 85345, 60986, 89356, 18565, 46391, 78539, 26349, 53664, 28292, 29717, 74508, 86898, 13966, 75152, 42435, 33592, 39792, 71515, 14492, 26795, 30864, 19067, 26283, 52220, 73589, 52257, 88146, 9433, 53257, 90191, 42971, 75569, 10739, 71577, 63519, 22114, 47213, 87842, 68006, 26214, 12444, 75417, 71955, 73457, 73449, 83934, 42585, 60500, 157, 87968, 21762, 73329, 95286, 25282, 47168, 66009, 22334, 24623, 84138, 18546, 93852, 80229, 49043, 21103, 56671, 27838, 68024, 26171, 826, 95203, 40956, 41032, 36349, 99761, 40446, 35246, 52954, 44269, 15456, 22749, 41363, 18686, 17485, 34810, 14074, 20528, 70661, 16201, 56641, 700, 48143, 68701, 17664, 7348, 22706, 75426, 11605, 44909, 5501, 13464, 15473, 77589, 5559, 4062, 50154, 27024, 95424, 36206, 8164, 65648, 16196, 10305, 13781, 3081, 20280, 73957, 89266, 19139, 51589, 47106, 18539, 11029, 88925, 10475, 34607, 7783, 42970, 98214, 35487, 6602, 37262, 61145, 66754, 76835, 82476, 56633, 91459, 97237, 97930, 32935, 16390, 3077, 33974, 97485, 15550, 61108, 82297, 56279, 33690, 21103, 64732, 99559, 65457, 78760, 40726, 10196, 85681, 86807, 71873, 53062, 84823, 2649, 43125, 16886, 93430, 47549, 8415, 52869, 3067, 68376, 8278, 627, 3454, 19929, 87992, 9837, 87496, 93909, 5952, 86670, 98143, 13121, 78538, 81857, 8378, 63785, 33530, 56466, 7598, 80394, 57099, 50257, 84150, 5729, 21025, 75396, 9768, 49091, 79868, 23628, 18357, 45375, 45005, 33508, 79271, 5327, 48219, 58575, 68602, 20042, 25008, 24942, 85822, 22193, 62124, 91774, 83815, 6085, 97962, 45604, 96076, 74659, 47247, 75365, 58315, 57857, 57259, 24636, 96619, 97542, 51208, 98718, 52931, 97316, 41192, 15279, 7210, 54406, 247, 89579, 12983, 58430, 10065, 26231, 36885, 6634, 52581, 14789, 22814, 46946, 78176, 39940, 40345, 74339, 80792, 72156, 7524, 82132, 78051, 59878, 12749, 42593, 53902, 35754, 96731, 72399, 5976, 51156, 21417, 21192, 38502, 75403, 10646, 71426, 36251, 91655, 64159, 45256, 1605, 61782, 20007, 19617, 38840, 14126, 33008, 13891, 1542, 3280, 62601, 13269, 81565, 41133, 2138, 93829, 53120, 25805, 52468, 3847, 74944, 47441, 34875, 98957, 8135, 3377, 4035, 23912, 50795, 1265, 92020, 62920, 53459, 32773, 47493, 87125, 50283, 45891, 2908, 11015, 52571, 84194, 34428, 62817, 62805, 54456, 71366, 80662, 68606, 2712, 9596, 60455, 30119, 41946, 2559, 56752, 34846, 59033, 82489, 26307, 20119, 3907, 45618, 85013, 21111, 32293, 40929, 67499, 7374, 94701, 64121, 29213, 506, 99413, 36659, 15209, 74412, 8755, 20236, 9591, 79996, 26804, 79633, 93152, 26565, 39238, 28062, 36980, 90505, 89252, 249, 15924, 50556, 60094, 93699, 67899, 89338, 91288, 85908, 2980, 62517, 89646, 80027, 70516, 91634, 726, 94125, 77668, 2035, 13509, 26549, 47125, 85195, 94355, 3213, 2457, 29633, 68038, 80246, 93567, 87294, 50938, 58162, 9515, 77759, 31894, 50546, 31601, 20126, 31885, 42454, 26687, 8762, 72916, 2629, 11901, 46927, 41655, 45469, 28968, 40358, 49005, 84438, 8187, 37740, 71293, 37380, 12998, 51524, 46967, 63805, 7610, 87902, 24153, 19642, 38343, 66433, 71056, 64623, 51571, 31214, 49198, 82612, 24645, 5538, 75751, 68335, 4270, 76100, 32924, 82299, 17932, 26504, 47583, 60083, 72493, 64065, 25082, 55548, 37620, 14926, 14407, 506, 18046, 13282, 5583, 66424, 6341, 59228, 72986, 11228, 83278, 87250, 44394, 70123, 84805, 18362, 90667, 27431, 80305, 27185, 97190, 61867, 46858, 53308, 85743, 49732, 50383, 51593, 65435, 23492, 10787, 95933, 21762, 60947, 91263, 9417, 42493, 1032, 93831, 79203, 45694, 35445, 92247, 48342, 60502, 30365, 60872, 28771, 44236, 40885, 97145, 31439, 87521, 274, 50645, 68141, 90278, 17680, 74853, 35915, 45025, 95252, 65828, 38957, 99331, 88752, 16323, 10385, 43407, 90304, 3413, 6012, 40445, 59995, 13115, 38046, 79584, 22150, 93306, 6489, 62962, 77379, 7329, 68016, 91557, 91183, 31493, 41299, 62874, 64774, 85150, 57442, 33993, 69042, 77819, 41940, 4784, 31377, 30989, 51800, 91509, 55217, 74791, 76044, 97431, 9623, 35743, 66230, 72534, 75387, 61476, 45720, 57644, 67987, 81836, 29647, 95959, 99919, 85760, 85962, 52011, 67856, 78934, 7301, 61312, 43062, 2306, 42776, 4652, 16104, 78797, 79390, 53791, 83900, 64005, 63771, 89707, 47264, 72692, 19507, 15309, 11642, 47647, 10265, 39254, 24855, 87954, 7294, 16028, 18266, 71803, 59196, 69812, 80668, 93801, 1093, 69314, 65372, 36986, 31410, 58786, 80908, 67189, 90360, 80449, 52506, 32921, 16483, 63616, 42226, 77986, 9250, 40921, 95054, 9801, 74351, 72801, 57176, 58253, 98976, 22541, 41265, 36530, 92195, 37566, 33584, 87874, 91263, 90056, 59712, 72182, 53512, 45572, 12851, 60565, 94610, 56750, 1298, 43315, 86522, 11845, 78502, 1838, 67638, 31775, 42733, 58631, 89950, 43397, 78382, 40270, 73301, 70474, 23979, 12753, 90636, 29193, 7405, 50231, 20196, 25696, 66575, 70341, 18061, 80908, 82459, 44136, 73082, 64287, 28679, 63851, 95451, 94320, 61058, 24260, 54382, 25309, 12934, 72906, 23560, 22968, 68693, 63113, 69104, 67891, 30261, 70734, 8989, 51882, 78348, 71661, 72429, 56621, 63046, 46367, 9497, 51223, 73352, 88317, 55270, 41554, 45393, 37756, 22314, 45953, 11785, 21164, 12218, 48419, 85157, 20477, 81419, 20414, 69688, 87661, 79035, 71741, 72044, 65147, 40029, 7309, 18942, 181, 29642, 77431, 26894, 28657, 8966, 83650, 15809, 3324, 33621, 64860, 11004, 79773, 58413, 81890, 15080, 36033, 91783, 28627, 20810, 50089, 49428, 61882, 17232, 9147, 39053, 70044, 67659, 40502, 11700, 33809, 6025, 60349, 7716, 82608, 27687, 94258, 61177, 19850, 44047, 92289, 49794, 131, 61154, 17533, 83255, 24880, 13474, 20465, 66149, 81614, 77345, 26325, 72028, 69425, 15470, 15680, 19039, 17414, 95532, 99753, 64061, 49558, 15637, 22306, 65014, 62091, 52203, 84337, 94411, 84251, 28492, 75245, 28465, 70125, 41368, 3772, 92818, 93186, 81522, 78917, 98840, 78883, 32186, 85911, 99799, 40356, 70715, 11250, 65941, 42163, 51363, 35235, 40915, 57303, 85960, 46533, 47833, 41687, 22481, 96665, 9487, 24562, 50968, 64863, 88764, 59323, 15059, 55914, 28676, 88190, 1795, 86421, 11311, 32528, 70875, 56572, 6236, 6903, 71506, 5327, 93604, 6266, 84343, 83571, 58099, 99157, 47696, 44352, 40873, 74802, 44404, 34116, 97783, 98658, 80555, 13709, 13627, 18371, 61252, 34777, 68109, 71807, 15374, 55547, 67238, 83509, 20751, 65156, 3519, 18727, 89665, 3553, 32074, 17864, 59476, 23667, 7967, 92691, 9233, 56554, 57377, 8525, 38222, 21121, 52719, 87289, 88511, 32222, 18024, 44317, 83154, 37302, 94375, 71826, 22353]})"
142.0,3,12,8,5.015760898590088,418,"Genotype(dna={""<class 'abc.NT_0012'>"": [0, 48767], ""<class 'abc.NT_0012_P_00000'>"": [], ""<class 'abc.NT_0007'>"": [0, 0, 71489], ""<class 'abc.NT_0007_P_00000'>"": [], ""<class 'abc.NT_0002'>"": [0, 0, 75613], ""<class 'abc.NT_0002_P_00000'>"": [], ""<class 'abc.NT_0000'>"": [79883, 95135, 57030, 0, 0, 78640, 0, 0, 94861], ""<class 'abc.NT_0000_P_00000'>"": [], ""<class 'abc.NT_0001'>"": [0, 0, 45262, 0, 39358], ""<class 'abc.NT_0001_P_00000'>"": [], ""<class 'bool'>"": [28388, 41936, 41546, 8512, 18623, 7781], ""<class 'int'>"": [25155, 52427, 13216, 25132, 37066, 6390, 14416], ""<class 'abc.NT_0005'>"": [0, 37639], ""<class 'abc.NT_0005_P_00000'>"": [], ""<class 'abc.NT_0003'>"": [0, 80374], ""<class 'abc.NT_0003_P_00000'>"": [], ""<class 'abc.NT_0004'>"": [0, 14425], ""<class 'abc.NT_0004_P_00000'>"": [], '$leftovers': [66514, 62039, 83920, 31862, 74983, 79649, 86610, 33133, 30425, 54210, 91390, 72548, 23509, 35984, 63823, 77479, 22746, 23563, 53368, 22601, 41342, 83215, 70942, 23856, 97618, 3170, 87127, 13394, 18449, 24396, 88202, 18841, 69274, 9647, 40387, 21251, 87647, 6587, 89353, 41351, 36189, 78657, 52808, 51920, 29255, 18170, 51437, 24418, 34076, 28007, 21845, 45536, 4553, 96638, 20238, 63187, 18132, 59683, 56246, 50097, 10618, 12905, 75496, 84334, 31746, 49387, 20295, 83420, 3334, 15341, 44928, 87717, 54812, 86762, 53566, 18369, 78941, 21389, 598, 42410, 75291, 64089, 73760, 58041, 41686, 70180, 27405, 26682, 82107, 38141, 40360, 83041, 66783, 70352, 46900, 30763, 17474, 34034, 11624, 8098, 90181, 89142, 52731, 36036, 86099, 15983, 11869, 25928, 58414, 41309, 35731, 1234, 96531, 2202, 83806, 79182, 23806, 61979, 94406, 76634, 16137, 11491, 84456, 34015, 43659, 23072, 60980, 49037, 51418, 52359, 20245, 86996, 969, 39411, 9926, 77654, 80714, 46232, 23646, 90536, 64394, 17717, 47186, 61072, 23438, 26886, 25784, 84801, 91075, 50234, 1703, 7578, 19600, 74648, 26104, 39358, 73570, 3584, 90725, 8373, 50978, 16682, 35026, 90364, 85743, 70016, 79132, 54090, 50776, 40960, 14998, 51245, 62347, 14945, 78552, 43833, 77248, 46630, 79581, 31661, 29383, 92280, 27639, 19546, 635, 38441, 47756, 59628, 54217, 29353, 33258, 90203, 42465, 83660, 70935, 53356, 5162, 90730, 59622, 94781, 31267, 94337, 20977, 68142, 53046, 3477, 14641, 70647, 87320, 66878, 8729, 89562, 73540, 33640, 52753, 91185, 69630, 26759, 20587, 91094, 1457, 73415, 58881, 11794, 66105, 65579, 38541, 49099, 67418, 85871, 45203, 89595, 31135, 74472, 27410, 64850, 12537, 43358, 79531, 66052, 20155, 1831, 33050, 39990, 65752, 26420, 29822, 62423, 52661, 11297, 16938, 97741, 33481, 77329, 88522, 49596, 2153, 61050, 2735, 76375, 8107, 95511, 65249, 14018, 72194, 66854, 34653, 58407, 99824, 69779, 83273, 64774, 99598, 47065, 79552, 91215, 98542, 31085, 1344, 31837, 51959, 32156, 82108, 72548, 24506, 6891, 66930, 73053, 10011, 54112, 65348, 15974, 29074, 57050, 33852, 97358, 8954, 17470, 27517, 64616, 5346, 63575, 78940, 50514, 37235, 23836, 12019, 55545, 75529, 39590, 39282, 69181, 61371, 16668, 64663, 47227, 46251, 56990, 9167, 83922, 53611, 57808, 46741, 49046, 87, 19112, 95604, 84999, 42011, 21219, 66029, 14110, 93900, 47858, 4679, 8538, 60826, 22759, 64139, 44874, 37503, 74499, 63637, 38507, 33870, 53029, 7092, 89194, 47393, 88746, 41735, 3169, 87801, 66383, 90300, 85365, 23306, 30007, 350, 27279, 78935, 15361, 9692, 18993, 94210, 96941, 31882, 600, 95407, 39003, 17946, 6674, 44554, 89168, 30187, 2063, 61855, 24558, 85642, 14739, 16033, 8325, 17515, 47923, 46537, 10828, 36772, 41394, 9987, 55025, 90161, 89977, 79350, 8238, 56153, 88354, 15866, 43173, 55496, 16134, 21113, 12, 94707, 87215, 3210, 73601, 14828, 10015, 21237, 47328, 19829, 40371, 94920, 28491, 9701, 44381, 58614, 95094, 92402, 31371, 91199, 69687, 77053, 50304, 38668, 49047, 18462, 18071, 26934, 48716, 51856, 27825, 61131, 81129, 83965, 87170, 13472, 27986, 13676, 28283, 15097, 57464, 73718, 35584, 82066, 14866, 78505, 47987, 73876, 87552, 54716, 2843, 59000, 11299, 23207, 28791, 79077, 63775, 86628, 33278, 48171, 73041, 28685, 41195, 35563, 60053, 7307, 67239, 36942, 21507, 50498, 84337, 56877, 15997, 91106, 597, 17312, 15147, 28874, 25833, 69715, 26776, 53781, 62117, 70275, 62564, 80107, 90309, 97652, 62844, 21713, 98825, 18484, 96117, 46992, 26976, 36540, 268, 20939, 95381, 414, 46767, 6751, 76480, 80570, 35253, 71366, 53845, 48095, 59667, 68328, 82679, 2938, 54325, 67590, 44439, 57923, 49293, 35279, 3063, 22509, 63488, 63788, 96873, 64254, 32182, 83479, 83226, 85902, 38003, 52449, 2971, 30962, 2102, 96767, 4380, 27052, 53361, 60759, 17501, 86962, 36937, 26093, 74262, 53316, 27948, 33976, 24617, 89585, 67824, 6783, 12082, 12113, 61599, 67135, 58790, 19194, 96157, 60709, 25759, 8736, 54694, 49205, 48497, 98351, 9784, 93000, 13212, 23679, 64582, 98663, 67834, 28778, 15499, 62447, 21901, 38995, 45405, 75017, 95269, 68332, 51154, 39338, 91412, 21000, 39598, 5254, 14491, 5240, 87454, 42778, 27123, 84496, 55875, 26082, 69286, 37272, 43814, 21025, 2755, 73018, 2525, 45053, 41993, 85358, 71300, 5635, 93049, 79471, 13039, 28444, 41469, 88809, 4865, 28993, 82309, 72171, 70623, 60612, 66137, 6262, 78420, 65021, 21769, 7657, 17074, 57744, 73354, 84444, 71272, 33248, 30606, 47958, 10795, 36472, 60770, 81655, 88863, 250, 34968, 12277, 78503, 42283, 21793, 16745, 261, 97410, 33926, 40987, 79128, 38811, 57796, 44381, 50721, 75270, 44583, 33962, 97598, 17682, 28068, 13125, 91067, 89882, 26715, 25384, 74331, 89407, 14947, 78022, 95535, 49680, 62690, 26795, 15501, 49305, 98519, 68019, 23640, 36086, 81675, 74105, 84965, 79615, 59474, 32310, 828, 78311, 16041, 86694, 2219, 58894, 92088, 50618, 87358, 18798, 66020, 66491, 50367, 32691, 91076, 48215, 21090, 45456, 38806, 23448, 41331, 69626, 41502, 79937, 23957, 90870, 93453, 61607, 10380, 45280, 76461, 46041, 84671, 74991, 33953, 43268, 3685, 93154, 43241, 71342, 21712, 7548, 62016, 42650, 63716, 96177, 92429, 30722, 34963, 32771, 9652, 58610, 43025, 66742, 66985, 92411, 16818, 43482, 63132, 1269, 52666, 11401, 72493, 40123, 47150, 38648, 25728, 40484, 72168, 53812, 60820, 53095, 68694, 66006, 66376, 26800, 67391, 96349, 6364, 21003, 67493, 11165, 753, 32397, 51956, 32489, 75245, 50907, 74230, 20597, 24072, 95982, 6309, 78258, 24708, 56550, 14001, 5797, 14644, 94208, 93205, 80015, 27644, 47562, 25421, 10959, 1813, 15471, 25080, 35370, 15699, 55919, 93763, 64429, 98363, 15489, 28574, 3254, 58025, 19971, 39160, 66508, 36965, 72023, 86391, 37522, 11321, 97067, 96942, 63001, 77165, 13525, 12707, 32225, 38792, 3681, 50425, 96215, 48875, 29957, 6834, 89104, 85273, 4281, 76337, 15809, 48204, 49049, 18664, 74707, 77394, 92519, 97211, 26594, 32097, 20303, 41340, 20834, 17456, 2942, 22394, 40666, 19104, 64464, 84874, 13484, 53397, 66343, 65277, 38014, 55195, 60372, 37340, 18801, 82015, 56595, 55221, 88495, 79738, 23329, 63278, 32902, 34398, 18001, 56742, 32213, 31488, 59134, 20505, 4026, 90895, 27116, 30297, 1847, 38709, 72351, 77929, 36254, 3202, 9297, 82366, 3264, 93673, 89348, 23500, 92180, 92120, 78304, 5036, 63632, 7476, 65426, 91751, 88945, 86267, 59947, 82376, 21761, 66402, 50454, 33859, 99883, 68284, 80606, 42062, 5657, 45352, 51205, 24989, 6098, 71277, 98358, 34413, 5640, 59324, 22162, 4511, 42165, 70961, 77656, 96737, 79906, 74827, 62868, 58751, 82863, 89281, 92167, 54287, 30488, 44661, 39834, 69596, 51736, 65565, 74777, 19867, 94259, 67318, 63603, 74045, 55950, 26926, 49129, 15579, 42126, 36681, 68347, 93177, 34727, 41898, 79720, 99738, 42795, 36694, 77763, 83302, 9654, 72952, 47546, 87819, 26071, 60334, 22608, 20834, 80410, 10699, 70816, 33668, 75954, 35435, 97652, 16610, 65701, 78673, 44427, 78562, 93296, 10028, 17508, 3472, 31275, 11048, 86960, 31129, 85823, 53231, 89164, 63950, 37639, 77640, 7781, 90168, 94861, 88567]})"
142.0,3,12,9,5.365779161453247,418,"Genotype(dna={""<class 'abc.NT_0012'>"": [0, 48767], ""<class 'abc.NT_0012_P_00000'>"": [], ""<class 'abc.NT_0007'>"": [0, 0, 71489], ""<class 'abc.NT_0007_P_00000'>"": [], ""<class 'abc.NT_0002'>"": [0, 0, 75613], ""<class 'abc.NT_0002_P_00000'>"": [], ""<class 'abc.NT_0000'>"": [79883, 95135, 57030, 0, 0, 78640, 0, 0, 94861], ""<class 'abc.NT_0000_P_00000'>"": [], ""<class 'abc.NT_0001'>"": [0, 0, 45262, 0, 39358], ""<class 'abc.NT_0001_P_00000'>"": [], ""<class 'bool'>"": [28388, 41936, 41546, 8512, 18623, 7781], ""<class 'int'>"": [25155, 52427, 13216, 25132, 37066, 6390, 14416], ""<class 'abc.NT_0005'>"": [0, 37639], ""<class 'abc.NT_0005_P_00000'>"": [], ""<class 'abc.NT_0003'>"": [0, 80374], ""<class 'abc.NT_0003_P_00000'>"": [], ""<class 'abc.NT_0004'>"": [0, 14425], ""<class 'abc.NT_0004_P_00000'>"": [], '$leftovers': [66514, 62039, 83920, 31862, 74983, 79649, 86610, 33133, 30425, 54210, 91390, 72548, 23509, 35984, 63823, 77479, 22746, 23563, 53368, 22601, 41342, 83215, 70942, 23856, 97618, 3170, 87127, 13394, 18449, 24396, 88202, 18841, 69274, 9647, 40387, 21251, 87647, 6587, 89353, 41351, 36189, 78657, 52808, 51920, 29255, 18170, 51437, 24418, 34076, 28007, 21845, 45536, 4553, 96638, 20238, 63187, 18132, 59683, 56246, 50097, 10618, 12905, 75496, 84334, 31746, 49387, 20295, 83420, 3334, 15341, 44928, 87717, 54812, 86762, 53566, 18369, 78941, 21389, 598, 42410, 75291, 64089, 73760, 58041, 41686, 70180, 27405, 26682, 82107, 38141, 40360, 83041, 66783, 70352, 46900, 30763, 17474, 34034, 11624, 8098, 90181, 89142, 52731, 36036, 86099, 15983, 11869, 25928, 58414, 41309, 35731, 1234, 96531, 2202, 83806, 79182, 23806, 61979, 94406, 76634, 16137, 11491, 84456, 34015, 43659, 23072, 60980, 49037, 51418, 52359, 20245, 86996, 969, 39411, 9926, 77654, 80714, 46232, 23646, 90536, 64394, 17717, 47186, 61072, 23438, 26886, 25784, 84801, 91075, 50234, 1703, 7578, 19600, 74648, 26104, 39358, 73570, 3584, 90725, 8373, 50978, 16682, 35026, 90364, 85743, 70016, 79132, 54090, 50776, 40960, 14998, 51245, 62347, 14945, 78552, 43833, 77248, 46630, 79581, 31661, 29383, 92280, 27639, 19546, 635, 38441, 47756, 59628, 54217, 29353, 33258, 90203, 42465, 83660, 70935, 53356, 5162, 90730, 59622, 94781, 31267, 94337, 20977, 68142, 53046, 3477, 14641, 70647, 87320, 66878, 8729, 89562, 73540, 33640, 52753, 91185, 69630, 26759, 20587, 91094, 1457, 73415, 58881, 11794, 66105, 65579, 38541, 49099, 67418, 85871, 45203, 89595, 31135, 74472, 27410, 64850, 12537, 43358, 79531, 66052, 20155, 1831, 33050, 39990, 65752, 26420, 29822, 62423, 52661, 11297, 16938, 97741, 33481, 77329, 88522, 49596, 2153, 61050, 2735, 76375, 8107, 95511, 65249, 14018, 72194, 66854, 34653, 58407, 99824, 69779, 83273, 64774, 99598, 47065, 79552, 91215, 98542, 31085, 1344, 31837, 51959, 32156, 82108, 72548, 24506, 6891, 66930, 73053, 10011, 54112, 65348, 15974, 29074, 57050, 33852, 97358, 8954, 17470, 27517, 64616, 5346, 63575, 78940, 50514, 37235, 23836, 12019, 55545, 75529, 39590, 39282, 69181, 61371, 16668, 64663, 47227, 46251, 56990, 9167, 83922, 53611, 57808, 46741, 49046, 87, 19112, 95604, 84999, 42011, 21219, 66029, 14110, 93900, 47858, 4679, 8538, 60826, 22759, 64139, 44874, 37503, 74499, 63637, 38507, 33870, 53029, 7092, 89194, 47393, 88746, 41735, 3169, 87801, 66383, 90300, 85365, 23306, 30007, 350, 27279, 78935, 15361, 9692, 18993, 94210, 96941, 31882, 600, 95407, 39003, 17946, 6674, 44554, 89168, 30187, 2063, 61855, 24558, 85642, 14739, 16033, 8325, 17515, 47923, 46537, 10828, 36772, 41394, 9987, 55025, 90161, 89977, 79350, 8238, 56153, 88354, 15866, 43173, 55496, 16134, 21113, 12, 94707, 87215, 3210, 73601, 14828, 10015, 21237, 47328, 19829, 40371, 94920, 28491, 9701, 44381, 58614, 95094, 92402, 31371, 91199, 69687, 77053, 50304, 38668, 49047, 18462, 18071, 26934, 48716, 51856, 27825, 61131, 81129, 83965, 87170, 13472, 27986, 13676, 28283, 15097, 57464, 73718, 35584, 82066, 14866, 78505, 47987, 73876, 87552, 54716, 2843, 59000, 11299, 23207, 28791, 79077, 63775, 86628, 33278, 48171, 73041, 28685, 41195, 35563, 60053, 7307, 67239, 36942, 21507, 50498, 84337, 56877, 15997, 91106, 597, 17312, 15147, 28874, 25833, 69715, 26776, 53781, 62117, 70275, 62564, 80107, 90309, 97652, 62844, 21713, 98825, 18484, 96117, 46992, 26976, 36540, 268, 20939, 95381, 414, 46767, 6751, 76480, 80570, 35253, 71366, 53845, 48095, 59667, 68328, 82679, 2938, 54325, 67590, 44439, 57923, 49293, 35279, 3063, 22509, 63488, 63788, 96873, 64254, 32182, 83479, 83226, 85902, 38003, 52449, 2971, 30962, 2102, 96767, 4380, 27052, 53361, 60759, 17501, 86962, 36937, 26093, 74262, 53316, 27948, 33976, 24617, 89585, 67824, 6783, 12082, 12113, 61599, 67135, 58790, 19194, 96157, 60709, 25759, 8736, 54694, 49205, 48497, 98351, 9784, 93000, 13212, 23679, 64582, 98663, 67834, 28778, 15499, 62447, 21901, 38995, 45405, 75017, 95269, 68332, 51154, 39338, 91412, 21000, 39598, 5254, 14491, 5240, 87454, 42778, 27123, 84496, 55875, 26082, 69286, 37272, 43814, 21025, 2755, 73018, 2525, 45053, 41993, 85358, 71300, 5635, 93049, 79471, 13039, 28444, 41469, 88809, 4865, 28993, 82309, 72171, 70623, 60612, 66137, 6262, 78420, 65021, 21769, 7657, 17074, 57744, 73354, 84444, 71272, 33248, 30606, 47958, 10795, 36472, 60770, 81655, 88863, 250, 34968, 12277, 78503, 42283, 21793, 16745, 261, 97410, 33926, 40987, 79128, 38811, 57796, 44381, 50721, 75270, 44583, 33962, 97598, 17682, 28068, 13125, 91067, 89882, 26715, 25384, 74331, 89407, 14947, 78022, 95535, 49680, 62690, 26795, 15501, 49305, 98519, 68019, 23640, 36086, 81675, 74105, 84965, 79615, 59474, 32310, 828, 78311, 16041, 86694, 2219, 58894, 92088, 50618, 87358, 18798, 66020, 66491, 50367, 32691, 91076, 48215, 21090, 45456, 38806, 23448, 41331, 69626, 41502, 79937, 23957, 90870, 93453, 61607, 10380, 45280, 76461, 46041, 84671, 74991, 33953, 43268, 3685, 93154, 43241, 71342, 21712, 7548, 62016, 42650, 63716, 96177, 92429, 30722, 34963, 32771, 9652, 58610, 43025, 66742, 66985, 92411, 16818, 43482, 63132, 1269, 52666, 11401, 72493, 40123, 47150, 38648, 25728, 40484, 72168, 53812, 60820, 53095, 68694, 66006, 66376, 26800, 67391, 96349, 6364, 21003, 67493, 11165, 753, 32397, 51956, 32489, 75245, 50907, 74230, 20597, 24072, 95982, 6309, 78258, 24708, 56550, 14001, 5797, 14644, 94208, 93205, 80015, 27644, 47562, 25421, 10959, 1813, 15471, 25080, 35370, 15699, 55919, 93763, 64429, 98363, 15489, 28574, 3254, 58025, 19971, 39160, 66508, 36965, 72023, 86391, 37522, 11321, 97067, 96942, 63001, 77165, 13525, 12707, 32225, 38792, 3681, 50425, 96215, 48875, 29957, 6834, 89104, 85273, 4281, 76337, 15809, 48204, 49049, 18664, 74707, 77394, 92519, 97211, 26594, 32097, 20303, 41340, 20834, 17456, 2942, 22394, 40666, 19104, 64464, 84874, 13484, 53397, 66343, 65277, 38014, 55195, 60372, 37340, 18801, 82015, 56595, 55221, 88495, 79738, 23329, 63278, 32902, 34398, 18001, 56742, 32213, 31488, 59134, 20505, 4026, 90895, 27116, 30297, 1847, 38709, 72351, 77929, 36254, 3202, 9297, 82366, 3264, 93673, 89348, 23500, 92180, 92120, 78304, 5036, 63632, 7476, 65426, 91751, 88945, 86267, 59947, 82376, 21761, 66402, 50454, 33859, 99883, 68284, 80606, 42062, 5657, 45352, 51205, 24989, 6098, 71277, 98358, 34413, 5640, 59324, 22162, 4511, 42165, 70961, 77656, 96737, 79906, 74827, 62868, 58751, 82863, 89281, 92167, 54287, 30488, 44661, 39834, 69596, 51736, 65565, 74777, 19867, 94259, 67318, 63603, 74045, 55950, 26926, 49129, 15579, 42126, 36681, 68347, 93177, 34727, 41898, 79720, 99738, 42795, 36694, 77763, 83302, 9654, 72952, 47546, 87819, 26071, 60334, 22608, 20834, 80410, 10699, 70816, 33668, 75954, 35435, 97652, 16610, 65701, 78673, 44427, 78562, 93296, 10028, 17508, 3472, 31275, 11048, 86960, 31129, 85823, 53231, 89164, 63950, 37639, 77640, 7781, 90168, 94861, 88567]})"
142.0,3,12,10,5.667792797088623,418,"Genotype(dna={""<class 'abc.NT_0012'>"": [0, 48767], ""<class 'abc.NT_0012_P_00000'>"": [], ""<class 'abc.NT_0007'>"": [0, 0, 71489], ""<class 'abc.NT_0007_P_00000'>"": [], ""<class 'abc.NT_0002'>"": [0, 0, 75613], ""<class 'abc.NT_0002_P_00000'>"": [], ""<class 'abc.NT_0000'>"": [79883, 95135, 57030, 0, 0, 78640, 0, 0, 94861], ""<class 'abc.NT_0000_P_00000'>"": [], ""<class 'abc.NT_0001'>"": [0, 0, 45262, 0, 39358], ""<class 'abc.NT_0001_P_00000'>"": [], ""<class 'bool'>"": [28388, 41936, 41546, 8512, 18623, 7781], ""<class 'int'>"": [25155, 52427, 13216, 25132, 37066, 6390, 14416], ""<class 'abc.NT_0005'>"": [0, 37639], ""<class 'abc.NT_0005_P_00000'>"": [], ""<class 'abc.NT_0003'>"": [0, 80374], ""<class 'abc.NT_0003_P_00000'>"": [], ""<class 'abc.NT_0004'>"": [0, 14425], ""<class 'abc.NT_0004_P_00000'>"": [], '$leftovers': [66514, 62039, 83920, 31862, 74983, 79649, 86610, 33133, 30425, 54210, 91390, 72548, 23509, 35984, 63823, 77479, 22746, 23563, 53368, 22601, 41342, 83215, 70942, 23856, 97618, 3170, 87127, 13394, 18449, 24396, 88202, 18841, 69274, 9647, 40387, 21251, 87647, 6587, 89353, 41351, 36189, 78657, 52808, 51920, 29255, 18170, 51437, 24418, 34076, 28007, 21845, 45536, 4553, 96638, 20238, 63187, 18132, 59683, 56246, 50097, 10618, 12905, 75496, 84334, 31746, 49387, 20295, 83420, 3334, 15341, 44928, 87717, 54812, 86762, 53566, 18369, 78941, 21389, 598, 42410, 75291, 64089, 73760, 58041, 41686, 70180, 27405, 26682, 82107, 38141, 40360, 83041, 66783, 70352, 46900, 30763, 17474, 34034, 11624, 8098, 90181, 89142, 52731, 36036, 86099, 15983, 11869, 25928, 58414, 41309, 35731, 1234, 96531, 2202, 83806, 79182, 23806, 61979, 94406, 76634, 16137, 11491, 84456, 34015, 43659, 23072, 60980, 49037, 51418, 52359, 20245, 86996, 969, 39411, 9926, 77654, 80714, 46232, 23646, 90536, 64394, 17717, 47186, 61072, 23438, 26886, 25784, 84801, 91075, 50234, 1703, 7578, 19600, 74648, 26104, 39358, 73570, 3584, 90725, 8373, 50978, 16682, 35026, 90364, 85743, 70016, 79132, 54090, 50776, 40960, 14998, 51245, 62347, 14945, 78552, 43833, 77248, 46630, 79581, 31661, 29383, 92280, 27639, 19546, 635, 38441, 47756, 59628, 54217, 29353, 33258, 90203, 42465, 83660, 70935, 53356, 5162, 90730, 59622, 94781, 31267, 94337, 20977, 68142, 53046, 3477, 14641, 70647, 87320, 66878, 8729, 89562, 73540, 33640, 52753, 91185, 69630, 26759, 20587, 91094, 1457, 73415, 58881, 11794, 66105, 65579, 38541, 49099, 67418, 85871, 45203, 89595, 31135, 74472, 27410, 64850, 12537, 43358, 79531, 66052, 20155, 1831, 33050, 39990, 65752, 26420, 29822, 62423, 52661, 11297, 16938, 97741, 33481, 77329, 88522, 49596, 2153, 61050, 2735, 76375, 8107, 95511, 65249, 14018, 72194, 66854, 34653, 58407, 99824, 69779, 83273, 64774, 99598, 47065, 79552, 91215, 98542, 31085, 1344, 31837, 51959, 32156, 82108, 72548, 24506, 6891, 66930, 73053, 10011, 54112, 65348, 15974, 29074, 57050, 33852, 97358, 8954, 17470, 27517, 64616, 5346, 63575, 78940, 50514, 37235, 23836, 12019, 55545, 75529, 39590, 39282, 69181, 61371, 16668, 64663, 47227, 46251, 56990, 9167, 83922, 53611, 57808, 46741, 49046, 87, 19112, 95604, 84999, 42011, 21219, 66029, 14110, 93900, 47858, 4679, 8538, 60826, 22759, 64139, 44874, 37503, 74499, 63637, 38507, 33870, 53029, 7092, 89194, 47393, 88746, 41735, 3169, 87801, 66383, 90300, 85365, 23306, 30007, 350, 27279, 78935, 15361, 9692, 18993, 94210, 96941, 31882, 600, 95407, 39003, 17946, 6674, 44554, 89168, 30187, 2063, 61855, 24558, 85642, 14739, 16033, 8325, 17515, 47923, 46537, 10828, 36772, 41394, 9987, 55025, 90161, 89977, 79350, 8238, 56153, 88354, 15866, 43173, 55496, 16134, 21113, 12, 94707, 87215, 3210, 73601, 14828, 10015, 21237, 47328, 19829, 40371, 94920, 28491, 9701, 44381, 58614, 95094, 92402, 31371, 91199, 69687, 77053, 50304, 38668, 49047, 18462, 18071, 26934, 48716, 51856, 27825, 61131, 81129, 83965, 87170, 13472, 27986, 13676, 28283, 15097, 57464, 73718, 35584, 82066, 14866, 78505, 47987, 73876, 87552, 54716, 2843, 59000, 11299, 23207, 28791, 79077, 63775, 86628, 33278, 48171, 73041, 28685, 41195, 35563, 60053, 7307, 67239, 36942, 21507, 50498, 84337, 56877, 15997, 91106, 597, 17312, 15147, 28874, 25833, 69715, 26776, 53781, 62117, 70275, 62564, 80107, 90309, 97652, 62844, 21713, 98825, 18484, 96117, 46992, 26976, 36540, 268, 20939, 95381, 414, 46767, 6751, 76480, 80570, 35253, 71366, 53845, 48095, 59667, 68328, 82679, 2938, 54325, 67590, 44439, 57923, 49293, 35279, 3063, 22509, 63488, 63788, 96873, 64254, 32182, 83479, 83226, 85902, 38003, 52449, 2971, 30962, 2102, 96767, 4380, 27052, 53361, 60759, 17501, 86962, 36937, 26093, 74262, 53316, 27948, 33976, 24617, 89585, 67824, 6783, 12082, 12113, 61599, 67135, 58790, 19194, 96157, 60709, 25759, 8736, 54694, 49205, 48497, 98351, 9784, 93000, 13212, 23679, 64582, 98663, 67834, 28778, 15499, 62447, 21901, 38995, 45405, 75017, 95269, 68332, 51154, 39338, 91412, 21000, 39598, 5254, 14491, 5240, 87454, 42778, 27123, 84496, 55875, 26082, 69286, 37272, 43814, 21025, 2755, 73018, 2525, 45053, 41993, 85358, 71300, 5635, 93049, 79471, 13039, 28444, 41469, 88809, 4865, 28993, 82309, 72171, 70623, 60612, 66137, 6262, 78420, 65021, 21769, 7657, 17074, 57744, 73354, 84444, 71272, 33248, 30606, 47958, 10795, 36472, 60770, 81655, 88863, 250, 34968, 12277, 78503, 42283, 21793, 16745, 261, 97410, 33926, 40987, 79128, 38811, 57796, 44381, 50721, 75270, 44583, 33962, 97598, 17682, 28068, 13125, 91067, 89882, 26715, 25384, 74331, 89407, 14947, 78022, 95535, 49680, 62690, 26795, 15501, 49305, 98519, 68019, 23640, 36086, 81675, 74105, 84965, 79615, 59474, 32310, 828, 78311, 16041, 86694, 2219, 58894, 92088, 50618, 87358, 18798, 66020, 66491, 50367, 32691, 91076, 48215, 21090, 45456, 38806, 23448, 41331, 69626, 41502, 79937, 23957, 90870, 93453, 61607, 10380, 45280, 76461, 46041, 84671, 74991, 33953, 43268, 3685, 93154, 43241, 71342, 21712, 7548, 62016, 42650, 63716, 96177, 92429, 30722, 34963, 32771, 9652, 58610, 43025, 66742, 66985, 92411, 16818, 43482, 63132, 1269, 52666, 11401, 72493, 40123, 47150, 38648, 25728, 40484, 72168, 53812, 60820, 53095, 68694, 66006, 66376, 26800, 67391, 96349, 6364, 21003, 67493, 11165, 753, 32397, 51956, 32489, 75245, 50907, 74230, 20597, 24072, 95982, 6309, 78258, 24708, 56550, 14001, 5797, 14644, 94208, 93205, 80015, 27644, 47562, 25421, 10959, 1813, 15471, 25080, 35370, 15699, 55919, 93763, 64429, 98363, 15489, 28574, 3254, 58025, 19971, 39160, 66508, 36965, 72023, 86391, 37522, 11321, 97067, 96942, 63001, 77165, 13525, 12707, 32225, 38792, 3681, 50425, 96215, 48875, 29957, 6834, 89104, 85273, 4281, 76337, 15809, 48204, 49049, 18664, 74707, 77394, 92519, 97211, 26594, 32097, 20303, 41340, 20834, 17456, 2942, 22394, 40666, 19104, 64464, 84874, 13484, 53397, 66343, 65277, 38014, 55195, 60372, 37340, 18801, 82015, 56595, 55221, 88495, 79738, 23329, 63278, 32902, 34398, 18001, 56742, 32213, 31488, 59134, 20505, 4026, 90895, 27116, 30297, 1847, 38709, 72351, 77929, 36254, 3202, 9297, 82366, 3264, 93673, 89348, 23500, 92180, 92120, 78304, 5036, 63632, 7476, 65426, 91751, 88945, 86267, 59947, 82376, 21761, 66402, 50454, 33859, 99883, 68284, 80606, 42062, 5657, 45352, 51205, 24989, 6098, 71277, 98358, 34413, 5640, 59324, 22162, 4511, 42165, 70961, 77656, 96737, 79906, 74827, 62868, 58751, 82863, 89281, 92167, 54287, 30488, 44661, 39834, 69596, 51736, 65565, 74777, 19867, 94259, 67318, 63603, 74045, 55950, 26926, 49129, 15579, 42126, 36681, 68347, 93177, 34727, 41898, 79720, 99738, 42795, 36694, 77763, 83302, 9654, 72952, 47546, 87819, 26071, 60334, 22608, 20834, 80410, 10699, 70816, 33668, 75954, 35435, 97652, 16610, 65701, 78673, 44427, 78562, 93296, 10028, 17508, 3472, 31275, 11048, 86960, 31129, 85823, 53231, 89164, 63950, 37639, 77640, 7781, 90168, 94861, 88567]})"
142.0,3,12,11,5.9660913944244385,418,"Genotype(dna={""<class 'abc.NT_0012'>"": [0, 48767], ""<class 'abc.NT_0012_P_00000'>"": [], ""<class 'abc.NT_0007'>"": [0, 0, 71489], ""<class 'abc.NT_0007_P_00000'>"": [], ""<class 'abc.NT_0002'>"": [0, 0, 75613], ""<class 'abc.NT_0002_P_00000'>"": [], ""<class 'abc.NT_0000'>"": [79883, 95135, 57030, 0, 0, 78640, 0, 0, 94861], ""<class 'abc.NT_0000_P_00000'>"": [], ""<class 'abc.NT_0001'>"": [0, 0, 45262, 0, 39358], ""<class 'abc.NT_0001_P_00000'>"": [], ""<class 'bool'>"": [28388, 41936, 41546, 8512, 18623, 7781], ""<class 'int'>"": [25155, 52427, 13216, 25132, 37066, 6390, 14416], ""<class 'abc.NT_0005'>"": [0, 37639], ""<class 'abc.NT_0005_P_00000'>"": [], ""<class 'abc.NT_0003'>"": [0, 80374], ""<class 'abc.NT_0003_P_00000'>"": [], ""<class 'abc.NT_0004'>"": [0, 14425], ""<class 'abc.NT_0004_P_00000'>"": [], '$leftovers': [66514, 62039, 83920, 31862, 74983, 79649, 86610, 33133, 30425, 54210, 91390, 72548, 23509, 35984, 63823, 77479, 22746, 23563, 53368, 22601, 41342, 83215, 70942, 23856, 97618, 3170, 87127, 13394, 18449, 24396, 88202, 18841, 69274, 9647, 40387, 21251, 87647, 6587, 89353, 41351, 36189, 78657, 52808, 51920, 29255, 18170, 51437, 24418, 34076, 28007, 21845, 45536, 4553, 96638, 20238, 63187, 18132, 59683, 56246, 50097, 10618, 12905, 75496, 84334, 31746, 49387, 20295, 83420, 3334, 15341, 44928, 87717, 54812, 86762, 53566, 18369, 78941, 21389, 598, 42410, 75291, 64089, 73760, 58041, 41686, 70180, 27405, 26682, 82107, 38141, 40360, 83041, 66783, 70352, 46900, 30763, 17474, 34034, 11624, 8098, 90181, 89142, 52731, 36036, 86099, 15983, 11869, 25928, 58414, 41309, 35731, 1234, 96531, 2202, 83806, 79182, 23806, 61979, 94406, 76634, 16137, 11491, 84456, 34015, 43659, 23072, 60980, 49037, 51418, 52359, 20245, 86996, 969, 39411, 9926, 77654, 80714, 46232, 23646, 90536, 64394, 17717, 47186, 61072, 23438, 26886, 25784, 84801, 91075, 50234, 1703, 7578, 19600, 74648, 26104, 39358, 73570, 3584, 90725, 8373, 50978, 16682, 35026, 90364, 85743, 70016, 79132, 54090, 50776, 40960, 14998, 51245, 62347, 14945, 78552, 43833, 77248, 46630, 79581, 31661, 29383, 92280, 27639, 19546, 635, 38441, 47756, 59628, 54217, 29353, 33258, 90203, 42465, 83660, 70935, 53356, 5162, 90730, 59622, 94781, 31267, 94337, 20977, 68142, 53046, 3477, 14641, 70647, 87320, 66878, 8729, 89562, 73540, 33640, 52753, 91185, 69630, 26759, 20587, 91094, 1457, 73415, 58881, 11794, 66105, 65579, 38541, 49099, 67418, 85871, 45203, 89595, 31135, 74472, 27410, 64850, 12537, 43358, 79531, 66052, 20155, 1831, 33050, 39990, 65752, 26420, 29822, 62423, 52661, 11297, 16938, 97741, 33481, 77329, 88522, 49596, 2153, 61050, 2735, 76375, 8107, 95511, 65249, 14018, 72194, 66854, 34653, 58407, 99824, 69779, 83273, 64774, 99598, 47065, 79552, 91215, 98542, 31085, 1344, 31837, 51959, 32156, 82108, 72548, 24506, 6891, 66930, 73053, 10011, 54112, 65348, 15974, 29074, 57050, 33852, 97358, 8954, 17470, 27517, 64616, 5346, 63575, 78940, 50514, 37235, 23836, 12019, 55545, 75529, 39590, 39282, 69181, 61371, 16668, 64663, 47227, 46251, 56990, 9167, 83922, 53611, 57808, 46741, 49046, 87, 19112, 95604, 84999, 42011, 21219, 66029, 14110, 93900, 47858, 4679, 8538, 60826, 22759, 64139, 44874, 37503, 74499, 63637, 38507, 33870, 53029, 7092, 89194, 47393, 88746, 41735, 3169, 87801, 66383, 90300, 85365, 23306, 30007, 350, 27279, 78935, 15361, 9692, 18993, 94210, 96941, 31882, 600, 95407, 39003, 17946, 6674, 44554, 89168, 30187, 2063, 61855, 24558, 85642, 14739, 16033, 8325, 17515, 47923, 46537, 10828, 36772, 41394, 9987, 55025, 90161, 89977, 79350, 8238, 56153, 88354, 15866, 43173, 55496, 16134, 21113, 12, 94707, 87215, 3210, 73601, 14828, 10015, 21237, 47328, 19829, 40371, 94920, 28491, 9701, 44381, 58614, 95094, 92402, 31371, 91199, 69687, 77053, 50304, 38668, 49047, 18462, 18071, 26934, 48716, 51856, 27825, 61131, 81129, 83965, 87170, 13472, 27986, 13676, 28283, 15097, 57464, 73718, 35584, 82066, 14866, 78505, 47987, 73876, 87552, 54716, 2843, 59000, 11299, 23207, 28791, 79077, 63775, 86628, 33278, 48171, 73041, 28685, 41195, 35563, 60053, 7307, 67239, 36942, 21507, 50498, 84337, 56877, 15997, 91106, 597, 17312, 15147, 28874, 25833, 69715, 26776, 53781, 62117, 70275, 62564, 80107, 90309, 97652, 62844, 21713, 98825, 18484, 96117, 46992, 26976, 36540, 268, 20939, 95381, 414, 46767, 6751, 76480, 80570, 35253, 71366, 53845, 48095, 59667, 68328, 82679, 2938, 54325, 67590, 44439, 57923, 49293, 35279, 3063, 22509, 63488, 63788, 96873, 64254, 32182, 83479, 83226, 85902, 38003, 52449, 2971, 30962, 2102, 96767, 4380, 27052, 53361, 60759, 17501, 86962, 36937, 26093, 74262, 53316, 27948, 33976, 24617, 89585, 67824, 6783, 12082, 12113, 61599, 67135, 58790, 19194, 96157, 60709, 25759, 8736, 54694, 49205, 48497, 98351, 9784, 93000, 13212, 23679, 64582, 98663, 67834, 28778, 15499, 62447, 21901, 38995, 45405, 75017, 95269, 68332, 51154, 39338, 91412, 21000, 39598, 5254, 14491, 5240, 87454, 42778, 27123, 84496, 55875, 26082, 69286, 37272, 43814, 21025, 2755, 73018, 2525, 45053, 41993, 85358, 71300, 5635, 93049, 79471, 13039, 28444, 41469, 88809, 4865, 28993, 82309, 72171, 70623, 60612, 66137, 6262, 78420, 65021, 21769, 7657, 17074, 57744, 73354, 84444, 71272, 33248, 30606, 47958, 10795, 36472, 60770, 81655, 88863, 250, 34968, 12277, 78503, 42283, 21793, 16745, 261, 97410, 33926, 40987, 79128, 38811, 57796, 44381, 50721, 75270, 44583, 33962, 97598, 17682, 28068, 13125, 91067, 89882, 26715, 25384, 74331, 89407, 14947, 78022, 95535, 49680, 62690, 26795, 15501, 49305, 98519, 68019, 23640, 36086, 81675, 74105, 84965, 79615, 59474, 32310, 828, 78311, 16041, 86694, 2219, 58894, 92088, 50618, 87358, 18798, 66020, 66491, 50367, 32691, 91076, 48215, 21090, 45456, 38806, 23448, 41331, 69626, 41502, 79937, 23957, 90870, 93453, 61607, 10380, 45280, 76461, 46041, 84671, 74991, 33953, 43268, 3685, 93154, 43241, 71342, 21712, 7548, 62016, 42650, 63716, 96177, 92429, 30722, 34963, 32771, 9652, 58610, 43025, 66742, 66985, 92411, 16818, 43482, 63132, 1269, 52666, 11401, 72493, 40123, 47150, 38648, 25728, 40484, 72168, 53812, 60820, 53095, 68694, 66006, 66376, 26800, 67391, 96349, 6364, 21003, 67493, 11165, 753, 32397, 51956, 32489, 75245, 50907, 74230, 20597, 24072, 95982, 6309, 78258, 24708, 56550, 14001, 5797, 14644, 94208, 93205, 80015, 27644, 47562, 25421, 10959, 1813, 15471, 25080, 35370, 15699, 55919, 93763, 64429, 98363, 15489, 28574, 3254, 58025, 19971, 39160, 66508, 36965, 72023, 86391, 37522, 11321, 97067, 96942, 63001, 77165, 13525, 12707, 32225, 38792, 3681, 50425, 96215, 48875, 29957, 6834, 89104, 85273, 4281, 76337, 15809, 48204, 49049, 18664, 74707, 77394, 92519, 97211, 26594, 32097, 20303, 41340, 20834, 17456, 2942, 22394, 40666, 19104, 64464, 84874, 13484, 53397, 66343, 65277, 38014, 55195, 60372, 37340, 18801, 82015, 56595, 55221, 88495, 79738, 23329, 63278, 32902, 34398, 18001, 56742, 32213, 31488, 59134, 20505, 4026, 90895, 27116, 30297, 1847, 38709, 72351, 77929, 36254, 3202, 9297, 82366, 3264, 93673, 89348, 23500, 92180, 92120, 78304, 5036, 63632, 7476, 65426, 91751, 88945, 86267, 59947, 82376, 21761, 66402, 50454, 33859, 99883, 68284, 80606, 42062, 5657, 45352, 51205, 24989, 6098, 71277, 98358, 34413, 5640, 59324, 22162, 4511, 42165, 70961, 77656, 96737, 79906, 74827, 62868, 58751, 82863, 89281, 92167, 54287, 30488, 44661, 39834, 69596, 51736, 65565, 74777, 19867, 94259, 67318, 63603, 74045, 55950, 26926, 49129, 15579, 42126, 36681, 68347, 93177, 34727, 41898, 79720, 99738, 42795, 36694, 77763, 83302, 9654, 72952, 47546, 87819, 26071, 60334, 22608, 20834, 80410, 10699, 70816, 33668, 75954, 35435, 97652, 16610, 65701, 78673, 44427, 78562, 93296, 10028, 17508, 3472, 31275, 11048, 86960, 31129, 85823, 53231, 89164, 63950, 37639, 77640, 7781, 90168, 94861, 88567]})"
142.0,3,12,12,6.224419832229614,418,"Genotype(dna={""<class 'abc.NT_0012'>"": [0, 48767], ""<class 'abc.NT_0012_P_00000'>"": [], ""<class 'abc.NT_0007'>"": [0, 0, 71489], ""<class 'abc.NT_0007_P_00000'>"": [], ""<class 'abc.NT_0002'>"": [0, 0, 75613], ""<class 'abc.NT_0002_P_00000'>"": [], ""<class 'abc.NT_0000'>"": [79883, 95135, 57030, 0, 0, 78640, 0, 0, 94861], ""<class 'abc.NT_0000_P_00000'>"": [], ""<class 'abc.NT_0001'>"": [0, 0, 45262, 0, 39358], ""<class 'abc.NT_0001_P_00000'>"": [], ""<class 'bool'>"": [28388, 41936, 41546, 8512, 18623, 7781], ""<class 'int'>"": [25155, 52427, 13216, 25132, 37066, 6390, 14416], ""<class 'abc.NT_0005'>"": [0, 37639], ""<class 'abc.NT_0005_P_00000'>"": [], ""<class 'abc.NT_0003'>"": [0, 80374], ""<class 'abc.NT_0003_P_00000'>"": [], ""<class 'abc.NT_0004'>"": [0, 14425], ""<class 'abc.NT_0004_P_00000'>"": [], '$leftovers': [66514, 62039, 83920, 31862, 74983, 79649, 86610, 33133, 30425, 54210, 91390, 72548, 23509, 35984, 63823, 77479, 22746, 23563, 53368, 22601, 41342, 83215, 70942, 23856, 97618, 3170, 87127, 13394, 18449, 24396, 88202, 18841, 69274, 9647, 40387, 21251, 87647, 6587, 89353, 41351, 36189, 78657, 52808, 51920, 29255, 18170, 51437, 24418, 34076, 28007, 21845, 45536, 4553, 96638, 20238, 63187, 18132, 59683, 56246, 50097, 10618, 12905, 75496, 84334, 31746, 49387, 20295, 83420, 3334, 15341, 44928, 87717, 54812, 86762, 53566, 18369, 78941, 21389, 598, 42410, 75291, 64089, 73760, 58041, 41686, 70180, 27405, 26682, 82107, 38141, 40360, 83041, 66783, 70352, 46900, 30763, 17474, 34034, 11624, 8098, 90181, 89142, 52731, 36036, 86099, 15983, 11869, 25928, 58414, 41309, 35731, 1234, 96531, 2202, 83806, 79182, 23806, 61979, 94406, 76634, 16137, 11491, 84456, 34015, 43659, 23072, 60980, 49037, 51418, 52359, 20245, 86996, 969, 39411, 9926, 77654, 80714, 46232, 23646, 90536, 64394, 17717, 47186, 61072, 23438, 26886, 25784, 84801, 91075, 50234, 1703, 7578, 19600, 74648, 26104, 39358, 73570, 3584, 90725, 8373, 50978, 16682, 35026, 90364, 85743, 70016, 79132, 54090, 50776, 40960, 14998, 51245, 62347, 14945, 78552, 43833, 77248, 46630, 79581, 31661, 29383, 92280, 27639, 19546, 635, 38441, 47756, 59628, 54217, 29353, 33258, 90203, 42465, 83660, 70935, 53356, 5162, 90730, 59622, 94781, 31267, 94337, 20977, 68142, 53046, 3477, 14641, 70647, 87320, 66878, 8729, 89562, 73540, 33640, 52753, 91185, 69630, 26759, 20587, 91094, 1457, 73415, 58881, 11794, 66105, 65579, 38541, 49099, 67418, 85871, 45203, 89595, 31135, 74472, 27410, 64850, 12537, 43358, 79531, 66052, 20155, 1831, 33050, 39990, 65752, 26420, 29822, 62423, 52661, 11297, 16938, 97741, 33481, 77329, 88522, 49596, 2153, 61050, 2735, 76375, 8107, 95511, 65249, 14018, 72194, 66854, 34653, 58407, 99824, 69779, 83273, 64774, 99598, 47065, 79552, 91215, 98542, 31085, 1344, 31837, 51959, 32156, 82108, 72548, 24506, 6891, 66930, 73053, 10011, 54112, 65348, 15974, 29074, 57050, 33852, 97358, 8954, 17470, 27517, 64616, 5346, 63575, 78940, 50514, 37235, 23836, 12019, 55545, 75529, 39590, 39282, 69181, 61371, 16668, 64663, 47227, 46251, 56990, 9167, 83922, 53611, 57808, 46741, 49046, 87, 19112, 95604, 84999, 42011, 21219, 66029, 14110, 93900, 47858, 4679, 8538, 60826, 22759, 64139, 44874, 37503, 74499, 63637, 38507, 33870, 53029, 7092, 89194, 47393, 88746, 41735, 3169, 87801, 66383, 90300, 85365, 23306, 30007, 350, 27279, 78935, 15361, 9692, 18993, 94210, 96941, 31882, 600, 95407, 39003, 17946, 6674, 44554, 89168, 30187, 2063, 61855, 24558, 85642, 14739, 16033, 8325, 17515, 47923, 46537, 10828, 36772, 41394, 9987, 55025, 90161, 89977, 79350, 8238, 56153, 88354, 15866, 43173, 55496, 16134, 21113, 12, 94707, 87215, 3210, 73601, 14828, 10015, 21237, 47328, 19829, 40371, 94920, 28491, 9701, 44381, 58614, 95094, 92402, 31371, 91199, 69687, 77053, 50304, 38668, 49047, 18462, 18071, 26934, 48716, 51856, 27825, 61131, 81129, 83965, 87170, 13472, 27986, 13676, 28283, 15097, 57464, 73718, 35584, 82066, 14866, 78505, 47987, 73876, 87552, 54716, 2843, 59000, 11299, 23207, 28791, 79077, 63775, 86628, 33278, 48171, 73041, 28685, 41195, 35563, 60053, 7307, 67239, 36942, 21507, 50498, 84337, 56877, 15997, 91106, 597, 17312, 15147, 28874, 25833, 69715, 26776, 53781, 62117, 70275, 62564, 80107, 90309, 97652, 62844, 21713, 98825, 18484, 96117, 46992, 26976, 36540, 268, 20939, 95381, 414, 46767, 6751, 76480, 80570, 35253, 71366, 53845, 48095, 59667, 68328, 82679, 2938, 54325, 67590, 44439, 57923, 49293, 35279, 3063, 22509, 63488, 63788, 96873, 64254, 32182, 83479, 83226, 85902, 38003, 52449, 2971, 30962, 2102, 96767, 4380, 27052, 53361, 60759, 17501, 86962, 36937, 26093, 74262, 53316, 27948, 33976, 24617, 89585, 67824, 6783, 12082, 12113, 61599, 67135, 58790, 19194, 96157, 60709, 25759, 8736, 54694, 49205, 48497, 98351, 9784, 93000, 13212, 23679, 64582, 98663, 67834, 28778, 15499, 62447, 21901, 38995, 45405, 75017, 95269, 68332, 51154, 39338, 91412, 21000, 39598, 5254, 14491, 5240, 87454, 42778, 27123, 84496, 55875, 26082, 69286, 37272, 43814, 21025, 2755, 73018, 2525, 45053, 41993, 85358, 71300, 5635, 93049, 79471, 13039, 28444, 41469, 88809, 4865, 28993, 82309, 72171, 70623, 60612, 66137, 6262, 78420, 65021, 21769, 7657, 17074, 57744, 73354, 84444, 71272, 33248, 30606, 47958, 10795, 36472, 60770, 81655, 88863, 250, 34968, 12277, 78503, 42283, 21793, 16745, 261, 97410, 33926, 40987, 79128, 38811, 57796, 44381, 50721, 75270, 44583, 33962, 97598, 17682, 28068, 13125, 91067, 89882, 26715, 25384, 74331, 89407, 14947, 78022, 95535, 49680, 62690, 26795, 15501, 49305, 98519, 68019, 23640, 36086, 81675, 74105, 84965, 79615, 59474, 32310, 828, 78311, 16041, 86694, 2219, 58894, 92088, 50618, 87358, 18798, 66020, 66491, 50367, 32691, 91076, 48215, 21090, 45456, 38806, 23448, 41331, 69626, 41502, 79937, 23957, 90870, 93453, 61607, 10380, 45280, 76461, 46041, 84671, 74991, 33953, 43268, 3685, 93154, 43241, 71342, 21712, 7548, 62016, 42650, 63716, 96177, 92429, 30722, 34963, 32771, 9652, 58610, 43025, 66742, 66985, 92411, 16818, 43482, 63132, 1269, 52666, 11401, 72493, 40123, 47150, 38648, 25728, 40484, 72168, 53812, 60820, 53095, 68694, 66006, 66376, 26800, 67391, 96349, 6364, 21003, 67493, 11165, 753, 32397, 51956, 32489, 75245, 50907, 74230, 20597, 24072, 95982, 6309, 78258, 24708, 56550, 14001, 5797, 14644, 94208, 93205, 80015, 27644, 47562, 25421, 10959, 1813, 15471, 25080, 35370, 15699, 55919, 93763, 64429, 98363, 15489, 28574, 3254, 58025, 19971, 39160, 66508, 36965, 72023, 86391, 37522, 11321, 97067, 96942, 63001, 77165, 13525, 12707, 32225, 38792, 3681, 50425, 96215, 48875, 29957, 6834, 89104, 85273, 4281, 76337, 15809, 48204, 49049, 18664, 74707, 77394, 92519, 97211, 26594, 32097, 20303, 41340, 20834, 17456, 2942, 22394, 40666, 19104, 64464, 84874, 13484, 53397, 66343, 65277, 38014, 55195, 60372, 37340, 18801, 82015, 56595, 55221, 88495, 79738, 23329, 63278, 32902, 34398, 18001, 56742, 32213, 31488, 59134, 20505, 4026, 90895, 27116, 30297, 1847, 38709, 72351, 77929, 36254, 3202, 9297, 82366, 3264, 93673, 89348, 23500, 92180, 92120, 78304, 5036, 63632, 7476, 65426, 91751, 88945, 86267, 59947, 82376, 21761, 66402, 50454, 33859, 99883, 68284, 80606, 42062, 5657, 45352, 51205, 24989, 6098, 71277, 98358, 34413, 5640, 59324, 22162, 4511, 42165, 70961, 77656, 96737, 79906, 74827, 62868, 58751, 82863, 89281, 92167, 54287, 30488, 44661, 39834, 69596, 51736, 65565, 74777, 19867, 94259, 67318, 63603, 74045, 55950, 26926, 49129, 15579, 42126, 36681, 68347, 93177, 34727, 41898, 79720, 99738, 42795, 36694, 77763, 83302, 9654, 72952, 47546, 87819, 26071, 60334, 22608, 20834, 80410, 10699, 70816, 33668, 75954, 35435, 97652, 16610, 65701, 78673, 44427, 78562, 93296, 10028, 17508, 3472, 31275, 11048, 86960, 31129, 85823, 53231, 89164, 63950, 37639, 77640, 7781, 90168, 94861, 88567]})"
142.0,3,12,13,6.483931303024292,418,"Genotype(dna={""<class 'abc.NT_0012'>"": [0, 48767], ""<class 'abc.NT_0012_P_00000'>"": [], ""<class 'abc.NT_0007'>"": [0, 0, 71489], ""<class 'abc.NT_0007_P_00000'>"": [], ""<class 'abc.NT_0002'>"": [0, 0, 75613], ""<class 'abc.NT_0002_P_00000'>"": [], ""<class 'abc.NT_0000'>"": [79883, 95135, 57030, 0, 0, 78640, 0, 0, 94861], ""<class 'abc.NT_0000_P_00000'>"": [], ""<class 'abc.NT_0001'>"": [0, 0, 45262, 0, 39358], ""<class 'abc.NT_0001_P_00000'>"": [], ""<class 'bool'>"": [28388, 41936, 41546, 8512, 18623, 7781], ""<class 'int'>"": [25155, 52427, 13216, 25132, 37066, 6390, 14416], ""<class 'abc.NT_0005'>"": [0, 37639], ""<class 'abc.NT_0005_P_00000'>"": [], ""<class 'abc.NT_0003'>"": [0, 80374], ""<class 'abc.NT_0003_P_00000'>"": [], ""<class 'abc.NT_0004'>"": [0, 14425], ""<class 'abc.NT_0004_P_00000'>"": [], '$leftovers': [66514, 62039, 83920, 31862, 74983, 79649, 86610, 33133, 30425, 54210, 91390, 72548, 23509, 35984, 63823, 77479, 22746, 23563, 53368, 22601, 41342, 83215, 70942, 23856, 97618, 3170, 87127, 13394, 18449, 24396, 88202, 18841, 69274, 9647, 40387, 21251, 87647, 6587, 89353, 41351, 36189, 78657, 52808, 51920, 29255, 18170, 51437, 24418, 34076, 28007, 21845, 45536, 4553, 96638, 20238, 63187, 18132, 59683, 56246, 50097, 10618, 12905, 75496, 84334, 31746, 49387, 20295, 83420, 3334, 15341, 44928, 87717, 54812, 86762, 53566, 18369, 78941, 21389, 598, 42410, 75291, 64089, 73760, 58041, 41686, 70180, 27405, 26682, 82107, 38141, 40360, 83041, 66783, 70352, 46900, 30763, 17474, 34034, 11624, 8098, 90181, 89142, 52731, 36036, 86099, 15983, 11869, 25928, 58414, 41309, 35731, 1234, 96531, 2202, 83806, 79182, 23806, 61979, 94406, 76634, 16137, 11491, 84456, 34015, 43659, 23072, 60980, 49037, 51418, 52359, 20245, 86996, 969, 39411, 9926, 77654, 80714, 46232, 23646, 90536, 64394, 17717, 47186, 61072, 23438, 26886, 25784, 84801, 91075, 50234, 1703, 7578, 19600, 74648, 26104, 39358, 73570, 3584, 90725, 8373, 50978, 16682, 35026, 90364, 85743, 70016, 79132, 54090, 50776, 40960, 14998, 51245, 62347, 14945, 78552, 43833, 77248, 46630, 79581, 31661, 29383, 92280, 27639, 19546, 635, 38441, 47756, 59628, 54217, 29353, 33258, 90203, 42465, 83660, 70935, 53356, 5162, 90730, 59622, 94781, 31267, 94337, 20977, 68142, 53046, 3477, 14641, 70647, 87320, 66878, 8729, 89562, 73540, 33640, 52753, 91185, 69630, 26759, 20587, 91094, 1457, 73415, 58881, 11794, 66105, 65579, 38541, 49099, 67418, 85871, 45203, 89595, 31135, 74472, 27410, 64850, 12537, 43358, 79531, 66052, 20155, 1831, 33050, 39990, 65752, 26420, 29822, 62423, 52661, 11297, 16938, 97741, 33481, 77329, 88522, 49596, 2153, 61050, 2735, 76375, 8107, 95511, 65249, 14018, 72194, 66854, 34653, 58407, 99824, 69779, 83273, 64774, 99598, 47065, 79552, 91215, 98542, 31085, 1344, 31837, 51959, 32156, 82108, 72548, 24506, 6891, 66930, 73053, 10011, 54112, 65348, 15974, 29074, 57050, 33852, 97358, 8954, 17470, 27517, 64616, 5346, 63575, 78940, 50514, 37235, 23836, 12019, 55545, 75529, 39590, 39282, 69181, 61371, 16668, 64663, 47227, 46251, 56990, 9167, 83922, 53611, 57808, 46741, 49046, 87, 19112, 95604, 84999, 42011, 21219, 66029, 14110, 93900, 47858, 4679, 8538, 60826, 22759, 64139, 44874, 37503, 74499, 63637, 38507, 33870, 53029, 7092, 89194, 47393, 88746, 41735, 3169, 87801, 66383, 90300, 85365, 23306, 30007, 350, 27279, 78935, 15361, 9692, 18993, 94210, 96941, 31882, 600, 95407, 39003, 17946, 6674, 44554, 89168, 30187, 2063, 61855, 24558, 85642, 14739, 16033, 8325, 17515, 47923, 46537, 10828, 36772, 41394, 9987, 55025, 90161, 89977, 79350, 8238, 56153, 88354, 15866, 43173, 55496, 16134, 21113, 12, 94707, 87215, 3210, 73601, 14828, 10015, 21237, 47328, 19829, 40371, 94920, 28491, 9701, 44381, 58614, 95094, 92402, 31371, 91199, 69687, 77053, 50304, 38668, 49047, 18462, 18071, 26934, 48716, 51856, 27825, 61131, 81129, 83965, 87170, 13472, 27986, 13676, 28283, 15097, 57464, 73718, 35584, 82066, 14866, 78505, 47987, 73876, 87552, 54716, 2843, 59000, 11299, 23207, 28791, 79077, 63775, 86628, 33278, 48171, 73041, 28685, 41195, 35563, 60053, 7307, 67239, 36942, 21507, 50498, 84337, 56877, 15997, 91106, 597, 17312, 15147, 28874, 25833, 69715, 26776, 53781, 62117, 70275, 62564, 80107, 90309, 97652, 62844, 21713, 98825, 18484, 96117, 46992, 26976, 36540, 268, 20939, 95381, 414, 46767, 6751, 76480, 80570, 35253, 71366, 53845, 48095, 59667, 68328, 82679, 2938, 54325, 67590, 44439, 57923, 49293, 35279, 3063, 22509, 63488, 63788, 96873, 64254, 32182, 83479, 83226, 85902, 38003, 52449, 2971, 30962, 2102, 96767, 4380, 27052, 53361, 60759, 17501, 86962, 36937, 26093, 74262, 53316, 27948, 33976, 24617, 89585, 67824, 6783, 12082, 12113, 61599, 67135, 58790, 19194, 96157, 60709, 25759, 8736, 54694, 49205, 48497, 98351, 9784, 93000, 13212, 23679, 64582, 98663, 67834, 28778, 15499, 62447, 21901, 38995, 45405, 75017, 95269, 68332, 51154, 39338, 91412, 21000, 39598, 5254, 14491, 5240, 87454, 42778, 27123, 84496, 55875, 26082, 69286, 37272, 43814, 21025, 2755, 73018, 2525, 45053, 41993, 85358, 71300, 5635, 93049, 79471, 13039, 28444, 41469, 88809, 4865, 28993, 82309, 72171, 70623, 60612, 66137, 6262, 78420, 65021, 21769, 7657, 17074, 57744, 73354, 84444, 71272, 33248, 30606, 47958, 10795, 36472, 60770, 81655, 88863, 250, 34968, 12277, 78503, 42283, 21793, 16745, 261, 97410, 33926, 40987, 79128, 38811, 57796, 44381, 50721, 75270, 44583, 33962, 97598, 17682, 28068, 13125, 91067, 89882, 26715, 25384, 74331, 89407, 14947, 78022, 95535, 49680, 62690, 26795, 15501, 49305, 98519, 68019, 23640, 36086, 81675, 74105, 84965, 79615, 59474, 32310, 828, 78311, 16041, 86694, 2219, 58894, 92088, 50618, 87358, 18798, 66020, 66491, 50367, 32691, 91076, 48215, 21090, 45456, 38806, 23448, 41331, 69626, 41502, 79937, 23957, 90870, 93453, 61607, 10380, 45280, 76461, 46041, 84671, 74991, 33953, 43268, 3685, 93154, 43241, 71342, 21712, 7548, 62016, 42650, 63716, 96177, 92429, 30722, 34963, 32771, 9652, 58610, 43025, 66742, 66985, 92411, 16818, 43482, 63132, 1269, 52666, 11401, 72493, 40123, 47150, 38648, 25728, 40484, 72168, 53812, 60820, 53095, 68694, 66006, 66376, 26800, 67391, 96349, 6364, 21003, 67493, 11165, 753, 32397, 51956, 32489, 75245, 50907, 74230, 20597, 24072, 95982, 6309, 78258, 24708, 56550, 14001, 5797, 14644, 94208, 93205, 80015, 27644, 47562, 25421, 10959, 1813, 15471, 25080, 35370, 15699, 55919, 93763, 64429, 98363, 15489, 28574, 3254, 58025, 19971, 39160, 66508, 36965, 72023, 86391, 37522, 11321, 97067, 96942, 63001, 77165, 13525, 12707, 32225, 38792, 3681, 50425, 96215, 48875, 29957, 6834, 89104, 85273, 4281, 76337, 15809, 48204, 49049, 18664, 74707, 77394, 92519, 97211, 26594, 32097, 20303, 41340, 20834, 17456, 2942, 22394, 40666, 19104, 64464, 84874, 13484, 53397, 66343, 65277, 38014, 55195, 60372, 37340, 18801, 82015, 56595, 55221, 88495, 79738, 23329, 63278, 32902, 34398, 18001, 56742, 32213, 31488, 59134, 20505, 4026, 90895, 27116, 30297, 1847, 38709, 72351, 77929, 36254, 3202, 9297, 82366, 3264, 93673, 89348, 23500, 92180, 92120, 78304, 5036, 63632, 7476, 65426, 91751, 88945, 86267, 59947, 82376, 21761, 66402, 50454, 33859, 99883, 68284, 80606, 42062, 5657, 45352, 51205, 24989, 6098, 71277, 98358, 34413, 5640, 59324, 22162, 4511, 42165, 70961, 77656, 96737, 79906, 74827, 62868, 58751, 82863, 89281, 92167, 54287, 30488, 44661, 39834, 69596, 51736, 65565, 74777, 19867, 94259, 67318, 63603, 74045, 55950, 26926, 49129, 15579, 42126, 36681, 68347, 93177, 34727, 41898, 79720, 99738, 42795, 36694, 77763, 83302, 9654, 72952, 47546, 87819, 26071, 60334, 22608, 20834, 80410, 10699, 70816, 33668, 75954, 35435, 97652, 16610, 65701, 78673, 44427, 78562, 93296, 10028, 17508, 3472, 31275, 11048, 86960, 31129, 85823, 53231, 89164, 63950, 37639, 77640, 7781, 90168, 94861, 88567]})"
142.0,3,12,14,6.694700241088867,418,"Genotype(dna={""<class 'abc.NT_0012'>"": [0, 48767], ""<class 'abc.NT_0012_P_00000'>"": [], ""<class 'abc.NT_0007'>"": [0, 0, 71489], ""<class 'abc.NT_0007_P_00000'>"": [], ""<class 'abc.NT_0002'>"": [0, 0, 75613], ""<class 'abc.NT_0002_P_00000'>"": [], ""<class 'abc.NT_0000'>"": [79883, 95135, 57030, 0, 0, 78640, 0, 0, 94861], ""<class 'abc.NT_0000_P_00000'>"": [], ""<class 'abc.NT_0001'>"": [0, 0, 45262, 0, 39358], ""<class 'abc.NT_0001_P_00000'>"": [], ""<class 'bool'>"": [28388, 41936, 41546, 8512, 18623, 7781], ""<class 'int'>"": [25155, 52427, 13216, 25132, 37066, 6390, 14416], ""<class 'abc.NT_0005'>"": [0, 37639], ""<class 'abc.NT_0005_P_00000'>"": [], ""<class 'abc.NT_0003'>"": [0, 80374], ""<class 'abc.NT_0003_P_00000'>"": [], ""<class 'abc.NT_0004'>"": [0, 14425], ""<class 'abc.NT_0004_P_00000'>"": [], '$leftovers': [66514, 62039, 83920, 31862, 74983, 79649, 86610, 33133, 30425, 54210, 91390, 72548, 23509, 35984, 63823, 77479, 22746, 23563, 53368, 22601, 41342, 83215, 70942, 23856, 97618, 3170, 87127, 13394, 18449, 24396, 88202, 18841, 69274, 9647, 40387, 21251, 87647, 6587, 89353, 41351, 36189, 78657, 52808, 51920, 29255, 18170, 51437, 24418, 34076, 28007, 21845, 45536, 4553, 96638, 20238, 63187, 18132, 59683, 56246, 50097, 10618, 12905, 75496, 84334, 31746, 49387, 20295, 83420, 3334, 15341, 44928, 87717, 54812, 86762, 53566, 18369, 78941, 21389, 598, 42410, 75291, 64089, 73760, 58041, 41686, 70180, 27405, 26682, 82107, 38141, 40360, 83041, 66783, 70352, 46900, 30763, 17474, 34034, 11624, 8098, 90181, 89142, 52731, 36036, 86099, 15983, 11869, 25928, 58414, 41309, 35731, 1234, 96531, 2202, 83806, 79182, 23806, 61979, 94406, 76634, 16137, 11491, 84456, 34015, 43659, 23072, 60980, 49037, 51418, 52359, 20245, 86996, 969, 39411, 9926, 77654, 80714, 46232, 23646, 90536, 64394, 17717, 47186, 61072, 23438, 26886, 25784, 84801, 91075, 50234, 1703, 7578, 19600, 74648, 26104, 39358, 73570, 3584, 90725, 8373, 50978, 16682, 35026, 90364, 85743, 70016, 79132, 54090, 50776, 40960, 14998, 51245, 62347, 14945, 78552, 43833, 77248, 46630, 79581, 31661, 29383, 92280, 27639, 19546, 635, 38441, 47756, 59628, 54217, 29353, 33258, 90203, 42465, 83660, 70935, 53356, 5162, 90730, 59622, 94781, 31267, 94337, 20977, 68142, 53046, 3477, 14641, 70647, 87320, 66878, 8729, 89562, 73540, 33640, 52753, 91185, 69630, 26759, 20587, 91094, 1457, 73415, 58881, 11794, 66105, 65579, 38541, 49099, 67418, 85871, 45203, 89595, 31135, 74472, 27410, 64850, 12537, 43358, 79531, 66052, 20155, 1831, 33050, 39990, 65752, 26420, 29822, 62423, 52661, 11297, 16938, 97741, 33481, 77329, 88522, 49596, 2153, 61050, 2735, 76375, 8107, 95511, 65249, 14018, 72194, 66854, 34653, 58407, 99824, 69779, 83273, 64774, 99598, 47065, 79552, 91215, 98542, 31085, 1344, 31837, 51959, 32156, 82108, 72548, 24506, 6891, 66930, 73053, 10011, 54112, 65348, 15974, 29074, 57050, 33852, 97358, 8954, 17470, 27517, 64616, 5346, 63575, 78940, 50514, 37235, 23836, 12019, 55545, 75529, 39590, 39282, 69181, 61371, 16668, 64663, 47227, 46251, 56990, 9167, 83922, 53611, 57808, 46741, 49046, 87, 19112, 95604, 84999, 42011, 21219, 66029, 14110, 93900, 47858, 4679, 8538, 60826, 22759, 64139, 44874, 37503, 74499, 63637, 38507, 33870, 53029, 7092, 89194, 47393, 88746, 41735, 3169, 87801, 66383, 90300, 85365, 23306, 30007, 350, 27279, 78935, 15361, 9692, 18993, 94210, 96941, 31882, 600, 95407, 39003, 17946, 6674, 44554, 89168, 30187, 2063, 61855, 24558, 85642, 14739, 16033, 8325, 17515, 47923, 46537, 10828, 36772, 41394, 9987, 55025, 90161, 89977, 79350, 8238, 56153, 88354, 15866, 43173, 55496, 16134, 21113, 12, 94707, 87215, 3210, 73601, 14828, 10015, 21237, 47328, 19829, 40371, 94920, 28491, 9701, 44381, 58614, 95094, 92402, 31371, 91199, 69687, 77053, 50304, 38668, 49047, 18462, 18071, 26934, 48716, 51856, 27825, 61131, 81129, 83965, 87170, 13472, 27986, 13676, 28283, 15097, 57464, 73718, 35584, 82066, 14866, 78505, 47987, 73876, 87552, 54716, 2843, 59000, 11299, 23207, 28791, 79077, 63775, 86628, 33278, 48171, 73041, 28685, 41195, 35563, 60053, 7307, 67239, 36942, 21507, 50498, 84337, 56877, 15997, 91106, 597, 17312, 15147, 28874, 25833, 69715, 26776, 53781, 62117, 70275, 62564, 80107, 90309, 97652, 62844, 21713, 98825, 18484, 96117, 46992, 26976, 36540, 268, 20939, 95381, 414, 46767, 6751, 76480, 80570, 35253, 71366, 53845, 48095, 59667, 68328, 82679, 2938, 54325, 67590, 44439, 57923, 49293, 35279, 3063, 22509, 63488, 63788, 96873, 64254, 32182, 83479, 83226, 85902, 38003, 52449, 2971, 30962, 2102, 96767, 4380, 27052, 53361, 60759, 17501, 86962, 36937, 26093, 74262, 53316, 27948, 33976, 24617, 89585, 67824, 6783, 12082, 12113, 61599, 67135, 58790, 19194, 96157, 60709, 25759, 8736, 54694, 49205, 48497, 98351, 9784, 93000, 13212, 23679, 64582, 98663, 67834, 28778, 15499, 62447, 21901, 38995, 45405, 75017, 95269, 68332, 51154, 39338, 91412, 21000, 39598, 5254, 14491, 5240, 87454, 42778, 27123, 84496, 55875, 26082, 69286, 37272, 43814, 21025, 2755, 73018, 2525, 45053, 41993, 85358, 71300, 5635, 93049, 79471, 13039, 28444, 41469, 88809, 4865, 28993, 82309, 72171, 70623, 60612, 66137, 6262, 78420, 65021, 21769, 7657, 17074, 57744, 73354, 84444, 71272, 33248, 30606, 47958, 10795, 36472, 60770, 81655, 88863, 250, 34968, 12277, 78503, 42283, 21793, 16745, 261, 97410, 33926, 40987, 79128, 38811, 57796, 44381, 50721, 75270, 44583, 33962, 97598, 17682, 28068, 13125, 91067, 89882, 26715, 25384, 74331, 89407, 14947, 78022, 95535, 49680, 62690, 26795, 15501, 49305, 98519, 68019, 23640, 36086, 81675, 74105, 84965, 79615, 59474, 32310, 828, 78311, 16041, 86694, 2219, 58894, 92088, 50618, 87358, 18798, 66020, 66491, 50367, 32691, 91076, 48215, 21090, 45456, 38806, 23448, 41331, 69626, 41502, 79937, 23957, 90870, 93453, 61607, 10380, 45280, 76461, 46041, 84671, 74991, 33953, 43268, 3685, 93154, 43241, 71342, 21712, 7548, 62016, 42650, 63716, 96177, 92429, 30722, 34963, 32771, 9652, 58610, 43025, 66742, 66985, 92411, 16818, 43482, 63132, 1269, 52666, 11401, 72493, 40123, 47150, 38648, 25728, 40484, 72168, 53812, 60820, 53095, 68694, 66006, 66376, 26800, 67391, 96349, 6364, 21003, 67493, 11165, 753, 32397, 51956, 32489, 75245, 50907, 74230, 20597, 24072, 95982, 6309, 78258, 24708, 56550, 14001, 5797, 14644, 94208, 93205, 80015, 27644, 47562, 25421, 10959, 1813, 15471, 25080, 35370, 15699, 55919, 93763, 64429, 98363, 15489, 28574, 3254, 58025, 19971, 39160, 66508, 36965, 72023, 86391, 37522, 11321, 97067, 96942, 63001, 77165, 13525, 12707, 32225, 38792, 3681, 50425, 96215, 48875, 29957, 6834, 89104, 85273, 4281, 76337, 15809, 48204, 49049, 18664, 74707, 77394, 92519, 97211, 26594, 32097, 20303, 41340, 20834, 17456, 2942, 22394, 40666, 19104, 64464, 84874, 13484, 53397, 66343, 65277, 38014, 55195, 60372, 37340, 18801, 82015, 56595, 55221, 88495, 79738, 23329, 63278, 32902, 34398, 18001, 56742, 32213, 31488, 59134, 20505, 4026, 90895, 27116, 30297, 1847, 38709, 72351, 77929, 36254, 3202, 9297, 82366, 3264, 93673, 89348, 23500, 92180, 92120, 78304, 5036, 63632, 7476, 65426, 91751, 88945, 86267, 59947, 82376, 21761, 66402, 50454, 33859, 99883, 68284, 80606, 42062, 5657, 45352, 51205, 24989, 6098, 71277, 98358, 34413, 5640, 59324, 22162, 4511, 42165, 70961, 77656, 96737, 79906, 74827, 62868, 58751, 82863, 89281, 92167, 54287, 30488, 44661, 39834, 69596, 51736, 65565, 74777, 19867, 94259, 67318, 63603, 74045, 55950, 26926, 49129, 15579, 42126, 36681, 68347, 93177, 34727, 41898, 79720, 99738, 42795, 36694, 77763, 83302, 9654, 72952, 47546, 87819, 26071, 60334, 22608, 20834, 80410, 10699, 70816, 33668, 75954, 35435, 97652, 16610, 65701, 78673, 44427, 78562, 93296, 10028, 17508, 3472, 31275, 11048, 86960, 31129, 85823, 53231, 89164, 63950, 37639, 77640, 7781, 90168, 94861, 88567]})"
142.0,3,12,15,6.959198474884033,418,"Genotype(dna={""<class 'abc.NT_0012'>"": [0, 48767], ""<class 'abc.NT_0012_P_00000'>"": [], ""<class 'abc.NT_0007'>"": [0, 0, 71489], ""<class 'abc.NT_0007_P_00000'>"": [], ""<class 'abc.NT_0002'>"": [0, 0, 75613], ""<class 'abc.NT_0002_P_00000'>"": [], ""<class 'abc.NT_0000'>"": [79883, 95135, 57030, 0, 0, 78640, 0, 0, 94861], ""<class 'abc.NT_0000_P_00000'>"": [], ""<class 'abc.NT_0001'>"": [0, 0, 45262, 0, 39358], ""<class 'abc.NT_0001_P_00000'>"": [], ""<class 'bool'>"": [28388, 41936, 41546, 8512, 18623, 7781], ""<class 'int'>"": [25155, 52427, 13216, 25132, 37066, 6390, 14416], ""<class 'abc.NT_0005'>"": [0, 37639], ""<class 'abc.NT_0005_P_00000'>"": [], ""<class 'abc.NT_0003'>"": [0, 80374], ""<class 'abc.NT_0003_P_00000'>"": [], ""<class 'abc.NT_0004'>"": [0, 14425], ""<class 'abc.NT_0004_P_00000'>"": [], '$leftovers': [66514, 62039, 83920, 31862, 74983, 79649, 86610, 33133, 30425, 54210, 91390, 72548, 23509, 35984, 63823, 77479, 22746, 23563, 53368, 22601, 41342, 83215, 70942, 23856, 97618, 3170, 87127, 13394, 18449, 24396, 88202, 18841, 69274, 9647, 40387, 21251, 87647, 6587, 89353, 41351, 36189, 78657, 52808, 51920, 29255, 18170, 51437, 24418, 34076, 28007, 21845, 45536, 4553, 96638, 20238, 63187, 18132, 59683, 56246, 50097, 10618, 12905, 75496, 84334, 31746, 49387, 20295, 83420, 3334, 15341, 44928, 87717, 54812, 86762, 53566, 18369, 78941, 21389, 598, 42410, 75291, 64089, 73760, 58041, 41686, 70180, 27405, 26682, 82107, 38141, 40360, 83041, 66783, 70352, 46900, 30763, 17474, 34034, 11624, 8098, 90181, 89142, 52731, 36036, 86099, 15983, 11869, 25928, 58414, 41309, 35731, 1234, 96531, 2202, 83806, 79182, 23806, 61979, 94406, 76634, 16137, 11491, 84456, 34015, 43659, 23072, 60980, 49037, 51418, 52359, 20245, 86996, 969, 39411, 9926, 77654, 80714, 46232, 23646, 90536, 64394, 17717, 47186, 61072, 23438, 26886, 25784, 84801, 91075, 50234, 1703, 7578, 19600, 74648, 26104, 39358, 73570, 3584, 90725, 8373, 50978, 16682, 35026, 90364, 85743, 70016, 79132, 54090, 50776, 40960, 14998, 51245, 62347, 14945, 78552, 43833, 77248, 46630, 79581, 31661, 29383, 92280, 27639, 19546, 635, 38441, 47756, 59628, 54217, 29353, 33258, 90203, 42465, 83660, 70935, 53356, 5162, 90730, 59622, 94781, 31267, 94337, 20977, 68142, 53046, 3477, 14641, 70647, 87320, 66878, 8729, 89562, 73540, 33640, 52753, 91185, 69630, 26759, 20587, 91094, 1457, 73415, 58881, 11794, 66105, 65579, 38541, 49099, 67418, 85871, 45203, 89595, 31135, 74472, 27410, 64850, 12537, 43358, 79531, 66052, 20155, 1831, 33050, 39990, 65752, 26420, 29822, 62423, 52661, 11297, 16938, 97741, 33481, 77329, 88522, 49596, 2153, 61050, 2735, 76375, 8107, 95511, 65249, 14018, 72194, 66854, 34653, 58407, 99824, 69779, 83273, 64774, 99598, 47065, 79552, 91215, 98542, 31085, 1344, 31837, 51959, 32156, 82108, 72548, 24506, 6891, 66930, 73053, 10011, 54112, 65348, 15974, 29074, 57050, 33852, 97358, 8954, 17470, 27517, 64616, 5346, 63575, 78940, 50514, 37235, 23836, 12019, 55545, 75529, 39590, 39282, 69181, 61371, 16668, 64663, 47227, 46251, 56990, 9167, 83922, 53611, 57808, 46741, 49046, 87, 19112, 95604, 84999, 42011, 21219, 66029, 14110, 93900, 47858, 4679, 8538, 60826, 22759, 64139, 44874, 37503, 74499, 63637, 38507, 33870, 53029, 7092, 89194, 47393, 88746, 41735, 3169, 87801, 66383, 90300, 85365, 23306, 30007, 350, 27279, 78935, 15361, 9692, 18993, 94210, 96941, 31882, 600, 95407, 39003, 17946, 6674, 44554, 89168, 30187, 2063, 61855, 24558, 85642, 14739, 16033, 8325, 17515, 47923, 46537, 10828, 36772, 41394, 9987, 55025, 90161, 89977, 79350, 8238, 56153, 88354, 15866, 43173, 55496, 16134, 21113, 12, 94707, 87215, 3210, 73601, 14828, 10015, 21237, 47328, 19829, 40371, 94920, 28491, 9701, 44381, 58614, 95094, 92402, 31371, 91199, 69687, 77053, 50304, 38668, 49047, 18462, 18071, 26934, 48716, 51856, 27825, 61131, 81129, 83965, 87170, 13472, 27986, 13676, 28283, 15097, 57464, 73718, 35584, 82066, 14866, 78505, 47987, 73876, 87552, 54716, 2843, 59000, 11299, 23207, 28791, 79077, 63775, 86628, 33278, 48171, 73041, 28685, 41195, 35563, 60053, 7307, 67239, 36942, 21507, 50498, 84337, 56877, 15997, 91106, 597, 17312, 15147, 28874, 25833, 69715, 26776, 53781, 62117, 70275, 62564, 80107, 90309, 97652, 62844, 21713, 98825, 18484, 96117, 46992, 26976, 36540, 268, 20939, 95381, 414, 46767, 6751, 76480, 80570, 35253, 71366, 53845, 48095, 59667, 68328, 82679, 2938, 54325, 67590, 44439, 57923, 49293, 35279, 3063, 22509, 63488, 63788, 96873, 64254, 32182, 83479, 83226, 85902, 38003, 52449, 2971, 30962, 2102, 96767, 4380, 27052, 53361, 60759, 17501, 86962, 36937, 26093, 74262, 53316, 27948, 33976, 24617, 89585, 67824, 6783, 12082, 12113, 61599, 67135, 58790, 19194, 96157, 60709, 25759, 8736, 54694, 49205, 48497, 98351, 9784, 93000, 13212, 23679, 64582, 98663, 67834, 28778, 15499, 62447, 21901, 38995, 45405, 75017, 95269, 68332, 51154, 39338, 91412, 21000, 39598, 5254, 14491, 5240, 87454, 42778, 27123, 84496, 55875, 26082, 69286, 37272, 43814, 21025, 2755, 73018, 2525, 45053, 41993, 85358, 71300, 5635, 93049, 79471, 13039, 28444, 41469, 88809, 4865, 28993, 82309, 72171, 70623, 60612, 66137, 6262, 78420, 65021, 21769, 7657, 17074, 57744, 73354, 84444, 71272, 33248, 30606, 47958, 10795, 36472, 60770, 81655, 88863, 250, 34968, 12277, 78503, 42283, 21793, 16745, 261, 97410, 33926, 40987, 79128, 38811, 57796, 44381, 50721, 75270, 44583, 33962, 97598, 17682, 28068, 13125, 91067, 89882, 26715, 25384, 74331, 89407, 14947, 78022, 95535, 49680, 62690, 26795, 15501, 49305, 98519, 68019, 23640, 36086, 81675, 74105, 84965, 79615, 59474, 32310, 828, 78311, 16041, 86694, 2219, 58894, 92088, 50618, 87358, 18798, 66020, 66491, 50367, 32691, 91076, 48215, 21090, 45456, 38806, 23448, 41331, 69626, 41502, 79937, 23957, 90870, 93453, 61607, 10380, 45280, 76461, 46041, 84671, 74991, 33953, 43268, 3685, 93154, 43241, 71342, 21712, 7548, 62016, 42650, 63716, 96177, 92429, 30722, 34963, 32771, 9652, 58610, 43025, 66742, 66985, 92411, 16818, 43482, 63132, 1269, 52666, 11401, 72493, 40123, 47150, 38648, 25728, 40484, 72168, 53812, 60820, 53095, 68694, 66006, 66376, 26800, 67391, 96349, 6364, 21003, 67493, 11165, 753, 32397, 51956, 32489, 75245, 50907, 74230, 20597, 24072, 95982, 6309, 78258, 24708, 56550, 14001, 5797, 14644, 94208, 93205, 80015, 27644, 47562, 25421, 10959, 1813, 15471, 25080, 35370, 15699, 55919, 93763, 64429, 98363, 15489, 28574, 3254, 58025, 19971, 39160, 66508, 36965, 72023, 86391, 37522, 11321, 97067, 96942, 63001, 77165, 13525, 12707, 32225, 38792, 3681, 50425, 96215, 48875, 29957, 6834, 89104, 85273, 4281, 76337, 15809, 48204, 49049, 18664, 74707, 77394, 92519, 97211, 26594, 32097, 20303, 41340, 20834, 17456, 2942, 22394, 40666, 19104, 64464, 84874, 13484, 53397, 66343, 65277, 38014, 55195, 60372, 37340, 18801, 82015, 56595, 55221, 88495, 79738, 23329, 63278, 32902, 34398, 18001, 56742, 32213, 31488, 59134, 20505, 4026, 90895, 27116, 30297, 1847, 38709, 72351, 77929, 36254, 3202, 9297, 82366, 3264, 93673, 89348, 23500, 92180, 92120, 78304, 5036, 63632, 7476, 65426, 91751, 88945, 86267, 59947, 82376, 21761, 66402, 50454, 33859, 99883, 68284, 80606, 42062, 5657, 45352, 51205, 24989, 6098, 71277, 98358, 34413, 5640, 59324, 22162, 4511, 42165, 70961, 77656, 96737, 79906, 74827, 62868, 58751, 82863, 89281, 92167, 54287, 30488, 44661, 39834, 69596, 51736, 65565, 74777, 19867, 94259, 67318, 63603, 74045, 55950, 26926, 49129, 15579, 42126, 36681, 68347, 93177, 34727, 41898, 79720, 99738, 42795, 36694, 77763, 83302, 9654, 72952, 47546, 87819, 26071, 60334, 22608, 20834, 80410, 10699, 70816, 33668, 75954, 35435, 97652, 16610, 65701, 78673, 44427, 78562, 93296, 10028, 17508, 3472, 31275, 11048, 86960, 31129, 85823, 53231, 89164, 63950, 37639, 77640, 7781, 90168, 94861, 88567]})"
141.0,3,12,16,7.258095026016235,418,"Genotype(dna={""<class 'abc.NT_0012'>"": [0, 89047], ""<class 'abc.NT_0012_P_00000'>"": [], ""<class 'abc.NT_0007'>"": [55058, 96429, 2662], ""<class 'abc.NT_0007_P_00000'>"": [], ""<class 'abc.NT_0002'>"": [0, 48333, 27356], ""<class 'abc.NT_0002_P_00000'>"": [], ""<class 'abc.NT_0000'>"": [42184, 70052, 0, 91804, 0, 0, 36773, 0, 64804], ""<class 'abc.NT_0000_P_00000'>"": [], ""<class 'abc.NT_0001'>"": [0, 49937, 0, 86169, 43681], ""<class 'abc.NT_0001_P_00000'>"": [], ""<class 'bool'>"": [70796, 41936, 41546, 8512, 21121, 28869], ""<class 'int'>"": [25155, 52427, 13216, 14861, 37066, 43227, 14416], ""<class 'abc.NT_0005'>"": [0, 37639], ""<class 'abc.NT_0005_P_00000'>"": [], ""<class 'abc.NT_0003'>"": [33650, 52703], ""<class 'abc.NT_0003_P_00000'>"": [], ""<class 'abc.NT_0004'>"": [0, 59983], ""<class 'abc.NT_0004_P_00000'>"": [], '$leftovers': [81600, 92981, 24586, 80507, 48909, 56302, 48279, 39596, 8177, 41048, 54709, 2141, 36382, 30231, 79303, 45906, 3600, 72448, 85756, 62232, 76728, 12314, 10402, 99348, 82540, 3143, 2927, 63383, 24684, 56849, 91234, 96607, 11663, 55655, 70782, 65921, 46458, 89721, 42004, 84925, 23942, 57205, 447, 66040, 89769, 37633, 53881, 33471, 84899, 77962, 79382, 63421, 42354, 22565, 54622, 78399, 707, 24478, 73210, 60708, 91176, 39440, 68267, 67164, 86078, 78891, 1648, 1984, 34860, 67089, 14873, 85945, 27946, 91486, 43571, 81436, 24346, 46853, 90833, 93204, 67569, 28562, 65707, 64260, 79507, 5703, 7091, 64658, 51775, 12742, 9851, 57202, 62567, 20339, 98771, 84993, 42327, 6461, 36932, 81439, 47467, 62039, 83881, 12894, 32233, 8056, 28809, 72665, 37010, 26904, 8831, 28758, 41940, 50619, 13705, 77050, 31928, 98645, 56591, 24230, 79582, 27434, 95976, 64454, 7019, 17483, 21240, 67326, 59414, 72680, 9039, 51925, 93310, 67483, 64406, 48515, 88431, 2658, 13619, 9790, 17053, 28910, 57659, 77924, 99848, 89052, 47667, 8134, 19606, 85887, 52665, 28157, 42807, 17016, 89094, 61528, 2617, 28737, 93170, 38813, 99354, 15028, 23722, 65353, 29533, 99753, 41981, 50418, 14162, 78477, 44874, 48013, 99700, 22092, 35260, 90200, 89643, 20702, 91024, 9577, 56981, 30550, 61179, 18259, 57231, 87191, 55757, 3244, 78476, 74777, 24995, 31614, 77943, 7036, 49566, 58360, 3004, 53252, 66953, 74656, 74210, 27963, 52379, 63796, 99017, 55895, 25648, 47745, 62726, 60872, 9501, 49057, 94539, 87198, 63764, 99938, 10128, 80210, 46135, 51655, 83482, 38148, 24164, 27359, 56722, 28341, 25100, 45456, 58831, 30641, 35297, 10655, 57535, 34439, 9062, 29603, 80404, 81266, 30591, 52083, 4329, 59237, 41782, 63886, 44622, 7276, 5883, 7811, 9363, 36177, 85829, 72401, 69637, 5311, 68134, 6919, 88426, 70653, 4616, 46013, 92629, 59024, 92702, 43046, 89779, 385, 55229, 28239, 12254, 26194, 26075, 97973, 61281, 36055, 35286, 66986, 28883, 19934, 88098, 4790, 83498, 37148, 15666, 87010, 55539, 7569, 68859, 64018, 42555, 25550, 49766, 42788, 84258, 51569, 68268, 3156, 96561, 85693, 51070, 36377, 65819, 96179, 39579, 24584, 28035, 59376, 1204, 11150, 48792, 45926, 85267, 91074, 94546, 96796, 37903, 59781, 4539, 61677, 99460, 13625, 61547, 50670, 13613, 59753, 22915, 2621, 41331, 81995, 39637, 22957, 79002, 77248, 80855, 23226, 52229, 79789, 70273, 33650, 98693, 42923, 5145, 90463, 16373, 37110, 73707, 81260, 22037, 73958, 71109, 87766, 33357, 36160, 30428, 68575, 62987, 54541, 93429, 10734, 56468, 10160, 92379, 48026, 42646, 26036, 13198, 24697, 89401, 2013, 24257, 16393, 7549, 56761, 59383, 92698, 47833, 9115, 80083, 27886, 98520, 84184, 46396, 32324, 55136, 33043, 94733, 39299, 68268, 17957, 41681, 95283, 74312, 19569, 5501, 96364, 37614, 98620, 35413, 23136, 13438, 71840, 85129, 48571, 41673, 12536, 28619, 39045, 31089, 96567, 57611, 19490, 3253, 59735, 37115, 23031, 12955, 69562, 87443, 43955, 64586, 64395, 83855, 28306, 89637, 82455, 41564, 62224, 83458, 72706, 39687, 18580, 37123, 88608, 78134, 31325, 99919, 83099, 93340, 64560, 40152, 49911, 90599, 5214, 94580, 49233, 60885, 57752, 18427, 57803, 29767, 82380, 44062, 42873, 35236, 96454, 6296, 761, 18195, 33989, 94984, 70688, 90636, 6806, 73662, 94256, 41102, 28770, 46150, 73640, 11449, 24920, 21310, 85454, 94863, 91863, 23315, 17597, 20217, 91794, 34166, 77109, 46637, 32144, 83158, 26247, 76783, 57366, 76170, 90953, 82914, 78347, 9798, 36943, 73386, 68382, 52072, 12414, 41189, 86486, 60473, 16665, 45781, 59592, 86919, 63519, 25794, 53453, 64363, 96508, 16128, 92416, 22277, 24310, 86063, 67165, 46227, 54481, 89870, 69212, 62340, 60412, 71112, 23023, 34509, 92116, 7217, 63002, 41259, 50000, 8793, 4594, 30483, 62653, 83938, 83503, 31483, 10365, 49442, 30804, 45981, 6968, 91617, 92210, 54325, 96831, 5008, 28389, 68581, 10722, 76148, 95354, 73970, 68860, 62036, 98213, 81300, 79566, 11781, 37080, 43953, 62574, 60034, 62154, 78716, 7847, 44434, 11159, 20786, 57220, 86148, 89532, 79123, 19828, 71554, 38321, 92355, 28120, 6885, 40594, 84932, 47779, 99847, 92498, 86367, 71489, 51939, 10303, 75651, 2814, 54873, 58078, 82260, 4131, 16111, 36323, 80831, 56586, 23086, 62810, 48333, 30508, 86384, 27684, 56737, 96345, 97308, 91048, 25778, 26424, 16979, 77059, 87484, 650, 10501, 7664, 42399, 66368, 72428, 90313, 68581, 95408, 58719, 7010, 71100, 38694, 62269, 88515, 87114, 60082, 74975, 47648, 95486, 87637, 66308, 20895, 66554, 33908, 42049, 56894, 28029, 53349, 69094, 28178, 10701, 80203, 12390, 30718, 61309, 79054, 80067, 87669, 18429, 56382, 67438, 53640, 19668, 83077, 8515, 32853, 16711, 65061, 42899, 66125, 28921, 47414, 77777, 7836, 59293, 12583, 45182, 70935, 11108, 65079, 57419, 58720, 99394, 41111, 59469, 41454, 95010, 96686, 20780, 37583, 91647, 99794, 21826, 42117, 12468, 34122, 46653, 81774, 80852, 20118, 37608, 92311, 79336, 51578, 35457, 31958, 86730, 96687, 11146, 78075, 16211, 44286, 64844, 65338, 10895, 10275, 77020, 73939, 97538, 77164, 89934, 19330, 65432, 21836, 62675, 2218, 30434, 72578, 3673, 40750, 56210, 87412, 64425, 15775, 78636, 80433, 91705, 39505, 7027, 29105, 87238, 78396, 99457, 72495, 465, 26796, 81547, 80667, 30823, 69059, 7899, 78032, 78440, 81817, 20294, 87763, 12034, 87734, 24471, 82031, 64016, 50288, 34228, 63282, 50920, 30581, 84203, 633, 87248, 12770, 97953, 13053, 95572, 37949, 74063, 36227, 29715, 49813, 21145, 87009, 80874, 37059, 87639, 40612, 24590, 86721, 77317, 98113, 76274, 67052, 89971, 13754, 59718, 87879, 93901, 12293, 67642, 78449, 64313, 44591, 70027, 35247, 66295, 59710, 40038, 34813, 87962, 6454, 75437, 34184, 50284, 17941, 64231, 49977, 2028, 59502, 60727, 26582, 79999, 6279, 85230, 43569, 67203, 58331, 72913, 30171, 1727, 41946, 90745, 71914, 86277, 5832, 11177, 57599, 86212, 61606, 28255, 80106, 54547, 15980, 77212, 3027, 83112, 17125, 76921, 4837, 26444, 13210, 89259, 46651, 77381, 66788, 11296, 33774, 81105, 70945, 61130, 72200, 65714, 63243, 61476, 76626, 59438, 32822, 8711, 94850, 65916, 7693, 21486, 24715, 26506, 21007, 33133, 38566, 99647, 25770, 19442, 13318, 78963, 57647, 12222, 92372, 45896, 92440, 69281, 19151, 44863, 76918, 22077, 63058, 94435, 38449, 64109, 20310, 83672, 22901, 14278, 33390, 13900, 63275, 55898, 16247, 33785, 54297, 8437, 54820, 83410, 95313, 67626, 61778, 10727, 89377, 37482, 45594, 34932, 17260, 28241, 94797, 26052, 23531, 90086, 15960, 81528, 32321, 35167, 20274, 11327, 18349, 24819, 16188, 45023, 56618, 85558, 52445, 76045, 7010, 39667, 97499, 27217, 6922, 66669, 41143, 82468, 17121, 9153, 82171, 29623, 91642, 3023, 69588, 47419, 86211, 71966, 80845, 68320, 13455, 37727, 52220, 74702, 43968, 32800, 43782, 66266, 15493, 61506, 51999, 45231, 78441, 55374, 45332, 33666, 99772, 17526, 93054, 75932, 18681, 44005, 52642, 79466, 41665, 71733, 67212, 52963, 45410, 97177, 3676, 65899, 60266, 6015, 31478, 67272, 29789, 47236, 62659, 19112, 76732, 55297, 44711, 19662, 33344, 75613, 43681, 51180, 63551, 81969, 93251, 48767, 14416]})"
141.0,3,12,17,7.447980642318726,418,"Genotype(dna={""<class 'abc.NT_0012'>"": [0, 89047], ""<class 'abc.NT_0012_P_00000'>"": [], ""<class 'abc.NT_0007'>"": [55058, 96429, 2662], ""<class 'abc.NT_0007_P_00000'>"": [], ""<class 'abc.NT_0002'>"": [0, 48333, 27356], ""<class 'abc.NT_0002_P_00000'>"": [], ""<class 'abc.NT_0000'>"": [42184, 70052, 0, 91804, 0, 0, 36773, 0, 64804], ""<class 'abc.NT_0000_P_00000'>"": [], ""<class 'abc.NT_0001'>"": [0, 49937, 0, 86169, 43681], ""<class 'abc.NT_0001_P_00000'>"": [], ""<class 'bool'>"": [70796, 41936, 41546, 8512, 21121, 28869], ""<class 'int'>"": [25155, 52427, 13216, 14861, 37066, 43227, 14416], ""<class 'abc.NT_0005'>"": [0, 37639], ""<class 'abc.NT_0005_P_00000'>"": [], ""<class 'abc.NT_0003'>"": [33650, 52703], ""<class 'abc.NT_0003_P_00000'>"": [], ""<class 'abc.NT_0004'>"": [0, 59983], ""<class 'abc.NT_0004_P_00000'>"": [], '$leftovers': [81600, 92981, 24586, 80507, 48909, 56302, 48279, 39596, 8177, 41048, 54709, 2141, 36382, 30231, 79303, 45906, 3600, 72448, 85756, 62232, 76728, 12314, 10402, 99348, 82540, 3143, 2927, 63383, 24684, 56849, 91234, 96607, 11663, 55655, 70782, 65921, 46458, 89721, 42004, 84925, 23942, 57205, 447, 66040, 89769, 37633, 53881, 33471, 84899, 77962, 79382, 63421, 42354, 22565, 54622, 78399, 707, 24478, 73210, 60708, 91176, 39440, 68267, 67164, 86078, 78891, 1648, 1984, 34860, 67089, 14873, 85945, 27946, 91486, 43571, 81436, 24346, 46853, 90833, 93204, 67569, 28562, 65707, 64260, 79507, 5703, 7091, 64658, 51775, 12742, 9851, 57202, 62567, 20339, 98771, 84993, 42327, 6461, 36932, 81439, 47467, 62039, 83881, 12894, 32233, 8056, 28809, 72665, 37010, 26904, 8831, 28758, 41940, 50619, 13705, 77050, 31928, 98645, 56591, 24230, 79582, 27434, 95976, 64454, 7019, 17483, 21240, 67326, 59414, 72680, 9039, 51925, 93310, 67483, 64406, 48515, 88431, 2658, 13619, 9790, 17053, 28910, 57659, 77924, 99848, 89052, 47667, 8134, 19606, 85887, 52665, 28157, 42807, 17016, 89094, 61528, 2617, 28737, 93170, 38813, 99354, 15028, 23722, 65353, 29533, 99753, 41981, 50418, 14162, 78477, 44874, 48013, 99700, 22092, 35260, 90200, 89643, 20702, 91024, 9577, 56981, 30550, 61179, 18259, 57231, 87191, 55757, 3244, 78476, 74777, 24995, 31614, 77943, 7036, 49566, 58360, 3004, 53252, 66953, 74656, 74210, 27963, 52379, 63796, 99017, 55895, 25648, 47745, 62726, 60872, 9501, 49057, 94539, 87198, 63764, 99938, 10128, 80210, 46135, 51655, 83482, 38148, 24164, 27359, 56722, 28341, 25100, 45456, 58831, 30641, 35297, 10655, 57535, 34439, 9062, 29603, 80404, 81266, 30591, 52083, 4329, 59237, 41782, 63886, 44622, 7276, 5883, 7811, 9363, 36177, 85829, 72401, 69637, 5311, 68134, 6919, 88426, 70653, 4616, 46013, 92629, 59024, 92702, 43046, 89779, 385, 55229, 28239, 12254, 26194, 26075, 97973, 61281, 36055, 35286, 66986, 28883, 19934, 88098, 4790, 83498, 37148, 15666, 87010, 55539, 7569, 68859, 64018, 42555, 25550, 49766, 42788, 84258, 51569, 68268, 3156, 96561, 85693, 51070, 36377, 65819, 96179, 39579, 24584, 28035, 59376, 1204, 11150, 48792, 45926, 85267, 91074, 94546, 96796, 37903, 59781, 4539, 61677, 99460, 13625, 61547, 50670, 13613, 59753, 22915, 2621, 41331, 81995, 39637, 22957, 79002, 77248, 80855, 23226, 52229, 79789, 70273, 33650, 98693, 42923, 5145, 90463, 16373, 37110, 73707, 81260, 22037, 73958, 71109, 87766, 33357, 36160, 30428, 68575, 62987, 54541, 93429, 10734, 56468, 10160, 92379, 48026, 42646, 26036, 13198, 24697, 89401, 2013, 24257, 16393, 7549, 56761, 59383, 92698, 47833, 9115, 80083, 27886, 98520, 84184, 46396, 32324, 55136, 33043, 94733, 39299, 68268, 17957, 41681, 95283, 74312, 19569, 5501, 96364, 37614, 98620, 35413, 23136, 13438, 71840, 85129, 48571, 41673, 12536, 28619, 39045, 31089, 96567, 57611, 19490, 3253, 59735, 37115, 23031, 12955, 69562, 87443, 43955, 64586, 64395, 83855, 28306, 89637, 82455, 41564, 62224, 83458, 72706, 39687, 18580, 37123, 88608, 78134, 31325, 99919, 83099, 93340, 64560, 40152, 49911, 90599, 5214, 94580, 49233, 60885, 57752, 18427, 57803, 29767, 82380, 44062, 42873, 35236, 96454, 6296, 761, 18195, 33989, 94984, 70688, 90636, 6806, 73662, 94256, 41102, 28770, 46150, 73640, 11449, 24920, 21310, 85454, 94863, 91863, 23315, 17597, 20217, 91794, 34166, 77109, 46637, 32144, 83158, 26247, 76783, 57366, 76170, 90953, 82914, 78347, 9798, 36943, 73386, 68382, 52072, 12414, 41189, 86486, 60473, 16665, 45781, 59592, 86919, 63519, 25794, 53453, 64363, 96508, 16128, 92416, 22277, 24310, 86063, 67165, 46227, 54481, 89870, 69212, 62340, 60412, 71112, 23023, 34509, 92116, 7217, 63002, 41259, 50000, 8793, 4594, 30483, 62653, 83938, 83503, 31483, 10365, 49442, 30804, 45981, 6968, 91617, 92210, 54325, 96831, 5008, 28389, 68581, 10722, 76148, 95354, 73970, 68860, 62036, 98213, 81300, 79566, 11781, 37080, 43953, 62574, 60034, 62154, 78716, 7847, 44434, 11159, 20786, 57220, 86148, 89532, 79123, 19828, 71554, 38321, 92355, 28120, 6885, 40594, 84932, 47779, 99847, 92498, 86367, 71489, 51939, 10303, 75651, 2814, 54873, 58078, 82260, 4131, 16111, 36323, 80831, 56586, 23086, 62810, 48333, 30508, 86384, 27684, 56737, 96345, 97308, 91048, 25778, 26424, 16979, 77059, 87484, 650, 10501, 7664, 42399, 66368, 72428, 90313, 68581, 95408, 58719, 7010, 71100, 38694, 62269, 88515, 87114, 60082, 74975, 47648, 95486, 87637, 66308, 20895, 66554, 33908, 42049, 56894, 28029, 53349, 69094, 28178, 10701, 80203, 12390, 30718, 61309, 79054, 80067, 87669, 18429, 56382, 67438, 53640, 19668, 83077, 8515, 32853, 16711, 65061, 42899, 66125, 28921, 47414, 77777, 7836, 59293, 12583, 45182, 70935, 11108, 65079, 57419, 58720, 99394, 41111, 59469, 41454, 95010, 96686, 20780, 37583, 91647, 99794, 21826, 42117, 12468, 34122, 46653, 81774, 80852, 20118, 37608, 92311, 79336, 51578, 35457, 31958, 86730, 96687, 11146, 78075, 16211, 44286, 64844, 65338, 10895, 10275, 77020, 73939, 97538, 77164, 89934, 19330, 65432, 21836, 62675, 2218, 30434, 72578, 3673, 40750, 56210, 87412, 64425, 15775, 78636, 80433, 91705, 39505, 7027, 29105, 87238, 78396, 99457, 72495, 465, 26796, 81547, 80667, 30823, 69059, 7899, 78032, 78440, 81817, 20294, 87763, 12034, 87734, 24471, 82031, 64016, 50288, 34228, 63282, 50920, 30581, 84203, 633, 87248, 12770, 97953, 13053, 95572, 37949, 74063, 36227, 29715, 49813, 21145, 87009, 80874, 37059, 87639, 40612, 24590, 86721, 77317, 98113, 76274, 67052, 89971, 13754, 59718, 87879, 93901, 12293, 67642, 78449, 64313, 44591, 70027, 35247, 66295, 59710, 40038, 34813, 87962, 6454, 75437, 34184, 50284, 17941, 64231, 49977, 2028, 59502, 60727, 26582, 79999, 6279, 85230, 43569, 67203, 58331, 72913, 30171, 1727, 41946, 90745, 71914, 86277, 5832, 11177, 57599, 86212, 61606, 28255, 80106, 54547, 15980, 77212, 3027, 83112, 17125, 76921, 4837, 26444, 13210, 89259, 46651, 77381, 66788, 11296, 33774, 81105, 70945, 61130, 72200, 65714, 63243, 61476, 76626, 59438, 32822, 8711, 94850, 65916, 7693, 21486, 24715, 26506, 21007, 33133, 38566, 99647, 25770, 19442, 13318, 78963, 57647, 12222, 92372, 45896, 92440, 69281, 19151, 44863, 76918, 22077, 63058, 94435, 38449, 64109, 20310, 83672, 22901, 14278, 33390, 13900, 63275, 55898, 16247, 33785, 54297, 8437, 54820, 83410, 95313, 67626, 61778, 10727, 89377, 37482, 45594, 34932, 17260, 28241, 94797, 26052, 23531, 90086, 15960, 81528, 32321, 35167, 20274, 11327, 18349, 24819, 16188, 45023, 56618, 85558, 52445, 76045, 7010, 39667, 97499, 27217, 6922, 66669, 41143, 82468, 17121, 9153, 82171, 29623, 91642, 3023, 69588, 47419, 86211, 71966, 80845, 68320, 13455, 37727, 52220, 74702, 43968, 32800, 43782, 66266, 15493, 61506, 51999, 45231, 78441, 55374, 45332, 33666, 99772, 17526, 93054, 75932, 18681, 44005, 52642, 79466, 41665, 71733, 67212, 52963, 45410, 97177, 3676, 65899, 60266, 6015, 31478, 67272, 29789, 47236, 62659, 19112, 76732, 55297, 44711, 19662, 33344, 75613, 43681, 51180, 63551, 81969, 93251, 48767, 14416]})"
141.0,3,12,18,7.5882086753845215,418,"Genotype(dna={""<class 'abc.NT_0012'>"": [0, 89047], ""<class 'abc.NT_0012_P_00000'>"": [], ""<class 'abc.NT_0007'>"": [55058, 96429, 2662], ""<class 'abc.NT_0007_P_00000'>"": [], ""<class 'abc.NT_0002'>"": [0, 48333, 27356], ""<class 'abc.NT_0002_P_00000'>"": [], ""<class 'abc.NT_0000'>"": [42184, 70052, 0, 91804, 0, 0, 36773, 0, 64804], ""<class 'abc.NT_0000_P_00000'>"": [], ""<class 'abc.NT_0001'>"": [0, 49937, 0, 86169, 43681], ""<class 'abc.NT_0001_P_00000'>"": [], ""<class 'bool'>"": [70796, 41936, 41546, 8512, 21121, 28869], ""<class 'int'>"": [25155, 52427, 13216, 14861, 37066, 43227, 14416], ""<class 'abc.NT_0005'>"": [0, 37639], ""<class 'abc.NT_0005_P_00000'>"": [], ""<class 'abc.NT_0003'>"": [33650, 52703], ""<class 'abc.NT_0003_P_00000'>"": [], ""<class 'abc.NT_0004'>"": [0, 59983], ""<class 'abc.NT_0004_P_00000'>"": [], '$leftovers': [81600, 92981, 24586, 80507, 48909, 56302, 48279, 39596, 8177, 41048, 54709, 2141, 36382, 30231, 79303, 45906, 3600, 72448, 85756, 62232, 76728, 12314, 10402, 99348, 82540, 3143, 2927, 63383, 24684, 56849, 91234, 96607, 11663, 55655, 70782, 65921, 46458, 89721, 42004, 84925, 23942, 57205, 447, 66040, 89769, 37633, 53881, 33471, 84899, 77962, 79382, 63421, 42354, 22565, 54622, 78399, 707, 24478, 73210, 60708, 91176, 39440, 68267, 67164, 86078, 78891, 1648, 1984, 34860, 67089, 14873, 85945, 27946, 91486, 43571, 81436, 24346, 46853, 90833, 93204, 67569, 28562, 65707, 64260, 79507, 5703, 7091, 64658, 51775, 12742, 9851, 57202, 62567, 20339, 98771, 84993, 42327, 6461, 36932, 81439, 47467, 62039, 83881, 12894, 32233, 8056, 28809, 72665, 37010, 26904, 8831, 28758, 41940, 50619, 13705, 77050, 31928, 98645, 56591, 24230, 79582, 27434, 95976, 64454, 7019, 17483, 21240, 67326, 59414, 72680, 9039, 51925, 93310, 67483, 64406, 48515, 88431, 2658, 13619, 9790, 17053, 28910, 57659, 77924, 99848, 89052, 47667, 8134, 19606, 85887, 52665, 28157, 42807, 17016, 89094, 61528, 2617, 28737, 93170, 38813, 99354, 15028, 23722, 65353, 29533, 99753, 41981, 50418, 14162, 78477, 44874, 48013, 99700, 22092, 35260, 90200, 89643, 20702, 91024, 9577, 56981, 30550, 61179, 18259, 57231, 87191, 55757, 3244, 78476, 74777, 24995, 31614, 77943, 7036, 49566, 58360, 3004, 53252, 66953, 74656, 74210, 27963, 52379, 63796, 99017, 55895, 25648, 47745, 62726, 60872, 9501, 49057, 94539, 87198, 63764, 99938, 10128, 80210, 46135, 51655, 83482, 38148, 24164, 27359, 56722, 28341, 25100, 45456, 58831, 30641, 35297, 10655, 57535, 34439, 9062, 29603, 80404, 81266, 30591, 52083, 4329, 59237, 41782, 63886, 44622, 7276, 5883, 7811, 9363, 36177, 85829, 72401, 69637, 5311, 68134, 6919, 88426, 70653, 4616, 46013, 92629, 59024, 92702, 43046, 89779, 385, 55229, 28239, 12254, 26194, 26075, 97973, 61281, 36055, 35286, 66986, 28883, 19934, 88098, 4790, 83498, 37148, 15666, 87010, 55539, 7569, 68859, 64018, 42555, 25550, 49766, 42788, 84258, 51569, 68268, 3156, 96561, 85693, 51070, 36377, 65819, 96179, 39579, 24584, 28035, 59376, 1204, 11150, 48792, 45926, 85267, 91074, 94546, 96796, 37903, 59781, 4539, 61677, 99460, 13625, 61547, 50670, 13613, 59753, 22915, 2621, 41331, 81995, 39637, 22957, 79002, 77248, 80855, 23226, 52229, 79789, 70273, 33650, 98693, 42923, 5145, 90463, 16373, 37110, 73707, 81260, 22037, 73958, 71109, 87766, 33357, 36160, 30428, 68575, 62987, 54541, 93429, 10734, 56468, 10160, 92379, 48026, 42646, 26036, 13198, 24697, 89401, 2013, 24257, 16393, 7549, 56761, 59383, 92698, 47833, 9115, 80083, 27886, 98520, 84184, 46396, 32324, 55136, 33043, 94733, 39299, 68268, 17957, 41681, 95283, 74312, 19569, 5501, 96364, 37614, 98620, 35413, 23136, 13438, 71840, 85129, 48571, 41673, 12536, 28619, 39045, 31089, 96567, 57611, 19490, 3253, 59735, 37115, 23031, 12955, 69562, 87443, 43955, 64586, 64395, 83855, 28306, 89637, 82455, 41564, 62224, 83458, 72706, 39687, 18580, 37123, 88608, 78134, 31325, 99919, 83099, 93340, 64560, 40152, 49911, 90599, 5214, 94580, 49233, 60885, 57752, 18427, 57803, 29767, 82380, 44062, 42873, 35236, 96454, 6296, 761, 18195, 33989, 94984, 70688, 90636, 6806, 73662, 94256, 41102, 28770, 46150, 73640, 11449, 24920, 21310, 85454, 94863, 91863, 23315, 17597, 20217, 91794, 34166, 77109, 46637, 32144, 83158, 26247, 76783, 57366, 76170, 90953, 82914, 78347, 9798, 36943, 73386, 68382, 52072, 12414, 41189, 86486, 60473, 16665, 45781, 59592, 86919, 63519, 25794, 53453, 64363, 96508, 16128, 92416, 22277, 24310, 86063, 67165, 46227, 54481, 89870, 69212, 62340, 60412, 71112, 23023, 34509, 92116, 7217, 63002, 41259, 50000, 8793, 4594, 30483, 62653, 83938, 83503, 31483, 10365, 49442, 30804, 45981, 6968, 91617, 92210, 54325, 96831, 5008, 28389, 68581, 10722, 76148, 95354, 73970, 68860, 62036, 98213, 81300, 79566, 11781, 37080, 43953, 62574, 60034, 62154, 78716, 7847, 44434, 11159, 20786, 57220, 86148, 89532, 79123, 19828, 71554, 38321, 92355, 28120, 6885, 40594, 84932, 47779, 99847, 92498, 86367, 71489, 51939, 10303, 75651, 2814, 54873, 58078, 82260, 4131, 16111, 36323, 80831, 56586, 23086, 62810, 48333, 30508, 86384, 27684, 56737, 96345, 97308, 91048, 25778, 26424, 16979, 77059, 87484, 650, 10501, 7664, 42399, 66368, 72428, 90313, 68581, 95408, 58719, 7010, 71100, 38694, 62269, 88515, 87114, 60082, 74975, 47648, 95486, 87637, 66308, 20895, 66554, 33908, 42049, 56894, 28029, 53349, 69094, 28178, 10701, 80203, 12390, 30718, 61309, 79054, 80067, 87669, 18429, 56382, 67438, 53640, 19668, 83077, 8515, 32853, 16711, 65061, 42899, 66125, 28921, 47414, 77777, 7836, 59293, 12583, 45182, 70935, 11108, 65079, 57419, 58720, 99394, 41111, 59469, 41454, 95010, 96686, 20780, 37583, 91647, 99794, 21826, 42117, 12468, 34122, 46653, 81774, 80852, 20118, 37608, 92311, 79336, 51578, 35457, 31958, 86730, 96687, 11146, 78075, 16211, 44286, 64844, 65338, 10895, 10275, 77020, 73939, 97538, 77164, 89934, 19330, 65432, 21836, 62675, 2218, 30434, 72578, 3673, 40750, 56210, 87412, 64425, 15775, 78636, 80433, 91705, 39505, 7027, 29105, 87238, 78396, 99457, 72495, 465, 26796, 81547, 80667, 30823, 69059, 7899, 78032, 78440, 81817, 20294, 87763, 12034, 87734, 24471, 82031, 64016, 50288, 34228, 63282, 50920, 30581, 84203, 633, 87248, 12770, 97953, 13053, 95572, 37949, 74063, 36227, 29715, 49813, 21145, 87009, 80874, 37059, 87639, 40612, 24590, 86721, 77317, 98113, 76274, 67052, 89971, 13754, 59718, 87879, 93901, 12293, 67642, 78449, 64313, 44591, 70027, 35247, 66295, 59710, 40038, 34813, 87962, 6454, 75437, 34184, 50284, 17941, 64231, 49977, 2028, 59502, 60727, 26582, 79999, 6279, 85230, 43569, 67203, 58331, 72913, 30171, 1727, 41946, 90745, 71914, 86277, 5832, 11177, 57599, 86212, 61606, 28255, 80106, 54547, 15980, 77212, 3027, 83112, 17125, 76921, 4837, 26444, 13210, 89259, 46651, 77381, 66788, 11296, 33774, 81105, 70945, 61130, 72200, 65714, 63243, 61476, 76626, 59438, 32822, 8711, 94850, 65916, 7693, 21486, 24715, 26506, 21007, 33133, 38566, 99647, 25770, 19442, 13318, 78963, 57647, 12222, 92372, 45896, 92440, 69281, 19151, 44863, 76918, 22077, 63058, 94435, 38449, 64109, 20310, 83672, 22901, 14278, 33390, 13900, 63275, 55898, 16247, 33785, 54297, 8437, 54820, 83410, 95313, 67626, 61778, 10727, 89377, 37482, 45594, 34932, 17260, 28241, 94797, 26052, 23531, 90086, 15960, 81528, 32321, 35167, 20274, 11327, 18349, 24819, 16188, 45023, 56618, 85558, 52445, 76045, 7010, 39667, 97499, 27217, 6922, 66669, 41143, 82468, 17121, 9153, 82171, 29623, 91642, 3023, 69588, 47419, 86211, 71966, 80845, 68320, 13455, 37727, 52220, 74702, 43968, 32800, 43782, 66266, 15493, 61506, 51999, 45231, 78441, 55374, 45332, 33666, 99772, 17526, 93054, 75932, 18681, 44005, 52642, 79466, 41665, 71733, 67212, 52963, 45410, 97177, 3676, 65899, 60266, 6015, 31478, 67272, 29789, 47236, 62659, 19112, 76732, 55297, 44711, 19662, 33344, 75613, 43681, 51180, 63551, 81969, 93251, 48767, 14416]})"
141.0,3,12,19,7.761234760284424,418,"Genotype(dna={""<class 'abc.NT_0012'>"": [0, 89047], ""<class 'abc.NT_0012_P_00000'>"": [], ""<class 'abc.NT_0007'>"": [55058, 96429, 2662], ""<class 'abc.NT_0007_P_00000'>"": [], ""<class 'abc.NT_0002'>"": [0, 48333, 27356], ""<class 'abc.NT_0002_P_00000'>"": [], ""<class 'abc.NT_0000'>"": [42184, 70052, 0, 91804, 0, 0, 36773, 0, 64804], ""<class 'abc.NT_0000_P_00000'>"": [], ""<class 'abc.NT_0001'>"": [0, 49937, 0, 86169, 43681], ""<class 'abc.NT_0001_P_00000'>"": [], ""<class 'bool'>"": [70796, 41936, 41546, 8512, 21121, 28869], ""<class 'int'>"": [25155, 52427, 13216, 14861, 37066, 43227, 14416], ""<class 'abc.NT_0005'>"": [0, 37639], ""<class 'abc.NT_0005_P_00000'>"": [], ""<class 'abc.NT_0003'>"": [33650, 52703], ""<class 'abc.NT_0003_P_00000'>"": [], ""<class 'abc.NT_0004'>"": [0, 59983], ""<class 'abc.NT_0004_P_00000'>"": [], '$leftovers': [81600, 92981, 24586, 80507, 48909, 56302, 48279, 39596, 8177, 41048, 54709, 2141, 36382, 30231, 79303, 45906, 3600, 72448, 85756, 62232, 76728, 12314, 10402, 99348, 82540, 3143, 2927, 63383, 24684, 56849, 91234, 96607, 11663, 55655, 70782, 65921, 46458, 89721, 42004, 84925, 23942, 57205, 447, 66040, 89769, 37633, 53881, 33471, 84899, 77962, 79382, 63421, 42354, 22565, 54622, 78399, 707, 24478, 73210, 60708, 91176, 39440, 68267, 67164, 86078, 78891, 1648, 1984, 34860, 67089, 14873, 85945, 27946, 91486, 43571, 81436, 24346, 46853, 90833, 93204, 67569, 28562, 65707, 64260, 79507, 5703, 7091, 64658, 51775, 12742, 9851, 57202, 62567, 20339, 98771, 84993, 42327, 6461, 36932, 81439, 47467, 62039, 83881, 12894, 32233, 8056, 28809, 72665, 37010, 26904, 8831, 28758, 41940, 50619, 13705, 77050, 31928, 98645, 56591, 24230, 79582, 27434, 95976, 64454, 7019, 17483, 21240, 67326, 59414, 72680, 9039, 51925, 93310, 67483, 64406, 48515, 88431, 2658, 13619, 9790, 17053, 28910, 57659, 77924, 99848, 89052, 47667, 8134, 19606, 85887, 52665, 28157, 42807, 17016, 89094, 61528, 2617, 28737, 93170, 38813, 99354, 15028, 23722, 65353, 29533, 99753, 41981, 50418, 14162, 78477, 44874, 48013, 99700, 22092, 35260, 90200, 89643, 20702, 91024, 9577, 56981, 30550, 61179, 18259, 57231, 87191, 55757, 3244, 78476, 74777, 24995, 31614, 77943, 7036, 49566, 58360, 3004, 53252, 66953, 74656, 74210, 27963, 52379, 63796, 99017, 55895, 25648, 47745, 62726, 60872, 9501, 49057, 94539, 87198, 63764, 99938, 10128, 80210, 46135, 51655, 83482, 38148, 24164, 27359, 56722, 28341, 25100, 45456, 58831, 30641, 35297, 10655, 57535, 34439, 9062, 29603, 80404, 81266, 30591, 52083, 4329, 59237, 41782, 63886, 44622, 7276, 5883, 7811, 9363, 36177, 85829, 72401, 69637, 5311, 68134, 6919, 88426, 70653, 4616, 46013, 92629, 59024, 92702, 43046, 89779, 385, 55229, 28239, 12254, 26194, 26075, 97973, 61281, 36055, 35286, 66986, 28883, 19934, 88098, 4790, 83498, 37148, 15666, 87010, 55539, 7569, 68859, 64018, 42555, 25550, 49766, 42788, 84258, 51569, 68268, 3156, 96561, 85693, 51070, 36377, 65819, 96179, 39579, 24584, 28035, 59376, 1204, 11150, 48792, 45926, 85267, 91074, 94546, 96796, 37903, 59781, 4539, 61677, 99460, 13625, 61547, 50670, 13613, 59753, 22915, 2621, 41331, 81995, 39637, 22957, 79002, 77248, 80855, 23226, 52229, 79789, 70273, 33650, 98693, 42923, 5145, 90463, 16373, 37110, 73707, 81260, 22037, 73958, 71109, 87766, 33357, 36160, 30428, 68575, 62987, 54541, 93429, 10734, 56468, 10160, 92379, 48026, 42646, 26036, 13198, 24697, 89401, 2013, 24257, 16393, 7549, 56761, 59383, 92698, 47833, 9115, 80083, 27886, 98520, 84184, 46396, 32324, 55136, 33043, 94733, 39299, 68268, 17957, 41681, 95283, 74312, 19569, 5501, 96364, 37614, 98620, 35413, 23136, 13438, 71840, 85129, 48571, 41673, 12536, 28619, 39045, 31089, 96567, 57611, 19490, 3253, 59735, 37115, 23031, 12955, 69562, 87443, 43955, 64586, 64395, 83855, 28306, 89637, 82455, 41564, 62224, 83458, 72706, 39687, 18580, 37123, 88608, 78134, 31325, 99919, 83099, 93340, 64560, 40152, 49911, 90599, 5214, 94580, 49233, 60885, 57752, 18427, 57803, 29767, 82380, 44062, 42873, 35236, 96454, 6296, 761, 18195, 33989, 94984, 70688, 90636, 6806, 73662, 94256, 41102, 28770, 46150, 73640, 11449, 24920, 21310, 85454, 94863, 91863, 23315, 17597, 20217, 91794, 34166, 77109, 46637, 32144, 83158, 26247, 76783, 57366, 76170, 90953, 82914, 78347, 9798, 36943, 73386, 68382, 52072, 12414, 41189, 86486, 60473, 16665, 45781, 59592, 86919, 63519, 25794, 53453, 64363, 96508, 16128, 92416, 22277, 24310, 86063, 67165, 46227, 54481, 89870, 69212, 62340, 60412, 71112, 23023, 34509, 92116, 7217, 63002, 41259, 50000, 8793, 4594, 30483, 62653, 83938, 83503, 31483, 10365, 49442, 30804, 45981, 6968, 91617, 92210, 54325, 96831, 5008, 28389, 68581, 10722, 76148, 95354, 73970, 68860, 62036, 98213, 81300, 79566, 11781, 37080, 43953, 62574, 60034, 62154, 78716, 7847, 44434, 11159, 20786, 57220, 86148, 89532, 79123, 19828, 71554, 38321, 92355, 28120, 6885, 40594, 84932, 47779, 99847, 92498, 86367, 71489, 51939, 10303, 75651, 2814, 54873, 58078, 82260, 4131, 16111, 36323, 80831, 56586, 23086, 62810, 48333, 30508, 86384, 27684, 56737, 96345, 97308, 91048, 25778, 26424, 16979, 77059, 87484, 650, 10501, 7664, 42399, 66368, 72428, 90313, 68581, 95408, 58719, 7010, 71100, 38694, 62269, 88515, 87114, 60082, 74975, 47648, 95486, 87637, 66308, 20895, 66554, 33908, 42049, 56894, 28029, 53349, 69094, 28178, 10701, 80203, 12390, 30718, 61309, 79054, 80067, 87669, 18429, 56382, 67438, 53640, 19668, 83077, 8515, 32853, 16711, 65061, 42899, 66125, 28921, 47414, 77777, 7836, 59293, 12583, 45182, 70935, 11108, 65079, 57419, 58720, 99394, 41111, 59469, 41454, 95010, 96686, 20780, 37583, 91647, 99794, 21826, 42117, 12468, 34122, 46653, 81774, 80852, 20118, 37608, 92311, 79336, 51578, 35457, 31958, 86730, 96687, 11146, 78075, 16211, 44286, 64844, 65338, 10895, 10275, 77020, 73939, 97538, 77164, 89934, 19330, 65432, 21836, 62675, 2218, 30434, 72578, 3673, 40750, 56210, 87412, 64425, 15775, 78636, 80433, 91705, 39505, 7027, 29105, 87238, 78396, 99457, 72495, 465, 26796, 81547, 80667, 30823, 69059, 7899, 78032, 78440, 81817, 20294, 87763, 12034, 87734, 24471, 82031, 64016, 50288, 34228, 63282, 50920, 30581, 84203, 633, 87248, 12770, 97953, 13053, 95572, 37949, 74063, 36227, 29715, 49813, 21145, 87009, 80874, 37059, 87639, 40612, 24590, 86721, 77317, 98113, 76274, 67052, 89971, 13754, 59718, 87879, 93901, 12293, 67642, 78449, 64313, 44591, 70027, 35247, 66295, 59710, 40038, 34813, 87962, 6454, 75437, 34184, 50284, 17941, 64231, 49977, 2028, 59502, 60727, 26582, 79999, 6279, 85230, 43569, 67203, 58331, 72913, 30171, 1727, 41946, 90745, 71914, 86277, 5832, 11177, 57599, 86212, 61606, 28255, 80106, 54547, 15980, 77212, 3027, 83112, 17125, 76921, 4837, 26444, 13210, 89259, 46651, 77381, 66788, 11296, 33774, 81105, 70945, 61130, 72200, 65714, 63243, 61476, 76626, 59438, 32822, 8711, 94850, 65916, 7693, 21486, 24715, 26506, 21007, 33133, 38566, 99647, 25770, 19442, 13318, 78963, 57647, 12222, 92372, 45896, 92440, 69281, 19151, 44863, 76918, 22077, 63058, 94435, 38449, 64109, 20310, 83672, 22901, 14278, 33390, 13900, 63275, 55898, 16247, 33785, 54297, 8437, 54820, 83410, 95313, 67626, 61778, 10727, 89377, 37482, 45594, 34932, 17260, 28241, 94797, 26052, 23531, 90086, 15960, 81528, 32321, 35167, 20274, 11327, 18349, 24819, 16188, 45023, 56618, 85558, 52445, 76045, 7010, 39667, 97499, 27217, 6922, 66669, 41143, 82468, 17121, 9153, 82171, 29623, 91642, 3023, 69588, 47419, 86211, 71966, 80845, 68320, 13455, 37727, 52220, 74702, 43968, 32800, 43782, 66266, 15493, 61506, 51999, 45231, 78441, 55374, 45332, 33666, 99772, 17526, 93054, 75932, 18681, 44005, 52642, 79466, 41665, 71733, 67212, 52963, 45410, 97177, 3676, 65899, 60266, 6015, 31478, 67272, 29789, 47236, 62659, 19112, 76732, 55297, 44711, 19662, 33344, 75613, 43681, 51180, 63551, 81969, 93251, 48767, 14416]})"
141.0,3,12,20,7.963887691497803,418,"Genotype(dna={""<class 'abc.NT_0012'>"": [0, 89047], ""<class 'abc.NT_0012_P_00000'>"": [], ""<class 'abc.NT_0007'>"": [55058, 96429, 2662], ""<class 'abc.NT_0007_P_00000'>"": [], ""<class 'abc.NT_0002'>"": [0, 48333, 27356], ""<class 'abc.NT_0002_P_00000'>"": [], ""<class 'abc.NT_0000'>"": [42184, 70052, 0, 91804, 0, 0, 36773, 0, 64804], ""<class 'abc.NT_0000_P_00000'>"": [], ""<class 'abc.NT_0001'>"": [0, 49937, 0, 86169, 43681], ""<class 'abc.NT_0001_P_00000'>"": [], ""<class 'bool'>"": [70796, 41936, 41546, 8512, 21121, 28869], ""<class 'int'>"": [25155, 52427, 13216, 14861, 37066, 43227, 14416], ""<class 'abc.NT_0005'>"": [0, 37639], ""<class 'abc.NT_0005_P_00000'>"": [], ""<class 'abc.NT_0003'>"": [33650, 52703], ""<class 'abc.NT_0003_P_00000'>"": [], ""<class 'abc.NT_0004'>"": [0, 59983], ""<class 'abc.NT_0004_P_00000'>"": [], '$leftovers': [81600, 92981, 24586, 80507, 48909, 56302, 48279, 39596, 8177, 41048, 54709, 2141, 36382, 30231, 79303, 45906, 3600, 72448, 85756, 62232, 76728, 12314, 10402, 99348, 82540, 3143, 2927, 63383, 24684, 56849, 91234, 96607, 11663, 55655, 70782, 65921, 46458, 89721, 42004, 84925, 23942, 57205, 447, 66040, 89769, 37633, 53881, 33471, 84899, 77962, 79382, 63421, 42354, 22565, 54622, 78399, 707, 24478, 73210, 60708, 91176, 39440, 68267, 67164, 86078, 78891, 1648, 1984, 34860, 67089, 14873, 85945, 27946, 91486, 43571, 81436, 24346, 46853, 90833, 93204, 67569, 28562, 65707, 64260, 79507, 5703, 7091, 64658, 51775, 12742, 9851, 57202, 62567, 20339, 98771, 84993, 42327, 6461, 36932, 81439, 47467, 62039, 83881, 12894, 32233, 8056, 28809, 72665, 37010, 26904, 8831, 28758, 41940, 50619, 13705, 77050, 31928, 98645, 56591, 24230, 79582, 27434, 95976, 64454, 7019, 17483, 21240, 67326, 59414, 72680, 9039, 51925, 93310, 67483, 64406, 48515, 88431, 2658, 13619, 9790, 17053, 28910, 57659, 77924, 99848, 89052, 47667, 8134, 19606, 85887, 52665, 28157, 42807, 17016, 89094, 61528, 2617, 28737, 93170, 38813, 99354, 15028, 23722, 65353, 29533, 99753, 41981, 50418, 14162, 78477, 44874, 48013, 99700, 22092, 35260, 90200, 89643, 20702, 91024, 9577, 56981, 30550, 61179, 18259, 57231, 87191, 55757, 3244, 78476, 74777, 24995, 31614, 77943, 7036, 49566, 58360, 3004, 53252, 66953, 74656, 74210, 27963, 52379, 63796, 99017, 55895, 25648, 47745, 62726, 60872, 9501, 49057, 94539, 87198, 63764, 99938, 10128, 80210, 46135, 51655, 83482, 38148, 24164, 27359, 56722, 28341, 25100, 45456, 58831, 30641, 35297, 10655, 57535, 34439, 9062, 29603, 80404, 81266, 30591, 52083, 4329, 59237, 41782, 63886, 44622, 7276, 5883, 7811, 9363, 36177, 85829, 72401, 69637, 5311, 68134, 6919, 88426, 70653, 4616, 46013, 92629, 59024, 92702, 43046, 89779, 385, 55229, 28239, 12254, 26194, 26075, 97973, 61281, 36055, 35286, 66986, 28883, 19934, 88098, 4790, 83498, 37148, 15666, 87010, 55539, 7569, 68859, 64018, 42555, 25550, 49766, 42788, 84258, 51569, 68268, 3156, 96561, 85693, 51070, 36377, 65819, 96179, 39579, 24584, 28035, 59376, 1204, 11150, 48792, 45926, 85267, 91074, 94546, 96796, 37903, 59781, 4539, 61677, 99460, 13625, 61547, 50670, 13613, 59753, 22915, 2621, 41331, 81995, 39637, 22957, 79002, 77248, 80855, 23226, 52229, 79789, 70273, 33650, 98693, 42923, 5145, 90463, 16373, 37110, 73707, 81260, 22037, 73958, 71109, 87766, 33357, 36160, 30428, 68575, 62987, 54541, 93429, 10734, 56468, 10160, 92379, 48026, 42646, 26036, 13198, 24697, 89401, 2013, 24257, 16393, 7549, 56761, 59383, 92698, 47833, 9115, 80083, 27886, 98520, 84184, 46396, 32324, 55136, 33043, 94733, 39299, 68268, 17957, 41681, 95283, 74312, 19569, 5501, 96364, 37614, 98620, 35413, 23136, 13438, 71840, 85129, 48571, 41673, 12536, 28619, 39045, 31089, 96567, 57611, 19490, 3253, 59735, 37115, 23031, 12955, 69562, 87443, 43955, 64586, 64395, 83855, 28306, 89637, 82455, 41564, 62224, 83458, 72706, 39687, 18580, 37123, 88608, 78134, 31325, 99919, 83099, 93340, 64560, 40152, 49911, 90599, 5214, 94580, 49233, 60885, 57752, 18427, 57803, 29767, 82380, 44062, 42873, 35236, 96454, 6296, 761, 18195, 33989, 94984, 70688, 90636, 6806, 73662, 94256, 41102, 28770, 46150, 73640, 11449, 24920, 21310, 85454, 94863, 91863, 23315, 17597, 20217, 91794, 34166, 77109, 46637, 32144, 83158, 26247, 76783, 57366, 76170, 90953, 82914, 78347, 9798, 36943, 73386, 68382, 52072, 12414, 41189, 86486, 60473, 16665, 45781, 59592, 86919, 63519, 25794, 53453, 64363, 96508, 16128, 92416, 22277, 24310, 86063, 67165, 46227, 54481, 89870, 69212, 62340, 60412, 71112, 23023, 34509, 92116, 7217, 63002, 41259, 50000, 8793, 4594, 30483, 62653, 83938, 83503, 31483, 10365, 49442, 30804, 45981, 6968, 91617, 92210, 54325, 96831, 5008, 28389, 68581, 10722, 76148, 95354, 73970, 68860, 62036, 98213, 81300, 79566, 11781, 37080, 43953, 62574, 60034, 62154, 78716, 7847, 44434, 11159, 20786, 57220, 86148, 89532, 79123, 19828, 71554, 38321, 92355, 28120, 6885, 40594, 84932, 47779, 99847, 92498, 86367, 71489, 51939, 10303, 75651, 2814, 54873, 58078, 82260, 4131, 16111, 36323, 80831, 56586, 23086, 62810, 48333, 30508, 86384, 27684, 56737, 96345, 97308, 91048, 25778, 26424, 16979, 77059, 87484, 650, 10501, 7664, 42399, 66368, 72428, 90313, 68581, 95408, 58719, 7010, 71100, 38694, 62269, 88515, 87114, 60082, 74975, 47648, 95486, 87637, 66308, 20895, 66554, 33908, 42049, 56894, 28029, 53349, 69094, 28178, 10701, 80203, 12390, 30718, 61309, 79054, 80067, 87669, 18429, 56382, 67438, 53640, 19668, 83077, 8515, 32853, 16711, 65061, 42899, 66125, 28921, 47414, 77777, 7836, 59293, 12583, 45182, 70935, 11108, 65079, 57419, 58720, 99394, 41111, 59469, 41454, 95010, 96686, 20780, 37583, 91647, 99794, 21826, 42117, 12468, 34122, 46653, 81774, 80852, 20118, 37608, 92311, 79336, 51578, 35457, 31958, 86730, 96687, 11146, 78075, 16211, 44286, 64844, 65338, 10895, 10275, 77020, 73939, 97538, 77164, 89934, 19330, 65432, 21836, 62675, 2218, 30434, 72578, 3673, 40750, 56210, 87412, 64425, 15775, 78636, 80433, 91705, 39505, 7027, 29105, 87238, 78396, 99457, 72495, 465, 26796, 81547, 80667, 30823, 69059, 7899, 78032, 78440, 81817, 20294, 87763, 12034, 87734, 24471, 82031, 64016, 50288, 34228, 63282, 50920, 30581, 84203, 633, 87248, 12770, 97953, 13053, 95572, 37949, 74063, 36227, 29715, 49813, 21145, 87009, 80874, 37059, 87639, 40612, 24590, 86721, 77317, 98113, 76274, 67052, 89971, 13754, 59718, 87879, 93901, 12293, 67642, 78449, 64313, 44591, 70027, 35247, 66295, 59710, 40038, 34813, 87962, 6454, 75437, 34184, 50284, 17941, 64231, 49977, 2028, 59502, 60727, 26582, 79999, 6279, 85230, 43569, 67203, 58331, 72913, 30171, 1727, 41946, 90745, 71914, 86277, 5832, 11177, 57599, 86212, 61606, 28255, 80106, 54547, 15980, 77212, 3027, 83112, 17125, 76921, 4837, 26444, 13210, 89259, 46651, 77381, 66788, 11296, 33774, 81105, 70945, 61130, 72200, 65714, 63243, 61476, 76626, 59438, 32822, 8711, 94850, 65916, 7693, 21486, 24715, 26506, 21007, 33133, 38566, 99647, 25770, 19442, 13318, 78963, 57647, 12222, 92372, 45896, 92440, 69281, 19151, 44863, 76918, 22077, 63058, 94435, 38449, 64109, 20310, 83672, 22901, 14278, 33390, 13900, 63275, 55898, 16247, 33785, 54297, 8437, 54820, 83410, 95313, 67626, 61778, 10727, 89377, 37482, 45594, 34932, 17260, 28241, 94797, 26052, 23531, 90086, 15960, 81528, 32321, 35167, 20274, 11327, 18349, 24819, 16188, 45023, 56618, 85558, 52445, 76045, 7010, 39667, 97499, 27217, 6922, 66669, 41143, 82468, 17121, 9153, 82171, 29623, 91642, 3023, 69588, 47419, 86211, 71966, 80845, 68320, 13455, 37727, 52220, 74702, 43968, 32800, 43782, 66266, 15493, 61506, 51999, 45231, 78441, 55374, 45332, 33666, 99772, 17526, 93054, 75932, 18681, 44005, 52642, 79466, 41665, 71733, 67212, 52963, 45410, 97177, 3676, 65899, 60266, 6015, 31478, 67272, 29789, 47236, 62659, 19112, 76732, 55297, 44711, 19662, 33344, 75613, 43681, 51180, 63551, 81969, 93251, 48767, 14416]})"
141.0,3,12,21,8.153214931488037,418,"Genotype(dna={""<class 'abc.NT_0012'>"": [0, 89047], ""<class 'abc.NT_0012_P_00000'>"": [], ""<class 'abc.NT_0007'>"": [55058, 96429, 2662], ""<class 'abc.NT_0007_P_00000'>"": [], ""<class 'abc.NT_0002'>"": [0, 48333, 27356], ""<class 'abc.NT_0002_P_00000'>"": [], ""<class 'abc.NT_0000'>"": [42184, 70052, 0, 91804, 0, 0, 36773, 0, 64804], ""<class 'abc.NT_0000_P_00000'>"": [], ""<class 'abc.NT_0001'>"": [0, 49937, 0, 86169, 43681], ""<class 'abc.NT_0001_P_00000'>"": [], ""<class 'bool'>"": [70796, 41936, 41546, 8512, 21121, 28869], ""<class 'int'>"": [25155, 52427, 13216, 14861, 37066, 43227, 14416], ""<class 'abc.NT_0005'>"": [0, 37639], ""<class 'abc.NT_0005_P_00000'>"": [], ""<class 'abc.NT_0003'>"": [33650, 52703], ""<class 'abc.NT_0003_P_00000'>"": [], ""<class 'abc.NT_0004'>"": [0, 59983], ""<class 'abc.NT_0004_P_00000'>"": [], '$leftovers': [81600, 92981, 24586, 80507, 48909, 56302, 48279, 39596, 8177, 41048, 54709, 2141, 36382, 30231, 79303, 45906, 3600, 72448, 85756, 62232, 76728, 12314, 10402, 99348, 82540, 3143, 2927, 63383, 24684, 56849, 91234, 96607, 11663, 55655, 70782, 65921, 46458, 89721, 42004, 84925, 23942, 57205, 447, 66040, 89769, 37633, 53881, 33471, 84899, 77962, 79382, 63421, 42354, 22565, 54622, 78399, 707, 24478, 73210, 60708, 91176, 39440, 68267, 67164, 86078, 78891, 1648, 1984, 34860, 67089, 14873, 85945, 27946, 91486, 43571, 81436, 24346, 46853, 90833, 93204, 67569, 28562, 65707, 64260, 79507, 5703, 7091, 64658, 51775, 12742, 9851, 57202, 62567, 20339, 98771, 84993, 42327, 6461, 36932, 81439, 47467, 62039, 83881, 12894, 32233, 8056, 28809, 72665, 37010, 26904, 8831, 28758, 41940, 50619, 13705, 77050, 31928, 98645, 56591, 24230, 79582, 27434, 95976, 64454, 7019, 17483, 21240, 67326, 59414, 72680, 9039, 51925, 93310, 67483, 64406, 48515, 88431, 2658, 13619, 9790, 17053, 28910, 57659, 77924, 99848, 89052, 47667, 8134, 19606, 85887, 52665, 28157, 42807, 17016, 89094, 61528, 2617, 28737, 93170, 38813, 99354, 15028, 23722, 65353, 29533, 99753, 41981, 50418, 14162, 78477, 44874, 48013, 99700, 22092, 35260, 90200, 89643, 20702, 91024, 9577, 56981, 30550, 61179, 18259, 57231, 87191, 55757, 3244, 78476, 74777, 24995, 31614, 77943, 7036, 49566, 58360, 3004, 53252, 66953, 74656, 74210, 27963, 52379, 63796, 99017, 55895, 25648, 47745, 62726, 60872, 9501, 49057, 94539, 87198, 63764, 99938, 10128, 80210, 46135, 51655, 83482, 38148, 24164, 27359, 56722, 28341, 25100, 45456, 58831, 30641, 35297, 10655, 57535, 34439, 9062, 29603, 80404, 81266, 30591, 52083, 4329, 59237, 41782, 63886, 44622, 7276, 5883, 7811, 9363, 36177, 85829, 72401, 69637, 5311, 68134, 6919, 88426, 70653, 4616, 46013, 92629, 59024, 92702, 43046, 89779, 385, 55229, 28239, 12254, 26194, 26075, 97973, 61281, 36055, 35286, 66986, 28883, 19934, 88098, 4790, 83498, 37148, 15666, 87010, 55539, 7569, 68859, 64018, 42555, 25550, 49766, 42788, 84258, 51569, 68268, 3156, 96561, 85693, 51070, 36377, 65819, 96179, 39579, 24584, 28035, 59376, 1204, 11150, 48792, 45926, 85267, 91074, 94546, 96796, 37903, 59781, 4539, 61677, 99460, 13625, 61547, 50670, 13613, 59753, 22915, 2621, 41331, 81995, 39637, 22957, 79002, 77248, 80855, 23226, 52229, 79789, 70273, 33650, 98693, 42923, 5145, 90463, 16373, 37110, 73707, 81260, 22037, 73958, 71109, 87766, 33357, 36160, 30428, 68575, 62987, 54541, 93429, 10734, 56468, 10160, 92379, 48026, 42646, 26036, 13198, 24697, 89401, 2013, 24257, 16393, 7549, 56761, 59383, 92698, 47833, 9115, 80083, 27886, 98520, 84184, 46396, 32324, 55136, 33043, 94733, 39299, 68268, 17957, 41681, 95283, 74312, 19569, 5501, 96364, 37614, 98620, 35413, 23136, 13438, 71840, 85129, 48571, 41673, 12536, 28619, 39045, 31089, 96567, 57611, 19490, 3253, 59735, 37115, 23031, 12955, 69562, 87443, 43955, 64586, 64395, 83855, 28306, 89637, 82455, 41564, 62224, 83458, 72706, 39687, 18580, 37123, 88608, 78134, 31325, 99919, 83099, 93340, 64560, 40152, 49911, 90599, 5214, 94580, 49233, 60885, 57752, 18427, 57803, 29767, 82380, 44062, 42873, 35236, 96454, 6296, 761, 18195, 33989, 94984, 70688, 90636, 6806, 73662, 94256, 41102, 28770, 46150, 73640, 11449, 24920, 21310, 85454, 94863, 91863, 23315, 17597, 20217, 91794, 34166, 77109, 46637, 32144, 83158, 26247, 76783, 57366, 76170, 90953, 82914, 78347, 9798, 36943, 73386, 68382, 52072, 12414, 41189, 86486, 60473, 16665, 45781, 59592, 86919, 63519, 25794, 53453, 64363, 96508, 16128, 92416, 22277, 24310, 86063, 67165, 46227, 54481, 89870, 69212, 62340, 60412, 71112, 23023, 34509, 92116, 7217, 63002, 41259, 50000, 8793, 4594, 30483, 62653, 83938, 83503, 31483, 10365, 49442, 30804, 45981, 6968, 91617, 92210, 54325, 96831, 5008, 28389, 68581, 10722, 76148, 95354, 73970, 68860, 62036, 98213, 81300, 79566, 11781, 37080, 43953, 62574, 60034, 62154, 78716, 7847, 44434, 11159, 20786, 57220, 86148, 89532, 79123, 19828, 71554, 38321, 92355, 28120, 6885, 40594, 84932, 47779, 99847, 92498, 86367, 71489, 51939, 10303, 75651, 2814, 54873, 58078, 82260, 4131, 16111, 36323, 80831, 56586, 23086, 62810, 48333, 30508, 86384, 27684, 56737, 96345, 97308, 91048, 25778, 26424, 16979, 77059, 87484, 650, 10501, 7664, 42399, 66368, 72428, 90313, 68581, 95408, 58719, 7010, 71100, 38694, 62269, 88515, 87114, 60082, 74975, 47648, 95486, 87637, 66308, 20895, 66554, 33908, 42049, 56894, 28029, 53349, 69094, 28178, 10701, 80203, 12390, 30718, 61309, 79054, 80067, 87669, 18429, 56382, 67438, 53640, 19668, 83077, 8515, 32853, 16711, 65061, 42899, 66125, 28921, 47414, 77777, 7836, 59293, 12583, 45182, 70935, 11108, 65079, 57419, 58720, 99394, 41111, 59469, 41454, 95010, 96686, 20780, 37583, 91647, 99794, 21826, 42117, 12468, 34122, 46653, 81774, 80852, 20118, 37608, 92311, 79336, 51578, 35457, 31958, 86730, 96687, 11146, 78075, 16211, 44286, 64844, 65338, 10895, 10275, 77020, 73939, 97538, 77164, 89934, 19330, 65432, 21836, 62675, 2218, 30434, 72578, 3673, 40750, 56210, 87412, 64425, 15775, 78636, 80433, 91705, 39505, 7027, 29105, 87238, 78396, 99457, 72495, 465, 26796, 81547, 80667, 30823, 69059, 7899, 78032, 78440, 81817, 20294, 87763, 12034, 87734, 24471, 82031, 64016, 50288, 34228, 63282, 50920, 30581, 84203, 633, 87248, 12770, 97953, 13053, 95572, 37949, 74063, 36227, 29715, 49813, 21145, 87009, 80874, 37059, 87639, 40612, 24590, 86721, 77317, 98113, 76274, 67052, 89971, 13754, 59718, 87879, 93901, 12293, 67642, 78449, 64313, 44591, 70027, 35247, 66295, 59710, 40038, 34813, 87962, 6454, 75437, 34184, 50284, 17941, 64231, 49977, 2028, 59502, 60727, 26582, 79999, 6279, 85230, 43569, 67203, 58331, 72913, 30171, 1727, 41946, 90745, 71914, 86277, 5832, 11177, 57599, 86212, 61606, 28255, 80106, 54547, 15980, 77212, 3027, 83112, 17125, 76921, 4837, 26444, 13210, 89259, 46651, 77381, 66788, 11296, 33774, 81105, 70945, 61130, 72200, 65714, 63243, 61476, 76626, 59438, 32822, 8711, 94850, 65916, 7693, 21486, 24715, 26506, 21007, 33133, 38566, 99647, 25770, 19442, 13318, 78963, 57647, 12222, 92372, 45896, 92440, 69281, 19151, 44863, 76918, 22077, 63058, 94435, 38449, 64109, 20310, 83672, 22901, 14278, 33390, 13900, 63275, 55898, 16247, 33785, 54297, 8437, 54820, 83410, 95313, 67626, 61778, 10727, 89377, 37482, 45594, 34932, 17260, 28241, 94797, 26052, 23531, 90086, 15960, 81528, 32321, 35167, 20274, 11327, 18349, 24819, 16188, 45023, 56618, 85558, 52445, 76045, 7010, 39667, 97499, 27217, 6922, 66669, 41143, 82468, 17121, 9153, 82171, 29623, 91642, 3023, 69588, 47419, 86211, 71966, 80845, 68320, 13455, 37727, 52220, 74702, 43968, 32800, 43782, 66266, 15493, 61506, 51999, 45231, 78441, 55374, 45332, 33666, 99772, 17526, 93054, 75932, 18681, 44005, 52642, 79466, 41665, 71733, 67212, 52963, 45410, 97177, 3676, 65899, 60266, 6015, 31478, 67272, 29789, 47236, 62659, 19112, 76732, 55297, 44711, 19662, 33344, 75613, 43681, 51180, 63551, 81969, 93251, 48767, 14416]})"
141.0,3,12,22,8.286675691604614,418,"Genotype(dna={""<class 'abc.NT_0012'>"": [0, 89047], ""<class 'abc.NT_0012_P_00000'>"": [], ""<class 'abc.NT_0007'>"": [55058, 96429, 2662], ""<class 'abc.NT_0007_P_00000'>"": [], ""<class 'abc.NT_0002'>"": [0, 48333, 27356], ""<class 'abc.NT_0002_P_00000'>"": [], ""<class 'abc.NT_0000'>"": [42184, 70052, 0, 91804, 0, 0, 36773, 0, 64804], ""<class 'abc.NT_0000_P_00000'>"": [], ""<class 'abc.NT_0001'>"": [0, 49937, 0, 86169, 43681], ""<class 'abc.NT_0001_P_00000'>"": [], ""<class 'bool'>"": [70796, 41936, 41546, 8512, 21121, 28869], ""<class 'int'>"": [25155, 52427, 13216, 14861, 37066, 43227, 14416], ""<class 'abc.NT_0005'>"": [0, 37639], ""<class 'abc.NT_0005_P_00000'>"": [], ""<class 'abc.NT_0003'>"": [33650, 52703], ""<class 'abc.NT_0003_P_00000'>"": [], ""<class 'abc.NT_0004'>"": [0, 59983], ""<class 'abc.NT_0004_P_00000'>"": [], '$leftovers': [81600, 92981, 24586, 80507, 48909, 56302, 48279, 39596, 8177, 41048, 54709, 2141, 36382, 30231, 79303, 45906, 3600, 72448, 85756, 62232, 76728, 12314, 10402, 99348, 82540, 3143, 2927, 63383, 24684, 56849, 91234, 96607, 11663, 55655, 70782, 65921, 46458, 89721, 42004, 84925, 23942, 57205, 447, 66040, 89769, 37633, 53881, 33471, 84899, 77962, 79382, 63421, 42354, 22565, 54622, 78399, 707, 24478, 73210, 60708, 91176, 39440, 68267, 67164, 86078, 78891, 1648, 1984, 34860, 67089, 14873, 85945, 27946, 91486, 43571, 81436, 24346, 46853, 90833, 93204, 67569, 28562, 65707, 64260, 79507, 5703, 7091, 64658, 51775, 12742, 9851, 57202, 62567, 20339, 98771, 84993, 42327, 6461, 36932, 81439, 47467, 62039, 83881, 12894, 32233, 8056, 28809, 72665, 37010, 26904, 8831, 28758, 41940, 50619, 13705, 77050, 31928, 98645, 56591, 24230, 79582, 27434, 95976, 64454, 7019, 17483, 21240, 67326, 59414, 72680, 9039, 51925, 93310, 67483, 64406, 48515, 88431, 2658, 13619, 9790, 17053, 28910, 57659, 77924, 99848, 89052, 47667, 8134, 19606, 85887, 52665, 28157, 42807, 17016, 89094, 61528, 2617, 28737, 93170, 38813, 99354, 15028, 23722, 65353, 29533, 99753, 41981, 50418, 14162, 78477, 44874, 48013, 99700, 22092, 35260, 90200, 89643, 20702, 91024, 9577, 56981, 30550, 61179, 18259, 57231, 87191, 55757, 3244, 78476, 74777, 24995, 31614, 77943, 7036, 49566, 58360, 3004, 53252, 66953, 74656, 74210, 27963, 52379, 63796, 99017, 55895, 25648, 47745, 62726, 60872, 9501, 49057, 94539, 87198, 63764, 99938, 10128, 80210, 46135, 51655, 83482, 38148, 24164, 27359, 56722, 28341, 25100, 45456, 58831, 30641, 35297, 10655, 57535, 34439, 9062, 29603, 80404, 81266, 30591, 52083, 4329, 59237, 41782, 63886, 44622, 7276, 5883, 7811, 9363, 36177, 85829, 72401, 69637, 5311, 68134, 6919, 88426, 70653, 4616, 46013, 92629, 59024, 92702, 43046, 89779, 385, 55229, 28239, 12254, 26194, 26075, 97973, 61281, 36055, 35286, 66986, 28883, 19934, 88098, 4790, 83498, 37148, 15666, 87010, 55539, 7569, 68859, 64018, 42555, 25550, 49766, 42788, 84258, 51569, 68268, 3156, 96561, 85693, 51070, 36377, 65819, 96179, 39579, 24584, 28035, 59376, 1204, 11150, 48792, 45926, 85267, 91074, 94546, 96796, 37903, 59781, 4539, 61677, 99460, 13625, 61547, 50670, 13613, 59753, 22915, 2621, 41331, 81995, 39637, 22957, 79002, 77248, 80855, 23226, 52229, 79789, 70273, 33650, 98693, 42923, 5145, 90463, 16373, 37110, 73707, 81260, 22037, 73958, 71109, 87766, 33357, 36160, 30428, 68575, 62987, 54541, 93429, 10734, 56468, 10160, 92379, 48026, 42646, 26036, 13198, 24697, 89401, 2013, 24257, 16393, 7549, 56761, 59383, 92698, 47833, 9115, 80083, 27886, 98520, 84184, 46396, 32324, 55136, 33043, 94733, 39299, 68268, 17957, 41681, 95283, 74312, 19569, 5501, 96364, 37614, 98620, 35413, 23136, 13438, 71840, 85129, 48571, 41673, 12536, 28619, 39045, 31089, 96567, 57611, 19490, 3253, 59735, 37115, 23031, 12955, 69562, 87443, 43955, 64586, 64395, 83855, 28306, 89637, 82455, 41564, 62224, 83458, 72706, 39687, 18580, 37123, 88608, 78134, 31325, 99919, 83099, 93340, 64560, 40152, 49911, 90599, 5214, 94580, 49233, 60885, 57752, 18427, 57803, 29767, 82380, 44062, 42873, 35236, 96454, 6296, 761, 18195, 33989, 94984, 70688, 90636, 6806, 73662, 94256, 41102, 28770, 46150, 73640, 11449, 24920, 21310, 85454, 94863, 91863, 23315, 17597, 20217, 91794, 34166, 77109, 46637, 32144, 83158, 26247, 76783, 57366, 76170, 90953, 82914, 78347, 9798, 36943, 73386, 68382, 52072, 12414, 41189, 86486, 60473, 16665, 45781, 59592, 86919, 63519, 25794, 53453, 64363, 96508, 16128, 92416, 22277, 24310, 86063, 67165, 46227, 54481, 89870, 69212, 62340, 60412, 71112, 23023, 34509, 92116, 7217, 63002, 41259, 50000, 8793, 4594, 30483, 62653, 83938, 83503, 31483, 10365, 49442, 30804, 45981, 6968, 91617, 92210, 54325, 96831, 5008, 28389, 68581, 10722, 76148, 95354, 73970, 68860, 62036, 98213, 81300, 79566, 11781, 37080, 43953, 62574, 60034, 62154, 78716, 7847, 44434, 11159, 20786, 57220, 86148, 89532, 79123, 19828, 71554, 38321, 92355, 28120, 6885, 40594, 84932, 47779, 99847, 92498, 86367, 71489, 51939, 10303, 75651, 2814, 54873, 58078, 82260, 4131, 16111, 36323, 80831, 56586, 23086, 62810, 48333, 30508, 86384, 27684, 56737, 96345, 97308, 91048, 25778, 26424, 16979, 77059, 87484, 650, 10501, 7664, 42399, 66368, 72428, 90313, 68581, 95408, 58719, 7010, 71100, 38694, 62269, 88515, 87114, 60082, 74975, 47648, 95486, 87637, 66308, 20895, 66554, 33908, 42049, 56894, 28029, 53349, 69094, 28178, 10701, 80203, 12390, 30718, 61309, 79054, 80067, 87669, 18429, 56382, 67438, 53640, 19668, 83077, 8515, 32853, 16711, 65061, 42899, 66125, 28921, 47414, 77777, 7836, 59293, 12583, 45182, 70935, 11108, 65079, 57419, 58720, 99394, 41111, 59469, 41454, 95010, 96686, 20780, 37583, 91647, 99794, 21826, 42117, 12468, 34122, 46653, 81774, 80852, 20118, 37608, 92311, 79336, 51578, 35457, 31958, 86730, 96687, 11146, 78075, 16211, 44286, 64844, 65338, 10895, 10275, 77020, 73939, 97538, 77164, 89934, 19330, 65432, 21836, 62675, 2218, 30434, 72578, 3673, 40750, 56210, 87412, 64425, 15775, 78636, 80433, 91705, 39505, 7027, 29105, 87238, 78396, 99457, 72495, 465, 26796, 81547, 80667, 30823, 69059, 7899, 78032, 78440, 81817, 20294, 87763, 12034, 87734, 24471, 82031, 64016, 50288, 34228, 63282, 50920, 30581, 84203, 633, 87248, 12770, 97953, 13053, 95572, 37949, 74063, 36227, 29715, 49813, 21145, 87009, 80874, 37059, 87639, 40612, 24590, 86721, 77317, 98113, 76274, 67052, 89971, 13754, 59718, 87879, 93901, 12293, 67642, 78449, 64313, 44591, 70027, 35247, 66295, 59710, 40038, 34813, 87962, 6454, 75437, 34184, 50284, 17941, 64231, 49977, 2028, 59502, 60727, 26582, 79999, 6279, 85230, 43569, 67203, 58331, 72913, 30171, 1727, 41946, 90745, 71914, 86277, 5832, 11177, 57599, 86212, 61606, 28255, 80106, 54547, 15980, 77212, 3027, 83112, 17125, 76921, 4837, 26444, 13210, 89259, 46651, 77381, 66788, 11296, 33774, 81105, 70945, 61130, 72200, 65714, 63243, 61476, 76626, 59438, 32822, 8711, 94850, 65916, 7693, 21486, 24715, 26506, 21007, 33133, 38566, 99647, 25770, 19442, 13318, 78963, 57647, 12222, 92372, 45896, 92440, 69281, 19151, 44863, 76918, 22077, 63058, 94435, 38449, 64109, 20310, 83672, 22901, 14278, 33390, 13900, 63275, 55898, 16247, 33785, 54297, 8437, 54820, 83410, 95313, 67626, 61778, 10727, 89377, 37482, 45594, 34932, 17260, 28241, 94797, 26052, 23531, 90086, 15960, 81528, 32321, 35167, 20274, 11327, 18349, 24819, 16188, 45023, 56618, 85558, 52445, 76045, 7010, 39667, 97499, 27217, 6922, 66669, 41143, 82468, 17121, 9153, 82171, 29623, 91642, 3023, 69588, 47419, 86211, 71966, 80845, 68320, 13455, 37727, 52220, 74702, 43968, 32800, 43782, 66266, 15493, 61506, 51999, 45231, 78441, 55374, 45332, 33666, 99772, 17526, 93054, 75932, 18681, 44005, 52642, 79466, 41665, 71733, 67212, 52963, 45410, 97177, 3676, 65899, 60266, 6015, 31478, 67272, 29789, 47236, 62659, 19112, 76732, 55297, 44711, 19662, 33344, 75613, 43681, 51180, 63551, 81969, 93251, 48767, 14416]})"
141.0,3,12,23,8.40013861656189,418,"Genotype(dna={""<class 'abc.NT_0012'>"": [0, 89047], ""<class 'abc.NT_0012_P_00000'>"": [], ""<class 'abc.NT_0007'>"": [55058, 96429, 2662], ""<class 'abc.NT_0007_P_00000'>"": [], ""<class 'abc.NT_0002'>"": [0, 48333, 27356], ""<class 'abc.NT_0002_P_00000'>"": [], ""<class 'abc.NT_0000'>"": [42184, 70052, 0, 91804, 0, 0, 36773, 0, 64804], ""<class 'abc.NT_0000_P_00000'>"": [], ""<class 'abc.NT_0001'>"": [0, 49937, 0, 86169, 43681], ""<class 'abc.NT_0001_P_00000'>"": [], ""<class 'bool'>"": [70796, 41936, 41546, 8512, 21121, 28869], ""<class 'int'>"": [25155, 52427, 13216, 14861, 37066, 43227, 14416], ""<class 'abc.NT_0005'>"": [0, 37639], ""<class 'abc.NT_0005_P_00000'>"": [], ""<class 'abc.NT_0003'>"": [33650, 52703], ""<class 'abc.NT_0003_P_00000'>"": [], ""<class 'abc.NT_0004'>"": [0, 59983], ""<class 'abc.NT_0004_P_00000'>"": [], '$leftovers': [81600, 92981, 24586, 80507, 48909, 56302, 48279, 39596, 8177, 41048, 54709, 2141, 36382, 30231, 79303, 45906, 3600, 72448, 85756, 62232, 76728, 12314, 10402, 99348, 82540, 3143, 2927, 63383, 24684, 56849, 91234, 96607, 11663, 55655, 70782, 65921, 46458, 89721, 42004, 84925, 23942, 57205, 447, 66040, 89769, 37633, 53881, 33471, 84899, 77962, 79382, 63421, 42354, 22565, 54622, 78399, 707, 24478, 73210, 60708, 91176, 39440, 68267, 67164, 86078, 78891, 1648, 1984, 34860, 67089, 14873, 85945, 27946, 91486, 43571, 81436, 24346, 46853, 90833, 93204, 67569, 28562, 65707, 64260, 79507, 5703, 7091, 64658, 51775, 12742, 9851, 57202, 62567, 20339, 98771, 84993, 42327, 6461, 36932, 81439, 47467, 62039, 83881, 12894, 32233, 8056, 28809, 72665, 37010, 26904, 8831, 28758, 41940, 50619, 13705, 77050, 31928, 98645, 56591, 24230, 79582, 27434, 95976, 64454, 7019, 17483, 21240, 67326, 59414, 72680, 9039, 51925, 93310, 67483, 64406, 48515, 88431, 2658, 13619, 9790, 17053, 28910, 57659, 77924, 99848, 89052, 47667, 8134, 19606, 85887, 52665, 28157, 42807, 17016, 89094, 61528, 2617, 28737, 93170, 38813, 99354, 15028, 23722, 65353, 29533, 99753, 41981, 50418, 14162, 78477, 44874, 48013, 99700, 22092, 35260, 90200, 89643, 20702, 91024, 9577, 56981, 30550, 61179, 18259, 57231, 87191, 55757, 3244, 78476, 74777, 24995, 31614, 77943, 7036, 49566, 58360, 3004, 53252, 66953, 74656, 74210, 27963, 52379, 63796, 99017, 55895, 25648, 47745, 62726, 60872, 9501, 49057, 94539, 87198, 63764, 99938, 10128, 80210, 46135, 51655, 83482, 38148, 24164, 27359, 56722, 28341, 25100, 45456, 58831, 30641, 35297, 10655, 57535, 34439, 9062, 29603, 80404, 81266, 30591, 52083, 4329, 59237, 41782, 63886, 44622, 7276, 5883, 7811, 9363, 36177, 85829, 72401, 69637, 5311, 68134, 6919, 88426, 70653, 4616, 46013, 92629, 59024, 92702, 43046, 89779, 385, 55229, 28239, 12254, 26194, 26075, 97973, 61281, 36055, 35286, 66986, 28883, 19934, 88098, 4790, 83498, 37148, 15666, 87010, 55539, 7569, 68859, 64018, 42555, 25550, 49766, 42788, 84258, 51569, 68268, 3156, 96561, 85693, 51070, 36377, 65819, 96179, 39579, 24584, 28035, 59376, 1204, 11150, 48792, 45926, 85267, 91074, 94546, 96796, 37903, 59781, 4539, 61677, 99460, 13625, 61547, 50670, 13613, 59753, 22915, 2621, 41331, 81995, 39637, 22957, 79002, 77248, 80855, 23226, 52229, 79789, 70273, 33650, 98693, 42923, 5145, 90463, 16373, 37110, 73707, 81260, 22037, 73958, 71109, 87766, 33357, 36160, 30428, 68575, 62987, 54541, 93429, 10734, 56468, 10160, 92379, 48026, 42646, 26036, 13198, 24697, 89401, 2013, 24257, 16393, 7549, 56761, 59383, 92698, 47833, 9115, 80083, 27886, 98520, 84184, 46396, 32324, 55136, 33043, 94733, 39299, 68268, 17957, 41681, 95283, 74312, 19569, 5501, 96364, 37614, 98620, 35413, 23136, 13438, 71840, 85129, 48571, 41673, 12536, 28619, 39045, 31089, 96567, 57611, 19490, 3253, 59735, 37115, 23031, 12955, 69562, 87443, 43955, 64586, 64395, 83855, 28306, 89637, 82455, 41564, 62224, 83458, 72706, 39687, 18580, 37123, 88608, 78134, 31325, 99919, 83099, 93340, 64560, 40152, 49911, 90599, 5214, 94580, 49233, 60885, 57752, 18427, 57803, 29767, 82380, 44062, 42873, 35236, 96454, 6296, 761, 18195, 33989, 94984, 70688, 90636, 6806, 73662, 94256, 41102, 28770, 46150, 73640, 11449, 24920, 21310, 85454, 94863, 91863, 23315, 17597, 20217, 91794, 34166, 77109, 46637, 32144, 83158, 26247, 76783, 57366, 76170, 90953, 82914, 78347, 9798, 36943, 73386, 68382, 52072, 12414, 41189, 86486, 60473, 16665, 45781, 59592, 86919, 63519, 25794, 53453, 64363, 96508, 16128, 92416, 22277, 24310, 86063, 67165, 46227, 54481, 89870, 69212, 62340, 60412, 71112, 23023, 34509, 92116, 7217, 63002, 41259, 50000, 8793, 4594, 30483, 62653, 83938, 83503, 31483, 10365, 49442, 30804, 45981, 6968, 91617, 92210, 54325, 96831, 5008, 28389, 68581, 10722, 76148, 95354, 73970, 68860, 62036, 98213, 81300, 79566, 11781, 37080, 43953, 62574, 60034, 62154, 78716, 7847, 44434, 11159, 20786, 57220, 86148, 89532, 79123, 19828, 71554, 38321, 92355, 28120, 6885, 40594, 84932, 47779, 99847, 92498, 86367, 71489, 51939, 10303, 75651, 2814, 54873, 58078, 82260, 4131, 16111, 36323, 80831, 56586, 23086, 62810, 48333, 30508, 86384, 27684, 56737, 96345, 97308, 91048, 25778, 26424, 16979, 77059, 87484, 650, 10501, 7664, 42399, 66368, 72428, 90313, 68581, 95408, 58719, 7010, 71100, 38694, 62269, 88515, 87114, 60082, 74975, 47648, 95486, 87637, 66308, 20895, 66554, 33908, 42049, 56894, 28029, 53349, 69094, 28178, 10701, 80203, 12390, 30718, 61309, 79054, 80067, 87669, 18429, 56382, 67438, 53640, 19668, 83077, 8515, 32853, 16711, 65061, 42899, 66125, 28921, 47414, 77777, 7836, 59293, 12583, 45182, 70935, 11108, 65079, 57419, 58720, 99394, 41111, 59469, 41454, 95010, 96686, 20780, 37583, 91647, 99794, 21826, 42117, 12468, 34122, 46653, 81774, 80852, 20118, 37608, 92311, 79336, 51578, 35457, 31958, 86730, 96687, 11146, 78075, 16211, 44286, 64844, 65338, 10895, 10275, 77020, 73939, 97538, 77164, 89934, 19330, 65432, 21836, 62675, 2218, 30434, 72578, 3673, 40750, 56210, 87412, 64425, 15775, 78636, 80433, 91705, 39505, 7027, 29105, 87238, 78396, 99457, 72495, 465, 26796, 81547, 80667, 30823, 69059, 7899, 78032, 78440, 81817, 20294, 87763, 12034, 87734, 24471, 82031, 64016, 50288, 34228, 63282, 50920, 30581, 84203, 633, 87248, 12770, 97953, 13053, 95572, 37949, 74063, 36227, 29715, 49813, 21145, 87009, 80874, 37059, 87639, 40612, 24590, 86721, 77317, 98113, 76274, 67052, 89971, 13754, 59718, 87879, 93901, 12293, 67642, 78449, 64313, 44591, 70027, 35247, 66295, 59710, 40038, 34813, 87962, 6454, 75437, 34184, 50284, 17941, 64231, 49977, 2028, 59502, 60727, 26582, 79999, 6279, 85230, 43569, 67203, 58331, 72913, 30171, 1727, 41946, 90745, 71914, 86277, 5832, 11177, 57599, 86212, 61606, 28255, 80106, 54547, 15980, 77212, 3027, 83112, 17125, 76921, 4837, 26444, 13210, 89259, 46651, 77381, 66788, 11296, 33774, 81105, 70945, 61130, 72200, 65714, 63243, 61476, 76626, 59438, 32822, 8711, 94850, 65916, 7693, 21486, 24715, 26506, 21007, 33133, 38566, 99647, 25770, 19442, 13318, 78963, 57647, 12222, 92372, 45896, 92440, 69281, 19151, 44863, 76918, 22077, 63058, 94435, 38449, 64109, 20310, 83672, 22901, 14278, 33390, 13900, 63275, 55898, 16247, 33785, 54297, 8437, 54820, 83410, 95313, 67626, 61778, 10727, 89377, 37482, 45594, 34932, 17260, 28241, 94797, 26052, 23531, 90086, 15960, 81528, 32321, 35167, 20274, 11327, 18349, 24819, 16188, 45023, 56618, 85558, 52445, 76045, 7010, 39667, 97499, 27217, 6922, 66669, 41143, 82468, 17121, 9153, 82171, 29623, 91642, 3023, 69588, 47419, 86211, 71966, 80845, 68320, 13455, 37727, 52220, 74702, 43968, 32800, 43782, 66266, 15493, 61506, 51999, 45231, 78441, 55374, 45332, 33666, 99772, 17526, 93054, 75932, 18681, 44005, 52642, 79466, 41665, 71733, 67212, 52963, 45410, 97177, 3676, 65899, 60266, 6015, 31478, 67272, 29789, 47236, 62659, 19112, 76732, 55297, 44711, 19662, 33344, 75613, 43681, 51180, 63551, 81969, 93251, 48767, 14416]})"
141.0,3,12,24,8.504282712936401,418,"Genotype(dna={""<class 'abc.NT_0012'>"": [0, 89047], ""<class 'abc.NT_0012_P_00000'>"": [], ""<class 'abc.NT_0007'>"": [55058, 96429, 2662], ""<class 'abc.NT_0007_P_00000'>"": [], ""<class 'abc.NT_0002'>"": [0, 48333, 27356], ""<class 'abc.NT_0002_P_00000'>"": [], ""<class 'abc.NT_0000'>"": [42184, 70052, 0, 91804, 0, 0, 36773, 0, 64804], ""<class 'abc.NT_0000_P_00000'>"": [], ""<class 'abc.NT_0001'>"": [0, 49937, 0, 86169, 43681], ""<class 'abc.NT_0001_P_00000'>"": [], ""<class 'bool'>"": [70796, 41936, 41546, 8512, 21121, 28869], ""<class 'int'>"": [25155, 52427, 13216, 14861, 37066, 43227, 14416], ""<class 'abc.NT_0005'>"": [0, 37639], ""<class 'abc.NT_0005_P_00000'>"": [], ""<class 'abc.NT_0003'>"": [33650, 52703], ""<class 'abc.NT_0003_P_00000'>"": [], ""<class 'abc.NT_0004'>"": [0, 59983], ""<class 'abc.NT_0004_P_00000'>"": [], '$leftovers': [81600, 92981, 24586, 80507, 48909, 56302, 48279, 39596, 8177, 41048, 54709, 2141, 36382, 30231, 79303, 45906, 3600, 72448, 85756, 62232, 76728, 12314, 10402, 99348, 82540, 3143, 2927, 63383, 24684, 56849, 91234, 96607, 11663, 55655, 70782, 65921, 46458, 89721, 42004, 84925, 23942, 57205, 447, 66040, 89769, 37633, 53881, 33471, 84899, 77962, 79382, 63421, 42354, 22565, 54622, 78399, 707, 24478, 73210, 60708, 91176, 39440, 68267, 67164, 86078, 78891, 1648, 1984, 34860, 67089, 14873, 85945, 27946, 91486, 43571, 81436, 24346, 46853, 90833, 93204, 67569, 28562, 65707, 64260, 79507, 5703, 7091, 64658, 51775, 12742, 9851, 57202, 62567, 20339, 98771, 84993, 42327, 6461, 36932, 81439, 47467, 62039, 83881, 12894, 32233, 8056, 28809, 72665, 37010, 26904, 8831, 28758, 41940, 50619, 13705, 77050, 31928, 98645, 56591, 24230, 79582, 27434, 95976, 64454, 7019, 17483, 21240, 67326, 59414, 72680, 9039, 51925, 93310, 67483, 64406, 48515, 88431, 2658, 13619, 9790, 17053, 28910, 57659, 77924, 99848, 89052, 47667, 8134, 19606, 85887, 52665, 28157, 42807, 17016, 89094, 61528, 2617, 28737, 93170, 38813, 99354, 15028, 23722, 65353, 29533, 99753, 41981, 50418, 14162, 78477, 44874, 48013, 99700, 22092, 35260, 90200, 89643, 20702, 91024, 9577, 56981, 30550, 61179, 18259, 57231, 87191, 55757, 3244, 78476, 74777, 24995, 31614, 77943, 7036, 49566, 58360, 3004, 53252, 66953, 74656, 74210, 27963, 52379, 63796, 99017, 55895, 25648, 47745, 62726, 60872, 9501, 49057, 94539, 87198, 63764, 99938, 10128, 80210, 46135, 51655, 83482, 38148, 24164, 27359, 56722, 28341, 25100, 45456, 58831, 30641, 35297, 10655, 57535, 34439, 9062, 29603, 80404, 81266, 30591, 52083, 4329, 59237, 41782, 63886, 44622, 7276, 5883, 7811, 9363, 36177, 85829, 72401, 69637, 5311, 68134, 6919, 88426, 70653, 4616, 46013, 92629, 59024, 92702, 43046, 89779, 385, 55229, 28239, 12254, 26194, 26075, 97973, 61281, 36055, 35286, 66986, 28883, 19934, 88098, 4790, 83498, 37148, 15666, 87010, 55539, 7569, 68859, 64018, 42555, 25550, 49766, 42788, 84258, 51569, 68268, 3156, 96561, 85693, 51070, 36377, 65819, 96179, 39579, 24584, 28035, 59376, 1204, 11150, 48792, 45926, 85267, 91074, 94546, 96796, 37903, 59781, 4539, 61677, 99460, 13625, 61547, 50670, 13613, 59753, 22915, 2621, 41331, 81995, 39637, 22957, 79002, 77248, 80855, 23226, 52229, 79789, 70273, 33650, 98693, 42923, 5145, 90463, 16373, 37110, 73707, 81260, 22037, 73958, 71109, 87766, 33357, 36160, 30428, 68575, 62987, 54541, 93429, 10734, 56468, 10160, 92379, 48026, 42646, 26036, 13198, 24697, 89401, 2013, 24257, 16393, 7549, 56761, 59383, 92698, 47833, 9115, 80083, 27886, 98520, 84184, 46396, 32324, 55136, 33043, 94733, 39299, 68268, 17957, 41681, 95283, 74312, 19569, 5501, 96364, 37614, 98620, 35413, 23136, 13438, 71840, 85129, 48571, 41673, 12536, 28619, 39045, 31089, 96567, 57611, 19490, 3253, 59735, 37115, 23031, 12955, 69562, 87443, 43955, 64586, 64395, 83855, 28306, 89637, 82455, 41564, 62224, 83458, 72706, 39687, 18580, 37123, 88608, 78134, 31325, 99919, 83099, 93340, 64560, 40152, 49911, 90599, 5214, 94580, 49233, 60885, 57752, 18427, 57803, 29767, 82380, 44062, 42873, 35236, 96454, 6296, 761, 18195, 33989, 94984, 70688, 90636, 6806, 73662, 94256, 41102, 28770, 46150, 73640, 11449, 24920, 21310, 85454, 94863, 91863, 23315, 17597, 20217, 91794, 34166, 77109, 46637, 32144, 83158, 26247, 76783, 57366, 76170, 90953, 82914, 78347, 9798, 36943, 73386, 68382, 52072, 12414, 41189, 86486, 60473, 16665, 45781, 59592, 86919, 63519, 25794, 53453, 64363, 96508, 16128, 92416, 22277, 24310, 86063, 67165, 46227, 54481, 89870, 69212, 62340, 60412, 71112, 23023, 34509, 92116, 7217, 63002, 41259, 50000, 8793, 4594, 30483, 62653, 83938, 83503, 31483, 10365, 49442, 30804, 45981, 6968, 91617, 92210, 54325, 96831, 5008, 28389, 68581, 10722, 76148, 95354, 73970, 68860, 62036, 98213, 81300, 79566, 11781, 37080, 43953, 62574, 60034, 62154, 78716, 7847, 44434, 11159, 20786, 57220, 86148, 89532, 79123, 19828, 71554, 38321, 92355, 28120, 6885, 40594, 84932, 47779, 99847, 92498, 86367, 71489, 51939, 10303, 75651, 2814, 54873, 58078, 82260, 4131, 16111, 36323, 80831, 56586, 23086, 62810, 48333, 30508, 86384, 27684, 56737, 96345, 97308, 91048, 25778, 26424, 16979, 77059, 87484, 650, 10501, 7664, 42399, 66368, 72428, 90313, 68581, 95408, 58719, 7010, 71100, 38694, 62269, 88515, 87114, 60082, 74975, 47648, 95486, 87637, 66308, 20895, 66554, 33908, 42049, 56894, 28029, 53349, 69094, 28178, 10701, 80203, 12390, 30718, 61309, 79054, 80067, 87669, 18429, 56382, 67438, 53640, 19668, 83077, 8515, 32853, 16711, 65061, 42899, 66125, 28921, 47414, 77777, 7836, 59293, 12583, 45182, 70935, 11108, 65079, 57419, 58720, 99394, 41111, 59469, 41454, 95010, 96686, 20780, 37583, 91647, 99794, 21826, 42117, 12468, 34122, 46653, 81774, 80852, 20118, 37608, 92311, 79336, 51578, 35457, 31958, 86730, 96687, 11146, 78075, 16211, 44286, 64844, 65338, 10895, 10275, 77020, 73939, 97538, 77164, 89934, 19330, 65432, 21836, 62675, 2218, 30434, 72578, 3673, 40750, 56210, 87412, 64425, 15775, 78636, 80433, 91705, 39505, 7027, 29105, 87238, 78396, 99457, 72495, 465, 26796, 81547, 80667, 30823, 69059, 7899, 78032, 78440, 81817, 20294, 87763, 12034, 87734, 24471, 82031, 64016, 50288, 34228, 63282, 50920, 30581, 84203, 633, 87248, 12770, 97953, 13053, 95572, 37949, 74063, 36227, 29715, 49813, 21145, 87009, 80874, 37059, 87639, 40612, 24590, 86721, 77317, 98113, 76274, 67052, 89971, 13754, 59718, 87879, 93901, 12293, 67642, 78449, 64313, 44591, 70027, 35247, 66295, 59710, 40038, 34813, 87962, 6454, 75437, 34184, 50284, 17941, 64231, 49977, 2028, 59502, 60727, 26582, 79999, 6279, 85230, 43569, 67203, 58331, 72913, 30171, 1727, 41946, 90745, 71914, 86277, 5832, 11177, 57599, 86212, 61606, 28255, 80106, 54547, 15980, 77212, 3027, 83112, 17125, 76921, 4837, 26444, 13210, 89259, 46651, 77381, 66788, 11296, 33774, 81105, 70945, 61130, 72200, 65714, 63243, 61476, 76626, 59438, 32822, 8711, 94850, 65916, 7693, 21486, 24715, 26506, 21007, 33133, 38566, 99647, 25770, 19442, 13318, 78963, 57647, 12222, 92372, 45896, 92440, 69281, 19151, 44863, 76918, 22077, 63058, 94435, 38449, 64109, 20310, 83672, 22901, 14278, 33390, 13900, 63275, 55898, 16247, 33785, 54297, 8437, 54820, 83410, 95313, 67626, 61778, 10727, 89377, 37482, 45594, 34932, 17260, 28241, 94797, 26052, 23531, 90086, 15960, 81528, 32321, 35167, 20274, 11327, 18349, 24819, 16188, 45023, 56618, 85558, 52445, 76045, 7010, 39667, 97499, 27217, 6922, 66669, 41143, 82468, 17121, 9153, 82171, 29623, 91642, 3023, 69588, 47419, 86211, 71966, 80845, 68320, 13455, 37727, 52220, 74702, 43968, 32800, 43782, 66266, 15493, 61506, 51999, 45231, 78441, 55374, 45332, 33666, 99772, 17526, 93054, 75932, 18681, 44005, 52642, 79466, 41665, 71733, 67212, 52963, 45410, 97177, 3676, 65899, 60266, 6015, 31478, 67272, 29789, 47236, 62659, 19112, 76732, 55297, 44711, 19662, 33344, 75613, 43681, 51180, 63551, 81969, 93251, 48767, 14416]})"
141.0,3,12,25,8.638038635253906,418,"Genotype(dna={""<class 'abc.NT_0012'>"": [0, 89047], ""<class 'abc.NT_0012_P_00000'>"": [], ""<class 'abc.NT_0007'>"": [55058, 96429, 2662], ""<class 'abc.NT_0007_P_00000'>"": [], ""<class 'abc.NT_0002'>"": [0, 48333, 27356], ""<class 'abc.NT_0002_P_00000'>"": [], ""<class 'abc.NT_0000'>"": [42184, 70052, 0, 91804, 0, 0, 36773, 0, 64804], ""<class 'abc.NT_0000_P_00000'>"": [], ""<class 'abc.NT_0001'>"": [0, 49937, 0, 86169, 43681], ""<class 'abc.NT_0001_P_00000'>"": [], ""<class 'bool'>"": [70796, 41936, 41546, 8512, 21121, 28869], ""<class 'int'>"": [25155, 52427, 13216, 14861, 37066, 43227, 14416], ""<class 'abc.NT_0005'>"": [0, 37639], ""<class 'abc.NT_0005_P_00000'>"": [], ""<class 'abc.NT_0003'>"": [33650, 52703], ""<class 'abc.NT_0003_P_00000'>"": [], ""<class 'abc.NT_0004'>"": [0, 59983], ""<class 'abc.NT_0004_P_00000'>"": [], '$leftovers': [81600, 92981, 24586, 80507, 48909, 56302, 48279, 39596, 8177, 41048, 54709, 2141, 36382, 30231, 79303, 45906, 3600, 72448, 85756, 62232, 76728, 12314, 10402, 99348, 82540, 3143, 2927, 63383, 24684, 56849, 91234, 96607, 11663, 55655, 70782, 65921, 46458, 89721, 42004, 84925, 23942, 57205, 447, 66040, 89769, 37633, 53881, 33471, 84899, 77962, 79382, 63421, 42354, 22565, 54622, 78399, 707, 24478, 73210, 60708, 91176, 39440, 68267, 67164, 86078, 78891, 1648, 1984, 34860, 67089, 14873, 85945, 27946, 91486, 43571, 81436, 24346, 46853, 90833, 93204, 67569, 28562, 65707, 64260, 79507, 5703, 7091, 64658, 51775, 12742, 9851, 57202, 62567, 20339, 98771, 84993, 42327, 6461, 36932, 81439, 47467, 62039, 83881, 12894, 32233, 8056, 28809, 72665, 37010, 26904, 8831, 28758, 41940, 50619, 13705, 77050, 31928, 98645, 56591, 24230, 79582, 27434, 95976, 64454, 7019, 17483, 21240, 67326, 59414, 72680, 9039, 51925, 93310, 67483, 64406, 48515, 88431, 2658, 13619, 9790, 17053, 28910, 57659, 77924, 99848, 89052, 47667, 8134, 19606, 85887, 52665, 28157, 42807, 17016, 89094, 61528, 2617, 28737, 93170, 38813, 99354, 15028, 23722, 65353, 29533, 99753, 41981, 50418, 14162, 78477, 44874, 48013, 99700, 22092, 35260, 90200, 89643, 20702, 91024, 9577, 56981, 30550, 61179, 18259, 57231, 87191, 55757, 3244, 78476, 74777, 24995, 31614, 77943, 7036, 49566, 58360, 3004, 53252, 66953, 74656, 74210, 27963, 52379, 63796, 99017, 55895, 25648, 47745, 62726, 60872, 9501, 49057, 94539, 87198, 63764, 99938, 10128, 80210, 46135, 51655, 83482, 38148, 24164, 27359, 56722, 28341, 25100, 45456, 58831, 30641, 35297, 10655, 57535, 34439, 9062, 29603, 80404, 81266, 30591, 52083, 4329, 59237, 41782, 63886, 44622, 7276, 5883, 7811, 9363, 36177, 85829, 72401, 69637, 5311, 68134, 6919, 88426, 70653, 4616, 46013, 92629, 59024, 92702, 43046, 89779, 385, 55229, 28239, 12254, 26194, 26075, 97973, 61281, 36055, 35286, 66986, 28883, 19934, 88098, 4790, 83498, 37148, 15666, 87010, 55539, 7569, 68859, 64018, 42555, 25550, 49766, 42788, 84258, 51569, 68268, 3156, 96561, 85693, 51070, 36377, 65819, 96179, 39579, 24584, 28035, 59376, 1204, 11150, 48792, 45926, 85267, 91074, 94546, 96796, 37903, 59781, 4539, 61677, 99460, 13625, 61547, 50670, 13613, 59753, 22915, 2621, 41331, 81995, 39637, 22957, 79002, 77248, 80855, 23226, 52229, 79789, 70273, 33650, 98693, 42923, 5145, 90463, 16373, 37110, 73707, 81260, 22037, 73958, 71109, 87766, 33357, 36160, 30428, 68575, 62987, 54541, 93429, 10734, 56468, 10160, 92379, 48026, 42646, 26036, 13198, 24697, 89401, 2013, 24257, 16393, 7549, 56761, 59383, 92698, 47833, 9115, 80083, 27886, 98520, 84184, 46396, 32324, 55136, 33043, 94733, 39299, 68268, 17957, 41681, 95283, 74312, 19569, 5501, 96364, 37614, 98620, 35413, 23136, 13438, 71840, 85129, 48571, 41673, 12536, 28619, 39045, 31089, 96567, 57611, 19490, 3253, 59735, 37115, 23031, 12955, 69562, 87443, 43955, 64586, 64395, 83855, 28306, 89637, 82455, 41564, 62224, 83458, 72706, 39687, 18580, 37123, 88608, 78134, 31325, 99919, 83099, 93340, 64560, 40152, 49911, 90599, 5214, 94580, 49233, 60885, 57752, 18427, 57803, 29767, 82380, 44062, 42873, 35236, 96454, 6296, 761, 18195, 33989, 94984, 70688, 90636, 6806, 73662, 94256, 41102, 28770, 46150, 73640, 11449, 24920, 21310, 85454, 94863, 91863, 23315, 17597, 20217, 91794, 34166, 77109, 46637, 32144, 83158, 26247, 76783, 57366, 76170, 90953, 82914, 78347, 9798, 36943, 73386, 68382, 52072, 12414, 41189, 86486, 60473, 16665, 45781, 59592, 86919, 63519, 25794, 53453, 64363, 96508, 16128, 92416, 22277, 24310, 86063, 67165, 46227, 54481, 89870, 69212, 62340, 60412, 71112, 23023, 34509, 92116, 7217, 63002, 41259, 50000, 8793, 4594, 30483, 62653, 83938, 83503, 31483, 10365, 49442, 30804, 45981, 6968, 91617, 92210, 54325, 96831, 5008, 28389, 68581, 10722, 76148, 95354, 73970, 68860, 62036, 98213, 81300, 79566, 11781, 37080, 43953, 62574, 60034, 62154, 78716, 7847, 44434, 11159, 20786, 57220, 86148, 89532, 79123, 19828, 71554, 38321, 92355, 28120, 6885, 40594, 84932, 47779, 99847, 92498, 86367, 71489, 51939, 10303, 75651, 2814, 54873, 58078, 82260, 4131, 16111, 36323, 80831, 56586, 23086, 62810, 48333, 30508, 86384, 27684, 56737, 96345, 97308, 91048, 25778, 26424, 16979, 77059, 87484, 650, 10501, 7664, 42399, 66368, 72428, 90313, 68581, 95408, 58719, 7010, 71100, 38694, 62269, 88515, 87114, 60082, 74975, 47648, 95486, 87637, 66308, 20895, 66554, 33908, 42049, 56894, 28029, 53349, 69094, 28178, 10701, 80203, 12390, 30718, 61309, 79054, 80067, 87669, 18429, 56382, 67438, 53640, 19668, 83077, 8515, 32853, 16711, 65061, 42899, 66125, 28921, 47414, 77777, 7836, 59293, 12583, 45182, 70935, 11108, 65079, 57419, 58720, 99394, 41111, 59469, 41454, 95010, 96686, 20780, 37583, 91647, 99794, 21826, 42117, 12468, 34122, 46653, 81774, 80852, 20118, 37608, 92311, 79336, 51578, 35457, 31958, 86730, 96687, 11146, 78075, 16211, 44286, 64844, 65338, 10895, 10275, 77020, 73939, 97538, 77164, 89934, 19330, 65432, 21836, 62675, 2218, 30434, 72578, 3673, 40750, 56210, 87412, 64425, 15775, 78636, 80433, 91705, 39505, 7027, 29105, 87238, 78396, 99457, 72495, 465, 26796, 81547, 80667, 30823, 69059, 7899, 78032, 78440, 81817, 20294, 87763, 12034, 87734, 24471, 82031, 64016, 50288, 34228, 63282, 50920, 30581, 84203, 633, 87248, 12770, 97953, 13053, 95572, 37949, 74063, 36227, 29715, 49813, 21145, 87009, 80874, 37059, 87639, 40612, 24590, 86721, 77317, 98113, 76274, 67052, 89971, 13754, 59718, 87879, 93901, 12293, 67642, 78449, 64313, 44591, 70027, 35247, 66295, 59710, 40038, 34813, 87962, 6454, 75437, 34184, 50284, 17941, 64231, 49977, 2028, 59502, 60727, 26582, 79999, 6279, 85230, 43569, 67203, 58331, 72913, 30171, 1727, 41946, 90745, 71914, 86277, 5832, 11177, 57599, 86212, 61606, 28255, 80106, 54547, 15980, 77212, 3027, 83112, 17125, 76921, 4837, 26444, 13210, 89259, 46651, 77381, 66788, 11296, 33774, 81105, 70945, 61130, 72200, 65714, 63243, 61476, 76626, 59438, 32822, 8711, 94850, 65916, 7693, 21486, 24715, 26506, 21007, 33133, 38566, 99647, 25770, 19442, 13318, 78963, 57647, 12222, 92372, 45896, 92440, 69281, 19151, 44863, 76918, 22077, 63058, 94435, 38449, 64109, 20310, 83672, 22901, 14278, 33390, 13900, 63275, 55898, 16247, 33785, 54297, 8437, 54820, 83410, 95313, 67626, 61778, 10727, 89377, 37482, 45594, 34932, 17260, 28241, 94797, 26052, 23531, 90086, 15960, 81528, 32321, 35167, 20274, 11327, 18349, 24819, 16188, 45023, 56618, 85558, 52445, 76045, 7010, 39667, 97499, 27217, 6922, 66669, 41143, 82468, 17121, 9153, 82171, 29623, 91642, 3023, 69588, 47419, 86211, 71966, 80845, 68320, 13455, 37727, 52220, 74702, 43968, 32800, 43782, 66266, 15493, 61506, 51999, 45231, 78441, 55374, 45332, 33666, 99772, 17526, 93054, 75932, 18681, 44005, 52642, 79466, 41665, 71733, 67212, 52963, 45410, 97177, 3676, 65899, 60266, 6015, 31478, 67272, 29789, 47236, 62659, 19112, 76732, 55297, 44711, 19662, 33344, 75613, 43681, 51180, 63551, 81969, 93251, 48767, 14416]})"
141.0,3,12,26,8.740474939346313,418,"Genotype(dna={""<class 'abc.NT_0012'>"": [0, 89047], ""<class 'abc.NT_0012_P_00000'>"": [], ""<class 'abc.NT_0007'>"": [55058, 96429, 2662], ""<class 'abc.NT_0007_P_00000'>"": [], ""<class 'abc.NT_0002'>"": [0, 48333, 27356], ""<class 'abc.NT_0002_P_00000'>"": [], ""<class 'abc.NT_0000'>"": [42184, 70052, 0, 91804, 0, 0, 36773, 0, 64804], ""<class 'abc.NT_0000_P_00000'>"": [], ""<class 'abc.NT_0001'>"": [0, 49937, 0, 86169, 43681], ""<class 'abc.NT_0001_P_00000'>"": [], ""<class 'bool'>"": [70796, 41936, 41546, 8512, 21121, 28869], ""<class 'int'>"": [25155, 52427, 13216, 14861, 37066, 43227, 14416], ""<class 'abc.NT_0005'>"": [0, 37639], ""<class 'abc.NT_0005_P_00000'>"": [], ""<class 'abc.NT_0003'>"": [33650, 52703], ""<class 'abc.NT_0003_P_00000'>"": [], ""<class 'abc.NT_0004'>"": [0, 59983], ""<class 'abc.NT_0004_P_00000'>"": [], '$leftovers': [81600, 92981, 24586, 80507, 48909, 56302, 48279, 39596, 8177, 41048, 54709, 2141, 36382, 30231, 79303, 45906, 3600, 72448, 85756, 62232, 76728, 12314, 10402, 99348, 82540, 3143, 2927, 63383, 24684, 56849, 91234, 96607, 11663, 55655, 70782, 65921, 46458, 89721, 42004, 84925, 23942, 57205, 447, 66040, 89769, 37633, 53881, 33471, 84899, 77962, 79382, 63421, 42354, 22565, 54622, 78399, 707, 24478, 73210, 60708, 91176, 39440, 68267, 67164, 86078, 78891, 1648, 1984, 34860, 67089, 14873, 85945, 27946, 91486, 43571, 81436, 24346, 46853, 90833, 93204, 67569, 28562, 65707, 64260, 79507, 5703, 7091, 64658, 51775, 12742, 9851, 57202, 62567, 20339, 98771, 84993, 42327, 6461, 36932, 81439, 47467, 62039, 83881, 12894, 32233, 8056, 28809, 72665, 37010, 26904, 8831, 28758, 41940, 50619, 13705, 77050, 31928, 98645, 56591, 24230, 79582, 27434, 95976, 64454, 7019, 17483, 21240, 67326, 59414, 72680, 9039, 51925, 93310, 67483, 64406, 48515, 88431, 2658, 13619, 9790, 17053, 28910, 57659, 77924, 99848, 89052, 47667, 8134, 19606, 85887, 52665, 28157, 42807, 17016, 89094, 61528, 2617, 28737, 93170, 38813, 99354, 15028, 23722, 65353, 29533, 99753, 41981, 50418, 14162, 78477, 44874, 48013, 99700, 22092, 35260, 90200, 89643, 20702, 91024, 9577, 56981, 30550, 61179, 18259, 57231, 87191, 55757, 3244, 78476, 74777, 24995, 31614, 77943, 7036, 49566, 58360, 3004, 53252, 66953, 74656, 74210, 27963, 52379, 63796, 99017, 55895, 25648, 47745, 62726, 60872, 9501, 49057, 94539, 87198, 63764, 99938, 10128, 80210, 46135, 51655, 83482, 38148, 24164, 27359, 56722, 28341, 25100, 45456, 58831, 30641, 35297, 10655, 57535, 34439, 9062, 29603, 80404, 81266, 30591, 52083, 4329, 59237, 41782, 63886, 44622, 7276, 5883, 7811, 9363, 36177, 85829, 72401, 69637, 5311, 68134, 6919, 88426, 70653, 4616, 46013, 92629, 59024, 92702, 43046, 89779, 385, 55229, 28239, 12254, 26194, 26075, 97973, 61281, 36055, 35286, 66986, 28883, 19934, 88098, 4790, 83498, 37148, 15666, 87010, 55539, 7569, 68859, 64018, 42555, 25550, 49766, 42788, 84258, 51569, 68268, 3156, 96561, 85693, 51070, 36377, 65819, 96179, 39579, 24584, 28035, 59376, 1204, 11150, 48792, 45926, 85267, 91074, 94546, 96796, 37903, 59781, 4539, 61677, 99460, 13625, 61547, 50670, 13613, 59753, 22915, 2621, 41331, 81995, 39637, 22957, 79002, 77248, 80855, 23226, 52229, 79789, 70273, 33650, 98693, 42923, 5145, 90463, 16373, 37110, 73707, 81260, 22037, 73958, 71109, 87766, 33357, 36160, 30428, 68575, 62987, 54541, 93429, 10734, 56468, 10160, 92379, 48026, 42646, 26036, 13198, 24697, 89401, 2013, 24257, 16393, 7549, 56761, 59383, 92698, 47833, 9115, 80083, 27886, 98520, 84184, 46396, 32324, 55136, 33043, 94733, 39299, 68268, 17957, 41681, 95283, 74312, 19569, 5501, 96364, 37614, 98620, 35413, 23136, 13438, 71840, 85129, 48571, 41673, 12536, 28619, 39045, 31089, 96567, 57611, 19490, 3253, 59735, 37115, 23031, 12955, 69562, 87443, 43955, 64586, 64395, 83855, 28306, 89637, 82455, 41564, 62224, 83458, 72706, 39687, 18580, 37123, 88608, 78134, 31325, 99919, 83099, 93340, 64560, 40152, 49911, 90599, 5214, 94580, 49233, 60885, 57752, 18427, 57803, 29767, 82380, 44062, 42873, 35236, 96454, 6296, 761, 18195, 33989, 94984, 70688, 90636, 6806, 73662, 94256, 41102, 28770, 46150, 73640, 11449, 24920, 21310, 85454, 94863, 91863, 23315, 17597, 20217, 91794, 34166, 77109, 46637, 32144, 83158, 26247, 76783, 57366, 76170, 90953, 82914, 78347, 9798, 36943, 73386, 68382, 52072, 12414, 41189, 86486, 60473, 16665, 45781, 59592, 86919, 63519, 25794, 53453, 64363, 96508, 16128, 92416, 22277, 24310, 86063, 67165, 46227, 54481, 89870, 69212, 62340, 60412, 71112, 23023, 34509, 92116, 7217, 63002, 41259, 50000, 8793, 4594, 30483, 62653, 83938, 83503, 31483, 10365, 49442, 30804, 45981, 6968, 91617, 92210, 54325, 96831, 5008, 28389, 68581, 10722, 76148, 95354, 73970, 68860, 62036, 98213, 81300, 79566, 11781, 37080, 43953, 62574, 60034, 62154, 78716, 7847, 44434, 11159, 20786, 57220, 86148, 89532, 79123, 19828, 71554, 38321, 92355, 28120, 6885, 40594, 84932, 47779, 99847, 92498, 86367, 71489, 51939, 10303, 75651, 2814, 54873, 58078, 82260, 4131, 16111, 36323, 80831, 56586, 23086, 62810, 48333, 30508, 86384, 27684, 56737, 96345, 97308, 91048, 25778, 26424, 16979, 77059, 87484, 650, 10501, 7664, 42399, 66368, 72428, 90313, 68581, 95408, 58719, 7010, 71100, 38694, 62269, 88515, 87114, 60082, 74975, 47648, 95486, 87637, 66308, 20895, 66554, 33908, 42049, 56894, 28029, 53349, 69094, 28178, 10701, 80203, 12390, 30718, 61309, 79054, 80067, 87669, 18429, 56382, 67438, 53640, 19668, 83077, 8515, 32853, 16711, 65061, 42899, 66125, 28921, 47414, 77777, 7836, 59293, 12583, 45182, 70935, 11108, 65079, 57419, 58720, 99394, 41111, 59469, 41454, 95010, 96686, 20780, 37583, 91647, 99794, 21826, 42117, 12468, 34122, 46653, 81774, 80852, 20118, 37608, 92311, 79336, 51578, 35457, 31958, 86730, 96687, 11146, 78075, 16211, 44286, 64844, 65338, 10895, 10275, 77020, 73939, 97538, 77164, 89934, 19330, 65432, 21836, 62675, 2218, 30434, 72578, 3673, 40750, 56210, 87412, 64425, 15775, 78636, 80433, 91705, 39505, 7027, 29105, 87238, 78396, 99457, 72495, 465, 26796, 81547, 80667, 30823, 69059, 7899, 78032, 78440, 81817, 20294, 87763, 12034, 87734, 24471, 82031, 64016, 50288, 34228, 63282, 50920, 30581, 84203, 633, 87248, 12770, 97953, 13053, 95572, 37949, 74063, 36227, 29715, 49813, 21145, 87009, 80874, 37059, 87639, 40612, 24590, 86721, 77317, 98113, 76274, 67052, 89971, 13754, 59718, 87879, 93901, 12293, 67642, 78449, 64313, 44591, 70027, 35247, 66295, 59710, 40038, 34813, 87962, 6454, 75437, 34184, 50284, 17941, 64231, 49977, 2028, 59502, 60727, 26582, 79999, 6279, 85230, 43569, 67203, 58331, 72913, 30171, 1727, 41946, 90745, 71914, 86277, 5832, 11177, 57599, 86212, 61606, 28255, 80106, 54547, 15980, 77212, 3027, 83112, 17125, 76921, 4837, 26444, 13210, 89259, 46651, 77381, 66788, 11296, 33774, 81105, 70945, 61130, 72200, 65714, 63243, 61476, 76626, 59438, 32822, 8711, 94850, 65916, 7693, 21486, 24715, 26506, 21007, 33133, 38566, 99647, 25770, 19442, 13318, 78963, 57647, 12222, 92372, 45896, 92440, 69281, 19151, 44863, 76918, 22077, 63058, 94435, 38449, 64109, 20310, 83672, 22901, 14278, 33390, 13900, 63275, 55898, 16247, 33785, 54297, 8437, 54820, 83410, 95313, 67626, 61778, 10727, 89377, 37482, 45594, 34932, 17260, 28241, 94797, 26052, 23531, 90086, 15960, 81528, 32321, 35167, 20274, 11327, 18349, 24819, 16188, 45023, 56618, 85558, 52445, 76045, 7010, 39667, 97499, 27217, 6922, 66669, 41143, 82468, 17121, 9153, 82171, 29623, 91642, 3023, 69588, 47419, 86211, 71966, 80845, 68320, 13455, 37727, 52220, 74702, 43968, 32800, 43782, 66266, 15493, 61506, 51999, 45231, 78441, 55374, 45332, 33666, 99772, 17526, 93054, 75932, 18681, 44005, 52642, 79466, 41665, 71733, 67212, 52963, 45410, 97177, 3676, 65899, 60266, 6015, 31478, 67272, 29789, 47236, 62659, 19112, 76732, 55297, 44711, 19662, 33344, 75613, 43681, 51180, 63551, 81969, 93251, 48767, 14416]})"
141.0,3,12,27,8.846726894378662,418,"Genotype(dna={""<class 'abc.NT_0012'>"": [0, 89047], ""<class 'abc.NT_0012_P_00000'>"": [], ""<class 'abc.NT_0007'>"": [55058, 96429, 2662], ""<class 'abc.NT_0007_P_00000'>"": [], ""<class 'abc.NT_0002'>"": [0, 48333, 27356], ""<class 'abc.NT_0002_P_00000'>"": [], ""<class 'abc.NT_0000'>"": [42184, 70052, 0, 91804, 0, 0, 36773, 0, 64804], ""<class 'abc.NT_0000_P_00000'>"": [], ""<class 'abc.NT_0001'>"": [0, 49937, 0, 86169, 43681], ""<class 'abc.NT_0001_P_00000'>"": [], ""<class 'bool'>"": [70796, 41936, 41546, 8512, 21121, 28869], ""<class 'int'>"": [25155, 52427, 13216, 14861, 37066, 43227, 14416], ""<class 'abc.NT_0005'>"": [0, 37639], ""<class 'abc.NT_0005_P_00000'>"": [], ""<class 'abc.NT_0003'>"": [33650, 52703], ""<class 'abc.NT_0003_P_00000'>"": [], ""<class 'abc.NT_0004'>"": [0, 59983], ""<class 'abc.NT_0004_P_00000'>"": [], '$leftovers': [81600, 92981, 24586, 80507, 48909, 56302, 48279, 39596, 8177, 41048, 54709, 2141, 36382, 30231, 79303, 45906, 3600, 72448, 85756, 62232, 76728, 12314, 10402, 99348, 82540, 3143, 2927, 63383, 24684, 56849, 91234, 96607, 11663, 55655, 70782, 65921, 46458, 89721, 42004, 84925, 23942, 57205, 447, 66040, 89769, 37633, 53881, 33471, 84899, 77962, 79382, 63421, 42354, 22565, 54622, 78399, 707, 24478, 73210, 60708, 91176, 39440, 68267, 67164, 86078, 78891, 1648, 1984, 34860, 67089, 14873, 85945, 27946, 91486, 43571, 81436, 24346, 46853, 90833, 93204, 67569, 28562, 65707, 64260, 79507, 5703, 7091, 64658, 51775, 12742, 9851, 57202, 62567, 20339, 98771, 84993, 42327, 6461, 36932, 81439, 47467, 62039, 83881, 12894, 32233, 8056, 28809, 72665, 37010, 26904, 8831, 28758, 41940, 50619, 13705, 77050, 31928, 98645, 56591, 24230, 79582, 27434, 95976, 64454, 7019, 17483, 21240, 67326, 59414, 72680, 9039, 51925, 93310, 67483, 64406, 48515, 88431, 2658, 13619, 9790, 17053, 28910, 57659, 77924, 99848, 89052, 47667, 8134, 19606, 85887, 52665, 28157, 42807, 17016, 89094, 61528, 2617, 28737, 93170, 38813, 99354, 15028, 23722, 65353, 29533, 99753, 41981, 50418, 14162, 78477, 44874, 48013, 99700, 22092, 35260, 90200, 89643, 20702, 91024, 9577, 56981, 30550, 61179, 18259, 57231, 87191, 55757, 3244, 78476, 74777, 24995, 31614, 77943, 7036, 49566, 58360, 3004, 53252, 66953, 74656, 74210, 27963, 52379, 63796, 99017, 55895, 25648, 47745, 62726, 60872, 9501, 49057, 94539, 87198, 63764, 99938, 10128, 80210, 46135, 51655, 83482, 38148, 24164, 27359, 56722, 28341, 25100, 45456, 58831, 30641, 35297, 10655, 57535, 34439, 9062, 29603, 80404, 81266, 30591, 52083, 4329, 59237, 41782, 63886, 44622, 7276, 5883, 7811, 9363, 36177, 85829, 72401, 69637, 5311, 68134, 6919, 88426, 70653, 4616, 46013, 92629, 59024, 92702, 43046, 89779, 385, 55229, 28239, 12254, 26194, 26075, 97973, 61281, 36055, 35286, 66986, 28883, 19934, 88098, 4790, 83498, 37148, 15666, 87010, 55539, 7569, 68859, 64018, 42555, 25550, 49766, 42788, 84258, 51569, 68268, 3156, 96561, 85693, 51070, 36377, 65819, 96179, 39579, 24584, 28035, 59376, 1204, 11150, 48792, 45926, 85267, 91074, 94546, 96796, 37903, 59781, 4539, 61677, 99460, 13625, 61547, 50670, 13613, 59753, 22915, 2621, 41331, 81995, 39637, 22957, 79002, 77248, 80855, 23226, 52229, 79789, 70273, 33650, 98693, 42923, 5145, 90463, 16373, 37110, 73707, 81260, 22037, 73958, 71109, 87766, 33357, 36160, 30428, 68575, 62987, 54541, 93429, 10734, 56468, 10160, 92379, 48026, 42646, 26036, 13198, 24697, 89401, 2013, 24257, 16393, 7549, 56761, 59383, 92698, 47833, 9115, 80083, 27886, 98520, 84184, 46396, 32324, 55136, 33043, 94733, 39299, 68268, 17957, 41681, 95283, 74312, 19569, 5501, 96364, 37614, 98620, 35413, 23136, 13438, 71840, 85129, 48571, 41673, 12536, 28619, 39045, 31089, 96567, 57611, 19490, 3253, 59735, 37115, 23031, 12955, 69562, 87443, 43955, 64586, 64395, 83855, 28306, 89637, 82455, 41564, 62224, 83458, 72706, 39687, 18580, 37123, 88608, 78134, 31325, 99919, 83099, 93340, 64560, 40152, 49911, 90599, 5214, 94580, 49233, 60885, 57752, 18427, 57803, 29767, 82380, 44062, 42873, 35236, 96454, 6296, 761, 18195, 33989, 94984, 70688, 90636, 6806, 73662, 94256, 41102, 28770, 46150, 73640, 11449, 24920, 21310, 85454, 94863, 91863, 23315, 17597, 20217, 91794, 34166, 77109, 46637, 32144, 83158, 26247, 76783, 57366, 76170, 90953, 82914, 78347, 9798, 36943, 73386, 68382, 52072, 12414, 41189, 86486, 60473, 16665, 45781, 59592, 86919, 63519, 25794, 53453, 64363, 96508, 16128, 92416, 22277, 24310, 86063, 67165, 46227, 54481, 89870, 69212, 62340, 60412, 71112, 23023, 34509, 92116, 7217, 63002, 41259, 50000, 8793, 4594, 30483, 62653, 83938, 83503, 31483, 10365, 49442, 30804, 45981, 6968, 91617, 92210, 54325, 96831, 5008, 28389, 68581, 10722, 76148, 95354, 73970, 68860, 62036, 98213, 81300, 79566, 11781, 37080, 43953, 62574, 60034, 62154, 78716, 7847, 44434, 11159, 20786, 57220, 86148, 89532, 79123, 19828, 71554, 38321, 92355, 28120, 6885, 40594, 84932, 47779, 99847, 92498, 86367, 71489, 51939, 10303, 75651, 2814, 54873, 58078, 82260, 4131, 16111, 36323, 80831, 56586, 23086, 62810, 48333, 30508, 86384, 27684, 56737, 96345, 97308, 91048, 25778, 26424, 16979, 77059, 87484, 650, 10501, 7664, 42399, 66368, 72428, 90313, 68581, 95408, 58719, 7010, 71100, 38694, 62269, 88515, 87114, 60082, 74975, 47648, 95486, 87637, 66308, 20895, 66554, 33908, 42049, 56894, 28029, 53349, 69094, 28178, 10701, 80203, 12390, 30718, 61309, 79054, 80067, 87669, 18429, 56382, 67438, 53640, 19668, 83077, 8515, 32853, 16711, 65061, 42899, 66125, 28921, 47414, 77777, 7836, 59293, 12583, 45182, 70935, 11108, 65079, 57419, 58720, 99394, 41111, 59469, 41454, 95010, 96686, 20780, 37583, 91647, 99794, 21826, 42117, 12468, 34122, 46653, 81774, 80852, 20118, 37608, 92311, 79336, 51578, 35457, 31958, 86730, 96687, 11146, 78075, 16211, 44286, 64844, 65338, 10895, 10275, 77020, 73939, 97538, 77164, 89934, 19330, 65432, 21836, 62675, 2218, 30434, 72578, 3673, 40750, 56210, 87412, 64425, 15775, 78636, 80433, 91705, 39505, 7027, 29105, 87238, 78396, 99457, 72495, 465, 26796, 81547, 80667, 30823, 69059, 7899, 78032, 78440, 81817, 20294, 87763, 12034, 87734, 24471, 82031, 64016, 50288, 34228, 63282, 50920, 30581, 84203, 633, 87248, 12770, 97953, 13053, 95572, 37949, 74063, 36227, 29715, 49813, 21145, 87009, 80874, 37059, 87639, 40612, 24590, 86721, 77317, 98113, 76274, 67052, 89971, 13754, 59718, 87879, 93901, 12293, 67642, 78449, 64313, 44591, 70027, 35247, 66295, 59710, 40038, 34813, 87962, 6454, 75437, 34184, 50284, 17941, 64231, 49977, 2028, 59502, 60727, 26582, 79999, 6279, 85230, 43569, 67203, 58331, 72913, 30171, 1727, 41946, 90745, 71914, 86277, 5832, 11177, 57599, 86212, 61606, 28255, 80106, 54547, 15980, 77212, 3027, 83112, 17125, 76921, 4837, 26444, 13210, 89259, 46651, 77381, 66788, 11296, 33774, 81105, 70945, 61130, 72200, 65714, 63243, 61476, 76626, 59438, 32822, 8711, 94850, 65916, 7693, 21486, 24715, 26506, 21007, 33133, 38566, 99647, 25770, 19442, 13318, 78963, 57647, 12222, 92372, 45896, 92440, 69281, 19151, 44863, 76918, 22077, 63058, 94435, 38449, 64109, 20310, 83672, 22901, 14278, 33390, 13900, 63275, 55898, 16247, 33785, 54297, 8437, 54820, 83410, 95313, 67626, 61778, 10727, 89377, 37482, 45594, 34932, 17260, 28241, 94797, 26052, 23531, 90086, 15960, 81528, 32321, 35167, 20274, 11327, 18349, 24819, 16188, 45023, 56618, 85558, 52445, 76045, 7010, 39667, 97499, 27217, 6922, 66669, 41143, 82468, 17121, 9153, 82171, 29623, 91642, 3023, 69588, 47419, 86211, 71966, 80845, 68320, 13455, 37727, 52220, 74702, 43968, 32800, 43782, 66266, 15493, 61506, 51999, 45231, 78441, 55374, 45332, 33666, 99772, 17526, 93054, 75932, 18681, 44005, 52642, 79466, 41665, 71733, 67212, 52963, 45410, 97177, 3676, 65899, 60266, 6015, 31478, 67272, 29789, 47236, 62659, 19112, 76732, 55297, 44711, 19662, 33344, 75613, 43681, 51180, 63551, 81969, 93251, 48767, 14416]})"
141.0,3,12,28,8.951083421707153,418,"Genotype(dna={""<class 'abc.NT_0012'>"": [0, 89047], ""<class 'abc.NT_0012_P_00000'>"": [], ""<class 'abc.NT_0007'>"": [55058, 96429, 2662], ""<class 'abc.NT_0007_P_00000'>"": [], ""<class 'abc.NT_0002'>"": [0, 48333, 27356], ""<class 'abc.NT_0002_P_00000'>"": [], ""<class 'abc.NT_0000'>"": [42184, 70052, 0, 91804, 0, 0, 36773, 0, 64804], ""<class 'abc.NT_0000_P_00000'>"": [], ""<class 'abc.NT_0001'>"": [0, 49937, 0, 86169, 43681], ""<class 'abc.NT_0001_P_00000'>"": [], ""<class 'bool'>"": [70796, 41936, 41546, 8512, 21121, 28869], ""<class 'int'>"": [25155, 52427, 13216, 14861, 37066, 43227, 14416], ""<class 'abc.NT_0005'>"": [0, 37639], ""<class 'abc.NT_0005_P_00000'>"": [], ""<class 'abc.NT_0003'>"": [33650, 52703], ""<class 'abc.NT_0003_P_00000'>"": [], ""<class 'abc.NT_0004'>"": [0, 59983], ""<class 'abc.NT_0004_P_00000'>"": [], '$leftovers': [81600, 92981, 24586, 80507, 48909, 56302, 48279, 39596, 8177, 41048, 54709, 2141, 36382, 30231, 79303, 45906, 3600, 72448, 85756, 62232, 76728, 12314, 10402, 99348, 82540, 3143, 2927, 63383, 24684, 56849, 91234, 96607, 11663, 55655, 70782, 65921, 46458, 89721, 42004, 84925, 23942, 57205, 447, 66040, 89769, 37633, 53881, 33471, 84899, 77962, 79382, 63421, 42354, 22565, 54622, 78399, 707, 24478, 73210, 60708, 91176, 39440, 68267, 67164, 86078, 78891, 1648, 1984, 34860, 67089, 14873, 85945, 27946, 91486, 43571, 81436, 24346, 46853, 90833, 93204, 67569, 28562, 65707, 64260, 79507, 5703, 7091, 64658, 51775, 12742, 9851, 57202, 62567, 20339, 98771, 84993, 42327, 6461, 36932, 81439, 47467, 62039, 83881, 12894, 32233, 8056, 28809, 72665, 37010, 26904, 8831, 28758, 41940, 50619, 13705, 77050, 31928, 98645, 56591, 24230, 79582, 27434, 95976, 64454, 7019, 17483, 21240, 67326, 59414, 72680, 9039, 51925, 93310, 67483, 64406, 48515, 88431, 2658, 13619, 9790, 17053, 28910, 57659, 77924, 99848, 89052, 47667, 8134, 19606, 85887, 52665, 28157, 42807, 17016, 89094, 61528, 2617, 28737, 93170, 38813, 99354, 15028, 23722, 65353, 29533, 99753, 41981, 50418, 14162, 78477, 44874, 48013, 99700, 22092, 35260, 90200, 89643, 20702, 91024, 9577, 56981, 30550, 61179, 18259, 57231, 87191, 55757, 3244, 78476, 74777, 24995, 31614, 77943, 7036, 49566, 58360, 3004, 53252, 66953, 74656, 74210, 27963, 52379, 63796, 99017, 55895, 25648, 47745, 62726, 60872, 9501, 49057, 94539, 87198, 63764, 99938, 10128, 80210, 46135, 51655, 83482, 38148, 24164, 27359, 56722, 28341, 25100, 45456, 58831, 30641, 35297, 10655, 57535, 34439, 9062, 29603, 80404, 81266, 30591, 52083, 4329, 59237, 41782, 63886, 44622, 7276, 5883, 7811, 9363, 36177, 85829, 72401, 69637, 5311, 68134, 6919, 88426, 70653, 4616, 46013, 92629, 59024, 92702, 43046, 89779, 385, 55229, 28239, 12254, 26194, 26075, 97973, 61281, 36055, 35286, 66986, 28883, 19934, 88098, 4790, 83498, 37148, 15666, 87010, 55539, 7569, 68859, 64018, 42555, 25550, 49766, 42788, 84258, 51569, 68268, 3156, 96561, 85693, 51070, 36377, 65819, 96179, 39579, 24584, 28035, 59376, 1204, 11150, 48792, 45926, 85267, 91074, 94546, 96796, 37903, 59781, 4539, 61677, 99460, 13625, 61547, 50670, 13613, 59753, 22915, 2621, 41331, 81995, 39637, 22957, 79002, 77248, 80855, 23226, 52229, 79789, 70273, 33650, 98693, 42923, 5145, 90463, 16373, 37110, 73707, 81260, 22037, 73958, 71109, 87766, 33357, 36160, 30428, 68575, 62987, 54541, 93429, 10734, 56468, 10160, 92379, 48026, 42646, 26036, 13198, 24697, 89401, 2013, 24257, 16393, 7549, 56761, 59383, 92698, 47833, 9115, 80083, 27886, 98520, 84184, 46396, 32324, 55136, 33043, 94733, 39299, 68268, 17957, 41681, 95283, 74312, 19569, 5501, 96364, 37614, 98620, 35413, 23136, 13438, 71840, 85129, 48571, 41673, 12536, 28619, 39045, 31089, 96567, 57611, 19490, 3253, 59735, 37115, 23031, 12955, 69562, 87443, 43955, 64586, 64395, 83855, 28306, 89637, 82455, 41564, 62224, 83458, 72706, 39687, 18580, 37123, 88608, 78134, 31325, 99919, 83099, 93340, 64560, 40152, 49911, 90599, 5214, 94580, 49233, 60885, 57752, 18427, 57803, 29767, 82380, 44062, 42873, 35236, 96454, 6296, 761, 18195, 33989, 94984, 70688, 90636, 6806, 73662, 94256, 41102, 28770, 46150, 73640, 11449, 24920, 21310, 85454, 94863, 91863, 23315, 17597, 20217, 91794, 34166, 77109, 46637, 32144, 83158, 26247, 76783, 57366, 76170, 90953, 82914, 78347, 9798, 36943, 73386, 68382, 52072, 12414, 41189, 86486, 60473, 16665, 45781, 59592, 86919, 63519, 25794, 53453, 64363, 96508, 16128, 92416, 22277, 24310, 86063, 67165, 46227, 54481, 89870, 69212, 62340, 60412, 71112, 23023, 34509, 92116, 7217, 63002, 41259, 50000, 8793, 4594, 30483, 62653, 83938, 83503, 31483, 10365, 49442, 30804, 45981, 6968, 91617, 92210, 54325, 96831, 5008, 28389, 68581, 10722, 76148, 95354, 73970, 68860, 62036, 98213, 81300, 79566, 11781, 37080, 43953, 62574, 60034, 62154, 78716, 7847, 44434, 11159, 20786, 57220, 86148, 89532, 79123, 19828, 71554, 38321, 92355, 28120, 6885, 40594, 84932, 47779, 99847, 92498, 86367, 71489, 51939, 10303, 75651, 2814, 54873, 58078, 82260, 4131, 16111, 36323, 80831, 56586, 23086, 62810, 48333, 30508, 86384, 27684, 56737, 96345, 97308, 91048, 25778, 26424, 16979, 77059, 87484, 650, 10501, 7664, 42399, 66368, 72428, 90313, 68581, 95408, 58719, 7010, 71100, 38694, 62269, 88515, 87114, 60082, 74975, 47648, 95486, 87637, 66308, 20895, 66554, 33908, 42049, 56894, 28029, 53349, 69094, 28178, 10701, 80203, 12390, 30718, 61309, 79054, 80067, 87669, 18429, 56382, 67438, 53640, 19668, 83077, 8515, 32853, 16711, 65061, 42899, 66125, 28921, 47414, 77777, 7836, 59293, 12583, 45182, 70935, 11108, 65079, 57419, 58720, 99394, 41111, 59469, 41454, 95010, 96686, 20780, 37583, 91647, 99794, 21826, 42117, 12468, 34122, 46653, 81774, 80852, 20118, 37608, 92311, 79336, 51578, 35457, 31958, 86730, 96687, 11146, 78075, 16211, 44286, 64844, 65338, 10895, 10275, 77020, 73939, 97538, 77164, 89934, 19330, 65432, 21836, 62675, 2218, 30434, 72578, 3673, 40750, 56210, 87412, 64425, 15775, 78636, 80433, 91705, 39505, 7027, 29105, 87238, 78396, 99457, 72495, 465, 26796, 81547, 80667, 30823, 69059, 7899, 78032, 78440, 81817, 20294, 87763, 12034, 87734, 24471, 82031, 64016, 50288, 34228, 63282, 50920, 30581, 84203, 633, 87248, 12770, 97953, 13053, 95572, 37949, 74063, 36227, 29715, 49813, 21145, 87009, 80874, 37059, 87639, 40612, 24590, 86721, 77317, 98113, 76274, 67052, 89971, 13754, 59718, 87879, 93901, 12293, 67642, 78449, 64313, 44591, 70027, 35247, 66295, 59710, 40038, 34813, 87962, 6454, 75437, 34184, 50284, 17941, 64231, 49977, 2028, 59502, 60727, 26582, 79999, 6279, 85230, 43569, 67203, 58331, 72913, 30171, 1727, 41946, 90745, 71914, 86277, 5832, 11177, 57599, 86212, 61606, 28255, 80106, 54547, 15980, 77212, 3027, 83112, 17125, 76921, 4837, 26444, 13210, 89259, 46651, 77381, 66788, 11296, 33774, 81105, 70945, 61130, 72200, 65714, 63243, 61476, 76626, 59438, 32822, 8711, 94850, 65916, 7693, 21486, 24715, 26506, 21007, 33133, 38566, 99647, 25770, 19442, 13318, 78963, 57647, 12222, 92372, 45896, 92440, 69281, 19151, 44863, 76918, 22077, 63058, 94435, 38449, 64109, 20310, 83672, 22901, 14278, 33390, 13900, 63275, 55898, 16247, 33785, 54297, 8437, 54820, 83410, 95313, 67626, 61778, 10727, 89377, 37482, 45594, 34932, 17260, 28241, 94797, 26052, 23531, 90086, 15960, 81528, 32321, 35167, 20274, 11327, 18349, 24819, 16188, 45023, 56618, 85558, 52445, 76045, 7010, 39667, 97499, 27217, 6922, 66669, 41143, 82468, 17121, 9153, 82171, 29623, 91642, 3023, 69588, 47419, 86211, 71966, 80845, 68320, 13455, 37727, 52220, 74702, 43968, 32800, 43782, 66266, 15493, 61506, 51999, 45231, 78441, 55374, 45332, 33666, 99772, 17526, 93054, 75932, 18681, 44005, 52642, 79466, 41665, 71733, 67212, 52963, 45410, 97177, 3676, 65899, 60266, 6015, 31478, 67272, 29789, 47236, 62659, 19112, 76732, 55297, 44711, 19662, 33344, 75613, 43681, 51180, 63551, 81969, 93251, 48767, 14416]})"
141.0,3,12,29,9.022513151168823,418,"Genotype(dna={""<class 'abc.NT_0012'>"": [0, 89047], ""<class 'abc.NT_0012_P_00000'>"": [], ""<class 'abc.NT_0007'>"": [55058, 96429, 2662], ""<class 'abc.NT_0007_P_00000'>"": [], ""<class 'abc.NT_0002'>"": [0, 48333, 27356], ""<class 'abc.NT_0002_P_00000'>"": [], ""<class 'abc.NT_0000'>"": [42184, 70052, 0, 91804, 0, 0, 36773, 0, 64804], ""<class 'abc.NT_0000_P_00000'>"": [], ""<class 'abc.NT_0001'>"": [0, 49937, 0, 86169, 43681], ""<class 'abc.NT_0001_P_00000'>"": [], ""<class 'bool'>"": [70796, 41936, 41546, 8512, 21121, 28869], ""<class 'int'>"": [25155, 52427, 13216, 14861, 37066, 43227, 14416], ""<class 'abc.NT_0005'>"": [0, 37639], ""<class 'abc.NT_0005_P_00000'>"": [], ""<class 'abc.NT_0003'>"": [33650, 52703], ""<class 'abc.NT_0003_P_00000'>"": [], ""<class 'abc.NT_0004'>"": [0, 59983], ""<class 'abc.NT_0004_P_00000'>"": [], '$leftovers': [81600, 92981, 24586, 80507, 48909, 56302, 48279, 39596, 8177, 41048, 54709, 2141, 36382, 30231, 79303, 45906, 3600, 72448, 85756, 62232, 76728, 12314, 10402, 99348, 82540, 3143, 2927, 63383, 24684, 56849, 91234, 96607, 11663, 55655, 70782, 65921, 46458, 89721, 42004, 84925, 23942, 57205, 447, 66040, 89769, 37633, 53881, 33471, 84899, 77962, 79382, 63421, 42354, 22565, 54622, 78399, 707, 24478, 73210, 60708, 91176, 39440, 68267, 67164, 86078, 78891, 1648, 1984, 34860, 67089, 14873, 85945, 27946, 91486, 43571, 81436, 24346, 46853, 90833, 93204, 67569, 28562, 65707, 64260, 79507, 5703, 7091, 64658, 51775, 12742, 9851, 57202, 62567, 20339, 98771, 84993, 42327, 6461, 36932, 81439, 47467, 62039, 83881, 12894, 32233, 8056, 28809, 72665, 37010, 26904, 8831, 28758, 41940, 50619, 13705, 77050, 31928, 98645, 56591, 24230, 79582, 27434, 95976, 64454, 7019, 17483, 21240, 67326, 59414, 72680, 9039, 51925, 93310, 67483, 64406, 48515, 88431, 2658, 13619, 9790, 17053, 28910, 57659, 77924, 99848, 89052, 47667, 8134, 19606, 85887, 52665, 28157, 42807, 17016, 89094, 61528, 2617, 28737, 93170, 38813, 99354, 15028, 23722, 65353, 29533, 99753, 41981, 50418, 14162, 78477, 44874, 48013, 99700, 22092, 35260, 90200, 89643, 20702, 91024, 9577, 56981, 30550, 61179, 18259, 57231, 87191, 55757, 3244, 78476, 74777, 24995, 31614, 77943, 7036, 49566, 58360, 3004, 53252, 66953, 74656, 74210, 27963, 52379, 63796, 99017, 55895, 25648, 47745, 62726, 60872, 9501, 49057, 94539, 87198, 63764, 99938, 10128, 80210, 46135, 51655, 83482, 38148, 24164, 27359, 56722, 28341, 25100, 45456, 58831, 30641, 35297, 10655, 57535, 34439, 9062, 29603, 80404, 81266, 30591, 52083, 4329, 59237, 41782, 63886, 44622, 7276, 5883, 7811, 9363, 36177, 85829, 72401, 69637, 5311, 68134, 6919, 88426, 70653, 4616, 46013, 92629, 59024, 92702, 43046, 89779, 385, 55229, 28239, 12254, 26194, 26075, 97973, 61281, 36055, 35286, 66986, 28883, 19934, 88098, 4790, 83498, 37148, 15666, 87010, 55539, 7569, 68859, 64018, 42555, 25550, 49766, 42788, 84258, 51569, 68268, 3156, 96561, 85693, 51070, 36377, 65819, 96179, 39579, 24584, 28035, 59376, 1204, 11150, 48792, 45926, 85267, 91074, 94546, 96796, 37903, 59781, 4539, 61677, 99460, 13625, 61547, 50670, 13613, 59753, 22915, 2621, 41331, 81995, 39637, 22957, 79002, 77248, 80855, 23226, 52229, 79789, 70273, 33650, 98693, 42923, 5145, 90463, 16373, 37110, 73707, 81260, 22037, 73958, 71109, 87766, 33357, 36160, 30428, 68575, 62987, 54541, 93429, 10734, 56468, 10160, 92379, 48026, 42646, 26036, 13198, 24697, 89401, 2013, 24257, 16393, 7549, 56761, 59383, 92698, 47833, 9115, 80083, 27886, 98520, 84184, 46396, 32324, 55136, 33043, 94733, 39299, 68268, 17957, 41681, 95283, 74312, 19569, 5501, 96364, 37614, 98620, 35413, 23136, 13438, 71840, 85129, 48571, 41673, 12536, 28619, 39045, 31089, 96567, 57611, 19490, 3253, 59735, 37115, 23031, 12955, 69562, 87443, 43955, 64586, 64395, 83855, 28306, 89637, 82455, 41564, 62224, 83458, 72706, 39687, 18580, 37123, 88608, 78134, 31325, 99919, 83099, 93340, 64560, 40152, 49911, 90599, 5214, 94580, 49233, 60885, 57752, 18427, 57803, 29767, 82380, 44062, 42873, 35236, 96454, 6296, 761, 18195, 33989, 94984, 70688, 90636, 6806, 73662, 94256, 41102, 28770, 46150, 73640, 11449, 24920, 21310, 85454, 94863, 91863, 23315, 17597, 20217, 91794, 34166, 77109, 46637, 32144, 83158, 26247, 76783, 57366, 76170, 90953, 82914, 78347, 9798, 36943, 73386, 68382, 52072, 12414, 41189, 86486, 60473, 16665, 45781, 59592, 86919, 63519, 25794, 53453, 64363, 96508, 16128, 92416, 22277, 24310, 86063, 67165, 46227, 54481, 89870, 69212, 62340, 60412, 71112, 23023, 34509, 92116, 7217, 63002, 41259, 50000, 8793, 4594, 30483, 62653, 83938, 83503, 31483, 10365, 49442, 30804, 45981, 6968, 91617, 92210, 54325, 96831, 5008, 28389, 68581, 10722, 76148, 95354, 73970, 68860, 62036, 98213, 81300, 79566, 11781, 37080, 43953, 62574, 60034, 62154, 78716, 7847, 44434, 11159, 20786, 57220, 86148, 89532, 79123, 19828, 71554, 38321, 92355, 28120, 6885, 40594, 84932, 47779, 99847, 92498, 86367, 71489, 51939, 10303, 75651, 2814, 54873, 58078, 82260, 4131, 16111, 36323, 80831, 56586, 23086, 62810, 48333, 30508, 86384, 27684, 56737, 96345, 97308, 91048, 25778, 26424, 16979, 77059, 87484, 650, 10501, 7664, 42399, 66368, 72428, 90313, 68581, 95408, 58719, 7010, 71100, 38694, 62269, 88515, 87114, 60082, 74975, 47648, 95486, 87637, 66308, 20895, 66554, 33908, 42049, 56894, 28029, 53349, 69094, 28178, 10701, 80203, 12390, 30718, 61309, 79054, 80067, 87669, 18429, 56382, 67438, 53640, 19668, 83077, 8515, 32853, 16711, 65061, 42899, 66125, 28921, 47414, 77777, 7836, 59293, 12583, 45182, 70935, 11108, 65079, 57419, 58720, 99394, 41111, 59469, 41454, 95010, 96686, 20780, 37583, 91647, 99794, 21826, 42117, 12468, 34122, 46653, 81774, 80852, 20118, 37608, 92311, 79336, 51578, 35457, 31958, 86730, 96687, 11146, 78075, 16211, 44286, 64844, 65338, 10895, 10275, 77020, 73939, 97538, 77164, 89934, 19330, 65432, 21836, 62675, 2218, 30434, 72578, 3673, 40750, 56210, 87412, 64425, 15775, 78636, 80433, 91705, 39505, 7027, 29105, 87238, 78396, 99457, 72495, 465, 26796, 81547, 80667, 30823, 69059, 7899, 78032, 78440, 81817, 20294, 87763, 12034, 87734, 24471, 82031, 64016, 50288, 34228, 63282, 50920, 30581, 84203, 633, 87248, 12770, 97953, 13053, 95572, 37949, 74063, 36227, 29715, 49813, 21145, 87009, 80874, 37059, 87639, 40612, 24590, 86721, 77317, 98113, 76274, 67052, 89971, 13754, 59718, 87879, 93901, 12293, 67642, 78449, 64313, 44591, 70027, 35247, 66295, 59710, 40038, 34813, 87962, 6454, 75437, 34184, 50284, 17941, 64231, 49977, 2028, 59502, 60727, 26582, 79999, 6279, 85230, 43569, 67203, 58331, 72913, 30171, 1727, 41946, 90745, 71914, 86277, 5832, 11177, 57599, 86212, 61606, 28255, 80106, 54547, 15980, 77212, 3027, 83112, 17125, 76921, 4837, 26444, 13210, 89259, 46651, 77381, 66788, 11296, 33774, 81105, 70945, 61130, 72200, 65714, 63243, 61476, 76626, 59438, 32822, 8711, 94850, 65916, 7693, 21486, 24715, 26506, 21007, 33133, 38566, 99647, 25770, 19442, 13318, 78963, 57647, 12222, 92372, 45896, 92440, 69281, 19151, 44863, 76918, 22077, 63058, 94435, 38449, 64109, 20310, 83672, 22901, 14278, 33390, 13900, 63275, 55898, 16247, 33785, 54297, 8437, 54820, 83410, 95313, 67626, 61778, 10727, 89377, 37482, 45594, 34932, 17260, 28241, 94797, 26052, 23531, 90086, 15960, 81528, 32321, 35167, 20274, 11327, 18349, 24819, 16188, 45023, 56618, 85558, 52445, 76045, 7010, 39667, 97499, 27217, 6922, 66669, 41143, 82468, 17121, 9153, 82171, 29623, 91642, 3023, 69588, 47419, 86211, 71966, 80845, 68320, 13455, 37727, 52220, 74702, 43968, 32800, 43782, 66266, 15493, 61506, 51999, 45231, 78441, 55374, 45332, 33666, 99772, 17526, 93054, 75932, 18681, 44005, 52642, 79466, 41665, 71733, 67212, 52963, 45410, 97177, 3676, 65899, 60266, 6015, 31478, 67272, 29789, 47236, 62659, 19112, 76732, 55297, 44711, 19662, 33344, 75613, 43681, 51180, 63551, 81969, 93251, 48767, 14416]})"
141.0,3,12,30,9.12570333480835,418,"Genotype(dna={""<class 'abc.NT_0012'>"": [0, 89047], ""<class 'abc.NT_0012_P_00000'>"": [], ""<class 'abc.NT_0007'>"": [55058, 96429, 2662], ""<class 'abc.NT_0007_P_00000'>"": [], ""<class 'abc.NT_0002'>"": [0, 48333, 27356], ""<class 'abc.NT_0002_P_00000'>"": [], ""<class 'abc.NT_0000'>"": [42184, 70052, 0, 91804, 0, 0, 36773, 0, 64804], ""<class 'abc.NT_0000_P_00000'>"": [], ""<class 'abc.NT_0001'>"": [0, 49937, 0, 86169, 43681], ""<class 'abc.NT_0001_P_00000'>"": [], ""<class 'bool'>"": [70796, 41936, 41546, 8512, 21121, 28869], ""<class 'int'>"": [25155, 52427, 13216, 14861, 37066, 43227, 14416], ""<class 'abc.NT_0005'>"": [0, 37639], ""<class 'abc.NT_0005_P_00000'>"": [], ""<class 'abc.NT_0003'>"": [33650, 52703], ""<class 'abc.NT_0003_P_00000'>"": [], ""<class 'abc.NT_0004'>"": [0, 59983], ""<class 'abc.NT_0004_P_00000'>"": [], '$leftovers': [81600, 92981, 24586, 80507, 48909, 56302, 48279, 39596, 8177, 41048, 54709, 2141, 36382, 30231, 79303, 45906, 3600, 72448, 85756, 62232, 76728, 12314, 10402, 99348, 82540, 3143, 2927, 63383, 24684, 56849, 91234, 96607, 11663, 55655, 70782, 65921, 46458, 89721, 42004, 84925, 23942, 57205, 447, 66040, 89769, 37633, 53881, 33471, 84899, 77962, 79382, 63421, 42354, 22565, 54622, 78399, 707, 24478, 73210, 60708, 91176, 39440, 68267, 67164, 86078, 78891, 1648, 1984, 34860, 67089, 14873, 85945, 27946, 91486, 43571, 81436, 24346, 46853, 90833, 93204, 67569, 28562, 65707, 64260, 79507, 5703, 7091, 64658, 51775, 12742, 9851, 57202, 62567, 20339, 98771, 84993, 42327, 6461, 36932, 81439, 47467, 62039, 83881, 12894, 32233, 8056, 28809, 72665, 37010, 26904, 8831, 28758, 41940, 50619, 13705, 77050, 31928, 98645, 56591, 24230, 79582, 27434, 95976, 64454, 7019, 17483, 21240, 67326, 59414, 72680, 9039, 51925, 93310, 67483, 64406, 48515, 88431, 2658, 13619, 9790, 17053, 28910, 57659, 77924, 99848, 89052, 47667, 8134, 19606, 85887, 52665, 28157, 42807, 17016, 89094, 61528, 2617, 28737, 93170, 38813, 99354, 15028, 23722, 65353, 29533, 99753, 41981, 50418, 14162, 78477, 44874, 48013, 99700, 22092, 35260, 90200, 89643, 20702, 91024, 9577, 56981, 30550, 61179, 18259, 57231, 87191, 55757, 3244, 78476, 74777, 24995, 31614, 77943, 7036, 49566, 58360, 3004, 53252, 66953, 74656, 74210, 27963, 52379, 63796, 99017, 55895, 25648, 47745, 62726, 60872, 9501, 49057, 94539, 87198, 63764, 99938, 10128, 80210, 46135, 51655, 83482, 38148, 24164, 27359, 56722, 28341, 25100, 45456, 58831, 30641, 35297, 10655, 57535, 34439, 9062, 29603, 80404, 81266, 30591, 52083, 4329, 59237, 41782, 63886, 44622, 7276, 5883, 7811, 9363, 36177, 85829, 72401, 69637, 5311, 68134, 6919, 88426, 70653, 4616, 46013, 92629, 59024, 92702, 43046, 89779, 385, 55229, 28239, 12254, 26194, 26075, 97973, 61281, 36055, 35286, 66986, 28883, 19934, 88098, 4790, 83498, 37148, 15666, 87010, 55539, 7569, 68859, 64018, 42555, 25550, 49766, 42788, 84258, 51569, 68268, 3156, 96561, 85693, 51070, 36377, 65819, 96179, 39579, 24584, 28035, 59376, 1204, 11150, 48792, 45926, 85267, 91074, 94546, 96796, 37903, 59781, 4539, 61677, 99460, 13625, 61547, 50670, 13613, 59753, 22915, 2621, 41331, 81995, 39637, 22957, 79002, 77248, 80855, 23226, 52229, 79789, 70273, 33650, 98693, 42923, 5145, 90463, 16373, 37110, 73707, 81260, 22037, 73958, 71109, 87766, 33357, 36160, 30428, 68575, 62987, 54541, 93429, 10734, 56468, 10160, 92379, 48026, 42646, 26036, 13198, 24697, 89401, 2013, 24257, 16393, 7549, 56761, 59383, 92698, 47833, 9115, 80083, 27886, 98520, 84184, 46396, 32324, 55136, 33043, 94733, 39299, 68268, 17957, 41681, 95283, 74312, 19569, 5501, 96364, 37614, 98620, 35413, 23136, 13438, 71840, 85129, 48571, 41673, 12536, 28619, 39045, 31089, 96567, 57611, 19490, 3253, 59735, 37115, 23031, 12955, 69562, 87443, 43955, 64586, 64395, 83855, 28306, 89637, 82455, 41564, 62224, 83458, 72706, 39687, 18580, 37123, 88608, 78134, 31325, 99919, 83099, 93340, 64560, 40152, 49911, 90599, 5214, 94580, 49233, 60885, 57752, 18427, 57803, 29767, 82380, 44062, 42873, 35236, 96454, 6296, 761, 18195, 33989, 94984, 70688, 90636, 6806, 73662, 94256, 41102, 28770, 46150, 73640, 11449, 24920, 21310, 85454, 94863, 91863, 23315, 17597, 20217, 91794, 34166, 77109, 46637, 32144, 83158, 26247, 76783, 57366, 76170, 90953, 82914, 78347, 9798, 36943, 73386, 68382, 52072, 12414, 41189, 86486, 60473, 16665, 45781, 59592, 86919, 63519, 25794, 53453, 64363, 96508, 16128, 92416, 22277, 24310, 86063, 67165, 46227, 54481, 89870, 69212, 62340, 60412, 71112, 23023, 34509, 92116, 7217, 63002, 41259, 50000, 8793, 4594, 30483, 62653, 83938, 83503, 31483, 10365, 49442, 30804, 45981, 6968, 91617, 92210, 54325, 96831, 5008, 28389, 68581, 10722, 76148, 95354, 73970, 68860, 62036, 98213, 81300, 79566, 11781, 37080, 43953, 62574, 60034, 62154, 78716, 7847, 44434, 11159, 20786, 57220, 86148, 89532, 79123, 19828, 71554, 38321, 92355, 28120, 6885, 40594, 84932, 47779, 99847, 92498, 86367, 71489, 51939, 10303, 75651, 2814, 54873, 58078, 82260, 4131, 16111, 36323, 80831, 56586, 23086, 62810, 48333, 30508, 86384, 27684, 56737, 96345, 97308, 91048, 25778, 26424, 16979, 77059, 87484, 650, 10501, 7664, 42399, 66368, 72428, 90313, 68581, 95408, 58719, 7010, 71100, 38694, 62269, 88515, 87114, 60082, 74975, 47648, 95486, 87637, 66308, 20895, 66554, 33908, 42049, 56894, 28029, 53349, 69094, 28178, 10701, 80203, 12390, 30718, 61309, 79054, 80067, 87669, 18429, 56382, 67438, 53640, 19668, 83077, 8515, 32853, 16711, 65061, 42899, 66125, 28921, 47414, 77777, 7836, 59293, 12583, 45182, 70935, 11108, 65079, 57419, 58720, 99394, 41111, 59469, 41454, 95010, 96686, 20780, 37583, 91647, 99794, 21826, 42117, 12468, 34122, 46653, 81774, 80852, 20118, 37608, 92311, 79336, 51578, 35457, 31958, 86730, 96687, 11146, 78075, 16211, 44286, 64844, 65338, 10895, 10275, 77020, 73939, 97538, 77164, 89934, 19330, 65432, 21836, 62675, 2218, 30434, 72578, 3673, 40750, 56210, 87412, 64425, 15775, 78636, 80433, 91705, 39505, 7027, 29105, 87238, 78396, 99457, 72495, 465, 26796, 81547, 80667, 30823, 69059, 7899, 78032, 78440, 81817, 20294, 87763, 12034, 87734, 24471, 82031, 64016, 50288, 34228, 63282, 50920, 30581, 84203, 633, 87248, 12770, 97953, 13053, 95572, 37949, 74063, 36227, 29715, 49813, 21145, 87009, 80874, 37059, 87639, 40612, 24590, 86721, 77317, 98113, 76274, 67052, 89971, 13754, 59718, 87879, 93901, 12293, 67642, 78449, 64313, 44591, 70027, 35247, 66295, 59710, 40038, 34813, 87962, 6454, 75437, 34184, 50284, 17941, 64231, 49977, 2028, 59502, 60727, 26582, 79999, 6279, 85230, 43569, 67203, 58331, 72913, 30171, 1727, 41946, 90745, 71914, 86277, 5832, 11177, 57599, 86212, 61606, 28255, 80106, 54547, 15980, 77212, 3027, 83112, 17125, 76921, 4837, 26444, 13210, 89259, 46651, 77381, 66788, 11296, 33774, 81105, 70945, 61130, 72200, 65714, 63243, 61476, 76626, 59438, 32822, 8711, 94850, 65916, 7693, 21486, 24715, 26506, 21007, 33133, 38566, 99647, 25770, 19442, 13318, 78963, 57647, 12222, 92372, 45896, 92440, 69281, 19151, 44863, 76918, 22077, 63058, 94435, 38449, 64109, 20310, 83672, 22901, 14278, 33390, 13900, 63275, 55898, 16247, 33785, 54297, 8437, 54820, 83410, 95313, 67626, 61778, 10727, 89377, 37482, 45594, 34932, 17260, 28241, 94797, 26052, 23531, 90086, 15960, 81528, 32321, 35167, 20274, 11327, 18349, 24819, 16188, 45023, 56618, 85558, 52445, 76045, 7010, 39667, 97499, 27217, 6922, 66669, 41143, 82468, 17121, 9153, 82171, 29623, 91642, 3023, 69588, 47419, 86211, 71966, 80845, 68320, 13455, 37727, 52220, 74702, 43968, 32800, 43782, 66266, 15493, 61506, 51999, 45231, 78441, 55374, 45332, 33666, 99772, 17526, 93054, 75932, 18681, 44005, 52642, 79466, 41665, 71733, 67212, 52963, 45410, 97177, 3676, 65899, 60266, 6015, 31478, 67272, 29789, 47236, 62659, 19112, 76732, 55297, 44711, 19662, 33344, 75613, 43681, 51180, 63551, 81969, 93251, 48767, 14416]})"
141.0,3,12,31,9.268858909606934,418,"Genotype(dna={""<class 'abc.NT_0012'>"": [0, 89047], ""<class 'abc.NT_0012_P_00000'>"": [], ""<class 'abc.NT_0007'>"": [55058, 96429, 2662], ""<class 'abc.NT_0007_P_00000'>"": [], ""<class 'abc.NT_0002'>"": [0, 48333, 27356], ""<class 'abc.NT_0002_P_00000'>"": [], ""<class 'abc.NT_0000'>"": [42184, 70052, 0, 91804, 0, 0, 36773, 0, 64804], ""<class 'abc.NT_0000_P_00000'>"": [], ""<class 'abc.NT_0001'>"": [0, 49937, 0, 86169, 43681], ""<class 'abc.NT_0001_P_00000'>"": [], ""<class 'bool'>"": [70796, 41936, 41546, 8512, 21121, 28869], ""<class 'int'>"": [25155, 52427, 13216, 14861, 37066, 43227, 14416], ""<class 'abc.NT_0005'>"": [0, 37639], ""<class 'abc.NT_0005_P_00000'>"": [], ""<class 'abc.NT_0003'>"": [33650, 52703], ""<class 'abc.NT_0003_P_00000'>"": [], ""<class 'abc.NT_0004'>"": [0, 59983], ""<class 'abc.NT_0004_P_00000'>"": [], '$leftovers': [81600, 92981, 24586, 80507, 48909, 56302, 48279, 39596, 8177, 41048, 54709, 2141, 36382, 30231, 79303, 45906, 3600, 72448, 85756, 62232, 76728, 12314, 10402, 99348, 82540, 3143, 2927, 63383, 24684, 56849, 91234, 96607, 11663, 55655, 70782, 65921, 46458, 89721, 42004, 84925, 23942, 57205, 447, 66040, 89769, 37633, 53881, 33471, 84899, 77962, 79382, 63421, 42354, 22565, 54622, 78399, 707, 24478, 73210, 60708, 91176, 39440, 68267, 67164, 86078, 78891, 1648, 1984, 34860, 67089, 14873, 85945, 27946, 91486, 43571, 81436, 24346, 46853, 90833, 93204, 67569, 28562, 65707, 64260, 79507, 5703, 7091, 64658, 51775, 12742, 9851, 57202, 62567, 20339, 98771, 84993, 42327, 6461, 36932, 81439, 47467, 62039, 83881, 12894, 32233, 8056, 28809, 72665, 37010, 26904, 8831, 28758, 41940, 50619, 13705, 77050, 31928, 98645, 56591, 24230, 79582, 27434, 95976, 64454, 7019, 17483, 21240, 67326, 59414, 72680, 9039, 51925, 93310, 67483, 64406, 48515, 88431, 2658, 13619, 9790, 17053, 28910, 57659, 77924, 99848, 89052, 47667, 8134, 19606, 85887, 52665, 28157, 42807, 17016, 89094, 61528, 2617, 28737, 93170, 38813, 99354, 15028, 23722, 65353, 29533, 99753, 41981, 50418, 14162, 78477, 44874, 48013, 99700, 22092, 35260, 90200, 89643, 20702, 91024, 9577, 56981, 30550, 61179, 18259, 57231, 87191, 55757, 3244, 78476, 74777, 24995, 31614, 77943, 7036, 49566, 58360, 3004, 53252, 66953, 74656, 74210, 27963, 52379, 63796, 99017, 55895, 25648, 47745, 62726, 60872, 9501, 49057, 94539, 87198, 63764, 99938, 10128, 80210, 46135, 51655, 83482, 38148, 24164, 27359, 56722, 28341, 25100, 45456, 58831, 30641, 35297, 10655, 57535, 34439, 9062, 29603, 80404, 81266, 30591, 52083, 4329, 59237, 41782, 63886, 44622, 7276, 5883, 7811, 9363, 36177, 85829, 72401, 69637, 5311, 68134, 6919, 88426, 70653, 4616, 46013, 92629, 59024, 92702, 43046, 89779, 385, 55229, 28239, 12254, 26194, 26075, 97973, 61281, 36055, 35286, 66986, 28883, 19934, 88098, 4790, 83498, 37148, 15666, 87010, 55539, 7569, 68859, 64018, 42555, 25550, 49766, 42788, 84258, 51569, 68268, 3156, 96561, 85693, 51070, 36377, 65819, 96179, 39579, 24584, 28035, 59376, 1204, 11150, 48792, 45926, 85267, 91074, 94546, 96796, 37903, 59781, 4539, 61677, 99460, 13625, 61547, 50670, 13613, 59753, 22915, 2621, 41331, 81995, 39637, 22957, 79002, 77248, 80855, 23226, 52229, 79789, 70273, 33650, 98693, 42923, 5145, 90463, 16373, 37110, 73707, 81260, 22037, 73958, 71109, 87766, 33357, 36160, 30428, 68575, 62987, 54541, 93429, 10734, 56468, 10160, 92379, 48026, 42646, 26036, 13198, 24697, 89401, 2013, 24257, 16393, 7549, 56761, 59383, 92698, 47833, 9115, 80083, 27886, 98520, 84184, 46396, 32324, 55136, 33043, 94733, 39299, 68268, 17957, 41681, 95283, 74312, 19569, 5501, 96364, 37614, 98620, 35413, 23136, 13438, 71840, 85129, 48571, 41673, 12536, 28619, 39045, 31089, 96567, 57611, 19490, 3253, 59735, 37115, 23031, 12955, 69562, 87443, 43955, 64586, 64395, 83855, 28306, 89637, 82455, 41564, 62224, 83458, 72706, 39687, 18580, 37123, 88608, 78134, 31325, 99919, 83099, 93340, 64560, 40152, 49911, 90599, 5214, 94580, 49233, 60885, 57752, 18427, 57803, 29767, 82380, 44062, 42873, 35236, 96454, 6296, 761, 18195, 33989, 94984, 70688, 90636, 6806, 73662, 94256, 41102, 28770, 46150, 73640, 11449, 24920, 21310, 85454, 94863, 91863, 23315, 17597, 20217, 91794, 34166, 77109, 46637, 32144, 83158, 26247, 76783, 57366, 76170, 90953, 82914, 78347, 9798, 36943, 73386, 68382, 52072, 12414, 41189, 86486, 60473, 16665, 45781, 59592, 86919, 63519, 25794, 53453, 64363, 96508, 16128, 92416, 22277, 24310, 86063, 67165, 46227, 54481, 89870, 69212, 62340, 60412, 71112, 23023, 34509, 92116, 7217, 63002, 41259, 50000, 8793, 4594, 30483, 62653, 83938, 83503, 31483, 10365, 49442, 30804, 45981, 6968, 91617, 92210, 54325, 96831, 5008, 28389, 68581, 10722, 76148, 95354, 73970, 68860, 62036, 98213, 81300, 79566, 11781, 37080, 43953, 62574, 60034, 62154, 78716, 7847, 44434, 11159, 20786, 57220, 86148, 89532, 79123, 19828, 71554, 38321, 92355, 28120, 6885, 40594, 84932, 47779, 99847, 92498, 86367, 71489, 51939, 10303, 75651, 2814, 54873, 58078, 82260, 4131, 16111, 36323, 80831, 56586, 23086, 62810, 48333, 30508, 86384, 27684, 56737, 96345, 97308, 91048, 25778, 26424, 16979, 77059, 87484, 650, 10501, 7664, 42399, 66368, 72428, 90313, 68581, 95408, 58719, 7010, 71100, 38694, 62269, 88515, 87114, 60082, 74975, 47648, 95486, 87637, 66308, 20895, 66554, 33908, 42049, 56894, 28029, 53349, 69094, 28178, 10701, 80203, 12390, 30718, 61309, 79054, 80067, 87669, 18429, 56382, 67438, 53640, 19668, 83077, 8515, 32853, 16711, 65061, 42899, 66125, 28921, 47414, 77777, 7836, 59293, 12583, 45182, 70935, 11108, 65079, 57419, 58720, 99394, 41111, 59469, 41454, 95010, 96686, 20780, 37583, 91647, 99794, 21826, 42117, 12468, 34122, 46653, 81774, 80852, 20118, 37608, 92311, 79336, 51578, 35457, 31958, 86730, 96687, 11146, 78075, 16211, 44286, 64844, 65338, 10895, 10275, 77020, 73939, 97538, 77164, 89934, 19330, 65432, 21836, 62675, 2218, 30434, 72578, 3673, 40750, 56210, 87412, 64425, 15775, 78636, 80433, 91705, 39505, 7027, 29105, 87238, 78396, 99457, 72495, 465, 26796, 81547, 80667, 30823, 69059, 7899, 78032, 78440, 81817, 20294, 87763, 12034, 87734, 24471, 82031, 64016, 50288, 34228, 63282, 50920, 30581, 84203, 633, 87248, 12770, 97953, 13053, 95572, 37949, 74063, 36227, 29715, 49813, 21145, 87009, 80874, 37059, 87639, 40612, 24590, 86721, 77317, 98113, 76274, 67052, 89971, 13754, 59718, 87879, 93901, 12293, 67642, 78449, 64313, 44591, 70027, 35247, 66295, 59710, 40038, 34813, 87962, 6454, 75437, 34184, 50284, 17941, 64231, 49977, 2028, 59502, 60727, 26582, 79999, 6279, 85230, 43569, 67203, 58331, 72913, 30171, 1727, 41946, 90745, 71914, 86277, 5832, 11177, 57599, 86212, 61606, 28255, 80106, 54547, 15980, 77212, 3027, 83112, 17125, 76921, 4837, 26444, 13210, 89259, 46651, 77381, 66788, 11296, 33774, 81105, 70945, 61130, 72200, 65714, 63243, 61476, 76626, 59438, 32822, 8711, 94850, 65916, 7693, 21486, 24715, 26506, 21007, 33133, 38566, 99647, 25770, 19442, 13318, 78963, 57647, 12222, 92372, 45896, 92440, 69281, 19151, 44863, 76918, 22077, 63058, 94435, 38449, 64109, 20310, 83672, 22901, 14278, 33390, 13900, 63275, 55898, 16247, 33785, 54297, 8437, 54820, 83410, 95313, 67626, 61778, 10727, 89377, 37482, 45594, 34932, 17260, 28241, 94797, 26052, 23531, 90086, 15960, 81528, 32321, 35167, 20274, 11327, 18349, 24819, 16188, 45023, 56618, 85558, 52445, 76045, 7010, 39667, 97499, 27217, 6922, 66669, 41143, 82468, 17121, 9153, 82171, 29623, 91642, 3023, 69588, 47419, 86211, 71966, 80845, 68320, 13455, 37727, 52220, 74702, 43968, 32800, 43782, 66266, 15493, 61506, 51999, 45231, 78441, 55374, 45332, 33666, 99772, 17526, 93054, 75932, 18681, 44005, 52642, 79466, 41665, 71733, 67212, 52963, 45410, 97177, 3676, 65899, 60266, 6015, 31478, 67272, 29789, 47236, 62659, 19112, 76732, 55297, 44711, 19662, 33344, 75613, 43681, 51180, 63551, 81969, 93251, 48767, 14416]})"
141.0,3,12,32,9.366153717041016,418,"Genotype(dna={""<class 'abc.NT_0012'>"": [0, 89047], ""<class 'abc.NT_0012_P_00000'>"": [], ""<class 'abc.NT_0007'>"": [55058, 96429, 2662], ""<class 'abc.NT_0007_P_00000'>"": [], ""<class 'abc.NT_0002'>"": [0, 48333, 27356], ""<class 'abc.NT_0002_P_00000'>"": [], ""<class 'abc.NT_0000'>"": [42184, 70052, 0, 91804, 0, 0, 36773, 0, 64804], ""<class 'abc.NT_0000_P_00000'>"": [], ""<class 'abc.NT_0001'>"": [0, 49937, 0, 86169, 43681], ""<class 'abc.NT_0001_P_00000'>"": [], ""<class 'bool'>"": [70796, 41936, 41546, 8512, 21121, 28869], ""<class 'int'>"": [25155, 52427, 13216, 14861, 37066, 43227, 14416], ""<class 'abc.NT_0005'>"": [0, 37639], ""<class 'abc.NT_0005_P_00000'>"": [], ""<class 'abc.NT_0003'>"": [33650, 52703], ""<class 'abc.NT_0003_P_00000'>"": [], ""<class 'abc.NT_0004'>"": [0, 59983], ""<class 'abc.NT_0004_P_00000'>"": [], '$leftovers': [81600, 92981, 24586, 80507, 48909, 56302, 48279, 39596, 8177, 41048, 54709, 2141, 36382, 30231, 79303, 45906, 3600, 72448, 85756, 62232, 76728, 12314, 10402, 99348, 82540, 3143, 2927, 63383, 24684, 56849, 91234, 96607, 11663, 55655, 70782, 65921, 46458, 89721, 42004, 84925, 23942, 57205, 447, 66040, 89769, 37633, 53881, 33471, 84899, 77962, 79382, 63421, 42354, 22565, 54622, 78399, 707, 24478, 73210, 60708, 91176, 39440, 68267, 67164, 86078, 78891, 1648, 1984, 34860, 67089, 14873, 85945, 27946, 91486, 43571, 81436, 24346, 46853, 90833, 93204, 67569, 28562, 65707, 64260, 79507, 5703, 7091, 64658, 51775, 12742, 9851, 57202, 62567, 20339, 98771, 84993, 42327, 6461, 36932, 81439, 47467, 62039, 83881, 12894, 32233, 8056, 28809, 72665, 37010, 26904, 8831, 28758, 41940, 50619, 13705, 77050, 31928, 98645, 56591, 24230, 79582, 27434, 95976, 64454, 7019, 17483, 21240, 67326, 59414, 72680, 9039, 51925, 93310, 67483, 64406, 48515, 88431, 2658, 13619, 9790, 17053, 28910, 57659, 77924, 99848, 89052, 47667, 8134, 19606, 85887, 52665, 28157, 42807, 17016, 89094, 61528, 2617, 28737, 93170, 38813, 99354, 15028, 23722, 65353, 29533, 99753, 41981, 50418, 14162, 78477, 44874, 48013, 99700, 22092, 35260, 90200, 89643, 20702, 91024, 9577, 56981, 30550, 61179, 18259, 57231, 87191, 55757, 3244, 78476, 74777, 24995, 31614, 77943, 7036, 49566, 58360, 3004, 53252, 66953, 74656, 74210, 27963, 52379, 63796, 99017, 55895, 25648, 47745, 62726, 60872, 9501, 49057, 94539, 87198, 63764, 99938, 10128, 80210, 46135, 51655, 83482, 38148, 24164, 27359, 56722, 28341, 25100, 45456, 58831, 30641, 35297, 10655, 57535, 34439, 9062, 29603, 80404, 81266, 30591, 52083, 4329, 59237, 41782, 63886, 44622, 7276, 5883, 7811, 9363, 36177, 85829, 72401, 69637, 5311, 68134, 6919, 88426, 70653, 4616, 46013, 92629, 59024, 92702, 43046, 89779, 385, 55229, 28239, 12254, 26194, 26075, 97973, 61281, 36055, 35286, 66986, 28883, 19934, 88098, 4790, 83498, 37148, 15666, 87010, 55539, 7569, 68859, 64018, 42555, 25550, 49766, 42788, 84258, 51569, 68268, 3156, 96561, 85693, 51070, 36377, 65819, 96179, 39579, 24584, 28035, 59376, 1204, 11150, 48792, 45926, 85267, 91074, 94546, 96796, 37903, 59781, 4539, 61677, 99460, 13625, 61547, 50670, 13613, 59753, 22915, 2621, 41331, 81995, 39637, 22957, 79002, 77248, 80855, 23226, 52229, 79789, 70273, 33650, 98693, 42923, 5145, 90463, 16373, 37110, 73707, 81260, 22037, 73958, 71109, 87766, 33357, 36160, 30428, 68575, 62987, 54541, 93429, 10734, 56468, 10160, 92379, 48026, 42646, 26036, 13198, 24697, 89401, 2013, 24257, 16393, 7549, 56761, 59383, 92698, 47833, 9115, 80083, 27886, 98520, 84184, 46396, 32324, 55136, 33043, 94733, 39299, 68268, 17957, 41681, 95283, 74312, 19569, 5501, 96364, 37614, 98620, 35413, 23136, 13438, 71840, 85129, 48571, 41673, 12536, 28619, 39045, 31089, 96567, 57611, 19490, 3253, 59735, 37115, 23031, 12955, 69562, 87443, 43955, 64586, 64395, 83855, 28306, 89637, 82455, 41564, 62224, 83458, 72706, 39687, 18580, 37123, 88608, 78134, 31325, 99919, 83099, 93340, 64560, 40152, 49911, 90599, 5214, 94580, 49233, 60885, 57752, 18427, 57803, 29767, 82380, 44062, 42873, 35236, 96454, 6296, 761, 18195, 33989, 94984, 70688, 90636, 6806, 73662, 94256, 41102, 28770, 46150, 73640, 11449, 24920, 21310, 85454, 94863, 91863, 23315, 17597, 20217, 91794, 34166, 77109, 46637, 32144, 83158, 26247, 76783, 57366, 76170, 90953, 82914, 78347, 9798, 36943, 73386, 68382, 52072, 12414, 41189, 86486, 60473, 16665, 45781, 59592, 86919, 63519, 25794, 53453, 64363, 96508, 16128, 92416, 22277, 24310, 86063, 67165, 46227, 54481, 89870, 69212, 62340, 60412, 71112, 23023, 34509, 92116, 7217, 63002, 41259, 50000, 8793, 4594, 30483, 62653, 83938, 83503, 31483, 10365, 49442, 30804, 45981, 6968, 91617, 92210, 54325, 96831, 5008, 28389, 68581, 10722, 76148, 95354, 73970, 68860, 62036, 98213, 81300, 79566, 11781, 37080, 43953, 62574, 60034, 62154, 78716, 7847, 44434, 11159, 20786, 57220, 86148, 89532, 79123, 19828, 71554, 38321, 92355, 28120, 6885, 40594, 84932, 47779, 99847, 92498, 86367, 71489, 51939, 10303, 75651, 2814, 54873, 58078, 82260, 4131, 16111, 36323, 80831, 56586, 23086, 62810, 48333, 30508, 86384, 27684, 56737, 96345, 97308, 91048, 25778, 26424, 16979, 77059, 87484, 650, 10501, 7664, 42399, 66368, 72428, 90313, 68581, 95408, 58719, 7010, 71100, 38694, 62269, 88515, 87114, 60082, 74975, 47648, 95486, 87637, 66308, 20895, 66554, 33908, 42049, 56894, 28029, 53349, 69094, 28178, 10701, 80203, 12390, 30718, 61309, 79054, 80067, 87669, 18429, 56382, 67438, 53640, 19668, 83077, 8515, 32853, 16711, 65061, 42899, 66125, 28921, 47414, 77777, 7836, 59293, 12583, 45182, 70935, 11108, 65079, 57419, 58720, 99394, 41111, 59469, 41454, 95010, 96686, 20780, 37583, 91647, 99794, 21826, 42117, 12468, 34122, 46653, 81774, 80852, 20118, 37608, 92311, 79336, 51578, 35457, 31958, 86730, 96687, 11146, 78075, 16211, 44286, 64844, 65338, 10895, 10275, 77020, 73939, 97538, 77164, 89934, 19330, 65432, 21836, 62675, 2218, 30434, 72578, 3673, 40750, 56210, 87412, 64425, 15775, 78636, 80433, 91705, 39505, 7027, 29105, 87238, 78396, 99457, 72495, 465, 26796, 81547, 80667, 30823, 69059, 7899, 78032, 78440, 81817, 20294, 87763, 12034, 87734, 24471, 82031, 64016, 50288, 34228, 63282, 50920, 30581, 84203, 633, 87248, 12770, 97953, 13053, 95572, 37949, 74063, 36227, 29715, 49813, 21145, 87009, 80874, 37059, 87639, 40612, 24590, 86721, 77317, 98113, 76274, 67052, 89971, 13754, 59718, 87879, 93901, 12293, 67642, 78449, 64313, 44591, 70027, 35247, 66295, 59710, 40038, 34813, 87962, 6454, 75437, 34184, 50284, 17941, 64231, 49977, 2028, 59502, 60727, 26582, 79999, 6279, 85230, 43569, 67203, 58331, 72913, 30171, 1727, 41946, 90745, 71914, 86277, 5832, 11177, 57599, 86212, 61606, 28255, 80106, 54547, 15980, 77212, 3027, 83112, 17125, 76921, 4837, 26444, 13210, 89259, 46651, 77381, 66788, 11296, 33774, 81105, 70945, 61130, 72200, 65714, 63243, 61476, 76626, 59438, 32822, 8711, 94850, 65916, 7693, 21486, 24715, 26506, 21007, 33133, 38566, 99647, 25770, 19442, 13318, 78963, 57647, 12222, 92372, 45896, 92440, 69281, 19151, 44863, 76918, 22077, 63058, 94435, 38449, 64109, 20310, 83672, 22901, 14278, 33390, 13900, 63275, 55898, 16247, 33785, 54297, 8437, 54820, 83410, 95313, 67626, 61778, 10727, 89377, 37482, 45594, 34932, 17260, 28241, 94797, 26052, 23531, 90086, 15960, 81528, 32321, 35167, 20274, 11327, 18349, 24819, 16188, 45023, 56618, 85558, 52445, 76045, 7010, 39667, 97499, 27217, 6922, 66669, 41143, 82468, 17121, 9153, 82171, 29623, 91642, 3023, 69588, 47419, 86211, 71966, 80845, 68320, 13455, 37727, 52220, 74702, 43968, 32800, 43782, 66266, 15493, 61506, 51999, 45231, 78441, 55374, 45332, 33666, 99772, 17526, 93054, 75932, 18681, 44005, 52642, 79466, 41665, 71733, 67212, 52963, 45410, 97177, 3676, 65899, 60266, 6015, 31478, 67272, 29789, 47236, 62659, 19112, 76732, 55297, 44711, 19662, 33344, 75613, 43681, 51180, 63551, 81969, 93251, 48767, 14416]})"
141.0,3,12,33,9.441575288772583,418,"Genotype(dna={""<class 'abc.NT_0012'>"": [0, 89047], ""<class 'abc.NT_0012_P_00000'>"": [], ""<class 'abc.NT_0007'>"": [55058, 96429, 2662], ""<class 'abc.NT_0007_P_00000'>"": [], ""<class 'abc.NT_0002'>"": [0, 48333, 27356], ""<class 'abc.NT_0002_P_00000'>"": [], ""<class 'abc.NT_0000'>"": [42184, 70052, 0, 91804, 0, 0, 36773, 0, 64804], ""<class 'abc.NT_0000_P_00000'>"": [], ""<class 'abc.NT_0001'>"": [0, 49937, 0, 86169, 43681], ""<class 'abc.NT_0001_P_00000'>"": [], ""<class 'bool'>"": [70796, 41936, 41546, 8512, 21121, 28869], ""<class 'int'>"": [25155, 52427, 13216, 14861, 37066, 43227, 14416], ""<class 'abc.NT_0005'>"": [0, 37639], ""<class 'abc.NT_0005_P_00000'>"": [], ""<class 'abc.NT_0003'>"": [33650, 52703], ""<class 'abc.NT_0003_P_00000'>"": [], ""<class 'abc.NT_0004'>"": [0, 59983], ""<class 'abc.NT_0004_P_00000'>"": [], '$leftovers': [81600, 92981, 24586, 80507, 48909, 56302, 48279, 39596, 8177, 41048, 54709, 2141, 36382, 30231, 79303, 45906, 3600, 72448, 85756, 62232, 76728, 12314, 10402, 99348, 82540, 3143, 2927, 63383, 24684, 56849, 91234, 96607, 11663, 55655, 70782, 65921, 46458, 89721, 42004, 84925, 23942, 57205, 447, 66040, 89769, 37633, 53881, 33471, 84899, 77962, 79382, 63421, 42354, 22565, 54622, 78399, 707, 24478, 73210, 60708, 91176, 39440, 68267, 67164, 86078, 78891, 1648, 1984, 34860, 67089, 14873, 85945, 27946, 91486, 43571, 81436, 24346, 46853, 90833, 93204, 67569, 28562, 65707, 64260, 79507, 5703, 7091, 64658, 51775, 12742, 9851, 57202, 62567, 20339, 98771, 84993, 42327, 6461, 36932, 81439, 47467, 62039, 83881, 12894, 32233, 8056, 28809, 72665, 37010, 26904, 8831, 28758, 41940, 50619, 13705, 77050, 31928, 98645, 56591, 24230, 79582, 27434, 95976, 64454, 7019, 17483, 21240, 67326, 59414, 72680, 9039, 51925, 93310, 67483, 64406, 48515, 88431, 2658, 13619, 9790, 17053, 28910, 57659, 77924, 99848, 89052, 47667, 8134, 19606, 85887, 52665, 28157, 42807, 17016, 89094, 61528, 2617, 28737, 93170, 38813, 99354, 15028, 23722, 65353, 29533, 99753, 41981, 50418, 14162, 78477, 44874, 48013, 99700, 22092, 35260, 90200, 89643, 20702, 91024, 9577, 56981, 30550, 61179, 18259, 57231, 87191, 55757, 3244, 78476, 74777, 24995, 31614, 77943, 7036, 49566, 58360, 3004, 53252, 66953, 74656, 74210, 27963, 52379, 63796, 99017, 55895, 25648, 47745, 62726, 60872, 9501, 49057, 94539, 87198, 63764, 99938, 10128, 80210, 46135, 51655, 83482, 38148, 24164, 27359, 56722, 28341, 25100, 45456, 58831, 30641, 35297, 10655, 57535, 34439, 9062, 29603, 80404, 81266, 30591, 52083, 4329, 59237, 41782, 63886, 44622, 7276, 5883, 7811, 9363, 36177, 85829, 72401, 69637, 5311, 68134, 6919, 88426, 70653, 4616, 46013, 92629, 59024, 92702, 43046, 89779, 385, 55229, 28239, 12254, 26194, 26075, 97973, 61281, 36055, 35286, 66986, 28883, 19934, 88098, 4790, 83498, 37148, 15666, 87010, 55539, 7569, 68859, 64018, 42555, 25550, 49766, 42788, 84258, 51569, 68268, 3156, 96561, 85693, 51070, 36377, 65819, 96179, 39579, 24584, 28035, 59376, 1204, 11150, 48792, 45926, 85267, 91074, 94546, 96796, 37903, 59781, 4539, 61677, 99460, 13625, 61547, 50670, 13613, 59753, 22915, 2621, 41331, 81995, 39637, 22957, 79002, 77248, 80855, 23226, 52229, 79789, 70273, 33650, 98693, 42923, 5145, 90463, 16373, 37110, 73707, 81260, 22037, 73958, 71109, 87766, 33357, 36160, 30428, 68575, 62987, 54541, 93429, 10734, 56468, 10160, 92379, 48026, 42646, 26036, 13198, 24697, 89401, 2013, 24257, 16393, 7549, 56761, 59383, 92698, 47833, 9115, 80083, 27886, 98520, 84184, 46396, 32324, 55136, 33043, 94733, 39299, 68268, 17957, 41681, 95283, 74312, 19569, 5501, 96364, 37614, 98620, 35413, 23136, 13438, 71840, 85129, 48571, 41673, 12536, 28619, 39045, 31089, 96567, 57611, 19490, 3253, 59735, 37115, 23031, 12955, 69562, 87443, 43955, 64586, 64395, 83855, 28306, 89637, 82455, 41564, 62224, 83458, 72706, 39687, 18580, 37123, 88608, 78134, 31325, 99919, 83099, 93340, 64560, 40152, 49911, 90599, 5214, 94580, 49233, 60885, 57752, 18427, 57803, 29767, 82380, 44062, 42873, 35236, 96454, 6296, 761, 18195, 33989, 94984, 70688, 90636, 6806, 73662, 94256, 41102, 28770, 46150, 73640, 11449, 24920, 21310, 85454, 94863, 91863, 23315, 17597, 20217, 91794, 34166, 77109, 46637, 32144, 83158, 26247, 76783, 57366, 76170, 90953, 82914, 78347, 9798, 36943, 73386, 68382, 52072, 12414, 41189, 86486, 60473, 16665, 45781, 59592, 86919, 63519, 25794, 53453, 64363, 96508, 16128, 92416, 22277, 24310, 86063, 67165, 46227, 54481, 89870, 69212, 62340, 60412, 71112, 23023, 34509, 92116, 7217, 63002, 41259, 50000, 8793, 4594, 30483, 62653, 83938, 83503, 31483, 10365, 49442, 30804, 45981, 6968, 91617, 92210, 54325, 96831, 5008, 28389, 68581, 10722, 76148, 95354, 73970, 68860, 62036, 98213, 81300, 79566, 11781, 37080, 43953, 62574, 60034, 62154, 78716, 7847, 44434, 11159, 20786, 57220, 86148, 89532, 79123, 19828, 71554, 38321, 92355, 28120, 6885, 40594, 84932, 47779, 99847, 92498, 86367, 71489, 51939, 10303, 75651, 2814, 54873, 58078, 82260, 4131, 16111, 36323, 80831, 56586, 23086, 62810, 48333, 30508, 86384, 27684, 56737, 96345, 97308, 91048, 25778, 26424, 16979, 77059, 87484, 650, 10501, 7664, 42399, 66368, 72428, 90313, 68581, 95408, 58719, 7010, 71100, 38694, 62269, 88515, 87114, 60082, 74975, 47648, 95486, 87637, 66308, 20895, 66554, 33908, 42049, 56894, 28029, 53349, 69094, 28178, 10701, 80203, 12390, 30718, 61309, 79054, 80067, 87669, 18429, 56382, 67438, 53640, 19668, 83077, 8515, 32853, 16711, 65061, 42899, 66125, 28921, 47414, 77777, 7836, 59293, 12583, 45182, 70935, 11108, 65079, 57419, 58720, 99394, 41111, 59469, 41454, 95010, 96686, 20780, 37583, 91647, 99794, 21826, 42117, 12468, 34122, 46653, 81774, 80852, 20118, 37608, 92311, 79336, 51578, 35457, 31958, 86730, 96687, 11146, 78075, 16211, 44286, 64844, 65338, 10895, 10275, 77020, 73939, 97538, 77164, 89934, 19330, 65432, 21836, 62675, 2218, 30434, 72578, 3673, 40750, 56210, 87412, 64425, 15775, 78636, 80433, 91705, 39505, 7027, 29105, 87238, 78396, 99457, 72495, 465, 26796, 81547, 80667, 30823, 69059, 7899, 78032, 78440, 81817, 20294, 87763, 12034, 87734, 24471, 82031, 64016, 50288, 34228, 63282, 50920, 30581, 84203, 633, 87248, 12770, 97953, 13053, 95572, 37949, 74063, 36227, 29715, 49813, 21145, 87009, 80874, 37059, 87639, 40612, 24590, 86721, 77317, 98113, 76274, 67052, 89971, 13754, 59718, 87879, 93901, 12293, 67642, 78449, 64313, 44591, 70027, 35247, 66295, 59710, 40038, 34813, 87962, 6454, 75437, 34184, 50284, 17941, 64231, 49977, 2028, 59502, 60727, 26582, 79999, 6279, 85230, 43569, 67203, 58331, 72913, 30171, 1727, 41946, 90745, 71914, 86277, 5832, 11177, 57599, 86212, 61606, 28255, 80106, 54547, 15980, 77212, 3027, 83112, 17125, 76921, 4837, 26444, 13210, 89259, 46651, 77381, 66788, 11296, 33774, 81105, 70945, 61130, 72200, 65714, 63243, 61476, 76626, 59438, 32822, 8711, 94850, 65916, 7693, 21486, 24715, 26506, 21007, 33133, 38566, 99647, 25770, 19442, 13318, 78963, 57647, 12222, 92372, 45896, 92440, 69281, 19151, 44863, 76918, 22077, 63058, 94435, 38449, 64109, 20310, 83672, 22901, 14278, 33390, 13900, 63275, 55898, 16247, 33785, 54297, 8437, 54820, 83410, 95313, 67626, 61778, 10727, 89377, 37482, 45594, 34932, 17260, 28241, 94797, 26052, 23531, 90086, 15960, 81528, 32321, 35167, 20274, 11327, 18349, 24819, 16188, 45023, 56618, 85558, 52445, 76045, 7010, 39667, 97499, 27217, 6922, 66669, 41143, 82468, 17121, 9153, 82171, 29623, 91642, 3023, 69588, 47419, 86211, 71966, 80845, 68320, 13455, 37727, 52220, 74702, 43968, 32800, 43782, 66266, 15493, 61506, 51999, 45231, 78441, 55374, 45332, 33666, 99772, 17526, 93054, 75932, 18681, 44005, 52642, 79466, 41665, 71733, 67212, 52963, 45410, 97177, 3676, 65899, 60266, 6015, 31478, 67272, 29789, 47236, 62659, 19112, 76732, 55297, 44711, 19662, 33344, 75613, 43681, 51180, 63551, 81969, 93251, 48767, 14416]})"
141.0,3,12,34,9.520236015319824,418,"Genotype(dna={""<class 'abc.NT_0012'>"": [0, 89047], ""<class 'abc.NT_0012_P_00000'>"": [], ""<class 'abc.NT_0007'>"": [55058, 96429, 2662], ""<class 'abc.NT_0007_P_00000'>"": [], ""<class 'abc.NT_0002'>"": [0, 48333, 27356], ""<class 'abc.NT_0002_P_00000'>"": [], ""<class 'abc.NT_0000'>"": [42184, 70052, 0, 91804, 0, 0, 36773, 0, 64804], ""<class 'abc.NT_0000_P_00000'>"": [], ""<class 'abc.NT_0001'>"": [0, 49937, 0, 86169, 43681], ""<class 'abc.NT_0001_P_00000'>"": [], ""<class 'bool'>"": [70796, 41936, 41546, 8512, 21121, 28869], ""<class 'int'>"": [25155, 52427, 13216, 14861, 37066, 43227, 14416], ""<class 'abc.NT_0005'>"": [0, 37639], ""<class 'abc.NT_0005_P_00000'>"": [], ""<class 'abc.NT_0003'>"": [33650, 52703], ""<class 'abc.NT_0003_P_00000'>"": [], ""<class 'abc.NT_0004'>"": [0, 59983], ""<class 'abc.NT_0004_P_00000'>"": [], '$leftovers': [81600, 92981, 24586, 80507, 48909, 56302, 48279, 39596, 8177, 41048, 54709, 2141, 36382, 30231, 79303, 45906, 3600, 72448, 85756, 62232, 76728, 12314, 10402, 99348, 82540, 3143, 2927, 63383, 24684, 56849, 91234, 96607, 11663, 55655, 70782, 65921, 46458, 89721, 42004, 84925, 23942, 57205, 447, 66040, 89769, 37633, 53881, 33471, 84899, 77962, 79382, 63421, 42354, 22565, 54622, 78399, 707, 24478, 73210, 60708, 91176, 39440, 68267, 67164, 86078, 78891, 1648, 1984, 34860, 67089, 14873, 85945, 27946, 91486, 43571, 81436, 24346, 46853, 90833, 93204, 67569, 28562, 65707, 64260, 79507, 5703, 7091, 64658, 51775, 12742, 9851, 57202, 62567, 20339, 98771, 84993, 42327, 6461, 36932, 81439, 47467, 62039, 83881, 12894, 32233, 8056, 28809, 72665, 37010, 26904, 8831, 28758, 41940, 50619, 13705, 77050, 31928, 98645, 56591, 24230, 79582, 27434, 95976, 64454, 7019, 17483, 21240, 67326, 59414, 72680, 9039, 51925, 93310, 67483, 64406, 48515, 88431, 2658, 13619, 9790, 17053, 28910, 57659, 77924, 99848, 89052, 47667, 8134, 19606, 85887, 52665, 28157, 42807, 17016, 89094, 61528, 2617, 28737, 93170, 38813, 99354, 15028, 23722, 65353, 29533, 99753, 41981, 50418, 14162, 78477, 44874, 48013, 99700, 22092, 35260, 90200, 89643, 20702, 91024, 9577, 56981, 30550, 61179, 18259, 57231, 87191, 55757, 3244, 78476, 74777, 24995, 31614, 77943, 7036, 49566, 58360, 3004, 53252, 66953, 74656, 74210, 27963, 52379, 63796, 99017, 55895, 25648, 47745, 62726, 60872, 9501, 49057, 94539, 87198, 63764, 99938, 10128, 80210, 46135, 51655, 83482, 38148, 24164, 27359, 56722, 28341, 25100, 45456, 58831, 30641, 35297, 10655, 57535, 34439, 9062, 29603, 80404, 81266, 30591, 52083, 4329, 59237, 41782, 63886, 44622, 7276, 5883, 7811, 9363, 36177, 85829, 72401, 69637, 5311, 68134, 6919, 88426, 70653, 4616, 46013, 92629, 59024, 92702, 43046, 89779, 385, 55229, 28239, 12254, 26194, 26075, 97973, 61281, 36055, 35286, 66986, 28883, 19934, 88098, 4790, 83498, 37148, 15666, 87010, 55539, 7569, 68859, 64018, 42555, 25550, 49766, 42788, 84258, 51569, 68268, 3156, 96561, 85693, 51070, 36377, 65819, 96179, 39579, 24584, 28035, 59376, 1204, 11150, 48792, 45926, 85267, 91074, 94546, 96796, 37903, 59781, 4539, 61677, 99460, 13625, 61547, 50670, 13613, 59753, 22915, 2621, 41331, 81995, 39637, 22957, 79002, 77248, 80855, 23226, 52229, 79789, 70273, 33650, 98693, 42923, 5145, 90463, 16373, 37110, 73707, 81260, 22037, 73958, 71109, 87766, 33357, 36160, 30428, 68575, 62987, 54541, 93429, 10734, 56468, 10160, 92379, 48026, 42646, 26036, 13198, 24697, 89401, 2013, 24257, 16393, 7549, 56761, 59383, 92698, 47833, 9115, 80083, 27886, 98520, 84184, 46396, 32324, 55136, 33043, 94733, 39299, 68268, 17957, 41681, 95283, 74312, 19569, 5501, 96364, 37614, 98620, 35413, 23136, 13438, 71840, 85129, 48571, 41673, 12536, 28619, 39045, 31089, 96567, 57611, 19490, 3253, 59735, 37115, 23031, 12955, 69562, 87443, 43955, 64586, 64395, 83855, 28306, 89637, 82455, 41564, 62224, 83458, 72706, 39687, 18580, 37123, 88608, 78134, 31325, 99919, 83099, 93340, 64560, 40152, 49911, 90599, 5214, 94580, 49233, 60885, 57752, 18427, 57803, 29767, 82380, 44062, 42873, 35236, 96454, 6296, 761, 18195, 33989, 94984, 70688, 90636, 6806, 73662, 94256, 41102, 28770, 46150, 73640, 11449, 24920, 21310, 85454, 94863, 91863, 23315, 17597, 20217, 91794, 34166, 77109, 46637, 32144, 83158, 26247, 76783, 57366, 76170, 90953, 82914, 78347, 9798, 36943, 73386, 68382, 52072, 12414, 41189, 86486, 60473, 16665, 45781, 59592, 86919, 63519, 25794, 53453, 64363, 96508, 16128, 92416, 22277, 24310, 86063, 67165, 46227, 54481, 89870, 69212, 62340, 60412, 71112, 23023, 34509, 92116, 7217, 63002, 41259, 50000, 8793, 4594, 30483, 62653, 83938, 83503, 31483, 10365, 49442, 30804, 45981, 6968, 91617, 92210, 54325, 96831, 5008, 28389, 68581, 10722, 76148, 95354, 73970, 68860, 62036, 98213, 81300, 79566, 11781, 37080, 43953, 62574, 60034, 62154, 78716, 7847, 44434, 11159, 20786, 57220, 86148, 89532, 79123, 19828, 71554, 38321, 92355, 28120, 6885, 40594, 84932, 47779, 99847, 92498, 86367, 71489, 51939, 10303, 75651, 2814, 54873, 58078, 82260, 4131, 16111, 36323, 80831, 56586, 23086, 62810, 48333, 30508, 86384, 27684, 56737, 96345, 97308, 91048, 25778, 26424, 16979, 77059, 87484, 650, 10501, 7664, 42399, 66368, 72428, 90313, 68581, 95408, 58719, 7010, 71100, 38694, 62269, 88515, 87114, 60082, 74975, 47648, 95486, 87637, 66308, 20895, 66554, 33908, 42049, 56894, 28029, 53349, 69094, 28178, 10701, 80203, 12390, 30718, 61309, 79054, 80067, 87669, 18429, 56382, 67438, 53640, 19668, 83077, 8515, 32853, 16711, 65061, 42899, 66125, 28921, 47414, 77777, 7836, 59293, 12583, 45182, 70935, 11108, 65079, 57419, 58720, 99394, 41111, 59469, 41454, 95010, 96686, 20780, 37583, 91647, 99794, 21826, 42117, 12468, 34122, 46653, 81774, 80852, 20118, 37608, 92311, 79336, 51578, 35457, 31958, 86730, 96687, 11146, 78075, 16211, 44286, 64844, 65338, 10895, 10275, 77020, 73939, 97538, 77164, 89934, 19330, 65432, 21836, 62675, 2218, 30434, 72578, 3673, 40750, 56210, 87412, 64425, 15775, 78636, 80433, 91705, 39505, 7027, 29105, 87238, 78396, 99457, 72495, 465, 26796, 81547, 80667, 30823, 69059, 7899, 78032, 78440, 81817, 20294, 87763, 12034, 87734, 24471, 82031, 64016, 50288, 34228, 63282, 50920, 30581, 84203, 633, 87248, 12770, 97953, 13053, 95572, 37949, 74063, 36227, 29715, 49813, 21145, 87009, 80874, 37059, 87639, 40612, 24590, 86721, 77317, 98113, 76274, 67052, 89971, 13754, 59718, 87879, 93901, 12293, 67642, 78449, 64313, 44591, 70027, 35247, 66295, 59710, 40038, 34813, 87962, 6454, 75437, 34184, 50284, 17941, 64231, 49977, 2028, 59502, 60727, 26582, 79999, 6279, 85230, 43569, 67203, 58331, 72913, 30171, 1727, 41946, 90745, 71914, 86277, 5832, 11177, 57599, 86212, 61606, 28255, 80106, 54547, 15980, 77212, 3027, 83112, 17125, 76921, 4837, 26444, 13210, 89259, 46651, 77381, 66788, 11296, 33774, 81105, 70945, 61130, 72200, 65714, 63243, 61476, 76626, 59438, 32822, 8711, 94850, 65916, 7693, 21486, 24715, 26506, 21007, 33133, 38566, 99647, 25770, 19442, 13318, 78963, 57647, 12222, 92372, 45896, 92440, 69281, 19151, 44863, 76918, 22077, 63058, 94435, 38449, 64109, 20310, 83672, 22901, 14278, 33390, 13900, 63275, 55898, 16247, 33785, 54297, 8437, 54820, 83410, 95313, 67626, 61778, 10727, 89377, 37482, 45594, 34932, 17260, 28241, 94797, 26052, 23531, 90086, 15960, 81528, 32321, 35167, 20274, 11327, 18349, 24819, 16188, 45023, 56618, 85558, 52445, 76045, 7010, 39667, 97499, 27217, 6922, 66669, 41143, 82468, 17121, 9153, 82171, 29623, 91642, 3023, 69588, 47419, 86211, 71966, 80845, 68320, 13455, 37727, 52220, 74702, 43968, 32800, 43782, 66266, 15493, 61506, 51999, 45231, 78441, 55374, 45332, 33666, 99772, 17526, 93054, 75932, 18681, 44005, 52642, 79466, 41665, 71733, 67212, 52963, 45410, 97177, 3676, 65899, 60266, 6015, 31478, 67272, 29789, 47236, 62659, 19112, 76732, 55297, 44711, 19662, 33344, 75613, 43681, 51180, 63551, 81969, 93251, 48767, 14416]})"
141.0,3,12,35,9.589232444763184,418,"Genotype(dna={""<class 'abc.NT_0012'>"": [0, 89047], ""<class 'abc.NT_0012_P_00000'>"": [], ""<class 'abc.NT_0007'>"": [55058, 96429, 2662], ""<class 'abc.NT_0007_P_00000'>"": [], ""<class 'abc.NT_0002'>"": [0, 48333, 27356], ""<class 'abc.NT_0002_P_00000'>"": [], ""<class 'abc.NT_0000'>"": [42184, 70052, 0, 91804, 0, 0, 36773, 0, 64804], ""<class 'abc.NT_0000_P_00000'>"": [], ""<class 'abc.NT_0001'>"": [0, 49937, 0, 86169, 43681], ""<class 'abc.NT_0001_P_00000'>"": [], ""<class 'bool'>"": [70796, 41936, 41546, 8512, 21121, 28869], ""<class 'int'>"": [25155, 52427, 13216, 14861, 37066, 43227, 14416], ""<class 'abc.NT_0005'>"": [0, 37639], ""<class 'abc.NT_0005_P_00000'>"": [], ""<class 'abc.NT_0003'>"": [33650, 52703], ""<class 'abc.NT_0003_P_00000'>"": [], ""<class 'abc.NT_0004'>"": [0, 59983], ""<class 'abc.NT_0004_P_00000'>"": [], '$leftovers': [81600, 92981, 24586, 80507, 48909, 56302, 48279, 39596, 8177, 41048, 54709, 2141, 36382, 30231, 79303, 45906, 3600, 72448, 85756, 62232, 76728, 12314, 10402, 99348, 82540, 3143, 2927, 63383, 24684, 56849, 91234, 96607, 11663, 55655, 70782, 65921, 46458, 89721, 42004, 84925, 23942, 57205, 447, 66040, 89769, 37633, 53881, 33471, 84899, 77962, 79382, 63421, 42354, 22565, 54622, 78399, 707, 24478, 73210, 60708, 91176, 39440, 68267, 67164, 86078, 78891, 1648, 1984, 34860, 67089, 14873, 85945, 27946, 91486, 43571, 81436, 24346, 46853, 90833, 93204, 67569, 28562, 65707, 64260, 79507, 5703, 7091, 64658, 51775, 12742, 9851, 57202, 62567, 20339, 98771, 84993, 42327, 6461, 36932, 81439, 47467, 62039, 83881, 12894, 32233, 8056, 28809, 72665, 37010, 26904, 8831, 28758, 41940, 50619, 13705, 77050, 31928, 98645, 56591, 24230, 79582, 27434, 95976, 64454, 7019, 17483, 21240, 67326, 59414, 72680, 9039, 51925, 93310, 67483, 64406, 48515, 88431, 2658, 13619, 9790, 17053, 28910, 57659, 77924, 99848, 89052, 47667, 8134, 19606, 85887, 52665, 28157, 42807, 17016, 89094, 61528, 2617, 28737, 93170, 38813, 99354, 15028, 23722, 65353, 29533, 99753, 41981, 50418, 14162, 78477, 44874, 48013, 99700, 22092, 35260, 90200, 89643, 20702, 91024, 9577, 56981, 30550, 61179, 18259, 57231, 87191, 55757, 3244, 78476, 74777, 24995, 31614, 77943, 7036, 49566, 58360, 3004, 53252, 66953, 74656, 74210, 27963, 52379, 63796, 99017, 55895, 25648, 47745, 62726, 60872, 9501, 49057, 94539, 87198, 63764, 99938, 10128, 80210, 46135, 51655, 83482, 38148, 24164, 27359, 56722, 28341, 25100, 45456, 58831, 30641, 35297, 10655, 57535, 34439, 9062, 29603, 80404, 81266, 30591, 52083, 4329, 59237, 41782, 63886, 44622, 7276, 5883, 7811, 9363, 36177, 85829, 72401, 69637, 5311, 68134, 6919, 88426, 70653, 4616, 46013, 92629, 59024, 92702, 43046, 89779, 385, 55229, 28239, 12254, 26194, 26075, 97973, 61281, 36055, 35286, 66986, 28883, 19934, 88098, 4790, 83498, 37148, 15666, 87010, 55539, 7569, 68859, 64018, 42555, 25550, 49766, 42788, 84258, 51569, 68268, 3156, 96561, 85693, 51070, 36377, 65819, 96179, 39579, 24584, 28035, 59376, 1204, 11150, 48792, 45926, 85267, 91074, 94546, 96796, 37903, 59781, 4539, 61677, 99460, 13625, 61547, 50670, 13613, 59753, 22915, 2621, 41331, 81995, 39637, 22957, 79002, 77248, 80855, 23226, 52229, 79789, 70273, 33650, 98693, 42923, 5145, 90463, 16373, 37110, 73707, 81260, 22037, 73958, 71109, 87766, 33357, 36160, 30428, 68575, 62987, 54541, 93429, 10734, 56468, 10160, 92379, 48026, 42646, 26036, 13198, 24697, 89401, 2013, 24257, 16393, 7549, 56761, 59383, 92698, 47833, 9115, 80083, 27886, 98520, 84184, 46396, 32324, 55136, 33043, 94733, 39299, 68268, 17957, 41681, 95283, 74312, 19569, 5501, 96364, 37614, 98620, 35413, 23136, 13438, 71840, 85129, 48571, 41673, 12536, 28619, 39045, 31089, 96567, 57611, 19490, 3253, 59735, 37115, 23031, 12955, 69562, 87443, 43955, 64586, 64395, 83855, 28306, 89637, 82455, 41564, 62224, 83458, 72706, 39687, 18580, 37123, 88608, 78134, 31325, 99919, 83099, 93340, 64560, 40152, 49911, 90599, 5214, 94580, 49233, 60885, 57752, 18427, 57803, 29767, 82380, 44062, 42873, 35236, 96454, 6296, 761, 18195, 33989, 94984, 70688, 90636, 6806, 73662, 94256, 41102, 28770, 46150, 73640, 11449, 24920, 21310, 85454, 94863, 91863, 23315, 17597, 20217, 91794, 34166, 77109, 46637, 32144, 83158, 26247, 76783, 57366, 76170, 90953, 82914, 78347, 9798, 36943, 73386, 68382, 52072, 12414, 41189, 86486, 60473, 16665, 45781, 59592, 86919, 63519, 25794, 53453, 64363, 96508, 16128, 92416, 22277, 24310, 86063, 67165, 46227, 54481, 89870, 69212, 62340, 60412, 71112, 23023, 34509, 92116, 7217, 63002, 41259, 50000, 8793, 4594, 30483, 62653, 83938, 83503, 31483, 10365, 49442, 30804, 45981, 6968, 91617, 92210, 54325, 96831, 5008, 28389, 68581, 10722, 76148, 95354, 73970, 68860, 62036, 98213, 81300, 79566, 11781, 37080, 43953, 62574, 60034, 62154, 78716, 7847, 44434, 11159, 20786, 57220, 86148, 89532, 79123, 19828, 71554, 38321, 92355, 28120, 6885, 40594, 84932, 47779, 99847, 92498, 86367, 71489, 51939, 10303, 75651, 2814, 54873, 58078, 82260, 4131, 16111, 36323, 80831, 56586, 23086, 62810, 48333, 30508, 86384, 27684, 56737, 96345, 97308, 91048, 25778, 26424, 16979, 77059, 87484, 650, 10501, 7664, 42399, 66368, 72428, 90313, 68581, 95408, 58719, 7010, 71100, 38694, 62269, 88515, 87114, 60082, 74975, 47648, 95486, 87637, 66308, 20895, 66554, 33908, 42049, 56894, 28029, 53349, 69094, 28178, 10701, 80203, 12390, 30718, 61309, 79054, 80067, 87669, 18429, 56382, 67438, 53640, 19668, 83077, 8515, 32853, 16711, 65061, 42899, 66125, 28921, 47414, 77777, 7836, 59293, 12583, 45182, 70935, 11108, 65079, 57419, 58720, 99394, 41111, 59469, 41454, 95010, 96686, 20780, 37583, 91647, 99794, 21826, 42117, 12468, 34122, 46653, 81774, 80852, 20118, 37608, 92311, 79336, 51578, 35457, 31958, 86730, 96687, 11146, 78075, 16211, 44286, 64844, 65338, 10895, 10275, 77020, 73939, 97538, 77164, 89934, 19330, 65432, 21836, 62675, 2218, 30434, 72578, 3673, 40750, 56210, 87412, 64425, 15775, 78636, 80433, 91705, 39505, 7027, 29105, 87238, 78396, 99457, 72495, 465, 26796, 81547, 80667, 30823, 69059, 7899, 78032, 78440, 81817, 20294, 87763, 12034, 87734, 24471, 82031, 64016, 50288, 34228, 63282, 50920, 30581, 84203, 633, 87248, 12770, 97953, 13053, 95572, 37949, 74063, 36227, 29715, 49813, 21145, 87009, 80874, 37059, 87639, 40612, 24590, 86721, 77317, 98113, 76274, 67052, 89971, 13754, 59718, 87879, 93901, 12293, 67642, 78449, 64313, 44591, 70027, 35247, 66295, 59710, 40038, 34813, 87962, 6454, 75437, 34184, 50284, 17941, 64231, 49977, 2028, 59502, 60727, 26582, 79999, 6279, 85230, 43569, 67203, 58331, 72913, 30171, 1727, 41946, 90745, 71914, 86277, 5832, 11177, 57599, 86212, 61606, 28255, 80106, 54547, 15980, 77212, 3027, 83112, 17125, 76921, 4837, 26444, 13210, 89259, 46651, 77381, 66788, 11296, 33774, 81105, 70945, 61130, 72200, 65714, 63243, 61476, 76626, 59438, 32822, 8711, 94850, 65916, 7693, 21486, 24715, 26506, 21007, 33133, 38566, 99647, 25770, 19442, 13318, 78963, 57647, 12222, 92372, 45896, 92440, 69281, 19151, 44863, 76918, 22077, 63058, 94435, 38449, 64109, 20310, 83672, 22901, 14278, 33390, 13900, 63275, 55898, 16247, 33785, 54297, 8437, 54820, 83410, 95313, 67626, 61778, 10727, 89377, 37482, 45594, 34932, 17260, 28241, 94797, 26052, 23531, 90086, 15960, 81528, 32321, 35167, 20274, 11327, 18349, 24819, 16188, 45023, 56618, 85558, 52445, 76045, 7010, 39667, 97499, 27217, 6922, 66669, 41143, 82468, 17121, 9153, 82171, 29623, 91642, 3023, 69588, 47419, 86211, 71966, 80845, 68320, 13455, 37727, 52220, 74702, 43968, 32800, 43782, 66266, 15493, 61506, 51999, 45231, 78441, 55374, 45332, 33666, 99772, 17526, 93054, 75932, 18681, 44005, 52642, 79466, 41665, 71733, 67212, 52963, 45410, 97177, 3676, 65899, 60266, 6015, 31478, 67272, 29789, 47236, 62659, 19112, 76732, 55297, 44711, 19662, 33344, 75613, 43681, 51180, 63551, 81969, 93251, 48767, 14416]})"
141.0,3,12,36,9.667218923568726,418,"Genotype(dna={""<class 'abc.NT_0012'>"": [0, 89047], ""<class 'abc.NT_0012_P_00000'>"": [], ""<class 'abc.NT_0007'>"": [55058, 96429, 2662], ""<class 'abc.NT_0007_P_00000'>"": [], ""<class 'abc.NT_0002'>"": [0, 48333, 27356], ""<class 'abc.NT_0002_P_00000'>"": [], ""<class 'abc.NT_0000'>"": [42184, 70052, 0, 91804, 0, 0, 36773, 0, 64804], ""<class 'abc.NT_0000_P_00000'>"": [], ""<class 'abc.NT_0001'>"": [0, 49937, 0, 86169, 43681], ""<class 'abc.NT_0001_P_00000'>"": [], ""<class 'bool'>"": [70796, 41936, 41546, 8512, 21121, 28869], ""<class 'int'>"": [25155, 52427, 13216, 14861, 37066, 43227, 14416], ""<class 'abc.NT_0005'>"": [0, 37639], ""<class 'abc.NT_0005_P_00000'>"": [], ""<class 'abc.NT_0003'>"": [33650, 52703], ""<class 'abc.NT_0003_P_00000'>"": [], ""<class 'abc.NT_0004'>"": [0, 59983], ""<class 'abc.NT_0004_P_00000'>"": [], '$leftovers': [81600, 92981, 24586, 80507, 48909, 56302, 48279, 39596, 8177, 41048, 54709, 2141, 36382, 30231, 79303, 45906, 3600, 72448, 85756, 62232, 76728, 12314, 10402, 99348, 82540, 3143, 2927, 63383, 24684, 56849, 91234, 96607, 11663, 55655, 70782, 65921, 46458, 89721, 42004, 84925, 23942, 57205, 447, 66040, 89769, 37633, 53881, 33471, 84899, 77962, 79382, 63421, 42354, 22565, 54622, 78399, 707, 24478, 73210, 60708, 91176, 39440, 68267, 67164, 86078, 78891, 1648, 1984, 34860, 67089, 14873, 85945, 27946, 91486, 43571, 81436, 24346, 46853, 90833, 93204, 67569, 28562, 65707, 64260, 79507, 5703, 7091, 64658, 51775, 12742, 9851, 57202, 62567, 20339, 98771, 84993, 42327, 6461, 36932, 81439, 47467, 62039, 83881, 12894, 32233, 8056, 28809, 72665, 37010, 26904, 8831, 28758, 41940, 50619, 13705, 77050, 31928, 98645, 56591, 24230, 79582, 27434, 95976, 64454, 7019, 17483, 21240, 67326, 59414, 72680, 9039, 51925, 93310, 67483, 64406, 48515, 88431, 2658, 13619, 9790, 17053, 28910, 57659, 77924, 99848, 89052, 47667, 8134, 19606, 85887, 52665, 28157, 42807, 17016, 89094, 61528, 2617, 28737, 93170, 38813, 99354, 15028, 23722, 65353, 29533, 99753, 41981, 50418, 14162, 78477, 44874, 48013, 99700, 22092, 35260, 90200, 89643, 20702, 91024, 9577, 56981, 30550, 61179, 18259, 57231, 87191, 55757, 3244, 78476, 74777, 24995, 31614, 77943, 7036, 49566, 58360, 3004, 53252, 66953, 74656, 74210, 27963, 52379, 63796, 99017, 55895, 25648, 47745, 62726, 60872, 9501, 49057, 94539, 87198, 63764, 99938, 10128, 80210, 46135, 51655, 83482, 38148, 24164, 27359, 56722, 28341, 25100, 45456, 58831, 30641, 35297, 10655, 57535, 34439, 9062, 29603, 80404, 81266, 30591, 52083, 4329, 59237, 41782, 63886, 44622, 7276, 5883, 7811, 9363, 36177, 85829, 72401, 69637, 5311, 68134, 6919, 88426, 70653, 4616, 46013, 92629, 59024, 92702, 43046, 89779, 385, 55229, 28239, 12254, 26194, 26075, 97973, 61281, 36055, 35286, 66986, 28883, 19934, 88098, 4790, 83498, 37148, 15666, 87010, 55539, 7569, 68859, 64018, 42555, 25550, 49766, 42788, 84258, 51569, 68268, 3156, 96561, 85693, 51070, 36377, 65819, 96179, 39579, 24584, 28035, 59376, 1204, 11150, 48792, 45926, 85267, 91074, 94546, 96796, 37903, 59781, 4539, 61677, 99460, 13625, 61547, 50670, 13613, 59753, 22915, 2621, 41331, 81995, 39637, 22957, 79002, 77248, 80855, 23226, 52229, 79789, 70273, 33650, 98693, 42923, 5145, 90463, 16373, 37110, 73707, 81260, 22037, 73958, 71109, 87766, 33357, 36160, 30428, 68575, 62987, 54541, 93429, 10734, 56468, 10160, 92379, 48026, 42646, 26036, 13198, 24697, 89401, 2013, 24257, 16393, 7549, 56761, 59383, 92698, 47833, 9115, 80083, 27886, 98520, 84184, 46396, 32324, 55136, 33043, 94733, 39299, 68268, 17957, 41681, 95283, 74312, 19569, 5501, 96364, 37614, 98620, 35413, 23136, 13438, 71840, 85129, 48571, 41673, 12536, 28619, 39045, 31089, 96567, 57611, 19490, 3253, 59735, 37115, 23031, 12955, 69562, 87443, 43955, 64586, 64395, 83855, 28306, 89637, 82455, 41564, 62224, 83458, 72706, 39687, 18580, 37123, 88608, 78134, 31325, 99919, 83099, 93340, 64560, 40152, 49911, 90599, 5214, 94580, 49233, 60885, 57752, 18427, 57803, 29767, 82380, 44062, 42873, 35236, 96454, 6296, 761, 18195, 33989, 94984, 70688, 90636, 6806, 73662, 94256, 41102, 28770, 46150, 73640, 11449, 24920, 21310, 85454, 94863, 91863, 23315, 17597, 20217, 91794, 34166, 77109, 46637, 32144, 83158, 26247, 76783, 57366, 76170, 90953, 82914, 78347, 9798, 36943, 73386, 68382, 52072, 12414, 41189, 86486, 60473, 16665, 45781, 59592, 86919, 63519, 25794, 53453, 64363, 96508, 16128, 92416, 22277, 24310, 86063, 67165, 46227, 54481, 89870, 69212, 62340, 60412, 71112, 23023, 34509, 92116, 7217, 63002, 41259, 50000, 8793, 4594, 30483, 62653, 83938, 83503, 31483, 10365, 49442, 30804, 45981, 6968, 91617, 92210, 54325, 96831, 5008, 28389, 68581, 10722, 76148, 95354, 73970, 68860, 62036, 98213, 81300, 79566, 11781, 37080, 43953, 62574, 60034, 62154, 78716, 7847, 44434, 11159, 20786, 57220, 86148, 89532, 79123, 19828, 71554, 38321, 92355, 28120, 6885, 40594, 84932, 47779, 99847, 92498, 86367, 71489, 51939, 10303, 75651, 2814, 54873, 58078, 82260, 4131, 16111, 36323, 80831, 56586, 23086, 62810, 48333, 30508, 86384, 27684, 56737, 96345, 97308, 91048, 25778, 26424, 16979, 77059, 87484, 650, 10501, 7664, 42399, 66368, 72428, 90313, 68581, 95408, 58719, 7010, 71100, 38694, 62269, 88515, 87114, 60082, 74975, 47648, 95486, 87637, 66308, 20895, 66554, 33908, 42049, 56894, 28029, 53349, 69094, 28178, 10701, 80203, 12390, 30718, 61309, 79054, 80067, 87669, 18429, 56382, 67438, 53640, 19668, 83077, 8515, 32853, 16711, 65061, 42899, 66125, 28921, 47414, 77777, 7836, 59293, 12583, 45182, 70935, 11108, 65079, 57419, 58720, 99394, 41111, 59469, 41454, 95010, 96686, 20780, 37583, 91647, 99794, 21826, 42117, 12468, 34122, 46653, 81774, 80852, 20118, 37608, 92311, 79336, 51578, 35457, 31958, 86730, 96687, 11146, 78075, 16211, 44286, 64844, 65338, 10895, 10275, 77020, 73939, 97538, 77164, 89934, 19330, 65432, 21836, 62675, 2218, 30434, 72578, 3673, 40750, 56210, 87412, 64425, 15775, 78636, 80433, 91705, 39505, 7027, 29105, 87238, 78396, 99457, 72495, 465, 26796, 81547, 80667, 30823, 69059, 7899, 78032, 78440, 81817, 20294, 87763, 12034, 87734, 24471, 82031, 64016, 50288, 34228, 63282, 50920, 30581, 84203, 633, 87248, 12770, 97953, 13053, 95572, 37949, 74063, 36227, 29715, 49813, 21145, 87009, 80874, 37059, 87639, 40612, 24590, 86721, 77317, 98113, 76274, 67052, 89971, 13754, 59718, 87879, 93901, 12293, 67642, 78449, 64313, 44591, 70027, 35247, 66295, 59710, 40038, 34813, 87962, 6454, 75437, 34184, 50284, 17941, 64231, 49977, 2028, 59502, 60727, 26582, 79999, 6279, 85230, 43569, 67203, 58331, 72913, 30171, 1727, 41946, 90745, 71914, 86277, 5832, 11177, 57599, 86212, 61606, 28255, 80106, 54547, 15980, 77212, 3027, 83112, 17125, 76921, 4837, 26444, 13210, 89259, 46651, 77381, 66788, 11296, 33774, 81105, 70945, 61130, 72200, 65714, 63243, 61476, 76626, 59438, 32822, 8711, 94850, 65916, 7693, 21486, 24715, 26506, 21007, 33133, 38566, 99647, 25770, 19442, 13318, 78963, 57647, 12222, 92372, 45896, 92440, 69281, 19151, 44863, 76918, 22077, 63058, 94435, 38449, 64109, 20310, 83672, 22901, 14278, 33390, 13900, 63275, 55898, 16247, 33785, 54297, 8437, 54820, 83410, 95313, 67626, 61778, 10727, 89377, 37482, 45594, 34932, 17260, 28241, 94797, 26052, 23531, 90086, 15960, 81528, 32321, 35167, 20274, 11327, 18349, 24819, 16188, 45023, 56618, 85558, 52445, 76045, 7010, 39667, 97499, 27217, 6922, 66669, 41143, 82468, 17121, 9153, 82171, 29623, 91642, 3023, 69588, 47419, 86211, 71966, 80845, 68320, 13455, 37727, 52220, 74702, 43968, 32800, 43782, 66266, 15493, 61506, 51999, 45231, 78441, 55374, 45332, 33666, 99772, 17526, 93054, 75932, 18681, 44005, 52642, 79466, 41665, 71733, 67212, 52963, 45410, 97177, 3676, 65899, 60266, 6015, 31478, 67272, 29789, 47236, 62659, 19112, 76732, 55297, 44711, 19662, 33344, 75613, 43681, 51180, 63551, 81969, 93251, 48767, 14416]})"
141.0,3,12,37,9.751202583312988,418,"Genotype(dna={""<class 'abc.NT_0012'>"": [0, 89047], ""<class 'abc.NT_0012_P_00000'>"": [], ""<class 'abc.NT_0007'>"": [55058, 96429, 2662], ""<class 'abc.NT_0007_P_00000'>"": [], ""<class 'abc.NT_0002'>"": [0, 48333, 27356], ""<class 'abc.NT_0002_P_00000'>"": [], ""<class 'abc.NT_0000'>"": [42184, 70052, 0, 91804, 0, 0, 36773, 0, 64804], ""<class 'abc.NT_0000_P_00000'>"": [], ""<class 'abc.NT_0001'>"": [0, 49937, 0, 86169, 43681], ""<class 'abc.NT_0001_P_00000'>"": [], ""<class 'bool'>"": [70796, 41936, 41546, 8512, 21121, 28869], ""<class 'int'>"": [25155, 52427, 13216, 14861, 37066, 43227, 14416], ""<class 'abc.NT_0005'>"": [0, 37639], ""<class 'abc.NT_0005_P_00000'>"": [], ""<class 'abc.NT_0003'>"": [33650, 52703], ""<class 'abc.NT_0003_P_00000'>"": [], ""<class 'abc.NT_0004'>"": [0, 59983], ""<class 'abc.NT_0004_P_00000'>"": [], '$leftovers': [81600, 92981, 24586, 80507, 48909, 56302, 48279, 39596, 8177, 41048, 54709, 2141, 36382, 30231, 79303, 45906, 3600, 72448, 85756, 62232, 76728, 12314, 10402, 99348, 82540, 3143, 2927, 63383, 24684, 56849, 91234, 96607, 11663, 55655, 70782, 65921, 46458, 89721, 42004, 84925, 23942, 57205, 447, 66040, 89769, 37633, 53881, 33471, 84899, 77962, 79382, 63421, 42354, 22565, 54622, 78399, 707, 24478, 73210, 60708, 91176, 39440, 68267, 67164, 86078, 78891, 1648, 1984, 34860, 67089, 14873, 85945, 27946, 91486, 43571, 81436, 24346, 46853, 90833, 93204, 67569, 28562, 65707, 64260, 79507, 5703, 7091, 64658, 51775, 12742, 9851, 57202, 62567, 20339, 98771, 84993, 42327, 6461, 36932, 81439, 47467, 62039, 83881, 12894, 32233, 8056, 28809, 72665, 37010, 26904, 8831, 28758, 41940, 50619, 13705, 77050, 31928, 98645, 56591, 24230, 79582, 27434, 95976, 64454, 7019, 17483, 21240, 67326, 59414, 72680, 9039, 51925, 93310, 67483, 64406, 48515, 88431, 2658, 13619, 9790, 17053, 28910, 57659, 77924, 99848, 89052, 47667, 8134, 19606, 85887, 52665, 28157, 42807, 17016, 89094, 61528, 2617, 28737, 93170, 38813, 99354, 15028, 23722, 65353, 29533, 99753, 41981, 50418, 14162, 78477, 44874, 48013, 99700, 22092, 35260, 90200, 89643, 20702, 91024, 9577, 56981, 30550, 61179, 18259, 57231, 87191, 55757, 3244, 78476, 74777, 24995, 31614, 77943, 7036, 49566, 58360, 3004, 53252, 66953, 74656, 74210, 27963, 52379, 63796, 99017, 55895, 25648, 47745, 62726, 60872, 9501, 49057, 94539, 87198, 63764, 99938, 10128, 80210, 46135, 51655, 83482, 38148, 24164, 27359, 56722, 28341, 25100, 45456, 58831, 30641, 35297, 10655, 57535, 34439, 9062, 29603, 80404, 81266, 30591, 52083, 4329, 59237, 41782, 63886, 44622, 7276, 5883, 7811, 9363, 36177, 85829, 72401, 69637, 5311, 68134, 6919, 88426, 70653, 4616, 46013, 92629, 59024, 92702, 43046, 89779, 385, 55229, 28239, 12254, 26194, 26075, 97973, 61281, 36055, 35286, 66986, 28883, 19934, 88098, 4790, 83498, 37148, 15666, 87010, 55539, 7569, 68859, 64018, 42555, 25550, 49766, 42788, 84258, 51569, 68268, 3156, 96561, 85693, 51070, 36377, 65819, 96179, 39579, 24584, 28035, 59376, 1204, 11150, 48792, 45926, 85267, 91074, 94546, 96796, 37903, 59781, 4539, 61677, 99460, 13625, 61547, 50670, 13613, 59753, 22915, 2621, 41331, 81995, 39637, 22957, 79002, 77248, 80855, 23226, 52229, 79789, 70273, 33650, 98693, 42923, 5145, 90463, 16373, 37110, 73707, 81260, 22037, 73958, 71109, 87766, 33357, 36160, 30428, 68575, 62987, 54541, 93429, 10734, 56468, 10160, 92379, 48026, 42646, 26036, 13198, 24697, 89401, 2013, 24257, 16393, 7549, 56761, 59383, 92698, 47833, 9115, 80083, 27886, 98520, 84184, 46396, 32324, 55136, 33043, 94733, 39299, 68268, 17957, 41681, 95283, 74312, 19569, 5501, 96364, 37614, 98620, 35413, 23136, 13438, 71840, 85129, 48571, 41673, 12536, 28619, 39045, 31089, 96567, 57611, 19490, 3253, 59735, 37115, 23031, 12955, 69562, 87443, 43955, 64586, 64395, 83855, 28306, 89637, 82455, 41564, 62224, 83458, 72706, 39687, 18580, 37123, 88608, 78134, 31325, 99919, 83099, 93340, 64560, 40152, 49911, 90599, 5214, 94580, 49233, 60885, 57752, 18427, 57803, 29767, 82380, 44062, 42873, 35236, 96454, 6296, 761, 18195, 33989, 94984, 70688, 90636, 6806, 73662, 94256, 41102, 28770, 46150, 73640, 11449, 24920, 21310, 85454, 94863, 91863, 23315, 17597, 20217, 91794, 34166, 77109, 46637, 32144, 83158, 26247, 76783, 57366, 76170, 90953, 82914, 78347, 9798, 36943, 73386, 68382, 52072, 12414, 41189, 86486, 60473, 16665, 45781, 59592, 86919, 63519, 25794, 53453, 64363, 96508, 16128, 92416, 22277, 24310, 86063, 67165, 46227, 54481, 89870, 69212, 62340, 60412, 71112, 23023, 34509, 92116, 7217, 63002, 41259, 50000, 8793, 4594, 30483, 62653, 83938, 83503, 31483, 10365, 49442, 30804, 45981, 6968, 91617, 92210, 54325, 96831, 5008, 28389, 68581, 10722, 76148, 95354, 73970, 68860, 62036, 98213, 81300, 79566, 11781, 37080, 43953, 62574, 60034, 62154, 78716, 7847, 44434, 11159, 20786, 57220, 86148, 89532, 79123, 19828, 71554, 38321, 92355, 28120, 6885, 40594, 84932, 47779, 99847, 92498, 86367, 71489, 51939, 10303, 75651, 2814, 54873, 58078, 82260, 4131, 16111, 36323, 80831, 56586, 23086, 62810, 48333, 30508, 86384, 27684, 56737, 96345, 97308, 91048, 25778, 26424, 16979, 77059, 87484, 650, 10501, 7664, 42399, 66368, 72428, 90313, 68581, 95408, 58719, 7010, 71100, 38694, 62269, 88515, 87114, 60082, 74975, 47648, 95486, 87637, 66308, 20895, 66554, 33908, 42049, 56894, 28029, 53349, 69094, 28178, 10701, 80203, 12390, 30718, 61309, 79054, 80067, 87669, 18429, 56382, 67438, 53640, 19668, 83077, 8515, 32853, 16711, 65061, 42899, 66125, 28921, 47414, 77777, 7836, 59293, 12583, 45182, 70935, 11108, 65079, 57419, 58720, 99394, 41111, 59469, 41454, 95010, 96686, 20780, 37583, 91647, 99794, 21826, 42117, 12468, 34122, 46653, 81774, 80852, 20118, 37608, 92311, 79336, 51578, 35457, 31958, 86730, 96687, 11146, 78075, 16211, 44286, 64844, 65338, 10895, 10275, 77020, 73939, 97538, 77164, 89934, 19330, 65432, 21836, 62675, 2218, 30434, 72578, 3673, 40750, 56210, 87412, 64425, 15775, 78636, 80433, 91705, 39505, 7027, 29105, 87238, 78396, 99457, 72495, 465, 26796, 81547, 80667, 30823, 69059, 7899, 78032, 78440, 81817, 20294, 87763, 12034, 87734, 24471, 82031, 64016, 50288, 34228, 63282, 50920, 30581, 84203, 633, 87248, 12770, 97953, 13053, 95572, 37949, 74063, 36227, 29715, 49813, 21145, 87009, 80874, 37059, 87639, 40612, 24590, 86721, 77317, 98113, 76274, 67052, 89971, 13754, 59718, 87879, 93901, 12293, 67642, 78449, 64313, 44591, 70027, 35247, 66295, 59710, 40038, 34813, 87962, 6454, 75437, 34184, 50284, 17941, 64231, 49977, 2028, 59502, 60727, 26582, 79999, 6279, 85230, 43569, 67203, 58331, 72913, 30171, 1727, 41946, 90745, 71914, 86277, 5832, 11177, 57599, 86212, 61606, 28255, 80106, 54547, 15980, 77212, 3027, 83112, 17125, 76921, 4837, 26444, 13210, 89259, 46651, 77381, 66788, 11296, 33774, 81105, 70945, 61130, 72200, 65714, 63243, 61476, 76626, 59438, 32822, 8711, 94850, 65916, 7693, 21486, 24715, 26506, 21007, 33133, 38566, 99647, 25770, 19442, 13318, 78963, 57647, 12222, 92372, 45896, 92440, 69281, 19151, 44863, 76918, 22077, 63058, 94435, 38449, 64109, 20310, 83672, 22901, 14278, 33390, 13900, 63275, 55898, 16247, 33785, 54297, 8437, 54820, 83410, 95313, 67626, 61778, 10727, 89377, 37482, 45594, 34932, 17260, 28241, 94797, 26052, 23531, 90086, 15960, 81528, 32321, 35167, 20274, 11327, 18349, 24819, 16188, 45023, 56618, 85558, 52445, 76045, 7010, 39667, 97499, 27217, 6922, 66669, 41143, 82468, 17121, 9153, 82171, 29623, 91642, 3023, 69588, 47419, 86211, 71966, 80845, 68320, 13455, 37727, 52220, 74702, 43968, 32800, 43782, 66266, 15493, 61506, 51999, 45231, 78441, 55374, 45332, 33666, 99772, 17526, 93054, 75932, 18681, 44005, 52642, 79466, 41665, 71733, 67212, 52963, 45410, 97177, 3676, 65899, 60266, 6015, 31478, 67272, 29789, 47236, 62659, 19112, 76732, 55297, 44711, 19662, 33344, 75613, 43681, 51180, 63551, 81969, 93251, 48767, 14416]})"
141.0,3,12,38,9.829155921936035,418,"Genotype(dna={""<class 'abc.NT_0012'>"": [0, 89047], ""<class 'abc.NT_0012_P_00000'>"": [], ""<class 'abc.NT_0007'>"": [55058, 96429, 2662], ""<class 'abc.NT_0007_P_00000'>"": [], ""<class 'abc.NT_0002'>"": [0, 48333, 27356], ""<class 'abc.NT_0002_P_00000'>"": [], ""<class 'abc.NT_0000'>"": [42184, 70052, 0, 91804, 0, 0, 36773, 0, 64804], ""<class 'abc.NT_0000_P_00000'>"": [], ""<class 'abc.NT_0001'>"": [0, 49937, 0, 86169, 43681], ""<class 'abc.NT_0001_P_00000'>"": [], ""<class 'bool'>"": [70796, 41936, 41546, 8512, 21121, 28869], ""<class 'int'>"": [25155, 52427, 13216, 14861, 37066, 43227, 14416], ""<class 'abc.NT_0005'>"": [0, 37639], ""<class 'abc.NT_0005_P_00000'>"": [], ""<class 'abc.NT_0003'>"": [33650, 52703], ""<class 'abc.NT_0003_P_00000'>"": [], ""<class 'abc.NT_0004'>"": [0, 59983], ""<class 'abc.NT_0004_P_00000'>"": [], '$leftovers': [81600, 92981, 24586, 80507, 48909, 56302, 48279, 39596, 8177, 41048, 54709, 2141, 36382, 30231, 79303, 45906, 3600, 72448, 85756, 62232, 76728, 12314, 10402, 99348, 82540, 3143, 2927, 63383, 24684, 56849, 91234, 96607, 11663, 55655, 70782, 65921, 46458, 89721, 42004, 84925, 23942, 57205, 447, 66040, 89769, 37633, 53881, 33471, 84899, 77962, 79382, 63421, 42354, 22565, 54622, 78399, 707, 24478, 73210, 60708, 91176, 39440, 68267, 67164, 86078, 78891, 1648, 1984, 34860, 67089, 14873, 85945, 27946, 91486, 43571, 81436, 24346, 46853, 90833, 93204, 67569, 28562, 65707, 64260, 79507, 5703, 7091, 64658, 51775, 12742, 9851, 57202, 62567, 20339, 98771, 84993, 42327, 6461, 36932, 81439, 47467, 62039, 83881, 12894, 32233, 8056, 28809, 72665, 37010, 26904, 8831, 28758, 41940, 50619, 13705, 77050, 31928, 98645, 56591, 24230, 79582, 27434, 95976, 64454, 7019, 17483, 21240, 67326, 59414, 72680, 9039, 51925, 93310, 67483, 64406, 48515, 88431, 2658, 13619, 9790, 17053, 28910, 57659, 77924, 99848, 89052, 47667, 8134, 19606, 85887, 52665, 28157, 42807, 17016, 89094, 61528, 2617, 28737, 93170, 38813, 99354, 15028, 23722, 65353, 29533, 99753, 41981, 50418, 14162, 78477, 44874, 48013, 99700, 22092, 35260, 90200, 89643, 20702, 91024, 9577, 56981, 30550, 61179, 18259, 57231, 87191, 55757, 3244, 78476, 74777, 24995, 31614, 77943, 7036, 49566, 58360, 3004, 53252, 66953, 74656, 74210, 27963, 52379, 63796, 99017, 55895, 25648, 47745, 62726, 60872, 9501, 49057, 94539, 87198, 63764, 99938, 10128, 80210, 46135, 51655, 83482, 38148, 24164, 27359, 56722, 28341, 25100, 45456, 58831, 30641, 35297, 10655, 57535, 34439, 9062, 29603, 80404, 81266, 30591, 52083, 4329, 59237, 41782, 63886, 44622, 7276, 5883, 7811, 9363, 36177, 85829, 72401, 69637, 5311, 68134, 6919, 88426, 70653, 4616, 46013, 92629, 59024, 92702, 43046, 89779, 385, 55229, 28239, 12254, 26194, 26075, 97973, 61281, 36055, 35286, 66986, 28883, 19934, 88098, 4790, 83498, 37148, 15666, 87010, 55539, 7569, 68859, 64018, 42555, 25550, 49766, 42788, 84258, 51569, 68268, 3156, 96561, 85693, 51070, 36377, 65819, 96179, 39579, 24584, 28035, 59376, 1204, 11150, 48792, 45926, 85267, 91074, 94546, 96796, 37903, 59781, 4539, 61677, 99460, 13625, 61547, 50670, 13613, 59753, 22915, 2621, 41331, 81995, 39637, 22957, 79002, 77248, 80855, 23226, 52229, 79789, 70273, 33650, 98693, 42923, 5145, 90463, 16373, 37110, 73707, 81260, 22037, 73958, 71109, 87766, 33357, 36160, 30428, 68575, 62987, 54541, 93429, 10734, 56468, 10160, 92379, 48026, 42646, 26036, 13198, 24697, 89401, 2013, 24257, 16393, 7549, 56761, 59383, 92698, 47833, 9115, 80083, 27886, 98520, 84184, 46396, 32324, 55136, 33043, 94733, 39299, 68268, 17957, 41681, 95283, 74312, 19569, 5501, 96364, 37614, 98620, 35413, 23136, 13438, 71840, 85129, 48571, 41673, 12536, 28619, 39045, 31089, 96567, 57611, 19490, 3253, 59735, 37115, 23031, 12955, 69562, 87443, 43955, 64586, 64395, 83855, 28306, 89637, 82455, 41564, 62224, 83458, 72706, 39687, 18580, 37123, 88608, 78134, 31325, 99919, 83099, 93340, 64560, 40152, 49911, 90599, 5214, 94580, 49233, 60885, 57752, 18427, 57803, 29767, 82380, 44062, 42873, 35236, 96454, 6296, 761, 18195, 33989, 94984, 70688, 90636, 6806, 73662, 94256, 41102, 28770, 46150, 73640, 11449, 24920, 21310, 85454, 94863, 91863, 23315, 17597, 20217, 91794, 34166, 77109, 46637, 32144, 83158, 26247, 76783, 57366, 76170, 90953, 82914, 78347, 9798, 36943, 73386, 68382, 52072, 12414, 41189, 86486, 60473, 16665, 45781, 59592, 86919, 63519, 25794, 53453, 64363, 96508, 16128, 92416, 22277, 24310, 86063, 67165, 46227, 54481, 89870, 69212, 62340, 60412, 71112, 23023, 34509, 92116, 7217, 63002, 41259, 50000, 8793, 4594, 30483, 62653, 83938, 83503, 31483, 10365, 49442, 30804, 45981, 6968, 91617, 92210, 54325, 96831, 5008, 28389, 68581, 10722, 76148, 95354, 73970, 68860, 62036, 98213, 81300, 79566, 11781, 37080, 43953, 62574, 60034, 62154, 78716, 7847, 44434, 11159, 20786, 57220, 86148, 89532, 79123, 19828, 71554, 38321, 92355, 28120, 6885, 40594, 84932, 47779, 99847, 92498, 86367, 71489, 51939, 10303, 75651, 2814, 54873, 58078, 82260, 4131, 16111, 36323, 80831, 56586, 23086, 62810, 48333, 30508, 86384, 27684, 56737, 96345, 97308, 91048, 25778, 26424, 16979, 77059, 87484, 650, 10501, 7664, 42399, 66368, 72428, 90313, 68581, 95408, 58719, 7010, 71100, 38694, 62269, 88515, 87114, 60082, 74975, 47648, 95486, 87637, 66308, 20895, 66554, 33908, 42049, 56894, 28029, 53349, 69094, 28178, 10701, 80203, 12390, 30718, 61309, 79054, 80067, 87669, 18429, 56382, 67438, 53640, 19668, 83077, 8515, 32853, 16711, 65061, 42899, 66125, 28921, 47414, 77777, 7836, 59293, 12583, 45182, 70935, 11108, 65079, 57419, 58720, 99394, 41111, 59469, 41454, 95010, 96686, 20780, 37583, 91647, 99794, 21826, 42117, 12468, 34122, 46653, 81774, 80852, 20118, 37608, 92311, 79336, 51578, 35457, 31958, 86730, 96687, 11146, 78075, 16211, 44286, 64844, 65338, 10895, 10275, 77020, 73939, 97538, 77164, 89934, 19330, 65432, 21836, 62675, 2218, 30434, 72578, 3673, 40750, 56210, 87412, 64425, 15775, 78636, 80433, 91705, 39505, 7027, 29105, 87238, 78396, 99457, 72495, 465, 26796, 81547, 80667, 30823, 69059, 7899, 78032, 78440, 81817, 20294, 87763, 12034, 87734, 24471, 82031, 64016, 50288, 34228, 63282, 50920, 30581, 84203, 633, 87248, 12770, 97953, 13053, 95572, 37949, 74063, 36227, 29715, 49813, 21145, 87009, 80874, 37059, 87639, 40612, 24590, 86721, 77317, 98113, 76274, 67052, 89971, 13754, 59718, 87879, 93901, 12293, 67642, 78449, 64313, 44591, 70027, 35247, 66295, 59710, 40038, 34813, 87962, 6454, 75437, 34184, 50284, 17941, 64231, 49977, 2028, 59502, 60727, 26582, 79999, 6279, 85230, 43569, 67203, 58331, 72913, 30171, 1727, 41946, 90745, 71914, 86277, 5832, 11177, 57599, 86212, 61606, 28255, 80106, 54547, 15980, 77212, 3027, 83112, 17125, 76921, 4837, 26444, 13210, 89259, 46651, 77381, 66788, 11296, 33774, 81105, 70945, 61130, 72200, 65714, 63243, 61476, 76626, 59438, 32822, 8711, 94850, 65916, 7693, 21486, 24715, 26506, 21007, 33133, 38566, 99647, 25770, 19442, 13318, 78963, 57647, 12222, 92372, 45896, 92440, 69281, 19151, 44863, 76918, 22077, 63058, 94435, 38449, 64109, 20310, 83672, 22901, 14278, 33390, 13900, 63275, 55898, 16247, 33785, 54297, 8437, 54820, 83410, 95313, 67626, 61778, 10727, 89377, 37482, 45594, 34932, 17260, 28241, 94797, 26052, 23531, 90086, 15960, 81528, 32321, 35167, 20274, 11327, 18349, 24819, 16188, 45023, 56618, 85558, 52445, 76045, 7010, 39667, 97499, 27217, 6922, 66669, 41143, 82468, 17121, 9153, 82171, 29623, 91642, 3023, 69588, 47419, 86211, 71966, 80845, 68320, 13455, 37727, 52220, 74702, 43968, 32800, 43782, 66266, 15493, 61506, 51999, 45231, 78441, 55374, 45332, 33666, 99772, 17526, 93054, 75932, 18681, 44005, 52642, 79466, 41665, 71733, 67212, 52963, 45410, 97177, 3676, 65899, 60266, 6015, 31478, 67272, 29789, 47236, 62659, 19112, 76732, 55297, 44711, 19662, 33344, 75613, 43681, 51180, 63551, 81969, 93251, 48767, 14416]})"
141.0,3,12,39,9.900610208511353,418,"Genotype(dna={""<class 'abc.NT_0012'>"": [0, 89047], ""<class 'abc.NT_0012_P_00000'>"": [], ""<class 'abc.NT_0007'>"": [55058, 96429, 2662], ""<class 'abc.NT_0007_P_00000'>"": [], ""<class 'abc.NT_0002'>"": [0, 48333, 27356], ""<class 'abc.NT_0002_P_00000'>"": [], ""<class 'abc.NT_0000'>"": [42184, 70052, 0, 91804, 0, 0, 36773, 0, 64804], ""<class 'abc.NT_0000_P_00000'>"": [], ""<class 'abc.NT_0001'>"": [0, 49937, 0, 86169, 43681], ""<class 'abc.NT_0001_P_00000'>"": [], ""<class 'bool'>"": [70796, 41936, 41546, 8512, 21121, 28869], ""<class 'int'>"": [25155, 52427, 13216, 14861, 37066, 43227, 14416], ""<class 'abc.NT_0005'>"": [0, 37639], ""<class 'abc.NT_0005_P_00000'>"": [], ""<class 'abc.NT_0003'>"": [33650, 52703], ""<class 'abc.NT_0003_P_00000'>"": [], ""<class 'abc.NT_0004'>"": [0, 59983], ""<class 'abc.NT_0004_P_00000'>"": [], '$leftovers': [81600, 92981, 24586, 80507, 48909, 56302, 48279, 39596, 8177, 41048, 54709, 2141, 36382, 30231, 79303, 45906, 3600, 72448, 85756, 62232, 76728, 12314, 10402, 99348, 82540, 3143, 2927, 63383, 24684, 56849, 91234, 96607, 11663, 55655, 70782, 65921, 46458, 89721, 42004, 84925, 23942, 57205, 447, 66040, 89769, 37633, 53881, 33471, 84899, 77962, 79382, 63421, 42354, 22565, 54622, 78399, 707, 24478, 73210, 60708, 91176, 39440, 68267, 67164, 86078, 78891, 1648, 1984, 34860, 67089, 14873, 85945, 27946, 91486, 43571, 81436, 24346, 46853, 90833, 93204, 67569, 28562, 65707, 64260, 79507, 5703, 7091, 64658, 51775, 12742, 9851, 57202, 62567, 20339, 98771, 84993, 42327, 6461, 36932, 81439, 47467, 62039, 83881, 12894, 32233, 8056, 28809, 72665, 37010, 26904, 8831, 28758, 41940, 50619, 13705, 77050, 31928, 98645, 56591, 24230, 79582, 27434, 95976, 64454, 7019, 17483, 21240, 67326, 59414, 72680, 9039, 51925, 93310, 67483, 64406, 48515, 88431, 2658, 13619, 9790, 17053, 28910, 57659, 77924, 99848, 89052, 47667, 8134, 19606, 85887, 52665, 28157, 42807, 17016, 89094, 61528, 2617, 28737, 93170, 38813, 99354, 15028, 23722, 65353, 29533, 99753, 41981, 50418, 14162, 78477, 44874, 48013, 99700, 22092, 35260, 90200, 89643, 20702, 91024, 9577, 56981, 30550, 61179, 18259, 57231, 87191, 55757, 3244, 78476, 74777, 24995, 31614, 77943, 7036, 49566, 58360, 3004, 53252, 66953, 74656, 74210, 27963, 52379, 63796, 99017, 55895, 25648, 47745, 62726, 60872, 9501, 49057, 94539, 87198, 63764, 99938, 10128, 80210, 46135, 51655, 83482, 38148, 24164, 27359, 56722, 28341, 25100, 45456, 58831, 30641, 35297, 10655, 57535, 34439, 9062, 29603, 80404, 81266, 30591, 52083, 4329, 59237, 41782, 63886, 44622, 7276, 5883, 7811, 9363, 36177, 85829, 72401, 69637, 5311, 68134, 6919, 88426, 70653, 4616, 46013, 92629, 59024, 92702, 43046, 89779, 385, 55229, 28239, 12254, 26194, 26075, 97973, 61281, 36055, 35286, 66986, 28883, 19934, 88098, 4790, 83498, 37148, 15666, 87010, 55539, 7569, 68859, 64018, 42555, 25550, 49766, 42788, 84258, 51569, 68268, 3156, 96561, 85693, 51070, 36377, 65819, 96179, 39579, 24584, 28035, 59376, 1204, 11150, 48792, 45926, 85267, 91074, 94546, 96796, 37903, 59781, 4539, 61677, 99460, 13625, 61547, 50670, 13613, 59753, 22915, 2621, 41331, 81995, 39637, 22957, 79002, 77248, 80855, 23226, 52229, 79789, 70273, 33650, 98693, 42923, 5145, 90463, 16373, 37110, 73707, 81260, 22037, 73958, 71109, 87766, 33357, 36160, 30428, 68575, 62987, 54541, 93429, 10734, 56468, 10160, 92379, 48026, 42646, 26036, 13198, 24697, 89401, 2013, 24257, 16393, 7549, 56761, 59383, 92698, 47833, 9115, 80083, 27886, 98520, 84184, 46396, 32324, 55136, 33043, 94733, 39299, 68268, 17957, 41681, 95283, 74312, 19569, 5501, 96364, 37614, 98620, 35413, 23136, 13438, 71840, 85129, 48571, 41673, 12536, 28619, 39045, 31089, 96567, 57611, 19490, 3253, 59735, 37115, 23031, 12955, 69562, 87443, 43955, 64586, 64395, 83855, 28306, 89637, 82455, 41564, 62224, 83458, 72706, 39687, 18580, 37123, 88608, 78134, 31325, 99919, 83099, 93340, 64560, 40152, 49911, 90599, 5214, 94580, 49233, 60885, 57752, 18427, 57803, 29767, 82380, 44062, 42873, 35236, 96454, 6296, 761, 18195, 33989, 94984, 70688, 90636, 6806, 73662, 94256, 41102, 28770, 46150, 73640, 11449, 24920, 21310, 85454, 94863, 91863, 23315, 17597, 20217, 91794, 34166, 77109, 46637, 32144, 83158, 26247, 76783, 57366, 76170, 90953, 82914, 78347, 9798, 36943, 73386, 68382, 52072, 12414, 41189, 86486, 60473, 16665, 45781, 59592, 86919, 63519, 25794, 53453, 64363, 96508, 16128, 92416, 22277, 24310, 86063, 67165, 46227, 54481, 89870, 69212, 62340, 60412, 71112, 23023, 34509, 92116, 7217, 63002, 41259, 50000, 8793, 4594, 30483, 62653, 83938, 83503, 31483, 10365, 49442, 30804, 45981, 6968, 91617, 92210, 54325, 96831, 5008, 28389, 68581, 10722, 76148, 95354, 73970, 68860, 62036, 98213, 81300, 79566, 11781, 37080, 43953, 62574, 60034, 62154, 78716, 7847, 44434, 11159, 20786, 57220, 86148, 89532, 79123, 19828, 71554, 38321, 92355, 28120, 6885, 40594, 84932, 47779, 99847, 92498, 86367, 71489, 51939, 10303, 75651, 2814, 54873, 58078, 82260, 4131, 16111, 36323, 80831, 56586, 23086, 62810, 48333, 30508, 86384, 27684, 56737, 96345, 97308, 91048, 25778, 26424, 16979, 77059, 87484, 650, 10501, 7664, 42399, 66368, 72428, 90313, 68581, 95408, 58719, 7010, 71100, 38694, 62269, 88515, 87114, 60082, 74975, 47648, 95486, 87637, 66308, 20895, 66554, 33908, 42049, 56894, 28029, 53349, 69094, 28178, 10701, 80203, 12390, 30718, 61309, 79054, 80067, 87669, 18429, 56382, 67438, 53640, 19668, 83077, 8515, 32853, 16711, 65061, 42899, 66125, 28921, 47414, 77777, 7836, 59293, 12583, 45182, 70935, 11108, 65079, 57419, 58720, 99394, 41111, 59469, 41454, 95010, 96686, 20780, 37583, 91647, 99794, 21826, 42117, 12468, 34122, 46653, 81774, 80852, 20118, 37608, 92311, 79336, 51578, 35457, 31958, 86730, 96687, 11146, 78075, 16211, 44286, 64844, 65338, 10895, 10275, 77020, 73939, 97538, 77164, 89934, 19330, 65432, 21836, 62675, 2218, 30434, 72578, 3673, 40750, 56210, 87412, 64425, 15775, 78636, 80433, 91705, 39505, 7027, 29105, 87238, 78396, 99457, 72495, 465, 26796, 81547, 80667, 30823, 69059, 7899, 78032, 78440, 81817, 20294, 87763, 12034, 87734, 24471, 82031, 64016, 50288, 34228, 63282, 50920, 30581, 84203, 633, 87248, 12770, 97953, 13053, 95572, 37949, 74063, 36227, 29715, 49813, 21145, 87009, 80874, 37059, 87639, 40612, 24590, 86721, 77317, 98113, 76274, 67052, 89971, 13754, 59718, 87879, 93901, 12293, 67642, 78449, 64313, 44591, 70027, 35247, 66295, 59710, 40038, 34813, 87962, 6454, 75437, 34184, 50284, 17941, 64231, 49977, 2028, 59502, 60727, 26582, 79999, 6279, 85230, 43569, 67203, 58331, 72913, 30171, 1727, 41946, 90745, 71914, 86277, 5832, 11177, 57599, 86212, 61606, 28255, 80106, 54547, 15980, 77212, 3027, 83112, 17125, 76921, 4837, 26444, 13210, 89259, 46651, 77381, 66788, 11296, 33774, 81105, 70945, 61130, 72200, 65714, 63243, 61476, 76626, 59438, 32822, 8711, 94850, 65916, 7693, 21486, 24715, 26506, 21007, 33133, 38566, 99647, 25770, 19442, 13318, 78963, 57647, 12222, 92372, 45896, 92440, 69281, 19151, 44863, 76918, 22077, 63058, 94435, 38449, 64109, 20310, 83672, 22901, 14278, 33390, 13900, 63275, 55898, 16247, 33785, 54297, 8437, 54820, 83410, 95313, 67626, 61778, 10727, 89377, 37482, 45594, 34932, 17260, 28241, 94797, 26052, 23531, 90086, 15960, 81528, 32321, 35167, 20274, 11327, 18349, 24819, 16188, 45023, 56618, 85558, 52445, 76045, 7010, 39667, 97499, 27217, 6922, 66669, 41143, 82468, 17121, 9153, 82171, 29623, 91642, 3023, 69588, 47419, 86211, 71966, 80845, 68320, 13455, 37727, 52220, 74702, 43968, 32800, 43782, 66266, 15493, 61506, 51999, 45231, 78441, 55374, 45332, 33666, 99772, 17526, 93054, 75932, 18681, 44005, 52642, 79466, 41665, 71733, 67212, 52963, 45410, 97177, 3676, 65899, 60266, 6015, 31478, 67272, 29789, 47236, 62659, 19112, 76732, 55297, 44711, 19662, 33344, 75613, 43681, 51180, 63551, 81969, 93251, 48767, 14416]})"
141.0,3,12,40,10.05151653289795,418,"Genotype(dna={""<class 'abc.NT_0012'>"": [0, 89047], ""<class 'abc.NT_0012_P_00000'>"": [], ""<class 'abc.NT_0007'>"": [55058, 96429, 2662], ""<class 'abc.NT_0007_P_00000'>"": [], ""<class 'abc.NT_0002'>"": [0, 48333, 27356], ""<class 'abc.NT_0002_P_00000'>"": [], ""<class 'abc.NT_0000'>"": [42184, 70052, 0, 91804, 0, 0, 36773, 0, 64804], ""<class 'abc.NT_0000_P_00000'>"": [], ""<class 'abc.NT_0001'>"": [0, 49937, 0, 86169, 43681], ""<class 'abc.NT_0001_P_00000'>"": [], ""<class 'bool'>"": [70796, 41936, 41546, 8512, 21121, 28869], ""<class 'int'>"": [25155, 52427, 13216, 14861, 37066, 43227, 14416], ""<class 'abc.NT_0005'>"": [0, 37639], ""<class 'abc.NT_0005_P_00000'>"": [], ""<class 'abc.NT_0003'>"": [33650, 52703], ""<class 'abc.NT_0003_P_00000'>"": [], ""<class 'abc.NT_0004'>"": [0, 59983], ""<class 'abc.NT_0004_P_00000'>"": [], '$leftovers': [81600, 92981, 24586, 80507, 48909, 56302, 48279, 39596, 8177, 41048, 54709, 2141, 36382, 30231, 79303, 45906, 3600, 72448, 85756, 62232, 76728, 12314, 10402, 99348, 82540, 3143, 2927, 63383, 24684, 56849, 91234, 96607, 11663, 55655, 70782, 65921, 46458, 89721, 42004, 84925, 23942, 57205, 447, 66040, 89769, 37633, 53881, 33471, 84899, 77962, 79382, 63421, 42354, 22565, 54622, 78399, 707, 24478, 73210, 60708, 91176, 39440, 68267, 67164, 86078, 78891, 1648, 1984, 34860, 67089, 14873, 85945, 27946, 91486, 43571, 81436, 24346, 46853, 90833, 93204, 67569, 28562, 65707, 64260, 79507, 5703, 7091, 64658, 51775, 12742, 9851, 57202, 62567, 20339, 98771, 84993, 42327, 6461, 36932, 81439, 47467, 62039, 83881, 12894, 32233, 8056, 28809, 72665, 37010, 26904, 8831, 28758, 41940, 50619, 13705, 77050, 31928, 98645, 56591, 24230, 79582, 27434, 95976, 64454, 7019, 17483, 21240, 67326, 59414, 72680, 9039, 51925, 93310, 67483, 64406, 48515, 88431, 2658, 13619, 9790, 17053, 28910, 57659, 77924, 99848, 89052, 47667, 8134, 19606, 85887, 52665, 28157, 42807, 17016, 89094, 61528, 2617, 28737, 93170, 38813, 99354, 15028, 23722, 65353, 29533, 99753, 41981, 50418, 14162, 78477, 44874, 48013, 99700, 22092, 35260, 90200, 89643, 20702, 91024, 9577, 56981, 30550, 61179, 18259, 57231, 87191, 55757, 3244, 78476, 74777, 24995, 31614, 77943, 7036, 49566, 58360, 3004, 53252, 66953, 74656, 74210, 27963, 52379, 63796, 99017, 55895, 25648, 47745, 62726, 60872, 9501, 49057, 94539, 87198, 63764, 99938, 10128, 80210, 46135, 51655, 83482, 38148, 24164, 27359, 56722, 28341, 25100, 45456, 58831, 30641, 35297, 10655, 57535, 34439, 9062, 29603, 80404, 81266, 30591, 52083, 4329, 59237, 41782, 63886, 44622, 7276, 5883, 7811, 9363, 36177, 85829, 72401, 69637, 5311, 68134, 6919, 88426, 70653, 4616, 46013, 92629, 59024, 92702, 43046, 89779, 385, 55229, 28239, 12254, 26194, 26075, 97973, 61281, 36055, 35286, 66986, 28883, 19934, 88098, 4790, 83498, 37148, 15666, 87010, 55539, 7569, 68859, 64018, 42555, 25550, 49766, 42788, 84258, 51569, 68268, 3156, 96561, 85693, 51070, 36377, 65819, 96179, 39579, 24584, 28035, 59376, 1204, 11150, 48792, 45926, 85267, 91074, 94546, 96796, 37903, 59781, 4539, 61677, 99460, 13625, 61547, 50670, 13613, 59753, 22915, 2621, 41331, 81995, 39637, 22957, 79002, 77248, 80855, 23226, 52229, 79789, 70273, 33650, 98693, 42923, 5145, 90463, 16373, 37110, 73707, 81260, 22037, 73958, 71109, 87766, 33357, 36160, 30428, 68575, 62987, 54541, 93429, 10734, 56468, 10160, 92379, 48026, 42646, 26036, 13198, 24697, 89401, 2013, 24257, 16393, 7549, 56761, 59383, 92698, 47833, 9115, 80083, 27886, 98520, 84184, 46396, 32324, 55136, 33043, 94733, 39299, 68268, 17957, 41681, 95283, 74312, 19569, 5501, 96364, 37614, 98620, 35413, 23136, 13438, 71840, 85129, 48571, 41673, 12536, 28619, 39045, 31089, 96567, 57611, 19490, 3253, 59735, 37115, 23031, 12955, 69562, 87443, 43955, 64586, 64395, 83855, 28306, 89637, 82455, 41564, 62224, 83458, 72706, 39687, 18580, 37123, 88608, 78134, 31325, 99919, 83099, 93340, 64560, 40152, 49911, 90599, 5214, 94580, 49233, 60885, 57752, 18427, 57803, 29767, 82380, 44062, 42873, 35236, 96454, 6296, 761, 18195, 33989, 94984, 70688, 90636, 6806, 73662, 94256, 41102, 28770, 46150, 73640, 11449, 24920, 21310, 85454, 94863, 91863, 23315, 17597, 20217, 91794, 34166, 77109, 46637, 32144, 83158, 26247, 76783, 57366, 76170, 90953, 82914, 78347, 9798, 36943, 73386, 68382, 52072, 12414, 41189, 86486, 60473, 16665, 45781, 59592, 86919, 63519, 25794, 53453, 64363, 96508, 16128, 92416, 22277, 24310, 86063, 67165, 46227, 54481, 89870, 69212, 62340, 60412, 71112, 23023, 34509, 92116, 7217, 63002, 41259, 50000, 8793, 4594, 30483, 62653, 83938, 83503, 31483, 10365, 49442, 30804, 45981, 6968, 91617, 92210, 54325, 96831, 5008, 28389, 68581, 10722, 76148, 95354, 73970, 68860, 62036, 98213, 81300, 79566, 11781, 37080, 43953, 62574, 60034, 62154, 78716, 7847, 44434, 11159, 20786, 57220, 86148, 89532, 79123, 19828, 71554, 38321, 92355, 28120, 6885, 40594, 84932, 47779, 99847, 92498, 86367, 71489, 51939, 10303, 75651, 2814, 54873, 58078, 82260, 4131, 16111, 36323, 80831, 56586, 23086, 62810, 48333, 30508, 86384, 27684, 56737, 96345, 97308, 91048, 25778, 26424, 16979, 77059, 87484, 650, 10501, 7664, 42399, 66368, 72428, 90313, 68581, 95408, 58719, 7010, 71100, 38694, 62269, 88515, 87114, 60082, 74975, 47648, 95486, 87637, 66308, 20895, 66554, 33908, 42049, 56894, 28029, 53349, 69094, 28178, 10701, 80203, 12390, 30718, 61309, 79054, 80067, 87669, 18429, 56382, 67438, 53640, 19668, 83077, 8515, 32853, 16711, 65061, 42899, 66125, 28921, 47414, 77777, 7836, 59293, 12583, 45182, 70935, 11108, 65079, 57419, 58720, 99394, 41111, 59469, 41454, 95010, 96686, 20780, 37583, 91647, 99794, 21826, 42117, 12468, 34122, 46653, 81774, 80852, 20118, 37608, 92311, 79336, 51578, 35457, 31958, 86730, 96687, 11146, 78075, 16211, 44286, 64844, 65338, 10895, 10275, 77020, 73939, 97538, 77164, 89934, 19330, 65432, 21836, 62675, 2218, 30434, 72578, 3673, 40750, 56210, 87412, 64425, 15775, 78636, 80433, 91705, 39505, 7027, 29105, 87238, 78396, 99457, 72495, 465, 26796, 81547, 80667, 30823, 69059, 7899, 78032, 78440, 81817, 20294, 87763, 12034, 87734, 24471, 82031, 64016, 50288, 34228, 63282, 50920, 30581, 84203, 633, 87248, 12770, 97953, 13053, 95572, 37949, 74063, 36227, 29715, 49813, 21145, 87009, 80874, 37059, 87639, 40612, 24590, 86721, 77317, 98113, 76274, 67052, 89971, 13754, 59718, 87879, 93901, 12293, 67642, 78449, 64313, 44591, 70027, 35247, 66295, 59710, 40038, 34813, 87962, 6454, 75437, 34184, 50284, 17941, 64231, 49977, 2028, 59502, 60727, 26582, 79999, 6279, 85230, 43569, 67203, 58331, 72913, 30171, 1727, 41946, 90745, 71914, 86277, 5832, 11177, 57599, 86212, 61606, 28255, 80106, 54547, 15980, 77212, 3027, 83112, 17125, 76921, 4837, 26444, 13210, 89259, 46651, 77381, 66788, 11296, 33774, 81105, 70945, 61130, 72200, 65714, 63243, 61476, 76626, 59438, 32822, 8711, 94850, 65916, 7693, 21486, 24715, 26506, 21007, 33133, 38566, 99647, 25770, 19442, 13318, 78963, 57647, 12222, 92372, 45896, 92440, 69281, 19151, 44863, 76918, 22077, 63058, 94435, 38449, 64109, 20310, 83672, 22901, 14278, 33390, 13900, 63275, 55898, 16247, 33785, 54297, 8437, 54820, 83410, 95313, 67626, 61778, 10727, 89377, 37482, 45594, 34932, 17260, 28241, 94797, 26052, 23531, 90086, 15960, 81528, 32321, 35167, 20274, 11327, 18349, 24819, 16188, 45023, 56618, 85558, 52445, 76045, 7010, 39667, 97499, 27217, 6922, 66669, 41143, 82468, 17121, 9153, 82171, 29623, 91642, 3023, 69588, 47419, 86211, 71966, 80845, 68320, 13455, 37727, 52220, 74702, 43968, 32800, 43782, 66266, 15493, 61506, 51999, 45231, 78441, 55374, 45332, 33666, 99772, 17526, 93054, 75932, 18681, 44005, 52642, 79466, 41665, 71733, 67212, 52963, 45410, 97177, 3676, 65899, 60266, 6015, 31478, 67272, 29789, 47236, 62659, 19112, 76732, 55297, 44711, 19662, 33344, 75613, 43681, 51180, 63551, 81969, 93251, 48767, 14416]})"
141.0,3,12,41,10.127694845199585,418,"Genotype(dna={""<class 'abc.NT_0012'>"": [0, 89047], ""<class 'abc.NT_0012_P_00000'>"": [], ""<class 'abc.NT_0007'>"": [55058, 96429, 2662], ""<class 'abc.NT_0007_P_00000'>"": [], ""<class 'abc.NT_0002'>"": [0, 48333, 27356], ""<class 'abc.NT_0002_P_00000'>"": [], ""<class 'abc.NT_0000'>"": [42184, 70052, 0, 91804, 0, 0, 36773, 0, 64804], ""<class 'abc.NT_0000_P_00000'>"": [], ""<class 'abc.NT_0001'>"": [0, 49937, 0, 86169, 43681], ""<class 'abc.NT_0001_P_00000'>"": [], ""<class 'bool'>"": [70796, 41936, 41546, 8512, 21121, 28869], ""<class 'int'>"": [25155, 52427, 13216, 14861, 37066, 43227, 14416], ""<class 'abc.NT_0005'>"": [0, 37639], ""<class 'abc.NT_0005_P_00000'>"": [], ""<class 'abc.NT_0003'>"": [33650, 52703], ""<class 'abc.NT_0003_P_00000'>"": [], ""<class 'abc.NT_0004'>"": [0, 59983], ""<class 'abc.NT_0004_P_00000'>"": [], '$leftovers': [81600, 92981, 24586, 80507, 48909, 56302, 48279, 39596, 8177, 41048, 54709, 2141, 36382, 30231, 79303, 45906, 3600, 72448, 85756, 62232, 76728, 12314, 10402, 99348, 82540, 3143, 2927, 63383, 24684, 56849, 91234, 96607, 11663, 55655, 70782, 65921, 46458, 89721, 42004, 84925, 23942, 57205, 447, 66040, 89769, 37633, 53881, 33471, 84899, 77962, 79382, 63421, 42354, 22565, 54622, 78399, 707, 24478, 73210, 60708, 91176, 39440, 68267, 67164, 86078, 78891, 1648, 1984, 34860, 67089, 14873, 85945, 27946, 91486, 43571, 81436, 24346, 46853, 90833, 93204, 67569, 28562, 65707, 64260, 79507, 5703, 7091, 64658, 51775, 12742, 9851, 57202, 62567, 20339, 98771, 84993, 42327, 6461, 36932, 81439, 47467, 62039, 83881, 12894, 32233, 8056, 28809, 72665, 37010, 26904, 8831, 28758, 41940, 50619, 13705, 77050, 31928, 98645, 56591, 24230, 79582, 27434, 95976, 64454, 7019, 17483, 21240, 67326, 59414, 72680, 9039, 51925, 93310, 67483, 64406, 48515, 88431, 2658, 13619, 9790, 17053, 28910, 57659, 77924, 99848, 89052, 47667, 8134, 19606, 85887, 52665, 28157, 42807, 17016, 89094, 61528, 2617, 28737, 93170, 38813, 99354, 15028, 23722, 65353, 29533, 99753, 41981, 50418, 14162, 78477, 44874, 48013, 99700, 22092, 35260, 90200, 89643, 20702, 91024, 9577, 56981, 30550, 61179, 18259, 57231, 87191, 55757, 3244, 78476, 74777, 24995, 31614, 77943, 7036, 49566, 58360, 3004, 53252, 66953, 74656, 74210, 27963, 52379, 63796, 99017, 55895, 25648, 47745, 62726, 60872, 9501, 49057, 94539, 87198, 63764, 99938, 10128, 80210, 46135, 51655, 83482, 38148, 24164, 27359, 56722, 28341, 25100, 45456, 58831, 30641, 35297, 10655, 57535, 34439, 9062, 29603, 80404, 81266, 30591, 52083, 4329, 59237, 41782, 63886, 44622, 7276, 5883, 7811, 9363, 36177, 85829, 72401, 69637, 5311, 68134, 6919, 88426, 70653, 4616, 46013, 92629, 59024, 92702, 43046, 89779, 385, 55229, 28239, 12254, 26194, 26075, 97973, 61281, 36055, 35286, 66986, 28883, 19934, 88098, 4790, 83498, 37148, 15666, 87010, 55539, 7569, 68859, 64018, 42555, 25550, 49766, 42788, 84258, 51569, 68268, 3156, 96561, 85693, 51070, 36377, 65819, 96179, 39579, 24584, 28035, 59376, 1204, 11150, 48792, 45926, 85267, 91074, 94546, 96796, 37903, 59781, 4539, 61677, 99460, 13625, 61547, 50670, 13613, 59753, 22915, 2621, 41331, 81995, 39637, 22957, 79002, 77248, 80855, 23226, 52229, 79789, 70273, 33650, 98693, 42923, 5145, 90463, 16373, 37110, 73707, 81260, 22037, 73958, 71109, 87766, 33357, 36160, 30428, 68575, 62987, 54541, 93429, 10734, 56468, 10160, 92379, 48026, 42646, 26036, 13198, 24697, 89401, 2013, 24257, 16393, 7549, 56761, 59383, 92698, 47833, 9115, 80083, 27886, 98520, 84184, 46396, 32324, 55136, 33043, 94733, 39299, 68268, 17957, 41681, 95283, 74312, 19569, 5501, 96364, 37614, 98620, 35413, 23136, 13438, 71840, 85129, 48571, 41673, 12536, 28619, 39045, 31089, 96567, 57611, 19490, 3253, 59735, 37115, 23031, 12955, 69562, 87443, 43955, 64586, 64395, 83855, 28306, 89637, 82455, 41564, 62224, 83458, 72706, 39687, 18580, 37123, 88608, 78134, 31325, 99919, 83099, 93340, 64560, 40152, 49911, 90599, 5214, 94580, 49233, 60885, 57752, 18427, 57803, 29767, 82380, 44062, 42873, 35236, 96454, 6296, 761, 18195, 33989, 94984, 70688, 90636, 6806, 73662, 94256, 41102, 28770, 46150, 73640, 11449, 24920, 21310, 85454, 94863, 91863, 23315, 17597, 20217, 91794, 34166, 77109, 46637, 32144, 83158, 26247, 76783, 57366, 76170, 90953, 82914, 78347, 9798, 36943, 73386, 68382, 52072, 12414, 41189, 86486, 60473, 16665, 45781, 59592, 86919, 63519, 25794, 53453, 64363, 96508, 16128, 92416, 22277, 24310, 86063, 67165, 46227, 54481, 89870, 69212, 62340, 60412, 71112, 23023, 34509, 92116, 7217, 63002, 41259, 50000, 8793, 4594, 30483, 62653, 83938, 83503, 31483, 10365, 49442, 30804, 45981, 6968, 91617, 92210, 54325, 96831, 5008, 28389, 68581, 10722, 76148, 95354, 73970, 68860, 62036, 98213, 81300, 79566, 11781, 37080, 43953, 62574, 60034, 62154, 78716, 7847, 44434, 11159, 20786, 57220, 86148, 89532, 79123, 19828, 71554, 38321, 92355, 28120, 6885, 40594, 84932, 47779, 99847, 92498, 86367, 71489, 51939, 10303, 75651, 2814, 54873, 58078, 82260, 4131, 16111, 36323, 80831, 56586, 23086, 62810, 48333, 30508, 86384, 27684, 56737, 96345, 97308, 91048, 25778, 26424, 16979, 77059, 87484, 650, 10501, 7664, 42399, 66368, 72428, 90313, 68581, 95408, 58719, 7010, 71100, 38694, 62269, 88515, 87114, 60082, 74975, 47648, 95486, 87637, 66308, 20895, 66554, 33908, 42049, 56894, 28029, 53349, 69094, 28178, 10701, 80203, 12390, 30718, 61309, 79054, 80067, 87669, 18429, 56382, 67438, 53640, 19668, 83077, 8515, 32853, 16711, 65061, 42899, 66125, 28921, 47414, 77777, 7836, 59293, 12583, 45182, 70935, 11108, 65079, 57419, 58720, 99394, 41111, 59469, 41454, 95010, 96686, 20780, 37583, 91647, 99794, 21826, 42117, 12468, 34122, 46653, 81774, 80852, 20118, 37608, 92311, 79336, 51578, 35457, 31958, 86730, 96687, 11146, 78075, 16211, 44286, 64844, 65338, 10895, 10275, 77020, 73939, 97538, 77164, 89934, 19330, 65432, 21836, 62675, 2218, 30434, 72578, 3673, 40750, 56210, 87412, 64425, 15775, 78636, 80433, 91705, 39505, 7027, 29105, 87238, 78396, 99457, 72495, 465, 26796, 81547, 80667, 30823, 69059, 7899, 78032, 78440, 81817, 20294, 87763, 12034, 87734, 24471, 82031, 64016, 50288, 34228, 63282, 50920, 30581, 84203, 633, 87248, 12770, 97953, 13053, 95572, 37949, 74063, 36227, 29715, 49813, 21145, 87009, 80874, 37059, 87639, 40612, 24590, 86721, 77317, 98113, 76274, 67052, 89971, 13754, 59718, 87879, 93901, 12293, 67642, 78449, 64313, 44591, 70027, 35247, 66295, 59710, 40038, 34813, 87962, 6454, 75437, 34184, 50284, 17941, 64231, 49977, 2028, 59502, 60727, 26582, 79999, 6279, 85230, 43569, 67203, 58331, 72913, 30171, 1727, 41946, 90745, 71914, 86277, 5832, 11177, 57599, 86212, 61606, 28255, 80106, 54547, 15980, 77212, 3027, 83112, 17125, 76921, 4837, 26444, 13210, 89259, 46651, 77381, 66788, 11296, 33774, 81105, 70945, 61130, 72200, 65714, 63243, 61476, 76626, 59438, 32822, 8711, 94850, 65916, 7693, 21486, 24715, 26506, 21007, 33133, 38566, 99647, 25770, 19442, 13318, 78963, 57647, 12222, 92372, 45896, 92440, 69281, 19151, 44863, 76918, 22077, 63058, 94435, 38449, 64109, 20310, 83672, 22901, 14278, 33390, 13900, 63275, 55898, 16247, 33785, 54297, 8437, 54820, 83410, 95313, 67626, 61778, 10727, 89377, 37482, 45594, 34932, 17260, 28241, 94797, 26052, 23531, 90086, 15960, 81528, 32321, 35167, 20274, 11327, 18349, 24819, 16188, 45023, 56618, 85558, 52445, 76045, 7010, 39667, 97499, 27217, 6922, 66669, 41143, 82468, 17121, 9153, 82171, 29623, 91642, 3023, 69588, 47419, 86211, 71966, 80845, 68320, 13455, 37727, 52220, 74702, 43968, 32800, 43782, 66266, 15493, 61506, 51999, 45231, 78441, 55374, 45332, 33666, 99772, 17526, 93054, 75932, 18681, 44005, 52642, 79466, 41665, 71733, 67212, 52963, 45410, 97177, 3676, 65899, 60266, 6015, 31478, 67272, 29789, 47236, 62659, 19112, 76732, 55297, 44711, 19662, 33344, 75613, 43681, 51180, 63551, 81969, 93251, 48767, 14416]})"
141.0,3,12,42,10.252503156661987,418,"Genotype(dna={""<class 'abc.NT_0012'>"": [0, 89047], ""<class 'abc.NT_0012_P_00000'>"": [], ""<class 'abc.NT_0007'>"": [55058, 96429, 2662], ""<class 'abc.NT_0007_P_00000'>"": [], ""<class 'abc.NT_0002'>"": [0, 48333, 27356], ""<class 'abc.NT_0002_P_00000'>"": [], ""<class 'abc.NT_0000'>"": [42184, 70052, 0, 91804, 0, 0, 36773, 0, 64804], ""<class 'abc.NT_0000_P_00000'>"": [], ""<class 'abc.NT_0001'>"": [0, 49937, 0, 86169, 43681], ""<class 'abc.NT_0001_P_00000'>"": [], ""<class 'bool'>"": [70796, 41936, 41546, 8512, 21121, 28869], ""<class 'int'>"": [25155, 52427, 13216, 14861, 37066, 43227, 14416], ""<class 'abc.NT_0005'>"": [0, 37639], ""<class 'abc.NT_0005_P_00000'>"": [], ""<class 'abc.NT_0003'>"": [33650, 52703], ""<class 'abc.NT_0003_P_00000'>"": [], ""<class 'abc.NT_0004'>"": [0, 59983], ""<class 'abc.NT_0004_P_00000'>"": [], '$leftovers': [81600, 92981, 24586, 80507, 48909, 56302, 48279, 39596, 8177, 41048, 54709, 2141, 36382, 30231, 79303, 45906, 3600, 72448, 85756, 62232, 76728, 12314, 10402, 99348, 82540, 3143, 2927, 63383, 24684, 56849, 91234, 96607, 11663, 55655, 70782, 65921, 46458, 89721, 42004, 84925, 23942, 57205, 447, 66040, 89769, 37633, 53881, 33471, 84899, 77962, 79382, 63421, 42354, 22565, 54622, 78399, 707, 24478, 73210, 60708, 91176, 39440, 68267, 67164, 86078, 78891, 1648, 1984, 34860, 67089, 14873, 85945, 27946, 91486, 43571, 81436, 24346, 46853, 90833, 93204, 67569, 28562, 65707, 64260, 79507, 5703, 7091, 64658, 51775, 12742, 9851, 57202, 62567, 20339, 98771, 84993, 42327, 6461, 36932, 81439, 47467, 62039, 83881, 12894, 32233, 8056, 28809, 72665, 37010, 26904, 8831, 28758, 41940, 50619, 13705, 77050, 31928, 98645, 56591, 24230, 79582, 27434, 95976, 64454, 7019, 17483, 21240, 67326, 59414, 72680, 9039, 51925, 93310, 67483, 64406, 48515, 88431, 2658, 13619, 9790, 17053, 28910, 57659, 77924, 99848, 89052, 47667, 8134, 19606, 85887, 52665, 28157, 42807, 17016, 89094, 61528, 2617, 28737, 93170, 38813, 99354, 15028, 23722, 65353, 29533, 99753, 41981, 50418, 14162, 78477, 44874, 48013, 99700, 22092, 35260, 90200, 89643, 20702, 91024, 9577, 56981, 30550, 61179, 18259, 57231, 87191, 55757, 3244, 78476, 74777, 24995, 31614, 77943, 7036, 49566, 58360, 3004, 53252, 66953, 74656, 74210, 27963, 52379, 63796, 99017, 55895, 25648, 47745, 62726, 60872, 9501, 49057, 94539, 87198, 63764, 99938, 10128, 80210, 46135, 51655, 83482, 38148, 24164, 27359, 56722, 28341, 25100, 45456, 58831, 30641, 35297, 10655, 57535, 34439, 9062, 29603, 80404, 81266, 30591, 52083, 4329, 59237, 41782, 63886, 44622, 7276, 5883, 7811, 9363, 36177, 85829, 72401, 69637, 5311, 68134, 6919, 88426, 70653, 4616, 46013, 92629, 59024, 92702, 43046, 89779, 385, 55229, 28239, 12254, 26194, 26075, 97973, 61281, 36055, 35286, 66986, 28883, 19934, 88098, 4790, 83498, 37148, 15666, 87010, 55539, 7569, 68859, 64018, 42555, 25550, 49766, 42788, 84258, 51569, 68268, 3156, 96561, 85693, 51070, 36377, 65819, 96179, 39579, 24584, 28035, 59376, 1204, 11150, 48792, 45926, 85267, 91074, 94546, 96796, 37903, 59781, 4539, 61677, 99460, 13625, 61547, 50670, 13613, 59753, 22915, 2621, 41331, 81995, 39637, 22957, 79002, 77248, 80855, 23226, 52229, 79789, 70273, 33650, 98693, 42923, 5145, 90463, 16373, 37110, 73707, 81260, 22037, 73958, 71109, 87766, 33357, 36160, 30428, 68575, 62987, 54541, 93429, 10734, 56468, 10160, 92379, 48026, 42646, 26036, 13198, 24697, 89401, 2013, 24257, 16393, 7549, 56761, 59383, 92698, 47833, 9115, 80083, 27886, 98520, 84184, 46396, 32324, 55136, 33043, 94733, 39299, 68268, 17957, 41681, 95283, 74312, 19569, 5501, 96364, 37614, 98620, 35413, 23136, 13438, 71840, 85129, 48571, 41673, 12536, 28619, 39045, 31089, 96567, 57611, 19490, 3253, 59735, 37115, 23031, 12955, 69562, 87443, 43955, 64586, 64395, 83855, 28306, 89637, 82455, 41564, 62224, 83458, 72706, 39687, 18580, 37123, 88608, 78134, 31325, 99919, 83099, 93340, 64560, 40152, 49911, 90599, 5214, 94580, 49233, 60885, 57752, 18427, 57803, 29767, 82380, 44062, 42873, 35236, 96454, 6296, 761, 18195, 33989, 94984, 70688, 90636, 6806, 73662, 94256, 41102, 28770, 46150, 73640, 11449, 24920, 21310, 85454, 94863, 91863, 23315, 17597, 20217, 91794, 34166, 77109, 46637, 32144, 83158, 26247, 76783, 57366, 76170, 90953, 82914, 78347, 9798, 36943, 73386, 68382, 52072, 12414, 41189, 86486, 60473, 16665, 45781, 59592, 86919, 63519, 25794, 53453, 64363, 96508, 16128, 92416, 22277, 24310, 86063, 67165, 46227, 54481, 89870, 69212, 62340, 60412, 71112, 23023, 34509, 92116, 7217, 63002, 41259, 50000, 8793, 4594, 30483, 62653, 83938, 83503, 31483, 10365, 49442, 30804, 45981, 6968, 91617, 92210, 54325, 96831, 5008, 28389, 68581, 10722, 76148, 95354, 73970, 68860, 62036, 98213, 81300, 79566, 11781, 37080, 43953, 62574, 60034, 62154, 78716, 7847, 44434, 11159, 20786, 57220, 86148, 89532, 79123, 19828, 71554, 38321, 92355, 28120, 6885, 40594, 84932, 47779, 99847, 92498, 86367, 71489, 51939, 10303, 75651, 2814, 54873, 58078, 82260, 4131, 16111, 36323, 80831, 56586, 23086, 62810, 48333, 30508, 86384, 27684, 56737, 96345, 97308, 91048, 25778, 26424, 16979, 77059, 87484, 650, 10501, 7664, 42399, 66368, 72428, 90313, 68581, 95408, 58719, 7010, 71100, 38694, 62269, 88515, 87114, 60082, 74975, 47648, 95486, 87637, 66308, 20895, 66554, 33908, 42049, 56894, 28029, 53349, 69094, 28178, 10701, 80203, 12390, 30718, 61309, 79054, 80067, 87669, 18429, 56382, 67438, 53640, 19668, 83077, 8515, 32853, 16711, 65061, 42899, 66125, 28921, 47414, 77777, 7836, 59293, 12583, 45182, 70935, 11108, 65079, 57419, 58720, 99394, 41111, 59469, 41454, 95010, 96686, 20780, 37583, 91647, 99794, 21826, 42117, 12468, 34122, 46653, 81774, 80852, 20118, 37608, 92311, 79336, 51578, 35457, 31958, 86730, 96687, 11146, 78075, 16211, 44286, 64844, 65338, 10895, 10275, 77020, 73939, 97538, 77164, 89934, 19330, 65432, 21836, 62675, 2218, 30434, 72578, 3673, 40750, 56210, 87412, 64425, 15775, 78636, 80433, 91705, 39505, 7027, 29105, 87238, 78396, 99457, 72495, 465, 26796, 81547, 80667, 30823, 69059, 7899, 78032, 78440, 81817, 20294, 87763, 12034, 87734, 24471, 82031, 64016, 50288, 34228, 63282, 50920, 30581, 84203, 633, 87248, 12770, 97953, 13053, 95572, 37949, 74063, 36227, 29715, 49813, 21145, 87009, 80874, 37059, 87639, 40612, 24590, 86721, 77317, 98113, 76274, 67052, 89971, 13754, 59718, 87879, 93901, 12293, 67642, 78449, 64313, 44591, 70027, 35247, 66295, 59710, 40038, 34813, 87962, 6454, 75437, 34184, 50284, 17941, 64231, 49977, 2028, 59502, 60727, 26582, 79999, 6279, 85230, 43569, 67203, 58331, 72913, 30171, 1727, 41946, 90745, 71914, 86277, 5832, 11177, 57599, 86212, 61606, 28255, 80106, 54547, 15980, 77212, 3027, 83112, 17125, 76921, 4837, 26444, 13210, 89259, 46651, 77381, 66788, 11296, 33774, 81105, 70945, 61130, 72200, 65714, 63243, 61476, 76626, 59438, 32822, 8711, 94850, 65916, 7693, 21486, 24715, 26506, 21007, 33133, 38566, 99647, 25770, 19442, 13318, 78963, 57647, 12222, 92372, 45896, 92440, 69281, 19151, 44863, 76918, 22077, 63058, 94435, 38449, 64109, 20310, 83672, 22901, 14278, 33390, 13900, 63275, 55898, 16247, 33785, 54297, 8437, 54820, 83410, 95313, 67626, 61778, 10727, 89377, 37482, 45594, 34932, 17260, 28241, 94797, 26052, 23531, 90086, 15960, 81528, 32321, 35167, 20274, 11327, 18349, 24819, 16188, 45023, 56618, 85558, 52445, 76045, 7010, 39667, 97499, 27217, 6922, 66669, 41143, 82468, 17121, 9153, 82171, 29623, 91642, 3023, 69588, 47419, 86211, 71966, 80845, 68320, 13455, 37727, 52220, 74702, 43968, 32800, 43782, 66266, 15493, 61506, 51999, 45231, 78441, 55374, 45332, 33666, 99772, 17526, 93054, 75932, 18681, 44005, 52642, 79466, 41665, 71733, 67212, 52963, 45410, 97177, 3676, 65899, 60266, 6015, 31478, 67272, 29789, 47236, 62659, 19112, 76732, 55297, 44711, 19662, 33344, 75613, 43681, 51180, 63551, 81969, 93251, 48767, 14416]})"
141.0,3,12,43,10.330274105072021,418,"Genotype(dna={""<class 'abc.NT_0012'>"": [0, 89047], ""<class 'abc.NT_0012_P_00000'>"": [], ""<class 'abc.NT_0007'>"": [55058, 96429, 2662], ""<class 'abc.NT_0007_P_00000'>"": [], ""<class 'abc.NT_0002'>"": [0, 48333, 27356], ""<class 'abc.NT_0002_P_00000'>"": [], ""<class 'abc.NT_0000'>"": [42184, 70052, 0, 91804, 0, 0, 36773, 0, 64804], ""<class 'abc.NT_0000_P_00000'>"": [], ""<class 'abc.NT_0001'>"": [0, 49937, 0, 86169, 43681], ""<class 'abc.NT_0001_P_00000'>"": [], ""<class 'bool'>"": [70796, 41936, 41546, 8512, 21121, 28869], ""<class 'int'>"": [25155, 52427, 13216, 14861, 37066, 43227, 14416], ""<class 'abc.NT_0005'>"": [0, 37639], ""<class 'abc.NT_0005_P_00000'>"": [], ""<class 'abc.NT_0003'>"": [33650, 52703], ""<class 'abc.NT_0003_P_00000'>"": [], ""<class 'abc.NT_0004'>"": [0, 59983], ""<class 'abc.NT_0004_P_00000'>"": [], '$leftovers': [81600, 92981, 24586, 80507, 48909, 56302, 48279, 39596, 8177, 41048, 54709, 2141, 36382, 30231, 79303, 45906, 3600, 72448, 85756, 62232, 76728, 12314, 10402, 99348, 82540, 3143, 2927, 63383, 24684, 56849, 91234, 96607, 11663, 55655, 70782, 65921, 46458, 89721, 42004, 84925, 23942, 57205, 447, 66040, 89769, 37633, 53881, 33471, 84899, 77962, 79382, 63421, 42354, 22565, 54622, 78399, 707, 24478, 73210, 60708, 91176, 39440, 68267, 67164, 86078, 78891, 1648, 1984, 34860, 67089, 14873, 85945, 27946, 91486, 43571, 81436, 24346, 46853, 90833, 93204, 67569, 28562, 65707, 64260, 79507, 5703, 7091, 64658, 51775, 12742, 9851, 57202, 62567, 20339, 98771, 84993, 42327, 6461, 36932, 81439, 47467, 62039, 83881, 12894, 32233, 8056, 28809, 72665, 37010, 26904, 8831, 28758, 41940, 50619, 13705, 77050, 31928, 98645, 56591, 24230, 79582, 27434, 95976, 64454, 7019, 17483, 21240, 67326, 59414, 72680, 9039, 51925, 93310, 67483, 64406, 48515, 88431, 2658, 13619, 9790, 17053, 28910, 57659, 77924, 99848, 89052, 47667, 8134, 19606, 85887, 52665, 28157, 42807, 17016, 89094, 61528, 2617, 28737, 93170, 38813, 99354, 15028, 23722, 65353, 29533, 99753, 41981, 50418, 14162, 78477, 44874, 48013, 99700, 22092, 35260, 90200, 89643, 20702, 91024, 9577, 56981, 30550, 61179, 18259, 57231, 87191, 55757, 3244, 78476, 74777, 24995, 31614, 77943, 7036, 49566, 58360, 3004, 53252, 66953, 74656, 74210, 27963, 52379, 63796, 99017, 55895, 25648, 47745, 62726, 60872, 9501, 49057, 94539, 87198, 63764, 99938, 10128, 80210, 46135, 51655, 83482, 38148, 24164, 27359, 56722, 28341, 25100, 45456, 58831, 30641, 35297, 10655, 57535, 34439, 9062, 29603, 80404, 81266, 30591, 52083, 4329, 59237, 41782, 63886, 44622, 7276, 5883, 7811, 9363, 36177, 85829, 72401, 69637, 5311, 68134, 6919, 88426, 70653, 4616, 46013, 92629, 59024, 92702, 43046, 89779, 385, 55229, 28239, 12254, 26194, 26075, 97973, 61281, 36055, 35286, 66986, 28883, 19934, 88098, 4790, 83498, 37148, 15666, 87010, 55539, 7569, 68859, 64018, 42555, 25550, 49766, 42788, 84258, 51569, 68268, 3156, 96561, 85693, 51070, 36377, 65819, 96179, 39579, 24584, 28035, 59376, 1204, 11150, 48792, 45926, 85267, 91074, 94546, 96796, 37903, 59781, 4539, 61677, 99460, 13625, 61547, 50670, 13613, 59753, 22915, 2621, 41331, 81995, 39637, 22957, 79002, 77248, 80855, 23226, 52229, 79789, 70273, 33650, 98693, 42923, 5145, 90463, 16373, 37110, 73707, 81260, 22037, 73958, 71109, 87766, 33357, 36160, 30428, 68575, 62987, 54541, 93429, 10734, 56468, 10160, 92379, 48026, 42646, 26036, 13198, 24697, 89401, 2013, 24257, 16393, 7549, 56761, 59383, 92698, 47833, 9115, 80083, 27886, 98520, 84184, 46396, 32324, 55136, 33043, 94733, 39299, 68268, 17957, 41681, 95283, 74312, 19569, 5501, 96364, 37614, 98620, 35413, 23136, 13438, 71840, 85129, 48571, 41673, 12536, 28619, 39045, 31089, 96567, 57611, 19490, 3253, 59735, 37115, 23031, 12955, 69562, 87443, 43955, 64586, 64395, 83855, 28306, 89637, 82455, 41564, 62224, 83458, 72706, 39687, 18580, 37123, 88608, 78134, 31325, 99919, 83099, 93340, 64560, 40152, 49911, 90599, 5214, 94580, 49233, 60885, 57752, 18427, 57803, 29767, 82380, 44062, 42873, 35236, 96454, 6296, 761, 18195, 33989, 94984, 70688, 90636, 6806, 73662, 94256, 41102, 28770, 46150, 73640, 11449, 24920, 21310, 85454, 94863, 91863, 23315, 17597, 20217, 91794, 34166, 77109, 46637, 32144, 83158, 26247, 76783, 57366, 76170, 90953, 82914, 78347, 9798, 36943, 73386, 68382, 52072, 12414, 41189, 86486, 60473, 16665, 45781, 59592, 86919, 63519, 25794, 53453, 64363, 96508, 16128, 92416, 22277, 24310, 86063, 67165, 46227, 54481, 89870, 69212, 62340, 60412, 71112, 23023, 34509, 92116, 7217, 63002, 41259, 50000, 8793, 4594, 30483, 62653, 83938, 83503, 31483, 10365, 49442, 30804, 45981, 6968, 91617, 92210, 54325, 96831, 5008, 28389, 68581, 10722, 76148, 95354, 73970, 68860, 62036, 98213, 81300, 79566, 11781, 37080, 43953, 62574, 60034, 62154, 78716, 7847, 44434, 11159, 20786, 57220, 86148, 89532, 79123, 19828, 71554, 38321, 92355, 28120, 6885, 40594, 84932, 47779, 99847, 92498, 86367, 71489, 51939, 10303, 75651, 2814, 54873, 58078, 82260, 4131, 16111, 36323, 80831, 56586, 23086, 62810, 48333, 30508, 86384, 27684, 56737, 96345, 97308, 91048, 25778, 26424, 16979, 77059, 87484, 650, 10501, 7664, 42399, 66368, 72428, 90313, 68581, 95408, 58719, 7010, 71100, 38694, 62269, 88515, 87114, 60082, 74975, 47648, 95486, 87637, 66308, 20895, 66554, 33908, 42049, 56894, 28029, 53349, 69094, 28178, 10701, 80203, 12390, 30718, 61309, 79054, 80067, 87669, 18429, 56382, 67438, 53640, 19668, 83077, 8515, 32853, 16711, 65061, 42899, 66125, 28921, 47414, 77777, 7836, 59293, 12583, 45182, 70935, 11108, 65079, 57419, 58720, 99394, 41111, 59469, 41454, 95010, 96686, 20780, 37583, 91647, 99794, 21826, 42117, 12468, 34122, 46653, 81774, 80852, 20118, 37608, 92311, 79336, 51578, 35457, 31958, 86730, 96687, 11146, 78075, 16211, 44286, 64844, 65338, 10895, 10275, 77020, 73939, 97538, 77164, 89934, 19330, 65432, 21836, 62675, 2218, 30434, 72578, 3673, 40750, 56210, 87412, 64425, 15775, 78636, 80433, 91705, 39505, 7027, 29105, 87238, 78396, 99457, 72495, 465, 26796, 81547, 80667, 30823, 69059, 7899, 78032, 78440, 81817, 20294, 87763, 12034, 87734, 24471, 82031, 64016, 50288, 34228, 63282, 50920, 30581, 84203, 633, 87248, 12770, 97953, 13053, 95572, 37949, 74063, 36227, 29715, 49813, 21145, 87009, 80874, 37059, 87639, 40612, 24590, 86721, 77317, 98113, 76274, 67052, 89971, 13754, 59718, 87879, 93901, 12293, 67642, 78449, 64313, 44591, 70027, 35247, 66295, 59710, 40038, 34813, 87962, 6454, 75437, 34184, 50284, 17941, 64231, 49977, 2028, 59502, 60727, 26582, 79999, 6279, 85230, 43569, 67203, 58331, 72913, 30171, 1727, 41946, 90745, 71914, 86277, 5832, 11177, 57599, 86212, 61606, 28255, 80106, 54547, 15980, 77212, 3027, 83112, 17125, 76921, 4837, 26444, 13210, 89259, 46651, 77381, 66788, 11296, 33774, 81105, 70945, 61130, 72200, 65714, 63243, 61476, 76626, 59438, 32822, 8711, 94850, 65916, 7693, 21486, 24715, 26506, 21007, 33133, 38566, 99647, 25770, 19442, 13318, 78963, 57647, 12222, 92372, 45896, 92440, 69281, 19151, 44863, 76918, 22077, 63058, 94435, 38449, 64109, 20310, 83672, 22901, 14278, 33390, 13900, 63275, 55898, 16247, 33785, 54297, 8437, 54820, 83410, 95313, 67626, 61778, 10727, 89377, 37482, 45594, 34932, 17260, 28241, 94797, 26052, 23531, 90086, 15960, 81528, 32321, 35167, 20274, 11327, 18349, 24819, 16188, 45023, 56618, 85558, 52445, 76045, 7010, 39667, 97499, 27217, 6922, 66669, 41143, 82468, 17121, 9153, 82171, 29623, 91642, 3023, 69588, 47419, 86211, 71966, 80845, 68320, 13455, 37727, 52220, 74702, 43968, 32800, 43782, 66266, 15493, 61506, 51999, 45231, 78441, 55374, 45332, 33666, 99772, 17526, 93054, 75932, 18681, 44005, 52642, 79466, 41665, 71733, 67212, 52963, 45410, 97177, 3676, 65899, 60266, 6015, 31478, 67272, 29789, 47236, 62659, 19112, 76732, 55297, 44711, 19662, 33344, 75613, 43681, 51180, 63551, 81969, 93251, 48767, 14416]})"
141.0,3,12,44,10.407580614089966,418,"Genotype(dna={""<class 'abc.NT_0012'>"": [0, 89047], ""<class 'abc.NT_0012_P_00000'>"": [], ""<class 'abc.NT_0007'>"": [55058, 96429, 2662], ""<class 'abc.NT_0007_P_00000'>"": [], ""<class 'abc.NT_0002'>"": [0, 48333, 27356], ""<class 'abc.NT_0002_P_00000'>"": [], ""<class 'abc.NT_0000'>"": [42184, 70052, 0, 91804, 0, 0, 36773, 0, 64804], ""<class 'abc.NT_0000_P_00000'>"": [], ""<class 'abc.NT_0001'>"": [0, 49937, 0, 86169, 43681], ""<class 'abc.NT_0001_P_00000'>"": [], ""<class 'bool'>"": [70796, 41936, 41546, 8512, 21121, 28869], ""<class 'int'>"": [25155, 52427, 13216, 14861, 37066, 43227, 14416], ""<class 'abc.NT_0005'>"": [0, 37639], ""<class 'abc.NT_0005_P_00000'>"": [], ""<class 'abc.NT_0003'>"": [33650, 52703], ""<class 'abc.NT_0003_P_00000'>"": [], ""<class 'abc.NT_0004'>"": [0, 59983], ""<class 'abc.NT_0004_P_00000'>"": [], '$leftovers': [81600, 92981, 24586, 80507, 48909, 56302, 48279, 39596, 8177, 41048, 54709, 2141, 36382, 30231, 79303, 45906, 3600, 72448, 85756, 62232, 76728, 12314, 10402, 99348, 82540, 3143, 2927, 63383, 24684, 56849, 91234, 96607, 11663, 55655, 70782, 65921, 46458, 89721, 42004, 84925, 23942, 57205, 447, 66040, 89769, 37633, 53881, 33471, 84899, 77962, 79382, 63421, 42354, 22565, 54622, 78399, 707, 24478, 73210, 60708, 91176, 39440, 68267, 67164, 86078, 78891, 1648, 1984, 34860, 67089, 14873, 85945, 27946, 91486, 43571, 81436, 24346, 46853, 90833, 93204, 67569, 28562, 65707, 64260, 79507, 5703, 7091, 64658, 51775, 12742, 9851, 57202, 62567, 20339, 98771, 84993, 42327, 6461, 36932, 81439, 47467, 62039, 83881, 12894, 32233, 8056, 28809, 72665, 37010, 26904, 8831, 28758, 41940, 50619, 13705, 77050, 31928, 98645, 56591, 24230, 79582, 27434, 95976, 64454, 7019, 17483, 21240, 67326, 59414, 72680, 9039, 51925, 93310, 67483, 64406, 48515, 88431, 2658, 13619, 9790, 17053, 28910, 57659, 77924, 99848, 89052, 47667, 8134, 19606, 85887, 52665, 28157, 42807, 17016, 89094, 61528, 2617, 28737, 93170, 38813, 99354, 15028, 23722, 65353, 29533, 99753, 41981, 50418, 14162, 78477, 44874, 48013, 99700, 22092, 35260, 90200, 89643, 20702, 91024, 9577, 56981, 30550, 61179, 18259, 57231, 87191, 55757, 3244, 78476, 74777, 24995, 31614, 77943, 7036, 49566, 58360, 3004, 53252, 66953, 74656, 74210, 27963, 52379, 63796, 99017, 55895, 25648, 47745, 62726, 60872, 9501, 49057, 94539, 87198, 63764, 99938, 10128, 80210, 46135, 51655, 83482, 38148, 24164, 27359, 56722, 28341, 25100, 45456, 58831, 30641, 35297, 10655, 57535, 34439, 9062, 29603, 80404, 81266, 30591, 52083, 4329, 59237, 41782, 63886, 44622, 7276, 5883, 7811, 9363, 36177, 85829, 72401, 69637, 5311, 68134, 6919, 88426, 70653, 4616, 46013, 92629, 59024, 92702, 43046, 89779, 385, 55229, 28239, 12254, 26194, 26075, 97973, 61281, 36055, 35286, 66986, 28883, 19934, 88098, 4790, 83498, 37148, 15666, 87010, 55539, 7569, 68859, 64018, 42555, 25550, 49766, 42788, 84258, 51569, 68268, 3156, 96561, 85693, 51070, 36377, 65819, 96179, 39579, 24584, 28035, 59376, 1204, 11150, 48792, 45926, 85267, 91074, 94546, 96796, 37903, 59781, 4539, 61677, 99460, 13625, 61547, 50670, 13613, 59753, 22915, 2621, 41331, 81995, 39637, 22957, 79002, 77248, 80855, 23226, 52229, 79789, 70273, 33650, 98693, 42923, 5145, 90463, 16373, 37110, 73707, 81260, 22037, 73958, 71109, 87766, 33357, 36160, 30428, 68575, 62987, 54541, 93429, 10734, 56468, 10160, 92379, 48026, 42646, 26036, 13198, 24697, 89401, 2013, 24257, 16393, 7549, 56761, 59383, 92698, 47833, 9115, 80083, 27886, 98520, 84184, 46396, 32324, 55136, 33043, 94733, 39299, 68268, 17957, 41681, 95283, 74312, 19569, 5501, 96364, 37614, 98620, 35413, 23136, 13438, 71840, 85129, 48571, 41673, 12536, 28619, 39045, 31089, 96567, 57611, 19490, 3253, 59735, 37115, 23031, 12955, 69562, 87443, 43955, 64586, 64395, 83855, 28306, 89637, 82455, 41564, 62224, 83458, 72706, 39687, 18580, 37123, 88608, 78134, 31325, 99919, 83099, 93340, 64560, 40152, 49911, 90599, 5214, 94580, 49233, 60885, 57752, 18427, 57803, 29767, 82380, 44062, 42873, 35236, 96454, 6296, 761, 18195, 33989, 94984, 70688, 90636, 6806, 73662, 94256, 41102, 28770, 46150, 73640, 11449, 24920, 21310, 85454, 94863, 91863, 23315, 17597, 20217, 91794, 34166, 77109, 46637, 32144, 83158, 26247, 76783, 57366, 76170, 90953, 82914, 78347, 9798, 36943, 73386, 68382, 52072, 12414, 41189, 86486, 60473, 16665, 45781, 59592, 86919, 63519, 25794, 53453, 64363, 96508, 16128, 92416, 22277, 24310, 86063, 67165, 46227, 54481, 89870, 69212, 62340, 60412, 71112, 23023, 34509, 92116, 7217, 63002, 41259, 50000, 8793, 4594, 30483, 62653, 83938, 83503, 31483, 10365, 49442, 30804, 45981, 6968, 91617, 92210, 54325, 96831, 5008, 28389, 68581, 10722, 76148, 95354, 73970, 68860, 62036, 98213, 81300, 79566, 11781, 37080, 43953, 62574, 60034, 62154, 78716, 7847, 44434, 11159, 20786, 57220, 86148, 89532, 79123, 19828, 71554, 38321, 92355, 28120, 6885, 40594, 84932, 47779, 99847, 92498, 86367, 71489, 51939, 10303, 75651, 2814, 54873, 58078, 82260, 4131, 16111, 36323, 80831, 56586, 23086, 62810, 48333, 30508, 86384, 27684, 56737, 96345, 97308, 91048, 25778, 26424, 16979, 77059, 87484, 650, 10501, 7664, 42399, 66368, 72428, 90313, 68581, 95408, 58719, 7010, 71100, 38694, 62269, 88515, 87114, 60082, 74975, 47648, 95486, 87637, 66308, 20895, 66554, 33908, 42049, 56894, 28029, 53349, 69094, 28178, 10701, 80203, 12390, 30718, 61309, 79054, 80067, 87669, 18429, 56382, 67438, 53640, 19668, 83077, 8515, 32853, 16711, 65061, 42899, 66125, 28921, 47414, 77777, 7836, 59293, 12583, 45182, 70935, 11108, 65079, 57419, 58720, 99394, 41111, 59469, 41454, 95010, 96686, 20780, 37583, 91647, 99794, 21826, 42117, 12468, 34122, 46653, 81774, 80852, 20118, 37608, 92311, 79336, 51578, 35457, 31958, 86730, 96687, 11146, 78075, 16211, 44286, 64844, 65338, 10895, 10275, 77020, 73939, 97538, 77164, 89934, 19330, 65432, 21836, 62675, 2218, 30434, 72578, 3673, 40750, 56210, 87412, 64425, 15775, 78636, 80433, 91705, 39505, 7027, 29105, 87238, 78396, 99457, 72495, 465, 26796, 81547, 80667, 30823, 69059, 7899, 78032, 78440, 81817, 20294, 87763, 12034, 87734, 24471, 82031, 64016, 50288, 34228, 63282, 50920, 30581, 84203, 633, 87248, 12770, 97953, 13053, 95572, 37949, 74063, 36227, 29715, 49813, 21145, 87009, 80874, 37059, 87639, 40612, 24590, 86721, 77317, 98113, 76274, 67052, 89971, 13754, 59718, 87879, 93901, 12293, 67642, 78449, 64313, 44591, 70027, 35247, 66295, 59710, 40038, 34813, 87962, 6454, 75437, 34184, 50284, 17941, 64231, 49977, 2028, 59502, 60727, 26582, 79999, 6279, 85230, 43569, 67203, 58331, 72913, 30171, 1727, 41946, 90745, 71914, 86277, 5832, 11177, 57599, 86212, 61606, 28255, 80106, 54547, 15980, 77212, 3027, 83112, 17125, 76921, 4837, 26444, 13210, 89259, 46651, 77381, 66788, 11296, 33774, 81105, 70945, 61130, 72200, 65714, 63243, 61476, 76626, 59438, 32822, 8711, 94850, 65916, 7693, 21486, 24715, 26506, 21007, 33133, 38566, 99647, 25770, 19442, 13318, 78963, 57647, 12222, 92372, 45896, 92440, 69281, 19151, 44863, 76918, 22077, 63058, 94435, 38449, 64109, 20310, 83672, 22901, 14278, 33390, 13900, 63275, 55898, 16247, 33785, 54297, 8437, 54820, 83410, 95313, 67626, 61778, 10727, 89377, 37482, 45594, 34932, 17260, 28241, 94797, 26052, 23531, 90086, 15960, 81528, 32321, 35167, 20274, 11327, 18349, 24819, 16188, 45023, 56618, 85558, 52445, 76045, 7010, 39667, 97499, 27217, 6922, 66669, 41143, 82468, 17121, 9153, 82171, 29623, 91642, 3023, 69588, 47419, 86211, 71966, 80845, 68320, 13455, 37727, 52220, 74702, 43968, 32800, 43782, 66266, 15493, 61506, 51999, 45231, 78441, 55374, 45332, 33666, 99772, 17526, 93054, 75932, 18681, 44005, 52642, 79466, 41665, 71733, 67212, 52963, 45410, 97177, 3676, 65899, 60266, 6015, 31478, 67272, 29789, 47236, 62659, 19112, 76732, 55297, 44711, 19662, 33344, 75613, 43681, 51180, 63551, 81969, 93251, 48767, 14416]})"
141.0,3,12,45,10.501961708068848,418,"Genotype(dna={""<class 'abc.NT_0012'>"": [0, 89047], ""<class 'abc.NT_0012_P_00000'>"": [], ""<class 'abc.NT_0007'>"": [55058, 96429, 2662], ""<class 'abc.NT_0007_P_00000'>"": [], ""<class 'abc.NT_0002'>"": [0, 48333, 27356], ""<class 'abc.NT_0002_P_00000'>"": [], ""<class 'abc.NT_0000'>"": [42184, 70052, 0, 91804, 0, 0, 36773, 0, 64804], ""<class 'abc.NT_0000_P_00000'>"": [], ""<class 'abc.NT_0001'>"": [0, 49937, 0, 86169, 43681], ""<class 'abc.NT_0001_P_00000'>"": [], ""<class 'bool'>"": [70796, 41936, 41546, 8512, 21121, 28869], ""<class 'int'>"": [25155, 52427, 13216, 14861, 37066, 43227, 14416], ""<class 'abc.NT_0005'>"": [0, 37639], ""<class 'abc.NT_0005_P_00000'>"": [], ""<class 'abc.NT_0003'>"": [33650, 52703], ""<class 'abc.NT_0003_P_00000'>"": [], ""<class 'abc.NT_0004'>"": [0, 59983], ""<class 'abc.NT_0004_P_00000'>"": [], '$leftovers': [81600, 92981, 24586, 80507, 48909, 56302, 48279, 39596, 8177, 41048, 54709, 2141, 36382, 30231, 79303, 45906, 3600, 72448, 85756, 62232, 76728, 12314, 10402, 99348, 82540, 3143, 2927, 63383, 24684, 56849, 91234, 96607, 11663, 55655, 70782, 65921, 46458, 89721, 42004, 84925, 23942, 57205, 447, 66040, 89769, 37633, 53881, 33471, 84899, 77962, 79382, 63421, 42354, 22565, 54622, 78399, 707, 24478, 73210, 60708, 91176, 39440, 68267, 67164, 86078, 78891, 1648, 1984, 34860, 67089, 14873, 85945, 27946, 91486, 43571, 81436, 24346, 46853, 90833, 93204, 67569, 28562, 65707, 64260, 79507, 5703, 7091, 64658, 51775, 12742, 9851, 57202, 62567, 20339, 98771, 84993, 42327, 6461, 36932, 81439, 47467, 62039, 83881, 12894, 32233, 8056, 28809, 72665, 37010, 26904, 8831, 28758, 41940, 50619, 13705, 77050, 31928, 98645, 56591, 24230, 79582, 27434, 95976, 64454, 7019, 17483, 21240, 67326, 59414, 72680, 9039, 51925, 93310, 67483, 64406, 48515, 88431, 2658, 13619, 9790, 17053, 28910, 57659, 77924, 99848, 89052, 47667, 8134, 19606, 85887, 52665, 28157, 42807, 17016, 89094, 61528, 2617, 28737, 93170, 38813, 99354, 15028, 23722, 65353, 29533, 99753, 41981, 50418, 14162, 78477, 44874, 48013, 99700, 22092, 35260, 90200, 89643, 20702, 91024, 9577, 56981, 30550, 61179, 18259, 57231, 87191, 55757, 3244, 78476, 74777, 24995, 31614, 77943, 7036, 49566, 58360, 3004, 53252, 66953, 74656, 74210, 27963, 52379, 63796, 99017, 55895, 25648, 47745, 62726, 60872, 9501, 49057, 94539, 87198, 63764, 99938, 10128, 80210, 46135, 51655, 83482, 38148, 24164, 27359, 56722, 28341, 25100, 45456, 58831, 30641, 35297, 10655, 57535, 34439, 9062, 29603, 80404, 81266, 30591, 52083, 4329, 59237, 41782, 63886, 44622, 7276, 5883, 7811, 9363, 36177, 85829, 72401, 69637, 5311, 68134, 6919, 88426, 70653, 4616, 46013, 92629, 59024, 92702, 43046, 89779, 385, 55229, 28239, 12254, 26194, 26075, 97973, 61281, 36055, 35286, 66986, 28883, 19934, 88098, 4790, 83498, 37148, 15666, 87010, 55539, 7569, 68859, 64018, 42555, 25550, 49766, 42788, 84258, 51569, 68268, 3156, 96561, 85693, 51070, 36377, 65819, 96179, 39579, 24584, 28035, 59376, 1204, 11150, 48792, 45926, 85267, 91074, 94546, 96796, 37903, 59781, 4539, 61677, 99460, 13625, 61547, 50670, 13613, 59753, 22915, 2621, 41331, 81995, 39637, 22957, 79002, 77248, 80855, 23226, 52229, 79789, 70273, 33650, 98693, 42923, 5145, 90463, 16373, 37110, 73707, 81260, 22037, 73958, 71109, 87766, 33357, 36160, 30428, 68575, 62987, 54541, 93429, 10734, 56468, 10160, 92379, 48026, 42646, 26036, 13198, 24697, 89401, 2013, 24257, 16393, 7549, 56761, 59383, 92698, 47833, 9115, 80083, 27886, 98520, 84184, 46396, 32324, 55136, 33043, 94733, 39299, 68268, 17957, 41681, 95283, 74312, 19569, 5501, 96364, 37614, 98620, 35413, 23136, 13438, 71840, 85129, 48571, 41673, 12536, 28619, 39045, 31089, 96567, 57611, 19490, 3253, 59735, 37115, 23031, 12955, 69562, 87443, 43955, 64586, 64395, 83855, 28306, 89637, 82455, 41564, 62224, 83458, 72706, 39687, 18580, 37123, 88608, 78134, 31325, 99919, 83099, 93340, 64560, 40152, 49911, 90599, 5214, 94580, 49233, 60885, 57752, 18427, 57803, 29767, 82380, 44062, 42873, 35236, 96454, 6296, 761, 18195, 33989, 94984, 70688, 90636, 6806, 73662, 94256, 41102, 28770, 46150, 73640, 11449, 24920, 21310, 85454, 94863, 91863, 23315, 17597, 20217, 91794, 34166, 77109, 46637, 32144, 83158, 26247, 76783, 57366, 76170, 90953, 82914, 78347, 9798, 36943, 73386, 68382, 52072, 12414, 41189, 86486, 60473, 16665, 45781, 59592, 86919, 63519, 25794, 53453, 64363, 96508, 16128, 92416, 22277, 24310, 86063, 67165, 46227, 54481, 89870, 69212, 62340, 60412, 71112, 23023, 34509, 92116, 7217, 63002, 41259, 50000, 8793, 4594, 30483, 62653, 83938, 83503, 31483, 10365, 49442, 30804, 45981, 6968, 91617, 92210, 54325, 96831, 5008, 28389, 68581, 10722, 76148, 95354, 73970, 68860, 62036, 98213, 81300, 79566, 11781, 37080, 43953, 62574, 60034, 62154, 78716, 7847, 44434, 11159, 20786, 57220, 86148, 89532, 79123, 19828, 71554, 38321, 92355, 28120, 6885, 40594, 84932, 47779, 99847, 92498, 86367, 71489, 51939, 10303, 75651, 2814, 54873, 58078, 82260, 4131, 16111, 36323, 80831, 56586, 23086, 62810, 48333, 30508, 86384, 27684, 56737, 96345, 97308, 91048, 25778, 26424, 16979, 77059, 87484, 650, 10501, 7664, 42399, 66368, 72428, 90313, 68581, 95408, 58719, 7010, 71100, 38694, 62269, 88515, 87114, 60082, 74975, 47648, 95486, 87637, 66308, 20895, 66554, 33908, 42049, 56894, 28029, 53349, 69094, 28178, 10701, 80203, 12390, 30718, 61309, 79054, 80067, 87669, 18429, 56382, 67438, 53640, 19668, 83077, 8515, 32853, 16711, 65061, 42899, 66125, 28921, 47414, 77777, 7836, 59293, 12583, 45182, 70935, 11108, 65079, 57419, 58720, 99394, 41111, 59469, 41454, 95010, 96686, 20780, 37583, 91647, 99794, 21826, 42117, 12468, 34122, 46653, 81774, 80852, 20118, 37608, 92311, 79336, 51578, 35457, 31958, 86730, 96687, 11146, 78075, 16211, 44286, 64844, 65338, 10895, 10275, 77020, 73939, 97538, 77164, 89934, 19330, 65432, 21836, 62675, 2218, 30434, 72578, 3673, 40750, 56210, 87412, 64425, 15775, 78636, 80433, 91705, 39505, 7027, 29105, 87238, 78396, 99457, 72495, 465, 26796, 81547, 80667, 30823, 69059, 7899, 78032, 78440, 81817, 20294, 87763, 12034, 87734, 24471, 82031, 64016, 50288, 34228, 63282, 50920, 30581, 84203, 633, 87248, 12770, 97953, 13053, 95572, 37949, 74063, 36227, 29715, 49813, 21145, 87009, 80874, 37059, 87639, 40612, 24590, 86721, 77317, 98113, 76274, 67052, 89971, 13754, 59718, 87879, 93901, 12293, 67642, 78449, 64313, 44591, 70027, 35247, 66295, 59710, 40038, 34813, 87962, 6454, 75437, 34184, 50284, 17941, 64231, 49977, 2028, 59502, 60727, 26582, 79999, 6279, 85230, 43569, 67203, 58331, 72913, 30171, 1727, 41946, 90745, 71914, 86277, 5832, 11177, 57599, 86212, 61606, 28255, 80106, 54547, 15980, 77212, 3027, 83112, 17125, 76921, 4837, 26444, 13210, 89259, 46651, 77381, 66788, 11296, 33774, 81105, 70945, 61130, 72200, 65714, 63243, 61476, 76626, 59438, 32822, 8711, 94850, 65916, 7693, 21486, 24715, 26506, 21007, 33133, 38566, 99647, 25770, 19442, 13318, 78963, 57647, 12222, 92372, 45896, 92440, 69281, 19151, 44863, 76918, 22077, 63058, 94435, 38449, 64109, 20310, 83672, 22901, 14278, 33390, 13900, 63275, 55898, 16247, 33785, 54297, 8437, 54820, 83410, 95313, 67626, 61778, 10727, 89377, 37482, 45594, 34932, 17260, 28241, 94797, 26052, 23531, 90086, 15960, 81528, 32321, 35167, 20274, 11327, 18349, 24819, 16188, 45023, 56618, 85558, 52445, 76045, 7010, 39667, 97499, 27217, 6922, 66669, 41143, 82468, 17121, 9153, 82171, 29623, 91642, 3023, 69588, 47419, 86211, 71966, 80845, 68320, 13455, 37727, 52220, 74702, 43968, 32800, 43782, 66266, 15493, 61506, 51999, 45231, 78441, 55374, 45332, 33666, 99772, 17526, 93054, 75932, 18681, 44005, 52642, 79466, 41665, 71733, 67212, 52963, 45410, 97177, 3676, 65899, 60266, 6015, 31478, 67272, 29789, 47236, 62659, 19112, 76732, 55297, 44711, 19662, 33344, 75613, 43681, 51180, 63551, 81969, 93251, 48767, 14416]})"
141.0,3,12,46,10.58361005783081,418,"Genotype(dna={""<class 'abc.NT_0012'>"": [0, 89047], ""<class 'abc.NT_0012_P_00000'>"": [], ""<class 'abc.NT_0007'>"": [55058, 96429, 2662], ""<class 'abc.NT_0007_P_00000'>"": [], ""<class 'abc.NT_0002'>"": [0, 48333, 27356], ""<class 'abc.NT_0002_P_00000'>"": [], ""<class 'abc.NT_0000'>"": [42184, 70052, 0, 91804, 0, 0, 36773, 0, 64804], ""<class 'abc.NT_0000_P_00000'>"": [], ""<class 'abc.NT_0001'>"": [0, 49937, 0, 86169, 43681], ""<class 'abc.NT_0001_P_00000'>"": [], ""<class 'bool'>"": [70796, 41936, 41546, 8512, 21121, 28869], ""<class 'int'>"": [25155, 52427, 13216, 14861, 37066, 43227, 14416], ""<class 'abc.NT_0005'>"": [0, 37639], ""<class 'abc.NT_0005_P_00000'>"": [], ""<class 'abc.NT_0003'>"": [33650, 52703], ""<class 'abc.NT_0003_P_00000'>"": [], ""<class 'abc.NT_0004'>"": [0, 59983], ""<class 'abc.NT_0004_P_00000'>"": [], '$leftovers': [81600, 92981, 24586, 80507, 48909, 56302, 48279, 39596, 8177, 41048, 54709, 2141, 36382, 30231, 79303, 45906, 3600, 72448, 85756, 62232, 76728, 12314, 10402, 99348, 82540, 3143, 2927, 63383, 24684, 56849, 91234, 96607, 11663, 55655, 70782, 65921, 46458, 89721, 42004, 84925, 23942, 57205, 447, 66040, 89769, 37633, 53881, 33471, 84899, 77962, 79382, 63421, 42354, 22565, 54622, 78399, 707, 24478, 73210, 60708, 91176, 39440, 68267, 67164, 86078, 78891, 1648, 1984, 34860, 67089, 14873, 85945, 27946, 91486, 43571, 81436, 24346, 46853, 90833, 93204, 67569, 28562, 65707, 64260, 79507, 5703, 7091, 64658, 51775, 12742, 9851, 57202, 62567, 20339, 98771, 84993, 42327, 6461, 36932, 81439, 47467, 62039, 83881, 12894, 32233, 8056, 28809, 72665, 37010, 26904, 8831, 28758, 41940, 50619, 13705, 77050, 31928, 98645, 56591, 24230, 79582, 27434, 95976, 64454, 7019, 17483, 21240, 67326, 59414, 72680, 9039, 51925, 93310, 67483, 64406, 48515, 88431, 2658, 13619, 9790, 17053, 28910, 57659, 77924, 99848, 89052, 47667, 8134, 19606, 85887, 52665, 28157, 42807, 17016, 89094, 61528, 2617, 28737, 93170, 38813, 99354, 15028, 23722, 65353, 29533, 99753, 41981, 50418, 14162, 78477, 44874, 48013, 99700, 22092, 35260, 90200, 89643, 20702, 91024, 9577, 56981, 30550, 61179, 18259, 57231, 87191, 55757, 3244, 78476, 74777, 24995, 31614, 77943, 7036, 49566, 58360, 3004, 53252, 66953, 74656, 74210, 27963, 52379, 63796, 99017, 55895, 25648, 47745, 62726, 60872, 9501, 49057, 94539, 87198, 63764, 99938, 10128, 80210, 46135, 51655, 83482, 38148, 24164, 27359, 56722, 28341, 25100, 45456, 58831, 30641, 35297, 10655, 57535, 34439, 9062, 29603, 80404, 81266, 30591, 52083, 4329, 59237, 41782, 63886, 44622, 7276, 5883, 7811, 9363, 36177, 85829, 72401, 69637, 5311, 68134, 6919, 88426, 70653, 4616, 46013, 92629, 59024, 92702, 43046, 89779, 385, 55229, 28239, 12254, 26194, 26075, 97973, 61281, 36055, 35286, 66986, 28883, 19934, 88098, 4790, 83498, 37148, 15666, 87010, 55539, 7569, 68859, 64018, 42555, 25550, 49766, 42788, 84258, 51569, 68268, 3156, 96561, 85693, 51070, 36377, 65819, 96179, 39579, 24584, 28035, 59376, 1204, 11150, 48792, 45926, 85267, 91074, 94546, 96796, 37903, 59781, 4539, 61677, 99460, 13625, 61547, 50670, 13613, 59753, 22915, 2621, 41331, 81995, 39637, 22957, 79002, 77248, 80855, 23226, 52229, 79789, 70273, 33650, 98693, 42923, 5145, 90463, 16373, 37110, 73707, 81260, 22037, 73958, 71109, 87766, 33357, 36160, 30428, 68575, 62987, 54541, 93429, 10734, 56468, 10160, 92379, 48026, 42646, 26036, 13198, 24697, 89401, 2013, 24257, 16393, 7549, 56761, 59383, 92698, 47833, 9115, 80083, 27886, 98520, 84184, 46396, 32324, 55136, 33043, 94733, 39299, 68268, 17957, 41681, 95283, 74312, 19569, 5501, 96364, 37614, 98620, 35413, 23136, 13438, 71840, 85129, 48571, 41673, 12536, 28619, 39045, 31089, 96567, 57611, 19490, 3253, 59735, 37115, 23031, 12955, 69562, 87443, 43955, 64586, 64395, 83855, 28306, 89637, 82455, 41564, 62224, 83458, 72706, 39687, 18580, 37123, 88608, 78134, 31325, 99919, 83099, 93340, 64560, 40152, 49911, 90599, 5214, 94580, 49233, 60885, 57752, 18427, 57803, 29767, 82380, 44062, 42873, 35236, 96454, 6296, 761, 18195, 33989, 94984, 70688, 90636, 6806, 73662, 94256, 41102, 28770, 46150, 73640, 11449, 24920, 21310, 85454, 94863, 91863, 23315, 17597, 20217, 91794, 34166, 77109, 46637, 32144, 83158, 26247, 76783, 57366, 76170, 90953, 82914, 78347, 9798, 36943, 73386, 68382, 52072, 12414, 41189, 86486, 60473, 16665, 45781, 59592, 86919, 63519, 25794, 53453, 64363, 96508, 16128, 92416, 22277, 24310, 86063, 67165, 46227, 54481, 89870, 69212, 62340, 60412, 71112, 23023, 34509, 92116, 7217, 63002, 41259, 50000, 8793, 4594, 30483, 62653, 83938, 83503, 31483, 10365, 49442, 30804, 45981, 6968, 91617, 92210, 54325, 96831, 5008, 28389, 68581, 10722, 76148, 95354, 73970, 68860, 62036, 98213, 81300, 79566, 11781, 37080, 43953, 62574, 60034, 62154, 78716, 7847, 44434, 11159, 20786, 57220, 86148, 89532, 79123, 19828, 71554, 38321, 92355, 28120, 6885, 40594, 84932, 47779, 99847, 92498, 86367, 71489, 51939, 10303, 75651, 2814, 54873, 58078, 82260, 4131, 16111, 36323, 80831, 56586, 23086, 62810, 48333, 30508, 86384, 27684, 56737, 96345, 97308, 91048, 25778, 26424, 16979, 77059, 87484, 650, 10501, 7664, 42399, 66368, 72428, 90313, 68581, 95408, 58719, 7010, 71100, 38694, 62269, 88515, 87114, 60082, 74975, 47648, 95486, 87637, 66308, 20895, 66554, 33908, 42049, 56894, 28029, 53349, 69094, 28178, 10701, 80203, 12390, 30718, 61309, 79054, 80067, 87669, 18429, 56382, 67438, 53640, 19668, 83077, 8515, 32853, 16711, 65061, 42899, 66125, 28921, 47414, 77777, 7836, 59293, 12583, 45182, 70935, 11108, 65079, 57419, 58720, 99394, 41111, 59469, 41454, 95010, 96686, 20780, 37583, 91647, 99794, 21826, 42117, 12468, 34122, 46653, 81774, 80852, 20118, 37608, 92311, 79336, 51578, 35457, 31958, 86730, 96687, 11146, 78075, 16211, 44286, 64844, 65338, 10895, 10275, 77020, 73939, 97538, 77164, 89934, 19330, 65432, 21836, 62675, 2218, 30434, 72578, 3673, 40750, 56210, 87412, 64425, 15775, 78636, 80433, 91705, 39505, 7027, 29105, 87238, 78396, 99457, 72495, 465, 26796, 81547, 80667, 30823, 69059, 7899, 78032, 78440, 81817, 20294, 87763, 12034, 87734, 24471, 82031, 64016, 50288, 34228, 63282, 50920, 30581, 84203, 633, 87248, 12770, 97953, 13053, 95572, 37949, 74063, 36227, 29715, 49813, 21145, 87009, 80874, 37059, 87639, 40612, 24590, 86721, 77317, 98113, 76274, 67052, 89971, 13754, 59718, 87879, 93901, 12293, 67642, 78449, 64313, 44591, 70027, 35247, 66295, 59710, 40038, 34813, 87962, 6454, 75437, 34184, 50284, 17941, 64231, 49977, 2028, 59502, 60727, 26582, 79999, 6279, 85230, 43569, 67203, 58331, 72913, 30171, 1727, 41946, 90745, 71914, 86277, 5832, 11177, 57599, 86212, 61606, 28255, 80106, 54547, 15980, 77212, 3027, 83112, 17125, 76921, 4837, 26444, 13210, 89259, 46651, 77381, 66788, 11296, 33774, 81105, 70945, 61130, 72200, 65714, 63243, 61476, 76626, 59438, 32822, 8711, 94850, 65916, 7693, 21486, 24715, 26506, 21007, 33133, 38566, 99647, 25770, 19442, 13318, 78963, 57647, 12222, 92372, 45896, 92440, 69281, 19151, 44863, 76918, 22077, 63058, 94435, 38449, 64109, 20310, 83672, 22901, 14278, 33390, 13900, 63275, 55898, 16247, 33785, 54297, 8437, 54820, 83410, 95313, 67626, 61778, 10727, 89377, 37482, 45594, 34932, 17260, 28241, 94797, 26052, 23531, 90086, 15960, 81528, 32321, 35167, 20274, 11327, 18349, 24819, 16188, 45023, 56618, 85558, 52445, 76045, 7010, 39667, 97499, 27217, 6922, 66669, 41143, 82468, 17121, 9153, 82171, 29623, 91642, 3023, 69588, 47419, 86211, 71966, 80845, 68320, 13455, 37727, 52220, 74702, 43968, 32800, 43782, 66266, 15493, 61506, 51999, 45231, 78441, 55374, 45332, 33666, 99772, 17526, 93054, 75932, 18681, 44005, 52642, 79466, 41665, 71733, 67212, 52963, 45410, 97177, 3676, 65899, 60266, 6015, 31478, 67272, 29789, 47236, 62659, 19112, 76732, 55297, 44711, 19662, 33344, 75613, 43681, 51180, 63551, 81969, 93251, 48767, 14416]})"
141.0,3,12,47,10.662718296051025,418,"Genotype(dna={""<class 'abc.NT_0012'>"": [0, 89047], ""<class 'abc.NT_0012_P_00000'>"": [], ""<class 'abc.NT_0007'>"": [55058, 96429, 2662], ""<class 'abc.NT_0007_P_00000'>"": [], ""<class 'abc.NT_0002'>"": [0, 48333, 27356], ""<class 'abc.NT_0002_P_00000'>"": [], ""<class 'abc.NT_0000'>"": [42184, 70052, 0, 91804, 0, 0, 36773, 0, 64804], ""<class 'abc.NT_0000_P_00000'>"": [], ""<class 'abc.NT_0001'>"": [0, 49937, 0, 86169, 43681], ""<class 'abc.NT_0001_P_00000'>"": [], ""<class 'bool'>"": [70796, 41936, 41546, 8512, 21121, 28869], ""<class 'int'>"": [25155, 52427, 13216, 14861, 37066, 43227, 14416], ""<class 'abc.NT_0005'>"": [0, 37639], ""<class 'abc.NT_0005_P_00000'>"": [], ""<class 'abc.NT_0003'>"": [33650, 52703], ""<class 'abc.NT_0003_P_00000'>"": [], ""<class 'abc.NT_0004'>"": [0, 59983], ""<class 'abc.NT_0004_P_00000'>"": [], '$leftovers': [81600, 92981, 24586, 80507, 48909, 56302, 48279, 39596, 8177, 41048, 54709, 2141, 36382, 30231, 79303, 45906, 3600, 72448, 85756, 62232, 76728, 12314, 10402, 99348, 82540, 3143, 2927, 63383, 24684, 56849, 91234, 96607, 11663, 55655, 70782, 65921, 46458, 89721, 42004, 84925, 23942, 57205, 447, 66040, 89769, 37633, 53881, 33471, 84899, 77962, 79382, 63421, 42354, 22565, 54622, 78399, 707, 24478, 73210, 60708, 91176, 39440, 68267, 67164, 86078, 78891, 1648, 1984, 34860, 67089, 14873, 85945, 27946, 91486, 43571, 81436, 24346, 46853, 90833, 93204, 67569, 28562, 65707, 64260, 79507, 5703, 7091, 64658, 51775, 12742, 9851, 57202, 62567, 20339, 98771, 84993, 42327, 6461, 36932, 81439, 47467, 62039, 83881, 12894, 32233, 8056, 28809, 72665, 37010, 26904, 8831, 28758, 41940, 50619, 13705, 77050, 31928, 98645, 56591, 24230, 79582, 27434, 95976, 64454, 7019, 17483, 21240, 67326, 59414, 72680, 9039, 51925, 93310, 67483, 64406, 48515, 88431, 2658, 13619, 9790, 17053, 28910, 57659, 77924, 99848, 89052, 47667, 8134, 19606, 85887, 52665, 28157, 42807, 17016, 89094, 61528, 2617, 28737, 93170, 38813, 99354, 15028, 23722, 65353, 29533, 99753, 41981, 50418, 14162, 78477, 44874, 48013, 99700, 22092, 35260, 90200, 89643, 20702, 91024, 9577, 56981, 30550, 61179, 18259, 57231, 87191, 55757, 3244, 78476, 74777, 24995, 31614, 77943, 7036, 49566, 58360, 3004, 53252, 66953, 74656, 74210, 27963, 52379, 63796, 99017, 55895, 25648, 47745, 62726, 60872, 9501, 49057, 94539, 87198, 63764, 99938, 10128, 80210, 46135, 51655, 83482, 38148, 24164, 27359, 56722, 28341, 25100, 45456, 58831, 30641, 35297, 10655, 57535, 34439, 9062, 29603, 80404, 81266, 30591, 52083, 4329, 59237, 41782, 63886, 44622, 7276, 5883, 7811, 9363, 36177, 85829, 72401, 69637, 5311, 68134, 6919, 88426, 70653, 4616, 46013, 92629, 59024, 92702, 43046, 89779, 385, 55229, 28239, 12254, 26194, 26075, 97973, 61281, 36055, 35286, 66986, 28883, 19934, 88098, 4790, 83498, 37148, 15666, 87010, 55539, 7569, 68859, 64018, 42555, 25550, 49766, 42788, 84258, 51569, 68268, 3156, 96561, 85693, 51070, 36377, 65819, 96179, 39579, 24584, 28035, 59376, 1204, 11150, 48792, 45926, 85267, 91074, 94546, 96796, 37903, 59781, 4539, 61677, 99460, 13625, 61547, 50670, 13613, 59753, 22915, 2621, 41331, 81995, 39637, 22957, 79002, 77248, 80855, 23226, 52229, 79789, 70273, 33650, 98693, 42923, 5145, 90463, 16373, 37110, 73707, 81260, 22037, 73958, 71109, 87766, 33357, 36160, 30428, 68575, 62987, 54541, 93429, 10734, 56468, 10160, 92379, 48026, 42646, 26036, 13198, 24697, 89401, 2013, 24257, 16393, 7549, 56761, 59383, 92698, 47833, 9115, 80083, 27886, 98520, 84184, 46396, 32324, 55136, 33043, 94733, 39299, 68268, 17957, 41681, 95283, 74312, 19569, 5501, 96364, 37614, 98620, 35413, 23136, 13438, 71840, 85129, 48571, 41673, 12536, 28619, 39045, 31089, 96567, 57611, 19490, 3253, 59735, 37115, 23031, 12955, 69562, 87443, 43955, 64586, 64395, 83855, 28306, 89637, 82455, 41564, 62224, 83458, 72706, 39687, 18580, 37123, 88608, 78134, 31325, 99919, 83099, 93340, 64560, 40152, 49911, 90599, 5214, 94580, 49233, 60885, 57752, 18427, 57803, 29767, 82380, 44062, 42873, 35236, 96454, 6296, 761, 18195, 33989, 94984, 70688, 90636, 6806, 73662, 94256, 41102, 28770, 46150, 73640, 11449, 24920, 21310, 85454, 94863, 91863, 23315, 17597, 20217, 91794, 34166, 77109, 46637, 32144, 83158, 26247, 76783, 57366, 76170, 90953, 82914, 78347, 9798, 36943, 73386, 68382, 52072, 12414, 41189, 86486, 60473, 16665, 45781, 59592, 86919, 63519, 25794, 53453, 64363, 96508, 16128, 92416, 22277, 24310, 86063, 67165, 46227, 54481, 89870, 69212, 62340, 60412, 71112, 23023, 34509, 92116, 7217, 63002, 41259, 50000, 8793, 4594, 30483, 62653, 83938, 83503, 31483, 10365, 49442, 30804, 45981, 6968, 91617, 92210, 54325, 96831, 5008, 28389, 68581, 10722, 76148, 95354, 73970, 68860, 62036, 98213, 81300, 79566, 11781, 37080, 43953, 62574, 60034, 62154, 78716, 7847, 44434, 11159, 20786, 57220, 86148, 89532, 79123, 19828, 71554, 38321, 92355, 28120, 6885, 40594, 84932, 47779, 99847, 92498, 86367, 71489, 51939, 10303, 75651, 2814, 54873, 58078, 82260, 4131, 16111, 36323, 80831, 56586, 23086, 62810, 48333, 30508, 86384, 27684, 56737, 96345, 97308, 91048, 25778, 26424, 16979, 77059, 87484, 650, 10501, 7664, 42399, 66368, 72428, 90313, 68581, 95408, 58719, 7010, 71100, 38694, 62269, 88515, 87114, 60082, 74975, 47648, 95486, 87637, 66308, 20895, 66554, 33908, 42049, 56894, 28029, 53349, 69094, 28178, 10701, 80203, 12390, 30718, 61309, 79054, 80067, 87669, 18429, 56382, 67438, 53640, 19668, 83077, 8515, 32853, 16711, 65061, 42899, 66125, 28921, 47414, 77777, 7836, 59293, 12583, 45182, 70935, 11108, 65079, 57419, 58720, 99394, 41111, 59469, 41454, 95010, 96686, 20780, 37583, 91647, 99794, 21826, 42117, 12468, 34122, 46653, 81774, 80852, 20118, 37608, 92311, 79336, 51578, 35457, 31958, 86730, 96687, 11146, 78075, 16211, 44286, 64844, 65338, 10895, 10275, 77020, 73939, 97538, 77164, 89934, 19330, 65432, 21836, 62675, 2218, 30434, 72578, 3673, 40750, 56210, 87412, 64425, 15775, 78636, 80433, 91705, 39505, 7027, 29105, 87238, 78396, 99457, 72495, 465, 26796, 81547, 80667, 30823, 69059, 7899, 78032, 78440, 81817, 20294, 87763, 12034, 87734, 24471, 82031, 64016, 50288, 34228, 63282, 50920, 30581, 84203, 633, 87248, 12770, 97953, 13053, 95572, 37949, 74063, 36227, 29715, 49813, 21145, 87009, 80874, 37059, 87639, 40612, 24590, 86721, 77317, 98113, 76274, 67052, 89971, 13754, 59718, 87879, 93901, 12293, 67642, 78449, 64313, 44591, 70027, 35247, 66295, 59710, 40038, 34813, 87962, 6454, 75437, 34184, 50284, 17941, 64231, 49977, 2028, 59502, 60727, 26582, 79999, 6279, 85230, 43569, 67203, 58331, 72913, 30171, 1727, 41946, 90745, 71914, 86277, 5832, 11177, 57599, 86212, 61606, 28255, 80106, 54547, 15980, 77212, 3027, 83112, 17125, 76921, 4837, 26444, 13210, 89259, 46651, 77381, 66788, 11296, 33774, 81105, 70945, 61130, 72200, 65714, 63243, 61476, 76626, 59438, 32822, 8711, 94850, 65916, 7693, 21486, 24715, 26506, 21007, 33133, 38566, 99647, 25770, 19442, 13318, 78963, 57647, 12222, 92372, 45896, 92440, 69281, 19151, 44863, 76918, 22077, 63058, 94435, 38449, 64109, 20310, 83672, 22901, 14278, 33390, 13900, 63275, 55898, 16247, 33785, 54297, 8437, 54820, 83410, 95313, 67626, 61778, 10727, 89377, 37482, 45594, 34932, 17260, 28241, 94797, 26052, 23531, 90086, 15960, 81528, 32321, 35167, 20274, 11327, 18349, 24819, 16188, 45023, 56618, 85558, 52445, 76045, 7010, 39667, 97499, 27217, 6922, 66669, 41143, 82468, 17121, 9153, 82171, 29623, 91642, 3023, 69588, 47419, 86211, 71966, 80845, 68320, 13455, 37727, 52220, 74702, 43968, 32800, 43782, 66266, 15493, 61506, 51999, 45231, 78441, 55374, 45332, 33666, 99772, 17526, 93054, 75932, 18681, 44005, 52642, 79466, 41665, 71733, 67212, 52963, 45410, 97177, 3676, 65899, 60266, 6015, 31478, 67272, 29789, 47236, 62659, 19112, 76732, 55297, 44711, 19662, 33344, 75613, 43681, 51180, 63551, 81969, 93251, 48767, 14416]})"
141.0,3,12,48,10.73693037033081,418,"Genotype(dna={""<class 'abc.NT_0012'>"": [0, 89047], ""<class 'abc.NT_0012_P_00000'>"": [], ""<class 'abc.NT_0007'>"": [55058, 96429, 2662], ""<class 'abc.NT_0007_P_00000'>"": [], ""<class 'abc.NT_0002'>"": [0, 48333, 27356], ""<class 'abc.NT_0002_P_00000'>"": [], ""<class 'abc.NT_0000'>"": [42184, 70052, 0, 91804, 0, 0, 36773, 0, 64804], ""<class 'abc.NT_0000_P_00000'>"": [], ""<class 'abc.NT_0001'>"": [0, 49937, 0, 86169, 43681], ""<class 'abc.NT_0001_P_00000'>"": [], ""<class 'bool'>"": [70796, 41936, 41546, 8512, 21121, 28869], ""<class 'int'>"": [25155, 52427, 13216, 14861, 37066, 43227, 14416], ""<class 'abc.NT_0005'>"": [0, 37639], ""<class 'abc.NT_0005_P_00000'>"": [], ""<class 'abc.NT_0003'>"": [33650, 52703], ""<class 'abc.NT_0003_P_00000'>"": [], ""<class 'abc.NT_0004'>"": [0, 59983], ""<class 'abc.NT_0004_P_00000'>"": [], '$leftovers': [81600, 92981, 24586, 80507, 48909, 56302, 48279, 39596, 8177, 41048, 54709, 2141, 36382, 30231, 79303, 45906, 3600, 72448, 85756, 62232, 76728, 12314, 10402, 99348, 82540, 3143, 2927, 63383, 24684, 56849, 91234, 96607, 11663, 55655, 70782, 65921, 46458, 89721, 42004, 84925, 23942, 57205, 447, 66040, 89769, 37633, 53881, 33471, 84899, 77962, 79382, 63421, 42354, 22565, 54622, 78399, 707, 24478, 73210, 60708, 91176, 39440, 68267, 67164, 86078, 78891, 1648, 1984, 34860, 67089, 14873, 85945, 27946, 91486, 43571, 81436, 24346, 46853, 90833, 93204, 67569, 28562, 65707, 64260, 79507, 5703, 7091, 64658, 51775, 12742, 9851, 57202, 62567, 20339, 98771, 84993, 42327, 6461, 36932, 81439, 47467, 62039, 83881, 12894, 32233, 8056, 28809, 72665, 37010, 26904, 8831, 28758, 41940, 50619, 13705, 77050, 31928, 98645, 56591, 24230, 79582, 27434, 95976, 64454, 7019, 17483, 21240, 67326, 59414, 72680, 9039, 51925, 93310, 67483, 64406, 48515, 88431, 2658, 13619, 9790, 17053, 28910, 57659, 77924, 99848, 89052, 47667, 8134, 19606, 85887, 52665, 28157, 42807, 17016, 89094, 61528, 2617, 28737, 93170, 38813, 99354, 15028, 23722, 65353, 29533, 99753, 41981, 50418, 14162, 78477, 44874, 48013, 99700, 22092, 35260, 90200, 89643, 20702, 91024, 9577, 56981, 30550, 61179, 18259, 57231, 87191, 55757, 3244, 78476, 74777, 24995, 31614, 77943, 7036, 49566, 58360, 3004, 53252, 66953, 74656, 74210, 27963, 52379, 63796, 99017, 55895, 25648, 47745, 62726, 60872, 9501, 49057, 94539, 87198, 63764, 99938, 10128, 80210, 46135, 51655, 83482, 38148, 24164, 27359, 56722, 28341, 25100, 45456, 58831, 30641, 35297, 10655, 57535, 34439, 9062, 29603, 80404, 81266, 30591, 52083, 4329, 59237, 41782, 63886, 44622, 7276, 5883, 7811, 9363, 36177, 85829, 72401, 69637, 5311, 68134, 6919, 88426, 70653, 4616, 46013, 92629, 59024, 92702, 43046, 89779, 385, 55229, 28239, 12254, 26194, 26075, 97973, 61281, 36055, 35286, 66986, 28883, 19934, 88098, 4790, 83498, 37148, 15666, 87010, 55539, 7569, 68859, 64018, 42555, 25550, 49766, 42788, 84258, 51569, 68268, 3156, 96561, 85693, 51070, 36377, 65819, 96179, 39579, 24584, 28035, 59376, 1204, 11150, 48792, 45926, 85267, 91074, 94546, 96796, 37903, 59781, 4539, 61677, 99460, 13625, 61547, 50670, 13613, 59753, 22915, 2621, 41331, 81995, 39637, 22957, 79002, 77248, 80855, 23226, 52229, 79789, 70273, 33650, 98693, 42923, 5145, 90463, 16373, 37110, 73707, 81260, 22037, 73958, 71109, 87766, 33357, 36160, 30428, 68575, 62987, 54541, 93429, 10734, 56468, 10160, 92379, 48026, 42646, 26036, 13198, 24697, 89401, 2013, 24257, 16393, 7549, 56761, 59383, 92698, 47833, 9115, 80083, 27886, 98520, 84184, 46396, 32324, 55136, 33043, 94733, 39299, 68268, 17957, 41681, 95283, 74312, 19569, 5501, 96364, 37614, 98620, 35413, 23136, 13438, 71840, 85129, 48571, 41673, 12536, 28619, 39045, 31089, 96567, 57611, 19490, 3253, 59735, 37115, 23031, 12955, 69562, 87443, 43955, 64586, 64395, 83855, 28306, 89637, 82455, 41564, 62224, 83458, 72706, 39687, 18580, 37123, 88608, 78134, 31325, 99919, 83099, 93340, 64560, 40152, 49911, 90599, 5214, 94580, 49233, 60885, 57752, 18427, 57803, 29767, 82380, 44062, 42873, 35236, 96454, 6296, 761, 18195, 33989, 94984, 70688, 90636, 6806, 73662, 94256, 41102, 28770, 46150, 73640, 11449, 24920, 21310, 85454, 94863, 91863, 23315, 17597, 20217, 91794, 34166, 77109, 46637, 32144, 83158, 26247, 76783, 57366, 76170, 90953, 82914, 78347, 9798, 36943, 73386, 68382, 52072, 12414, 41189, 86486, 60473, 16665, 45781, 59592, 86919, 63519, 25794, 53453, 64363, 96508, 16128, 92416, 22277, 24310, 86063, 67165, 46227, 54481, 89870, 69212, 62340, 60412, 71112, 23023, 34509, 92116, 7217, 63002, 41259, 50000, 8793, 4594, 30483, 62653, 83938, 83503, 31483, 10365, 49442, 30804, 45981, 6968, 91617, 92210, 54325, 96831, 5008, 28389, 68581, 10722, 76148, 95354, 73970, 68860, 62036, 98213, 81300, 79566, 11781, 37080, 43953, 62574, 60034, 62154, 78716, 7847, 44434, 11159, 20786, 57220, 86148, 89532, 79123, 19828, 71554, 38321, 92355, 28120, 6885, 40594, 84932, 47779, 99847, 92498, 86367, 71489, 51939, 10303, 75651, 2814, 54873, 58078, 82260, 4131, 16111, 36323, 80831, 56586, 23086, 62810, 48333, 30508, 86384, 27684, 56737, 96345, 97308, 91048, 25778, 26424, 16979, 77059, 87484, 650, 10501, 7664, 42399, 66368, 72428, 90313, 68581, 95408, 58719, 7010, 71100, 38694, 62269, 88515, 87114, 60082, 74975, 47648, 95486, 87637, 66308, 20895, 66554, 33908, 42049, 56894, 28029, 53349, 69094, 28178, 10701, 80203, 12390, 30718, 61309, 79054, 80067, 87669, 18429, 56382, 67438, 53640, 19668, 83077, 8515, 32853, 16711, 65061, 42899, 66125, 28921, 47414, 77777, 7836, 59293, 12583, 45182, 70935, 11108, 65079, 57419, 58720, 99394, 41111, 59469, 41454, 95010, 96686, 20780, 37583, 91647, 99794, 21826, 42117, 12468, 34122, 46653, 81774, 80852, 20118, 37608, 92311, 79336, 51578, 35457, 31958, 86730, 96687, 11146, 78075, 16211, 44286, 64844, 65338, 10895, 10275, 77020, 73939, 97538, 77164, 89934, 19330, 65432, 21836, 62675, 2218, 30434, 72578, 3673, 40750, 56210, 87412, 64425, 15775, 78636, 80433, 91705, 39505, 7027, 29105, 87238, 78396, 99457, 72495, 465, 26796, 81547, 80667, 30823, 69059, 7899, 78032, 78440, 81817, 20294, 87763, 12034, 87734, 24471, 82031, 64016, 50288, 34228, 63282, 50920, 30581, 84203, 633, 87248, 12770, 97953, 13053, 95572, 37949, 74063, 36227, 29715, 49813, 21145, 87009, 80874, 37059, 87639, 40612, 24590, 86721, 77317, 98113, 76274, 67052, 89971, 13754, 59718, 87879, 93901, 12293, 67642, 78449, 64313, 44591, 70027, 35247, 66295, 59710, 40038, 34813, 87962, 6454, 75437, 34184, 50284, 17941, 64231, 49977, 2028, 59502, 60727, 26582, 79999, 6279, 85230, 43569, 67203, 58331, 72913, 30171, 1727, 41946, 90745, 71914, 86277, 5832, 11177, 57599, 86212, 61606, 28255, 80106, 54547, 15980, 77212, 3027, 83112, 17125, 76921, 4837, 26444, 13210, 89259, 46651, 77381, 66788, 11296, 33774, 81105, 70945, 61130, 72200, 65714, 63243, 61476, 76626, 59438, 32822, 8711, 94850, 65916, 7693, 21486, 24715, 26506, 21007, 33133, 38566, 99647, 25770, 19442, 13318, 78963, 57647, 12222, 92372, 45896, 92440, 69281, 19151, 44863, 76918, 22077, 63058, 94435, 38449, 64109, 20310, 83672, 22901, 14278, 33390, 13900, 63275, 55898, 16247, 33785, 54297, 8437, 54820, 83410, 95313, 67626, 61778, 10727, 89377, 37482, 45594, 34932, 17260, 28241, 94797, 26052, 23531, 90086, 15960, 81528, 32321, 35167, 20274, 11327, 18349, 24819, 16188, 45023, 56618, 85558, 52445, 76045, 7010, 39667, 97499, 27217, 6922, 66669, 41143, 82468, 17121, 9153, 82171, 29623, 91642, 3023, 69588, 47419, 86211, 71966, 80845, 68320, 13455, 37727, 52220, 74702, 43968, 32800, 43782, 66266, 15493, 61506, 51999, 45231, 78441, 55374, 45332, 33666, 99772, 17526, 93054, 75932, 18681, 44005, 52642, 79466, 41665, 71733, 67212, 52963, 45410, 97177, 3676, 65899, 60266, 6015, 31478, 67272, 29789, 47236, 62659, 19112, 76732, 55297, 44711, 19662, 33344, 75613, 43681, 51180, 63551, 81969, 93251, 48767, 14416]})"
141.0,3,12,49,10.821279048919678,418,"Genotype(dna={""<class 'abc.NT_0012'>"": [0, 89047], ""<class 'abc.NT_0012_P_00000'>"": [], ""<class 'abc.NT_0007'>"": [55058, 96429, 2662], ""<class 'abc.NT_0007_P_00000'>"": [], ""<class 'abc.NT_0002'>"": [0, 48333, 27356], ""<class 'abc.NT_0002_P_00000'>"": [], ""<class 'abc.NT_0000'>"": [42184, 70052, 0, 91804, 0, 0, 36773, 0, 64804], ""<class 'abc.NT_0000_P_00000'>"": [], ""<class 'abc.NT_0001'>"": [0, 49937, 0, 86169, 43681], ""<class 'abc.NT_0001_P_00000'>"": [], ""<class 'bool'>"": [70796, 41936, 41546, 8512, 21121, 28869], ""<class 'int'>"": [25155, 52427, 13216, 14861, 37066, 43227, 14416], ""<class 'abc.NT_0005'>"": [0, 37639], ""<class 'abc.NT_0005_P_00000'>"": [], ""<class 'abc.NT_0003'>"": [33650, 52703], ""<class 'abc.NT_0003_P_00000'>"": [], ""<class 'abc.NT_0004'>"": [0, 59983], ""<class 'abc.NT_0004_P_00000'>"": [], '$leftovers': [81600, 92981, 24586, 80507, 48909, 56302, 48279, 39596, 8177, 41048, 54709, 2141, 36382, 30231, 79303, 45906, 3600, 72448, 85756, 62232, 76728, 12314, 10402, 99348, 82540, 3143, 2927, 63383, 24684, 56849, 91234, 96607, 11663, 55655, 70782, 65921, 46458, 89721, 42004, 84925, 23942, 57205, 447, 66040, 89769, 37633, 53881, 33471, 84899, 77962, 79382, 63421, 42354, 22565, 54622, 78399, 707, 24478, 73210, 60708, 91176, 39440, 68267, 67164, 86078, 78891, 1648, 1984, 34860, 67089, 14873, 85945, 27946, 91486, 43571, 81436, 24346, 46853, 90833, 93204, 67569, 28562, 65707, 64260, 79507, 5703, 7091, 64658, 51775, 12742, 9851, 57202, 62567, 20339, 98771, 84993, 42327, 6461, 36932, 81439, 47467, 62039, 83881, 12894, 32233, 8056, 28809, 72665, 37010, 26904, 8831, 28758, 41940, 50619, 13705, 77050, 31928, 98645, 56591, 24230, 79582, 27434, 95976, 64454, 7019, 17483, 21240, 67326, 59414, 72680, 9039, 51925, 93310, 67483, 64406, 48515, 88431, 2658, 13619, 9790, 17053, 28910, 57659, 77924, 99848, 89052, 47667, 8134, 19606, 85887, 52665, 28157, 42807, 17016, 89094, 61528, 2617, 28737, 93170, 38813, 99354, 15028, 23722, 65353, 29533, 99753, 41981, 50418, 14162, 78477, 44874, 48013, 99700, 22092, 35260, 90200, 89643, 20702, 91024, 9577, 56981, 30550, 61179, 18259, 57231, 87191, 55757, 3244, 78476, 74777, 24995, 31614, 77943, 7036, 49566, 58360, 3004, 53252, 66953, 74656, 74210, 27963, 52379, 63796, 99017, 55895, 25648, 47745, 62726, 60872, 9501, 49057, 94539, 87198, 63764, 99938, 10128, 80210, 46135, 51655, 83482, 38148, 24164, 27359, 56722, 28341, 25100, 45456, 58831, 30641, 35297, 10655, 57535, 34439, 9062, 29603, 80404, 81266, 30591, 52083, 4329, 59237, 41782, 63886, 44622, 7276, 5883, 7811, 9363, 36177, 85829, 72401, 69637, 5311, 68134, 6919, 88426, 70653, 4616, 46013, 92629, 59024, 92702, 43046, 89779, 385, 55229, 28239, 12254, 26194, 26075, 97973, 61281, 36055, 35286, 66986, 28883, 19934, 88098, 4790, 83498, 37148, 15666, 87010, 55539, 7569, 68859, 64018, 42555, 25550, 49766, 42788, 84258, 51569, 68268, 3156, 96561, 85693, 51070, 36377, 65819, 96179, 39579, 24584, 28035, 59376, 1204, 11150, 48792, 45926, 85267, 91074, 94546, 96796, 37903, 59781, 4539, 61677, 99460, 13625, 61547, 50670, 13613, 59753, 22915, 2621, 41331, 81995, 39637, 22957, 79002, 77248, 80855, 23226, 52229, 79789, 70273, 33650, 98693, 42923, 5145, 90463, 16373, 37110, 73707, 81260, 22037, 73958, 71109, 87766, 33357, 36160, 30428, 68575, 62987, 54541, 93429, 10734, 56468, 10160, 92379, 48026, 42646, 26036, 13198, 24697, 89401, 2013, 24257, 16393, 7549, 56761, 59383, 92698, 47833, 9115, 80083, 27886, 98520, 84184, 46396, 32324, 55136, 33043, 94733, 39299, 68268, 17957, 41681, 95283, 74312, 19569, 5501, 96364, 37614, 98620, 35413, 23136, 13438, 71840, 85129, 48571, 41673, 12536, 28619, 39045, 31089, 96567, 57611, 19490, 3253, 59735, 37115, 23031, 12955, 69562, 87443, 43955, 64586, 64395, 83855, 28306, 89637, 82455, 41564, 62224, 83458, 72706, 39687, 18580, 37123, 88608, 78134, 31325, 99919, 83099, 93340, 64560, 40152, 49911, 90599, 5214, 94580, 49233, 60885, 57752, 18427, 57803, 29767, 82380, 44062, 42873, 35236, 96454, 6296, 761, 18195, 33989, 94984, 70688, 90636, 6806, 73662, 94256, 41102, 28770, 46150, 73640, 11449, 24920, 21310, 85454, 94863, 91863, 23315, 17597, 20217, 91794, 34166, 77109, 46637, 32144, 83158, 26247, 76783, 57366, 76170, 90953, 82914, 78347, 9798, 36943, 73386, 68382, 52072, 12414, 41189, 86486, 60473, 16665, 45781, 59592, 86919, 63519, 25794, 53453, 64363, 96508, 16128, 92416, 22277, 24310, 86063, 67165, 46227, 54481, 89870, 69212, 62340, 60412, 71112, 23023, 34509, 92116, 7217, 63002, 41259, 50000, 8793, 4594, 30483, 62653, 83938, 83503, 31483, 10365, 49442, 30804, 45981, 6968, 91617, 92210, 54325, 96831, 5008, 28389, 68581, 10722, 76148, 95354, 73970, 68860, 62036, 98213, 81300, 79566, 11781, 37080, 43953, 62574, 60034, 62154, 78716, 7847, 44434, 11159, 20786, 57220, 86148, 89532, 79123, 19828, 71554, 38321, 92355, 28120, 6885, 40594, 84932, 47779, 99847, 92498, 86367, 71489, 51939, 10303, 75651, 2814, 54873, 58078, 82260, 4131, 16111, 36323, 80831, 56586, 23086, 62810, 48333, 30508, 86384, 27684, 56737, 96345, 97308, 91048, 25778, 26424, 16979, 77059, 87484, 650, 10501, 7664, 42399, 66368, 72428, 90313, 68581, 95408, 58719, 7010, 71100, 38694, 62269, 88515, 87114, 60082, 74975, 47648, 95486, 87637, 66308, 20895, 66554, 33908, 42049, 56894, 28029, 53349, 69094, 28178, 10701, 80203, 12390, 30718, 61309, 79054, 80067, 87669, 18429, 56382, 67438, 53640, 19668, 83077, 8515, 32853, 16711, 65061, 42899, 66125, 28921, 47414, 77777, 7836, 59293, 12583, 45182, 70935, 11108, 65079, 57419, 58720, 99394, 41111, 59469, 41454, 95010, 96686, 20780, 37583, 91647, 99794, 21826, 42117, 12468, 34122, 46653, 81774, 80852, 20118, 37608, 92311, 79336, 51578, 35457, 31958, 86730, 96687, 11146, 78075, 16211, 44286, 64844, 65338, 10895, 10275, 77020, 73939, 97538, 77164, 89934, 19330, 65432, 21836, 62675, 2218, 30434, 72578, 3673, 40750, 56210, 87412, 64425, 15775, 78636, 80433, 91705, 39505, 7027, 29105, 87238, 78396, 99457, 72495, 465, 26796, 81547, 80667, 30823, 69059, 7899, 78032, 78440, 81817, 20294, 87763, 12034, 87734, 24471, 82031, 64016, 50288, 34228, 63282, 50920, 30581, 84203, 633, 87248, 12770, 97953, 13053, 95572, 37949, 74063, 36227, 29715, 49813, 21145, 87009, 80874, 37059, 87639, 40612, 24590, 86721, 77317, 98113, 76274, 67052, 89971, 13754, 59718, 87879, 93901, 12293, 67642, 78449, 64313, 44591, 70027, 35247, 66295, 59710, 40038, 34813, 87962, 6454, 75437, 34184, 50284, 17941, 64231, 49977, 2028, 59502, 60727, 26582, 79999, 6279, 85230, 43569, 67203, 58331, 72913, 30171, 1727, 41946, 90745, 71914, 86277, 5832, 11177, 57599, 86212, 61606, 28255, 80106, 54547, 15980, 77212, 3027, 83112, 17125, 76921, 4837, 26444, 13210, 89259, 46651, 77381, 66788, 11296, 33774, 81105, 70945, 61130, 72200, 65714, 63243, 61476, 76626, 59438, 32822, 8711, 94850, 65916, 7693, 21486, 24715, 26506, 21007, 33133, 38566, 99647, 25770, 19442, 13318, 78963, 57647, 12222, 92372, 45896, 92440, 69281, 19151, 44863, 76918, 22077, 63058, 94435, 38449, 64109, 20310, 83672, 22901, 14278, 33390, 13900, 63275, 55898, 16247, 33785, 54297, 8437, 54820, 83410, 95313, 67626, 61778, 10727, 89377, 37482, 45594, 34932, 17260, 28241, 94797, 26052, 23531, 90086, 15960, 81528, 32321, 35167, 20274, 11327, 18349, 24819, 16188, 45023, 56618, 85558, 52445, 76045, 7010, 39667, 97499, 27217, 6922, 66669, 41143, 82468, 17121, 9153, 82171, 29623, 91642, 3023, 69588, 47419, 86211, 71966, 80845, 68320, 13455, 37727, 52220, 74702, 43968, 32800, 43782, 66266, 15493, 61506, 51999, 45231, 78441, 55374, 45332, 33666, 99772, 17526, 93054, 75932, 18681, 44005, 52642, 79466, 41665, 71733, 67212, 52963, 45410, 97177, 3676, 65899, 60266, 6015, 31478, 67272, 29789, 47236, 62659, 19112, 76732, 55297, 44711, 19662, 33344, 75613, 43681, 51180, 63551, 81969, 93251, 48767, 14416]})"
141.0,3,12,50,10.910527467727661,418,"Genotype(dna={""<class 'abc.NT_0012'>"": [0, 89047], ""<class 'abc.NT_0012_P_00000'>"": [], ""<class 'abc.NT_0007'>"": [55058, 96429, 2662], ""<class 'abc.NT_0007_P_00000'>"": [], ""<class 'abc.NT_0002'>"": [0, 48333, 27356], ""<class 'abc.NT_0002_P_00000'>"": [], ""<class 'abc.NT_0000'>"": [42184, 70052, 0, 91804, 0, 0, 36773, 0, 64804], ""<class 'abc.NT_0000_P_00000'>"": [], ""<class 'abc.NT_0001'>"": [0, 49937, 0, 86169, 43681], ""<class 'abc.NT_0001_P_00000'>"": [], ""<class 'bool'>"": [70796, 41936, 41546, 8512, 21121, 28869], ""<class 'int'>"": [25155, 52427, 13216, 14861, 37066, 43227, 14416], ""<class 'abc.NT_0005'>"": [0, 37639], ""<class 'abc.NT_0005_P_00000'>"": [], ""<class 'abc.NT_0003'>"": [33650, 52703], ""<class 'abc.NT_0003_P_00000'>"": [], ""<class 'abc.NT_0004'>"": [0, 59983], ""<class 'abc.NT_0004_P_00000'>"": [], '$leftovers': [81600, 92981, 24586, 80507, 48909, 56302, 48279, 39596, 8177, 41048, 54709, 2141, 36382, 30231, 79303, 45906, 3600, 72448, 85756, 62232, 76728, 12314, 10402, 99348, 82540, 3143, 2927, 63383, 24684, 56849, 91234, 96607, 11663, 55655, 70782, 65921, 46458, 89721, 42004, 84925, 23942, 57205, 447, 66040, 89769, 37633, 53881, 33471, 84899, 77962, 79382, 63421, 42354, 22565, 54622, 78399, 707, 24478, 73210, 60708, 91176, 39440, 68267, 67164, 86078, 78891, 1648, 1984, 34860, 67089, 14873, 85945, 27946, 91486, 43571, 81436, 24346, 46853, 90833, 93204, 67569, 28562, 65707, 64260, 79507, 5703, 7091, 64658, 51775, 12742, 9851, 57202, 62567, 20339, 98771, 84993, 42327, 6461, 36932, 81439, 47467, 62039, 83881, 12894, 32233, 8056, 28809, 72665, 37010, 26904, 8831, 28758, 41940, 50619, 13705, 77050, 31928, 98645, 56591, 24230, 79582, 27434, 95976, 64454, 7019, 17483, 21240, 67326, 59414, 72680, 9039, 51925, 93310, 67483, 64406, 48515, 88431, 2658, 13619, 9790, 17053, 28910, 57659, 77924, 99848, 89052, 47667, 8134, 19606, 85887, 52665, 28157, 42807, 17016, 89094, 61528, 2617, 28737, 93170, 38813, 99354, 15028, 23722, 65353, 29533, 99753, 41981, 50418, 14162, 78477, 44874, 48013, 99700, 22092, 35260, 90200, 89643, 20702, 91024, 9577, 56981, 30550, 61179, 18259, 57231, 87191, 55757, 3244, 78476, 74777, 24995, 31614, 77943, 7036, 49566, 58360, 3004, 53252, 66953, 74656, 74210, 27963, 52379, 63796, 99017, 55895, 25648, 47745, 62726, 60872, 9501, 49057, 94539, 87198, 63764, 99938, 10128, 80210, 46135, 51655, 83482, 38148, 24164, 27359, 56722, 28341, 25100, 45456, 58831, 30641, 35297, 10655, 57535, 34439, 9062, 29603, 80404, 81266, 30591, 52083, 4329, 59237, 41782, 63886, 44622, 7276, 5883, 7811, 9363, 36177, 85829, 72401, 69637, 5311, 68134, 6919, 88426, 70653, 4616, 46013, 92629, 59024, 92702, 43046, 89779, 385, 55229, 28239, 12254, 26194, 26075, 97973, 61281, 36055, 35286, 66986, 28883, 19934, 88098, 4790, 83498, 37148, 15666, 87010, 55539, 7569, 68859, 64018, 42555, 25550, 49766, 42788, 84258, 51569, 68268, 3156, 96561, 85693, 51070, 36377, 65819, 96179, 39579, 24584, 28035, 59376, 1204, 11150, 48792, 45926, 85267, 91074, 94546, 96796, 37903, 59781, 4539, 61677, 99460, 13625, 61547, 50670, 13613, 59753, 22915, 2621, 41331, 81995, 39637, 22957, 79002, 77248, 80855, 23226, 52229, 79789, 70273, 33650, 98693, 42923, 5145, 90463, 16373, 37110, 73707, 81260, 22037, 73958, 71109, 87766, 33357, 36160, 30428, 68575, 62987, 54541, 93429, 10734, 56468, 10160, 92379, 48026, 42646, 26036, 13198, 24697, 89401, 2013, 24257, 16393, 7549, 56761, 59383, 92698, 47833, 9115, 80083, 27886, 98520, 84184, 46396, 32324, 55136, 33043, 94733, 39299, 68268, 17957, 41681, 95283, 74312, 19569, 5501, 96364, 37614, 98620, 35413, 23136, 13438, 71840, 85129, 48571, 41673, 12536, 28619, 39045, 31089, 96567, 57611, 19490, 3253, 59735, 37115, 23031, 12955, 69562, 87443, 43955, 64586, 64395, 83855, 28306, 89637, 82455, 41564, 62224, 83458, 72706, 39687, 18580, 37123, 88608, 78134, 31325, 99919, 83099, 93340, 64560, 40152, 49911, 90599, 5214, 94580, 49233, 60885, 57752, 18427, 57803, 29767, 82380, 44062, 42873, 35236, 96454, 6296, 761, 18195, 33989, 94984, 70688, 90636, 6806, 73662, 94256, 41102, 28770, 46150, 73640, 11449, 24920, 21310, 85454, 94863, 91863, 23315, 17597, 20217, 91794, 34166, 77109, 46637, 32144, 83158, 26247, 76783, 57366, 76170, 90953, 82914, 78347, 9798, 36943, 73386, 68382, 52072, 12414, 41189, 86486, 60473, 16665, 45781, 59592, 86919, 63519, 25794, 53453, 64363, 96508, 16128, 92416, 22277, 24310, 86063, 67165, 46227, 54481, 89870, 69212, 62340, 60412, 71112, 23023, 34509, 92116, 7217, 63002, 41259, 50000, 8793, 4594, 30483, 62653, 83938, 83503, 31483, 10365, 49442, 30804, 45981, 6968, 91617, 92210, 54325, 96831, 5008, 28389, 68581, 10722, 76148, 95354, 73970, 68860, 62036, 98213, 81300, 79566, 11781, 37080, 43953, 62574, 60034, 62154, 78716, 7847, 44434, 11159, 20786, 57220, 86148, 89532, 79123, 19828, 71554, 38321, 92355, 28120, 6885, 40594, 84932, 47779, 99847, 92498, 86367, 71489, 51939, 10303, 75651, 2814, 54873, 58078, 82260, 4131, 16111, 36323, 80831, 56586, 23086, 62810, 48333, 30508, 86384, 27684, 56737, 96345, 97308, 91048, 25778, 26424, 16979, 77059, 87484, 650, 10501, 7664, 42399, 66368, 72428, 90313, 68581, 95408, 58719, 7010, 71100, 38694, 62269, 88515, 87114, 60082, 74975, 47648, 95486, 87637, 66308, 20895, 66554, 33908, 42049, 56894, 28029, 53349, 69094, 28178, 10701, 80203, 12390, 30718, 61309, 79054, 80067, 87669, 18429, 56382, 67438, 53640, 19668, 83077, 8515, 32853, 16711, 65061, 42899, 66125, 28921, 47414, 77777, 7836, 59293, 12583, 45182, 70935, 11108, 65079, 57419, 58720, 99394, 41111, 59469, 41454, 95010, 96686, 20780, 37583, 91647, 99794, 21826, 42117, 12468, 34122, 46653, 81774, 80852, 20118, 37608, 92311, 79336, 51578, 35457, 31958, 86730, 96687, 11146, 78075, 16211, 44286, 64844, 65338, 10895, 10275, 77020, 73939, 97538, 77164, 89934, 19330, 65432, 21836, 62675, 2218, 30434, 72578, 3673, 40750, 56210, 87412, 64425, 15775, 78636, 80433, 91705, 39505, 7027, 29105, 87238, 78396, 99457, 72495, 465, 26796, 81547, 80667, 30823, 69059, 7899, 78032, 78440, 81817, 20294, 87763, 12034, 87734, 24471, 82031, 64016, 50288, 34228, 63282, 50920, 30581, 84203, 633, 87248, 12770, 97953, 13053, 95572, 37949, 74063, 36227, 29715, 49813, 21145, 87009, 80874, 37059, 87639, 40612, 24590, 86721, 77317, 98113, 76274, 67052, 89971, 13754, 59718, 87879, 93901, 12293, 67642, 78449, 64313, 44591, 70027, 35247, 66295, 59710, 40038, 34813, 87962, 6454, 75437, 34184, 50284, 17941, 64231, 49977, 2028, 59502, 60727, 26582, 79999, 6279, 85230, 43569, 67203, 58331, 72913, 30171, 1727, 41946, 90745, 71914, 86277, 5832, 11177, 57599, 86212, 61606, 28255, 80106, 54547, 15980, 77212, 3027, 83112, 17125, 76921, 4837, 26444, 13210, 89259, 46651, 77381, 66788, 11296, 33774, 81105, 70945, 61130, 72200, 65714, 63243, 61476, 76626, 59438, 32822, 8711, 94850, 65916, 7693, 21486, 24715, 26506, 21007, 33133, 38566, 99647, 25770, 19442, 13318, 78963, 57647, 12222, 92372, 45896, 92440, 69281, 19151, 44863, 76918, 22077, 63058, 94435, 38449, 64109, 20310, 83672, 22901, 14278, 33390, 13900, 63275, 55898, 16247, 33785, 54297, 8437, 54820, 83410, 95313, 67626, 61778, 10727, 89377, 37482, 45594, 34932, 17260, 28241, 94797, 26052, 23531, 90086, 15960, 81528, 32321, 35167, 20274, 11327, 18349, 24819, 16188, 45023, 56618, 85558, 52445, 76045, 7010, 39667, 97499, 27217, 6922, 66669, 41143, 82468, 17121, 9153, 82171, 29623, 91642, 3023, 69588, 47419, 86211, 71966, 80845, 68320, 13455, 37727, 52220, 74702, 43968, 32800, 43782, 66266, 15493, 61506, 51999, 45231, 78441, 55374, 45332, 33666, 99772, 17526, 93054, 75932, 18681, 44005, 52642, 79466, 41665, 71733, 67212, 52963, 45410, 97177, 3676, 65899, 60266, 6015, 31478, 67272, 29789, 47236, 62659, 19112, 76732, 55297, 44711, 19662, 33344, 75613, 43681, 51180, 63551, 81969, 93251, 48767, 14416]})"
141.0,3,12,51,10.987549066543579,418,"Genotype(dna={""<class 'abc.NT_0012'>"": [0, 89047], ""<class 'abc.NT_0012_P_00000'>"": [], ""<class 'abc.NT_0007'>"": [55058, 96429, 2662], ""<class 'abc.NT_0007_P_00000'>"": [], ""<class 'abc.NT_0002'>"": [0, 48333, 27356], ""<class 'abc.NT_0002_P_00000'>"": [], ""<class 'abc.NT_0000'>"": [42184, 70052, 0, 91804, 0, 0, 36773, 0, 64804], ""<class 'abc.NT_0000_P_00000'>"": [], ""<class 'abc.NT_0001'>"": [0, 49937, 0, 86169, 43681], ""<class 'abc.NT_0001_P_00000'>"": [], ""<class 'bool'>"": [70796, 41936, 41546, 8512, 21121, 28869], ""<class 'int'>"": [25155, 52427, 13216, 14861, 37066, 43227, 14416], ""<class 'abc.NT_0005'>"": [0, 37639], ""<class 'abc.NT_0005_P_00000'>"": [], ""<class 'abc.NT_0003'>"": [33650, 52703], ""<class 'abc.NT_0003_P_00000'>"": [], ""<class 'abc.NT_0004'>"": [0, 59983], ""<class 'abc.NT_0004_P_00000'>"": [], '$leftovers': [81600, 92981, 24586, 80507, 48909, 56302, 48279, 39596, 8177, 41048, 54709, 2141, 36382, 30231, 79303, 45906, 3600, 72448, 85756, 62232, 76728, 12314, 10402, 99348, 82540, 3143, 2927, 63383, 24684, 56849, 91234, 96607, 11663, 55655, 70782, 65921, 46458, 89721, 42004, 84925, 23942, 57205, 447, 66040, 89769, 37633, 53881, 33471, 84899, 77962, 79382, 63421, 42354, 22565, 54622, 78399, 707, 24478, 73210, 60708, 91176, 39440, 68267, 67164, 86078, 78891, 1648, 1984, 34860, 67089, 14873, 85945, 27946, 91486, 43571, 81436, 24346, 46853, 90833, 93204, 67569, 28562, 65707, 64260, 79507, 5703, 7091, 64658, 51775, 12742, 9851, 57202, 62567, 20339, 98771, 84993, 42327, 6461, 36932, 81439, 47467, 62039, 83881, 12894, 32233, 8056, 28809, 72665, 37010, 26904, 8831, 28758, 41940, 50619, 13705, 77050, 31928, 98645, 56591, 24230, 79582, 27434, 95976, 64454, 7019, 17483, 21240, 67326, 59414, 72680, 9039, 51925, 93310, 67483, 64406, 48515, 88431, 2658, 13619, 9790, 17053, 28910, 57659, 77924, 99848, 89052, 47667, 8134, 19606, 85887, 52665, 28157, 42807, 17016, 89094, 61528, 2617, 28737, 93170, 38813, 99354, 15028, 23722, 65353, 29533, 99753, 41981, 50418, 14162, 78477, 44874, 48013, 99700, 22092, 35260, 90200, 89643, 20702, 91024, 9577, 56981, 30550, 61179, 18259, 57231, 87191, 55757, 3244, 78476, 74777, 24995, 31614, 77943, 7036, 49566, 58360, 3004, 53252, 66953, 74656, 74210, 27963, 52379, 63796, 99017, 55895, 25648, 47745, 62726, 60872, 9501, 49057, 94539, 87198, 63764, 99938, 10128, 80210, 46135, 51655, 83482, 38148, 24164, 27359, 56722, 28341, 25100, 45456, 58831, 30641, 35297, 10655, 57535, 34439, 9062, 29603, 80404, 81266, 30591, 52083, 4329, 59237, 41782, 63886, 44622, 7276, 5883, 7811, 9363, 36177, 85829, 72401, 69637, 5311, 68134, 6919, 88426, 70653, 4616, 46013, 92629, 59024, 92702, 43046, 89779, 385, 55229, 28239, 12254, 26194, 26075, 97973, 61281, 36055, 35286, 66986, 28883, 19934, 88098, 4790, 83498, 37148, 15666, 87010, 55539, 7569, 68859, 64018, 42555, 25550, 49766, 42788, 84258, 51569, 68268, 3156, 96561, 85693, 51070, 36377, 65819, 96179, 39579, 24584, 28035, 59376, 1204, 11150, 48792, 45926, 85267, 91074, 94546, 96796, 37903, 59781, 4539, 61677, 99460, 13625, 61547, 50670, 13613, 59753, 22915, 2621, 41331, 81995, 39637, 22957, 79002, 77248, 80855, 23226, 52229, 79789, 70273, 33650, 98693, 42923, 5145, 90463, 16373, 37110, 73707, 81260, 22037, 73958, 71109, 87766, 33357, 36160, 30428, 68575, 62987, 54541, 93429, 10734, 56468, 10160, 92379, 48026, 42646, 26036, 13198, 24697, 89401, 2013, 24257, 16393, 7549, 56761, 59383, 92698, 47833, 9115, 80083, 27886, 98520, 84184, 46396, 32324, 55136, 33043, 94733, 39299, 68268, 17957, 41681, 95283, 74312, 19569, 5501, 96364, 37614, 98620, 35413, 23136, 13438, 71840, 85129, 48571, 41673, 12536, 28619, 39045, 31089, 96567, 57611, 19490, 3253, 59735, 37115, 23031, 12955, 69562, 87443, 43955, 64586, 64395, 83855, 28306, 89637, 82455, 41564, 62224, 83458, 72706, 39687, 18580, 37123, 88608, 78134, 31325, 99919, 83099, 93340, 64560, 40152, 49911, 90599, 5214, 94580, 49233, 60885, 57752, 18427, 57803, 29767, 82380, 44062, 42873, 35236, 96454, 6296, 761, 18195, 33989, 94984, 70688, 90636, 6806, 73662, 94256, 41102, 28770, 46150, 73640, 11449, 24920, 21310, 85454, 94863, 91863, 23315, 17597, 20217, 91794, 34166, 77109, 46637, 32144, 83158, 26247, 76783, 57366, 76170, 90953, 82914, 78347, 9798, 36943, 73386, 68382, 52072, 12414, 41189, 86486, 60473, 16665, 45781, 59592, 86919, 63519, 25794, 53453, 64363, 96508, 16128, 92416, 22277, 24310, 86063, 67165, 46227, 54481, 89870, 69212, 62340, 60412, 71112, 23023, 34509, 92116, 7217, 63002, 41259, 50000, 8793, 4594, 30483, 62653, 83938, 83503, 31483, 10365, 49442, 30804, 45981, 6968, 91617, 92210, 54325, 96831, 5008, 28389, 68581, 10722, 76148, 95354, 73970, 68860, 62036, 98213, 81300, 79566, 11781, 37080, 43953, 62574, 60034, 62154, 78716, 7847, 44434, 11159, 20786, 57220, 86148, 89532, 79123, 19828, 71554, 38321, 92355, 28120, 6885, 40594, 84932, 47779, 99847, 92498, 86367, 71489, 51939, 10303, 75651, 2814, 54873, 58078, 82260, 4131, 16111, 36323, 80831, 56586, 23086, 62810, 48333, 30508, 86384, 27684, 56737, 96345, 97308, 91048, 25778, 26424, 16979, 77059, 87484, 650, 10501, 7664, 42399, 66368, 72428, 90313, 68581, 95408, 58719, 7010, 71100, 38694, 62269, 88515, 87114, 60082, 74975, 47648, 95486, 87637, 66308, 20895, 66554, 33908, 42049, 56894, 28029, 53349, 69094, 28178, 10701, 80203, 12390, 30718, 61309, 79054, 80067, 87669, 18429, 56382, 67438, 53640, 19668, 83077, 8515, 32853, 16711, 65061, 42899, 66125, 28921, 47414, 77777, 7836, 59293, 12583, 45182, 70935, 11108, 65079, 57419, 58720, 99394, 41111, 59469, 41454, 95010, 96686, 20780, 37583, 91647, 99794, 21826, 42117, 12468, 34122, 46653, 81774, 80852, 20118, 37608, 92311, 79336, 51578, 35457, 31958, 86730, 96687, 11146, 78075, 16211, 44286, 64844, 65338, 10895, 10275, 77020, 73939, 97538, 77164, 89934, 19330, 65432, 21836, 62675, 2218, 30434, 72578, 3673, 40750, 56210, 87412, 64425, 15775, 78636, 80433, 91705, 39505, 7027, 29105, 87238, 78396, 99457, 72495, 465, 26796, 81547, 80667, 30823, 69059, 7899, 78032, 78440, 81817, 20294, 87763, 12034, 87734, 24471, 82031, 64016, 50288, 34228, 63282, 50920, 30581, 84203, 633, 87248, 12770, 97953, 13053, 95572, 37949, 74063, 36227, 29715, 49813, 21145, 87009, 80874, 37059, 87639, 40612, 24590, 86721, 77317, 98113, 76274, 67052, 89971, 13754, 59718, 87879, 93901, 12293, 67642, 78449, 64313, 44591, 70027, 35247, 66295, 59710, 40038, 34813, 87962, 6454, 75437, 34184, 50284, 17941, 64231, 49977, 2028, 59502, 60727, 26582, 79999, 6279, 85230, 43569, 67203, 58331, 72913, 30171, 1727, 41946, 90745, 71914, 86277, 5832, 11177, 57599, 86212, 61606, 28255, 80106, 54547, 15980, 77212, 3027, 83112, 17125, 76921, 4837, 26444, 13210, 89259, 46651, 77381, 66788, 11296, 33774, 81105, 70945, 61130, 72200, 65714, 63243, 61476, 76626, 59438, 32822, 8711, 94850, 65916, 7693, 21486, 24715, 26506, 21007, 33133, 38566, 99647, 25770, 19442, 13318, 78963, 57647, 12222, 92372, 45896, 92440, 69281, 19151, 44863, 76918, 22077, 63058, 94435, 38449, 64109, 20310, 83672, 22901, 14278, 33390, 13900, 63275, 55898, 16247, 33785, 54297, 8437, 54820, 83410, 95313, 67626, 61778, 10727, 89377, 37482, 45594, 34932, 17260, 28241, 94797, 26052, 23531, 90086, 15960, 81528, 32321, 35167, 20274, 11327, 18349, 24819, 16188, 45023, 56618, 85558, 52445, 76045, 7010, 39667, 97499, 27217, 6922, 66669, 41143, 82468, 17121, 9153, 82171, 29623, 91642, 3023, 69588, 47419, 86211, 71966, 80845, 68320, 13455, 37727, 52220, 74702, 43968, 32800, 43782, 66266, 15493, 61506, 51999, 45231, 78441, 55374, 45332, 33666, 99772, 17526, 93054, 75932, 18681, 44005, 52642, 79466, 41665, 71733, 67212, 52963, 45410, 97177, 3676, 65899, 60266, 6015, 31478, 67272, 29789, 47236, 62659, 19112, 76732, 55297, 44711, 19662, 33344, 75613, 43681, 51180, 63551, 81969, 93251, 48767, 14416]})"
141.0,3,12,52,11.062610626220703,418,"Genotype(dna={""<class 'abc.NT_0012'>"": [0, 89047], ""<class 'abc.NT_0012_P_00000'>"": [], ""<class 'abc.NT_0007'>"": [55058, 96429, 2662], ""<class 'abc.NT_0007_P_00000'>"": [], ""<class 'abc.NT_0002'>"": [0, 48333, 27356], ""<class 'abc.NT_0002_P_00000'>"": [], ""<class 'abc.NT_0000'>"": [42184, 70052, 0, 91804, 0, 0, 36773, 0, 64804], ""<class 'abc.NT_0000_P_00000'>"": [], ""<class 'abc.NT_0001'>"": [0, 49937, 0, 86169, 43681], ""<class 'abc.NT_0001_P_00000'>"": [], ""<class 'bool'>"": [70796, 41936, 41546, 8512, 21121, 28869], ""<class 'int'>"": [25155, 52427, 13216, 14861, 37066, 43227, 14416], ""<class 'abc.NT_0005'>"": [0, 37639], ""<class 'abc.NT_0005_P_00000'>"": [], ""<class 'abc.NT_0003'>"": [33650, 52703], ""<class 'abc.NT_0003_P_00000'>"": [], ""<class 'abc.NT_0004'>"": [0, 59983], ""<class 'abc.NT_0004_P_00000'>"": [], '$leftovers': [81600, 92981, 24586, 80507, 48909, 56302, 48279, 39596, 8177, 41048, 54709, 2141, 36382, 30231, 79303, 45906, 3600, 72448, 85756, 62232, 76728, 12314, 10402, 99348, 82540, 3143, 2927, 63383, 24684, 56849, 91234, 96607, 11663, 55655, 70782, 65921, 46458, 89721, 42004, 84925, 23942, 57205, 447, 66040, 89769, 37633, 53881, 33471, 84899, 77962, 79382, 63421, 42354, 22565, 54622, 78399, 707, 24478, 73210, 60708, 91176, 39440, 68267, 67164, 86078, 78891, 1648, 1984, 34860, 67089, 14873, 85945, 27946, 91486, 43571, 81436, 24346, 46853, 90833, 93204, 67569, 28562, 65707, 64260, 79507, 5703, 7091, 64658, 51775, 12742, 9851, 57202, 62567, 20339, 98771, 84993, 42327, 6461, 36932, 81439, 47467, 62039, 83881, 12894, 32233, 8056, 28809, 72665, 37010, 26904, 8831, 28758, 41940, 50619, 13705, 77050, 31928, 98645, 56591, 24230, 79582, 27434, 95976, 64454, 7019, 17483, 21240, 67326, 59414, 72680, 9039, 51925, 93310, 67483, 64406, 48515, 88431, 2658, 13619, 9790, 17053, 28910, 57659, 77924, 99848, 89052, 47667, 8134, 19606, 85887, 52665, 28157, 42807, 17016, 89094, 61528, 2617, 28737, 93170, 38813, 99354, 15028, 23722, 65353, 29533, 99753, 41981, 50418, 14162, 78477, 44874, 48013, 99700, 22092, 35260, 90200, 89643, 20702, 91024, 9577, 56981, 30550, 61179, 18259, 57231, 87191, 55757, 3244, 78476, 74777, 24995, 31614, 77943, 7036, 49566, 58360, 3004, 53252, 66953, 74656, 74210, 27963, 52379, 63796, 99017, 55895, 25648, 47745, 62726, 60872, 9501, 49057, 94539, 87198, 63764, 99938, 10128, 80210, 46135, 51655, 83482, 38148, 24164, 27359, 56722, 28341, 25100, 45456, 58831, 30641, 35297, 10655, 57535, 34439, 9062, 29603, 80404, 81266, 30591, 52083, 4329, 59237, 41782, 63886, 44622, 7276, 5883, 7811, 9363, 36177, 85829, 72401, 69637, 5311, 68134, 6919, 88426, 70653, 4616, 46013, 92629, 59024, 92702, 43046, 89779, 385, 55229, 28239, 12254, 26194, 26075, 97973, 61281, 36055, 35286, 66986, 28883, 19934, 88098, 4790, 83498, 37148, 15666, 87010, 55539, 7569, 68859, 64018, 42555, 25550, 49766, 42788, 84258, 51569, 68268, 3156, 96561, 85693, 51070, 36377, 65819, 96179, 39579, 24584, 28035, 59376, 1204, 11150, 48792, 45926, 85267, 91074, 94546, 96796, 37903, 59781, 4539, 61677, 99460, 13625, 61547, 50670, 13613, 59753, 22915, 2621, 41331, 81995, 39637, 22957, 79002, 77248, 80855, 23226, 52229, 79789, 70273, 33650, 98693, 42923, 5145, 90463, 16373, 37110, 73707, 81260, 22037, 73958, 71109, 87766, 33357, 36160, 30428, 68575, 62987, 54541, 93429, 10734, 56468, 10160, 92379, 48026, 42646, 26036, 13198, 24697, 89401, 2013, 24257, 16393, 7549, 56761, 59383, 92698, 47833, 9115, 80083, 27886, 98520, 84184, 46396, 32324, 55136, 33043, 94733, 39299, 68268, 17957, 41681, 95283, 74312, 19569, 5501, 96364, 37614, 98620, 35413, 23136, 13438, 71840, 85129, 48571, 41673, 12536, 28619, 39045, 31089, 96567, 57611, 19490, 3253, 59735, 37115, 23031, 12955, 69562, 87443, 43955, 64586, 64395, 83855, 28306, 89637, 82455, 41564, 62224, 83458, 72706, 39687, 18580, 37123, 88608, 78134, 31325, 99919, 83099, 93340, 64560, 40152, 49911, 90599, 5214, 94580, 49233, 60885, 57752, 18427, 57803, 29767, 82380, 44062, 42873, 35236, 96454, 6296, 761, 18195, 33989, 94984, 70688, 90636, 6806, 73662, 94256, 41102, 28770, 46150, 73640, 11449, 24920, 21310, 85454, 94863, 91863, 23315, 17597, 20217, 91794, 34166, 77109, 46637, 32144, 83158, 26247, 76783, 57366, 76170, 90953, 82914, 78347, 9798, 36943, 73386, 68382, 52072, 12414, 41189, 86486, 60473, 16665, 45781, 59592, 86919, 63519, 25794, 53453, 64363, 96508, 16128, 92416, 22277, 24310, 86063, 67165, 46227, 54481, 89870, 69212, 62340, 60412, 71112, 23023, 34509, 92116, 7217, 63002, 41259, 50000, 8793, 4594, 30483, 62653, 83938, 83503, 31483, 10365, 49442, 30804, 45981, 6968, 91617, 92210, 54325, 96831, 5008, 28389, 68581, 10722, 76148, 95354, 73970, 68860, 62036, 98213, 81300, 79566, 11781, 37080, 43953, 62574, 60034, 62154, 78716, 7847, 44434, 11159, 20786, 57220, 86148, 89532, 79123, 19828, 71554, 38321, 92355, 28120, 6885, 40594, 84932, 47779, 99847, 92498, 86367, 71489, 51939, 10303, 75651, 2814, 54873, 58078, 82260, 4131, 16111, 36323, 80831, 56586, 23086, 62810, 48333, 30508, 86384, 27684, 56737, 96345, 97308, 91048, 25778, 26424, 16979, 77059, 87484, 650, 10501, 7664, 42399, 66368, 72428, 90313, 68581, 95408, 58719, 7010, 71100, 38694, 62269, 88515, 87114, 60082, 74975, 47648, 95486, 87637, 66308, 20895, 66554, 33908, 42049, 56894, 28029, 53349, 69094, 28178, 10701, 80203, 12390, 30718, 61309, 79054, 80067, 87669, 18429, 56382, 67438, 53640, 19668, 83077, 8515, 32853, 16711, 65061, 42899, 66125, 28921, 47414, 77777, 7836, 59293, 12583, 45182, 70935, 11108, 65079, 57419, 58720, 99394, 41111, 59469, 41454, 95010, 96686, 20780, 37583, 91647, 99794, 21826, 42117, 12468, 34122, 46653, 81774, 80852, 20118, 37608, 92311, 79336, 51578, 35457, 31958, 86730, 96687, 11146, 78075, 16211, 44286, 64844, 65338, 10895, 10275, 77020, 73939, 97538, 77164, 89934, 19330, 65432, 21836, 62675, 2218, 30434, 72578, 3673, 40750, 56210, 87412, 64425, 15775, 78636, 80433, 91705, 39505, 7027, 29105, 87238, 78396, 99457, 72495, 465, 26796, 81547, 80667, 30823, 69059, 7899, 78032, 78440, 81817, 20294, 87763, 12034, 87734, 24471, 82031, 64016, 50288, 34228, 63282, 50920, 30581, 84203, 633, 87248, 12770, 97953, 13053, 95572, 37949, 74063, 36227, 29715, 49813, 21145, 87009, 80874, 37059, 87639, 40612, 24590, 86721, 77317, 98113, 76274, 67052, 89971, 13754, 59718, 87879, 93901, 12293, 67642, 78449, 64313, 44591, 70027, 35247, 66295, 59710, 40038, 34813, 87962, 6454, 75437, 34184, 50284, 17941, 64231, 49977, 2028, 59502, 60727, 26582, 79999, 6279, 85230, 43569, 67203, 58331, 72913, 30171, 1727, 41946, 90745, 71914, 86277, 5832, 11177, 57599, 86212, 61606, 28255, 80106, 54547, 15980, 77212, 3027, 83112, 17125, 76921, 4837, 26444, 13210, 89259, 46651, 77381, 66788, 11296, 33774, 81105, 70945, 61130, 72200, 65714, 63243, 61476, 76626, 59438, 32822, 8711, 94850, 65916, 7693, 21486, 24715, 26506, 21007, 33133, 38566, 99647, 25770, 19442, 13318, 78963, 57647, 12222, 92372, 45896, 92440, 69281, 19151, 44863, 76918, 22077, 63058, 94435, 38449, 64109, 20310, 83672, 22901, 14278, 33390, 13900, 63275, 55898, 16247, 33785, 54297, 8437, 54820, 83410, 95313, 67626, 61778, 10727, 89377, 37482, 45594, 34932, 17260, 28241, 94797, 26052, 23531, 90086, 15960, 81528, 32321, 35167, 20274, 11327, 18349, 24819, 16188, 45023, 56618, 85558, 52445, 76045, 7010, 39667, 97499, 27217, 6922, 66669, 41143, 82468, 17121, 9153, 82171, 29623, 91642, 3023, 69588, 47419, 86211, 71966, 80845, 68320, 13455, 37727, 52220, 74702, 43968, 32800, 43782, 66266, 15493, 61506, 51999, 45231, 78441, 55374, 45332, 33666, 99772, 17526, 93054, 75932, 18681, 44005, 52642, 79466, 41665, 71733, 67212, 52963, 45410, 97177, 3676, 65899, 60266, 6015, 31478, 67272, 29789, 47236, 62659, 19112, 76732, 55297, 44711, 19662, 33344, 75613, 43681, 51180, 63551, 81969, 93251, 48767, 14416]})"
141.0,3,12,53,11.141757011413574,418,"Genotype(dna={""<class 'abc.NT_0012'>"": [0, 89047], ""<class 'abc.NT_0012_P_00000'>"": [], ""<class 'abc.NT_0007'>"": [55058, 96429, 2662], ""<class 'abc.NT_0007_P_00000'>"": [], ""<class 'abc.NT_0002'>"": [0, 48333, 27356], ""<class 'abc.NT_0002_P_00000'>"": [], ""<class 'abc.NT_0000'>"": [42184, 70052, 0, 91804, 0, 0, 36773, 0, 64804], ""<class 'abc.NT_0000_P_00000'>"": [], ""<class 'abc.NT_0001'>"": [0, 49937, 0, 86169, 43681], ""<class 'abc.NT_0001_P_00000'>"": [], ""<class 'bool'>"": [70796, 41936, 41546, 8512, 21121, 28869], ""<class 'int'>"": [25155, 52427, 13216, 14861, 37066, 43227, 14416], ""<class 'abc.NT_0005'>"": [0, 37639], ""<class 'abc.NT_0005_P_00000'>"": [], ""<class 'abc.NT_0003'>"": [33650, 52703], ""<class 'abc.NT_0003_P_00000'>"": [], ""<class 'abc.NT_0004'>"": [0, 59983], ""<class 'abc.NT_0004_P_00000'>"": [], '$leftovers': [81600, 92981, 24586, 80507, 48909, 56302, 48279, 39596, 8177, 41048, 54709, 2141, 36382, 30231, 79303, 45906, 3600, 72448, 85756, 62232, 76728, 12314, 10402, 99348, 82540, 3143, 2927, 63383, 24684, 56849, 91234, 96607, 11663, 55655, 70782, 65921, 46458, 89721, 42004, 84925, 23942, 57205, 447, 66040, 89769, 37633, 53881, 33471, 84899, 77962, 79382, 63421, 42354, 22565, 54622, 78399, 707, 24478, 73210, 60708, 91176, 39440, 68267, 67164, 86078, 78891, 1648, 1984, 34860, 67089, 14873, 85945, 27946, 91486, 43571, 81436, 24346, 46853, 90833, 93204, 67569, 28562, 65707, 64260, 79507, 5703, 7091, 64658, 51775, 12742, 9851, 57202, 62567, 20339, 98771, 84993, 42327, 6461, 36932, 81439, 47467, 62039, 83881, 12894, 32233, 8056, 28809, 72665, 37010, 26904, 8831, 28758, 41940, 50619, 13705, 77050, 31928, 98645, 56591, 24230, 79582, 27434, 95976, 64454, 7019, 17483, 21240, 67326, 59414, 72680, 9039, 51925, 93310, 67483, 64406, 48515, 88431, 2658, 13619, 9790, 17053, 28910, 57659, 77924, 99848, 89052, 47667, 8134, 19606, 85887, 52665, 28157, 42807, 17016, 89094, 61528, 2617, 28737, 93170, 38813, 99354, 15028, 23722, 65353, 29533, 99753, 41981, 50418, 14162, 78477, 44874, 48013, 99700, 22092, 35260, 90200, 89643, 20702, 91024, 9577, 56981, 30550, 61179, 18259, 57231, 87191, 55757, 3244, 78476, 74777, 24995, 31614, 77943, 7036, 49566, 58360, 3004, 53252, 66953, 74656, 74210, 27963, 52379, 63796, 99017, 55895, 25648, 47745, 62726, 60872, 9501, 49057, 94539, 87198, 63764, 99938, 10128, 80210, 46135, 51655, 83482, 38148, 24164, 27359, 56722, 28341, 25100, 45456, 58831, 30641, 35297, 10655, 57535, 34439, 9062, 29603, 80404, 81266, 30591, 52083, 4329, 59237, 41782, 63886, 44622, 7276, 5883, 7811, 9363, 36177, 85829, 72401, 69637, 5311, 68134, 6919, 88426, 70653, 4616, 46013, 92629, 59024, 92702, 43046, 89779, 385, 55229, 28239, 12254, 26194, 26075, 97973, 61281, 36055, 35286, 66986, 28883, 19934, 88098, 4790, 83498, 37148, 15666, 87010, 55539, 7569, 68859, 64018, 42555, 25550, 49766, 42788, 84258, 51569, 68268, 3156, 96561, 85693, 51070, 36377, 65819, 96179, 39579, 24584, 28035, 59376, 1204, 11150, 48792, 45926, 85267, 91074, 94546, 96796, 37903, 59781, 4539, 61677, 99460, 13625, 61547, 50670, 13613, 59753, 22915, 2621, 41331, 81995, 39637, 22957, 79002, 77248, 80855, 23226, 52229, 79789, 70273, 33650, 98693, 42923, 5145, 90463, 16373, 37110, 73707, 81260, 22037, 73958, 71109, 87766, 33357, 36160, 30428, 68575, 62987, 54541, 93429, 10734, 56468, 10160, 92379, 48026, 42646, 26036, 13198, 24697, 89401, 2013, 24257, 16393, 7549, 56761, 59383, 92698, 47833, 9115, 80083, 27886, 98520, 84184, 46396, 32324, 55136, 33043, 94733, 39299, 68268, 17957, 41681, 95283, 74312, 19569, 5501, 96364, 37614, 98620, 35413, 23136, 13438, 71840, 85129, 48571, 41673, 12536, 28619, 39045, 31089, 96567, 57611, 19490, 3253, 59735, 37115, 23031, 12955, 69562, 87443, 43955, 64586, 64395, 83855, 28306, 89637, 82455, 41564, 62224, 83458, 72706, 39687, 18580, 37123, 88608, 78134, 31325, 99919, 83099, 93340, 64560, 40152, 49911, 90599, 5214, 94580, 49233, 60885, 57752, 18427, 57803, 29767, 82380, 44062, 42873, 35236, 96454, 6296, 761, 18195, 33989, 94984, 70688, 90636, 6806, 73662, 94256, 41102, 28770, 46150, 73640, 11449, 24920, 21310, 85454, 94863, 91863, 23315, 17597, 20217, 91794, 34166, 77109, 46637, 32144, 83158, 26247, 76783, 57366, 76170, 90953, 82914, 78347, 9798, 36943, 73386, 68382, 52072, 12414, 41189, 86486, 60473, 16665, 45781, 59592, 86919, 63519, 25794, 53453, 64363, 96508, 16128, 92416, 22277, 24310, 86063, 67165, 46227, 54481, 89870, 69212, 62340, 60412, 71112, 23023, 34509, 92116, 7217, 63002, 41259, 50000, 8793, 4594, 30483, 62653, 83938, 83503, 31483, 10365, 49442, 30804, 45981, 6968, 91617, 92210, 54325, 96831, 5008, 28389, 68581, 10722, 76148, 95354, 73970, 68860, 62036, 98213, 81300, 79566, 11781, 37080, 43953, 62574, 60034, 62154, 78716, 7847, 44434, 11159, 20786, 57220, 86148, 89532, 79123, 19828, 71554, 38321, 92355, 28120, 6885, 40594, 84932, 47779, 99847, 92498, 86367, 71489, 51939, 10303, 75651, 2814, 54873, 58078, 82260, 4131, 16111, 36323, 80831, 56586, 23086, 62810, 48333, 30508, 86384, 27684, 56737, 96345, 97308, 91048, 25778, 26424, 16979, 77059, 87484, 650, 10501, 7664, 42399, 66368, 72428, 90313, 68581, 95408, 58719, 7010, 71100, 38694, 62269, 88515, 87114, 60082, 74975, 47648, 95486, 87637, 66308, 20895, 66554, 33908, 42049, 56894, 28029, 53349, 69094, 28178, 10701, 80203, 12390, 30718, 61309, 79054, 80067, 87669, 18429, 56382, 67438, 53640, 19668, 83077, 8515, 32853, 16711, 65061, 42899, 66125, 28921, 47414, 77777, 7836, 59293, 12583, 45182, 70935, 11108, 65079, 57419, 58720, 99394, 41111, 59469, 41454, 95010, 96686, 20780, 37583, 91647, 99794, 21826, 42117, 12468, 34122, 46653, 81774, 80852, 20118, 37608, 92311, 79336, 51578, 35457, 31958, 86730, 96687, 11146, 78075, 16211, 44286, 64844, 65338, 10895, 10275, 77020, 73939, 97538, 77164, 89934, 19330, 65432, 21836, 62675, 2218, 30434, 72578, 3673, 40750, 56210, 87412, 64425, 15775, 78636, 80433, 91705, 39505, 7027, 29105, 87238, 78396, 99457, 72495, 465, 26796, 81547, 80667, 30823, 69059, 7899, 78032, 78440, 81817, 20294, 87763, 12034, 87734, 24471, 82031, 64016, 50288, 34228, 63282, 50920, 30581, 84203, 633, 87248, 12770, 97953, 13053, 95572, 37949, 74063, 36227, 29715, 49813, 21145, 87009, 80874, 37059, 87639, 40612, 24590, 86721, 77317, 98113, 76274, 67052, 89971, 13754, 59718, 87879, 93901, 12293, 67642, 78449, 64313, 44591, 70027, 35247, 66295, 59710, 40038, 34813, 87962, 6454, 75437, 34184, 50284, 17941, 64231, 49977, 2028, 59502, 60727, 26582, 79999, 6279, 85230, 43569, 67203, 58331, 72913, 30171, 1727, 41946, 90745, 71914, 86277, 5832, 11177, 57599, 86212, 61606, 28255, 80106, 54547, 15980, 77212, 3027, 83112, 17125, 76921, 4837, 26444, 13210, 89259, 46651, 77381, 66788, 11296, 33774, 81105, 70945, 61130, 72200, 65714, 63243, 61476, 76626, 59438, 32822, 8711, 94850, 65916, 7693, 21486, 24715, 26506, 21007, 33133, 38566, 99647, 25770, 19442, 13318, 78963, 57647, 12222, 92372, 45896, 92440, 69281, 19151, 44863, 76918, 22077, 63058, 94435, 38449, 64109, 20310, 83672, 22901, 14278, 33390, 13900, 63275, 55898, 16247, 33785, 54297, 8437, 54820, 83410, 95313, 67626, 61778, 10727, 89377, 37482, 45594, 34932, 17260, 28241, 94797, 26052, 23531, 90086, 15960, 81528, 32321, 35167, 20274, 11327, 18349, 24819, 16188, 45023, 56618, 85558, 52445, 76045, 7010, 39667, 97499, 27217, 6922, 66669, 41143, 82468, 17121, 9153, 82171, 29623, 91642, 3023, 69588, 47419, 86211, 71966, 80845, 68320, 13455, 37727, 52220, 74702, 43968, 32800, 43782, 66266, 15493, 61506, 51999, 45231, 78441, 55374, 45332, 33666, 99772, 17526, 93054, 75932, 18681, 44005, 52642, 79466, 41665, 71733, 67212, 52963, 45410, 97177, 3676, 65899, 60266, 6015, 31478, 67272, 29789, 47236, 62659, 19112, 76732, 55297, 44711, 19662, 33344, 75613, 43681, 51180, 63551, 81969, 93251, 48767, 14416]})"
141.0,3,12,54,11.21599292755127,418,"Genotype(dna={""<class 'abc.NT_0012'>"": [0, 89047], ""<class 'abc.NT_0012_P_00000'>"": [], ""<class 'abc.NT_0007'>"": [55058, 96429, 2662], ""<class 'abc.NT_0007_P_00000'>"": [], ""<class 'abc.NT_0002'>"": [0, 48333, 27356], ""<class 'abc.NT_0002_P_00000'>"": [], ""<class 'abc.NT_0000'>"": [42184, 70052, 0, 91804, 0, 0, 36773, 0, 64804], ""<class 'abc.NT_0000_P_00000'>"": [], ""<class 'abc.NT_0001'>"": [0, 49937, 0, 86169, 43681], ""<class 'abc.NT_0001_P_00000'>"": [], ""<class 'bool'>"": [70796, 41936, 41546, 8512, 21121, 28869], ""<class 'int'>"": [25155, 52427, 13216, 14861, 37066, 43227, 14416], ""<class 'abc.NT_0005'>"": [0, 37639], ""<class 'abc.NT_0005_P_00000'>"": [], ""<class 'abc.NT_0003'>"": [33650, 52703], ""<class 'abc.NT_0003_P_00000'>"": [], ""<class 'abc.NT_0004'>"": [0, 59983], ""<class 'abc.NT_0004_P_00000'>"": [], '$leftovers': [81600, 92981, 24586, 80507, 48909, 56302, 48279, 39596, 8177, 41048, 54709, 2141, 36382, 30231, 79303, 45906, 3600, 72448, 85756, 62232, 76728, 12314, 10402, 99348, 82540, 3143, 2927, 63383, 24684, 56849, 91234, 96607, 11663, 55655, 70782, 65921, 46458, 89721, 42004, 84925, 23942, 57205, 447, 66040, 89769, 37633, 53881, 33471, 84899, 77962, 79382, 63421, 42354, 22565, 54622, 78399, 707, 24478, 73210, 60708, 91176, 39440, 68267, 67164, 86078, 78891, 1648, 1984, 34860, 67089, 14873, 85945, 27946, 91486, 43571, 81436, 24346, 46853, 90833, 93204, 67569, 28562, 65707, 64260, 79507, 5703, 7091, 64658, 51775, 12742, 9851, 57202, 62567, 20339, 98771, 84993, 42327, 6461, 36932, 81439, 47467, 62039, 83881, 12894, 32233, 8056, 28809, 72665, 37010, 26904, 8831, 28758, 41940, 50619, 13705, 77050, 31928, 98645, 56591, 24230, 79582, 27434, 95976, 64454, 7019, 17483, 21240, 67326, 59414, 72680, 9039, 51925, 93310, 67483, 64406, 48515, 88431, 2658, 13619, 9790, 17053, 28910, 57659, 77924, 99848, 89052, 47667, 8134, 19606, 85887, 52665, 28157, 42807, 17016, 89094, 61528, 2617, 28737, 93170, 38813, 99354, 15028, 23722, 65353, 29533, 99753, 41981, 50418, 14162, 78477, 44874, 48013, 99700, 22092, 35260, 90200, 89643, 20702, 91024, 9577, 56981, 30550, 61179, 18259, 57231, 87191, 55757, 3244, 78476, 74777, 24995, 31614, 77943, 7036, 49566, 58360, 3004, 53252, 66953, 74656, 74210, 27963, 52379, 63796, 99017, 55895, 25648, 47745, 62726, 60872, 9501, 49057, 94539, 87198, 63764, 99938, 10128, 80210, 46135, 51655, 83482, 38148, 24164, 27359, 56722, 28341, 25100, 45456, 58831, 30641, 35297, 10655, 57535, 34439, 9062, 29603, 80404, 81266, 30591, 52083, 4329, 59237, 41782, 63886, 44622, 7276, 5883, 7811, 9363, 36177, 85829, 72401, 69637, 5311, 68134, 6919, 88426, 70653, 4616, 46013, 92629, 59024, 92702, 43046, 89779, 385, 55229, 28239, 12254, 26194, 26075, 97973, 61281, 36055, 35286, 66986, 28883, 19934, 88098, 4790, 83498, 37148, 15666, 87010, 55539, 7569, 68859, 64018, 42555, 25550, 49766, 42788, 84258, 51569, 68268, 3156, 96561, 85693, 51070, 36377, 65819, 96179, 39579, 24584, 28035, 59376, 1204, 11150, 48792, 45926, 85267, 91074, 94546, 96796, 37903, 59781, 4539, 61677, 99460, 13625, 61547, 50670, 13613, 59753, 22915, 2621, 41331, 81995, 39637, 22957, 79002, 77248, 80855, 23226, 52229, 79789, 70273, 33650, 98693, 42923, 5145, 90463, 16373, 37110, 73707, 81260, 22037, 73958, 71109, 87766, 33357, 36160, 30428, 68575, 62987, 54541, 93429, 10734, 56468, 10160, 92379, 48026, 42646, 26036, 13198, 24697, 89401, 2013, 24257, 16393, 7549, 56761, 59383, 92698, 47833, 9115, 80083, 27886, 98520, 84184, 46396, 32324, 55136, 33043, 94733, 39299, 68268, 17957, 41681, 95283, 74312, 19569, 5501, 96364, 37614, 98620, 35413, 23136, 13438, 71840, 85129, 48571, 41673, 12536, 28619, 39045, 31089, 96567, 57611, 19490, 3253, 59735, 37115, 23031, 12955, 69562, 87443, 43955, 64586, 64395, 83855, 28306, 89637, 82455, 41564, 62224, 83458, 72706, 39687, 18580, 37123, 88608, 78134, 31325, 99919, 83099, 93340, 64560, 40152, 49911, 90599, 5214, 94580, 49233, 60885, 57752, 18427, 57803, 29767, 82380, 44062, 42873, 35236, 96454, 6296, 761, 18195, 33989, 94984, 70688, 90636, 6806, 73662, 94256, 41102, 28770, 46150, 73640, 11449, 24920, 21310, 85454, 94863, 91863, 23315, 17597, 20217, 91794, 34166, 77109, 46637, 32144, 83158, 26247, 76783, 57366, 76170, 90953, 82914, 78347, 9798, 36943, 73386, 68382, 52072, 12414, 41189, 86486, 60473, 16665, 45781, 59592, 86919, 63519, 25794, 53453, 64363, 96508, 16128, 92416, 22277, 24310, 86063, 67165, 46227, 54481, 89870, 69212, 62340, 60412, 71112, 23023, 34509, 92116, 7217, 63002, 41259, 50000, 8793, 4594, 30483, 62653, 83938, 83503, 31483, 10365, 49442, 30804, 45981, 6968, 91617, 92210, 54325, 96831, 5008, 28389, 68581, 10722, 76148, 95354, 73970, 68860, 62036, 98213, 81300, 79566, 11781, 37080, 43953, 62574, 60034, 62154, 78716, 7847, 44434, 11159, 20786, 57220, 86148, 89532, 79123, 19828, 71554, 38321, 92355, 28120, 6885, 40594, 84932, 47779, 99847, 92498, 86367, 71489, 51939, 10303, 75651, 2814, 54873, 58078, 82260, 4131, 16111, 36323, 80831, 56586, 23086, 62810, 48333, 30508, 86384, 27684, 56737, 96345, 97308, 91048, 25778, 26424, 16979, 77059, 87484, 650, 10501, 7664, 42399, 66368, 72428, 90313, 68581, 95408, 58719, 7010, 71100, 38694, 62269, 88515, 87114, 60082, 74975, 47648, 95486, 87637, 66308, 20895, 66554, 33908, 42049, 56894, 28029, 53349, 69094, 28178, 10701, 80203, 12390, 30718, 61309, 79054, 80067, 87669, 18429, 56382, 67438, 53640, 19668, 83077, 8515, 32853, 16711, 65061, 42899, 66125, 28921, 47414, 77777, 7836, 59293, 12583, 45182, 70935, 11108, 65079, 57419, 58720, 99394, 41111, 59469, 41454, 95010, 96686, 20780, 37583, 91647, 99794, 21826, 42117, 12468, 34122, 46653, 81774, 80852, 20118, 37608, 92311, 79336, 51578, 35457, 31958, 86730, 96687, 11146, 78075, 16211, 44286, 64844, 65338, 10895, 10275, 77020, 73939, 97538, 77164, 89934, 19330, 65432, 21836, 62675, 2218, 30434, 72578, 3673, 40750, 56210, 87412, 64425, 15775, 78636, 80433, 91705, 39505, 7027, 29105, 87238, 78396, 99457, 72495, 465, 26796, 81547, 80667, 30823, 69059, 7899, 78032, 78440, 81817, 20294, 87763, 12034, 87734, 24471, 82031, 64016, 50288, 34228, 63282, 50920, 30581, 84203, 633, 87248, 12770, 97953, 13053, 95572, 37949, 74063, 36227, 29715, 49813, 21145, 87009, 80874, 37059, 87639, 40612, 24590, 86721, 77317, 98113, 76274, 67052, 89971, 13754, 59718, 87879, 93901, 12293, 67642, 78449, 64313, 44591, 70027, 35247, 66295, 59710, 40038, 34813, 87962, 6454, 75437, 34184, 50284, 17941, 64231, 49977, 2028, 59502, 60727, 26582, 79999, 6279, 85230, 43569, 67203, 58331, 72913, 30171, 1727, 41946, 90745, 71914, 86277, 5832, 11177, 57599, 86212, 61606, 28255, 80106, 54547, 15980, 77212, 3027, 83112, 17125, 76921, 4837, 26444, 13210, 89259, 46651, 77381, 66788, 11296, 33774, 81105, 70945, 61130, 72200, 65714, 63243, 61476, 76626, 59438, 32822, 8711, 94850, 65916, 7693, 21486, 24715, 26506, 21007, 33133, 38566, 99647, 25770, 19442, 13318, 78963, 57647, 12222, 92372, 45896, 92440, 69281, 19151, 44863, 76918, 22077, 63058, 94435, 38449, 64109, 20310, 83672, 22901, 14278, 33390, 13900, 63275, 55898, 16247, 33785, 54297, 8437, 54820, 83410, 95313, 67626, 61778, 10727, 89377, 37482, 45594, 34932, 17260, 28241, 94797, 26052, 23531, 90086, 15960, 81528, 32321, 35167, 20274, 11327, 18349, 24819, 16188, 45023, 56618, 85558, 52445, 76045, 7010, 39667, 97499, 27217, 6922, 66669, 41143, 82468, 17121, 9153, 82171, 29623, 91642, 3023, 69588, 47419, 86211, 71966, 80845, 68320, 13455, 37727, 52220, 74702, 43968, 32800, 43782, 66266, 15493, 61506, 51999, 45231, 78441, 55374, 45332, 33666, 99772, 17526, 93054, 75932, 18681, 44005, 52642, 79466, 41665, 71733, 67212, 52963, 45410, 97177, 3676, 65899, 60266, 6015, 31478, 67272, 29789, 47236, 62659, 19112, 76732, 55297, 44711, 19662, 33344, 75613, 43681, 51180, 63551, 81969, 93251, 48767, 14416]})"
141.0,3,12,55,11.295614242553711,418,"Genotype(dna={""<class 'abc.NT_0012'>"": [0, 89047], ""<class 'abc.NT_0012_P_00000'>"": [], ""<class 'abc.NT_0007'>"": [55058, 96429, 2662], ""<class 'abc.NT_0007_P_00000'>"": [], ""<class 'abc.NT_0002'>"": [0, 48333, 27356], ""<class 'abc.NT_0002_P_00000'>"": [], ""<class 'abc.NT_0000'>"": [42184, 70052, 0, 91804, 0, 0, 36773, 0, 64804], ""<class 'abc.NT_0000_P_00000'>"": [], ""<class 'abc.NT_0001'>"": [0, 49937, 0, 86169, 43681], ""<class 'abc.NT_0001_P_00000'>"": [], ""<class 'bool'>"": [70796, 41936, 41546, 8512, 21121, 28869], ""<class 'int'>"": [25155, 52427, 13216, 14861, 37066, 43227, 14416], ""<class 'abc.NT_0005'>"": [0, 37639], ""<class 'abc.NT_0005_P_00000'>"": [], ""<class 'abc.NT_0003'>"": [33650, 52703], ""<class 'abc.NT_0003_P_00000'>"": [], ""<class 'abc.NT_0004'>"": [0, 59983], ""<class 'abc.NT_0004_P_00000'>"": [], '$leftovers': [81600, 92981, 24586, 80507, 48909, 56302, 48279, 39596, 8177, 41048, 54709, 2141, 36382, 30231, 79303, 45906, 3600, 72448, 85756, 62232, 76728, 12314, 10402, 99348, 82540, 3143, 2927, 63383, 24684, 56849, 91234, 96607, 11663, 55655, 70782, 65921, 46458, 89721, 42004, 84925, 23942, 57205, 447, 66040, 89769, 37633, 53881, 33471, 84899, 77962, 79382, 63421, 42354, 22565, 54622, 78399, 707, 24478, 73210, 60708, 91176, 39440, 68267, 67164, 86078, 78891, 1648, 1984, 34860, 67089, 14873, 85945, 27946, 91486, 43571, 81436, 24346, 46853, 90833, 93204, 67569, 28562, 65707, 64260, 79507, 5703, 7091, 64658, 51775, 12742, 9851, 57202, 62567, 20339, 98771, 84993, 42327, 6461, 36932, 81439, 47467, 62039, 83881, 12894, 32233, 8056, 28809, 72665, 37010, 26904, 8831, 28758, 41940, 50619, 13705, 77050, 31928, 98645, 56591, 24230, 79582, 27434, 95976, 64454, 7019, 17483, 21240, 67326, 59414, 72680, 9039, 51925, 93310, 67483, 64406, 48515, 88431, 2658, 13619, 9790, 17053, 28910, 57659, 77924, 99848, 89052, 47667, 8134, 19606, 85887, 52665, 28157, 42807, 17016, 89094, 61528, 2617, 28737, 93170, 38813, 99354, 15028, 23722, 65353, 29533, 99753, 41981, 50418, 14162, 78477, 44874, 48013, 99700, 22092, 35260, 90200, 89643, 20702, 91024, 9577, 56981, 30550, 61179, 18259, 57231, 87191, 55757, 3244, 78476, 74777, 24995, 31614, 77943, 7036, 49566, 58360, 3004, 53252, 66953, 74656, 74210, 27963, 52379, 63796, 99017, 55895, 25648, 47745, 62726, 60872, 9501, 49057, 94539, 87198, 63764, 99938, 10128, 80210, 46135, 51655, 83482, 38148, 24164, 27359, 56722, 28341, 25100, 45456, 58831, 30641, 35297, 10655, 57535, 34439, 9062, 29603, 80404, 81266, 30591, 52083, 4329, 59237, 41782, 63886, 44622, 7276, 5883, 7811, 9363, 36177, 85829, 72401, 69637, 5311, 68134, 6919, 88426, 70653, 4616, 46013, 92629, 59024, 92702, 43046, 89779, 385, 55229, 28239, 12254, 26194, 26075, 97973, 61281, 36055, 35286, 66986, 28883, 19934, 88098, 4790, 83498, 37148, 15666, 87010, 55539, 7569, 68859, 64018, 42555, 25550, 49766, 42788, 84258, 51569, 68268, 3156, 96561, 85693, 51070, 36377, 65819, 96179, 39579, 24584, 28035, 59376, 1204, 11150, 48792, 45926, 85267, 91074, 94546, 96796, 37903, 59781, 4539, 61677, 99460, 13625, 61547, 50670, 13613, 59753, 22915, 2621, 41331, 81995, 39637, 22957, 79002, 77248, 80855, 23226, 52229, 79789, 70273, 33650, 98693, 42923, 5145, 90463, 16373, 37110, 73707, 81260, 22037, 73958, 71109, 87766, 33357, 36160, 30428, 68575, 62987, 54541, 93429, 10734, 56468, 10160, 92379, 48026, 42646, 26036, 13198, 24697, 89401, 2013, 24257, 16393, 7549, 56761, 59383, 92698, 47833, 9115, 80083, 27886, 98520, 84184, 46396, 32324, 55136, 33043, 94733, 39299, 68268, 17957, 41681, 95283, 74312, 19569, 5501, 96364, 37614, 98620, 35413, 23136, 13438, 71840, 85129, 48571, 41673, 12536, 28619, 39045, 31089, 96567, 57611, 19490, 3253, 59735, 37115, 23031, 12955, 69562, 87443, 43955, 64586, 64395, 83855, 28306, 89637, 82455, 41564, 62224, 83458, 72706, 39687, 18580, 37123, 88608, 78134, 31325, 99919, 83099, 93340, 64560, 40152, 49911, 90599, 5214, 94580, 49233, 60885, 57752, 18427, 57803, 29767, 82380, 44062, 42873, 35236, 96454, 6296, 761, 18195, 33989, 94984, 70688, 90636, 6806, 73662, 94256, 41102, 28770, 46150, 73640, 11449, 24920, 21310, 85454, 94863, 91863, 23315, 17597, 20217, 91794, 34166, 77109, 46637, 32144, 83158, 26247, 76783, 57366, 76170, 90953, 82914, 78347, 9798, 36943, 73386, 68382, 52072, 12414, 41189, 86486, 60473, 16665, 45781, 59592, 86919, 63519, 25794, 53453, 64363, 96508, 16128, 92416, 22277, 24310, 86063, 67165, 46227, 54481, 89870, 69212, 62340, 60412, 71112, 23023, 34509, 92116, 7217, 63002, 41259, 50000, 8793, 4594, 30483, 62653, 83938, 83503, 31483, 10365, 49442, 30804, 45981, 6968, 91617, 92210, 54325, 96831, 5008, 28389, 68581, 10722, 76148, 95354, 73970, 68860, 62036, 98213, 81300, 79566, 11781, 37080, 43953, 62574, 60034, 62154, 78716, 7847, 44434, 11159, 20786, 57220, 86148, 89532, 79123, 19828, 71554, 38321, 92355, 28120, 6885, 40594, 84932, 47779, 99847, 92498, 86367, 71489, 51939, 10303, 75651, 2814, 54873, 58078, 82260, 4131, 16111, 36323, 80831, 56586, 23086, 62810, 48333, 30508, 86384, 27684, 56737, 96345, 97308, 91048, 25778, 26424, 16979, 77059, 87484, 650, 10501, 7664, 42399, 66368, 72428, 90313, 68581, 95408, 58719, 7010, 71100, 38694, 62269, 88515, 87114, 60082, 74975, 47648, 95486, 87637, 66308, 20895, 66554, 33908, 42049, 56894, 28029, 53349, 69094, 28178, 10701, 80203, 12390, 30718, 61309, 79054, 80067, 87669, 18429, 56382, 67438, 53640, 19668, 83077, 8515, 32853, 16711, 65061, 42899, 66125, 28921, 47414, 77777, 7836, 59293, 12583, 45182, 70935, 11108, 65079, 57419, 58720, 99394, 41111, 59469, 41454, 95010, 96686, 20780, 37583, 91647, 99794, 21826, 42117, 12468, 34122, 46653, 81774, 80852, 20118, 37608, 92311, 79336, 51578, 35457, 31958, 86730, 96687, 11146, 78075, 16211, 44286, 64844, 65338, 10895, 10275, 77020, 73939, 97538, 77164, 89934, 19330, 65432, 21836, 62675, 2218, 30434, 72578, 3673, 40750, 56210, 87412, 64425, 15775, 78636, 80433, 91705, 39505, 7027, 29105, 87238, 78396, 99457, 72495, 465, 26796, 81547, 80667, 30823, 69059, 7899, 78032, 78440, 81817, 20294, 87763, 12034, 87734, 24471, 82031, 64016, 50288, 34228, 63282, 50920, 30581, 84203, 633, 87248, 12770, 97953, 13053, 95572, 37949, 74063, 36227, 29715, 49813, 21145, 87009, 80874, 37059, 87639, 40612, 24590, 86721, 77317, 98113, 76274, 67052, 89971, 13754, 59718, 87879, 93901, 12293, 67642, 78449, 64313, 44591, 70027, 35247, 66295, 59710, 40038, 34813, 87962, 6454, 75437, 34184, 50284, 17941, 64231, 49977, 2028, 59502, 60727, 26582, 79999, 6279, 85230, 43569, 67203, 58331, 72913, 30171, 1727, 41946, 90745, 71914, 86277, 5832, 11177, 57599, 86212, 61606, 28255, 80106, 54547, 15980, 77212, 3027, 83112, 17125, 76921, 4837, 26444, 13210, 89259, 46651, 77381, 66788, 11296, 33774, 81105, 70945, 61130, 72200, 65714, 63243, 61476, 76626, 59438, 32822, 8711, 94850, 65916, 7693, 21486, 24715, 26506, 21007, 33133, 38566, 99647, 25770, 19442, 13318, 78963, 57647, 12222, 92372, 45896, 92440, 69281, 19151, 44863, 76918, 22077, 63058, 94435, 38449, 64109, 20310, 83672, 22901, 14278, 33390, 13900, 63275, 55898, 16247, 33785, 54297, 8437, 54820, 83410, 95313, 67626, 61778, 10727, 89377, 37482, 45594, 34932, 17260, 28241, 94797, 26052, 23531, 90086, 15960, 81528, 32321, 35167, 20274, 11327, 18349, 24819, 16188, 45023, 56618, 85558, 52445, 76045, 7010, 39667, 97499, 27217, 6922, 66669, 41143, 82468, 17121, 9153, 82171, 29623, 91642, 3023, 69588, 47419, 86211, 71966, 80845, 68320, 13455, 37727, 52220, 74702, 43968, 32800, 43782, 66266, 15493, 61506, 51999, 45231, 78441, 55374, 45332, 33666, 99772, 17526, 93054, 75932, 18681, 44005, 52642, 79466, 41665, 71733, 67212, 52963, 45410, 97177, 3676, 65899, 60266, 6015, 31478, 67272, 29789, 47236, 62659, 19112, 76732, 55297, 44711, 19662, 33344, 75613, 43681, 51180, 63551, 81969, 93251, 48767, 14416]})"
141.0,3,12,56,11.366701602935791,418,"Genotype(dna={""<class 'abc.NT_0012'>"": [0, 89047], ""<class 'abc.NT_0012_P_00000'>"": [], ""<class 'abc.NT_0007'>"": [55058, 96429, 2662], ""<class 'abc.NT_0007_P_00000'>"": [], ""<class 'abc.NT_0002'>"": [0, 48333, 27356], ""<class 'abc.NT_0002_P_00000'>"": [], ""<class 'abc.NT_0000'>"": [42184, 70052, 0, 91804, 0, 0, 36773, 0, 64804], ""<class 'abc.NT_0000_P_00000'>"": [], ""<class 'abc.NT_0001'>"": [0, 49937, 0, 86169, 43681], ""<class 'abc.NT_0001_P_00000'>"": [], ""<class 'bool'>"": [70796, 41936, 41546, 8512, 21121, 28869], ""<class 'int'>"": [25155, 52427, 13216, 14861, 37066, 43227, 14416], ""<class 'abc.NT_0005'>"": [0, 37639], ""<class 'abc.NT_0005_P_00000'>"": [], ""<class 'abc.NT_0003'>"": [33650, 52703], ""<class 'abc.NT_0003_P_00000'>"": [], ""<class 'abc.NT_0004'>"": [0, 59983], ""<class 'abc.NT_0004_P_00000'>"": [], '$leftovers': [81600, 92981, 24586, 80507, 48909, 56302, 48279, 39596, 8177, 41048, 54709, 2141, 36382, 30231, 79303, 45906, 3600, 72448, 85756, 62232, 76728, 12314, 10402, 99348, 82540, 3143, 2927, 63383, 24684, 56849, 91234, 96607, 11663, 55655, 70782, 65921, 46458, 89721, 42004, 84925, 23942, 57205, 447, 66040, 89769, 37633, 53881, 33471, 84899, 77962, 79382, 63421, 42354, 22565, 54622, 78399, 707, 24478, 73210, 60708, 91176, 39440, 68267, 67164, 86078, 78891, 1648, 1984, 34860, 67089, 14873, 85945, 27946, 91486, 43571, 81436, 24346, 46853, 90833, 93204, 67569, 28562, 65707, 64260, 79507, 5703, 7091, 64658, 51775, 12742, 9851, 57202, 62567, 20339, 98771, 84993, 42327, 6461, 36932, 81439, 47467, 62039, 83881, 12894, 32233, 8056, 28809, 72665, 37010, 26904, 8831, 28758, 41940, 50619, 13705, 77050, 31928, 98645, 56591, 24230, 79582, 27434, 95976, 64454, 7019, 17483, 21240, 67326, 59414, 72680, 9039, 51925, 93310, 67483, 64406, 48515, 88431, 2658, 13619, 9790, 17053, 28910, 57659, 77924, 99848, 89052, 47667, 8134, 19606, 85887, 52665, 28157, 42807, 17016, 89094, 61528, 2617, 28737, 93170, 38813, 99354, 15028, 23722, 65353, 29533, 99753, 41981, 50418, 14162, 78477, 44874, 48013, 99700, 22092, 35260, 90200, 89643, 20702, 91024, 9577, 56981, 30550, 61179, 18259, 57231, 87191, 55757, 3244, 78476, 74777, 24995, 31614, 77943, 7036, 49566, 58360, 3004, 53252, 66953, 74656, 74210, 27963, 52379, 63796, 99017, 55895, 25648, 47745, 62726, 60872, 9501, 49057, 94539, 87198, 63764, 99938, 10128, 80210, 46135, 51655, 83482, 38148, 24164, 27359, 56722, 28341, 25100, 45456, 58831, 30641, 35297, 10655, 57535, 34439, 9062, 29603, 80404, 81266, 30591, 52083, 4329, 59237, 41782, 63886, 44622, 7276, 5883, 7811, 9363, 36177, 85829, 72401, 69637, 5311, 68134, 6919, 88426, 70653, 4616, 46013, 92629, 59024, 92702, 43046, 89779, 385, 55229, 28239, 12254, 26194, 26075, 97973, 61281, 36055, 35286, 66986, 28883, 19934, 88098, 4790, 83498, 37148, 15666, 87010, 55539, 7569, 68859, 64018, 42555, 25550, 49766, 42788, 84258, 51569, 68268, 3156, 96561, 85693, 51070, 36377, 65819, 96179, 39579, 24584, 28035, 59376, 1204, 11150, 48792, 45926, 85267, 91074, 94546, 96796, 37903, 59781, 4539, 61677, 99460, 13625, 61547, 50670, 13613, 59753, 22915, 2621, 41331, 81995, 39637, 22957, 79002, 77248, 80855, 23226, 52229, 79789, 70273, 33650, 98693, 42923, 5145, 90463, 16373, 37110, 73707, 81260, 22037, 73958, 71109, 87766, 33357, 36160, 30428, 68575, 62987, 54541, 93429, 10734, 56468, 10160, 92379, 48026, 42646, 26036, 13198, 24697, 89401, 2013, 24257, 16393, 7549, 56761, 59383, 92698, 47833, 9115, 80083, 27886, 98520, 84184, 46396, 32324, 55136, 33043, 94733, 39299, 68268, 17957, 41681, 95283, 74312, 19569, 5501, 96364, 37614, 98620, 35413, 23136, 13438, 71840, 85129, 48571, 41673, 12536, 28619, 39045, 31089, 96567, 57611, 19490, 3253, 59735, 37115, 23031, 12955, 69562, 87443, 43955, 64586, 64395, 83855, 28306, 89637, 82455, 41564, 62224, 83458, 72706, 39687, 18580, 37123, 88608, 78134, 31325, 99919, 83099, 93340, 64560, 40152, 49911, 90599, 5214, 94580, 49233, 60885, 57752, 18427, 57803, 29767, 82380, 44062, 42873, 35236, 96454, 6296, 761, 18195, 33989, 94984, 70688, 90636, 6806, 73662, 94256, 41102, 28770, 46150, 73640, 11449, 24920, 21310, 85454, 94863, 91863, 23315, 17597, 20217, 91794, 34166, 77109, 46637, 32144, 83158, 26247, 76783, 57366, 76170, 90953, 82914, 78347, 9798, 36943, 73386, 68382, 52072, 12414, 41189, 86486, 60473, 16665, 45781, 59592, 86919, 63519, 25794, 53453, 64363, 96508, 16128, 92416, 22277, 24310, 86063, 67165, 46227, 54481, 89870, 69212, 62340, 60412, 71112, 23023, 34509, 92116, 7217, 63002, 41259, 50000, 8793, 4594, 30483, 62653, 83938, 83503, 31483, 10365, 49442, 30804, 45981, 6968, 91617, 92210, 54325, 96831, 5008, 28389, 68581, 10722, 76148, 95354, 73970, 68860, 62036, 98213, 81300, 79566, 11781, 37080, 43953, 62574, 60034, 62154, 78716, 7847, 44434, 11159, 20786, 57220, 86148, 89532, 79123, 19828, 71554, 38321, 92355, 28120, 6885, 40594, 84932, 47779, 99847, 92498, 86367, 71489, 51939, 10303, 75651, 2814, 54873, 58078, 82260, 4131, 16111, 36323, 80831, 56586, 23086, 62810, 48333, 30508, 86384, 27684, 56737, 96345, 97308, 91048, 25778, 26424, 16979, 77059, 87484, 650, 10501, 7664, 42399, 66368, 72428, 90313, 68581, 95408, 58719, 7010, 71100, 38694, 62269, 88515, 87114, 60082, 74975, 47648, 95486, 87637, 66308, 20895, 66554, 33908, 42049, 56894, 28029, 53349, 69094, 28178, 10701, 80203, 12390, 30718, 61309, 79054, 80067, 87669, 18429, 56382, 67438, 53640, 19668, 83077, 8515, 32853, 16711, 65061, 42899, 66125, 28921, 47414, 77777, 7836, 59293, 12583, 45182, 70935, 11108, 65079, 57419, 58720, 99394, 41111, 59469, 41454, 95010, 96686, 20780, 37583, 91647, 99794, 21826, 42117, 12468, 34122, 46653, 81774, 80852, 20118, 37608, 92311, 79336, 51578, 35457, 31958, 86730, 96687, 11146, 78075, 16211, 44286, 64844, 65338, 10895, 10275, 77020, 73939, 97538, 77164, 89934, 19330, 65432, 21836, 62675, 2218, 30434, 72578, 3673, 40750, 56210, 87412, 64425, 15775, 78636, 80433, 91705, 39505, 7027, 29105, 87238, 78396, 99457, 72495, 465, 26796, 81547, 80667, 30823, 69059, 7899, 78032, 78440, 81817, 20294, 87763, 12034, 87734, 24471, 82031, 64016, 50288, 34228, 63282, 50920, 30581, 84203, 633, 87248, 12770, 97953, 13053, 95572, 37949, 74063, 36227, 29715, 49813, 21145, 87009, 80874, 37059, 87639, 40612, 24590, 86721, 77317, 98113, 76274, 67052, 89971, 13754, 59718, 87879, 93901, 12293, 67642, 78449, 64313, 44591, 70027, 35247, 66295, 59710, 40038, 34813, 87962, 6454, 75437, 34184, 50284, 17941, 64231, 49977, 2028, 59502, 60727, 26582, 79999, 6279, 85230, 43569, 67203, 58331, 72913, 30171, 1727, 41946, 90745, 71914, 86277, 5832, 11177, 57599, 86212, 61606, 28255, 80106, 54547, 15980, 77212, 3027, 83112, 17125, 76921, 4837, 26444, 13210, 89259, 46651, 77381, 66788, 11296, 33774, 81105, 70945, 61130, 72200, 65714, 63243, 61476, 76626, 59438, 32822, 8711, 94850, 65916, 7693, 21486, 24715, 26506, 21007, 33133, 38566, 99647, 25770, 19442, 13318, 78963, 57647, 12222, 92372, 45896, 92440, 69281, 19151, 44863, 76918, 22077, 63058, 94435, 38449, 64109, 20310, 83672, 22901, 14278, 33390, 13900, 63275, 55898, 16247, 33785, 54297, 8437, 54820, 83410, 95313, 67626, 61778, 10727, 89377, 37482, 45594, 34932, 17260, 28241, 94797, 26052, 23531, 90086, 15960, 81528, 32321, 35167, 20274, 11327, 18349, 24819, 16188, 45023, 56618, 85558, 52445, 76045, 7010, 39667, 97499, 27217, 6922, 66669, 41143, 82468, 17121, 9153, 82171, 29623, 91642, 3023, 69588, 47419, 86211, 71966, 80845, 68320, 13455, 37727, 52220, 74702, 43968, 32800, 43782, 66266, 15493, 61506, 51999, 45231, 78441, 55374, 45332, 33666, 99772, 17526, 93054, 75932, 18681, 44005, 52642, 79466, 41665, 71733, 67212, 52963, 45410, 97177, 3676, 65899, 60266, 6015, 31478, 67272, 29789, 47236, 62659, 19112, 76732, 55297, 44711, 19662, 33344, 75613, 43681, 51180, 63551, 81969, 93251, 48767, 14416]})"
141.0,3,12,57,11.455071210861206,418,"Genotype(dna={""<class 'abc.NT_0012'>"": [0, 89047], ""<class 'abc.NT_0012_P_00000'>"": [], ""<class 'abc.NT_0007'>"": [55058, 96429, 2662], ""<class 'abc.NT_0007_P_00000'>"": [], ""<class 'abc.NT_0002'>"": [0, 48333, 27356], ""<class 'abc.NT_0002_P_00000'>"": [], ""<class 'abc.NT_0000'>"": [42184, 70052, 0, 91804, 0, 0, 36773, 0, 64804], ""<class 'abc.NT_0000_P_00000'>"": [], ""<class 'abc.NT_0001'>"": [0, 49937, 0, 86169, 43681], ""<class 'abc.NT_0001_P_00000'>"": [], ""<class 'bool'>"": [70796, 41936, 41546, 8512, 21121, 28869], ""<class 'int'>"": [25155, 52427, 13216, 14861, 37066, 43227, 14416], ""<class 'abc.NT_0005'>"": [0, 37639], ""<class 'abc.NT_0005_P_00000'>"": [], ""<class 'abc.NT_0003'>"": [33650, 52703], ""<class 'abc.NT_0003_P_00000'>"": [], ""<class 'abc.NT_0004'>"": [0, 59983], ""<class 'abc.NT_0004_P_00000'>"": [], '$leftovers': [81600, 92981, 24586, 80507, 48909, 56302, 48279, 39596, 8177, 41048, 54709, 2141, 36382, 30231, 79303, 45906, 3600, 72448, 85756, 62232, 76728, 12314, 10402, 99348, 82540, 3143, 2927, 63383, 24684, 56849, 91234, 96607, 11663, 55655, 70782, 65921, 46458, 89721, 42004, 84925, 23942, 57205, 447, 66040, 89769, 37633, 53881, 33471, 84899, 77962, 79382, 63421, 42354, 22565, 54622, 78399, 707, 24478, 73210, 60708, 91176, 39440, 68267, 67164, 86078, 78891, 1648, 1984, 34860, 67089, 14873, 85945, 27946, 91486, 43571, 81436, 24346, 46853, 90833, 93204, 67569, 28562, 65707, 64260, 79507, 5703, 7091, 64658, 51775, 12742, 9851, 57202, 62567, 20339, 98771, 84993, 42327, 6461, 36932, 81439, 47467, 62039, 83881, 12894, 32233, 8056, 28809, 72665, 37010, 26904, 8831, 28758, 41940, 50619, 13705, 77050, 31928, 98645, 56591, 24230, 79582, 27434, 95976, 64454, 7019, 17483, 21240, 67326, 59414, 72680, 9039, 51925, 93310, 67483, 64406, 48515, 88431, 2658, 13619, 9790, 17053, 28910, 57659, 77924, 99848, 89052, 47667, 8134, 19606, 85887, 52665, 28157, 42807, 17016, 89094, 61528, 2617, 28737, 93170, 38813, 99354, 15028, 23722, 65353, 29533, 99753, 41981, 50418, 14162, 78477, 44874, 48013, 99700, 22092, 35260, 90200, 89643, 20702, 91024, 9577, 56981, 30550, 61179, 18259, 57231, 87191, 55757, 3244, 78476, 74777, 24995, 31614, 77943, 7036, 49566, 58360, 3004, 53252, 66953, 74656, 74210, 27963, 52379, 63796, 99017, 55895, 25648, 47745, 62726, 60872, 9501, 49057, 94539, 87198, 63764, 99938, 10128, 80210, 46135, 51655, 83482, 38148, 24164, 27359, 56722, 28341, 25100, 45456, 58831, 30641, 35297, 10655, 57535, 34439, 9062, 29603, 80404, 81266, 30591, 52083, 4329, 59237, 41782, 63886, 44622, 7276, 5883, 7811, 9363, 36177, 85829, 72401, 69637, 5311, 68134, 6919, 88426, 70653, 4616, 46013, 92629, 59024, 92702, 43046, 89779, 385, 55229, 28239, 12254, 26194, 26075, 97973, 61281, 36055, 35286, 66986, 28883, 19934, 88098, 4790, 83498, 37148, 15666, 87010, 55539, 7569, 68859, 64018, 42555, 25550, 49766, 42788, 84258, 51569, 68268, 3156, 96561, 85693, 51070, 36377, 65819, 96179, 39579, 24584, 28035, 59376, 1204, 11150, 48792, 45926, 85267, 91074, 94546, 96796, 37903, 59781, 4539, 61677, 99460, 13625, 61547, 50670, 13613, 59753, 22915, 2621, 41331, 81995, 39637, 22957, 79002, 77248, 80855, 23226, 52229, 79789, 70273, 33650, 98693, 42923, 5145, 90463, 16373, 37110, 73707, 81260, 22037, 73958, 71109, 87766, 33357, 36160, 30428, 68575, 62987, 54541, 93429, 10734, 56468, 10160, 92379, 48026, 42646, 26036, 13198, 24697, 89401, 2013, 24257, 16393, 7549, 56761, 59383, 92698, 47833, 9115, 80083, 27886, 98520, 84184, 46396, 32324, 55136, 33043, 94733, 39299, 68268, 17957, 41681, 95283, 74312, 19569, 5501, 96364, 37614, 98620, 35413, 23136, 13438, 71840, 85129, 48571, 41673, 12536, 28619, 39045, 31089, 96567, 57611, 19490, 3253, 59735, 37115, 23031, 12955, 69562, 87443, 43955, 64586, 64395, 83855, 28306, 89637, 82455, 41564, 62224, 83458, 72706, 39687, 18580, 37123, 88608, 78134, 31325, 99919, 83099, 93340, 64560, 40152, 49911, 90599, 5214, 94580, 49233, 60885, 57752, 18427, 57803, 29767, 82380, 44062, 42873, 35236, 96454, 6296, 761, 18195, 33989, 94984, 70688, 90636, 6806, 73662, 94256, 41102, 28770, 46150, 73640, 11449, 24920, 21310, 85454, 94863, 91863, 23315, 17597, 20217, 91794, 34166, 77109, 46637, 32144, 83158, 26247, 76783, 57366, 76170, 90953, 82914, 78347, 9798, 36943, 73386, 68382, 52072, 12414, 41189, 86486, 60473, 16665, 45781, 59592, 86919, 63519, 25794, 53453, 64363, 96508, 16128, 92416, 22277, 24310, 86063, 67165, 46227, 54481, 89870, 69212, 62340, 60412, 71112, 23023, 34509, 92116, 7217, 63002, 41259, 50000, 8793, 4594, 30483, 62653, 83938, 83503, 31483, 10365, 49442, 30804, 45981, 6968, 91617, 92210, 54325, 96831, 5008, 28389, 68581, 10722, 76148, 95354, 73970, 68860, 62036, 98213, 81300, 79566, 11781, 37080, 43953, 62574, 60034, 62154, 78716, 7847, 44434, 11159, 20786, 57220, 86148, 89532, 79123, 19828, 71554, 38321, 92355, 28120, 6885, 40594, 84932, 47779, 99847, 92498, 86367, 71489, 51939, 10303, 75651, 2814, 54873, 58078, 82260, 4131, 16111, 36323, 80831, 56586, 23086, 62810, 48333, 30508, 86384, 27684, 56737, 96345, 97308, 91048, 25778, 26424, 16979, 77059, 87484, 650, 10501, 7664, 42399, 66368, 72428, 90313, 68581, 95408, 58719, 7010, 71100, 38694, 62269, 88515, 87114, 60082, 74975, 47648, 95486, 87637, 66308, 20895, 66554, 33908, 42049, 56894, 28029, 53349, 69094, 28178, 10701, 80203, 12390, 30718, 61309, 79054, 80067, 87669, 18429, 56382, 67438, 53640, 19668, 83077, 8515, 32853, 16711, 65061, 42899, 66125, 28921, 47414, 77777, 7836, 59293, 12583, 45182, 70935, 11108, 65079, 57419, 58720, 99394, 41111, 59469, 41454, 95010, 96686, 20780, 37583, 91647, 99794, 21826, 42117, 12468, 34122, 46653, 81774, 80852, 20118, 37608, 92311, 79336, 51578, 35457, 31958, 86730, 96687, 11146, 78075, 16211, 44286, 64844, 65338, 10895, 10275, 77020, 73939, 97538, 77164, 89934, 19330, 65432, 21836, 62675, 2218, 30434, 72578, 3673, 40750, 56210, 87412, 64425, 15775, 78636, 80433, 91705, 39505, 7027, 29105, 87238, 78396, 99457, 72495, 465, 26796, 81547, 80667, 30823, 69059, 7899, 78032, 78440, 81817, 20294, 87763, 12034, 87734, 24471, 82031, 64016, 50288, 34228, 63282, 50920, 30581, 84203, 633, 87248, 12770, 97953, 13053, 95572, 37949, 74063, 36227, 29715, 49813, 21145, 87009, 80874, 37059, 87639, 40612, 24590, 86721, 77317, 98113, 76274, 67052, 89971, 13754, 59718, 87879, 93901, 12293, 67642, 78449, 64313, 44591, 70027, 35247, 66295, 59710, 40038, 34813, 87962, 6454, 75437, 34184, 50284, 17941, 64231, 49977, 2028, 59502, 60727, 26582, 79999, 6279, 85230, 43569, 67203, 58331, 72913, 30171, 1727, 41946, 90745, 71914, 86277, 5832, 11177, 57599, 86212, 61606, 28255, 80106, 54547, 15980, 77212, 3027, 83112, 17125, 76921, 4837, 26444, 13210, 89259, 46651, 77381, 66788, 11296, 33774, 81105, 70945, 61130, 72200, 65714, 63243, 61476, 76626, 59438, 32822, 8711, 94850, 65916, 7693, 21486, 24715, 26506, 21007, 33133, 38566, 99647, 25770, 19442, 13318, 78963, 57647, 12222, 92372, 45896, 92440, 69281, 19151, 44863, 76918, 22077, 63058, 94435, 38449, 64109, 20310, 83672, 22901, 14278, 33390, 13900, 63275, 55898, 16247, 33785, 54297, 8437, 54820, 83410, 95313, 67626, 61778, 10727, 89377, 37482, 45594, 34932, 17260, 28241, 94797, 26052, 23531, 90086, 15960, 81528, 32321, 35167, 20274, 11327, 18349, 24819, 16188, 45023, 56618, 85558, 52445, 76045, 7010, 39667, 97499, 27217, 6922, 66669, 41143, 82468, 17121, 9153, 82171, 29623, 91642, 3023, 69588, 47419, 86211, 71966, 80845, 68320, 13455, 37727, 52220, 74702, 43968, 32800, 43782, 66266, 15493, 61506, 51999, 45231, 78441, 55374, 45332, 33666, 99772, 17526, 93054, 75932, 18681, 44005, 52642, 79466, 41665, 71733, 67212, 52963, 45410, 97177, 3676, 65899, 60266, 6015, 31478, 67272, 29789, 47236, 62659, 19112, 76732, 55297, 44711, 19662, 33344, 75613, 43681, 51180, 63551, 81969, 93251, 48767, 14416]})"
141.0,3,12,58,11.525303840637207,418,"Genotype(dna={""<class 'abc.NT_0012'>"": [0, 89047], ""<class 'abc.NT_0012_P_00000'>"": [], ""<class 'abc.NT_0007'>"": [55058, 96429, 2662], ""<class 'abc.NT_0007_P_00000'>"": [], ""<class 'abc.NT_0002'>"": [0, 48333, 27356], ""<class 'abc.NT_0002_P_00000'>"": [], ""<class 'abc.NT_0000'>"": [42184, 70052, 0, 91804, 0, 0, 36773, 0, 64804], ""<class 'abc.NT_0000_P_00000'>"": [], ""<class 'abc.NT_0001'>"": [0, 49937, 0, 86169, 43681], ""<class 'abc.NT_0001_P_00000'>"": [], ""<class 'bool'>"": [70796, 41936, 41546, 8512, 21121, 28869], ""<class 'int'>"": [25155, 52427, 13216, 14861, 37066, 43227, 14416], ""<class 'abc.NT_0005'>"": [0, 37639], ""<class 'abc.NT_0005_P_00000'>"": [], ""<class 'abc.NT_0003'>"": [33650, 52703], ""<class 'abc.NT_0003_P_00000'>"": [], ""<class 'abc.NT_0004'>"": [0, 59983], ""<class 'abc.NT_0004_P_00000'>"": [], '$leftovers': [81600, 92981, 24586, 80507, 48909, 56302, 48279, 39596, 8177, 41048, 54709, 2141, 36382, 30231, 79303, 45906, 3600, 72448, 85756, 62232, 76728, 12314, 10402, 99348, 82540, 3143, 2927, 63383, 24684, 56849, 91234, 96607, 11663, 55655, 70782, 65921, 46458, 89721, 42004, 84925, 23942, 57205, 447, 66040, 89769, 37633, 53881, 33471, 84899, 77962, 79382, 63421, 42354, 22565, 54622, 78399, 707, 24478, 73210, 60708, 91176, 39440, 68267, 67164, 86078, 78891, 1648, 1984, 34860, 67089, 14873, 85945, 27946, 91486, 43571, 81436, 24346, 46853, 90833, 93204, 67569, 28562, 65707, 64260, 79507, 5703, 7091, 64658, 51775, 12742, 9851, 57202, 62567, 20339, 98771, 84993, 42327, 6461, 36932, 81439, 47467, 62039, 83881, 12894, 32233, 8056, 28809, 72665, 37010, 26904, 8831, 28758, 41940, 50619, 13705, 77050, 31928, 98645, 56591, 24230, 79582, 27434, 95976, 64454, 7019, 17483, 21240, 67326, 59414, 72680, 9039, 51925, 93310, 67483, 64406, 48515, 88431, 2658, 13619, 9790, 17053, 28910, 57659, 77924, 99848, 89052, 47667, 8134, 19606, 85887, 52665, 28157, 42807, 17016, 89094, 61528, 2617, 28737, 93170, 38813, 99354, 15028, 23722, 65353, 29533, 99753, 41981, 50418, 14162, 78477, 44874, 48013, 99700, 22092, 35260, 90200, 89643, 20702, 91024, 9577, 56981, 30550, 61179, 18259, 57231, 87191, 55757, 3244, 78476, 74777, 24995, 31614, 77943, 7036, 49566, 58360, 3004, 53252, 66953, 74656, 74210, 27963, 52379, 63796, 99017, 55895, 25648, 47745, 62726, 60872, 9501, 49057, 94539, 87198, 63764, 99938, 10128, 80210, 46135, 51655, 83482, 38148, 24164, 27359, 56722, 28341, 25100, 45456, 58831, 30641, 35297, 10655, 57535, 34439, 9062, 29603, 80404, 81266, 30591, 52083, 4329, 59237, 41782, 63886, 44622, 7276, 5883, 7811, 9363, 36177, 85829, 72401, 69637, 5311, 68134, 6919, 88426, 70653, 4616, 46013, 92629, 59024, 92702, 43046, 89779, 385, 55229, 28239, 12254, 26194, 26075, 97973, 61281, 36055, 35286, 66986, 28883, 19934, 88098, 4790, 83498, 37148, 15666, 87010, 55539, 7569, 68859, 64018, 42555, 25550, 49766, 42788, 84258, 51569, 68268, 3156, 96561, 85693, 51070, 36377, 65819, 96179, 39579, 24584, 28035, 59376, 1204, 11150, 48792, 45926, 85267, 91074, 94546, 96796, 37903, 59781, 4539, 61677, 99460, 13625, 61547, 50670, 13613, 59753, 22915, 2621, 41331, 81995, 39637, 22957, 79002, 77248, 80855, 23226, 52229, 79789, 70273, 33650, 98693, 42923, 5145, 90463, 16373, 37110, 73707, 81260, 22037, 73958, 71109, 87766, 33357, 36160, 30428, 68575, 62987, 54541, 93429, 10734, 56468, 10160, 92379, 48026, 42646, 26036, 13198, 24697, 89401, 2013, 24257, 16393, 7549, 56761, 59383, 92698, 47833, 9115, 80083, 27886, 98520, 84184, 46396, 32324, 55136, 33043, 94733, 39299, 68268, 17957, 41681, 95283, 74312, 19569, 5501, 96364, 37614, 98620, 35413, 23136, 13438, 71840, 85129, 48571, 41673, 12536, 28619, 39045, 31089, 96567, 57611, 19490, 3253, 59735, 37115, 23031, 12955, 69562, 87443, 43955, 64586, 64395, 83855, 28306, 89637, 82455, 41564, 62224, 83458, 72706, 39687, 18580, 37123, 88608, 78134, 31325, 99919, 83099, 93340, 64560, 40152, 49911, 90599, 5214, 94580, 49233, 60885, 57752, 18427, 57803, 29767, 82380, 44062, 42873, 35236, 96454, 6296, 761, 18195, 33989, 94984, 70688, 90636, 6806, 73662, 94256, 41102, 28770, 46150, 73640, 11449, 24920, 21310, 85454, 94863, 91863, 23315, 17597, 20217, 91794, 34166, 77109, 46637, 32144, 83158, 26247, 76783, 57366, 76170, 90953, 82914, 78347, 9798, 36943, 73386, 68382, 52072, 12414, 41189, 86486, 60473, 16665, 45781, 59592, 86919, 63519, 25794, 53453, 64363, 96508, 16128, 92416, 22277, 24310, 86063, 67165, 46227, 54481, 89870, 69212, 62340, 60412, 71112, 23023, 34509, 92116, 7217, 63002, 41259, 50000, 8793, 4594, 30483, 62653, 83938, 83503, 31483, 10365, 49442, 30804, 45981, 6968, 91617, 92210, 54325, 96831, 5008, 28389, 68581, 10722, 76148, 95354, 73970, 68860, 62036, 98213, 81300, 79566, 11781, 37080, 43953, 62574, 60034, 62154, 78716, 7847, 44434, 11159, 20786, 57220, 86148, 89532, 79123, 19828, 71554, 38321, 92355, 28120, 6885, 40594, 84932, 47779, 99847, 92498, 86367, 71489, 51939, 10303, 75651, 2814, 54873, 58078, 82260, 4131, 16111, 36323, 80831, 56586, 23086, 62810, 48333, 30508, 86384, 27684, 56737, 96345, 97308, 91048, 25778, 26424, 16979, 77059, 87484, 650, 10501, 7664, 42399, 66368, 72428, 90313, 68581, 95408, 58719, 7010, 71100, 38694, 62269, 88515, 87114, 60082, 74975, 47648, 95486, 87637, 66308, 20895, 66554, 33908, 42049, 56894, 28029, 53349, 69094, 28178, 10701, 80203, 12390, 30718, 61309, 79054, 80067, 87669, 18429, 56382, 67438, 53640, 19668, 83077, 8515, 32853, 16711, 65061, 42899, 66125, 28921, 47414, 77777, 7836, 59293, 12583, 45182, 70935, 11108, 65079, 57419, 58720, 99394, 41111, 59469, 41454, 95010, 96686, 20780, 37583, 91647, 99794, 21826, 42117, 12468, 34122, 46653, 81774, 80852, 20118, 37608, 92311, 79336, 51578, 35457, 31958, 86730, 96687, 11146, 78075, 16211, 44286, 64844, 65338, 10895, 10275, 77020, 73939, 97538, 77164, 89934, 19330, 65432, 21836, 62675, 2218, 30434, 72578, 3673, 40750, 56210, 87412, 64425, 15775, 78636, 80433, 91705, 39505, 7027, 29105, 87238, 78396, 99457, 72495, 465, 26796, 81547, 80667, 30823, 69059, 7899, 78032, 78440, 81817, 20294, 87763, 12034, 87734, 24471, 82031, 64016, 50288, 34228, 63282, 50920, 30581, 84203, 633, 87248, 12770, 97953, 13053, 95572, 37949, 74063, 36227, 29715, 49813, 21145, 87009, 80874, 37059, 87639, 40612, 24590, 86721, 77317, 98113, 76274, 67052, 89971, 13754, 59718, 87879, 93901, 12293, 67642, 78449, 64313, 44591, 70027, 35247, 66295, 59710, 40038, 34813, 87962, 6454, 75437, 34184, 50284, 17941, 64231, 49977, 2028, 59502, 60727, 26582, 79999, 6279, 85230, 43569, 67203, 58331, 72913, 30171, 1727, 41946, 90745, 71914, 86277, 5832, 11177, 57599, 86212, 61606, 28255, 80106, 54547, 15980, 77212, 3027, 83112, 17125, 76921, 4837, 26444, 13210, 89259, 46651, 77381, 66788, 11296, 33774, 81105, 70945, 61130, 72200, 65714, 63243, 61476, 76626, 59438, 32822, 8711, 94850, 65916, 7693, 21486, 24715, 26506, 21007, 33133, 38566, 99647, 25770, 19442, 13318, 78963, 57647, 12222, 92372, 45896, 92440, 69281, 19151, 44863, 76918, 22077, 63058, 94435, 38449, 64109, 20310, 83672, 22901, 14278, 33390, 13900, 63275, 55898, 16247, 33785, 54297, 8437, 54820, 83410, 95313, 67626, 61778, 10727, 89377, 37482, 45594, 34932, 17260, 28241, 94797, 26052, 23531, 90086, 15960, 81528, 32321, 35167, 20274, 11327, 18349, 24819, 16188, 45023, 56618, 85558, 52445, 76045, 7010, 39667, 97499, 27217, 6922, 66669, 41143, 82468, 17121, 9153, 82171, 29623, 91642, 3023, 69588, 47419, 86211, 71966, 80845, 68320, 13455, 37727, 52220, 74702, 43968, 32800, 43782, 66266, 15493, 61506, 51999, 45231, 78441, 55374, 45332, 33666, 99772, 17526, 93054, 75932, 18681, 44005, 52642, 79466, 41665, 71733, 67212, 52963, 45410, 97177, 3676, 65899, 60266, 6015, 31478, 67272, 29789, 47236, 62659, 19112, 76732, 55297, 44711, 19662, 33344, 75613, 43681, 51180, 63551, 81969, 93251, 48767, 14416]})"
141.0,3,12,59,11.653236865997314,418,"Genotype(dna={""<class 'abc.NT_0012'>"": [0, 89047], ""<class 'abc.NT_0012_P_00000'>"": [], ""<class 'abc.NT_0007'>"": [55058, 96429, 2662], ""<class 'abc.NT_0007_P_00000'>"": [], ""<class 'abc.NT_0002'>"": [0, 48333, 27356], ""<class 'abc.NT_0002_P_00000'>"": [], ""<class 'abc.NT_0000'>"": [42184, 70052, 0, 91804, 0, 0, 36773, 0, 64804], ""<class 'abc.NT_0000_P_00000'>"": [], ""<class 'abc.NT_0001'>"": [0, 49937, 0, 86169, 43681], ""<class 'abc.NT_0001_P_00000'>"": [], ""<class 'bool'>"": [70796, 41936, 41546, 8512, 21121, 28869], ""<class 'int'>"": [25155, 52427, 13216, 14861, 37066, 43227, 14416], ""<class 'abc.NT_0005'>"": [0, 37639], ""<class 'abc.NT_0005_P_00000'>"": [], ""<class 'abc.NT_0003'>"": [33650, 52703], ""<class 'abc.NT_0003_P_00000'>"": [], ""<class 'abc.NT_0004'>"": [0, 59983], ""<class 'abc.NT_0004_P_00000'>"": [], '$leftovers': [81600, 92981, 24586, 80507, 48909, 56302, 48279, 39596, 8177, 41048, 54709, 2141, 36382, 30231, 79303, 45906, 3600, 72448, 85756, 62232, 76728, 12314, 10402, 99348, 82540, 3143, 2927, 63383, 24684, 56849, 91234, 96607, 11663, 55655, 70782, 65921, 46458, 89721, 42004, 84925, 23942, 57205, 447, 66040, 89769, 37633, 53881, 33471, 84899, 77962, 79382, 63421, 42354, 22565, 54622, 78399, 707, 24478, 73210, 60708, 91176, 39440, 68267, 67164, 86078, 78891, 1648, 1984, 34860, 67089, 14873, 85945, 27946, 91486, 43571, 81436, 24346, 46853, 90833, 93204, 67569, 28562, 65707, 64260, 79507, 5703, 7091, 64658, 51775, 12742, 9851, 57202, 62567, 20339, 98771, 84993, 42327, 6461, 36932, 81439, 47467, 62039, 83881, 12894, 32233, 8056, 28809, 72665, 37010, 26904, 8831, 28758, 41940, 50619, 13705, 77050, 31928, 98645, 56591, 24230, 79582, 27434, 95976, 64454, 7019, 17483, 21240, 67326, 59414, 72680, 9039, 51925, 93310, 67483, 64406, 48515, 88431, 2658, 13619, 9790, 17053, 28910, 57659, 77924, 99848, 89052, 47667, 8134, 19606, 85887, 52665, 28157, 42807, 17016, 89094, 61528, 2617, 28737, 93170, 38813, 99354, 15028, 23722, 65353, 29533, 99753, 41981, 50418, 14162, 78477, 44874, 48013, 99700, 22092, 35260, 90200, 89643, 20702, 91024, 9577, 56981, 30550, 61179, 18259, 57231, 87191, 55757, 3244, 78476, 74777, 24995, 31614, 77943, 7036, 49566, 58360, 3004, 53252, 66953, 74656, 74210, 27963, 52379, 63796, 99017, 55895, 25648, 47745, 62726, 60872, 9501, 49057, 94539, 87198, 63764, 99938, 10128, 80210, 46135, 51655, 83482, 38148, 24164, 27359, 56722, 28341, 25100, 45456, 58831, 30641, 35297, 10655, 57535, 34439, 9062, 29603, 80404, 81266, 30591, 52083, 4329, 59237, 41782, 63886, 44622, 7276, 5883, 7811, 9363, 36177, 85829, 72401, 69637, 5311, 68134, 6919, 88426, 70653, 4616, 46013, 92629, 59024, 92702, 43046, 89779, 385, 55229, 28239, 12254, 26194, 26075, 97973, 61281, 36055, 35286, 66986, 28883, 19934, 88098, 4790, 83498, 37148, 15666, 87010, 55539, 7569, 68859, 64018, 42555, 25550, 49766, 42788, 84258, 51569, 68268, 3156, 96561, 85693, 51070, 36377, 65819, 96179, 39579, 24584, 28035, 59376, 1204, 11150, 48792, 45926, 85267, 91074, 94546, 96796, 37903, 59781, 4539, 61677, 99460, 13625, 61547, 50670, 13613, 59753, 22915, 2621, 41331, 81995, 39637, 22957, 79002, 77248, 80855, 23226, 52229, 79789, 70273, 33650, 98693, 42923, 5145, 90463, 16373, 37110, 73707, 81260, 22037, 73958, 71109, 87766, 33357, 36160, 30428, 68575, 62987, 54541, 93429, 10734, 56468, 10160, 92379, 48026, 42646, 26036, 13198, 24697, 89401, 2013, 24257, 16393, 7549, 56761, 59383, 92698, 47833, 9115, 80083, 27886, 98520, 84184, 46396, 32324, 55136, 33043, 94733, 39299, 68268, 17957, 41681, 95283, 74312, 19569, 5501, 96364, 37614, 98620, 35413, 23136, 13438, 71840, 85129, 48571, 41673, 12536, 28619, 39045, 31089, 96567, 57611, 19490, 3253, 59735, 37115, 23031, 12955, 69562, 87443, 43955, 64586, 64395, 83855, 28306, 89637, 82455, 41564, 62224, 83458, 72706, 39687, 18580, 37123, 88608, 78134, 31325, 99919, 83099, 93340, 64560, 40152, 49911, 90599, 5214, 94580, 49233, 60885, 57752, 18427, 57803, 29767, 82380, 44062, 42873, 35236, 96454, 6296, 761, 18195, 33989, 94984, 70688, 90636, 6806, 73662, 94256, 41102, 28770, 46150, 73640, 11449, 24920, 21310, 85454, 94863, 91863, 23315, 17597, 20217, 91794, 34166, 77109, 46637, 32144, 83158, 26247, 76783, 57366, 76170, 90953, 82914, 78347, 9798, 36943, 73386, 68382, 52072, 12414, 41189, 86486, 60473, 16665, 45781, 59592, 86919, 63519, 25794, 53453, 64363, 96508, 16128, 92416, 22277, 24310, 86063, 67165, 46227, 54481, 89870, 69212, 62340, 60412, 71112, 23023, 34509, 92116, 7217, 63002, 41259, 50000, 8793, 4594, 30483, 62653, 83938, 83503, 31483, 10365, 49442, 30804, 45981, 6968, 91617, 92210, 54325, 96831, 5008, 28389, 68581, 10722, 76148, 95354, 73970, 68860, 62036, 98213, 81300, 79566, 11781, 37080, 43953, 62574, 60034, 62154, 78716, 7847, 44434, 11159, 20786, 57220, 86148, 89532, 79123, 19828, 71554, 38321, 92355, 28120, 6885, 40594, 84932, 47779, 99847, 92498, 86367, 71489, 51939, 10303, 75651, 2814, 54873, 58078, 82260, 4131, 16111, 36323, 80831, 56586, 23086, 62810, 48333, 30508, 86384, 27684, 56737, 96345, 97308, 91048, 25778, 26424, 16979, 77059, 87484, 650, 10501, 7664, 42399, 66368, 72428, 90313, 68581, 95408, 58719, 7010, 71100, 38694, 62269, 88515, 87114, 60082, 74975, 47648, 95486, 87637, 66308, 20895, 66554, 33908, 42049, 56894, 28029, 53349, 69094, 28178, 10701, 80203, 12390, 30718, 61309, 79054, 80067, 87669, 18429, 56382, 67438, 53640, 19668, 83077, 8515, 32853, 16711, 65061, 42899, 66125, 28921, 47414, 77777, 7836, 59293, 12583, 45182, 70935, 11108, 65079, 57419, 58720, 99394, 41111, 59469, 41454, 95010, 96686, 20780, 37583, 91647, 99794, 21826, 42117, 12468, 34122, 46653, 81774, 80852, 20118, 37608, 92311, 79336, 51578, 35457, 31958, 86730, 96687, 11146, 78075, 16211, 44286, 64844, 65338, 10895, 10275, 77020, 73939, 97538, 77164, 89934, 19330, 65432, 21836, 62675, 2218, 30434, 72578, 3673, 40750, 56210, 87412, 64425, 15775, 78636, 80433, 91705, 39505, 7027, 29105, 87238, 78396, 99457, 72495, 465, 26796, 81547, 80667, 30823, 69059, 7899, 78032, 78440, 81817, 20294, 87763, 12034, 87734, 24471, 82031, 64016, 50288, 34228, 63282, 50920, 30581, 84203, 633, 87248, 12770, 97953, 13053, 95572, 37949, 74063, 36227, 29715, 49813, 21145, 87009, 80874, 37059, 87639, 40612, 24590, 86721, 77317, 98113, 76274, 67052, 89971, 13754, 59718, 87879, 93901, 12293, 67642, 78449, 64313, 44591, 70027, 35247, 66295, 59710, 40038, 34813, 87962, 6454, 75437, 34184, 50284, 17941, 64231, 49977, 2028, 59502, 60727, 26582, 79999, 6279, 85230, 43569, 67203, 58331, 72913, 30171, 1727, 41946, 90745, 71914, 86277, 5832, 11177, 57599, 86212, 61606, 28255, 80106, 54547, 15980, 77212, 3027, 83112, 17125, 76921, 4837, 26444, 13210, 89259, 46651, 77381, 66788, 11296, 33774, 81105, 70945, 61130, 72200, 65714, 63243, 61476, 76626, 59438, 32822, 8711, 94850, 65916, 7693, 21486, 24715, 26506, 21007, 33133, 38566, 99647, 25770, 19442, 13318, 78963, 57647, 12222, 92372, 45896, 92440, 69281, 19151, 44863, 76918, 22077, 63058, 94435, 38449, 64109, 20310, 83672, 22901, 14278, 33390, 13900, 63275, 55898, 16247, 33785, 54297, 8437, 54820, 83410, 95313, 67626, 61778, 10727, 89377, 37482, 45594, 34932, 17260, 28241, 94797, 26052, 23531, 90086, 15960, 81528, 32321, 35167, 20274, 11327, 18349, 24819, 16188, 45023, 56618, 85558, 52445, 76045, 7010, 39667, 97499, 27217, 6922, 66669, 41143, 82468, 17121, 9153, 82171, 29623, 91642, 3023, 69588, 47419, 86211, 71966, 80845, 68320, 13455, 37727, 52220, 74702, 43968, 32800, 43782, 66266, 15493, 61506, 51999, 45231, 78441, 55374, 45332, 33666, 99772, 17526, 93054, 75932, 18681, 44005, 52642, 79466, 41665, 71733, 67212, 52963, 45410, 97177, 3676, 65899, 60266, 6015, 31478, 67272, 29789, 47236, 62659, 19112, 76732, 55297, 44711, 19662, 33344, 75613, 43681, 51180, 63551, 81969, 93251, 48767, 14416]})"
141.0,3,12,60,11.734561920166016,418,"Genotype(dna={""<class 'abc.NT_0012'>"": [0, 89047], ""<class 'abc.NT_0012_P_00000'>"": [], ""<class 'abc.NT_0007'>"": [55058, 96429, 2662], ""<class 'abc.NT_0007_P_00000'>"": [], ""<class 'abc.NT_0002'>"": [0, 48333, 27356], ""<class 'abc.NT_0002_P_00000'>"": [], ""<class 'abc.NT_0000'>"": [42184, 70052, 0, 91804, 0, 0, 36773, 0, 64804], ""<class 'abc.NT_0000_P_00000'>"": [], ""<class 'abc.NT_0001'>"": [0, 49937, 0, 86169, 43681], ""<class 'abc.NT_0001_P_00000'>"": [], ""<class 'bool'>"": [70796, 41936, 41546, 8512, 21121, 28869], ""<class 'int'>"": [25155, 52427, 13216, 14861, 37066, 43227, 14416], ""<class 'abc.NT_0005'>"": [0, 37639], ""<class 'abc.NT_0005_P_00000'>"": [], ""<class 'abc.NT_0003'>"": [33650, 52703], ""<class 'abc.NT_0003_P_00000'>"": [], ""<class 'abc.NT_0004'>"": [0, 59983], ""<class 'abc.NT_0004_P_00000'>"": [], '$leftovers': [81600, 92981, 24586, 80507, 48909, 56302, 48279, 39596, 8177, 41048, 54709, 2141, 36382, 30231, 79303, 45906, 3600, 72448, 85756, 62232, 76728, 12314, 10402, 99348, 82540, 3143, 2927, 63383, 24684, 56849, 91234, 96607, 11663, 55655, 70782, 65921, 46458, 89721, 42004, 84925, 23942, 57205, 447, 66040, 89769, 37633, 53881, 33471, 84899, 77962, 79382, 63421, 42354, 22565, 54622, 78399, 707, 24478, 73210, 60708, 91176, 39440, 68267, 67164, 86078, 78891, 1648, 1984, 34860, 67089, 14873, 85945, 27946, 91486, 43571, 81436, 24346, 46853, 90833, 93204, 67569, 28562, 65707, 64260, 79507, 5703, 7091, 64658, 51775, 12742, 9851, 57202, 62567, 20339, 98771, 84993, 42327, 6461, 36932, 81439, 47467, 62039, 83881, 12894, 32233, 8056, 28809, 72665, 37010, 26904, 8831, 28758, 41940, 50619, 13705, 77050, 31928, 98645, 56591, 24230, 79582, 27434, 95976, 64454, 7019, 17483, 21240, 67326, 59414, 72680, 9039, 51925, 93310, 67483, 64406, 48515, 88431, 2658, 13619, 9790, 17053, 28910, 57659, 77924, 99848, 89052, 47667, 8134, 19606, 85887, 52665, 28157, 42807, 17016, 89094, 61528, 2617, 28737, 93170, 38813, 99354, 15028, 23722, 65353, 29533, 99753, 41981, 50418, 14162, 78477, 44874, 48013, 99700, 22092, 35260, 90200, 89643, 20702, 91024, 9577, 56981, 30550, 61179, 18259, 57231, 87191, 55757, 3244, 78476, 74777, 24995, 31614, 77943, 7036, 49566, 58360, 3004, 53252, 66953, 74656, 74210, 27963, 52379, 63796, 99017, 55895, 25648, 47745, 62726, 60872, 9501, 49057, 94539, 87198, 63764, 99938, 10128, 80210, 46135, 51655, 83482, 38148, 24164, 27359, 56722, 28341, 25100, 45456, 58831, 30641, 35297, 10655, 57535, 34439, 9062, 29603, 80404, 81266, 30591, 52083, 4329, 59237, 41782, 63886, 44622, 7276, 5883, 7811, 9363, 36177, 85829, 72401, 69637, 5311, 68134, 6919, 88426, 70653, 4616, 46013, 92629, 59024, 92702, 43046, 89779, 385, 55229, 28239, 12254, 26194, 26075, 97973, 61281, 36055, 35286, 66986, 28883, 19934, 88098, 4790, 83498, 37148, 15666, 87010, 55539, 7569, 68859, 64018, 42555, 25550, 49766, 42788, 84258, 51569, 68268, 3156, 96561, 85693, 51070, 36377, 65819, 96179, 39579, 24584, 28035, 59376, 1204, 11150, 48792, 45926, 85267, 91074, 94546, 96796, 37903, 59781, 4539, 61677, 99460, 13625, 61547, 50670, 13613, 59753, 22915, 2621, 41331, 81995, 39637, 22957, 79002, 77248, 80855, 23226, 52229, 79789, 70273, 33650, 98693, 42923, 5145, 90463, 16373, 37110, 73707, 81260, 22037, 73958, 71109, 87766, 33357, 36160, 30428, 68575, 62987, 54541, 93429, 10734, 56468, 10160, 92379, 48026, 42646, 26036, 13198, 24697, 89401, 2013, 24257, 16393, 7549, 56761, 59383, 92698, 47833, 9115, 80083, 27886, 98520, 84184, 46396, 32324, 55136, 33043, 94733, 39299, 68268, 17957, 41681, 95283, 74312, 19569, 5501, 96364, 37614, 98620, 35413, 23136, 13438, 71840, 85129, 48571, 41673, 12536, 28619, 39045, 31089, 96567, 57611, 19490, 3253, 59735, 37115, 23031, 12955, 69562, 87443, 43955, 64586, 64395, 83855, 28306, 89637, 82455, 41564, 62224, 83458, 72706, 39687, 18580, 37123, 88608, 78134, 31325, 99919, 83099, 93340, 64560, 40152, 49911, 90599, 5214, 94580, 49233, 60885, 57752, 18427, 57803, 29767, 82380, 44062, 42873, 35236, 96454, 6296, 761, 18195, 33989, 94984, 70688, 90636, 6806, 73662, 94256, 41102, 28770, 46150, 73640, 11449, 24920, 21310, 85454, 94863, 91863, 23315, 17597, 20217, 91794, 34166, 77109, 46637, 32144, 83158, 26247, 76783, 57366, 76170, 90953, 82914, 78347, 9798, 36943, 73386, 68382, 52072, 12414, 41189, 86486, 60473, 16665, 45781, 59592, 86919, 63519, 25794, 53453, 64363, 96508, 16128, 92416, 22277, 24310, 86063, 67165, 46227, 54481, 89870, 69212, 62340, 60412, 71112, 23023, 34509, 92116, 7217, 63002, 41259, 50000, 8793, 4594, 30483, 62653, 83938, 83503, 31483, 10365, 49442, 30804, 45981, 6968, 91617, 92210, 54325, 96831, 5008, 28389, 68581, 10722, 76148, 95354, 73970, 68860, 62036, 98213, 81300, 79566, 11781, 37080, 43953, 62574, 60034, 62154, 78716, 7847, 44434, 11159, 20786, 57220, 86148, 89532, 79123, 19828, 71554, 38321, 92355, 28120, 6885, 40594, 84932, 47779, 99847, 92498, 86367, 71489, 51939, 10303, 75651, 2814, 54873, 58078, 82260, 4131, 16111, 36323, 80831, 56586, 23086, 62810, 48333, 30508, 86384, 27684, 56737, 96345, 97308, 91048, 25778, 26424, 16979, 77059, 87484, 650, 10501, 7664, 42399, 66368, 72428, 90313, 68581, 95408, 58719, 7010, 71100, 38694, 62269, 88515, 87114, 60082, 74975, 47648, 95486, 87637, 66308, 20895, 66554, 33908, 42049, 56894, 28029, 53349, 69094, 28178, 10701, 80203, 12390, 30718, 61309, 79054, 80067, 87669, 18429, 56382, 67438, 53640, 19668, 83077, 8515, 32853, 16711, 65061, 42899, 66125, 28921, 47414, 77777, 7836, 59293, 12583, 45182, 70935, 11108, 65079, 57419, 58720, 99394, 41111, 59469, 41454, 95010, 96686, 20780, 37583, 91647, 99794, 21826, 42117, 12468, 34122, 46653, 81774, 80852, 20118, 37608, 92311, 79336, 51578, 35457, 31958, 86730, 96687, 11146, 78075, 16211, 44286, 64844, 65338, 10895, 10275, 77020, 73939, 97538, 77164, 89934, 19330, 65432, 21836, 62675, 2218, 30434, 72578, 3673, 40750, 56210, 87412, 64425, 15775, 78636, 80433, 91705, 39505, 7027, 29105, 87238, 78396, 99457, 72495, 465, 26796, 81547, 80667, 30823, 69059, 7899, 78032, 78440, 81817, 20294, 87763, 12034, 87734, 24471, 82031, 64016, 50288, 34228, 63282, 50920, 30581, 84203, 633, 87248, 12770, 97953, 13053, 95572, 37949, 74063, 36227, 29715, 49813, 21145, 87009, 80874, 37059, 87639, 40612, 24590, 86721, 77317, 98113, 76274, 67052, 89971, 13754, 59718, 87879, 93901, 12293, 67642, 78449, 64313, 44591, 70027, 35247, 66295, 59710, 40038, 34813, 87962, 6454, 75437, 34184, 50284, 17941, 64231, 49977, 2028, 59502, 60727, 26582, 79999, 6279, 85230, 43569, 67203, 58331, 72913, 30171, 1727, 41946, 90745, 71914, 86277, 5832, 11177, 57599, 86212, 61606, 28255, 80106, 54547, 15980, 77212, 3027, 83112, 17125, 76921, 4837, 26444, 13210, 89259, 46651, 77381, 66788, 11296, 33774, 81105, 70945, 61130, 72200, 65714, 63243, 61476, 76626, 59438, 32822, 8711, 94850, 65916, 7693, 21486, 24715, 26506, 21007, 33133, 38566, 99647, 25770, 19442, 13318, 78963, 57647, 12222, 92372, 45896, 92440, 69281, 19151, 44863, 76918, 22077, 63058, 94435, 38449, 64109, 20310, 83672, 22901, 14278, 33390, 13900, 63275, 55898, 16247, 33785, 54297, 8437, 54820, 83410, 95313, 67626, 61778, 10727, 89377, 37482, 45594, 34932, 17260, 28241, 94797, 26052, 23531, 90086, 15960, 81528, 32321, 35167, 20274, 11327, 18349, 24819, 16188, 45023, 56618, 85558, 52445, 76045, 7010, 39667, 97499, 27217, 6922, 66669, 41143, 82468, 17121, 9153, 82171, 29623, 91642, 3023, 69588, 47419, 86211, 71966, 80845, 68320, 13455, 37727, 52220, 74702, 43968, 32800, 43782, 66266, 15493, 61506, 51999, 45231, 78441, 55374, 45332, 33666, 99772, 17526, 93054, 75932, 18681, 44005, 52642, 79466, 41665, 71733, 67212, 52963, 45410, 97177, 3676, 65899, 60266, 6015, 31478, 67272, 29789, 47236, 62659, 19112, 76732, 55297, 44711, 19662, 33344, 75613, 43681, 51180, 63551, 81969, 93251, 48767, 14416]})"
141.0,3,12,61,11.892822027206421,418,"Genotype(dna={""<class 'abc.NT_0012'>"": [0, 89047], ""<class 'abc.NT_0012_P_00000'>"": [], ""<class 'abc.NT_0007'>"": [55058, 96429, 2662], ""<class 'abc.NT_0007_P_00000'>"": [], ""<class 'abc.NT_0002'>"": [0, 48333, 27356], ""<class 'abc.NT_0002_P_00000'>"": [], ""<class 'abc.NT_0000'>"": [42184, 70052, 0, 91804, 0, 0, 36773, 0, 64804], ""<class 'abc.NT_0000_P_00000'>"": [], ""<class 'abc.NT_0001'>"": [0, 49937, 0, 86169, 43681], ""<class 'abc.NT_0001_P_00000'>"": [], ""<class 'bool'>"": [70796, 41936, 41546, 8512, 21121, 28869], ""<class 'int'>"": [25155, 52427, 13216, 14861, 37066, 43227, 14416], ""<class 'abc.NT_0005'>"": [0, 37639], ""<class 'abc.NT_0005_P_00000'>"": [], ""<class 'abc.NT_0003'>"": [33650, 52703], ""<class 'abc.NT_0003_P_00000'>"": [], ""<class 'abc.NT_0004'>"": [0, 59983], ""<class 'abc.NT_0004_P_00000'>"": [], '$leftovers': [81600, 92981, 24586, 80507, 48909, 56302, 48279, 39596, 8177, 41048, 54709, 2141, 36382, 30231, 79303, 45906, 3600, 72448, 85756, 62232, 76728, 12314, 10402, 99348, 82540, 3143, 2927, 63383, 24684, 56849, 91234, 96607, 11663, 55655, 70782, 65921, 46458, 89721, 42004, 84925, 23942, 57205, 447, 66040, 89769, 37633, 53881, 33471, 84899, 77962, 79382, 63421, 42354, 22565, 54622, 78399, 707, 24478, 73210, 60708, 91176, 39440, 68267, 67164, 86078, 78891, 1648, 1984, 34860, 67089, 14873, 85945, 27946, 91486, 43571, 81436, 24346, 46853, 90833, 93204, 67569, 28562, 65707, 64260, 79507, 5703, 7091, 64658, 51775, 12742, 9851, 57202, 62567, 20339, 98771, 84993, 42327, 6461, 36932, 81439, 47467, 62039, 83881, 12894, 32233, 8056, 28809, 72665, 37010, 26904, 8831, 28758, 41940, 50619, 13705, 77050, 31928, 98645, 56591, 24230, 79582, 27434, 95976, 64454, 7019, 17483, 21240, 67326, 59414, 72680, 9039, 51925, 93310, 67483, 64406, 48515, 88431, 2658, 13619, 9790, 17053, 28910, 57659, 77924, 99848, 89052, 47667, 8134, 19606, 85887, 52665, 28157, 42807, 17016, 89094, 61528, 2617, 28737, 93170, 38813, 99354, 15028, 23722, 65353, 29533, 99753, 41981, 50418, 14162, 78477, 44874, 48013, 99700, 22092, 35260, 90200, 89643, 20702, 91024, 9577, 56981, 30550, 61179, 18259, 57231, 87191, 55757, 3244, 78476, 74777, 24995, 31614, 77943, 7036, 49566, 58360, 3004, 53252, 66953, 74656, 74210, 27963, 52379, 63796, 99017, 55895, 25648, 47745, 62726, 60872, 9501, 49057, 94539, 87198, 63764, 99938, 10128, 80210, 46135, 51655, 83482, 38148, 24164, 27359, 56722, 28341, 25100, 45456, 58831, 30641, 35297, 10655, 57535, 34439, 9062, 29603, 80404, 81266, 30591, 52083, 4329, 59237, 41782, 63886, 44622, 7276, 5883, 7811, 9363, 36177, 85829, 72401, 69637, 5311, 68134, 6919, 88426, 70653, 4616, 46013, 92629, 59024, 92702, 43046, 89779, 385, 55229, 28239, 12254, 26194, 26075, 97973, 61281, 36055, 35286, 66986, 28883, 19934, 88098, 4790, 83498, 37148, 15666, 87010, 55539, 7569, 68859, 64018, 42555, 25550, 49766, 42788, 84258, 51569, 68268, 3156, 96561, 85693, 51070, 36377, 65819, 96179, 39579, 24584, 28035, 59376, 1204, 11150, 48792, 45926, 85267, 91074, 94546, 96796, 37903, 59781, 4539, 61677, 99460, 13625, 61547, 50670, 13613, 59753, 22915, 2621, 41331, 81995, 39637, 22957, 79002, 77248, 80855, 23226, 52229, 79789, 70273, 33650, 98693, 42923, 5145, 90463, 16373, 37110, 73707, 81260, 22037, 73958, 71109, 87766, 33357, 36160, 30428, 68575, 62987, 54541, 93429, 10734, 56468, 10160, 92379, 48026, 42646, 26036, 13198, 24697, 89401, 2013, 24257, 16393, 7549, 56761, 59383, 92698, 47833, 9115, 80083, 27886, 98520, 84184, 46396, 32324, 55136, 33043, 94733, 39299, 68268, 17957, 41681, 95283, 74312, 19569, 5501, 96364, 37614, 98620, 35413, 23136, 13438, 71840, 85129, 48571, 41673, 12536, 28619, 39045, 31089, 96567, 57611, 19490, 3253, 59735, 37115, 23031, 12955, 69562, 87443, 43955, 64586, 64395, 83855, 28306, 89637, 82455, 41564, 62224, 83458, 72706, 39687, 18580, 37123, 88608, 78134, 31325, 99919, 83099, 93340, 64560, 40152, 49911, 90599, 5214, 94580, 49233, 60885, 57752, 18427, 57803, 29767, 82380, 44062, 42873, 35236, 96454, 6296, 761, 18195, 33989, 94984, 70688, 90636, 6806, 73662, 94256, 41102, 28770, 46150, 73640, 11449, 24920, 21310, 85454, 94863, 91863, 23315, 17597, 20217, 91794, 34166, 77109, 46637, 32144, 83158, 26247, 76783, 57366, 76170, 90953, 82914, 78347, 9798, 36943, 73386, 68382, 52072, 12414, 41189, 86486, 60473, 16665, 45781, 59592, 86919, 63519, 25794, 53453, 64363, 96508, 16128, 92416, 22277, 24310, 86063, 67165, 46227, 54481, 89870, 69212, 62340, 60412, 71112, 23023, 34509, 92116, 7217, 63002, 41259, 50000, 8793, 4594, 30483, 62653, 83938, 83503, 31483, 10365, 49442, 30804, 45981, 6968, 91617, 92210, 54325, 96831, 5008, 28389, 68581, 10722, 76148, 95354, 73970, 68860, 62036, 98213, 81300, 79566, 11781, 37080, 43953, 62574, 60034, 62154, 78716, 7847, 44434, 11159, 20786, 57220, 86148, 89532, 79123, 19828, 71554, 38321, 92355, 28120, 6885, 40594, 84932, 47779, 99847, 92498, 86367, 71489, 51939, 10303, 75651, 2814, 54873, 58078, 82260, 4131, 16111, 36323, 80831, 56586, 23086, 62810, 48333, 30508, 86384, 27684, 56737, 96345, 97308, 91048, 25778, 26424, 16979, 77059, 87484, 650, 10501, 7664, 42399, 66368, 72428, 90313, 68581, 95408, 58719, 7010, 71100, 38694, 62269, 88515, 87114, 60082, 74975, 47648, 95486, 87637, 66308, 20895, 66554, 33908, 42049, 56894, 28029, 53349, 69094, 28178, 10701, 80203, 12390, 30718, 61309, 79054, 80067, 87669, 18429, 56382, 67438, 53640, 19668, 83077, 8515, 32853, 16711, 65061, 42899, 66125, 28921, 47414, 77777, 7836, 59293, 12583, 45182, 70935, 11108, 65079, 57419, 58720, 99394, 41111, 59469, 41454, 95010, 96686, 20780, 37583, 91647, 99794, 21826, 42117, 12468, 34122, 46653, 81774, 80852, 20118, 37608, 92311, 79336, 51578, 35457, 31958, 86730, 96687, 11146, 78075, 16211, 44286, 64844, 65338, 10895, 10275, 77020, 73939, 97538, 77164, 89934, 19330, 65432, 21836, 62675, 2218, 30434, 72578, 3673, 40750, 56210, 87412, 64425, 15775, 78636, 80433, 91705, 39505, 7027, 29105, 87238, 78396, 99457, 72495, 465, 26796, 81547, 80667, 30823, 69059, 7899, 78032, 78440, 81817, 20294, 87763, 12034, 87734, 24471, 82031, 64016, 50288, 34228, 63282, 50920, 30581, 84203, 633, 87248, 12770, 97953, 13053, 95572, 37949, 74063, 36227, 29715, 49813, 21145, 87009, 80874, 37059, 87639, 40612, 24590, 86721, 77317, 98113, 76274, 67052, 89971, 13754, 59718, 87879, 93901, 12293, 67642, 78449, 64313, 44591, 70027, 35247, 66295, 59710, 40038, 34813, 87962, 6454, 75437, 34184, 50284, 17941, 64231, 49977, 2028, 59502, 60727, 26582, 79999, 6279, 85230, 43569, 67203, 58331, 72913, 30171, 1727, 41946, 90745, 71914, 86277, 5832, 11177, 57599, 86212, 61606, 28255, 80106, 54547, 15980, 77212, 3027, 83112, 17125, 76921, 4837, 26444, 13210, 89259, 46651, 77381, 66788, 11296, 33774, 81105, 70945, 61130, 72200, 65714, 63243, 61476, 76626, 59438, 32822, 8711, 94850, 65916, 7693, 21486, 24715, 26506, 21007, 33133, 38566, 99647, 25770, 19442, 13318, 78963, 57647, 12222, 92372, 45896, 92440, 69281, 19151, 44863, 76918, 22077, 63058, 94435, 38449, 64109, 20310, 83672, 22901, 14278, 33390, 13900, 63275, 55898, 16247, 33785, 54297, 8437, 54820, 83410, 95313, 67626, 61778, 10727, 89377, 37482, 45594, 34932, 17260, 28241, 94797, 26052, 23531, 90086, 15960, 81528, 32321, 35167, 20274, 11327, 18349, 24819, 16188, 45023, 56618, 85558, 52445, 76045, 7010, 39667, 97499, 27217, 6922, 66669, 41143, 82468, 17121, 9153, 82171, 29623, 91642, 3023, 69588, 47419, 86211, 71966, 80845, 68320, 13455, 37727, 52220, 74702, 43968, 32800, 43782, 66266, 15493, 61506, 51999, 45231, 78441, 55374, 45332, 33666, 99772, 17526, 93054, 75932, 18681, 44005, 52642, 79466, 41665, 71733, 67212, 52963, 45410, 97177, 3676, 65899, 60266, 6015, 31478, 67272, 29789, 47236, 62659, 19112, 76732, 55297, 44711, 19662, 33344, 75613, 43681, 51180, 63551, 81969, 93251, 48767, 14416]})"
141.0,3,12,62,11.987957000732422,418,"Genotype(dna={""<class 'abc.NT_0012'>"": [0, 89047], ""<class 'abc.NT_0012_P_00000'>"": [], ""<class 'abc.NT_0007'>"": [55058, 96429, 2662], ""<class 'abc.NT_0007_P_00000'>"": [], ""<class 'abc.NT_0002'>"": [0, 48333, 27356], ""<class 'abc.NT_0002_P_00000'>"": [], ""<class 'abc.NT_0000'>"": [42184, 70052, 0, 91804, 0, 0, 36773, 0, 64804], ""<class 'abc.NT_0000_P_00000'>"": [], ""<class 'abc.NT_0001'>"": [0, 49937, 0, 86169, 43681], ""<class 'abc.NT_0001_P_00000'>"": [], ""<class 'bool'>"": [70796, 41936, 41546, 8512, 21121, 28869], ""<class 'int'>"": [25155, 52427, 13216, 14861, 37066, 43227, 14416], ""<class 'abc.NT_0005'>"": [0, 37639], ""<class 'abc.NT_0005_P_00000'>"": [], ""<class 'abc.NT_0003'>"": [33650, 52703], ""<class 'abc.NT_0003_P_00000'>"": [], ""<class 'abc.NT_0004'>"": [0, 59983], ""<class 'abc.NT_0004_P_00000'>"": [], '$leftovers': [81600, 92981, 24586, 80507, 48909, 56302, 48279, 39596, 8177, 41048, 54709, 2141, 36382, 30231, 79303, 45906, 3600, 72448, 85756, 62232, 76728, 12314, 10402, 99348, 82540, 3143, 2927, 63383, 24684, 56849, 91234, 96607, 11663, 55655, 70782, 65921, 46458, 89721, 42004, 84925, 23942, 57205, 447, 66040, 89769, 37633, 53881, 33471, 84899, 77962, 79382, 63421, 42354, 22565, 54622, 78399, 707, 24478, 73210, 60708, 91176, 39440, 68267, 67164, 86078, 78891, 1648, 1984, 34860, 67089, 14873, 85945, 27946, 91486, 43571, 81436, 24346, 46853, 90833, 93204, 67569, 28562, 65707, 64260, 79507, 5703, 7091, 64658, 51775, 12742, 9851, 57202, 62567, 20339, 98771, 84993, 42327, 6461, 36932, 81439, 47467, 62039, 83881, 12894, 32233, 8056, 28809, 72665, 37010, 26904, 8831, 28758, 41940, 50619, 13705, 77050, 31928, 98645, 56591, 24230, 79582, 27434, 95976, 64454, 7019, 17483, 21240, 67326, 59414, 72680, 9039, 51925, 93310, 67483, 64406, 48515, 88431, 2658, 13619, 9790, 17053, 28910, 57659, 77924, 99848, 89052, 47667, 8134, 19606, 85887, 52665, 28157, 42807, 17016, 89094, 61528, 2617, 28737, 93170, 38813, 99354, 15028, 23722, 65353, 29533, 99753, 41981, 50418, 14162, 78477, 44874, 48013, 99700, 22092, 35260, 90200, 89643, 20702, 91024, 9577, 56981, 30550, 61179, 18259, 57231, 87191, 55757, 3244, 78476, 74777, 24995, 31614, 77943, 7036, 49566, 58360, 3004, 53252, 66953, 74656, 74210, 27963, 52379, 63796, 99017, 55895, 25648, 47745, 62726, 60872, 9501, 49057, 94539, 87198, 63764, 99938, 10128, 80210, 46135, 51655, 83482, 38148, 24164, 27359, 56722, 28341, 25100, 45456, 58831, 30641, 35297, 10655, 57535, 34439, 9062, 29603, 80404, 81266, 30591, 52083, 4329, 59237, 41782, 63886, 44622, 7276, 5883, 7811, 9363, 36177, 85829, 72401, 69637, 5311, 68134, 6919, 88426, 70653, 4616, 46013, 92629, 59024, 92702, 43046, 89779, 385, 55229, 28239, 12254, 26194, 26075, 97973, 61281, 36055, 35286, 66986, 28883, 19934, 88098, 4790, 83498, 37148, 15666, 87010, 55539, 7569, 68859, 64018, 42555, 25550, 49766, 42788, 84258, 51569, 68268, 3156, 96561, 85693, 51070, 36377, 65819, 96179, 39579, 24584, 28035, 59376, 1204, 11150, 48792, 45926, 85267, 91074, 94546, 96796, 37903, 59781, 4539, 61677, 99460, 13625, 61547, 50670, 13613, 59753, 22915, 2621, 41331, 81995, 39637, 22957, 79002, 77248, 80855, 23226, 52229, 79789, 70273, 33650, 98693, 42923, 5145, 90463, 16373, 37110, 73707, 81260, 22037, 73958, 71109, 87766, 33357, 36160, 30428, 68575, 62987, 54541, 93429, 10734, 56468, 10160, 92379, 48026, 42646, 26036, 13198, 24697, 89401, 2013, 24257, 16393, 7549, 56761, 59383, 92698, 47833, 9115, 80083, 27886, 98520, 84184, 46396, 32324, 55136, 33043, 94733, 39299, 68268, 17957, 41681, 95283, 74312, 19569, 5501, 96364, 37614, 98620, 35413, 23136, 13438, 71840, 85129, 48571, 41673, 12536, 28619, 39045, 31089, 96567, 57611, 19490, 3253, 59735, 37115, 23031, 12955, 69562, 87443, 43955, 64586, 64395, 83855, 28306, 89637, 82455, 41564, 62224, 83458, 72706, 39687, 18580, 37123, 88608, 78134, 31325, 99919, 83099, 93340, 64560, 40152, 49911, 90599, 5214, 94580, 49233, 60885, 57752, 18427, 57803, 29767, 82380, 44062, 42873, 35236, 96454, 6296, 761, 18195, 33989, 94984, 70688, 90636, 6806, 73662, 94256, 41102, 28770, 46150, 73640, 11449, 24920, 21310, 85454, 94863, 91863, 23315, 17597, 20217, 91794, 34166, 77109, 46637, 32144, 83158, 26247, 76783, 57366, 76170, 90953, 82914, 78347, 9798, 36943, 73386, 68382, 52072, 12414, 41189, 86486, 60473, 16665, 45781, 59592, 86919, 63519, 25794, 53453, 64363, 96508, 16128, 92416, 22277, 24310, 86063, 67165, 46227, 54481, 89870, 69212, 62340, 60412, 71112, 23023, 34509, 92116, 7217, 63002, 41259, 50000, 8793, 4594, 30483, 62653, 83938, 83503, 31483, 10365, 49442, 30804, 45981, 6968, 91617, 92210, 54325, 96831, 5008, 28389, 68581, 10722, 76148, 95354, 73970, 68860, 62036, 98213, 81300, 79566, 11781, 37080, 43953, 62574, 60034, 62154, 78716, 7847, 44434, 11159, 20786, 57220, 86148, 89532, 79123, 19828, 71554, 38321, 92355, 28120, 6885, 40594, 84932, 47779, 99847, 92498, 86367, 71489, 51939, 10303, 75651, 2814, 54873, 58078, 82260, 4131, 16111, 36323, 80831, 56586, 23086, 62810, 48333, 30508, 86384, 27684, 56737, 96345, 97308, 91048, 25778, 26424, 16979, 77059, 87484, 650, 10501, 7664, 42399, 66368, 72428, 90313, 68581, 95408, 58719, 7010, 71100, 38694, 62269, 88515, 87114, 60082, 74975, 47648, 95486, 87637, 66308, 20895, 66554, 33908, 42049, 56894, 28029, 53349, 69094, 28178, 10701, 80203, 12390, 30718, 61309, 79054, 80067, 87669, 18429, 56382, 67438, 53640, 19668, 83077, 8515, 32853, 16711, 65061, 42899, 66125, 28921, 47414, 77777, 7836, 59293, 12583, 45182, 70935, 11108, 65079, 57419, 58720, 99394, 41111, 59469, 41454, 95010, 96686, 20780, 37583, 91647, 99794, 21826, 42117, 12468, 34122, 46653, 81774, 80852, 20118, 37608, 92311, 79336, 51578, 35457, 31958, 86730, 96687, 11146, 78075, 16211, 44286, 64844, 65338, 10895, 10275, 77020, 73939, 97538, 77164, 89934, 19330, 65432, 21836, 62675, 2218, 30434, 72578, 3673, 40750, 56210, 87412, 64425, 15775, 78636, 80433, 91705, 39505, 7027, 29105, 87238, 78396, 99457, 72495, 465, 26796, 81547, 80667, 30823, 69059, 7899, 78032, 78440, 81817, 20294, 87763, 12034, 87734, 24471, 82031, 64016, 50288, 34228, 63282, 50920, 30581, 84203, 633, 87248, 12770, 97953, 13053, 95572, 37949, 74063, 36227, 29715, 49813, 21145, 87009, 80874, 37059, 87639, 40612, 24590, 86721, 77317, 98113, 76274, 67052, 89971, 13754, 59718, 87879, 93901, 12293, 67642, 78449, 64313, 44591, 70027, 35247, 66295, 59710, 40038, 34813, 87962, 6454, 75437, 34184, 50284, 17941, 64231, 49977, 2028, 59502, 60727, 26582, 79999, 6279, 85230, 43569, 67203, 58331, 72913, 30171, 1727, 41946, 90745, 71914, 86277, 5832, 11177, 57599, 86212, 61606, 28255, 80106, 54547, 15980, 77212, 3027, 83112, 17125, 76921, 4837, 26444, 13210, 89259, 46651, 77381, 66788, 11296, 33774, 81105, 70945, 61130, 72200, 65714, 63243, 61476, 76626, 59438, 32822, 8711, 94850, 65916, 7693, 21486, 24715, 26506, 21007, 33133, 38566, 99647, 25770, 19442, 13318, 78963, 57647, 12222, 92372, 45896, 92440, 69281, 19151, 44863, 76918, 22077, 63058, 94435, 38449, 64109, 20310, 83672, 22901, 14278, 33390, 13900, 63275, 55898, 16247, 33785, 54297, 8437, 54820, 83410, 95313, 67626, 61778, 10727, 89377, 37482, 45594, 34932, 17260, 28241, 94797, 26052, 23531, 90086, 15960, 81528, 32321, 35167, 20274, 11327, 18349, 24819, 16188, 45023, 56618, 85558, 52445, 76045, 7010, 39667, 97499, 27217, 6922, 66669, 41143, 82468, 17121, 9153, 82171, 29623, 91642, 3023, 69588, 47419, 86211, 71966, 80845, 68320, 13455, 37727, 52220, 74702, 43968, 32800, 43782, 66266, 15493, 61506, 51999, 45231, 78441, 55374, 45332, 33666, 99772, 17526, 93054, 75932, 18681, 44005, 52642, 79466, 41665, 71733, 67212, 52963, 45410, 97177, 3676, 65899, 60266, 6015, 31478, 67272, 29789, 47236, 62659, 19112, 76732, 55297, 44711, 19662, 33344, 75613, 43681, 51180, 63551, 81969, 93251, 48767, 14416]})"
141.0,3,12,63,12.089412212371826,418,"Genotype(dna={""<class 'abc.NT_0012'>"": [0, 89047], ""<class 'abc.NT_0012_P_00000'>"": [], ""<class 'abc.NT_0007'>"": [55058, 96429, 2662], ""<class 'abc.NT_0007_P_00000'>"": [], ""<class 'abc.NT_0002'>"": [0, 48333, 27356], ""<class 'abc.NT_0002_P_00000'>"": [], ""<class 'abc.NT_0000'>"": [42184, 70052, 0, 91804, 0, 0, 36773, 0, 64804], ""<class 'abc.NT_0000_P_00000'>"": [], ""<class 'abc.NT_0001'>"": [0, 49937, 0, 86169, 43681], ""<class 'abc.NT_0001_P_00000'>"": [], ""<class 'bool'>"": [70796, 41936, 41546, 8512, 21121, 28869], ""<class 'int'>"": [25155, 52427, 13216, 14861, 37066, 43227, 14416], ""<class 'abc.NT_0005'>"": [0, 37639], ""<class 'abc.NT_0005_P_00000'>"": [], ""<class 'abc.NT_0003'>"": [33650, 52703], ""<class 'abc.NT_0003_P_00000'>"": [], ""<class 'abc.NT_0004'>"": [0, 59983], ""<class 'abc.NT_0004_P_00000'>"": [], '$leftovers': [81600, 92981, 24586, 80507, 48909, 56302, 48279, 39596, 8177, 41048, 54709, 2141, 36382, 30231, 79303, 45906, 3600, 72448, 85756, 62232, 76728, 12314, 10402, 99348, 82540, 3143, 2927, 63383, 24684, 56849, 91234, 96607, 11663, 55655, 70782, 65921, 46458, 89721, 42004, 84925, 23942, 57205, 447, 66040, 89769, 37633, 53881, 33471, 84899, 77962, 79382, 63421, 42354, 22565, 54622, 78399, 707, 24478, 73210, 60708, 91176, 39440, 68267, 67164, 86078, 78891, 1648, 1984, 34860, 67089, 14873, 85945, 27946, 91486, 43571, 81436, 24346, 46853, 90833, 93204, 67569, 28562, 65707, 64260, 79507, 5703, 7091, 64658, 51775, 12742, 9851, 57202, 62567, 20339, 98771, 84993, 42327, 6461, 36932, 81439, 47467, 62039, 83881, 12894, 32233, 8056, 28809, 72665, 37010, 26904, 8831, 28758, 41940, 50619, 13705, 77050, 31928, 98645, 56591, 24230, 79582, 27434, 95976, 64454, 7019, 17483, 21240, 67326, 59414, 72680, 9039, 51925, 93310, 67483, 64406, 48515, 88431, 2658, 13619, 9790, 17053, 28910, 57659, 77924, 99848, 89052, 47667, 8134, 19606, 85887, 52665, 28157, 42807, 17016, 89094, 61528, 2617, 28737, 93170, 38813, 99354, 15028, 23722, 65353, 29533, 99753, 41981, 50418, 14162, 78477, 44874, 48013, 99700, 22092, 35260, 90200, 89643, 20702, 91024, 9577, 56981, 30550, 61179, 18259, 57231, 87191, 55757, 3244, 78476, 74777, 24995, 31614, 77943, 7036, 49566, 58360, 3004, 53252, 66953, 74656, 74210, 27963, 52379, 63796, 99017, 55895, 25648, 47745, 62726, 60872, 9501, 49057, 94539, 87198, 63764, 99938, 10128, 80210, 46135, 51655, 83482, 38148, 24164, 27359, 56722, 28341, 25100, 45456, 58831, 30641, 35297, 10655, 57535, 34439, 9062, 29603, 80404, 81266, 30591, 52083, 4329, 59237, 41782, 63886, 44622, 7276, 5883, 7811, 9363, 36177, 85829, 72401, 69637, 5311, 68134, 6919, 88426, 70653, 4616, 46013, 92629, 59024, 92702, 43046, 89779, 385, 55229, 28239, 12254, 26194, 26075, 97973, 61281, 36055, 35286, 66986, 28883, 19934, 88098, 4790, 83498, 37148, 15666, 87010, 55539, 7569, 68859, 64018, 42555, 25550, 49766, 42788, 84258, 51569, 68268, 3156, 96561, 85693, 51070, 36377, 65819, 96179, 39579, 24584, 28035, 59376, 1204, 11150, 48792, 45926, 85267, 91074, 94546, 96796, 37903, 59781, 4539, 61677, 99460, 13625, 61547, 50670, 13613, 59753, 22915, 2621, 41331, 81995, 39637, 22957, 79002, 77248, 80855, 23226, 52229, 79789, 70273, 33650, 98693, 42923, 5145, 90463, 16373, 37110, 73707, 81260, 22037, 73958, 71109, 87766, 33357, 36160, 30428, 68575, 62987, 54541, 93429, 10734, 56468, 10160, 92379, 48026, 42646, 26036, 13198, 24697, 89401, 2013, 24257, 16393, 7549, 56761, 59383, 92698, 47833, 9115, 80083, 27886, 98520, 84184, 46396, 32324, 55136, 33043, 94733, 39299, 68268, 17957, 41681, 95283, 74312, 19569, 5501, 96364, 37614, 98620, 35413, 23136, 13438, 71840, 85129, 48571, 41673, 12536, 28619, 39045, 31089, 96567, 57611, 19490, 3253, 59735, 37115, 23031, 12955, 69562, 87443, 43955, 64586, 64395, 83855, 28306, 89637, 82455, 41564, 62224, 83458, 72706, 39687, 18580, 37123, 88608, 78134, 31325, 99919, 83099, 93340, 64560, 40152, 49911, 90599, 5214, 94580, 49233, 60885, 57752, 18427, 57803, 29767, 82380, 44062, 42873, 35236, 96454, 6296, 761, 18195, 33989, 94984, 70688, 90636, 6806, 73662, 94256, 41102, 28770, 46150, 73640, 11449, 24920, 21310, 85454, 94863, 91863, 23315, 17597, 20217, 91794, 34166, 77109, 46637, 32144, 83158, 26247, 76783, 57366, 76170, 90953, 82914, 78347, 9798, 36943, 73386, 68382, 52072, 12414, 41189, 86486, 60473, 16665, 45781, 59592, 86919, 63519, 25794, 53453, 64363, 96508, 16128, 92416, 22277, 24310, 86063, 67165, 46227, 54481, 89870, 69212, 62340, 60412, 71112, 23023, 34509, 92116, 7217, 63002, 41259, 50000, 8793, 4594, 30483, 62653, 83938, 83503, 31483, 10365, 49442, 30804, 45981, 6968, 91617, 92210, 54325, 96831, 5008, 28389, 68581, 10722, 76148, 95354, 73970, 68860, 62036, 98213, 81300, 79566, 11781, 37080, 43953, 62574, 60034, 62154, 78716, 7847, 44434, 11159, 20786, 57220, 86148, 89532, 79123, 19828, 71554, 38321, 92355, 28120, 6885, 40594, 84932, 47779, 99847, 92498, 86367, 71489, 51939, 10303, 75651, 2814, 54873, 58078, 82260, 4131, 16111, 36323, 80831, 56586, 23086, 62810, 48333, 30508, 86384, 27684, 56737, 96345, 97308, 91048, 25778, 26424, 16979, 77059, 87484, 650, 10501, 7664, 42399, 66368, 72428, 90313, 68581, 95408, 58719, 7010, 71100, 38694, 62269, 88515, 87114, 60082, 74975, 47648, 95486, 87637, 66308, 20895, 66554, 33908, 42049, 56894, 28029, 53349, 69094, 28178, 10701, 80203, 12390, 30718, 61309, 79054, 80067, 87669, 18429, 56382, 67438, 53640, 19668, 83077, 8515, 32853, 16711, 65061, 42899, 66125, 28921, 47414, 77777, 7836, 59293, 12583, 45182, 70935, 11108, 65079, 57419, 58720, 99394, 41111, 59469, 41454, 95010, 96686, 20780, 37583, 91647, 99794, 21826, 42117, 12468, 34122, 46653, 81774, 80852, 20118, 37608, 92311, 79336, 51578, 35457, 31958, 86730, 96687, 11146, 78075, 16211, 44286, 64844, 65338, 10895, 10275, 77020, 73939, 97538, 77164, 89934, 19330, 65432, 21836, 62675, 2218, 30434, 72578, 3673, 40750, 56210, 87412, 64425, 15775, 78636, 80433, 91705, 39505, 7027, 29105, 87238, 78396, 99457, 72495, 465, 26796, 81547, 80667, 30823, 69059, 7899, 78032, 78440, 81817, 20294, 87763, 12034, 87734, 24471, 82031, 64016, 50288, 34228, 63282, 50920, 30581, 84203, 633, 87248, 12770, 97953, 13053, 95572, 37949, 74063, 36227, 29715, 49813, 21145, 87009, 80874, 37059, 87639, 40612, 24590, 86721, 77317, 98113, 76274, 67052, 89971, 13754, 59718, 87879, 93901, 12293, 67642, 78449, 64313, 44591, 70027, 35247, 66295, 59710, 40038, 34813, 87962, 6454, 75437, 34184, 50284, 17941, 64231, 49977, 2028, 59502, 60727, 26582, 79999, 6279, 85230, 43569, 67203, 58331, 72913, 30171, 1727, 41946, 90745, 71914, 86277, 5832, 11177, 57599, 86212, 61606, 28255, 80106, 54547, 15980, 77212, 3027, 83112, 17125, 76921, 4837, 26444, 13210, 89259, 46651, 77381, 66788, 11296, 33774, 81105, 70945, 61130, 72200, 65714, 63243, 61476, 76626, 59438, 32822, 8711, 94850, 65916, 7693, 21486, 24715, 26506, 21007, 33133, 38566, 99647, 25770, 19442, 13318, 78963, 57647, 12222, 92372, 45896, 92440, 69281, 19151, 44863, 76918, 22077, 63058, 94435, 38449, 64109, 20310, 83672, 22901, 14278, 33390, 13900, 63275, 55898, 16247, 33785, 54297, 8437, 54820, 83410, 95313, 67626, 61778, 10727, 89377, 37482, 45594, 34932, 17260, 28241, 94797, 26052, 23531, 90086, 15960, 81528, 32321, 35167, 20274, 11327, 18349, 24819, 16188, 45023, 56618, 85558, 52445, 76045, 7010, 39667, 97499, 27217, 6922, 66669, 41143, 82468, 17121, 9153, 82171, 29623, 91642, 3023, 69588, 47419, 86211, 71966, 80845, 68320, 13455, 37727, 52220, 74702, 43968, 32800, 43782, 66266, 15493, 61506, 51999, 45231, 78441, 55374, 45332, 33666, 99772, 17526, 93054, 75932, 18681, 44005, 52642, 79466, 41665, 71733, 67212, 52963, 45410, 97177, 3676, 65899, 60266, 6015, 31478, 67272, 29789, 47236, 62659, 19112, 76732, 55297, 44711, 19662, 33344, 75613, 43681, 51180, 63551, 81969, 93251, 48767, 14416]})"
141.0,3,12,64,12.218700408935547,418,"Genotype(dna={""<class 'abc.NT_0012'>"": [0, 89047], ""<class 'abc.NT_0012_P_00000'>"": [], ""<class 'abc.NT_0007'>"": [55058, 96429, 2662], ""<class 'abc.NT_0007_P_00000'>"": [], ""<class 'abc.NT_0002'>"": [0, 48333, 27356], ""<class 'abc.NT_0002_P_00000'>"": [], ""<class 'abc.NT_0000'>"": [42184, 70052, 0, 91804, 0, 0, 36773, 0, 64804], ""<class 'abc.NT_0000_P_00000'>"": [], ""<class 'abc.NT_0001'>"": [0, 49937, 0, 86169, 43681], ""<class 'abc.NT_0001_P_00000'>"": [], ""<class 'bool'>"": [70796, 41936, 41546, 8512, 21121, 28869], ""<class 'int'>"": [25155, 52427, 13216, 14861, 37066, 43227, 14416], ""<class 'abc.NT_0005'>"": [0, 37639], ""<class 'abc.NT_0005_P_00000'>"": [], ""<class 'abc.NT_0003'>"": [33650, 52703], ""<class 'abc.NT_0003_P_00000'>"": [], ""<class 'abc.NT_0004'>"": [0, 59983], ""<class 'abc.NT_0004_P_00000'>"": [], '$leftovers': [81600, 92981, 24586, 80507, 48909, 56302, 48279, 39596, 8177, 41048, 54709, 2141, 36382, 30231, 79303, 45906, 3600, 72448, 85756, 62232, 76728, 12314, 10402, 99348, 82540, 3143, 2927, 63383, 24684, 56849, 91234, 96607, 11663, 55655, 70782, 65921, 46458, 89721, 42004, 84925, 23942, 57205, 447, 66040, 89769, 37633, 53881, 33471, 84899, 77962, 79382, 63421, 42354, 22565, 54622, 78399, 707, 24478, 73210, 60708, 91176, 39440, 68267, 67164, 86078, 78891, 1648, 1984, 34860, 67089, 14873, 85945, 27946, 91486, 43571, 81436, 24346, 46853, 90833, 93204, 67569, 28562, 65707, 64260, 79507, 5703, 7091, 64658, 51775, 12742, 9851, 57202, 62567, 20339, 98771, 84993, 42327, 6461, 36932, 81439, 47467, 62039, 83881, 12894, 32233, 8056, 28809, 72665, 37010, 26904, 8831, 28758, 41940, 50619, 13705, 77050, 31928, 98645, 56591, 24230, 79582, 27434, 95976, 64454, 7019, 17483, 21240, 67326, 59414, 72680, 9039, 51925, 93310, 67483, 64406, 48515, 88431, 2658, 13619, 9790, 17053, 28910, 57659, 77924, 99848, 89052, 47667, 8134, 19606, 85887, 52665, 28157, 42807, 17016, 89094, 61528, 2617, 28737, 93170, 38813, 99354, 15028, 23722, 65353, 29533, 99753, 41981, 50418, 14162, 78477, 44874, 48013, 99700, 22092, 35260, 90200, 89643, 20702, 91024, 9577, 56981, 30550, 61179, 18259, 57231, 87191, 55757, 3244, 78476, 74777, 24995, 31614, 77943, 7036, 49566, 58360, 3004, 53252, 66953, 74656, 74210, 27963, 52379, 63796, 99017, 55895, 25648, 47745, 62726, 60872, 9501, 49057, 94539, 87198, 63764, 99938, 10128, 80210, 46135, 51655, 83482, 38148, 24164, 27359, 56722, 28341, 25100, 45456, 58831, 30641, 35297, 10655, 57535, 34439, 9062, 29603, 80404, 81266, 30591, 52083, 4329, 59237, 41782, 63886, 44622, 7276, 5883, 7811, 9363, 36177, 85829, 72401, 69637, 5311, 68134, 6919, 88426, 70653, 4616, 46013, 92629, 59024, 92702, 43046, 89779, 385, 55229, 28239, 12254, 26194, 26075, 97973, 61281, 36055, 35286, 66986, 28883, 19934, 88098, 4790, 83498, 37148, 15666, 87010, 55539, 7569, 68859, 64018, 42555, 25550, 49766, 42788, 84258, 51569, 68268, 3156, 96561, 85693, 51070, 36377, 65819, 96179, 39579, 24584, 28035, 59376, 1204, 11150, 48792, 45926, 85267, 91074, 94546, 96796, 37903, 59781, 4539, 61677, 99460, 13625, 61547, 50670, 13613, 59753, 22915, 2621, 41331, 81995, 39637, 22957, 79002, 77248, 80855, 23226, 52229, 79789, 70273, 33650, 98693, 42923, 5145, 90463, 16373, 37110, 73707, 81260, 22037, 73958, 71109, 87766, 33357, 36160, 30428, 68575, 62987, 54541, 93429, 10734, 56468, 10160, 92379, 48026, 42646, 26036, 13198, 24697, 89401, 2013, 24257, 16393, 7549, 56761, 59383, 92698, 47833, 9115, 80083, 27886, 98520, 84184, 46396, 32324, 55136, 33043, 94733, 39299, 68268, 17957, 41681, 95283, 74312, 19569, 5501, 96364, 37614, 98620, 35413, 23136, 13438, 71840, 85129, 48571, 41673, 12536, 28619, 39045, 31089, 96567, 57611, 19490, 3253, 59735, 37115, 23031, 12955, 69562, 87443, 43955, 64586, 64395, 83855, 28306, 89637, 82455, 41564, 62224, 83458, 72706, 39687, 18580, 37123, 88608, 78134, 31325, 99919, 83099, 93340, 64560, 40152, 49911, 90599, 5214, 94580, 49233, 60885, 57752, 18427, 57803, 29767, 82380, 44062, 42873, 35236, 96454, 6296, 761, 18195, 33989, 94984, 70688, 90636, 6806, 73662, 94256, 41102, 28770, 46150, 73640, 11449, 24920, 21310, 85454, 94863, 91863, 23315, 17597, 20217, 91794, 34166, 77109, 46637, 32144, 83158, 26247, 76783, 57366, 76170, 90953, 82914, 78347, 9798, 36943, 73386, 68382, 52072, 12414, 41189, 86486, 60473, 16665, 45781, 59592, 86919, 63519, 25794, 53453, 64363, 96508, 16128, 92416, 22277, 24310, 86063, 67165, 46227, 54481, 89870, 69212, 62340, 60412, 71112, 23023, 34509, 92116, 7217, 63002, 41259, 50000, 8793, 4594, 30483, 62653, 83938, 83503, 31483, 10365, 49442, 30804, 45981, 6968, 91617, 92210, 54325, 96831, 5008, 28389, 68581, 10722, 76148, 95354, 73970, 68860, 62036, 98213, 81300, 79566, 11781, 37080, 43953, 62574, 60034, 62154, 78716, 7847, 44434, 11159, 20786, 57220, 86148, 89532, 79123, 19828, 71554, 38321, 92355, 28120, 6885, 40594, 84932, 47779, 99847, 92498, 86367, 71489, 51939, 10303, 75651, 2814, 54873, 58078, 82260, 4131, 16111, 36323, 80831, 56586, 23086, 62810, 48333, 30508, 86384, 27684, 56737, 96345, 97308, 91048, 25778, 26424, 16979, 77059, 87484, 650, 10501, 7664, 42399, 66368, 72428, 90313, 68581, 95408, 58719, 7010, 71100, 38694, 62269, 88515, 87114, 60082, 74975, 47648, 95486, 87637, 66308, 20895, 66554, 33908, 42049, 56894, 28029, 53349, 69094, 28178, 10701, 80203, 12390, 30718, 61309, 79054, 80067, 87669, 18429, 56382, 67438, 53640, 19668, 83077, 8515, 32853, 16711, 65061, 42899, 66125, 28921, 47414, 77777, 7836, 59293, 12583, 45182, 70935, 11108, 65079, 57419, 58720, 99394, 41111, 59469, 41454, 95010, 96686, 20780, 37583, 91647, 99794, 21826, 42117, 12468, 34122, 46653, 81774, 80852, 20118, 37608, 92311, 79336, 51578, 35457, 31958, 86730, 96687, 11146, 78075, 16211, 44286, 64844, 65338, 10895, 10275, 77020, 73939, 97538, 77164, 89934, 19330, 65432, 21836, 62675, 2218, 30434, 72578, 3673, 40750, 56210, 87412, 64425, 15775, 78636, 80433, 91705, 39505, 7027, 29105, 87238, 78396, 99457, 72495, 465, 26796, 81547, 80667, 30823, 69059, 7899, 78032, 78440, 81817, 20294, 87763, 12034, 87734, 24471, 82031, 64016, 50288, 34228, 63282, 50920, 30581, 84203, 633, 87248, 12770, 97953, 13053, 95572, 37949, 74063, 36227, 29715, 49813, 21145, 87009, 80874, 37059, 87639, 40612, 24590, 86721, 77317, 98113, 76274, 67052, 89971, 13754, 59718, 87879, 93901, 12293, 67642, 78449, 64313, 44591, 70027, 35247, 66295, 59710, 40038, 34813, 87962, 6454, 75437, 34184, 50284, 17941, 64231, 49977, 2028, 59502, 60727, 26582, 79999, 6279, 85230, 43569, 67203, 58331, 72913, 30171, 1727, 41946, 90745, 71914, 86277, 5832, 11177, 57599, 86212, 61606, 28255, 80106, 54547, 15980, 77212, 3027, 83112, 17125, 76921, 4837, 26444, 13210, 89259, 46651, 77381, 66788, 11296, 33774, 81105, 70945, 61130, 72200, 65714, 63243, 61476, 76626, 59438, 32822, 8711, 94850, 65916, 7693, 21486, 24715, 26506, 21007, 33133, 38566, 99647, 25770, 19442, 13318, 78963, 57647, 12222, 92372, 45896, 92440, 69281, 19151, 44863, 76918, 22077, 63058, 94435, 38449, 64109, 20310, 83672, 22901, 14278, 33390, 13900, 63275, 55898, 16247, 33785, 54297, 8437, 54820, 83410, 95313, 67626, 61778, 10727, 89377, 37482, 45594, 34932, 17260, 28241, 94797, 26052, 23531, 90086, 15960, 81528, 32321, 35167, 20274, 11327, 18349, 24819, 16188, 45023, 56618, 85558, 52445, 76045, 7010, 39667, 97499, 27217, 6922, 66669, 41143, 82468, 17121, 9153, 82171, 29623, 91642, 3023, 69588, 47419, 86211, 71966, 80845, 68320, 13455, 37727, 52220, 74702, 43968, 32800, 43782, 66266, 15493, 61506, 51999, 45231, 78441, 55374, 45332, 33666, 99772, 17526, 93054, 75932, 18681, 44005, 52642, 79466, 41665, 71733, 67212, 52963, 45410, 97177, 3676, 65899, 60266, 6015, 31478, 67272, 29789, 47236, 62659, 19112, 76732, 55297, 44711, 19662, 33344, 75613, 43681, 51180, 63551, 81969, 93251, 48767, 14416]})"
141.0,3,12,65,12.29228687286377,418,"Genotype(dna={""<class 'abc.NT_0012'>"": [0, 89047], ""<class 'abc.NT_0012_P_00000'>"": [], ""<class 'abc.NT_0007'>"": [55058, 96429, 2662], ""<class 'abc.NT_0007_P_00000'>"": [], ""<class 'abc.NT_0002'>"": [0, 48333, 27356], ""<class 'abc.NT_0002_P_00000'>"": [], ""<class 'abc.NT_0000'>"": [42184, 70052, 0, 91804, 0, 0, 36773, 0, 64804], ""<class 'abc.NT_0000_P_00000'>"": [], ""<class 'abc.NT_0001'>"": [0, 49937, 0, 86169, 43681], ""<class 'abc.NT_0001_P_00000'>"": [], ""<class 'bool'>"": [70796, 41936, 41546, 8512, 21121, 28869], ""<class 'int'>"": [25155, 52427, 13216, 14861, 37066, 43227, 14416], ""<class 'abc.NT_0005'>"": [0, 37639], ""<class 'abc.NT_0005_P_00000'>"": [], ""<class 'abc.NT_0003'>"": [33650, 52703], ""<class 'abc.NT_0003_P_00000'>"": [], ""<class 'abc.NT_0004'>"": [0, 59983], ""<class 'abc.NT_0004_P_00000'>"": [], '$leftovers': [81600, 92981, 24586, 80507, 48909, 56302, 48279, 39596, 8177, 41048, 54709, 2141, 36382, 30231, 79303, 45906, 3600, 72448, 85756, 62232, 76728, 12314, 10402, 99348, 82540, 3143, 2927, 63383, 24684, 56849, 91234, 96607, 11663, 55655, 70782, 65921, 46458, 89721, 42004, 84925, 23942, 57205, 447, 66040, 89769, 37633, 53881, 33471, 84899, 77962, 79382, 63421, 42354, 22565, 54622, 78399, 707, 24478, 73210, 60708, 91176, 39440, 68267, 67164, 86078, 78891, 1648, 1984, 34860, 67089, 14873, 85945, 27946, 91486, 43571, 81436, 24346, 46853, 90833, 93204, 67569, 28562, 65707, 64260, 79507, 5703, 7091, 64658, 51775, 12742, 9851, 57202, 62567, 20339, 98771, 84993, 42327, 6461, 36932, 81439, 47467, 62039, 83881, 12894, 32233, 8056, 28809, 72665, 37010, 26904, 8831, 28758, 41940, 50619, 13705, 77050, 31928, 98645, 56591, 24230, 79582, 27434, 95976, 64454, 7019, 17483, 21240, 67326, 59414, 72680, 9039, 51925, 93310, 67483, 64406, 48515, 88431, 2658, 13619, 9790, 17053, 28910, 57659, 77924, 99848, 89052, 47667, 8134, 19606, 85887, 52665, 28157, 42807, 17016, 89094, 61528, 2617, 28737, 93170, 38813, 99354, 15028, 23722, 65353, 29533, 99753, 41981, 50418, 14162, 78477, 44874, 48013, 99700, 22092, 35260, 90200, 89643, 20702, 91024, 9577, 56981, 30550, 61179, 18259, 57231, 87191, 55757, 3244, 78476, 74777, 24995, 31614, 77943, 7036, 49566, 58360, 3004, 53252, 66953, 74656, 74210, 27963, 52379, 63796, 99017, 55895, 25648, 47745, 62726, 60872, 9501, 49057, 94539, 87198, 63764, 99938, 10128, 80210, 46135, 51655, 83482, 38148, 24164, 27359, 56722, 28341, 25100, 45456, 58831, 30641, 35297, 10655, 57535, 34439, 9062, 29603, 80404, 81266, 30591, 52083, 4329, 59237, 41782, 63886, 44622, 7276, 5883, 7811, 9363, 36177, 85829, 72401, 69637, 5311, 68134, 6919, 88426, 70653, 4616, 46013, 92629, 59024, 92702, 43046, 89779, 385, 55229, 28239, 12254, 26194, 26075, 97973, 61281, 36055, 35286, 66986, 28883, 19934, 88098, 4790, 83498, 37148, 15666, 87010, 55539, 7569, 68859, 64018, 42555, 25550, 49766, 42788, 84258, 51569, 68268, 3156, 96561, 85693, 51070, 36377, 65819, 96179, 39579, 24584, 28035, 59376, 1204, 11150, 48792, 45926, 85267, 91074, 94546, 96796, 37903, 59781, 4539, 61677, 99460, 13625, 61547, 50670, 13613, 59753, 22915, 2621, 41331, 81995, 39637, 22957, 79002, 77248, 80855, 23226, 52229, 79789, 70273, 33650, 98693, 42923, 5145, 90463, 16373, 37110, 73707, 81260, 22037, 73958, 71109, 87766, 33357, 36160, 30428, 68575, 62987, 54541, 93429, 10734, 56468, 10160, 92379, 48026, 42646, 26036, 13198, 24697, 89401, 2013, 24257, 16393, 7549, 56761, 59383, 92698, 47833, 9115, 80083, 27886, 98520, 84184, 46396, 32324, 55136, 33043, 94733, 39299, 68268, 17957, 41681, 95283, 74312, 19569, 5501, 96364, 37614, 98620, 35413, 23136, 13438, 71840, 85129, 48571, 41673, 12536, 28619, 39045, 31089, 96567, 57611, 19490, 3253, 59735, 37115, 23031, 12955, 69562, 87443, 43955, 64586, 64395, 83855, 28306, 89637, 82455, 41564, 62224, 83458, 72706, 39687, 18580, 37123, 88608, 78134, 31325, 99919, 83099, 93340, 64560, 40152, 49911, 90599, 5214, 94580, 49233, 60885, 57752, 18427, 57803, 29767, 82380, 44062, 42873, 35236, 96454, 6296, 761, 18195, 33989, 94984, 70688, 90636, 6806, 73662, 94256, 41102, 28770, 46150, 73640, 11449, 24920, 21310, 85454, 94863, 91863, 23315, 17597, 20217, 91794, 34166, 77109, 46637, 32144, 83158, 26247, 76783, 57366, 76170, 90953, 82914, 78347, 9798, 36943, 73386, 68382, 52072, 12414, 41189, 86486, 60473, 16665, 45781, 59592, 86919, 63519, 25794, 53453, 64363, 96508, 16128, 92416, 22277, 24310, 86063, 67165, 46227, 54481, 89870, 69212, 62340, 60412, 71112, 23023, 34509, 92116, 7217, 63002, 41259, 50000, 8793, 4594, 30483, 62653, 83938, 83503, 31483, 10365, 49442, 30804, 45981, 6968, 91617, 92210, 54325, 96831, 5008, 28389, 68581, 10722, 76148, 95354, 73970, 68860, 62036, 98213, 81300, 79566, 11781, 37080, 43953, 62574, 60034, 62154, 78716, 7847, 44434, 11159, 20786, 57220, 86148, 89532, 79123, 19828, 71554, 38321, 92355, 28120, 6885, 40594, 84932, 47779, 99847, 92498, 86367, 71489, 51939, 10303, 75651, 2814, 54873, 58078, 82260, 4131, 16111, 36323, 80831, 56586, 23086, 62810, 48333, 30508, 86384, 27684, 56737, 96345, 97308, 91048, 25778, 26424, 16979, 77059, 87484, 650, 10501, 7664, 42399, 66368, 72428, 90313, 68581, 95408, 58719, 7010, 71100, 38694, 62269, 88515, 87114, 60082, 74975, 47648, 95486, 87637, 66308, 20895, 66554, 33908, 42049, 56894, 28029, 53349, 69094, 28178, 10701, 80203, 12390, 30718, 61309, 79054, 80067, 87669, 18429, 56382, 67438, 53640, 19668, 83077, 8515, 32853, 16711, 65061, 42899, 66125, 28921, 47414, 77777, 7836, 59293, 12583, 45182, 70935, 11108, 65079, 57419, 58720, 99394, 41111, 59469, 41454, 95010, 96686, 20780, 37583, 91647, 99794, 21826, 42117, 12468, 34122, 46653, 81774, 80852, 20118, 37608, 92311, 79336, 51578, 35457, 31958, 86730, 96687, 11146, 78075, 16211, 44286, 64844, 65338, 10895, 10275, 77020, 73939, 97538, 77164, 89934, 19330, 65432, 21836, 62675, 2218, 30434, 72578, 3673, 40750, 56210, 87412, 64425, 15775, 78636, 80433, 91705, 39505, 7027, 29105, 87238, 78396, 99457, 72495, 465, 26796, 81547, 80667, 30823, 69059, 7899, 78032, 78440, 81817, 20294, 87763, 12034, 87734, 24471, 82031, 64016, 50288, 34228, 63282, 50920, 30581, 84203, 633, 87248, 12770, 97953, 13053, 95572, 37949, 74063, 36227, 29715, 49813, 21145, 87009, 80874, 37059, 87639, 40612, 24590, 86721, 77317, 98113, 76274, 67052, 89971, 13754, 59718, 87879, 93901, 12293, 67642, 78449, 64313, 44591, 70027, 35247, 66295, 59710, 40038, 34813, 87962, 6454, 75437, 34184, 50284, 17941, 64231, 49977, 2028, 59502, 60727, 26582, 79999, 6279, 85230, 43569, 67203, 58331, 72913, 30171, 1727, 41946, 90745, 71914, 86277, 5832, 11177, 57599, 86212, 61606, 28255, 80106, 54547, 15980, 77212, 3027, 83112, 17125, 76921, 4837, 26444, 13210, 89259, 46651, 77381, 66788, 11296, 33774, 81105, 70945, 61130, 72200, 65714, 63243, 61476, 76626, 59438, 32822, 8711, 94850, 65916, 7693, 21486, 24715, 26506, 21007, 33133, 38566, 99647, 25770, 19442, 13318, 78963, 57647, 12222, 92372, 45896, 92440, 69281, 19151, 44863, 76918, 22077, 63058, 94435, 38449, 64109, 20310, 83672, 22901, 14278, 33390, 13900, 63275, 55898, 16247, 33785, 54297, 8437, 54820, 83410, 95313, 67626, 61778, 10727, 89377, 37482, 45594, 34932, 17260, 28241, 94797, 26052, 23531, 90086, 15960, 81528, 32321, 35167, 20274, 11327, 18349, 24819, 16188, 45023, 56618, 85558, 52445, 76045, 7010, 39667, 97499, 27217, 6922, 66669, 41143, 82468, 17121, 9153, 82171, 29623, 91642, 3023, 69588, 47419, 86211, 71966, 80845, 68320, 13455, 37727, 52220, 74702, 43968, 32800, 43782, 66266, 15493, 61506, 51999, 45231, 78441, 55374, 45332, 33666, 99772, 17526, 93054, 75932, 18681, 44005, 52642, 79466, 41665, 71733, 67212, 52963, 45410, 97177, 3676, 65899, 60266, 6015, 31478, 67272, 29789, 47236, 62659, 19112, 76732, 55297, 44711, 19662, 33344, 75613, 43681, 51180, 63551, 81969, 93251, 48767, 14416]})"
141.0,3,12,66,12.366677284240723,418,"Genotype(dna={""<class 'abc.NT_0012'>"": [0, 89047], ""<class 'abc.NT_0012_P_00000'>"": [], ""<class 'abc.NT_0007'>"": [55058, 96429, 2662], ""<class 'abc.NT_0007_P_00000'>"": [], ""<class 'abc.NT_0002'>"": [0, 48333, 27356], ""<class 'abc.NT_0002_P_00000'>"": [], ""<class 'abc.NT_0000'>"": [42184, 70052, 0, 91804, 0, 0, 36773, 0, 64804], ""<class 'abc.NT_0000_P_00000'>"": [], ""<class 'abc.NT_0001'>"": [0, 49937, 0, 86169, 43681], ""<class 'abc.NT_0001_P_00000'>"": [], ""<class 'bool'>"": [70796, 41936, 41546, 8512, 21121, 28869], ""<class 'int'>"": [25155, 52427, 13216, 14861, 37066, 43227, 14416], ""<class 'abc.NT_0005'>"": [0, 37639], ""<class 'abc.NT_0005_P_00000'>"": [], ""<class 'abc.NT_0003'>"": [33650, 52703], ""<class 'abc.NT_0003_P_00000'>"": [], ""<class 'abc.NT_0004'>"": [0, 59983], ""<class 'abc.NT_0004_P_00000'>"": [], '$leftovers': [81600, 92981, 24586, 80507, 48909, 56302, 48279, 39596, 8177, 41048, 54709, 2141, 36382, 30231, 79303, 45906, 3600, 72448, 85756, 62232, 76728, 12314, 10402, 99348, 82540, 3143, 2927, 63383, 24684, 56849, 91234, 96607, 11663, 55655, 70782, 65921, 46458, 89721, 42004, 84925, 23942, 57205, 447, 66040, 89769, 37633, 53881, 33471, 84899, 77962, 79382, 63421, 42354, 22565, 54622, 78399, 707, 24478, 73210, 60708, 91176, 39440, 68267, 67164, 86078, 78891, 1648, 1984, 34860, 67089, 14873, 85945, 27946, 91486, 43571, 81436, 24346, 46853, 90833, 93204, 67569, 28562, 65707, 64260, 79507, 5703, 7091, 64658, 51775, 12742, 9851, 57202, 62567, 20339, 98771, 84993, 42327, 6461, 36932, 81439, 47467, 62039, 83881, 12894, 32233, 8056, 28809, 72665, 37010, 26904, 8831, 28758, 41940, 50619, 13705, 77050, 31928, 98645, 56591, 24230, 79582, 27434, 95976, 64454, 7019, 17483, 21240, 67326, 59414, 72680, 9039, 51925, 93310, 67483, 64406, 48515, 88431, 2658, 13619, 9790, 17053, 28910, 57659, 77924, 99848, 89052, 47667, 8134, 19606, 85887, 52665, 28157, 42807, 17016, 89094, 61528, 2617, 28737, 93170, 38813, 99354, 15028, 23722, 65353, 29533, 99753, 41981, 50418, 14162, 78477, 44874, 48013, 99700, 22092, 35260, 90200, 89643, 20702, 91024, 9577, 56981, 30550, 61179, 18259, 57231, 87191, 55757, 3244, 78476, 74777, 24995, 31614, 77943, 7036, 49566, 58360, 3004, 53252, 66953, 74656, 74210, 27963, 52379, 63796, 99017, 55895, 25648, 47745, 62726, 60872, 9501, 49057, 94539, 87198, 63764, 99938, 10128, 80210, 46135, 51655, 83482, 38148, 24164, 27359, 56722, 28341, 25100, 45456, 58831, 30641, 35297, 10655, 57535, 34439, 9062, 29603, 80404, 81266, 30591, 52083, 4329, 59237, 41782, 63886, 44622, 7276, 5883, 7811, 9363, 36177, 85829, 72401, 69637, 5311, 68134, 6919, 88426, 70653, 4616, 46013, 92629, 59024, 92702, 43046, 89779, 385, 55229, 28239, 12254, 26194, 26075, 97973, 61281, 36055, 35286, 66986, 28883, 19934, 88098, 4790, 83498, 37148, 15666, 87010, 55539, 7569, 68859, 64018, 42555, 25550, 49766, 42788, 84258, 51569, 68268, 3156, 96561, 85693, 51070, 36377, 65819, 96179, 39579, 24584, 28035, 59376, 1204, 11150, 48792, 45926, 85267, 91074, 94546, 96796, 37903, 59781, 4539, 61677, 99460, 13625, 61547, 50670, 13613, 59753, 22915, 2621, 41331, 81995, 39637, 22957, 79002, 77248, 80855, 23226, 52229, 79789, 70273, 33650, 98693, 42923, 5145, 90463, 16373, 37110, 73707, 81260, 22037, 73958, 71109, 87766, 33357, 36160, 30428, 68575, 62987, 54541, 93429, 10734, 56468, 10160, 92379, 48026, 42646, 26036, 13198, 24697, 89401, 2013, 24257, 16393, 7549, 56761, 59383, 92698, 47833, 9115, 80083, 27886, 98520, 84184, 46396, 32324, 55136, 33043, 94733, 39299, 68268, 17957, 41681, 95283, 74312, 19569, 5501, 96364, 37614, 98620, 35413, 23136, 13438, 71840, 85129, 48571, 41673, 12536, 28619, 39045, 31089, 96567, 57611, 19490, 3253, 59735, 37115, 23031, 12955, 69562, 87443, 43955, 64586, 64395, 83855, 28306, 89637, 82455, 41564, 62224, 83458, 72706, 39687, 18580, 37123, 88608, 78134, 31325, 99919, 83099, 93340, 64560, 40152, 49911, 90599, 5214, 94580, 49233, 60885, 57752, 18427, 57803, 29767, 82380, 44062, 42873, 35236, 96454, 6296, 761, 18195, 33989, 94984, 70688, 90636, 6806, 73662, 94256, 41102, 28770, 46150, 73640, 11449, 24920, 21310, 85454, 94863, 91863, 23315, 17597, 20217, 91794, 34166, 77109, 46637, 32144, 83158, 26247, 76783, 57366, 76170, 90953, 82914, 78347, 9798, 36943, 73386, 68382, 52072, 12414, 41189, 86486, 60473, 16665, 45781, 59592, 86919, 63519, 25794, 53453, 64363, 96508, 16128, 92416, 22277, 24310, 86063, 67165, 46227, 54481, 89870, 69212, 62340, 60412, 71112, 23023, 34509, 92116, 7217, 63002, 41259, 50000, 8793, 4594, 30483, 62653, 83938, 83503, 31483, 10365, 49442, 30804, 45981, 6968, 91617, 92210, 54325, 96831, 5008, 28389, 68581, 10722, 76148, 95354, 73970, 68860, 62036, 98213, 81300, 79566, 11781, 37080, 43953, 62574, 60034, 62154, 78716, 7847, 44434, 11159, 20786, 57220, 86148, 89532, 79123, 19828, 71554, 38321, 92355, 28120, 6885, 40594, 84932, 47779, 99847, 92498, 86367, 71489, 51939, 10303, 75651, 2814, 54873, 58078, 82260, 4131, 16111, 36323, 80831, 56586, 23086, 62810, 48333, 30508, 86384, 27684, 56737, 96345, 97308, 91048, 25778, 26424, 16979, 77059, 87484, 650, 10501, 7664, 42399, 66368, 72428, 90313, 68581, 95408, 58719, 7010, 71100, 38694, 62269, 88515, 87114, 60082, 74975, 47648, 95486, 87637, 66308, 20895, 66554, 33908, 42049, 56894, 28029, 53349, 69094, 28178, 10701, 80203, 12390, 30718, 61309, 79054, 80067, 87669, 18429, 56382, 67438, 53640, 19668, 83077, 8515, 32853, 16711, 65061, 42899, 66125, 28921, 47414, 77777, 7836, 59293, 12583, 45182, 70935, 11108, 65079, 57419, 58720, 99394, 41111, 59469, 41454, 95010, 96686, 20780, 37583, 91647, 99794, 21826, 42117, 12468, 34122, 46653, 81774, 80852, 20118, 37608, 92311, 79336, 51578, 35457, 31958, 86730, 96687, 11146, 78075, 16211, 44286, 64844, 65338, 10895, 10275, 77020, 73939, 97538, 77164, 89934, 19330, 65432, 21836, 62675, 2218, 30434, 72578, 3673, 40750, 56210, 87412, 64425, 15775, 78636, 80433, 91705, 39505, 7027, 29105, 87238, 78396, 99457, 72495, 465, 26796, 81547, 80667, 30823, 69059, 7899, 78032, 78440, 81817, 20294, 87763, 12034, 87734, 24471, 82031, 64016, 50288, 34228, 63282, 50920, 30581, 84203, 633, 87248, 12770, 97953, 13053, 95572, 37949, 74063, 36227, 29715, 49813, 21145, 87009, 80874, 37059, 87639, 40612, 24590, 86721, 77317, 98113, 76274, 67052, 89971, 13754, 59718, 87879, 93901, 12293, 67642, 78449, 64313, 44591, 70027, 35247, 66295, 59710, 40038, 34813, 87962, 6454, 75437, 34184, 50284, 17941, 64231, 49977, 2028, 59502, 60727, 26582, 79999, 6279, 85230, 43569, 67203, 58331, 72913, 30171, 1727, 41946, 90745, 71914, 86277, 5832, 11177, 57599, 86212, 61606, 28255, 80106, 54547, 15980, 77212, 3027, 83112, 17125, 76921, 4837, 26444, 13210, 89259, 46651, 77381, 66788, 11296, 33774, 81105, 70945, 61130, 72200, 65714, 63243, 61476, 76626, 59438, 32822, 8711, 94850, 65916, 7693, 21486, 24715, 26506, 21007, 33133, 38566, 99647, 25770, 19442, 13318, 78963, 57647, 12222, 92372, 45896, 92440, 69281, 19151, 44863, 76918, 22077, 63058, 94435, 38449, 64109, 20310, 83672, 22901, 14278, 33390, 13900, 63275, 55898, 16247, 33785, 54297, 8437, 54820, 83410, 95313, 67626, 61778, 10727, 89377, 37482, 45594, 34932, 17260, 28241, 94797, 26052, 23531, 90086, 15960, 81528, 32321, 35167, 20274, 11327, 18349, 24819, 16188, 45023, 56618, 85558, 52445, 76045, 7010, 39667, 97499, 27217, 6922, 66669, 41143, 82468, 17121, 9153, 82171, 29623, 91642, 3023, 69588, 47419, 86211, 71966, 80845, 68320, 13455, 37727, 52220, 74702, 43968, 32800, 43782, 66266, 15493, 61506, 51999, 45231, 78441, 55374, 45332, 33666, 99772, 17526, 93054, 75932, 18681, 44005, 52642, 79466, 41665, 71733, 67212, 52963, 45410, 97177, 3676, 65899, 60266, 6015, 31478, 67272, 29789, 47236, 62659, 19112, 76732, 55297, 44711, 19662, 33344, 75613, 43681, 51180, 63551, 81969, 93251, 48767, 14416]})"
141.0,3,12,67,12.439743280410767,418,"Genotype(dna={""<class 'abc.NT_0012'>"": [0, 89047], ""<class 'abc.NT_0012_P_00000'>"": [], ""<class 'abc.NT_0007'>"": [55058, 96429, 2662], ""<class 'abc.NT_0007_P_00000'>"": [], ""<class 'abc.NT_0002'>"": [0, 48333, 27356], ""<class 'abc.NT_0002_P_00000'>"": [], ""<class 'abc.NT_0000'>"": [42184, 70052, 0, 91804, 0, 0, 36773, 0, 64804], ""<class 'abc.NT_0000_P_00000'>"": [], ""<class 'abc.NT_0001'>"": [0, 49937, 0, 86169, 43681], ""<class 'abc.NT_0001_P_00000'>"": [], ""<class 'bool'>"": [70796, 41936, 41546, 8512, 21121, 28869], ""<class 'int'>"": [25155, 52427, 13216, 14861, 37066, 43227, 14416], ""<class 'abc.NT_0005'>"": [0, 37639], ""<class 'abc.NT_0005_P_00000'>"": [], ""<class 'abc.NT_0003'>"": [33650, 52703], ""<class 'abc.NT_0003_P_00000'>"": [], ""<class 'abc.NT_0004'>"": [0, 59983], ""<class 'abc.NT_0004_P_00000'>"": [], '$leftovers': [81600, 92981, 24586, 80507, 48909, 56302, 48279, 39596, 8177, 41048, 54709, 2141, 36382, 30231, 79303, 45906, 3600, 72448, 85756, 62232, 76728, 12314, 10402, 99348, 82540, 3143, 2927, 63383, 24684, 56849, 91234, 96607, 11663, 55655, 70782, 65921, 46458, 89721, 42004, 84925, 23942, 57205, 447, 66040, 89769, 37633, 53881, 33471, 84899, 77962, 79382, 63421, 42354, 22565, 54622, 78399, 707, 24478, 73210, 60708, 91176, 39440, 68267, 67164, 86078, 78891, 1648, 1984, 34860, 67089, 14873, 85945, 27946, 91486, 43571, 81436, 24346, 46853, 90833, 93204, 67569, 28562, 65707, 64260, 79507, 5703, 7091, 64658, 51775, 12742, 9851, 57202, 62567, 20339, 98771, 84993, 42327, 6461, 36932, 81439, 47467, 62039, 83881, 12894, 32233, 8056, 28809, 72665, 37010, 26904, 8831, 28758, 41940, 50619, 13705, 77050, 31928, 98645, 56591, 24230, 79582, 27434, 95976, 64454, 7019, 17483, 21240, 67326, 59414, 72680, 9039, 51925, 93310, 67483, 64406, 48515, 88431, 2658, 13619, 9790, 17053, 28910, 57659, 77924, 99848, 89052, 47667, 8134, 19606, 85887, 52665, 28157, 42807, 17016, 89094, 61528, 2617, 28737, 93170, 38813, 99354, 15028, 23722, 65353, 29533, 99753, 41981, 50418, 14162, 78477, 44874, 48013, 99700, 22092, 35260, 90200, 89643, 20702, 91024, 9577, 56981, 30550, 61179, 18259, 57231, 87191, 55757, 3244, 78476, 74777, 24995, 31614, 77943, 7036, 49566, 58360, 3004, 53252, 66953, 74656, 74210, 27963, 52379, 63796, 99017, 55895, 25648, 47745, 62726, 60872, 9501, 49057, 94539, 87198, 63764, 99938, 10128, 80210, 46135, 51655, 83482, 38148, 24164, 27359, 56722, 28341, 25100, 45456, 58831, 30641, 35297, 10655, 57535, 34439, 9062, 29603, 80404, 81266, 30591, 52083, 4329, 59237, 41782, 63886, 44622, 7276, 5883, 7811, 9363, 36177, 85829, 72401, 69637, 5311, 68134, 6919, 88426, 70653, 4616, 46013, 92629, 59024, 92702, 43046, 89779, 385, 55229, 28239, 12254, 26194, 26075, 97973, 61281, 36055, 35286, 66986, 28883, 19934, 88098, 4790, 83498, 37148, 15666, 87010, 55539, 7569, 68859, 64018, 42555, 25550, 49766, 42788, 84258, 51569, 68268, 3156, 96561, 85693, 51070, 36377, 65819, 96179, 39579, 24584, 28035, 59376, 1204, 11150, 48792, 45926, 85267, 91074, 94546, 96796, 37903, 59781, 4539, 61677, 99460, 13625, 61547, 50670, 13613, 59753, 22915, 2621, 41331, 81995, 39637, 22957, 79002, 77248, 80855, 23226, 52229, 79789, 70273, 33650, 98693, 42923, 5145, 90463, 16373, 37110, 73707, 81260, 22037, 73958, 71109, 87766, 33357, 36160, 30428, 68575, 62987, 54541, 93429, 10734, 56468, 10160, 92379, 48026, 42646, 26036, 13198, 24697, 89401, 2013, 24257, 16393, 7549, 56761, 59383, 92698, 47833, 9115, 80083, 27886, 98520, 84184, 46396, 32324, 55136, 33043, 94733, 39299, 68268, 17957, 41681, 95283, 74312, 19569, 5501, 96364, 37614, 98620, 35413, 23136, 13438, 71840, 85129, 48571, 41673, 12536, 28619, 39045, 31089, 96567, 57611, 19490, 3253, 59735, 37115, 23031, 12955, 69562, 87443, 43955, 64586, 64395, 83855, 28306, 89637, 82455, 41564, 62224, 83458, 72706, 39687, 18580, 37123, 88608, 78134, 31325, 99919, 83099, 93340, 64560, 40152, 49911, 90599, 5214, 94580, 49233, 60885, 57752, 18427, 57803, 29767, 82380, 44062, 42873, 35236, 96454, 6296, 761, 18195, 33989, 94984, 70688, 90636, 6806, 73662, 94256, 41102, 28770, 46150, 73640, 11449, 24920, 21310, 85454, 94863, 91863, 23315, 17597, 20217, 91794, 34166, 77109, 46637, 32144, 83158, 26247, 76783, 57366, 76170, 90953, 82914, 78347, 9798, 36943, 73386, 68382, 52072, 12414, 41189, 86486, 60473, 16665, 45781, 59592, 86919, 63519, 25794, 53453, 64363, 96508, 16128, 92416, 22277, 24310, 86063, 67165, 46227, 54481, 89870, 69212, 62340, 60412, 71112, 23023, 34509, 92116, 7217, 63002, 41259, 50000, 8793, 4594, 30483, 62653, 83938, 83503, 31483, 10365, 49442, 30804, 45981, 6968, 91617, 92210, 54325, 96831, 5008, 28389, 68581, 10722, 76148, 95354, 73970, 68860, 62036, 98213, 81300, 79566, 11781, 37080, 43953, 62574, 60034, 62154, 78716, 7847, 44434, 11159, 20786, 57220, 86148, 89532, 79123, 19828, 71554, 38321, 92355, 28120, 6885, 40594, 84932, 47779, 99847, 92498, 86367, 71489, 51939, 10303, 75651, 2814, 54873, 58078, 82260, 4131, 16111, 36323, 80831, 56586, 23086, 62810, 48333, 30508, 86384, 27684, 56737, 96345, 97308, 91048, 25778, 26424, 16979, 77059, 87484, 650, 10501, 7664, 42399, 66368, 72428, 90313, 68581, 95408, 58719, 7010, 71100, 38694, 62269, 88515, 87114, 60082, 74975, 47648, 95486, 87637, 66308, 20895, 66554, 33908, 42049, 56894, 28029, 53349, 69094, 28178, 10701, 80203, 12390, 30718, 61309, 79054, 80067, 87669, 18429, 56382, 67438, 53640, 19668, 83077, 8515, 32853, 16711, 65061, 42899, 66125, 28921, 47414, 77777, 7836, 59293, 12583, 45182, 70935, 11108, 65079, 57419, 58720, 99394, 41111, 59469, 41454, 95010, 96686, 20780, 37583, 91647, 99794, 21826, 42117, 12468, 34122, 46653, 81774, 80852, 20118, 37608, 92311, 79336, 51578, 35457, 31958, 86730, 96687, 11146, 78075, 16211, 44286, 64844, 65338, 10895, 10275, 77020, 73939, 97538, 77164, 89934, 19330, 65432, 21836, 62675, 2218, 30434, 72578, 3673, 40750, 56210, 87412, 64425, 15775, 78636, 80433, 91705, 39505, 7027, 29105, 87238, 78396, 99457, 72495, 465, 26796, 81547, 80667, 30823, 69059, 7899, 78032, 78440, 81817, 20294, 87763, 12034, 87734, 24471, 82031, 64016, 50288, 34228, 63282, 50920, 30581, 84203, 633, 87248, 12770, 97953, 13053, 95572, 37949, 74063, 36227, 29715, 49813, 21145, 87009, 80874, 37059, 87639, 40612, 24590, 86721, 77317, 98113, 76274, 67052, 89971, 13754, 59718, 87879, 93901, 12293, 67642, 78449, 64313, 44591, 70027, 35247, 66295, 59710, 40038, 34813, 87962, 6454, 75437, 34184, 50284, 17941, 64231, 49977, 2028, 59502, 60727, 26582, 79999, 6279, 85230, 43569, 67203, 58331, 72913, 30171, 1727, 41946, 90745, 71914, 86277, 5832, 11177, 57599, 86212, 61606, 28255, 80106, 54547, 15980, 77212, 3027, 83112, 17125, 76921, 4837, 26444, 13210, 89259, 46651, 77381, 66788, 11296, 33774, 81105, 70945, 61130, 72200, 65714, 63243, 61476, 76626, 59438, 32822, 8711, 94850, 65916, 7693, 21486, 24715, 26506, 21007, 33133, 38566, 99647, 25770, 19442, 13318, 78963, 57647, 12222, 92372, 45896, 92440, 69281, 19151, 44863, 76918, 22077, 63058, 94435, 38449, 64109, 20310, 83672, 22901, 14278, 33390, 13900, 63275, 55898, 16247, 33785, 54297, 8437, 54820, 83410, 95313, 67626, 61778, 10727, 89377, 37482, 45594, 34932, 17260, 28241, 94797, 26052, 23531, 90086, 15960, 81528, 32321, 35167, 20274, 11327, 18349, 24819, 16188, 45023, 56618, 85558, 52445, 76045, 7010, 39667, 97499, 27217, 6922, 66669, 41143, 82468, 17121, 9153, 82171, 29623, 91642, 3023, 69588, 47419, 86211, 71966, 80845, 68320, 13455, 37727, 52220, 74702, 43968, 32800, 43782, 66266, 15493, 61506, 51999, 45231, 78441, 55374, 45332, 33666, 99772, 17526, 93054, 75932, 18681, 44005, 52642, 79466, 41665, 71733, 67212, 52963, 45410, 97177, 3676, 65899, 60266, 6015, 31478, 67272, 29789, 47236, 62659, 19112, 76732, 55297, 44711, 19662, 33344, 75613, 43681, 51180, 63551, 81969, 93251, 48767, 14416]})"
141.0,3,12,68,12.512651205062866,418,"Genotype(dna={""<class 'abc.NT_0012'>"": [0, 89047], ""<class 'abc.NT_0012_P_00000'>"": [], ""<class 'abc.NT_0007'>"": [55058, 96429, 2662], ""<class 'abc.NT_0007_P_00000'>"": [], ""<class 'abc.NT_0002'>"": [0, 48333, 27356], ""<class 'abc.NT_0002_P_00000'>"": [], ""<class 'abc.NT_0000'>"": [42184, 70052, 0, 91804, 0, 0, 36773, 0, 64804], ""<class 'abc.NT_0000_P_00000'>"": [], ""<class 'abc.NT_0001'>"": [0, 49937, 0, 86169, 43681], ""<class 'abc.NT_0001_P_00000'>"": [], ""<class 'bool'>"": [70796, 41936, 41546, 8512, 21121, 28869], ""<class 'int'>"": [25155, 52427, 13216, 14861, 37066, 43227, 14416], ""<class 'abc.NT_0005'>"": [0, 37639], ""<class 'abc.NT_0005_P_00000'>"": [], ""<class 'abc.NT_0003'>"": [33650, 52703], ""<class 'abc.NT_0003_P_00000'>"": [], ""<class 'abc.NT_0004'>"": [0, 59983], ""<class 'abc.NT_0004_P_00000'>"": [], '$leftovers': [81600, 92981, 24586, 80507, 48909, 56302, 48279, 39596, 8177, 41048, 54709, 2141, 36382, 30231, 79303, 45906, 3600, 72448, 85756, 62232, 76728, 12314, 10402, 99348, 82540, 3143, 2927, 63383, 24684, 56849, 91234, 96607, 11663, 55655, 70782, 65921, 46458, 89721, 42004, 84925, 23942, 57205, 447, 66040, 89769, 37633, 53881, 33471, 84899, 77962, 79382, 63421, 42354, 22565, 54622, 78399, 707, 24478, 73210, 60708, 91176, 39440, 68267, 67164, 86078, 78891, 1648, 1984, 34860, 67089, 14873, 85945, 27946, 91486, 43571, 81436, 24346, 46853, 90833, 93204, 67569, 28562, 65707, 64260, 79507, 5703, 7091, 64658, 51775, 12742, 9851, 57202, 62567, 20339, 98771, 84993, 42327, 6461, 36932, 81439, 47467, 62039, 83881, 12894, 32233, 8056, 28809, 72665, 37010, 26904, 8831, 28758, 41940, 50619, 13705, 77050, 31928, 98645, 56591, 24230, 79582, 27434, 95976, 64454, 7019, 17483, 21240, 67326, 59414, 72680, 9039, 51925, 93310, 67483, 64406, 48515, 88431, 2658, 13619, 9790, 17053, 28910, 57659, 77924, 99848, 89052, 47667, 8134, 19606, 85887, 52665, 28157, 42807, 17016, 89094, 61528, 2617, 28737, 93170, 38813, 99354, 15028, 23722, 65353, 29533, 99753, 41981, 50418, 14162, 78477, 44874, 48013, 99700, 22092, 35260, 90200, 89643, 20702, 91024, 9577, 56981, 30550, 61179, 18259, 57231, 87191, 55757, 3244, 78476, 74777, 24995, 31614, 77943, 7036, 49566, 58360, 3004, 53252, 66953, 74656, 74210, 27963, 52379, 63796, 99017, 55895, 25648, 47745, 62726, 60872, 9501, 49057, 94539, 87198, 63764, 99938, 10128, 80210, 46135, 51655, 83482, 38148, 24164, 27359, 56722, 28341, 25100, 45456, 58831, 30641, 35297, 10655, 57535, 34439, 9062, 29603, 80404, 81266, 30591, 52083, 4329, 59237, 41782, 63886, 44622, 7276, 5883, 7811, 9363, 36177, 85829, 72401, 69637, 5311, 68134, 6919, 88426, 70653, 4616, 46013, 92629, 59024, 92702, 43046, 89779, 385, 55229, 28239, 12254, 26194, 26075, 97973, 61281, 36055, 35286, 66986, 28883, 19934, 88098, 4790, 83498, 37148, 15666, 87010, 55539, 7569, 68859, 64018, 42555, 25550, 49766, 42788, 84258, 51569, 68268, 3156, 96561, 85693, 51070, 36377, 65819, 96179, 39579, 24584, 28035, 59376, 1204, 11150, 48792, 45926, 85267, 91074, 94546, 96796, 37903, 59781, 4539, 61677, 99460, 13625, 61547, 50670, 13613, 59753, 22915, 2621, 41331, 81995, 39637, 22957, 79002, 77248, 80855, 23226, 52229, 79789, 70273, 33650, 98693, 42923, 5145, 90463, 16373, 37110, 73707, 81260, 22037, 73958, 71109, 87766, 33357, 36160, 30428, 68575, 62987, 54541, 93429, 10734, 56468, 10160, 92379, 48026, 42646, 26036, 13198, 24697, 89401, 2013, 24257, 16393, 7549, 56761, 59383, 92698, 47833, 9115, 80083, 27886, 98520, 84184, 46396, 32324, 55136, 33043, 94733, 39299, 68268, 17957, 41681, 95283, 74312, 19569, 5501, 96364, 37614, 98620, 35413, 23136, 13438, 71840, 85129, 48571, 41673, 12536, 28619, 39045, 31089, 96567, 57611, 19490, 3253, 59735, 37115, 23031, 12955, 69562, 87443, 43955, 64586, 64395, 83855, 28306, 89637, 82455, 41564, 62224, 83458, 72706, 39687, 18580, 37123, 88608, 78134, 31325, 99919, 83099, 93340, 64560, 40152, 49911, 90599, 5214, 94580, 49233, 60885, 57752, 18427, 57803, 29767, 82380, 44062, 42873, 35236, 96454, 6296, 761, 18195, 33989, 94984, 70688, 90636, 6806, 73662, 94256, 41102, 28770, 46150, 73640, 11449, 24920, 21310, 85454, 94863, 91863, 23315, 17597, 20217, 91794, 34166, 77109, 46637, 32144, 83158, 26247, 76783, 57366, 76170, 90953, 82914, 78347, 9798, 36943, 73386, 68382, 52072, 12414, 41189, 86486, 60473, 16665, 45781, 59592, 86919, 63519, 25794, 53453, 64363, 96508, 16128, 92416, 22277, 24310, 86063, 67165, 46227, 54481, 89870, 69212, 62340, 60412, 71112, 23023, 34509, 92116, 7217, 63002, 41259, 50000, 8793, 4594, 30483, 62653, 83938, 83503, 31483, 10365, 49442, 30804, 45981, 6968, 91617, 92210, 54325, 96831, 5008, 28389, 68581, 10722, 76148, 95354, 73970, 68860, 62036, 98213, 81300, 79566, 11781, 37080, 43953, 62574, 60034, 62154, 78716, 7847, 44434, 11159, 20786, 57220, 86148, 89532, 79123, 19828, 71554, 38321, 92355, 28120, 6885, 40594, 84932, 47779, 99847, 92498, 86367, 71489, 51939, 10303, 75651, 2814, 54873, 58078, 82260, 4131, 16111, 36323, 80831, 56586, 23086, 62810, 48333, 30508, 86384, 27684, 56737, 96345, 97308, 91048, 25778, 26424, 16979, 77059, 87484, 650, 10501, 7664, 42399, 66368, 72428, 90313, 68581, 95408, 58719, 7010, 71100, 38694, 62269, 88515, 87114, 60082, 74975, 47648, 95486, 87637, 66308, 20895, 66554, 33908, 42049, 56894, 28029, 53349, 69094, 28178, 10701, 80203, 12390, 30718, 61309, 79054, 80067, 87669, 18429, 56382, 67438, 53640, 19668, 83077, 8515, 32853, 16711, 65061, 42899, 66125, 28921, 47414, 77777, 7836, 59293, 12583, 45182, 70935, 11108, 65079, 57419, 58720, 99394, 41111, 59469, 41454, 95010, 96686, 20780, 37583, 91647, 99794, 21826, 42117, 12468, 34122, 46653, 81774, 80852, 20118, 37608, 92311, 79336, 51578, 35457, 31958, 86730, 96687, 11146, 78075, 16211, 44286, 64844, 65338, 10895, 10275, 77020, 73939, 97538, 77164, 89934, 19330, 65432, 21836, 62675, 2218, 30434, 72578, 3673, 40750, 56210, 87412, 64425, 15775, 78636, 80433, 91705, 39505, 7027, 29105, 87238, 78396, 99457, 72495, 465, 26796, 81547, 80667, 30823, 69059, 7899, 78032, 78440, 81817, 20294, 87763, 12034, 87734, 24471, 82031, 64016, 50288, 34228, 63282, 50920, 30581, 84203, 633, 87248, 12770, 97953, 13053, 95572, 37949, 74063, 36227, 29715, 49813, 21145, 87009, 80874, 37059, 87639, 40612, 24590, 86721, 77317, 98113, 76274, 67052, 89971, 13754, 59718, 87879, 93901, 12293, 67642, 78449, 64313, 44591, 70027, 35247, 66295, 59710, 40038, 34813, 87962, 6454, 75437, 34184, 50284, 17941, 64231, 49977, 2028, 59502, 60727, 26582, 79999, 6279, 85230, 43569, 67203, 58331, 72913, 30171, 1727, 41946, 90745, 71914, 86277, 5832, 11177, 57599, 86212, 61606, 28255, 80106, 54547, 15980, 77212, 3027, 83112, 17125, 76921, 4837, 26444, 13210, 89259, 46651, 77381, 66788, 11296, 33774, 81105, 70945, 61130, 72200, 65714, 63243, 61476, 76626, 59438, 32822, 8711, 94850, 65916, 7693, 21486, 24715, 26506, 21007, 33133, 38566, 99647, 25770, 19442, 13318, 78963, 57647, 12222, 92372, 45896, 92440, 69281, 19151, 44863, 76918, 22077, 63058, 94435, 38449, 64109, 20310, 83672, 22901, 14278, 33390, 13900, 63275, 55898, 16247, 33785, 54297, 8437, 54820, 83410, 95313, 67626, 61778, 10727, 89377, 37482, 45594, 34932, 17260, 28241, 94797, 26052, 23531, 90086, 15960, 81528, 32321, 35167, 20274, 11327, 18349, 24819, 16188, 45023, 56618, 85558, 52445, 76045, 7010, 39667, 97499, 27217, 6922, 66669, 41143, 82468, 17121, 9153, 82171, 29623, 91642, 3023, 69588, 47419, 86211, 71966, 80845, 68320, 13455, 37727, 52220, 74702, 43968, 32800, 43782, 66266, 15493, 61506, 51999, 45231, 78441, 55374, 45332, 33666, 99772, 17526, 93054, 75932, 18681, 44005, 52642, 79466, 41665, 71733, 67212, 52963, 45410, 97177, 3676, 65899, 60266, 6015, 31478, 67272, 29789, 47236, 62659, 19112, 76732, 55297, 44711, 19662, 33344, 75613, 43681, 51180, 63551, 81969, 93251, 48767, 14416]})"
141.0,3,12,69,12.586652040481567,418,"Genotype(dna={""<class 'abc.NT_0012'>"": [0, 89047], ""<class 'abc.NT_0012_P_00000'>"": [], ""<class 'abc.NT_0007'>"": [55058, 96429, 2662], ""<class 'abc.NT_0007_P_00000'>"": [], ""<class 'abc.NT_0002'>"": [0, 48333, 27356], ""<class 'abc.NT_0002_P_00000'>"": [], ""<class 'abc.NT_0000'>"": [42184, 70052, 0, 91804, 0, 0, 36773, 0, 64804], ""<class 'abc.NT_0000_P_00000'>"": [], ""<class 'abc.NT_0001'>"": [0, 49937, 0, 86169, 43681], ""<class 'abc.NT_0001_P_00000'>"": [], ""<class 'bool'>"": [70796, 41936, 41546, 8512, 21121, 28869], ""<class 'int'>"": [25155, 52427, 13216, 14861, 37066, 43227, 14416], ""<class 'abc.NT_0005'>"": [0, 37639], ""<class 'abc.NT_0005_P_00000'>"": [], ""<class 'abc.NT_0003'>"": [33650, 52703], ""<class 'abc.NT_0003_P_00000'>"": [], ""<class 'abc.NT_0004'>"": [0, 59983], ""<class 'abc.NT_0004_P_00000'>"": [], '$leftovers': [81600, 92981, 24586, 80507, 48909, 56302, 48279, 39596, 8177, 41048, 54709, 2141, 36382, 30231, 79303, 45906, 3600, 72448, 85756, 62232, 76728, 12314, 10402, 99348, 82540, 3143, 2927, 63383, 24684, 56849, 91234, 96607, 11663, 55655, 70782, 65921, 46458, 89721, 42004, 84925, 23942, 57205, 447, 66040, 89769, 37633, 53881, 33471, 84899, 77962, 79382, 63421, 42354, 22565, 54622, 78399, 707, 24478, 73210, 60708, 91176, 39440, 68267, 67164, 86078, 78891, 1648, 1984, 34860, 67089, 14873, 85945, 27946, 91486, 43571, 81436, 24346, 46853, 90833, 93204, 67569, 28562, 65707, 64260, 79507, 5703, 7091, 64658, 51775, 12742, 9851, 57202, 62567, 20339, 98771, 84993, 42327, 6461, 36932, 81439, 47467, 62039, 83881, 12894, 32233, 8056, 28809, 72665, 37010, 26904, 8831, 28758, 41940, 50619, 13705, 77050, 31928, 98645, 56591, 24230, 79582, 27434, 95976, 64454, 7019, 17483, 21240, 67326, 59414, 72680, 9039, 51925, 93310, 67483, 64406, 48515, 88431, 2658, 13619, 9790, 17053, 28910, 57659, 77924, 99848, 89052, 47667, 8134, 19606, 85887, 52665, 28157, 42807, 17016, 89094, 61528, 2617, 28737, 93170, 38813, 99354, 15028, 23722, 65353, 29533, 99753, 41981, 50418, 14162, 78477, 44874, 48013, 99700, 22092, 35260, 90200, 89643, 20702, 91024, 9577, 56981, 30550, 61179, 18259, 57231, 87191, 55757, 3244, 78476, 74777, 24995, 31614, 77943, 7036, 49566, 58360, 3004, 53252, 66953, 74656, 74210, 27963, 52379, 63796, 99017, 55895, 25648, 47745, 62726, 60872, 9501, 49057, 94539, 87198, 63764, 99938, 10128, 80210, 46135, 51655, 83482, 38148, 24164, 27359, 56722, 28341, 25100, 45456, 58831, 30641, 35297, 10655, 57535, 34439, 9062, 29603, 80404, 81266, 30591, 52083, 4329, 59237, 41782, 63886, 44622, 7276, 5883, 7811, 9363, 36177, 85829, 72401, 69637, 5311, 68134, 6919, 88426, 70653, 4616, 46013, 92629, 59024, 92702, 43046, 89779, 385, 55229, 28239, 12254, 26194, 26075, 97973, 61281, 36055, 35286, 66986, 28883, 19934, 88098, 4790, 83498, 37148, 15666, 87010, 55539, 7569, 68859, 64018, 42555, 25550, 49766, 42788, 84258, 51569, 68268, 3156, 96561, 85693, 51070, 36377, 65819, 96179, 39579, 24584, 28035, 59376, 1204, 11150, 48792, 45926, 85267, 91074, 94546, 96796, 37903, 59781, 4539, 61677, 99460, 13625, 61547, 50670, 13613, 59753, 22915, 2621, 41331, 81995, 39637, 22957, 79002, 77248, 80855, 23226, 52229, 79789, 70273, 33650, 98693, 42923, 5145, 90463, 16373, 37110, 73707, 81260, 22037, 73958, 71109, 87766, 33357, 36160, 30428, 68575, 62987, 54541, 93429, 10734, 56468, 10160, 92379, 48026, 42646, 26036, 13198, 24697, 89401, 2013, 24257, 16393, 7549, 56761, 59383, 92698, 47833, 9115, 80083, 27886, 98520, 84184, 46396, 32324, 55136, 33043, 94733, 39299, 68268, 17957, 41681, 95283, 74312, 19569, 5501, 96364, 37614, 98620, 35413, 23136, 13438, 71840, 85129, 48571, 41673, 12536, 28619, 39045, 31089, 96567, 57611, 19490, 3253, 59735, 37115, 23031, 12955, 69562, 87443, 43955, 64586, 64395, 83855, 28306, 89637, 82455, 41564, 62224, 83458, 72706, 39687, 18580, 37123, 88608, 78134, 31325, 99919, 83099, 93340, 64560, 40152, 49911, 90599, 5214, 94580, 49233, 60885, 57752, 18427, 57803, 29767, 82380, 44062, 42873, 35236, 96454, 6296, 761, 18195, 33989, 94984, 70688, 90636, 6806, 73662, 94256, 41102, 28770, 46150, 73640, 11449, 24920, 21310, 85454, 94863, 91863, 23315, 17597, 20217, 91794, 34166, 77109, 46637, 32144, 83158, 26247, 76783, 57366, 76170, 90953, 82914, 78347, 9798, 36943, 73386, 68382, 52072, 12414, 41189, 86486, 60473, 16665, 45781, 59592, 86919, 63519, 25794, 53453, 64363, 96508, 16128, 92416, 22277, 24310, 86063, 67165, 46227, 54481, 89870, 69212, 62340, 60412, 71112, 23023, 34509, 92116, 7217, 63002, 41259, 50000, 8793, 4594, 30483, 62653, 83938, 83503, 31483, 10365, 49442, 30804, 45981, 6968, 91617, 92210, 54325, 96831, 5008, 28389, 68581, 10722, 76148, 95354, 73970, 68860, 62036, 98213, 81300, 79566, 11781, 37080, 43953, 62574, 60034, 62154, 78716, 7847, 44434, 11159, 20786, 57220, 86148, 89532, 79123, 19828, 71554, 38321, 92355, 28120, 6885, 40594, 84932, 47779, 99847, 92498, 86367, 71489, 51939, 10303, 75651, 2814, 54873, 58078, 82260, 4131, 16111, 36323, 80831, 56586, 23086, 62810, 48333, 30508, 86384, 27684, 56737, 96345, 97308, 91048, 25778, 26424, 16979, 77059, 87484, 650, 10501, 7664, 42399, 66368, 72428, 90313, 68581, 95408, 58719, 7010, 71100, 38694, 62269, 88515, 87114, 60082, 74975, 47648, 95486, 87637, 66308, 20895, 66554, 33908, 42049, 56894, 28029, 53349, 69094, 28178, 10701, 80203, 12390, 30718, 61309, 79054, 80067, 87669, 18429, 56382, 67438, 53640, 19668, 83077, 8515, 32853, 16711, 65061, 42899, 66125, 28921, 47414, 77777, 7836, 59293, 12583, 45182, 70935, 11108, 65079, 57419, 58720, 99394, 41111, 59469, 41454, 95010, 96686, 20780, 37583, 91647, 99794, 21826, 42117, 12468, 34122, 46653, 81774, 80852, 20118, 37608, 92311, 79336, 51578, 35457, 31958, 86730, 96687, 11146, 78075, 16211, 44286, 64844, 65338, 10895, 10275, 77020, 73939, 97538, 77164, 89934, 19330, 65432, 21836, 62675, 2218, 30434, 72578, 3673, 40750, 56210, 87412, 64425, 15775, 78636, 80433, 91705, 39505, 7027, 29105, 87238, 78396, 99457, 72495, 465, 26796, 81547, 80667, 30823, 69059, 7899, 78032, 78440, 81817, 20294, 87763, 12034, 87734, 24471, 82031, 64016, 50288, 34228, 63282, 50920, 30581, 84203, 633, 87248, 12770, 97953, 13053, 95572, 37949, 74063, 36227, 29715, 49813, 21145, 87009, 80874, 37059, 87639, 40612, 24590, 86721, 77317, 98113, 76274, 67052, 89971, 13754, 59718, 87879, 93901, 12293, 67642, 78449, 64313, 44591, 70027, 35247, 66295, 59710, 40038, 34813, 87962, 6454, 75437, 34184, 50284, 17941, 64231, 49977, 2028, 59502, 60727, 26582, 79999, 6279, 85230, 43569, 67203, 58331, 72913, 30171, 1727, 41946, 90745, 71914, 86277, 5832, 11177, 57599, 86212, 61606, 28255, 80106, 54547, 15980, 77212, 3027, 83112, 17125, 76921, 4837, 26444, 13210, 89259, 46651, 77381, 66788, 11296, 33774, 81105, 70945, 61130, 72200, 65714, 63243, 61476, 76626, 59438, 32822, 8711, 94850, 65916, 7693, 21486, 24715, 26506, 21007, 33133, 38566, 99647, 25770, 19442, 13318, 78963, 57647, 12222, 92372, 45896, 92440, 69281, 19151, 44863, 76918, 22077, 63058, 94435, 38449, 64109, 20310, 83672, 22901, 14278, 33390, 13900, 63275, 55898, 16247, 33785, 54297, 8437, 54820, 83410, 95313, 67626, 61778, 10727, 89377, 37482, 45594, 34932, 17260, 28241, 94797, 26052, 23531, 90086, 15960, 81528, 32321, 35167, 20274, 11327, 18349, 24819, 16188, 45023, 56618, 85558, 52445, 76045, 7010, 39667, 97499, 27217, 6922, 66669, 41143, 82468, 17121, 9153, 82171, 29623, 91642, 3023, 69588, 47419, 86211, 71966, 80845, 68320, 13455, 37727, 52220, 74702, 43968, 32800, 43782, 66266, 15493, 61506, 51999, 45231, 78441, 55374, 45332, 33666, 99772, 17526, 93054, 75932, 18681, 44005, 52642, 79466, 41665, 71733, 67212, 52963, 45410, 97177, 3676, 65899, 60266, 6015, 31478, 67272, 29789, 47236, 62659, 19112, 76732, 55297, 44711, 19662, 33344, 75613, 43681, 51180, 63551, 81969, 93251, 48767, 14416]})"
141.0,3,12,70,12.649404764175415,418,"Genotype(dna={""<class 'abc.NT_0012'>"": [0, 89047], ""<class 'abc.NT_0012_P_00000'>"": [], ""<class 'abc.NT_0007'>"": [55058, 96429, 2662], ""<class 'abc.NT_0007_P_00000'>"": [], ""<class 'abc.NT_0002'>"": [0, 48333, 27356], ""<class 'abc.NT_0002_P_00000'>"": [], ""<class 'abc.NT_0000'>"": [42184, 70052, 0, 91804, 0, 0, 36773, 0, 64804], ""<class 'abc.NT_0000_P_00000'>"": [], ""<class 'abc.NT_0001'>"": [0, 49937, 0, 86169, 43681], ""<class 'abc.NT_0001_P_00000'>"": [], ""<class 'bool'>"": [70796, 41936, 41546, 8512, 21121, 28869], ""<class 'int'>"": [25155, 52427, 13216, 14861, 37066, 43227, 14416], ""<class 'abc.NT_0005'>"": [0, 37639], ""<class 'abc.NT_0005_P_00000'>"": [], ""<class 'abc.NT_0003'>"": [33650, 52703], ""<class 'abc.NT_0003_P_00000'>"": [], ""<class 'abc.NT_0004'>"": [0, 59983], ""<class 'abc.NT_0004_P_00000'>"": [], '$leftovers': [81600, 92981, 24586, 80507, 48909, 56302, 48279, 39596, 8177, 41048, 54709, 2141, 36382, 30231, 79303, 45906, 3600, 72448, 85756, 62232, 76728, 12314, 10402, 99348, 82540, 3143, 2927, 63383, 24684, 56849, 91234, 96607, 11663, 55655, 70782, 65921, 46458, 89721, 42004, 84925, 23942, 57205, 447, 66040, 89769, 37633, 53881, 33471, 84899, 77962, 79382, 63421, 42354, 22565, 54622, 78399, 707, 24478, 73210, 60708, 91176, 39440, 68267, 67164, 86078, 78891, 1648, 1984, 34860, 67089, 14873, 85945, 27946, 91486, 43571, 81436, 24346, 46853, 90833, 93204, 67569, 28562, 65707, 64260, 79507, 5703, 7091, 64658, 51775, 12742, 9851, 57202, 62567, 20339, 98771, 84993, 42327, 6461, 36932, 81439, 47467, 62039, 83881, 12894, 32233, 8056, 28809, 72665, 37010, 26904, 8831, 28758, 41940, 50619, 13705, 77050, 31928, 98645, 56591, 24230, 79582, 27434, 95976, 64454, 7019, 17483, 21240, 67326, 59414, 72680, 9039, 51925, 93310, 67483, 64406, 48515, 88431, 2658, 13619, 9790, 17053, 28910, 57659, 77924, 99848, 89052, 47667, 8134, 19606, 85887, 52665, 28157, 42807, 17016, 89094, 61528, 2617, 28737, 93170, 38813, 99354, 15028, 23722, 65353, 29533, 99753, 41981, 50418, 14162, 78477, 44874, 48013, 99700, 22092, 35260, 90200, 89643, 20702, 91024, 9577, 56981, 30550, 61179, 18259, 57231, 87191, 55757, 3244, 78476, 74777, 24995, 31614, 77943, 7036, 49566, 58360, 3004, 53252, 66953, 74656, 74210, 27963, 52379, 63796, 99017, 55895, 25648, 47745, 62726, 60872, 9501, 49057, 94539, 87198, 63764, 99938, 10128, 80210, 46135, 51655, 83482, 38148, 24164, 27359, 56722, 28341, 25100, 45456, 58831, 30641, 35297, 10655, 57535, 34439, 9062, 29603, 80404, 81266, 30591, 52083, 4329, 59237, 41782, 63886, 44622, 7276, 5883, 7811, 9363, 36177, 85829, 72401, 69637, 5311, 68134, 6919, 88426, 70653, 4616, 46013, 92629, 59024, 92702, 43046, 89779, 385, 55229, 28239, 12254, 26194, 26075, 97973, 61281, 36055, 35286, 66986, 28883, 19934, 88098, 4790, 83498, 37148, 15666, 87010, 55539, 7569, 68859, 64018, 42555, 25550, 49766, 42788, 84258, 51569, 68268, 3156, 96561, 85693, 51070, 36377, 65819, 96179, 39579, 24584, 28035, 59376, 1204, 11150, 48792, 45926, 85267, 91074, 94546, 96796, 37903, 59781, 4539, 61677, 99460, 13625, 61547, 50670, 13613, 59753, 22915, 2621, 41331, 81995, 39637, 22957, 79002, 77248, 80855, 23226, 52229, 79789, 70273, 33650, 98693, 42923, 5145, 90463, 16373, 37110, 73707, 81260, 22037, 73958, 71109, 87766, 33357, 36160, 30428, 68575, 62987, 54541, 93429, 10734, 56468, 10160, 92379, 48026, 42646, 26036, 13198, 24697, 89401, 2013, 24257, 16393, 7549, 56761, 59383, 92698, 47833, 9115, 80083, 27886, 98520, 84184, 46396, 32324, 55136, 33043, 94733, 39299, 68268, 17957, 41681, 95283, 74312, 19569, 5501, 96364, 37614, 98620, 35413, 23136, 13438, 71840, 85129, 48571, 41673, 12536, 28619, 39045, 31089, 96567, 57611, 19490, 3253, 59735, 37115, 23031, 12955, 69562, 87443, 43955, 64586, 64395, 83855, 28306, 89637, 82455, 41564, 62224, 83458, 72706, 39687, 18580, 37123, 88608, 78134, 31325, 99919, 83099, 93340, 64560, 40152, 49911, 90599, 5214, 94580, 49233, 60885, 57752, 18427, 57803, 29767, 82380, 44062, 42873, 35236, 96454, 6296, 761, 18195, 33989, 94984, 70688, 90636, 6806, 73662, 94256, 41102, 28770, 46150, 73640, 11449, 24920, 21310, 85454, 94863, 91863, 23315, 17597, 20217, 91794, 34166, 77109, 46637, 32144, 83158, 26247, 76783, 57366, 76170, 90953, 82914, 78347, 9798, 36943, 73386, 68382, 52072, 12414, 41189, 86486, 60473, 16665, 45781, 59592, 86919, 63519, 25794, 53453, 64363, 96508, 16128, 92416, 22277, 24310, 86063, 67165, 46227, 54481, 89870, 69212, 62340, 60412, 71112, 23023, 34509, 92116, 7217, 63002, 41259, 50000, 8793, 4594, 30483, 62653, 83938, 83503, 31483, 10365, 49442, 30804, 45981, 6968, 91617, 92210, 54325, 96831, 5008, 28389, 68581, 10722, 76148, 95354, 73970, 68860, 62036, 98213, 81300, 79566, 11781, 37080, 43953, 62574, 60034, 62154, 78716, 7847, 44434, 11159, 20786, 57220, 86148, 89532, 79123, 19828, 71554, 38321, 92355, 28120, 6885, 40594, 84932, 47779, 99847, 92498, 86367, 71489, 51939, 10303, 75651, 2814, 54873, 58078, 82260, 4131, 16111, 36323, 80831, 56586, 23086, 62810, 48333, 30508, 86384, 27684, 56737, 96345, 97308, 91048, 25778, 26424, 16979, 77059, 87484, 650, 10501, 7664, 42399, 66368, 72428, 90313, 68581, 95408, 58719, 7010, 71100, 38694, 62269, 88515, 87114, 60082, 74975, 47648, 95486, 87637, 66308, 20895, 66554, 33908, 42049, 56894, 28029, 53349, 69094, 28178, 10701, 80203, 12390, 30718, 61309, 79054, 80067, 87669, 18429, 56382, 67438, 53640, 19668, 83077, 8515, 32853, 16711, 65061, 42899, 66125, 28921, 47414, 77777, 7836, 59293, 12583, 45182, 70935, 11108, 65079, 57419, 58720, 99394, 41111, 59469, 41454, 95010, 96686, 20780, 37583, 91647, 99794, 21826, 42117, 12468, 34122, 46653, 81774, 80852, 20118, 37608, 92311, 79336, 51578, 35457, 31958, 86730, 96687, 11146, 78075, 16211, 44286, 64844, 65338, 10895, 10275, 77020, 73939, 97538, 77164, 89934, 19330, 65432, 21836, 62675, 2218, 30434, 72578, 3673, 40750, 56210, 87412, 64425, 15775, 78636, 80433, 91705, 39505, 7027, 29105, 87238, 78396, 99457, 72495, 465, 26796, 81547, 80667, 30823, 69059, 7899, 78032, 78440, 81817, 20294, 87763, 12034, 87734, 24471, 82031, 64016, 50288, 34228, 63282, 50920, 30581, 84203, 633, 87248, 12770, 97953, 13053, 95572, 37949, 74063, 36227, 29715, 49813, 21145, 87009, 80874, 37059, 87639, 40612, 24590, 86721, 77317, 98113, 76274, 67052, 89971, 13754, 59718, 87879, 93901, 12293, 67642, 78449, 64313, 44591, 70027, 35247, 66295, 59710, 40038, 34813, 87962, 6454, 75437, 34184, 50284, 17941, 64231, 49977, 2028, 59502, 60727, 26582, 79999, 6279, 85230, 43569, 67203, 58331, 72913, 30171, 1727, 41946, 90745, 71914, 86277, 5832, 11177, 57599, 86212, 61606, 28255, 80106, 54547, 15980, 77212, 3027, 83112, 17125, 76921, 4837, 26444, 13210, 89259, 46651, 77381, 66788, 11296, 33774, 81105, 70945, 61130, 72200, 65714, 63243, 61476, 76626, 59438, 32822, 8711, 94850, 65916, 7693, 21486, 24715, 26506, 21007, 33133, 38566, 99647, 25770, 19442, 13318, 78963, 57647, 12222, 92372, 45896, 92440, 69281, 19151, 44863, 76918, 22077, 63058, 94435, 38449, 64109, 20310, 83672, 22901, 14278, 33390, 13900, 63275, 55898, 16247, 33785, 54297, 8437, 54820, 83410, 95313, 67626, 61778, 10727, 89377, 37482, 45594, 34932, 17260, 28241, 94797, 26052, 23531, 90086, 15960, 81528, 32321, 35167, 20274, 11327, 18349, 24819, 16188, 45023, 56618, 85558, 52445, 76045, 7010, 39667, 97499, 27217, 6922, 66669, 41143, 82468, 17121, 9153, 82171, 29623, 91642, 3023, 69588, 47419, 86211, 71966, 80845, 68320, 13455, 37727, 52220, 74702, 43968, 32800, 43782, 66266, 15493, 61506, 51999, 45231, 78441, 55374, 45332, 33666, 99772, 17526, 93054, 75932, 18681, 44005, 52642, 79466, 41665, 71733, 67212, 52963, 45410, 97177, 3676, 65899, 60266, 6015, 31478, 67272, 29789, 47236, 62659, 19112, 76732, 55297, 44711, 19662, 33344, 75613, 43681, 51180, 63551, 81969, 93251, 48767, 14416]})"
141.0,3,12,71,12.717968940734863,418,"Genotype(dna={""<class 'abc.NT_0012'>"": [0, 89047], ""<class 'abc.NT_0012_P_00000'>"": [], ""<class 'abc.NT_0007'>"": [55058, 96429, 2662], ""<class 'abc.NT_0007_P_00000'>"": [], ""<class 'abc.NT_0002'>"": [0, 48333, 27356], ""<class 'abc.NT_0002_P_00000'>"": [], ""<class 'abc.NT_0000'>"": [42184, 70052, 0, 91804, 0, 0, 36773, 0, 64804], ""<class 'abc.NT_0000_P_00000'>"": [], ""<class 'abc.NT_0001'>"": [0, 49937, 0, 86169, 43681], ""<class 'abc.NT_0001_P_00000'>"": [], ""<class 'bool'>"": [70796, 41936, 41546, 8512, 21121, 28869], ""<class 'int'>"": [25155, 52427, 13216, 14861, 37066, 43227, 14416], ""<class 'abc.NT_0005'>"": [0, 37639], ""<class 'abc.NT_0005_P_00000'>"": [], ""<class 'abc.NT_0003'>"": [33650, 52703], ""<class 'abc.NT_0003_P_00000'>"": [], ""<class 'abc.NT_0004'>"": [0, 59983], ""<class 'abc.NT_0004_P_00000'>"": [], '$leftovers': [81600, 92981, 24586, 80507, 48909, 56302, 48279, 39596, 8177, 41048, 54709, 2141, 36382, 30231, 79303, 45906, 3600, 72448, 85756, 62232, 76728, 12314, 10402, 99348, 82540, 3143, 2927, 63383, 24684, 56849, 91234, 96607, 11663, 55655, 70782, 65921, 46458, 89721, 42004, 84925, 23942, 57205, 447, 66040, 89769, 37633, 53881, 33471, 84899, 77962, 79382, 63421, 42354, 22565, 54622, 78399, 707, 24478, 73210, 60708, 91176, 39440, 68267, 67164, 86078, 78891, 1648, 1984, 34860, 67089, 14873, 85945, 27946, 91486, 43571, 81436, 24346, 46853, 90833, 93204, 67569, 28562, 65707, 64260, 79507, 5703, 7091, 64658, 51775, 12742, 9851, 57202, 62567, 20339, 98771, 84993, 42327, 6461, 36932, 81439, 47467, 62039, 83881, 12894, 32233, 8056, 28809, 72665, 37010, 26904, 8831, 28758, 41940, 50619, 13705, 77050, 31928, 98645, 56591, 24230, 79582, 27434, 95976, 64454, 7019, 17483, 21240, 67326, 59414, 72680, 9039, 51925, 93310, 67483, 64406, 48515, 88431, 2658, 13619, 9790, 17053, 28910, 57659, 77924, 99848, 89052, 47667, 8134, 19606, 85887, 52665, 28157, 42807, 17016, 89094, 61528, 2617, 28737, 93170, 38813, 99354, 15028, 23722, 65353, 29533, 99753, 41981, 50418, 14162, 78477, 44874, 48013, 99700, 22092, 35260, 90200, 89643, 20702, 91024, 9577, 56981, 30550, 61179, 18259, 57231, 87191, 55757, 3244, 78476, 74777, 24995, 31614, 77943, 7036, 49566, 58360, 3004, 53252, 66953, 74656, 74210, 27963, 52379, 63796, 99017, 55895, 25648, 47745, 62726, 60872, 9501, 49057, 94539, 87198, 63764, 99938, 10128, 80210, 46135, 51655, 83482, 38148, 24164, 27359, 56722, 28341, 25100, 45456, 58831, 30641, 35297, 10655, 57535, 34439, 9062, 29603, 80404, 81266, 30591, 52083, 4329, 59237, 41782, 63886, 44622, 7276, 5883, 7811, 9363, 36177, 85829, 72401, 69637, 5311, 68134, 6919, 88426, 70653, 4616, 46013, 92629, 59024, 92702, 43046, 89779, 385, 55229, 28239, 12254, 26194, 26075, 97973, 61281, 36055, 35286, 66986, 28883, 19934, 88098, 4790, 83498, 37148, 15666, 87010, 55539, 7569, 68859, 64018, 42555, 25550, 49766, 42788, 84258, 51569, 68268, 3156, 96561, 85693, 51070, 36377, 65819, 96179, 39579, 24584, 28035, 59376, 1204, 11150, 48792, 45926, 85267, 91074, 94546, 96796, 37903, 59781, 4539, 61677, 99460, 13625, 61547, 50670, 13613, 59753, 22915, 2621, 41331, 81995, 39637, 22957, 79002, 77248, 80855, 23226, 52229, 79789, 70273, 33650, 98693, 42923, 5145, 90463, 16373, 37110, 73707, 81260, 22037, 73958, 71109, 87766, 33357, 36160, 30428, 68575, 62987, 54541, 93429, 10734, 56468, 10160, 92379, 48026, 42646, 26036, 13198, 24697, 89401, 2013, 24257, 16393, 7549, 56761, 59383, 92698, 47833, 9115, 80083, 27886, 98520, 84184, 46396, 32324, 55136, 33043, 94733, 39299, 68268, 17957, 41681, 95283, 74312, 19569, 5501, 96364, 37614, 98620, 35413, 23136, 13438, 71840, 85129, 48571, 41673, 12536, 28619, 39045, 31089, 96567, 57611, 19490, 3253, 59735, 37115, 23031, 12955, 69562, 87443, 43955, 64586, 64395, 83855, 28306, 89637, 82455, 41564, 62224, 83458, 72706, 39687, 18580, 37123, 88608, 78134, 31325, 99919, 83099, 93340, 64560, 40152, 49911, 90599, 5214, 94580, 49233, 60885, 57752, 18427, 57803, 29767, 82380, 44062, 42873, 35236, 96454, 6296, 761, 18195, 33989, 94984, 70688, 90636, 6806, 73662, 94256, 41102, 28770, 46150, 73640, 11449, 24920, 21310, 85454, 94863, 91863, 23315, 17597, 20217, 91794, 34166, 77109, 46637, 32144, 83158, 26247, 76783, 57366, 76170, 90953, 82914, 78347, 9798, 36943, 73386, 68382, 52072, 12414, 41189, 86486, 60473, 16665, 45781, 59592, 86919, 63519, 25794, 53453, 64363, 96508, 16128, 92416, 22277, 24310, 86063, 67165, 46227, 54481, 89870, 69212, 62340, 60412, 71112, 23023, 34509, 92116, 7217, 63002, 41259, 50000, 8793, 4594, 30483, 62653, 83938, 83503, 31483, 10365, 49442, 30804, 45981, 6968, 91617, 92210, 54325, 96831, 5008, 28389, 68581, 10722, 76148, 95354, 73970, 68860, 62036, 98213, 81300, 79566, 11781, 37080, 43953, 62574, 60034, 62154, 78716, 7847, 44434, 11159, 20786, 57220, 86148, 89532, 79123, 19828, 71554, 38321, 92355, 28120, 6885, 40594, 84932, 47779, 99847, 92498, 86367, 71489, 51939, 10303, 75651, 2814, 54873, 58078, 82260, 4131, 16111, 36323, 80831, 56586, 23086, 62810, 48333, 30508, 86384, 27684, 56737, 96345, 97308, 91048, 25778, 26424, 16979, 77059, 87484, 650, 10501, 7664, 42399, 66368, 72428, 90313, 68581, 95408, 58719, 7010, 71100, 38694, 62269, 88515, 87114, 60082, 74975, 47648, 95486, 87637, 66308, 20895, 66554, 33908, 42049, 56894, 28029, 53349, 69094, 28178, 10701, 80203, 12390, 30718, 61309, 79054, 80067, 87669, 18429, 56382, 67438, 53640, 19668, 83077, 8515, 32853, 16711, 65061, 42899, 66125, 28921, 47414, 77777, 7836, 59293, 12583, 45182, 70935, 11108, 65079, 57419, 58720, 99394, 41111, 59469, 41454, 95010, 96686, 20780, 37583, 91647, 99794, 21826, 42117, 12468, 34122, 46653, 81774, 80852, 20118, 37608, 92311, 79336, 51578, 35457, 31958, 86730, 96687, 11146, 78075, 16211, 44286, 64844, 65338, 10895, 10275, 77020, 73939, 97538, 77164, 89934, 19330, 65432, 21836, 62675, 2218, 30434, 72578, 3673, 40750, 56210, 87412, 64425, 15775, 78636, 80433, 91705, 39505, 7027, 29105, 87238, 78396, 99457, 72495, 465, 26796, 81547, 80667, 30823, 69059, 7899, 78032, 78440, 81817, 20294, 87763, 12034, 87734, 24471, 82031, 64016, 50288, 34228, 63282, 50920, 30581, 84203, 633, 87248, 12770, 97953, 13053, 95572, 37949, 74063, 36227, 29715, 49813, 21145, 87009, 80874, 37059, 87639, 40612, 24590, 86721, 77317, 98113, 76274, 67052, 89971, 13754, 59718, 87879, 93901, 12293, 67642, 78449, 64313, 44591, 70027, 35247, 66295, 59710, 40038, 34813, 87962, 6454, 75437, 34184, 50284, 17941, 64231, 49977, 2028, 59502, 60727, 26582, 79999, 6279, 85230, 43569, 67203, 58331, 72913, 30171, 1727, 41946, 90745, 71914, 86277, 5832, 11177, 57599, 86212, 61606, 28255, 80106, 54547, 15980, 77212, 3027, 83112, 17125, 76921, 4837, 26444, 13210, 89259, 46651, 77381, 66788, 11296, 33774, 81105, 70945, 61130, 72200, 65714, 63243, 61476, 76626, 59438, 32822, 8711, 94850, 65916, 7693, 21486, 24715, 26506, 21007, 33133, 38566, 99647, 25770, 19442, 13318, 78963, 57647, 12222, 92372, 45896, 92440, 69281, 19151, 44863, 76918, 22077, 63058, 94435, 38449, 64109, 20310, 83672, 22901, 14278, 33390, 13900, 63275, 55898, 16247, 33785, 54297, 8437, 54820, 83410, 95313, 67626, 61778, 10727, 89377, 37482, 45594, 34932, 17260, 28241, 94797, 26052, 23531, 90086, 15960, 81528, 32321, 35167, 20274, 11327, 18349, 24819, 16188, 45023, 56618, 85558, 52445, 76045, 7010, 39667, 97499, 27217, 6922, 66669, 41143, 82468, 17121, 9153, 82171, 29623, 91642, 3023, 69588, 47419, 86211, 71966, 80845, 68320, 13455, 37727, 52220, 74702, 43968, 32800, 43782, 66266, 15493, 61506, 51999, 45231, 78441, 55374, 45332, 33666, 99772, 17526, 93054, 75932, 18681, 44005, 52642, 79466, 41665, 71733, 67212, 52963, 45410, 97177, 3676, 65899, 60266, 6015, 31478, 67272, 29789, 47236, 62659, 19112, 76732, 55297, 44711, 19662, 33344, 75613, 43681, 51180, 63551, 81969, 93251, 48767, 14416]})"
141.0,3,12,72,12.786316156387329,418,"Genotype(dna={""<class 'abc.NT_0012'>"": [0, 89047], ""<class 'abc.NT_0012_P_00000'>"": [], ""<class 'abc.NT_0007'>"": [55058, 96429, 2662], ""<class 'abc.NT_0007_P_00000'>"": [], ""<class 'abc.NT_0002'>"": [0, 48333, 27356], ""<class 'abc.NT_0002_P_00000'>"": [], ""<class 'abc.NT_0000'>"": [42184, 70052, 0, 91804, 0, 0, 36773, 0, 64804], ""<class 'abc.NT_0000_P_00000'>"": [], ""<class 'abc.NT_0001'>"": [0, 49937, 0, 86169, 43681], ""<class 'abc.NT_0001_P_00000'>"": [], ""<class 'bool'>"": [70796, 41936, 41546, 8512, 21121, 28869], ""<class 'int'>"": [25155, 52427, 13216, 14861, 37066, 43227, 14416], ""<class 'abc.NT_0005'>"": [0, 37639], ""<class 'abc.NT_0005_P_00000'>"": [], ""<class 'abc.NT_0003'>"": [33650, 52703], ""<class 'abc.NT_0003_P_00000'>"": [], ""<class 'abc.NT_0004'>"": [0, 59983], ""<class 'abc.NT_0004_P_00000'>"": [], '$leftovers': [81600, 92981, 24586, 80507, 48909, 56302, 48279, 39596, 8177, 41048, 54709, 2141, 36382, 30231, 79303, 45906, 3600, 72448, 85756, 62232, 76728, 12314, 10402, 99348, 82540, 3143, 2927, 63383, 24684, 56849, 91234, 96607, 11663, 55655, 70782, 65921, 46458, 89721, 42004, 84925, 23942, 57205, 447, 66040, 89769, 37633, 53881, 33471, 84899, 77962, 79382, 63421, 42354, 22565, 54622, 78399, 707, 24478, 73210, 60708, 91176, 39440, 68267, 67164, 86078, 78891, 1648, 1984, 34860, 67089, 14873, 85945, 27946, 91486, 43571, 81436, 24346, 46853, 90833, 93204, 67569, 28562, 65707, 64260, 79507, 5703, 7091, 64658, 51775, 12742, 9851, 57202, 62567, 20339, 98771, 84993, 42327, 6461, 36932, 81439, 47467, 62039, 83881, 12894, 32233, 8056, 28809, 72665, 37010, 26904, 8831, 28758, 41940, 50619, 13705, 77050, 31928, 98645, 56591, 24230, 79582, 27434, 95976, 64454, 7019, 17483, 21240, 67326, 59414, 72680, 9039, 51925, 93310, 67483, 64406, 48515, 88431, 2658, 13619, 9790, 17053, 28910, 57659, 77924, 99848, 89052, 47667, 8134, 19606, 85887, 52665, 28157, 42807, 17016, 89094, 61528, 2617, 28737, 93170, 38813, 99354, 15028, 23722, 65353, 29533, 99753, 41981, 50418, 14162, 78477, 44874, 48013, 99700, 22092, 35260, 90200, 89643, 20702, 91024, 9577, 56981, 30550, 61179, 18259, 57231, 87191, 55757, 3244, 78476, 74777, 24995, 31614, 77943, 7036, 49566, 58360, 3004, 53252, 66953, 74656, 74210, 27963, 52379, 63796, 99017, 55895, 25648, 47745, 62726, 60872, 9501, 49057, 94539, 87198, 63764, 99938, 10128, 80210, 46135, 51655, 83482, 38148, 24164, 27359, 56722, 28341, 25100, 45456, 58831, 30641, 35297, 10655, 57535, 34439, 9062, 29603, 80404, 81266, 30591, 52083, 4329, 59237, 41782, 63886, 44622, 7276, 5883, 7811, 9363, 36177, 85829, 72401, 69637, 5311, 68134, 6919, 88426, 70653, 4616, 46013, 92629, 59024, 92702, 43046, 89779, 385, 55229, 28239, 12254, 26194, 26075, 97973, 61281, 36055, 35286, 66986, 28883, 19934, 88098, 4790, 83498, 37148, 15666, 87010, 55539, 7569, 68859, 64018, 42555, 25550, 49766, 42788, 84258, 51569, 68268, 3156, 96561, 85693, 51070, 36377, 65819, 96179, 39579, 24584, 28035, 59376, 1204, 11150, 48792, 45926, 85267, 91074, 94546, 96796, 37903, 59781, 4539, 61677, 99460, 13625, 61547, 50670, 13613, 59753, 22915, 2621, 41331, 81995, 39637, 22957, 79002, 77248, 80855, 23226, 52229, 79789, 70273, 33650, 98693, 42923, 5145, 90463, 16373, 37110, 73707, 81260, 22037, 73958, 71109, 87766, 33357, 36160, 30428, 68575, 62987, 54541, 93429, 10734, 56468, 10160, 92379, 48026, 42646, 26036, 13198, 24697, 89401, 2013, 24257, 16393, 7549, 56761, 59383, 92698, 47833, 9115, 80083, 27886, 98520, 84184, 46396, 32324, 55136, 33043, 94733, 39299, 68268, 17957, 41681, 95283, 74312, 19569, 5501, 96364, 37614, 98620, 35413, 23136, 13438, 71840, 85129, 48571, 41673, 12536, 28619, 39045, 31089, 96567, 57611, 19490, 3253, 59735, 37115, 23031, 12955, 69562, 87443, 43955, 64586, 64395, 83855, 28306, 89637, 82455, 41564, 62224, 83458, 72706, 39687, 18580, 37123, 88608, 78134, 31325, 99919, 83099, 93340, 64560, 40152, 49911, 90599, 5214, 94580, 49233, 60885, 57752, 18427, 57803, 29767, 82380, 44062, 42873, 35236, 96454, 6296, 761, 18195, 33989, 94984, 70688, 90636, 6806, 73662, 94256, 41102, 28770, 46150, 73640, 11449, 24920, 21310, 85454, 94863, 91863, 23315, 17597, 20217, 91794, 34166, 77109, 46637, 32144, 83158, 26247, 76783, 57366, 76170, 90953, 82914, 78347, 9798, 36943, 73386, 68382, 52072, 12414, 41189, 86486, 60473, 16665, 45781, 59592, 86919, 63519, 25794, 53453, 64363, 96508, 16128, 92416, 22277, 24310, 86063, 67165, 46227, 54481, 89870, 69212, 62340, 60412, 71112, 23023, 34509, 92116, 7217, 63002, 41259, 50000, 8793, 4594, 30483, 62653, 83938, 83503, 31483, 10365, 49442, 30804, 45981, 6968, 91617, 92210, 54325, 96831, 5008, 28389, 68581, 10722, 76148, 95354, 73970, 68860, 62036, 98213, 81300, 79566, 11781, 37080, 43953, 62574, 60034, 62154, 78716, 7847, 44434, 11159, 20786, 57220, 86148, 89532, 79123, 19828, 71554, 38321, 92355, 28120, 6885, 40594, 84932, 47779, 99847, 92498, 86367, 71489, 51939, 10303, 75651, 2814, 54873, 58078, 82260, 4131, 16111, 36323, 80831, 56586, 23086, 62810, 48333, 30508, 86384, 27684, 56737, 96345, 97308, 91048, 25778, 26424, 16979, 77059, 87484, 650, 10501, 7664, 42399, 66368, 72428, 90313, 68581, 95408, 58719, 7010, 71100, 38694, 62269, 88515, 87114, 60082, 74975, 47648, 95486, 87637, 66308, 20895, 66554, 33908, 42049, 56894, 28029, 53349, 69094, 28178, 10701, 80203, 12390, 30718, 61309, 79054, 80067, 87669, 18429, 56382, 67438, 53640, 19668, 83077, 8515, 32853, 16711, 65061, 42899, 66125, 28921, 47414, 77777, 7836, 59293, 12583, 45182, 70935, 11108, 65079, 57419, 58720, 99394, 41111, 59469, 41454, 95010, 96686, 20780, 37583, 91647, 99794, 21826, 42117, 12468, 34122, 46653, 81774, 80852, 20118, 37608, 92311, 79336, 51578, 35457, 31958, 86730, 96687, 11146, 78075, 16211, 44286, 64844, 65338, 10895, 10275, 77020, 73939, 97538, 77164, 89934, 19330, 65432, 21836, 62675, 2218, 30434, 72578, 3673, 40750, 56210, 87412, 64425, 15775, 78636, 80433, 91705, 39505, 7027, 29105, 87238, 78396, 99457, 72495, 465, 26796, 81547, 80667, 30823, 69059, 7899, 78032, 78440, 81817, 20294, 87763, 12034, 87734, 24471, 82031, 64016, 50288, 34228, 63282, 50920, 30581, 84203, 633, 87248, 12770, 97953, 13053, 95572, 37949, 74063, 36227, 29715, 49813, 21145, 87009, 80874, 37059, 87639, 40612, 24590, 86721, 77317, 98113, 76274, 67052, 89971, 13754, 59718, 87879, 93901, 12293, 67642, 78449, 64313, 44591, 70027, 35247, 66295, 59710, 40038, 34813, 87962, 6454, 75437, 34184, 50284, 17941, 64231, 49977, 2028, 59502, 60727, 26582, 79999, 6279, 85230, 43569, 67203, 58331, 72913, 30171, 1727, 41946, 90745, 71914, 86277, 5832, 11177, 57599, 86212, 61606, 28255, 80106, 54547, 15980, 77212, 3027, 83112, 17125, 76921, 4837, 26444, 13210, 89259, 46651, 77381, 66788, 11296, 33774, 81105, 70945, 61130, 72200, 65714, 63243, 61476, 76626, 59438, 32822, 8711, 94850, 65916, 7693, 21486, 24715, 26506, 21007, 33133, 38566, 99647, 25770, 19442, 13318, 78963, 57647, 12222, 92372, 45896, 92440, 69281, 19151, 44863, 76918, 22077, 63058, 94435, 38449, 64109, 20310, 83672, 22901, 14278, 33390, 13900, 63275, 55898, 16247, 33785, 54297, 8437, 54820, 83410, 95313, 67626, 61778, 10727, 89377, 37482, 45594, 34932, 17260, 28241, 94797, 26052, 23531, 90086, 15960, 81528, 32321, 35167, 20274, 11327, 18349, 24819, 16188, 45023, 56618, 85558, 52445, 76045, 7010, 39667, 97499, 27217, 6922, 66669, 41143, 82468, 17121, 9153, 82171, 29623, 91642, 3023, 69588, 47419, 86211, 71966, 80845, 68320, 13455, 37727, 52220, 74702, 43968, 32800, 43782, 66266, 15493, 61506, 51999, 45231, 78441, 55374, 45332, 33666, 99772, 17526, 93054, 75932, 18681, 44005, 52642, 79466, 41665, 71733, 67212, 52963, 45410, 97177, 3676, 65899, 60266, 6015, 31478, 67272, 29789, 47236, 62659, 19112, 76732, 55297, 44711, 19662, 33344, 75613, 43681, 51180, 63551, 81969, 93251, 48767, 14416]})"
141.0,3,12,73,12.901996850967407,418,"Genotype(dna={""<class 'abc.NT_0012'>"": [0, 89047], ""<class 'abc.NT_0012_P_00000'>"": [], ""<class 'abc.NT_0007'>"": [55058, 96429, 2662], ""<class 'abc.NT_0007_P_00000'>"": [], ""<class 'abc.NT_0002'>"": [0, 48333, 27356], ""<class 'abc.NT_0002_P_00000'>"": [], ""<class 'abc.NT_0000'>"": [42184, 70052, 0, 91804, 0, 0, 36773, 0, 64804], ""<class 'abc.NT_0000_P_00000'>"": [], ""<class 'abc.NT_0001'>"": [0, 49937, 0, 86169, 43681], ""<class 'abc.NT_0001_P_00000'>"": [], ""<class 'bool'>"": [70796, 41936, 41546, 8512, 21121, 28869], ""<class 'int'>"": [25155, 52427, 13216, 14861, 37066, 43227, 14416], ""<class 'abc.NT_0005'>"": [0, 37639], ""<class 'abc.NT_0005_P_00000'>"": [], ""<class 'abc.NT_0003'>"": [33650, 52703], ""<class 'abc.NT_0003_P_00000'>"": [], ""<class 'abc.NT_0004'>"": [0, 59983], ""<class 'abc.NT_0004_P_00000'>"": [], '$leftovers': [81600, 92981, 24586, 80507, 48909, 56302, 48279, 39596, 8177, 41048, 54709, 2141, 36382, 30231, 79303, 45906, 3600, 72448, 85756, 62232, 76728, 12314, 10402, 99348, 82540, 3143, 2927, 63383, 24684, 56849, 91234, 96607, 11663, 55655, 70782, 65921, 46458, 89721, 42004, 84925, 23942, 57205, 447, 66040, 89769, 37633, 53881, 33471, 84899, 77962, 79382, 63421, 42354, 22565, 54622, 78399, 707, 24478, 73210, 60708, 91176, 39440, 68267, 67164, 86078, 78891, 1648, 1984, 34860, 67089, 14873, 85945, 27946, 91486, 43571, 81436, 24346, 46853, 90833, 93204, 67569, 28562, 65707, 64260, 79507, 5703, 7091, 64658, 51775, 12742, 9851, 57202, 62567, 20339, 98771, 84993, 42327, 6461, 36932, 81439, 47467, 62039, 83881, 12894, 32233, 8056, 28809, 72665, 37010, 26904, 8831, 28758, 41940, 50619, 13705, 77050, 31928, 98645, 56591, 24230, 79582, 27434, 95976, 64454, 7019, 17483, 21240, 67326, 59414, 72680, 9039, 51925, 93310, 67483, 64406, 48515, 88431, 2658, 13619, 9790, 17053, 28910, 57659, 77924, 99848, 89052, 47667, 8134, 19606, 85887, 52665, 28157, 42807, 17016, 89094, 61528, 2617, 28737, 93170, 38813, 99354, 15028, 23722, 65353, 29533, 99753, 41981, 50418, 14162, 78477, 44874, 48013, 99700, 22092, 35260, 90200, 89643, 20702, 91024, 9577, 56981, 30550, 61179, 18259, 57231, 87191, 55757, 3244, 78476, 74777, 24995, 31614, 77943, 7036, 49566, 58360, 3004, 53252, 66953, 74656, 74210, 27963, 52379, 63796, 99017, 55895, 25648, 47745, 62726, 60872, 9501, 49057, 94539, 87198, 63764, 99938, 10128, 80210, 46135, 51655, 83482, 38148, 24164, 27359, 56722, 28341, 25100, 45456, 58831, 30641, 35297, 10655, 57535, 34439, 9062, 29603, 80404, 81266, 30591, 52083, 4329, 59237, 41782, 63886, 44622, 7276, 5883, 7811, 9363, 36177, 85829, 72401, 69637, 5311, 68134, 6919, 88426, 70653, 4616, 46013, 92629, 59024, 92702, 43046, 89779, 385, 55229, 28239, 12254, 26194, 26075, 97973, 61281, 36055, 35286, 66986, 28883, 19934, 88098, 4790, 83498, 37148, 15666, 87010, 55539, 7569, 68859, 64018, 42555, 25550, 49766, 42788, 84258, 51569, 68268, 3156, 96561, 85693, 51070, 36377, 65819, 96179, 39579, 24584, 28035, 59376, 1204, 11150, 48792, 45926, 85267, 91074, 94546, 96796, 37903, 59781, 4539, 61677, 99460, 13625, 61547, 50670, 13613, 59753, 22915, 2621, 41331, 81995, 39637, 22957, 79002, 77248, 80855, 23226, 52229, 79789, 70273, 33650, 98693, 42923, 5145, 90463, 16373, 37110, 73707, 81260, 22037, 73958, 71109, 87766, 33357, 36160, 30428, 68575, 62987, 54541, 93429, 10734, 56468, 10160, 92379, 48026, 42646, 26036, 13198, 24697, 89401, 2013, 24257, 16393, 7549, 56761, 59383, 92698, 47833, 9115, 80083, 27886, 98520, 84184, 46396, 32324, 55136, 33043, 94733, 39299, 68268, 17957, 41681, 95283, 74312, 19569, 5501, 96364, 37614, 98620, 35413, 23136, 13438, 71840, 85129, 48571, 41673, 12536, 28619, 39045, 31089, 96567, 57611, 19490, 3253, 59735, 37115, 23031, 12955, 69562, 87443, 43955, 64586, 64395, 83855, 28306, 89637, 82455, 41564, 62224, 83458, 72706, 39687, 18580, 37123, 88608, 78134, 31325, 99919, 83099, 93340, 64560, 40152, 49911, 90599, 5214, 94580, 49233, 60885, 57752, 18427, 57803, 29767, 82380, 44062, 42873, 35236, 96454, 6296, 761, 18195, 33989, 94984, 70688, 90636, 6806, 73662, 94256, 41102, 28770, 46150, 73640, 11449, 24920, 21310, 85454, 94863, 91863, 23315, 17597, 20217, 91794, 34166, 77109, 46637, 32144, 83158, 26247, 76783, 57366, 76170, 90953, 82914, 78347, 9798, 36943, 73386, 68382, 52072, 12414, 41189, 86486, 60473, 16665, 45781, 59592, 86919, 63519, 25794, 53453, 64363, 96508, 16128, 92416, 22277, 24310, 86063, 67165, 46227, 54481, 89870, 69212, 62340, 60412, 71112, 23023, 34509, 92116, 7217, 63002, 41259, 50000, 8793, 4594, 30483, 62653, 83938, 83503, 31483, 10365, 49442, 30804, 45981, 6968, 91617, 92210, 54325, 96831, 5008, 28389, 68581, 10722, 76148, 95354, 73970, 68860, 62036, 98213, 81300, 79566, 11781, 37080, 43953, 62574, 60034, 62154, 78716, 7847, 44434, 11159, 20786, 57220, 86148, 89532, 79123, 19828, 71554, 38321, 92355, 28120, 6885, 40594, 84932, 47779, 99847, 92498, 86367, 71489, 51939, 10303, 75651, 2814, 54873, 58078, 82260, 4131, 16111, 36323, 80831, 56586, 23086, 62810, 48333, 30508, 86384, 27684, 56737, 96345, 97308, 91048, 25778, 26424, 16979, 77059, 87484, 650, 10501, 7664, 42399, 66368, 72428, 90313, 68581, 95408, 58719, 7010, 71100, 38694, 62269, 88515, 87114, 60082, 74975, 47648, 95486, 87637, 66308, 20895, 66554, 33908, 42049, 56894, 28029, 53349, 69094, 28178, 10701, 80203, 12390, 30718, 61309, 79054, 80067, 87669, 18429, 56382, 67438, 53640, 19668, 83077, 8515, 32853, 16711, 65061, 42899, 66125, 28921, 47414, 77777, 7836, 59293, 12583, 45182, 70935, 11108, 65079, 57419, 58720, 99394, 41111, 59469, 41454, 95010, 96686, 20780, 37583, 91647, 99794, 21826, 42117, 12468, 34122, 46653, 81774, 80852, 20118, 37608, 92311, 79336, 51578, 35457, 31958, 86730, 96687, 11146, 78075, 16211, 44286, 64844, 65338, 10895, 10275, 77020, 73939, 97538, 77164, 89934, 19330, 65432, 21836, 62675, 2218, 30434, 72578, 3673, 40750, 56210, 87412, 64425, 15775, 78636, 80433, 91705, 39505, 7027, 29105, 87238, 78396, 99457, 72495, 465, 26796, 81547, 80667, 30823, 69059, 7899, 78032, 78440, 81817, 20294, 87763, 12034, 87734, 24471, 82031, 64016, 50288, 34228, 63282, 50920, 30581, 84203, 633, 87248, 12770, 97953, 13053, 95572, 37949, 74063, 36227, 29715, 49813, 21145, 87009, 80874, 37059, 87639, 40612, 24590, 86721, 77317, 98113, 76274, 67052, 89971, 13754, 59718, 87879, 93901, 12293, 67642, 78449, 64313, 44591, 70027, 35247, 66295, 59710, 40038, 34813, 87962, 6454, 75437, 34184, 50284, 17941, 64231, 49977, 2028, 59502, 60727, 26582, 79999, 6279, 85230, 43569, 67203, 58331, 72913, 30171, 1727, 41946, 90745, 71914, 86277, 5832, 11177, 57599, 86212, 61606, 28255, 80106, 54547, 15980, 77212, 3027, 83112, 17125, 76921, 4837, 26444, 13210, 89259, 46651, 77381, 66788, 11296, 33774, 81105, 70945, 61130, 72200, 65714, 63243, 61476, 76626, 59438, 32822, 8711, 94850, 65916, 7693, 21486, 24715, 26506, 21007, 33133, 38566, 99647, 25770, 19442, 13318, 78963, 57647, 12222, 92372, 45896, 92440, 69281, 19151, 44863, 76918, 22077, 63058, 94435, 38449, 64109, 20310, 83672, 22901, 14278, 33390, 13900, 63275, 55898, 16247, 33785, 54297, 8437, 54820, 83410, 95313, 67626, 61778, 10727, 89377, 37482, 45594, 34932, 17260, 28241, 94797, 26052, 23531, 90086, 15960, 81528, 32321, 35167, 20274, 11327, 18349, 24819, 16188, 45023, 56618, 85558, 52445, 76045, 7010, 39667, 97499, 27217, 6922, 66669, 41143, 82468, 17121, 9153, 82171, 29623, 91642, 3023, 69588, 47419, 86211, 71966, 80845, 68320, 13455, 37727, 52220, 74702, 43968, 32800, 43782, 66266, 15493, 61506, 51999, 45231, 78441, 55374, 45332, 33666, 99772, 17526, 93054, 75932, 18681, 44005, 52642, 79466, 41665, 71733, 67212, 52963, 45410, 97177, 3676, 65899, 60266, 6015, 31478, 67272, 29789, 47236, 62659, 19112, 76732, 55297, 44711, 19662, 33344, 75613, 43681, 51180, 63551, 81969, 93251, 48767, 14416]})"
141.0,3,12,74,12.970902919769287,418,"Genotype(dna={""<class 'abc.NT_0012'>"": [0, 89047], ""<class 'abc.NT_0012_P_00000'>"": [], ""<class 'abc.NT_0007'>"": [55058, 96429, 2662], ""<class 'abc.NT_0007_P_00000'>"": [], ""<class 'abc.NT_0002'>"": [0, 48333, 27356], ""<class 'abc.NT_0002_P_00000'>"": [], ""<class 'abc.NT_0000'>"": [42184, 70052, 0, 91804, 0, 0, 36773, 0, 64804], ""<class 'abc.NT_0000_P_00000'>"": [], ""<class 'abc.NT_0001'>"": [0, 49937, 0, 86169, 43681], ""<class 'abc.NT_0001_P_00000'>"": [], ""<class 'bool'>"": [70796, 41936, 41546, 8512, 21121, 28869], ""<class 'int'>"": [25155, 52427, 13216, 14861, 37066, 43227, 14416], ""<class 'abc.NT_0005'>"": [0, 37639], ""<class 'abc.NT_0005_P_00000'>"": [], ""<class 'abc.NT_0003'>"": [33650, 52703], ""<class 'abc.NT_0003_P_00000'>"": [], ""<class 'abc.NT_0004'>"": [0, 59983], ""<class 'abc.NT_0004_P_00000'>"": [], '$leftovers': [81600, 92981, 24586, 80507, 48909, 56302, 48279, 39596, 8177, 41048, 54709, 2141, 36382, 30231, 79303, 45906, 3600, 72448, 85756, 62232, 76728, 12314, 10402, 99348, 82540, 3143, 2927, 63383, 24684, 56849, 91234, 96607, 11663, 55655, 70782, 65921, 46458, 89721, 42004, 84925, 23942, 57205, 447, 66040, 89769, 37633, 53881, 33471, 84899, 77962, 79382, 63421, 42354, 22565, 54622, 78399, 707, 24478, 73210, 60708, 91176, 39440, 68267, 67164, 86078, 78891, 1648, 1984, 34860, 67089, 14873, 85945, 27946, 91486, 43571, 81436, 24346, 46853, 90833, 93204, 67569, 28562, 65707, 64260, 79507, 5703, 7091, 64658, 51775, 12742, 9851, 57202, 62567, 20339, 98771, 84993, 42327, 6461, 36932, 81439, 47467, 62039, 83881, 12894, 32233, 8056, 28809, 72665, 37010, 26904, 8831, 28758, 41940, 50619, 13705, 77050, 31928, 98645, 56591, 24230, 79582, 27434, 95976, 64454, 7019, 17483, 21240, 67326, 59414, 72680, 9039, 51925, 93310, 67483, 64406, 48515, 88431, 2658, 13619, 9790, 17053, 28910, 57659, 77924, 99848, 89052, 47667, 8134, 19606, 85887, 52665, 28157, 42807, 17016, 89094, 61528, 2617, 28737, 93170, 38813, 99354, 15028, 23722, 65353, 29533, 99753, 41981, 50418, 14162, 78477, 44874, 48013, 99700, 22092, 35260, 90200, 89643, 20702, 91024, 9577, 56981, 30550, 61179, 18259, 57231, 87191, 55757, 3244, 78476, 74777, 24995, 31614, 77943, 7036, 49566, 58360, 3004, 53252, 66953, 74656, 74210, 27963, 52379, 63796, 99017, 55895, 25648, 47745, 62726, 60872, 9501, 49057, 94539, 87198, 63764, 99938, 10128, 80210, 46135, 51655, 83482, 38148, 24164, 27359, 56722, 28341, 25100, 45456, 58831, 30641, 35297, 10655, 57535, 34439, 9062, 29603, 80404, 81266, 30591, 52083, 4329, 59237, 41782, 63886, 44622, 7276, 5883, 7811, 9363, 36177, 85829, 72401, 69637, 5311, 68134, 6919, 88426, 70653, 4616, 46013, 92629, 59024, 92702, 43046, 89779, 385, 55229, 28239, 12254, 26194, 26075, 97973, 61281, 36055, 35286, 66986, 28883, 19934, 88098, 4790, 83498, 37148, 15666, 87010, 55539, 7569, 68859, 64018, 42555, 25550, 49766, 42788, 84258, 51569, 68268, 3156, 96561, 85693, 51070, 36377, 65819, 96179, 39579, 24584, 28035, 59376, 1204, 11150, 48792, 45926, 85267, 91074, 94546, 96796, 37903, 59781, 4539, 61677, 99460, 13625, 61547, 50670, 13613, 59753, 22915, 2621, 41331, 81995, 39637, 22957, 79002, 77248, 80855, 23226, 52229, 79789, 70273, 33650, 98693, 42923, 5145, 90463, 16373, 37110, 73707, 81260, 22037, 73958, 71109, 87766, 33357, 36160, 30428, 68575, 62987, 54541, 93429, 10734, 56468, 10160, 92379, 48026, 42646, 26036, 13198, 24697, 89401, 2013, 24257, 16393, 7549, 56761, 59383, 92698, 47833, 9115, 80083, 27886, 98520, 84184, 46396, 32324, 55136, 33043, 94733, 39299, 68268, 17957, 41681, 95283, 74312, 19569, 5501, 96364, 37614, 98620, 35413, 23136, 13438, 71840, 85129, 48571, 41673, 12536, 28619, 39045, 31089, 96567, 57611, 19490, 3253, 59735, 37115, 23031, 12955, 69562, 87443, 43955, 64586, 64395, 83855, 28306, 89637, 82455, 41564, 62224, 83458, 72706, 39687, 18580, 37123, 88608, 78134, 31325, 99919, 83099, 93340, 64560, 40152, 49911, 90599, 5214, 94580, 49233, 60885, 57752, 18427, 57803, 29767, 82380, 44062, 42873, 35236, 96454, 6296, 761, 18195, 33989, 94984, 70688, 90636, 6806, 73662, 94256, 41102, 28770, 46150, 73640, 11449, 24920, 21310, 85454, 94863, 91863, 23315, 17597, 20217, 91794, 34166, 77109, 46637, 32144, 83158, 26247, 76783, 57366, 76170, 90953, 82914, 78347, 9798, 36943, 73386, 68382, 52072, 12414, 41189, 86486, 60473, 16665, 45781, 59592, 86919, 63519, 25794, 53453, 64363, 96508, 16128, 92416, 22277, 24310, 86063, 67165, 46227, 54481, 89870, 69212, 62340, 60412, 71112, 23023, 34509, 92116, 7217, 63002, 41259, 50000, 8793, 4594, 30483, 62653, 83938, 83503, 31483, 10365, 49442, 30804, 45981, 6968, 91617, 92210, 54325, 96831, 5008, 28389, 68581, 10722, 76148, 95354, 73970, 68860, 62036, 98213, 81300, 79566, 11781, 37080, 43953, 62574, 60034, 62154, 78716, 7847, 44434, 11159, 20786, 57220, 86148, 89532, 79123, 19828, 71554, 38321, 92355, 28120, 6885, 40594, 84932, 47779, 99847, 92498, 86367, 71489, 51939, 10303, 75651, 2814, 54873, 58078, 82260, 4131, 16111, 36323, 80831, 56586, 23086, 62810, 48333, 30508, 86384, 27684, 56737, 96345, 97308, 91048, 25778, 26424, 16979, 77059, 87484, 650, 10501, 7664, 42399, 66368, 72428, 90313, 68581, 95408, 58719, 7010, 71100, 38694, 62269, 88515, 87114, 60082, 74975, 47648, 95486, 87637, 66308, 20895, 66554, 33908, 42049, 56894, 28029, 53349, 69094, 28178, 10701, 80203, 12390, 30718, 61309, 79054, 80067, 87669, 18429, 56382, 67438, 53640, 19668, 83077, 8515, 32853, 16711, 65061, 42899, 66125, 28921, 47414, 77777, 7836, 59293, 12583, 45182, 70935, 11108, 65079, 57419, 58720, 99394, 41111, 59469, 41454, 95010, 96686, 20780, 37583, 91647, 99794, 21826, 42117, 12468, 34122, 46653, 81774, 80852, 20118, 37608, 92311, 79336, 51578, 35457, 31958, 86730, 96687, 11146, 78075, 16211, 44286, 64844, 65338, 10895, 10275, 77020, 73939, 97538, 77164, 89934, 19330, 65432, 21836, 62675, 2218, 30434, 72578, 3673, 40750, 56210, 87412, 64425, 15775, 78636, 80433, 91705, 39505, 7027, 29105, 87238, 78396, 99457, 72495, 465, 26796, 81547, 80667, 30823, 69059, 7899, 78032, 78440, 81817, 20294, 87763, 12034, 87734, 24471, 82031, 64016, 50288, 34228, 63282, 50920, 30581, 84203, 633, 87248, 12770, 97953, 13053, 95572, 37949, 74063, 36227, 29715, 49813, 21145, 87009, 80874, 37059, 87639, 40612, 24590, 86721, 77317, 98113, 76274, 67052, 89971, 13754, 59718, 87879, 93901, 12293, 67642, 78449, 64313, 44591, 70027, 35247, 66295, 59710, 40038, 34813, 87962, 6454, 75437, 34184, 50284, 17941, 64231, 49977, 2028, 59502, 60727, 26582, 79999, 6279, 85230, 43569, 67203, 58331, 72913, 30171, 1727, 41946, 90745, 71914, 86277, 5832, 11177, 57599, 86212, 61606, 28255, 80106, 54547, 15980, 77212, 3027, 83112, 17125, 76921, 4837, 26444, 13210, 89259, 46651, 77381, 66788, 11296, 33774, 81105, 70945, 61130, 72200, 65714, 63243, 61476, 76626, 59438, 32822, 8711, 94850, 65916, 7693, 21486, 24715, 26506, 21007, 33133, 38566, 99647, 25770, 19442, 13318, 78963, 57647, 12222, 92372, 45896, 92440, 69281, 19151, 44863, 76918, 22077, 63058, 94435, 38449, 64109, 20310, 83672, 22901, 14278, 33390, 13900, 63275, 55898, 16247, 33785, 54297, 8437, 54820, 83410, 95313, 67626, 61778, 10727, 89377, 37482, 45594, 34932, 17260, 28241, 94797, 26052, 23531, 90086, 15960, 81528, 32321, 35167, 20274, 11327, 18349, 24819, 16188, 45023, 56618, 85558, 52445, 76045, 7010, 39667, 97499, 27217, 6922, 66669, 41143, 82468, 17121, 9153, 82171, 29623, 91642, 3023, 69588, 47419, 86211, 71966, 80845, 68320, 13455, 37727, 52220, 74702, 43968, 32800, 43782, 66266, 15493, 61506, 51999, 45231, 78441, 55374, 45332, 33666, 99772, 17526, 93054, 75932, 18681, 44005, 52642, 79466, 41665, 71733, 67212, 52963, 45410, 97177, 3676, 65899, 60266, 6015, 31478, 67272, 29789, 47236, 62659, 19112, 76732, 55297, 44711, 19662, 33344, 75613, 43681, 51180, 63551, 81969, 93251, 48767, 14416]})"
141.0,3,12,75,13.045500993728638,418,"Genotype(dna={""<class 'abc.NT_0012'>"": [0, 89047], ""<class 'abc.NT_0012_P_00000'>"": [], ""<class 'abc.NT_0007'>"": [55058, 96429, 2662], ""<class 'abc.NT_0007_P_00000'>"": [], ""<class 'abc.NT_0002'>"": [0, 48333, 27356], ""<class 'abc.NT_0002_P_00000'>"": [], ""<class 'abc.NT_0000'>"": [42184, 70052, 0, 91804, 0, 0, 36773, 0, 64804], ""<class 'abc.NT_0000_P_00000'>"": [], ""<class 'abc.NT_0001'>"": [0, 49937, 0, 86169, 43681], ""<class 'abc.NT_0001_P_00000'>"": [], ""<class 'bool'>"": [70796, 41936, 41546, 8512, 21121, 28869], ""<class 'int'>"": [25155, 52427, 13216, 14861, 37066, 43227, 14416], ""<class 'abc.NT_0005'>"": [0, 37639], ""<class 'abc.NT_0005_P_00000'>"": [], ""<class 'abc.NT_0003'>"": [33650, 52703], ""<class 'abc.NT_0003_P_00000'>"": [], ""<class 'abc.NT_0004'>"": [0, 59983], ""<class 'abc.NT_0004_P_00000'>"": [], '$leftovers': [81600, 92981, 24586, 80507, 48909, 56302, 48279, 39596, 8177, 41048, 54709, 2141, 36382, 30231, 79303, 45906, 3600, 72448, 85756, 62232, 76728, 12314, 10402, 99348, 82540, 3143, 2927, 63383, 24684, 56849, 91234, 96607, 11663, 55655, 70782, 65921, 46458, 89721, 42004, 84925, 23942, 57205, 447, 66040, 89769, 37633, 53881, 33471, 84899, 77962, 79382, 63421, 42354, 22565, 54622, 78399, 707, 24478, 73210, 60708, 91176, 39440, 68267, 67164, 86078, 78891, 1648, 1984, 34860, 67089, 14873, 85945, 27946, 91486, 43571, 81436, 24346, 46853, 90833, 93204, 67569, 28562, 65707, 64260, 79507, 5703, 7091, 64658, 51775, 12742, 9851, 57202, 62567, 20339, 98771, 84993, 42327, 6461, 36932, 81439, 47467, 62039, 83881, 12894, 32233, 8056, 28809, 72665, 37010, 26904, 8831, 28758, 41940, 50619, 13705, 77050, 31928, 98645, 56591, 24230, 79582, 27434, 95976, 64454, 7019, 17483, 21240, 67326, 59414, 72680, 9039, 51925, 93310, 67483, 64406, 48515, 88431, 2658, 13619, 9790, 17053, 28910, 57659, 77924, 99848, 89052, 47667, 8134, 19606, 85887, 52665, 28157, 42807, 17016, 89094, 61528, 2617, 28737, 93170, 38813, 99354, 15028, 23722, 65353, 29533, 99753, 41981, 50418, 14162, 78477, 44874, 48013, 99700, 22092, 35260, 90200, 89643, 20702, 91024, 9577, 56981, 30550, 61179, 18259, 57231, 87191, 55757, 3244, 78476, 74777, 24995, 31614, 77943, 7036, 49566, 58360, 3004, 53252, 66953, 74656, 74210, 27963, 52379, 63796, 99017, 55895, 25648, 47745, 62726, 60872, 9501, 49057, 94539, 87198, 63764, 99938, 10128, 80210, 46135, 51655, 83482, 38148, 24164, 27359, 56722, 28341, 25100, 45456, 58831, 30641, 35297, 10655, 57535, 34439, 9062, 29603, 80404, 81266, 30591, 52083, 4329, 59237, 41782, 63886, 44622, 7276, 5883, 7811, 9363, 36177, 85829, 72401, 69637, 5311, 68134, 6919, 88426, 70653, 4616, 46013, 92629, 59024, 92702, 43046, 89779, 385, 55229, 28239, 12254, 26194, 26075, 97973, 61281, 36055, 35286, 66986, 28883, 19934, 88098, 4790, 83498, 37148, 15666, 87010, 55539, 7569, 68859, 64018, 42555, 25550, 49766, 42788, 84258, 51569, 68268, 3156, 96561, 85693, 51070, 36377, 65819, 96179, 39579, 24584, 28035, 59376, 1204, 11150, 48792, 45926, 85267, 91074, 94546, 96796, 37903, 59781, 4539, 61677, 99460, 13625, 61547, 50670, 13613, 59753, 22915, 2621, 41331, 81995, 39637, 22957, 79002, 77248, 80855, 23226, 52229, 79789, 70273, 33650, 98693, 42923, 5145, 90463, 16373, 37110, 73707, 81260, 22037, 73958, 71109, 87766, 33357, 36160, 30428, 68575, 62987, 54541, 93429, 10734, 56468, 10160, 92379, 48026, 42646, 26036, 13198, 24697, 89401, 2013, 24257, 16393, 7549, 56761, 59383, 92698, 47833, 9115, 80083, 27886, 98520, 84184, 46396, 32324, 55136, 33043, 94733, 39299, 68268, 17957, 41681, 95283, 74312, 19569, 5501, 96364, 37614, 98620, 35413, 23136, 13438, 71840, 85129, 48571, 41673, 12536, 28619, 39045, 31089, 96567, 57611, 19490, 3253, 59735, 37115, 23031, 12955, 69562, 87443, 43955, 64586, 64395, 83855, 28306, 89637, 82455, 41564, 62224, 83458, 72706, 39687, 18580, 37123, 88608, 78134, 31325, 99919, 83099, 93340, 64560, 40152, 49911, 90599, 5214, 94580, 49233, 60885, 57752, 18427, 57803, 29767, 82380, 44062, 42873, 35236, 96454, 6296, 761, 18195, 33989, 94984, 70688, 90636, 6806, 73662, 94256, 41102, 28770, 46150, 73640, 11449, 24920, 21310, 85454, 94863, 91863, 23315, 17597, 20217, 91794, 34166, 77109, 46637, 32144, 83158, 26247, 76783, 57366, 76170, 90953, 82914, 78347, 9798, 36943, 73386, 68382, 52072, 12414, 41189, 86486, 60473, 16665, 45781, 59592, 86919, 63519, 25794, 53453, 64363, 96508, 16128, 92416, 22277, 24310, 86063, 67165, 46227, 54481, 89870, 69212, 62340, 60412, 71112, 23023, 34509, 92116, 7217, 63002, 41259, 50000, 8793, 4594, 30483, 62653, 83938, 83503, 31483, 10365, 49442, 30804, 45981, 6968, 91617, 92210, 54325, 96831, 5008, 28389, 68581, 10722, 76148, 95354, 73970, 68860, 62036, 98213, 81300, 79566, 11781, 37080, 43953, 62574, 60034, 62154, 78716, 7847, 44434, 11159, 20786, 57220, 86148, 89532, 79123, 19828, 71554, 38321, 92355, 28120, 6885, 40594, 84932, 47779, 99847, 92498, 86367, 71489, 51939, 10303, 75651, 2814, 54873, 58078, 82260, 4131, 16111, 36323, 80831, 56586, 23086, 62810, 48333, 30508, 86384, 27684, 56737, 96345, 97308, 91048, 25778, 26424, 16979, 77059, 87484, 650, 10501, 7664, 42399, 66368, 72428, 90313, 68581, 95408, 58719, 7010, 71100, 38694, 62269, 88515, 87114, 60082, 74975, 47648, 95486, 87637, 66308, 20895, 66554, 33908, 42049, 56894, 28029, 53349, 69094, 28178, 10701, 80203, 12390, 30718, 61309, 79054, 80067, 87669, 18429, 56382, 67438, 53640, 19668, 83077, 8515, 32853, 16711, 65061, 42899, 66125, 28921, 47414, 77777, 7836, 59293, 12583, 45182, 70935, 11108, 65079, 57419, 58720, 99394, 41111, 59469, 41454, 95010, 96686, 20780, 37583, 91647, 99794, 21826, 42117, 12468, 34122, 46653, 81774, 80852, 20118, 37608, 92311, 79336, 51578, 35457, 31958, 86730, 96687, 11146, 78075, 16211, 44286, 64844, 65338, 10895, 10275, 77020, 73939, 97538, 77164, 89934, 19330, 65432, 21836, 62675, 2218, 30434, 72578, 3673, 40750, 56210, 87412, 64425, 15775, 78636, 80433, 91705, 39505, 7027, 29105, 87238, 78396, 99457, 72495, 465, 26796, 81547, 80667, 30823, 69059, 7899, 78032, 78440, 81817, 20294, 87763, 12034, 87734, 24471, 82031, 64016, 50288, 34228, 63282, 50920, 30581, 84203, 633, 87248, 12770, 97953, 13053, 95572, 37949, 74063, 36227, 29715, 49813, 21145, 87009, 80874, 37059, 87639, 40612, 24590, 86721, 77317, 98113, 76274, 67052, 89971, 13754, 59718, 87879, 93901, 12293, 67642, 78449, 64313, 44591, 70027, 35247, 66295, 59710, 40038, 34813, 87962, 6454, 75437, 34184, 50284, 17941, 64231, 49977, 2028, 59502, 60727, 26582, 79999, 6279, 85230, 43569, 67203, 58331, 72913, 30171, 1727, 41946, 90745, 71914, 86277, 5832, 11177, 57599, 86212, 61606, 28255, 80106, 54547, 15980, 77212, 3027, 83112, 17125, 76921, 4837, 26444, 13210, 89259, 46651, 77381, 66788, 11296, 33774, 81105, 70945, 61130, 72200, 65714, 63243, 61476, 76626, 59438, 32822, 8711, 94850, 65916, 7693, 21486, 24715, 26506, 21007, 33133, 38566, 99647, 25770, 19442, 13318, 78963, 57647, 12222, 92372, 45896, 92440, 69281, 19151, 44863, 76918, 22077, 63058, 94435, 38449, 64109, 20310, 83672, 22901, 14278, 33390, 13900, 63275, 55898, 16247, 33785, 54297, 8437, 54820, 83410, 95313, 67626, 61778, 10727, 89377, 37482, 45594, 34932, 17260, 28241, 94797, 26052, 23531, 90086, 15960, 81528, 32321, 35167, 20274, 11327, 18349, 24819, 16188, 45023, 56618, 85558, 52445, 76045, 7010, 39667, 97499, 27217, 6922, 66669, 41143, 82468, 17121, 9153, 82171, 29623, 91642, 3023, 69588, 47419, 86211, 71966, 80845, 68320, 13455, 37727, 52220, 74702, 43968, 32800, 43782, 66266, 15493, 61506, 51999, 45231, 78441, 55374, 45332, 33666, 99772, 17526, 93054, 75932, 18681, 44005, 52642, 79466, 41665, 71733, 67212, 52963, 45410, 97177, 3676, 65899, 60266, 6015, 31478, 67272, 29789, 47236, 62659, 19112, 76732, 55297, 44711, 19662, 33344, 75613, 43681, 51180, 63551, 81969, 93251, 48767, 14416]})"
141.0,3,12,76,13.130995273590088,418,"Genotype(dna={""<class 'abc.NT_0012'>"": [0, 89047], ""<class 'abc.NT_0012_P_00000'>"": [], ""<class 'abc.NT_0007'>"": [55058, 96429, 2662], ""<class 'abc.NT_0007_P_00000'>"": [], ""<class 'abc.NT_0002'>"": [0, 48333, 27356], ""<class 'abc.NT_0002_P_00000'>"": [], ""<class 'abc.NT_0000'>"": [42184, 70052, 0, 91804, 0, 0, 36773, 0, 64804], ""<class 'abc.NT_0000_P_00000'>"": [], ""<class 'abc.NT_0001'>"": [0, 49937, 0, 86169, 43681], ""<class 'abc.NT_0001_P_00000'>"": [], ""<class 'bool'>"": [70796, 41936, 41546, 8512, 21121, 28869], ""<class 'int'>"": [25155, 52427, 13216, 14861, 37066, 43227, 14416], ""<class 'abc.NT_0005'>"": [0, 37639], ""<class 'abc.NT_0005_P_00000'>"": [], ""<class 'abc.NT_0003'>"": [33650, 52703], ""<class 'abc.NT_0003_P_00000'>"": [], ""<class 'abc.NT_0004'>"": [0, 59983], ""<class 'abc.NT_0004_P_00000'>"": [], '$leftovers': [81600, 92981, 24586, 80507, 48909, 56302, 48279, 39596, 8177, 41048, 54709, 2141, 36382, 30231, 79303, 45906, 3600, 72448, 85756, 62232, 76728, 12314, 10402, 99348, 82540, 3143, 2927, 63383, 24684, 56849, 91234, 96607, 11663, 55655, 70782, 65921, 46458, 89721, 42004, 84925, 23942, 57205, 447, 66040, 89769, 37633, 53881, 33471, 84899, 77962, 79382, 63421, 42354, 22565, 54622, 78399, 707, 24478, 73210, 60708, 91176, 39440, 68267, 67164, 86078, 78891, 1648, 1984, 34860, 67089, 14873, 85945, 27946, 91486, 43571, 81436, 24346, 46853, 90833, 93204, 67569, 28562, 65707, 64260, 79507, 5703, 7091, 64658, 51775, 12742, 9851, 57202, 62567, 20339, 98771, 84993, 42327, 6461, 36932, 81439, 47467, 62039, 83881, 12894, 32233, 8056, 28809, 72665, 37010, 26904, 8831, 28758, 41940, 50619, 13705, 77050, 31928, 98645, 56591, 24230, 79582, 27434, 95976, 64454, 7019, 17483, 21240, 67326, 59414, 72680, 9039, 51925, 93310, 67483, 64406, 48515, 88431, 2658, 13619, 9790, 17053, 28910, 57659, 77924, 99848, 89052, 47667, 8134, 19606, 85887, 52665, 28157, 42807, 17016, 89094, 61528, 2617, 28737, 93170, 38813, 99354, 15028, 23722, 65353, 29533, 99753, 41981, 50418, 14162, 78477, 44874, 48013, 99700, 22092, 35260, 90200, 89643, 20702, 91024, 9577, 56981, 30550, 61179, 18259, 57231, 87191, 55757, 3244, 78476, 74777, 24995, 31614, 77943, 7036, 49566, 58360, 3004, 53252, 66953, 74656, 74210, 27963, 52379, 63796, 99017, 55895, 25648, 47745, 62726, 60872, 9501, 49057, 94539, 87198, 63764, 99938, 10128, 80210, 46135, 51655, 83482, 38148, 24164, 27359, 56722, 28341, 25100, 45456, 58831, 30641, 35297, 10655, 57535, 34439, 9062, 29603, 80404, 81266, 30591, 52083, 4329, 59237, 41782, 63886, 44622, 7276, 5883, 7811, 9363, 36177, 85829, 72401, 69637, 5311, 68134, 6919, 88426, 70653, 4616, 46013, 92629, 59024, 92702, 43046, 89779, 385, 55229, 28239, 12254, 26194, 26075, 97973, 61281, 36055, 35286, 66986, 28883, 19934, 88098, 4790, 83498, 37148, 15666, 87010, 55539, 7569, 68859, 64018, 42555, 25550, 49766, 42788, 84258, 51569, 68268, 3156, 96561, 85693, 51070, 36377, 65819, 96179, 39579, 24584, 28035, 59376, 1204, 11150, 48792, 45926, 85267, 91074, 94546, 96796, 37903, 59781, 4539, 61677, 99460, 13625, 61547, 50670, 13613, 59753, 22915, 2621, 41331, 81995, 39637, 22957, 79002, 77248, 80855, 23226, 52229, 79789, 70273, 33650, 98693, 42923, 5145, 90463, 16373, 37110, 73707, 81260, 22037, 73958, 71109, 87766, 33357, 36160, 30428, 68575, 62987, 54541, 93429, 10734, 56468, 10160, 92379, 48026, 42646, 26036, 13198, 24697, 89401, 2013, 24257, 16393, 7549, 56761, 59383, 92698, 47833, 9115, 80083, 27886, 98520, 84184, 46396, 32324, 55136, 33043, 94733, 39299, 68268, 17957, 41681, 95283, 74312, 19569, 5501, 96364, 37614, 98620, 35413, 23136, 13438, 71840, 85129, 48571, 41673, 12536, 28619, 39045, 31089, 96567, 57611, 19490, 3253, 59735, 37115, 23031, 12955, 69562, 87443, 43955, 64586, 64395, 83855, 28306, 89637, 82455, 41564, 62224, 83458, 72706, 39687, 18580, 37123, 88608, 78134, 31325, 99919, 83099, 93340, 64560, 40152, 49911, 90599, 5214, 94580, 49233, 60885, 57752, 18427, 57803, 29767, 82380, 44062, 42873, 35236, 96454, 6296, 761, 18195, 33989, 94984, 70688, 90636, 6806, 73662, 94256, 41102, 28770, 46150, 73640, 11449, 24920, 21310, 85454, 94863, 91863, 23315, 17597, 20217, 91794, 34166, 77109, 46637, 32144, 83158, 26247, 76783, 57366, 76170, 90953, 82914, 78347, 9798, 36943, 73386, 68382, 52072, 12414, 41189, 86486, 60473, 16665, 45781, 59592, 86919, 63519, 25794, 53453, 64363, 96508, 16128, 92416, 22277, 24310, 86063, 67165, 46227, 54481, 89870, 69212, 62340, 60412, 71112, 23023, 34509, 92116, 7217, 63002, 41259, 50000, 8793, 4594, 30483, 62653, 83938, 83503, 31483, 10365, 49442, 30804, 45981, 6968, 91617, 92210, 54325, 96831, 5008, 28389, 68581, 10722, 76148, 95354, 73970, 68860, 62036, 98213, 81300, 79566, 11781, 37080, 43953, 62574, 60034, 62154, 78716, 7847, 44434, 11159, 20786, 57220, 86148, 89532, 79123, 19828, 71554, 38321, 92355, 28120, 6885, 40594, 84932, 47779, 99847, 92498, 86367, 71489, 51939, 10303, 75651, 2814, 54873, 58078, 82260, 4131, 16111, 36323, 80831, 56586, 23086, 62810, 48333, 30508, 86384, 27684, 56737, 96345, 97308, 91048, 25778, 26424, 16979, 77059, 87484, 650, 10501, 7664, 42399, 66368, 72428, 90313, 68581, 95408, 58719, 7010, 71100, 38694, 62269, 88515, 87114, 60082, 74975, 47648, 95486, 87637, 66308, 20895, 66554, 33908, 42049, 56894, 28029, 53349, 69094, 28178, 10701, 80203, 12390, 30718, 61309, 79054, 80067, 87669, 18429, 56382, 67438, 53640, 19668, 83077, 8515, 32853, 16711, 65061, 42899, 66125, 28921, 47414, 77777, 7836, 59293, 12583, 45182, 70935, 11108, 65079, 57419, 58720, 99394, 41111, 59469, 41454, 95010, 96686, 20780, 37583, 91647, 99794, 21826, 42117, 12468, 34122, 46653, 81774, 80852, 20118, 37608, 92311, 79336, 51578, 35457, 31958, 86730, 96687, 11146, 78075, 16211, 44286, 64844, 65338, 10895, 10275, 77020, 73939, 97538, 77164, 89934, 19330, 65432, 21836, 62675, 2218, 30434, 72578, 3673, 40750, 56210, 87412, 64425, 15775, 78636, 80433, 91705, 39505, 7027, 29105, 87238, 78396, 99457, 72495, 465, 26796, 81547, 80667, 30823, 69059, 7899, 78032, 78440, 81817, 20294, 87763, 12034, 87734, 24471, 82031, 64016, 50288, 34228, 63282, 50920, 30581, 84203, 633, 87248, 12770, 97953, 13053, 95572, 37949, 74063, 36227, 29715, 49813, 21145, 87009, 80874, 37059, 87639, 40612, 24590, 86721, 77317, 98113, 76274, 67052, 89971, 13754, 59718, 87879, 93901, 12293, 67642, 78449, 64313, 44591, 70027, 35247, 66295, 59710, 40038, 34813, 87962, 6454, 75437, 34184, 50284, 17941, 64231, 49977, 2028, 59502, 60727, 26582, 79999, 6279, 85230, 43569, 67203, 58331, 72913, 30171, 1727, 41946, 90745, 71914, 86277, 5832, 11177, 57599, 86212, 61606, 28255, 80106, 54547, 15980, 77212, 3027, 83112, 17125, 76921, 4837, 26444, 13210, 89259, 46651, 77381, 66788, 11296, 33774, 81105, 70945, 61130, 72200, 65714, 63243, 61476, 76626, 59438, 32822, 8711, 94850, 65916, 7693, 21486, 24715, 26506, 21007, 33133, 38566, 99647, 25770, 19442, 13318, 78963, 57647, 12222, 92372, 45896, 92440, 69281, 19151, 44863, 76918, 22077, 63058, 94435, 38449, 64109, 20310, 83672, 22901, 14278, 33390, 13900, 63275, 55898, 16247, 33785, 54297, 8437, 54820, 83410, 95313, 67626, 61778, 10727, 89377, 37482, 45594, 34932, 17260, 28241, 94797, 26052, 23531, 90086, 15960, 81528, 32321, 35167, 20274, 11327, 18349, 24819, 16188, 45023, 56618, 85558, 52445, 76045, 7010, 39667, 97499, 27217, 6922, 66669, 41143, 82468, 17121, 9153, 82171, 29623, 91642, 3023, 69588, 47419, 86211, 71966, 80845, 68320, 13455, 37727, 52220, 74702, 43968, 32800, 43782, 66266, 15493, 61506, 51999, 45231, 78441, 55374, 45332, 33666, 99772, 17526, 93054, 75932, 18681, 44005, 52642, 79466, 41665, 71733, 67212, 52963, 45410, 97177, 3676, 65899, 60266, 6015, 31478, 67272, 29789, 47236, 62659, 19112, 76732, 55297, 44711, 19662, 33344, 75613, 43681, 51180, 63551, 81969, 93251, 48767, 14416]})"
141.0,3,12,77,13.248667478561401,418,"Genotype(dna={""<class 'abc.NT_0012'>"": [0, 89047], ""<class 'abc.NT_0012_P_00000'>"": [], ""<class 'abc.NT_0007'>"": [55058, 96429, 2662], ""<class 'abc.NT_0007_P_00000'>"": [], ""<class 'abc.NT_0002'>"": [0, 48333, 27356], ""<class 'abc.NT_0002_P_00000'>"": [], ""<class 'abc.NT_0000'>"": [42184, 70052, 0, 91804, 0, 0, 36773, 0, 64804], ""<class 'abc.NT_0000_P_00000'>"": [], ""<class 'abc.NT_0001'>"": [0, 49937, 0, 86169, 43681], ""<class 'abc.NT_0001_P_00000'>"": [], ""<class 'bool'>"": [70796, 41936, 41546, 8512, 21121, 28869], ""<class 'int'>"": [25155, 52427, 13216, 14861, 37066, 43227, 14416], ""<class 'abc.NT_0005'>"": [0, 37639], ""<class 'abc.NT_0005_P_00000'>"": [], ""<class 'abc.NT_0003'>"": [33650, 52703], ""<class 'abc.NT_0003_P_00000'>"": [], ""<class 'abc.NT_0004'>"": [0, 59983], ""<class 'abc.NT_0004_P_00000'>"": [], '$leftovers': [81600, 92981, 24586, 80507, 48909, 56302, 48279, 39596, 8177, 41048, 54709, 2141, 36382, 30231, 79303, 45906, 3600, 72448, 85756, 62232, 76728, 12314, 10402, 99348, 82540, 3143, 2927, 63383, 24684, 56849, 91234, 96607, 11663, 55655, 70782, 65921, 46458, 89721, 42004, 84925, 23942, 57205, 447, 66040, 89769, 37633, 53881, 33471, 84899, 77962, 79382, 63421, 42354, 22565, 54622, 78399, 707, 24478, 73210, 60708, 91176, 39440, 68267, 67164, 86078, 78891, 1648, 1984, 34860, 67089, 14873, 85945, 27946, 91486, 43571, 81436, 24346, 46853, 90833, 93204, 67569, 28562, 65707, 64260, 79507, 5703, 7091, 64658, 51775, 12742, 9851, 57202, 62567, 20339, 98771, 84993, 42327, 6461, 36932, 81439, 47467, 62039, 83881, 12894, 32233, 8056, 28809, 72665, 37010, 26904, 8831, 28758, 41940, 50619, 13705, 77050, 31928, 98645, 56591, 24230, 79582, 27434, 95976, 64454, 7019, 17483, 21240, 67326, 59414, 72680, 9039, 51925, 93310, 67483, 64406, 48515, 88431, 2658, 13619, 9790, 17053, 28910, 57659, 77924, 99848, 89052, 47667, 8134, 19606, 85887, 52665, 28157, 42807, 17016, 89094, 61528, 2617, 28737, 93170, 38813, 99354, 15028, 23722, 65353, 29533, 99753, 41981, 50418, 14162, 78477, 44874, 48013, 99700, 22092, 35260, 90200, 89643, 20702, 91024, 9577, 56981, 30550, 61179, 18259, 57231, 87191, 55757, 3244, 78476, 74777, 24995, 31614, 77943, 7036, 49566, 58360, 3004, 53252, 66953, 74656, 74210, 27963, 52379, 63796, 99017, 55895, 25648, 47745, 62726, 60872, 9501, 49057, 94539, 87198, 63764, 99938, 10128, 80210, 46135, 51655, 83482, 38148, 24164, 27359, 56722, 28341, 25100, 45456, 58831, 30641, 35297, 10655, 57535, 34439, 9062, 29603, 80404, 81266, 30591, 52083, 4329, 59237, 41782, 63886, 44622, 7276, 5883, 7811, 9363, 36177, 85829, 72401, 69637, 5311, 68134, 6919, 88426, 70653, 4616, 46013, 92629, 59024, 92702, 43046, 89779, 385, 55229, 28239, 12254, 26194, 26075, 97973, 61281, 36055, 35286, 66986, 28883, 19934, 88098, 4790, 83498, 37148, 15666, 87010, 55539, 7569, 68859, 64018, 42555, 25550, 49766, 42788, 84258, 51569, 68268, 3156, 96561, 85693, 51070, 36377, 65819, 96179, 39579, 24584, 28035, 59376, 1204, 11150, 48792, 45926, 85267, 91074, 94546, 96796, 37903, 59781, 4539, 61677, 99460, 13625, 61547, 50670, 13613, 59753, 22915, 2621, 41331, 81995, 39637, 22957, 79002, 77248, 80855, 23226, 52229, 79789, 70273, 33650, 98693, 42923, 5145, 90463, 16373, 37110, 73707, 81260, 22037, 73958, 71109, 87766, 33357, 36160, 30428, 68575, 62987, 54541, 93429, 10734, 56468, 10160, 92379, 48026, 42646, 26036, 13198, 24697, 89401, 2013, 24257, 16393, 7549, 56761, 59383, 92698, 47833, 9115, 80083, 27886, 98520, 84184, 46396, 32324, 55136, 33043, 94733, 39299, 68268, 17957, 41681, 95283, 74312, 19569, 5501, 96364, 37614, 98620, 35413, 23136, 13438, 71840, 85129, 48571, 41673, 12536, 28619, 39045, 31089, 96567, 57611, 19490, 3253, 59735, 37115, 23031, 12955, 69562, 87443, 43955, 64586, 64395, 83855, 28306, 89637, 82455, 41564, 62224, 83458, 72706, 39687, 18580, 37123, 88608, 78134, 31325, 99919, 83099, 93340, 64560, 40152, 49911, 90599, 5214, 94580, 49233, 60885, 57752, 18427, 57803, 29767, 82380, 44062, 42873, 35236, 96454, 6296, 761, 18195, 33989, 94984, 70688, 90636, 6806, 73662, 94256, 41102, 28770, 46150, 73640, 11449, 24920, 21310, 85454, 94863, 91863, 23315, 17597, 20217, 91794, 34166, 77109, 46637, 32144, 83158, 26247, 76783, 57366, 76170, 90953, 82914, 78347, 9798, 36943, 73386, 68382, 52072, 12414, 41189, 86486, 60473, 16665, 45781, 59592, 86919, 63519, 25794, 53453, 64363, 96508, 16128, 92416, 22277, 24310, 86063, 67165, 46227, 54481, 89870, 69212, 62340, 60412, 71112, 23023, 34509, 92116, 7217, 63002, 41259, 50000, 8793, 4594, 30483, 62653, 83938, 83503, 31483, 10365, 49442, 30804, 45981, 6968, 91617, 92210, 54325, 96831, 5008, 28389, 68581, 10722, 76148, 95354, 73970, 68860, 62036, 98213, 81300, 79566, 11781, 37080, 43953, 62574, 60034, 62154, 78716, 7847, 44434, 11159, 20786, 57220, 86148, 89532, 79123, 19828, 71554, 38321, 92355, 28120, 6885, 40594, 84932, 47779, 99847, 92498, 86367, 71489, 51939, 10303, 75651, 2814, 54873, 58078, 82260, 4131, 16111, 36323, 80831, 56586, 23086, 62810, 48333, 30508, 86384, 27684, 56737, 96345, 97308, 91048, 25778, 26424, 16979, 77059, 87484, 650, 10501, 7664, 42399, 66368, 72428, 90313, 68581, 95408, 58719, 7010, 71100, 38694, 62269, 88515, 87114, 60082, 74975, 47648, 95486, 87637, 66308, 20895, 66554, 33908, 42049, 56894, 28029, 53349, 69094, 28178, 10701, 80203, 12390, 30718, 61309, 79054, 80067, 87669, 18429, 56382, 67438, 53640, 19668, 83077, 8515, 32853, 16711, 65061, 42899, 66125, 28921, 47414, 77777, 7836, 59293, 12583, 45182, 70935, 11108, 65079, 57419, 58720, 99394, 41111, 59469, 41454, 95010, 96686, 20780, 37583, 91647, 99794, 21826, 42117, 12468, 34122, 46653, 81774, 80852, 20118, 37608, 92311, 79336, 51578, 35457, 31958, 86730, 96687, 11146, 78075, 16211, 44286, 64844, 65338, 10895, 10275, 77020, 73939, 97538, 77164, 89934, 19330, 65432, 21836, 62675, 2218, 30434, 72578, 3673, 40750, 56210, 87412, 64425, 15775, 78636, 80433, 91705, 39505, 7027, 29105, 87238, 78396, 99457, 72495, 465, 26796, 81547, 80667, 30823, 69059, 7899, 78032, 78440, 81817, 20294, 87763, 12034, 87734, 24471, 82031, 64016, 50288, 34228, 63282, 50920, 30581, 84203, 633, 87248, 12770, 97953, 13053, 95572, 37949, 74063, 36227, 29715, 49813, 21145, 87009, 80874, 37059, 87639, 40612, 24590, 86721, 77317, 98113, 76274, 67052, 89971, 13754, 59718, 87879, 93901, 12293, 67642, 78449, 64313, 44591, 70027, 35247, 66295, 59710, 40038, 34813, 87962, 6454, 75437, 34184, 50284, 17941, 64231, 49977, 2028, 59502, 60727, 26582, 79999, 6279, 85230, 43569, 67203, 58331, 72913, 30171, 1727, 41946, 90745, 71914, 86277, 5832, 11177, 57599, 86212, 61606, 28255, 80106, 54547, 15980, 77212, 3027, 83112, 17125, 76921, 4837, 26444, 13210, 89259, 46651, 77381, 66788, 11296, 33774, 81105, 70945, 61130, 72200, 65714, 63243, 61476, 76626, 59438, 32822, 8711, 94850, 65916, 7693, 21486, 24715, 26506, 21007, 33133, 38566, 99647, 25770, 19442, 13318, 78963, 57647, 12222, 92372, 45896, 92440, 69281, 19151, 44863, 76918, 22077, 63058, 94435, 38449, 64109, 20310, 83672, 22901, 14278, 33390, 13900, 63275, 55898, 16247, 33785, 54297, 8437, 54820, 83410, 95313, 67626, 61778, 10727, 89377, 37482, 45594, 34932, 17260, 28241, 94797, 26052, 23531, 90086, 15960, 81528, 32321, 35167, 20274, 11327, 18349, 24819, 16188, 45023, 56618, 85558, 52445, 76045, 7010, 39667, 97499, 27217, 6922, 66669, 41143, 82468, 17121, 9153, 82171, 29623, 91642, 3023, 69588, 47419, 86211, 71966, 80845, 68320, 13455, 37727, 52220, 74702, 43968, 32800, 43782, 66266, 15493, 61506, 51999, 45231, 78441, 55374, 45332, 33666, 99772, 17526, 93054, 75932, 18681, 44005, 52642, 79466, 41665, 71733, 67212, 52963, 45410, 97177, 3676, 65899, 60266, 6015, 31478, 67272, 29789, 47236, 62659, 19112, 76732, 55297, 44711, 19662, 33344, 75613, 43681, 51180, 63551, 81969, 93251, 48767, 14416]})"
141.0,3,12,78,13.328008890151978,418,"Genotype(dna={""<class 'abc.NT_0012'>"": [0, 89047], ""<class 'abc.NT_0012_P_00000'>"": [], ""<class 'abc.NT_0007'>"": [55058, 96429, 2662], ""<class 'abc.NT_0007_P_00000'>"": [], ""<class 'abc.NT_0002'>"": [0, 48333, 27356], ""<class 'abc.NT_0002_P_00000'>"": [], ""<class 'abc.NT_0000'>"": [42184, 70052, 0, 91804, 0, 0, 36773, 0, 64804], ""<class 'abc.NT_0000_P_00000'>"": [], ""<class 'abc.NT_0001'>"": [0, 49937, 0, 86169, 43681], ""<class 'abc.NT_0001_P_00000'>"": [], ""<class 'bool'>"": [70796, 41936, 41546, 8512, 21121, 28869], ""<class 'int'>"": [25155, 52427, 13216, 14861, 37066, 43227, 14416], ""<class 'abc.NT_0005'>"": [0, 37639], ""<class 'abc.NT_0005_P_00000'>"": [], ""<class 'abc.NT_0003'>"": [33650, 52703], ""<class 'abc.NT_0003_P_00000'>"": [], ""<class 'abc.NT_0004'>"": [0, 59983], ""<class 'abc.NT_0004_P_00000'>"": [], '$leftovers': [81600, 92981, 24586, 80507, 48909, 56302, 48279, 39596, 8177, 41048, 54709, 2141, 36382, 30231, 79303, 45906, 3600, 72448, 85756, 62232, 76728, 12314, 10402, 99348, 82540, 3143, 2927, 63383, 24684, 56849, 91234, 96607, 11663, 55655, 70782, 65921, 46458, 89721, 42004, 84925, 23942, 57205, 447, 66040, 89769, 37633, 53881, 33471, 84899, 77962, 79382, 63421, 42354, 22565, 54622, 78399, 707, 24478, 73210, 60708, 91176, 39440, 68267, 67164, 86078, 78891, 1648, 1984, 34860, 67089, 14873, 85945, 27946, 91486, 43571, 81436, 24346, 46853, 90833, 93204, 67569, 28562, 65707, 64260, 79507, 5703, 7091, 64658, 51775, 12742, 9851, 57202, 62567, 20339, 98771, 84993, 42327, 6461, 36932, 81439, 47467, 62039, 83881, 12894, 32233, 8056, 28809, 72665, 37010, 26904, 8831, 28758, 41940, 50619, 13705, 77050, 31928, 98645, 56591, 24230, 79582, 27434, 95976, 64454, 7019, 17483, 21240, 67326, 59414, 72680, 9039, 51925, 93310, 67483, 64406, 48515, 88431, 2658, 13619, 9790, 17053, 28910, 57659, 77924, 99848, 89052, 47667, 8134, 19606, 85887, 52665, 28157, 42807, 17016, 89094, 61528, 2617, 28737, 93170, 38813, 99354, 15028, 23722, 65353, 29533, 99753, 41981, 50418, 14162, 78477, 44874, 48013, 99700, 22092, 35260, 90200, 89643, 20702, 91024, 9577, 56981, 30550, 61179, 18259, 57231, 87191, 55757, 3244, 78476, 74777, 24995, 31614, 77943, 7036, 49566, 58360, 3004, 53252, 66953, 74656, 74210, 27963, 52379, 63796, 99017, 55895, 25648, 47745, 62726, 60872, 9501, 49057, 94539, 87198, 63764, 99938, 10128, 80210, 46135, 51655, 83482, 38148, 24164, 27359, 56722, 28341, 25100, 45456, 58831, 30641, 35297, 10655, 57535, 34439, 9062, 29603, 80404, 81266, 30591, 52083, 4329, 59237, 41782, 63886, 44622, 7276, 5883, 7811, 9363, 36177, 85829, 72401, 69637, 5311, 68134, 6919, 88426, 70653, 4616, 46013, 92629, 59024, 92702, 43046, 89779, 385, 55229, 28239, 12254, 26194, 26075, 97973, 61281, 36055, 35286, 66986, 28883, 19934, 88098, 4790, 83498, 37148, 15666, 87010, 55539, 7569, 68859, 64018, 42555, 25550, 49766, 42788, 84258, 51569, 68268, 3156, 96561, 85693, 51070, 36377, 65819, 96179, 39579, 24584, 28035, 59376, 1204, 11150, 48792, 45926, 85267, 91074, 94546, 96796, 37903, 59781, 4539, 61677, 99460, 13625, 61547, 50670, 13613, 59753, 22915, 2621, 41331, 81995, 39637, 22957, 79002, 77248, 80855, 23226, 52229, 79789, 70273, 33650, 98693, 42923, 5145, 90463, 16373, 37110, 73707, 81260, 22037, 73958, 71109, 87766, 33357, 36160, 30428, 68575, 62987, 54541, 93429, 10734, 56468, 10160, 92379, 48026, 42646, 26036, 13198, 24697, 89401, 2013, 24257, 16393, 7549, 56761, 59383, 92698, 47833, 9115, 80083, 27886, 98520, 84184, 46396, 32324, 55136, 33043, 94733, 39299, 68268, 17957, 41681, 95283, 74312, 19569, 5501, 96364, 37614, 98620, 35413, 23136, 13438, 71840, 85129, 48571, 41673, 12536, 28619, 39045, 31089, 96567, 57611, 19490, 3253, 59735, 37115, 23031, 12955, 69562, 87443, 43955, 64586, 64395, 83855, 28306, 89637, 82455, 41564, 62224, 83458, 72706, 39687, 18580, 37123, 88608, 78134, 31325, 99919, 83099, 93340, 64560, 40152, 49911, 90599, 5214, 94580, 49233, 60885, 57752, 18427, 57803, 29767, 82380, 44062, 42873, 35236, 96454, 6296, 761, 18195, 33989, 94984, 70688, 90636, 6806, 73662, 94256, 41102, 28770, 46150, 73640, 11449, 24920, 21310, 85454, 94863, 91863, 23315, 17597, 20217, 91794, 34166, 77109, 46637, 32144, 83158, 26247, 76783, 57366, 76170, 90953, 82914, 78347, 9798, 36943, 73386, 68382, 52072, 12414, 41189, 86486, 60473, 16665, 45781, 59592, 86919, 63519, 25794, 53453, 64363, 96508, 16128, 92416, 22277, 24310, 86063, 67165, 46227, 54481, 89870, 69212, 62340, 60412, 71112, 23023, 34509, 92116, 7217, 63002, 41259, 50000, 8793, 4594, 30483, 62653, 83938, 83503, 31483, 10365, 49442, 30804, 45981, 6968, 91617, 92210, 54325, 96831, 5008, 28389, 68581, 10722, 76148, 95354, 73970, 68860, 62036, 98213, 81300, 79566, 11781, 37080, 43953, 62574, 60034, 62154, 78716, 7847, 44434, 11159, 20786, 57220, 86148, 89532, 79123, 19828, 71554, 38321, 92355, 28120, 6885, 40594, 84932, 47779, 99847, 92498, 86367, 71489, 51939, 10303, 75651, 2814, 54873, 58078, 82260, 4131, 16111, 36323, 80831, 56586, 23086, 62810, 48333, 30508, 86384, 27684, 56737, 96345, 97308, 91048, 25778, 26424, 16979, 77059, 87484, 650, 10501, 7664, 42399, 66368, 72428, 90313, 68581, 95408, 58719, 7010, 71100, 38694, 62269, 88515, 87114, 60082, 74975, 47648, 95486, 87637, 66308, 20895, 66554, 33908, 42049, 56894, 28029, 53349, 69094, 28178, 10701, 80203, 12390, 30718, 61309, 79054, 80067, 87669, 18429, 56382, 67438, 53640, 19668, 83077, 8515, 32853, 16711, 65061, 42899, 66125, 28921, 47414, 77777, 7836, 59293, 12583, 45182, 70935, 11108, 65079, 57419, 58720, 99394, 41111, 59469, 41454, 95010, 96686, 20780, 37583, 91647, 99794, 21826, 42117, 12468, 34122, 46653, 81774, 80852, 20118, 37608, 92311, 79336, 51578, 35457, 31958, 86730, 96687, 11146, 78075, 16211, 44286, 64844, 65338, 10895, 10275, 77020, 73939, 97538, 77164, 89934, 19330, 65432, 21836, 62675, 2218, 30434, 72578, 3673, 40750, 56210, 87412, 64425, 15775, 78636, 80433, 91705, 39505, 7027, 29105, 87238, 78396, 99457, 72495, 465, 26796, 81547, 80667, 30823, 69059, 7899, 78032, 78440, 81817, 20294, 87763, 12034, 87734, 24471, 82031, 64016, 50288, 34228, 63282, 50920, 30581, 84203, 633, 87248, 12770, 97953, 13053, 95572, 37949, 74063, 36227, 29715, 49813, 21145, 87009, 80874, 37059, 87639, 40612, 24590, 86721, 77317, 98113, 76274, 67052, 89971, 13754, 59718, 87879, 93901, 12293, 67642, 78449, 64313, 44591, 70027, 35247, 66295, 59710, 40038, 34813, 87962, 6454, 75437, 34184, 50284, 17941, 64231, 49977, 2028, 59502, 60727, 26582, 79999, 6279, 85230, 43569, 67203, 58331, 72913, 30171, 1727, 41946, 90745, 71914, 86277, 5832, 11177, 57599, 86212, 61606, 28255, 80106, 54547, 15980, 77212, 3027, 83112, 17125, 76921, 4837, 26444, 13210, 89259, 46651, 77381, 66788, 11296, 33774, 81105, 70945, 61130, 72200, 65714, 63243, 61476, 76626, 59438, 32822, 8711, 94850, 65916, 7693, 21486, 24715, 26506, 21007, 33133, 38566, 99647, 25770, 19442, 13318, 78963, 57647, 12222, 92372, 45896, 92440, 69281, 19151, 44863, 76918, 22077, 63058, 94435, 38449, 64109, 20310, 83672, 22901, 14278, 33390, 13900, 63275, 55898, 16247, 33785, 54297, 8437, 54820, 83410, 95313, 67626, 61778, 10727, 89377, 37482, 45594, 34932, 17260, 28241, 94797, 26052, 23531, 90086, 15960, 81528, 32321, 35167, 20274, 11327, 18349, 24819, 16188, 45023, 56618, 85558, 52445, 76045, 7010, 39667, 97499, 27217, 6922, 66669, 41143, 82468, 17121, 9153, 82171, 29623, 91642, 3023, 69588, 47419, 86211, 71966, 80845, 68320, 13455, 37727, 52220, 74702, 43968, 32800, 43782, 66266, 15493, 61506, 51999, 45231, 78441, 55374, 45332, 33666, 99772, 17526, 93054, 75932, 18681, 44005, 52642, 79466, 41665, 71733, 67212, 52963, 45410, 97177, 3676, 65899, 60266, 6015, 31478, 67272, 29789, 47236, 62659, 19112, 76732, 55297, 44711, 19662, 33344, 75613, 43681, 51180, 63551, 81969, 93251, 48767, 14416]})"
141.0,3,12,79,13.398621082305908,418,"Genotype(dna={""<class 'abc.NT_0012'>"": [0, 89047], ""<class 'abc.NT_0012_P_00000'>"": [], ""<class 'abc.NT_0007'>"": [55058, 96429, 2662], ""<class 'abc.NT_0007_P_00000'>"": [], ""<class 'abc.NT_0002'>"": [0, 48333, 27356], ""<class 'abc.NT_0002_P_00000'>"": [], ""<class 'abc.NT_0000'>"": [42184, 70052, 0, 91804, 0, 0, 36773, 0, 64804], ""<class 'abc.NT_0000_P_00000'>"": [], ""<class 'abc.NT_0001'>"": [0, 49937, 0, 86169, 43681], ""<class 'abc.NT_0001_P_00000'>"": [], ""<class 'bool'>"": [70796, 41936, 41546, 8512, 21121, 28869], ""<class 'int'>"": [25155, 52427, 13216, 14861, 37066, 43227, 14416], ""<class 'abc.NT_0005'>"": [0, 37639], ""<class 'abc.NT_0005_P_00000'>"": [], ""<class 'abc.NT_0003'>"": [33650, 52703], ""<class 'abc.NT_0003_P_00000'>"": [], ""<class 'abc.NT_0004'>"": [0, 59983], ""<class 'abc.NT_0004_P_00000'>"": [], '$leftovers': [81600, 92981, 24586, 80507, 48909, 56302, 48279, 39596, 8177, 41048, 54709, 2141, 36382, 30231, 79303, 45906, 3600, 72448, 85756, 62232, 76728, 12314, 10402, 99348, 82540, 3143, 2927, 63383, 24684, 56849, 91234, 96607, 11663, 55655, 70782, 65921, 46458, 89721, 42004, 84925, 23942, 57205, 447, 66040, 89769, 37633, 53881, 33471, 84899, 77962, 79382, 63421, 42354, 22565, 54622, 78399, 707, 24478, 73210, 60708, 91176, 39440, 68267, 67164, 86078, 78891, 1648, 1984, 34860, 67089, 14873, 85945, 27946, 91486, 43571, 81436, 24346, 46853, 90833, 93204, 67569, 28562, 65707, 64260, 79507, 5703, 7091, 64658, 51775, 12742, 9851, 57202, 62567, 20339, 98771, 84993, 42327, 6461, 36932, 81439, 47467, 62039, 83881, 12894, 32233, 8056, 28809, 72665, 37010, 26904, 8831, 28758, 41940, 50619, 13705, 77050, 31928, 98645, 56591, 24230, 79582, 27434, 95976, 64454, 7019, 17483, 21240, 67326, 59414, 72680, 9039, 51925, 93310, 67483, 64406, 48515, 88431, 2658, 13619, 9790, 17053, 28910, 57659, 77924, 99848, 89052, 47667, 8134, 19606, 85887, 52665, 28157, 42807, 17016, 89094, 61528, 2617, 28737, 93170, 38813, 99354, 15028, 23722, 65353, 29533, 99753, 41981, 50418, 14162, 78477, 44874, 48013, 99700, 22092, 35260, 90200, 89643, 20702, 91024, 9577, 56981, 30550, 61179, 18259, 57231, 87191, 55757, 3244, 78476, 74777, 24995, 31614, 77943, 7036, 49566, 58360, 3004, 53252, 66953, 74656, 74210, 27963, 52379, 63796, 99017, 55895, 25648, 47745, 62726, 60872, 9501, 49057, 94539, 87198, 63764, 99938, 10128, 80210, 46135, 51655, 83482, 38148, 24164, 27359, 56722, 28341, 25100, 45456, 58831, 30641, 35297, 10655, 57535, 34439, 9062, 29603, 80404, 81266, 30591, 52083, 4329, 59237, 41782, 63886, 44622, 7276, 5883, 7811, 9363, 36177, 85829, 72401, 69637, 5311, 68134, 6919, 88426, 70653, 4616, 46013, 92629, 59024, 92702, 43046, 89779, 385, 55229, 28239, 12254, 26194, 26075, 97973, 61281, 36055, 35286, 66986, 28883, 19934, 88098, 4790, 83498, 37148, 15666, 87010, 55539, 7569, 68859, 64018, 42555, 25550, 49766, 42788, 84258, 51569, 68268, 3156, 96561, 85693, 51070, 36377, 65819, 96179, 39579, 24584, 28035, 59376, 1204, 11150, 48792, 45926, 85267, 91074, 94546, 96796, 37903, 59781, 4539, 61677, 99460, 13625, 61547, 50670, 13613, 59753, 22915, 2621, 41331, 81995, 39637, 22957, 79002, 77248, 80855, 23226, 52229, 79789, 70273, 33650, 98693, 42923, 5145, 90463, 16373, 37110, 73707, 81260, 22037, 73958, 71109, 87766, 33357, 36160, 30428, 68575, 62987, 54541, 93429, 10734, 56468, 10160, 92379, 48026, 42646, 26036, 13198, 24697, 89401, 2013, 24257, 16393, 7549, 56761, 59383, 92698, 47833, 9115, 80083, 27886, 98520, 84184, 46396, 32324, 55136, 33043, 94733, 39299, 68268, 17957, 41681, 95283, 74312, 19569, 5501, 96364, 37614, 98620, 35413, 23136, 13438, 71840, 85129, 48571, 41673, 12536, 28619, 39045, 31089, 96567, 57611, 19490, 3253, 59735, 37115, 23031, 12955, 69562, 87443, 43955, 64586, 64395, 83855, 28306, 89637, 82455, 41564, 62224, 83458, 72706, 39687, 18580, 37123, 88608, 78134, 31325, 99919, 83099, 93340, 64560, 40152, 49911, 90599, 5214, 94580, 49233, 60885, 57752, 18427, 57803, 29767, 82380, 44062, 42873, 35236, 96454, 6296, 761, 18195, 33989, 94984, 70688, 90636, 6806, 73662, 94256, 41102, 28770, 46150, 73640, 11449, 24920, 21310, 85454, 94863, 91863, 23315, 17597, 20217, 91794, 34166, 77109, 46637, 32144, 83158, 26247, 76783, 57366, 76170, 90953, 82914, 78347, 9798, 36943, 73386, 68382, 52072, 12414, 41189, 86486, 60473, 16665, 45781, 59592, 86919, 63519, 25794, 53453, 64363, 96508, 16128, 92416, 22277, 24310, 86063, 67165, 46227, 54481, 89870, 69212, 62340, 60412, 71112, 23023, 34509, 92116, 7217, 63002, 41259, 50000, 8793, 4594, 30483, 62653, 83938, 83503, 31483, 10365, 49442, 30804, 45981, 6968, 91617, 92210, 54325, 96831, 5008, 28389, 68581, 10722, 76148, 95354, 73970, 68860, 62036, 98213, 81300, 79566, 11781, 37080, 43953, 62574, 60034, 62154, 78716, 7847, 44434, 11159, 20786, 57220, 86148, 89532, 79123, 19828, 71554, 38321, 92355, 28120, 6885, 40594, 84932, 47779, 99847, 92498, 86367, 71489, 51939, 10303, 75651, 2814, 54873, 58078, 82260, 4131, 16111, 36323, 80831, 56586, 23086, 62810, 48333, 30508, 86384, 27684, 56737, 96345, 97308, 91048, 25778, 26424, 16979, 77059, 87484, 650, 10501, 7664, 42399, 66368, 72428, 90313, 68581, 95408, 58719, 7010, 71100, 38694, 62269, 88515, 87114, 60082, 74975, 47648, 95486, 87637, 66308, 20895, 66554, 33908, 42049, 56894, 28029, 53349, 69094, 28178, 10701, 80203, 12390, 30718, 61309, 79054, 80067, 87669, 18429, 56382, 67438, 53640, 19668, 83077, 8515, 32853, 16711, 65061, 42899, 66125, 28921, 47414, 77777, 7836, 59293, 12583, 45182, 70935, 11108, 65079, 57419, 58720, 99394, 41111, 59469, 41454, 95010, 96686, 20780, 37583, 91647, 99794, 21826, 42117, 12468, 34122, 46653, 81774, 80852, 20118, 37608, 92311, 79336, 51578, 35457, 31958, 86730, 96687, 11146, 78075, 16211, 44286, 64844, 65338, 10895, 10275, 77020, 73939, 97538, 77164, 89934, 19330, 65432, 21836, 62675, 2218, 30434, 72578, 3673, 40750, 56210, 87412, 64425, 15775, 78636, 80433, 91705, 39505, 7027, 29105, 87238, 78396, 99457, 72495, 465, 26796, 81547, 80667, 30823, 69059, 7899, 78032, 78440, 81817, 20294, 87763, 12034, 87734, 24471, 82031, 64016, 50288, 34228, 63282, 50920, 30581, 84203, 633, 87248, 12770, 97953, 13053, 95572, 37949, 74063, 36227, 29715, 49813, 21145, 87009, 80874, 37059, 87639, 40612, 24590, 86721, 77317, 98113, 76274, 67052, 89971, 13754, 59718, 87879, 93901, 12293, 67642, 78449, 64313, 44591, 70027, 35247, 66295, 59710, 40038, 34813, 87962, 6454, 75437, 34184, 50284, 17941, 64231, 49977, 2028, 59502, 60727, 26582, 79999, 6279, 85230, 43569, 67203, 58331, 72913, 30171, 1727, 41946, 90745, 71914, 86277, 5832, 11177, 57599, 86212, 61606, 28255, 80106, 54547, 15980, 77212, 3027, 83112, 17125, 76921, 4837, 26444, 13210, 89259, 46651, 77381, 66788, 11296, 33774, 81105, 70945, 61130, 72200, 65714, 63243, 61476, 76626, 59438, 32822, 8711, 94850, 65916, 7693, 21486, 24715, 26506, 21007, 33133, 38566, 99647, 25770, 19442, 13318, 78963, 57647, 12222, 92372, 45896, 92440, 69281, 19151, 44863, 76918, 22077, 63058, 94435, 38449, 64109, 20310, 83672, 22901, 14278, 33390, 13900, 63275, 55898, 16247, 33785, 54297, 8437, 54820, 83410, 95313, 67626, 61778, 10727, 89377, 37482, 45594, 34932, 17260, 28241, 94797, 26052, 23531, 90086, 15960, 81528, 32321, 35167, 20274, 11327, 18349, 24819, 16188, 45023, 56618, 85558, 52445, 76045, 7010, 39667, 97499, 27217, 6922, 66669, 41143, 82468, 17121, 9153, 82171, 29623, 91642, 3023, 69588, 47419, 86211, 71966, 80845, 68320, 13455, 37727, 52220, 74702, 43968, 32800, 43782, 66266, 15493, 61506, 51999, 45231, 78441, 55374, 45332, 33666, 99772, 17526, 93054, 75932, 18681, 44005, 52642, 79466, 41665, 71733, 67212, 52963, 45410, 97177, 3676, 65899, 60266, 6015, 31478, 67272, 29789, 47236, 62659, 19112, 76732, 55297, 44711, 19662, 33344, 75613, 43681, 51180, 63551, 81969, 93251, 48767, 14416]})"
141.0,3,12,80,13.563443899154663,418,"Genotype(dna={""<class 'abc.NT_0012'>"": [0, 89047], ""<class 'abc.NT_0012_P_00000'>"": [], ""<class 'abc.NT_0007'>"": [55058, 96429, 2662], ""<class 'abc.NT_0007_P_00000'>"": [], ""<class 'abc.NT_0002'>"": [0, 48333, 27356], ""<class 'abc.NT_0002_P_00000'>"": [], ""<class 'abc.NT_0000'>"": [42184, 70052, 0, 91804, 0, 0, 36773, 0, 64804], ""<class 'abc.NT_0000_P_00000'>"": [], ""<class 'abc.NT_0001'>"": [0, 49937, 0, 86169, 43681], ""<class 'abc.NT_0001_P_00000'>"": [], ""<class 'bool'>"": [70796, 41936, 41546, 8512, 21121, 28869], ""<class 'int'>"": [25155, 52427, 13216, 14861, 37066, 43227, 14416], ""<class 'abc.NT_0005'>"": [0, 37639], ""<class 'abc.NT_0005_P_00000'>"": [], ""<class 'abc.NT_0003'>"": [33650, 52703], ""<class 'abc.NT_0003_P_00000'>"": [], ""<class 'abc.NT_0004'>"": [0, 59983], ""<class 'abc.NT_0004_P_00000'>"": [], '$leftovers': [81600, 92981, 24586, 80507, 48909, 56302, 48279, 39596, 8177, 41048, 54709, 2141, 36382, 30231, 79303, 45906, 3600, 72448, 85756, 62232, 76728, 12314, 10402, 99348, 82540, 3143, 2927, 63383, 24684, 56849, 91234, 96607, 11663, 55655, 70782, 65921, 46458, 89721, 42004, 84925, 23942, 57205, 447, 66040, 89769, 37633, 53881, 33471, 84899, 77962, 79382, 63421, 42354, 22565, 54622, 78399, 707, 24478, 73210, 60708, 91176, 39440, 68267, 67164, 86078, 78891, 1648, 1984, 34860, 67089, 14873, 85945, 27946, 91486, 43571, 81436, 24346, 46853, 90833, 93204, 67569, 28562, 65707, 64260, 79507, 5703, 7091, 64658, 51775, 12742, 9851, 57202, 62567, 20339, 98771, 84993, 42327, 6461, 36932, 81439, 47467, 62039, 83881, 12894, 32233, 8056, 28809, 72665, 37010, 26904, 8831, 28758, 41940, 50619, 13705, 77050, 31928, 98645, 56591, 24230, 79582, 27434, 95976, 64454, 7019, 17483, 21240, 67326, 59414, 72680, 9039, 51925, 93310, 67483, 64406, 48515, 88431, 2658, 13619, 9790, 17053, 28910, 57659, 77924, 99848, 89052, 47667, 8134, 19606, 85887, 52665, 28157, 42807, 17016, 89094, 61528, 2617, 28737, 93170, 38813, 99354, 15028, 23722, 65353, 29533, 99753, 41981, 50418, 14162, 78477, 44874, 48013, 99700, 22092, 35260, 90200, 89643, 20702, 91024, 9577, 56981, 30550, 61179, 18259, 57231, 87191, 55757, 3244, 78476, 74777, 24995, 31614, 77943, 7036, 49566, 58360, 3004, 53252, 66953, 74656, 74210, 27963, 52379, 63796, 99017, 55895, 25648, 47745, 62726, 60872, 9501, 49057, 94539, 87198, 63764, 99938, 10128, 80210, 46135, 51655, 83482, 38148, 24164, 27359, 56722, 28341, 25100, 45456, 58831, 30641, 35297, 10655, 57535, 34439, 9062, 29603, 80404, 81266, 30591, 52083, 4329, 59237, 41782, 63886, 44622, 7276, 5883, 7811, 9363, 36177, 85829, 72401, 69637, 5311, 68134, 6919, 88426, 70653, 4616, 46013, 92629, 59024, 92702, 43046, 89779, 385, 55229, 28239, 12254, 26194, 26075, 97973, 61281, 36055, 35286, 66986, 28883, 19934, 88098, 4790, 83498, 37148, 15666, 87010, 55539, 7569, 68859, 64018, 42555, 25550, 49766, 42788, 84258, 51569, 68268, 3156, 96561, 85693, 51070, 36377, 65819, 96179, 39579, 24584, 28035, 59376, 1204, 11150, 48792, 45926, 85267, 91074, 94546, 96796, 37903, 59781, 4539, 61677, 99460, 13625, 61547, 50670, 13613, 59753, 22915, 2621, 41331, 81995, 39637, 22957, 79002, 77248, 80855, 23226, 52229, 79789, 70273, 33650, 98693, 42923, 5145, 90463, 16373, 37110, 73707, 81260, 22037, 73958, 71109, 87766, 33357, 36160, 30428, 68575, 62987, 54541, 93429, 10734, 56468, 10160, 92379, 48026, 42646, 26036, 13198, 24697, 89401, 2013, 24257, 16393, 7549, 56761, 59383, 92698, 47833, 9115, 80083, 27886, 98520, 84184, 46396, 32324, 55136, 33043, 94733, 39299, 68268, 17957, 41681, 95283, 74312, 19569, 5501, 96364, 37614, 98620, 35413, 23136, 13438, 71840, 85129, 48571, 41673, 12536, 28619, 39045, 31089, 96567, 57611, 19490, 3253, 59735, 37115, 23031, 12955, 69562, 87443, 43955, 64586, 64395, 83855, 28306, 89637, 82455, 41564, 62224, 83458, 72706, 39687, 18580, 37123, 88608, 78134, 31325, 99919, 83099, 93340, 64560, 40152, 49911, 90599, 5214, 94580, 49233, 60885, 57752, 18427, 57803, 29767, 82380, 44062, 42873, 35236, 96454, 6296, 761, 18195, 33989, 94984, 70688, 90636, 6806, 73662, 94256, 41102, 28770, 46150, 73640, 11449, 24920, 21310, 85454, 94863, 91863, 23315, 17597, 20217, 91794, 34166, 77109, 46637, 32144, 83158, 26247, 76783, 57366, 76170, 90953, 82914, 78347, 9798, 36943, 73386, 68382, 52072, 12414, 41189, 86486, 60473, 16665, 45781, 59592, 86919, 63519, 25794, 53453, 64363, 96508, 16128, 92416, 22277, 24310, 86063, 67165, 46227, 54481, 89870, 69212, 62340, 60412, 71112, 23023, 34509, 92116, 7217, 63002, 41259, 50000, 8793, 4594, 30483, 62653, 83938, 83503, 31483, 10365, 49442, 30804, 45981, 6968, 91617, 92210, 54325, 96831, 5008, 28389, 68581, 10722, 76148, 95354, 73970, 68860, 62036, 98213, 81300, 79566, 11781, 37080, 43953, 62574, 60034, 62154, 78716, 7847, 44434, 11159, 20786, 57220, 86148, 89532, 79123, 19828, 71554, 38321, 92355, 28120, 6885, 40594, 84932, 47779, 99847, 92498, 86367, 71489, 51939, 10303, 75651, 2814, 54873, 58078, 82260, 4131, 16111, 36323, 80831, 56586, 23086, 62810, 48333, 30508, 86384, 27684, 56737, 96345, 97308, 91048, 25778, 26424, 16979, 77059, 87484, 650, 10501, 7664, 42399, 66368, 72428, 90313, 68581, 95408, 58719, 7010, 71100, 38694, 62269, 88515, 87114, 60082, 74975, 47648, 95486, 87637, 66308, 20895, 66554, 33908, 42049, 56894, 28029, 53349, 69094, 28178, 10701, 80203, 12390, 30718, 61309, 79054, 80067, 87669, 18429, 56382, 67438, 53640, 19668, 83077, 8515, 32853, 16711, 65061, 42899, 66125, 28921, 47414, 77777, 7836, 59293, 12583, 45182, 70935, 11108, 65079, 57419, 58720, 99394, 41111, 59469, 41454, 95010, 96686, 20780, 37583, 91647, 99794, 21826, 42117, 12468, 34122, 46653, 81774, 80852, 20118, 37608, 92311, 79336, 51578, 35457, 31958, 86730, 96687, 11146, 78075, 16211, 44286, 64844, 65338, 10895, 10275, 77020, 73939, 97538, 77164, 89934, 19330, 65432, 21836, 62675, 2218, 30434, 72578, 3673, 40750, 56210, 87412, 64425, 15775, 78636, 80433, 91705, 39505, 7027, 29105, 87238, 78396, 99457, 72495, 465, 26796, 81547, 80667, 30823, 69059, 7899, 78032, 78440, 81817, 20294, 87763, 12034, 87734, 24471, 82031, 64016, 50288, 34228, 63282, 50920, 30581, 84203, 633, 87248, 12770, 97953, 13053, 95572, 37949, 74063, 36227, 29715, 49813, 21145, 87009, 80874, 37059, 87639, 40612, 24590, 86721, 77317, 98113, 76274, 67052, 89971, 13754, 59718, 87879, 93901, 12293, 67642, 78449, 64313, 44591, 70027, 35247, 66295, 59710, 40038, 34813, 87962, 6454, 75437, 34184, 50284, 17941, 64231, 49977, 2028, 59502, 60727, 26582, 79999, 6279, 85230, 43569, 67203, 58331, 72913, 30171, 1727, 41946, 90745, 71914, 86277, 5832, 11177, 57599, 86212, 61606, 28255, 80106, 54547, 15980, 77212, 3027, 83112, 17125, 76921, 4837, 26444, 13210, 89259, 46651, 77381, 66788, 11296, 33774, 81105, 70945, 61130, 72200, 65714, 63243, 61476, 76626, 59438, 32822, 8711, 94850, 65916, 7693, 21486, 24715, 26506, 21007, 33133, 38566, 99647, 25770, 19442, 13318, 78963, 57647, 12222, 92372, 45896, 92440, 69281, 19151, 44863, 76918, 22077, 63058, 94435, 38449, 64109, 20310, 83672, 22901, 14278, 33390, 13900, 63275, 55898, 16247, 33785, 54297, 8437, 54820, 83410, 95313, 67626, 61778, 10727, 89377, 37482, 45594, 34932, 17260, 28241, 94797, 26052, 23531, 90086, 15960, 81528, 32321, 35167, 20274, 11327, 18349, 24819, 16188, 45023, 56618, 85558, 52445, 76045, 7010, 39667, 97499, 27217, 6922, 66669, 41143, 82468, 17121, 9153, 82171, 29623, 91642, 3023, 69588, 47419, 86211, 71966, 80845, 68320, 13455, 37727, 52220, 74702, 43968, 32800, 43782, 66266, 15493, 61506, 51999, 45231, 78441, 55374, 45332, 33666, 99772, 17526, 93054, 75932, 18681, 44005, 52642, 79466, 41665, 71733, 67212, 52963, 45410, 97177, 3676, 65899, 60266, 6015, 31478, 67272, 29789, 47236, 62659, 19112, 76732, 55297, 44711, 19662, 33344, 75613, 43681, 51180, 63551, 81969, 93251, 48767, 14416]})"
141.0,3,12,81,13.659863233566284,418,"Genotype(dna={""<class 'abc.NT_0012'>"": [0, 89047], ""<class 'abc.NT_0012_P_00000'>"": [], ""<class 'abc.NT_0007'>"": [55058, 96429, 2662], ""<class 'abc.NT_0007_P_00000'>"": [], ""<class 'abc.NT_0002'>"": [0, 48333, 27356], ""<class 'abc.NT_0002_P_00000'>"": [], ""<class 'abc.NT_0000'>"": [42184, 70052, 0, 91804, 0, 0, 36773, 0, 64804], ""<class 'abc.NT_0000_P_00000'>"": [], ""<class 'abc.NT_0001'>"": [0, 49937, 0, 86169, 43681], ""<class 'abc.NT_0001_P_00000'>"": [], ""<class 'bool'>"": [70796, 41936, 41546, 8512, 21121, 28869], ""<class 'int'>"": [25155, 52427, 13216, 14861, 37066, 43227, 14416], ""<class 'abc.NT_0005'>"": [0, 37639], ""<class 'abc.NT_0005_P_00000'>"": [], ""<class 'abc.NT_0003'>"": [33650, 52703], ""<class 'abc.NT_0003_P_00000'>"": [], ""<class 'abc.NT_0004'>"": [0, 59983], ""<class 'abc.NT_0004_P_00000'>"": [], '$leftovers': [81600, 92981, 24586, 80507, 48909, 56302, 48279, 39596, 8177, 41048, 54709, 2141, 36382, 30231, 79303, 45906, 3600, 72448, 85756, 62232, 76728, 12314, 10402, 99348, 82540, 3143, 2927, 63383, 24684, 56849, 91234, 96607, 11663, 55655, 70782, 65921, 46458, 89721, 42004, 84925, 23942, 57205, 447, 66040, 89769, 37633, 53881, 33471, 84899, 77962, 79382, 63421, 42354, 22565, 54622, 78399, 707, 24478, 73210, 60708, 91176, 39440, 68267, 67164, 86078, 78891, 1648, 1984, 34860, 67089, 14873, 85945, 27946, 91486, 43571, 81436, 24346, 46853, 90833, 93204, 67569, 28562, 65707, 64260, 79507, 5703, 7091, 64658, 51775, 12742, 9851, 57202, 62567, 20339, 98771, 84993, 42327, 6461, 36932, 81439, 47467, 62039, 83881, 12894, 32233, 8056, 28809, 72665, 37010, 26904, 8831, 28758, 41940, 50619, 13705, 77050, 31928, 98645, 56591, 24230, 79582, 27434, 95976, 64454, 7019, 17483, 21240, 67326, 59414, 72680, 9039, 51925, 93310, 67483, 64406, 48515, 88431, 2658, 13619, 9790, 17053, 28910, 57659, 77924, 99848, 89052, 47667, 8134, 19606, 85887, 52665, 28157, 42807, 17016, 89094, 61528, 2617, 28737, 93170, 38813, 99354, 15028, 23722, 65353, 29533, 99753, 41981, 50418, 14162, 78477, 44874, 48013, 99700, 22092, 35260, 90200, 89643, 20702, 91024, 9577, 56981, 30550, 61179, 18259, 57231, 87191, 55757, 3244, 78476, 74777, 24995, 31614, 77943, 7036, 49566, 58360, 3004, 53252, 66953, 74656, 74210, 27963, 52379, 63796, 99017, 55895, 25648, 47745, 62726, 60872, 9501, 49057, 94539, 87198, 63764, 99938, 10128, 80210, 46135, 51655, 83482, 38148, 24164, 27359, 56722, 28341, 25100, 45456, 58831, 30641, 35297, 10655, 57535, 34439, 9062, 29603, 80404, 81266, 30591, 52083, 4329, 59237, 41782, 63886, 44622, 7276, 5883, 7811, 9363, 36177, 85829, 72401, 69637, 5311, 68134, 6919, 88426, 70653, 4616, 46013, 92629, 59024, 92702, 43046, 89779, 385, 55229, 28239, 12254, 26194, 26075, 97973, 61281, 36055, 35286, 66986, 28883, 19934, 88098, 4790, 83498, 37148, 15666, 87010, 55539, 7569, 68859, 64018, 42555, 25550, 49766, 42788, 84258, 51569, 68268, 3156, 96561, 85693, 51070, 36377, 65819, 96179, 39579, 24584, 28035, 59376, 1204, 11150, 48792, 45926, 85267, 91074, 94546, 96796, 37903, 59781, 4539, 61677, 99460, 13625, 61547, 50670, 13613, 59753, 22915, 2621, 41331, 81995, 39637, 22957, 79002, 77248, 80855, 23226, 52229, 79789, 70273, 33650, 98693, 42923, 5145, 90463, 16373, 37110, 73707, 81260, 22037, 73958, 71109, 87766, 33357, 36160, 30428, 68575, 62987, 54541, 93429, 10734, 56468, 10160, 92379, 48026, 42646, 26036, 13198, 24697, 89401, 2013, 24257, 16393, 7549, 56761, 59383, 92698, 47833, 9115, 80083, 27886, 98520, 84184, 46396, 32324, 55136, 33043, 94733, 39299, 68268, 17957, 41681, 95283, 74312, 19569, 5501, 96364, 37614, 98620, 35413, 23136, 13438, 71840, 85129, 48571, 41673, 12536, 28619, 39045, 31089, 96567, 57611, 19490, 3253, 59735, 37115, 23031, 12955, 69562, 87443, 43955, 64586, 64395, 83855, 28306, 89637, 82455, 41564, 62224, 83458, 72706, 39687, 18580, 37123, 88608, 78134, 31325, 99919, 83099, 93340, 64560, 40152, 49911, 90599, 5214, 94580, 49233, 60885, 57752, 18427, 57803, 29767, 82380, 44062, 42873, 35236, 96454, 6296, 761, 18195, 33989, 94984, 70688, 90636, 6806, 73662, 94256, 41102, 28770, 46150, 73640, 11449, 24920, 21310, 85454, 94863, 91863, 23315, 17597, 20217, 91794, 34166, 77109, 46637, 32144, 83158, 26247, 76783, 57366, 76170, 90953, 82914, 78347, 9798, 36943, 73386, 68382, 52072, 12414, 41189, 86486, 60473, 16665, 45781, 59592, 86919, 63519, 25794, 53453, 64363, 96508, 16128, 92416, 22277, 24310, 86063, 67165, 46227, 54481, 89870, 69212, 62340, 60412, 71112, 23023, 34509, 92116, 7217, 63002, 41259, 50000, 8793, 4594, 30483, 62653, 83938, 83503, 31483, 10365, 49442, 30804, 45981, 6968, 91617, 92210, 54325, 96831, 5008, 28389, 68581, 10722, 76148, 95354, 73970, 68860, 62036, 98213, 81300, 79566, 11781, 37080, 43953, 62574, 60034, 62154, 78716, 7847, 44434, 11159, 20786, 57220, 86148, 89532, 79123, 19828, 71554, 38321, 92355, 28120, 6885, 40594, 84932, 47779, 99847, 92498, 86367, 71489, 51939, 10303, 75651, 2814, 54873, 58078, 82260, 4131, 16111, 36323, 80831, 56586, 23086, 62810, 48333, 30508, 86384, 27684, 56737, 96345, 97308, 91048, 25778, 26424, 16979, 77059, 87484, 650, 10501, 7664, 42399, 66368, 72428, 90313, 68581, 95408, 58719, 7010, 71100, 38694, 62269, 88515, 87114, 60082, 74975, 47648, 95486, 87637, 66308, 20895, 66554, 33908, 42049, 56894, 28029, 53349, 69094, 28178, 10701, 80203, 12390, 30718, 61309, 79054, 80067, 87669, 18429, 56382, 67438, 53640, 19668, 83077, 8515, 32853, 16711, 65061, 42899, 66125, 28921, 47414, 77777, 7836, 59293, 12583, 45182, 70935, 11108, 65079, 57419, 58720, 99394, 41111, 59469, 41454, 95010, 96686, 20780, 37583, 91647, 99794, 21826, 42117, 12468, 34122, 46653, 81774, 80852, 20118, 37608, 92311, 79336, 51578, 35457, 31958, 86730, 96687, 11146, 78075, 16211, 44286, 64844, 65338, 10895, 10275, 77020, 73939, 97538, 77164, 89934, 19330, 65432, 21836, 62675, 2218, 30434, 72578, 3673, 40750, 56210, 87412, 64425, 15775, 78636, 80433, 91705, 39505, 7027, 29105, 87238, 78396, 99457, 72495, 465, 26796, 81547, 80667, 30823, 69059, 7899, 78032, 78440, 81817, 20294, 87763, 12034, 87734, 24471, 82031, 64016, 50288, 34228, 63282, 50920, 30581, 84203, 633, 87248, 12770, 97953, 13053, 95572, 37949, 74063, 36227, 29715, 49813, 21145, 87009, 80874, 37059, 87639, 40612, 24590, 86721, 77317, 98113, 76274, 67052, 89971, 13754, 59718, 87879, 93901, 12293, 67642, 78449, 64313, 44591, 70027, 35247, 66295, 59710, 40038, 34813, 87962, 6454, 75437, 34184, 50284, 17941, 64231, 49977, 2028, 59502, 60727, 26582, 79999, 6279, 85230, 43569, 67203, 58331, 72913, 30171, 1727, 41946, 90745, 71914, 86277, 5832, 11177, 57599, 86212, 61606, 28255, 80106, 54547, 15980, 77212, 3027, 83112, 17125, 76921, 4837, 26444, 13210, 89259, 46651, 77381, 66788, 11296, 33774, 81105, 70945, 61130, 72200, 65714, 63243, 61476, 76626, 59438, 32822, 8711, 94850, 65916, 7693, 21486, 24715, 26506, 21007, 33133, 38566, 99647, 25770, 19442, 13318, 78963, 57647, 12222, 92372, 45896, 92440, 69281, 19151, 44863, 76918, 22077, 63058, 94435, 38449, 64109, 20310, 83672, 22901, 14278, 33390, 13900, 63275, 55898, 16247, 33785, 54297, 8437, 54820, 83410, 95313, 67626, 61778, 10727, 89377, 37482, 45594, 34932, 17260, 28241, 94797, 26052, 23531, 90086, 15960, 81528, 32321, 35167, 20274, 11327, 18349, 24819, 16188, 45023, 56618, 85558, 52445, 76045, 7010, 39667, 97499, 27217, 6922, 66669, 41143, 82468, 17121, 9153, 82171, 29623, 91642, 3023, 69588, 47419, 86211, 71966, 80845, 68320, 13455, 37727, 52220, 74702, 43968, 32800, 43782, 66266, 15493, 61506, 51999, 45231, 78441, 55374, 45332, 33666, 99772, 17526, 93054, 75932, 18681, 44005, 52642, 79466, 41665, 71733, 67212, 52963, 45410, 97177, 3676, 65899, 60266, 6015, 31478, 67272, 29789, 47236, 62659, 19112, 76732, 55297, 44711, 19662, 33344, 75613, 43681, 51180, 63551, 81969, 93251, 48767, 14416]})"
141.0,3,12,82,13.743069648742676,418,"Genotype(dna={""<class 'abc.NT_0012'>"": [0, 89047], ""<class 'abc.NT_0012_P_00000'>"": [], ""<class 'abc.NT_0007'>"": [55058, 96429, 2662], ""<class 'abc.NT_0007_P_00000'>"": [], ""<class 'abc.NT_0002'>"": [0, 48333, 27356], ""<class 'abc.NT_0002_P_00000'>"": [], ""<class 'abc.NT_0000'>"": [42184, 70052, 0, 91804, 0, 0, 36773, 0, 64804], ""<class 'abc.NT_0000_P_00000'>"": [], ""<class 'abc.NT_0001'>"": [0, 49937, 0, 86169, 43681], ""<class 'abc.NT_0001_P_00000'>"": [], ""<class 'bool'>"": [70796, 41936, 41546, 8512, 21121, 28869], ""<class 'int'>"": [25155, 52427, 13216, 14861, 37066, 43227, 14416], ""<class 'abc.NT_0005'>"": [0, 37639], ""<class 'abc.NT_0005_P_00000'>"": [], ""<class 'abc.NT_0003'>"": [33650, 52703], ""<class 'abc.NT_0003_P_00000'>"": [], ""<class 'abc.NT_0004'>"": [0, 59983], ""<class 'abc.NT_0004_P_00000'>"": [], '$leftovers': [81600, 92981, 24586, 80507, 48909, 56302, 48279, 39596, 8177, 41048, 54709, 2141, 36382, 30231, 79303, 45906, 3600, 72448, 85756, 62232, 76728, 12314, 10402, 99348, 82540, 3143, 2927, 63383, 24684, 56849, 91234, 96607, 11663, 55655, 70782, 65921, 46458, 89721, 42004, 84925, 23942, 57205, 447, 66040, 89769, 37633, 53881, 33471, 84899, 77962, 79382, 63421, 42354, 22565, 54622, 78399, 707, 24478, 73210, 60708, 91176, 39440, 68267, 67164, 86078, 78891, 1648, 1984, 34860, 67089, 14873, 85945, 27946, 91486, 43571, 81436, 24346, 46853, 90833, 93204, 67569, 28562, 65707, 64260, 79507, 5703, 7091, 64658, 51775, 12742, 9851, 57202, 62567, 20339, 98771, 84993, 42327, 6461, 36932, 81439, 47467, 62039, 83881, 12894, 32233, 8056, 28809, 72665, 37010, 26904, 8831, 28758, 41940, 50619, 13705, 77050, 31928, 98645, 56591, 24230, 79582, 27434, 95976, 64454, 7019, 17483, 21240, 67326, 59414, 72680, 9039, 51925, 93310, 67483, 64406, 48515, 88431, 2658, 13619, 9790, 17053, 28910, 57659, 77924, 99848, 89052, 47667, 8134, 19606, 85887, 52665, 28157, 42807, 17016, 89094, 61528, 2617, 28737, 93170, 38813, 99354, 15028, 23722, 65353, 29533, 99753, 41981, 50418, 14162, 78477, 44874, 48013, 99700, 22092, 35260, 90200, 89643, 20702, 91024, 9577, 56981, 30550, 61179, 18259, 57231, 87191, 55757, 3244, 78476, 74777, 24995, 31614, 77943, 7036, 49566, 58360, 3004, 53252, 66953, 74656, 74210, 27963, 52379, 63796, 99017, 55895, 25648, 47745, 62726, 60872, 9501, 49057, 94539, 87198, 63764, 99938, 10128, 80210, 46135, 51655, 83482, 38148, 24164, 27359, 56722, 28341, 25100, 45456, 58831, 30641, 35297, 10655, 57535, 34439, 9062, 29603, 80404, 81266, 30591, 52083, 4329, 59237, 41782, 63886, 44622, 7276, 5883, 7811, 9363, 36177, 85829, 72401, 69637, 5311, 68134, 6919, 88426, 70653, 4616, 46013, 92629, 59024, 92702, 43046, 89779, 385, 55229, 28239, 12254, 26194, 26075, 97973, 61281, 36055, 35286, 66986, 28883, 19934, 88098, 4790, 83498, 37148, 15666, 87010, 55539, 7569, 68859, 64018, 42555, 25550, 49766, 42788, 84258, 51569, 68268, 3156, 96561, 85693, 51070, 36377, 65819, 96179, 39579, 24584, 28035, 59376, 1204, 11150, 48792, 45926, 85267, 91074, 94546, 96796, 37903, 59781, 4539, 61677, 99460, 13625, 61547, 50670, 13613, 59753, 22915, 2621, 41331, 81995, 39637, 22957, 79002, 77248, 80855, 23226, 52229, 79789, 70273, 33650, 98693, 42923, 5145, 90463, 16373, 37110, 73707, 81260, 22037, 73958, 71109, 87766, 33357, 36160, 30428, 68575, 62987, 54541, 93429, 10734, 56468, 10160, 92379, 48026, 42646, 26036, 13198, 24697, 89401, 2013, 24257, 16393, 7549, 56761, 59383, 92698, 47833, 9115, 80083, 27886, 98520, 84184, 46396, 32324, 55136, 33043, 94733, 39299, 68268, 17957, 41681, 95283, 74312, 19569, 5501, 96364, 37614, 98620, 35413, 23136, 13438, 71840, 85129, 48571, 41673, 12536, 28619, 39045, 31089, 96567, 57611, 19490, 3253, 59735, 37115, 23031, 12955, 69562, 87443, 43955, 64586, 64395, 83855, 28306, 89637, 82455, 41564, 62224, 83458, 72706, 39687, 18580, 37123, 88608, 78134, 31325, 99919, 83099, 93340, 64560, 40152, 49911, 90599, 5214, 94580, 49233, 60885, 57752, 18427, 57803, 29767, 82380, 44062, 42873, 35236, 96454, 6296, 761, 18195, 33989, 94984, 70688, 90636, 6806, 73662, 94256, 41102, 28770, 46150, 73640, 11449, 24920, 21310, 85454, 94863, 91863, 23315, 17597, 20217, 91794, 34166, 77109, 46637, 32144, 83158, 26247, 76783, 57366, 76170, 90953, 82914, 78347, 9798, 36943, 73386, 68382, 52072, 12414, 41189, 86486, 60473, 16665, 45781, 59592, 86919, 63519, 25794, 53453, 64363, 96508, 16128, 92416, 22277, 24310, 86063, 67165, 46227, 54481, 89870, 69212, 62340, 60412, 71112, 23023, 34509, 92116, 7217, 63002, 41259, 50000, 8793, 4594, 30483, 62653, 83938, 83503, 31483, 10365, 49442, 30804, 45981, 6968, 91617, 92210, 54325, 96831, 5008, 28389, 68581, 10722, 76148, 95354, 73970, 68860, 62036, 98213, 81300, 79566, 11781, 37080, 43953, 62574, 60034, 62154, 78716, 7847, 44434, 11159, 20786, 57220, 86148, 89532, 79123, 19828, 71554, 38321, 92355, 28120, 6885, 40594, 84932, 47779, 99847, 92498, 86367, 71489, 51939, 10303, 75651, 2814, 54873, 58078, 82260, 4131, 16111, 36323, 80831, 56586, 23086, 62810, 48333, 30508, 86384, 27684, 56737, 96345, 97308, 91048, 25778, 26424, 16979, 77059, 87484, 650, 10501, 7664, 42399, 66368, 72428, 90313, 68581, 95408, 58719, 7010, 71100, 38694, 62269, 88515, 87114, 60082, 74975, 47648, 95486, 87637, 66308, 20895, 66554, 33908, 42049, 56894, 28029, 53349, 69094, 28178, 10701, 80203, 12390, 30718, 61309, 79054, 80067, 87669, 18429, 56382, 67438, 53640, 19668, 83077, 8515, 32853, 16711, 65061, 42899, 66125, 28921, 47414, 77777, 7836, 59293, 12583, 45182, 70935, 11108, 65079, 57419, 58720, 99394, 41111, 59469, 41454, 95010, 96686, 20780, 37583, 91647, 99794, 21826, 42117, 12468, 34122, 46653, 81774, 80852, 20118, 37608, 92311, 79336, 51578, 35457, 31958, 86730, 96687, 11146, 78075, 16211, 44286, 64844, 65338, 10895, 10275, 77020, 73939, 97538, 77164, 89934, 19330, 65432, 21836, 62675, 2218, 30434, 72578, 3673, 40750, 56210, 87412, 64425, 15775, 78636, 80433, 91705, 39505, 7027, 29105, 87238, 78396, 99457, 72495, 465, 26796, 81547, 80667, 30823, 69059, 7899, 78032, 78440, 81817, 20294, 87763, 12034, 87734, 24471, 82031, 64016, 50288, 34228, 63282, 50920, 30581, 84203, 633, 87248, 12770, 97953, 13053, 95572, 37949, 74063, 36227, 29715, 49813, 21145, 87009, 80874, 37059, 87639, 40612, 24590, 86721, 77317, 98113, 76274, 67052, 89971, 13754, 59718, 87879, 93901, 12293, 67642, 78449, 64313, 44591, 70027, 35247, 66295, 59710, 40038, 34813, 87962, 6454, 75437, 34184, 50284, 17941, 64231, 49977, 2028, 59502, 60727, 26582, 79999, 6279, 85230, 43569, 67203, 58331, 72913, 30171, 1727, 41946, 90745, 71914, 86277, 5832, 11177, 57599, 86212, 61606, 28255, 80106, 54547, 15980, 77212, 3027, 83112, 17125, 76921, 4837, 26444, 13210, 89259, 46651, 77381, 66788, 11296, 33774, 81105, 70945, 61130, 72200, 65714, 63243, 61476, 76626, 59438, 32822, 8711, 94850, 65916, 7693, 21486, 24715, 26506, 21007, 33133, 38566, 99647, 25770, 19442, 13318, 78963, 57647, 12222, 92372, 45896, 92440, 69281, 19151, 44863, 76918, 22077, 63058, 94435, 38449, 64109, 20310, 83672, 22901, 14278, 33390, 13900, 63275, 55898, 16247, 33785, 54297, 8437, 54820, 83410, 95313, 67626, 61778, 10727, 89377, 37482, 45594, 34932, 17260, 28241, 94797, 26052, 23531, 90086, 15960, 81528, 32321, 35167, 20274, 11327, 18349, 24819, 16188, 45023, 56618, 85558, 52445, 76045, 7010, 39667, 97499, 27217, 6922, 66669, 41143, 82468, 17121, 9153, 82171, 29623, 91642, 3023, 69588, 47419, 86211, 71966, 80845, 68320, 13455, 37727, 52220, 74702, 43968, 32800, 43782, 66266, 15493, 61506, 51999, 45231, 78441, 55374, 45332, 33666, 99772, 17526, 93054, 75932, 18681, 44005, 52642, 79466, 41665, 71733, 67212, 52963, 45410, 97177, 3676, 65899, 60266, 6015, 31478, 67272, 29789, 47236, 62659, 19112, 76732, 55297, 44711, 19662, 33344, 75613, 43681, 51180, 63551, 81969, 93251, 48767, 14416]})"
141.0,3,12,83,13.80857801437378,418,"Genotype(dna={""<class 'abc.NT_0012'>"": [0, 89047], ""<class 'abc.NT_0012_P_00000'>"": [], ""<class 'abc.NT_0007'>"": [55058, 96429, 2662], ""<class 'abc.NT_0007_P_00000'>"": [], ""<class 'abc.NT_0002'>"": [0, 48333, 27356], ""<class 'abc.NT_0002_P_00000'>"": [], ""<class 'abc.NT_0000'>"": [42184, 70052, 0, 91804, 0, 0, 36773, 0, 64804], ""<class 'abc.NT_0000_P_00000'>"": [], ""<class 'abc.NT_0001'>"": [0, 49937, 0, 86169, 43681], ""<class 'abc.NT_0001_P_00000'>"": [], ""<class 'bool'>"": [70796, 41936, 41546, 8512, 21121, 28869], ""<class 'int'>"": [25155, 52427, 13216, 14861, 37066, 43227, 14416], ""<class 'abc.NT_0005'>"": [0, 37639], ""<class 'abc.NT_0005_P_00000'>"": [], ""<class 'abc.NT_0003'>"": [33650, 52703], ""<class 'abc.NT_0003_P_00000'>"": [], ""<class 'abc.NT_0004'>"": [0, 59983], ""<class 'abc.NT_0004_P_00000'>"": [], '$leftovers': [81600, 92981, 24586, 80507, 48909, 56302, 48279, 39596, 8177, 41048, 54709, 2141, 36382, 30231, 79303, 45906, 3600, 72448, 85756, 62232, 76728, 12314, 10402, 99348, 82540, 3143, 2927, 63383, 24684, 56849, 91234, 96607, 11663, 55655, 70782, 65921, 46458, 89721, 42004, 84925, 23942, 57205, 447, 66040, 89769, 37633, 53881, 33471, 84899, 77962, 79382, 63421, 42354, 22565, 54622, 78399, 707, 24478, 73210, 60708, 91176, 39440, 68267, 67164, 86078, 78891, 1648, 1984, 34860, 67089, 14873, 85945, 27946, 91486, 43571, 81436, 24346, 46853, 90833, 93204, 67569, 28562, 65707, 64260, 79507, 5703, 7091, 64658, 51775, 12742, 9851, 57202, 62567, 20339, 98771, 84993, 42327, 6461, 36932, 81439, 47467, 62039, 83881, 12894, 32233, 8056, 28809, 72665, 37010, 26904, 8831, 28758, 41940, 50619, 13705, 77050, 31928, 98645, 56591, 24230, 79582, 27434, 95976, 64454, 7019, 17483, 21240, 67326, 59414, 72680, 9039, 51925, 93310, 67483, 64406, 48515, 88431, 2658, 13619, 9790, 17053, 28910, 57659, 77924, 99848, 89052, 47667, 8134, 19606, 85887, 52665, 28157, 42807, 17016, 89094, 61528, 2617, 28737, 93170, 38813, 99354, 15028, 23722, 65353, 29533, 99753, 41981, 50418, 14162, 78477, 44874, 48013, 99700, 22092, 35260, 90200, 89643, 20702, 91024, 9577, 56981, 30550, 61179, 18259, 57231, 87191, 55757, 3244, 78476, 74777, 24995, 31614, 77943, 7036, 49566, 58360, 3004, 53252, 66953, 74656, 74210, 27963, 52379, 63796, 99017, 55895, 25648, 47745, 62726, 60872, 9501, 49057, 94539, 87198, 63764, 99938, 10128, 80210, 46135, 51655, 83482, 38148, 24164, 27359, 56722, 28341, 25100, 45456, 58831, 30641, 35297, 10655, 57535, 34439, 9062, 29603, 80404, 81266, 30591, 52083, 4329, 59237, 41782, 63886, 44622, 7276, 5883, 7811, 9363, 36177, 85829, 72401, 69637, 5311, 68134, 6919, 88426, 70653, 4616, 46013, 92629, 59024, 92702, 43046, 89779, 385, 55229, 28239, 12254, 26194, 26075, 97973, 61281, 36055, 35286, 66986, 28883, 19934, 88098, 4790, 83498, 37148, 15666, 87010, 55539, 7569, 68859, 64018, 42555, 25550, 49766, 42788, 84258, 51569, 68268, 3156, 96561, 85693, 51070, 36377, 65819, 96179, 39579, 24584, 28035, 59376, 1204, 11150, 48792, 45926, 85267, 91074, 94546, 96796, 37903, 59781, 4539, 61677, 99460, 13625, 61547, 50670, 13613, 59753, 22915, 2621, 41331, 81995, 39637, 22957, 79002, 77248, 80855, 23226, 52229, 79789, 70273, 33650, 98693, 42923, 5145, 90463, 16373, 37110, 73707, 81260, 22037, 73958, 71109, 87766, 33357, 36160, 30428, 68575, 62987, 54541, 93429, 10734, 56468, 10160, 92379, 48026, 42646, 26036, 13198, 24697, 89401, 2013, 24257, 16393, 7549, 56761, 59383, 92698, 47833, 9115, 80083, 27886, 98520, 84184, 46396, 32324, 55136, 33043, 94733, 39299, 68268, 17957, 41681, 95283, 74312, 19569, 5501, 96364, 37614, 98620, 35413, 23136, 13438, 71840, 85129, 48571, 41673, 12536, 28619, 39045, 31089, 96567, 57611, 19490, 3253, 59735, 37115, 23031, 12955, 69562, 87443, 43955, 64586, 64395, 83855, 28306, 89637, 82455, 41564, 62224, 83458, 72706, 39687, 18580, 37123, 88608, 78134, 31325, 99919, 83099, 93340, 64560, 40152, 49911, 90599, 5214, 94580, 49233, 60885, 57752, 18427, 57803, 29767, 82380, 44062, 42873, 35236, 96454, 6296, 761, 18195, 33989, 94984, 70688, 90636, 6806, 73662, 94256, 41102, 28770, 46150, 73640, 11449, 24920, 21310, 85454, 94863, 91863, 23315, 17597, 20217, 91794, 34166, 77109, 46637, 32144, 83158, 26247, 76783, 57366, 76170, 90953, 82914, 78347, 9798, 36943, 73386, 68382, 52072, 12414, 41189, 86486, 60473, 16665, 45781, 59592, 86919, 63519, 25794, 53453, 64363, 96508, 16128, 92416, 22277, 24310, 86063, 67165, 46227, 54481, 89870, 69212, 62340, 60412, 71112, 23023, 34509, 92116, 7217, 63002, 41259, 50000, 8793, 4594, 30483, 62653, 83938, 83503, 31483, 10365, 49442, 30804, 45981, 6968, 91617, 92210, 54325, 96831, 5008, 28389, 68581, 10722, 76148, 95354, 73970, 68860, 62036, 98213, 81300, 79566, 11781, 37080, 43953, 62574, 60034, 62154, 78716, 7847, 44434, 11159, 20786, 57220, 86148, 89532, 79123, 19828, 71554, 38321, 92355, 28120, 6885, 40594, 84932, 47779, 99847, 92498, 86367, 71489, 51939, 10303, 75651, 2814, 54873, 58078, 82260, 4131, 16111, 36323, 80831, 56586, 23086, 62810, 48333, 30508, 86384, 27684, 56737, 96345, 97308, 91048, 25778, 26424, 16979, 77059, 87484, 650, 10501, 7664, 42399, 66368, 72428, 90313, 68581, 95408, 58719, 7010, 71100, 38694, 62269, 88515, 87114, 60082, 74975, 47648, 95486, 87637, 66308, 20895, 66554, 33908, 42049, 56894, 28029, 53349, 69094, 28178, 10701, 80203, 12390, 30718, 61309, 79054, 80067, 87669, 18429, 56382, 67438, 53640, 19668, 83077, 8515, 32853, 16711, 65061, 42899, 66125, 28921, 47414, 77777, 7836, 59293, 12583, 45182, 70935, 11108, 65079, 57419, 58720, 99394, 41111, 59469, 41454, 95010, 96686, 20780, 37583, 91647, 99794, 21826, 42117, 12468, 34122, 46653, 81774, 80852, 20118, 37608, 92311, 79336, 51578, 35457, 31958, 86730, 96687, 11146, 78075, 16211, 44286, 64844, 65338, 10895, 10275, 77020, 73939, 97538, 77164, 89934, 19330, 65432, 21836, 62675, 2218, 30434, 72578, 3673, 40750, 56210, 87412, 64425, 15775, 78636, 80433, 91705, 39505, 7027, 29105, 87238, 78396, 99457, 72495, 465, 26796, 81547, 80667, 30823, 69059, 7899, 78032, 78440, 81817, 20294, 87763, 12034, 87734, 24471, 82031, 64016, 50288, 34228, 63282, 50920, 30581, 84203, 633, 87248, 12770, 97953, 13053, 95572, 37949, 74063, 36227, 29715, 49813, 21145, 87009, 80874, 37059, 87639, 40612, 24590, 86721, 77317, 98113, 76274, 67052, 89971, 13754, 59718, 87879, 93901, 12293, 67642, 78449, 64313, 44591, 70027, 35247, 66295, 59710, 40038, 34813, 87962, 6454, 75437, 34184, 50284, 17941, 64231, 49977, 2028, 59502, 60727, 26582, 79999, 6279, 85230, 43569, 67203, 58331, 72913, 30171, 1727, 41946, 90745, 71914, 86277, 5832, 11177, 57599, 86212, 61606, 28255, 80106, 54547, 15980, 77212, 3027, 83112, 17125, 76921, 4837, 26444, 13210, 89259, 46651, 77381, 66788, 11296, 33774, 81105, 70945, 61130, 72200, 65714, 63243, 61476, 76626, 59438, 32822, 8711, 94850, 65916, 7693, 21486, 24715, 26506, 21007, 33133, 38566, 99647, 25770, 19442, 13318, 78963, 57647, 12222, 92372, 45896, 92440, 69281, 19151, 44863, 76918, 22077, 63058, 94435, 38449, 64109, 20310, 83672, 22901, 14278, 33390, 13900, 63275, 55898, 16247, 33785, 54297, 8437, 54820, 83410, 95313, 67626, 61778, 10727, 89377, 37482, 45594, 34932, 17260, 28241, 94797, 26052, 23531, 90086, 15960, 81528, 32321, 35167, 20274, 11327, 18349, 24819, 16188, 45023, 56618, 85558, 52445, 76045, 7010, 39667, 97499, 27217, 6922, 66669, 41143, 82468, 17121, 9153, 82171, 29623, 91642, 3023, 69588, 47419, 86211, 71966, 80845, 68320, 13455, 37727, 52220, 74702, 43968, 32800, 43782, 66266, 15493, 61506, 51999, 45231, 78441, 55374, 45332, 33666, 99772, 17526, 93054, 75932, 18681, 44005, 52642, 79466, 41665, 71733, 67212, 52963, 45410, 97177, 3676, 65899, 60266, 6015, 31478, 67272, 29789, 47236, 62659, 19112, 76732, 55297, 44711, 19662, 33344, 75613, 43681, 51180, 63551, 81969, 93251, 48767, 14416]})"
141.0,3,12,84,13.88959264755249,418,"Genotype(dna={""<class 'abc.NT_0012'>"": [0, 89047], ""<class 'abc.NT_0012_P_00000'>"": [], ""<class 'abc.NT_0007'>"": [55058, 96429, 2662], ""<class 'abc.NT_0007_P_00000'>"": [], ""<class 'abc.NT_0002'>"": [0, 48333, 27356], ""<class 'abc.NT_0002_P_00000'>"": [], ""<class 'abc.NT_0000'>"": [42184, 70052, 0, 91804, 0, 0, 36773, 0, 64804], ""<class 'abc.NT_0000_P_00000'>"": [], ""<class 'abc.NT_0001'>"": [0, 49937, 0, 86169, 43681], ""<class 'abc.NT_0001_P_00000'>"": [], ""<class 'bool'>"": [70796, 41936, 41546, 8512, 21121, 28869], ""<class 'int'>"": [25155, 52427, 13216, 14861, 37066, 43227, 14416], ""<class 'abc.NT_0005'>"": [0, 37639], ""<class 'abc.NT_0005_P_00000'>"": [], ""<class 'abc.NT_0003'>"": [33650, 52703], ""<class 'abc.NT_0003_P_00000'>"": [], ""<class 'abc.NT_0004'>"": [0, 59983], ""<class 'abc.NT_0004_P_00000'>"": [], '$leftovers': [81600, 92981, 24586, 80507, 48909, 56302, 48279, 39596, 8177, 41048, 54709, 2141, 36382, 30231, 79303, 45906, 3600, 72448, 85756, 62232, 76728, 12314, 10402, 99348, 82540, 3143, 2927, 63383, 24684, 56849, 91234, 96607, 11663, 55655, 70782, 65921, 46458, 89721, 42004, 84925, 23942, 57205, 447, 66040, 89769, 37633, 53881, 33471, 84899, 77962, 79382, 63421, 42354, 22565, 54622, 78399, 707, 24478, 73210, 60708, 91176, 39440, 68267, 67164, 86078, 78891, 1648, 1984, 34860, 67089, 14873, 85945, 27946, 91486, 43571, 81436, 24346, 46853, 90833, 93204, 67569, 28562, 65707, 64260, 79507, 5703, 7091, 64658, 51775, 12742, 9851, 57202, 62567, 20339, 98771, 84993, 42327, 6461, 36932, 81439, 47467, 62039, 83881, 12894, 32233, 8056, 28809, 72665, 37010, 26904, 8831, 28758, 41940, 50619, 13705, 77050, 31928, 98645, 56591, 24230, 79582, 27434, 95976, 64454, 7019, 17483, 21240, 67326, 59414, 72680, 9039, 51925, 93310, 67483, 64406, 48515, 88431, 2658, 13619, 9790, 17053, 28910, 57659, 77924, 99848, 89052, 47667, 8134, 19606, 85887, 52665, 28157, 42807, 17016, 89094, 61528, 2617, 28737, 93170, 38813, 99354, 15028, 23722, 65353, 29533, 99753, 41981, 50418, 14162, 78477, 44874, 48013, 99700, 22092, 35260, 90200, 89643, 20702, 91024, 9577, 56981, 30550, 61179, 18259, 57231, 87191, 55757, 3244, 78476, 74777, 24995, 31614, 77943, 7036, 49566, 58360, 3004, 53252, 66953, 74656, 74210, 27963, 52379, 63796, 99017, 55895, 25648, 47745, 62726, 60872, 9501, 49057, 94539, 87198, 63764, 99938, 10128, 80210, 46135, 51655, 83482, 38148, 24164, 27359, 56722, 28341, 25100, 45456, 58831, 30641, 35297, 10655, 57535, 34439, 9062, 29603, 80404, 81266, 30591, 52083, 4329, 59237, 41782, 63886, 44622, 7276, 5883, 7811, 9363, 36177, 85829, 72401, 69637, 5311, 68134, 6919, 88426, 70653, 4616, 46013, 92629, 59024, 92702, 43046, 89779, 385, 55229, 28239, 12254, 26194, 26075, 97973, 61281, 36055, 35286, 66986, 28883, 19934, 88098, 4790, 83498, 37148, 15666, 87010, 55539, 7569, 68859, 64018, 42555, 25550, 49766, 42788, 84258, 51569, 68268, 3156, 96561, 85693, 51070, 36377, 65819, 96179, 39579, 24584, 28035, 59376, 1204, 11150, 48792, 45926, 85267, 91074, 94546, 96796, 37903, 59781, 4539, 61677, 99460, 13625, 61547, 50670, 13613, 59753, 22915, 2621, 41331, 81995, 39637, 22957, 79002, 77248, 80855, 23226, 52229, 79789, 70273, 33650, 98693, 42923, 5145, 90463, 16373, 37110, 73707, 81260, 22037, 73958, 71109, 87766, 33357, 36160, 30428, 68575, 62987, 54541, 93429, 10734, 56468, 10160, 92379, 48026, 42646, 26036, 13198, 24697, 89401, 2013, 24257, 16393, 7549, 56761, 59383, 92698, 47833, 9115, 80083, 27886, 98520, 84184, 46396, 32324, 55136, 33043, 94733, 39299, 68268, 17957, 41681, 95283, 74312, 19569, 5501, 96364, 37614, 98620, 35413, 23136, 13438, 71840, 85129, 48571, 41673, 12536, 28619, 39045, 31089, 96567, 57611, 19490, 3253, 59735, 37115, 23031, 12955, 69562, 87443, 43955, 64586, 64395, 83855, 28306, 89637, 82455, 41564, 62224, 83458, 72706, 39687, 18580, 37123, 88608, 78134, 31325, 99919, 83099, 93340, 64560, 40152, 49911, 90599, 5214, 94580, 49233, 60885, 57752, 18427, 57803, 29767, 82380, 44062, 42873, 35236, 96454, 6296, 761, 18195, 33989, 94984, 70688, 90636, 6806, 73662, 94256, 41102, 28770, 46150, 73640, 11449, 24920, 21310, 85454, 94863, 91863, 23315, 17597, 20217, 91794, 34166, 77109, 46637, 32144, 83158, 26247, 76783, 57366, 76170, 90953, 82914, 78347, 9798, 36943, 73386, 68382, 52072, 12414, 41189, 86486, 60473, 16665, 45781, 59592, 86919, 63519, 25794, 53453, 64363, 96508, 16128, 92416, 22277, 24310, 86063, 67165, 46227, 54481, 89870, 69212, 62340, 60412, 71112, 23023, 34509, 92116, 7217, 63002, 41259, 50000, 8793, 4594, 30483, 62653, 83938, 83503, 31483, 10365, 49442, 30804, 45981, 6968, 91617, 92210, 54325, 96831, 5008, 28389, 68581, 10722, 76148, 95354, 73970, 68860, 62036, 98213, 81300, 79566, 11781, 37080, 43953, 62574, 60034, 62154, 78716, 7847, 44434, 11159, 20786, 57220, 86148, 89532, 79123, 19828, 71554, 38321, 92355, 28120, 6885, 40594, 84932, 47779, 99847, 92498, 86367, 71489, 51939, 10303, 75651, 2814, 54873, 58078, 82260, 4131, 16111, 36323, 80831, 56586, 23086, 62810, 48333, 30508, 86384, 27684, 56737, 96345, 97308, 91048, 25778, 26424, 16979, 77059, 87484, 650, 10501, 7664, 42399, 66368, 72428, 90313, 68581, 95408, 58719, 7010, 71100, 38694, 62269, 88515, 87114, 60082, 74975, 47648, 95486, 87637, 66308, 20895, 66554, 33908, 42049, 56894, 28029, 53349, 69094, 28178, 10701, 80203, 12390, 30718, 61309, 79054, 80067, 87669, 18429, 56382, 67438, 53640, 19668, 83077, 8515, 32853, 16711, 65061, 42899, 66125, 28921, 47414, 77777, 7836, 59293, 12583, 45182, 70935, 11108, 65079, 57419, 58720, 99394, 41111, 59469, 41454, 95010, 96686, 20780, 37583, 91647, 99794, 21826, 42117, 12468, 34122, 46653, 81774, 80852, 20118, 37608, 92311, 79336, 51578, 35457, 31958, 86730, 96687, 11146, 78075, 16211, 44286, 64844, 65338, 10895, 10275, 77020, 73939, 97538, 77164, 89934, 19330, 65432, 21836, 62675, 2218, 30434, 72578, 3673, 40750, 56210, 87412, 64425, 15775, 78636, 80433, 91705, 39505, 7027, 29105, 87238, 78396, 99457, 72495, 465, 26796, 81547, 80667, 30823, 69059, 7899, 78032, 78440, 81817, 20294, 87763, 12034, 87734, 24471, 82031, 64016, 50288, 34228, 63282, 50920, 30581, 84203, 633, 87248, 12770, 97953, 13053, 95572, 37949, 74063, 36227, 29715, 49813, 21145, 87009, 80874, 37059, 87639, 40612, 24590, 86721, 77317, 98113, 76274, 67052, 89971, 13754, 59718, 87879, 93901, 12293, 67642, 78449, 64313, 44591, 70027, 35247, 66295, 59710, 40038, 34813, 87962, 6454, 75437, 34184, 50284, 17941, 64231, 49977, 2028, 59502, 60727, 26582, 79999, 6279, 85230, 43569, 67203, 58331, 72913, 30171, 1727, 41946, 90745, 71914, 86277, 5832, 11177, 57599, 86212, 61606, 28255, 80106, 54547, 15980, 77212, 3027, 83112, 17125, 76921, 4837, 26444, 13210, 89259, 46651, 77381, 66788, 11296, 33774, 81105, 70945, 61130, 72200, 65714, 63243, 61476, 76626, 59438, 32822, 8711, 94850, 65916, 7693, 21486, 24715, 26506, 21007, 33133, 38566, 99647, 25770, 19442, 13318, 78963, 57647, 12222, 92372, 45896, 92440, 69281, 19151, 44863, 76918, 22077, 63058, 94435, 38449, 64109, 20310, 83672, 22901, 14278, 33390, 13900, 63275, 55898, 16247, 33785, 54297, 8437, 54820, 83410, 95313, 67626, 61778, 10727, 89377, 37482, 45594, 34932, 17260, 28241, 94797, 26052, 23531, 90086, 15960, 81528, 32321, 35167, 20274, 11327, 18349, 24819, 16188, 45023, 56618, 85558, 52445, 76045, 7010, 39667, 97499, 27217, 6922, 66669, 41143, 82468, 17121, 9153, 82171, 29623, 91642, 3023, 69588, 47419, 86211, 71966, 80845, 68320, 13455, 37727, 52220, 74702, 43968, 32800, 43782, 66266, 15493, 61506, 51999, 45231, 78441, 55374, 45332, 33666, 99772, 17526, 93054, 75932, 18681, 44005, 52642, 79466, 41665, 71733, 67212, 52963, 45410, 97177, 3676, 65899, 60266, 6015, 31478, 67272, 29789, 47236, 62659, 19112, 76732, 55297, 44711, 19662, 33344, 75613, 43681, 51180, 63551, 81969, 93251, 48767, 14416]})"
141.0,3,12,85,14.036874055862427,418,"Genotype(dna={""<class 'abc.NT_0012'>"": [0, 89047], ""<class 'abc.NT_0012_P_00000'>"": [], ""<class 'abc.NT_0007'>"": [55058, 96429, 2662], ""<class 'abc.NT_0007_P_00000'>"": [], ""<class 'abc.NT_0002'>"": [0, 48333, 27356], ""<class 'abc.NT_0002_P_00000'>"": [], ""<class 'abc.NT_0000'>"": [42184, 70052, 0, 91804, 0, 0, 36773, 0, 64804], ""<class 'abc.NT_0000_P_00000'>"": [], ""<class 'abc.NT_0001'>"": [0, 49937, 0, 86169, 43681], ""<class 'abc.NT_0001_P_00000'>"": [], ""<class 'bool'>"": [70796, 41936, 41546, 8512, 21121, 28869], ""<class 'int'>"": [25155, 52427, 13216, 14861, 37066, 43227, 14416], ""<class 'abc.NT_0005'>"": [0, 37639], ""<class 'abc.NT_0005_P_00000'>"": [], ""<class 'abc.NT_0003'>"": [33650, 52703], ""<class 'abc.NT_0003_P_00000'>"": [], ""<class 'abc.NT_0004'>"": [0, 59983], ""<class 'abc.NT_0004_P_00000'>"": [], '$leftovers': [81600, 92981, 24586, 80507, 48909, 56302, 48279, 39596, 8177, 41048, 54709, 2141, 36382, 30231, 79303, 45906, 3600, 72448, 85756, 62232, 76728, 12314, 10402, 99348, 82540, 3143, 2927, 63383, 24684, 56849, 91234, 96607, 11663, 55655, 70782, 65921, 46458, 89721, 42004, 84925, 23942, 57205, 447, 66040, 89769, 37633, 53881, 33471, 84899, 77962, 79382, 63421, 42354, 22565, 54622, 78399, 707, 24478, 73210, 60708, 91176, 39440, 68267, 67164, 86078, 78891, 1648, 1984, 34860, 67089, 14873, 85945, 27946, 91486, 43571, 81436, 24346, 46853, 90833, 93204, 67569, 28562, 65707, 64260, 79507, 5703, 7091, 64658, 51775, 12742, 9851, 57202, 62567, 20339, 98771, 84993, 42327, 6461, 36932, 81439, 47467, 62039, 83881, 12894, 32233, 8056, 28809, 72665, 37010, 26904, 8831, 28758, 41940, 50619, 13705, 77050, 31928, 98645, 56591, 24230, 79582, 27434, 95976, 64454, 7019, 17483, 21240, 67326, 59414, 72680, 9039, 51925, 93310, 67483, 64406, 48515, 88431, 2658, 13619, 9790, 17053, 28910, 57659, 77924, 99848, 89052, 47667, 8134, 19606, 85887, 52665, 28157, 42807, 17016, 89094, 61528, 2617, 28737, 93170, 38813, 99354, 15028, 23722, 65353, 29533, 99753, 41981, 50418, 14162, 78477, 44874, 48013, 99700, 22092, 35260, 90200, 89643, 20702, 91024, 9577, 56981, 30550, 61179, 18259, 57231, 87191, 55757, 3244, 78476, 74777, 24995, 31614, 77943, 7036, 49566, 58360, 3004, 53252, 66953, 74656, 74210, 27963, 52379, 63796, 99017, 55895, 25648, 47745, 62726, 60872, 9501, 49057, 94539, 87198, 63764, 99938, 10128, 80210, 46135, 51655, 83482, 38148, 24164, 27359, 56722, 28341, 25100, 45456, 58831, 30641, 35297, 10655, 57535, 34439, 9062, 29603, 80404, 81266, 30591, 52083, 4329, 59237, 41782, 63886, 44622, 7276, 5883, 7811, 9363, 36177, 85829, 72401, 69637, 5311, 68134, 6919, 88426, 70653, 4616, 46013, 92629, 59024, 92702, 43046, 89779, 385, 55229, 28239, 12254, 26194, 26075, 97973, 61281, 36055, 35286, 66986, 28883, 19934, 88098, 4790, 83498, 37148, 15666, 87010, 55539, 7569, 68859, 64018, 42555, 25550, 49766, 42788, 84258, 51569, 68268, 3156, 96561, 85693, 51070, 36377, 65819, 96179, 39579, 24584, 28035, 59376, 1204, 11150, 48792, 45926, 85267, 91074, 94546, 96796, 37903, 59781, 4539, 61677, 99460, 13625, 61547, 50670, 13613, 59753, 22915, 2621, 41331, 81995, 39637, 22957, 79002, 77248, 80855, 23226, 52229, 79789, 70273, 33650, 98693, 42923, 5145, 90463, 16373, 37110, 73707, 81260, 22037, 73958, 71109, 87766, 33357, 36160, 30428, 68575, 62987, 54541, 93429, 10734, 56468, 10160, 92379, 48026, 42646, 26036, 13198, 24697, 89401, 2013, 24257, 16393, 7549, 56761, 59383, 92698, 47833, 9115, 80083, 27886, 98520, 84184, 46396, 32324, 55136, 33043, 94733, 39299, 68268, 17957, 41681, 95283, 74312, 19569, 5501, 96364, 37614, 98620, 35413, 23136, 13438, 71840, 85129, 48571, 41673, 12536, 28619, 39045, 31089, 96567, 57611, 19490, 3253, 59735, 37115, 23031, 12955, 69562, 87443, 43955, 64586, 64395, 83855, 28306, 89637, 82455, 41564, 62224, 83458, 72706, 39687, 18580, 37123, 88608, 78134, 31325, 99919, 83099, 93340, 64560, 40152, 49911, 90599, 5214, 94580, 49233, 60885, 57752, 18427, 57803, 29767, 82380, 44062, 42873, 35236, 96454, 6296, 761, 18195, 33989, 94984, 70688, 90636, 6806, 73662, 94256, 41102, 28770, 46150, 73640, 11449, 24920, 21310, 85454, 94863, 91863, 23315, 17597, 20217, 91794, 34166, 77109, 46637, 32144, 83158, 26247, 76783, 57366, 76170, 90953, 82914, 78347, 9798, 36943, 73386, 68382, 52072, 12414, 41189, 86486, 60473, 16665, 45781, 59592, 86919, 63519, 25794, 53453, 64363, 96508, 16128, 92416, 22277, 24310, 86063, 67165, 46227, 54481, 89870, 69212, 62340, 60412, 71112, 23023, 34509, 92116, 7217, 63002, 41259, 50000, 8793, 4594, 30483, 62653, 83938, 83503, 31483, 10365, 49442, 30804, 45981, 6968, 91617, 92210, 54325, 96831, 5008, 28389, 68581, 10722, 76148, 95354, 73970, 68860, 62036, 98213, 81300, 79566, 11781, 37080, 43953, 62574, 60034, 62154, 78716, 7847, 44434, 11159, 20786, 57220, 86148, 89532, 79123, 19828, 71554, 38321, 92355, 28120, 6885, 40594, 84932, 47779, 99847, 92498, 86367, 71489, 51939, 10303, 75651, 2814, 54873, 58078, 82260, 4131, 16111, 36323, 80831, 56586, 23086, 62810, 48333, 30508, 86384, 27684, 56737, 96345, 97308, 91048, 25778, 26424, 16979, 77059, 87484, 650, 10501, 7664, 42399, 66368, 72428, 90313, 68581, 95408, 58719, 7010, 71100, 38694, 62269, 88515, 87114, 60082, 74975, 47648, 95486, 87637, 66308, 20895, 66554, 33908, 42049, 56894, 28029, 53349, 69094, 28178, 10701, 80203, 12390, 30718, 61309, 79054, 80067, 87669, 18429, 56382, 67438, 53640, 19668, 83077, 8515, 32853, 16711, 65061, 42899, 66125, 28921, 47414, 77777, 7836, 59293, 12583, 45182, 70935, 11108, 65079, 57419, 58720, 99394, 41111, 59469, 41454, 95010, 96686, 20780, 37583, 91647, 99794, 21826, 42117, 12468, 34122, 46653, 81774, 80852, 20118, 37608, 92311, 79336, 51578, 35457, 31958, 86730, 96687, 11146, 78075, 16211, 44286, 64844, 65338, 10895, 10275, 77020, 73939, 97538, 77164, 89934, 19330, 65432, 21836, 62675, 2218, 30434, 72578, 3673, 40750, 56210, 87412, 64425, 15775, 78636, 80433, 91705, 39505, 7027, 29105, 87238, 78396, 99457, 72495, 465, 26796, 81547, 80667, 30823, 69059, 7899, 78032, 78440, 81817, 20294, 87763, 12034, 87734, 24471, 82031, 64016, 50288, 34228, 63282, 50920, 30581, 84203, 633, 87248, 12770, 97953, 13053, 95572, 37949, 74063, 36227, 29715, 49813, 21145, 87009, 80874, 37059, 87639, 40612, 24590, 86721, 77317, 98113, 76274, 67052, 89971, 13754, 59718, 87879, 93901, 12293, 67642, 78449, 64313, 44591, 70027, 35247, 66295, 59710, 40038, 34813, 87962, 6454, 75437, 34184, 50284, 17941, 64231, 49977, 2028, 59502, 60727, 26582, 79999, 6279, 85230, 43569, 67203, 58331, 72913, 30171, 1727, 41946, 90745, 71914, 86277, 5832, 11177, 57599, 86212, 61606, 28255, 80106, 54547, 15980, 77212, 3027, 83112, 17125, 76921, 4837, 26444, 13210, 89259, 46651, 77381, 66788, 11296, 33774, 81105, 70945, 61130, 72200, 65714, 63243, 61476, 76626, 59438, 32822, 8711, 94850, 65916, 7693, 21486, 24715, 26506, 21007, 33133, 38566, 99647, 25770, 19442, 13318, 78963, 57647, 12222, 92372, 45896, 92440, 69281, 19151, 44863, 76918, 22077, 63058, 94435, 38449, 64109, 20310, 83672, 22901, 14278, 33390, 13900, 63275, 55898, 16247, 33785, 54297, 8437, 54820, 83410, 95313, 67626, 61778, 10727, 89377, 37482, 45594, 34932, 17260, 28241, 94797, 26052, 23531, 90086, 15960, 81528, 32321, 35167, 20274, 11327, 18349, 24819, 16188, 45023, 56618, 85558, 52445, 76045, 7010, 39667, 97499, 27217, 6922, 66669, 41143, 82468, 17121, 9153, 82171, 29623, 91642, 3023, 69588, 47419, 86211, 71966, 80845, 68320, 13455, 37727, 52220, 74702, 43968, 32800, 43782, 66266, 15493, 61506, 51999, 45231, 78441, 55374, 45332, 33666, 99772, 17526, 93054, 75932, 18681, 44005, 52642, 79466, 41665, 71733, 67212, 52963, 45410, 97177, 3676, 65899, 60266, 6015, 31478, 67272, 29789, 47236, 62659, 19112, 76732, 55297, 44711, 19662, 33344, 75613, 43681, 51180, 63551, 81969, 93251, 48767, 14416]})"
141.0,3,12,86,14.10794973373413,418,"Genotype(dna={""<class 'abc.NT_0012'>"": [0, 89047], ""<class 'abc.NT_0012_P_00000'>"": [], ""<class 'abc.NT_0007'>"": [55058, 96429, 2662], ""<class 'abc.NT_0007_P_00000'>"": [], ""<class 'abc.NT_0002'>"": [0, 48333, 27356], ""<class 'abc.NT_0002_P_00000'>"": [], ""<class 'abc.NT_0000'>"": [42184, 70052, 0, 91804, 0, 0, 36773, 0, 64804], ""<class 'abc.NT_0000_P_00000'>"": [], ""<class 'abc.NT_0001'>"": [0, 49937, 0, 86169, 43681], ""<class 'abc.NT_0001_P_00000'>"": [], ""<class 'bool'>"": [70796, 41936, 41546, 8512, 21121, 28869], ""<class 'int'>"": [25155, 52427, 13216, 14861, 37066, 43227, 14416], ""<class 'abc.NT_0005'>"": [0, 37639], ""<class 'abc.NT_0005_P_00000'>"": [], ""<class 'abc.NT_0003'>"": [33650, 52703], ""<class 'abc.NT_0003_P_00000'>"": [], ""<class 'abc.NT_0004'>"": [0, 59983], ""<class 'abc.NT_0004_P_00000'>"": [], '$leftovers': [81600, 92981, 24586, 80507, 48909, 56302, 48279, 39596, 8177, 41048, 54709, 2141, 36382, 30231, 79303, 45906, 3600, 72448, 85756, 62232, 76728, 12314, 10402, 99348, 82540, 3143, 2927, 63383, 24684, 56849, 91234, 96607, 11663, 55655, 70782, 65921, 46458, 89721, 42004, 84925, 23942, 57205, 447, 66040, 89769, 37633, 53881, 33471, 84899, 77962, 79382, 63421, 42354, 22565, 54622, 78399, 707, 24478, 73210, 60708, 91176, 39440, 68267, 67164, 86078, 78891, 1648, 1984, 34860, 67089, 14873, 85945, 27946, 91486, 43571, 81436, 24346, 46853, 90833, 93204, 67569, 28562, 65707, 64260, 79507, 5703, 7091, 64658, 51775, 12742, 9851, 57202, 62567, 20339, 98771, 84993, 42327, 6461, 36932, 81439, 47467, 62039, 83881, 12894, 32233, 8056, 28809, 72665, 37010, 26904, 8831, 28758, 41940, 50619, 13705, 77050, 31928, 98645, 56591, 24230, 79582, 27434, 95976, 64454, 7019, 17483, 21240, 67326, 59414, 72680, 9039, 51925, 93310, 67483, 64406, 48515, 88431, 2658, 13619, 9790, 17053, 28910, 57659, 77924, 99848, 89052, 47667, 8134, 19606, 85887, 52665, 28157, 42807, 17016, 89094, 61528, 2617, 28737, 93170, 38813, 99354, 15028, 23722, 65353, 29533, 99753, 41981, 50418, 14162, 78477, 44874, 48013, 99700, 22092, 35260, 90200, 89643, 20702, 91024, 9577, 56981, 30550, 61179, 18259, 57231, 87191, 55757, 3244, 78476, 74777, 24995, 31614, 77943, 7036, 49566, 58360, 3004, 53252, 66953, 74656, 74210, 27963, 52379, 63796, 99017, 55895, 25648, 47745, 62726, 60872, 9501, 49057, 94539, 87198, 63764, 99938, 10128, 80210, 46135, 51655, 83482, 38148, 24164, 27359, 56722, 28341, 25100, 45456, 58831, 30641, 35297, 10655, 57535, 34439, 9062, 29603, 80404, 81266, 30591, 52083, 4329, 59237, 41782, 63886, 44622, 7276, 5883, 7811, 9363, 36177, 85829, 72401, 69637, 5311, 68134, 6919, 88426, 70653, 4616, 46013, 92629, 59024, 92702, 43046, 89779, 385, 55229, 28239, 12254, 26194, 26075, 97973, 61281, 36055, 35286, 66986, 28883, 19934, 88098, 4790, 83498, 37148, 15666, 87010, 55539, 7569, 68859, 64018, 42555, 25550, 49766, 42788, 84258, 51569, 68268, 3156, 96561, 85693, 51070, 36377, 65819, 96179, 39579, 24584, 28035, 59376, 1204, 11150, 48792, 45926, 85267, 91074, 94546, 96796, 37903, 59781, 4539, 61677, 99460, 13625, 61547, 50670, 13613, 59753, 22915, 2621, 41331, 81995, 39637, 22957, 79002, 77248, 80855, 23226, 52229, 79789, 70273, 33650, 98693, 42923, 5145, 90463, 16373, 37110, 73707, 81260, 22037, 73958, 71109, 87766, 33357, 36160, 30428, 68575, 62987, 54541, 93429, 10734, 56468, 10160, 92379, 48026, 42646, 26036, 13198, 24697, 89401, 2013, 24257, 16393, 7549, 56761, 59383, 92698, 47833, 9115, 80083, 27886, 98520, 84184, 46396, 32324, 55136, 33043, 94733, 39299, 68268, 17957, 41681, 95283, 74312, 19569, 5501, 96364, 37614, 98620, 35413, 23136, 13438, 71840, 85129, 48571, 41673, 12536, 28619, 39045, 31089, 96567, 57611, 19490, 3253, 59735, 37115, 23031, 12955, 69562, 87443, 43955, 64586, 64395, 83855, 28306, 89637, 82455, 41564, 62224, 83458, 72706, 39687, 18580, 37123, 88608, 78134, 31325, 99919, 83099, 93340, 64560, 40152, 49911, 90599, 5214, 94580, 49233, 60885, 57752, 18427, 57803, 29767, 82380, 44062, 42873, 35236, 96454, 6296, 761, 18195, 33989, 94984, 70688, 90636, 6806, 73662, 94256, 41102, 28770, 46150, 73640, 11449, 24920, 21310, 85454, 94863, 91863, 23315, 17597, 20217, 91794, 34166, 77109, 46637, 32144, 83158, 26247, 76783, 57366, 76170, 90953, 82914, 78347, 9798, 36943, 73386, 68382, 52072, 12414, 41189, 86486, 60473, 16665, 45781, 59592, 86919, 63519, 25794, 53453, 64363, 96508, 16128, 92416, 22277, 24310, 86063, 67165, 46227, 54481, 89870, 69212, 62340, 60412, 71112, 23023, 34509, 92116, 7217, 63002, 41259, 50000, 8793, 4594, 30483, 62653, 83938, 83503, 31483, 10365, 49442, 30804, 45981, 6968, 91617, 92210, 54325, 96831, 5008, 28389, 68581, 10722, 76148, 95354, 73970, 68860, 62036, 98213, 81300, 79566, 11781, 37080, 43953, 62574, 60034, 62154, 78716, 7847, 44434, 11159, 20786, 57220, 86148, 89532, 79123, 19828, 71554, 38321, 92355, 28120, 6885, 40594, 84932, 47779, 99847, 92498, 86367, 71489, 51939, 10303, 75651, 2814, 54873, 58078, 82260, 4131, 16111, 36323, 80831, 56586, 23086, 62810, 48333, 30508, 86384, 27684, 56737, 96345, 97308, 91048, 25778, 26424, 16979, 77059, 87484, 650, 10501, 7664, 42399, 66368, 72428, 90313, 68581, 95408, 58719, 7010, 71100, 38694, 62269, 88515, 87114, 60082, 74975, 47648, 95486, 87637, 66308, 20895, 66554, 33908, 42049, 56894, 28029, 53349, 69094, 28178, 10701, 80203, 12390, 30718, 61309, 79054, 80067, 87669, 18429, 56382, 67438, 53640, 19668, 83077, 8515, 32853, 16711, 65061, 42899, 66125, 28921, 47414, 77777, 7836, 59293, 12583, 45182, 70935, 11108, 65079, 57419, 58720, 99394, 41111, 59469, 41454, 95010, 96686, 20780, 37583, 91647, 99794, 21826, 42117, 12468, 34122, 46653, 81774, 80852, 20118, 37608, 92311, 79336, 51578, 35457, 31958, 86730, 96687, 11146, 78075, 16211, 44286, 64844, 65338, 10895, 10275, 77020, 73939, 97538, 77164, 89934, 19330, 65432, 21836, 62675, 2218, 30434, 72578, 3673, 40750, 56210, 87412, 64425, 15775, 78636, 80433, 91705, 39505, 7027, 29105, 87238, 78396, 99457, 72495, 465, 26796, 81547, 80667, 30823, 69059, 7899, 78032, 78440, 81817, 20294, 87763, 12034, 87734, 24471, 82031, 64016, 50288, 34228, 63282, 50920, 30581, 84203, 633, 87248, 12770, 97953, 13053, 95572, 37949, 74063, 36227, 29715, 49813, 21145, 87009, 80874, 37059, 87639, 40612, 24590, 86721, 77317, 98113, 76274, 67052, 89971, 13754, 59718, 87879, 93901, 12293, 67642, 78449, 64313, 44591, 70027, 35247, 66295, 59710, 40038, 34813, 87962, 6454, 75437, 34184, 50284, 17941, 64231, 49977, 2028, 59502, 60727, 26582, 79999, 6279, 85230, 43569, 67203, 58331, 72913, 30171, 1727, 41946, 90745, 71914, 86277, 5832, 11177, 57599, 86212, 61606, 28255, 80106, 54547, 15980, 77212, 3027, 83112, 17125, 76921, 4837, 26444, 13210, 89259, 46651, 77381, 66788, 11296, 33774, 81105, 70945, 61130, 72200, 65714, 63243, 61476, 76626, 59438, 32822, 8711, 94850, 65916, 7693, 21486, 24715, 26506, 21007, 33133, 38566, 99647, 25770, 19442, 13318, 78963, 57647, 12222, 92372, 45896, 92440, 69281, 19151, 44863, 76918, 22077, 63058, 94435, 38449, 64109, 20310, 83672, 22901, 14278, 33390, 13900, 63275, 55898, 16247, 33785, 54297, 8437, 54820, 83410, 95313, 67626, 61778, 10727, 89377, 37482, 45594, 34932, 17260, 28241, 94797, 26052, 23531, 90086, 15960, 81528, 32321, 35167, 20274, 11327, 18349, 24819, 16188, 45023, 56618, 85558, 52445, 76045, 7010, 39667, 97499, 27217, 6922, 66669, 41143, 82468, 17121, 9153, 82171, 29623, 91642, 3023, 69588, 47419, 86211, 71966, 80845, 68320, 13455, 37727, 52220, 74702, 43968, 32800, 43782, 66266, 15493, 61506, 51999, 45231, 78441, 55374, 45332, 33666, 99772, 17526, 93054, 75932, 18681, 44005, 52642, 79466, 41665, 71733, 67212, 52963, 45410, 97177, 3676, 65899, 60266, 6015, 31478, 67272, 29789, 47236, 62659, 19112, 76732, 55297, 44711, 19662, 33344, 75613, 43681, 51180, 63551, 81969, 93251, 48767, 14416]})"
141.0,3,12,87,14.171782493591309,418,"Genotype(dna={""<class 'abc.NT_0012'>"": [0, 89047], ""<class 'abc.NT_0012_P_00000'>"": [], ""<class 'abc.NT_0007'>"": [55058, 96429, 2662], ""<class 'abc.NT_0007_P_00000'>"": [], ""<class 'abc.NT_0002'>"": [0, 48333, 27356], ""<class 'abc.NT_0002_P_00000'>"": [], ""<class 'abc.NT_0000'>"": [42184, 70052, 0, 91804, 0, 0, 36773, 0, 64804], ""<class 'abc.NT_0000_P_00000'>"": [], ""<class 'abc.NT_0001'>"": [0, 49937, 0, 86169, 43681], ""<class 'abc.NT_0001_P_00000'>"": [], ""<class 'bool'>"": [70796, 41936, 41546, 8512, 21121, 28869], ""<class 'int'>"": [25155, 52427, 13216, 14861, 37066, 43227, 14416], ""<class 'abc.NT_0005'>"": [0, 37639], ""<class 'abc.NT_0005_P_00000'>"": [], ""<class 'abc.NT_0003'>"": [33650, 52703], ""<class 'abc.NT_0003_P_00000'>"": [], ""<class 'abc.NT_0004'>"": [0, 59983], ""<class 'abc.NT_0004_P_00000'>"": [], '$leftovers': [81600, 92981, 24586, 80507, 48909, 56302, 48279, 39596, 8177, 41048, 54709, 2141, 36382, 30231, 79303, 45906, 3600, 72448, 85756, 62232, 76728, 12314, 10402, 99348, 82540, 3143, 2927, 63383, 24684, 56849, 91234, 96607, 11663, 55655, 70782, 65921, 46458, 89721, 42004, 84925, 23942, 57205, 447, 66040, 89769, 37633, 53881, 33471, 84899, 77962, 79382, 63421, 42354, 22565, 54622, 78399, 707, 24478, 73210, 60708, 91176, 39440, 68267, 67164, 86078, 78891, 1648, 1984, 34860, 67089, 14873, 85945, 27946, 91486, 43571, 81436, 24346, 46853, 90833, 93204, 67569, 28562, 65707, 64260, 79507, 5703, 7091, 64658, 51775, 12742, 9851, 57202, 62567, 20339, 98771, 84993, 42327, 6461, 36932, 81439, 47467, 62039, 83881, 12894, 32233, 8056, 28809, 72665, 37010, 26904, 8831, 28758, 41940, 50619, 13705, 77050, 31928, 98645, 56591, 24230, 79582, 27434, 95976, 64454, 7019, 17483, 21240, 67326, 59414, 72680, 9039, 51925, 93310, 67483, 64406, 48515, 88431, 2658, 13619, 9790, 17053, 28910, 57659, 77924, 99848, 89052, 47667, 8134, 19606, 85887, 52665, 28157, 42807, 17016, 89094, 61528, 2617, 28737, 93170, 38813, 99354, 15028, 23722, 65353, 29533, 99753, 41981, 50418, 14162, 78477, 44874, 48013, 99700, 22092, 35260, 90200, 89643, 20702, 91024, 9577, 56981, 30550, 61179, 18259, 57231, 87191, 55757, 3244, 78476, 74777, 24995, 31614, 77943, 7036, 49566, 58360, 3004, 53252, 66953, 74656, 74210, 27963, 52379, 63796, 99017, 55895, 25648, 47745, 62726, 60872, 9501, 49057, 94539, 87198, 63764, 99938, 10128, 80210, 46135, 51655, 83482, 38148, 24164, 27359, 56722, 28341, 25100, 45456, 58831, 30641, 35297, 10655, 57535, 34439, 9062, 29603, 80404, 81266, 30591, 52083, 4329, 59237, 41782, 63886, 44622, 7276, 5883, 7811, 9363, 36177, 85829, 72401, 69637, 5311, 68134, 6919, 88426, 70653, 4616, 46013, 92629, 59024, 92702, 43046, 89779, 385, 55229, 28239, 12254, 26194, 26075, 97973, 61281, 36055, 35286, 66986, 28883, 19934, 88098, 4790, 83498, 37148, 15666, 87010, 55539, 7569, 68859, 64018, 42555, 25550, 49766, 42788, 84258, 51569, 68268, 3156, 96561, 85693, 51070, 36377, 65819, 96179, 39579, 24584, 28035, 59376, 1204, 11150, 48792, 45926, 85267, 91074, 94546, 96796, 37903, 59781, 4539, 61677, 99460, 13625, 61547, 50670, 13613, 59753, 22915, 2621, 41331, 81995, 39637, 22957, 79002, 77248, 80855, 23226, 52229, 79789, 70273, 33650, 98693, 42923, 5145, 90463, 16373, 37110, 73707, 81260, 22037, 73958, 71109, 87766, 33357, 36160, 30428, 68575, 62987, 54541, 93429, 10734, 56468, 10160, 92379, 48026, 42646, 26036, 13198, 24697, 89401, 2013, 24257, 16393, 7549, 56761, 59383, 92698, 47833, 9115, 80083, 27886, 98520, 84184, 46396, 32324, 55136, 33043, 94733, 39299, 68268, 17957, 41681, 95283, 74312, 19569, 5501, 96364, 37614, 98620, 35413, 23136, 13438, 71840, 85129, 48571, 41673, 12536, 28619, 39045, 31089, 96567, 57611, 19490, 3253, 59735, 37115, 23031, 12955, 69562, 87443, 43955, 64586, 64395, 83855, 28306, 89637, 82455, 41564, 62224, 83458, 72706, 39687, 18580, 37123, 88608, 78134, 31325, 99919, 83099, 93340, 64560, 40152, 49911, 90599, 5214, 94580, 49233, 60885, 57752, 18427, 57803, 29767, 82380, 44062, 42873, 35236, 96454, 6296, 761, 18195, 33989, 94984, 70688, 90636, 6806, 73662, 94256, 41102, 28770, 46150, 73640, 11449, 24920, 21310, 85454, 94863, 91863, 23315, 17597, 20217, 91794, 34166, 77109, 46637, 32144, 83158, 26247, 76783, 57366, 76170, 90953, 82914, 78347, 9798, 36943, 73386, 68382, 52072, 12414, 41189, 86486, 60473, 16665, 45781, 59592, 86919, 63519, 25794, 53453, 64363, 96508, 16128, 92416, 22277, 24310, 86063, 67165, 46227, 54481, 89870, 69212, 62340, 60412, 71112, 23023, 34509, 92116, 7217, 63002, 41259, 50000, 8793, 4594, 30483, 62653, 83938, 83503, 31483, 10365, 49442, 30804, 45981, 6968, 91617, 92210, 54325, 96831, 5008, 28389, 68581, 10722, 76148, 95354, 73970, 68860, 62036, 98213, 81300, 79566, 11781, 37080, 43953, 62574, 60034, 62154, 78716, 7847, 44434, 11159, 20786, 57220, 86148, 89532, 79123, 19828, 71554, 38321, 92355, 28120, 6885, 40594, 84932, 47779, 99847, 92498, 86367, 71489, 51939, 10303, 75651, 2814, 54873, 58078, 82260, 4131, 16111, 36323, 80831, 56586, 23086, 62810, 48333, 30508, 86384, 27684, 56737, 96345, 97308, 91048, 25778, 26424, 16979, 77059, 87484, 650, 10501, 7664, 42399, 66368, 72428, 90313, 68581, 95408, 58719, 7010, 71100, 38694, 62269, 88515, 87114, 60082, 74975, 47648, 95486, 87637, 66308, 20895, 66554, 33908, 42049, 56894, 28029, 53349, 69094, 28178, 10701, 80203, 12390, 30718, 61309, 79054, 80067, 87669, 18429, 56382, 67438, 53640, 19668, 83077, 8515, 32853, 16711, 65061, 42899, 66125, 28921, 47414, 77777, 7836, 59293, 12583, 45182, 70935, 11108, 65079, 57419, 58720, 99394, 41111, 59469, 41454, 95010, 96686, 20780, 37583, 91647, 99794, 21826, 42117, 12468, 34122, 46653, 81774, 80852, 20118, 37608, 92311, 79336, 51578, 35457, 31958, 86730, 96687, 11146, 78075, 16211, 44286, 64844, 65338, 10895, 10275, 77020, 73939, 97538, 77164, 89934, 19330, 65432, 21836, 62675, 2218, 30434, 72578, 3673, 40750, 56210, 87412, 64425, 15775, 78636, 80433, 91705, 39505, 7027, 29105, 87238, 78396, 99457, 72495, 465, 26796, 81547, 80667, 30823, 69059, 7899, 78032, 78440, 81817, 20294, 87763, 12034, 87734, 24471, 82031, 64016, 50288, 34228, 63282, 50920, 30581, 84203, 633, 87248, 12770, 97953, 13053, 95572, 37949, 74063, 36227, 29715, 49813, 21145, 87009, 80874, 37059, 87639, 40612, 24590, 86721, 77317, 98113, 76274, 67052, 89971, 13754, 59718, 87879, 93901, 12293, 67642, 78449, 64313, 44591, 70027, 35247, 66295, 59710, 40038, 34813, 87962, 6454, 75437, 34184, 50284, 17941, 64231, 49977, 2028, 59502, 60727, 26582, 79999, 6279, 85230, 43569, 67203, 58331, 72913, 30171, 1727, 41946, 90745, 71914, 86277, 5832, 11177, 57599, 86212, 61606, 28255, 80106, 54547, 15980, 77212, 3027, 83112, 17125, 76921, 4837, 26444, 13210, 89259, 46651, 77381, 66788, 11296, 33774, 81105, 70945, 61130, 72200, 65714, 63243, 61476, 76626, 59438, 32822, 8711, 94850, 65916, 7693, 21486, 24715, 26506, 21007, 33133, 38566, 99647, 25770, 19442, 13318, 78963, 57647, 12222, 92372, 45896, 92440, 69281, 19151, 44863, 76918, 22077, 63058, 94435, 38449, 64109, 20310, 83672, 22901, 14278, 33390, 13900, 63275, 55898, 16247, 33785, 54297, 8437, 54820, 83410, 95313, 67626, 61778, 10727, 89377, 37482, 45594, 34932, 17260, 28241, 94797, 26052, 23531, 90086, 15960, 81528, 32321, 35167, 20274, 11327, 18349, 24819, 16188, 45023, 56618, 85558, 52445, 76045, 7010, 39667, 97499, 27217, 6922, 66669, 41143, 82468, 17121, 9153, 82171, 29623, 91642, 3023, 69588, 47419, 86211, 71966, 80845, 68320, 13455, 37727, 52220, 74702, 43968, 32800, 43782, 66266, 15493, 61506, 51999, 45231, 78441, 55374, 45332, 33666, 99772, 17526, 93054, 75932, 18681, 44005, 52642, 79466, 41665, 71733, 67212, 52963, 45410, 97177, 3676, 65899, 60266, 6015, 31478, 67272, 29789, 47236, 62659, 19112, 76732, 55297, 44711, 19662, 33344, 75613, 43681, 51180, 63551, 81969, 93251, 48767, 14416]})"
141.0,3,12,88,14.254870176315308,418,"Genotype(dna={""<class 'abc.NT_0012'>"": [0, 89047], ""<class 'abc.NT_0012_P_00000'>"": [], ""<class 'abc.NT_0007'>"": [55058, 96429, 2662], ""<class 'abc.NT_0007_P_00000'>"": [], ""<class 'abc.NT_0002'>"": [0, 48333, 27356], ""<class 'abc.NT_0002_P_00000'>"": [], ""<class 'abc.NT_0000'>"": [42184, 70052, 0, 91804, 0, 0, 36773, 0, 64804], ""<class 'abc.NT_0000_P_00000'>"": [], ""<class 'abc.NT_0001'>"": [0, 49937, 0, 86169, 43681], ""<class 'abc.NT_0001_P_00000'>"": [], ""<class 'bool'>"": [70796, 41936, 41546, 8512, 21121, 28869], ""<class 'int'>"": [25155, 52427, 13216, 14861, 37066, 43227, 14416], ""<class 'abc.NT_0005'>"": [0, 37639], ""<class 'abc.NT_0005_P_00000'>"": [], ""<class 'abc.NT_0003'>"": [33650, 52703], ""<class 'abc.NT_0003_P_00000'>"": [], ""<class 'abc.NT_0004'>"": [0, 59983], ""<class 'abc.NT_0004_P_00000'>"": [], '$leftovers': [81600, 92981, 24586, 80507, 48909, 56302, 48279, 39596, 8177, 41048, 54709, 2141, 36382, 30231, 79303, 45906, 3600, 72448, 85756, 62232, 76728, 12314, 10402, 99348, 82540, 3143, 2927, 63383, 24684, 56849, 91234, 96607, 11663, 55655, 70782, 65921, 46458, 89721, 42004, 84925, 23942, 57205, 447, 66040, 89769, 37633, 53881, 33471, 84899, 77962, 79382, 63421, 42354, 22565, 54622, 78399, 707, 24478, 73210, 60708, 91176, 39440, 68267, 67164, 86078, 78891, 1648, 1984, 34860, 67089, 14873, 85945, 27946, 91486, 43571, 81436, 24346, 46853, 90833, 93204, 67569, 28562, 65707, 64260, 79507, 5703, 7091, 64658, 51775, 12742, 9851, 57202, 62567, 20339, 98771, 84993, 42327, 6461, 36932, 81439, 47467, 62039, 83881, 12894, 32233, 8056, 28809, 72665, 37010, 26904, 8831, 28758, 41940, 50619, 13705, 77050, 31928, 98645, 56591, 24230, 79582, 27434, 95976, 64454, 7019, 17483, 21240, 67326, 59414, 72680, 9039, 51925, 93310, 67483, 64406, 48515, 88431, 2658, 13619, 9790, 17053, 28910, 57659, 77924, 99848, 89052, 47667, 8134, 19606, 85887, 52665, 28157, 42807, 17016, 89094, 61528, 2617, 28737, 93170, 38813, 99354, 15028, 23722, 65353, 29533, 99753, 41981, 50418, 14162, 78477, 44874, 48013, 99700, 22092, 35260, 90200, 89643, 20702, 91024, 9577, 56981, 30550, 61179, 18259, 57231, 87191, 55757, 3244, 78476, 74777, 24995, 31614, 77943, 7036, 49566, 58360, 3004, 53252, 66953, 74656, 74210, 27963, 52379, 63796, 99017, 55895, 25648, 47745, 62726, 60872, 9501, 49057, 94539, 87198, 63764, 99938, 10128, 80210, 46135, 51655, 83482, 38148, 24164, 27359, 56722, 28341, 25100, 45456, 58831, 30641, 35297, 10655, 57535, 34439, 9062, 29603, 80404, 81266, 30591, 52083, 4329, 59237, 41782, 63886, 44622, 7276, 5883, 7811, 9363, 36177, 85829, 72401, 69637, 5311, 68134, 6919, 88426, 70653, 4616, 46013, 92629, 59024, 92702, 43046, 89779, 385, 55229, 28239, 12254, 26194, 26075, 97973, 61281, 36055, 35286, 66986, 28883, 19934, 88098, 4790, 83498, 37148, 15666, 87010, 55539, 7569, 68859, 64018, 42555, 25550, 49766, 42788, 84258, 51569, 68268, 3156, 96561, 85693, 51070, 36377, 65819, 96179, 39579, 24584, 28035, 59376, 1204, 11150, 48792, 45926, 85267, 91074, 94546, 96796, 37903, 59781, 4539, 61677, 99460, 13625, 61547, 50670, 13613, 59753, 22915, 2621, 41331, 81995, 39637, 22957, 79002, 77248, 80855, 23226, 52229, 79789, 70273, 33650, 98693, 42923, 5145, 90463, 16373, 37110, 73707, 81260, 22037, 73958, 71109, 87766, 33357, 36160, 30428, 68575, 62987, 54541, 93429, 10734, 56468, 10160, 92379, 48026, 42646, 26036, 13198, 24697, 89401, 2013, 24257, 16393, 7549, 56761, 59383, 92698, 47833, 9115, 80083, 27886, 98520, 84184, 46396, 32324, 55136, 33043, 94733, 39299, 68268, 17957, 41681, 95283, 74312, 19569, 5501, 96364, 37614, 98620, 35413, 23136, 13438, 71840, 85129, 48571, 41673, 12536, 28619, 39045, 31089, 96567, 57611, 19490, 3253, 59735, 37115, 23031, 12955, 69562, 87443, 43955, 64586, 64395, 83855, 28306, 89637, 82455, 41564, 62224, 83458, 72706, 39687, 18580, 37123, 88608, 78134, 31325, 99919, 83099, 93340, 64560, 40152, 49911, 90599, 5214, 94580, 49233, 60885, 57752, 18427, 57803, 29767, 82380, 44062, 42873, 35236, 96454, 6296, 761, 18195, 33989, 94984, 70688, 90636, 6806, 73662, 94256, 41102, 28770, 46150, 73640, 11449, 24920, 21310, 85454, 94863, 91863, 23315, 17597, 20217, 91794, 34166, 77109, 46637, 32144, 83158, 26247, 76783, 57366, 76170, 90953, 82914, 78347, 9798, 36943, 73386, 68382, 52072, 12414, 41189, 86486, 60473, 16665, 45781, 59592, 86919, 63519, 25794, 53453, 64363, 96508, 16128, 92416, 22277, 24310, 86063, 67165, 46227, 54481, 89870, 69212, 62340, 60412, 71112, 23023, 34509, 92116, 7217, 63002, 41259, 50000, 8793, 4594, 30483, 62653, 83938, 83503, 31483, 10365, 49442, 30804, 45981, 6968, 91617, 92210, 54325, 96831, 5008, 28389, 68581, 10722, 76148, 95354, 73970, 68860, 62036, 98213, 81300, 79566, 11781, 37080, 43953, 62574, 60034, 62154, 78716, 7847, 44434, 11159, 20786, 57220, 86148, 89532, 79123, 19828, 71554, 38321, 92355, 28120, 6885, 40594, 84932, 47779, 99847, 92498, 86367, 71489, 51939, 10303, 75651, 2814, 54873, 58078, 82260, 4131, 16111, 36323, 80831, 56586, 23086, 62810, 48333, 30508, 86384, 27684, 56737, 96345, 97308, 91048, 25778, 26424, 16979, 77059, 87484, 650, 10501, 7664, 42399, 66368, 72428, 90313, 68581, 95408, 58719, 7010, 71100, 38694, 62269, 88515, 87114, 60082, 74975, 47648, 95486, 87637, 66308, 20895, 66554, 33908, 42049, 56894, 28029, 53349, 69094, 28178, 10701, 80203, 12390, 30718, 61309, 79054, 80067, 87669, 18429, 56382, 67438, 53640, 19668, 83077, 8515, 32853, 16711, 65061, 42899, 66125, 28921, 47414, 77777, 7836, 59293, 12583, 45182, 70935, 11108, 65079, 57419, 58720, 99394, 41111, 59469, 41454, 95010, 96686, 20780, 37583, 91647, 99794, 21826, 42117, 12468, 34122, 46653, 81774, 80852, 20118, 37608, 92311, 79336, 51578, 35457, 31958, 86730, 96687, 11146, 78075, 16211, 44286, 64844, 65338, 10895, 10275, 77020, 73939, 97538, 77164, 89934, 19330, 65432, 21836, 62675, 2218, 30434, 72578, 3673, 40750, 56210, 87412, 64425, 15775, 78636, 80433, 91705, 39505, 7027, 29105, 87238, 78396, 99457, 72495, 465, 26796, 81547, 80667, 30823, 69059, 7899, 78032, 78440, 81817, 20294, 87763, 12034, 87734, 24471, 82031, 64016, 50288, 34228, 63282, 50920, 30581, 84203, 633, 87248, 12770, 97953, 13053, 95572, 37949, 74063, 36227, 29715, 49813, 21145, 87009, 80874, 37059, 87639, 40612, 24590, 86721, 77317, 98113, 76274, 67052, 89971, 13754, 59718, 87879, 93901, 12293, 67642, 78449, 64313, 44591, 70027, 35247, 66295, 59710, 40038, 34813, 87962, 6454, 75437, 34184, 50284, 17941, 64231, 49977, 2028, 59502, 60727, 26582, 79999, 6279, 85230, 43569, 67203, 58331, 72913, 30171, 1727, 41946, 90745, 71914, 86277, 5832, 11177, 57599, 86212, 61606, 28255, 80106, 54547, 15980, 77212, 3027, 83112, 17125, 76921, 4837, 26444, 13210, 89259, 46651, 77381, 66788, 11296, 33774, 81105, 70945, 61130, 72200, 65714, 63243, 61476, 76626, 59438, 32822, 8711, 94850, 65916, 7693, 21486, 24715, 26506, 21007, 33133, 38566, 99647, 25770, 19442, 13318, 78963, 57647, 12222, 92372, 45896, 92440, 69281, 19151, 44863, 76918, 22077, 63058, 94435, 38449, 64109, 20310, 83672, 22901, 14278, 33390, 13900, 63275, 55898, 16247, 33785, 54297, 8437, 54820, 83410, 95313, 67626, 61778, 10727, 89377, 37482, 45594, 34932, 17260, 28241, 94797, 26052, 23531, 90086, 15960, 81528, 32321, 35167, 20274, 11327, 18349, 24819, 16188, 45023, 56618, 85558, 52445, 76045, 7010, 39667, 97499, 27217, 6922, 66669, 41143, 82468, 17121, 9153, 82171, 29623, 91642, 3023, 69588, 47419, 86211, 71966, 80845, 68320, 13455, 37727, 52220, 74702, 43968, 32800, 43782, 66266, 15493, 61506, 51999, 45231, 78441, 55374, 45332, 33666, 99772, 17526, 93054, 75932, 18681, 44005, 52642, 79466, 41665, 71733, 67212, 52963, 45410, 97177, 3676, 65899, 60266, 6015, 31478, 67272, 29789, 47236, 62659, 19112, 76732, 55297, 44711, 19662, 33344, 75613, 43681, 51180, 63551, 81969, 93251, 48767, 14416]})"
141.0,3,12,89,14.408144235610962,418,"Genotype(dna={""<class 'abc.NT_0012'>"": [0, 89047], ""<class 'abc.NT_0012_P_00000'>"": [], ""<class 'abc.NT_0007'>"": [55058, 96429, 2662], ""<class 'abc.NT_0007_P_00000'>"": [], ""<class 'abc.NT_0002'>"": [0, 48333, 27356], ""<class 'abc.NT_0002_P_00000'>"": [], ""<class 'abc.NT_0000'>"": [42184, 70052, 0, 91804, 0, 0, 36773, 0, 64804], ""<class 'abc.NT_0000_P_00000'>"": [], ""<class 'abc.NT_0001'>"": [0, 49937, 0, 86169, 43681], ""<class 'abc.NT_0001_P_00000'>"": [], ""<class 'bool'>"": [70796, 41936, 41546, 8512, 21121, 28869], ""<class 'int'>"": [25155, 52427, 13216, 14861, 37066, 43227, 14416], ""<class 'abc.NT_0005'>"": [0, 37639], ""<class 'abc.NT_0005_P_00000'>"": [], ""<class 'abc.NT_0003'>"": [33650, 52703], ""<class 'abc.NT_0003_P_00000'>"": [], ""<class 'abc.NT_0004'>"": [0, 59983], ""<class 'abc.NT_0004_P_00000'>"": [], '$leftovers': [81600, 92981, 24586, 80507, 48909, 56302, 48279, 39596, 8177, 41048, 54709, 2141, 36382, 30231, 79303, 45906, 3600, 72448, 85756, 62232, 76728, 12314, 10402, 99348, 82540, 3143, 2927, 63383, 24684, 56849, 91234, 96607, 11663, 55655, 70782, 65921, 46458, 89721, 42004, 84925, 23942, 57205, 447, 66040, 89769, 37633, 53881, 33471, 84899, 77962, 79382, 63421, 42354, 22565, 54622, 78399, 707, 24478, 73210, 60708, 91176, 39440, 68267, 67164, 86078, 78891, 1648, 1984, 34860, 67089, 14873, 85945, 27946, 91486, 43571, 81436, 24346, 46853, 90833, 93204, 67569, 28562, 65707, 64260, 79507, 5703, 7091, 64658, 51775, 12742, 9851, 57202, 62567, 20339, 98771, 84993, 42327, 6461, 36932, 81439, 47467, 62039, 83881, 12894, 32233, 8056, 28809, 72665, 37010, 26904, 8831, 28758, 41940, 50619, 13705, 77050, 31928, 98645, 56591, 24230, 79582, 27434, 95976, 64454, 7019, 17483, 21240, 67326, 59414, 72680, 9039, 51925, 93310, 67483, 64406, 48515, 88431, 2658, 13619, 9790, 17053, 28910, 57659, 77924, 99848, 89052, 47667, 8134, 19606, 85887, 52665, 28157, 42807, 17016, 89094, 61528, 2617, 28737, 93170, 38813, 99354, 15028, 23722, 65353, 29533, 99753, 41981, 50418, 14162, 78477, 44874, 48013, 99700, 22092, 35260, 90200, 89643, 20702, 91024, 9577, 56981, 30550, 61179, 18259, 57231, 87191, 55757, 3244, 78476, 74777, 24995, 31614, 77943, 7036, 49566, 58360, 3004, 53252, 66953, 74656, 74210, 27963, 52379, 63796, 99017, 55895, 25648, 47745, 62726, 60872, 9501, 49057, 94539, 87198, 63764, 99938, 10128, 80210, 46135, 51655, 83482, 38148, 24164, 27359, 56722, 28341, 25100, 45456, 58831, 30641, 35297, 10655, 57535, 34439, 9062, 29603, 80404, 81266, 30591, 52083, 4329, 59237, 41782, 63886, 44622, 7276, 5883, 7811, 9363, 36177, 85829, 72401, 69637, 5311, 68134, 6919, 88426, 70653, 4616, 46013, 92629, 59024, 92702, 43046, 89779, 385, 55229, 28239, 12254, 26194, 26075, 97973, 61281, 36055, 35286, 66986, 28883, 19934, 88098, 4790, 83498, 37148, 15666, 87010, 55539, 7569, 68859, 64018, 42555, 25550, 49766, 42788, 84258, 51569, 68268, 3156, 96561, 85693, 51070, 36377, 65819, 96179, 39579, 24584, 28035, 59376, 1204, 11150, 48792, 45926, 85267, 91074, 94546, 96796, 37903, 59781, 4539, 61677, 99460, 13625, 61547, 50670, 13613, 59753, 22915, 2621, 41331, 81995, 39637, 22957, 79002, 77248, 80855, 23226, 52229, 79789, 70273, 33650, 98693, 42923, 5145, 90463, 16373, 37110, 73707, 81260, 22037, 73958, 71109, 87766, 33357, 36160, 30428, 68575, 62987, 54541, 93429, 10734, 56468, 10160, 92379, 48026, 42646, 26036, 13198, 24697, 89401, 2013, 24257, 16393, 7549, 56761, 59383, 92698, 47833, 9115, 80083, 27886, 98520, 84184, 46396, 32324, 55136, 33043, 94733, 39299, 68268, 17957, 41681, 95283, 74312, 19569, 5501, 96364, 37614, 98620, 35413, 23136, 13438, 71840, 85129, 48571, 41673, 12536, 28619, 39045, 31089, 96567, 57611, 19490, 3253, 59735, 37115, 23031, 12955, 69562, 87443, 43955, 64586, 64395, 83855, 28306, 89637, 82455, 41564, 62224, 83458, 72706, 39687, 18580, 37123, 88608, 78134, 31325, 99919, 83099, 93340, 64560, 40152, 49911, 90599, 5214, 94580, 49233, 60885, 57752, 18427, 57803, 29767, 82380, 44062, 42873, 35236, 96454, 6296, 761, 18195, 33989, 94984, 70688, 90636, 6806, 73662, 94256, 41102, 28770, 46150, 73640, 11449, 24920, 21310, 85454, 94863, 91863, 23315, 17597, 20217, 91794, 34166, 77109, 46637, 32144, 83158, 26247, 76783, 57366, 76170, 90953, 82914, 78347, 9798, 36943, 73386, 68382, 52072, 12414, 41189, 86486, 60473, 16665, 45781, 59592, 86919, 63519, 25794, 53453, 64363, 96508, 16128, 92416, 22277, 24310, 86063, 67165, 46227, 54481, 89870, 69212, 62340, 60412, 71112, 23023, 34509, 92116, 7217, 63002, 41259, 50000, 8793, 4594, 30483, 62653, 83938, 83503, 31483, 10365, 49442, 30804, 45981, 6968, 91617, 92210, 54325, 96831, 5008, 28389, 68581, 10722, 76148, 95354, 73970, 68860, 62036, 98213, 81300, 79566, 11781, 37080, 43953, 62574, 60034, 62154, 78716, 7847, 44434, 11159, 20786, 57220, 86148, 89532, 79123, 19828, 71554, 38321, 92355, 28120, 6885, 40594, 84932, 47779, 99847, 92498, 86367, 71489, 51939, 10303, 75651, 2814, 54873, 58078, 82260, 4131, 16111, 36323, 80831, 56586, 23086, 62810, 48333, 30508, 86384, 27684, 56737, 96345, 97308, 91048, 25778, 26424, 16979, 77059, 87484, 650, 10501, 7664, 42399, 66368, 72428, 90313, 68581, 95408, 58719, 7010, 71100, 38694, 62269, 88515, 87114, 60082, 74975, 47648, 95486, 87637, 66308, 20895, 66554, 33908, 42049, 56894, 28029, 53349, 69094, 28178, 10701, 80203, 12390, 30718, 61309, 79054, 80067, 87669, 18429, 56382, 67438, 53640, 19668, 83077, 8515, 32853, 16711, 65061, 42899, 66125, 28921, 47414, 77777, 7836, 59293, 12583, 45182, 70935, 11108, 65079, 57419, 58720, 99394, 41111, 59469, 41454, 95010, 96686, 20780, 37583, 91647, 99794, 21826, 42117, 12468, 34122, 46653, 81774, 80852, 20118, 37608, 92311, 79336, 51578, 35457, 31958, 86730, 96687, 11146, 78075, 16211, 44286, 64844, 65338, 10895, 10275, 77020, 73939, 97538, 77164, 89934, 19330, 65432, 21836, 62675, 2218, 30434, 72578, 3673, 40750, 56210, 87412, 64425, 15775, 78636, 80433, 91705, 39505, 7027, 29105, 87238, 78396, 99457, 72495, 465, 26796, 81547, 80667, 30823, 69059, 7899, 78032, 78440, 81817, 20294, 87763, 12034, 87734, 24471, 82031, 64016, 50288, 34228, 63282, 50920, 30581, 84203, 633, 87248, 12770, 97953, 13053, 95572, 37949, 74063, 36227, 29715, 49813, 21145, 87009, 80874, 37059, 87639, 40612, 24590, 86721, 77317, 98113, 76274, 67052, 89971, 13754, 59718, 87879, 93901, 12293, 67642, 78449, 64313, 44591, 70027, 35247, 66295, 59710, 40038, 34813, 87962, 6454, 75437, 34184, 50284, 17941, 64231, 49977, 2028, 59502, 60727, 26582, 79999, 6279, 85230, 43569, 67203, 58331, 72913, 30171, 1727, 41946, 90745, 71914, 86277, 5832, 11177, 57599, 86212, 61606, 28255, 80106, 54547, 15980, 77212, 3027, 83112, 17125, 76921, 4837, 26444, 13210, 89259, 46651, 77381, 66788, 11296, 33774, 81105, 70945, 61130, 72200, 65714, 63243, 61476, 76626, 59438, 32822, 8711, 94850, 65916, 7693, 21486, 24715, 26506, 21007, 33133, 38566, 99647, 25770, 19442, 13318, 78963, 57647, 12222, 92372, 45896, 92440, 69281, 19151, 44863, 76918, 22077, 63058, 94435, 38449, 64109, 20310, 83672, 22901, 14278, 33390, 13900, 63275, 55898, 16247, 33785, 54297, 8437, 54820, 83410, 95313, 67626, 61778, 10727, 89377, 37482, 45594, 34932, 17260, 28241, 94797, 26052, 23531, 90086, 15960, 81528, 32321, 35167, 20274, 11327, 18349, 24819, 16188, 45023, 56618, 85558, 52445, 76045, 7010, 39667, 97499, 27217, 6922, 66669, 41143, 82468, 17121, 9153, 82171, 29623, 91642, 3023, 69588, 47419, 86211, 71966, 80845, 68320, 13455, 37727, 52220, 74702, 43968, 32800, 43782, 66266, 15493, 61506, 51999, 45231, 78441, 55374, 45332, 33666, 99772, 17526, 93054, 75932, 18681, 44005, 52642, 79466, 41665, 71733, 67212, 52963, 45410, 97177, 3676, 65899, 60266, 6015, 31478, 67272, 29789, 47236, 62659, 19112, 76732, 55297, 44711, 19662, 33344, 75613, 43681, 51180, 63551, 81969, 93251, 48767, 14416]})"
141.0,3,12,90,14.513795375823975,418,"Genotype(dna={""<class 'abc.NT_0012'>"": [0, 89047], ""<class 'abc.NT_0012_P_00000'>"": [], ""<class 'abc.NT_0007'>"": [55058, 96429, 2662], ""<class 'abc.NT_0007_P_00000'>"": [], ""<class 'abc.NT_0002'>"": [0, 48333, 27356], ""<class 'abc.NT_0002_P_00000'>"": [], ""<class 'abc.NT_0000'>"": [42184, 70052, 0, 91804, 0, 0, 36773, 0, 64804], ""<class 'abc.NT_0000_P_00000'>"": [], ""<class 'abc.NT_0001'>"": [0, 49937, 0, 86169, 43681], ""<class 'abc.NT_0001_P_00000'>"": [], ""<class 'bool'>"": [70796, 41936, 41546, 8512, 21121, 28869], ""<class 'int'>"": [25155, 52427, 13216, 14861, 37066, 43227, 14416], ""<class 'abc.NT_0005'>"": [0, 37639], ""<class 'abc.NT_0005_P_00000'>"": [], ""<class 'abc.NT_0003'>"": [33650, 52703], ""<class 'abc.NT_0003_P_00000'>"": [], ""<class 'abc.NT_0004'>"": [0, 59983], ""<class 'abc.NT_0004_P_00000'>"": [], '$leftovers': [81600, 92981, 24586, 80507, 48909, 56302, 48279, 39596, 8177, 41048, 54709, 2141, 36382, 30231, 79303, 45906, 3600, 72448, 85756, 62232, 76728, 12314, 10402, 99348, 82540, 3143, 2927, 63383, 24684, 56849, 91234, 96607, 11663, 55655, 70782, 65921, 46458, 89721, 42004, 84925, 23942, 57205, 447, 66040, 89769, 37633, 53881, 33471, 84899, 77962, 79382, 63421, 42354, 22565, 54622, 78399, 707, 24478, 73210, 60708, 91176, 39440, 68267, 67164, 86078, 78891, 1648, 1984, 34860, 67089, 14873, 85945, 27946, 91486, 43571, 81436, 24346, 46853, 90833, 93204, 67569, 28562, 65707, 64260, 79507, 5703, 7091, 64658, 51775, 12742, 9851, 57202, 62567, 20339, 98771, 84993, 42327, 6461, 36932, 81439, 47467, 62039, 83881, 12894, 32233, 8056, 28809, 72665, 37010, 26904, 8831, 28758, 41940, 50619, 13705, 77050, 31928, 98645, 56591, 24230, 79582, 27434, 95976, 64454, 7019, 17483, 21240, 67326, 59414, 72680, 9039, 51925, 93310, 67483, 64406, 48515, 88431, 2658, 13619, 9790, 17053, 28910, 57659, 77924, 99848, 89052, 47667, 8134, 19606, 85887, 52665, 28157, 42807, 17016, 89094, 61528, 2617, 28737, 93170, 38813, 99354, 15028, 23722, 65353, 29533, 99753, 41981, 50418, 14162, 78477, 44874, 48013, 99700, 22092, 35260, 90200, 89643, 20702, 91024, 9577, 56981, 30550, 61179, 18259, 57231, 87191, 55757, 3244, 78476, 74777, 24995, 31614, 77943, 7036, 49566, 58360, 3004, 53252, 66953, 74656, 74210, 27963, 52379, 63796, 99017, 55895, 25648, 47745, 62726, 60872, 9501, 49057, 94539, 87198, 63764, 99938, 10128, 80210, 46135, 51655, 83482, 38148, 24164, 27359, 56722, 28341, 25100, 45456, 58831, 30641, 35297, 10655, 57535, 34439, 9062, 29603, 80404, 81266, 30591, 52083, 4329, 59237, 41782, 63886, 44622, 7276, 5883, 7811, 9363, 36177, 85829, 72401, 69637, 5311, 68134, 6919, 88426, 70653, 4616, 46013, 92629, 59024, 92702, 43046, 89779, 385, 55229, 28239, 12254, 26194, 26075, 97973, 61281, 36055, 35286, 66986, 28883, 19934, 88098, 4790, 83498, 37148, 15666, 87010, 55539, 7569, 68859, 64018, 42555, 25550, 49766, 42788, 84258, 51569, 68268, 3156, 96561, 85693, 51070, 36377, 65819, 96179, 39579, 24584, 28035, 59376, 1204, 11150, 48792, 45926, 85267, 91074, 94546, 96796, 37903, 59781, 4539, 61677, 99460, 13625, 61547, 50670, 13613, 59753, 22915, 2621, 41331, 81995, 39637, 22957, 79002, 77248, 80855, 23226, 52229, 79789, 70273, 33650, 98693, 42923, 5145, 90463, 16373, 37110, 73707, 81260, 22037, 73958, 71109, 87766, 33357, 36160, 30428, 68575, 62987, 54541, 93429, 10734, 56468, 10160, 92379, 48026, 42646, 26036, 13198, 24697, 89401, 2013, 24257, 16393, 7549, 56761, 59383, 92698, 47833, 9115, 80083, 27886, 98520, 84184, 46396, 32324, 55136, 33043, 94733, 39299, 68268, 17957, 41681, 95283, 74312, 19569, 5501, 96364, 37614, 98620, 35413, 23136, 13438, 71840, 85129, 48571, 41673, 12536, 28619, 39045, 31089, 96567, 57611, 19490, 3253, 59735, 37115, 23031, 12955, 69562, 87443, 43955, 64586, 64395, 83855, 28306, 89637, 82455, 41564, 62224, 83458, 72706, 39687, 18580, 37123, 88608, 78134, 31325, 99919, 83099, 93340, 64560, 40152, 49911, 90599, 5214, 94580, 49233, 60885, 57752, 18427, 57803, 29767, 82380, 44062, 42873, 35236, 96454, 6296, 761, 18195, 33989, 94984, 70688, 90636, 6806, 73662, 94256, 41102, 28770, 46150, 73640, 11449, 24920, 21310, 85454, 94863, 91863, 23315, 17597, 20217, 91794, 34166, 77109, 46637, 32144, 83158, 26247, 76783, 57366, 76170, 90953, 82914, 78347, 9798, 36943, 73386, 68382, 52072, 12414, 41189, 86486, 60473, 16665, 45781, 59592, 86919, 63519, 25794, 53453, 64363, 96508, 16128, 92416, 22277, 24310, 86063, 67165, 46227, 54481, 89870, 69212, 62340, 60412, 71112, 23023, 34509, 92116, 7217, 63002, 41259, 50000, 8793, 4594, 30483, 62653, 83938, 83503, 31483, 10365, 49442, 30804, 45981, 6968, 91617, 92210, 54325, 96831, 5008, 28389, 68581, 10722, 76148, 95354, 73970, 68860, 62036, 98213, 81300, 79566, 11781, 37080, 43953, 62574, 60034, 62154, 78716, 7847, 44434, 11159, 20786, 57220, 86148, 89532, 79123, 19828, 71554, 38321, 92355, 28120, 6885, 40594, 84932, 47779, 99847, 92498, 86367, 71489, 51939, 10303, 75651, 2814, 54873, 58078, 82260, 4131, 16111, 36323, 80831, 56586, 23086, 62810, 48333, 30508, 86384, 27684, 56737, 96345, 97308, 91048, 25778, 26424, 16979, 77059, 87484, 650, 10501, 7664, 42399, 66368, 72428, 90313, 68581, 95408, 58719, 7010, 71100, 38694, 62269, 88515, 87114, 60082, 74975, 47648, 95486, 87637, 66308, 20895, 66554, 33908, 42049, 56894, 28029, 53349, 69094, 28178, 10701, 80203, 12390, 30718, 61309, 79054, 80067, 87669, 18429, 56382, 67438, 53640, 19668, 83077, 8515, 32853, 16711, 65061, 42899, 66125, 28921, 47414, 77777, 7836, 59293, 12583, 45182, 70935, 11108, 65079, 57419, 58720, 99394, 41111, 59469, 41454, 95010, 96686, 20780, 37583, 91647, 99794, 21826, 42117, 12468, 34122, 46653, 81774, 80852, 20118, 37608, 92311, 79336, 51578, 35457, 31958, 86730, 96687, 11146, 78075, 16211, 44286, 64844, 65338, 10895, 10275, 77020, 73939, 97538, 77164, 89934, 19330, 65432, 21836, 62675, 2218, 30434, 72578, 3673, 40750, 56210, 87412, 64425, 15775, 78636, 80433, 91705, 39505, 7027, 29105, 87238, 78396, 99457, 72495, 465, 26796, 81547, 80667, 30823, 69059, 7899, 78032, 78440, 81817, 20294, 87763, 12034, 87734, 24471, 82031, 64016, 50288, 34228, 63282, 50920, 30581, 84203, 633, 87248, 12770, 97953, 13053, 95572, 37949, 74063, 36227, 29715, 49813, 21145, 87009, 80874, 37059, 87639, 40612, 24590, 86721, 77317, 98113, 76274, 67052, 89971, 13754, 59718, 87879, 93901, 12293, 67642, 78449, 64313, 44591, 70027, 35247, 66295, 59710, 40038, 34813, 87962, 6454, 75437, 34184, 50284, 17941, 64231, 49977, 2028, 59502, 60727, 26582, 79999, 6279, 85230, 43569, 67203, 58331, 72913, 30171, 1727, 41946, 90745, 71914, 86277, 5832, 11177, 57599, 86212, 61606, 28255, 80106, 54547, 15980, 77212, 3027, 83112, 17125, 76921, 4837, 26444, 13210, 89259, 46651, 77381, 66788, 11296, 33774, 81105, 70945, 61130, 72200, 65714, 63243, 61476, 76626, 59438, 32822, 8711, 94850, 65916, 7693, 21486, 24715, 26506, 21007, 33133, 38566, 99647, 25770, 19442, 13318, 78963, 57647, 12222, 92372, 45896, 92440, 69281, 19151, 44863, 76918, 22077, 63058, 94435, 38449, 64109, 20310, 83672, 22901, 14278, 33390, 13900, 63275, 55898, 16247, 33785, 54297, 8437, 54820, 83410, 95313, 67626, 61778, 10727, 89377, 37482, 45594, 34932, 17260, 28241, 94797, 26052, 23531, 90086, 15960, 81528, 32321, 35167, 20274, 11327, 18349, 24819, 16188, 45023, 56618, 85558, 52445, 76045, 7010, 39667, 97499, 27217, 6922, 66669, 41143, 82468, 17121, 9153, 82171, 29623, 91642, 3023, 69588, 47419, 86211, 71966, 80845, 68320, 13455, 37727, 52220, 74702, 43968, 32800, 43782, 66266, 15493, 61506, 51999, 45231, 78441, 55374, 45332, 33666, 99772, 17526, 93054, 75932, 18681, 44005, 52642, 79466, 41665, 71733, 67212, 52963, 45410, 97177, 3676, 65899, 60266, 6015, 31478, 67272, 29789, 47236, 62659, 19112, 76732, 55297, 44711, 19662, 33344, 75613, 43681, 51180, 63551, 81969, 93251, 48767, 14416]})"
141.0,3,12,91,14.576173782348633,418,"Genotype(dna={""<class 'abc.NT_0012'>"": [0, 89047], ""<class 'abc.NT_0012_P_00000'>"": [], ""<class 'abc.NT_0007'>"": [55058, 96429, 2662], ""<class 'abc.NT_0007_P_00000'>"": [], ""<class 'abc.NT_0002'>"": [0, 48333, 27356], ""<class 'abc.NT_0002_P_00000'>"": [], ""<class 'abc.NT_0000'>"": [42184, 70052, 0, 91804, 0, 0, 36773, 0, 64804], ""<class 'abc.NT_0000_P_00000'>"": [], ""<class 'abc.NT_0001'>"": [0, 49937, 0, 86169, 43681], ""<class 'abc.NT_0001_P_00000'>"": [], ""<class 'bool'>"": [70796, 41936, 41546, 8512, 21121, 28869], ""<class 'int'>"": [25155, 52427, 13216, 14861, 37066, 43227, 14416], ""<class 'abc.NT_0005'>"": [0, 37639], ""<class 'abc.NT_0005_P_00000'>"": [], ""<class 'abc.NT_0003'>"": [33650, 52703], ""<class 'abc.NT_0003_P_00000'>"": [], ""<class 'abc.NT_0004'>"": [0, 59983], ""<class 'abc.NT_0004_P_00000'>"": [], '$leftovers': [81600, 92981, 24586, 80507, 48909, 56302, 48279, 39596, 8177, 41048, 54709, 2141, 36382, 30231, 79303, 45906, 3600, 72448, 85756, 62232, 76728, 12314, 10402, 99348, 82540, 3143, 2927, 63383, 24684, 56849, 91234, 96607, 11663, 55655, 70782, 65921, 46458, 89721, 42004, 84925, 23942, 57205, 447, 66040, 89769, 37633, 53881, 33471, 84899, 77962, 79382, 63421, 42354, 22565, 54622, 78399, 707, 24478, 73210, 60708, 91176, 39440, 68267, 67164, 86078, 78891, 1648, 1984, 34860, 67089, 14873, 85945, 27946, 91486, 43571, 81436, 24346, 46853, 90833, 93204, 67569, 28562, 65707, 64260, 79507, 5703, 7091, 64658, 51775, 12742, 9851, 57202, 62567, 20339, 98771, 84993, 42327, 6461, 36932, 81439, 47467, 62039, 83881, 12894, 32233, 8056, 28809, 72665, 37010, 26904, 8831, 28758, 41940, 50619, 13705, 77050, 31928, 98645, 56591, 24230, 79582, 27434, 95976, 64454, 7019, 17483, 21240, 67326, 59414, 72680, 9039, 51925, 93310, 67483, 64406, 48515, 88431, 2658, 13619, 9790, 17053, 28910, 57659, 77924, 99848, 89052, 47667, 8134, 19606, 85887, 52665, 28157, 42807, 17016, 89094, 61528, 2617, 28737, 93170, 38813, 99354, 15028, 23722, 65353, 29533, 99753, 41981, 50418, 14162, 78477, 44874, 48013, 99700, 22092, 35260, 90200, 89643, 20702, 91024, 9577, 56981, 30550, 61179, 18259, 57231, 87191, 55757, 3244, 78476, 74777, 24995, 31614, 77943, 7036, 49566, 58360, 3004, 53252, 66953, 74656, 74210, 27963, 52379, 63796, 99017, 55895, 25648, 47745, 62726, 60872, 9501, 49057, 94539, 87198, 63764, 99938, 10128, 80210, 46135, 51655, 83482, 38148, 24164, 27359, 56722, 28341, 25100, 45456, 58831, 30641, 35297, 10655, 57535, 34439, 9062, 29603, 80404, 81266, 30591, 52083, 4329, 59237, 41782, 63886, 44622, 7276, 5883, 7811, 9363, 36177, 85829, 72401, 69637, 5311, 68134, 6919, 88426, 70653, 4616, 46013, 92629, 59024, 92702, 43046, 89779, 385, 55229, 28239, 12254, 26194, 26075, 97973, 61281, 36055, 35286, 66986, 28883, 19934, 88098, 4790, 83498, 37148, 15666, 87010, 55539, 7569, 68859, 64018, 42555, 25550, 49766, 42788, 84258, 51569, 68268, 3156, 96561, 85693, 51070, 36377, 65819, 96179, 39579, 24584, 28035, 59376, 1204, 11150, 48792, 45926, 85267, 91074, 94546, 96796, 37903, 59781, 4539, 61677, 99460, 13625, 61547, 50670, 13613, 59753, 22915, 2621, 41331, 81995, 39637, 22957, 79002, 77248, 80855, 23226, 52229, 79789, 70273, 33650, 98693, 42923, 5145, 90463, 16373, 37110, 73707, 81260, 22037, 73958, 71109, 87766, 33357, 36160, 30428, 68575, 62987, 54541, 93429, 10734, 56468, 10160, 92379, 48026, 42646, 26036, 13198, 24697, 89401, 2013, 24257, 16393, 7549, 56761, 59383, 92698, 47833, 9115, 80083, 27886, 98520, 84184, 46396, 32324, 55136, 33043, 94733, 39299, 68268, 17957, 41681, 95283, 74312, 19569, 5501, 96364, 37614, 98620, 35413, 23136, 13438, 71840, 85129, 48571, 41673, 12536, 28619, 39045, 31089, 96567, 57611, 19490, 3253, 59735, 37115, 23031, 12955, 69562, 87443, 43955, 64586, 64395, 83855, 28306, 89637, 82455, 41564, 62224, 83458, 72706, 39687, 18580, 37123, 88608, 78134, 31325, 99919, 83099, 93340, 64560, 40152, 49911, 90599, 5214, 94580, 49233, 60885, 57752, 18427, 57803, 29767, 82380, 44062, 42873, 35236, 96454, 6296, 761, 18195, 33989, 94984, 70688, 90636, 6806, 73662, 94256, 41102, 28770, 46150, 73640, 11449, 24920, 21310, 85454, 94863, 91863, 23315, 17597, 20217, 91794, 34166, 77109, 46637, 32144, 83158, 26247, 76783, 57366, 76170, 90953, 82914, 78347, 9798, 36943, 73386, 68382, 52072, 12414, 41189, 86486, 60473, 16665, 45781, 59592, 86919, 63519, 25794, 53453, 64363, 96508, 16128, 92416, 22277, 24310, 86063, 67165, 46227, 54481, 89870, 69212, 62340, 60412, 71112, 23023, 34509, 92116, 7217, 63002, 41259, 50000, 8793, 4594, 30483, 62653, 83938, 83503, 31483, 10365, 49442, 30804, 45981, 6968, 91617, 92210, 54325, 96831, 5008, 28389, 68581, 10722, 76148, 95354, 73970, 68860, 62036, 98213, 81300, 79566, 11781, 37080, 43953, 62574, 60034, 62154, 78716, 7847, 44434, 11159, 20786, 57220, 86148, 89532, 79123, 19828, 71554, 38321, 92355, 28120, 6885, 40594, 84932, 47779, 99847, 92498, 86367, 71489, 51939, 10303, 75651, 2814, 54873, 58078, 82260, 4131, 16111, 36323, 80831, 56586, 23086, 62810, 48333, 30508, 86384, 27684, 56737, 96345, 97308, 91048, 25778, 26424, 16979, 77059, 87484, 650, 10501, 7664, 42399, 66368, 72428, 90313, 68581, 95408, 58719, 7010, 71100, 38694, 62269, 88515, 87114, 60082, 74975, 47648, 95486, 87637, 66308, 20895, 66554, 33908, 42049, 56894, 28029, 53349, 69094, 28178, 10701, 80203, 12390, 30718, 61309, 79054, 80067, 87669, 18429, 56382, 67438, 53640, 19668, 83077, 8515, 32853, 16711, 65061, 42899, 66125, 28921, 47414, 77777, 7836, 59293, 12583, 45182, 70935, 11108, 65079, 57419, 58720, 99394, 41111, 59469, 41454, 95010, 96686, 20780, 37583, 91647, 99794, 21826, 42117, 12468, 34122, 46653, 81774, 80852, 20118, 37608, 92311, 79336, 51578, 35457, 31958, 86730, 96687, 11146, 78075, 16211, 44286, 64844, 65338, 10895, 10275, 77020, 73939, 97538, 77164, 89934, 19330, 65432, 21836, 62675, 2218, 30434, 72578, 3673, 40750, 56210, 87412, 64425, 15775, 78636, 80433, 91705, 39505, 7027, 29105, 87238, 78396, 99457, 72495, 465, 26796, 81547, 80667, 30823, 69059, 7899, 78032, 78440, 81817, 20294, 87763, 12034, 87734, 24471, 82031, 64016, 50288, 34228, 63282, 50920, 30581, 84203, 633, 87248, 12770, 97953, 13053, 95572, 37949, 74063, 36227, 29715, 49813, 21145, 87009, 80874, 37059, 87639, 40612, 24590, 86721, 77317, 98113, 76274, 67052, 89971, 13754, 59718, 87879, 93901, 12293, 67642, 78449, 64313, 44591, 70027, 35247, 66295, 59710, 40038, 34813, 87962, 6454, 75437, 34184, 50284, 17941, 64231, 49977, 2028, 59502, 60727, 26582, 79999, 6279, 85230, 43569, 67203, 58331, 72913, 30171, 1727, 41946, 90745, 71914, 86277, 5832, 11177, 57599, 86212, 61606, 28255, 80106, 54547, 15980, 77212, 3027, 83112, 17125, 76921, 4837, 26444, 13210, 89259, 46651, 77381, 66788, 11296, 33774, 81105, 70945, 61130, 72200, 65714, 63243, 61476, 76626, 59438, 32822, 8711, 94850, 65916, 7693, 21486, 24715, 26506, 21007, 33133, 38566, 99647, 25770, 19442, 13318, 78963, 57647, 12222, 92372, 45896, 92440, 69281, 19151, 44863, 76918, 22077, 63058, 94435, 38449, 64109, 20310, 83672, 22901, 14278, 33390, 13900, 63275, 55898, 16247, 33785, 54297, 8437, 54820, 83410, 95313, 67626, 61778, 10727, 89377, 37482, 45594, 34932, 17260, 28241, 94797, 26052, 23531, 90086, 15960, 81528, 32321, 35167, 20274, 11327, 18349, 24819, 16188, 45023, 56618, 85558, 52445, 76045, 7010, 39667, 97499, 27217, 6922, 66669, 41143, 82468, 17121, 9153, 82171, 29623, 91642, 3023, 69588, 47419, 86211, 71966, 80845, 68320, 13455, 37727, 52220, 74702, 43968, 32800, 43782, 66266, 15493, 61506, 51999, 45231, 78441, 55374, 45332, 33666, 99772, 17526, 93054, 75932, 18681, 44005, 52642, 79466, 41665, 71733, 67212, 52963, 45410, 97177, 3676, 65899, 60266, 6015, 31478, 67272, 29789, 47236, 62659, 19112, 76732, 55297, 44711, 19662, 33344, 75613, 43681, 51180, 63551, 81969, 93251, 48767, 14416]})"
141.0,3,12,92,14.643944025039673,418,"Genotype(dna={""<class 'abc.NT_0012'>"": [0, 89047], ""<class 'abc.NT_0012_P_00000'>"": [], ""<class 'abc.NT_0007'>"": [55058, 96429, 2662], ""<class 'abc.NT_0007_P_00000'>"": [], ""<class 'abc.NT_0002'>"": [0, 48333, 27356], ""<class 'abc.NT_0002_P_00000'>"": [], ""<class 'abc.NT_0000'>"": [42184, 70052, 0, 91804, 0, 0, 36773, 0, 64804], ""<class 'abc.NT_0000_P_00000'>"": [], ""<class 'abc.NT_0001'>"": [0, 49937, 0, 86169, 43681], ""<class 'abc.NT_0001_P_00000'>"": [], ""<class 'bool'>"": [70796, 41936, 41546, 8512, 21121, 28869], ""<class 'int'>"": [25155, 52427, 13216, 14861, 37066, 43227, 14416], ""<class 'abc.NT_0005'>"": [0, 37639], ""<class 'abc.NT_0005_P_00000'>"": [], ""<class 'abc.NT_0003'>"": [33650, 52703], ""<class 'abc.NT_0003_P_00000'>"": [], ""<class 'abc.NT_0004'>"": [0, 59983], ""<class 'abc.NT_0004_P_00000'>"": [], '$leftovers': [81600, 92981, 24586, 80507, 48909, 56302, 48279, 39596, 8177, 41048, 54709, 2141, 36382, 30231, 79303, 45906, 3600, 72448, 85756, 62232, 76728, 12314, 10402, 99348, 82540, 3143, 2927, 63383, 24684, 56849, 91234, 96607, 11663, 55655, 70782, 65921, 46458, 89721, 42004, 84925, 23942, 57205, 447, 66040, 89769, 37633, 53881, 33471, 84899, 77962, 79382, 63421, 42354, 22565, 54622, 78399, 707, 24478, 73210, 60708, 91176, 39440, 68267, 67164, 86078, 78891, 1648, 1984, 34860, 67089, 14873, 85945, 27946, 91486, 43571, 81436, 24346, 46853, 90833, 93204, 67569, 28562, 65707, 64260, 79507, 5703, 7091, 64658, 51775, 12742, 9851, 57202, 62567, 20339, 98771, 84993, 42327, 6461, 36932, 81439, 47467, 62039, 83881, 12894, 32233, 8056, 28809, 72665, 37010, 26904, 8831, 28758, 41940, 50619, 13705, 77050, 31928, 98645, 56591, 24230, 79582, 27434, 95976, 64454, 7019, 17483, 21240, 67326, 59414, 72680, 9039, 51925, 93310, 67483, 64406, 48515, 88431, 2658, 13619, 9790, 17053, 28910, 57659, 77924, 99848, 89052, 47667, 8134, 19606, 85887, 52665, 28157, 42807, 17016, 89094, 61528, 2617, 28737, 93170, 38813, 99354, 15028, 23722, 65353, 29533, 99753, 41981, 50418, 14162, 78477, 44874, 48013, 99700, 22092, 35260, 90200, 89643, 20702, 91024, 9577, 56981, 30550, 61179, 18259, 57231, 87191, 55757, 3244, 78476, 74777, 24995, 31614, 77943, 7036, 49566, 58360, 3004, 53252, 66953, 74656, 74210, 27963, 52379, 63796, 99017, 55895, 25648, 47745, 62726, 60872, 9501, 49057, 94539, 87198, 63764, 99938, 10128, 80210, 46135, 51655, 83482, 38148, 24164, 27359, 56722, 28341, 25100, 45456, 58831, 30641, 35297, 10655, 57535, 34439, 9062, 29603, 80404, 81266, 30591, 52083, 4329, 59237, 41782, 63886, 44622, 7276, 5883, 7811, 9363, 36177, 85829, 72401, 69637, 5311, 68134, 6919, 88426, 70653, 4616, 46013, 92629, 59024, 92702, 43046, 89779, 385, 55229, 28239, 12254, 26194, 26075, 97973, 61281, 36055, 35286, 66986, 28883, 19934, 88098, 4790, 83498, 37148, 15666, 87010, 55539, 7569, 68859, 64018, 42555, 25550, 49766, 42788, 84258, 51569, 68268, 3156, 96561, 85693, 51070, 36377, 65819, 96179, 39579, 24584, 28035, 59376, 1204, 11150, 48792, 45926, 85267, 91074, 94546, 96796, 37903, 59781, 4539, 61677, 99460, 13625, 61547, 50670, 13613, 59753, 22915, 2621, 41331, 81995, 39637, 22957, 79002, 77248, 80855, 23226, 52229, 79789, 70273, 33650, 98693, 42923, 5145, 90463, 16373, 37110, 73707, 81260, 22037, 73958, 71109, 87766, 33357, 36160, 30428, 68575, 62987, 54541, 93429, 10734, 56468, 10160, 92379, 48026, 42646, 26036, 13198, 24697, 89401, 2013, 24257, 16393, 7549, 56761, 59383, 92698, 47833, 9115, 80083, 27886, 98520, 84184, 46396, 32324, 55136, 33043, 94733, 39299, 68268, 17957, 41681, 95283, 74312, 19569, 5501, 96364, 37614, 98620, 35413, 23136, 13438, 71840, 85129, 48571, 41673, 12536, 28619, 39045, 31089, 96567, 57611, 19490, 3253, 59735, 37115, 23031, 12955, 69562, 87443, 43955, 64586, 64395, 83855, 28306, 89637, 82455, 41564, 62224, 83458, 72706, 39687, 18580, 37123, 88608, 78134, 31325, 99919, 83099, 93340, 64560, 40152, 49911, 90599, 5214, 94580, 49233, 60885, 57752, 18427, 57803, 29767, 82380, 44062, 42873, 35236, 96454, 6296, 761, 18195, 33989, 94984, 70688, 90636, 6806, 73662, 94256, 41102, 28770, 46150, 73640, 11449, 24920, 21310, 85454, 94863, 91863, 23315, 17597, 20217, 91794, 34166, 77109, 46637, 32144, 83158, 26247, 76783, 57366, 76170, 90953, 82914, 78347, 9798, 36943, 73386, 68382, 52072, 12414, 41189, 86486, 60473, 16665, 45781, 59592, 86919, 63519, 25794, 53453, 64363, 96508, 16128, 92416, 22277, 24310, 86063, 67165, 46227, 54481, 89870, 69212, 62340, 60412, 71112, 23023, 34509, 92116, 7217, 63002, 41259, 50000, 8793, 4594, 30483, 62653, 83938, 83503, 31483, 10365, 49442, 30804, 45981, 6968, 91617, 92210, 54325, 96831, 5008, 28389, 68581, 10722, 76148, 95354, 73970, 68860, 62036, 98213, 81300, 79566, 11781, 37080, 43953, 62574, 60034, 62154, 78716, 7847, 44434, 11159, 20786, 57220, 86148, 89532, 79123, 19828, 71554, 38321, 92355, 28120, 6885, 40594, 84932, 47779, 99847, 92498, 86367, 71489, 51939, 10303, 75651, 2814, 54873, 58078, 82260, 4131, 16111, 36323, 80831, 56586, 23086, 62810, 48333, 30508, 86384, 27684, 56737, 96345, 97308, 91048, 25778, 26424, 16979, 77059, 87484, 650, 10501, 7664, 42399, 66368, 72428, 90313, 68581, 95408, 58719, 7010, 71100, 38694, 62269, 88515, 87114, 60082, 74975, 47648, 95486, 87637, 66308, 20895, 66554, 33908, 42049, 56894, 28029, 53349, 69094, 28178, 10701, 80203, 12390, 30718, 61309, 79054, 80067, 87669, 18429, 56382, 67438, 53640, 19668, 83077, 8515, 32853, 16711, 65061, 42899, 66125, 28921, 47414, 77777, 7836, 59293, 12583, 45182, 70935, 11108, 65079, 57419, 58720, 99394, 41111, 59469, 41454, 95010, 96686, 20780, 37583, 91647, 99794, 21826, 42117, 12468, 34122, 46653, 81774, 80852, 20118, 37608, 92311, 79336, 51578, 35457, 31958, 86730, 96687, 11146, 78075, 16211, 44286, 64844, 65338, 10895, 10275, 77020, 73939, 97538, 77164, 89934, 19330, 65432, 21836, 62675, 2218, 30434, 72578, 3673, 40750, 56210, 87412, 64425, 15775, 78636, 80433, 91705, 39505, 7027, 29105, 87238, 78396, 99457, 72495, 465, 26796, 81547, 80667, 30823, 69059, 7899, 78032, 78440, 81817, 20294, 87763, 12034, 87734, 24471, 82031, 64016, 50288, 34228, 63282, 50920, 30581, 84203, 633, 87248, 12770, 97953, 13053, 95572, 37949, 74063, 36227, 29715, 49813, 21145, 87009, 80874, 37059, 87639, 40612, 24590, 86721, 77317, 98113, 76274, 67052, 89971, 13754, 59718, 87879, 93901, 12293, 67642, 78449, 64313, 44591, 70027, 35247, 66295, 59710, 40038, 34813, 87962, 6454, 75437, 34184, 50284, 17941, 64231, 49977, 2028, 59502, 60727, 26582, 79999, 6279, 85230, 43569, 67203, 58331, 72913, 30171, 1727, 41946, 90745, 71914, 86277, 5832, 11177, 57599, 86212, 61606, 28255, 80106, 54547, 15980, 77212, 3027, 83112, 17125, 76921, 4837, 26444, 13210, 89259, 46651, 77381, 66788, 11296, 33774, 81105, 70945, 61130, 72200, 65714, 63243, 61476, 76626, 59438, 32822, 8711, 94850, 65916, 7693, 21486, 24715, 26506, 21007, 33133, 38566, 99647, 25770, 19442, 13318, 78963, 57647, 12222, 92372, 45896, 92440, 69281, 19151, 44863, 76918, 22077, 63058, 94435, 38449, 64109, 20310, 83672, 22901, 14278, 33390, 13900, 63275, 55898, 16247, 33785, 54297, 8437, 54820, 83410, 95313, 67626, 61778, 10727, 89377, 37482, 45594, 34932, 17260, 28241, 94797, 26052, 23531, 90086, 15960, 81528, 32321, 35167, 20274, 11327, 18349, 24819, 16188, 45023, 56618, 85558, 52445, 76045, 7010, 39667, 97499, 27217, 6922, 66669, 41143, 82468, 17121, 9153, 82171, 29623, 91642, 3023, 69588, 47419, 86211, 71966, 80845, 68320, 13455, 37727, 52220, 74702, 43968, 32800, 43782, 66266, 15493, 61506, 51999, 45231, 78441, 55374, 45332, 33666, 99772, 17526, 93054, 75932, 18681, 44005, 52642, 79466, 41665, 71733, 67212, 52963, 45410, 97177, 3676, 65899, 60266, 6015, 31478, 67272, 29789, 47236, 62659, 19112, 76732, 55297, 44711, 19662, 33344, 75613, 43681, 51180, 63551, 81969, 93251, 48767, 14416]})"
141.0,3,12,93,14.769334077835083,418,"Genotype(dna={""<class 'abc.NT_0012'>"": [0, 89047], ""<class 'abc.NT_0012_P_00000'>"": [], ""<class 'abc.NT_0007'>"": [55058, 96429, 2662], ""<class 'abc.NT_0007_P_00000'>"": [], ""<class 'abc.NT_0002'>"": [0, 48333, 27356], ""<class 'abc.NT_0002_P_00000'>"": [], ""<class 'abc.NT_0000'>"": [42184, 70052, 0, 91804, 0, 0, 36773, 0, 64804], ""<class 'abc.NT_0000_P_00000'>"": [], ""<class 'abc.NT_0001'>"": [0, 49937, 0, 86169, 43681], ""<class 'abc.NT_0001_P_00000'>"": [], ""<class 'bool'>"": [70796, 41936, 41546, 8512, 21121, 28869], ""<class 'int'>"": [25155, 52427, 13216, 14861, 37066, 43227, 14416], ""<class 'abc.NT_0005'>"": [0, 37639], ""<class 'abc.NT_0005_P_00000'>"": [], ""<class 'abc.NT_0003'>"": [33650, 52703], ""<class 'abc.NT_0003_P_00000'>"": [], ""<class 'abc.NT_0004'>"": [0, 59983], ""<class 'abc.NT_0004_P_00000'>"": [], '$leftovers': [81600, 92981, 24586, 80507, 48909, 56302, 48279, 39596, 8177, 41048, 54709, 2141, 36382, 30231, 79303, 45906, 3600, 72448, 85756, 62232, 76728, 12314, 10402, 99348, 82540, 3143, 2927, 63383, 24684, 56849, 91234, 96607, 11663, 55655, 70782, 65921, 46458, 89721, 42004, 84925, 23942, 57205, 447, 66040, 89769, 37633, 53881, 33471, 84899, 77962, 79382, 63421, 42354, 22565, 54622, 78399, 707, 24478, 73210, 60708, 91176, 39440, 68267, 67164, 86078, 78891, 1648, 1984, 34860, 67089, 14873, 85945, 27946, 91486, 43571, 81436, 24346, 46853, 90833, 93204, 67569, 28562, 65707, 64260, 79507, 5703, 7091, 64658, 51775, 12742, 9851, 57202, 62567, 20339, 98771, 84993, 42327, 6461, 36932, 81439, 47467, 62039, 83881, 12894, 32233, 8056, 28809, 72665, 37010, 26904, 8831, 28758, 41940, 50619, 13705, 77050, 31928, 98645, 56591, 24230, 79582, 27434, 95976, 64454, 7019, 17483, 21240, 67326, 59414, 72680, 9039, 51925, 93310, 67483, 64406, 48515, 88431, 2658, 13619, 9790, 17053, 28910, 57659, 77924, 99848, 89052, 47667, 8134, 19606, 85887, 52665, 28157, 42807, 17016, 89094, 61528, 2617, 28737, 93170, 38813, 99354, 15028, 23722, 65353, 29533, 99753, 41981, 50418, 14162, 78477, 44874, 48013, 99700, 22092, 35260, 90200, 89643, 20702, 91024, 9577, 56981, 30550, 61179, 18259, 57231, 87191, 55757, 3244, 78476, 74777, 24995, 31614, 77943, 7036, 49566, 58360, 3004, 53252, 66953, 74656, 74210, 27963, 52379, 63796, 99017, 55895, 25648, 47745, 62726, 60872, 9501, 49057, 94539, 87198, 63764, 99938, 10128, 80210, 46135, 51655, 83482, 38148, 24164, 27359, 56722, 28341, 25100, 45456, 58831, 30641, 35297, 10655, 57535, 34439, 9062, 29603, 80404, 81266, 30591, 52083, 4329, 59237, 41782, 63886, 44622, 7276, 5883, 7811, 9363, 36177, 85829, 72401, 69637, 5311, 68134, 6919, 88426, 70653, 4616, 46013, 92629, 59024, 92702, 43046, 89779, 385, 55229, 28239, 12254, 26194, 26075, 97973, 61281, 36055, 35286, 66986, 28883, 19934, 88098, 4790, 83498, 37148, 15666, 87010, 55539, 7569, 68859, 64018, 42555, 25550, 49766, 42788, 84258, 51569, 68268, 3156, 96561, 85693, 51070, 36377, 65819, 96179, 39579, 24584, 28035, 59376, 1204, 11150, 48792, 45926, 85267, 91074, 94546, 96796, 37903, 59781, 4539, 61677, 99460, 13625, 61547, 50670, 13613, 59753, 22915, 2621, 41331, 81995, 39637, 22957, 79002, 77248, 80855, 23226, 52229, 79789, 70273, 33650, 98693, 42923, 5145, 90463, 16373, 37110, 73707, 81260, 22037, 73958, 71109, 87766, 33357, 36160, 30428, 68575, 62987, 54541, 93429, 10734, 56468, 10160, 92379, 48026, 42646, 26036, 13198, 24697, 89401, 2013, 24257, 16393, 7549, 56761, 59383, 92698, 47833, 9115, 80083, 27886, 98520, 84184, 46396, 32324, 55136, 33043, 94733, 39299, 68268, 17957, 41681, 95283, 74312, 19569, 5501, 96364, 37614, 98620, 35413, 23136, 13438, 71840, 85129, 48571, 41673, 12536, 28619, 39045, 31089, 96567, 57611, 19490, 3253, 59735, 37115, 23031, 12955, 69562, 87443, 43955, 64586, 64395, 83855, 28306, 89637, 82455, 41564, 62224, 83458, 72706, 39687, 18580, 37123, 88608, 78134, 31325, 99919, 83099, 93340, 64560, 40152, 49911, 90599, 5214, 94580, 49233, 60885, 57752, 18427, 57803, 29767, 82380, 44062, 42873, 35236, 96454, 6296, 761, 18195, 33989, 94984, 70688, 90636, 6806, 73662, 94256, 41102, 28770, 46150, 73640, 11449, 24920, 21310, 85454, 94863, 91863, 23315, 17597, 20217, 91794, 34166, 77109, 46637, 32144, 83158, 26247, 76783, 57366, 76170, 90953, 82914, 78347, 9798, 36943, 73386, 68382, 52072, 12414, 41189, 86486, 60473, 16665, 45781, 59592, 86919, 63519, 25794, 53453, 64363, 96508, 16128, 92416, 22277, 24310, 86063, 67165, 46227, 54481, 89870, 69212, 62340, 60412, 71112, 23023, 34509, 92116, 7217, 63002, 41259, 50000, 8793, 4594, 30483, 62653, 83938, 83503, 31483, 10365, 49442, 30804, 45981, 6968, 91617, 92210, 54325, 96831, 5008, 28389, 68581, 10722, 76148, 95354, 73970, 68860, 62036, 98213, 81300, 79566, 11781, 37080, 43953, 62574, 60034, 62154, 78716, 7847, 44434, 11159, 20786, 57220, 86148, 89532, 79123, 19828, 71554, 38321, 92355, 28120, 6885, 40594, 84932, 47779, 99847, 92498, 86367, 71489, 51939, 10303, 75651, 2814, 54873, 58078, 82260, 4131, 16111, 36323, 80831, 56586, 23086, 62810, 48333, 30508, 86384, 27684, 56737, 96345, 97308, 91048, 25778, 26424, 16979, 77059, 87484, 650, 10501, 7664, 42399, 66368, 72428, 90313, 68581, 95408, 58719, 7010, 71100, 38694, 62269, 88515, 87114, 60082, 74975, 47648, 95486, 87637, 66308, 20895, 66554, 33908, 42049, 56894, 28029, 53349, 69094, 28178, 10701, 80203, 12390, 30718, 61309, 79054, 80067, 87669, 18429, 56382, 67438, 53640, 19668, 83077, 8515, 32853, 16711, 65061, 42899, 66125, 28921, 47414, 77777, 7836, 59293, 12583, 45182, 70935, 11108, 65079, 57419, 58720, 99394, 41111, 59469, 41454, 95010, 96686, 20780, 37583, 91647, 99794, 21826, 42117, 12468, 34122, 46653, 81774, 80852, 20118, 37608, 92311, 79336, 51578, 35457, 31958, 86730, 96687, 11146, 78075, 16211, 44286, 64844, 65338, 10895, 10275, 77020, 73939, 97538, 77164, 89934, 19330, 65432, 21836, 62675, 2218, 30434, 72578, 3673, 40750, 56210, 87412, 64425, 15775, 78636, 80433, 91705, 39505, 7027, 29105, 87238, 78396, 99457, 72495, 465, 26796, 81547, 80667, 30823, 69059, 7899, 78032, 78440, 81817, 20294, 87763, 12034, 87734, 24471, 82031, 64016, 50288, 34228, 63282, 50920, 30581, 84203, 633, 87248, 12770, 97953, 13053, 95572, 37949, 74063, 36227, 29715, 49813, 21145, 87009, 80874, 37059, 87639, 40612, 24590, 86721, 77317, 98113, 76274, 67052, 89971, 13754, 59718, 87879, 93901, 12293, 67642, 78449, 64313, 44591, 70027, 35247, 66295, 59710, 40038, 34813, 87962, 6454, 75437, 34184, 50284, 17941, 64231, 49977, 2028, 59502, 60727, 26582, 79999, 6279, 85230, 43569, 67203, 58331, 72913, 30171, 1727, 41946, 90745, 71914, 86277, 5832, 11177, 57599, 86212, 61606, 28255, 80106, 54547, 15980, 77212, 3027, 83112, 17125, 76921, 4837, 26444, 13210, 89259, 46651, 77381, 66788, 11296, 33774, 81105, 70945, 61130, 72200, 65714, 63243, 61476, 76626, 59438, 32822, 8711, 94850, 65916, 7693, 21486, 24715, 26506, 21007, 33133, 38566, 99647, 25770, 19442, 13318, 78963, 57647, 12222, 92372, 45896, 92440, 69281, 19151, 44863, 76918, 22077, 63058, 94435, 38449, 64109, 20310, 83672, 22901, 14278, 33390, 13900, 63275, 55898, 16247, 33785, 54297, 8437, 54820, 83410, 95313, 67626, 61778, 10727, 89377, 37482, 45594, 34932, 17260, 28241, 94797, 26052, 23531, 90086, 15960, 81528, 32321, 35167, 20274, 11327, 18349, 24819, 16188, 45023, 56618, 85558, 52445, 76045, 7010, 39667, 97499, 27217, 6922, 66669, 41143, 82468, 17121, 9153, 82171, 29623, 91642, 3023, 69588, 47419, 86211, 71966, 80845, 68320, 13455, 37727, 52220, 74702, 43968, 32800, 43782, 66266, 15493, 61506, 51999, 45231, 78441, 55374, 45332, 33666, 99772, 17526, 93054, 75932, 18681, 44005, 52642, 79466, 41665, 71733, 67212, 52963, 45410, 97177, 3676, 65899, 60266, 6015, 31478, 67272, 29789, 47236, 62659, 19112, 76732, 55297, 44711, 19662, 33344, 75613, 43681, 51180, 63551, 81969, 93251, 48767, 14416]})"
141.0,3,12,94,14.847190380096436,418,"Genotype(dna={""<class 'abc.NT_0012'>"": [0, 89047], ""<class 'abc.NT_0012_P_00000'>"": [], ""<class 'abc.NT_0007'>"": [55058, 96429, 2662], ""<class 'abc.NT_0007_P_00000'>"": [], ""<class 'abc.NT_0002'>"": [0, 48333, 27356], ""<class 'abc.NT_0002_P_00000'>"": [], ""<class 'abc.NT_0000'>"": [42184, 70052, 0, 91804, 0, 0, 36773, 0, 64804], ""<class 'abc.NT_0000_P_00000'>"": [], ""<class 'abc.NT_0001'>"": [0, 49937, 0, 86169, 43681], ""<class 'abc.NT_0001_P_00000'>"": [], ""<class 'bool'>"": [70796, 41936, 41546, 8512, 21121, 28869], ""<class 'int'>"": [25155, 52427, 13216, 14861, 37066, 43227, 14416], ""<class 'abc.NT_0005'>"": [0, 37639], ""<class 'abc.NT_0005_P_00000'>"": [], ""<class 'abc.NT_0003'>"": [33650, 52703], ""<class 'abc.NT_0003_P_00000'>"": [], ""<class 'abc.NT_0004'>"": [0, 59983], ""<class 'abc.NT_0004_P_00000'>"": [], '$leftovers': [81600, 92981, 24586, 80507, 48909, 56302, 48279, 39596, 8177, 41048, 54709, 2141, 36382, 30231, 79303, 45906, 3600, 72448, 85756, 62232, 76728, 12314, 10402, 99348, 82540, 3143, 2927, 63383, 24684, 56849, 91234, 96607, 11663, 55655, 70782, 65921, 46458, 89721, 42004, 84925, 23942, 57205, 447, 66040, 89769, 37633, 53881, 33471, 84899, 77962, 79382, 63421, 42354, 22565, 54622, 78399, 707, 24478, 73210, 60708, 91176, 39440, 68267, 67164, 86078, 78891, 1648, 1984, 34860, 67089, 14873, 85945, 27946, 91486, 43571, 81436, 24346, 46853, 90833, 93204, 67569, 28562, 65707, 64260, 79507, 5703, 7091, 64658, 51775, 12742, 9851, 57202, 62567, 20339, 98771, 84993, 42327, 6461, 36932, 81439, 47467, 62039, 83881, 12894, 32233, 8056, 28809, 72665, 37010, 26904, 8831, 28758, 41940, 50619, 13705, 77050, 31928, 98645, 56591, 24230, 79582, 27434, 95976, 64454, 7019, 17483, 21240, 67326, 59414, 72680, 9039, 51925, 93310, 67483, 64406, 48515, 88431, 2658, 13619, 9790, 17053, 28910, 57659, 77924, 99848, 89052, 47667, 8134, 19606, 85887, 52665, 28157, 42807, 17016, 89094, 61528, 2617, 28737, 93170, 38813, 99354, 15028, 23722, 65353, 29533, 99753, 41981, 50418, 14162, 78477, 44874, 48013, 99700, 22092, 35260, 90200, 89643, 20702, 91024, 9577, 56981, 30550, 61179, 18259, 57231, 87191, 55757, 3244, 78476, 74777, 24995, 31614, 77943, 7036, 49566, 58360, 3004, 53252, 66953, 74656, 74210, 27963, 52379, 63796, 99017, 55895, 25648, 47745, 62726, 60872, 9501, 49057, 94539, 87198, 63764, 99938, 10128, 80210, 46135, 51655, 83482, 38148, 24164, 27359, 56722, 28341, 25100, 45456, 58831, 30641, 35297, 10655, 57535, 34439, 9062, 29603, 80404, 81266, 30591, 52083, 4329, 59237, 41782, 63886, 44622, 7276, 5883, 7811, 9363, 36177, 85829, 72401, 69637, 5311, 68134, 6919, 88426, 70653, 4616, 46013, 92629, 59024, 92702, 43046, 89779, 385, 55229, 28239, 12254, 26194, 26075, 97973, 61281, 36055, 35286, 66986, 28883, 19934, 88098, 4790, 83498, 37148, 15666, 87010, 55539, 7569, 68859, 64018, 42555, 25550, 49766, 42788, 84258, 51569, 68268, 3156, 96561, 85693, 51070, 36377, 65819, 96179, 39579, 24584, 28035, 59376, 1204, 11150, 48792, 45926, 85267, 91074, 94546, 96796, 37903, 59781, 4539, 61677, 99460, 13625, 61547, 50670, 13613, 59753, 22915, 2621, 41331, 81995, 39637, 22957, 79002, 77248, 80855, 23226, 52229, 79789, 70273, 33650, 98693, 42923, 5145, 90463, 16373, 37110, 73707, 81260, 22037, 73958, 71109, 87766, 33357, 36160, 30428, 68575, 62987, 54541, 93429, 10734, 56468, 10160, 92379, 48026, 42646, 26036, 13198, 24697, 89401, 2013, 24257, 16393, 7549, 56761, 59383, 92698, 47833, 9115, 80083, 27886, 98520, 84184, 46396, 32324, 55136, 33043, 94733, 39299, 68268, 17957, 41681, 95283, 74312, 19569, 5501, 96364, 37614, 98620, 35413, 23136, 13438, 71840, 85129, 48571, 41673, 12536, 28619, 39045, 31089, 96567, 57611, 19490, 3253, 59735, 37115, 23031, 12955, 69562, 87443, 43955, 64586, 64395, 83855, 28306, 89637, 82455, 41564, 62224, 83458, 72706, 39687, 18580, 37123, 88608, 78134, 31325, 99919, 83099, 93340, 64560, 40152, 49911, 90599, 5214, 94580, 49233, 60885, 57752, 18427, 57803, 29767, 82380, 44062, 42873, 35236, 96454, 6296, 761, 18195, 33989, 94984, 70688, 90636, 6806, 73662, 94256, 41102, 28770, 46150, 73640, 11449, 24920, 21310, 85454, 94863, 91863, 23315, 17597, 20217, 91794, 34166, 77109, 46637, 32144, 83158, 26247, 76783, 57366, 76170, 90953, 82914, 78347, 9798, 36943, 73386, 68382, 52072, 12414, 41189, 86486, 60473, 16665, 45781, 59592, 86919, 63519, 25794, 53453, 64363, 96508, 16128, 92416, 22277, 24310, 86063, 67165, 46227, 54481, 89870, 69212, 62340, 60412, 71112, 23023, 34509, 92116, 7217, 63002, 41259, 50000, 8793, 4594, 30483, 62653, 83938, 83503, 31483, 10365, 49442, 30804, 45981, 6968, 91617, 92210, 54325, 96831, 5008, 28389, 68581, 10722, 76148, 95354, 73970, 68860, 62036, 98213, 81300, 79566, 11781, 37080, 43953, 62574, 60034, 62154, 78716, 7847, 44434, 11159, 20786, 57220, 86148, 89532, 79123, 19828, 71554, 38321, 92355, 28120, 6885, 40594, 84932, 47779, 99847, 92498, 86367, 71489, 51939, 10303, 75651, 2814, 54873, 58078, 82260, 4131, 16111, 36323, 80831, 56586, 23086, 62810, 48333, 30508, 86384, 27684, 56737, 96345, 97308, 91048, 25778, 26424, 16979, 77059, 87484, 650, 10501, 7664, 42399, 66368, 72428, 90313, 68581, 95408, 58719, 7010, 71100, 38694, 62269, 88515, 87114, 60082, 74975, 47648, 95486, 87637, 66308, 20895, 66554, 33908, 42049, 56894, 28029, 53349, 69094, 28178, 10701, 80203, 12390, 30718, 61309, 79054, 80067, 87669, 18429, 56382, 67438, 53640, 19668, 83077, 8515, 32853, 16711, 65061, 42899, 66125, 28921, 47414, 77777, 7836, 59293, 12583, 45182, 70935, 11108, 65079, 57419, 58720, 99394, 41111, 59469, 41454, 95010, 96686, 20780, 37583, 91647, 99794, 21826, 42117, 12468, 34122, 46653, 81774, 80852, 20118, 37608, 92311, 79336, 51578, 35457, 31958, 86730, 96687, 11146, 78075, 16211, 44286, 64844, 65338, 10895, 10275, 77020, 73939, 97538, 77164, 89934, 19330, 65432, 21836, 62675, 2218, 30434, 72578, 3673, 40750, 56210, 87412, 64425, 15775, 78636, 80433, 91705, 39505, 7027, 29105, 87238, 78396, 99457, 72495, 465, 26796, 81547, 80667, 30823, 69059, 7899, 78032, 78440, 81817, 20294, 87763, 12034, 87734, 24471, 82031, 64016, 50288, 34228, 63282, 50920, 30581, 84203, 633, 87248, 12770, 97953, 13053, 95572, 37949, 74063, 36227, 29715, 49813, 21145, 87009, 80874, 37059, 87639, 40612, 24590, 86721, 77317, 98113, 76274, 67052, 89971, 13754, 59718, 87879, 93901, 12293, 67642, 78449, 64313, 44591, 70027, 35247, 66295, 59710, 40038, 34813, 87962, 6454, 75437, 34184, 50284, 17941, 64231, 49977, 2028, 59502, 60727, 26582, 79999, 6279, 85230, 43569, 67203, 58331, 72913, 30171, 1727, 41946, 90745, 71914, 86277, 5832, 11177, 57599, 86212, 61606, 28255, 80106, 54547, 15980, 77212, 3027, 83112, 17125, 76921, 4837, 26444, 13210, 89259, 46651, 77381, 66788, 11296, 33774, 81105, 70945, 61130, 72200, 65714, 63243, 61476, 76626, 59438, 32822, 8711, 94850, 65916, 7693, 21486, 24715, 26506, 21007, 33133, 38566, 99647, 25770, 19442, 13318, 78963, 57647, 12222, 92372, 45896, 92440, 69281, 19151, 44863, 76918, 22077, 63058, 94435, 38449, 64109, 20310, 83672, 22901, 14278, 33390, 13900, 63275, 55898, 16247, 33785, 54297, 8437, 54820, 83410, 95313, 67626, 61778, 10727, 89377, 37482, 45594, 34932, 17260, 28241, 94797, 26052, 23531, 90086, 15960, 81528, 32321, 35167, 20274, 11327, 18349, 24819, 16188, 45023, 56618, 85558, 52445, 76045, 7010, 39667, 97499, 27217, 6922, 66669, 41143, 82468, 17121, 9153, 82171, 29623, 91642, 3023, 69588, 47419, 86211, 71966, 80845, 68320, 13455, 37727, 52220, 74702, 43968, 32800, 43782, 66266, 15493, 61506, 51999, 45231, 78441, 55374, 45332, 33666, 99772, 17526, 93054, 75932, 18681, 44005, 52642, 79466, 41665, 71733, 67212, 52963, 45410, 97177, 3676, 65899, 60266, 6015, 31478, 67272, 29789, 47236, 62659, 19112, 76732, 55297, 44711, 19662, 33344, 75613, 43681, 51180, 63551, 81969, 93251, 48767, 14416]})"
141.0,3,12,95,14.910885095596313,418,"Genotype(dna={""<class 'abc.NT_0012'>"": [0, 89047], ""<class 'abc.NT_0012_P_00000'>"": [], ""<class 'abc.NT_0007'>"": [55058, 96429, 2662], ""<class 'abc.NT_0007_P_00000'>"": [], ""<class 'abc.NT_0002'>"": [0, 48333, 27356], ""<class 'abc.NT_0002_P_00000'>"": [], ""<class 'abc.NT_0000'>"": [42184, 70052, 0, 91804, 0, 0, 36773, 0, 64804], ""<class 'abc.NT_0000_P_00000'>"": [], ""<class 'abc.NT_0001'>"": [0, 49937, 0, 86169, 43681], ""<class 'abc.NT_0001_P_00000'>"": [], ""<class 'bool'>"": [70796, 41936, 41546, 8512, 21121, 28869], ""<class 'int'>"": [25155, 52427, 13216, 14861, 37066, 43227, 14416], ""<class 'abc.NT_0005'>"": [0, 37639], ""<class 'abc.NT_0005_P_00000'>"": [], ""<class 'abc.NT_0003'>"": [33650, 52703], ""<class 'abc.NT_0003_P_00000'>"": [], ""<class 'abc.NT_0004'>"": [0, 59983], ""<class 'abc.NT_0004_P_00000'>"": [], '$leftovers': [81600, 92981, 24586, 80507, 48909, 56302, 48279, 39596, 8177, 41048, 54709, 2141, 36382, 30231, 79303, 45906, 3600, 72448, 85756, 62232, 76728, 12314, 10402, 99348, 82540, 3143, 2927, 63383, 24684, 56849, 91234, 96607, 11663, 55655, 70782, 65921, 46458, 89721, 42004, 84925, 23942, 57205, 447, 66040, 89769, 37633, 53881, 33471, 84899, 77962, 79382, 63421, 42354, 22565, 54622, 78399, 707, 24478, 73210, 60708, 91176, 39440, 68267, 67164, 86078, 78891, 1648, 1984, 34860, 67089, 14873, 85945, 27946, 91486, 43571, 81436, 24346, 46853, 90833, 93204, 67569, 28562, 65707, 64260, 79507, 5703, 7091, 64658, 51775, 12742, 9851, 57202, 62567, 20339, 98771, 84993, 42327, 6461, 36932, 81439, 47467, 62039, 83881, 12894, 32233, 8056, 28809, 72665, 37010, 26904, 8831, 28758, 41940, 50619, 13705, 77050, 31928, 98645, 56591, 24230, 79582, 27434, 95976, 64454, 7019, 17483, 21240, 67326, 59414, 72680, 9039, 51925, 93310, 67483, 64406, 48515, 88431, 2658, 13619, 9790, 17053, 28910, 57659, 77924, 99848, 89052, 47667, 8134, 19606, 85887, 52665, 28157, 42807, 17016, 89094, 61528, 2617, 28737, 93170, 38813, 99354, 15028, 23722, 65353, 29533, 99753, 41981, 50418, 14162, 78477, 44874, 48013, 99700, 22092, 35260, 90200, 89643, 20702, 91024, 9577, 56981, 30550, 61179, 18259, 57231, 87191, 55757, 3244, 78476, 74777, 24995, 31614, 77943, 7036, 49566, 58360, 3004, 53252, 66953, 74656, 74210, 27963, 52379, 63796, 99017, 55895, 25648, 47745, 62726, 60872, 9501, 49057, 94539, 87198, 63764, 99938, 10128, 80210, 46135, 51655, 83482, 38148, 24164, 27359, 56722, 28341, 25100, 45456, 58831, 30641, 35297, 10655, 57535, 34439, 9062, 29603, 80404, 81266, 30591, 52083, 4329, 59237, 41782, 63886, 44622, 7276, 5883, 7811, 9363, 36177, 85829, 72401, 69637, 5311, 68134, 6919, 88426, 70653, 4616, 46013, 92629, 59024, 92702, 43046, 89779, 385, 55229, 28239, 12254, 26194, 26075, 97973, 61281, 36055, 35286, 66986, 28883, 19934, 88098, 4790, 83498, 37148, 15666, 87010, 55539, 7569, 68859, 64018, 42555, 25550, 49766, 42788, 84258, 51569, 68268, 3156, 96561, 85693, 51070, 36377, 65819, 96179, 39579, 24584, 28035, 59376, 1204, 11150, 48792, 45926, 85267, 91074, 94546, 96796, 37903, 59781, 4539, 61677, 99460, 13625, 61547, 50670, 13613, 59753, 22915, 2621, 41331, 81995, 39637, 22957, 79002, 77248, 80855, 23226, 52229, 79789, 70273, 33650, 98693, 42923, 5145, 90463, 16373, 37110, 73707, 81260, 22037, 73958, 71109, 87766, 33357, 36160, 30428, 68575, 62987, 54541, 93429, 10734, 56468, 10160, 92379, 48026, 42646, 26036, 13198, 24697, 89401, 2013, 24257, 16393, 7549, 56761, 59383, 92698, 47833, 9115, 80083, 27886, 98520, 84184, 46396, 32324, 55136, 33043, 94733, 39299, 68268, 17957, 41681, 95283, 74312, 19569, 5501, 96364, 37614, 98620, 35413, 23136, 13438, 71840, 85129, 48571, 41673, 12536, 28619, 39045, 31089, 96567, 57611, 19490, 3253, 59735, 37115, 23031, 12955, 69562, 87443, 43955, 64586, 64395, 83855, 28306, 89637, 82455, 41564, 62224, 83458, 72706, 39687, 18580, 37123, 88608, 78134, 31325, 99919, 83099, 93340, 64560, 40152, 49911, 90599, 5214, 94580, 49233, 60885, 57752, 18427, 57803, 29767, 82380, 44062, 42873, 35236, 96454, 6296, 761, 18195, 33989, 94984, 70688, 90636, 6806, 73662, 94256, 41102, 28770, 46150, 73640, 11449, 24920, 21310, 85454, 94863, 91863, 23315, 17597, 20217, 91794, 34166, 77109, 46637, 32144, 83158, 26247, 76783, 57366, 76170, 90953, 82914, 78347, 9798, 36943, 73386, 68382, 52072, 12414, 41189, 86486, 60473, 16665, 45781, 59592, 86919, 63519, 25794, 53453, 64363, 96508, 16128, 92416, 22277, 24310, 86063, 67165, 46227, 54481, 89870, 69212, 62340, 60412, 71112, 23023, 34509, 92116, 7217, 63002, 41259, 50000, 8793, 4594, 30483, 62653, 83938, 83503, 31483, 10365, 49442, 30804, 45981, 6968, 91617, 92210, 54325, 96831, 5008, 28389, 68581, 10722, 76148, 95354, 73970, 68860, 62036, 98213, 81300, 79566, 11781, 37080, 43953, 62574, 60034, 62154, 78716, 7847, 44434, 11159, 20786, 57220, 86148, 89532, 79123, 19828, 71554, 38321, 92355, 28120, 6885, 40594, 84932, 47779, 99847, 92498, 86367, 71489, 51939, 10303, 75651, 2814, 54873, 58078, 82260, 4131, 16111, 36323, 80831, 56586, 23086, 62810, 48333, 30508, 86384, 27684, 56737, 96345, 97308, 91048, 25778, 26424, 16979, 77059, 87484, 650, 10501, 7664, 42399, 66368, 72428, 90313, 68581, 95408, 58719, 7010, 71100, 38694, 62269, 88515, 87114, 60082, 74975, 47648, 95486, 87637, 66308, 20895, 66554, 33908, 42049, 56894, 28029, 53349, 69094, 28178, 10701, 80203, 12390, 30718, 61309, 79054, 80067, 87669, 18429, 56382, 67438, 53640, 19668, 83077, 8515, 32853, 16711, 65061, 42899, 66125, 28921, 47414, 77777, 7836, 59293, 12583, 45182, 70935, 11108, 65079, 57419, 58720, 99394, 41111, 59469, 41454, 95010, 96686, 20780, 37583, 91647, 99794, 21826, 42117, 12468, 34122, 46653, 81774, 80852, 20118, 37608, 92311, 79336, 51578, 35457, 31958, 86730, 96687, 11146, 78075, 16211, 44286, 64844, 65338, 10895, 10275, 77020, 73939, 97538, 77164, 89934, 19330, 65432, 21836, 62675, 2218, 30434, 72578, 3673, 40750, 56210, 87412, 64425, 15775, 78636, 80433, 91705, 39505, 7027, 29105, 87238, 78396, 99457, 72495, 465, 26796, 81547, 80667, 30823, 69059, 7899, 78032, 78440, 81817, 20294, 87763, 12034, 87734, 24471, 82031, 64016, 50288, 34228, 63282, 50920, 30581, 84203, 633, 87248, 12770, 97953, 13053, 95572, 37949, 74063, 36227, 29715, 49813, 21145, 87009, 80874, 37059, 87639, 40612, 24590, 86721, 77317, 98113, 76274, 67052, 89971, 13754, 59718, 87879, 93901, 12293, 67642, 78449, 64313, 44591, 70027, 35247, 66295, 59710, 40038, 34813, 87962, 6454, 75437, 34184, 50284, 17941, 64231, 49977, 2028, 59502, 60727, 26582, 79999, 6279, 85230, 43569, 67203, 58331, 72913, 30171, 1727, 41946, 90745, 71914, 86277, 5832, 11177, 57599, 86212, 61606, 28255, 80106, 54547, 15980, 77212, 3027, 83112, 17125, 76921, 4837, 26444, 13210, 89259, 46651, 77381, 66788, 11296, 33774, 81105, 70945, 61130, 72200, 65714, 63243, 61476, 76626, 59438, 32822, 8711, 94850, 65916, 7693, 21486, 24715, 26506, 21007, 33133, 38566, 99647, 25770, 19442, 13318, 78963, 57647, 12222, 92372, 45896, 92440, 69281, 19151, 44863, 76918, 22077, 63058, 94435, 38449, 64109, 20310, 83672, 22901, 14278, 33390, 13900, 63275, 55898, 16247, 33785, 54297, 8437, 54820, 83410, 95313, 67626, 61778, 10727, 89377, 37482, 45594, 34932, 17260, 28241, 94797, 26052, 23531, 90086, 15960, 81528, 32321, 35167, 20274, 11327, 18349, 24819, 16188, 45023, 56618, 85558, 52445, 76045, 7010, 39667, 97499, 27217, 6922, 66669, 41143, 82468, 17121, 9153, 82171, 29623, 91642, 3023, 69588, 47419, 86211, 71966, 80845, 68320, 13455, 37727, 52220, 74702, 43968, 32800, 43782, 66266, 15493, 61506, 51999, 45231, 78441, 55374, 45332, 33666, 99772, 17526, 93054, 75932, 18681, 44005, 52642, 79466, 41665, 71733, 67212, 52963, 45410, 97177, 3676, 65899, 60266, 6015, 31478, 67272, 29789, 47236, 62659, 19112, 76732, 55297, 44711, 19662, 33344, 75613, 43681, 51180, 63551, 81969, 93251, 48767, 14416]})"
141.0,3,12,96,14.994612693786621,418,"Genotype(dna={""<class 'abc.NT_0012'>"": [0, 89047], ""<class 'abc.NT_0012_P_00000'>"": [], ""<class 'abc.NT_0007'>"": [55058, 96429, 2662], ""<class 'abc.NT_0007_P_00000'>"": [], ""<class 'abc.NT_0002'>"": [0, 48333, 27356], ""<class 'abc.NT_0002_P_00000'>"": [], ""<class 'abc.NT_0000'>"": [42184, 70052, 0, 91804, 0, 0, 36773, 0, 64804], ""<class 'abc.NT_0000_P_00000'>"": [], ""<class 'abc.NT_0001'>"": [0, 49937, 0, 86169, 43681], ""<class 'abc.NT_0001_P_00000'>"": [], ""<class 'bool'>"": [70796, 41936, 41546, 8512, 21121, 28869], ""<class 'int'>"": [25155, 52427, 13216, 14861, 37066, 43227, 14416], ""<class 'abc.NT_0005'>"": [0, 37639], ""<class 'abc.NT_0005_P_00000'>"": [], ""<class 'abc.NT_0003'>"": [33650, 52703], ""<class 'abc.NT_0003_P_00000'>"": [], ""<class 'abc.NT_0004'>"": [0, 59983], ""<class 'abc.NT_0004_P_00000'>"": [], '$leftovers': [81600, 92981, 24586, 80507, 48909, 56302, 48279, 39596, 8177, 41048, 54709, 2141, 36382, 30231, 79303, 45906, 3600, 72448, 85756, 62232, 76728, 12314, 10402, 99348, 82540, 3143, 2927, 63383, 24684, 56849, 91234, 96607, 11663, 55655, 70782, 65921, 46458, 89721, 42004, 84925, 23942, 57205, 447, 66040, 89769, 37633, 53881, 33471, 84899, 77962, 79382, 63421, 42354, 22565, 54622, 78399, 707, 24478, 73210, 60708, 91176, 39440, 68267, 67164, 86078, 78891, 1648, 1984, 34860, 67089, 14873, 85945, 27946, 91486, 43571, 81436, 24346, 46853, 90833, 93204, 67569, 28562, 65707, 64260, 79507, 5703, 7091, 64658, 51775, 12742, 9851, 57202, 62567, 20339, 98771, 84993, 42327, 6461, 36932, 81439, 47467, 62039, 83881, 12894, 32233, 8056, 28809, 72665, 37010, 26904, 8831, 28758, 41940, 50619, 13705, 77050, 31928, 98645, 56591, 24230, 79582, 27434, 95976, 64454, 7019, 17483, 21240, 67326, 59414, 72680, 9039, 51925, 93310, 67483, 64406, 48515, 88431, 2658, 13619, 9790, 17053, 28910, 57659, 77924, 99848, 89052, 47667, 8134, 19606, 85887, 52665, 28157, 42807, 17016, 89094, 61528, 2617, 28737, 93170, 38813, 99354, 15028, 23722, 65353, 29533, 99753, 41981, 50418, 14162, 78477, 44874, 48013, 99700, 22092, 35260, 90200, 89643, 20702, 91024, 9577, 56981, 30550, 61179, 18259, 57231, 87191, 55757, 3244, 78476, 74777, 24995, 31614, 77943, 7036, 49566, 58360, 3004, 53252, 66953, 74656, 74210, 27963, 52379, 63796, 99017, 55895, 25648, 47745, 62726, 60872, 9501, 49057, 94539, 87198, 63764, 99938, 10128, 80210, 46135, 51655, 83482, 38148, 24164, 27359, 56722, 28341, 25100, 45456, 58831, 30641, 35297, 10655, 57535, 34439, 9062, 29603, 80404, 81266, 30591, 52083, 4329, 59237, 41782, 63886, 44622, 7276, 5883, 7811, 9363, 36177, 85829, 72401, 69637, 5311, 68134, 6919, 88426, 70653, 4616, 46013, 92629, 59024, 92702, 43046, 89779, 385, 55229, 28239, 12254, 26194, 26075, 97973, 61281, 36055, 35286, 66986, 28883, 19934, 88098, 4790, 83498, 37148, 15666, 87010, 55539, 7569, 68859, 64018, 42555, 25550, 49766, 42788, 84258, 51569, 68268, 3156, 96561, 85693, 51070, 36377, 65819, 96179, 39579, 24584, 28035, 59376, 1204, 11150, 48792, 45926, 85267, 91074, 94546, 96796, 37903, 59781, 4539, 61677, 99460, 13625, 61547, 50670, 13613, 59753, 22915, 2621, 41331, 81995, 39637, 22957, 79002, 77248, 80855, 23226, 52229, 79789, 70273, 33650, 98693, 42923, 5145, 90463, 16373, 37110, 73707, 81260, 22037, 73958, 71109, 87766, 33357, 36160, 30428, 68575, 62987, 54541, 93429, 10734, 56468, 10160, 92379, 48026, 42646, 26036, 13198, 24697, 89401, 2013, 24257, 16393, 7549, 56761, 59383, 92698, 47833, 9115, 80083, 27886, 98520, 84184, 46396, 32324, 55136, 33043, 94733, 39299, 68268, 17957, 41681, 95283, 74312, 19569, 5501, 96364, 37614, 98620, 35413, 23136, 13438, 71840, 85129, 48571, 41673, 12536, 28619, 39045, 31089, 96567, 57611, 19490, 3253, 59735, 37115, 23031, 12955, 69562, 87443, 43955, 64586, 64395, 83855, 28306, 89637, 82455, 41564, 62224, 83458, 72706, 39687, 18580, 37123, 88608, 78134, 31325, 99919, 83099, 93340, 64560, 40152, 49911, 90599, 5214, 94580, 49233, 60885, 57752, 18427, 57803, 29767, 82380, 44062, 42873, 35236, 96454, 6296, 761, 18195, 33989, 94984, 70688, 90636, 6806, 73662, 94256, 41102, 28770, 46150, 73640, 11449, 24920, 21310, 85454, 94863, 91863, 23315, 17597, 20217, 91794, 34166, 77109, 46637, 32144, 83158, 26247, 76783, 57366, 76170, 90953, 82914, 78347, 9798, 36943, 73386, 68382, 52072, 12414, 41189, 86486, 60473, 16665, 45781, 59592, 86919, 63519, 25794, 53453, 64363, 96508, 16128, 92416, 22277, 24310, 86063, 67165, 46227, 54481, 89870, 69212, 62340, 60412, 71112, 23023, 34509, 92116, 7217, 63002, 41259, 50000, 8793, 4594, 30483, 62653, 83938, 83503, 31483, 10365, 49442, 30804, 45981, 6968, 91617, 92210, 54325, 96831, 5008, 28389, 68581, 10722, 76148, 95354, 73970, 68860, 62036, 98213, 81300, 79566, 11781, 37080, 43953, 62574, 60034, 62154, 78716, 7847, 44434, 11159, 20786, 57220, 86148, 89532, 79123, 19828, 71554, 38321, 92355, 28120, 6885, 40594, 84932, 47779, 99847, 92498, 86367, 71489, 51939, 10303, 75651, 2814, 54873, 58078, 82260, 4131, 16111, 36323, 80831, 56586, 23086, 62810, 48333, 30508, 86384, 27684, 56737, 96345, 97308, 91048, 25778, 26424, 16979, 77059, 87484, 650, 10501, 7664, 42399, 66368, 72428, 90313, 68581, 95408, 58719, 7010, 71100, 38694, 62269, 88515, 87114, 60082, 74975, 47648, 95486, 87637, 66308, 20895, 66554, 33908, 42049, 56894, 28029, 53349, 69094, 28178, 10701, 80203, 12390, 30718, 61309, 79054, 80067, 87669, 18429, 56382, 67438, 53640, 19668, 83077, 8515, 32853, 16711, 65061, 42899, 66125, 28921, 47414, 77777, 7836, 59293, 12583, 45182, 70935, 11108, 65079, 57419, 58720, 99394, 41111, 59469, 41454, 95010, 96686, 20780, 37583, 91647, 99794, 21826, 42117, 12468, 34122, 46653, 81774, 80852, 20118, 37608, 92311, 79336, 51578, 35457, 31958, 86730, 96687, 11146, 78075, 16211, 44286, 64844, 65338, 10895, 10275, 77020, 73939, 97538, 77164, 89934, 19330, 65432, 21836, 62675, 2218, 30434, 72578, 3673, 40750, 56210, 87412, 64425, 15775, 78636, 80433, 91705, 39505, 7027, 29105, 87238, 78396, 99457, 72495, 465, 26796, 81547, 80667, 30823, 69059, 7899, 78032, 78440, 81817, 20294, 87763, 12034, 87734, 24471, 82031, 64016, 50288, 34228, 63282, 50920, 30581, 84203, 633, 87248, 12770, 97953, 13053, 95572, 37949, 74063, 36227, 29715, 49813, 21145, 87009, 80874, 37059, 87639, 40612, 24590, 86721, 77317, 98113, 76274, 67052, 89971, 13754, 59718, 87879, 93901, 12293, 67642, 78449, 64313, 44591, 70027, 35247, 66295, 59710, 40038, 34813, 87962, 6454, 75437, 34184, 50284, 17941, 64231, 49977, 2028, 59502, 60727, 26582, 79999, 6279, 85230, 43569, 67203, 58331, 72913, 30171, 1727, 41946, 90745, 71914, 86277, 5832, 11177, 57599, 86212, 61606, 28255, 80106, 54547, 15980, 77212, 3027, 83112, 17125, 76921, 4837, 26444, 13210, 89259, 46651, 77381, 66788, 11296, 33774, 81105, 70945, 61130, 72200, 65714, 63243, 61476, 76626, 59438, 32822, 8711, 94850, 65916, 7693, 21486, 24715, 26506, 21007, 33133, 38566, 99647, 25770, 19442, 13318, 78963, 57647, 12222, 92372, 45896, 92440, 69281, 19151, 44863, 76918, 22077, 63058, 94435, 38449, 64109, 20310, 83672, 22901, 14278, 33390, 13900, 63275, 55898, 16247, 33785, 54297, 8437, 54820, 83410, 95313, 67626, 61778, 10727, 89377, 37482, 45594, 34932, 17260, 28241, 94797, 26052, 23531, 90086, 15960, 81528, 32321, 35167, 20274, 11327, 18349, 24819, 16188, 45023, 56618, 85558, 52445, 76045, 7010, 39667, 97499, 27217, 6922, 66669, 41143, 82468, 17121, 9153, 82171, 29623, 91642, 3023, 69588, 47419, 86211, 71966, 80845, 68320, 13455, 37727, 52220, 74702, 43968, 32800, 43782, 66266, 15493, 61506, 51999, 45231, 78441, 55374, 45332, 33666, 99772, 17526, 93054, 75932, 18681, 44005, 52642, 79466, 41665, 71733, 67212, 52963, 45410, 97177, 3676, 65899, 60266, 6015, 31478, 67272, 29789, 47236, 62659, 19112, 76732, 55297, 44711, 19662, 33344, 75613, 43681, 51180, 63551, 81969, 93251, 48767, 14416]})"
141.0,3,12,97,15.059514045715332,418,"Genotype(dna={""<class 'abc.NT_0012'>"": [0, 89047], ""<class 'abc.NT_0012_P_00000'>"": [], ""<class 'abc.NT_0007'>"": [55058, 96429, 2662], ""<class 'abc.NT_0007_P_00000'>"": [], ""<class 'abc.NT_0002'>"": [0, 48333, 27356], ""<class 'abc.NT_0002_P_00000'>"": [], ""<class 'abc.NT_0000'>"": [42184, 70052, 0, 91804, 0, 0, 36773, 0, 64804], ""<class 'abc.NT_0000_P_00000'>"": [], ""<class 'abc.NT_0001'>"": [0, 49937, 0, 86169, 43681], ""<class 'abc.NT_0001_P_00000'>"": [], ""<class 'bool'>"": [70796, 41936, 41546, 8512, 21121, 28869], ""<class 'int'>"": [25155, 52427, 13216, 14861, 37066, 43227, 14416], ""<class 'abc.NT_0005'>"": [0, 37639], ""<class 'abc.NT_0005_P_00000'>"": [], ""<class 'abc.NT_0003'>"": [33650, 52703], ""<class 'abc.NT_0003_P_00000'>"": [], ""<class 'abc.NT_0004'>"": [0, 59983], ""<class 'abc.NT_0004_P_00000'>"": [], '$leftovers': [81600, 92981, 24586, 80507, 48909, 56302, 48279, 39596, 8177, 41048, 54709, 2141, 36382, 30231, 79303, 45906, 3600, 72448, 85756, 62232, 76728, 12314, 10402, 99348, 82540, 3143, 2927, 63383, 24684, 56849, 91234, 96607, 11663, 55655, 70782, 65921, 46458, 89721, 42004, 84925, 23942, 57205, 447, 66040, 89769, 37633, 53881, 33471, 84899, 77962, 79382, 63421, 42354, 22565, 54622, 78399, 707, 24478, 73210, 60708, 91176, 39440, 68267, 67164, 86078, 78891, 1648, 1984, 34860, 67089, 14873, 85945, 27946, 91486, 43571, 81436, 24346, 46853, 90833, 93204, 67569, 28562, 65707, 64260, 79507, 5703, 7091, 64658, 51775, 12742, 9851, 57202, 62567, 20339, 98771, 84993, 42327, 6461, 36932, 81439, 47467, 62039, 83881, 12894, 32233, 8056, 28809, 72665, 37010, 26904, 8831, 28758, 41940, 50619, 13705, 77050, 31928, 98645, 56591, 24230, 79582, 27434, 95976, 64454, 7019, 17483, 21240, 67326, 59414, 72680, 9039, 51925, 93310, 67483, 64406, 48515, 88431, 2658, 13619, 9790, 17053, 28910, 57659, 77924, 99848, 89052, 47667, 8134, 19606, 85887, 52665, 28157, 42807, 17016, 89094, 61528, 2617, 28737, 93170, 38813, 99354, 15028, 23722, 65353, 29533, 99753, 41981, 50418, 14162, 78477, 44874, 48013, 99700, 22092, 35260, 90200, 89643, 20702, 91024, 9577, 56981, 30550, 61179, 18259, 57231, 87191, 55757, 3244, 78476, 74777, 24995, 31614, 77943, 7036, 49566, 58360, 3004, 53252, 66953, 74656, 74210, 27963, 52379, 63796, 99017, 55895, 25648, 47745, 62726, 60872, 9501, 49057, 94539, 87198, 63764, 99938, 10128, 80210, 46135, 51655, 83482, 38148, 24164, 27359, 56722, 28341, 25100, 45456, 58831, 30641, 35297, 10655, 57535, 34439, 9062, 29603, 80404, 81266, 30591, 52083, 4329, 59237, 41782, 63886, 44622, 7276, 5883, 7811, 9363, 36177, 85829, 72401, 69637, 5311, 68134, 6919, 88426, 70653, 4616, 46013, 92629, 59024, 92702, 43046, 89779, 385, 55229, 28239, 12254, 26194, 26075, 97973, 61281, 36055, 35286, 66986, 28883, 19934, 88098, 4790, 83498, 37148, 15666, 87010, 55539, 7569, 68859, 64018, 42555, 25550, 49766, 42788, 84258, 51569, 68268, 3156, 96561, 85693, 51070, 36377, 65819, 96179, 39579, 24584, 28035, 59376, 1204, 11150, 48792, 45926, 85267, 91074, 94546, 96796, 37903, 59781, 4539, 61677, 99460, 13625, 61547, 50670, 13613, 59753, 22915, 2621, 41331, 81995, 39637, 22957, 79002, 77248, 80855, 23226, 52229, 79789, 70273, 33650, 98693, 42923, 5145, 90463, 16373, 37110, 73707, 81260, 22037, 73958, 71109, 87766, 33357, 36160, 30428, 68575, 62987, 54541, 93429, 10734, 56468, 10160, 92379, 48026, 42646, 26036, 13198, 24697, 89401, 2013, 24257, 16393, 7549, 56761, 59383, 92698, 47833, 9115, 80083, 27886, 98520, 84184, 46396, 32324, 55136, 33043, 94733, 39299, 68268, 17957, 41681, 95283, 74312, 19569, 5501, 96364, 37614, 98620, 35413, 23136, 13438, 71840, 85129, 48571, 41673, 12536, 28619, 39045, 31089, 96567, 57611, 19490, 3253, 59735, 37115, 23031, 12955, 69562, 87443, 43955, 64586, 64395, 83855, 28306, 89637, 82455, 41564, 62224, 83458, 72706, 39687, 18580, 37123, 88608, 78134, 31325, 99919, 83099, 93340, 64560, 40152, 49911, 90599, 5214, 94580, 49233, 60885, 57752, 18427, 57803, 29767, 82380, 44062, 42873, 35236, 96454, 6296, 761, 18195, 33989, 94984, 70688, 90636, 6806, 73662, 94256, 41102, 28770, 46150, 73640, 11449, 24920, 21310, 85454, 94863, 91863, 23315, 17597, 20217, 91794, 34166, 77109, 46637, 32144, 83158, 26247, 76783, 57366, 76170, 90953, 82914, 78347, 9798, 36943, 73386, 68382, 52072, 12414, 41189, 86486, 60473, 16665, 45781, 59592, 86919, 63519, 25794, 53453, 64363, 96508, 16128, 92416, 22277, 24310, 86063, 67165, 46227, 54481, 89870, 69212, 62340, 60412, 71112, 23023, 34509, 92116, 7217, 63002, 41259, 50000, 8793, 4594, 30483, 62653, 83938, 83503, 31483, 10365, 49442, 30804, 45981, 6968, 91617, 92210, 54325, 96831, 5008, 28389, 68581, 10722, 76148, 95354, 73970, 68860, 62036, 98213, 81300, 79566, 11781, 37080, 43953, 62574, 60034, 62154, 78716, 7847, 44434, 11159, 20786, 57220, 86148, 89532, 79123, 19828, 71554, 38321, 92355, 28120, 6885, 40594, 84932, 47779, 99847, 92498, 86367, 71489, 51939, 10303, 75651, 2814, 54873, 58078, 82260, 4131, 16111, 36323, 80831, 56586, 23086, 62810, 48333, 30508, 86384, 27684, 56737, 96345, 97308, 91048, 25778, 26424, 16979, 77059, 87484, 650, 10501, 7664, 42399, 66368, 72428, 90313, 68581, 95408, 58719, 7010, 71100, 38694, 62269, 88515, 87114, 60082, 74975, 47648, 95486, 87637, 66308, 20895, 66554, 33908, 42049, 56894, 28029, 53349, 69094, 28178, 10701, 80203, 12390, 30718, 61309, 79054, 80067, 87669, 18429, 56382, 67438, 53640, 19668, 83077, 8515, 32853, 16711, 65061, 42899, 66125, 28921, 47414, 77777, 7836, 59293, 12583, 45182, 70935, 11108, 65079, 57419, 58720, 99394, 41111, 59469, 41454, 95010, 96686, 20780, 37583, 91647, 99794, 21826, 42117, 12468, 34122, 46653, 81774, 80852, 20118, 37608, 92311, 79336, 51578, 35457, 31958, 86730, 96687, 11146, 78075, 16211, 44286, 64844, 65338, 10895, 10275, 77020, 73939, 97538, 77164, 89934, 19330, 65432, 21836, 62675, 2218, 30434, 72578, 3673, 40750, 56210, 87412, 64425, 15775, 78636, 80433, 91705, 39505, 7027, 29105, 87238, 78396, 99457, 72495, 465, 26796, 81547, 80667, 30823, 69059, 7899, 78032, 78440, 81817, 20294, 87763, 12034, 87734, 24471, 82031, 64016, 50288, 34228, 63282, 50920, 30581, 84203, 633, 87248, 12770, 97953, 13053, 95572, 37949, 74063, 36227, 29715, 49813, 21145, 87009, 80874, 37059, 87639, 40612, 24590, 86721, 77317, 98113, 76274, 67052, 89971, 13754, 59718, 87879, 93901, 12293, 67642, 78449, 64313, 44591, 70027, 35247, 66295, 59710, 40038, 34813, 87962, 6454, 75437, 34184, 50284, 17941, 64231, 49977, 2028, 59502, 60727, 26582, 79999, 6279, 85230, 43569, 67203, 58331, 72913, 30171, 1727, 41946, 90745, 71914, 86277, 5832, 11177, 57599, 86212, 61606, 28255, 80106, 54547, 15980, 77212, 3027, 83112, 17125, 76921, 4837, 26444, 13210, 89259, 46651, 77381, 66788, 11296, 33774, 81105, 70945, 61130, 72200, 65714, 63243, 61476, 76626, 59438, 32822, 8711, 94850, 65916, 7693, 21486, 24715, 26506, 21007, 33133, 38566, 99647, 25770, 19442, 13318, 78963, 57647, 12222, 92372, 45896, 92440, 69281, 19151, 44863, 76918, 22077, 63058, 94435, 38449, 64109, 20310, 83672, 22901, 14278, 33390, 13900, 63275, 55898, 16247, 33785, 54297, 8437, 54820, 83410, 95313, 67626, 61778, 10727, 89377, 37482, 45594, 34932, 17260, 28241, 94797, 26052, 23531, 90086, 15960, 81528, 32321, 35167, 20274, 11327, 18349, 24819, 16188, 45023, 56618, 85558, 52445, 76045, 7010, 39667, 97499, 27217, 6922, 66669, 41143, 82468, 17121, 9153, 82171, 29623, 91642, 3023, 69588, 47419, 86211, 71966, 80845, 68320, 13455, 37727, 52220, 74702, 43968, 32800, 43782, 66266, 15493, 61506, 51999, 45231, 78441, 55374, 45332, 33666, 99772, 17526, 93054, 75932, 18681, 44005, 52642, 79466, 41665, 71733, 67212, 52963, 45410, 97177, 3676, 65899, 60266, 6015, 31478, 67272, 29789, 47236, 62659, 19112, 76732, 55297, 44711, 19662, 33344, 75613, 43681, 51180, 63551, 81969, 93251, 48767, 14416]})"
141.0,3,12,98,15.150475025177002,418,"Genotype(dna={""<class 'abc.NT_0012'>"": [0, 89047], ""<class 'abc.NT_0012_P_00000'>"": [], ""<class 'abc.NT_0007'>"": [55058, 96429, 2662], ""<class 'abc.NT_0007_P_00000'>"": [], ""<class 'abc.NT_0002'>"": [0, 48333, 27356], ""<class 'abc.NT_0002_P_00000'>"": [], ""<class 'abc.NT_0000'>"": [42184, 70052, 0, 91804, 0, 0, 36773, 0, 64804], ""<class 'abc.NT_0000_P_00000'>"": [], ""<class 'abc.NT_0001'>"": [0, 49937, 0, 86169, 43681], ""<class 'abc.NT_0001_P_00000'>"": [], ""<class 'bool'>"": [70796, 41936, 41546, 8512, 21121, 28869], ""<class 'int'>"": [25155, 52427, 13216, 14861, 37066, 43227, 14416], ""<class 'abc.NT_0005'>"": [0, 37639], ""<class 'abc.NT_0005_P_00000'>"": [], ""<class 'abc.NT_0003'>"": [33650, 52703], ""<class 'abc.NT_0003_P_00000'>"": [], ""<class 'abc.NT_0004'>"": [0, 59983], ""<class 'abc.NT_0004_P_00000'>"": [], '$leftovers': [81600, 92981, 24586, 80507, 48909, 56302, 48279, 39596, 8177, 41048, 54709, 2141, 36382, 30231, 79303, 45906, 3600, 72448, 85756, 62232, 76728, 12314, 10402, 99348, 82540, 3143, 2927, 63383, 24684, 56849, 91234, 96607, 11663, 55655, 70782, 65921, 46458, 89721, 42004, 84925, 23942, 57205, 447, 66040, 89769, 37633, 53881, 33471, 84899, 77962, 79382, 63421, 42354, 22565, 54622, 78399, 707, 24478, 73210, 60708, 91176, 39440, 68267, 67164, 86078, 78891, 1648, 1984, 34860, 67089, 14873, 85945, 27946, 91486, 43571, 81436, 24346, 46853, 90833, 93204, 67569, 28562, 65707, 64260, 79507, 5703, 7091, 64658, 51775, 12742, 9851, 57202, 62567, 20339, 98771, 84993, 42327, 6461, 36932, 81439, 47467, 62039, 83881, 12894, 32233, 8056, 28809, 72665, 37010, 26904, 8831, 28758, 41940, 50619, 13705, 77050, 31928, 98645, 56591, 24230, 79582, 27434, 95976, 64454, 7019, 17483, 21240, 67326, 59414, 72680, 9039, 51925, 93310, 67483, 64406, 48515, 88431, 2658, 13619, 9790, 17053, 28910, 57659, 77924, 99848, 89052, 47667, 8134, 19606, 85887, 52665, 28157, 42807, 17016, 89094, 61528, 2617, 28737, 93170, 38813, 99354, 15028, 23722, 65353, 29533, 99753, 41981, 50418, 14162, 78477, 44874, 48013, 99700, 22092, 35260, 90200, 89643, 20702, 91024, 9577, 56981, 30550, 61179, 18259, 57231, 87191, 55757, 3244, 78476, 74777, 24995, 31614, 77943, 7036, 49566, 58360, 3004, 53252, 66953, 74656, 74210, 27963, 52379, 63796, 99017, 55895, 25648, 47745, 62726, 60872, 9501, 49057, 94539, 87198, 63764, 99938, 10128, 80210, 46135, 51655, 83482, 38148, 24164, 27359, 56722, 28341, 25100, 45456, 58831, 30641, 35297, 10655, 57535, 34439, 9062, 29603, 80404, 81266, 30591, 52083, 4329, 59237, 41782, 63886, 44622, 7276, 5883, 7811, 9363, 36177, 85829, 72401, 69637, 5311, 68134, 6919, 88426, 70653, 4616, 46013, 92629, 59024, 92702, 43046, 89779, 385, 55229, 28239, 12254, 26194, 26075, 97973, 61281, 36055, 35286, 66986, 28883, 19934, 88098, 4790, 83498, 37148, 15666, 87010, 55539, 7569, 68859, 64018, 42555, 25550, 49766, 42788, 84258, 51569, 68268, 3156, 96561, 85693, 51070, 36377, 65819, 96179, 39579, 24584, 28035, 59376, 1204, 11150, 48792, 45926, 85267, 91074, 94546, 96796, 37903, 59781, 4539, 61677, 99460, 13625, 61547, 50670, 13613, 59753, 22915, 2621, 41331, 81995, 39637, 22957, 79002, 77248, 80855, 23226, 52229, 79789, 70273, 33650, 98693, 42923, 5145, 90463, 16373, 37110, 73707, 81260, 22037, 73958, 71109, 87766, 33357, 36160, 30428, 68575, 62987, 54541, 93429, 10734, 56468, 10160, 92379, 48026, 42646, 26036, 13198, 24697, 89401, 2013, 24257, 16393, 7549, 56761, 59383, 92698, 47833, 9115, 80083, 27886, 98520, 84184, 46396, 32324, 55136, 33043, 94733, 39299, 68268, 17957, 41681, 95283, 74312, 19569, 5501, 96364, 37614, 98620, 35413, 23136, 13438, 71840, 85129, 48571, 41673, 12536, 28619, 39045, 31089, 96567, 57611, 19490, 3253, 59735, 37115, 23031, 12955, 69562, 87443, 43955, 64586, 64395, 83855, 28306, 89637, 82455, 41564, 62224, 83458, 72706, 39687, 18580, 37123, 88608, 78134, 31325, 99919, 83099, 93340, 64560, 40152, 49911, 90599, 5214, 94580, 49233, 60885, 57752, 18427, 57803, 29767, 82380, 44062, 42873, 35236, 96454, 6296, 761, 18195, 33989, 94984, 70688, 90636, 6806, 73662, 94256, 41102, 28770, 46150, 73640, 11449, 24920, 21310, 85454, 94863, 91863, 23315, 17597, 20217, 91794, 34166, 77109, 46637, 32144, 83158, 26247, 76783, 57366, 76170, 90953, 82914, 78347, 9798, 36943, 73386, 68382, 52072, 12414, 41189, 86486, 60473, 16665, 45781, 59592, 86919, 63519, 25794, 53453, 64363, 96508, 16128, 92416, 22277, 24310, 86063, 67165, 46227, 54481, 89870, 69212, 62340, 60412, 71112, 23023, 34509, 92116, 7217, 63002, 41259, 50000, 8793, 4594, 30483, 62653, 83938, 83503, 31483, 10365, 49442, 30804, 45981, 6968, 91617, 92210, 54325, 96831, 5008, 28389, 68581, 10722, 76148, 95354, 73970, 68860, 62036, 98213, 81300, 79566, 11781, 37080, 43953, 62574, 60034, 62154, 78716, 7847, 44434, 11159, 20786, 57220, 86148, 89532, 79123, 19828, 71554, 38321, 92355, 28120, 6885, 40594, 84932, 47779, 99847, 92498, 86367, 71489, 51939, 10303, 75651, 2814, 54873, 58078, 82260, 4131, 16111, 36323, 80831, 56586, 23086, 62810, 48333, 30508, 86384, 27684, 56737, 96345, 97308, 91048, 25778, 26424, 16979, 77059, 87484, 650, 10501, 7664, 42399, 66368, 72428, 90313, 68581, 95408, 58719, 7010, 71100, 38694, 62269, 88515, 87114, 60082, 74975, 47648, 95486, 87637, 66308, 20895, 66554, 33908, 42049, 56894, 28029, 53349, 69094, 28178, 10701, 80203, 12390, 30718, 61309, 79054, 80067, 87669, 18429, 56382, 67438, 53640, 19668, 83077, 8515, 32853, 16711, 65061, 42899, 66125, 28921, 47414, 77777, 7836, 59293, 12583, 45182, 70935, 11108, 65079, 57419, 58720, 99394, 41111, 59469, 41454, 95010, 96686, 20780, 37583, 91647, 99794, 21826, 42117, 12468, 34122, 46653, 81774, 80852, 20118, 37608, 92311, 79336, 51578, 35457, 31958, 86730, 96687, 11146, 78075, 16211, 44286, 64844, 65338, 10895, 10275, 77020, 73939, 97538, 77164, 89934, 19330, 65432, 21836, 62675, 2218, 30434, 72578, 3673, 40750, 56210, 87412, 64425, 15775, 78636, 80433, 91705, 39505, 7027, 29105, 87238, 78396, 99457, 72495, 465, 26796, 81547, 80667, 30823, 69059, 7899, 78032, 78440, 81817, 20294, 87763, 12034, 87734, 24471, 82031, 64016, 50288, 34228, 63282, 50920, 30581, 84203, 633, 87248, 12770, 97953, 13053, 95572, 37949, 74063, 36227, 29715, 49813, 21145, 87009, 80874, 37059, 87639, 40612, 24590, 86721, 77317, 98113, 76274, 67052, 89971, 13754, 59718, 87879, 93901, 12293, 67642, 78449, 64313, 44591, 70027, 35247, 66295, 59710, 40038, 34813, 87962, 6454, 75437, 34184, 50284, 17941, 64231, 49977, 2028, 59502, 60727, 26582, 79999, 6279, 85230, 43569, 67203, 58331, 72913, 30171, 1727, 41946, 90745, 71914, 86277, 5832, 11177, 57599, 86212, 61606, 28255, 80106, 54547, 15980, 77212, 3027, 83112, 17125, 76921, 4837, 26444, 13210, 89259, 46651, 77381, 66788, 11296, 33774, 81105, 70945, 61130, 72200, 65714, 63243, 61476, 76626, 59438, 32822, 8711, 94850, 65916, 7693, 21486, 24715, 26506, 21007, 33133, 38566, 99647, 25770, 19442, 13318, 78963, 57647, 12222, 92372, 45896, 92440, 69281, 19151, 44863, 76918, 22077, 63058, 94435, 38449, 64109, 20310, 83672, 22901, 14278, 33390, 13900, 63275, 55898, 16247, 33785, 54297, 8437, 54820, 83410, 95313, 67626, 61778, 10727, 89377, 37482, 45594, 34932, 17260, 28241, 94797, 26052, 23531, 90086, 15960, 81528, 32321, 35167, 20274, 11327, 18349, 24819, 16188, 45023, 56618, 85558, 52445, 76045, 7010, 39667, 97499, 27217, 6922, 66669, 41143, 82468, 17121, 9153, 82171, 29623, 91642, 3023, 69588, 47419, 86211, 71966, 80845, 68320, 13455, 37727, 52220, 74702, 43968, 32800, 43782, 66266, 15493, 61506, 51999, 45231, 78441, 55374, 45332, 33666, 99772, 17526, 93054, 75932, 18681, 44005, 52642, 79466, 41665, 71733, 67212, 52963, 45410, 97177, 3676, 65899, 60266, 6015, 31478, 67272, 29789, 47236, 62659, 19112, 76732, 55297, 44711, 19662, 33344, 75613, 43681, 51180, 63551, 81969, 93251, 48767, 14416]})"
141.0,3,12,99,15.219227075576782,418,"Genotype(dna={""<class 'abc.NT_0012'>"": [0, 89047], ""<class 'abc.NT_0012_P_00000'>"": [], ""<class 'abc.NT_0007'>"": [55058, 96429, 2662], ""<class 'abc.NT_0007_P_00000'>"": [], ""<class 'abc.NT_0002'>"": [0, 48333, 27356], ""<class 'abc.NT_0002_P_00000'>"": [], ""<class 'abc.NT_0000'>"": [42184, 70052, 0, 91804, 0, 0, 36773, 0, 64804], ""<class 'abc.NT_0000_P_00000'>"": [], ""<class 'abc.NT_0001'>"": [0, 49937, 0, 86169, 43681], ""<class 'abc.NT_0001_P_00000'>"": [], ""<class 'bool'>"": [70796, 41936, 41546, 8512, 21121, 28869], ""<class 'int'>"": [25155, 52427, 13216, 14861, 37066, 43227, 14416], ""<class 'abc.NT_0005'>"": [0, 37639], ""<class 'abc.NT_0005_P_00000'>"": [], ""<class 'abc.NT_0003'>"": [33650, 52703], ""<class 'abc.NT_0003_P_00000'>"": [], ""<class 'abc.NT_0004'>"": [0, 59983], ""<class 'abc.NT_0004_P_00000'>"": [], '$leftovers': [81600, 92981, 24586, 80507, 48909, 56302, 48279, 39596, 8177, 41048, 54709, 2141, 36382, 30231, 79303, 45906, 3600, 72448, 85756, 62232, 76728, 12314, 10402, 99348, 82540, 3143, 2927, 63383, 24684, 56849, 91234, 96607, 11663, 55655, 70782, 65921, 46458, 89721, 42004, 84925, 23942, 57205, 447, 66040, 89769, 37633, 53881, 33471, 84899, 77962, 79382, 63421, 42354, 22565, 54622, 78399, 707, 24478, 73210, 60708, 91176, 39440, 68267, 67164, 86078, 78891, 1648, 1984, 34860, 67089, 14873, 85945, 27946, 91486, 43571, 81436, 24346, 46853, 90833, 93204, 67569, 28562, 65707, 64260, 79507, 5703, 7091, 64658, 51775, 12742, 9851, 57202, 62567, 20339, 98771, 84993, 42327, 6461, 36932, 81439, 47467, 62039, 83881, 12894, 32233, 8056, 28809, 72665, 37010, 26904, 8831, 28758, 41940, 50619, 13705, 77050, 31928, 98645, 56591, 24230, 79582, 27434, 95976, 64454, 7019, 17483, 21240, 67326, 59414, 72680, 9039, 51925, 93310, 67483, 64406, 48515, 88431, 2658, 13619, 9790, 17053, 28910, 57659, 77924, 99848, 89052, 47667, 8134, 19606, 85887, 52665, 28157, 42807, 17016, 89094, 61528, 2617, 28737, 93170, 38813, 99354, 15028, 23722, 65353, 29533, 99753, 41981, 50418, 14162, 78477, 44874, 48013, 99700, 22092, 35260, 90200, 89643, 20702, 91024, 9577, 56981, 30550, 61179, 18259, 57231, 87191, 55757, 3244, 78476, 74777, 24995, 31614, 77943, 7036, 49566, 58360, 3004, 53252, 66953, 74656, 74210, 27963, 52379, 63796, 99017, 55895, 25648, 47745, 62726, 60872, 9501, 49057, 94539, 87198, 63764, 99938, 10128, 80210, 46135, 51655, 83482, 38148, 24164, 27359, 56722, 28341, 25100, 45456, 58831, 30641, 35297, 10655, 57535, 34439, 9062, 29603, 80404, 81266, 30591, 52083, 4329, 59237, 41782, 63886, 44622, 7276, 5883, 7811, 9363, 36177, 85829, 72401, 69637, 5311, 68134, 6919, 88426, 70653, 4616, 46013, 92629, 59024, 92702, 43046, 89779, 385, 55229, 28239, 12254, 26194, 26075, 97973, 61281, 36055, 35286, 66986, 28883, 19934, 88098, 4790, 83498, 37148, 15666, 87010, 55539, 7569, 68859, 64018, 42555, 25550, 49766, 42788, 84258, 51569, 68268, 3156, 96561, 85693, 51070, 36377, 65819, 96179, 39579, 24584, 28035, 59376, 1204, 11150, 48792, 45926, 85267, 91074, 94546, 96796, 37903, 59781, 4539, 61677, 99460, 13625, 61547, 50670, 13613, 59753, 22915, 2621, 41331, 81995, 39637, 22957, 79002, 77248, 80855, 23226, 52229, 79789, 70273, 33650, 98693, 42923, 5145, 90463, 16373, 37110, 73707, 81260, 22037, 73958, 71109, 87766, 33357, 36160, 30428, 68575, 62987, 54541, 93429, 10734, 56468, 10160, 92379, 48026, 42646, 26036, 13198, 24697, 89401, 2013, 24257, 16393, 7549, 56761, 59383, 92698, 47833, 9115, 80083, 27886, 98520, 84184, 46396, 32324, 55136, 33043, 94733, 39299, 68268, 17957, 41681, 95283, 74312, 19569, 5501, 96364, 37614, 98620, 35413, 23136, 13438, 71840, 85129, 48571, 41673, 12536, 28619, 39045, 31089, 96567, 57611, 19490, 3253, 59735, 37115, 23031, 12955, 69562, 87443, 43955, 64586, 64395, 83855, 28306, 89637, 82455, 41564, 62224, 83458, 72706, 39687, 18580, 37123, 88608, 78134, 31325, 99919, 83099, 93340, 64560, 40152, 49911, 90599, 5214, 94580, 49233, 60885, 57752, 18427, 57803, 29767, 82380, 44062, 42873, 35236, 96454, 6296, 761, 18195, 33989, 94984, 70688, 90636, 6806, 73662, 94256, 41102, 28770, 46150, 73640, 11449, 24920, 21310, 85454, 94863, 91863, 23315, 17597, 20217, 91794, 34166, 77109, 46637, 32144, 83158, 26247, 76783, 57366, 76170, 90953, 82914, 78347, 9798, 36943, 73386, 68382, 52072, 12414, 41189, 86486, 60473, 16665, 45781, 59592, 86919, 63519, 25794, 53453, 64363, 96508, 16128, 92416, 22277, 24310, 86063, 67165, 46227, 54481, 89870, 69212, 62340, 60412, 71112, 23023, 34509, 92116, 7217, 63002, 41259, 50000, 8793, 4594, 30483, 62653, 83938, 83503, 31483, 10365, 49442, 30804, 45981, 6968, 91617, 92210, 54325, 96831, 5008, 28389, 68581, 10722, 76148, 95354, 73970, 68860, 62036, 98213, 81300, 79566, 11781, 37080, 43953, 62574, 60034, 62154, 78716, 7847, 44434, 11159, 20786, 57220, 86148, 89532, 79123, 19828, 71554, 38321, 92355, 28120, 6885, 40594, 84932, 47779, 99847, 92498, 86367, 71489, 51939, 10303, 75651, 2814, 54873, 58078, 82260, 4131, 16111, 36323, 80831, 56586, 23086, 62810, 48333, 30508, 86384, 27684, 56737, 96345, 97308, 91048, 25778, 26424, 16979, 77059, 87484, 650, 10501, 7664, 42399, 66368, 72428, 90313, 68581, 95408, 58719, 7010, 71100, 38694, 62269, 88515, 87114, 60082, 74975, 47648, 95486, 87637, 66308, 20895, 66554, 33908, 42049, 56894, 28029, 53349, 69094, 28178, 10701, 80203, 12390, 30718, 61309, 79054, 80067, 87669, 18429, 56382, 67438, 53640, 19668, 83077, 8515, 32853, 16711, 65061, 42899, 66125, 28921, 47414, 77777, 7836, 59293, 12583, 45182, 70935, 11108, 65079, 57419, 58720, 99394, 41111, 59469, 41454, 95010, 96686, 20780, 37583, 91647, 99794, 21826, 42117, 12468, 34122, 46653, 81774, 80852, 20118, 37608, 92311, 79336, 51578, 35457, 31958, 86730, 96687, 11146, 78075, 16211, 44286, 64844, 65338, 10895, 10275, 77020, 73939, 97538, 77164, 89934, 19330, 65432, 21836, 62675, 2218, 30434, 72578, 3673, 40750, 56210, 87412, 64425, 15775, 78636, 80433, 91705, 39505, 7027, 29105, 87238, 78396, 99457, 72495, 465, 26796, 81547, 80667, 30823, 69059, 7899, 78032, 78440, 81817, 20294, 87763, 12034, 87734, 24471, 82031, 64016, 50288, 34228, 63282, 50920, 30581, 84203, 633, 87248, 12770, 97953, 13053, 95572, 37949, 74063, 36227, 29715, 49813, 21145, 87009, 80874, 37059, 87639, 40612, 24590, 86721, 77317, 98113, 76274, 67052, 89971, 13754, 59718, 87879, 93901, 12293, 67642, 78449, 64313, 44591, 70027, 35247, 66295, 59710, 40038, 34813, 87962, 6454, 75437, 34184, 50284, 17941, 64231, 49977, 2028, 59502, 60727, 26582, 79999, 6279, 85230, 43569, 67203, 58331, 72913, 30171, 1727, 41946, 90745, 71914, 86277, 5832, 11177, 57599, 86212, 61606, 28255, 80106, 54547, 15980, 77212, 3027, 83112, 17125, 76921, 4837, 26444, 13210, 89259, 46651, 77381, 66788, 11296, 33774, 81105, 70945, 61130, 72200, 65714, 63243, 61476, 76626, 59438, 32822, 8711, 94850, 65916, 7693, 21486, 24715, 26506, 21007, 33133, 38566, 99647, 25770, 19442, 13318, 78963, 57647, 12222, 92372, 45896, 92440, 69281, 19151, 44863, 76918, 22077, 63058, 94435, 38449, 64109, 20310, 83672, 22901, 14278, 33390, 13900, 63275, 55898, 16247, 33785, 54297, 8437, 54820, 83410, 95313, 67626, 61778, 10727, 89377, 37482, 45594, 34932, 17260, 28241, 94797, 26052, 23531, 90086, 15960, 81528, 32321, 35167, 20274, 11327, 18349, 24819, 16188, 45023, 56618, 85558, 52445, 76045, 7010, 39667, 97499, 27217, 6922, 66669, 41143, 82468, 17121, 9153, 82171, 29623, 91642, 3023, 69588, 47419, 86211, 71966, 80845, 68320, 13455, 37727, 52220, 74702, 43968, 32800, 43782, 66266, 15493, 61506, 51999, 45231, 78441, 55374, 45332, 33666, 99772, 17526, 93054, 75932, 18681, 44005, 52642, 79466, 41665, 71733, 67212, 52963, 45410, 97177, 3676, 65899, 60266, 6015, 31478, 67272, 29789, 47236, 62659, 19112, 76732, 55297, 44711, 19662, 33344, 75613, 43681, 51180, 63551, 81969, 93251, 48767, 14416]})"
141.0,3,12,100,15.28258991241455,418,"Genotype(dna={""<class 'abc.NT_0012'>"": [0, 89047], ""<class 'abc.NT_0012_P_00000'>"": [], ""<class 'abc.NT_0007'>"": [55058, 96429, 2662], ""<class 'abc.NT_0007_P_00000'>"": [], ""<class 'abc.NT_0002'>"": [0, 48333, 27356], ""<class 'abc.NT_0002_P_00000'>"": [], ""<class 'abc.NT_0000'>"": [42184, 70052, 0, 91804, 0, 0, 36773, 0, 64804], ""<class 'abc.NT_0000_P_00000'>"": [], ""<class 'abc.NT_0001'>"": [0, 49937, 0, 86169, 43681], ""<class 'abc.NT_0001_P_00000'>"": [], ""<class 'bool'>"": [70796, 41936, 41546, 8512, 21121, 28869], ""<class 'int'>"": [25155, 52427, 13216, 14861, 37066, 43227, 14416], ""<class 'abc.NT_0005'>"": [0, 37639], ""<class 'abc.NT_0005_P_00000'>"": [], ""<class 'abc.NT_0003'>"": [33650, 52703], ""<class 'abc.NT_0003_P_00000'>"": [], ""<class 'abc.NT_0004'>"": [0, 59983], ""<class 'abc.NT_0004_P_00000'>"": [], '$leftovers': [81600, 92981, 24586, 80507, 48909, 56302, 48279, 39596, 8177, 41048, 54709, 2141, 36382, 30231, 79303, 45906, 3600, 72448, 85756, 62232, 76728, 12314, 10402, 99348, 82540, 3143, 2927, 63383, 24684, 56849, 91234, 96607, 11663, 55655, 70782, 65921, 46458, 89721, 42004, 84925, 23942, 57205, 447, 66040, 89769, 37633, 53881, 33471, 84899, 77962, 79382, 63421, 42354, 22565, 54622, 78399, 707, 24478, 73210, 60708, 91176, 39440, 68267, 67164, 86078, 78891, 1648, 1984, 34860, 67089, 14873, 85945, 27946, 91486, 43571, 81436, 24346, 46853, 90833, 93204, 67569, 28562, 65707, 64260, 79507, 5703, 7091, 64658, 51775, 12742, 9851, 57202, 62567, 20339, 98771, 84993, 42327, 6461, 36932, 81439, 47467, 62039, 83881, 12894, 32233, 8056, 28809, 72665, 37010, 26904, 8831, 28758, 41940, 50619, 13705, 77050, 31928, 98645, 56591, 24230, 79582, 27434, 95976, 64454, 7019, 17483, 21240, 67326, 59414, 72680, 9039, 51925, 93310, 67483, 64406, 48515, 88431, 2658, 13619, 9790, 17053, 28910, 57659, 77924, 99848, 89052, 47667, 8134, 19606, 85887, 52665, 28157, 42807, 17016, 89094, 61528, 2617, 28737, 93170, 38813, 99354, 15028, 23722, 65353, 29533, 99753, 41981, 50418, 14162, 78477, 44874, 48013, 99700, 22092, 35260, 90200, 89643, 20702, 91024, 9577, 56981, 30550, 61179, 18259, 57231, 87191, 55757, 3244, 78476, 74777, 24995, 31614, 77943, 7036, 49566, 58360, 3004, 53252, 66953, 74656, 74210, 27963, 52379, 63796, 99017, 55895, 25648, 47745, 62726, 60872, 9501, 49057, 94539, 87198, 63764, 99938, 10128, 80210, 46135, 51655, 83482, 38148, 24164, 27359, 56722, 28341, 25100, 45456, 58831, 30641, 35297, 10655, 57535, 34439, 9062, 29603, 80404, 81266, 30591, 52083, 4329, 59237, 41782, 63886, 44622, 7276, 5883, 7811, 9363, 36177, 85829, 72401, 69637, 5311, 68134, 6919, 88426, 70653, 4616, 46013, 92629, 59024, 92702, 43046, 89779, 385, 55229, 28239, 12254, 26194, 26075, 97973, 61281, 36055, 35286, 66986, 28883, 19934, 88098, 4790, 83498, 37148, 15666, 87010, 55539, 7569, 68859, 64018, 42555, 25550, 49766, 42788, 84258, 51569, 68268, 3156, 96561, 85693, 51070, 36377, 65819, 96179, 39579, 24584, 28035, 59376, 1204, 11150, 48792, 45926, 85267, 91074, 94546, 96796, 37903, 59781, 4539, 61677, 99460, 13625, 61547, 50670, 13613, 59753, 22915, 2621, 41331, 81995, 39637, 22957, 79002, 77248, 80855, 23226, 52229, 79789, 70273, 33650, 98693, 42923, 5145, 90463, 16373, 37110, 73707, 81260, 22037, 73958, 71109, 87766, 33357, 36160, 30428, 68575, 62987, 54541, 93429, 10734, 56468, 10160, 92379, 48026, 42646, 26036, 13198, 24697, 89401, 2013, 24257, 16393, 7549, 56761, 59383, 92698, 47833, 9115, 80083, 27886, 98520, 84184, 46396, 32324, 55136, 33043, 94733, 39299, 68268, 17957, 41681, 95283, 74312, 19569, 5501, 96364, 37614, 98620, 35413, 23136, 13438, 71840, 85129, 48571, 41673, 12536, 28619, 39045, 31089, 96567, 57611, 19490, 3253, 59735, 37115, 23031, 12955, 69562, 87443, 43955, 64586, 64395, 83855, 28306, 89637, 82455, 41564, 62224, 83458, 72706, 39687, 18580, 37123, 88608, 78134, 31325, 99919, 83099, 93340, 64560, 40152, 49911, 90599, 5214, 94580, 49233, 60885, 57752, 18427, 57803, 29767, 82380, 44062, 42873, 35236, 96454, 6296, 761, 18195, 33989, 94984, 70688, 90636, 6806, 73662, 94256, 41102, 28770, 46150, 73640, 11449, 24920, 21310, 85454, 94863, 91863, 23315, 17597, 20217, 91794, 34166, 77109, 46637, 32144, 83158, 26247, 76783, 57366, 76170, 90953, 82914, 78347, 9798, 36943, 73386, 68382, 52072, 12414, 41189, 86486, 60473, 16665, 45781, 59592, 86919, 63519, 25794, 53453, 64363, 96508, 16128, 92416, 22277, 24310, 86063, 67165, 46227, 54481, 89870, 69212, 62340, 60412, 71112, 23023, 34509, 92116, 7217, 63002, 41259, 50000, 8793, 4594, 30483, 62653, 83938, 83503, 31483, 10365, 49442, 30804, 45981, 6968, 91617, 92210, 54325, 96831, 5008, 28389, 68581, 10722, 76148, 95354, 73970, 68860, 62036, 98213, 81300, 79566, 11781, 37080, 43953, 62574, 60034, 62154, 78716, 7847, 44434, 11159, 20786, 57220, 86148, 89532, 79123, 19828, 71554, 38321, 92355, 28120, 6885, 40594, 84932, 47779, 99847, 92498, 86367, 71489, 51939, 10303, 75651, 2814, 54873, 58078, 82260, 4131, 16111, 36323, 80831, 56586, 23086, 62810, 48333, 30508, 86384, 27684, 56737, 96345, 97308, 91048, 25778, 26424, 16979, 77059, 87484, 650, 10501, 7664, 42399, 66368, 72428, 90313, 68581, 95408, 58719, 7010, 71100, 38694, 62269, 88515, 87114, 60082, 74975, 47648, 95486, 87637, 66308, 20895, 66554, 33908, 42049, 56894, 28029, 53349, 69094, 28178, 10701, 80203, 12390, 30718, 61309, 79054, 80067, 87669, 18429, 56382, 67438, 53640, 19668, 83077, 8515, 32853, 16711, 65061, 42899, 66125, 28921, 47414, 77777, 7836, 59293, 12583, 45182, 70935, 11108, 65079, 57419, 58720, 99394, 41111, 59469, 41454, 95010, 96686, 20780, 37583, 91647, 99794, 21826, 42117, 12468, 34122, 46653, 81774, 80852, 20118, 37608, 92311, 79336, 51578, 35457, 31958, 86730, 96687, 11146, 78075, 16211, 44286, 64844, 65338, 10895, 10275, 77020, 73939, 97538, 77164, 89934, 19330, 65432, 21836, 62675, 2218, 30434, 72578, 3673, 40750, 56210, 87412, 64425, 15775, 78636, 80433, 91705, 39505, 7027, 29105, 87238, 78396, 99457, 72495, 465, 26796, 81547, 80667, 30823, 69059, 7899, 78032, 78440, 81817, 20294, 87763, 12034, 87734, 24471, 82031, 64016, 50288, 34228, 63282, 50920, 30581, 84203, 633, 87248, 12770, 97953, 13053, 95572, 37949, 74063, 36227, 29715, 49813, 21145, 87009, 80874, 37059, 87639, 40612, 24590, 86721, 77317, 98113, 76274, 67052, 89971, 13754, 59718, 87879, 93901, 12293, 67642, 78449, 64313, 44591, 70027, 35247, 66295, 59710, 40038, 34813, 87962, 6454, 75437, 34184, 50284, 17941, 64231, 49977, 2028, 59502, 60727, 26582, 79999, 6279, 85230, 43569, 67203, 58331, 72913, 30171, 1727, 41946, 90745, 71914, 86277, 5832, 11177, 57599, 86212, 61606, 28255, 80106, 54547, 15980, 77212, 3027, 83112, 17125, 76921, 4837, 26444, 13210, 89259, 46651, 77381, 66788, 11296, 33774, 81105, 70945, 61130, 72200, 65714, 63243, 61476, 76626, 59438, 32822, 8711, 94850, 65916, 7693, 21486, 24715, 26506, 21007, 33133, 38566, 99647, 25770, 19442, 13318, 78963, 57647, 12222, 92372, 45896, 92440, 69281, 19151, 44863, 76918, 22077, 63058, 94435, 38449, 64109, 20310, 83672, 22901, 14278, 33390, 13900, 63275, 55898, 16247, 33785, 54297, 8437, 54820, 83410, 95313, 67626, 61778, 10727, 89377, 37482, 45594, 34932, 17260, 28241, 94797, 26052, 23531, 90086, 15960, 81528, 32321, 35167, 20274, 11327, 18349, 24819, 16188, 45023, 56618, 85558, 52445, 76045, 7010, 39667, 97499, 27217, 6922, 66669, 41143, 82468, 17121, 9153, 82171, 29623, 91642, 3023, 69588, 47419, 86211, 71966, 80845, 68320, 13455, 37727, 52220, 74702, 43968, 32800, 43782, 66266, 15493, 61506, 51999, 45231, 78441, 55374, 45332, 33666, 99772, 17526, 93054, 75932, 18681, 44005, 52642, 79466, 41665, 71733, 67212, 52963, 45410, 97177, 3676, 65899, 60266, 6015, 31478, 67272, 29789, 47236, 62659, 19112, 76732, 55297, 44711, 19662, 33344, 75613, 43681, 51180, 63551, 81969, 93251, 48767, 14416]})"
