Fitness,Depth,Nodes,Generations,time_since_the_start_of_the_evolution,seed,genotype_as_str
0.0,7,10,1,0.4183499813079834,803,"Genotype(dna=[83300, 59848, 18915, 61244, 81181, 6019, 60629, 10297, 31839, 29010, 11610, 45039, 67115, 43028, 49601, 39917, 50597, 87662, 58891, 10241, 87780, 60970, 54040, 54621, 8163, 1634, 6731, 64989, 49817, 30218, 82371, 75856, 52152, 19239, 75936, 24252, 7285, 85155, 91065, 49521, 25439, 68992, 14424, 68751, 26488, 19095, 19576, 91805, 21534, 63150, 65412, 78859, 44640, 43247, 22883, 24558, 28330, 40796, 47694, 78662, 436, 56900, 68650, 45388, 81272, 21119, 61043, 44649, 65987, 37851, 39655, 34158, 27430, 32840, 49596, 43198, 72243, 71390, 27801, 94619, 23305, 91677, 3945, 85634, 68801, 56573, 56118, 43220, 47391, 28951, 29177, 66246, 57464, 36694, 41109, 26414, 37759, 72375, 12651, 83409, 40099, 34625, 6398, 78262, 56559, 19521, 81235, 56070, 44743, 67459, 65453, 66297, 78937, 21531, 43396, 20497, 48072, 35089, 96071, 5243, 61018, 35227, 68134, 9600, 4508, 58146, 25919, 427, 87379, 15039, 16266, 1035, 57465, 18676, 95847, 43996, 89543, 37764, 33363, 1841, 55948, 40218, 91514, 14870, 81222, 36521, 58811, 13546, 76037, 23314, 62701, 3969, 92821, 19180, 37555, 16414, 12987, 93073, 23976, 12777, 91039, 4229, 63442, 89233, 13798, 51341, 33851, 54060, 74758, 38261, 83691, 34855, 71321, 50597, 78774, 52853, 23815, 86142, 37409, 39414, 57164, 32264, 32622, 92417, 6565, 31284, 48862, 16907, 72445, 22197, 87218, 8187, 5343, 87399, 67837, 52718, 98560, 92823, 20966, 35209, 62545, 20196, 1933, 72832, 42754, 32510, 12940, 74992, 99089, 47051, 11692, 27814, 50454, 99450, 17869, 1906, 537, 2059, 54153, 37295, 98043, 47891, 2185, 12677, 89307, 60719, 91681, 32755, 90754, 79842, 77295, 32828, 44571, 44654, 75075, 56338, 35682, 9685, 99870, 99690, 10950, 61280, 44407, 26501, 53749, 34056, 26532, 31529, 90287, 66838, 81327, 13452, 48554, 15045, 43502, 53610])"
