20053,synthetic_20053_16_medium,"Grammar<Starting=NT_0003,Productions=[NT_0003 -> NT_0003_P_00000(__a: NT_0001)|NT_0003_P_00001(__a: NT_0002);NT_0001 -> NT_0001_P_00000(__a: int, __b: bool)|NT_0001_P_00001(__a: NT_0000)|NT_0001_P_00002(__a: bool);NT_0000 -> NT_0000_P_00000(__a: NT_0000)|NT_0000_P_00001(__a: bool, __b: int)|NT_0000_P_00002(__a: int);NT_0002 -> NT_0002_P_00000()|NT_0002_P_00001(__a: NT_0000)]>",medium,dsge,16,0,0.6782710552215576,0,1,"Genotype(dna={""<class 'abc.NT_0003'>"": [0, 16680], ""<class 'abc.NT_0003_P_00000'>"": [], ""<class 'abc.NT_0001'>"": [0, 31329], ""<class 'abc.NT_0001_P_00000'>"": [], ""<class 'int'>"": [47971, 73686], ""<class 'bool'>"": [82511, 40371], ""<class 'abc.NT_0001_P_00001'>"": [], ""<class 'abc.NT_0000'>"": [], ""<class 'abc.NT_0000_P_00000'>"": [], ""<class 'abc.NT_0000_P_00001'>"": [], ""<class 'abc.NT_0000_P_00002'>"": [], ""<class 'abc.NT_0001_P_00002'>"": [], ""<class 'abc.NT_0003_P_00001'>"": [], ""<class 'abc.NT_0002'>"": [], ""<class 'abc.NT_0002_P_00000'>"": [], ""<class 'abc.NT_0002_P_00001'>"": [], '$leftovers': [55955, 68721, 65825, 36081, 32267, 39671, 11440, 30239, 69857, 82491, 28028, 84951, 34975, 67731, 73643, 41489, 25900, 84710, 86561, 309, 69816, 92986, 45065, 38350, 26559, 23034, 90518, 36987, 52514, 76970, 54647, 36143, 7208, 70523, 83372, 52901, 17033, 75192, 7544, 89435, 69976, 10243, 33792, 51323, 96052, 64770, 34684, 16196, 89482, 49263, 58333, 17694, 86625, 17373, 47526, 67427, 50698, 79239, 17231, 72449, 20126, 28925, 13635, 77680, 57894, 75724, 8708, 86858, 20820, 42984, 70615, 42434, 59669, 53134, 7286, 79093, 80492, 8800, 24477, 35142, 19062, 97007, 24339, 55680, 70359, 11127, 31170, 29112, 19871, 31719, 78452, 20665, 79189, 5654, 87863, 22608, 42818, 85263, 30480, 10951, 2908, 72128, 29639, 30405, 34439, 79291, 16394, 48212, 6355, 40382, 42648, 37439, 15045, 75995, 91039, 19278, 30609, 93188, 95494, 53382, 62, 54522, 1632, 54505, 4798, 33969, 3264, 70143, 40795, 42775, 42087, 67630, 34886, 96018, 77116, 41990, 26658, 26675, 23794, 45068, 90769, 95627, 11670, 57600, 55238, 21039, 97163, 91861, 61251, 98772, 683, 59451, 43653, 29770, 69606, 83225, 87139, 82130, 46181, 31113, 7359, 88821, 81629, 40244, 64740, 90655, 98384, 53253, 13987, 24657, 44743, 83900, 73217, 76440, 25830, 17043, 31179, 5892, 91991, 19690, 152, 3997, 76091, 84102, 1720, 1332, 26792, 2149, 88837, 21631, 83918, 9039, 92768, 93839, 26052, 25254, 93946, 97621, 21414, 60669, 79, 99422, 98380, 19479, 18707, 73411, 2412, 64612, 47744, 70729, 59779, 70356, 31198, 45106, 3456, 69261, 59949, 61721, 95330, 94729, 24741, 9454, 86826, 21328, 45193, 5276, 67306, 63612, 71422, 14202, 51550, 31859, 25810, 11512, 28304, 41673, 60996, 91861, 14148, 1011, 92719, 639, 20292, 68366, 54999, 83642, 61771, 84538, 38107, 3098, 94253, 56039, 76211, 43980, 67007, 49150, 30683, 58786, 44877, 67271, 21332, 28310, 27958, 15381, 85223, 45049, 48492, 9424, 74927, 43944, 78463, 62316, 96916, 26363, 58855, 62610, 76097, 48602, 91357, 26065, 97654, 83317, 25525, 35418, 66595, 56717, 28350, 34399, 49361, 2840, 33973, 59585, 30619, 13598, 57885, 21561, 95562, 23078, 29606, 18554, 40928, 43216, 43426, 53395, 51434, 23272, 97155, 48544, 45014, 34601, 19933, 78541, 3968, 27817, 52623, 51024, 99490, 73698, 62513, 80100, 60884, 92985, 30873, 97687, 26416, 59202, 77878, 10282, 48114, 89594, 60693, 75496, 89772, 69519, 65795, 92787, 17329, 31192, 18763, 7047, 17910, 94686, 18411, 15856, 29249, 60657, 34730, 13822, 19635, 12223, 60591, 75529, 88850, 11025, 98906, 74951, 75643, 28468, 35581, 53635, 43869, 33468, 18095, 40288, 47366, 91556, 55449, 83985, 91, 64501, 89299, 37359, 319, 61481, 66715, 37950, 73227, 9135, 86292, 43448, 79944, 11932, 37227, 71076, 35259, 40402, 61422, 44474, 36740, 20363, 10300, 86154, 24608, 56589, 12033, 49225, 99707, 58995, 83331, 42566, 44750, 18311, 49400, 19420, 36512, 4235, 73645, 99281, 86410, 1882, 91275, 67283, 50701, 63047, 17035, 24481, 50045, 69367, 55365, 66394, 68750, 21941, 88556, 81488, 53339, 42749, 52626, 40476, 93714, 92622, 29768, 65798, 71399, 31879, 3176, 88087, 85962, 5551, 35746, 98761, 59072, 65858, 9160, 6032, 72977, 45524, 96119, 32114, 51400, 88251, 91034, 76411, 84139, 7030, 63070, 19524, 31013, 24643, 20389, 3108, 61813, 84677, 12, 33043, 23697, 5988, 11591, 64164, 74006, 51963, 63513, 64020, 31910, 71739, 5060, 26521, 88939, 32650, 84362, 86611, 34621, 45436, 97635, 54414, 68963, 28697, 40621, 17204, 91556, 35952, 16468, 60956, 98217, 17775, 39790, 62222, 79695, 16891, 85187, 6499, 84456, 83040, 32, 30741, 58551, 38908, 76409, 96306, 39924, 10786, 47132, 85890, 69428, 17106, 65563, 21593, 11022, 17130, 40163, 12969, 19961, 24227, 47533, 51183, 59, 85488, 55757, 77066, 95401, 90730, 74486, 80948, 36002, 91156, 91481, 49416, 43060, 43997, 53378, 69820, 19858, 86155, 47834, 43682, 10822, 50274, 91830, 73336, 248, 59757, 92070, 40255, 26526, 12390, 90817, 46422, 85799, 90829, 86933, 54622, 58860, 95104, 70573, 26280, 60046, 65457, 39652, 77616, 44229, 14137, 38307, 29894, 70513, 64728, 81811, 79780, 18738, 15283, 43270, 2520, 48680, 55323, 21766, 34308, 95591, 54800, 38882, 44803, 29422, 79588, 24540, 44852, 10675, 19248, 20112, 95608, 29909, 66102, 68907, 72874, 49524, 20796, 69824, 58113, 94432, 69827, 61698, 82189, 37429, 77392, 36381, 25801, 15829, 65569, 71879, 28044, 5757, 34088, 98222, 76054, 999, 40236, 294, 29149, 6155, 42309, 99495, 39996, 31157, 94594, 86237, 9163, 188, 74029, 6360, 67255, 22797, 44398, 97374, 45207, 11798, 26228, 2568, 84465, 3436, 46486, 88108, 88633, 7987, 95562, 15031, 930, 47762, 10115, 9965, 72377, 74713, 31522, 74867, 95841, 18010, 79001, 7557, 96194, 63823, 62063, 31769, 17551, 90309, 79692, 52808, 19872, 35129, 40724, 87662, 92677, 3892, 58463, 63322, 98572, 93088, 51619, 79186, 45277, 14303, 91939, 7982, 28122, 22700, 78923, 77628, 14054, 4303, 53298, 58937, 24433, 95113, 12310, 80263, 42721, 91645, 11297, 47101, 65044, 21159, 5869, 7161, 44462, 95770, 94029, 10336, 29604, 59761, 45935, 81884, 38198, 44382, 43941, 90649, 95297, 95056, 84678, 57555, 16663, 5720, 25049, 90662, 40293, 8024, 28308, 32960, 6936, 2186, 70021, 89771, 59299, 78357, 16471, 97878, 31735, 85736, 11867, 49990, 74592, 13612, 43012, 61733, 81531, 36192, 47637, 53999, 8230, 68198, 75250, 48885, 63388, 46589, 23605, 81225, 93225, 88224, 38179, 9399, 15071, 3606, 91231, 57473, 43714, 61411, 20385, 42030, 18178, 82245, 50168, 12951, 80664, 30294, 50814, 10428, 52454, 69506, 50919, 21544, 98677, 71589, 64558, 37733, 63004, 22767, 61521, 8311, 25904, 42028, 33846, 87177, 56647, 60902, 45278, 36029, 81896, 43091, 18506, 40512, 12161, 57581, 15962, 11467, 8706, 36180, 69261, 62602, 45826, 39482, 59946, 64963, 83796, 79940, 80314, 2085, 58365, 41114, 3667, 61125, 85674, 98434, 317, 49882, 58812, 26957, 79416, 78822, 68924, 55985, 51433, 68132, 67021, 52716, 5837, 90198, 5477, 42321, 35162, 97743, 83804, 80950, 67512, 47537, 83469, 49891, 37011, 13572, 49969, 13553, 23681, 34273, 23197, 24672, 63902, 70235, 51339, 18029, 50308, 61483, 39185, 19766, 84154, 93889, 43935, 34444, 49346, 64471, 64566, 66504, 55994, 51848, 87355, 62908, 8540, 5747, 76213, 79973, 74730, 58557, 83218, 18931, 61815, 17748, 46876, 80012, 64547, 5162, 49260, 15475, 69382, 91536, 95336, 3316, 18124, 51576, 10397, 71443, 1133, 41716, 42494, 53820, 2805, 24942, 39246, 30566, 22524, 14160, 77725, 87657, 69873, 58094, 16301, 87969, 78271, 72896, 95946, 89790, 96910, 93980, 48213, 85354, 93677, 9325, 42788, 85673, 53189, 26895, 67234, 55427, 76185, 88070, 55606, 83270, 92899, 68078, 1502, 20723, 48384, 35398, 65153, 5464, 77259, 37591, 56352, 49951, 14241, 95470, 58542, 66219, 56754, 27056, 39311, 9812, 22901, 58964, 5223, 9828, 50010, 21851, 26395, 1944, 27578, 96548, 48350, 78410, 97020, 6973, 13580, 67719, 61741, 81464, 7899, 23580, 40849, 77494, 25225, 57808, 47349, 34881, 55285, 12984, 47497, 44813, 93066, 23010, 66498, 66426, 83074, 29646, 97031, 5609, 86585, 16680, 31329, 73686, 40371]})",51,3,0.5725443198066686,0.5237940728757658,5,3,2,3,4,"{2: 2, 3: 2}",1,4,1,5,2
