10609,synthetic_10609_16_easy,"Grammar<Starting=NT_0008,Productions=[NT_0008 -> NT_0008_P_00000(__a: NT_0006, __b: NT_0006);NT_0006 -> NT_0006_P_00000()]>",easy,ge,16,0,0.4410521984100342,0,1,"Genotype(dna=[11043, 84188, 48902, 84271, 28978, 19582, 17760, 25577, 36988, 44337, 17811, 25858, 9892, 90956, 10744, 49882, 62261, 30582, 96131, 43734, 75856, 92443, 4123, 34865, 69178, 88410, 81990, 67424, 96161, 29873, 76677, 82130, 17941, 59428, 30632, 44463, 16683, 46628, 50765, 88898, 87518, 95785, 68683, 51662, 6182, 53060, 72433, 78461, 82437, 60946, 24352, 4573, 4705, 15873, 96928, 15032, 13159, 26884, 61623, 73568, 69214, 95093, 29664, 24531, 85809, 97721, 131, 95938, 84311, 92530, 23199, 13429, 32944, 49866, 17755, 71101, 87988, 16568, 24424, 38026, 31863, 12333, 17631, 7474, 74656, 69788, 73135, 76294, 22230, 41671, 33233, 7520, 36527, 65195, 24114, 71392, 22006, 65408, 60541, 90974, 81809, 66385, 63069, 93426, 92314, 25313, 84575, 49114, 35800, 48939, 80563, 52256, 86423, 32843, 26417, 87285, 93657, 4795, 7908, 78801, 33364, 65633, 77413, 53162, 2500, 70434, 96219, 64279, 56958, 62921, 29398, 49077, 94093, 50901, 25385, 83811, 42844, 57732, 87517, 56405, 71697, 60976, 88124, 52077, 87452, 8120, 48147, 45544, 83692, 89127, 1341, 13613, 72255, 82772, 94267, 50354, 8740, 385, 33646, 19818, 78559, 81480, 41383, 59017, 12114, 75672, 65114, 37066, 86222, 46640, 50308, 39246, 94056, 98177, 78544, 92267, 72362, 33085, 22575, 96062, 72471, 81164, 85724, 70619, 66480, 97728, 4211, 78260, 74387, 5117, 14065, 15953, 26379, 80313, 77332, 34020, 20629, 62913, 8047, 96009, 11870, 35854, 16760, 53383, 78894, 47385, 60703, 54026, 59415, 34714, 1846, 38869, 68340, 76588, 30825, 31089, 92408, 9280, 54217, 97951, 14786, 99320, 25918, 64512, 46971, 6218, 10133, 91088, 87625, 63307, 3636, 62341, 81561, 96227, 61175, 57734, 75205, 46434, 59431, 9124, 35544, 44530, 35265, 47735, 31173, 98754, 30840, 85047, 59803, 23981, 62083, 26789, 53784, 80727, 32918, 71181])",58,3,0.318418170404229,0.8505913452546381,6,3,2,2,2,{1: 2},0,9,3,2,4
