945,synthetic_945_8_hard,"Grammar<Starting=NT_0015,Productions=[NT_0015 -> NT_0015_P_00000(__a: NT_0003, __b: NT_0015)|NT_0015_P_00001(__a: NT_0011, __b: NT_0010)|NT_0015_P_00002(__a: bool)|NT_0015_P_00003(__a: NT_0012)|NT_0015_P_00004(__a: NT_0012, __b: int);NT_0003 -> NT_0003_P_00000(__a: NT_0000, __b: NT_0002, __c: NT_0001);NT_0000 -> NT_0000_P_00000(__a: int, __b: int)|NT_0000_P_00001(__a: int)|NT_0000_P_00002(__a: NT_0000)|NT_0000_P_00003(__a: int)|NT_0000_P_00004(__a: bool);NT_0002 -> NT_0002_P_00000(__a: bool)|NT_0002_P_00001(__a: int)|NT_0002_P_00002(__a: NT_0002, __b: NT_0000, __c: bool)|NT_0002_P_00003(__a: bool, __b: NT_0002)|NT_0002_P_00004(__a: NT_0002, __b: NT_0001, __c: bool)|NT_0002_P_00005(__a: NT_0000, __b: bool, __c: NT_0000);NT_0001 -> NT_0001_P_00000(__a: NT_0001)|NT_0001_P_00001(__a: NT_0000, __b: int)|NT_0001_P_00002()|NT_0001_P_00003(__a: NT_0000, __b: bool, __c: bool)|NT_0001_P_00004()|NT_0001_P_00005(__a: bool, __b: NT_0001);NT_0011 -> NT_0011_P_00000(__a: NT_0010, __b: NT_0000)|NT_0011_P_00001()|NT_0011_P_00002(__a: NT_0010, __b: NT_0009)|NT_0011_P_00003(__a: NT_0000)|NT_0011_P_00004(__a: int)|NT_0011_P_00005(__a: int, __b: NT_0006, __c: NT_0005)|NT_0011_P_00006(__a: int)|NT_0011_P_00007(__a: NT_0010)|NT_0011_P_00008(__a: NT_0004, __b: NT_0006);NT_0010 -> NT_0010_P_00000()|NT_0010_P_00001(__a: NT_0004, __b: NT_0001)|NT_0010_P_00002()|NT_0010_P_00003(__a: NT_0000, __b: NT_0008, __c: NT_0005)|NT_0010_P_00004(__a: NT_0004, __b: NT_0009, __c: NT_0002)|NT_0010_P_00005(__a: NT_0002, __b: bool)|NT_0010_P_00006()|NT_0010_P_00007(__a: NT_0006, __b: int);NT_0004 -> NT_0004_P_00000(__a: NT_0003, __b: bool, __c: NT_0000)|NT_0004_P_00001(__a: bool, __b: NT_0003)|NT_0004_P_00002(__a: NT_0000, __b: NT_0002)|NT_0004_P_00003()|NT_0004_P_00004()|NT_0004_P_00005(__a: NT_0000, __b: NT_0000, __c: NT_0003)|NT_0004_P_00006(__a: NT_0002, __b: NT_0000, __c: NT_0002)|NT_0004_P_00007(__a: NT_0002, __b: NT_0001);NT_0008 -> NT_0008_P_00000()|NT_0008_P_00001(__a: NT_0003)|NT_0008_P_00002(__a: NT_0001)|NT_0008_P_00003(__a: bool, __b: int);NT_0005 -> NT_0005_P_00000(__a: NT_0001, __b: NT_0001)|NT_0005_P_00001(__a: int)|NT_0005_P_00002()|NT_0005_P_00003(__a: NT_0003)|NT_0005_P_00004(__a: NT_0005, __b: NT_0001, __c: NT_0002);NT_0009 -> NT_0009_P_00000(__a: int, __b: NT_0007)|NT_0009_P_00001(__a: NT_0008)|NT_0009_P_00002();NT_0007 -> NT_0007_P_00000(__a: NT_0004, __b: NT_0007, __c: int)|NT_0007_P_00001(__a: NT_0000)|NT_0007_P_00002()|NT_0007_P_00003(__a: NT_0001, __b: NT_0005, __c: NT_0002)|NT_0007_P_00004(__a: NT_0002)|NT_0007_P_00005()|NT_0007_P_00006(__a: NT_0006);NT_0006 -> NT_0006_P_00000(__a: NT_0004, __b: NT_0003)|NT_0006_P_00001(__a: int, __b: NT_0004)|NT_0006_P_00002()|NT_0006_P_00003()|NT_0006_P_00004(__a: NT_0006, __b: int, __c: NT_0001)|NT_0006_P_00005()|NT_0006_P_00006(__a: NT_0006);NT_0012 -> NT_0012_P_00000(__a: NT_0005, __b: bool, __c: NT_0007)|NT_0012_P_00001(__a: NT_0002)|NT_0012_P_00002(__a: NT_0008, __b: NT_0004)|NT_0012_P_00003(__a: bool, __b: NT_0008)|NT_0012_P_00004(__a: NT_0011)]>",hard,ge,8,155,192.07091856002808,0,100,"Genotype(dna=[83412, 76840, 60894, 71221, 51091, 64757, 96079, 90456, 9555, 24977, 47977, 76305, 40636, 44483, 12919, 502, 18003, 17822, 37034, 53256, 40635, 64532, 67665, 47269, 33245, 28257, 16100, 65968, 82922, 38971, 82008, 92688, 15153, 72089, 49630, 91981, 88110, 46065, 50179, 57466, 46400, 33493, 30865, 85345, 18891, 23652, 93308, 7192, 4393, 93007, 54552, 14644, 62344, 43257, 62379, 10032, 50133, 44478, 21168, 36556, 16225, 98452, 35903, 6652, 34936, 45056, 42740, 78469, 68603, 79114, 34761, 25243, 11272, 97319, 75487, 88612, 59249, 72843, 18291, 15575, 30220, 70291, 11667, 47329, 76175, 79635, 65270, 14959, 86591, 23898, 6117, 14306, 88264, 87368, 33853, 78916, 20309, 54951, 21438, 49950, 68044, 66978, 35652, 87974, 93562, 4043, 33171, 11255, 2584, 41716, 93756, 90556, 42841, 33688, 42134, 93725, 13953, 65897, 13885, 62311, 39022, 86662, 11820, 12086, 20563, 10405, 28007, 79537, 3527, 10898, 36562, 53942, 51953, 81872, 52890, 81067, 54005, 27455, 51300, 12150, 88076, 44789, 31212, 1056, 52726, 86875, 65366, 22927, 36056, 22741, 8995, 11592, 93561, 35625, 72072, 5100, 76831, 63013, 83701, 72535, 89057, 29217, 41137, 32762, 89854, 28736, 70738, 3503, 95024, 88288, 97141, 37944, 13089, 55908, 9792, 91668, 81378, 19473, 69087, 83568, 9119, 81084, 31920, 72485, 73808, 51507, 65064, 98756, 81253, 78659, 21123, 97971, 27351, 45614, 91685, 98227, 49910, 35424, 44682, 35698, 49220, 83353, 43366, 63688, 60234, 11153, 61964, 18341, 69408, 3555, 72809, 61860, 19479, 87865, 50158, 48088, 95647, 98285, 23077, 98472, 34084, 95557, 96497, 44070, 39114, 84194, 70368, 39275, 91297, 34645, 52681, 12409, 73469, 2731, 93556, 24944, 58765, 37329, 71946, 74807, 72953, 83888, 60727, 15131, 10229, 41128, 85247, 67221, 52289, 23310, 69022, 35410, 5565, 53859, 73764, 95121])",48,4,0.537139402927749,0.7183743623004463,1,4,2,3,14,"{1: 1, 3: 1, 4: 1, 5: 4, 6: 2, 7: 2, 8: 2, 9: 1}",11,16,10,10,3
