20410,synthetic_20410_10_hard,"Grammar<Starting=NT_0016,Productions=[NT_0016 -> NT_0016_P_00000(__a: NT_0015, __b: NT_0015);NT_0015 -> NT_0015_P_00000(__a: NT_0004);NT_0004 -> NT_0004_P_00000()]>",hard,ge,10,103,4.638636350631714,0,100,"Genotype(dna=[57061, 27214, 63154, 76352, 15552, 75514, 1717, 33591, 99748, 41935, 79523, 75592, 79906, 10416, 37030, 4227, 58774, 44718, 87105, 77804, 344, 12866, 64798, 291, 55542, 12014, 95417, 25031, 28724, 27723, 19495, 89269, 12795, 82226, 25424, 31892, 53821, 5963, 98987, 25027, 71213, 9527, 83189, 51982, 3383, 86286, 42045, 76783, 31521, 86099, 62848, 52726, 32628, 30762, 77978, 77115, 96686, 44436, 53572, 66252, 56778, 56761, 12542, 83026, 8060, 52251, 19502, 82911, 11814, 17234, 78596, 42806, 50248, 23654, 55356, 70459, 93560, 94364, 92056, 35106, 40169, 88729, 54484, 40905, 18235, 45822, 75434, 54450, 64854, 6430, 71883, 97704, 58390, 70026, 48062, 10529, 24189, 93131, 11309, 2113, 11523, 14486, 72754, 34298, 52775, 48571, 11870, 61553, 87265, 91590, 90822, 93015, 8702, 98668, 94646, 936, 66894, 4648, 59960, 1622, 83083, 14617, 71657, 9838, 57519, 32935, 44005, 54941, 38799, 97426, 2930, 71692, 72530, 6962, 43352, 9851, 76769, 10664, 12577, 32914, 32959, 81303, 84536, 4688, 41745, 37773, 96152, 55692, 9291, 26188, 40543, 4170, 42706, 95090, 67418, 36924, 76982, 99963, 35731, 59614, 75819, 30293, 54587, 14509, 39592, 56429, 11784, 26013, 87130, 56005, 12420, 86194, 48802, 7511, 74026, 43202, 72852, 89879, 78860, 16455, 92787, 56697, 60657, 18461, 86736, 89482, 90421, 8234, 20453, 20554, 92886, 71172, 41986, 39044, 93671, 71627, 83819, 8619, 18438, 32472, 58395, 44462, 37367, 84483, 98949, 1128, 43536, 92225, 82539, 70133, 19283, 64303, 85157, 17971, 29376, 16530, 49048, 52790, 73326, 40007, 61279, 24813, 18937, 19319, 58247, 92956, 8307, 48635, 19237, 60036, 12492, 64522, 99359, 12308, 85140, 18331, 10310, 6335, 95486, 70634, 49875, 60849, 77078, 82354, 30812, 15061, 5407, 66635, 4377, 79501, 5811, 17572, 19743, 82525, 55792, 1575])",47,5,0.9651082810669989,0.9355800269518321,1,5,3,3,3,{1: 3},0,17,6,3,2
