10828,synthetic_10828_14_easy,"Grammar<Starting=NT_0006,Productions=[NT_0006 -> NT_0006_P_00000(__a: bool, __b: NT_0002, __c: NT_0003, __d: NT_0004)|NT_0006_P_00001(__a: NT_0005, __b: NT_0001, __c: NT_0004, __d: NT_0002, __e: bool, __f: NT_0000, __g: int)|NT_0006_P_00002(__a: NT_0005);NT_0002 -> NT_0002_P_00000(__a: NT_0001, __b: NT_0001);NT_0001 -> NT_0001_P_00000(__a: NT_0001, __b: int, __c: int)|NT_0001_P_00001(__a: bool, __b: NT_0001, __c: NT_0001)|NT_0001_P_00002();NT_0003 -> NT_0003_P_00000(__a: NT_0001, __b: NT_0002, __c: NT_0003, __d: NT_0002, __e: int, __f: NT_0000, __g: bool, __h: NT_0002);NT_0000 -> NT_0000_P_00000(__a: bool, __b: bool)|NT_0000_P_00001(__a: int)|NT_0000_P_00002()|NT_0000_P_00003(__a: int);NT_0004 -> NT_0004_P_00000(__a: NT_0001)|NT_0004_P_00001(__a: NT_0000, __b: NT_0002, __c: bool, __d: NT_0003, __e: NT_0000)|NT_0004_P_00002(__a: int)|NT_0004_P_00003(__a: bool, __b: NT_0000, __c: NT_0000, __d: bool, __e: int, __f: NT_0000, __g: bool, __h: NT_0001);NT_0005 -> NT_0005_P_00000(__a: int)]>",easy,treebased,14,0,1.951258659362793,0,1,NT_0006_P_00002(__a=NT_0005_P_00000(__a=8)),54,4,0.3496522403006912,0.582699264283563,5,3,2,1000000,7,"{1: 3, 3: 2, 4: 2}",3,7,5,5,8
