20720,synthetic_20720_8_hard,"Grammar<Starting=NT_0016,Productions=[NT_0016 -> NT_0016_P_00000(__a: NT_0009, __b: NT_0007, __c: NT_0016)|NT_0016_P_00001(__a: NT_0007, __b: NT_0012, __c: NT_0007)|NT_0016_P_00002(__a: NT_0013, __b: NT_0015, __c: NT_0002);NT_0009 -> NT_0009_P_00000(__a: NT_0003);NT_0003 -> NT_0003_P_00000(__a: bool, __b: NT_0000)|NT_0003_P_00001(__a: NT_0002, __b: NT_0001)|NT_0003_P_00002(__a: NT_0002);NT_0000 -> NT_0000_P_00000(__a: int, __b: NT_0000, __c: NT_0000)|NT_0000_P_00001(__a: NT_0000, __b: bool, __c: int, __d: NT_0000);NT_0002 -> NT_0002_P_00000(__a: int)|NT_0002_P_00001()|NT_0002_P_00002(__a: NT_0001, __b: NT_0000)|NT_0002_P_00003(__a: NT_0000, __b: NT_0000);NT_0001 -> NT_0001_P_00000(__a: NT_0001)|NT_0001_P_00001(__a: NT_0000, __b: NT_0000)|NT_0001_P_00002(__a: int, __b: NT_0001)|NT_0001_P_00003(__a: int);NT_0007 -> NT_0007_P_00000(__a: NT_0003, __b: int)|NT_0007_P_00001(__a: NT_0001, __b: bool, __c: NT_0000, __d: NT_0005)|NT_0007_P_00002(__a: NT_0001, __b: NT_0006)|NT_0007_P_00003();NT_0005 -> NT_0005_P_00000()|NT_0005_P_00001(__a: int)|NT_0005_P_00002(__a: NT_0001)|NT_0005_P_00003(__a: NT_0000, __b: NT_0003);NT_0006 -> NT_0006_P_00000(__a: NT_0006)|NT_0006_P_00001(__a: NT_0005, __b: NT_0002, __c: NT_0005);NT_0012 -> NT_0012_P_00000(__a: NT_0011, __b: NT_0006);NT_0011 -> NT_0011_P_00000()|NT_0011_P_00001(__a: NT_0002);NT_0013 -> NT_0013_P_00000(__a: NT_0011, __b: NT_0010, __c: NT_0002)|NT_0013_P_00001();NT_0010 -> NT_0010_P_00000()|NT_0010_P_00001(__a: NT_0003, __b: bool)|NT_0010_P_00002();NT_0015 -> NT_0015_P_00000(__a: NT_0001)|NT_0015_P_00001()|NT_0015_P_00002(__a: NT_0013, __b: NT_0002, __c: bool, __d: NT_0000)|NT_0015_P_00003(__a: NT_0005, __b: NT_0000, __c: NT_0011)]>",hard,ge,8,181,26.595524311065674,0,100,"Genotype(dna=[82485, 79053, 37057, 37175, 30602, 55651, 72827, 17487, 97607, 72682, 59371, 50714, 27862, 16, 36850, 50274, 97763, 68075, 50919, 33589, 10599, 52470, 87390, 99848, 46936, 83049, 88330, 84458, 29913, 28026, 79435, 70357, 30842, 85609, 65914, 33875, 691, 14230, 62091, 55496, 5112, 47704, 30750, 42461, 752, 1806, 46126, 65527, 82541, 64593, 53472, 24406, 11739, 8006, 72894, 47654, 59407, 2802, 29935, 77727, 47556, 79908, 55442, 82402, 81951, 9810, 5178, 480, 37036, 65452, 3493, 98815, 36051, 75461, 33875, 68824, 16533, 54291, 12241, 57675, 32659, 14579, 58895, 1001, 16281, 52146, 15319, 11526, 13684, 37149, 45097, 88660, 13792, 46195, 68141, 66117, 86116, 15276, 95603, 42642, 61026, 2424, 15102, 616, 26624, 95343, 34047, 33771, 20519, 92250, 29366, 95434, 21453, 49683, 77276, 69719, 35805, 76351, 22891, 25239, 11940, 14389, 72691, 99886, 23597, 21110, 15116, 38098, 25423, 82080, 72762, 65637, 69429, 24266, 22200, 49185, 68410, 51942, 47111, 53088, 55211, 27923, 9137, 58175, 72899, 93266, 76572, 7492, 58334, 35914, 93379, 33657, 1258, 23343, 15009, 90521, 74303, 52093, 93351, 53232, 56311, 27634, 25711, 88622, 90617, 54885, 91245, 48216, 40633, 3531, 72084, 7490, 58949, 98555, 11, 69749, 65278, 5982, 65705, 98859, 61884, 31701, 26514, 63529, 29881, 8525, 16250, 94386, 91925, 89890, 77150, 81568, 71494, 89526, 40675, 89923, 40922, 65908, 5852, 29842, 83215, 93322, 95820, 82613, 47627, 6053, 68965, 4887, 67656, 72981, 32042, 69012, 8467, 25091, 89202, 87798, 58491, 28975, 38470, 75705, 6699, 37379, 36123, 90334, 583, 74958, 78921, 22106, 3837, 99241, 49933, 48867, 87090, 42376, 65782, 88015, 18178, 34608, 8998, 80510, 89356, 2231, 34658, 80231, 4814, 13445, 18330, 90189, 30805, 59064, 28998, 64310, 12903, 76114, 81542, 10015])",38,4,0.9895791235931921,0.5920330795582793,4,2,2,1000000,14,"{1: 2, 2: 4, 3: 3, 4: 5}",6,17,13,4,4
