Fitness,Depth,Nodes,Generations,time_since_the_start_of_the_evolution,seed,genotype_as_str
0.0,1,1,1,2.6982040405273438,70762,"Genotype(dna={""<class 'abc.NT_0005'>"": [2, 19932], ""<class 'abc.NT_0005_P_00000'>"": [], ""<class 'abc.NT_0001'>"": [], ""<class 'abc.NT_0001_P_00000'>"": [], ""<class 'bool'>"": [82868, 34137], ""<class 'abc.NT_0001_P_00001'>"": [], ""<class 'abc.NT_0001_P_00002'>"": [], ""<class 'abc.NT_0000'>"": [], ""<class 'abc.NT_0000_P_00000'>"": [], ""<class 'abc.NT_0000_P_00001'>"": [], ""<class 'int'>"": [52240, 50039], ""<class 'abc.NT_0000_P_00002'>"": [], ""<class 'abc.NT_0000_P_00003'>"": [], ""<class 'abc.NT_0000_P_00004'>"": [], ""<class 'abc.NT_0001_P_00003'>"": [], ""<class 'abc.NT_0001_P_00004'>"": [], ""<class 'abc.NT_0001_P_00005'>"": [], ""<class 'abc.NT_0001_P_00006'>"": [], ""<class 'abc.NT_0001_P_00007'>"": [], ""<class 'abc.NT_0003'>"": [], ""<class 'abc.NT_0003_P_00000'>"": [], ""<class 'abc.NT_0005_P_00001'>"": [], ""<class 'abc.NT_0002'>"": [], ""<class 'abc.NT_0002_P_00000'>"": [], ""<class 'abc.NT_0002_P_00001'>"": [], ""<class 'abc.NT_0005_P_00002'>"": [], ""<class 'abc.NT_0005_P_00003'>"": [], ""<class 'abc.NT_0005_P_00004'>"": [], ""<class 'abc.NT_0005_P_00005'>"": [], ""<class 'abc.NT_0004'>"": [], ""<class 'abc.NT_0004_P_00000'>"": [], ""<class 'abc.NT_0004_P_00001'>"": [], ""<class 'abc.NT_0004_P_00002'>"": [], ""<class 'abc.NT_0004_P_00003'>"": [], ""<class 'abc.NT_0004_P_00004'>"": [], ""<class 'abc.NT_0004_P_00005'>"": [], ""<class 'abc.NT_0004_P_00006'>"": [], ""<class 'abc.NT_0005_P_00006'>"": [], '$leftovers': [55344, 4214, 6879, 83950, 91040, 16979, 37581, 2343, 21479, 3116, 5588, 59311, 99683, 66261, 72449, 79222, 39628, 59773, 28681, 47051, 96945, 23813, 87455, 29353, 65275, 6695, 50191, 27457, 11507, 8536, 82596, 32414, 94324, 25118, 21743, 42955, 77985, 31323, 18202, 68842, 20615, 75663, 89575, 53508, 84260, 91314, 47258, 27414, 32424, 58285, 39658, 83703, 8309, 93278, 48317, 25643, 30711, 85223, 70469, 6690, 33333, 63773, 33850, 45670, 99021, 18353, 35858, 78397, 5575, 68019, 83026, 39639, 85549, 5962, 17229, 25444, 17491, 8587, 60577, 38415, 63982, 59920, 29654, 44155, 10099, 70227, 8300, 51904, 39992, 89755, 41361, 80682, 255, 85193, 7921, 42574, 82102, 86873, 4267, 39302, 87377, 42129, 370, 79775, 40586, 8225, 68038, 28364, 54955, 73184, 74921, 74569, 45203, 38762, 34624, 30583, 20339, 84182, 18733, 78236, 81039, 13546, 90005, 33960, 33546, 97141, 82862, 37390, 22341, 35146, 96061, 98649, 60923, 6342, 68865, 30038, 56332, 28306, 59283, 56526, 94668, 9651, 47472, 50400, 5457, 71457, 74032, 69410, 25668, 26516, 85302, 77031, 5805, 43874, 68770, 71920, 68859, 2286, 99845, 51541, 39785, 48369, 98944, 94468, 13782, 32500, 49678, 39410, 57588, 95756, 5950, 53327, 27489, 81356, 8860, 49278, 24157, 18064, 8078, 60524, 55434, 56249, 86098, 22724, 56243, 26206, 82854, 34738, 26294, 74230, 76508, 97285, 55567, 43683, 35433, 12426, 71395, 12719, 39836, 52898, 78207, 19941, 8355, 38415, 33274, 32370, 12309, 63035, 18006, 45304, 59019, 83727, 8068, 2047, 56996, 67447, 46182, 86485, 25829, 75306, 79287, 3372, 48922, 65507, 9066, 16075, 76834, 98633, 40572, 47761, 65642, 26144, 51020, 88143, 88156, 25397, 73674, 10301, 19227, 83506, 54067, 31200, 2884, 1557, 25770, 47033, 8832, 34050, 61271, 29541, 71701, 89836, 97944, 33618, 97201, 65057, 80949, 76412, 8416, 41310, 69484, 75018, 82336, 58126, 55353, 64721, 61933, 40374, 68162, 96719, 99798, 45506, 85786, 41870, 82896, 6070, 10667, 51179, 46312, 66487, 37080, 19737, 83711, 89444, 8886, 86874, 82702, 4068, 22389, 35865, 99368, 85273, 62520, 55575, 19584, 13191, 30754, 56407, 86423, 33132, 41136, 75272, 50968, 16005, 35868, 75383, 77343, 300, 52333, 63263, 99442, 21610, 60235, 49569, 39211, 19163, 11892, 26923, 13480, 59130, 62130, 57272, 1454, 4170, 29483, 85289, 94485, 4958, 61204, 55578, 21945, 86924, 91495, 54109, 10906, 94479, 60217, 69395, 45498, 83400, 61573, 48640, 35872, 18621, 715, 89105, 82227, 70187, 5429, 55592, 71315, 53308, 32817, 47579, 19553, 41993, 93992, 86009, 99470, 23022, 312, 1009, 72077, 5878, 36779, 51346, 17615, 2265, 86813, 72355, 2695, 55631, 50293, 11630, 51563, 61549, 97864, 97662, 11057, 62043, 48043, 21105, 4673, 50833, 46296, 17653, 72999, 85883, 84459, 22229, 40719, 92465, 42304, 63652, 77228, 39821, 58139, 83296, 6907, 49394, 22596, 89971, 10018, 2945, 48601, 71928, 10139, 24946, 97230, 49045, 1409, 57218, 55022, 40911, 54998, 33311, 29747, 73667, 52496, 8748, 72641, 49709, 73650, 81009, 69067, 26117, 30042, 15160, 2221, 55351, 61, 87938, 29986, 64941, 58961, 15806, 72165, 95736, 3906, 20401, 93511, 44179, 81538, 5063, 23005, 67466, 24939, 91705, 26565, 2126, 22182, 41815, 33682, 83273, 93323, 97031, 69963, 98027, 92953, 24347, 93600, 95357, 16456, 57005, 89260, 57376, 44885, 66464, 58257, 48144, 56509, 9256, 26645, 16501, 85476, 38716, 36734, 92696, 77081, 14534, 5965, 9999, 39369, 70994, 18675, 67721, 4729, 30792, 75996, 33434, 84215, 92744, 69820, 99419, 12965, 71362, 44607, 11587, 57672, 45377, 49016, 59773, 66017, 91278, 8715, 41015, 90570, 68867, 19259, 46571, 23905, 38533, 30485, 61675, 650, 27009, 56250, 30896, 72237, 39031, 2281, 44189, 75308, 87311, 76237, 2714, 48042, 72420, 5171, 20890, 67693, 38961, 39028, 91730, 65794, 61651, 56189, 96538, 59553, 48906, 97208, 39224, 83034, 33696, 93132, 76440, 56418, 77461, 31073, 56580, 94491, 94966, 41868, 57965, 32343, 40295, 8691, 96288, 74218, 74694, 30336, 38694, 53863, 70775, 9039, 55643, 7937, 5877, 93093, 71364, 43053, 93435, 22936, 25168, 62874, 36972, 74879, 45765, 75716, 44532, 10569, 53208, 27548, 24128, 38176, 6965, 35480, 60284, 31446, 21161, 63906, 48836, 80249, 75605, 85861, 38396, 84812, 81044, 45170, 11069, 13194, 50785, 55471, 68716, 20243, 90958, 62503, 81586, 40365, 72494, 43601, 98832, 42147, 53685, 98252, 37973, 21435, 80959, 3548, 95890, 88616, 93581, 99866, 1882, 52942, 4185, 54468, 7051, 59706, 81516, 20796, 90571, 29490, 38075, 69178, 69864, 28059, 97134, 74889, 97659, 27150, 33535, 77002, 83013, 1159, 28876, 63299, 93914, 89209, 79275, 69190, 25569, 61654, 26402, 59622, 23691, 18831, 98055, 23098, 40069, 82638, 68788, 23937, 99301, 99423, 90982, 59278, 51436, 40376, 78017, 31753, 91536, 61272, 11102, 73730, 42489, 62691, 67478, 3606, 95858, 80939, 30448, 14879, 36407, 99066, 44440, 10934, 51813, 81406, 28851, 68818, 86948, 95390, 17363, 92444, 78664, 55154, 56095, 49416, 31604, 50833, 58936, 16040, 62485, 31879, 24112, 19756, 12065, 5625, 47004, 33677, 6544, 96106, 29077, 10329, 73168, 92692, 80732, 65079, 64331, 5087, 65186, 31298, 47982, 4553, 4765, 6444, 30731, 41061, 12260, 71347, 51505, 5709, 42086, 80349, 71345, 41068, 96491, 99136, 68797, 27085, 60853, 83643, 38036, 69703, 8650, 85642, 95144, 62104, 47819, 23065, 93710, 32665, 84607, 81383, 49788, 55198, 68735, 69922, 45059, 21266, 8362, 71977, 60706, 87975, 13039, 90790, 75006, 38684, 69500, 26191, 94335, 2410, 79285, 940, 17290, 83650, 82751, 45539, 7360, 10824, 15695, 3855, 30166, 16383, 92832, 16718, 12254, 28609, 4682, 62131, 4669, 12393, 84464, 44205, 71595, 55474, 61284, 26963, 47527, 27553, 15536, 93262, 9792, 58135, 22243, 86499, 53895, 78380, 94178, 15643, 97984, 58743, 62137, 43161, 62861, 3859, 58532, 1992, 77236, 17367, 39674, 26543, 93116, 88051, 23118, 42173, 351, 18662, 86438, 41049, 24679, 73595, 13175, 15789, 42988, 97957, 25208, 88075, 75182, 59881, 15828, 67444, 2890, 31985, 48674, 29442, 5969, 73541, 77151, 65017, 79059, 13202, 31967, 76681, 44617, 1532, 3226, 9362, 15251, 58485, 51119, 86801, 76247, 71870, 23749, 47152, 19976, 22399, 95164, 21000, 81456, 38610, 31686, 9968, 62376, 32279, 32654, 26290, 72302, 33278, 59943, 744, 62103, 64014, 73878, 75277, 51757, 38193, 45760, 29598, 27445, 71854, 35478, 79981, 12498, 10499, 54946, 62288, 90726, 31730, 24120, 8864, 92899, 23686, 49527, 17986, 23566, 37658, 35457, 10677, 20391, 50694, 99476, 68094, 51060, 14989, 78672, 82195, 89858, 42789, 35710, 94317, 40626, 46869, 638, 56854, 51379, 53557, 24483, 41902, 92697, 81256, 61125, 66452, 77514, 73721, 69258, 66324, 89979, 10993, 25442, 87714, 76183, 88626, 16968, 20941, 9620, 32851, 337, 20283, 58597, 47488, 94834, 67105, 22440, 15438, 41629, 39242, 47366, 47518, 46093, 81603, 59587, 92241, 94865, 75454, 94429, 79246, 57049, 42584, 22008, 43295, 5617, 20081, 70956, 82967, 93908, 19066, 13440, 39144, 95010, 11361, 43428, 33310, 87339, 76365, 87724, 50640, 38137, 96745, 7273, 55164, 70299, 60002, 17794, 72528, 19932, 50039, 34137]})"
